random-seed,150709851
conformity-mean,0.508
conformity-sd,0
conformity-distribution,normal
HK-distribution,false
N,1000
boundary-mean,0.3
boundary-sd,0.1
boundary-distribution,normal
SPIRO-mean,1
SPIRO-sd,0
SPIRO-distribution,covert
Identity-Type,global
Identity-Levels,10
Use_Identity?,false
Media-House-Positions,[-0.7 0 0.7]
Run-End-DateTime,04:19:49.044 AM 04-Aug-2025
-----------------
biconnections (agentID1, agentID2)
596,1003
57,1014
198,210
909,1012
498,1004
427,1009
27,1010
169,1017
767,1016
624,1016
77,1008
431,727
38,1007
134,1011
497,764
585,1010
691,1011
231,1005
21,1000
281,1012
223,1009
687,1003
388,1013
650,898
980,1001
453,469
63,369
526,1006
950,1016
161,338
496,1001
926,1013
451,1011
387,1006
533,1006
522,1001
366,1002
316,1014
241,1002
161,1019
897,1004
929,1012
530,1000
279,1014
727,1015
817,1000
480,1009
995,1018
303,1012
123,1016
616,926
624,1019
191,905
413,580
376,708
313,1012
202,1007
595,1016
441,1004
919,1002
966,1004
782,1007
238,1017
529,1011
126,1011
887,1009
568,1000
200,1004
531,1002
421,1018
259,1010
544,1019
97,1006
34,1013
800,1018
410,1012
690,1014
696,1007
146,1005
851,1016
460,1017
412,1019
335,1013
313,388
598,1010
614,1016
163,1012
721,1004
72,645
698,1015
634,1009
549,1004
340,1008
701,1010
682,1007
943,1013
828,1009
435,543
440,1017
991,1009
834,1006
217,1003
657,1017
47,1008
5,168
200,544
744,1000
217,1004
823,1017
375,1018
967,1019
48,1018
262,1016
987,1001
119,192
899,1011
829,1007
905,1002
875,1007
300,1016
856,1000
899,1008
435,1016
900,1003
421,1000
327,1016
893,1011
593,1017
579,1012
357,1016
442,1001
731,956
477,1017
604,1016
901,1001
661,1014
948,1006
987,1015
85,728
940,1017
378,1007
408,1016
550,1018
179,422
780,953
299,1018
418,1004
592,597
236,1010
905,1004
747,1011
595,633
81,1015
663,1015
207,1013
489,1008
675,1015
126,1001
970,1005
60,1006
36,1015
498,1001
875,1002
823,915
261,1006
155,1012
348,1003
389,1014
14,1015
234,1013
450,642
843,1018
684,1008
777,813
185,1012
149,308
612,1016
41,1005
863,1012
98,1000
659,1018
38,1008
254,1008
110,1016
268,1012
215,1010
943,1003
640,1003
909,1015
76,1016
974,1009
464,1010
572,1000
403,1010
829,1013
143,1017
692,1015
848,1006
96,1015
721,1014
541,1003
95,1002
763,1019
754,1004
511,1016
830,1017
400,1002
948,1001
757,1006
30,1006
520,1005
939,1010
686,1017
34,1003
211,1018
771,1005
51,849
624,1001
815,1011
664,1008
101,378
483,1006
344,1016
568,1003
68,1009
177,1013
548,1007
92,1012
59,1001
744,1018
985,1002
200,418
329,1005
10,1012
763,1007
473,637
3,1009
331,617
258,1001
990,1013
3,1008
458,1003
420,1002
323,1016
373,1011
549,1019
1,1015
613,1014
9,1015
106,1019
491,822
616,1005
271,1018
468,1007
313,1008
974,1018
431,1015
939,1006
498,1000
425,1017
356,1017
425,1011
936,1015
8,1016
665,1011
662,764
201,1014
732,1012
460,1004
930,1019
186,1010
529,1004
48,1019
176,765
732,1007
578,1013
112,1015
871,1002
164,803
286,1000
659,1006
289,1018
364,1014
500,1019
883,1019
991,1011
275,1017
555,1018
71,1000
897,1017
161,1018
473,1013
133,1010
254,1001
528,1018
643,1006
849,1001
474,1005
804,1005
127,1005
185,825
688,1017
556,1012
336,1000
711,1017
317,1013
185,1017
862,1017
943,1008
113,704
336,1011
714,1012
669,1007
188,1001
158,1007
40,830
476,1018
470,1001
814,1009
353,368
844,1012
311,1011
790,1014
906,1009
89,1015
800,891
60,800
803,1013
289,1004
901,1014
620,1011
405,1000
760,1015
287,1019
493,1013
252,1009
481,1000
82,170
367,1003
17,1006
291,1000
227,1010
181,1000
917,1003
287,1007
428,1018
317,1015
459,1000
128,1017
80,406
201,202
744,819
699,1009
147,746
74,1002
311,1018
835,1002
29,1004
665,1017
397,1008
698,782
832,1012
811,1009
187,1005
674,1002
934,1005
807,1000
18,1002
82,1004
498,1006
736,1006
311,1014
737,1011
741,1005
718,1010
793,1015
196,1009
410,1006
235,1003
462,1013
44,850
544,1009
176,1004
100,826
779,1019
312,1019
598,999
400,1018
427,1015
800,1012
812,1001
744,808
590,1016
935,1013
716,1009
572,1005
284,1011
769,804
953,1011
418,1003
813,1005
425,1002
755,1002
861,1000
397,1017
283,1009
159,1008
106,479
559,1007
306,472
484,1010
342,1006
431,769
431,1011
962,1007
222,1016
746,1011
755,1004
164,1005
640,1002
256,1016
305,1005
334,1018
396,1014
334,1002
355,1006
615,1006
745,1015
210,1000
490,1014
898,1004
381,1012
396,1008
165,1007
261,1003
91,960
68,472
283,1007
445,1009
682,1006
954,1009
312,1006
562,1016
243,827
971,1006
227,1017
813,1011
203,1015
213,1017
501,1010
571,1002
348,1012
604,999
867,1012
437,1011
538,952
141,1019
168,1005
269,1000
388,1012
480,1014
792,1011
848,1003
553,1005
966,1007
578,1019
71,1013
36,597
484,1002
823,1019
931,1015
522,1019
343,1006
388,1003
19,1009
43,1002
321,691
706,744
98,1018
288,1019
563,1000
438,1018
930,1017
806,1005
7,1012
796,1006
819,1003
773,1014
413,1013
182,1006
826,1014
431,578
717,1003
579,1015
250,782
21,645
42,1007
596,1004
125,1013
286,1019
32,989
932,1003
263,1018
869,1004
146,1000
715,1014
115,1004
26,571
501,1008
368,1016
667,1015
531,1010
183,1008
464,1004
517,1011
829,1001
99,1008
497,1013
535,1017
3,1010
249,405
797,1005
228,1004
215,1014
951,1003
263,1003
6,703
645,1017
508,1002
77,1005
332,1005
528,1016
738,1003
312,1008
999,1014
731,1009
125,1000
810,1016
881,1003
103,1001
645,1009
890,1006
787,1019
650,821
14,1013
609,1016
244,809
516,1006
623,1001
204,1005
250,1017
217,760
528,1005
349,1004
922,1010
349,1001
689,1017
409,1006
327,1008
165,1004
750,1017
592,1005
447,1017
268,1004
412,999
92,1018
429,1005
90,1018
153,1010
38,1005
4,1008
419,1013
982,1007
531,1017
972,1006
115,765
281,1015
246,1015
353,1002
934,1014
118,1009
935,1007
996,1016
480,1017
816,827
790,996
62,1017
864,1002
747,1009
299,1017
643,1000
408,1000
755,1007
634,1006
699,1003
336,1006
982,1012
338,1014
59,1016
276,1007
38,1012
678,1011
666,1006
263,1010
53,1014
716,1017
178,1007
338,1000
276,1002
157,431
318,1006
478,1018
117,1019
898,1012
842,1018
396,1006
992,1018
563,1001
325,1011
137,1015
602,1001
925,1013
141,1011
99,1002
530,1015
272,1015
657,1009
425,1004
676,1004
136,1012
167,493
18,1010
797,1003
757,1018
295,1014
656,1009
687,1013
256,1009
696,744
463,1016
726,1012
301,1004
173,1018
3,679
779,1011
426,1011
991,1010
732,1018
559,1005
245,1012
252,1010
444,1002
212,1001
971,1019
347,1009
32,1009
211,1011
942,1015
616,1016
782,966
441,1001
301,1005
728,1018
569,1014
177,1010
29,1011
836,1005
431,1014
201,650
386,1001
171,1001
331,1014
92,1006
780,1002
316,1002
594,1011
666,1014
364,720
907,1008
227,1005
361,1012
632,1005
741,1011
42,1013
398,1013
860,1019
689,842
658,1000
496,1017
368,1009
780,1001
67,1003
254,1018
460,1003
940,1000
870,1009
192,1008
6,1009
393,1000
914,1002
964,1002
345,1000
640,1013
852,1005
879,1012
152,544
148,426
631,1014
914,1016
707,1005
508,1016
859,1010
935,1001
924,1008
124,584
842,1007
649,1007
481,1019
997,1014
137,1017
911,1005
762,1008
312,750
347,1010
185,1018
339,1007
940,1016
627,1009
821,1014
483,799
599,1019
752,1019
279,1004
226,255
861,1011
0,1015
393,1015
66,1013
60,1002
265,1015
300,1011
429,1019
878,1011
264,1017
566,1005
179,1012
900,1004
935,1009
250,1004
118,1013
645,1016
490,1001
711,1019
389,1010
849,1013
560,1016
938,1012
273,1006
746,1012
43,1017
377,1002
582,1006
498,1012
530,1013
21,481
74,1017
857,1009
261,1019
447,1013
750,1004
294,1003
429,1006
793,1005
279,1003
294,326
781,1018
330,1007
763,1010
436,1002
353,1004
714,1010
982,1000
452,1007
957,1011
421,1013
794,1002
945,1009
371,1018
641,1019
68,1011
362,1018
466,1013
702,1019
37,1004
942,1002
334,1000
590,1013
609,640
394,1006
63,1005
732,1008
898,1014
825,1003
285,1001
607,897
609,1017
118,1012
141,1003
87,1008
611,1011
491,1012
357,1015
840,1012
144,418
717,1006
967,1002
529,1013
209,462
396,627
45,1005
863,1003
91,1015
579,1002
63,706
300,1000
677,1004
150,1015
608,1012
158,1017
598,1000
538,1019
265,1000
828,1003
358,620
122,1016
358,1003
93,1001
420,1008
650,1007
466,1001
632,848
379,1017
519,1014
162,1013
810,1014
426,737
176,1015
40,1005
979,1006
930,1010
703,1001
146,416
375,1016
111,1008
453,1003
553,1008
317,1002
796,1010
132,1004
286,899
623,1015
306,594
144,1014
6,1001
845,1012
140,288
14,1012
708,1001
317,1003
217,389
772,1019
73,1018
213,974
476,1010
655,1018
206,1011
372,1014
837,1008
73,1004
794,1019
24,1004
739,1009
363,506
260,1012
555,1014
735,1013
154,1000
37,1012
89,1018
40,1003
109,1019
71,645
561,1000
31,1017
209,1008
738,1013
197,323
4,1004
225,1005
453,1009
501,1017
494,1014
889,1013
748,1003
958,1004
213,682
895,1015
128,467
360,1019
62,795
159,454
597,1019
719,836
563,661
706,1007
796,1018
197,1001
882,1015
523,1001
915,1007
932,1009
987,1013
743,1006
906,1000
454,1001
199,1018
477,1018
131,1004
404,1010
119,621
131,1002
747,1007
584,1008
311,1009
140,1002
570,892
218,1000
186,1004
434,1004
130,386
113,1012
264,1009
310,496
637,1007
159,1001
610,1010
726,1005
197,1011
362,1007
620,1003
983,1012
63,611
457,1004
319,1009
176,1000
244,1009
870,1007
301,1000
119,1000
848,1002
798,1008
208,1004
159,1007
132,1011
945,1017
260,1011
729,1008
461,1018
969,1019
897,1000
58,1005
676,1012
390,1003
761,1008
671,1001
934,1010
981,1006
179,746
796,1013
347,1011
511,1015
568,1010
371,1012
132,1017
699,1001
485,1005
991,1014
476,1003
645,1003
483,1012
194,1006
850,1017
253,1007
491,1010
963,1019
193,1012
773,1018
741,1003
769,1007
37,1019
144,1008
14,264
207,1008
696,1009
331,1017
341,1019
173,1005
193,1005
701,917
538,1005
251,1002
38,934
589,1012
382,1009
263,1006
748,1018
215,1019
103,1010
183,1003
416,1016
687,1007
147,1004
405,1010
214,1007
837,893
126,1006
148,1017
475,1011
937,1013
551,1016
709,1012
62,1007
128,1003
148,1014
401,1013
618,1001
577,1016
502,1011
46,1013
320,1003
688,1016
971,1016
686,1004
784,1016
371,1006
733,1010
684,1000
811,1010
223,1004
5,1000
71,1009
996,1017
71,1004
915,1006
790,1016
395,1006
936,1003
104,1011
375,544
822,1006
173,626
355,1016
721,1013
705,1007
125,1005
12,1007
889,1010
877,1015
518,1017
456,1019
845,1009
470,1003
385,464
213,217
280,1007
101,1012
938,1002
484,1016
515,1010
694,1010
707,1016
215,1002
196,1014
280,1015
788,1000
256,1006
462,1007
571,919
964,1014
489,1014
790,1004
190,1002
109,1005
151,1003
725,1011
167,1011
261,1004
726,1009
415,1014
778,1016
197,883
165,1018
744,1005
208,1007
293,1003
21,1005
885,1003
653,1002
361,1006
559,1013
754,1016
182,1015
124,1014
199,1016
164,418
373,1008
342,1012
282,1006
40,1012
927,1004
777,1002
691,1006
311,1008
822,1008
701,1005
533,1010
807,1013
615,1012
625,1008
925,1000
755,1008
590,1012
96,1005
630,1003
494,1000
394,672
328,1010
850,1002
635,1007
453,1007
247,1015
125,1006
932,1011
189,1007
192,1010
843,996
349,690
519,1018
10,1011
836,1011
388,1014
544,1006
647,1008
46,1001
424,1003
33,1006
802,1007
768,1003
85,428
761,1014
110,290
64,480
537,610
207,611
622,1017
51,1007
88,1002
915,1016
166,794
341,1015
611,1019
295,1013
63,1017
512,1012
256,1014
140,1017
918,1015
330,1004
102,1011
615,1016
935,1006
310,1012
191,343
217,870
695,1011
605,1018
356,1010
99,1018
454,618
182,1007
980,1005
446,1015
876,1015
742,1015
324,1000
226,746
789,1019
203,1016
53,1019
834,1003
645,751
309,1016
744,759
381,1009
425,1019
896,1005
330,1002
755,1014
593,1018
219,1002
755,1001
223,1003
783,1007
430,935
276,1014
292,1010
801,1004
300,1003
14,1017
545,1002
642,1019
463,474
389,1008
596,1000
404,737
508,1011
599,1010
169,1013
958,1018
969,1013
440,1005
788,1012
401,1001
227,715
716,1006
89,1019
371,607
9,859
500,1004
966,1009
946,1015
174,1000
911,1015
759,1000
40,1007
607,1016
87,1016
47,1007
929,1017
633,866
314,1001
551,674
673,1015
308,1010
167,1012
478,1001
829,1009
292,1006
731,1010
34,995
593,1009
852,1010
574,1012
652,1010
430,1000
76,1003
410,1015
953,1017
359,1009
486,1007
624,1004
179,1011
654,762
77,1013
720,1009
28,276
165,1010
421,1007
34,593
308,1008
512,1013
679,876
408,620
139,402
872,1001
379,1002
818,1015
263,1002
26,1002
37,595
531,1003
486,1006
206,1002
630,1011
85,1005
427,1002
638,743
695,1015
405,1017
227,1019
646,1002
374,1006
118,1003
747,1013
111,362
33,217
774,1019
426,614
685,1001
454,593
763,1013
73,1014
179,683
942,1005
545,1006
162,1017
82,1012
307,400
773,1015
767,1017
315,1000
291,1004
95,1005
655,1015
284,1001
958,1013
551,1015
478,1002
32,1018
47,1002
130,619
362,1005
34,1012
130,1001
567,1011
626,1001
624,1014
884,1005
817,1017
219,1011
681,1011
279,1006
226,1011
818,1019
443,1002
405,1011
170,1005
325,1002
524,782
565,1016
759,1008
8,426
912,1011
379,1016
971,1017
898,1003
368,1002
975,1011
490,1012
936,1002
41,1019
363,1006
616,1001
952,1001
244,928
454,533
423,1001
748,1011
825,1004
895,1004
454,1004
168,1000
460,1010
561,1014
121,1017
697,1009
485,1016
153,363
953,1010
593,1012
762,1019
412,1007
824,1016
543,1018
847,1008
42,1015
707,1000
220,1016
888,1013
18,1014
361,1018
923,1000
343,1019
34,1001
773,1010
221,1004
473,1005
404,1011
260,1005
610,1007
337,1009
58,1000
27,1015
378,1011
221,1015
64,632
718,908
430,1001
671,1005
564,1015
499,1007
849,1018
836,1012
669,833
361,1009
136,1014
708,1019
694,1012
33,1009
715,1007
319,1015
250,1015
979,1007
442,597
440,1012
209,1010
824,1006
785,1007
248,1014
764,1008
126,1019
940,1018
341,1005
247,1014
559,1011
983,1007
360,1008
126,1008
818,1012
592,1015
156,319
283,1017
841,1017
61,1015
369,1003
116,1010
699,1011
398,1007
650,1014
203,1014
315,1004
329,1008
233,542
338,1010
250,1006
88,1009
313,1005
0,1018
190,1014
80,1016
188,1005
848,1015
229,1014
198,1000
8,1001
494,1012
645,754
567,1019
421,1010
544,1008
41,1007
240,1009
95,1018
817,1008
37,350
411,779
476,1008
772,1008
780,1005
941,1005
402,1002
458,1005
71,1001
121,1000
976,1012
556,1018
631,1019
187,1014
608,1002
673,1016
595,1008
63,299
679,1001
866,1015
661,1003
95,748
91,1019
211,1003
104,164
197,351
500,1014
610,1009
434,1008
765,1007
336,1002
682,1012
592,1008
830,1005
854,1015
829,1014
722,1001
174,1012
59,1019
723,872
581,1000
272,1016
209,1017
478,1019
51,1000
406,553
475,1007
14,871
231,1003
309,1012
967,1018
617,1010
63,185
467,1017
823,1008
713,1019
26,1008
143,1007
428,1006
698,1001
673,1018
850,1005
870,1003
304,1006
839,1012
406,1013
701,1000
286,1018
139,1006
774,1008
40,405
413,1000
196,544
606,665
389,1003
221,780
481,1004
226,1008
107,1001
503,1006
655,1000
420,1000
92,668
249,1012
635,1006
616,1019
582,1019
124,1001
169,488
136,1001
890,1013
821,1001
46,1010
242,1016
257,1018
293,1016
266,1004
581,1012
705,1012
32,1013
495,1012
66,1018
31,1001
20,1000
492,1013
993,1017
210,932
670,1018
854,1011
139,1007
392,1017
682,1011
785,1016
934,1017
641,1018
797,1011
176,1013
555,1017
451,1019
919,1018
367,1016
259,1011
548,1016
64,1009
712,1009
272,389
297,1000
900,1016
785,1014
649,1006
921,1001
17,1002
427,1008
334,1015
815,1003
630,1015
657,1014
15,1012
812,1008
612,637
430,1015
3,1005
59,320
83,1005
547,1006
589,1003
471,646
873,1014
302,1003
508,1006
407,1004
773,1007
906,1016
443,1018
530,1008
173,1016
945,1008
220,1007
925,1006
256,1018
263,1001
951,1001
765,1008
112,1011
102,1002
610,1017
18,1011
688,1009
650,1002
644,1014
102,544
48,432
319,1008
971,1014
372,1018
713,1009
416,1015
413,1009
96,1007
26,1003
171,1006
206,1014
693,1003
158,851
99,1000
233,1006
236,426
857,1011
974,1012
694,1017
106,1005
692,1017
906,1007
950,1015
518,1001
187,1013
246,934
72,1012
891,1014
653,1001
350,1006
968,1019
742,1000
77,530
324,1001
826,1019
48,594
911,1003
684,1005
545,1011
586,1008
330,905
570,1007
64,1011
217,1010
431,1000
130,1003
456,1017
312,1012
237,1019
389,1016
249,1008
352,1015
854,1008
267,1018
175,1016
230,1017
196,1008
382,1010
358,1000
788,878
977,1009
638,1007
743,1017
869,1014
107,1015
159,1006
109,121
314,1017
186,1007
280,1000
274,1003
672,1011
911,1007
382,1005
660,1014
149,1000
985,1014
167,1018
101,1017
481,1013
626,1019
184,478
965,1004
636,1014
887,1005
338,1018
549,1016
341,1008
794,1018
182,544
434,1002
841,1015
909,1013
78,124
728,742
822,1013
954,1013
378,931
680,1016
956,1008
216,1004
24,1015
617,1007
117,1017
222,1007
63,1009
783,1006
691,1003
600,738
548,1002
180,1016
456,1012
342,617
797,1002
33,1003
617,1002
161,1006
88,307
688,1014
771,992
482,1006
959,1018
837,1015
409,1005
65,591
450,1006
879,1019
554,1012
740,1013
832,1015
24,1006
884,1006
572,744
507,1018
764,1005
978,1013
870,877
489,1011
698,1006
348,1019
907,969
761,1010
594,1014
142,1003
352,1016
435,1009
403,1006
865,1008
353,1018
225,1004
697,706
234,1003
507,1015
288,1008
740,1016
400,1005
884,1000
438,1000
164,1007
808,1015
631,798
382,1011
278,1011
144,296
74,516
869,1017
762,1003
178,1003
800,1015
601,1015
724,1016
755,1019
332,1013
878,1003
395,1009
533,1018
292,1004
2,1003
395,1003
5,1012
745,1012
52,765
65,819
684,1011
920,1004
158,1014
116,1011
516,905
249,1002
177,1002
9,235
717,1009
493,1015
201,1001
534,1009
350,1010
270,1001
413,1008
895,1019
738,1008
779,1009
793,1014
966,1017
447,1001
68,1003
708,1012
63,813
984,1003
124,1019
711,1012
811,1004
326,1016
801,1009
980,1009
278,1012
119,1012
763,1006
34,1016
734,1013
557,1004
686,1000
916,1005
526,1002
276,1018
682,963
631,1006
244,473
694,1013
783,1016
295,1017
695,1014
599,1002
651,1015
549,1013
502,1019
861,1006
181,1018
184,1000
12,1016
613,1000
4,1014
563,1016
741,1009
142,1004
191,1009
523,1011
995,1010
229,1018
180,1011
516,1009
726,999
525,1008
937,1007
57,1015
38,1018
194,1003
383,1011
655,1001
324,1015
291,1014
988,1017
369,421
931,1019
282,1001
1,1001
148,1010
719,1009
599,1011
142,1011
956,1009
862,1013
809,1017
799,1013
617,1008
614,1008
724,1018
97,426
259,1000
372,1004
538,1008
469,1014
46,1015
357,1019
646,1003
962,1019
472,1000
661,1017
681,1002
18,1005
242,1007
231,1016
417,1002
625,1007
479,1000
85,136
290,1002
119,373
896,1018
976,1010
695,1001
934,1019
519,652
304,1013
513,1012
179,457
326,544
717,1018
236,1002
399,1009
236,1012
917,1006
223,1011
303,1005
386,1010
638,1009
948,1019
218,1003
616,1015
423,1008
204,1010
234,1012
612,1003
726,1011
164,1014
929,1009
976,1015
28,1006
776,1017
745,1006
718,782
938,1014
229,1011
845,1000
427,1011
21,1012
346,1009
519,1017
814,1006
344,1001
924,1003
595,1015
81,1011
492,1018
39,1009
189,1011
876,1003
774,1015
280,1013
197,1006
83,1001
204,1003
914,1017
207,1012
344,1002
61,1016
116,1016
443,1009
741,1008
733,870
224,645
954,1007
289,1000
32,1011
955,1016
167,1013
197,341
804,1000
945,1007
306,362
429,1010
916,1011
327,1018
570,1002
291,1003
39,1000
499,544
178,1019
364,1015
536,1002
962,1011
684,1013
448,1014
44,1001
729,1012
769,1011
419,675
91,1001
354,1011
114,288
669,1006
668,1007
412,677
519,1011
911,1010
828,1018
786,1019
266,1009
234,1011
455,1014
417,1005
315,1003
950,1000
679,1013
639,1005
276,502
12,416
236,1016
101,1013
794,1000
667,1017
379,1013
47,887
947,1015
582,1011
10,563
408,1005
365,1010
343,1015
343,1010
493,1000
421,1014
361,1005
924,1017
288,1009
570,1015
500,1007
871,1009
402,1001
554,1005
544,765
835,1005
645,1000
220,636
984,1014
233,1013
177,1004
172,1004
834,1013
568,1017
74,498
820,1017
567,1009
174,1013
108,1019
593,1002
215,1015
674,1011
499,1001
557,1013
125,1001
377,1003
32,1010
546,1003
116,1018
134,1018
244,511
178,1017
349,1014
912,1019
20,288
125,1008
347,1017
776,1001
121,1007
772,1012
371,1003
469,526
626,1002
297,1012
468,1004
429,473
996,1000
197,867
577,1007
511,1012
762,1011
431,1018
968,1015
404,1016
406,792
21,1007
475,1010
720,1002
954,1010
321,1019
5,1002
774,1001
649,702
622,1006
58,415
762,1001
877,1017
592,1013
233,651
627,1012
117,1005
564,1009
585,1013
944,1017
370,1017
877,1003
728,1010
36,1003
786,1013
751,1004
108,516
543,1016
799,1004
489,1003
454,903
605,1014
240,386
454,1018
733,1011
547,1017
955,1005
572,1019
391,1007
550,1004
158,1016
920,1019
183,1016
727,1008
224,1016
592,1006
59,1002
516,1013
617,1019
240,1001
63,855
408,1010
741,1019
26,1012
740,1008
64,290
921,1003
579,1017
762,1014
318,1010
165,1009
167,1002
743,1002
873,1002
129,1008
955,1017
907,1019
242,244
983,1019
773,1006
371,562
497,1016
125,808
867,1007
416,1005
955,1003
12,1011
701,1014
834,1004
332,1004
7,782
25,1005
577,1013
515,1011
355,1011
392,1006
461,544
828,1007
310,553
231,1013
935,1017
101,1002
171,1007
430,1017
419,1003
160,1014
164,284
225,1016
310,1011
239,1009
634,900
260,1001
989,1007
439,1005
700,1019
827,1014
595,1009
448,1001
578,1000
307,1004
486,1018
181,1013
516,1019
79,1007
909,1001
21,1013
797,1019
594,1000
432,1003
681,1015
729,1004
462,1002
54,1008
165,1015
50,1009
305,1000
23,1007
395,1004
355,1009
398,1008
505,1016
906,1015
881,1019
273,1005
308,1018
244,458
672,1000
869,1016
912,1001
367,982
655,1019
399,961
203,1000
978,1007
389,744
698,1007
365,1000
867,1016
853,1018
918,1003
993,1003
738,1010
407,1007
118,237
270,1018
597,1011
883,1001
183,1005
384,1007
230,1015
363,1007
465,1011
946,1010
785,1009
499,1018
441,1009
389,1017
115,1001
148,1002
920,1009
912,1017
226,1014
114,1012
258,1003
870,1004
227,1003
381,1007
999,1012
815,1009
765,1003
771,1011
629,1012
509,1002
144,1015
982,1005
390,757
85,107
559,1006
721,1001
893,1012
694,1018
607,1014
233,1008
235,1007
69,1005
707,1001
769,1014
33,1007
62,1012
194,1015
80,1009
123,764
574,1004
207,1009
160,1004
434,1013
347,1018
788,1013
986,1016
164,1015
923,1017
4,1006
426,1001
367,1014
63,1002
530,1007
198,1017
77,1003
120,1012
112,1019
266,963
842,1019
324,1010
748,1009
963,1012
69,489
540,599
304,1012
96,1008
672,1005
606,1013
909,1018
777,1011
831,1006
159,1017
771,1006
60,1008
330,1012
76,1007
976,1005
763,769
218,670
252,1017
509,1017
730,1019
566,1008
800,1017
827,1007
846,1016
730,1016
820,1011
198,244
841,1001
584,1014
669,1008
582,1015
226,1019
241,1008
162,1009
368,1017
297,1009
360,1003
898,1018
434,1009
753,1017
916,1006
350,1015
372,1000
879,1010
85,1006
994,1004
425,1009
298,1016
241,1012
45,1007
209,1006
633,645
997,1018
598,1015
664,1015
722,1009
660,1001
181,1007
256,717
808,1012
212,1012
846,1019
112,1001
557,916
237,1018
119,693
896,1007
168,1002
464,1018
70,1016
494,1004
118,881
146,1017
121,1016
665,1018
729,1000
182,1017
448,748
351,1013
789,1003
213,1019
117,420
866,1009
435,1003
915,1012
627,1015
205,1011
803,1015
980,1003
461,881
812,1003
843,1017
988,1014
796,1004
822,1000
22,1013
998,1012
403,1012
595,1002
99,1007
715,1015
475,1004
877,1011
532,1002
107,1005
395,1018
419,1007
483,1002
613,1019
711,1000
224,777
229,733
809,1015
521,1004
510,1017
427,1004
111,1003
655,1008
365,1018
483,1017
782,795
808,1016
816,1012
749,1010
749,1017
123,257
939,1014
150,645
545,1001
509,1010
465,1015
110,1012
573,1018
265,1001
554,1001
761,1007
818,1014
695,1017
192,1013
318,1007
78,1014
964,1013
393,1006
299,1000
130,252
647,1010
977,1004
531,1018
807,1002
879,1011
139,1010
939,1016
268,1006
480,1001
331,1011
7,1002
413,1011
926,1005
244,1003
605,1013
917,1014
277,1014
712,1014
643,1015
922,1019
707,1004
488,1018
889,1014
298,1001
56,1002
789,1005
508,1005
44,1017
120,1008
594,1016
576,1013
217,1006
116,1007
606,1011
405,1012
100,1018
318,753
617,1018
355,1014
599,1017
747,1010
965,1012
267,1008
519,1013
826,1008
834,1012
985,1009
71,197
81,1004
202,1000
368,1015
689,1007
408,1012
678,1016
119,1002
804,1012
70,1013
861,1009
694,1005
53,1018
753,1005
53,1003
352,1004
271,1003
773,1017
944,1003
569,1006
643,1002
260,1000
48,1009
520,1009
166,1005
528,1013
717,1017
325,1015
941,1003
435,1005
164,527
608,1014
206,1000
603,1003
73,1003
354,1010
386,466
728,1012
524,1012
241,1003
323,961
959,1006
244,1014
491,1008
946,1001
544,771
614,1007
713,1015
386,1017
566,1015
169,714
660,1006
963,1005
548,1004
762,1013
403,742
102,1016
937,1017
638,1017
202,1003
422,1003
984,1004
943,983
102,1004
945,1018
787,1017
140,1014
26,1007
524,1017
135,1002
719,1018
49,1001
59,1004
53,1004
860,934
881,1010
875,1014
985,1016
856,1017
56,1016
781,1008
58,1002
805,1007
920,1016
288,397
822,1009
179,1018
619,650
109,1008
532,1012
499,1011
755,931
407,1009
253,1016
897,1001
772,1007
950,1009
806,1006
271,834
240,1011
500,1017
347,1019
333,1016
144,1011
294,1010
183,1002
380,1016
680,1000
366,534
790,1006
742,1003
433,1017
359,1003
941,1013
591,1019
704,1017
402,900
997,1019
769,1010
806,1011
311,1015
362,1013
205,1012
6,1016
568,1006
122,345
844,1013
185,1003
96,1000
605,1004
649,1003
472,1001
666,1002
255,1004
852,1015
389,1007
126,1013
157,1017
945,1010
933,1004
486,1005
568,583
997,1016
444,1018
103,1005
766,1007
936,1005
825,1012
735,1018
197,534
497,1012
41,1003
25,1012
232,1014
563,826
109,1001
935,1010
344,1014
61,1009
809,1009
415,1000
515,1018
516,823
33,1011
824,1008
638,1010
65,1009
118,1017
213,1016
500,1010
302,1007
317,1006
667,1008
635,1015
120,538
744,1002
444,1011
178,1015
629,1010
0,1006
192,303
534,814
798,1005
294,1000
791,1008
274,679
444,1006
191,1007
271,1006
473,1003
14,1010
877,1016
392,1011
828,1011
826,1001
845,1010
537,1009
444,1012
745,1005
757,1016
309,1000
197,1000
95,1008
852,1008
185,837
412,1012
845,1003
199,1002
116,1013
6,1010
112,1017
49,1017
747,1014
290,1000
357,1003
214,1017
612,1004
482,1014
628,1003
929,1007
204,1015
679,1002
78,510
454,634
856,1003
416,1008
839,1002
72,1019
190,1017
805,1000
297,1017
110,1003
877,1009
653,771
742,1002
875,1011
863,1018
705,808
680,1013
318,946
193,1010
307,1002
520,1008
15,1011
813,1004
353,1014
249,1014
547,1016
61,164
123,357
190,596
182,783
401,1017
437,1012
595,1004
851,1010
166,1007
204,1016
669,1009
171,1012
123,1009
30,1018
532,1001
88,1018
543,1007
573,1003
743,1008
761,1001
100,1001
605,1019
573,717
244,1007
515,1016
394,1004
877,1000
98,338
404,1014
488,1011
626,1000
832,1003
192,1019
313,682
213,1003
341,773
221,1003
541,1018
271,1019
90,619
977,1014
224,1012
460,1013
82,1010
83,1011
760,1001
608,1015
241,1001
777,1017
632,1001
441,1003
484,1001
103,1000
710,1006
425,1018
168,1010
350,1000
15,1000
870,1016
364,1013
835,1013
236,1009
336,1019
160,320
94,394
408,1011
934,1012
730,1015
536,1018
344,1015
691,1005
956,1006
521,574
763,1003
212,1010
38,1017
835,1004
361,1002
277,770
897,1002
53,1013
724,1017
594,1012
775,806
670,1009
6,537
803,1018
321,1009
743,1013
291,1015
806,1002
342,1014
114,1015
242,1018
0,1000
545,1012
479,1004
97,1017
574,1017
471,1016
821,1017
705,1011
963,1010
230,1019
806,1012
171,1009
236,1004
724,1002
283,1010
89,1017
22,1005
716,1015
820,1014
429,1009
270,1015
138,538
452,1005
808,1006
894,1012
818,1005
246,1014
487,1013
895,1003
52,1007
50,679
489,516
70,541
9,415
52,1010
516,1007
174,1017
635,1001
25,691
550,1013
889,1011
876,1001
617,1005
811,1001
132,1006
585,1002
118,1007
843,1014
669,1001
247,1011
635,1012
92,1000
668,1009
601,1007
691,1010
357,1009
648,1019
454,990
382,746
264,896
417,1018
897,1012
222,1019
567,1003
238,1001
87,1003
924,1016
813,1018
346,1017
959,1008
542,1003
524,1014
533,1005
191,1003
769,1002
392,1016
547,1015
289,1008
282,1018
65,1005
642,1013
989,1000
816,1007
277,1002
661,890
232,1007
31,1009
192,1015
21,631
657,1000
547,1014
708,1016
826,1011
552,1009
406,1009
509,1013
44,1018
993,1011
388,1018
680,1019
606,1006
164,999
136,1004
508,744
537,1014
573,1000
128,131
211,1015
146,1003
16,1006
592,1001
125,1003
232,1016
29,1005
102,1012
552,1001
725,1005
472,1005
147,1007
110,1002
628,1004
899,1014
652,753
784,1013
135,1007
45,1002
39,1015
485,1006
527,1012
995,1004
329,1011
645,827
696,1011
965,1019
318,1011
527,1010
43,1016
19,1014
818,1010
624,1003
634,1019
669,933
892,1007
334,1007
527,1007
692,1008
570,1006
468,1019
113,1019
307,1010
35,1011
866,1005
123,1019
97,803
41,426
831,1013
175,1018
470,1019
222,1013
40,316
688,1004
730,1012
496,1010
6,1015
537,1017
457,679
36,615
361,1007
656,1014
104,1005
425,1006
612,1015
926,1017
503,566
222,1004
18,1001
810,1018
101,1003
602,1000
770,897
270,744
606,1010
617,782
131,1014
454,1008
127,590
248,1007
645,887
481,744
157,1006
421,744
460,633
293,1011
287,1005
725,1018
79,1014
49,816
385,1010
115,889
639,1001
78,1011
407,645
839,1008
767,1007
323,1010
195,1019
227,1013
341,1006
163,1014
479,1013
5,1014
801,1015
743,1015
511,1006
40,1014
899,1007
392,1018
36,1001
406,1008
712,1016
437,1015
342,1008
277,1003
573,1010
884,1003
999,1019
24,1019
808,1010
603,1001
160,617
318,1013
713,978
490,1009
204,1004
213,999
166,1001
138,1007
33,1014
140,1004
274,1006
312,1002
996,1003
426,447
733,1018
508,1015
8,1019
486,1001
286,1013
337,1019
596,1011
382,1008
442,1018
696,1004
339,1006
2,1014
200,1009
317,696
770,1006
114,1002
679,1012
218,1011
502,1013
190,1015
644,1009
949,1002
472,1014
839,1004
202,1016
755,1006
985,1001
109,1006
627,1011
573,639
661,1010
527,1011
93,1016
895,1014
969,1012
538,1014
484,1005
103,1006
535,1009
916,1004
293,1001
219,534
48,1008
871,1017
10,1013
749,1002
963,1003
813,1002
662,1000
952,1007
806,1017
573,1019
865,1013
484,1013
644,1019
180,1004
418,676
937,1010
900,1012
395,1016
46,1005
104,1018
797,1017
588,1008
966,1010
346,1018
102,1005
866,1003
758,1018
220,1000
609,631
765,1017
894,1010
20,1018
255,1008
305,1009
217,1013
725,1019
41,1001
659,896
988,1002
303,1002
398,1017
168,1011
604,1019
707,1003
444,510
546,1019
260,1003
454,900
363,1011
655,961
122,965
367,1005
312,1007
822,1007
740,1000
1,1017
743,839
511,1014
504,1015
417,916
303,1000
696,1002
351,1007
393,1009
165,1002
393,1017
832,1017
289,790
560,817
386,645
483,1001
53,442
26,544
403,1015
86,286
239,1011
503,852
130,278
405,1003
230,1007
926,1016
873,1018
443,1019
576,970
215,473
600,1009
259,1006
339,583
765,1016
318,1019
702,1013
394,1002
401,1009
267,1013
648,1004
522,1010
909,1008
201,734
520,1003
761,1005
322,1019
637,1009
985,1005
788,1017
843,981
514,1011
932,1007
592,1016
800,1004
0,1013
951,1015
60,386
939,1013
981,1001
85,635
552,1019
644,1003
181,1015
381,544
536,1010
990,1018
544,1001
760,1009
18,1017
515,1002
633,1002
771,1010
352,1008
447,1002
948,1015
775,1009
21,1019
761,1012
379,1014
588,1011
113,1015
261,1015
544,785
105,1004
656,1005
50,1012
901,1003
913,1002
374,999
158,1013
298,1019
401,709
574,1011
887,1017
807,1019
228,1001
536,1013
622,1012
30,772
552,1015
949,1012
673,1002
316,1003
27,1018
914,1008
40,895
798,1011
197,1010
178,1006
657,1005
865,1011
784,1000
751,1007
435,648
388,1004
894,1007
438,1009
600,645
723,1009
76,158
350,1017
738,1000
354,1018
719,1002
532,1009
748,1001
497,1017
201,1019
733,1012
822,1002
354,1016
159,769
120,1011
88,1006
346,1019
139,391
964,1019
861,1010
499,870
144,1016
809,1005
610,1002
307,1005
233,1011
754,1014
208,1015
778,1008
893,1014
97,1010
614,1001
554,1016
902,1013
269,319
218,1018
56,1009
218,325
384,1001
363,1010
722,1018
68,1008
214,626
704,1007
884,886
311,493
287,1012
309,1013
642,1017
661,1005
214,1004
767,1019
197,863
215,1012
626,1005
267,690
291,745
482,1010
796,1005
108,1005
444,1000
385,1014
439,1014
877,1006
578,1004
47,1011
130,1008
657,1002
376,1018
155,1005
616,1014
808,1000
820,1015
368,1000
557,1014
565,1006
369,1011
698,1003
552,1004
905,1003
794,806
759,1002
28,1011
403,1013
27,1005
703,1004
120,869
809,1000
514,1003
342,1011
254,1005
69,1011
47,599
641,1004
324,1006
771,1009
918,1000
888,1001
160,1007
719,766
452,1018
181,1003
831,1012
796,1009
439,1007
185,392
989,1019
173,1006
646,1006
842,978
765,1000
499,1019
57,255
993,1007
133,1002
792,1019
531,1013
802,1014
201,1009
426,1014
989,1017
609,1009
140,645
138,1017
257,1007
373,1003
143,1019
76,1013
173,1001
118,1002
152,1007
271,494
993,1004
459,1010
522,1015
48,1002
194,1002
726,1018
575,1003
806,945
958,1001
286,597
303,1004
24,1002
925,1017
491,860
943,1005
432,1005
877,1018
577,1009
192,1000
12,1014
654,1007
386,550
610,1016
275,1007
814,1004
906,1006
729,1014
179,1000
721,1012
466,868
503,1014
528,1014
239,1001
780,1014
970,1010
725,1006
725,1001
93,1012
832,1006
235,1002
504,1017
891,1017
841,1009
49,516
100,1019
991,1012
770,1007
277,1018
337,1000
238,1005
989,1011
320,1012
337,406
544,999
862,1012
412,1000
184,1002
371,826
772,1006
578,1017
219,1015
240,1015
59,1012
295,1016
64,1016
214,1001
740,952
764,987
483,1007
250,1011
88,1010
722,1016
356,1003
64,1019
803,1006
349,1005
276,1005
437,740
916,1016
409,1002
656,1010
168,1013
420,696
732,1017
130,1017
640,1009
460,1002
513,1003
322,1002
558,1006
77,1007
846,1007
397,1019
518,1009
842,1015
145,1002
363,1000
87,1005
632,1004
939,1018
114,1005
33,1012
638,1014
591,1004
6,1019
264,1011
326,1005
767,1018
100,1010
427,1012
49,286
957,1015
644,1001
728,1011
367,1019
55,1003
372,446
265,1006
80,1013
870,927
63,1006
416,1003
991,1007
968,1010
112,1014
483,1018
479,1017
136,1009
752,1006
422,1011
166,1018
960,1019
132,458
256,1007
24,1018
466,1008
209,1001
25,1002
79,1006
246,525
511,1004
289,1001
54,1010
27,1013
744,1011
598,1009
677,1003
319,829
295,1004
101,1000
631,1008
144,1017
737,1010
830,1009
313,1018
610,1006
665,1019
468,1016
801,1014
32,1012
669,1003
596,1005
245,665
571,1003
575,1012
767,1011
749,1014
923,1003
882,1006
388,1009
487,1000
369,1006
375,1014
188,1018
962,1004
794,1016
231,581
410,1000
191,1008
454,682
706,1018
786,1006
885,1002
665,767
601,1016
454,1010
514,1007
476,1016
992,1016
609,1013
170,1012
689,1011
362,946
850,1014
0,354
781,1006
109,1011
209,1003
895,1013
800,1002
851,1014
637,1000
683,1013
147,583
3,1012
374,1002
996,1009
950,1011
456,513
492,1004
844,1004
109,1018
392,631
724,1012
626,1016
823,1003
817,1005
633,1013
406,1019
37,1005
260,1017
133,1008
606,1000
632,1009
679,1000
889,1019
717,1001
863,931
814,1000
482,1007
456,544
558,1011
242,1019
582,1001
912,1018
190,1013
372,568
248,1002
71,1015
486,996
611,1008
487,1004
654,1004
35,1001
134,1009
115,1014
946,1002
683,1001
824,1015
981,1011
795,1011
462,535
958,1017
122,1008
188,1002
90,1007
106,1004
982,1015
797,1010
134,213
739,1019
652,1018
458,1013
735,1010
52,1009
581,1005
902,1014
245,1017
69,1000
825,1001
836,1014
959,1001
254,383
430,1003
188,279
811,1003
520,1017
988,1018
805,1017
650,1004
407,1015
380,1002
162,1000
645,973
82,1018
786,1010
744,1010
250,1002
236,1018
898,1017
271,948
869,1019
200,1003
599,1016
37,1003
923,1002
279,1019
84,1003
818,1007
358,1011
690,1007
874,1013
594,1015
508,1000
733,1003
151,1007
700,1004
187,1001
228,1010
108,1011
199,1000
155,1000
401,935
882,1011
618,1006
780,1008
53,1000
332,1012
105,1000
113,963
913,1008
661,1001
40,1004
872,1010
454,1000
542,1011
482,1004
450,1004
987,1002
763,1001
254,1010
568,1004
77,1019
226,1016
389,1004
438,1003
730,1008
314,1012
150,897
550,1014
269,1002
373,1002
412,1004
777,958
145,1006
466,1014
174,1002
901,1018
866,1006
370,1018
512,1017
808,1011
29,1003
762,1016
293,1017
468,1005
654,1005
87,310
639,1012
798,1010
439,1016
477,1016
431,1019
109,1015
144,1010
27,1008
30,1015
93,1013
636,1002
84,1005
942,1003
637,1004
975,1016
217,774
821,1006
708,1010
11,1008
597,861
16,1000
758,1002
46,1009
580,1003
589,1019
945,989
315,1006
36,1005
359,878
41,1015
564,1012
757,1009
376,1009
476,1017
831,1009
335,1003
502,1014
59,1017
577,1002
924,1006
661,1019
114,1006
488,1010
200,1000
194,1004
409,1013
428,1012
383,1007
214,1008
905,1015
311,1016
864,1003
776,1015
606,1001
640,1016
449,1015
340,1006
791,1016
361,1015
556,1011
703,1015
223,1013
348,1011
509,1015
370,1009
672,1002
29,1019
412,1015
78,944
781,834
793,1004
415,1013
886,1019
175,1012
174,1011
924,1005
513,653
196,1017
129,1004
11,1004
227,744
922,1005
131,371
144,1007
246,1010
200,552
729,1001
432,1013
278,1018
807,1004
398,785
76,574
13,1018
424,1018
703,1012
430,1002
26,828
143,1018
837,1019
459,1006
363,1009
617,1006
619,1010
98,1005
651,1000
827,1002
783,1005
487,1014
688,1000
125,1014
699,1004
41,825
371,554
631,1002
381,1017
405,1008
377,1005
40,215
88,115
348,1010
59,1011
908,1007
296,1002
867,1005
40,1016
851,1005
431,1007
737,1016
107,1018
951,1006
88,1008
982,1004
627,1018
670,1002
105,1001
777,1013
649,1014
334,1016
497,1005
598,1003
45,1013
479,1003
381,1014
132,1012
322,1007
614,1010
313,1010
38,1009
757,1017
211,1016
540,1009
439,1018
356,1009
546,1009
263,1014
87,1012
217,1008
491,983
37,1007
289,1011
192,255
623,1013
894,1013
206,1009
377,597
940,1009
197,746
139,213
203,502
418,1016
5,1009
571,1009
514,1005
548,1013
866,1017
45,1000
382,1014
949,1018
241,1016
403,1003
591,645
90,1014
960,1006
154,1005
736,1009
238,1000
842,950
757,1013
205,1003
440,1000
127,1018
163,1019
928,1013
603,1004
115,1010
844,1014
625,1005
45,1001
700,1002
246,1005
461,1006
337,1004
776,1010
598,1018
760,1000
290,1009
844,1005
367,619
679,892
438,1005
443,1008
316,1007
908,1013
635,1011
877,1012
721,1007
810,1017
63,661
673,1000
143,1001
746,1013
455,828
759,1010
93,1003
410,1011
195,1011
737,1012
318,1014
692,1016
725,1010
870,1000
528,1008
298,1017
268,1000
341,1018
91,358
623,1011
333,1011
934,1000
302,1017
161,1009
976,1017
786,1007
527,1015
603,1005
374,1013
164,335
734,1003
287,1003
25,1009
34,1005
798,1001
654,1006
546,1000
640,1015
995,1008
673,1001
13,1019
808,1019
7,1018
844,1008
37,1002
121,565
453,602
403,1008
302,771
901,1015
146,1018
454,1019
470,1000
398,863
119,1003
383,1003
374,1011
415,1016
258,1019
630,1012
946,1011
102,1000
947,1007
535,1019
180,1005
255,1010
913,1013
210,1007
984,1015
955,1015
243,1002
508,1018
408,442
118,1008
64,1014
25,1014
79,1016
30,1014
259,532
495,1009
304,1010
691,1008
233,1002
149,1003
706,1010
726,1013
627,1013
458,1012
465,1009
395,1019
359,1015
517,1014
625,1013
606,1008
979,1016
644,1018
186,1014
496,1005
690,744
925,1010
138,1005
470,1005
903,1016
657,1016
212,228
231,1007
967,1015
979,1004
436,1015
394,1018
979,1003
141,516
310,1015
842,1014
780,1019
381,1002
547,1018
123,1018
674,827
193,1019
305,1003
744,1006
255,398
898,1000
691,1001
303,1007
408,782
346,1005
991,1002
394,1001
305,1013
884,1008
870,916
622,1007
239,885
775,1011
979,1005
637,1013
808,1017
938,1015
779,1013
878,1017
66,1006
486,951
808,1005
692,1013
35,785
908,1005
420,1013
137,1019
625,1009
70,1017
441,1002
200,1015
817,1001
478,1016
264,562
480,748
249,1011
26,1015
450,1002
471,1002
643,1013
775,1003
16,1019
388,1006
191,1002
648,999
639,1018
247,1008
420,983
117,1018
320,897
290,1014
283,1011
120,595
260,1004
760,1008
787,1013
522,1004
378,1006
104,1010
556,1017
993,1008
286,1006
518,1018
897,1009
987,1018
71,89
490,605
190,1019
308,1001
496,1003
845,1019
920,1010
714,1004
292,1001
105,1002
865,1016
898,987
455,1009
584,1012
947,1013
287,1017
518,1011
253,1009
433,1015
284,1009
905,1019
985,1013
68,921
670,1011
530,1011
882,1004
329,1015
397,1009
849,1019
885,1019
909,1003
946,1004
747,1008
422,1010
417,1017
380,1012
710,1012
291,1013
289,333
72,1016
669,717
541,1019
985,1017
49,1015
274,1007
123,1003
388,1005
617,801
584,1006
308,1000
166,235
81,1003
726,1010
745,1009
927,1011
417,1013
369,1001
893,1004
903,1004
963,1018
687,719
930,1000
739,1004
767,974
663,1006
108,1010
372,645
452,1008
579,1010
506,1010
280,1006
461,1008
239,1018
85,1012
840,1010
987,1008
207,1018
151,1015
491,1015
757,1012
886,1014
218,1008
528,1017
716,1007
149,1017
666,1016
362,905
984,1008
250,1012
965,1007
464,1016
970,1018
399,1012
857,1015
523,1006
429,1015
933,1001
307,1011
759,1019
358,1012
748,1006
804,1019
734,1002
332,1019
525,1002
80,1006
19,1017
114,655
861,1015
124,1000
949,1016
644,1010
899,1010
708,1002
232,1011
218,1001
723,1007
270,1004
515,1004
603,1010
245,1002
612,1014
151,1013
494,1019
340,1002
858,1018
489,1007
770,1004
213,1008
887,1013
276,1009
166,936
68,105
328,1000
769,1000
158,1012
512,1008
279,1008
826,1013
312,1009
840,1017
528,861
68,1000
479,1007
519,1001
370,1003
138,161
847,1014
791,1011
245,1009
603,1000
19,1007
967,1005
89,1002
424,1010
838,1002
696,827
641,1002
552,1000
384,1005
560,1008
278,1016
686,1009
505,1010
511,1011
178,426
72,1013
305,1002
714,1017
256,1003
739,1015
943,1019
994,1017
370,848
347,1016
867,1002
233,1014
380,1008
404,1009
806,1003
188,1003
646,1019
984,1019
295,405
369,1008
13,1013
441,1019
536,1011
229,1013
749,1004
932,1014
23,1004
100,858
927,1003
717,868
116,1000
221,1013
869,1018
744,887
882,1007
466,1012
334,369
477,731
420,1010
249,1007
847,1009
721,1000
978,1015
13,263
414,1009
931,1010
386,1008
975,1000
701,1003
869,1012
789,1013
328,1009
83,1013
962,1006
147,1015
756,1015
677,1008
496,1018
765,1019
856,1005
81,1007
612,641
11,1017
653,1013
723,1017
248,1017
374,1008
970,1015
742,1011
14,1001
90,254
792,1007
92,1019
181,1002
773,1009
42,1017
892,1006
595,1006
925,1019
215,1000
164,316
660,1010
371,1011
729,1003
739,1016
967,999
238,1012
327,1005
598,1013
759,1007
634,1011
646,1009
510,1006
97,1008
285,1008
988,1012
198,1012
26,583
108,1012
80,1004
882,1019
768,1000
732,1000
213,1014
575,1001
68,1007
612,1013
987,1016
43,133
493,1011
472,1016
64,1017
296,363
277,1000
895,1008
348,1013
695,1006
158,734
58,731
737,1003
427,1006
76,1008
799,1019
785,919
433,493
716,1004
547,697
517,1007
976,1000
335,1017
960,1004
885,1014
705,1009
197,1004
125,645
505,1014
451,1006
63,1019
830,1001
73,1000
851,1002
880,1003
252,1008
548,1010
717,1010
873,1011
699,1008
419,1018
789,1010
57,1012
491,1013
645,720
213,1015
471,1017
242,1013
480,1018
116,530
534,1000
811,1002
503,1010
953,1015
391,1002
625,1002
411,1009
485,689
61,1011
146,1019
715,1019
128,1004
301,1011
143,1004
363,712
533,1013
936,1006
71,1008
154,1016
827,1008
857,1007
152,1019
530,1002
754,1012
380,1019
269,1013
487,1007
993,1002
418,1001
272,457
145,1015
757,1007
596,1010
24,1003
403,1017
535,1003
841,1008
903,1009
116,1003
585,1019
962,1002
716,1014
545,1017
684,1015
880,1016
966,1002
563,1005
703,1010
862,1004
487,1001
94,1003
156,222
219,906
799,1010
746,1018
817,1015
667,1009
186,1019
876,1000
526,563
655,1017
731,1013
659,1009
185,1008
444,1014
663,1004
637,1002
858,1008
983,1016
324,1018
608,1010
581,1002
699,1007
473,1015
998,1003
520,1019
947,1004
737,1002
675,1007
315,1016
454,498
470,662
601,1002
957,1004
509,1009
28,1002
517,1005
229,1009
222,568
19,762
72,213
461,1014
871,1013
513,1010
846,1004
56,1007
826,1006
802,1004
621,1004
159,1015
66,1009
696,955
5,1008
903,1003
408,1017
398,1003
90,897
621,1009
28,1015
760,1018
473,664
203,1017
371,1019
938,1003
571,1018
473,1010
999,1009
837,1010
295,345
290,666
139,1011
534,1007
157,531
390,1010
9,1007
500,913
994,1006
212,1014
346,1000
139,925
246,364
162,1003
234,1008
256,760
411,1018
923,1007
817,1016
132,1001
119,1013
176,254
428,1003
146,1006
105,1016
792,1015
679,1016
132,1007
902,1008
277,1007
845,1006
232,1008
998,1006
480,1008
700,1011
27,209
233,1004
198,1010
907,1004
830,1012
143,744
576,1011
107,1000
780,1017
755,1017
641,1007
219,1007
911,1002
763,1016
194,1009
645,690
397,1018
216,1002
824,1011
372,1015
443,1006
676,1018
891,1000
266,1008
20,1017
678,1013
246,417
51,946
570,1003
336,744
376,1008
581,988
204,275
603,744
163,1003
921,1019
886,1012
347,619
370,1014
654,1019
274,1014
918,1019
435,1014
403,647
318,1001
630,1001
677,1002
384,1008
926,1018
408,1008
593,1003
176,1010
864,1008
916,1009
860,1007
976,1014
478,1000
318,1017
978,1016
507,1007
283,1016
703,1005
354,1015
4,1015
374,1005
767,1005
780,1018
714,1013
103,1008
217,1016
384,1006
244,1006
586,1004
722,1012
578,1014
758,1012
227,1015
295,1010
273,486
332,1010
622,695
795,1004
648,1017
760,1012
583,610
951,1002
370,1012
160,1002
763,1002
200,1008
567,1007
943,1010
253,388
732,1006
720,1003
704,1016
532,1005
859,1015
663,1016
810,1003
110,1006
442,1016
421,1005
400,1004
328,1013
711,1008
581,1015
293,1000
308,1007
2,1007
386,909
637,1014
187,1006
475,1008
30,1002
308,1009
584,1013
135,1001
395,1010
484,1011
422,1005
901,1004
587,704
911,1017
585,1005
742,1016
501,1003
740,1002
361,1011
917,1016
145,1000
247,1001
436,1004
850,1003
273,1017
166,1017
5,639
459,1017
138,1002
426,1012
663,1010
595,1017
203,931
875,1012
770,864
104,1016
688,1018
16,1009
905,1008
460,1007
14,1008
157,1004
426,864
946,1017
508,1013
531,974
19,1016
408,1019
236,1019
851,1006
976,1018
138,1013
154,1002
43,1012
870,1008
207,1011
94,1011
847,1013
249,1005
612,1011
427,1013
809,1003
85,1013
791,1002
556,1006
178,1011
462,1000
666,1004
666,1000
831,1001
1,1013
596,1016
767,1004
671,1013
350,1002
607,1010
907,1017
855,1000
97,1002
79,1001
354,1017
452,1016
683,1016
579,1004
163,1018
452,491
683,1003
806,1007
53,533
719,1006
50,1002
906,1004
939,1001
857,1005
396,1000
142,1017
574,1002
451,1007
316,1001
61,1017
582,744
586,650
972,1003
28,1018
950,1014
402,1005
700,994
15,1018
343,784
149,1019
264,1004
267,1007
400,1010
559,730
500,547
629,1008
208,1009
534,1016
988,1001
211,1002
83,1016
151,1004
92,1016
404,1018
254,870
3,10
419,1002
342,1005
225,1013
153,1000
966,1018
366,1004
262,1014
426,961
175,1011
829,1018
876,1009
888,1008
356,1004
874,1003
412,1011
307,1015
959,1011
206,1004
967,1006
51,1013
82,1007
52,1003
75,1019
126,1005
859,1006
630,827
131,1000
280,1001
562,1000
320,583
456,1015
374,1015
11,1013
267,1016
571,1006
152,1017
250,1007
898,1009
899,1017
805,1013
515,850
186,454
192,1004
687,1002
85,880
699,1013
781,827
110,426
43,1014
994,1003
992,1010
113,1009
608,1018
957,1005
840,1000
240,1014
572,1018
653,1009
335,1004
900,1000
712,1000
100,1016
244,1000
480,1007
128,1005
289,1015
437,1016
985,1015
338,463
132,1009
713,1018
553,1017
535,1011
284,1005
24,1017
566,1011
507,1019
119,1007
51,1010
990,1014
226,1010
432,486
95,1013
484,1000
482,771
209,542
861,1007
670,1004
466,545
836,1000
264,1010
595,1010
305,1007
113,1005
265,1019
869,1015
4,1000
297,1015
839,1014
171,1008
98,1014
570,1017
978,1002
766,1004
419,1017
42,1001
342,1019
904,1000
556,1019
389,1000
742,1006
854,1019
534,1011
479,1019
175,1005
322,1008
146,1011
514,1010
481,1017
568,1014
938,1018
562,1006
439,1008
163,359
394,1010
636,1018
30,1013
404,1008
460,1018
600,1008
334,1010
573,1012
529,1015
336,1010
613,1003
107,1008
186,1006
166,1003
290,1006
943,1009
637,1019
165,1013
693,753
941,1012
971,1002
43,1009
406,1014
169,1006
873,1003
870,1010
452,1013
125,1002
292,1009
698,1013
862,1019
793,1017
106,1017
537,1005
729,1019
794,1005
938,1011
23,1012
401,1000
310,387
294,1019
716,1019
144,1006
767,1009
102,1010
133,1006
524,1007
764,1002
245,1010
684,1003
330,1013
53,1002
960,1009
340,1000
77,1016
12,1015
15,1010
707,1017
566,1013
710,1001
931,1018
450,1017
493,1018
14,1011
136,1018
687,1010
968,1004
526,1014
188,1012
973,1001
213,1004
93,1008
344,1009
203,1006
105,1009
943,1015
771,1007
522,1011
675,1017
450,1000
135,631
531,1011
822,1010
920,1006
650,1005
617,1009
266,1007
232,1004
29,676
584,1011
623,1002
226,762
858,1015
588,1009
665,1006
176,1017
158,1006
745,828
363,664
191,1011
104,669
287,1011
292,1015
298,1008
852,1004
265,1011
133,1013
94,853
992,1002
122,1004
90,1008
337,1002
474,1019
581,1001
848,1014
5,1010
321,1010
521,1009
476,1000
94,232
395,1002
308,1016
104,720
46,1006
163,1017
212,892
343,1012
553,1001
476,1004
656,1006
116,1017
392,1005
135,1006
121,1010
630,1006
345,1017
998,1001
823,1013
488,1004
349,1016
155,1007
8,1008
958,1010
910,1014
472,1004
62,1011
217,761
367,1013
475,1012
182,844
307,1009
590,1006
744,923
774,1010
726,1008
119,794
180,1006
49,1013
509,1016
327,733
373,1015
765,1002
238,1011
470,1012
233,1007
48,1015
568,1015
186,1017
918,1013
129,1019
0,944
38,712
755,1003
694,1000
700,1017
651,1004
971,1018
139,1017
80,1001
919,1004
429,1013
204,1008
662,1011
113,1001
622,1005
62,1004
654,717
763,1004
874,1012
746,1017
997,1007
591,1012
429,761
869,1010
622,831
329,1001
516,1015
702,1012
156,1006
380,1009
838,1007
514,1008
191,1010
110,473
91,1018
282,1010
523,1013
302,1004
55,1005
318,1008
253,1012
88,1014
50,1003
733,1002
569,1005
863,1010
261,1010
27,1012
255,1001
284,1012
362,1011
798,1015
669,1013
579,1011
853,1004
518,1000
954,1008
599,1013
4,465
655,1003
876,1004
851,1003
166,1013
470,717
485,1001
970,1007
811,1014
135,1003
927,1009
338,1003
484,1012
840,1014
922,1014
614,1009
336,1009
2,1002
689,901
705,1010
573,1017
262,1011
982,1002
263,1017
141,1010
815,1008
457,1019
80,1007
653,1006
194,547
835,1007
148,1008
228,1007
429,1002
304,1011
446,1004
351,1005
807,1005
7,1015
176,1014
641,1003
563,581
766,834
299,1012
189,1006
161,782
245,1014
927,1013
328,1008
832,1001
503,1018
632,1017
640,1018
628,732
756,1016
458,1014
743,1007
709,1002
558,1003
331,1013
758,1011
611,984
840,1008
47,1012
677,1019
339,1001
879,1004
650,1001
647,1004
935,1004
567,694
145,598
57,1006
257,1017
296,1013
133,1005
652,989
516,1012
138,1010
86,1009
407,1000
163,1001
744,959
974,1011
724,1015
393,959
635,1019
77,1001
728,1005
427,1003
885,1010
770,1009
116,1002
914,1013
184,1019
842,1004
731,1005
46,197
245,1001
160,1011
238,1019
604,1013
521,1015
696,1019
601,1013
933,1005
871,1010
181,1019
516,1010
249,1001
693,1005
278,1013
740,1001
923,1008
848,1013
690,1013
420,975
202,1002
355,1007
119,841
1,1019
988,1006
825,1006
544,755
401,1014
387,1007
545,1015
874,1017
494,1005
629,1004
525,1001
642,1015
401,1018
153,1015
489,1015
207,1010
177,1009
694,1015
781,1014
336,1015
836,901
637,1018
527,777
598,1005
396,417
408,1007
751,1000
546,645
155,1010
574,1009
438,1002
564,1003
665,1013
540,1006
47,1014
294,1002
20,1006
291,1009
771,1008
197,1018
971,1012
624,1011
743,744
939,1017
141,1004
782,827
597,1010
688,1008
178,833
428,1005
733,1007
367,1015
967,1009
693,1017
715,1004
703,974
24,1016
685,1017
996,1001
860,1004
74,1019
128,1002
83,1000
448,1018
955,1001
840,1018
216,1019
483,1014
196,1019
431,1001
678,1010
313,1002
227,1018
701,1012
169,782
100,1014
565,1008
396,1002
276,1010
539,1014
405,1015
368,1013
715,1002
678,1002
86,1008
484,1015
417,1012
494,1017
459,537
598,1019
108,1002
196,1012
885,1015
240,1003
88,1019
619,1016
551,1018
908,1002
591,1011
768,1004
273,1001
876,1010
473,1016
454,1014
107,1003
275,362
666,1015
686,1011
781,1016
229,1017
174,1019
943,1001
906,1005
320,744
802,1012
617,689
855,1006
392,1002
48,574
919,1001
674,1000
146,1013
170,925
26,1011
198,1016
600,1001
775,1002
731,857
301,1007
192,906
745,1017
60,1011
58,1001
199,1017
425,1007
360,550
2,1008
946,1000
734,1016
294,1014
234,1006
947,1000
595,1000
158,763
293,1015
777,1014
173,302
456,1006
788,1008
956,1010
341,1016
915,1002
99,1017
781,1013
168,1016
93,1005
279,686
792,1002
555,1013
30,685
376,1002
986,1008
141,1012
455,1001
308,1004
101,1011
291,645
230,727
858,1001
487,657
765,1015
846,1001
834,1005
38,1016
189,1017
488,1013
152,1005
343,706
618,1014
392,1012
885,1009
299,1014
429,655
245,1019
824,1009
759,1004
446,1019
28,477
84,1009
120,1001
52,1018
259,1009
752,1008
426,588
14,1005
732,1001
204,268
752,1010
863,1014
680,1006
457,1008
586,1006
444,1017
891,1012
120,1016
784,1005
745,1013
772,1004
747,1018
833,1011
887,1002
22,1001
175,1007
197,880
90,1012
594,1009
811,1007
545,1008
454,897
606,1015
268,1010
654,1018
948,1018
146,1015
907,1001
24,1008
18,1016
226,1002
554,1000
64,547
825,1014
85,621
534,1002
389,911
491,965
842,1006
85,698
248,1019
511,1002
782,847
411,1005
70,1010
236,1014
686,1012
554,1014
362,693
93,782
993,1010
259,1008
134,1019
489,1016
794,1004
404,1002
634,1012
76,1019
370,1013
194,1016
169,1009
681,999
319,1016
942,1014
582,1008
99,1015
934,1016
454,1012
192,1005
333,1010
964,1015
353,1005
567,1005
110,1011
426,648
770,1001
597,1014
607,1018
106,1007
731,1017
543,1010
807,1011
355,1005
230,1008
132,1003
589,1007
601,1019
491,1019
972,1001
139,1019
831,1004
566,623
486,1009
986,1001
625,1017
132,1015
1,1002
8,431
775,1016
97,1015
952,988
943,1016
685,1010
772,1011
866,1018
712,1007
179,1014
127,1010
645,1002
213,558
742,842
130,1015
780,1004
85,1008
234,1009
197,1012
897,1007
236,1001
122,179
362,1014
816,1003
134,1007
907,1011
27,1014
293,1005
263,1008
582,1010
585,1015
397,427
299,1004
870,1005
330,1011
315,1002
433,638
81,744
189,1016
353,1012
379,1006
395,587
863,1015
879,1006
128,1019
920,1007
172,1005
105,1013
545,1010
260,1019
505,1017
907,1014
658,1003
59,938
295,1006
429,827
782,1009
56,1017
779,1004
111,1018
729,1010
623,1019
461,1017
804,1013
867,1000
210,1017
550,1008
581,1004
361,362
771,1002
848,1017
540,1015
749,1006
819,1008
751,1008
433,1000
832,1014
42,1019
383,1001
549,1014
590,1010
385,1007
494,1016
884,1019
714,1002
278,1005
541,1000
536,1012
252,1005
546,1011
841,1013
606,1009
402,1009
757,1015
940,1011
987,1003
127,312
10,897
900,1002
437,1017
307,1003
208,1005
43,1000
659,1012
76,1018
867,1014
892,1014
447,850
958,1015
98,118
734,1008
711,1004
404,1015
575,1016
366,1016
633,1017
244,1011
433,1013
425,1015
253,1010
466,1019
220,951
135,1015
958,1006
544,1003
299,808
290,1017
518,689
926,974
536,1009
915,1010
646,1001
788,1006
490,1015
4,1002
109,217
366,1014
505,1001
969,1008
427,1016
106,1011
148,1013
156,1016
101,1005
103,322
602,1015
43,1011
950,1001
661,1013
709,1001
131,1012
575,1008
858,1011
512,1009
485,577
572,1013
848,1009
90,1009
803,1011
382,1017
770,1019
124,245
790,1017
9,178
883,1014
346,454
215,1009
307,1012
345,426
48,473
461,565
531,1014
61,1019
479,1001
143,1014
237,1001
605,1005
400,1017
493,1001
441,1016
746,1002
93,1014
513,1000
573,1013
385,1006
509,1001
668,1017
557,1010
518,1002
396,1004
656,1018
209,468
864,1004
230,1013
603,1018
696,1010
277,808
465,1019
973,1016
171,1000
81,1018
502,1007
455,1012
262,1002
178,1010
847,1012
188,1007
91,1013
665,1016
740,777
988,1015
166,534
169,1012
5,1017
199,327
570,963
391,1018
732,1005
362,1010
563,913
333,1004
828,1006
470,1018
697,1010
428,1010
37,1013
631,913
27,1001
882,1005
918,1017
377,1004
500,1005
4,1018
510,1010
141,1007
535,1018
312,1000
658,1006
529,1003
875,1006
496,597
305,1016
158,235
818,874
575,933
806,1004
855,1002
184,1003
528,1003
612,1002
950,1012
344,1010
861,1002
463,1012
482,1015
311,1003
296,1015
501,1011
345,1003
587,1002
939,1003
681,1000
197,644
299,1001
415,1004
274,1004
954,1004
274,1002
689,1012
435,1000
769,1013
633,1012
800,1006
360,1013
994,1000
588,1016
8,249
40,1002
279,1002
705,1006
39,1007
168,1006
881,1012
983,999
699,1006
641,870
766,1009
725,1014
459,781
117,927
392,1003
661,1008
913,1010
636,1011
414,1002
610,927
753,1011
223,827
489,1009
814,1005
190,1018
259,1003
407,897
597,1015
696,1003
959,1007
328,1018
657,692
474,513
211,1000
199,1019
622,1013
615,1000
371,1005
160,1012
183,1011
160,1003
69,1014
869,1009
316,897
583,812
269,1019
27,1007
498,1002
423,1015
918,1005
137,749
981,1019
146,1014
972,1015
774,1016
92,1004
114,1011
137,1013
230,1004
750,782
329,1012
663,1009
741,1018
4,1019
220,1015
641,1005
559,1010
530,610
538,1016
904,1003
166,1016
442,1017
29,1006
473,1018
451,1017
785,879
788,1015
228,1000
405,1016
736,1014
265,1007
348,1007
149,1009
636,1017
815,1007
49,1011
975,1006
990,1000
381,1016
808,1014
810,1002
740,1011
544,847
652,1017
146,594
184,637
114,1004
521,1013
432,820
536,1007
789,1009
298,703
621,1005
738,1012
364,1008
298,916
671,1000
663,688
924,1018
341,1000
532,1000
517,563
65,619
901,1010
421,838
502,1008
679,1006
614,1003
110,1001
763,1008
413,1019
558,1014
500,1002
550,1015
211,1010
143,1012
580,1005
251,1006
95,1009
97,1012
242,1014
167,1000
927,1005
328,1016
193,857
32,1002
626,1003
721,1008
923,1015
647,1012
38,1004
350,1005
440,1014
179,197
367,1011
80,665
199,211
424,1005
324,1011
59,1015
43,1010
266,1006
82,1017
284,1014
968,1014
505,1013
23,271
79,538
833,1010
520,1012
740,1018
544,884
818,1004
135,1011
93,850
329,1003
67,1013
17,1017
129,1018
587,1004
949,1014
168,1009
676,1019
79,740
32,687
151,1016
225,1019
806,1001
376,1013
184,1016
345,1009
860,1006
600,1017
787,1011
676,983
260,1016
990,1004
243,1015
95,426
404,1004
471,1004
308,1019
569,1011
703,897
154,1003
978,1017
317,1010
762,1012
930,999
369,561
856,1019
801,1017
331,1001
450,1008
759,1001
228,1015
587,1015
758,1019
698,1005
753,904
795,1003
859,1007
504,508
30,1003
180,1018
702,755
820,1000
220,1010
865,1014
219,1006
604,1017
232,1000
440,1008
355,516
888,1007
757,1008
934,1001
197,289
989,1005
255,1006
326,582
887,1012
312,782
560,1014
383,1004
916,1019
202,1018
507,1006
225,1014
444,561
338,1005
786,1018
242,1012
815,1018
272,1005
237,1015
199,1011
393,1008
499,1008
786,1011
947,1018
756,1019
787,1012
338,1007
779,1012
17,1015
742,1019
25,1000
116,1004
680,1018
627,1014
852,1007
919,1013
392,1008
448,1011
484,645
391,1006
308,610
423,1014
252,1000
528,1002
259,1012
441,1015
491,1003
540,1012
508,1012
73,1006
285,1007
860,1012
812,1002
478,1003
52,1002
291,1010
293,905
509,748
935,1000
608,1019
295,731
596,1014
49,1014
367,1017
568,1008
679,897
319,645
524,1018
695,1002
35,1002
382,1015
446,1014
355,1002
238,1003
920,1014
744,1014
79,1004
648,1009
524,1008
969,1003
243,626
120,1015
670,1001
170,1008
524,1002
998,1016
58,1010
301,1001
689,1006
542,1019
927,1017
909,1010
445,1011
147,1003
548,1014
94,594
455,1007
90,1004
113,1011
101,312
458,1009
702,1000
540,1018
502,1016
752,1002
551,748
625,1014
538,960
138,779
104,1009
415,1010
146,1012
729,1011
753,1019
309,1002
355,1013
604,1006
452,1012
833,1012
471,505
24,1011
567,1010
820,1003
981,1017
217,1019
983,1018
16,105
887,1006
106,1013
957,1013
588,1000
125,901
629,1002
564,1017
613,1007
726,1019
77,1009
869,1013
834,1016
129,1012
743,1004
755,797
989,1012
603,1011
422,1017
273,1012
913,1011
503,1004
534,1004
89,1001
450,1014
288,1004
950,1008
446,1000
607,1011
941,1011
850,1007
869,1000
462,1014
944,1018
438,1017
630,1019
995,1016
147,310
119,1006
50,1008
625,1011
920,1001
29,1002
257,1009
323,1003
489,1013
705,1017
853,1006
22,1008
428,1017
156,1002
136,300
861,1014
764,1000
753,1000
553,1003
335,1008
41,1014
62,1002
203,1009
18,1004
741,1015
954,1011
585,1009
454,604
164,1018
701,1007
869,1008
387,1008
837,1018
205,1000
148,1016
786,1016
657,1008
199,1007
354,1008
666,1019
860,1014
632,1015
317,1017
585,619
238,702
912,1014
669,1019
308,1002
309,1005
749,1013
724,1008
820,1004
290,1008
920,1005
68,1002
142,206
163,1000
9,702
111,1000
216,1017
819,1017
198,1011
849,1006
81,291
695,1004
575,1013
907,1002
179,1003
54,1006
134,1006
748,1010
389,702
868,1005
779,1014
424,1011
272,1002
198,1006
849,1005
35,1008
479,1015
142,302
13,26
421,961
387,1009
684,1007
123,216
86,1005
353,1003
133,1016
629,1007
317,1004
955,1009
65,1018
390,1008
584,1018
280,1005
802,1016
208,619
355,1004
615,1007
947,1005
139,1005
32,1015
241,1010
184,1013
614,1006
259,1001
324,1017
160,1001
342,1010
441,1006
136,1011
258,1013
525,1003
294,1004
868,1018
349,1000
932,1017
714,1006
242,1015
811,1008
121,1012
340,1011
112,155
889,1004
947,1019
143,1009
253,1013
481,1015
739,1006
856,1018
914,1010
215,1004
397,1011
849,1016
775,1018
105,1008
225,1012
729,1018
611,1005
860,1017
66,645
969,1006
981,1002
429,839
155,1006
371,1004
177,1003
921,1002
169,1001
373,1000
615,1010
253,1005
103,1002
306,1000
319,1017
958,1011
652,1000
231,1001
649,1001
882,1008
131,1001
140,1013
226,1013
147,1005
724,1013
278,1017
490,1000
163,1005
689,1001
967,1008
596,1002
829,1011
156,1001
929,1003
858,1012
722,1013
684,1014
830,1015
465,1014
924,1019
702,782
625,1003
774,1005
800,1001
780,1016
451,1004
932,1013
950,1005
792,1017
453,1001
757,1000
886,1003
295,1012
875,1013
456,926
458,1002
519,1009
109,1016
359,1004
567,1015
287,1014
357,1008
385,1017
192,1018
419,828
796,1007
545,1014
292,1019
832,1007
945,1014
823,1018
746,1000
686,1003
467,1005
145,1001
76,1011
679,1015
119,631
34,1008
445,1012
179,958
350,1011
879,1008
547,771
246,1003
925,1012
954,1017
54,1015
116,613
437,1014
254,1014
561,1008
124,1003
481,599
456,1008
677,1015
2,1011
365,1012
790,1018
804,1009
608,1000
210,619
15,1001
526,1010
195,645
252,1012
485,1015
37,1010
934,1018
19,1006
969,1001
282,1011
767,1014
419,1004
668,1012
73,1015
339,1014
882,1000
317,1014
467,1016
496,522
575,983
690,796
176,1006
913,1009
618,1009
895,1016
843,1004
125,1015
831,1008
671,1006
223,843
273,1016
606,1018
619,782
401,1004
409,1018
178,1012
645,1015
597,665
64,155
214,1000
482,1003
964,1006
386,1004
830,1014
233,1016
529,1014
628,1009
505,1009
431,1016
342,1013
952,1004
961,1009
193,1007
100,1002
253,1003
961,1000
633,1019
858,1003
994,1011
709,1011
217,1018
568,1007
858,1013
558,1010
896,1011
287,1013
347,1005
186,1016
746,1001
361,1019
697,1001
539,1001
860,1015
633,1011
516,906
141,1009
541,1004
125,759
298,1006
139,1012
990,1012
910,1001
58,1012
528,803
562,1002
138,1004
129,1003
673,1019
119,1014
722,1014
434,1017
256,1008
410,1016
876,1007
76,1002
69,1008
560,1010
107,451
175,1003
603,1012
592,1000
738,1017
818,1000
61,1010
843,1015
680,1003
396,1007
310,464
893,1018
72,1014
585,1016
456,1002
360,1004
237,1005
521,1018
354,1009
674,1005
783,1010
505,584
912,1015
961,1016
78,1000
197,747
60,520
716,1018
104,1007
652,1002
201,1017
403,1001
975,1007
131,1011
62,1006
129,1009
120,342
503,1013
179,1013
718,1007
838,1010
678,1012
67,1017
906,1013
871,1001
518,782
309,1003
639,1019
739,797
217,931
525,1010
697,1017
393,1005
186,1011
418,1010
277,1015
426,747
82,1009
65,1012
717,1002
365,1003
49,1012
135,1008
594,1007
41,1017
766,1005
481,1012
897,1011
530,1016
510,1018
954,1016
777,1003
556,1008
864,1018
532,1013
946,1006
724,1011
454,630
824,1018
257,1019
562,1009
658,1019
709,1007
342,1002
689,1014
822,1012
12,746
929,1001
519,1010
340,781
271,1011
10,1001
339,1003
585,1014
995,1017
358,1007
437,1013
709,1015
854,1006
72,1001
793,1012
385,1011
683,1007
433,1019
104,1013
821,1019
841,1012
323,1013
196,1003
732,1019
656,1007
991,1013
557,1012
993,1012
952,1017
548,1019
225,1017
462,1016
111,1011
51,1006
122,1011
53,1007
948,1013
653,1015
691,1014
734,1017
69,1003
764,1018
956,1013
69,217
12,1017
910,1004
642,1018
802,1005
390,1011
577,1005
284,1006
633,1005
958,1019
28,1009
959,1005
810,1015
55,909
615,1005
547,1012
197,1008
607,1013
192,1001
251,1015
701,1013
972,1013
371,1009
668,1001
872,1017
789,1017
119,1017
704,1002
766,1008
432,1009
912,1008
239,1010
524,1001
188,1013
551,1004
560,1017
837,1012
447,1012
178,1013
288,434
57,1001
470,1009
40,929
973,1010
428,1016
961,1017
382,1007
946,1016
86,1018
979,1002
461,1010
479,1018
60,1004
848,1005
150,1001
721,1019
431,1004
164,919
283,1012
274,1010
268,1007
967,1004
570,1000
807,1012
662,1008
873,1016
253,1008
191,1001
757,1010
228,508
176,1019
373,1017
805,1014
119,524
340,1015
290,1011
369,1009
885,1012
149,1008
32,1006
174,197
78,1006
204,1017
506,1008
619,1000
884,1012
459,1003
358,1006
275,1015
768,1012
439,1017
871,1005
93,426
843,1013
648,1015
380,1006
115,1005
670,1016
613,1004
954,1003
748,1004
451,611
380,1000
740,1007
903,1001
563,886
280,1014
881,1016
286,1014
925,1015
703,985
479,974
477,1008
235,1009
637,1011
543,1013
484,1017
890,900
560,1009
250,1019
434,635
949,1013
995,1011
720,1004
228,1017
408,1018
943,1014
201,1000
328,1015
763,1015
687,1017
340,1004
885,1004
136,1015
351,1006
908,1014
306,1015
612,1000
908,1004
628,1019
152,1002
564,1004
731,1003
498,1011
98,1009
356,1008
95,1003
679,1009
421,1012
54,1004
323,1004
570,1010
463,1002
193,1000
155,1017
331,436
248,1001
119,580
497,567
635,827
197,1014
506,1003
800,1000
275,1011
327,1012
489,1010
999,1003
772,1010
724,933
339,1018
937,1005
705,1016
131,1019
72,1004
462,1004
906,1002
216,1003
332,1009
265,1004
699,1016
926,1007
55,1014
31,1011
276,1012
322,1011
88,964
167,1008
653,1012
313,1019
494,757
474,1017
504,658
743,1016
821,1005
201,789
872,1008
81,1000
395,538
927,1019
192,1012
328,1003
676,1007
959,1019
927,1008
985,1006
782,1015
570,1005
986,1006
953,1007
21,1010
544,605
505,1008
594,1006
649,1018
198,1013
0,1004
561,1004
539,1012
681,1005
438,1010
362,1008
175,1002
668,1019
284,1004
748,1016
379,1019
107,1006
639,1016
364,1000
459,1018
77,1011
454,1006
522,1013
352,983
125,1019
735,1003
93,1006
946,1018
16,1011
3,1004
18,1013
412,1009
661,1015
94,1008
384,1013
31,1014
5,1004
503,1000
786,1005
278,696
326,454
370,1008
413,1012
573,1008
297,1016
31,1018
320,654
872,1003
272,1011
873,1004
182,1001
548,1006
42,1011
658,1014
559,1008
122,1000
434,1015
84,1012
881,1008
59,1000
601,1014
481,1008
358,1013
251,295
799,1003
175,915
207,422
69,1010
853,1007
443,1014
380,619
398,1018
401,1006
490,1008
726,1000
692,1009
38,1000
647,1015
654,1014
518,1019
913,1014
433,1004
831,1003
206,1018
237,1017
215,1008
559,1000
94,1013
231,1009
819,1009
154,1014
843,970
308,1012
924,1009
583,1017
186,1003
183,1012
73,1013
477,1011
485,1003
457,1005
517,1004
995,1019
831,1016
702,1011
42,1014
21,1008
596,1015
648,1006
279,1010
752,1009
343,915
594,773
73,1007
903,1014
353,594
157,1014
912,1006
843,1009
277,1019
896,1000
961,1002
223,1019
445,1019
282,1008
362,1012
780,1000
750,1003
138,1011
437,1006
948,1010
969,1005
503,1011
442,1011
359,1000
281,1001
721,782
445,1014
956,1017
89,1013
296,1006
889,1016
151,1006
216,1008
304,1007
40,816
811,1019
124,617
751,1012
340,1007
843,1010
302,1009
129,1017
203,1013
241,1009
845,1011
472,1002
87,1000
865,1000
646,1005
823,1004
702,1005
198,1014
192,1002
253,994
872,1005
535,1010
160,1010
189,314
975,1019
445,1002
214,1018
53,471
150,1019
706,1002
354,1000
138,1001
586,1005
544,716
379,1008
75,1003
836,1008
869,1003
668,1011
567,1018
629,1015
829,1008
707,1010
906,1019
92,1003
994,1007
229,332
853,1012
119,782
960,1008
544,948
87,1014
59,1010
414,1010
817,1010
819,1012
829,1010
710,1015
509,1019
197,520
310,1002
927,1015
675,1001
650,1000
80,1003
15,1006
847,1011
103,1013
735,1008
940,1001
455,696
173,1000
286,1004
499,1015
203,1005
642,832
241,1015
672,1007
236,542
389,1005
440,1018
922,1008
987,1009
458,1007
293,1013
744,850
45,1006
355,1018
765,1001
50,1011
708,1000
167,911
14,1016
583,1018
510,1019
379,1018
561,1007
392,1010
273,566
471,1018
174,1010
356,1006
49,1009
795,1017
501,1000
670,1010
771,1016
213,551
582,1012
537,1008
3,1002
187,1002
377,1015
873,1008
231,454
605,1002
528,1010
182,363
990,1005
758,1008
541,744
751,1019
576,1005
460,1000
17,1016
431,1013
503,1012
331,1002
852,1011
736,1011
321,1013
181,968
272,1006
273,1013
77,1000
301,678
85,1003
374,1009
293,1018
505,1003
911,1001
890,1008
942,1011
182,1016
946,957
153,1011
610,1014
396,1019
400,1014
474,1000
949,1017
461,1003
201,1007
288,1005
464,1002
601,1012
861,1004
26,914
108,1013
216,1013
714,1007
781,1009
852,1012
881,1006
54,1017
729,924
634,1016
590,744
288,534
497,1007
511,1019
437,1003
972,1000
193,1013
490,906
92,1009
467,1009
845,1005
243,1009
975,1013
606,1012
322,1005
148,1009
681,1013
889,1009
381,1003
659,1015
559,1015
699,1005
128,1015
226,668
647,1009
37,1008
405,1002
217,1009
238,1006
298,1012
424,1008
235,1000
736,1016
791,1003
710,1019
991,1004
672,1019
316,1005
675,1004
507,1014
296,1016
52,1000
239,362
26,1019
506,1017
944,1008
718,1019
379,1010
81,1010
224,1015
263,1019
327,1010
431,1005
231,1015
32,58
705,1000
326,1006
349,1019
883,1010
416,1018
759,1016
888,1009
668,808
935,1014
856,1006
54,1001
290,857
220,1018
544,741
966,1012
432,1018
227,1004
700,1009
251,1007
291,1008
177,1016
743,1018
918,1014
416,1017
62,1008
39,1006
411,1004
479,1002
925,1016
224,1000
930,1015
681,1001
350,1003
43,1008
55,1001
981,1009
689,1010
196,1002
413,1015
685,733
986,1010
44,1014
664,1017
856,1001
137,1008
198,1008
944,1019
18,766
575,688
98,1002
687,1011
138,1016
266,1000
924,1004
247,1017
760,1011
710,1018
986,1014
860,1002
225,1002
488,1015
97,1016
854,1004
278,1010
352,1000
261,1013
381,1008
165,524
905,1014
135,1018
693,1008
269,516
897,1018
916,1007
547,1013
944,1016
578,1012
386,796
945,1003
236,1013
970,1019
360,701
656,1003
804,1017
644,1000
42,1010
189,1003
897,1003
828,1010
978,1003
98,1016
673,1008
564,1014
419,1008
226,1009
25,1001
429,999
98,953
72,1018
249,1006
138,344
130,947
586,1014
875,1019
430,860
23,1014
467,1014
822,1015
774,1000
368,1012
452,1019
796,1002
688,703
990,1010
688,1007
916,954
668,1005
111,1016
180,1008
285,1019
512,1002
950,1018
586,717
136,1016
985,1010
557,1018
23,1018
507,1016
816,1019
76,1000
661,1000
827,1005
607,1000
500,1003
210,1003
735,1014
177,1000
278,1019
462,1019
618,801
96,244
844,1016
768,1010
54,1013
334,1014
100,1005
505,1006
236,1011
957,1018
537,1019
700,1014
40,286
657,1011
713,1005
326,1017
711,1014
350,985
23,1009
563,1009
27,1000
982,1018
257,1015
376,917
176,696
83,1009
471,1003
979,1009
782,1012
793,1019
413,1002
640,1005
820,1012
384,1000
500,1000
659,1000
711,1007
18,1015
206,1008
17,1004
103,1015
460,1012
228,961
19,900
347,929
504,1010
609,1012
25,1017
174,1014
762,1006
819,1006
487,1006
342,1003
921,1013
239,1005
258,1008
464,1013
432,1012
596,1018
659,1003
283,1001
296,1019
323,1006
350,1004
576,1001
698,1016
244,1004
527,1003
174,1001
240,1012
896,1010
310,1009
432,1017
94,183
736,1003
182,1009
832,1018
785,1013
947,1012
196,665
675,1009
648,1007
320,1017
754,1013
547,1002
718,1015
795,1010
840,1006
372,1001
334,1004
664,1014
338,1011
706,812
602,1017
731,1012
172,1019
689,1003
800,1007
310,420
526,1004
63,782
489,1000
885,1008
471,1013
858,1002
13,1014
224,1014
985,1018
93,1004
389,1001
363,1017
326,1018
656,1001
173,316
414,1012
426,1016
87,1015
487,1016
63,1007
214,1011
782,1010
344,1019
795,1014
665,1010
82,1003
707,1015
715,1016
310,1014
766,1010
468,1002
500,1012
417,1006
776,1016
784,1007
820,1008
610,1013
386,976
265,1005
744,1012
831,1000
147,1019
295,1002
217,1014
318,1015
22,1014
867,1004
49,1005
39,1019
180,1019
197,426
97,1009
553,1016
158,1019
41,1010
530,1005
945,1004
754,1003
21,1011
663,1013
621,1008
543,1005
121,1003
709,1017
452,1015
498,1008
747,1012
749,1000
287,961
938,1007
388,1007
427,1018
516,1014
99,1014
69,1018
977,1015
941,1000
894,1016
270,1008
860,1009
673,1009
251,1014
204,1011
339,1015
857,1014
144,1013
510,1012
574,1001
555,1002
962,1008
238,1007
604,1001
626,1011
565,1010
646,1014
531,1007
9,1005
542,1002
386,732
605,1003
247,1002
5,345
549,1003
781,1010
127,1006
195,1006
735,1005
94,371
203,1001
372,939
700,1000
318,1018
197,921
464,1006
907,1005
364,951
998,1014
795,1001
426,717
479,1010
847,1004
243,1001
406,1002
623,1017
480,717
705,1018
843,1019
880,1017
459,1015
257,1014
158,1015
984,1002
580,1010
924,1002
199,934
518,1005
997,1013
582,1014
644,1004
870,1012
589,633
237,1004
845,1018
813,1017
983,1011
434,1011
262,585
546,1017
88,909
905,1005
895,1000
250,556
314,1015
894,1003
678,1000
71,772
150,1013
549,877
602,1019
280,1008
476,1019
618,1010
238,1014
475,1006
366,1007
564,1013
421,862
620,1004
467,1013
975,1003
210,1016
444,1007
900,928
412,684
562,566
473,1012
640,1014
891,1016
105,380
418,1002
119,1015
61,1014
493,1007
76,1009
355,1003
745,1016
557,1017
285,1003
302,1008
407,1013
224,1001
7,1010
473,1001
847,1000
777,1015
715,1006
704,1005
445,696
703,1019
999,1001
607,1009
896,1015
913,1000
586,1013
647,1017
999,1005
531,1015
588,1002
776,1013
661,1002
677,1012
711,1010
579,1008
809,1008
900,1009
304,1005
823,1010
163,1013
592,1010
485,1009
807,1009
481,670
56,1019
764,1001
388,534
539,1006
18,138
243,1007
878,1015
13,1011
740,1004
570,1013
8,764
924,1001
781,1000
280,1003
826,1007
963,1017
194,1010
517,1016
804,1015
759,1009
973,1002
831,1007
787,1000
632,1016
706,1011
880,1005
778,1003
338,1015
172,1007
175,1019
10,1009
405,490
33,1013
401,1012
281,1014
819,1014
912,1013
847,1016
507,1005
992,1008
885,1017
717,1019
664,1018
902,1005
375,1000
969,1014
13,1009
751,1002
403,1018
689,918
61,1003
712,997
904,1004
726,1015
627,1002
889,1005
199,1006
642,1000
863,1017
268,1001
436,1008
157,1011
972,1017
870,1017
957,1012
974,1016
691,744
153,1009
204,467
887,1015
230,1000
702,1003
424,1015
781,1001
0,1009
771,1019
257,1012
290,1003
425,1016
155,1014
911,1006
939,1009
807,1007
599,1004
887,1001
381,1018
883,1008
702,1016
306,1014
541,1005
984,1011
966,1019
864,1007
615,1018
682,899
413,1005
419,1012
257,1003
310,1005
312,1015
251,1013
846,1014
634,1007
470,1016
145,1012
91,1000
36,1000
907,1013
627,1007
575,1017
158,1001
325,1006
664,1013
356,1013
649,1016
606,1016
211,1012
61,1018
722,1005
771,774
673,1006
435,1013
422,1009
287,467
70,1008
815,1005
339,1002
240,1004
866,1019
358,1001
474,597
256,1004
138,1003
922,1009
299,1013
45,1016
230,1002
22,217
85,896
332,1006
617,1004
922,1007
563,1003
212,1002
636,1009
791,1009
418,1017
422,1014
380,1001
357,1005
371,1015
269,1006
516,1005
249,1015
943,1004
499,1002
499,1017
265,1008
111,1017
874,1001
451,1014
46,1000
340,1005
617,1014
851,1015
303,1015
635,1004
33,1000
358,426
325,1012
908,1006
74,105
86,1013
248,1006
162,744
632,1010
655,1007
332,1014
47,1017
288,1014
785,1015
257,1001
844,926
249,1018
559,920
522,1008
349,1009
673,1017
605,1010
13,1016
12,727
709,1008
127,1019
671,1007
211,1001
412,1013
155,1015
354,1019
296,1018
279,1011
189,1012
651,1003
385,1000
898,1019
355,1001
783,1017
58,1014
490,1016
88,426
996,1011
818,1013
48,1000
808,1007
366,1019
294,1011
109,1002
221,1019
337,987
371,1002
447,1009
805,1018
633,934
581,1018
166,1015
497,1004
299,1015
471,1001
439,1013
495,1001
597,1008
88,1017
721,1010
281,446
618,1008
97,217
826,1010
773,1012
362,980
331,1007
591,1018
945,1013
47,1016
248,1018
703,1006
685,1008
156,1007
639,1015
629,1011
718,1009
521,1001
768,1016
977,1000
512,1018
237,1011
317,1016
251,1008
848,1001
125,1009
299,1002
530,1010
400,1019
575,1019
185,1001
639,1014
479,1011
1,296
663,1000
634,1010
26,1000
465,1007
75,1004
808,1002
187,1011
832,1013
400,1016
219,1003
300,1007
75,1007
842,1017
424,1012
745,1014
9,1019
288,1017
21,1001
378,1018
558,708
104,1012
83,1003
7,1008
129,1007
51,1019
940,1013
745,1007
60,1003
951,1016
732,1015
595,1018
840,1016
88,1003
747,1016
383,1008
527,1018
334,1009
245,1013
898,1010
851,1013
506,870
429,1001
634,1004
785,1005
897,1013
214,1016
545,1004
149,1006
936,1001
739,1002
522,1006
417,1019
285,1002
441,516
702,1006
996,1018
555,1003
247,1005
267,1015
649,1010
769,1009
214,1002
197,1005
301,1016
231,1010
666,1011
705,1001
68,1012
641,1001
743,1001
896,1016
936,1007
98,1008
663,1001
838,1018
486,1011
144,1000
849,1007
946,1013
533,1007
72,1010
280,1018
244,1016
795,1016
58,1015
988,1008
733,1017
262,1007
629,1005
213,1007
383,999
78,563
756,1017
492,1010
492,1019
786,1009
436,1010
194,1017
77,1002
220,1002
254,263
647,1018
538,576
711,1018
526,1011
621,1002
68,1010
399,1019
836,1003
835,1000
778,1010
276,1003
302,1019
571,1008
866,1007
215,1005
273,1009
369,1004
295,1019
626,1008
146,746
897,979
488,974
171,1004
90,1019
430,1005
242,1006
294,1007
928,1014
642,1012
640,1019
33,1018
702,1010
384,1002
187,330
591,1014
678,1003
446,1016
127,1001
310,1003
426,1002
340,1013
73,455
97,1019
645,857
12,1006
926,1014
876,1017
701,1001
221,1016
186,1005
683,1010
193,1002
406,1005
583,1015
645,1018
795,1008
597,1002
87,1019
727,1003
955,1007
232,1010
928,1002
878,949
609,1010
992,1015
91,1003
9,362
459,1007
332,1007
700,1001
796,1003
34,1015
983,1000
853,1002
800,1013
461,847
89,1004
374,1019
856,1002
548,1015
807,1017
768,1007
759,1013
545,1016
624,1008
720,1014
164,495
386,1011
836,1009
632,1012
533,1000
496,1004
968,1012
153,1006
187,1019
384,1004
17,1001
166,625
325,1009
690,724
461,1004
592,1011
660,1015
879,1000
683,1005
723,1001
446,1006
987,1017
179,459
972,1016
221,652
39,77
923,1011
979,1017
261,1000
278,434
632,1014
346,1011
606,651
994,1009
182,1008
82,1013
22,1003
458,1016
272,807
424,1001
350,1007
886,1001
97,503
202,1015
578,1002
55,782
412,1010
300,1017
5,755
562,1003
604,1004
875,1015
888,1003
167,1014
988,1013
17,38
426,793
622,1001
682,1008
210,1013
409,1019
214,1015
740,1010
248,1004
950,1004
608,1017
530,1001
916,1008
722,1000
343,1004
316,907
251,1005
947,1017
115,1018
678,1018
98,1006
426,619
161,1013
293,1012
779,1006
151,1009
107,1010
778,1015
468,1012
543,1017
915,1018
756,1001
305,1006
234,1019
498,1003
391,1011
38,1013
631,744
437,1001
273,1010
186,1008
534,1014
202,1004
0,1005
375,1017
575,1007
757,1001
152,1015
649,1009
260,1013
66,319
707,1008
239,904
636,1004
292,1016
838,1004
551,1011
957,1019
945,1001
708,1018
851,1017
102,1017
135,1019
925,1002
320,1007
860,1001
401,1016
434,1007
247,1004
183,1019
961,1004
246,1012
545,1013
566,1006
351,545
818,1011
986,1015
318,1005
427,1010
492,1011
867,1013
364,1007
192,1014
616,1000
725,1008
335,1015
258,1010
333,1006
590,1004
305,1019
11,528
860,1011
416,1019
995,1013
234,1004
525,1018
665,1015
544,798
908,1000
262,1019
802,1019
138,1018
474,1006
521,1005
374,1014
961,1013
698,1017
173,1012
275,1010
468,1014
866,1004
513,1013
496,1013
523,1019
699,1010
10,1018
832,1019
620,1017
474,957
80,1015
873,1005
2,1006
150,1006
572,1003
85,141
93,1007
194,1019
543,1019
915,1000
440,928
221,1010
701,1015
184,1005
910,1000
970,1013
216,301
311,1012
46,1012
750,1001
337,528
316,1016
934,1011
633,1000
507,1011
801,1005
758,1014
813,1016
759,1005
409,695
209,1000
645,1019
270,1005
845,1017
561,1006
400,1012
169,1019
254,1019
41,1009
367,1009
375,1002
180,1012
613,1008
558,1019
450,1013
511,1013
904,1002
191,1012
145,1003
461,1016
142,1016
649,1000
386,946
182,239
69,1004
335,1002
497,1010
910,1010
687,1014
458,1015
100,1013
771,1015
297,1001
58,1019
565,1014
817,1018
297,1013
73,1019
453,1011
65,1015
365,1009
211,1013
674,1003
379,1004
327,1019
407,882
754,1017
228,1019
827,1006
165,1016
433,1010
64,1015
208,1019
179,1016
953,1012
854,1003
415,1017
993,1005
621,1014
571,1013
858,1010
623,1012
961,1006
164,1011
747,1003
493,1010
699,1015
590,1002
751,1018
253,1017
750,1011
834,1019
481,1018
597,1006
627,1005
368,1014
911,1008
359,1001
540,1004
336,1013
909,1005
410,1009
252,1015
903,1005
590,1019
814,1007
596,1013
660,1003
829,1016
83,263
214,1003
714,1001
208,1014
339,782
285,460
174,1009
569,1008
889,1017
510,829
971,1007
426,744
801,1000
448,1007
935,1002
555,683
25,1003
393,1016
302,785
304,1002
49,413
368,1010
537,1007
534,1019
538,1011
836,1018
84,672
129,1010
767,842
399,1016
249,1013
501,1009
596,1012
437,1008
501,1001
1,1010
298,1002
485,1017
983,1008
746,1016
563,1004
143,1016
297,834
422,1008
592,1012
705,842
910,1003
937,1004
679,1010
113,1014
481,1006
247,1006
834,1011
672,1015
584,1016
535,999
971,1003
211,1017
153,1017
292,1013
56,1013
838,1013
326,1015
627,1008
324,372
758,1015
406,1017
707,1009
869,1011
774,1017
886,1004
798,1016
760,1006
337,1006
588,1001
926,1010
544,1016
33,961
667,1005
316,1009
9,55
472,1013
216,1007
696,1015
273,1011
514,1000
190,1012
715,1000
519,1002
162,1015
454,472
440,1003
517,1010
438,1013
383,1000
586,1003
906,1001
26,1006
563,1012
731,1014
140,1009
428,1015
282,1017
732,1011
394,1008
576,1014
584,1017
105,536
753,1016
836,1006
257,1000
851,1007
921,1000
714,1014
338,1006
436,1011
365,1001
784,1001
509,1003
929,1019
653,1011
406,959
503,1002
295,1011
548,1005
831,1005
214,1010
667,1016
55,1015
525,764
242,1004
840,1003
188,1009
513,1005
936,1019
381,1019
401,1008
61,1008
164,882
645,999
276,1011
794,1012
738,1009
24,1007
176,1001
454,979
762,1018
720,1001
275,1002
446,1005
78,1005
306,1011
720,1019
777,827
61,1004
493,741
238,1004
760,1003
480,1000
50,1004
20,1011
6,1018
272,1008
302,1018
65,1001
593,1005
827,975
204,1000
42,420
229,230
597,1000
974,1001
258,1018
438,1015
204,1013
848,1004
423,1003
802,1013
33,1005
30,1011
995,1014
540,1001
199,1008
394,1019
881,1007
171,1017
637,1006
32,1004
7,1019
681,1004
640,1000
391,1015
1,1006
497,1008
685,1016
629,1017
133,1009
361,1008
751,1010
692,1018
694,1001
592,1003
641,1006
855,1014
745,1002
38,184
901,1013
417,688
12,1003
691,1009
928,1007
76,1005
532,1016
39,1003
580,1008
656,1015
146,1009
163,1006
938,1000
683,1000
160,809
853,1001
801,1018
442,1014
180,491
690,1008
758,1016
234,1005
515,1019
617,1016
665,814
852,1000
933,1019
854,1000
265,1012
966,1016
453,1002
722,1006
74,1014
455,1016
464,1003
923,1001
448,1006
797,1016
898,999
502,1005
166,694
645,1005
327,1009
292,1017
967,1017
710,1017
323,1007
928,1018
691,1018
409,1015
790,1002
480,1005
106,1006
159,1004
538,1002
773,1000
97,1007
627,632
182,1003
947,1011
411,1007
484,1008
643,1008
538,1013
963,1006
975,1005
448,1017
873,1010
387,1005
552,1007
313,740
752,1015
280,1012
106,1003
469,1006
230,1012
546,969
222,1012
551,744
675,772
467,1001
423,1000
40,1019
417,641
464,1009
794,1006
528,1004
186,270
874,1011
80,1018
982,1016
718,1004
554,1018
622,1002
670,1007
492,1007
473,1019
316,1000
928,1011
145,204
989,1001
253,1011
420,898
956,1014
570,718
43,1005
600,735
443,1012
960,1002
878,1007
755,1013
914,1015
897,1005
402,1010
209,1004
47,1000
959,1016
67,1005
508,1003
291,691
975,1004
399,1001
806,1013
393,1003
91,247
543,1000
380,1004
642,1002
517,1006
144,828
983,1005
453,1012
678,1007
166,551
603,1017
855,1003
804,1016
983,1017
541,1006
186,1012
754,1006
79,1003
619,1015
613,707
372,1013
124,1015
818,1017
618,1015
432,1014
826,1003
20,1001
793,1001
677,1010
762,1015
860,1013
196,1013
131,1017
428,1019
592,1007
5,1007
910,1019
856,1016
262,1004
177,1018
4,1003
786,1004
677,1006
876,1012
385,1005
999,1016
44,1015
682,1004
263,1016
570,1001
723,846
636,1019
9,937
300,1014
491,1005
704,1014
978,1006
508,1004
889,1003
349,1012
461,1015
420,1006
523,1016
636,1015
543,1011
85,1016
41,1016
606,1005
368,1003
127,946
32,1007
406,1011
329,1018
975,1001
291,1006
306,1013
322,1003
280,1017
86,454
576,645
776,1019
229,1001
417,1000
38,1015
439,1015
535,1016
333,1013
962,1015
363,1012
875,1003
761,1004
39,1018
205,1019
190,1016
16,1008
61,362
912,1000
473,1007
96,1014
404,1000
95,486
338,1019
134,738
304,1018
804,1014
193,1003
628,1016
165,1011
434,1016
391,1016
403,1007
937,1003
838,1006
266,1015
362,1000
523,1018
972,1009
581,1006
164,971
922,1017
991,1005
7,1004
468,1010
949,1000
210,1004
5,1015
715,1005
50,1001
258,1002
29,1013
183,1015
74,1015
370,1001
649,1004
510,780
740,1006
127,560
40,1009
998,1009
618,1017
78,934
544,694
601,1008
17,1007
987,1007
453,1008
113,1013
419,678
434,1010
10,1006
64,1005
536,1016
719,1016
773,1004
645,847
822,1016
658,1015
405,659
390,1004
17,1018
611,908
727,1000
644,1007
616,1004
864,1001
779,1016
246,744
742,1012
957,1014
992,1014
40,600
946,1008
512,1015
226,1005
122,1010
672,1008
150,1016
219,1010
188,1010
310,1010
147,1016
817,1013
274,1019
120,1014
536,1001
946,1014
285,1015
893,1015
641,1014
986,1012
984,1005
892,1010
239,1017
976,1003
40,1006
164,400
642,1005
507,541
585,1018
543,1012
254,1007
598,1012
110,1015
44,449
368,458
980,1018
872,1015
875,1004
485,1007
719,1007
451,1012
772,1018
117,1007
586,1011
467,1011
261,1012
461,742
789,1004
569,1018
156,1017
430,1016
923,1006
312,1003
23,1006
284,1003
151,1008
782,1011
453,1018
244,1012
927,1002
789,1014
774,1003
322,1017
525,1011
247,454
104,1002
55,1018
467,1008
523,1003
689,1004
495,1000
173,1010
339,1019
558,1001
334,1011
984,1012
527,1017
815,1002
100,384
74,597
373,1014
449,1006
947,1002
62,1003
345,1008
76,1004
820,1002
429,1004
604,1018
64,1013
379,1012
554,982
112,1003
363,738
871,1012
916,1010
288,871
143,1015
218,1019
87,1004
691,1002
952,1002
527,1006
310,1006
692,1002
725,1013
661,1004
742,894
732,1004
515,1009
243,1004
375,1007
817,1004
163,1010
216,999
513,524
879,1014
363,1002
184,1001
455,1015
55,1002
85,111
203,1008
662,1004
371,1017
805,1008
385,1016
564,1007
373,1001
30,1005
703,1009
416,1006
321,1007
692,1010
343,1001
880,1015
550,1002
620,1013
620,1010
464,1007
212,1008
320,854
937,1018
579,1018
172,881
811,1011
200,461
140,1003
710,1010
889,1006
313,1014
356,1011
187,1008
92,1007
436,1014
391,1008
968,1003
974,1004
378,1000
41,1000
73,1011
801,1019
702,1017
442,1015
467,1019
556,1007
606,1014
731,1002
403,1002
296,1008
731,1019
199,1014
1,615
432,1007
799,1012
309,1007
663,1012
1,1016
769,1019
626,1017
794,1017
280,1002
497,1003
416,1013
960,1010
997,1012
177,1019
780,1003
370,1002
946,1007
146,1002
271,1004
686,1010
881,1001
529,1001
262,1006
553,1014
862,1015
341,1007
243,1010
2,1004
508,842
479,1009
505,809
262,1003
630,1008
430,1006
932,1016
918,1004
210,426
33,349
354,1013
386,827
517,1003
455,1019
585,1006
66,1011
108,1004
941,1019
55,1016
633,670
22,737
400,712
215,807
60,1016
180,1010
371,578
284,1008
604,1003
849,1004
706,1016
95,1019
75,1013
366,1009
159,1016
339,427
600,1007
306,1005
913,1007
684,1004
57,1016
351,1002
834,1007
135,1013
301,1013
372,679
202,1009
345,1002
189,1001
939,1011
874,1014
516,647
403,1011
762,1007
746,900
103,1017
491,878
776,1004
346,1003
131,427
789,1012
884,1013
178,1000
775,1017
194,1014
982,1010
395,1011
245,1005
893,1013
992,1005
274,1008
919,1006
6,1014
750,1006
406,1016
852,1006
518,1006
323,1009
152,1004
942,1018
927,1010
828,1019
697,1015
805,1011
732,918
565,1017
210,1012
329,763
903,980
39,1014
261,1005
645,1010
70,1002
86,1000
829,1000
167,1015
475,1001
904,1007
144,781
758,1007
306,1001
815,1016
645,957
474,1003
419,1016
153,334
110,786
974,1006
642,771
258,1017
497,1000
840,1004
322,1016
411,645
531,1012
497,1018
910,1008
980,1011
84,1013
934,1002
945,1015
255,1012
575,771
843,1008
260,1015
705,1003
556,1014
583,1009
914,1003
611,1012
351,1017
457,1009
605,1006
579,1005
138,1006
143,909
902,1015
112,1008
108,1003
833,1002
54,1009
5,1005
255,1002
276,1001
989,1004
599,1018
57,1010
293,1008
525,1019
811,1015
812,1015
995,1003
402,1013
15,117
867,1019
276,1013
116,528
771,1001
789,1006
510,1004
610,1011
356,1000
645,1012
552,1012
387,1019
283,1006
813,1001
71,1002
182,227
604,1011
533,1003
324,526
291,1005
303,1003
680,1014
446,1008
34,1009
297,1014
907,1000
501,1015
710,1000
319,1007
382,617
749,1009
9,1010
422,700
455,1013
378,1008
182,1002
830,1013
180,1013
540,1008
921,1004
929,1014
193,1014
352,1001
534,1013
195,1007
205,1002
79,1005
833,1000
150,1007
558,1009
492,1003
865,1019
439,1002
25,1019
555,1007
608,1005
735,986
518,1015
254,1003
554,1007
373,1019
542,1015
620,1006
483,1004
672,1004
863,1007
9,1017
821,1015
29,1016
465,1002
668,1006
527,1000
866,1012
505,1011
540,1019
241,1000
746,1007
204,637
149,1007
64,1000
687,1004
270,1017
561,1013
911,1014
25,1004
164,563
685,1009
549,1001
140,1010
470,1007
166,1008
750,1018
300,1001
955,1014
300,1006
120,1013
302,596
302,1010
391,1000
304,619
863,1011
397,1012
668,1004
205,1010
364,721
459,1011
899,1019
88,514
828,1001
766,1006
901,1016
938,1006
554,1013
81,1009
588,1012
911,1011
709,1004
210,1011
788,1002
861,1003
811,1018
469,1015
461,1009
38,1006
149,1002
205,1004
138,645
23,1010
414,1018
201,206
751,1017
863,1000
718,1001
422,1015
480,1011
177,719
389,1012
535,1012
743,1005
651,1012
871,1000
364,1010
524,1000
522,1018
769,1015
243,1003
288,986
228,717
481,1003
666,1005
250,1003
923,1004
856,1009
6,1012
926,1004
733,1008
748,1012
272,1000
271,1000
602,1004
437,1018
217,1000
638,1006
329,1006
202,1006
264,1001
902,1002
712,1001
771,1003
206,1005
171,1005
756,959
534,794
748,1017
751,1003
76,1017
733,1004
823,1006
328,1005
450,959
271,1012
59,1005
475,1005
739,1007
512,802
162,1016
273,1002
343,1008
642,1007
440,1013
58,1011
4,1011
480,744
7,1001
227,1007
898,1011
30,1009
525,1013
321,1011
250,1009
383,1010
584,1019
299,1003
552,1017
103,1014
317,1009
375,1003
400,1011
763,1012
107,454
42,1009
335,1016
854,1010
25,40
662,1001
357,1001
610,1012
550,1007
103,1016
681,1019
18,1019
855,1009
309,1017
619,1004
690,1000
539,1015
54,1005
93,1011
576,1018
486,1015
925,1011
589,1001
13,1008
383,1014
183,1004
3,1014
646,1015
850,1006
717,1007
917,1002
665,1012
915,1001
910,1012
290,1016
235,1015
779,1010
296,1004
788,1014
754,1015
382,1019
626,1018
454,855
737,1009
712,1004
487,1011
905,1001
692,709
291,782
477,1013
587,1000
282,1004
402,1011
4,1012
167,959
141,1016
791,1018
49,1007
807,1001
615,1017
504,1001
516,1004
860,1010
69,739
859,1000
158,1003
105,1007
150,1018
10,1010
491,1011
744,844
68,1019
15,166
989,1016
247,1010
806,1008
197,1015
304,1016
24,1009
725,1015
467,1007
779,1000
181,702
516,1017
117,1016
342,1015
728,1006
336,1007
933,1000
920,1012
673,1005
915,1011
479,1005
37,320
138,1019
469,1005
852,1003
342,1016
151,1005
680,1017
713,1012
998,1008
94,930
479,1008
195,1014
75,1016
518,671
189,1014
116,1019
556,1010
268,1019
847,1007
826,1002
783,1018
296,1000
284,1016
535,1001
164,165
251,1010
904,1012
270,1012
524,1006
574,1010
346,1008
713,1004
0,602
292,1002
829,1003
315,1013
545,1009
597,1009
243,1019
598,1007
368,1019
858,1004
537,1012
58,1016
874,1005
696,1014
815,1010
36,1013
714,1018
964,1005
876,1008
167,1001
962,1012
765,1004
132,1013
794,1014
383,1005
678,1001
409,1007
353,1006
266,1005
210,1002
199,1004
855,1008
281,1004
398,1012
894,1005
349,1018
686,1014
865,1012
503,1008
79,1012
363,817
992,1003
264,1008
499,1013
47,1015
670,1012
664,1010
730,1018
662,1018
201,1005
494,1008
797,1007
183,1014
500,1006
939,1002
240,1016
63,674
471,1014
431,784
34,1010
195,1005
900,1005
345,1007
591,1006
221,1008
582,793
611,1016
754,1011
643,1018
908,1010
782,842
192,967
420,1016
194,1008
426,840
858,1017
27,1002
568,1009
903,1006
152,1003
364,1012
561,1001
648,1010
132,737
870,1001
683,1006
885,1013
479,1012
333,1012
203,1018
921,1006
728,1013
318,1004
978,1005
677,1018
33,1010
967,1011
324,1013
864,1014
496,1000
624,1006
474,1009
422,999
470,1015
375,1019
837,1013
84,1015
121,1013
332,1018
23,1011
922,1011
343,964
434,1000
321,782
267,1006
595,1012
343,630
493,1016
133,1007
189,1018
812,1009
294,1012
766,1002
906,1003
622,1009
311,1001
229,1004
72,1011
277,1011
85,732
71,1011
266,1017
712,1006
654,1017
697,1012
752,1011
19,1011
660,1005
653,1003
77,302
86,1016
965,1005
242,1005
285,1017
714,1008
980,1014
840,1007
89,1008
320,534
450,1016
524,1019
905,1010
652,1013
745,1018
251,1003
193,1017
386,1000
526,1009
971,1001
849,1002
898,1016
773,1013
674,1018
107,906
512,1005
122,1015
799,1000
773,1008
43,426
845,1001
210,1005
112,1009
544,1012
61,1000
988,1003
484,1006
184,1007
39,1001
281,1005
236,900
113,719
274,1012
682,1009
791,1004
658,1016
868,1007
315,1007
930,1013
956,1000
799,1018
672,1009
633,1008
306,1003
746,1003
274,1001
434,1014
648,1002
928,1016
333,529
130,488
637,1016
377,1009
482,1017
501,1007
676,1013
258,1011
927,1000
529,1009
958,1014
626,1014
146,1008
575,1018
337,566
242,1017
168,204
549,1002
346,1002
425,1013
739,1017
288,1012
520,1010
692,1006
538,1004
167,1004
281,1009
176,1005
833,1015
23,1005
515,1000
638,1003
103,1019
725,1016
555,826
151,1014
69,282
487,1012
419,1019
505,1018
374,1017
166,1009
666,1017
28,1014
799,1002
454,968
900,1019
587,1003
166,999
4,145
448,1003
819,893
376,1000
8,1015
942,1016
218,1016
961,1005
873,1007
862,1016
632,722
555,1015
508,1001
484,744
495,1018
40,1013
368,999
798,1004
724,1007
884,1007
675,991
601,1018
830,1011
352,1009
104,1019
271,1008
61,391
334,1013
960,1017
435,1001
96,1004
107,1002
198,1004
964,1001
589,1016
652,1011
750,1009
593,1006
609,1014
415,1002
364,1011
54,1012
622,1010
432,1011
729,1013
145,654
741,1007
857,1012
653,1007
651,1007
554,1009
458,1018
771,1018
836,1007
413,1016
417,1009
110,1010
672,1016
125,1011
185,1005
130,1014
693,1002
945,1006
609,1018
400,1001
506,1012
978,1019
216,774
301,1015
154,1018
793,1018
424,1006
0,1007
972,1018
981,1013
907,1003
675,1018
512,1006
366,1015
30,817
271,1009
293,1019
204,1007
418,1009
886,1002
181,1017
578,1018
528,1007
942,1010
848,1016
181,1016
733,1014
770,1002
145,913
778,1017
174,1016
387,1012
24,1000
235,1011
524,1005
268,1011
262,1008
205,1006
421,1009
700,1013
191,1005
824,1012
666,1010
201,1010
250,645
802,838
923,1010
599,1006
759,1015
931,1003
164,1000
732,1014
141,1013
722,1002
51,1003
600,1010
357,1012
296,1009
241,1017
487,1002
299,1008
802,1002
560,1002
11,1011
99,1004
938,1016
544,561
111,1001
92,804
63,589
814,1017
860,1000
977,1001
782,1008
791,1013
861,1017
212,1006
365,1019
520,1006
109,1014
739,1008
739,1005
648,1012
807,1018
50,197
582,702
226,1018
661,1018
96,1017
19,1015
642,645
193,1001
787,1002
892,1017
659,1014
105,1006
150,1002
115,1003
217,905
959,1012
202,1011
414,1006
492,1005
601,1009
798,1003
9,890
547,1011
877,1007
697,1002
717,968
345,1015
153,1005
943,1012
468,1003
837,1000
623,1006
294,1005
425,1003
414,1004
408,1009
375,1006
629,1018
810,1009
444,1013
220,1003
913,1004
75,1018
141,1006
654,1009
830,1018
63,1008
331,452
991,1000
883,1007
40,824
933,1012
217,438
578,1016
18,345
9,158
711,1009
641,1011
713,1016
89,1016
519,645
901,1008
528,723
359,1008
601,937
420,1011
358,1017
544,1011
892,1003
41,827
320,798
414,1019
822,1005
955,1002
517,1002
964,1003
649,1019
938,1013
920,1002
285,1014
97,1003
655,1002
911,1013
319,1005
805,1006
330,1005
121,1001
793,1008
565,1018
955,1018
50,1014
792,1010
275,1005
690,1018
645,1007
198,1007
443,1003
115,1015
697,1003
703,1002
428,544
202,1001
75,1008
92,1001
460,1005
185,1015
269,1005
225,1011
966,1013
547,1008
435,1010
951,1013
699,1019
50,323
343,1009
880,1004
274,1018
390,1012
376,684
115,1000
934,1003
230,665
851,1000
17,1003
622,1014
968,1011
440,1010
970,1003
450,1010
10,168
207,1004
311,1004
412,1017
71,1016
286,1007
872,1006
424,1007
798,1007
756,1007
666,1009
298,999
963,1014
488,1008
319,1000
30,1008
808,1003
908,1019
402,1017
664,1001
494,1013
355,1015
624,1010
618,1003
962,1017
825,1013
417,645
38,1002
120,1018
300,1018
589,1017
279,1009
236,1005
210,1006
647,1001
523,1012
650,1018
860,1016
164,636
448,1013
106,1008
19,827
730,1006
92,1008
320,661
786,1014
538,1000
788,1004
815,1000
24,1005
380,1005
659,1017
120,1010
7,1013
534,1008
11,1001
486,1016
175,1014
125,1017
900,1010
734,1007
425,1005
330,1003
43,343
417,1015
875,1005
764,1011
213,1005
575,1014
388,1011
541,1002
645,771
640,1007
746,1010
803,1007
190,1009
903,1002
326,1014
44,1000
656,1012
3,1017
885,1000
667,1011
476,1012
244,259
315,1011
345,1004
91,1017
168,1007
243,1012
326,993
889,1008
686,1016
931,1002
158,222
399,1008
137,1003
973,1004
626,1010
127,1009
770,1016
664,1011
287,1018
226,1007
194,619
778,1007
572,1002
760,1016
616,1013
172,934
808,1013
387,1003
238,1010
80,1005
899,1013
734,1010
781,1019
414,1011
526,1017
181,1004
703,810
892,897
594,1005
667,1000
900,1013
825,896
329,1016
684,1009
359,1005
152,1012
470,1008
510,1005
105,1017
366,1017
225,1015
100,1000
263,1000
458,1000
583,845
248,1015
392,1007
78,1012
333,1001
525,1015
405,1018
692,986
974,1005
35,1019
16,1016
712,1013
482,1013
705,1019
420,824
663,1017
996,1008
821,1004
680,1007
186,1013
627,1010
324,1005
338,1013
709,1018
645,717
196,1016
148,1000
176,1011
233,1018
366,1012
461,932
150,1012
59,1018
466,1006
14,1004
496,1008
511,1005
591,1015
963,1002
286,1001
331,1005
396,1001
549,1012
721,1016
2,1005
772,999
462,1018
176,1008
444,1004
157,1002
706,1004
467,1012
262,487
406,1000
411,1003
457,1003
973,1015
652,1001
169,1011
53,1001
880,1019
87,1011
718,1003
255,301
562,1005
847,1019
688,1005
942,1006
476,1009
350,1013
669,1010
94,1000
87,1006
906,1008
409,1016
702,1009
745,1010
589,1010
463,1015
329,1013
766,1016
623,1007
467,1002
22,1015
911,1000
53,1006
921,1012
669,1000
221,1007
724,1014
887,1019
113,1008
602,1007
288,1010
197,357
416,449
601,637
745,1000
974,1000
383,1019
325,1008
265,1018
591,1000
775,1013
770,1008
951,1012
740,744
760,1014
998,1018
471,1008
658,1001
436,1005
129,1014
361,1013
619,1014
335,1014
473,1009
525,1017
3,1015
127,1012
42,1018
633,1010
669,1002
393,1013
120,1003
469,1018
944,1011
782,1013
301,1006
236,285
423,1012
128,1012
272,1001
86,1001
232,1002
10,1015
555,1006
56,1018
457,1014
391,1017
905,1009
48,1017
55,1013
66,1016
666,1018
172,1013
925,1004
288,999
793,1007
272,1003
124,353
620,1000
48,1005
412,1003
176,342
30,680
529,1010
707,1006
961,1003
26,1013
546,1004
718,1017
613,1001
113,423
516,1003
811,1017
504,1016
2,1015
281,1002
402,1015
732,1009
597,1012
995,1005
876,1006
510,1016
385,1018
34,1014
323,1012
296,1001
19,1018
330,1001
324,1016
451,1005
503,1016
622,1011
503,1017
510,1002
314,1008
451,1015
80,115
947,1016
153,1019
917,1018
845,1013
791,1017
302,1001
76,750
96,1003
720,1005
313,1000
511,1008
76,1006
787,1006
369,1016
344,1018
528,1011
446,1009
542,1006
433,1002
186,1002
623,1003
839,1016
494,1011
92,1014
197,291
210,1014
679,1018
450,1001
814,1016
74,1010
612,1006
36,1004
97,1005
568,1019
516,1016
137,1012
191,1016
72,1000
586,1016
781,1003
868,1002
7,1009
886,1010
118,1014
540,1017
83,1007
198,1001
196,1004
891,1006
2,1000
174,1005
629,1000
960,1011
648,1014
247,1019
642,1008
104,1003
975,1015
845,1016
582,1017
424,1000
114,1001
591,1016
875,1009
782,1003
244,778
769,1016
144,999
625,1012
458,1011
815,1001
986,1017
562,1015
887,1008
915,1003
42,1003
519,1019
710,777
537,1015
153,1008
780,957
114,1014
886,1005
461,1012
381,1000
585,1007
947,1008
310,1008
906,1017
510,1007
313,1006
111,1006
46,999
619,1017
806,1019
964,1012
699,1017
35,1000
498,1010
641,1016
193,1016
310,782
570,1004
464,1019
566,1004
460,1001
418,1013
73,124
113,1000
313,1003
365,974
926,1002
57,1011
220,552
320,1011
432,1016
355,1000
620,1001
206,1017
351,1001
803,1010
188,1015
0,825
865,1006
291,1007
812,1016
167,432
430,1018
147,1000
396,1017
506,1014
979,1012
220,684
164,1001
363,755
986,1019
142,1018
958,1008
398,1010
518,1016
694,1009
790,1003
602,1002
799,1014
893,1009
88,1012
68,1013
951,1014
401,1011
273,1018
851,1018
544,1015
745,1019
797,1008
531,1009
493,1019
991,1006
976,1016
723,1000
221,1014
626,1006
3,1016
819,1007
441,1018
573,1004
486,1004
398,1000
865,1018
784,1012
794,1010
320,699
742,1005
740,1019
378,1019
131,1008
800,1005
540,683
86,645
544,756
646,1008
68,1018
663,1007
348,1004
28,1001
143,1008
992,1000
705,1008
212,1005
663,1018
619,963
383,414
891,1008
275,1003
634,1018
9,1011
193,1011
922,1016
491,1016
821,1007
897,1016
36,645
141,1005
260,1002
872,1007
164,204
566,1002
458,1006
506,1009
101,1018
82,1019
77,1017
606,1004
868,1016
767,1006
330,1019
111,1010
74,1016
735,1015
192,288
666,1012
929,1016
317,1001
946,1003
833,1018
614,1012
614,1015
416,1009
62,1010
695,1018
764,1010
373,1016
325,1014
794,1001
603,1009
211,744
417,1014
795,1015
853,1003
337,1018
988,1010
844,1011
662,1003
130,1006
401,960
989,1006
828,1017
10,1005
409,1009
338,1001
318,493
339,1008
489,1005
61,1001
540,1010
482,1012
4,1017
420,620
239,1007
746,1006
333,1017
728,1002
913,1017
947,1001
234,1007
887,1004
736,1010
564,1000
288,1013
127,1002
700,1006
762,1017
706,1006
354,1004
441,1005
351,1000
40,1008
716,1011
733,1016
784,1004
856,1004
645,1013
93,1017
142,1005
181,801
260,647
746,1004
691,1007
386,698
957,1016
693,1009
853,1011
473,851
498,1019
244,253
539,1010
45,1003
563,1008
390,1017
464,544
573,842
982,1003
248,1003
486,1017
111,1012
757,1011
297,406
53,746
782,1016
968,1017
822,842
71,1012
107,1009
114,1008
758,857
356,656
967,1016
202,1012
662,1009
262,1001
982,1001
249,1009
599,1012
837,1014
324,1007
259,368
968,1007
515,1001
215,1018
631,1013
914,1014
630,1018
411,1012
63,144
739,1010
821,1010
212,1017
234,1014
386,1015
417,1008
360,1010
270,1009
930,1018
345,717
85,1004
406,603
113,1010
863,1005
585,1001
692,1004
774,1004
677,1017
611,1013
853,1016
539,1019
340,1017
19,1010
241,1018
173,1004
401,1003
371,1014
908,1015
756,1005
904,1001
656,929
250,1008
255,1007
816,1000
321,1015
839,1010
83,1012
47,1010
454,1005
835,1010
450,1012
544,1000
719,777
396,1011
106,1016
916,1012
244,338
239,1016
426,980
97,781
449,1017
943,1002
347,1003
85,1015
544,1007
218,708
711,1015
951,1009
791,1010
251,1018
612,1008
197,633
948,1012
361,1001
39,1008
56,1003
466,984
707,1019
537,1011
40,1018
990,1008
510,1008
907,1010
818,1002
310,1017
502,1004
713,1007
636,1016
341,991
924,1013
956,1016
243,1017
631,1018
899,1005
755,1016
713,1002
64,1004
690,1016
788,1001
900,1007
646,1007
584,1002
156,1004
137,1014
696,1018
804,1002
714,1016
189,1015
417,1001
68,1016
436,1001
185,288
29,1015
585,1003
130,501
175,1004
531,1016
319,1013
205,717
198,472
263,1015
74,1004
383,1018
171,549
44,516
719,1017
87,1002
767,1000
85,776
769,1005
796,1011
169,1000
553,1019
117,463
455,1011
244,978
482,1018
163,1008
888,1011
214,1006
944,1006
550,1016
958,1002
496,1007
130,1007
930,1014
560,1007
339,1009
928,1012
812,1018
209,1011
72,288
560,1011
320,1018
82,1015
407,1010
988,1000
249,1003
99,179
744,1013
886,1008
471,1015
742,1013
699,1000
278,1007
75,1011
244,1001
450,1007
164,572
415,1009
472,1006
301,1009
503,679
787,1015
955,1013
58,1003
515,1006
188,1017
267,1002
117,1003
778,1013
232,1015
738,1005
136,1002
20,1002
966,1000
857,1004
171,1016
52,1013
475,1015
948,1007
782,1001
620,1019
399,1017
64,1001
507,1012
895,1007
919,1017
416,1000
216,1015
75,206
68,1015
867,1008
269,1003
335,1000
362,1003
190,1006
871,1016
642,1014
635,1008
349,1011
124,1010
509,1006
531,1019
713,1006
788,1003
526,1016
616,1018
456,1013
372,1008
624,1005
912,1012
33,1015
764,1013
334,1019
997,1003
658,1011
970,1016
997,1009
917,1009
162,1006
639,1000
135,986
12,1002
811,1013
559,1001
824,1001
142,1019
65,1000
254,1017
127,1014
815,1006
620,1014
130,1002
761,1003
578,1010
123,1013
824,1003
272,1017
624,1018
359,1019
362,696
833,1009
397,1002
780,1013
676,1003
566,1001
298,1013
228,1011
580,1001
64,158
611,1015
2,961
950,1019
134,1005
224,1002
340,1014
277,374
301,1008
420,1009
530,1006
18,1008
874,1000
516,1000
938,1019
853,1014
393,1007
386,1018
190,1003
878,1012
580,1004
584,1005
599,1008
37,933
18,1012
742,1014
172,1009
205,1016
62,1013
902,1004
463,1017
64,718
40,1000
616,1012
758,1013
129,1006
891,1004
878,1016
233,1000
515,1005
87,1018
45,1011
313,1013
812,1017
45,1010
571,1015
94,182
432,1015
470,1002
363,1008
777,1005
760,1007
740,1003
458,803
34,1000
182,1018
399,1014
896,1006
340,1010
228,1003
698,1011
335,1006
911,1009
609,819
710,796
727,1004
652,1009
621,1003
960,1018
924,1000
952,1005
182,864
372,899
174,1006
482,1011
180,1002
744,1001
451,1018
1,474
171,1003
590,1009
517,1000
958,1009
397,1016
453,1010
587,1007
755,1011
435,1006
908,1001
614,1014
632,1000
983,1013
251,1011
631,1004
979,1008
628,1013
321,1012
95,1017
276,1006
705,1002
475,1003
110,1017
579,1007
301,1019
773,1002
883,1011
959,1000
428,1002
521,1003
766,1014
329,633
244,1019
74,1007
461,1011
219,1009
29,1018
397,1004
12,1001
818,1006
118,1019
661,1011
110,1004
944,1012
370,999
611,1014
264,1000
931,1008
698,1019
637,1012
825,877
200,1006
694,1016
639,1002
359,1011
951,1000
48,1010
613,1006
829,1012
430,1011
448,1000
521,1006
300,1005
920,1011
978,1012
495,1010
842,1012
325,1019
113,1016
264,974
448,1005
419,1010
841,1019
130,1016
690,1005
188,1006
9,1008
57,1005
159,1010
912,1016
14,1018
456,1011
955,1008
602,1012
825,1017
715,1009
726,1003
506,1011
86,1011
414,946
37,1018
12,1004
267,1004
68,1014
85,941
339,1013
876,1014
667,1006
782,999
943,1018
965,1000
24,1014
286,1010
712,1005
446,1011
951,1019
451,1009
315,696
127,1007
348,1016
936,1009
975,1014
656,1008
641,1012
47,1006
172,1001
184,1017
438,1011
539,971
70,1011
671,1011
927,1006
68,1006
810,1012
173,1007
441,1011
693,1000
69,1006
21,1002
421,1015
888,1014
663,1002
572,1006
676,1015
229,977
392,1019
299,1016
504,1008
678,1008
87,1017
952,1013
365,1011
35,1018
358,1005
775,1015
78,1019
523,1005
680,1012
629,842
927,1014
264,1018
395,1001
938,1017
892,1019
89,1009
751,1014
973,1007
581,1014
719,1005
399,694
883,1016
52,407
101,1009
458,1017
194,1013
73,1017
523,1007
699,1012
465,1003
883,1017
381,1015
287,1000
454,819
218,1009
941,1009
634,1014
112,1004
633,1015
389,1011
398,638
307,1000
469,1007
915,1005
136,1008
59,742
866,1014
386,1007
158,358
562,1012
330,1016
343,746
581,1011
481,1007
53,1008
824,1010
474,1014
833,894
498,1013
812,1010
654,1011
973,1018
849,1003
904,1006
984,1000
984,1006
632,1003
643,1014
48,74
17,1012
277,1006
101,1019
341,1004
303,1008
440,1009
835,1019
459,1012
133,1017
388,1002
678,1014
126,1002
206,1019
587,1005
526,1001
822,1001
111,1002
637,1005
446,1017
905,1016
604,1008
495,1004
456,1009
284,513
568,1002
960,1013
1,904
298,1000
44,1004
161,1011
796,1014
338,1004
984,1010
184,1009
606,796
359,1010
614,1005
16,1010
189,420
806,1000
31,63
66,1004
442,1013
750,1013
233,1003
778,1012
421,1002
442,1000
523,1010
169,1016
946,1012
279,1007
247,363
719,1012
594,1017
303,1011
320,468
628,999
834,1014
673,692
593,1008
70,1019
576,1007
422,1006
6,1004
390,1015
429,1012
245,1004
975,1002
892,1013
940,1008
84,1008
150,245
534,1005
238,264
94,1009
125,1016
102,1003
590,1000
956,1001
790,1019
952,1000
98,1004
32,645
64,473
268,1014
637,1017
190,1004
609,1004
863,1002
320,562
136,1007
344,1012
34,934
11,1009
762,1002
65,1004
756,1004
834,1000
971,1008
40,1017
526,1015
701,1011
243,1005
528,1012
836,1010
165,464
651,1010
555,1019
209,1019
81,309
922,1002
974,975
797,999
697,1013
485,1000
880,1009
134,1002
724,1019
531,1006
488,1001
328,1002
327,1013
540,1007
357,1018
911,1016
46,1018
338,415
882,1002
708,1006
246,1001
106,1010
631,1016
305,755
295,1003
910,1017
900,1014
702,1008
450,1018
805,1016
921,1011
613,1012
583,1002
182,1005
464,1012
443,974
0,1011
546,1018
371,1008
802,1006
408,1004
235,1014
4,1009
98,1019
302,1013
442,1002
960,1003
381,1001
756,1014
24,1012
345,1012
69,1019
616,1002
681,1006
218,1014
96,1011
135,1009
238,910
935,1012
987,1004
472,1011
901,1007
890,1014
53,1015
662,1012
478,1006
278,1001
581,1016
490,1004
36,1008
219,547
64,1012
855,1007
91,197
27,1016
706,1015
859,1008
209,1005
6,1008
583,1008
660,1011
41,1013
384,1019
595,809
60,1009
207,1006
406,645
497,1002
596,1006
418,898
195,320
94,1012
919,1007
42,1006
656,1011
555,1010
622,1003
654,690
873,1006
858,1005
595,1014
17,1009
466,1009
566,1018
200,1010
734,1015
452,1006
66,1015
258,1000
171,1002
114,153
681,1010
460,1009
777,1000
166,1011
617,1013
349,1006
827,1000
240,1019
184,1008
879,1015
734,1019
640,1004
367,1002
528,1009
476,1013
275,1016
501,1014
172,1000
834,1017
687,1008
69,166
744,916
979,1010
323,1008
387,566
389,1009
662,1019
493,1012
869,1007
623,918
239,1014
976,1009
940,1019
684,1016
170,1000
791,924
334,1001
152,1008
263,1013
197,1017
996,1010
453,1000
161,1001
601,1010
711,818
195,1009
632,1018
13,1006
485,1004
270,1013
961,1001
470,1004
667,1010
162,1001
4,1016
561,1010
401,1002
122,1013
807,1015
681,794
828,1015
832,1000
259,1004
741,1000
161,1005
154,1007
794,826
269,1018
1,1012
118,1011
164,1016
157,1015
205,1007
138,1015
27,1019
798,1002
169,1015
337,1007
338,946
243,1016
635,1000
431,534
330,1018
359,1018
465,1006
567,1002
692,787
665,990
251,1012
820,1005
480,510
145,1017
3,1013
952,1016
266,645
717,1012
121,1019
872,1013
755,1010
827,1017
274,454
918,1016
582,1005
987,1010
508,1014
789,1001
784,976
288,1001
574,1015
181,1009
908,1009
772,1002
654,1015
74,1006
184,1014
485,755
469,1016
288,549
478,1014
617,1012
309,1004
319,1012
57,1018
5,1013
631,1000
256,1017
104,1008
799,1005
259,1019
19,1012
846,1011
314,1004
659,1001
38,975
343,1000
378,745
610,782
463,1009
847,1018
561,1003
666,1008
426,1017
59,1013
532,1015
445,1007
784,1019
65,532
220,465
11,1000
161,1003
527,891
53,1012
562,923
311,1005
645,855
817,1006
25,1007
625,1015
9,985
827,1011
692,1001
96,1010
822,1017
532,1008
257,1010
131,1007
173,1002
329,1014
748,1000
587,1006
459,1002
578,645
607,1017
831,1010
616,1010
218,1012
452,1000
687,777
663,1014
148,258
532,983
623,1016
912,1010
231,1004
132,1008
535,1006
601,1001
929,1015
535,1000
920,1015
327,1003
343,1003
746,827
664,1000
650,1003
262,1017
2,1012
736,892
406,1003
110,1014
63,852
717,1014
522,1000
487,1005
761,1011
533,1019
784,1015
572,1014
420,1004
207,1015
859,1001
391,1004
956,1011
88,388
668,1010
346,1014
820,1019
84,386
326,1009
657,1006
721,1011
995,1007
962,1001
695,1012
140,1015
282,1009
952,1003
793,1009
671,1019
552,1014
22,1017
83,1010
675,1002
589,782
703,1017
903,1007
857,1008
71,585
976,1006
534,1001
474,1001
137,1000
662,1016
520,1001
912,1007
560,1019
492,1015
312,1011
226,1001
297,1002
686,1005
926,1012
833,1017
847,1002
116,421
844,1015
306,1016
801,1002
68,1001
693,1011
615,1015
621,1001
949,1015
798,1013
644,688
557,1002
147,1017
858,1000
516,1018
204,973
223,1018
664,1019
150,397
122,1001
399,1002
235,1004
931,1005
384,1011
903,1011
628,1010
469,1008
427,1001
113,280
313,1004
431,562
741,1014
501,1004
255,423
589,1004
245,1015
562,1011
796,1012
697,1005
520,1013
902,1017
599,1000
706,1005
758,1003
752,1014
54,1002
86,1004
176,260
457,1002
4,552
237,1007
730,1011
743,1010
520,1004
840,1013
708,1003
445,1016
372,1016
910,1005
777,1010
775,1012
312,1018
417,516
60,1013
713,1014
163,1004
659,1008
697,1007
965,1006
778,1000
229,1005
785,1012
23,1017
675,1000
440,761
205,392
882,1003
269,1011
29,1012
216,1018
775,1001
998,1015
27,338
813,1014
342,1001
562,1018
713,1017
565,1001
48,1004
420,837
744,883
25,265
608,1006
79,1011
687,1015
73,1001
390,606
461,1019
19,535
632,830
359,1016
468,1013
457,1007
797,1018
499,1016
456,1010
455,1005
892,1012
495,819
56,1010
363,1018
390,1018
310,1001
995,1002
430,1010
565,1015
934,1004
386,1002
421,502
728,1019
963,1011
492,898
2,1016
409,1014
242,1000
952,1012
933,1014
360,1011
210,1009
94,373
903,1010
297,1004
419,978
847,1006
749,1003
733,1000
957,1006
716,1003
506,1005
942,1008
683,1009
133,592
91,1010
351,1015
327,1000
560,1013
538,1015
641,1009
618,1018
560,1006
456,1004
338,1017
240,1006
344,1013
241,1014
441,1014
333,1019
695,1010
4,1005
754,1001
783,1011
205,1018
42,1016
362,1004
518,1004
39,1017
783,1012
966,1003
64,842
501,1016
392,1009
44,1016
825,1011
964,1010
505,1015
982,1017
639,1010
620,1002
242,1003
682,1003
551,711
997,1008
267,1011
244,842
302,1002
616,1006
616,1011
687,1012
228,1016
176,1003
291,1011
79,1000
720,1000
40,214
341,1003
387,1013
58,1018
418,645
940,1012
536,1000
2,1009
387,1002
125,1012
563,859
860,1005
311,1006
412,1005
805,1005
879,1009
511,1009
255,1019
166,167
0,999
532,544
554,1002
402,1003
151,999
963,1001
929,1010
210,1015
163,1009
495,817
373,1007
382,827
521,1012
730,1017
366,983
863,1006
506,1004
289,1010
886,1013
300,1019
625,1018
291,1001
357,1010
140,1006
137,1005
58,1004
271,1014
335,1012
554,1006
200,1005
917,1000
854,1007
722,763
347,955
496,1011
542,1012
544,1014
600,1002
139,1004
212,1013
294,1006
935,1019
790,1010
677,1001
57,1009
263,1012
15,1009
66,1003
696,950
106,1015
961,1010
346,1016
702,740
897,1006
253,1006
220,1011
258,1014
660,1019
195,1010
940,1002
840,1001
279,1001
698,1009
195,1012
379,1005
238,1009
270,1000
533,1015
980,1016
46,1003
415,1018
84,1017
474,1002
792,1006
890,1017
64,1007
124,1013
441,1000
336,856
801,1016
246,1006
672,1014
591,1002
478,1008
252,1016
442,1003
209,1013
430,1007
108,1008
235,1019
148,1007
103,1018
981,1010
483,1016
611,1017
8,1002
589,1008
596,1019
130,701
398,1011
614,1011
845,1002
53,1017
571,1001
710,1003
725,1003
391,1014
212,1011
449,1012
170,1013
631,1007
136,1017
528,1015
373,1013
683,1019
206,1007
368,1001
963,1015
907,1012
145,1009
248,1013
289,1009
148,1004
208,1016
786,1002
442,1019
274,1013
262,1018
128,1006
95,1012
367,1001
629,1003
636,1000
628,1000
0,1010
467,1010
353,1011
914,1005
311,1017
372,1017
186,438
534,1015
701,1018
992,1009
270,1006
855,1017
568,1001
621,1006
887,1010
267,1014
395,1000
105,1019
123,1002
710,1016
231,1000
164,714
495,1019
734,1006
430,1012
971,1015
485,1008
926,1019
384,1018
200,1018
771,1014
38,1001
307,1014
645,1004
286,1012
229,1016
477,1012
259,1016
99,1012
503,545
970,1000
158,700
50,1010
503,1015
397,1006
213,1006
572,1017
151,1000
737,1007
849,1008
304,1014
898,922
197,508
106,1000
441,654
278,1004
376,1016
293,458
798,1018
377,610
931,1006
621,1016
472,1009
400,430
272,1004
187,1017
146,1004
179,1009
517,1015
853,1005
374,840
288,1015
979,1018
796,1017
326,1019
626,1009
232,1012
463,1019
449,1019
755,1009
273,443
150,912
264,1003
632,1008
3,1000
968,1006
522,1016
948,1000
272,821
316,1008
119,513
90,1010
767,1008
20,1008
59,75
149,1015
965,1002
718,1002
805,1012
275,1004
18,544
810,1010
202,1019
30,1007
435,1012
443,1005
794,1013
457,1001
337,1005
872,1004
464,1005
454,513
382,1016
449,1005
120,1004
674,1019
376,1014
832,1002
610,1001
97,1011
539,1011
633,1004
862,1010
930,1006
85,426
305,1014
744,930
432,1001
728,1016
262,1012
427,1005
997,1001
709,1003
686,879
10,1016
96,1016
503,1005
636,1001
803,1001
124,1008
100,1004
356,1001
839,1018
913,1012
133,1019
178,1005
244,1018
793,1016
665,1002
236,1008
612,1012
126,1003
217,656
468,1008
455,1018
448,1016
555,1005
600,1000
282,1000
201,847
835,1015
914,1007
879,1003
209,486
28,1017
742,1007
710,1011
63,581
179,1015
739,1001
62,827
774,1009
537,1003
683,1012
445,1003
263,905
597,744
559,740
149,1016
105,693
792,1012
200,1017
754,1000
364,1004
351,1010
379,1011
608,1004
706,1017
937,1002
438,1006
980,1015
18,1009
730,1013
677,1007
295,1015
79,1015
834,1015
85,96
233,1005
576,1003
254,1015
748,1014
866,1000
799,1011
493,1005
328,1004
430,1004
107,1014
476,1014
869,1006
788,1019
850,1001
707,1013
143,811
648,1000
262,1000
550,1019
44,1002
668,1018
136,1010
609,1000
805,1001
124,1005
895,1002
490,1005
418,1012
858,1006
484,1009
372,1006
889,1000
422,645
81,1008
592,1009
172,1017
538,1018
505,1000
855,1016
283,338
841,1011
862,1018
35,1003
347,511
542,1018
893,1017
850,1013
319,1003
165,1012
162,1018
594,702
574,1013
23,1001
632,1002
197,544
690,1010
200,1011
842,1003
126,1000
519,1012
674,1010
997,1004
60,1005
553,1004
725,1012
142,1010
658,1008
543,1001
114,1016
60,1001
13,1002
598,1004
515,1012
642,1010
480,625
327,1007
168,1012
116,1009
577,866
269,1008
274,1005
583,1005
781,1015
153,1007
858,874
870,1002
589,1018
743,1003
39,1002
798,1017
9,354
214,1012
219,1016
666,920
790,1012
676,1006
537,1016
613,902
878,1018
415,1006
980,1000
516,1002
223,1010
137,1004
853,1015
875,1000
303,1010
231,1019
63,1015
8,1005
366,1011
711,1003
413,1017
525,1012
890,1004
544,832
421,1017
48,1001
625,1019
69,1012
376,1003
957,1003
179,1017
805,1004
758,1006
399,1018
357,1007
265,1014
376,1001
197,771
335,1010
35,1017
414,1014
275,1006
917,1011
323,1000
107,1007
132,1010
545,1005
344,523
462,1005
607,1019
650,1012
949,1007
290,1010
214,1005
504,1018
500,1018
310,1007
7,1014
577,1000
394,1017
838,1017
70,1009
127,354
559,1016
51,1001
701,1009
404,1017
94,1016
747,870
103,1009
290,1015
254,538
325,478
398,1004
469,1002
116,1014
117,1002
644,1005
418,1005
996,1002
64,1008
106,1002
918,1009
546,1001
623,1018
571,1012
345,1006
483,1009
260,1008
164,1002
89,1010
236,1000
793,1000
454,1016
181,1012
506,1015
949,1003
528,1001
572,1008
245,1018
999,1008
172,1011
271,282
477,509
414,1017
510,1000
717,1016
509,983
931,1000
108,1000
890,1019
51,1002
629,722
733,1001
59,437
524,1011
546,1016
576,1002
114,1018
245,1000
274,465
22,1010
894,1000
312,1004
890,1002
473,1006
790,1005
476,1002
752,1005
747,1017
521,1011
698,1018
331,1000
719,1008
598,1011
868,1004
347,1013
577,1015
187,1012
78,1018
531,648
800,1010
277,1009
181,1006
383,1009
737,1001
246,1017
493,502
429,550
786,1015
449,1014
793,1011
738,1007
782,1019
564,1001
697,1018
810,1013
231,1018
978,1009
857,1017
180,1007
336,1003
314,1002
503,1001
49,1010
9,316
218,1017
261,1009
242,1008
806,1016
994,1008
819,983
371,1016
423,1018
197,1009
498,1014
160,1017
822,1019
898,1001
486,1012
781,1012
277,1010
261,1017
464,1014
629,1014
930,1005
290,1005
562,1019
99,1016
112,730
543,1015
720,1006
671,1017
572,1012
941,1015
416,740
93,1010
734,1014
276,1004
583,1004
727,1018
788,1005
185,1004
456,1000
346,386
922,1003
754,1008
447,1003
574,1005
254,1000
438,606
827,1018
347,1001
563,1007
689,1008
514,1016
519,1004
451,1008
411,1010
610,1005
299,1007
501,1012
123,934
251,1019
554,1011
573,1005
890,1012
276,1015
469,1012
670,1008
222,1010
573,1006
795,1012
929,1004
541,1011
501,1002
36,895
972,1011
864,1017
462,1006
318,1009
801,1011
289,771
427,1000
319,341
204,1012
1,1018
956,1002
352,1013
338,1009
160,1019
454,1002
75,207
187,372
764,1007
506,1006
223,1015
483,1015
75,1012
737,1014
563,789
723,1003
939,1008
685,1002
826,1000
436,1009
246,1008
266,1018
482,1008
121,1015
505,1019
820,1013
161,1004
542,1016
106,525
348,544
855,1018
881,1009
862,1001
543,1006
132,1000
121,1002
397,1003
561,1002
446,1007
279,1018
713,1003
321,1003
680,1008
733,1006
127,1000
63,75
400,1009
192,1017
639,645
187,1018
209,1009
340,1003
457,1000
903,1015
273,1004
280,1010
9,744
337,1001
369,1013
719,1001
882,1014
675,1014
195,1015
917,1015
510,634
797,1012
989,1013
704,1009
478,1011
63,1010
108,1014
348,1005
963,1013
43,1006
294,1018
516,1011
180,1003
171,534
868,1006
678,1015
78,1003
937,1006
122,1005
51,1017
165,1017
209,1007
937,1016
707,1002
557,1008
637,1001
710,1004
124,1007
158,1009
158,1010
720,1018
577,1001
395,1005
542,1013
55,1006
723,1012
387,1017
366,1005
744,842
490,1003
378,1009
704,1006
99,1005
165,1003
749,1016
203,1011
922,1000
51,301
380,1014
9,331
273,1007
352,1005
563,1015
170,1014
423,1016
348,967
447,1005
883,1005
963,1016
541,1017
724,1009
311,1002
910,1009
600,1013
815,1004
977,1016
418,1014
513,1017
10,1000
365,1015
222,1001
8,1004
698,1002
824,1017
961,1014
866,968
147,1012
765,1012
822,1003
304,1017
161,1002
475,1016
32,1000
488,1005
167,1016
684,1012
525,1016
704,1015
675,744
163,1015
249,1000
119,1016
650,1011
703,1008
10,1007
903,1019
876,1018
512,1014
357,510
581,1013
221,1006
949,1006
367,1010
282,1002
704,1012
565,1012
597,1018
53,421
708,1017
803,1012
981,1016
939,1004
944,1015
99,1011
916,1002
794,1009
953,1004
677,1016
992,1017
925,1001
216,778
240,1000
851,1008
243,799
89,398
96,1002
514,1019
318,1003
184,1015
268,1017
213,1010
7,1006
991,1019
561,1009
77,1012
410,1005
9,36
912,958
85,1018
512,1010
134,1003
574,1014
420,543
161,1014
312,1016
999,1018
377,1008
497,1014
368,1008
155,1013
493,1002
440,1011
777,1004
769,1004
853,1013
912,1004
382,1003
576,1000
610,1015
740,1005
679,1008
123,1017
970,1014
19,1008
70,1001
513,1018
57,1008
394,1015
476,1007
894,1018
362,1009
453,1006
247,802
426,1018
198,1003
152,1006
356,1012
565,1009
144,1019
978,1010
620,1016
523,1000
681,1018
375,1001
291,1002
477,1006
675,1003
752,1003
548,1008
200,1001
661,1007
8,1012
212,1004
672,1006
571,1000
779,1008
885,1016
179,1001
772,1014
219,1013
170,1007
97,1001
232,1005
577,1003
773,1011
292,1003
726,1014
426,817
67,1016
599,733
881,1014
548,886
33,1001
45,1018
542,1004
706,1019
594,605
745,1001
239,645
455,924
149,1018
149,1013
2,1013
193,450
283,1003
818,1016
35,1010
664,740
735,1006
401,694
7,1005
351,1008
982,1009
729,1002
845,1015
300,740
705,1004
657,1015
597,1003
98,1003
679,1007
640,1008
849,1011
914,1019
582,1003
534,1003
878,1004
233,1015
164,685
702,1004
495,1015
526,1000
818,1009
805,1003
521,1010
44,1012
129,872
567,1006
998,1004
147,1011
38,1011
748,1005
165,868
690,1002
569,1015
415,1001
638,1000
149,1005
955,1010
838,1009
113,1006
899,1006
970,1004
593,1004
416,1014
183,1007
371,999
778,1005
738,1011
594,1004
893,1008
84,1014
260,896
544,1017
646,1017
910,1002
540,1000
535,1005
773,1005
624,1007
688,1011
702,760
453,1016
231,1017
585,1000
111,1007
378,1001
584,1010
674,1004
539,1008
379,1009
500,1013
824,1000
341,1001
729,1005
199,1001
649,1015
941,1007
148,1003
354,1003
36,1010
504,1005
577,1014
682,1000
604,1009
438,1001
152,1000
504,1004
256,1012
279,1012
292,1005
936,1013
137,1011
398,1009
462,1010
16,1013
294,1017
306,1019
853,1008
237,1013
147,1018
335,702
301,1017
230,1018
109,1000
551,1005
100,1017
225,1003
76,1015
488,1002
488,1006
429,1007
815,1019
461,1007
100,1003
952,1010
130,1009
434,1006
444,1009
862,1008
994,1010
305,1004
169,1018
210,1010
915,1017
539,1003
965,1016
167,1010
19,1013
761,1000
644,1006
566,645
933,1003
613,1016
828,1013
529,1018
203,999
755,1015
565,1005
724,1004
63,1014
650,1019
450,465
403,1005
962,1014
513,1002
687,1018
685,1015
216,1014
917,1008
976,1008
421,800
289,1017
388,1016
129,1005
920,1003
525,1006
154,1012
653,1004
303,1001
105,1014
119,595
594,1008
370,1007
622,1000
829,1004
716,1012
381,1013
690,1001
454,744
303,1016
395,1015
964,1007
728,1003
222,1015
384,454
348,1002
430,1014
485,1011
49,1000
619,1018
18,268
11,1016
703,1016
155,1016
253,1019
907,1007
313,1007
774,1013
986,1007
75,1009
57,974
708,1009
494,1006
204,1006
429,1008
45,1017
439,1011
332,1017
744,1004
885,1007
717,1008
209,272
990,1002
112,1012
588,1007
891,1019
319,549
506,897
976,1001
589,1014
710,1007
702,1007
272,1012
286,1015
309,999
964,1016
213,1001
865,1003
269,983
483,645
394,1007
21,1018
405,1005
269,1014
606,1002
333,1015
14,1006
607,1015
520,1016
122,1009
690,1012
245,1003
269,1012
771,942
590,1017
140,1001
691,962
26,1005
599,1005
447,1010
449,1000
267,1010
802,1018
388,872
781,1005
463,1013
273,1003
148,1015
32,1001
132,1014
124,1018
710,1014
222,638
177,1006
419,1014
36,1016
766,1013
293,1004
450,1015
849,1015
347,1004
63,370
444,925
766,1001
453,1014
98,1012
833,1016
114,1019
630,1013
187,1004
671,1009
372,1005
658,1004
643,1005
838,1014
339,1004
541,1016
395,1012
71,1014
817,1007
926,1006
465,1013
208,1008
589,1005
187,296
929,1013
730,1004
971,1011
674,1008
566,1017
248,1016
262,1005
5,1003
919,1019
436,1018
321,1004
670,1014
667,1019
832,1008
365,1008
689,1002
594,1002
125,1010
246,1019
54,1019
567,1012
487,1019
979,1000
241,1006
988,1005
169,395
231,1011
914,1001
561,1019
102,1001
544,1013
582,1013
216,1000
178,1016
639,1009
670,1015
292,1007
320,1000
779,1005
981,1004
809,1019
454,1007
510,1003
929,1006
815,1017
463,1007
967,1000
83,1004
39,1013
587,1009
262,1015
130,1004
449,1008
415,1015
859,879
347,1012
258,428
404,1003
361,1010
843,1005
288,1018
424,673
7,196
963,1007
246,1002
573,1011
72,1008
312,580
131,1010
145,1010
612,1001
934,1015
884,1002
657,1018
802,849
910,1018
323,1011
937,1015
40,1001
744,1019
197,1019
339,926
372,1011
700,1003
751,1011
776,1003
994,1001
142,1012
882,1013
551,1003
386,1009
707,1018
783,1004
870,958
392,1000
562,1017
841,1007
112,1013
720,1015
99,744
999,1000
749,1011
135,1000
229,1006
426,1019
440,1016
374,1000
102,1007
120,1000
298,1015
587,1001
891,1015
259,1007
731,1004
902,1018
859,1003
701,1004
155,1003
734,1005
271,1001
130,1010
471,1006
463,1004
712,1011
829,1015
891,1010
46,1011
778,1011
74,1012
785,1006
157,1003
387,1016
800,1008
677,1005
921,1017
807,1003
638,1004
549,1008
617,870
234,890
921,1015
848,1007
903,1013
479,638
687,1005
223,1005
932,1012
708,1014
258,1012
652,1014
581,1007
665,1007
943,1007
790,1009
559,1019
813,1006
530,1004
645,820
580,1011
320,968
513,1006
491,782
264,1007
890,1015
386,520
937,1012
314,1007
315,1018
142,1013
888,1006
8,1011
142,737
277,1012
314,1019
296,1005
962,1000
469,1000
490,1013
880,1001
804,1004
897,1019
376,1006
118,1001
329,1017
730,1007
787,1004
64,1006
513,1011
646,1004
168,1003
188,803
517,971
196,1001
504,1009
118,1000
439,454
60,1017
892,1015
411,1008
49,1002
820,1016
466,1017
212,1000
197,657
727,1005
43,1018
973,1009
496,1006
445,1004
63,703
805,1002
285,1010
509,1004
404,1001
899,1009
269,1017
199,1003
759,1017
188,1000
53,1016
118,485
466,1002
504,1002
7,1017
529,1006
401,1007
708,1013
633,1009
555,1008
268,1003
955,1000
402,1019
693,1019
99,1009
296,1012
85,1017
438,1016
736,1015
420,1019
828,1004
645,691
940,1007
818,1003
503,676
977,1013
821,1002
420,1012
700,1008
206,1013
9,1016
592,1017
720,1017
319,1014
309,1014
241,1007
502,1002
115,1017
688,1010
805,1015
470,1013
123,1006
161,1012
153,1013
872,1000
110,1007
524,1009
722,1017
954,1018
809,1001
55,1019
222,1011
86,1006
8,128
383,1016
318,1012
474,1007
655,1016
251,1017
44,1006
70,1006
407,1002
267,1009
343,1017
42,1012
94,471
83,1018
590,1018
942,1004
62,1016
447,1016
931,1011
73,1009
132,749
563,1014
512,1000
593,1011
814,1010
881,1013
887,1018
240,420
143,808
100,1012
966,1006
624,1012
217,1007
637,1003
454,461
877,1002
520,1000
496,1016
289,1007
382,1000
755,788
192,1016
770,1010
565,870
615,1009
503,1003
349,1017
678,1017
596,1009
858,1007
936,1010
63,237
565,905
334,1012
405,1014
254,1004
867,1001
960,1000
322,1010
784,893
757,1004
464,1008
525,1000
947,1006
457,1006
567,1008
39,1012
453,1004
977,1006
186,1018
244,588
387,1014
24,600
683,1002
51,1011
863,1013
206,1006
909,1019
718,1008
606,1017
356,1007
163,185
85,805
738,1016
63,454
476,999
600,1006
766,1003
488,1003
617,1001
46,1004
551,645
736,1017
80,1008
451,656
93,1009
211,1005
835,1003
111,1009
271,1017
447,1004
405,1004
855,1015
271,1010
17,1014
914,1004
215,1017
956,1004
688,1006
959,1002
859,1012
487,1008
482,1019
29,1010
631,771
921,1010
48,1012
655,1010
547,940
295,1009
682,1015
130,1005
386,1003
651,1005
685,897
514,1014
156,1003
185,1019
309,1011
429,669
393,1019
830,1008
434,1001
531,1005
874,1010
421,1008
720,1007
454,1003
36,1012
677,1014
250,1010
177,1014
679,744
48,774
227,1014
197,999
462,1009
263,1009
659,1004
301,1014
506,1002
409,1012
403,1014
95,1014
423,1007
891,1018
671,1015
675,1016
232,1017
40,1011
168,1018
844,1000
299,1019
260,1006
125,1004
67,1006
994,1005
728,1017
139,1014
66,1012
498,1009
493,1008
371,754
843,1011
654,780
401,1015
22,1011
698,1008
836,1017
395,585
94,915
129,1002
510,1009
72,1006
314,1005
594,1013
649,727
747,1005
624,1015
730,1009
431,1008
183,1010
592,727
657,1019
671,1018
193,1006
16,1004
760,1010
351,1016
343,782
248,910
931,1007
352,1007
417,1011
706,1013
367,1008
665,1003
920,1018
121,1005
485,1002
161,1000
499,1009
640,1011
207,1003
813,1010
732,1016
167,1006
292,1012
53,1010
349,1007
458,1008
58,1007
764,1003
949,1001
276,1016
164,169
193,1004
918,1001
264,1019
367,1007
624,1002
311,338
918,1002
980,1007
107,1013
828,1016
411,1019
185,1002
876,1013
416,1012
969,1017
0,1001
80,1000
799,1017
31,103
338,1012
423,1013
150,1005
267,1012
868,1017
519,1008
842,1011
791,1000
328,1014
672,1018
107,1011
169,1008
63,1016
91,1007
112,1007
750,1005
258,1005
842,1002
469,1010
674,1014
110,421
68,1017
494,1009
668,1008
825,1009
84,1001
627,1004
975,1018
681,1008
827,1019
905,1000
598,1014
206,1001
804,1018
242,781
772,1017
549,1006
309,682
24,292
931,1012
973,1013
744,900
463,1005
848,1011
195,1013
225,1007
630,1016
304,624
808,1001
954,1015
506,1000
891,1003
177,1008
556,1003
390,1002
674,1007
109,1007
855,1019
646,1010
337,1003
289,1005
412,1002
862,1007
15,1003
159,1013
792,1001
166,1012
837,1001
748,1015
741,1017
378,1004
990,1015
256,592
107,643
64,1003
23,1019
744,1016
304,1019
83,1017
976,1002
34,1007
777,1012
772,1016
607,1007
496,1015
737,1000
992,1012
268,1018
682,1017
316,953
902,1016
760,1005
398,1002
764,1016
627,1017
599,1014
972,1005
248,1009
879,1001
183,695
208,592
26,1009
631,1005
115,1006
617,1000
739,1011
659,1010
576,1009
504,1019
520,1007
659,1007
162,1007
18,920
322,518
570,1018
603,1002
948,1011
242,340
336,1004
748,786
23,999
120,1005
218,1007
104,1004
247,1007
1,1008
635,1013
161,262
910,1015
182,1000
84,1000
552,1006
888,1018
932,1018
494,1010
951,1011
287,1015
3,1007
655,1004
859,1017
240,1008
91,1002
331,1008
440,1002
917,1010
122,1018
500,1011
225,1000
314,1010
244,1008
642,1011
753,1015
3,1001
744,1009
721,1003
419,1005
302,1014
843,1012
320,1019
717,799
217,629
813,1008
522,1017
452,1010
500,1001
962,1010
1,770
429,997
423,1010
828,1008
29,1014
348,858
220,398
401,1005
930,1003
930,1009
164,764
414,1003
217,942
696,1001
265,1016
170,1017
521,1008
789,1007
733,828
564,1008
803,949
222,363
509,514
11,1007
439,1012
19,1002
109,1004
61,251
462,969
983,1014
294,1001
617,1017
17,302
623,1004
471,972
329,1007
864,1016
215,1007
34,1006
789,1015
621,1018
922,1013
18,627
274,1016
424,1016
478,1004
563,785
217,414
422,1016
707,1014
551,1010
238,1016
926,1000
415,1007
160,1006
505,1002
837,1016
787,1005
354,1001
165,1000
491,815
20,1019
654,1008
483,1011
189,1004
592,1018
404,1012
865,1002
619,943
118,1010
423,1011
635,936
457,1011
286,1005
77,1010
191,1018
750,1019
609,709
454,1009
684,1010
289,1012
388,1019
653,1019
883,1003
169,1003
786,1012
346,1006
332,1011
974,1015
669,1014
487,1009
691,1000
360,1007
967,1001
648,1003
295,419
185,1011
816,1004
994,1018
816,1017
971,1005
415,1003
328,441
441,1007
680,1002
461,1005
407,1005
770,1013
459,1005
845,1014
689,1009
802,982
189,1008
819,1015
25,1010
382,1004
388,1017
969,1009
411,1006
238,1018
426,822
856,1013
618,1013
748,1008
632,1013
63,977
579,1016
848,1008
345,1013
254,1012
376,386
364,1001
656,1004
447,1008
418,1011
252,803
877,1005
22,1019
255,744
345,1014
310,1016
491,897
338,1002
307,1013
129,1013
164,1012
773,998
258,838
433,1005
881,1000
292,1014
59,702
922,1015
664,1003
609,1002
551,733
265,785
0,1012
791,1006
838,1003
267,288
932,1004
813,1013
377,1019
316,516
975,1017
545,1019
464,1000
656,731
244,410
918,1011
903,1008
239,1003
38,1003
314,1011
386,1005
535,1002
737,1017
695,1009
376,827
803,1000
649,1005
634,1001
179,1019
555,1016
982,1006
352,1002
643,1007
144,414
575,1000
268,1013
423,1006
848,1018
406,757
303,1009
797,1004
641,1017
67,1014
948,1003
968,1005
10,1003
544,689
578,1003
324,1004
739,1012
244,754
853,1009
690,1017
348,1000
338,865
604,1014
654,1012
69,1007
554,1019
469,1009
635,1016
602,1016
751,1006
668,1016
115,1002
853,1010
840,1002
158,1018
65,1016
844,1002
81,1016
558,1002
468,1009
750,1007
634,1002
676,1008
128,1008
183,1009
651,1017
565,807
694,1002
8,1006
850,1016
441,1008
412,1014
720,1016
352,1018
845,999
137,442
113,1003
71,1017
493,1014
257,1002
381,1011
777,1007
85,299
933,1015
666,1003
972,1014
489,1001
864,1000
201,1004
26,536
228,1008
142,1001
709,1014
536,1005
681,1016
914,1018
633,1003
662,1006
6,1013
792,1014
751,1005
582,1018
635,1014
10,1004
314,1016
6,1017
714,1019
923,1019
513,1016
248,1000
489,1019
224,1007
523,1004
983,1015
562,999
143,1006
990,1003
998,1011
823,1002
921,1007
484,1007
843,1001
862,1005
504,1012
574,1018
126,1009
345,1005
827,999
322,1006
197,782
782,974
550,1012
925,1018
839,1007
629,971
630,1004
671,1002
11,1005
55,1009
9,946
556,1001
835,1011
292,1000
306,1018
684,1018
85,1019
31,1013
8,1000
850,1010
701,1008
904,1019
672,1010
399,1013
90,1015
488,1007
568,1018
167,426
3,503
581,1009
384,1014
83,1014
169,1010
162,1011
41,1011
591,1010
999,1015
492,768
423,1017
532,1006
645,880
37,1006
780,1010
299,1005
343,1007
704,1001
989,1010
286,1017
70,1007
165,1008
755,1018
14,1002
605,1000
821,1008
64,647
125,1007
575,1005
930,1007
339,1017
26,1004
841,1010
735,1000
407,1001
62,1005
670,1013
20,1010
841,1000
462,1012
786,1001
361,1017
486,871
91,1009
541,1012
284,1010
780,1007
484,983
513,1009
946,1005
741,1010
168,769
784,1003
806,897
322,1004
648,860
517,1008
618,1011
857,1000
987,1000
460,615
424,999
593,1010
467,544
727,1013
543,771
270,1011
504,629
890,1007
388,1015
885,1001
11,1010
281,1017
316,1018
948,1008
49,1018
15,1014
986,1003
551,1019
322,1009
65,1017
402,1014
371,1007
485,1012
859,1016
921,1018
82,1016
572,1001
882,1016
95,1004
527,1014
467,1003
189,1005
15,1017
501,1005
949,1010
18,1018
115,1008
346,1007
295,721
304,1003
505,1005
398,1005
103,1003
187,1010
547,1001
726,1001
868,1000
595,1007
743,1012
154,945
772,1013
386,711
178,882
819,1013
601,1003
968,1002
311,1000
139,1013
558,1018
195,1000
496,1019
930,1008
443,1004
94,1015
502,1010
130,1013
555,878
882,1012
440,1015
442,1007
59,1006
776,1014
231,1008
765,1006
121,1014
955,1006
822,1014
448,1015
313,1001
422,1001
534,1006
679,1004
914,1009
146,1007
0,1002
436,782
771,1000
670,1005
118,645
670,1019
378,1016
836,1002
176,1007
5,1011
380,1013
890,1010
627,1016
99,617
449,1013
801,1008
682,1001
466,1016
852,1014
466,1007
746,982
298,1010
397,1014
268,1015
537,1002
515,1015
101,1007
148,1006
939,1015
586,1009
437,1010
207,1005
561,706
406,1001
201,1013
463,1018
709,1019
74,1001
117,1013
250,308
683,1004
378,1013
931,1009
831,1019
873,1000
809,1004
985,1000
43,1007
407,1019
636,1012
177,493
350,1016
555,1009
542,1008
27,1006
246,468
243,1011
5,1019
753,1002
385,1004
864,1012
385,1009
488,1012
337,1016
805,1019
177,1007
91,790
962,1013
846,1000
454,592
447,1019
261,547
517,1019
831,1015
536,1006
271,777
190,1010
940,1014
486,1019
553,1015
816,1015
103,1007
219,1012
231,1012
941,1016
939,1019
233,1009
442,731
88,1004
475,508
362,1006
247,1009
358,1016
540,1005
132,1019
92,1011
950,1003
113,1018
654,1001
444,1016
887,1000
285,1016
284,1015
782,924
184,1004
456,1005
826,1005
556,1000
431,1017
196,1006
518,1013
127,1016
145,1014
844,1018
492,1008
120,1002
78,1010
82,1006
569,1012
662,1015
331,1010
136,1005
173,1003
199,1012
852,1001
314,461
631,1011
917,1013
548,848
948,1005
524,1003
954,1019
457,1018
563,1011
149,1010
659,1011
454,1015
174,228
765,1010
731,1000
356,1019
561,1005
46,1016
697,1008
484,1019
798,1014
944,1000
254,1016
94,1017
647,1019
464,959
470,1017
256,1015
965,1015
200,1019
341,1009
551,934
694,1014
826,1009
819,1010
738,1015
897,1010
727,1017
607,1006
434,1019
700,1012
576,1006
804,1008
727,1016
40,831
247,1003
535,1007
888,1019
540,1013
188,1016
819,1018
700,1016
718,1013
831,1014
395,1013
197,562
672,1012
490,1006
668,1015
656,1013
895,1011
674,1006
672,1013
750,1015
160,1005
954,1002
763,1000
264,1012
208,1013
522,1003
834,1008
838,1015
845,1004
70,1003
541,1007
273,1015
51,1016
788,1018
957,1002
921,1005
347,1008
83,1008
969,1000
144,885
499,1012
477,1010
236,1007
152,1018
553,1002
194,1000
426,1009
315,1014
382,1013
163,1016
353,1001
668,1002
604,1005
217,979
736,1005
413,1014
873,1012
184,846
653,1005
160,808
597,1005
64,328
228,1018
689,1019
264,1016
481,1009
277,1016
111,1013
988,1004
538,1017
284,1017
135,1014
883,1004
353,1015
673,1011
474,1015
344,1003
651,1014
331,1016
764,1019
630,1007
937,1014
452,1011
431,1012
144,541
403,1009
98,1011
821,1003
948,1002
387,1018
123,1015
72,1015
762,1010
94,1006
656,1017
367,1006
317,1019
491,1014
265,1013
837,1005
222,1017
21,1009
862,1003
802,1017
776,1002
325,1004
20,395
79,1019
670,701
891,1001
703,1007
360,1016
284,1000
953,1005
796,1000
721,1005
216,1010
338,1016
847,1005
104,1006
576,1004
144,317
510,1001
225,782
330,1017
48,1014
564,645
397,1001
110,781
624,1017
141,1018
336,999
180,1014
948,1017
327,1001
132,1005
59,1003
658,1012
549,1010
204,1018
574,1019
313,1016
526,1008
967,1013
420,1005
658,1009
334,1006
100,1011
686,1018
671,1010
219,1019
396,1009
602,1013
865,1010
134,1015
197,717
85,439
18,244
882,1009
437,1000
544,845
693,759
611,1001
577,1006
174,1015
588,1015
647,1003
65,1003
754,1002
782,1002
285,1009
724,1005
167,1005
258,1007
134,1000
31,1008
998,1017
9,1001
502,1017
776,1008
692,1014
223,1012
82,228
182,1012
198,1015
178,1002
618,682
56,1008
283,583
704,1003
665,1004
8,1014
118,1015
429,1018
867,1015
772,1005
172,1012
386,684
351,1018
619,947
149,1012
859,1002
133,1015
250,1001
731,1011
44,1013
640,1006
252,1001
809,1012
918,1018
587,1019
941,1006
493,1009
304,322
54,1014
550,1006
492,1001
577,1012
302,1012
31,1005
716,1000
530,1019
725,1017
440,1004
170,254
911,1018
111,1019
127,1004
169,179
396,1003
370,1004
242,1011
55,1010
513,1007
52,263
113,168
905,1018
55,1012
486,1002
947,1014
903,1012
157,1016
802,910
859,1018
140,1000
586,1001
187,1015
418,1006
282,1003
749,1012
530,547
423,1009
828,1005
554,1010
453,1017
937,1001
827,1012
742,1008
867,1003
557,1003
490,1010
687,1016
969,1010
107,1004
112,1016
425,1014
567,1004
411,1015
832,1011
422,1000
216,1011
470,1006
282,1007
197,744
576,1017
56,1014
179,1005
159,1000
295,1008
196,1015
29,1001
246,1000
177,746
197,308
398,1001
569,1007
367,1012
85,386
390,1001
978,1014
635,1018
389,1013
14,1003
428,1007
518,1012
62,297
133,1018
789,1018
75,1001
884,1010
643,1009
72,1005
923,1014
615,1002
31,1002
932,1006
62,1009
701,1016
32,443
916,1014
60,1014
828,1000
830,1004
721,1017
965,1014
693,1014
823,1015
51,1014
605,1016
682,1005
491,627
240,1017
399,1006
376,1015
608,1013
952,1018
520,1011
984,1018
111,943
320,1006
14,305
860,1018
101,1016
138,1012
148,217
186,621
590,1001
785,1008
385,1008
72,1009
190,1005
370,1005
999,1002
766,1012
78,1016
870,1014
488,1017
648,1016
645,947
839,1001
602,1014
153,1004
410,1014
781,1002
309,1009
974,1010
298,1005
912,1005
144,1005
329,1009
179,712
497,1015
878,1013
752,1017
192,862
399,1000
533,1016
376,1004
743,1000
674,1012
486,542
603,1014
267,842
31,891
370,1011
709,1016
507,1010
192,443
843,1006
97,1018
401,1019
71,1003
685,1000
969,1018
55,1000
207,1002
211,1006
785,1002
974,1007
772,1001
797,1006
617,1011
547,590
391,1010
119,1018
227,1008
512,1001
242,744
16,97
951,1018
894,1014
989,1009
372,1003
865,1005
69,1017
239,780
454,981
150,1010
69,1009
399,1005
557,1011
193,806
989,1018
310,633
391,1013
650,1006
801,1007
102,670
34,1019
254,1013
107,1016
185,1000
413,1003
898,1005
732,1010
650,1015
448,711
357,1004
220,1014
141,1000
846,1013
692,1007
14,1007
90,1006
938,1005
656,974
599,1001
798,1000
621,1017
439,1000
336,1014
566,1019
547,1009
977,1005
305,1012
875,1001
145,1007
623,1008
78,702
815,1013
58,1013
438,1012
785,1001
999,1006
673,1014
426,1015
676,1017
839,1005
752,1013
574,1016
579,1006
406,744
229,1002
362,1001
578,1008
347,1007
164,216
419,1011
217,1005
481,1001
279,1000
675,1019
715,1003
436,1006
224,1010
992,1004
10,995
643,1012
126,740
869,1005
142,1006
744,872
512,1007
712,1012
872,1002
13,1010
761,1015
169,1014
602,1009
454,660
393,1004
565,1007
620,1007
515,991
958,1005
266,1012
684,695
818,1001
601,1011
583,1011
895,1006
425,1012
85,199
2,1010
232,1001
680,1009
91,1012
183,715
453,733
550,1017
721,1015
348,1018
247,1000
758,1017
969,1004
420,1017
368,1004
63,842
57,1004
426,440
904,1008
41,1012
919,1015
615,1014
305,1010
541,1013
557,1007
394,1014
447,1014
846,1006
116,1001
8,1018
749,1015
54,1003
407,1017
966,1005
297,1007
928,1015
355,1019
429,1003
725,1004
558,1012
631,823
808,811
447,1015
979,1019
536,1014
352,1012
298,1014
606,1003
296,1014
143,1003
766,1000
437,1019
10,1014
803,1014
738,886
352,1003
261,1018
40,201
665,1001
557,1009
107,244
715,1017
878,1014
128,1016
455,1008
763,1018
565,1013
607,1008
970,999
777,1001
628,1001
734,1012
237,1016
272,1009
602,1010
814,1012
399,1011
463,1001
326,1001
40,425
744,940
932,1010
134,1008
651,1002
890,1016
817,1003
200,1012
182,1004
377,1014
307,1001
593,1001
685,1019
812,1000
507,1003
86,1019
275,1008
651,1013
717,749
437,1009
665,1005
958,1007
84,1006
762,1000
889,1002
244,744
431,1009
344,1006
445,1006
865,1017
768,1006
460,1015
687,1001
842,851
934,1013
293,1014
410,1010
571,1016
94,1002
794,1008
996,1007
514,1002
906,1011
551,875
646,1018
717,1005
272,1019
783,1000
797,930
878,1001
213,633
10,1019
316,1012
40,323
902,1009
944,1014
472,662
322,1014
414,1001
23,1008
664,1005
246,1004
726,1002
578,1009
45,1009
422,1004
727,1012
79,1017
51,1004
976,1007
932,1002
657,1001
760,1017
244,1015
347,1015
746,1014
789,1011
600,1003
817,1009
316,763
694,1007
539,1009
189,1000
307,1006
981,1000
899,1018
276,743
471,771
320,1014
469,744
223,1017
972,1019
343,1011
164,544
640,1010
744,746
154,1019
248,1012
297,1018
285,1006
386,441
303,1018
229,1000
202,758
326,423
519,1016
565,1004
305,1011
2,1017
397,1013
410,1019
799,1001
766,1015
12,1013
25,1013
404,1005
731,1008
996,1014
733,1005
363,1015
170,530
723,1019
102,1014
181,1005
849,1012
204,556
616,858
996,1015
532,1014
131,1015
627,1003
732,1003
144,878
405,897
652,973
541,1008
767,1010
526,1018
348,1015
229,1019
650,1008
321,1002
780,1006
757,1005
499,1005
382,1002
394,743
631,1003
631,1010
622,1015
773,1019
386,850
246,1007
577,1004
630,1002
930,1011
41,1002
6,1007
390,1013
287,999
65,1006
32,1017
544,791
409,1017
120,1019
752,1012
6,1000
286,1009
423,1004
222,536
403,1016
900,1011
217,827
519,1005
344,372
607,1003
13,1005
112,1002
274,619
264,991
271,1016
474,1008
34,1011
133,1014
533,1004
172,1018
58,1009
500,1009
430,1008
509,1011
972,1008
658,1005
501,879
59,227
702,715
621,1010
149,1011
688,1002
122,1003
164,1010
837,1002
975,1008
507,752
771,850
606,1019
98,1001
461,1013
719,1000
226,825
696,1016
132,1002
434,1005
428,1009
349,1002
221,1017
420,1007
180,1015
889,1007
859,1014
566,1003
830,1006
180,999
813,1003
946,1009
732,1013
379,1003
743,1009
753,1009
613,1017
84,1010
195,999
791,1012
931,1001
55,1007
959,1010
443,1015
945,1000
662,1013
570,1012
78,1004
288,1007
402,696
191,1004
261,1016
894,1017
547,1000
39,1010
663,1019
125,1018
686,1015
480,777
20,1014
443,1011
78,1017
521,959
539,1016
689,1013
973,1003
835,1008
767,1013
584,1004
34,1018
725,740
888,1015
888,1004
431,1010
288,538
64,1018
922,1004
308,1014
614,1004
86,1003
67,1008
157,1001
825,1016
660,1000
850,1011
566,635
74,1009
328,1019
392,954
660,1002
608,1016
227,1016
697,1019
162,1004
503,1007
966,1001
712,1015
272,1010
536,1003
635,1009
306,1009
256,1005
577,1018
756,1018
562,1013
703,1014
837,1011
838,1001
683,1018
15,1005
852,1018
259,1002
443,1000
134,1004
921,1014
645,733
830,1002
119,133
403,1019
581,1017
366,1006
184,1011
588,1006
95,1016
799,1006
281,788
140,691
118,1004
295,501
455,1003
53,1005
778,1001
117,1014
16,1007
569,1010
151,1010
221,1002
135,1017
65,1002
841,1016
439,1009
683,1011
290,1018
549,842
147,1010
105,1003
273,1000
644,1008
789,1008
851,1012
761,1016
978,1000
499,1004
198,1019
953,1001
910,1013
595,1013
217,502
483,1013
814,1014
129,588
179,1010
133,1001
778,1018
721,1002
158,1005
130,1019
654,1016
756,1010
255,1018
164,371
784,1002
210,1001
399,426
81,1017
114,1017
285,1000
402,1016
854,1001
919,1008
537,1010
468,746
904,1013
950,1013
677,1011
559,1014
349,1003
779,1001
84,897
662,1014
318,1002
426,999
115,1012
182,1011
841,1002
303,1013
59,827
0,1003
566,989
864,1006
431,1003
156,1019
739,1003
772,1009
827,1010
473,1014
200,1016
498,1015
843,1016
293,1010
675,1010
513,1015
211,1007
958,1012
733,1009
45,1008
952,1011
339,1000
328,1012
397,1005
684,1006
642,1016
156,1000
394,1003
298,1004
503,1009
993,1013
652,1005
985,1011
326,1010
444,1008
846,1005
64,594
590,1005
134,1013
736,1013
641,1008
87,1010
321,1016
709,1009
926,1011
569,1009
119,1005
344,1017
485,1013
108,1001
164,711
166,1004
409,1010
430,1009
449,1016
71,449
152,1009
37,1011
395,1017
217,707
75,1014
349,1010
109,1003
994,1013
913,1016
783,1008
790,1011
702,1002
24,1010
461,569
38,683
638,1005
671,1016
352,1011
693,1015
283,1018
492,1000
29,1017
281,1013
290,1007
649,1013
295,1005
390,1007
842,1013
578,1011
451,1003
126,1004
544,1004
657,1007
984,1013
191,1015
661,1012
979,1011
584,1015
333,1009
483,1010
471,1011
178,1004
32,907
168,1019
553,1000
235,1013
154,1010
917,1012
894,1006
589,1015
559,1018
8,1007
737,1004
734,1004
796,1019
857,1016
408,897
428,1000
800,1009
446,1001
617,1003
886,1000
868,1011
919,1014
794,1015
609,1011
760,1002
113,921
859,1013
202,1014
233,1019
697,1014
176,261
776,1018
257,1008
266,1001
139,1000
631,1012
553,1007
831,1002
256,1019
144,515
196,1011
295,1007
350,1009
700,1005
240,1002
624,1000
429,574
781,1007
577,1010
222,1018
699,1014
542,1001
387,1004
835,1006
489,1004
419,1009
684,1002
633,802
93,1018
724,1000
926,1008
244,922
608,1009
723,1013
334,492
835,974
487,982
121,1008
136,1019
16,1002
486,1013
660,1004
115,1019
689,1005
719,1014
823,1007
552,1018
485,1019
648,1005
9,838
980,1010
316,1015
284,1013
27,1009
969,1002
77,1014
586,696
332,1016
32,1014
761,1013
824,1005
94,626
359,869
928,1004
468,1000
551,1006
522,1012
336,1008
242,1009
408,1006
343,1005
918,1006
166,1006
711,1005
11,1018
676,1002
888,1002
177,1005
25,953
836,1016
999,1004
332,1008
428,1004
909,1017
654,1002
383,1017
179,1008
216,944
511,1007
790,1001
691,1016
589,1006
458,1010
166,836
379,1015
346,1004
473,528
288,1006
987,1014
803,1017
342,1017
352,1019
1,1014
537,1004
361,1000
104,1001
987,1005
582,1004
643,1016
170,1011
209,1015
320,1002
798,1019
310,1000
761,1009
49,1004
341,1010
548,1012
600,1011
609,1001
699,1002
999,1013
177,1015
448,1009
200,1014
727,1014
645,1008
591,1001
152,1011
525,544
705,740
502,1012
23,1015
945,1005
832,1009
224,1013
266,1002
429,486
999,1007
642,1009
276,1019
402,1012
645,1014
458,1019
450,1011
355,619
148,1012
992,1019
36,1014
986,1009
568,1005
323,1019
290,1004
714,1000
392,1015
217,686
387,1000
302,1016
463,1003
909,1009
613,1010
799,1007
52,1016
846,1015
465,1008
890,1001
892,1011
385,1012
556,1004
27,1004
443,1001
227,1012
42,429
826,1018
361,1016
819,1011
614,1013
353,1008
364,1017
734,1001
448,1008
61,1002
324,1019
365,414
753,1007
591,1013
445,1013
214,543
545,1003
113,302
307,1007
68,1005
151,1011
598,1006
164,1008
914,1012
71,1018
227,1001
211,897
564,1019
800,1011
60,1007
197,581
286,1008
539,1007
533,1002
854,1016
723,1011
528,945
366,1010
894,1011
426,810
229,876
465,1010
567,1001
885,1006
878,1002
919,1005
40,1010
343,480
525,673
982,1011
604,1007
544,1005
223,1002
78,1015
21,1014
894,1019
727,1010
463,1014
142,1015
741,1001
178,1014
317,1012
245,1011
761,1002
891,1011
476,1005
216,1006
809,1018
179,1007
36,1019
902,1012
229,1015
867,1010
41,529
569,1001
819,1005
277,1013
198,544
215,1016
947,1003
656,902
353,1017
496,1009
452,1003
904,1014
563,1019
878,1006
70,1004
734,1009
948,1009
896,1014
850,1018
573,782
347,1002
441,1017
128,1007
188,1008
511,1010
267,1003
300,1013
101,842
319,841
61,157
874,1015
188,1014
217,1002
482,1000
205,1001
15,1004
889,1012
168,966
155,233
118,214
595,1003
769,1006
73,1016
752,1018
787,1001
884,1017
431,1002
512,1019
400,1000
175,1017
108,1009
486,591
205,1014
892,1009
535,1014
67,1002
324,1003
98,1007
321,1006
431,645
225,1018
492,1002
354,1012
379,702
144,544
886,1018
657,1010
393,1012
89,1007
220,1017
94,1005
875,1017
100,808
316,362
324,1009
137,1007
927,1007
756,1000
20,799
194,1001
808,1018
179,1006
683,1015
19,1019
622,1019
519,1007
14,1019
2,367
919,1012
423,1019
401,1010
744,993
532,1017
364,727
964,1008
676,1010
66,1019
910,1006
190,1008
486,892
938,1009
375,1010
244,1002
404,629
875,1008
305,1008
598,1002
228,1006
427,1007
847,980
645,665
774,1007
695,1000
908,1016
258,1016
858,1019
835,1018
440,1001
96,741
155,1018
592,1019
871,1007
547,887
894,1001
495,1008
820,1001
364,1002
563,654
345,1019
385,1015
11,1014
429,1000
939,1012
765,1005
43,1019
65,1007
812,1011
855,1012
836,1004
847,1001
106,1014
850,1019
30,1001
744,867
130,946
770,1014
254,1011
145,1019
758,1004
439,1003
623,1010
372,454
363,701
413,1010
300,1009
417,1003
457,1013
646,1012
319,710
505,784
931,1004
167,1009
688,1001
78,1009
143,1011
161,1015
298,1007
682,1002
155,1009
548,999
272,1007
333,1008
730,1000
585,1017
258,1004
402,1018
452,1009
709,777
470,1014
643,1004
450,1019
420,577
792,1013
644,1017
988,1016
165,1014
45,1004
246,1013
604,1010
380,1011
851,1019
510,1014
824,1004
973,1006
591,1007
436,1016
128,1014
352,407
38,1010
0,1014
712,1002
581,1010
101,1015
214,1019
932,1001
962,1009
521,1000
155,727
685,1018
254,677
572,1010
458,1004
603,1019
346,1012
619,731
576,1010
34,1004
162,1010
727,1001
609,1019
811,1006
239,1015
35,1005
783,1014
558,1004
782,1018
751,1015
176,1002
25,481
801,1006
121,1011
241,740
550,1003
634,1005
378,1002
64,1002
804,1007
491,1017
456,1016
40,169
956,1018
713,1000
49,1006
76,1010
471,1012
13,1003
252,1011
171,1018
600,1016
823,1014
246,321
55,1004
997,1006
856,1014
9,1003
776,1011
585,1012
319,931
976,1019
963,1000
965,1001
158,1011
787,1007
566,1014
11,1012
850,1000
171,1019
217,1017
386,1014
704,1018
17,1011
475,1013
609,1015
874,999
924,1012
69,1013
363,1013
663,757
603,1008
564,1018
889,1015
987,1012
203,1012
57,1000
186,1015
817,1002
752,1016
933,1002
453,1005
687,1006
855,1011
242,1002
584,1000
198,1018
841,1003
77,725
557,1000
695,1016
21,1016
362,1016
217,702
128,1000
965,1009
333,1005
16,1001
235,716
217,601
15,1015
446,1002
156,1018
766,1019
937,1000
368,1011
674,1016
387,645
691,1015
913,1005
424,1009
162,766
358,1002
980,1008
588,1004
736,1004
804,1010
574,1008
177,1001
39,1004
813,1000
92,1015
445,1000
928,1017
633,1006
396,1012
984,1001
488,1016
455,1006
393,1002
0,1019
757,959
363,1005
529,900
28,1010
339,794
638,1015
989,1002
611,1006
294,507
854,1013
348,1014
247,743
555,1011
238,1015
59,951
52,1017
199,1005
70,1012
571,1017
892,1005
493,1017
475,897
462,1011
266,1011
970,1008
303,420
587,1018
350,1008
827,1001
410,1001
399,1015
913,1006
102,900
973,1011
381,1010
419,1000
568,1011
331,1009
729,1017
258,1009
45,382
409,1004
612,696
341,1002
294,684
297,1005
433,1007
575,1011
11,1003
839,1000
235,1016
255,1017
731,1007
988,1009
605,1008
715,1010
812,1004
772,1003
67,1018
771,1012
570,1019
377,1018
654,1000
924,1014
559,886
114,1007
784,1006
381,426
800,1019
20,1012
144,1003
249,1016
802,1008
798,1006
408,1013
674,1017
814,1001
611,1004
647,1013
308,1013
130,888
962,1005
792,1003
269,1001
384,386
665,1014
256,1002
980,1012
560,1001
669,1011
809,1016
893,1019
190,1001
246,755
386,1016
9,220
446,1010
770,1000
756,1012
134,1012
916,1017
621,1012
951,1017
973,1008
144,1009
296,1010
668,1000
839,1011
363,1004
905,1012
24,303
547,999
812,1019
586,1007
73,1010
94,1014
392,1001
16,1005
985,1012
263,1007
31,1015
544,983
676,1014
40,640
882,1010
116,1015
800,835
461,1001
103,934
295,472
36,1011
564,1010
812,1006
888,1005
449,1007
556,1015
63,125
703,1003
965,1010
613,1013
57,1017
507,717
36,1018
118,1016
57,1013
569,1016
638,1018
63,628
993,1015
471,532
318,1000
790,1000
569,1003
922,1006
355,1017
415,1008
142,1002
482,1001
18,782
890,1005
727,1002
737,1018
529,1007
468,1011
90,1002
619,1019
854,1012
405,1013
610,1003
657,1003
543,1009
78,1007
730,1002
85,1002
78,1001
936,1016
377,1010
352,1006
84,1004
780,1015
726,1017
628,1018
230,1011
377,1012
252,1006
296,1017
563,1002
810,1008
669,1004
306,1006
230,1014
306,1010
161,1016
399,1007
416,1001
985,1019
949,1008
278,1002
974,1008
429,873
12,1000
547,1005
150,1009
424,1002
216,1009
574,1007
227,1000
834,1010
98,1013
6,1005
481,1011
279,1015
345,1001
991,1016
126,920
529,1012
613,1015
148,1018
620,1005
438,1014
800,1014
492,1006
995,1009
172,544
8,1017
551,644
651,1018
492,1016
534,1017
877,1010
925,1003
137,1006
580,1007
315,1001
363,1001
328,1006
896,1001
157,1007
865,1009
14,1000
66,1010
883,1009
33,1016
372,1019
62,1018
409,482
52,1014
166,1002
490,1017
26,1018
390,1019
599,1007
507,1008
252,1002
94,143
434,1003
514,1004
113,1004
759,1006
896,1002
52,1019
581,1008
363,1003
179,1002
517,1009
786,1003
521,1007
701,1017
300,1012
213,1012
244,1010
534,1018
23,1003
639,1004
518,1008
368,1005
667,1012
647,1007
995,999
618,1016
766,1018
833,1019
511,946
878,1019
594,1001
555,1012
218,1002
4,1010
37,1009
75,1017
543,1002
133,1000
47,1019
79,1009
506,1018
691,1004
566,1009
310,1018
155,1019
261,689
73,1012
299,1011
892,1016
739,1000
485,1014
110,1000
145,1005
983,1006
133,1012
282,1013
825,1002
326,1013
785,1010
204,1014
183,1017
54,1018
110,1009
974,1002
849,1009
616,1003
824,1002
95,1006
982,1013
12,1019
357,1000
579,1000
364,1006
270,1014
331,1004
127,1003
546,1014
724,1010
471,1019
71,756
534,1010
735,1007
212,1007
901,1006
497,1006
548,1000
579,1009
462,1008
345,1016
129,926
421,1016
61,1006
374,1016
631,1009
488,1014
330,1015
863,1001
895,1017
538,1010
210,307
842,1010
579,827
458,748
355,1008
327,1004
393,1014
40,744
784,1017
572,1011
5,1001
824,1019
825,1015
189,1019
830,1000
715,1013
480,1015
433,468
54,417
425,656
414,1005
685,1007
298,1009
968,1000
514,1001
80,1010
89,1005
768,1013
42,1000
69,164
302,1000
480,1010
452,619
257,1013
211,1008
940,1015
220,1009
768,1001
66,1017
72,1002
848,1012
253,1000
304,721
747,1019
319,1011
548,1009
929,1008
800,1003
631,1015
918,1007
705,1015
313,1017
561,1018
181,1014
128,1011
617,1015
496,1002
214,1014
1,1005
747,1006
364,1009
31,1007
945,1019
184,1018
243,1013
730,1014
124,1002
487,1018
390,1009
255,665
363,1016
261,1002
140,1018
129,1000
676,1005
320,1015
60,1000
671,1008
153,1003
81,1006
834,1001
17,1010
754,1019
426,1008
944,1002
288,1000
618,1002
244,1017
2,1019
877,1013
776,1012
308,1015
7,1011
140,1005
173,1009
756,1013
1,1000
841,1004
855,1013
402,1008
470,685
625,1006
450,1009
351,1004
86,1015
628,1012
396,1018
958,1016
739,1013
928,1005
167,1019
268,450
587,1013
326,1007
275,1018
537,1001
539,1005
680,1015
324,690
39,1005
795,1018
270,1019
323,1014
199,1013
246,487
934,1006
508,1019
348,974
60,1015
954,1006
97,758
894,1009
61,406
311,1010
883,1002
297,1019
393,1010
797,1000
96,1018
321,1000
558,1013
333,1003
895,1018
598,1016
284,1002
746,1009
16,1017
422,1019
644,1011
885,1018
128,1001
589,1009
473,1002
364,1018
741,1013
143,1002
899,1015
124,1004
925,1008
455,1017
825,972
727,1019
385,981
217,657
679,1017
449,1009
974,1014
489,1018
192,1011
723,1015
19,1000
275,1001
163,1011
36,986
686,1008
291,1016
739,1014
906,1010
85,1011
804,1011
482,592
804,1003
589,1013
390,672
100,1009
402,745
180,1001
706,1008
880,1012
136,1006
436,1019
155,1001
675,1011
903,1000
533,1012
683,1014
898,1015
380,1010
950,1010
916,938
841,1018
856,1011
191,1006
152,1010
194,1018
156,1010
635,744
444,1019
978,1018
911,1004
475,1000
135,1012
698,1010
140,1011
35,1012
685,1006
426,537
157,1009
481,1002
992,1011
216,258
717,1000
77,1006
994,1002
691,1019
398,1019
196,1000
837,1009
461,509
264,1015
179,188
905,1007
482,1009
553,1010
529,1008
258,1006
738,1006
421,624
424,1019
888,1017
80,1017
239,1008
357,1017
320,1004
938,1010
177,1011
957,1009
850,1008
137,1002
415,1019
372,1007
681,1017
612,1007
627,1000
461,1002
830,897
248,813
996,1012
954,1014
607,1002
203,1004
368,1007
289,1003
395,1007
316,1011
838,1008
635,1017
627,1019
44,1010
869,1002
843,1002
873,1001
741,1012
883,1018
848,1019
925,1007
775,1006
645,726
561,1012
435,1002
36,959
119,626
612,1010
150,497
58,999
237,1003
208,1003
327,1011
23,1013
543,1003
109,1013
99,1013
893,1010
62,1001
591,1017
375,1011
217,368
666,1007
27,1011
281,1019
530,1014
28,1012
107,1012
137,1010
338,656
530,562
551,1000
708,1011
963,1008
955,1019
890,1000
861,1001
975,1010
522,1014
191,1014
266,1014
336,1005
131,1016
854,1002
3,1011
281,1008
888,1010
95,1001
407,1018
315,1015
79,1010
511,1003
108,1007
432,1019
669,1012
127,1011
808,1009
224,646
418,1019
315,1005
540,1016
540,1003
963,1009
731,1016
494,1018
347,797
3,1003
376,1007
170,1015
67,1000
9,1009
359,1002
757,1014
296,1011
400,1013
578,1001
31,1000
25,1016
721,1009
920,1017
332,1002
49,1016
560,1000
376,761
160,1018
287,1006
593,1015
639,1013
32,656
347,1000
720,1008
459,1009
808,858
110,575
42,459
953,1003
564,1011
186,548
102,1008
636,1007
850,1009
411,1001
63,1012
376,1017
611,1007
184,1006
728,1004
359,1012
724,844
375,857
316,652
973,1017
40,984
426,660
980,1013
158,716
936,1000
634,1013
193,1018
730,1005
150,1003
82,1000
230,1006
605,610
709,1010
964,1011
986,1002
542,1010
792,1018
376,1010
664,1004
778,1006
438,804
35,1009
290,1012
197,1002
713,1001
227,1006
502,1015
935,1015
81,1019
728,1009
621,1019
412,554
999,1017
67,1001
0,1016
251,744
213,1013
314,1003
772,1000
179,728
919,1003
203,1002
600,1005
573,1016
216,1001
866,1011
718,1005
185,239
783,1001
468,643
873,1017
239,1006
785,1004
859,1005
913,1018
123,1001
870,1006
137,567
822,1011
253,1004
407,1014
988,1007
570,1011
381,1004
620,1012
370,1000
631,1017
667,1007
373,1009
900,1017
502,1018
944,1007
96,1006
887,1007
619,1006
908,1008
997,1010
454,553
811,1012
49,1008
611,1010
118,1005
334,740
767,1015
553,1018
993,1018
197,476
337,1013
816,1016
664,1006
54,1000
442,1008
877,1019
90,1003
18,1003
55,1017
85,1014
117,1008
460,1011
7,1007
301,1012
990,1006
51,1005
550,1005
977,1008
904,1017
938,1004
884,1015
563,1018
760,1013
565,1000
743,1014
364,1016
709,1005
421,1019
329,1004
106,217
40,563
51,1012
867,999
911,1019
575,1015
49,1003
608,1011
996,1004
701,1006
814,1008
901,1005
263,1011
175,1008
113,1007
953,1009
645,1011
119,1011
252,1004
621,1013
874,1002
25,197
941,1010
280,1004
786,840
645,768
126,1012
528,1019
111,1004
531,1004
306,1012
506,1016
59,1008
995,1000
472,1015
744,999
424,1017
720,1010
48,1006
155,1002
0,186
530,1003
233,1001
868,1010
205,278
435,808
619,1007
46,1008
812,1012
674,1013
636,1003
703,1018
410,1018
159,1009
852,1016
392,1004
252,1013
183,1000
768,1008
32,1005
340,1018
972,1012
722,1010
177,1012
11,631
106,1001
714,1009
307,1017
239,695
175,1010
108,1006
675,1013
13,1012
100,1008
471,767
210,1019
369,1019
756,1011
278,426
558,1005
959,1013
851,1011
689,1000
264,583
259,1005
28,777
209,412
406,1018
879,1017
923,1013
641,1013
88,1011
874,1008
293,319
439,744
234,1000
951,1004
52,1006
471,1007
486,1014
257,1006
185,1016
871,1008
827,844
317,1005
353,1013
919,1000
541,1014
609,1008
490,1011
446,1003
652,746
13,907
908,1012
357,1002
165,1019
463,1008
954,1012
995,1015
532,1018
647,1005
849,1017
470,1011
328,1017
67,414
933,1016
573,1007
196,1007
407,1011
50,1006
13,1017
179,525
775,1000
820,1010
372,1002
297,419
202,1010
509,1000
986,1013
844,1019
587,1017
595,1011
672,1001
330,1009
300,1008
872,1016
190,828
278,1003
144,1001
926,1015
880,1011
444,1001
738,1002
524,1016
96,974
670,999
634,1008
546,1008
420,782
808,1008
709,820
855,1005
62,1000
365,1014
706,1003
596,1007
894,1008
768,1014
847,939
461,485
583,1019
509,786
135,1004
481,1005
856,1008
185,1009
802,1000
896,1009
529,1017
330,1014
619,1001
197,1013
742,1018
634,1015
722,1007
842,1005
596,1017
638,1016
603,1006
600,1012
636,1006
233,1017
315,1010
713,1010
629,961
647,1014
386,1006
549,1018
37,1015
574,1003
101,1014
542,1000
831,916
816,1018
314,1014
312,1014
844,1006
947,1009
400,1007
442,1005
60,426
933,1007
586,1010
998,1013
164,785
655,1009
712,1008
593,1000
75,1010
817,1019
265,1003
710,1005
955,1011
436,1017
164,356
42,1002
902,1001
167,1017
66,1014
477,1005
117,1000
546,1012
13,1015
326,1000
232,692
475,1019
827,1016
199,1010
204,1002
24,1013
879,1002
223,1007
580,1017
794,1003
309,1018
944,1013
260,1014
982,1019
864,1013
828,1002
335,1011
30,1012
426,939
122,1019
416,1004
145,1008
884,1016
552,1016
86,1002
164,914
768,1005
771,1017
23,553
495,1017
514,1013
736,1002
736,1007
28,1016
704,1011
779,1017
819,1000
641,1010
535,1004
970,1009
37,1016
360,1009
778,1014
857,1002
571,819
897,1015
878,1008
898,1006
209,327
499,1006
643,1010
856,1012
967,1012
113,491
157,1019
349,655
999,1010
544,981
618,1019
652,1012
217,522
844,1007
486,1010
371,1000
343,1016
104,1014
508,689
746,1019
11,1006
13,1001
978,1008
663,1011
119,1019
358,1014
443,477
264,1014
656,1000
521,1014
752,1000
365,1006
245,1007
156,458
925,1014
307,1008
56,1005
540,1011
997,1017
440,1019
535,1015
278,1015
29,295
618,1012
242,1010
489,1002
381,1006
538,1012
294,1009
631,645
676,1016
487,1017
484,1004
20,1003
792,1005
550,1001
977,1007
884,1011
566,1016
443,917
143,1010
452,1002
893,1016
844,948
112,1010
36,351
69,1002
760,1004
19,1001
147,1001
732,1002
554,1015
583,1003
745,1008
647,1002
9,1002
56,1004
237,1000
287,1002
448,1012
821,1000
560,1003
222,1014
90,1017
360,1015
370,429
95,713
343,1018
271,1005
737,1019
154,1004
239,1013
958,1003
507,1017
91,1011
332,1001
846,1008
420,1001
655,1011
636,1008
377,1013
888,1016
144,1002
85,1001
18,805
467,638
791,1007
1,1007
47,828
871,1018
190,1000
31,1016
516,645
694,1003
358,1009
124,1006
712,1003
324,1002
676,1000
816,1006
816,1011
65,1010
281,1018
590,1003
264,1005
939,1000
593,1013
867,1017
111,733
835,1014
288,771
191,1000
895,1005
657,1012
491,1018
504,634
406,783
468,1006
539,1004
236,1003
540,1014
92,1017
649,999
151,1002
99,1006
665,774
589,1000
668,1014
300,1002
58,1008
91,1014
172,1015
303,1019
799,1008
798,1012
722,1011
94,891
862,1006
436,1003
610,1004
618,1000
667,1001
723,1002
362,999
235,1001
855,1004
181,1008
77,582
495,1003
373,507
311,1013
489,1006
719,1015
455,1010
320,1013
404,1019
929,1005
633,992
462,1017
980,1017
826,1015
996,1005
580,1000
286,696
820,1009
494,1003
615,1019
892,1018
980,1006
204,1009
9,70
779,1002
407,1008
960,1001
917,1005
784,1008
173,1017
279,782
696,783
380,1007
812,1014
492,1009
693,1001
938,1008
786,1000
710,1002
532,1004
330,538
304,1001
891,1005
809,1013
887,1003
768,1019
84,1016
336,1016
63,374
527,1001
392,1014
358,1015
846,1018
309,1001
311,1019
668,1003
412,1008
366,723
667,1003
220,1013
907,1015
451,1001
166,977
632,1007
649,1012
969,1011
694,1008
187,1003
141,1015
832,1005
457,1016
126,1015
489,1017
474,1012
220,244
325,1018
909,1011
988,1011
677,1013
54,1016
70,1018
118,1018
423,1005
977,1019
478,1007
378,1017
86,1007
692,1019
899,1000
971,1000
932,1015
39,1016
841,1006
112,1006
551,1007
848,1010
433,1003
333,1018
431,824
535,1013
565,1002
787,1009
51,530
539,609
472,736
270,1007
651,1006
954,1001
294,1015
266,1003
660,719
704,1000
478,1013
508,1008
667,1014
623,744
391,1019
96,1009
162,1005
775,1007
227,1011
925,1005
857,1006
526,1003
9,782
957,1017
728,1008
340,1016
444,1005
610,1019
620,1009
5,1018
424,1004
857,1018
223,1006
814,1011
959,1017
201,1006
172,197
530,1018
643,1001
652,1008
191,999
139,1018
261,1014
783,1015
787,1010
658,740
677,1000
50,1015
638,1008
898,1013
35,420
539,1002
875,1018
811,1005
180,1009
901,1019
723,1005
217,1015
803,1009
304,1008
819,1004
588,1003
907,1018
467,1018
494,1002
795,1006
352,1014
343,932
384,1015
259,1015
615,1008
687,1000
459,1013
971,1004
825,1000
484,1018
176,1009
30,792
499,1000
356,1016
750,1010
308,1006
784,1011
341,1011
581,1019
329,431
1,1009
283,1002
502,1009
828,1014
421,1004
783,1013
418,1007
715,1018
15,1016
620,1015
102,1019
390,1000
293,1002
42,1008
878,1000
880,1014
867,1011
783,1019
927,1016
960,1014
209,1016
945,1012
446,1013
43,1013
695,1005
387,1010
209,1002
462,1001
936,1012
756,1008
69,1015
12,1012
20,1015
175,1009
356,1005
651,1019
224,1011
530,1012
93,1002
549,1017
639,1006
998,1007
472,1017
72,1007
15,953
547,670
759,1011
110,1019
131,1003
316,1017
204,645
292,1018
604,1000
886,1015
315,1009
498,1005
906,1012
411,1013
229,1008
160,1009
648,1001
758,1010
760,1019
321,1005
148,1019
533,779
611,1009
465,1016
95,1007
447,805
425,1008
997,1015
61,1012
260,1007
772,1015
725,1002
26,1001
963,1004
783,1009
175,201
452,1014
992,1001
932,1008
949,1005
605,1017
579,1013
879,1018
477,1009
366,1000
883,1006
98,1010
953,1002
467,1000
151,848
255,1003
454,808
648,1013
167,1007
564,1002
411,1014
451,1016
149,1001
656,670
753,1018
823,1001
780,1009
240,1010
478,1010
466,962
552,1003
43,1015
858,1009
810,1000
99,1003
580,1006
753,1013
714,1003
178,1001
601,1005
787,1003
271,1007
550,667
381,665
847,1015
380,1018
578,1006
295,1018
541,1015
687,1019
377,1011
595,1001
997,1000
31,1003
157,1013
902,1003
563,1013
281,1011
977,1012
320,1009
119,671
352,1010
388,1008
284,827
546,1015
913,1015
369,1005
928,1009
226,1006
151,651
469,1003
116,1005
563,1017
18,379
620,1008
84,1018
459,1019
348,1009
25,1018
116,1006
774,1011
854,1009
795,1013
151,176
99,1001
173,1008
775,1010
110,1018
552,1002
326,1002
9,1012
36,930
222,1006
862,1011
701,1002
633,1018
473,1000
523,1009
632,1019
394,1011
483,1005
763,1005
619,912
254,1009
198,1005
520,1014
300,617
76,1012
874,1009
621,1015
647,1006
175,1001
65,1019
377,1017
292,1011
451,1010
281,1016
451,1013
899,1004
137,1001
932,1000
465,1000
722,1003
722,1015
787,1016
647,1000
527,1004
323,1018
234,953
983,1010
188,1019
729,1016
871,1014
251,1000
201,1008
593,848
783,1002
85,593
697,1004
366,1013
926,1001
785,1003
456,1001
445,1008
79,1013
117,1012
579,1019
628,1011
597,1004
32,363
366,805
105,486
960,1005
106,926
201,1015
763,1017
858,1016
171,1014
491,1009
981,1014
370,1016
313,1011
197,1007
685,1011
723,1008
393,1001
332,1015
659,1016
426,833
30,1016
400,911
410,1002
980,1019
412,1006
74,1011
578,1007
799,1016
396,1013
463,1011
121,309
298,1011
291,1012
872,1012
705,1013
981,1018
345,1018
827,1009
840,1011
731,925
283,1019
908,1011
785,940
529,1000
979,1001
645,903
736,1012
28,1013
384,1009
498,1017
366,454
688,1015
157,1005
342,1007
173,1014
162,344
846,1017
647,1011
896,1017
769,1008
533,1017
445,1010
410,631
571,1019
222,486
359,1014
56,1001
409,1003
252,631
187,1016
232,1019
549,1011
640,1001
576,1016
969,1007
540,580
453,1013
874,949
412,1001
236,1006
13,1004
965,1003
942,1009
945,1011
619,1008
857,1013
920,1008
8,1010
149,406
542,685
347,1006
843,1007
735,1017
801,1013
516,782
411,1000
199,1009
151,1017
855,1001
408,1001
890,1018
405,1006
96,1001
221,1005
27,1017
597,1017
788,1009
208,1002
608,1001
74,469
544,1010
752,1007
861,1019
542,1005
985,1007
40,367
612,1009
30,316
776,1007
48,1016
818,1008
108,1015
919,1010
789,1000
480,1002
901,1002
159,1019
375,870
662,667
173,1013
17,909
332,389
554,1004
384,1016
9,1004
829,1005
539,1000
168,1008
206,1010
219,1014
508,1017
588,1010
231,426
243,1018
442,1010
436,692
528,1000
201,1011
583,1000
365,1013
417,1004
679,1011
208,1011
613,1009
241,516
670,1006
358,1019
375,1013
197,729
548,1001
158,1002
801,1003
281,744
309,1008
887,1014
279,1013
223,1014
249,1019
526,1019
228,1009
696,1013
169,1004
616,1017
257,1011
581,1003
629,1006
642,1006
795,1007
986,1004
776,1000
690,1015
583,1001
728,1007
59,1009
910,1011
457,1017
289,1006
386,1019
990,1009
156,1015
592,1014
769,1003
332,1000
676,1009
224,1003
287,1010
872,1011
279,744
256,1001
655,740
901,1000
471,1005
835,1001
644,1002
697,1011
614,733
491,1006
134,1016
781,1017
604,926
747,1002
181,1011
301,1010
388,1000
934,1009
806,1014
209,1014
915,1015
583,1007
722,1019
602,1008
255,1005
542,1007
359,1007
605,1001
218,1006
156,1008
993,1009
105,1015
843,878
69,1001
205,1015
217,858
114,1003
776,1005
839,1009
179,751
842,1016
673,1007
825,1019
343,1013
218,1015
315,1019
94,244
354,1014
307,1019
959,1004
703,1000
792,1004
62,1019
497,1019
598,1008
79,1018
146,1016
737,1006
902,1011
187,1007
316,757
407,1003
35,1013
39,459
359,1017
447,1018
168,1017
790,1008
410,1013
132,1018
373,1006
736,1018
527,1019
129,1011
310,1019
854,1018
245,1016
821,1018
109,1010
316,859
264,1013
232,1013
422,1007
360,1000
502,702
567,1014
85,543
996,1019
895,1010
95,1010
160,1015
414,1008
784,1009
159,1003
336,1001
892,1008
689,694
289,1014
529,1002
147,1006
88,1016
989,1015
797,1014
82,1001
807,1016
125,974
571,1004
116,1008
25,1008
207,1019
693,1013
271,1002
216,692
384,1003
891,1002
119,1010
28,1007
957,1001
540,1002
685,1014
561,1017
326,1003
170,1006
546,733
558,999
223,1000
110,1008
186,508
838,1011
797,1015
673,1004
102,1013
816,842
545,1007
821,1016
788,1011
280,1016
977,1010
438,1004
527,1008
295,1001
412,1018
885,1005
853,1000
168,1015
282,696
590,1007
216,1005
291,755
81,1005
447,1000
610,1000
695,1019
702,1014
33,1004
682,1010
507,1000
380,1003
977,1011
353,1009
154,1001
294,1013
656,1019
904,1011
743,1019
531,1008
815,1014
176,1018
905,1013
160,1000
278,1000
8,1009
856,1015
939,1007
620,1018
587,1014
209,1018
365,1017
251,1009
150,842
431,1006
810,1005
350,1001
321,1017
153,1002
123,1008
584,1003
432,1000
665,1009
981,1003
597,1007
370,1015
148,1005
942,1019
125,776
669,1017
223,1008
306,1007
933,1011
65,1013
846,1010
778,1019
708,1008
968,1016
873,1013
385,1013
816,1014
450,1003
244,1013
866,1010
970,1002
162,1002
792,1016
51,1018
808,1004
765,1018
426,782
533,1011
715,1012
404,1006
700,1015
591,1009
669,952
583,1010
536,1004
231,1014
548,1017
961,1008
106,1009
866,1016
814,1019
311,538
716,1001
681,1014
45,454
241,1004
775,1004
249,1010
80,1019
942,1001
131,1005
928,1001
44,1005
909,1014
645,782
277,1008
278,1008
209,645
87,1013
816,1008
142,1014
34,1017
364,1019
405,409
325,1007
764,1006
221,1000
459,1016
495,1006
504,1000
208,1000
148,1011
122,1012
319,1006
405,1001
300,1010
560,1004
678,1005
172,1006
633,1016
191,1019
943,1017
133,1003
244,651
764,1014
495,1002
100,1006
235,1010
500,1016
367,1018
893,1000
182,1010
773,1016
250,1014
377,1016
170,185
55,1011
331,1015
654,1003
957,1010
546,1006
462,1015
953,1016
71,1010
224,1009
561,1016
628,1017
827,924
131,1006
744,1008
584,1001
768,1015
269,1004
354,1005
791,1015
39,1011
293,1006
131,782
684,1019
78,1013
236,1017
688,1012
91,910
217,362
875,1010
813,1012
96,768
706,1001
820,1006
410,1007
375,1008
324,1008
378,1005
612,1018
900,1015
61,678
892,1002
88,1000
686,1019
501,1006
381,1005
84,1002
383,1002
744,1015
793,1006
586,1012
635,1010
748,1013
546,1002
835,1012
533,1008
910,1007
373,1018
667,1013
61,1013
725,1000
515,1013
286,1011
516,856
138,1008
685,1003
491,1007
130,1011
529,691
369,1015
591,1005
417,1010
232,407
437,1007
240,1013
994,1019
142,897
664,1002
405,1019
749,1001
472,1003
817,834
303,857
239,1000
495,1016
159,1002
21,1003
164,1006
432,1004
464,1001
697,1016
122,1002
698,1000
317,1011
363,1014
294,1016
565,1011
23,1016
836,1019
838,1005
816,1001
990,1001
38,1014
50,1013
994,1012
457,1015
29,665
102,1015
652,1007
37,1001
430,1019
422,1012
265,1010
940,1004
117,615
619,1005
452,1004
535,1008
302,1006
735,1012
95,1015
315,1008
18,522
803,1003
426,1010
961,1011
706,1009
944,1005
669,870
321,1001
501,1013
291,1018
993,1006
715,1011
817,1014
185,1010
952,1009
729,1006
252,1018
297,1006
414,1016
41,696
973,1019
305,1001
916,1000
552,1005
342,1009
78,1002
140,1008
870,1013
152,567
318,1016
490,1002
465,1012
307,1016
346,1015
668,873
325,1016
456,1018
97,1000
801,1012
309,547
234,1001
557,1006
243,1000
783,1003
108,1017
20,1007
527,1013
197,873
761,1019
758,1001
238,1013
902,1000
764,1012
864,1011
621,1011
996,1013
846,1012
643,998
830,1016
217,1001
563,1010
296,1007
463,1000
619,1002
150,548
67,1019
557,1015
949,1011
275,1009
810,1011
455,1002
840,1019
366,1008
664,1012
854,1005
275,1000
152,1013
622,1018
445,1015
538,1003
637,1015
868,1009
552,1013
511,1017
821,1012
25,1015
507,1009
451,1002
890,1011
172,1002
609,1006
618,1005
541,1010
459,1014
836,1015
308,1003
629,1001
969,1016
480,1003
73,1002
230,1005
210,595
277,1005
370,1019
823,1016
449,835
420,1015
497,1011
233,1010
52,1015
409,1000
619,842
117,1011
36,1002
637,1010
909,1007
139,1009
432,1002
248,1008
781,1011
587,1008
320,1005
871,1004
346,1001
816,1010
762,1009
106,1012
292,1008
493,1004
435,1019
746,1008
174,746
976,1011
946,1019
487,1003
716,1013
202,1017
368,771
923,1016
594,1018
41,1004
280,733
833,1001
180,320
981,1008
345,615
384,1010
333,1014
711,1001
74,984
146,711
171,1010
237,1012
63,1011
134,1014
537,1006
89,1000
686,1006
256,1010
174,1003
587,1011
62,1015
22,1000
737,1013
200,1013
833,1008
10,1008
488,1019
640,1012
449,1003
616,1007
238,1008
6,1006
47,1001
718,1014
727,1006
814,1018
405,1007
197,636
113,241
45,1014
615,1011
910,1016
304,1000
477,1019
243,1006
221,1009
126,1018
844,1009
57,1019
348,464
31,1004
952,1015
478,1009
61,1005
394,1013
73,1005
906,1014
396,1015
970,1012
358,1008
290,1001
63,1001
376,1012
32,1019
159,1012
690,1009
616,1009
288,1003
955,1012
699,1018
123,1000
636,1005
654,1010
651,1016
745,1011
526,1005
323,1017
83,869
891,1007
277,1001
370,1010
175,1000
604,1002
316,1006
316,393
997,1011
153,1001
250,891
998,1000
199,362
989,1014
315,1012
50,1018
307,1018
129,1001
681,1007
483,1003
2,744
928,1008
80,1014
18,1006
127,1008
362,1019
550,1011
819,1016
408,1002
856,1007
121,1006
420,599
867,1018
628,1005
907,1016
771,1004
861,1018
539,1013
630,1010
135,744
993,1001
678,1019
525,1007
176,679
105,1010
658,1010
991,1001
426,1013
744,817
31,1019
859,1004
180,1000
449,1001
217,784
525,712
127,1015
406,1010
929,1002
545,1000
646,1016
366,1003
237,1010
410,1003
275,782
86,1014
98,1015
942,1012
527,758
729,1007
614,1019
881,1002
215,1001
751,1016
559,1003
320,1001
722,1004
229,652
335,1005
575,1002
662,1017
28,1005
853,1019
794,1007
222,1008
972,1007
290,1013
677,982
717,1004
959,1015
690,1019
770,1012
544,782
360,1006
468,1017
348,1008
264,1006
126,1007
143,1005
507,1013
674,1001
87,179
94,1019
48,1011
248,1010
220,1006
418,1008
633,910
289,1013
350,1014
558,1000
121,1018
989,1008
522,1002
221,1012
220,1004
937,1019
825,1007
224,1004
477,1000
973,1000
438,1019
787,1018
15,1013
466,1015
894,1015
598,1017
87,1007
365,1004
623,1005
162,1014
513,1008
570,1014
67,1012
468,1001
662,1010
403,1000
239,584
205,564
150,1000
261,1008
85,1010
22,613
117,1009
682,1013
406,1015
931,1016
162,1008
20,1005
851,1001
837,1004
649,1011
693,1010
419,1001
548,1003
664,1016
204,1019
351,1009
140,1019
653,1018
82,1008
553,1013
533,1014
785,1019
878,1009
893,1005
222,1009
17,1013
285,1005
92,1005
868,1013
592,1004
275,1014
481,1010
89,1012
986,1018
395,1014
816,1009
374,1018
594,1010
517,1001
228,846
257,784
826,1017
452,1001
166,834
77,1004
509,1012
936,1018
547,1007
830,1019
288,1002
618,1004
469,1019
409,1008
480,1004
279,1005
763,1011
297,1008
680,1004
598,1001
542,1017
709,1006
593,1014
929,1000
70,1015
46,1002
472,1012
158,1000
522,532
426,965
515,1008
689,1015
13,1000
635,1003
591,1008
424,1014
924,1007
279,1017
782,1004
791,1005
696,938
927,1001
762,1005
345,1010
707,1012
227,1009
306,1004
137,1016
477,1015
359,1006
134,466
692,1012
634,1003
267,1017
596,814
965,1013
181,1010
919,1011
296,1003
445,1018
255,1009
244,1005
220,1001
12,1008
601,1000
30,1017
189,1002
336,1018
228,1013
769,1012
905,1006
335,1019
426,1007
864,1019
269,1007
361,1014
520,1002
934,1007
357,1014
456,1014
630,1009
47,1003
336,1012
877,1004
383,1012
166,1019
226,1017
842,1009
809,1007
930,1001
219,1001
475,616
755,1005
839,1015
678,1004
928,1010
270,1003
297,1003
755,1000
506,1013
339,1011
692,1003
782,1000
659,1013
723,1006
478,1005
407,1012
376,1011
298,1018
749,1005
50,1016
194,1007
529,1005
114,1009
283,1014
491,828
513,1014
138,1014
550,1010
922,1018
742,1004
767,1002
567,1017
774,1014
658,1018
584,1007
742,1009
362,582
826,1016
588,1013
610,695
331,1019
723,1018
372,1012
719,1004
494,1001
740,1015
524,1013
21,1006
208,1018
18,894
504,1007
979,1014
896,1012
613,1002
949,1004
285,1013
272,1018
847,1003
961,1007
237,1008
939,1005
894,1002
667,1018
53,1009
371,865
844,1001
792,1009
214,1013
970,1001
886,1009
154,1009
966,1008
63,1004
810,936
310,813
619,870
71,656
390,805
172,1016
548,1011
876,1002
85,1000
220,870
338,718
208,1001
128,1013
498,1018
867,1006
793,1002
509,1007
577,1011
758,1005
8,1013
200,1002
203,1007
141,1001
22,1004
358,1018
376,1019
154,1011
696,1012
741,1004
902,1006
454,994
454,633
186,1001
205,1005
271,1015
30,1019
844,1010
849,1010
205,1009
360,1014
122,1017
859,1009
173,1019
993,1000
165,1005
480,1013
418,1018
662,1005
312,1017
117,1001
370,1006
454,493
178,1018
638,1011
7,1003
88,1013
397,1010
325,1000
224,1005
228,1002
525,1009
953,1000
952,962
252,1003
171,1011
478,1012
219,1004
930,1012
549,1000
454,523
428,1008
653,1000
74,1018
368,528
738,1018
421,680
247,1018
659,1005
659,1019
667,1004
765,1014
37,744
639,1017
162,1012
207,1014
171,1015
719,1013
141,1014
528,1006
497,1009
738,1019
474,1018
904,1016
718,1012
490,1018
274,1009
524,1004
940,1005
469,1017
29,292
930,1002
336,1017
514,1015
480,1006
782,1014
421,976
144,1012
410,1004
96,1013
79,1002
136,1013
111,1014
91,1008
150,1008
850,1012
832,1016
759,1014
205,545
197,378
374,1007
245,1008
6,1002
260,1018
483,1000
411,1002
473,1011
672,1017
691,1013
716,1016
150,1017
445,1017
137,1009
696,1006
14,1009
835,1009
628,1006
396,1005
560,1018
586,1002
835,1017
693,1018
558,1015
669,1018
431,929
465,1005
313,1009
698,1012
949,1019
514,744
374,1001
94,1007
335,431
493,1006
551,1014
47,1009
33,1017
639,1011
402,1007
659,1002
688,1003
107,857
197,244
863,1008
344,1011
644,1015
447,1011
927,1012
372,1009
684,1001
53,1011
510,1013
229,1007
693,1004
133,1011
889,1018
690,1004
213,1018
861,1013
438,1008
343,1014
974,1017
1,1004
309,1006
761,1018
505,1012
127,1017
868,1012
12,1018
748,1007
736,1000
369,1002
802,1009
428,1014
529,1019
368,1018
94,1018
917,1017
182,1013
265,719
753,947
110,1005
222,1000
837,1003
189,1013
406,895
730,1001
369,1014
407,808
466,1004
43,1001
900,1018
579,1001
854,1014
289,1016
94,1010
87,566
316,843
469,1011
320,875
557,1016
626,1007
321,714
124,841
630,1014
868,1019
539,1018
984,1009
218,1010
479,1014
112,1005
154,897
19,418
101,1010
154,454
66,1008
379,1000
890,1003
798,1009
130,1018
520,1015
16,1015
153,243
871,1006
195,1003
56,1012
266,827
866,1008
646,1011
830,1003
310,1013
287,1009
902,1010
547,1004
374,1003
586,1000
122,1014
175,1006
351,1014
391,1009
390,1005
416,1007
197,218
523,1008
63,404
253,1015
268,1002
791,1019
389,1002
334,1017
537,1013
235,1017
303,1017
422,1013
400,1008
788,1010
646,1013
464,875
955,1004
109,1017
815,1012
203,1010
610,827
109,1009
210,861
286,1002
627,1001
71,1007
495,1014
122,1007
679,869
281,1000
523,947
583,1013
57,310
559,1004
193,1015
806,1009
320,787
655,1012
803,1005
777,1016
559,1012
874,1016
779,1015
250,1016
396,1016
833,1014
60,1012
744,1007
139,1016
325,1001
720,1011
750,1012
267,1019
282,1014
102,1018
765,1011
913,1001
791,1001
439,1001
475,1017
193,1009
420,1014
34,842
763,782
280,1009
827,920
973,1014
62,346
59,122
679,961
260,1010
995,1012
930,1016
33,1019
433,1012
626,1013
328,844
331,1012
473,1008
416,1010
903,1017
152,923
278,1014
405,1009
219,1000
82,1005
314,1018
323,1015
553,1006
93,1015
691,1012
991,1008
219,1005
360,1012
329,1002
418,1000
50,1005
191,1013
379,638
774,1006
18,806
164,1004
844,1017
886,1006
461,1000
597,1016
94,708
289,1019
971,1010
478,1015
605,1011
521,1019
975,1012
52,1004
443,1007
825,1010
686,1013
874,1004
914,1011
522,1009
990,1016
67,1004
91,1016
201,1003
22,1009
85,872
668,740
779,1018
46,319
337,1015
192,428
112,1000
759,1018
63,1003
369,1010
218,1004
12,1010
28,1019
276,1017
84,1011
777,1019
248,696
150,583
546,1007
172,1003
619,1009
114,1000
418,1015
261,1001
74,1000
562,1010
909,1006
264,1002
300,1004
863,1019
304,1009
817,1012
727,1007
623,963
49,1019
9,1013
207,1016
38,1019
893,1002
675,1008
330,1010
32,1003
848,1000
104,1015
976,1013
475,1002
329,1019
308,1005
828,1012
982,1008
784,1010
344,998
145,1011
125,640
824,1013
775,1005
707,771
861,1016
197,941
172,1010
153,1012
266,1010
810,1007
63,419
417,1007
726,1004
197,637
714,1011
646,1000
918,1010
123,1010
204,842
589,1011
735,1019
52,1008
442,1004
56,1011
37,1017
473,902
323,1001
915,1019
348,1017
63,830
115,1011
472,1019
312,534
305,1017
82,1014
371,1001
990,1019
748,1002
603,782
411,1017
55,1008
643,1011
221,1001
314,1009
240,1018
51,1009
562,1008
498,1007
329,1010
482,1016
770,1011
875,1016
281,1007
795,1005
414,1007
874,1006
868,1015
714,1015
356,1002
44,1009
157,1012
864,1010
322,1018
239,1019
265,1017
704,1013
241,1013
574,1006
573,1015
157,1008
483,1008
476,1011
80,1011
744,924
571,1011
67,1010
319,1004
131,790
587,1010
916,1013
177,1017
466,1005
4,1001
859,1011
218,1005
82,1011
639,1007
7,431
839,1017
454,869
806,1018
472,1007
331,1006
353,1007
514,1017
814,1003
862,1009
384,1012
661,1006
842,1000
525,1014
83,1015
59,1014
608,1007
314,731
652,1004
402,1004
753,1001
302,1015
88,1015
113,889
212,1019
700,1018
237,1014
756,1003
98,1017
39,308
905,1011
649,1002
346,1010
901,1012
866,1002
45,1019
907,1009
582,1016
213,352
75,1006
538,1001
324,1012
687,1009
308,1011
953,1019
730,1010
194,974
786,1008
77,1018
684,713
230,1009
633,1007
795,1002
455,1004
22,1002
704,1019
437,1002
571,1005
886,1007
27,90
541,1009
792,855
456,1003
221,1011
436,1000
867,1009
511,1018
738,1014
495,1007
552,1010
117,1004
86,1017
195,1002
695,1008
23,1000
628,1014
439,1019
626,1015
478,1017
310,1004
266,1013
33,113
357,1011
435,1015
132,1016
33,1008
554,1017
334,1008
723,1010
44,834
846,1003
414,1000
223,295
821,1013
63,365
226,1015
900,1008
607,1005
420,825
397,1015
641,1015
984,1017
463,1006
665,1000
746,1015
882,1018
44,1007
508,1010
210,1018
299,1006
268,1009
745,1004
966,1011
921,1016
693,1016
967,1014
776,1006
146,1001
387,1015
168,1004
873,1015
580,1015
614,1000
825,1005
20,1013
406,1006
651,1009
426,1003
790,1013
117,1006
815,1015
124,255
663,1008
328,1007
127,1013
124,1011
477,1001
128,1009
360,1005
375,1012
304,842
786,1017
83,1002
107,1019
442,1012
235,1018
718,1016
330,1008
242,1001
309,1019
852,1009
346,1013
166,1014
996,1006
394,1009
54,927
466,1011
88,580
525,1004
825,1008
652,1015
387,1001
849,1000
51,1008
801,1001
642,1003
599,1009
278,1006
95,1011
54,1007
757,1002
893,1003
9,768
982,1014
622,1004
46,1007
580,1019
82,633
987,1006
658,974
568,1016
276,302
711,1011
480,1012
750,1014
8,1003
673,1003
526,1012
90,1001
108,143
17,1000
853,1017
31,1010
444,1003
712,1017
993,1016
333,1007
434,1012
865,1007
799,850
344,1000
953,1008
927,1018
606,1007
547,1019
195,1001
113,645
391,769
685,1013
150,1004
753,1014
766,1017
793,1013
744,955
226,1012
432,1006
907,1006
896,1003
613,1005
905,1017
579,1003
75,1000
86,1012
66,1007
263,660
608,825
639,1003
796,1015
694,1006
870,1018
353,411
293,1007
880,1013
170,1016
356,1018
778,1002
58,1017
711,1016
497,1001
238,1002
741,1006
162,1019
546,1013
650,1016
380,1017
326,1008
534,782
655,1013
282,1005
829,1002
729,1015
207,250
912,1009
600,1004
831,1018
219,1017
886,1011
950,1006
342,1018
754,1007
185,1014
40,88
940,1010
544,870
599,1003
660,1008
515,1007
991,1017
319,1010
283,389
862,870
48,1013
874,1007
108,1018
458,1001
682,1019
796,1016
974,1013
419,1006
156,1005
728,1014
259,1018
85,1009
962,1018
807,1008
675,1006
852,1002
904,1018
377,823
361,1004
696,1008
312,386
353,1019
987,1011
80,1002
924,1010
511,1001
686,1001
229,1010
516,1008
408,1003
937,1008
682,1014
532,647
113,1002
51,1015
254,1006
502,1006
766,1011
120,1017
350,992
232,1006
914,959
695,1013
609,1007
243,454
73,1008
37,1014
842,1001
572,1009
900,1001
847,1017
35,1014
807,1010
261,1007
602,685
157,1018
94,994
76,1001
330,1000
827,1003
231,1002
173,1015
681,1003
206,1003
234,1018
247,1012
948,1014
322,1000
628,1008
957,1008
21,1015
260,1009
515,1017
101,1004
741,1016
443,1016
838,1019
833,1003
283,1015
428,1013
115,551
551,876
13,1007
713,1013
287,1016
735,1001
420,1003
490,1007
441,1013
518,1007
812,988
140,1012
144,782
733,1015
866,1001
727,1009
639,1008
164,445
243,854
527,1016
246,1011
290,1019
124,1016
706,1014
355,1012
473,1017
956,1005
950,1017
703,1011
454,999
646,702
147,1008
159,1011
841,1005
519,1006
427,1017
442,1006
971,1013
916,1003
573,1002
47,1005
701,1019
243,1008
708,1007
623,1014
147,1009
272,1013
92,1013
823,1005
357,1006
610,888
680,1011
454,1013
544,1018
563,1006
688,1019
109,1012
974,1003
43,1004
106,1018
864,1009
870,1019
942,1007
445,1005
89,1011
325,1010
785,1018
461,556
981,1005
398,1015
735,1002
440,1007
727,1011
9,884
334,1005
610,1008
893,1001
287,1004
983,1003
971,999
213,469
935,1016
464,1015
657,1004
816,1013
342,1000
298,1003
324,1014
675,1005
574,1000
960,1007
509,1005
716,1008
944,1001
258,1015
906,1018
740,1014
750,1000
921,1008
632,1011
433,1016
124,1012
603,1013
523,1002
753,1010
578,1015
92,454
201,1002
126,782
997,1005
339,1012
173,1011
562,1007
65,1008
215,1013
518,1003
11,1002
660,1013
340,1019
35,1016
630,1005
802,1011
352,1017
765,1013
749,1008
340,1012
628,1002
557,1005
190,1007
995,1006
343,1002
813,1015
912,1002
816,1005
421,1003
28,1003
410,1017
922,1001
775,1008
846,1009
423,1002
965,1017
584,1009
765,1009
234,1017
983,1004
517,1013
652,1016
593,1007
557,1019
112,764
469,1013
202,1005
653,1017
942,1017
254,517
961,1019
9,1006
787,1008
954,1005
919,1016
551,1012
556,1013
353,1000
914,1006
157,1000
640,1017
749,1007
75,362
471,1009
569,1000
883,1015
504,1003
301,1018
972,1002
22,1012
660,1017
666,1013
314,1013
486,1000
679,778
25,1011
796,1001
97,1014
2,1018
426,752
739,1018
157,1010
283,1004
393,1011
350,1018
48,1007
452,1017
183,1001
17,1008
775,777
554,1008
717,1015
164,1017
802,1010
275,1013
399,1004
872,1009
709,1013
502,1003
356,1015
731,1018
814,1013
628,1015
429,1014
684,1017
764,1017
653,1010
830,1007
435,1018
908,1018
460,1016
151,1001
430,1013
712,1018
60,225
244,280
567,1000
605,1015
803,1019
860,1003
437,757
56,1000
460,1008
354,1006
464,1017
151,1018
509,1014
386,642
239,1002
281,1010
393,1018
604,1015
813,1019
623,1000
7,1000
757,1019
511,1000
256,1013
144,1004
398,1014
673,1010
959,1009
25,1006
658,1013
704,870
128,1018
158,1004
770,1005
253,1002
472,1018
471,1000
314,1006
43,1003
113,782
294,777
476,1006
972,1010
281,544
628,1007
775,1019
648,1011
503,1019
679,1003
197,885
319,1018
335,1007
814,1015
383,1015
978,1011
435,1008
103,1011
495,1011
66,1000
81,1012
3,1018
253,889
985,1003
75,1005
669,1015
951,1005
152,1016
40,1015
951,1007
67,1009
154,1013
944,1010
728,1000
787,1014
131,1013
719,1010
119,559
388,1001
117,1015
978,1001
928,1006
251,1001
992,1013
530,1017
71,1006
439,1004
406,1012
876,1005
532,1010
211,1019
580,1013
394,1000
625,1004
15,1007
234,1002
572,1007
279,1016
95,362
681,1009
666,909
85,1007
320,1016
327,1017
147,1013
46,1014
34,1002
723,1014
37,1000
986,1005
316,429
629,1016
424,817
112,239
111,1015
857,1003
191,1017
301,1003
29,1009
871,1019
44,1008
705,1014
100,1007
422,1018
496,1014
625,803
415,1005
8,217
302,1005
175,1013
664,1007
251,1004
609,1005
596,1008
377,1001
356,1014
941,1004
718,1006
941,1008
776,1009
213,1011
494,1015
543,1008
267,1000
123,1012
426,1005
652,999
29,1007
407,1006
564,1006
504,1006
161,1007
672,1003
890,1009
569,1004
773,1001
621,1000
403,1004
35,1006
143,1013
810,1019
516,1001
523,1017
123,579
498,1016
17,1005
201,1016
928,1003
309,1015
425,1010
638,1002
336,538
686,1007
204,489
60,781
615,1004
839,848
319,646
327,1002
934,1008
379,1007
767,1001
896,1013
886,1017
960,1016
224,1008
595,1019
255,1013
4,1013
674,1009
115,285
40,420
651,1001
621,1007
136,1000
153,1018
928,1019
284,1007
695,1003
43,781
79,141
90,1011
169,1007
675,1012
534,997
917,1004
152,343
237,1006
666,1001
327,1006
105,1011
678,1009
600,1019
158,272
809,1006
447,1007
87,1001
731,1015
154,1008
183,1018
341,1014
594,1019
688,1013
344,1005
660,1009
63,192
63,869
170,1019
663,999
967,1003
647,1016
165,842
6,1003
470,1010
433,1018
291,482
428,1011
474,1004
414,1015
663,1003
538,1007
174,1004
183,1006
726,1006
964,1004
168,1001
217,1011
166,1010
693,1007
792,1008
288,779
521,1002
52,1005
128,1010
693,1012
935,1005
320,544
400,1003
778,1009
496,1012
247,1013
303,1006
774,1002
902,1019
881,1011
253,1018
369,1000
148,1001
219,1008
945,1002
845,1008
153,1016
373,1010
369,1012
232,1009
614,1018
565,1019
819,1019
953,1018
354,1007
876,1019
829,1019
213,1002
933,1009
952,1014
472,1010
197,665
560,1015
273,1014
67,937
744,1017
611,1018
89,782
742,1001
74,1005
510,744
280,1011
83,1019
104,1000
224,1018
279,319
185,1013
902,1007
609,1003
788,1007
753,1008
960,1015
852,1017
70,1005
198,1009
63,1013
737,1005
488,1009
56,63
651,1011
41,1006
601,1004
61,1007
991,1018
947,1010
604,1012
228,1014
59,178
269,1016
870,1011
103,1004
134,1010
881,1018
84,482
977,1003
619,1013
562,1001
868,1003
733,1019
425,1000
926,1009
839,1006
354,1002
246,1009
225,1001
225,1009
9,1014
373,1005
876,1011
42,1005
149,1004
506,1007
564,1016
399,1003
714,1005
184,1010
279,999
751,1009
676,1001
695,1007
898,1008
129,1016
70,1014
90,1005
91,326
645,1001
110,301
167,1003
514,1009
936,1008
367,1004
302,1011
547,856
223,1016
761,1006
857,1019
777,1008
731,1006
745,1003
723,1004
465,1017
992,1007
383,1006
797,1009
5,1016
827,1015
715,1008
126,1010
360,1002
475,563
596,1001
725,1009
348,1006
158,831
23,1002
491,1004
282,1019
74,1013
730,1003
281,1006
613,1011
29,1008
746,750
526,814
583,1012
71,1005
250,551
644,1016
257,1005
196,781
642,1001
690,853
968,1001
295,1000
477,1004
196,1010
566,1007
696,1005
611,1003
702,744
397,1007
65,544
703,1013
444,1010
990,1007
643,1019
255,1011
26,608
14,670
585,1008
725,1007
362,785
603,1015
211,1004
90,1000
316,1013
809,1011
644,1012
935,1008
491,1000
790,1015
481,557
780,1012
271,1013
219,1018
285,1011
385,1002
220,1019
207,1007
52,1012
994,1016
942,1000
194,1011
246,1016
331,1018
215,226
813,1007
225,1006
115,1013
273,1008
864,1005
332,544
479,1006
9,686
923,1012
407,1016
820,1018
429,1016
944,1004
879,1016
288,1016
305,1018
768,1017
232,1003
65,1014
784,1018
448,1002
20,1004
235,1012
631,719
319,1019
375,1004
994,1014
645,1006
380,540
477,1007
863,1016
280,1019
809,1002
453,1015
929,1018
580,1016
319,1001
586,1017
83,113
277,1017
282,1016
877,1014
52,1011
474,1010
567,1013
126,1014
270,645
237,1009
850,1015
104,1017
205,1017
355,1010
185,403
217,225
573,1001
325,870
371,1013
166,1000
624,1009
648,1018
60,1019
648,1008
638,1019
385,597
883,1012
824,1014
740,1009
342,1004
881,1005
520,1018
489,1012
151,1012
255,1015
426,832
322,1001
164,201
747,1001
928,1000
151,1019
685,1005
283,1013
454,1011
316,1004
916,1015
345,560
854,897
213,369
657,744
441,1010
104,983
923,1005
337,1014
612,1019
297,1010
230,1010
575,1010
957,1007
700,1010
122,736
557,1001
454,1017
571,1010
924,1011
406,950
485,1010
832,1004
375,1015
91,787
371,748
730,750
45,475
293,1009
635,1005
899,1016
580,1012
887,1016
521,1016
645,812
322,1012
961,1012
209,1012
679,1014
508,1009
450,1005
961,1015
689,1016
321,908
33,725
781,789
126,1017
195,1018
763,1009
559,1009
116,1012
998,1002
436,1012
887,1011
833,1013
814,1002
944,1009
735,1016
328,653
301,1002
896,1019
161,1008
419,1015
550,1000
573,1009
743,1011
500,956
807,1014
857,1001
586,1018
990,1011
195,1008
691,1017
983,1001
708,1005
274,1011
619,1003
394,473
161,1010
994,1015
976,1004
170,1018
16,363
838,1016
283,1000
398,1016
437,1004
72,1003
882,1017
551,1013
16,1014
915,1014
513,1004
536,1008
42,934
625,1001
782,1017
641,1000
649,1008
120,1007
680,744
9,92
588,1017
164,1019
444,1015
205,362
275,1019
802,924
483,1019
828,866
170,1001
413,1004
823,983
965,1008
15,1019
493,1003
950,1002
252,888
212,1009
696,964
217,615
678,1006
263,1004
601,1017
661,1016
144,708
169,1002
421,1006
892,1001
88,1007
495,1005
211,1009
353,1016
846,1002
738,1001
770,1015
86,1010
671,1014
266,1019
416,1011
111,1005
42,1004
679,731
391,1012
217,795
552,1008
850,1004
374,1010
948,1016
767,1003
933,1010
339,1005
426,1006
45,1012
123,1007
605,1012
477,1014
433,1014
974,1019
924,1015
17,1019
429,1011
741,1002
0,1017
415,1012
750,1016
126,1016
824,1007
213,1000
768,1002
934,990
89,1006
204,662
276,744
226,1004
277,1004
888,1012
923,1009
221,1018
858,1014
253,1014
600,1015
839,1013
515,1003
782,1005
580,1009
754,1005
75,1002
702,1015
429,1017
26,1010
953,1006
300,897
885,1011
680,1001
759,1003
426,547
440,1006
558,1008
532,1011
241,1011
364,1005
220,1012
730,971
484,1014
228,1012
682,842
702,1001
236,1015
454,460
454,992
81,1014
969,1015
813,1009
861,1005
339,1010
164,579
986,1011
636,1013
32,1016
896,1008
574,617
884,1018
325,1013
801,1010
590,1014
385,1019
202,1008
153,1014
103,1012
435,1007
836,1001
750,1002
756,1002
740,1012
283,793
904,1009
544,673
18,1000
435,1004
321,1008
513,1001
583,928
979,1015
250,1000
712,1019
243,696
951,1010
913,1003
782,1006
210,594
212,1003
543,1014
586,1015
85,364
64,648
234,1015
847,1010
970,1017
505,1004
15,1008
81,1001
623,1009
249,1004
870,1015
30,1000
45,1015
758,1000
518,1010
102,1009
183,1013
559,1002
356,721
193,1008
89,1003
109,842
95,1000
257,645
327,1015
986,1000
759,1012
892,1004
262,1010
140,1016
872,1019
940,1003
758,1009
953,1014
320,1010
320,1008
146,1010
943,1000
753,1003
206,1016
428,1001
495,1013
577,1017
788,1016
469,1004
737,771
692,1000
241,1005
862,1002
378,1015
957,1000
330,702
804,1001
964,1018
12,1005
338,341
962,1016
952,1006
182,1019
119,775
262,1009
782,815
362,1015
46,1017
133,1004
99,1010
91,1004
668,1013
799,1009
568,1013
952,1008
757,1003
797,1001
679,827
270,1002
10,66
770,1018
553,1011
960,1012
321,1018
92,1010
735,1004
378,1012
517,1018
292,668
155,1008
523,1015
880,1000
400,1015
97,1004
558,1007
205,1013
2,1001
878,1005
997,1002
569,1013
88,164
508,1007
942,1013
549,1005
186,818
60,1010
328,1001
835,1016
548,1018
829,1006
492,1017
58,1006
607,1001
533,1009
705,1005
31,1006
899,1002
561,1011
803,1002
746,1005
449,1002
303,1014
129,733
764,1009
913,1019
845,1007
313,1015
491,853
855,1010
308,1017
874,1019
908,1003
576,1012
291,1019
518,676
558,1016
400,994
180,1017
937,1009
30,1010
936,1014
327,1014
534,1012
468,1015
706,1012
387,1011
183,325
607,1012
683,1008
959,1003
287,1001
315,645
941,1017
3,1019
285,1012
189,1010
181,1001
433,1001
940,1006
972,1004
613,1018
377,1007
881,1004
998,1005
41,1018
655,1005
833,1006
750,1008
591,1003
576,1019
338,1008
215,1003
135,1016
425,1001
182,1014
255,1014
635,1002
446,954
125,609
237,1002
24,1001
481,1014
448,1019
19,1004
160,1013
736,1008
812,1005
268,1005
769,1017
36,1007
576,1015
704,1004
449,1011
88,1005
753,1006
935,1018
605,1007
143,1000
638,1013
454,874
276,1000
555,1001
16,1003
970,1006
474,1013
88,1001
217,1012
216,1012
154,1017
17,624
6,740
953,1013
921,1009
441,1012
588,1018
546,1005
670,1017
945,1016
543,1004
429,760
981,1015
752,1004
933,1006
268,1016
901,1009
316,1019
931,1013
664,1009
549,1007
317,805
325,1017
551,1017
80,1012
20,934
141,1008
35,1004
278,1009
114,1013
63,1000
491,710
981,1012
943,1006
170,1009
115,1009
968,1009
899,1003
217,781
618,1007
208,1010
467,1004
414,1013
904,1005
9,1000
358,1010
742,1017
719,1011
36,1009
350,1012
192,1007
713,1011
185,1006
314,907
500,1015
512,1003
822,1004
526,1013
142,1007
780,996
781,1004
871,1003
956,1003
642,1004
390,1006
780,1011
364,1003
67,1015
432,1008
580,1002
514,1012
426,1000
891,1013
235,355
446,1018
490,1019
249,1017
542,1014
463,1010
228,1005
572,1004
594,1003
752,1001
586,1019
599,1015
189,804
663,1005
527,1005
698,1014
810,1001
880,1007
587,1016
244,406
161,699
723,1016
350,1019
139,1002
20,1009
232,1018
734,999
589,1002
792,1000
217,978
735,1011
360,1018
139,1001
690,1003
551,1008
474,1011
347,1014
192,1003
549,1015
821,1009
966,1015
333,1000
935,1011
208,870
270,1016
552,1011
747,1004
0,782
941,1001
834,1002
578,1005
575,1004
656,1002
476,1015
532,1007
208,1006
536,1017
989,1003
842,1008
378,1010
507,1002
901,1011
590,1015
522,1005
567,753
653,1008
186,1009
809,1010
588,1005
466,679
645,765
244,692
385,1003
724,1001
220,1008
547,1010
625,1000
633,707
150,1014
119,1009
9,512
763,1014
536,1019
831,1011
134,1001
275,1012
358,1004
556,1016
502,1000
749,1018
547,1003
615,1003
932,1005
445,870
938,1001
14,534
361,1003
268,1008
803,1004
386,883
57,1003
426,1004
50,1000
140,1007
31,473
563,927
165,1001
521,1017
797,1013
56,861
174,1007
859,1019
733,1013
195,1017
754,1010
626,1004
667,703
339,1016
274,1015
523,1014
851,1009
521,989
869,1001
150,1011
632,1006
872,1014
107,1017
602,1011
184,744
700,1007
105,1018
873,1019
255,1000
879,1013
985,1004
380,737
100,1015
433,1006
553,1009
142,1008
868,1014
601,1006
592,1002
123,1005
422,773
583,1014
833,1004
807,1006
1,1003
40,390
123,1014
149,638
72,1017
475,1014
513,1019
818,1018
768,1009
155,1004
821,1011
229,1012
206,1015
652,1006
433,1011
406,1007
670,1003
351,1012
593,782
499,691
56,1006
880,1006
880,1008
142,1000
202,747
115,1007
272,744
340,353
138,1009
63,462
174,1008
530,1009
147,622
101,1006
662,1007
68,1004
572,1016
597,1001
283,1005
515,1014
603,1016
871,1011
146,704
669,1016
274,1000
145,1018
580,1014
719,1019
682,1016
570,1008
477,1003
472,1008
993,1019
212,1015
404,1007
249,784
630,1017
571,1007
619,808
533,1001
218,1013
263,1005
579,1014
458,749
57,1002
999,1011
466,1010
860,1008
288,1011
201,1012
276,746
21,1004
726,1016
319,512
181,274
448,1004
819,1001
909,1004
643,1003
253,1001
141,1002
546,1010
990,1017
985,1008
322,1015
211,1014
930,1004
699,934
810,1004
344,1007
619,1012
778,1004
225,1008
113,538
893,1006
724,1006
569,1017
716,1010
74,1008
633,1014
416,1002
243,1014
131,1018
94,1004
44,1011
499,1003
883,1000
656,1016
834,1018
517,1017
968,1013
719,1003
192,1009
922,1012
865,1001
284,1019
716,1005
333,1002
465,1001
909,966
482,1005
512,1004
499,1010
215,1006
204,1001
747,1015
660,1007
467,1006
426,740
810,1006
570,1016
96,1012
365,1007
105,1012
56,821
501,1018
66,1005
968,1008
796,1008
704,1008
968,1018
272,1014
658,1017
456,1007
312,1013
164,645
756,1009
806,1015
412,1016
289,1002
941,1014
376,454
19,1003
694,1011
484,1003
877,1001
504,1014
775,1014
877,1008
531,1001
862,1000
544,1002
768,1011
379,1001
771,1013
595,1005
889,1001
826,1012
978,1004
335,1009
367,454
607,717
453,1019
399,1010
234,1010
466,1018
744,1003
593,1016
93,1019
795,1019
888,1000
964,1000
11,1015
823,1000
655,1006
285,1018
385,1001
909,1016
833,1007
977,1002
534,735
538,1009
396,567
20,1016
519,1000
240,1005
571,1014
650,1009
255,1016
785,1017
382,1012
711,1013
26,1014
830,1010
638,1001
559,1017
645,981
861,1012
231,1006
309,1010
394,1005
119,1001
956,1012
161,739
517,1012
389,1018
486,1008
422,1002
820,1007
390,546
393,772
832,1010
367,1000
201,1018
544,562
94,1001
722,1008
198,1002
948,1004
838,1000
29,1000
161,1017
382,1018
573,1014
312,1005
35,696
629,1013
26,1017
316,425
696,1000
581,608
509,1008
611,1002
187,1009
377,1000
506,1019
189,1009
702,771
246,1018
156,1011
94,197
671,1012
200,1007
819,1002
389,1019
391,1003
112,1018
880,1018
920,1000
805,1009
811,1016
587,1012
325,338
677,1009
649,1017
531,1000
415,1011
139,1015
32,1008
121,1009
452,689
840,1015
445,1001
967,1010
344,1008
421,1011
732,999
676,1011
565,1003
977,1017
707,1007
443,1010
629,1019
612,1005
753,1012
348,1001
169,1005
690,1011
114,1010
433,1009
75,1015
538,937
397,842
465,1004
386,426
413,1006
943,1011
74,1003
884,1009
898,1007
235,1006
729,941
439,1006
936,1011
698,1004
764,1015
397,1000
154,1015
349,1013
439,1010
532,1003
77,1015
94,849
274,1017
937,1011
933,1008
634,1000
494,1007
194,1012
904,1010
365,1002
388,1010
66,1001
567,1016
673,1012
208,1017
652,1019
665,1008
141,631
311,1007
69,1016
179,1004
118,1006
529,1016
560,1012
652,1003
590,1008
421,1001
252,1007
448,1010
744,811
861,1008
742,1010
580,1018
878,1010
244,956
164,1013
292,744
382,1006
597,1013
16,1012
998,1019
145,878
838,1012
582,1002
33,1002
317,1000
250,1018
563,852
37,865
12,426
909,1000
345,1011
329,1000
14,1014
159,1014
202,1013
240,558
556,1005
259,1013
402,551
283,1008
926,1003
485,1018
925,1009
197,1016
542,1009
692,1005
852,1013
823,1011
250,941
605,1009
827,1013
486,1003
361,617
9,1018
644,1013
187,1000
933,1018
442,1009
717,1011
90,1016
390,1014
707,1011
576,999
138,1000
883,1013
252,1019
22,1016
840,1005
261,1011
437,1005
82,1002
933,1013
614,1017
134,1017
337,1008
304,1004
610,717
391,1005
214,1009
396,1010
460,1006
224,1006
0,1008
852,1019
413,1001
410,581
923,1018
711,1002
210,1008
995,1001
789,1016
525,1005
130,163
734,1011
660,1012
569,706
735,1009
119,1004
716,1002
718,1000
892,1000
680,1010
843,1003
282,1012
479,1016
670,1000
154,1006
473,1004
679,1005
454,569
710,1013
562,1014
144,1018
235,1008
222,1002
750,864
773,1003
789,1002
483,717
537,1018
306,1002
224,1017
975,1009
369,1007
570,1009
865,1004
837,1017
455,1000
344,1004
434,1018
477,1002
36,1006
386,696
555,1000
420,476
408,1014
898,1002
417,1016
689,1018
685,1012
340,1009
706,1000
738,1004
794,1011
378,1003
740,1017
139,1008
451,1000
629,1009
273,1019
585,1011
566,751
720,1013
50,1019
603,1007
119,380
384,1017
269,1009
912,1003
547,936
386,1012
831,1017
779,1007
977,1018
334,1003
380,1015
402,1000
709,1000
509,1018
566,1000
337,1017
884,1001
519,1015
50,1017
235,1005
549,1009
245,1006
170,1003
480,1019
390,1016
317,1018
368,1006
91,1005
155,1011
881,1015
582,1007
916,1018
5,1006
171,669
669,1005
774,1012
929,1011
931,1017
894,1004
207,1001
608,1003
341,1013
46,1019
427,1019
326,1011
170,1010
322,861
372,1010
156,1013
518,1014
386,1013
464,1011
430,609
306,1017
751,1013
602,1003
337,1010
321,1014
626,1012
394,1012
233,1012
893,1007
47,1013
468,1018
374,1004
16,1018
160,1016
726,1007
962,1003
717,937
817,1011
537,1000
633,1001
697,1000
708,1015
84,1007
784,1014
550,1009
941,1018
147,1002
473,681
806,1010
333,426
551,1001
823,1009
498,753
361,582
876,1016
562,1004
868,1001
389,779
254,1002
696,1017
697,1006
230,1016
466,1000
756,1006
804,1006
556,1002
215,1011
577,1008
614,753
512,1011
294,1008
500,1008
683,1017
443,1013
710,1009
616,1008
711,1006
803,1008
917,1001
299,1009
330,1006
84,1019
101,1001
539,1017
240,1007
983,1009
954,1000
624,1013
582,1009
569,1019
482,1002
499,1014
777,872
505,1007
207,1017
802,1015
101,1008
436,1013
554,1003
449,1010
600,1014
481,1016
514,1018
349,1008
192,1006
360,1001
882,1001
519,1003
949,1009
561,1015
566,1012
432,1010
149,1014
588,1014
708,1004
170,1004
713,1008
287,1008
920,1013
81,1002
35,1007
864,1015
108,819
67,645
564,1005
305,1015
481,749
602,1005
413,1018
164,1009
854,1017
120,1006
408,1015
267,1005
110,1013
174,1018
175,1015
809,1014
331,1003
139,583
158,781
4,1007
536,1015
47,1004
92,1002
87,1009
777,1018
650,1010
225,1010
252,1014
15,1002
162,474
145,1016
135,1010
919,1009
89,1014
50,1007
909,1002
980,1004
618,931
67,1011
123,1004
951,1008
443,1017
914,1000
460,1019
983,1002
204,531
176,1016
113,1017
203,1003
751,1001
736,1019
223,1001
10,1002
634,1017
145,985
659,847
754,1018
718,1011
332,1003
588,1019
829,1017
377,1006
826,1004
710,1008
208,1012
436,1007
651,1008
991,1015
553,1012
207,1000
289,305
265,1009
915,1008
970,1011
31,1012
736,1001
718,1018
504,1011
60,1018
369,1018
270,1010
959,1014
793,1003
551,1009
394,1016
841,1014
933,1017
465,1018
872,1018
627,1006
185,1007
323,1002
622,1016
564,782
785,1011
764,1004
392,1013
532,1019
431,737
568,1012
643,816
447,1006
478,654
391,1001
734,1018
7,1016
62,1014
956,1007
526,1007
269,1010
10,1017
884,1004
671,1004
566,1010
353,1010
492,1012
747,1000
967,1007
357,1013
950,1007
737,1008
729,1009
795,1000
281,1003
555,1004
285,1004
96,1019
54,1011
734,1000
367,815
163,1002
315,1017
614,1002
755,1012
715,1001
276,1008
884,1014
12,1009
840,1009
749,1019
205,1008
839,1003
226,1003
525,935
839,1019
184,1012
410,1008
341,1012
28,1000
120,1009
897,1008
284,1018
984,1016
728,1001
136,534
197,1003
9,182
487,1015
11,1019
519,654
558,1017
770,1017
316,1010
802,1003
195,1016
667,1002
212,1018
615,1001
450,473
507,1001
402,1006
411,1011
241,1019
317,1007
767,1012
569,1002
681,1012
40,592
717,837
145,1004
383,1013
899,1012
617,993
371,1010
653,1014
21,1017
205,590
386,538
28,1004
761,1017
619,919
871,1015
560,1005
575,1009
961,1018
551,1002
916,1001
491,1002
256,1011
373,999
297,1011
190,844
779,1003
993,1014
704,1010
123,1011
837,1007
137,1018
213,526
812,1007
857,1010
341,1017
635,829
32,271
435,1011
375,1009
230,1001
18,1007
748,1019
585,1004
220,1005
724,1003
351,1019
286,1003
319,1002
35,1015
300,1015
259,1014
248,1005
527,1009
365,1016
694,1019
328,1011
66,1002
488,1000
512,1016
91,1006
661,1009
693,1006
879,1005
492,1014
363,567
130,1012
158,1008
457,1010
589,598
673,1013
502,1001
811,1000
156,1014
438,1007
980,1002
196,1005
395,1008
802,1001
65,1011
1,1011
389,1015
152,1001
125,539
619,1011
153,464
373,1004
22,1007
212,1016
197,401
500,999
135,1005
85,109
768,1018
851,1004
142,1009
362,1002
682,1018
459,1001
692,1011
160,1008
510,1015
239,1004
224,1019
650,1017
206,1012
172,1014
638,1012
836,1013
917,1007
359,999
658,1002
166,726
312,1010
791,1014
862,1014
30,1004
44,1019
984,1007
59,1007
234,1016
360,897
117,1010
462,1003
880,1002
8,921
351,1011
658,1007
282,1015
625,1010
527,1002
26,1016
932,1019
3,1006
197,972
987,1019
124,1017
556,1009
690,1006
63,1018
178,1008
721,1018
164,1003
105,572
680,1005
247,1016
904,1015
865,1015
337,1012
823,1012
195,1004
417,534
911,1012
88,878
816,1002
222,1003
770,1003
213,1009
879,1007
197,635
480,1016
102,1006
256,1000
6,1011
650,1013
572,1015
475,1018
795,900
199,1015
295,954
204,400
139,1003
998,1010
314,547
501,1019
654,1013
325,1005
171,1013
731,1001
538,1006
777,1006
374,1012
374,777
156,1009
400,1006
71,1019
78,1008
48,1003
655,1014
227,1002
264,776
721,1006
306,1008
897,1014
936,1017
178,1009
895,1012
822,1018
56,1015
163,1007
576,1008
442,552
44,1003
590,1011
373,1012
793,1010
915,1004
359,1013
152,1014
168,1014
282,448
250,1005
141,1017
404,1013
389,1006
457,1012
115,1016
769,1018
936,1004
369,1017
64,1010
622,1008
119,243
170,368
662,1002
671,1003
413,1007
427,1014
203,1019
52,1001
351,1003
918,1008
522,1007
795,1009
312,1001
265,1002
411,1016
615,1013
844,1003
973,1012
446,1012
332,547
314,1000
76,1014
956,1015
266,1016
510,1011
712,1010
212,359
250,1013
843,1000
834,1009
471,1010
323,1005
97,1013
129,1015
93,1000
602,1018
896,1004
660,1016
435,1017
769,1001
973,1005
880,1010
19,1005
226,1000
406,1004
41,901
73,744
958,1000
469,1001
637,1008
47,1018
952,1019
895,1009
486,752
378,1014
360,1017
90,1013
507,1004
600,1018
895,1001
196,1018
269,1015
337,1011
833,1005
812,1013
424,1013
459,1004
165,1006
487,1010
527,670
460,1014
289,645
130,1000
644,697
99,1019
979,1013
420,920
188,1004
159,1005
316,931
190,1011
83,1006
349,1015
27,1003
575,1006
636,1010
366,1001
67,1007
36,1017
535,820
694,1004
653,1016
409,1001
856,1010
54,378
702,1018
325,1003
685,1004
136,1003
281,376
971,1009
660,1018
251,1016
222,1005
259,1017
774,1018
868,1008
545,1018
494,708
524,1010
41,1008
630,1000
1,931
849,1014
988,1019
657,1013
335,1001
131,1009
593,1019
899,1001
476,1001
931,1014
237,999
304,1015
863,1004
612,976
625,1016
316,942
610,1018
242,984
474,1016
901,1017
239,1012
583,1006
991,1003
22,1018
335,1018
124,1009
717,1013
375,1005
506,1001
453,679
805,1010
94,922
317,1008
785,1000
190,804
322,1013
119,1008
686,1002
248,1011
992,1006
981,1007
122,1006
182,600
144,413
908,1017
902,999
459,1008
376,1005
221,645
917,1019
168,566
504,1013
145,1013
70,1000
720,1012
365,1005
915,1009
216,1016
873,1009
964,1009
467,1015
319,821
11,582
777,1009
22,1006
420,1018
195,557
583,1016
544,817
514,1006
541,1001
186,1000
108,1016
903,1018
433,1008
144,777
382,1001
398,587
229,1003
340,1001
825,1018
602,1006
363,1019
105,1005
491,1001
326,1012
608,1008
291,1017
172,1008
326,1004
582,1000
863,1009
475,1009
941,1002
679,1019
754,1009
299,1010
800,1016
737,1015
176,1012
935,1003
121,1004
449,1004
619,999
409,1011
631,1001
956,1019
234,971
611,1000
420,802
262,1013
918,1012
81,1013
28,1008
194,1005
965,1011
874,1018
57,1007
79,1008
170,1002
267,1001
762,1004
398,1006
257,1004
230,1003
866,1013
188,1011
524,1015
449,1018
286,1016
159,782
964,1017
966,1014
360,870
799,1015
674,1015
790,1007
803,1016
612,1017
59,315
886,1016
965,1018
881,1017
366,1018
837,1006
827,1004
159,1018
257,1016
197,645
891,1009
362,1017
371,420
900,1006
753,1004
915,1013
607,1004
619,791
156,1012
147,1014
515,671
577,1019
643,1017
466,1003
70,897
728,1015
175,332
-----------------
Initial Media Positions (House ID, opinion)
1002,[1]
1000,[-1]
1019,[-1]
1008,[-1]
1012,[1]
1001,[1]
1017,[1]
1005,[1]
1013,[-1]
1015,[-1]
1011,[-1]
1004,[-1]
1018,[1]
1003,[1]
1009,[-1]
1010,[1]
1014,[1]
1016,[-1]
1007,[1]
1006,[-1]
-----------------
timeStep,agentType,agentID,opinion,previousOpinion,boundary,conformity,SPIRO,groupNumber,Degree
365,Individual,943,[1],[1],0.196,0.508,1,1219,3
365,Individual,506,[1],[1],0.395,0.508,1,1219,3
365,Individual,200,[-0.999],[-0.999],0.409,0.508,1,1218,4
365,Individual,232,[1],[1],0.244,0.508,1,1219,3
365,Individual,939,[-0.999],[-0.999],0.241,0.508,1,1218,3
365,Individual,518,[-1],[-1],0.43,0.508,1,1218,5
365,Individual,21,[-0.995],[-0.995],0.206,0.508,1,1218,3
365,Individual,98,[0.011],[0.011],0.29,0.508,1,1219,3
365,Individual,153,[1],[1],0.44,0.508,1,1219,5
365,Individual,896,[1],[1],0.17,0.508,1,1219,5
365,Individual,167,[1],[1],0.409,0.508,1,1219,6
365,Individual,696,[0.998],[0.998],0.241,0.508,1,1219,25
365,Individual,700,[-0.997],[-0.997],0.234,0.508,1,1218,3
365,Individual,95,[-0.859],[-0.859],0.439,0.508,1,1218,5
365,Individual,475,[-1],[-1],0.206,0.508,1,1218,5
365,Individual,243,[0.999],[0.999],0.166,0.508,1,1219,8
365,Individual,187,[1],[1],0.306,0.508,1,1219,3
365,Individual,718,[1],[1],0.447,0.508,1,1219,5
365,Individual,477,[-0.35],[-0.35],0.192,0.508,1,1218,4
365,Individual,576,[1],[1],0.264,0.508,1,1219,4
365,Individual,556,[-1],[-1],0.361,0.508,1,1218,3
365,Individual,768,[-0.997],[-0.997],0.302,0.508,1,1218,4
365,Individual,672,[1],[1],0.383,0.508,1,1219,3
365,Individual,723,[-0.895],[-0.895],0.461,0.508,1,1218,4
365,Individual,257,[-0.39556318367211624],[-0.39556318367211624],0.1,0.508,1,1218,3
365,Individual,827,[-0.998],[-0.998],0.349,0.508,1,1218,31
365,Individual,324,[-0.999],[-0.999],0.318,0.508,1,1218,3
365,Individual,13,[-0.999],[-0.999],0.443,0.508,1,1218,3
365,Individual,938,[0.97],[0.97],0.171,0.508,1,1219,3
365,Individual,448,[-0.996],[-0.996],0.232,0.508,1,1218,3
365,Individual,624,[-1],[-1],0.428,0.508,1,1218,3
365,Individual,318,[-1],[-1],0.417,0.508,1,1218,3
365,Individual,589,[0.999],[0.999],0.132,0.508,1,1219,4
365,Individual,180,[1],[1],0.368,0.508,1,1219,3
365,Individual,82,[0.999],[0.999],0.149,0.508,1,1219,3
365,Individual,914,[1],[1],0.353,0.508,1,1219,3
365,Individual,270,[0.999],[0.999],0.253,0.508,1,1219,3
365,Individual,878,[1],[1],0.203,0.508,1,1219,9
365,Individual,676,[-0.994],[-0.994],0.317,0.508,1,1218,5
365,Individual,786,[0.995],[0.995],0.084,0.508,1,1219,4
365,Individual,241,[0.097],[0.097],0.102,0.508,1,1219,3
365,Individual,341,[-0.997],[-0.997],0.243,0.508,1,1218,5
365,Individual,227,[0.999],[0.999],0.22,0.508,1,1219,4
365,Individual,117,[1],[1],0.182,0.508,1,1219,5
365,Individual,921,[-0.998],[-0.998],0.28,0.508,1,1218,4
365,Individual,364,[-1],[-1],0.191,0.508,1,1218,6
365,Individual,60,[-0.999],[-0.999],0.297,0.508,1,1218,6
365,Individual,483,[-0.998],[-0.998],0.232,0.508,1,1218,3
365,Individual,248,[1],[1],0.185,0.508,1,1219,3
365,Individual,567,[-1],[-1],0.19,0.508,1,1218,7
365,Individual,70,[-0.999],[-0.999],0.225,0.508,1,1218,3
365,Individual,221,[0.999],[0.999],0.32,0.508,1,1219,3
365,Individual,839,[-1],[-1],0.323,0.508,1,1218,3
365,Individual,222,[-0.999],[-0.999],0.33,0.508,1,1218,7
365,Individual,868,[-1],[-1],0.331,0.508,1,1218,3
365,Individual,279,[0.999],[0.999],0.268,0.508,1,1219,6
365,Individual,335,[-0.684030976],[-0.684030976],0.019,0.508,1,1218,3
365,Individual,293,[-0.988],[-0.988],0.241,0.508,1,1218,3
365,Individual,806,[0.999],[0.999],0.259,0.508,1,1219,6
365,Individual,446,[0.997],[0.997],0.35,0.508,1,1219,3
365,Individual,709,[-1],[-1],0.252,0.508,1,1218,5
365,Individual,455,[-0.077],[-0.077],0.141,0.508,1,1218,4
365,Individual,58,[-1],[-1],0.423,0.508,1,1218,4
365,Individual,886,[0.073],[0.073],0.212,0.508,1,1219,5
365,Individual,919,[-0.999],[-0.999],0.384,0.508,1,1218,4
365,Individual,229,[0.959],[0.959],0.261,0.508,1,1219,6
365,Individual,907,[-1],[-1],0.256,0.508,1,1218,5
365,Individual,472,[1],[1],0.213,0.508,1,1219,7
365,Individual,688,[-1],[-1],0.133,0.508,1,1218,5
365,Individual,150,[1],[1],0.357,0.508,1,1219,9
365,Individual,309,[1],[1],0.43,0.508,1,1219,5
365,Individual,629,[1],[1],0.326,0.508,1,1219,7
365,Individual,502,[-0.998],[-0.998],0.345,0.508,1,1218,6
365,Individual,301,[0.994],[0.994],0.262,0.508,1,1219,5
365,Individual,146,[0.996],[0.996],0.442,0.508,1,1219,5
365,Individual,890,[-0.999],[-0.999],0.328,0.508,1,1218,4
365,Individual,649,[1],[1],0.341,0.508,1,1219,3
365,Individual,689,[-1],[-1],0.281,0.508,1,1218,11
365,Individual,11,[1],[1],0.32,0.508,1,1219,3
365,Individual,258,[-1],[-1],0.375,0.508,1,1218,4
365,Individual,396,[-1],[-1],0.308,0.508,1,1218,3
365,Individual,572,[-0.999],[-0.999],0.193,0.508,1,1218,3
365,Individual,722,[-1],[-1],0.34,0.508,1,1218,3
365,Individual,790,[-1],[-1],0.326,0.508,1,1218,4
365,Individual,319,[-0.995],[-0.995],0.263,0.508,1,1218,16
365,Individual,994,[-0.999],[-0.999],0.256,0.508,1,1218,5
365,Individual,381,[-0.999],[-0.999],0.349,0.508,1,1218,3
365,Individual,417,[-0.998],[-0.998],0.38,0.508,1,1218,9
365,Individual,516,[0.996],[0.996],0.349,0.508,1,1219,19
365,Individual,732,[-1],[-1],0.271,0.508,1,1218,5
365,Individual,357,[0.994],[0.994],0.39,0.508,1,1219,3
365,Individual,879,[0.075],[0.075],0.174,0.508,1,1219,4
365,Individual,168,[1],[1],0.369,0.508,1,1219,7
365,Individual,408,[1],[1],0.231,0.508,1,1219,4
365,Individual,783,[1],[1],0.255,0.508,1,1219,3
365,Individual,485,[0.576],[0.576],0.14,0.508,1,1219,5
365,Individual,416,[-1],[-1],0.316,0.508,1,1218,4
365,Individual,34,[0.989],[0.989],0.302,0.508,1,1219,4
365,Individual,23,[-1],[-1],0.473,0.508,1,1218,3
365,Individual,295,[-0.131],[-0.131],0.234,0.508,1,1218,11
365,Individual,669,[1],[1],0.272,0.508,1,1219,8
365,Individual,708,[1],[1],0.27,0.508,1,1219,6
365,Individual,334,[1],[1],0.517,0.508,1,1219,4
365,Individual,427,[0.994],[0.994],0.203,0.508,1,1219,3
365,Individual,724,[-1],[-1],0.354,0.508,1,1218,3
365,Individual,525,[-0.989],[-0.989],0.285,0.508,1,1218,8
365,Individual,577,[-0.999],[-0.999],0.224,0.508,1,1218,3
365,Individual,675,[0.999],[0.999],0.246,0.508,1,1219,4
365,Individual,215,[1],[1],0.31,0.508,1,1219,4
365,Individual,815,[1],[1],0.329,0.508,1,1219,3
365,Individual,3,[1],[1],0.273,0.508,1,1219,3
365,Individual,891,[1],[1],0.291,0.508,1,1219,5
365,Individual,269,[-0.362],[-0.362],0.163,0.508,1,1218,3
365,Individual,531,[1],[1],0.373,0.508,1,1219,4
365,Individual,906,[-1],[-1],0.303,0.508,1,1218,5
365,Individual,854,[-1],[-1],0.38,0.508,1,1218,3
365,Individual,652,[0.995],[0.995],0.315,0.508,1,1219,9
365,Individual,137,[1],[1],0.209,0.508,1,1219,3
365,Individual,329,[-1],[-1],0.229,0.508,1,1218,3
365,Individual,87,[1],[1],0.234,0.508,1,1219,3
365,Individual,99,[-0.08045200000000001],[-0.08045200000000001],0.126,0.508,1,1218,3
365,Individual,917,[-0.007],[-0.007],0.313,0.508,1,1219,3
365,Individual,910,[-1],[-1],0.292,0.508,1,1218,5
365,Individual,729,[1],[1],0.311,0.508,1,1219,3
365,Individual,772,[1],[1],0.285,0.508,1,1219,5
365,Individual,149,[1],[1],0.236,0.508,1,1219,3
365,Individual,315,[-0.998],[-0.998],0.086,0.508,1,1218,3
365,Individual,342,[1],[1],0.229,0.508,1,1219,3
365,Individual,191,[1],[1],0.242,0.508,1,1219,3
365,Individual,36,[-0.997],[-0.997],0.304,0.508,1,1218,9
365,Individual,520,[1],[1],0.321,0.508,1,1219,3
365,Individual,876,[-0.943],[-0.943],0.387,0.508,1,1218,3
365,Individual,645,[-0.974],[-0.974],0.316,0.508,1,1218,83
365,Individual,595,[0.997],[0.997],0.445,0.508,1,1219,6
365,Individual,464,[-1],[-1],0.213,0.508,1,1218,8
365,Individual,974,[0.999],[0.999],0.167,0.508,1,1219,20
365,Individual,597,[0.984],[0.984],0.326,0.508,1,1219,12
365,Individual,873,[-0.002],[-0.002],0.182,0.508,1,1219,3
365,Individual,561,[1],[1],0.26,0.508,1,1219,4
365,Individual,632,[1],[1],0.378,0.508,1,1219,5
365,Individual,564,[-0.998],[-0.998],0.359,0.508,1,1218,3
365,Individual,929,[1],[1],0.244,0.508,1,1219,4
365,Individual,822,[1],[1],0.194,0.508,1,1219,3
365,Individual,855,[-0.997],[-0.997],0.194,0.508,1,1218,4
365,Individual,365,[-1],[-1],0.295,0.508,1,1218,3
365,Individual,950,[-0.466],[-0.466],0.186,0.508,1,1218,3
365,Individual,712,[0.121],[0.121],0.3,0.508,1,1219,6
365,Individual,674,[-1],[-1],0.25,0.508,1,1218,3
365,Individual,374,[1],[1],0.453,0.508,1,1219,5
365,Individual,462,[-1],[-1],0.35,0.508,1,1218,4
365,Individual,779,[-1],[-1],0.213,0.508,1,1218,5
365,Individual,394,[1],[1],0.253,0.508,1,1219,4
365,Individual,813,[1],[1],0.387,0.508,1,1219,4
365,Individual,549,[1],[1],0.361,0.508,1,1219,5
365,Individual,955,[-1],[-1],0.262,0.508,1,1218,3
365,Individual,883,[0.999],[0.999],0.316,0.508,1,1219,3
365,Individual,77,[-0.217],[-0.217],0.152,0.508,1,1218,5
365,Individual,143,[-1],[-1],0.268,0.508,1,1218,6
365,Individual,665,[-0.997],[-0.997],0.279,0.508,1,1218,15
365,Individual,842,[0.999],[0.999],0.432,0.508,1,1219,29
365,Individual,874,[1],[1],0.121,0.508,1,1219,5
365,Individual,927,[-1],[-1],0.24,0.508,1,1218,5
365,Individual,265,[-1],[-1],0.513,0.508,1,1218,3
365,Individual,542,[1],[1],0.362,0.508,1,1219,5
365,Individual,44,[-1],[-1],0.311,0.508,1,1218,4
365,Individual,967,[-1],[-1],0.164,0.508,1,1218,3
365,Individual,777,[-0.996],[-0.996],0.297,0.508,1,1218,18
365,Individual,882,[-0.999],[-0.999],0.2,0.508,1,1218,3
365,Individual,491,[-0.993],[-0.993],0.328,0.508,1,1218,15
365,Individual,653,[-1],[-1],0.215,0.508,1,1218,3
365,Individual,196,[1],[1],0.187,0.508,1,1219,4
365,Individual,154,[0.431],[0.431],0.167,0.508,1,1219,3
365,Individual,986,[1],[1],0.3,0.508,1,1219,5
365,Individual,156,[1],[1],0.297,0.508,1,1219,3
365,Individual,155,[1],[1],0.34,0.508,1,1219,4
365,Individual,866,[-0.993],[-0.993],0.208,0.508,1,1218,4
365,Individual,83,[-0.999],[-0.999],0.213,0.508,1,1218,3
365,Individual,788,[1],[1],0.232,0.508,1,1219,3
365,Individual,799,[0.999],[0.999],0.261,0.508,1,1219,5
365,Individual,703,[1],[1],0.334,0.508,1,1219,9
365,Individual,911,[0.997],[0.997],0.22,0.508,1,1219,3
365,Individual,519,[1],[1],0.409,0.508,1,1219,3
365,Individual,332,[0.4742983923205837],[0.4742983923205837],0.141,0.508,1,1219,5
365,Individual,397,[0.999],[0.999],0.115,0.508,1,1219,4
365,Individual,817,[0.999],[0.999],0.394,0.508,1,1219,9
365,Individual,59,[-0.999],[-0.999],0.366,0.508,1,1218,12
365,Individual,583,[0.002],[0.002],0.217,0.508,1,1219,13
365,Individual,402,[-0.376],[-0.376],0.137,0.508,1,1218,5
365,Individual,337,[-0.003],[-0.003],0.239,0.508,1,1219,4
365,Individual,610,[-0.997],[-0.997],0.335,0.508,1,1218,12
365,Individual,496,[-1],[-1],0.183,0.508,1,1218,3
365,Individual,657,[-0.997],[-0.997],0.161,0.508,1,1218,5
365,Individual,862,[-1],[-1],0.257,0.508,1,1218,3
365,Individual,605,[-0.999],[-0.999],0.315,0.508,1,1218,4
365,Individual,444,[-0.473],[-0.473],0.218,0.508,1,1218,3
365,Individual,471,[-0.999],[-0.999],0.335,0.508,1,1218,8
365,Individual,414,[-0.999],[-0.999],0.24,0.508,1,1218,6
365,Individual,901,[0.999],[0.999],0.261,0.508,1,1219,4
365,Individual,73,[-1],[-1],0.25,0.508,1,1218,3
365,Individual,750,[0.997],[0.997],0.304,0.508,1,1219,6
365,Individual,259,[0.003],[0.003],0.071,0.508,1,1219,3
365,Individual,524,[0.973],[0.973],0.237,0.508,1,1219,4
365,Individual,316,[0.999],[0.999],0.264,0.508,1,1219,20
365,Individual,888,[0.994],[0.994],0.355,0.508,1,1219,3
365,Individual,947,[-0.998],[-0.998],0.291,0.508,1,1218,5
365,Individual,877,[1],[1],0.357,0.508,1,1219,3
365,Individual,621,[0.998],[0.998],0.279,0.508,1,1219,3
365,Individual,266,[-0.998],[-0.998],0.22,0.508,1,1218,3
365,Individual,738,[1],[1],0.182,0.508,1,1219,4
365,Individual,926,[0.995],[0.995],0.432,0.508,1,1219,8
365,Individual,45,[1],[1],0.226,0.508,1,1219,3
365,Individual,353,[-1],[-1],0.201,0.508,1,1218,5
365,Individual,209,[0.005],[0.005],0.106,0.508,1,1219,9
365,Individual,920,[-1],[-1],0.33,0.508,1,1218,6
365,Individual,291,[-0.993],[-0.993],0.252,0.508,1,1218,8
365,Individual,79,[-1],[-1],0.394,0.508,1,1218,3
365,Individual,663,[1],[1],0.262,0.508,1,1219,3
365,Individual,702,[-0.984],[-0.984],0.231,0.508,1,1218,22
365,Individual,814,[1],[1],0.407,0.508,1,1219,4
365,Individual,458,[1],[1],0.382,0.508,1,1219,8
365,Individual,582,[-0.999],[-0.999],0.264,0.508,1,1218,8
365,Individual,818,[-0.996],[-0.996],0.169,0.508,1,1218,3
365,Individual,769,[-1],[-1],0.298,0.508,1,1218,6
365,Individual,704,[1],[1],0.283,0.508,1,1219,4
365,Individual,654,[-0.943],[-0.943],0.458,0.508,1,1218,10
365,Individual,515,[-1],[-1],0.238,0.508,1,1218,4
365,Individual,15,[0.014],[0.014],0.302,0.508,1,1219,3
365,Individual,127,[1],[1],0.318,0.508,1,1219,5
365,Individual,166,[-0.981],[-0.981],0.178,0.508,1,1218,15
365,Individual,284,[-0.999],[-0.999],0.307,0.508,1,1218,3
365,Individual,333,[1],[1],0.44,0.508,1,1219,3
365,Individual,267,[1],[1],0.269,0.508,1,1219,3
365,Individual,535,[-1],[-1],0.367,0.508,1,1218,4
365,Individual,192,[-1],[-1],0.356,0.508,1,1218,10
365,Individual,811,[-1],[-1],0.343,0.508,1,1218,3
365,Individual,219,[1],[1],0.321,0.508,1,1219,3
365,Individual,419,[1],[1],0.482,0.508,1,1219,7
365,Individual,607,[1],[1],0.229,0.508,1,1219,3
365,Individual,205,[-1],[-1],0.393,0.508,1,1218,7
365,Individual,977,[-0.998],[-0.998],0.486,0.508,1,1218,3
365,Individual,760,[-0.998],[-0.998],0.451,0.508,1,1218,4
365,Individual,755,[-0.995],[-0.995],0.3,0.508,1,1218,11
365,Individual,18,[-0.996],[-0.996],0.268,0.508,1,1218,14
365,Individual,569,[-0.999],[-0.999],0.203,0.508,1,1218,3
365,Individual,748,[1],[1],0.442,0.508,1,1219,8
365,Individual,851,[1],[1],0.34,0.508,1,1219,3
365,Individual,625,[-0.31528029008715996],[-0.31528029008715996],0.116,0.508,1,1218,3
365,Individual,208,[-1],[-1],0.295,0.508,1,1218,3
365,Individual,620,[1],[1],0.165,0.508,1,1219,3
365,Individual,970,[1],[1],0.352,0.508,1,1219,3
365,Individual,159,[1],[1],0.306,0.508,1,1219,3
365,Individual,68,[-1],[-1],0.489,0.508,1,1218,3
365,Individual,410,[1],[1],0.397,0.508,1,1219,3
365,Individual,371,[1],[1],0.292,0.508,1,1219,13
365,Individual,6,[0.153],[0.153],0.026,0.508,1,1219,3
365,Individual,466,[1],[1],0.318,0.508,1,1219,7
365,Individual,360,[-1],[-1],0.193,0.508,1,1218,4
365,Individual,385,[-1],[-1],0.385,0.508,1,1218,3
365,Individual,992,[-0.999],[-0.999],0.311,0.508,1,1218,4
365,Individual,859,[0.074],[0.074],0.203,0.508,1,1219,4
365,Individual,707,[0.999],[0.999],0.347,0.508,1,1219,4
365,Individual,830,[-1],[-1],0.246,0.508,1,1218,4
365,Individual,160,[1],[1],0.425,0.508,1,1219,4
365,Individual,660,[0.994],[0.994],0.44,0.508,1,1219,4
365,Individual,812,[-0.998],[-0.998],0.325,0.508,1,1218,4
365,Individual,289,[-0.996],[-0.996],0.246,0.508,1,1218,6
365,Individual,899,[-1],[-1],0.314,0.508,1,1218,3
365,Individual,430,[-1],[-1],0.381,0.508,1,1218,4
365,Individual,164,[-0.986],[-0.986],0.358,0.508,1,1218,36
365,Individual,30,[-1],[-1],0.451,0.508,1,1218,6
365,Individual,626,[0.999],[0.999],0.381,0.508,1,1219,5
365,Individual,501,[0.994],[0.994],0.389,0.508,1,1219,3
365,Individual,930,[0.999],[0.999],0.281,0.508,1,1219,5
365,Individual,539,[1],[1],0.35,0.508,1,1219,3
365,Individual,959,[0.999],[0.999],0.3,0.508,1,1219,11
365,Individual,510,[0.932],[0.932],0.45,0.508,1,1219,8
365,Individual,220,[1],[1],0.454,0.508,1,1219,9
365,Individual,972,[1],[1],0.436,0.508,1,1219,3
365,Individual,630,[-0.999],[-0.999],0.306,0.508,1,1218,3
365,Individual,805,[1],[1],0.385,0.508,1,1219,6
365,Individual,158,[-0.981],[-0.981],0.323,0.508,1,1218,14
365,Individual,497,[1],[1],0.189,0.508,1,1219,3
365,Individual,344,[0.966],[0.966],0.273,0.508,1,1219,5
365,Individual,728,[-0.986],[-0.986],0.545,0.508,1,1218,3
365,Individual,553,[1],[1],0.504,0.508,1,1219,4
365,Individual,141,[-1],[-1],0.233,0.508,1,1218,4
365,Individual,757,[1],[1],0.271,0.508,1,1219,7
365,Individual,548,[1],[1],0.428,0.508,1,1219,5
365,Individual,758,[-1],[-1],0.333,0.508,1,1218,4
365,Individual,982,[0.097],[0.097],0.054,0.508,1,1219,6
365,Individual,420,[-1],[-1],0.348,0.508,1,1218,24
365,Individual,5,[1],[1],0.367,0.508,1,1219,4
365,Individual,513,[0.6724289426570682],[0.6724289426570682],0.105,0.508,1,1219,7
365,Individual,765,[1],[1],0.287,0.508,1,1219,5
365,Individual,836,[0.994],[0.994],0.373,0.508,1,1219,3
365,Individual,984,[0.994],[0.994],0.225,0.508,1,1219,5
365,Individual,33,[-0.934],[-0.934],0.423,0.508,1,1218,5
365,Individual,378,[-0.172],[-0.172],0.224,0.508,1,1218,5
365,Individual,80,[0.233],[0.233],0.128,0.508,1,1219,3
365,Individual,423,[0.097],[0.097],0.197,0.508,1,1219,3
365,Individual,902,[-1],[-1],0.275,0.508,1,1218,4
365,Individual,354,[-0.999],[-0.999],0.413,0.508,1,1218,3
365,Individual,94,[0.003],[0.003],0.124,0.508,1,1219,20
365,Individual,216,[-0.999],[-0.999],0.209,0.508,1,1218,9
365,Individual,382,[0.996],[0.996],0.465,0.508,1,1219,4
365,Individual,90,[-1],[-1],0.219,0.508,1,1218,4
365,Individual,978,[-0.999],[-0.999],0.325,0.508,1,1218,5
365,Individual,966,[1],[1],0.206,0.508,1,1219,3
365,Individual,962,[1],[1],0.183,0.508,1,1219,3
365,Individual,503,[-0.922],[-0.922],0.46,0.508,1,1218,7
365,Individual,603,[0.999],[0.999],0.078,0.508,1,1219,3
365,Individual,144,[-0.995],[-0.995],0.145,0.508,1,1218,17
365,Individual,635,[-0.998],[-0.998],0.306,0.508,1,1218,8
365,Individual,686,[-0.999],[-0.999],0.319,0.508,1,1218,4
365,Individual,343,[-0.997],[-0.997],0.341,0.508,1,1218,12
365,Individual,10,[-1],[-1],0.334,0.508,1,1218,6
365,Individual,778,[-1],[-1],0.147,0.508,1,1218,3
365,Individual,454,[-0.988],[-0.988],0.399,0.508,1,1218,55
365,Individual,84,[-1],[-1],0.325,0.508,1,1218,4
365,Individual,49,[-1],[-1],0.34,0.508,1,1218,4
365,Individual,145,[-0.995],[-0.995],0.389,0.508,1,1218,7
365,Individual,280,[-0.999],[-0.999],0.385,0.508,1,1218,3
365,Individual,678,[0.999],[0.999],0.372,0.508,1,1219,3
365,Individual,584,[-0.036],[-0.036],0.261,0.508,1,1219,3
365,Individual,173,[1],[1],0.335,0.508,1,1219,3
365,Individual,523,[-0.999],[-0.999],0.371,0.508,1,1218,3
365,Individual,66,[-0.998],[-0.998],0.213,0.508,1,1218,3
365,Individual,498,[-0.999],[-0.999],0.289,0.508,1,1218,3
365,Individual,889,[0.097],[0.097],0.198,0.508,1,1219,3
365,Individual,52,[-0.302],[-0.302],0.283,0.508,1,1218,3
365,Individual,683,[-0.988],[-0.988],0.364,0.508,1,1218,4
365,Individual,142,[-0.043],[-0.043],0.218,0.508,1,1219,4
365,Individual,753,[-1],[-1],0.402,0.508,1,1218,8
365,Individual,380,[0.998],[0.998],0.221,0.508,1,1219,5
365,Individual,936,[1],[1],0.4,0.508,1,1219,4
365,Individual,356,[-0.999],[-0.999],0.281,0.508,1,1218,3
365,Individual,946,[-0.999],[-0.999],0.094,0.508,1,1218,11
365,Individual,255,[-1],[-1],0.362,0.508,1,1218,9
365,Individual,7,[1],[1],0.365,0.508,1,1219,3
365,Individual,27,[0.007],[0.007],0.24,0.508,1,1219,3
365,Individual,801,[-1],[-1],0.52,0.508,1,1218,3
365,Individual,504,[1],[1],0.337,0.508,1,1219,4
365,Individual,303,[1],[1],0.494,0.508,1,1219,4
365,Individual,105,[-1],[-1],0.343,0.508,1,1218,8
365,Individual,710,[1],[1],0.37,0.508,1,1219,4
365,Individual,54,[-1],[-1],0.378,0.508,1,1218,3
365,Individual,774,[1],[1],0.428,0.508,1,1219,5
365,Individual,816,[0.997],[0.997],0.336,0.508,1,1219,5
365,Individual,880,[-0.996],[-0.996],0.371,0.508,1,1218,3
365,Individual,317,[-1],[-1],0.287,0.508,1,1218,3
365,Individual,439,[-0.999],[-0.999],0.254,0.508,1,1218,3
365,Individual,132,[1],[1],0.292,0.508,1,1219,3
365,Individual,392,[0.364],[0.364],0.136,0.508,1,1219,4
365,Individual,228,[1],[1],0.347,0.508,1,1219,7
365,Individual,321,[-0.014],[-0.014],0.218,0.508,1,1219,5
365,Individual,468,[-1],[-1],0.26,0.508,1,1218,6
365,Individual,656,[-1],[-1],0.372,0.508,1,1218,12
365,Individual,157,[-1],[-1],0.274,0.508,1,1218,3
365,Individual,273,[-2.0167976778347653E-88],[-2.0167976778347653E-88],0.331,0.508,1,1219,3
365,Individual,278,[-1],[-1],0.321,0.508,1,1218,5
365,Individual,651,[-1],[-1],0.262,0.508,1,1218,4
365,Individual,528,[-0.003],[-0.003],0.166,0.508,1,1219,9
365,Individual,367,[0.097],[0.097],0.226,0.508,1,1219,6
365,Individual,869,[-0.999],[-0.999],0.505,0.508,1,1218,6
365,Individual,377,[-1],[-1],0.459,0.508,1,1218,3
365,Individual,186,[-0.999],[-0.999],0.225,0.508,1,1218,8
365,Individual,715,[-0.998],[-0.998],0.307,0.508,1,1218,3
365,Individual,634,[-0.999],[-0.999],0.157,0.508,1,1218,4
365,Individual,488,[0.994],[0.994],0.076,0.508,1,1219,3
365,Individual,770,[1],[1],0.34,0.508,1,1219,4
365,Individual,671,[0.998],[0.998],0.202,0.508,1,1219,3
365,Individual,677,[-1],[-1],0.34,0.508,1,1218,3
365,Individual,46,[-0.997],[-0.997],0.251,0.508,1,1218,3
365,Individual,697,[-0.999],[-0.999],0.427,0.508,1,1218,3
365,Individual,212,[-1],[-1],0.256,0.508,1,1218,3
365,Individual,61,[-0.999],[-0.999],0.336,0.508,1,1218,7
365,Individual,250,[1],[1],0.225,0.508,1,1219,8
365,Individual,781,[-0.998],[-0.998],0.421,0.508,1,1218,14
365,Individual,101,[-0.172],[-0.172],0.325,0.508,1,1218,3
365,Individual,130,[0.931],[0.931],0.516,0.508,1,1219,11
365,Individual,69,[-0.997],[-0.997],0.418,0.508,1,1218,6
365,Individual,263,[-0.99],[-0.99],0.165,0.508,1,1218,6
365,Individual,568,[-1],[-1],0.321,0.508,1,1218,3
365,Individual,858,[-1],[-1],0.407,0.508,1,1218,6
365,Individual,28,[-0.945],[-0.945],0.391,0.508,1,1218,3
365,Individual,121,[-1],[-1],0.291,0.508,1,1218,3
365,Individual,865,[-1],[-1],0.311,0.508,1,1218,3
365,Individual,787,[-1],[-1],0.276,0.508,1,1218,3
365,Individual,195,[-0.951],[-0.951],0.297,0.508,1,1218,4
365,Individual,599,[-0.996],[-0.996],0.258,0.508,1,1218,5
365,Individual,627,[1],[1],0.491,0.508,1,1219,4
365,Individual,287,[-1],[-1],0.465,0.508,1,1218,3
365,Individual,693,[0.998],[0.998],0.344,0.508,1,1219,5
365,Individual,981,[-0.997],[-0.997],0.383,0.508,1,1218,5
365,Individual,870,[-0.999],[-0.999],0.262,0.508,1,1218,24
365,Individual,861,[0.852],[0.852],0.613,0.508,1,1219,5
365,Individual,566,[-0.002],[-0.002],0.22,0.508,1,1219,12
365,Individual,940,[0.999],[0.999],0.416,0.508,1,1219,3
365,Individual,206,[-0.043],[-0.043],0.268,0.508,1,1219,3
365,Individual,283,[0.997],[0.997],0.384,0.508,1,1219,4
365,Individual,751,[1],[1],0.356,0.508,1,1219,3
365,Individual,183,[0.003],[0.003],0.163,0.508,1,1219,4
365,Individual,244,[0.003],[0.003],0.103,0.508,1,1219,29
365,Individual,557,[-0.4318241046573395],[-0.4318241046573395],0.177,0.508,1,1218,3
365,Individual,74,[0.926],[0.926],0.506,0.508,1,1219,7
365,Individual,347,[-1],[-1],0.429,0.508,1,1218,5
365,Individual,386,[-0.997],[-0.997],0.372,0.508,1,1218,29
365,Individual,152,[-0.999],[-0.999],0.287,0.508,1,1218,4
365,Individual,534,[0.999],[0.999],0.294,0.508,1,1219,18
365,Individual,912,[-0.999],[-0.999],0.316,0.508,1,1218,3
365,Individual,260,[-0.4829537562022197],[-0.4829537562022197],0.134,0.508,1,1218,3
365,Individual,824,[-1],[-1],0.22,0.508,1,1218,3
365,Individual,290,[-1],[-1],0.289,0.508,1,1218,4
365,Individual,322,[-1],[-1],0.448,0.508,1,1218,4
365,Individual,988,[1],[1],0.297,0.508,1,1219,3
365,Individual,85,[0.999],[0.999],0.313,0.508,1,1219,26
365,Individual,633,[0.988],[0.988],0.266,0.508,1,1219,17
365,Individual,188,[-0.983],[-0.983],0.277,0.508,1,1218,3
365,Individual,336,[-1],[-1],0.27,0.508,1,1218,4
365,Individual,838,[-0.999],[-0.999],0.266,0.508,1,1218,4
365,Individual,453,[1],[1],0.201,0.508,1,1219,4
365,Individual,493,[0.04806233746889568],[0.04806233746889568],0.181,0.508,1,1219,8
365,Individual,893,[1],[1],0.239,0.508,1,1219,3
365,Individual,474,[0.975],[0.975],0.394,0.508,1,1219,6
365,Individual,648,[0.999],[0.999],0.36,0.508,1,1219,6
365,Individual,942,[-1],[-1],0.312,0.508,1,1218,3
365,Individual,998,[0.6227709532160001],[0.6227709532160001],0.072,0.508,1,1219,3
365,Individual,125,[1],[1],0.334,0.508,1,1219,10
365,Individual,845,[1],[1],0.326,0.508,1,1219,3
365,Individual,588,[-0.999],[-0.999],0.35,0.508,1,1218,3
365,Individual,983,[1],[1],0.364,0.508,1,1219,16
365,Individual,203,[1],[1],0.291,0.508,1,1219,3
365,Individual,898,[-1],[-1],0.261,0.508,1,1218,7
365,Individual,71,[1],[1],0.316,0.508,1,1219,8
365,Individual,418,[-0.997],[-0.997],0.324,0.508,1,1218,7
365,Individual,63,[1],[1],0.073,0.508,1,1219,33
365,Individual,872,[-0.992],[-0.992],0.271,0.508,1,1218,6
365,Individual,348,[-1],[-1],0.298,0.508,1,1218,5
365,Individual,179,[-0.85],[-0.85],0.496,0.508,1,1218,16
365,Individual,529,[1],[1],0.431,0.508,1,1219,4
365,Individual,685,[-0.999],[-0.999],0.232,0.508,1,1218,7
365,Individual,991,[-1],[-1],0.291,0.508,1,1218,4
365,Individual,447,[1],[1],0.341,0.508,1,1219,3
365,Individual,107,[-0.999],[-0.999],0.263,0.508,1,1218,7
365,Individual,313,[-0.326],[-0.326],0.206,0.508,1,1218,3
365,Individual,129,[-0.999],[-0.999],0.14,0.508,1,1218,4
365,Individual,775,[-1],[-1],0.172,0.508,1,1218,3
365,Individual,463,[0.998],[0.998],0.419,0.508,1,1219,3
365,Individual,422,[-0.982],[-0.982],0.267,0.508,1,1218,6
365,Individual,897,[-0.999],[-0.999],0.391,0.508,1,1218,29
365,Individual,647,[1],[1],0.214,0.508,1,1219,5
365,Individual,78,[0.073],[0.073],0.279,0.508,1,1219,6
365,Individual,436,[1],[1],0.244,0.508,1,1219,3
365,Individual,835,[0.10773641995332764],[0.10773641995332764],0.204,0.508,1,1219,3
365,Individual,956,[-1],[-1],0.295,0.508,1,1218,3
365,Individual,199,[0.989],[0.989],0.131,0.508,1,1219,5
365,Individual,299,[-1],[-1],0.541,0.508,1,1218,3
365,Individual,296,[-1],[-1],0.326,0.508,1,1218,4
365,Individual,124,[-1],[-1],0.408,0.508,1,1218,8
365,Individual,473,[-0.002],[-0.002],0.211,0.508,1,1219,15
365,Individual,864,[-1],[-1],0.499,0.508,1,1218,4
365,Individual,537,[-0.999],[-0.999],0.335,0.508,1,1218,4
365,Individual,909,[-1],[-1],0.2,0.508,1,1218,7
365,Individual,555,[-0.999],[-0.999],0.351,0.508,1,1218,3
365,Individual,379,[-0.998],[-0.998],0.226,0.508,1,1218,3
365,Individual,563,[0.073],[0.073],0.33,0.508,1,1219,18
365,Individual,823,[0.999],[0.999],0.258,0.508,1,1219,5
365,Individual,340,[0.666],[0.666],0.107,0.508,1,1219,3
365,Individual,413,[-1],[-1],0.437,0.508,1,1218,3
365,Individual,591,[-0.998],[-0.998],0.389,0.508,1,1218,3
365,Individual,383,[1],[1],0.294,0.508,1,1219,3
365,Individual,903,[0.4],[0.4],0.243,0.508,1,1219,3
365,Individual,587,[1],[1],0.501,0.508,1,1219,3
365,Individual,789,[0.073],[0.073],0.162,0.508,1,1219,3
365,Individual,731,[1],[1],0.297,0.508,1,1219,11
365,Individual,759,[-1],[-1],0.323,0.508,1,1218,3
365,Individual,254,[-0.999],[-0.999],0.249,0.508,1,1218,9
365,Individual,88,[-0.999],[-0.999],0.376,0.508,1,1218,11
365,Individual,190,[-0.993],[-0.993],0.319,0.508,1,1218,4
365,Individual,682,[1],[1],0.273,0.508,1,1219,8
365,Individual,604,[1],[1],0.357,0.508,1,1219,3
365,Individual,285,[1],[1],0.339,0.508,1,1219,3
365,Individual,349,[1],[1],0.367,0.508,1,1219,3
365,Individual,162,[-0.363],[-0.363],0.145,0.508,1,1218,4
365,Individual,847,[1],[1],0.227,0.508,1,1219,8
365,Individual,163,[-0.005130532864000002],[-0.005130532864000002],0.194,0.508,1,1219,3
365,Individual,467,[-1],[-1],0.186,0.508,1,1218,5
365,Individual,550,[1],[1],0.432,0.508,1,1219,4
365,Individual,606,[-1],[-1],0.254,0.508,1,1218,5
365,Individual,108,[-1],[-1],0.3,0.508,1,1218,3
365,Individual,176,[-1],[-1],0.2,0.508,1,1218,8
365,Individual,934,[0.855],[0.855],0.513,0.508,1,1219,15
365,Individual,338,[0.008],[0.008],0.22,0.508,1,1219,14
365,Individual,409,[1],[1],0.24,0.508,1,1219,3
365,Individual,352,[-0.389903776],[-0.389903776],0.153,0.508,1,1218,3
365,Individual,111,[1],[1],0.362,0.508,1,1219,4
365,Individual,120,[1],[1],0.346,0.508,1,1219,4
365,Individual,4,[1],[1],0.396,0.508,1,1219,3
365,Individual,75,[-0.042],[-0.042],0.249,0.508,1,1219,5
365,Individual,480,[-0.999],[-0.999],0.293,0.508,1,1218,8
365,Individual,217,[0.998],[0.998],0.337,0.508,1,1219,39
365,Individual,230,[0.996],[0.996],0.181,0.508,1,1219,3
365,Individual,139,[1],[1],0.124,0.508,1,1219,5
365,Individual,571,[-0.999],[-0.999],0.413,0.508,1,1218,3
365,Individual,261,[-1],[-1],0.37,0.508,1,1218,3
365,Individual,586,[-1],[-1],0.241,0.508,1,1218,3
365,Individual,434,[1],[1],0.409,0.508,1,1219,3
365,Individual,925,[1],[1],0.434,0.508,1,1219,4
365,Individual,844,[0.999],[0.999],0.306,0.508,1,1219,8
365,Individual,128,[-1],[-1],0.373,0.508,1,1218,3
365,Individual,530,[-0.947],[-0.947],0.401,0.508,1,1218,7
365,Individual,850,[-1],[-1],0.257,0.508,1,1218,8
365,Individual,650,[1],[1],0.321,0.508,1,1219,5
365,Individual,148,[-1],[-1],0.354,0.508,1,1218,3
365,Individual,762,[-0.995],[-0.995],0.261,0.508,1,1218,3
365,Individual,165,[-0.999],[-0.999],0.306,0.508,1,1218,5
365,Individual,895,[-1],[-1],0.301,0.508,1,1218,3
365,Individual,743,[0.999],[0.999],0.283,0.508,1,1219,6
365,Individual,699,[0.989],[0.989],0.377,0.508,1,1219,3
365,Individual,727,[0.999],[0.999],0.401,0.508,1,1219,7
365,Individual,245,[-1],[-1],0.29,0.508,1,1218,3
365,Individual,825,[1],[1],0.317,0.508,1,1219,9
365,Individual,794,[0.994],[0.994],0.273,0.508,1,1219,7
365,Individual,119,[0.983],[0.983],0.5,0.508,1,1219,19
365,Individual,441,[-0.217441207270912],[-0.217441207270912],0.138,0.508,1,1218,4
365,Individual,928,[0.002],[0.002],0.244,0.508,1,1219,4
365,Individual,846,[-0.99],[-0.99],0.164,0.508,1,1218,3
365,Individual,20,[0.989],[0.989],0.306,0.508,1,1219,4
365,Individual,100,[-1],[-1],0.538,0.508,1,1218,4
365,Individual,426,[-0.995],[-0.995],0.471,0.508,1,1218,54
365,Individual,147,[-1],[-1],0.394,0.508,1,1218,4
365,Individual,93,[1],[1],0.345,0.508,1,1219,3
365,Individual,776,[1],[1],0.475,0.508,1,1219,3
365,Individual,590,[-1],[-1],0.246,0.508,1,1218,4
365,Individual,661,[1],[1],0.391,0.508,1,1219,4
365,Individual,133,[0.999],[0.999],0.378,0.508,1,1219,3
365,Individual,746,[0.958],[0.958],0.45,0.508,1,1219,19
365,Individual,487,[0.66],[0.66],0.119,0.508,1,1219,4
365,Individual,55,[1],[1],0.162,0.508,1,1219,3
365,Individual,26,[-0.994],[-0.994],0.377,0.508,1,1218,8
365,Individual,505,[-0.996],[-0.996],0.3,0.508,1,1218,4
365,Individual,560,[-0.16294125040836463],[-0.16294125040836463],0.168,0.508,1,1218,3
365,Individual,809,[1],[1],0.377,0.508,1,1219,4
365,Individual,223,[-1],[-1],0.335,0.508,1,1218,3
365,Individual,976,[1],[1],0.317,0.508,1,1219,4
365,Individual,666,[-1],[-1],0.325,0.508,1,1218,3
365,Individual,767,[1],[1],0.391,0.508,1,1219,4
365,Individual,476,[-0.998],[-0.998],0.321,0.508,1,1218,3
365,Individual,198,[0.999],[0.999],0.319,0.508,1,1219,4
365,Individual,311,[-1],[-1],0.358,0.508,1,1218,3
365,Individual,612,[-1],[-1],0.437,0.508,1,1218,4
365,Individual,395,[0.999],[0.999],0.274,0.508,1,1219,5
365,Individual,547,[-0.996],[-0.996],0.154,0.508,1,1218,19
365,Individual,282,[1],[1],0.25,0.508,1,1219,4
365,Individual,578,[1],[1],0.058,0.508,1,1219,3
365,Individual,848,[1],[1],0.286,0.508,1,1219,6
365,Individual,86,[-0.997],[-0.997],0.155,0.508,1,1218,3
365,Individual,745,[-0.945],[-0.945],0.334,0.508,1,1218,4
365,Individual,499,[-0.999],[-0.999],0.347,0.508,1,1218,3
365,Individual,887,[0.999],[0.999],0.32,0.508,1,1219,4
365,Individual,460,[-0.999],[-0.999],0.322,0.508,1,1218,4
365,Individual,211,[-1],[-1],0.349,0.508,1,1218,3
365,Individual,67,[-0.998],[-0.998],0.365,0.508,1,1218,3
365,Individual,53,[0.997],[0.997],0.396,0.508,1,1219,5
365,Individual,780,[0.995],[0.995],0.329,0.508,1,1219,7
365,Individual,961,[-0.995],[-0.995],0.396,0.508,1,1218,11
365,Individual,197,[-0.972],[-0.972],0.41,0.508,1,1218,53
365,Individual,115,[1],[1],0.225,0.508,1,1219,6
365,Individual,440,[-1],[-1],0.44,0.508,1,1218,3
365,Individual,711,[-0.957],[-0.957],0.339,0.508,1,1218,6
365,Individual,581,[-0.997],[-0.997],0.367,0.508,1,1218,7
365,Individual,369,[1],[1],0.594,0.508,1,1219,5
365,Individual,40,[0.999],[0.999],0.191,0.508,1,1219,26
365,Individual,252,[0.994],[0.994],0.262,0.508,1,1219,4
365,Individual,975,[-1],[-1],0.262,0.508,1,1218,4
365,Individual,545,[1],[1],0.298,0.508,1,1219,4
365,Individual,138,[-0.998],[-0.998],0.373,0.508,1,1218,6
365,Individual,25,[-0.995],[-0.995],0.369,0.508,1,1218,6
365,Individual,881,[1],[1],0.325,0.508,1,1219,3
365,Individual,328,[1],[1],0.375,0.508,1,1219,4
365,Individual,489,[1],[1],0.399,0.508,1,1219,3
365,Individual,527,[-0.999],[-0.999],0.284,0.508,1,1218,5
365,Individual,771,[-0.997],[-0.997],0.39,0.508,1,1218,22
365,Individual,271,[-1],[-1],0.228,0.508,1,1218,7
365,Individual,361,[-1],[-1],0.415,0.508,1,1218,3
365,Individual,103,[0.987],[0.987],0.345,0.508,1,1219,3
365,Individual,38,[-0.999],[-0.999],0.307,0.508,1,1218,6
365,Individual,692,[1],[1],0.386,0.508,1,1219,9
365,Individual,948,[1],[1],0.226,0.508,1,1219,3
365,Individual,249,[-0.996],[-0.996],0.364,0.508,1,1218,3
365,Individual,404,[-1],[-1],0.207,0.508,1,1218,3
365,Individual,389,[0.964],[0.964],0.312,0.508,1,1219,8
365,Individual,596,[-0.999],[-0.999],0.47,0.508,1,1218,3
365,Individual,733,[-0.993],[-0.993],0.24,0.508,1,1218,14
365,Individual,717,[1],[1],0.466,0.508,1,1219,23
365,Individual,469,[-0.992],[-0.992],0.265,0.508,1,1218,5
365,Individual,514,[0.999],[0.999],0.246,0.508,1,1219,3
365,Individual,705,[1],[1],0.247,0.508,1,1219,3
365,Individual,64,[1],[1],0.324,0.508,1,1219,13
365,Individual,979,[-0.999],[-0.999],0.321,0.508,1,1218,3
365,Individual,461,[-0.999],[-0.999],0.253,0.508,1,1218,13
365,Individual,494,[1],[1],0.265,0.508,1,1219,3
365,Individual,47,[-0.311976556736],[-0.311976556736],0.177,0.508,1,1218,3
365,Individual,405,[-0.132],[-0.132],0.223,0.508,1,1218,7
365,Individual,214,[-0.993],[-0.993],0.268,0.508,1,1218,4
365,Individual,687,[-1],[-1],0.324,0.508,1,1218,3
365,Individual,224,[-0.998],[-0.998],0.408,0.508,1,1218,3
365,Individual,432,[1],[1],0.421,0.508,1,1219,4
365,Individual,112,[1],[1],0.377,0.508,1,1219,4
365,Individual,754,[-0.998],[-0.998],0.337,0.508,1,1218,3
365,Individual,204,[1],[1],0.402,0.508,1,1219,15
365,Individual,532,[1],[1],0.476,0.508,1,1219,7
365,Individual,800,[1],[1],0.359,0.508,1,1219,4
365,Individual,522,[1],[1],0.395,0.508,1,1219,4
365,Individual,971,[-0.999],[-0.999],0.223,0.508,1,1218,7
365,Individual,398,[1],[1],0.285,0.508,1,1219,7
365,Individual,35,[-1],[-1],0.325,0.508,1,1218,3
365,Individual,695,[-1],[-1],0.374,0.508,1,1218,6
365,Individual,615,[-1],[-1],0.26,0.508,1,1218,6
365,Individual,931,[-0.943],[-0.943],0.443,0.508,1,1218,9
365,Individual,821,[-0.999],[-0.999],0.305,0.508,1,1218,4
365,Individual,662,[1],[1],0.219,0.508,1,1219,5
365,Individual,721,[-1],[-1],0.301,0.508,1,1218,5
365,Individual,181,[1],[1],0.333,0.508,1,1219,4
365,Individual,19,[1],[1],0.325,0.508,1,1219,5
365,Individual,659,[1],[1],0.439,0.508,1,1219,3
365,Individual,915,[0.996],[0.996],0.445,0.508,1,1219,4
365,Individual,673,[-0.999],[-0.999],0.428,0.508,1,1218,4
365,Individual,490,[-0.132],[-0.132],0.322,0.508,1,1218,3
365,Individual,796,[1],[1],0.26,0.508,1,1219,4
365,Individual,837,[1],[1],0.195,0.508,1,1219,4
365,Individual,262,[0.021],[0.021],0.244,0.508,1,1219,3
365,Individual,773,[0.966],[0.966],0.319,0.508,1,1219,4
365,Individual,933,[1],[1],0.294,0.508,1,1219,4
365,Individual,782,[0.997],[0.997],0.395,0.508,1,1219,61
365,Individual,965,[1],[1],0.22,0.508,1,1219,3
365,Individual,508,[0.999],[0.999],0.249,0.508,1,1219,8
365,Individual,314,[1],[1],0.315,0.508,1,1219,5
365,Individual,849,[0.995],[0.995],0.33,0.508,1,1219,3
365,Individual,113,[0.097],[0.097],0.165,0.508,1,1219,16
365,Individual,804,[-0.999],[-0.999],0.365,0.508,1,1218,5
365,Individual,407,[1],[1],0.272,0.508,1,1219,7
365,Individual,92,[-0.998],[-0.998],0.314,0.508,1,1218,4
365,Individual,207,[-0.924],[-0.924],0.503,0.508,1,1218,4
365,Individual,14,[-1],[-1],0.296,0.508,1,1218,5
365,Individual,89,[1],[1],0.408,0.508,1,1219,3
365,Individual,668,[-1],[-1],0.262,0.508,1,1218,6
365,Individual,391,[1],[1],0.509,0.508,1,1219,3
365,Individual,358,[1],[1],0.364,0.508,1,1219,4
365,Individual,667,[1],[1],0.274,0.508,1,1219,3
365,Individual,56,[-0.044],[-0.044],0.211,0.508,1,1219,3
365,Individual,412,[1],[1],0.251,0.508,1,1219,5
365,Individual,602,[-1],[-1],0.373,0.508,1,1218,3
365,Individual,302,[-1],[-1],0.255,0.508,1,1218,9
365,Individual,478,[-0.995],[-0.995],0.242,0.508,1,1218,3
365,Individual,985,[1],[1],0.285,0.508,1,1219,4
365,Individual,106,[1],[1],0.35,0.508,1,1219,4
365,Individual,202,[1],[1],0.256,0.508,1,1219,3
365,Individual,734,[-0.998],[-0.998],0.327,0.508,1,1218,3
365,Individual,42,[-0.004],[-0.004],0.259,0.508,1,1219,4
365,Individual,320,[0.999],[0.999],0.225,0.508,1,1219,20
365,Individual,973,[1],[1],0.201,0.508,1,1219,3
365,Individual,969,[-1],[-1],0.359,0.508,1,1218,3
365,Individual,913,[-0.999],[-0.999],0.392,0.508,1,1218,4
365,Individual,828,[-0.91],[-0.91],0.501,0.508,1,1218,10
365,Individual,355,[1],[1],0.328,0.508,1,1219,3
365,Individual,546,[1],[1],0.249,0.508,1,1219,4
365,Individual,793,[-0.999],[-0.999],0.304,0.508,1,1218,3
365,Individual,122,[1],[1],0.537,0.508,1,1219,5
365,Individual,558,[-0.993],[-0.993],0.445,0.508,1,1218,4
365,Individual,305,[-0.999],[-0.999],0.461,0.508,1,1218,3
365,Individual,742,[1],[1],0.133,0.508,1,1219,6
365,Individual,12,[0.996],[0.996],0.318,0.508,1,1219,4
365,Individual,210,[0.988],[0.988],0.386,0.508,1,1219,8
365,Individual,554,[-1],[-1],0.12,0.508,1,1218,3
365,Individual,681,[-0.002],[-0.002],0.234,0.508,1,1219,3
365,Individual,298,[-0.357],[-0.357],0.249,0.508,1,1218,3
365,Individual,737,[-0.999],[-0.999],0.285,0.508,1,1218,8
365,Individual,761,[1],[1],0.413,0.508,1,1219,4
365,Individual,495,[-0.999],[-0.999],0.257,0.508,1,1218,3
365,Individual,292,[0.999],[0.999],0.24,0.508,1,1219,4
365,Individual,421,[0.995],[0.995],0.216,0.508,1,1219,13
365,Individual,452,[-0.999],[-0.999],0.363,0.508,1,1218,4
365,Individual,32,[-0.999],[-0.999],0.317,0.508,1,1218,9
365,Individual,388,[1],[1],0.429,0.508,1,1219,5
365,Individual,863,[-0.993],[-0.993],0.392,0.508,1,1218,3
365,Individual,201,[0.997],[0.997],0.312,0.508,1,1219,9
365,Individual,102,[1],[1],0.299,0.508,1,1219,3
365,Individual,96,[1],[1],0.271,0.508,1,1219,5
365,Individual,8,[1],[1],0.376,0.508,1,1219,7
365,Individual,636,[-0.996],[-0.996],0.491,0.508,1,1218,3
365,Individual,937,[-0.999],[-0.999],0.476,0.508,1,1218,5
365,Individual,393,[1],[1],0.205,0.508,1,1219,3
365,Individual,277,[-1],[-1],0.173,0.508,1,1218,3
365,Individual,918,[1],[1],0.442,0.508,1,1219,3
365,Individual,541,[-1],[-1],0.261,0.508,1,1218,4
365,Individual,551,[-0.377],[-0.377],0.22,0.508,1,1218,15
365,Individual,362,[-0.04],[-0.04],0.13,0.508,1,1219,21
365,Individual,372,[-0.998],[-0.998],0.419,0.508,1,1218,10
365,Individual,622,[0.151],[0.151],0.258,0.508,1,1219,3
365,Individual,226,[0.997],[0.997],0.309,0.508,1,1219,6
365,Individual,512,[0.25420842958926043],[0.25420842958926043],0.19,0.508,1,1219,3
365,Individual,904,[-0.036],[-0.036],0.209,0.508,1,1219,3
365,Individual,725,[-0.217],[-0.217],0.264,0.508,1,1218,3
365,Individual,807,[1],[1],0.313,0.508,1,1219,3
365,Individual,443,[-1],[-1],0.255,0.508,1,1218,6
365,Individual,76,[1],[1],0.154,0.508,1,1219,3
365,Individual,123,[-1],[-1],0.253,0.508,1,1218,6
365,Individual,370,[1],[1],0.181,0.508,1,1219,4
365,Individual,48,[-0.003],[-0.003],0.204,0.508,1,1219,6
365,Individual,875,[-0.377],[-0.377],0.173,0.508,1,1218,3
365,Individual,376,[1],[1],0.304,0.508,1,1219,8
365,Individual,424,[-1],[-1],0.327,0.508,1,1218,3
365,Individual,442,[0.999],[0.999],0.377,0.508,1,1219,6
365,Individual,331,[-0.999],[-0.999],0.409,0.508,1,1218,4
365,Individual,411,[-0.998],[-0.998],0.312,0.508,1,1218,3
365,Individual,114,[1],[1],0.414,0.508,1,1219,3
365,Individual,51,[-0.995],[-0.995],0.343,0.508,1,1218,4
365,Individual,643,[0.968],[0.968],0.278,0.508,1,1219,4
365,Individual,31,[-1],[-1],0.453,0.508,1,1218,4
365,Individual,867,[0.999],[0.999],0.185,0.508,1,1219,3
365,Individual,366,[-0.548517178123264],[-0.548517178123264],0.06,0.508,1,1218,5
365,Individual,134,[1],[1],0.301,0.508,1,1219,3
365,Individual,339,[0.932],[0.932],0.489,0.508,1,1219,5
365,Individual,831,[-0.902],[-0.902],0.602,0.508,1,1218,4
365,Individual,517,[0.073],[0.073],0.264,0.508,1,1219,3
365,Individual,658,[1],[1],0.345,0.508,1,1219,3
365,Individual,810,[1],[1],0.325,0.508,1,1219,3
365,Individual,740,[0.999],[0.999],0.301,0.508,1,1219,21
365,Individual,951,[-1],[-1],0.267,0.508,1,1218,4
365,Individual,135,[-1],[-1],0.346,0.508,1,1218,3
365,Individual,832,[-0.999],[-0.999],0.455,0.508,1,1218,3
365,Individual,41,[-0.999],[-0.999],0.253,0.508,1,1218,6
365,Individual,640,[-1],[-1],0.211,0.508,1,1218,3
365,Individual,131,[-1],[-1],0.461,0.508,1,1218,5
365,Individual,368,[-1],[-1],0.255,0.508,1,1218,8
365,Individual,281,[0.999],[0.999],0.161,0.508,1,1219,5
365,Individual,544,[-0.997],[-0.997],0.366,0.508,1,1218,54
365,Individual,91,[-0.998],[-0.998],0.242,0.508,1,1218,8
365,Individual,749,[1],[1],0.26,0.508,1,1219,5
365,Individual,941,[-0.997],[-0.997],0.35,0.508,1,1218,4
365,Individual,387,[-0.998],[-0.998],0.423,0.508,1,1218,3
365,Individual,923,[-0.999],[-0.999],0.262,0.508,1,1218,3
365,Individual,345,[-0.999],[-0.999],0.382,0.508,1,1218,8
365,Individual,829,[-0.999],[-0.999],0.459,0.508,1,1218,3
365,Individual,29,[-0.13],[-0.13],0.241,0.508,1,1218,4
365,Individual,900,[0.996],[0.996],0.295,0.508,1,1219,12
365,Individual,37,[0.999],[0.999],0.271,0.508,1,1219,6
365,Individual,664,[1],[1],0.241,0.508,1,1219,3
365,Individual,684,[-0.999],[-0.999],0.177,0.508,1,1218,7
365,Individual,225,[-1],[-1],0.327,0.508,1,1218,3
365,Individual,268,[1],[1],0.355,0.508,1,1219,3
365,Individual,646,[-0.998],[-0.998],0.29,0.508,1,1218,4
365,Individual,470,[1],[1],0.378,0.508,1,1219,3
365,Individual,852,[-0.993],[-0.993],0.178,0.508,1,1218,3
365,Individual,140,[-0.998],[-0.998],0.202,0.508,1,1218,3
365,Individual,843,[1],[1],0.308,0.508,1,1219,6
365,Individual,218,[1],[1],0.356,0.508,1,1219,4
365,Individual,274,[-0.999],[-0.999],0.282,0.508,1,1218,5
365,Individual,619,[-0.999],[-0.999],0.193,0.508,1,1218,28
365,Individual,808,[-0.999],[-0.999],0.27,0.508,1,1218,15
365,Individual,792,[1],[1],0.263,0.508,1,1219,3
365,Individual,307,[-1],[-1],0.305,0.508,1,1218,3
365,Individual,288,[0.999],[0.999],0.409,0.508,1,1219,17
365,Individual,189,[-1],[-1],0.477,0.508,1,1218,3
365,Individual,363,[1],[1],0.294,0.508,1,1219,15
365,Individual,538,[0.099],[0.099],0.226,0.508,1,1219,15
365,Individual,306,[-1],[-1],0.369,0.508,1,1218,3
365,Individual,698,[-1],[-1],0.265,0.508,1,1218,3
365,Individual,479,[1],[1],0.365,0.508,1,1219,3
365,Individual,894,[-1],[-1],0.3,0.508,1,1218,3
365,Individual,9,[-0.988],[-0.988],0.216,0.508,1,1218,27
365,Individual,736,[-1],[-1],0.372,0.508,1,1218,3
365,Individual,631,[-0.998],[-0.998],0.324,0.508,1,1218,16
365,Individual,253,[1],[1],0.258,0.508,1,1219,4
365,Individual,275,[-0.04],[-0.04],0.221,0.508,1,1219,3
365,Individual,276,[0.996],[0.996],0.35,0.508,1,1219,6
365,Individual,175,[0.959],[0.959],0.267,0.508,1,1219,3
365,Individual,2,[-1],[-1],0.259,0.508,1,1218,3
365,Individual,614,[-0.999],[-0.999],0.323,0.508,1,1218,3
365,Individual,885,[1],[1],0.278,0.508,1,1219,3
365,Individual,438,[1],[1],0.263,0.508,1,1219,4
365,Individual,294,[-1],[-1],0.217,0.508,1,1218,4
365,Individual,952,[-1],[-1],0.255,0.508,1,1218,5
365,Individual,481,[-0.958],[-0.958],0.276,0.508,1,1218,7
365,Individual,486,[0.002],[0.002],0.209,0.508,1,1219,14
365,Individual,623,[0.999],[0.999],0.324,0.508,1,1219,4
365,Individual,989,[-1],[-1],0.293,0.508,1,1218,5
365,Individual,193,[-1],[-1],0.257,0.508,1,1218,3
365,Individual,857,[-0.998],[-0.998],0.29,0.508,1,1218,8
365,Individual,326,[-0.999],[-0.999],0.454,0.508,1,1218,7
365,Individual,892,[-1],[-1],0.252,0.508,1,1218,6
365,Individual,297,[1],[1],0.379,0.508,1,1219,4
365,Individual,242,[-1],[-1],0.286,0.508,1,1218,5
365,Individual,714,[-0.998],[-0.998],0.393,0.508,1,1218,3
365,Individual,826,[-1],[-1],0.232,0.508,1,1218,5
365,Individual,406,[0.999],[0.999],0.132,0.508,1,1219,16
365,Individual,795,[-1],[-1],0.294,0.508,1,1218,4
365,Individual,437,[1],[1],0.272,0.508,1,1219,3
365,Individual,213,[-0.916],[-0.916],0.302,0.508,1,1218,14
365,Individual,312,[0.999],[0.999],0.389,0.508,1,1219,7
365,Individual,185,[1],[1],0.249,0.508,1,1219,9
365,Individual,62,[-1],[-1],0.279,0.508,1,1218,4
365,Individual,511,[-1],[-1],0.314,0.508,1,1218,3
365,Individual,109,[1],[1],0.329,0.508,1,1219,4
365,Individual,608,[1],[1],0.432,0.508,1,1219,3
365,Individual,798,[-1],[-1],0.426,0.508,1,1218,3
365,Individual,995,[-1],[-1],0.259,0.508,1,1218,3
365,Individual,308,[-0.997],[-0.997],0.379,0.508,1,1218,5
365,Individual,429,[-0.002],[-0.002],0.295,0.508,1,1219,16
365,Individual,81,[-0.999],[-0.999],0.488,0.508,1,1218,3
365,Individual,1,[0.998],[0.998],0.325,0.508,1,1219,6
365,Individual,17,[-1],[-1],0.373,0.508,1,1218,4
365,Individual,592,[0.999],[0.999],0.317,0.508,1,1219,8
365,Individual,833,[1],[1],0.409,0.508,1,1219,4
365,Individual,459,[-0.005],[-0.005],0.181,0.508,1,1219,5
365,Individual,638,[-1],[-1],0.339,0.508,1,1218,8
365,Individual,916,[0.64535971264],[0.64535971264],0.035,0.508,1,1219,8
365,Individual,178,[-0.999],[-0.999],0.256,0.508,1,1218,5
365,Individual,871,[1],[1],0.344,0.508,1,1219,3
365,Individual,701,[-1],[-1],0.429,0.508,1,1218,5
365,Individual,540,[0.214],[0.214],0.182,0.508,1,1219,4
365,Individual,375,[1],[1],0.235,0.508,1,1219,3
365,Individual,585,[1],[1],0.148,0.508,1,1219,4
365,Individual,169,[-0.987],[-0.987],0.322,0.508,1,1218,7
365,Individual,450,[1],[1],0.449,0.508,1,1219,6
365,Individual,72,[1],[1],0.405,0.508,1,1219,3
365,Individual,993,[0.999],[0.999],0.426,0.508,1,1219,3
365,Individual,819,[-0.999],[-0.999],0.169,0.508,1,1218,9
365,Individual,957,[-0.198],[-0.198],0.122,0.508,1,1218,4
365,Individual,690,[0.999],[0.999],0.397,0.508,1,1219,9
365,Individual,431,[1],[1],0.33,0.508,1,1219,15
365,Individual,644,[-0.998],[-0.998],0.266,0.508,1,1218,4
365,Individual,570,[1],[1],0.223,0.508,1,1219,3
365,Individual,401,[1],[1],0.135,0.508,1,1219,5
365,Individual,239,[-0.037],[-0.037],0.224,0.508,1,1219,10
365,Individual,613,[1],[1],0.305,0.508,1,1219,4
365,Individual,739,[-1],[-1],0.283,0.508,1,1218,3
365,Individual,484,[-0.998],[-0.998],0.234,0.508,1,1218,3
365,Individual,747,[-0.997],[-0.997],0.295,0.508,1,1218,4
365,Individual,637,[-0.998],[-0.998],0.37,0.508,1,1218,6
365,Individual,841,[-1],[-1],0.171,0.508,1,1218,3
365,Individual,172,[-0.997],[-0.997],0.311,0.508,1,1218,4
365,Individual,719,[0.934],[0.934],0.486,0.508,1,1219,9
365,Individual,840,[-1],[-1],0.317,0.508,1,1218,3
365,Individual,932,[-1],[-1],0.212,0.508,1,1218,3
365,Individual,741,[1],[1],0.195,0.508,1,1219,3
365,Individual,720,[-0.998],[-0.998],0.3,0.508,1,1218,3
365,Individual,960,[-1],[-1],0.302,0.508,1,1218,3
365,Individual,24,[1],[1],0.294,0.508,1,1219,3
365,Individual,323,[-0.997],[-0.997],0.228,0.508,1,1218,4
365,Individual,104,[1],[1],0.362,0.508,1,1219,4
365,Individual,670,[0.999],[0.999],0.399,0.508,1,1219,10
365,Individual,791,[1],[1],0.434,0.508,1,1219,3
365,Individual,559,[0.998],[0.998],0.242,0.508,1,1219,5
365,Individual,359,[-1],[-1],0.3,0.508,1,1218,5
365,Individual,182,[1],[1],0.318,0.508,1,1219,10
365,Individual,449,[1],[1],0.319,0.508,1,1219,4
365,Individual,642,[-0.998],[-0.998],0.212,0.508,1,1218,5
365,Individual,325,[-0.999],[-0.999],0.405,0.508,1,1218,5
365,Individual,97,[1],[1],0.319,0.508,1,1219,7
365,Individual,415,[0.009],[0.009],0.252,0.508,1,1219,3
365,Individual,641,[-1],[-1],0.384,0.508,1,1218,3
365,Individual,594,[-0.999],[-0.999],0.313,0.508,1,1218,10
365,Individual,908,[1],[1],0.257,0.508,1,1219,3
365,Individual,425,[-1],[-1],0.26,0.508,1,1218,3
365,Individual,304,[-1],[-1],0.578,0.508,1,1218,5
365,Individual,964,[-1],[-1],0.217,0.508,1,1218,3
365,Individual,247,[0.996],[0.996],0.221,0.508,1,1219,5
365,Individual,860,[0.988],[0.988],0.27,0.508,1,1219,4
365,Individual,797,[-1],[-1],0.194,0.508,1,1218,5
365,Individual,310,[-1],[-1],0.355,0.508,1,1218,11
365,Individual,565,[-0.07],[-0.07],0.21,0.508,1,1218,5
365,Individual,110,[0.932],[0.932],0.502,0.508,1,1219,8
365,Individual,944,[1],[1],0.24,0.508,1,1219,3
365,Individual,785,[1],[1],0.267,0.508,1,1219,11
365,Individual,22,[1],[1],0.315,0.508,1,1219,3
365,Individual,231,[-0.998],[-0.998],0.371,0.508,1,1218,3
365,Individual,990,[0.987],[0.987],0.309,0.508,1,1219,3
365,Individual,963,[-1],[-1],0.235,0.508,1,1218,6
365,Individual,327,[0.999],[0.999],0.318,0.508,1,1219,3
365,Individual,65,[1],[1],0.236,0.508,1,1219,5
365,Individual,451,[-0.999],[-0.999],0.06,0.508,1,1218,3
365,Individual,609,[-1],[-1],0.36,0.508,1,1218,7
365,Individual,680,[0.999],[0.999],0.338,0.508,1,1219,3
365,Individual,194,[1],[1],0.352,0.508,1,1219,3
365,Individual,350,[-1],[-1],0.228,0.508,1,1218,3
365,Individual,390,[-1],[-1],0.322,0.508,1,1218,6
365,Individual,403,[-1],[-1],0.427,0.508,1,1218,3
365,Individual,552,[1],[1],0.375,0.508,1,1219,4
365,Individual,820,[1],[1],0.246,0.508,1,1219,4
365,Individual,713,[-0.989],[-0.989],0.129,0.508,1,1218,3
365,Individual,716,[-0.088],[-0.088],0.127,0.508,1,1218,3
365,Individual,935,[1],[1],0.395,0.508,1,1219,3
365,Individual,521,[-1],[-1],0.283,0.508,1,1218,3
365,Individual,853,[1],[1],0.394,0.508,1,1219,3
365,Individual,679,[0.999],[0.999],0.365,0.508,1,1219,18
365,Individual,580,[-1],[-1],0.216,0.508,1,1218,5
365,Individual,465,[1],[1],0.275,0.508,1,1219,4
365,Individual,456,[-1],[-1],0.212,0.508,1,1218,3
365,Individual,958,[-0.989],[-0.989],0.185,0.508,1,1218,4
365,Individual,235,[-0.755670241015552],[-0.755670241015552],0.049,0.508,1,1218,5
365,Individual,543,[1],[1],0.323,0.508,1,1219,5
365,Individual,617,[-1],[-1],0.13,0.508,1,1218,14
365,Individual,999,[0.999],[0.999],0.342,0.508,1,1219,75
365,Individual,346,[-0.999],[-0.999],0.348,0.508,1,1218,3
365,Individual,598,[-1],[-1],0.308,0.508,1,1218,3
365,Individual,600,[1],[1],0.364,0.508,1,1219,6
365,Individual,118,[-0.925],[-0.925],0.524,0.508,1,1218,6
365,Individual,905,[-0.863],[-0.863],0.43,0.508,1,1218,8
365,Individual,601,[1],[1],0.216,0.508,1,1219,3
365,Individual,802,[0.945],[0.945],0.373,0.508,1,1219,9
365,Individual,856,[1],[1],0.412,0.508,1,1219,3
365,Individual,611,[-0.994],[-0.994],0.319,0.508,1,1218,5
365,Individual,996,[1],[1],0.235,0.508,1,1219,4
365,Individual,639,[-0.998],[-0.998],0.257,0.508,1,1218,3
365,Individual,756,[1],[1],0.445,0.508,1,1219,3
365,Individual,43,[1],[1],0.34,0.508,1,1219,4
365,Individual,997,[-1],[-1],0.211,0.508,1,1218,3
365,Individual,968,[-0.998],[-0.998],0.265,0.508,1,1218,5
365,Individual,593,[0.999],[0.999],0.333,0.508,1,1219,5
365,Individual,726,[1],[1],0.127,0.508,1,1219,3
365,Individual,735,[1],[1],0.356,0.508,1,1219,3
365,Individual,507,[-1],[-1],0.259,0.508,1,1218,5
365,Individual,784,[-0.956],[-0.956],0.312,0.508,1,1218,8
365,Individual,184,[0.999],[0.999],0.522,0.508,1,1219,5
365,Individual,457,[1],[1],0.423,0.508,1,1219,3
365,Individual,236,[-1],[-1],0.133,0.508,1,1218,4
365,Individual,744,[0.989],[0.989],0.353,0.508,1,1219,84
365,Individual,151,[1],[1],0.345,0.508,1,1219,4
365,Individual,987,[1],[1],0.439,0.508,1,1219,3
365,Individual,574,[-0.003],[-0.003],0.175,0.508,1,1219,5
365,Individual,174,[0.996],[0.996],0.277,0.508,1,1219,3
365,Individual,238,[0.588],[0.588],0.171,0.508,1,1219,3
365,Individual,706,[0.999],[0.999],0.351,0.508,1,1219,7
365,Individual,234,[1],[1],0.362,0.508,1,1219,3
365,Individual,116,[1],[1],0.199,0.508,1,1219,4
365,Individual,691,[-0.997],[-0.997],0.26,0.508,1,1218,9
365,Individual,246,[-0.014],[-0.014],0.186,0.508,1,1219,9
365,Individual,57,[-1],[-1],0.395,0.508,1,1218,3
365,Individual,256,[1],[1],0.429,0.508,1,1219,3
365,Individual,384,[-0.999],[-0.999],0.387,0.508,1,1218,3
365,Individual,980,[0.4],[0.4],0.121,0.508,1,1219,4
365,Individual,655,[1],[1],0.373,0.508,1,1219,5
365,Individual,233,[-1],[-1],0.393,0.508,1,1218,3
365,Individual,500,[-1],[-1],0.39,0.508,1,1218,4
365,Individual,953,[0.013],[0.013],0.262,0.508,1,1219,6
365,Individual,526,[-0.993],[-0.993],0.226,0.508,1,1218,5
365,Individual,300,[1],[1],0.419,0.508,1,1219,4
365,Individual,16,[-1],[-1],0.303,0.508,1,1218,3
365,Individual,286,[-1],[-1],0.237,0.508,1,1218,6
365,Individual,616,[-1],[-1],0.44,0.508,1,1218,3
365,Individual,272,[-0.998],[-0.998],0.293,0.508,1,1218,7
365,Individual,428,[-1],[-1],0.33,0.508,1,1218,4
365,Individual,533,[1],[1],0.222,0.508,1,1219,3
365,Individual,251,[-0.13],[-0.13],0.158,0.508,1,1218,3
365,Individual,351,[0.30887748053404374],[0.30887748053404374],0.153,0.508,1,1219,3
365,Individual,433,[-1],[-1],0.267,0.508,1,1218,3
365,Individual,237,[-0.993],[-0.993],0.273,0.508,1,1218,3
365,Individual,136,[1],[1],0.297,0.508,1,1219,3
365,Individual,949,[-0.995],[-0.995],0.321,0.508,1,1218,3
365,Individual,177,[0.991],[0.991],0.289,0.508,1,1219,3
365,Individual,161,[0.999],[0.999],0.389,0.508,1,1219,6
365,Individual,618,[-0.995],[-0.995],0.26,0.508,1,1218,4
365,Individual,39,[1],[1],0.337,0.508,1,1219,3
365,Individual,579,[-0.999],[-0.999],0.313,0.508,1,1218,3
365,Individual,399,[-0.999],[-0.999],0.261,0.508,1,1218,3
365,Individual,373,[-1],[-1],0.335,0.508,1,1218,4
365,Individual,834,[1],[1],0.334,0.508,1,1219,7
365,Individual,264,[-0.999],[-0.999],0.414,0.508,1,1218,8
365,Individual,482,[1],[1],0.282,0.508,1,1219,5
365,Individual,330,[0.1],[0.1],0.328,0.508,1,1219,4
365,Individual,445,[1],[1],0.218,0.508,1,1219,3
365,Individual,171,[1],[1],0.372,0.508,1,1219,3
365,Individual,536,[-0.999],[-0.999],0.253,0.508,1,1218,3
365,Individual,924,[-1],[-1],0.372,0.508,1,1218,7
365,Individual,126,[-1],[-1],0.414,0.508,1,1218,3
365,Individual,628,[-1],[-1],0.176,0.508,1,1218,3
365,Individual,575,[0.995],[0.995],0.207,0.508,1,1219,5
365,Individual,50,[1],[1],0.314,0.508,1,1219,3
365,Individual,730,[-1],[-1],0.26,0.508,1,1218,4
365,Individual,240,[-0.999],[-0.999],0.27,0.508,1,1218,3
365,Individual,400,[0.121],[0.121],0.213,0.508,1,1219,7
365,Individual,954,[0.97],[0.97],0.167,0.508,1,1219,4
365,Individual,766,[-0.947],[-0.947],0.355,0.508,1,1218,4
365,Individual,764,[-0.998],[-0.998],0.353,0.508,1,1218,8
365,Individual,573,[1],[1],0.331,0.508,1,1219,4
365,Individual,763,[-0.999],[-0.999],0.311,0.508,1,1218,6
365,Individual,752,[0.003],[0.003],0.124,0.508,1,1219,3
365,Individual,922,[0.003],[0.003],0.263,0.508,1,1219,3
365,Individual,945,[-0.003],[-0.003],0.152,0.508,1,1219,4
365,Individual,170,[1],[1],0.259,0.508,1,1219,6
365,Individual,803,[-0.949],[-0.949],0.322,0.508,1,1218,8
365,Individual,435,[1],[1],0.303,0.508,1,1219,3
365,Individual,0,[-1],[-1],0.377,0.508,1,1218,7
365,Individual,562,[-0.994],[-0.994],0.316,0.508,1,1218,10
365,Individual,509,[1],[1],0.331,0.508,1,1219,6
365,Individual,694,[1],[1],0.389,0.508,1,1219,6
365,Individual,884,[1],[1],0.4,0.508,1,1219,3
365,Individual,492,[1],[1],0.021,0.508,1,1219,3
