 "ID, Uncertainty, " "Opinion1, " "Opinion2, " "Opinion3, " "Opinion4, " "Opinion5, " "Opinion6, " "Opinion7, " "Opinion8, " "Nei0, " "Nei1, " "Nei2, " "Nei3, " "Nei4, " "Nei5, " "Nei6, " "Nei7, " "Nei8, " "Nei9, " "Nei10, " "Nei11, " "Nei12, " "Nei13, " "Nei14, " "Nei15, " "Nei16, " "Nei17, " "Nei18, " "Nei19, " "Nei20, " "Nei21, " "Nei22, " "Nei23, " "Nei24, " "Nei25, " "Nei26, " "Nei27, " "Nei28, " "Nei29, " "Nei30, " "Nei31, " "Nei32, " "Nei33, " "Nei34, " "Nei35, " "Nei36, " "Nei37, " "Nei38, " "Nei39, " "Nei40, " "Nei41, " "Nei42, " "Nei43, " "Nei44, " "Nei45, " "Nei46, " "Nei47, " "Nei48, " "Nei49, " "Nei50, " "Nei51, " "Nei52, " "Nei53, " "Nei54, " "Nei55, " "Nei56, " "Nei57, " "Nei58, " "Nei59, " "Nei60, " "Nei61, " "Nei62, " "Nei63, " "Nei64, " "Nei65, " "Nei66, " "Nei67, " "Nei68, " "Nei69, " "Nei70, " "Nei71, " "Nei72, " "Nei73, " "Nei74, " "Nei75, " "Nei76, " "Nei77, " "Nei78, " "Nei79, " "Nei80, " "Nei81, " "Nei82, " "Nei83, " "Nei84, " "Nei85, " "Nei86, " "Nei87, " "Nei88, " "Nei89, " "Nei90, " "Nei91, " "Nei92, " "Nei93, " "Nei94, " "Nei95, " "Nei96, " "Nei97, " "Nei98, " "Nei99, " "Nei100, " "Nei101, " "Nei102, " "Nei103, " "Nei104, " "Nei105, " "Nei106, " "Nei107, " "Nei108, " "Nei109, " "Nei110, " "Nei111, " "Nei112, " "Nei113, " "Nei114, " "Nei115, " "Nei116, " "Nei117, " "Nei118, " "Nei119, " "Nei120, " "Nei121, " "Nei122, " "Nei123, " "Nei124, " "Nei125, " "Nei126, " "Nei127, " "Nei128, " "Nei129, " "Nei130, " "Nei131, " "Nei132, " "Nei133, " "Nei134, " "Nei135, " "Nei136, " "Nei137, " "Nei138, " "Nei139, " "Nei140, " "Nei141, " "Nei142, " "Nei143, " "Nei144, " "Nei145, " "Nei146, " "Nei147, " "Nei148, " "Nei149, " "Nei150, " "Nei151, " "Nei152, " "Nei153, " "Nei154, " "Nei155, " "Nei156, " "Nei157, " "Nei158, " "Nei159, " "Nei160, " "Nei161, " "Nei162, " "Nei163, " "Nei164, " "Nei165, " "Nei166, " "Nei167, " "Nei168, " "Nei169, " "Nei170, " "Nei171, " "Nei172, " "Nei173, " "Nei174, " "Nei175, " "Nei176, " "Nei177, " "Nei178, " "Nei179, " "Nei180, " "Nei181, " "Nei182, " "Nei183, " "Nei184, " "Nei185, " "Nei186, " "Nei187, " "Nei188, " "Nei189, " "Nei190, " "Nei191, " "Nei192, " "Nei193, " "Nei194, " "Nei195, " "Nei196, " "Nei197, " "Nei198, " "Nei199, " "Nei200, " "Nei201, " "Nei202, " "Nei203, " "Nei204, " "Nei205, " "Nei206, " "Nei207, " "Nei208, " "Nei209, " "Nei210, " "Nei211, " "Nei212, " "Nei213, " "Nei214, " "Nei215, " "Nei216, " "Nei217, " "Nei218, " "Nei219, " "Nei220, " "Nei221, " "Nei222, " "Nei223, " "Nei224, " "Nei225, " "Nei226, " "Nei227, " "Nei228, " "Nei229, " "Nei230, " "Nei231, " "Nei232, " "Nei233, " "Nei234, " "Nei235, " "Nei236, " "Nei237, " "Nei238, " "Nei239, " "Nei240, " "Nei241, " "Nei242, " "Nei243, " "Nei244, " "Nei245, " "Nei246, " "Nei247, " "Nei248, " "Nei249, " "Nei250, " "Nei251, " "Nei252, " "Nei253, " "Nei254, " "Nei255, " "Nei256, "Step
 "Nei0, 0.589, " "0.147, " "-0.455, " "0.528, " "0.346, " "0.781, " "-0.658, " "-0.685, " "0.83, " "0, " "1, " "1, " "1, " "1, " "1, " "1, " "1, " "0, " "0, " "0, " "0, " "0, " "0, " "0, " "0, " "0, " "0, " "0, " "0, " "0, " "0, " "0, " "0, " "0, " "0, " "0, " "0, " "0, " "0, " "0, " "0, " "0, " "0, " "0, " "0, " "0, " "0, " "0, " "0, " "0, " "0, " "0, " "0, " "0, " "0, " "0, " "0, " "0, " "0, " "0, " "0, " "0, " "0, " "0, " "0, " "0, " "0, " "0, " "0, " "0, " "0, " "0, " "0, " "0, " "0, " "0, " "0, " "0, " "0, " "0, " "0, " "0, " "0, " "0, " "0, " "0, " "0, " "0, " "0, " "0, " "0, " "0, " "0, " "0, " "0, " "0, " "0, " "0, " "0, " "0, " "0, " "0, " "0, " "0, " "0, " "0, " "0, " "0, " "0, " "0, " "0, " "0, " "0, " "0, " "0, " "0, " "0, " "0, " "0, " "0, " "0, " "0, " "0, " "0, " "0, " "0, " "0, " "0, " "0, " "0, " "0, " "0, " "0, " "0, " "0, " "0, " "0, " "0, " "0, " "0, " "0, " "0, " "0, " "0, " "0, " "0, " "0, " "0, " "0, " "0, " "0, " "0, " "0, " "0, " "0, " "0, " "0, " "0, " "0, " "0, " "0, " "0, " "0, " "0, " "0, " "0, " "0, " "0, " "0, " "0, " "0, " "0, " "0, " "0, " "0, " "0, " "0, " "0, " "0, " "0, " "0, " "0, " "0, " "0, " "0, " "0, " "0, " "0, " "0, " "0, " "0, " "0, " "0, " "0, " "0, " "0, " "0, " "0, " "0, " "0, " "0, " "0, " "0, " "0, " "0, " "0, " "0, " "0, " "0, " "0, " "0, " "0, " "0, " "0, " "0, " "0, " "0, " "0, " "0, " "0, " "0, " "0, " "0, " "0, " "0, " "0, " "0, " "0, " "0, " "0, " "0, " "0, " "0, " "0, " "0, " "0, " "0, " "0, " "0, " "0, " "0, " "0, " "0, " "0, " "0, " "0, " "0, " "0, " "0, " "0, " "0, " "0, " "0, " "0, " "0, " "0, " "0, " "0, " "0, " "1, " "1, " "1, " "1, " "1, " "1, " "1, "0
 "Nei1, 0.327, " "0.952, " "0.637, " "-0.792, " "0.492, " "-0.068, " "-0.43, " "-0.418, " "0.512, " "1, " "0, " "1, " "1, " "1, " "1, " "1, " "1, " "1, " "0, " "0, " "0, " "0, " "0, " "0, " "0, " "0, " "0, " "0, " "0, " "0, " "0, " "0, " "0, " "0, " "0, " "0, " "0, " "0, " "0, " "0, " "0, " "0, " "0, " "0, " "0, " "0, " "0, " "0, " "0, " "0, " "0, " "0, " "0, " "0, " "0, " "0, " "0, " "0, " "0, " "0, " "0, " "0, " "0, " "0, " "0, " "0, " "0, " "0, " "0, " "0, " "0, " "0, " "0, " "0, " "0, " "0, " "0, " "0, " "0, " "0, " "0, " "0, " "0, " "0, " "0, " "0, " "0, " "0, " "0, " "0, " "0, " "0, " "0, " "0, " "0, " "0, " "0, " "0, " "0, " "0, " "0, " "0, " "0, " "0, " "0, " "0, " "0, " "0, " "0, " "0, " "0, " "0, " "0, " "0, " "0, " "0, " "0, " "0, " "0, " "0, " "0, " "0, " "0, " "0, " "0, " "0, " "0, " "0, " "0, " "0, " "0, " "0, " "0, " "0, " "0, " "0, " "0, " "0, " "0, " "0, " "0, " "0, " "0, " "0, " "0, " "0, " "0, " "0, " "0, " "0, " "0, " "0, " "0, " "0, " "0, " "0, " "0, " "0, " "0, " "0, " "0, " "0, " "0, " "0, " "0, " "0, " "0, " "0, " "0, " "0, " "0, " "0, " "0, " "0, " "0, " "0, " "0, " "0, " "0, " "0, " "0, " "0, " "0, " "0, " "0, " "0, " "0, " "0, " "0, " "0, " "0, " "0, " "0, " "0, " "0, " "0, " "0, " "0, " "0, " "0, " "0, " "0, " "0, " "0, " "0, " "0, " "0, " "0, " "0, " "0, " "0, " "0, " "0, " "0, " "0, " "0, " "0, " "0, " "0, " "0, " "0, " "0, " "0, " "0, " "0, " "0, " "0, " "0, " "0, " "0, " "0, " "0, " "0, " "0, " "0, " "0, " "0, " "0, " "0, " "0, " "0, " "0, " "0, " "0, " "0, " "0, " "0, " "0, " "0, " "0, " "0, " "0, " "0, " "0, " "0, " "0, " "0, " "0, " "0, " "0, " "1, " "1, " "1, " "1, " "1, " "1, "0
 "Nei2, 0.518, " "0.874, " "0.138, " "-0.064, " "0.049, " "-0.075, " "-0.728, " "0.689, " "-0.135, " "1, " "1, " "0, " "1, " "1, " "1, " "1, " "1, " "1, " "1, " "0, " "0, " "0, " "0, " "0, " "0, " "0, " "0, " "0, " "0, " "0, " "0, " "0, " "0, " "0, " "0, " "0, " "0, " "0, " "0, " "0, " "0, " "0, " "0, " "0, " "0, " "0, " "0, " "0, " "0, " "0, " "0, " "0, " "0, " "0, " "0, " "0, " "0, " "0, " "0, " "0, " "0, " "0, " "0, " "0, " "0, " "0, " "0, " "0, " "0, " "0, " "0, " "0, " "0, " "0, " "0, " "0, " "0, " "0, " "0, " "0, " "0, " "0, " "0, " "0, " "0, " "0, " "0, " "0, " "0, " "0, " "0, " "0, " "0, " "0, " "0, " "0, " "0, " "0, " "0, " "0, " "0, " "0, " "0, " "0, " "0, " "0, " "0, " "0, " "0, " "0, " "0, " "0, " "0, " "0, " "0, " "0, " "0, " "0, " "0, " "0, " "0, " "0, " "0, " "0, " "0, " "0, " "0, " "0, " "0, " "0, " "0, " "0, " "0, " "0, " "0, " "0, " "0, " "0, " "0, " "0, " "0, " "0, " "0, " "0, " "0, " "0, " "0, " "0, " "0, " "0, " "0, " "0, " "0, " "0, " "0, " "0, " "0, " "0, " "0, " "0, " "0, " "0, " "0, " "0, " "0, " "0, " "0, " "0, " "0, " "0, " "0, " "0, " "0, " "0, " "0, " "0, " "0, " "0, " "0, " "0, " "0, " "0, " "0, " "0, " "0, " "0, " "0, " "0, " "0, " "0, " "0, " "0, " "0, " "0, " "0, " "0, " "0, " "0, " "0, " "0, " "0, " "0, " "0, " "0, " "0, " "0, " "0, " "0, " "0, " "0, " "0, " "0, " "0, " "0, " "0, " "0, " "0, " "0, " "0, " "0, " "0, " "0, " "0, " "0, " "0, " "0, " "0, " "0, " "0, " "0, " "0, " "0, " "0, " "0, " "0, " "0, " "0, " "0, " "0, " "0, " "0, " "0, " "0, " "0, " "0, " "0, " "0, " "0, " "0, " "0, " "0, " "0, " "0, " "0, " "0, " "0, " "0, " "0, " "0, " "0, " "0, " "1, " "1, " "1, " "1, " "1, "0
 "Nei3, 0.352, " "-0.852, " "-0.683, " "0.042, " "0.353, " "-0.256, " "0.724, " "0.884, " "-0.034, " "1, " "1, " "1, " "0, " "1, " "1, " "1, " "1, " "1, " "1, " "1, " "0, " "0, " "0, " "0, " "0, " "0, " "0, " "0, " "0, " "0, " "0, " "0, " "0, " "0, " "0, " "0, " "0, " "0, " "0, " "0, " "0, " "0, " "0, " "0, " "0, " "0, " "0, " "0, " "0, " "0, " "0, " "0, " "0, " "0, " "0, " "0, " "0, " "0, " "0, " "0, " "0, " "0, " "0, " "0, " "0, " "0, " "0, " "0, " "0, " "0, " "0, " "0, " "0, " "0, " "0, " "0, " "0, " "0, " "0, " "0, " "0, " "0, " "0, " "0, " "0, " "0, " "0, " "0, " "0, " "0, " "0, " "0, " "0, " "0, " "0, " "0, " "0, " "0, " "0, " "0, " "0, " "0, " "0, " "0, " "0, " "0, " "0, " "0, " "0, " "0, " "0, " "0, " "0, " "0, " "0, " "0, " "0, " "0, " "0, " "0, " "0, " "0, " "0, " "0, " "0, " "0, " "0, " "0, " "0, " "0, " "0, " "0, " "0, " "0, " "0, " "0, " "0, " "0, " "0, " "0, " "0, " "0, " "0, " "0, " "0, " "0, " "0, " "0, " "0, " "0, " "0, " "0, " "0, " "0, " "0, " "0, " "0, " "0, " "0, " "0, " "0, " "0, " "0, " "0, " "0, " "0, " "0, " "0, " "0, " "0, " "0, " "0, " "0, " "0, " "0, " "0, " "0, " "0, " "0, " "0, " "0, " "0, " "0, " "0, " "0, " "0, " "0, " "0, " "0, " "0, " "0, " "0, " "0, " "0, " "0, " "0, " "0, " "0, " "0, " "0, " "0, " "0, " "0, " "0, " "0, " "0, " "0, " "0, " "0, " "0, " "0, " "0, " "0, " "0, " "0, " "0, " "0, " "0, " "0, " "0, " "0, " "0, " "0, " "0, " "0, " "0, " "0, " "0, " "0, " "0, " "0, " "0, " "0, " "0, " "0, " "0, " "0, " "0, " "0, " "0, " "0, " "0, " "0, " "0, " "0, " "0, " "0, " "0, " "0, " "0, " "0, " "0, " "0, " "0, " "0, " "0, " "0, " "0, " "0, " "0, " "0, " "0, " "1, " "1, " "1, " "1, "0
 "Nei4, 0.082, " "-0.938, " "-0.418, " "-0.008, " "-0.924, " "-0.522, " "-0.976, " "0.555, " "-0.339, " "1, " "1, " "1, " "1, " "0, " "1, " "1, " "1, " "1, " "1, " "1, " "1, " "0, " "0, " "0, " "0, " "0, " "0, " "0, " "0, " "0, " "0, " "0, " "0, " "0, " "0, " "0, " "0, " "0, " "0, " "0, " "0, " "0, " "0, " "0, " "0, " "0, " "0, " "0, " "0, " "0, " "0, " "0, " "0, " "0, " "0, " "0, " "0, " "0, " "0, " "0, " "0, " "0, " "0, " "0, " "0, " "0, " "0, " "0, " "0, " "0, " "0, " "0, " "0, " "0, " "0, " "0, " "0, " "0, " "0, " "0, " "0, " "0, " "0, " "0, " "0, " "0, " "0, " "0, " "0, " "0, " "0, " "0, " "0, " "0, " "0, " "0, " "0, " "0, " "0, " "0, " "0, " "0, " "0, " "0, " "0, " "0, " "0, " "0, " "0, " "0, " "0, " "0, " "0, " "0, " "0, " "0, " "0, " "0, " "0, " "0, " "0, " "0, " "0, " "0, " "0, " "0, " "0, " "0, " "0, " "0, " "0, " "0, " "0, " "0, " "0, " "0, " "0, " "0, " "0, " "0, " "0, " "0, " "0, " "0, " "0, " "0, " "0, " "0, " "0, " "0, " "0, " "0, " "0, " "0, " "0, " "0, " "0, " "0, " "0, " "0, " "0, " "0, " "0, " "0, " "0, " "0, " "0, " "0, " "0, " "0, " "0, " "0, " "0, " "0, " "0, " "0, " "0, " "0, " "0, " "0, " "0, " "0, " "0, " "0, " "0, " "0, " "0, " "0, " "0, " "0, " "0, " "0, " "0, " "0, " "0, " "0, " "0, " "0, " "0, " "0, " "0, " "0, " "0, " "0, " "0, " "0, " "0, " "0, " "0, " "0, " "0, " "0, " "0, " "0, " "0, " "0, " "0, " "0, " "0, " "0, " "0, " "0, " "0, " "0, " "0, " "0, " "0, " "0, " "0, " "0, " "0, " "0, " "0, " "0, " "0, " "0, " "0, " "0, " "0, " "0, " "0, " "0, " "0, " "0, " "0, " "0, " "0, " "0, " "0, " "0, " "0, " "0, " "0, " "0, " "0, " "0, " "0, " "0, " "0, " "0, " "0, " "0, " "0, " "1, " "1, " "1, "0
 "Nei5, 0.012, " "0.931, " "-0.275, " "0.673, " "0.79, " "-0.745, " "0.959, " "0.318, " "0.74, " "1, " "1, " "1, " "1, " "1, " "0, " "1, " "1, " "1, " "1, " "1, " "1, " "1, " "0, " "0, " "0, " "0, " "0, " "0, " "0, " "0, " "0, " "0, " "0, " "0, " "0, " "0, " "0, " "0, " "0, " "0, " "0, " "0, " "0, " "0, " "0, " "0, " "0, " "0, " "0, " "0, " "0, " "0, " "0, " "0, " "0, " "0, " "0, " "0, " "0, " "0, " "0, " "0, " "0, " "0, " "0, " "0, " "0, " "0, " "0, " "0, " "0, " "0, " "0, " "0, " "0, " "0, " "0, " "0, " "0, " "0, " "0, " "0, " "0, " "0, " "0, " "0, " "0, " "0, " "0, " "0, " "0, " "0, " "0, " "0, " "0, " "0, " "0, " "0, " "0, " "0, " "0, " "0, " "0, " "0, " "0, " "0, " "0, " "0, " "0, " "0, " "0, " "0, " "0, " "0, " "0, " "0, " "0, " "0, " "0, " "0, " "0, " "0, " "0, " "0, " "0, " "0, " "0, " "0, " "0, " "0, " "0, " "0, " "0, " "0, " "0, " "0, " "0, " "0, " "0, " "0, " "0, " "0, " "0, " "0, " "0, " "0, " "0, " "0, " "0, " "0, " "0, " "0, " "0, " "0, " "0, " "0, " "0, " "0, " "0, " "0, " "0, " "0, " "0, " "0, " "0, " "0, " "0, " "0, " "0, " "0, " "0, " "0, " "0, " "0, " "0, " "0, " "0, " "0, " "0, " "0, " "0, " "0, " "0, " "0, " "0, " "0, " "0, " "0, " "0, " "0, " "0, " "0, " "0, " "0, " "0, " "0, " "0, " "0, " "0, " "0, " "0, " "0, " "0, " "0, " "0, " "0, " "0, " "0, " "0, " "0, " "0, " "0, " "0, " "0, " "0, " "0, " "0, " "0, " "0, " "0, " "0, " "0, " "0, " "0, " "0, " "0, " "0, " "0, " "0, " "0, " "0, " "0, " "0, " "0, " "0, " "0, " "0, " "0, " "0, " "0, " "0, " "0, " "0, " "0, " "0, " "0, " "0, " "0, " "0, " "0, " "0, " "0, " "0, " "0, " "0, " "0, " "0, " "0, " "0, " "0, " "0, " "0, " "0, " "0, " "1, " "1, "0
 "Nei6, 0.596, " "-0.274, " "-0.984, " "-0.936, " "-0.441, " "0.835, " "0.021, " "0.778, " "0.843, " "1, " "1, " "1, " "1, " "1, " "1, " "0, " "1, " "1, " "1, " "1, " "1, " "1, " "1, " "0, " "0, " "0, " "0, " "0, " "0, " "0, " "0, " "0, " "0, " "0, " "0, " "0, " "0, " "0, " "0, " "0, " "0, " "0, " "0, " "0, " "0, " "0, " "0, " "0, " "0, " "0, " "0, " "0, " "0, " "0, " "0, " "0, " "0, " "0, " "0, " "0, " "0, " "0, " "0, " "0, " "0, " "0, " "0, " "0, " "0, " "0, " "0, " "0, " "0, " "0, " "0, " "0, " "0, " "0, " "0, " "0, " "0, " "0, " "0, " "0, " "0, " "0, " "0, " "0, " "0, " "0, " "0, " "0, " "0, " "0, " "0, " "0, " "0, " "0, " "0, " "0, " "0, " "0, " "0, " "0, " "0, " "0, " "0, " "0, " "0, " "0, " "0, " "0, " "0, " "0, " "0, " "0, " "0, " "0, " "0, " "0, " "0, " "0, " "0, " "0, " "0, " "0, " "0, " "0, " "0, " "0, " "0, " "0, " "0, " "0, " "0, " "0, " "0, " "0, " "0, " "0, " "0, " "0, " "0, " "0, " "0, " "0, " "0, " "0, " "0, " "0, " "0, " "0, " "0, " "0, " "0, " "0, " "0, " "0, " "0, " "0, " "0, " "0, " "0, " "0, " "0, " "0, " "0, " "0, " "0, " "0, " "0, " "0, " "0, " "0, " "0, " "0, " "0, " "0, " "0, " "0, " "0, " "0, " "0, " "0, " "0, " "0, " "0, " "0, " "0, " "0, " "0, " "0, " "0, " "0, " "0, " "0, " "0, " "0, " "0, " "0, " "0, " "0, " "0, " "0, " "0, " "0, " "0, " "0, " "0, " "0, " "0, " "0, " "0, " "0, " "0, " "0, " "0, " "0, " "0, " "0, " "0, " "0, " "0, " "0, " "0, " "0, " "0, " "0, " "0, " "0, " "0, " "0, " "0, " "0, " "0, " "0, " "0, " "0, " "0, " "0, " "0, " "0, " "0, " "0, " "0, " "0, " "0, " "0, " "0, " "0, " "0, " "0, " "0, " "0, " "0, " "0, " "0, " "0, " "0, " "0, " "0, " "0, " "0, " "0, " "0, " "1, "0
 "Nei7, 0.159, " "-0.957, " "0.382, " "0.983, " "0.584, " "-0.385, " "0.496, " "-0.583, " "0.065, " "1, " "1, " "1, " "1, " "1, " "1, " "1, " "0, " "1, " "1, " "1, " "1, " "1, " "1, " "1, " "0, " "0, " "0, " "0, " "0, " "0, " "0, " "0, " "0, " "0, " "0, " "0, " "0, " "0, " "0, " "0, " "0, " "0, " "0, " "0, " "0, " "0, " "0, " "0, " "0, " "0, " "0, " "0, " "0, " "0, " "0, " "0, " "0, " "0, " "0, " "0, " "0, " "0, " "0, " "0, " "0, " "0, " "0, " "0, " "0, " "0, " "0, " "0, " "0, " "0, " "0, " "0, " "0, " "0, " "0, " "0, " "0, " "0, " "0, " "0, " "0, " "0, " "0, " "0, " "0, " "0, " "0, " "0, " "0, " "0, " "0, " "0, " "0, " "0, " "0, " "0, " "0, " "0, " "0, " "0, " "0, " "0, " "0, " "0, " "0, " "0, " "0, " "0, " "0, " "0, " "0, " "0, " "0, " "0, " "0, " "0, " "0, " "0, " "0, " "0, " "0, " "0, " "0, " "0, " "0, " "0, " "0, " "0, " "0, " "0, " "0, " "0, " "0, " "0, " "0, " "0, " "0, " "0, " "0, " "0, " "0, " "0, " "0, " "0, " "0, " "0, " "0, " "0, " "0, " "0, " "0, " "0, " "0, " "0, " "0, " "0, " "0, " "0, " "0, " "0, " "0, " "0, " "0, " "0, " "0, " "0, " "0, " "0, " "0, " "0, " "0, " "0, " "0, " "0, " "0, " "0, " "0, " "0, " "0, " "0, " "0, " "0, " "0, " "0, " "0, " "0, " "0, " "0, " "0, " "0, " "0, " "0, " "0, " "0, " "0, " "0, " "0, " "0, " "0, " "0, " "0, " "0, " "0, " "0, " "0, " "0, " "0, " "0, " "0, " "0, " "0, " "0, " "0, " "0, " "0, " "0, " "0, " "0, " "0, " "0, " "0, " "0, " "0, " "0, " "0, " "0, " "0, " "0, " "0, " "0, " "0, " "0, " "0, " "0, " "0, " "0, " "0, " "0, " "0, " "0, " "0, " "0, " "0, " "0, " "0, " "0, " "0, " "0, " "0, " "0, " "0, " "0, " "0, " "0, " "0, " "0, " "0, " "0, " "0, " "0, " "0, " "0, "0
 "Nei8, 0.315, " "-0.201, " "0.978, " "-0.138, " "0.156, " "0.111, " "-0.873, " "-0.819, " "-0.141, " "0, " "1, " "1, " "1, " "1, " "1, " "1, " "1, " "0, " "1, " "1, " "1, " "1, " "1, " "1, " "1, " "0, " "0, " "0, " "0, " "0, " "0, " "0, " "0, " "0, " "0, " "0, " "0, " "0, " "0, " "0, " "0, " "0, " "0, " "0, " "0, " "0, " "0, " "0, " "0, " "0, " "0, " "0, " "0, " "0, " "0, " "0, " "0, " "0, " "0, " "0, " "0, " "0, " "0, " "0, " "0, " "0, " "0, " "0, " "0, " "0, " "0, " "0, " "0, " "0, " "0, " "0, " "0, " "0, " "0, " "0, " "0, " "0, " "0, " "0, " "0, " "0, " "0, " "0, " "0, " "0, " "0, " "0, " "0, " "0, " "0, " "0, " "0, " "0, " "0, " "0, " "0, " "0, " "0, " "0, " "0, " "0, " "0, " "0, " "0, " "0, " "0, " "0, " "0, " "0, " "0, " "0, " "0, " "0, " "0, " "0, " "0, " "0, " "0, " "0, " "0, " "0, " "0, " "0, " "0, " "0, " "0, " "0, " "0, " "0, " "0, " "0, " "0, " "0, " "0, " "0, " "0, " "0, " "0, " "0, " "0, " "0, " "0, " "0, " "0, " "0, " "0, " "0, " "0, " "0, " "0, " "0, " "0, " "0, " "0, " "0, " "0, " "0, " "0, " "0, " "0, " "0, " "0, " "0, " "0, " "0, " "0, " "0, " "0, " "0, " "0, " "0, " "0, " "0, " "0, " "0, " "0, " "0, " "0, " "0, " "0, " "0, " "0, " "0, " "0, " "0, " "0, " "0, " "0, " "0, " "0, " "0, " "0, " "0, " "0, " "0, " "0, " "0, " "0, " "0, " "0, " "0, " "0, " "0, " "0, " "0, " "0, " "0, " "0, " "0, " "0, " "0, " "0, " "0, " "0, " "0, " "0, " "0, " "0, " "0, " "0, " "0, " "0, " "0, " "0, " "0, " "0, " "0, " "0, " "0, " "0, " "0, " "0, " "0, " "0, " "0, " "0, " "0, " "0, " "0, " "0, " "0, " "0, " "0, " "0, " "0, " "0, " "0, " "0, " "0, " "0, " "0, " "0, " "0, " "0, " "0, " "0, " "0, " "0, " "0, " "0, " "0, "0
 "Nei9, 0.587, " "0.841, " "0.195, " "-0.611, " "0.827, " "-0.011, " "0.542, " "-0.402, " "0.157, " "0, " "0, " "1, " "1, " "1, " "1, " "1, " "1, " "1, " "0, " "1, " "1, " "1, " "1, " "1, " "1, " "1, " "0, " "0, " "0, " "0, " "0, " "0, " "0, " "0, " "0, " "0, " "0, " "0, " "0, " "0, " "0, " "0, " "0, " "0, " "0, " "0, " "0, " "0, " "0, " "0, " "0, " "0, " "0, " "0, " "0, " "0, " "0, " "0, " "0, " "0, " "0, " "0, " "0, " "0, " "0, " "0, " "0, " "0, " "0, " "0, " "0, " "0, " "0, " "0, " "0, " "0, " "0, " "0, " "0, " "0, " "0, " "0, " "0, " "0, " "0, " "0, " "0, " "0, " "0, " "0, " "0, " "0, " "0, " "0, " "0, " "0, " "0, " "0, " "0, " "0, " "0, " "0, " "0, " "0, " "0, " "0, " "0, " "0, " "0, " "0, " "0, " "0, " "0, " "0, " "0, " "0, " "0, " "0, " "0, " "0, " "0, " "0, " "0, " "0, " "0, " "0, " "0, " "0, " "0, " "0, " "0, " "0, " "0, " "0, " "0, " "0, " "0, " "0, " "0, " "0, " "0, " "0, " "0, " "0, " "0, " "0, " "0, " "0, " "0, " "0, " "0, " "0, " "0, " "0, " "0, " "0, " "0, " "0, " "0, " "0, " "0, " "0, " "0, " "0, " "0, " "0, " "0, " "0, " "0, " "0, " "0, " "0, " "0, " "0, " "0, " "0, " "0, " "0, " "0, " "0, " "0, " "0, " "0, " "0, " "0, " "0, " "0, " "0, " "0, " "0, " "0, " "0, " "0, " "0, " "0, " "0, " "0, " "0, " "0, " "0, " "0, " "0, " "0, " "0, " "0, " "0, " "0, " "0, " "0, " "0, " "0, " "0, " "0, " "0, " "0, " "0, " "0, " "0, " "0, " "0, " "0, " "0, " "0, " "0, " "0, " "0, " "0, " "0, " "0, " "0, " "0, " "0, " "0, " "0, " "0, " "0, " "0, " "0, " "0, " "0, " "0, " "0, " "0, " "0, " "0, " "0, " "0, " "0, " "0, " "0, " "0, " "0, " "0, " "0, " "0, " "0, " "0, " "0, " "0, " "0, " "0, " "0, " "0, " "0, " "0, " "0, "0
 "Nei10, 0.563, " "-0.755, " "-0.275, " "-0.219, " "-0.672, " "0.58, " "0.459, " "-0.021, " "0.671, " "0, " "0, " "0, " "1, " "1, " "1, " "1, " "1, " "1, " "1, " "0, " "1, " "1, " "1, " "1, " "1, " "1, " "1, " "0, " "0, " "0, " "0, " "0, " "0, " "0, " "0, " "0, " "0, " "0, " "0, " "0, " "0, " "0, " "0, " "0, " "0, " "0, " "0, " "0, " "0, " "0, " "0, " "0, " "0, " "0, " "0, " "0, " "0, " "0, " "0, " "0, " "0, " "0, " "0, " "0, " "0, " "0, " "0, " "0, " "0, " "0, " "0, " "0, " "0, " "0, " "0, " "0, " "0, " "0, " "0, " "0, " "0, " "0, " "0, " "0, " "0, " "0, " "0, " "0, " "0, " "0, " "0, " "0, " "0, " "0, " "0, " "0, " "0, " "0, " "0, " "0, " "0, " "0, " "0, " "0, " "0, " "0, " "0, " "0, " "0, " "0, " "0, " "0, " "0, " "0, " "0, " "0, " "0, " "0, " "0, " "0, " "0, " "0, " "0, " "0, " "0, " "0, " "0, " "0, " "0, " "0, " "0, " "0, " "0, " "0, " "0, " "0, " "0, " "0, " "0, " "0, " "0, " "0, " "0, " "0, " "0, " "0, " "0, " "0, " "0, " "0, " "0, " "0, " "0, " "0, " "0, " "0, " "0, " "0, " "0, " "0, " "0, " "0, " "0, " "0, " "0, " "0, " "0, " "0, " "0, " "0, " "0, " "0, " "0, " "0, " "0, " "0, " "0, " "0, " "0, " "0, " "0, " "0, " "0, " "0, " "0, " "0, " "0, " "0, " "0, " "0, " "0, " "0, " "0, " "0, " "0, " "0, " "0, " "0, " "0, " "0, " "0, " "0, " "0, " "0, " "0, " "0, " "0, " "0, " "0, " "0, " "0, " "0, " "0, " "0, " "0, " "0, " "0, " "0, " "0, " "0, " "0, " "0, " "0, " "0, " "0, " "0, " "0, " "0, " "0, " "0, " "0, " "0, " "0, " "0, " "0, " "0, " "0, " "0, " "0, " "0, " "0, " "0, " "0, " "0, " "0, " "0, " "0, " "0, " "0, " "0, " "0, " "0, " "0, " "0, " "0, " "0, " "0, " "0, " "0, " "0, " "0, " "0, " "0, " "0, " "0, " "0, "0
 "Nei11, 0.422, " "0.229, " "0.838, " "0.763, " "-0.601, " "0.099, " "-0.412, " "0.279, " "0.851, " "0, " "0, " "0, " "0, " "1, " "1, " "1, " "1, " "1, " "1, " "1, " "0, " "1, " "1, " "1, " "1, " "1, " "1, " "1, " "0, " "0, " "0, " "0, " "0, " "0, " "0, " "0, " "0, " "0, " "0, " "0, " "0, " "0, " "0, " "0, " "0, " "0, " "0, " "0, " "0, " "0, " "0, " "0, " "0, " "0, " "0, " "0, " "0, " "0, " "0, " "0, " "0, " "0, " "0, " "0, " "0, " "0, " "0, " "0, " "0, " "0, " "0, " "0, " "0, " "0, " "0, " "0, " "0, " "0, " "0, " "0, " "0, " "0, " "0, " "0, " "0, " "0, " "0, " "0, " "0, " "0, " "0, " "0, " "0, " "0, " "0, " "0, " "0, " "0, " "0, " "0, " "0, " "0, " "0, " "0, " "0, " "0, " "0, " "0, " "0, " "0, " "0, " "0, " "0, " "0, " "0, " "0, " "0, " "0, " "0, " "0, " "0, " "0, " "0, " "0, " "0, " "0, " "0, " "0, " "0, " "0, " "0, " "0, " "0, " "0, " "0, " "0, " "0, " "0, " "0, " "0, " "0, " "0, " "0, " "0, " "0, " "0, " "0, " "0, " "0, " "0, " "0, " "0, " "0, " "0, " "0, " "0, " "0, " "0, " "0, " "0, " "0, " "0, " "0, " "0, " "0, " "0, " "0, " "0, " "0, " "0, " "0, " "0, " "0, " "0, " "0, " "0, " "0, " "0, " "0, " "0, " "0, " "0, " "0, " "0, " "0, " "0, " "0, " "0, " "0, " "0, " "0, " "0, " "0, " "0, " "0, " "0, " "0, " "0, " "0, " "0, " "0, " "0, " "0, " "0, " "0, " "0, " "0, " "0, " "0, " "0, " "0, " "0, " "0, " "0, " "0, " "0, " "0, " "0, " "0, " "0, " "0, " "0, " "0, " "0, " "0, " "0, " "0, " "0, " "0, " "0, " "0, " "0, " "0, " "0, " "0, " "0, " "0, " "0, " "0, " "0, " "0, " "0, " "0, " "0, " "0, " "0, " "0, " "0, " "0, " "0, " "0, " "0, " "0, " "0, " "0, " "0, " "0, " "0, " "0, " "0, " "0, " "0, " "0, " "0, " "0, " "0, "0
 "Nei12, 0.015, " "0.948, " "0.707, " "-0.861, " "0.609, " "-0.209, " "-0.798, " "-0.438, " "-0.042, " "0, " "0, " "0, " "0, " "0, " "1, " "1, " "1, " "1, " "1, " "1, " "1, " "0, " "1, " "1, " "1, " "1, " "1, " "1, " "1, " "0, " "0, " "0, " "0, " "0, " "0, " "0, " "0, " "0, " "0, " "0, " "0, " "0, " "0, " "0, " "0, " "0, " "0, " "0, " "0, " "0, " "0, " "0, " "0, " "0, " "0, " "0, " "0, " "0, " "0, " "0, " "0, " "0, " "0, " "0, " "0, " "0, " "0, " "0, " "0, " "0, " "0, " "0, " "0, " "0, " "0, " "0, " "0, " "0, " "0, " "0, " "0, " "0, " "0, " "0, " "0, " "0, " "0, " "0, " "0, " "0, " "0, " "0, " "0, " "0, " "0, " "0, " "0, " "0, " "0, " "0, " "0, " "0, " "0, " "0, " "0, " "0, " "0, " "0, " "0, " "0, " "0, " "0, " "0, " "0, " "0, " "0, " "0, " "0, " "0, " "0, " "0, " "0, " "0, " "0, " "0, " "0, " "0, " "0, " "0, " "0, " "0, " "0, " "0, " "0, " "0, " "0, " "0, " "0, " "0, " "0, " "0, " "0, " "0, " "0, " "0, " "0, " "0, " "0, " "0, " "0, " "0, " "0, " "0, " "0, " "0, " "0, " "0, " "0, " "0, " "0, " "0, " "0, " "0, " "0, " "0, " "0, " "0, " "0, " "0, " "0, " "0, " "0, " "0, " "0, " "0, " "0, " "0, " "0, " "0, " "0, " "0, " "0, " "0, " "0, " "0, " "0, " "0, " "0, " "0, " "0, " "0, " "0, " "0, " "0, " "0, " "0, " "0, " "0, " "0, " "0, " "0, " "0, " "0, " "0, " "0, " "0, " "0, " "0, " "0, " "0, " "0, " "0, " "0, " "0, " "0, " "0, " "0, " "0, " "0, " "0, " "0, " "0, " "0, " "0, " "0, " "0, " "0, " "0, " "0, " "0, " "0, " "0, " "0, " "0, " "0, " "0, " "0, " "0, " "0, " "0, " "0, " "0, " "0, " "0, " "0, " "0, " "0, " "0, " "0, " "0, " "0, " "0, " "0, " "0, " "0, " "0, " "0, " "0, " "0, " "0, " "0, " "0, " "0, " "0, " "0, " "0, "0
 "Nei13, 0.045, " "-0.217, " "0.368, " "-0.208, " "0.892, " "-0.885, " "0.536, " "-0.767, " "0.306, " "0, " "0, " "0, " "0, " "0, " "0, " "1, " "1, " "1, " "1, " "1, " "1, " "1, " "0, " "1, " "1, " "1, " "1, " "1, " "1, " "1, " "0, " "0, " "0, " "0, " "0, " "0, " "0, " "0, " "0, " "0, " "0, " "0, " "0, " "0, " "0, " "0, " "0, " "0, " "0, " "0, " "0, " "0, " "0, " "0, " "0, " "0, " "0, " "0, " "0, " "0, " "0, " "0, " "0, " "0, " "0, " "0, " "0, " "0, " "0, " "0, " "0, " "0, " "0, " "0, " "0, " "0, " "0, " "0, " "0, " "0, " "0, " "0, " "0, " "0, " "0, " "0, " "0, " "0, " "0, " "0, " "0, " "0, " "0, " "0, " "0, " "0, " "0, " "0, " "0, " "0, " "0, " "0, " "0, " "0, " "0, " "0, " "0, " "0, " "0, " "0, " "0, " "0, " "0, " "0, " "0, " "0, " "0, " "0, " "0, " "0, " "0, " "0, " "0, " "0, " "0, " "0, " "0, " "0, " "0, " "0, " "0, " "0, " "0, " "0, " "0, " "0, " "0, " "0, " "0, " "0, " "0, " "0, " "0, " "0, " "0, " "0, " "0, " "0, " "0, " "0, " "0, " "0, " "0, " "0, " "0, " "0, " "0, " "0, " "0, " "0, " "0, " "0, " "0, " "0, " "0, " "0, " "0, " "0, " "0, " "0, " "0, " "0, " "0, " "0, " "0, " "0, " "0, " "0, " "0, " "0, " "0, " "0, " "0, " "0, " "0, " "0, " "0, " "0, " "0, " "0, " "0, " "0, " "0, " "0, " "0, " "0, " "0, " "0, " "0, " "0, " "0, " "0, " "0, " "0, " "0, " "0, " "0, " "0, " "0, " "0, " "0, " "0, " "0, " "0, " "0, " "0, " "0, " "0, " "0, " "0, " "0, " "0, " "0, " "0, " "0, " "0, " "0, " "0, " "0, " "0, " "0, " "0, " "0, " "0, " "0, " "0, " "0, " "0, " "0, " "0, " "0, " "0, " "0, " "0, " "0, " "0, " "0, " "0, " "0, " "0, " "0, " "0, " "0, " "0, " "0, " "0, " "0, " "0, " "0, " "0, " "0, " "0, " "0, " "0, " "0, " "0, "0
 "Nei14, 0.375, " "0.722, " "-0.058, " "-0.386, " "-0.229, " "-0.814, " "-0.675, " "0.608, " "-0.179, " "0, " "0, " "0, " "0, " "0, " "0, " "0, " "1, " "1, " "1, " "1, " "1, " "1, " "1, " "0, " "1, " "1, " "1, " "1, " "1, " "1, " "1, " "0, " "0, " "0, " "0, " "0, " "0, " "0, " "0, " "0, " "0, " "0, " "0, " "0, " "0, " "0, " "0, " "0, " "0, " "0, " "0, " "0, " "0, " "0, " "0, " "0, " "0, " "0, " "0, " "0, " "0, " "0, " "0, " "0, " "0, " "0, " "0, " "0, " "0, " "0, " "0, " "0, " "0, " "0, " "0, " "0, " "0, " "0, " "0, " "0, " "0, " "0, " "0, " "0, " "0, " "0, " "0, " "0, " "0, " "0, " "0, " "0, " "0, " "0, " "0, " "0, " "0, " "0, " "0, " "0, " "0, " "0, " "0, " "0, " "0, " "0, " "0, " "0, " "0, " "0, " "0, " "0, " "0, " "0, " "0, " "0, " "0, " "0, " "0, " "0, " "0, " "0, " "0, " "0, " "0, " "0, " "0, " "0, " "0, " "0, " "0, " "0, " "0, " "0, " "0, " "0, " "0, " "0, " "0, " "0, " "0, " "0, " "0, " "0, " "0, " "0, " "0, " "0, " "0, " "0, " "0, " "0, " "0, " "0, " "0, " "0, " "0, " "0, " "0, " "0, " "0, " "0, " "0, " "0, " "0, " "0, " "0, " "0, " "0, " "0, " "0, " "0, " "0, " "0, " "0, " "0, " "0, " "0, " "0, " "0, " "0, " "0, " "0, " "0, " "0, " "0, " "0, " "0, " "0, " "0, " "0, " "0, " "0, " "0, " "0, " "0, " "0, " "0, " "0, " "0, " "0, " "0, " "0, " "0, " "0, " "0, " "0, " "0, " "0, " "0, " "0, " "0, " "0, " "0, " "0, " "0, " "0, " "0, " "0, " "0, " "0, " "0, " "0, " "0, " "0, " "0, " "0, " "0, " "0, " "0, " "0, " "0, " "0, " "0, " "0, " "0, " "0, " "0, " "0, " "0, " "0, " "0, " "0, " "0, " "0, " "0, " "0, " "0, " "0, " "0, " "0, " "0, " "0, " "0, " "0, " "0, " "0, " "0, " "0, " "0, " "0, " "0, " "0, " "0, " "0, " "0, "0
 "Nei15, 0.6, " "0.503, " "-0.472, " "-0.558, " "-0.919, " "0.088, " "-0.613, " "-0.038, " "0.261, " "0, " "0, " "0, " "0, " "0, " "0, " "0, " "0, " "1, " "1, " "1, " "1, " "1, " "1, " "1, " "0, " "1, " "1, " "1, " "1, " "1, " "1, " "1, " "0, " "0, " "0, " "0, " "0, " "0, " "0, " "0, " "0, " "0, " "0, " "0, " "0, " "0, " "0, " "0, " "0, " "0, " "0, " "0, " "0, " "0, " "0, " "0, " "0, " "0, " "0, " "0, " "0, " "0, " "0, " "0, " "0, " "0, " "0, " "0, " "0, " "0, " "0, " "0, " "0, " "0, " "0, " "0, " "0, " "0, " "0, " "0, " "0, " "0, " "0, " "0, " "0, " "0, " "0, " "0, " "0, " "0, " "0, " "0, " "0, " "0, " "0, " "0, " "0, " "0, " "0, " "0, " "0, " "0, " "0, " "0, " "0, " "0, " "0, " "0, " "0, " "0, " "0, " "0, " "0, " "0, " "0, " "0, " "0, " "0, " "0, " "0, " "0, " "0, " "0, " "0, " "0, " "0, " "0, " "0, " "0, " "0, " "0, " "0, " "0, " "0, " "0, " "0, " "0, " "0, " "0, " "0, " "0, " "0, " "0, " "0, " "0, " "0, " "0, " "0, " "0, " "0, " "0, " "0, " "0, " "0, " "0, " "0, " "0, " "0, " "0, " "0, " "0, " "0, " "0, " "0, " "0, " "0, " "0, " "0, " "0, " "0, " "0, " "0, " "0, " "0, " "0, " "0, " "0, " "0, " "0, " "0, " "0, " "0, " "0, " "0, " "0, " "0, " "0, " "0, " "0, " "0, " "0, " "0, " "0, " "0, " "0, " "0, " "0, " "0, " "0, " "0, " "0, " "0, " "0, " "0, " "0, " "0, " "0, " "0, " "0, " "0, " "0, " "0, " "0, " "0, " "0, " "0, " "0, " "0, " "0, " "0, " "0, " "0, " "0, " "0, " "0, " "0, " "0, " "0, " "0, " "0, " "0, " "0, " "0, " "0, " "0, " "0, " "0, " "0, " "0, " "0, " "0, " "0, " "0, " "0, " "0, " "0, " "0, " "0, " "0, " "0, " "0, " "0, " "0, " "0, " "0, " "0, " "0, " "0, " "0, " "0, " "0, " "0, " "0, " "0, " "0, " "0, "0
 "Nei16, 0.26, " "0.31, " "-0.585, " "0.178, " "-0.424, " "-0.211, " "0.723, " "0.771, " "0.184, " "0, " "0, " "0, " "0, " "0, " "0, " "0, " "0, " "0, " "1, " "1, " "1, " "1, " "1, " "1, " "1, " "0, " "1, " "1, " "1, " "1, " "1, " "1, " "1, " "0, " "0, " "0, " "0, " "0, " "0, " "0, " "0, " "0, " "0, " "0, " "0, " "0, " "0, " "0, " "0, " "0, " "0, " "0, " "0, " "0, " "0, " "0, " "0, " "0, " "0, " "0, " "0, " "0, " "0, " "0, " "0, " "0, " "0, " "0, " "0, " "0, " "0, " "0, " "0, " "0, " "0, " "0, " "0, " "0, " "0, " "0, " "0, " "0, " "0, " "0, " "0, " "0, " "0, " "0, " "0, " "0, " "0, " "0, " "0, " "0, " "0, " "0, " "0, " "0, " "0, " "0, " "0, " "0, " "0, " "0, " "0, " "0, " "0, " "0, " "0, " "0, " "0, " "0, " "0, " "0, " "0, " "0, " "0, " "0, " "0, " "0, " "0, " "0, " "0, " "0, " "0, " "0, " "0, " "0, " "0, " "0, " "0, " "0, " "0, " "0, " "0, " "0, " "0, " "0, " "0, " "0, " "0, " "0, " "0, " "0, " "0, " "0, " "0, " "0, " "0, " "0, " "0, " "0, " "0, " "0, " "0, " "0, " "0, " "0, " "0, " "0, " "0, " "0, " "0, " "0, " "0, " "0, " "0, " "0, " "0, " "0, " "0, " "0, " "0, " "0, " "0, " "0, " "0, " "0, " "0, " "0, " "0, " "0, " "0, " "0, " "0, " "0, " "0, " "0, " "0, " "0, " "0, " "0, " "0, " "0, " "0, " "0, " "0, " "0, " "0, " "0, " "0, " "0, " "0, " "0, " "0, " "0, " "0, " "0, " "0, " "0, " "0, " "0, " "0, " "0, " "0, " "0, " "0, " "0, " "0, " "0, " "0, " "0, " "0, " "0, " "0, " "0, " "0, " "0, " "0, " "0, " "0, " "0, " "0, " "0, " "0, " "0, " "0, " "0, " "0, " "0, " "0, " "0, " "0, " "0, " "0, " "0, " "0, " "0, " "0, " "0, " "0, " "0, " "0, " "0, " "0, " "0, " "0, " "0, " "0, " "0, " "0, " "0, " "0, " "0, " "0, " "0, "0
 "Nei17, 0.266, " "-0.625, " "-0.043, " "-0.64, " "0.401, " "0.333, " "0.411, " "0.193, " "0.932, " "0, " "0, " "0, " "0, " "0, " "0, " "0, " "0, " "0, " "0, " "1, " "1, " "1, " "1, " "1, " "1, " "1, " "0, " "1, " "1, " "1, " "1, " "1, " "1, " "1, " "0, " "0, " "0, " "0, " "0, " "0, " "0, " "0, " "0, " "0, " "0, " "0, " "0, " "0, " "0, " "0, " "0, " "0, " "0, " "0, " "0, " "0, " "0, " "0, " "0, " "0, " "0, " "0, " "0, " "0, " "0, " "0, " "0, " "0, " "0, " "0, " "0, " "0, " "0, " "0, " "0, " "0, " "0, " "0, " "0, " "0, " "0, " "0, " "0, " "0, " "0, " "0, " "0, " "0, " "0, " "0, " "0, " "0, " "0, " "0, " "0, " "0, " "0, " "0, " "0, " "0, " "0, " "0, " "0, " "0, " "0, " "0, " "0, " "0, " "0, " "0, " "0, " "0, " "0, " "0, " "0, " "0, " "0, " "0, " "0, " "0, " "0, " "0, " "0, " "0, " "0, " "0, " "0, " "0, " "0, " "0, " "0, " "0, " "0, " "0, " "0, " "0, " "0, " "0, " "0, " "0, " "0, " "0, " "0, " "0, " "0, " "0, " "0, " "0, " "0, " "0, " "0, " "0, " "0, " "0, " "0, " "0, " "0, " "0, " "0, " "0, " "0, " "0, " "0, " "0, " "0, " "0, " "0, " "0, " "0, " "0, " "0, " "0, " "0, " "0, " "0, " "0, " "0, " "0, " "0, " "0, " "0, " "0, " "0, " "0, " "0, " "0, " "0, " "0, " "0, " "0, " "0, " "0, " "0, " "0, " "0, " "0, " "0, " "0, " "0, " "0, " "0, " "0, " "0, " "0, " "0, " "0, " "0, " "0, " "0, " "0, " "0, " "0, " "0, " "0, " "0, " "0, " "0, " "0, " "0, " "0, " "0, " "0, " "0, " "0, " "0, " "0, " "0, " "0, " "0, " "0, " "0, " "0, " "0, " "0, " "0, " "0, " "0, " "0, " "0, " "0, " "0, " "0, " "0, " "0, " "0, " "0, " "0, " "0, " "0, " "0, " "0, " "0, " "0, " "0, " "0, " "0, " "0, " "0, " "0, " "0, " "0, " "0, " "0, " "0, " "0, " "0, "0
 "Nei18, 0.373, " "-0.343, " "0.365, " "0.34, " "0.996, " "0.543, " "-0.527, " "-0.391, " "0.586, " "0, " "0, " "0, " "0, " "0, " "0, " "0, " "0, " "0, " "0, " "0, " "1, " "1, " "1, " "1, " "1, " "1, " "1, " "0, " "1, " "1, " "1, " "1, " "1, " "1, " "1, " "0, " "0, " "0, " "0, " "0, " "0, " "0, " "0, " "0, " "0, " "0, " "0, " "0, " "0, " "0, " "0, " "0, " "0, " "0, " "0, " "0, " "0, " "0, " "0, " "0, " "0, " "0, " "0, " "0, " "0, " "0, " "0, " "0, " "0, " "0, " "0, " "0, " "0, " "0, " "0, " "0, " "0, " "0, " "0, " "0, " "0, " "0, " "0, " "0, " "0, " "0, " "0, " "0, " "0, " "0, " "0, " "0, " "0, " "0, " "0, " "0, " "0, " "0, " "0, " "0, " "0, " "0, " "0, " "0, " "0, " "0, " "0, " "0, " "0, " "0, " "0, " "0, " "0, " "0, " "0, " "0, " "0, " "0, " "0, " "0, " "0, " "0, " "0, " "0, " "0, " "0, " "0, " "0, " "0, " "0, " "0, " "0, " "0, " "0, " "0, " "0, " "0, " "0, " "0, " "0, " "0, " "0, " "0, " "0, " "0, " "0, " "0, " "0, " "0, " "0, " "0, " "0, " "0, " "0, " "0, " "0, " "0, " "0, " "0, " "0, " "0, " "0, " "0, " "0, " "0, " "0, " "0, " "0, " "0, " "0, " "0, " "0, " "0, " "0, " "0, " "0, " "0, " "0, " "0, " "0, " "0, " "0, " "0, " "0, " "0, " "0, " "0, " "0, " "0, " "0, " "0, " "0, " "0, " "0, " "0, " "0, " "0, " "0, " "0, " "0, " "0, " "0, " "0, " "0, " "0, " "0, " "0, " "0, " "0, " "0, " "0, " "0, " "0, " "0, " "0, " "0, " "0, " "0, " "0, " "0, " "0, " "0, " "0, " "0, " "0, " "0, " "0, " "0, " "0, " "0, " "0, " "0, " "0, " "0, " "0, " "0, " "0, " "0, " "0, " "0, " "0, " "0, " "0, " "0, " "0, " "0, " "0, " "0, " "0, " "0, " "0, " "0, " "0, " "0, " "0, " "0, " "0, " "0, " "0, " "0, " "0, " "0, " "0, " "0, " "0, " "0, "0
 "Nei19, 0.257, " "-0.527, " "-0.978, " "-0.541, " "-0.59, " "-0.623, " "0.351, " "0.154, " "0.48, " "0, " "0, " "0, " "0, " "0, " "0, " "0, " "0, " "0, " "0, " "0, " "0, " "1, " "1, " "1, " "1, " "1, " "1, " "1, " "0, " "1, " "1, " "1, " "1, " "1, " "1, " "1, " "0, " "0, " "0, " "0, " "0, " "0, " "0, " "0, " "0, " "0, " "0, " "0, " "0, " "0, " "0, " "0, " "0, " "0, " "0, " "0, " "0, " "0, " "0, " "0, " "0, " "0, " "0, " "0, " "0, " "0, " "0, " "0, " "0, " "0, " "0, " "0, " "0, " "0, " "0, " "0, " "0, " "0, " "0, " "0, " "0, " "0, " "0, " "0, " "0, " "0, " "0, " "0, " "0, " "0, " "0, " "0, " "0, " "0, " "0, " "0, " "0, " "0, " "0, " "0, " "0, " "0, " "0, " "0, " "0, " "0, " "0, " "0, " "0, " "0, " "0, " "0, " "0, " "0, " "0, " "0, " "0, " "0, " "0, " "0, " "0, " "0, " "0, " "0, " "0, " "0, " "0, " "0, " "0, " "0, " "0, " "0, " "0, " "0, " "0, " "0, " "0, " "0, " "0, " "0, " "0, " "0, " "0, " "0, " "0, " "0, " "0, " "0, " "0, " "0, " "0, " "0, " "0, " "0, " "0, " "0, " "0, " "0, " "0, " "0, " "0, " "0, " "0, " "0, " "0, " "0, " "0, " "0, " "0, " "0, " "0, " "0, " "0, " "0, " "0, " "0, " "0, " "0, " "0, " "0, " "0, " "0, " "0, " "0, " "0, " "0, " "0, " "0, " "0, " "0, " "0, " "0, " "0, " "0, " "0, " "0, " "0, " "0, " "0, " "0, " "0, " "0, " "0, " "0, " "0, " "0, " "0, " "0, " "0, " "0, " "0, " "0, " "0, " "0, " "0, " "0, " "0, " "0, " "0, " "0, " "0, " "0, " "0, " "0, " "0, " "0, " "0, " "0, " "0, " "0, " "0, " "0, " "0, " "0, " "0, " "0, " "0, " "0, " "0, " "0, " "0, " "0, " "0, " "0, " "0, " "0, " "0, " "0, " "0, " "0, " "0, " "0, " "0, " "0, " "0, " "0, " "0, " "0, " "0, " "0, " "0, " "0, " "0, " "0, " "0, " "0, "0
 "Nei20, 0.049, " "0.255, " "0.471, " "-0.641, " "0.328, " "-0.816, " "-0.085, " "-0.723, " "-0.173, " "0, " "0, " "0, " "0, " "0, " "0, " "0, " "0, " "0, " "0, " "0, " "0, " "0, " "1, " "1, " "1, " "1, " "1, " "1, " "1, " "0, " "1, " "1, " "1, " "1, " "1, " "1, " "1, " "0, " "0, " "0, " "0, " "0, " "0, " "0, " "0, " "0, " "0, " "0, " "0, " "0, " "0, " "0, " "0, " "0, " "0, " "0, " "0, " "0, " "0, " "0, " "0, " "0, " "0, " "0, " "0, " "0, " "0, " "0, " "0, " "0, " "0, " "0, " "0, " "0, " "0, " "0, " "0, " "0, " "0, " "0, " "0, " "0, " "0, " "0, " "0, " "0, " "0, " "0, " "0, " "0, " "0, " "0, " "0, " "0, " "0, " "0, " "0, " "0, " "0, " "0, " "0, " "0, " "0, " "0, " "0, " "0, " "0, " "0, " "0, " "0, " "0, " "0, " "0, " "0, " "0, " "0, " "0, " "0, " "0, " "0, " "0, " "0, " "0, " "0, " "0, " "0, " "0, " "0, " "0, " "0, " "0, " "0, " "0, " "0, " "0, " "0, " "0, " "0, " "0, " "0, " "0, " "0, " "0, " "0, " "0, " "0, " "0, " "0, " "0, " "0, " "0, " "0, " "0, " "0, " "0, " "0, " "0, " "0, " "0, " "0, " "0, " "0, " "0, " "0, " "0, " "0, " "0, " "0, " "0, " "0, " "0, " "0, " "0, " "0, " "0, " "0, " "0, " "0, " "0, " "0, " "0, " "0, " "0, " "0, " "0, " "0, " "0, " "0, " "0, " "0, " "0, " "0, " "0, " "0, " "0, " "0, " "0, " "0, " "0, " "0, " "0, " "0, " "0, " "0, " "0, " "0, " "0, " "0, " "0, " "0, " "0, " "0, " "0, " "0, " "0, " "0, " "0, " "0, " "0, " "0, " "0, " "0, " "0, " "0, " "0, " "0, " "0, " "0, " "0, " "0, " "0, " "0, " "0, " "0, " "0, " "0, " "0, " "0, " "0, " "0, " "0, " "0, " "0, " "0, " "0, " "0, " "0, " "0, " "0, " "0, " "0, " "0, " "0, " "0, " "0, " "0, " "0, " "0, " "0, " "0, " "0, " "0, " "0, " "0, " "0, " "0, "0
 "Nei21, 0.1, " "0.478, " "0.136, " "0.342, " "-0.52, " "0.096, " "0.609, " "0.218, " "-0.46, " "0, " "0, " "0, " "0, " "0, " "0, " "0, " "0, " "0, " "0, " "0, " "0, " "0, " "0, " "1, " "1, " "1, " "1, " "1, " "1, " "1, " "0, " "1, " "1, " "1, " "1, " "1, " "1, " "1, " "0, " "0, " "0, " "0, " "0, " "0, " "0, " "0, " "0, " "0, " "0, " "0, " "0, " "0, " "0, " "0, " "0, " "0, " "0, " "0, " "0, " "0, " "0, " "0, " "0, " "0, " "0, " "0, " "0, " "0, " "0, " "0, " "0, " "0, " "0, " "0, " "0, " "0, " "0, " "0, " "0, " "0, " "0, " "0, " "0, " "0, " "0, " "0, " "0, " "0, " "0, " "0, " "0, " "0, " "0, " "0, " "0, " "0, " "0, " "0, " "0, " "0, " "0, " "0, " "0, " "0, " "0, " "0, " "0, " "0, " "0, " "0, " "0, " "0, " "0, " "0, " "0, " "0, " "0, " "0, " "0, " "0, " "0, " "0, " "0, " "0, " "0, " "0, " "0, " "0, " "0, " "0, " "0, " "0, " "0, " "0, " "0, " "0, " "0, " "0, " "0, " "0, " "0, " "0, " "0, " "0, " "0, " "0, " "0, " "0, " "0, " "0, " "0, " "0, " "0, " "0, " "0, " "0, " "0, " "0, " "0, " "0, " "0, " "0, " "0, " "0, " "0, " "0, " "0, " "0, " "0, " "0, " "0, " "0, " "0, " "0, " "0, " "0, " "0, " "0, " "0, " "0, " "0, " "0, " "0, " "0, " "0, " "0, " "0, " "0, " "0, " "0, " "0, " "0, " "0, " "0, " "0, " "0, " "0, " "0, " "0, " "0, " "0, " "0, " "0, " "0, " "0, " "0, " "0, " "0, " "0, " "0, " "0, " "0, " "0, " "0, " "0, " "0, " "0, " "0, " "0, " "0, " "0, " "0, " "0, " "0, " "0, " "0, " "0, " "0, " "0, " "0, " "0, " "0, " "0, " "0, " "0, " "0, " "0, " "0, " "0, " "0, " "0, " "0, " "0, " "0, " "0, " "0, " "0, " "0, " "0, " "0, " "0, " "0, " "0, " "0, " "0, " "0, " "0, " "0, " "0, " "0, " "0, " "0, " "0, " "0, " "0, " "0, "0
 "Nei22, 0.59, " "-0.819, " "0.292, " "-0.023, " "0.381, " "0.18, " "0.765, " "-0.427, " "0.303, " "0, " "0, " "0, " "0, " "0, " "0, " "0, " "0, " "0, " "0, " "0, " "0, " "0, " "0, " "0, " "1, " "1, " "1, " "1, " "1, " "1, " "1, " "0, " "1, " "1, " "1, " "1, " "1, " "1, " "1, " "0, " "0, " "0, " "0, " "0, " "0, " "0, " "0, " "0, " "0, " "0, " "0, " "0, " "0, " "0, " "0, " "0, " "0, " "0, " "0, " "0, " "0, " "0, " "0, " "0, " "0, " "0, " "0, " "0, " "0, " "0, " "0, " "0, " "0, " "0, " "0, " "0, " "0, " "0, " "0, " "0, " "0, " "0, " "0, " "0, " "0, " "0, " "0, " "0, " "0, " "0, " "0, " "0, " "0, " "0, " "0, " "0, " "0, " "0, " "0, " "0, " "0, " "0, " "0, " "0, " "0, " "0, " "0, " "0, " "0, " "0, " "0, " "0, " "0, " "0, " "0, " "0, " "0, " "0, " "0, " "0, " "0, " "0, " "0, " "0, " "0, " "0, " "0, " "0, " "0, " "0, " "0, " "0, " "0, " "0, " "0, " "0, " "0, " "0, " "0, " "0, " "0, " "0, " "0, " "0, " "0, " "0, " "0, " "0, " "0, " "0, " "0, " "0, " "0, " "0, " "0, " "0, " "0, " "0, " "0, " "0, " "0, " "0, " "0, " "0, " "0, " "0, " "0, " "0, " "0, " "0, " "0, " "0, " "0, " "0, " "0, " "0, " "0, " "0, " "0, " "0, " "0, " "0, " "0, " "0, " "0, " "0, " "0, " "0, " "0, " "0, " "0, " "0, " "0, " "0, " "0, " "0, " "0, " "0, " "0, " "0, " "0, " "0, " "0, " "0, " "0, " "0, " "0, " "0, " "0, " "0, " "0, " "0, " "0, " "0, " "0, " "0, " "0, " "0, " "0, " "0, " "0, " "0, " "0, " "0, " "0, " "0, " "0, " "0, " "0, " "0, " "0, " "0, " "0, " "0, " "0, " "0, " "0, " "0, " "0, " "0, " "0, " "0, " "0, " "0, " "0, " "0, " "0, " "0, " "0, " "0, " "0, " "0, " "0, " "0, " "0, " "0, " "0, " "0, " "0, " "0, " "0, " "0, " "0, " "0, " "0, " "0, "0
 "Nei23, 0.44, " "0.288, " "-0.664, " "0.957, " "0.595, " "0.37, " "0.604, " "0.872, " "0.032, " "0, " "0, " "0, " "0, " "0, " "0, " "0, " "0, " "0, " "0, " "0, " "0, " "0, " "0, " "0, " "0, " "1, " "1, " "1, " "1, " "1, " "1, " "1, " "0, " "1, " "1, " "1, " "1, " "1, " "1, " "1, " "0, " "0, " "0, " "0, " "0, " "0, " "0, " "0, " "0, " "0, " "0, " "0, " "0, " "0, " "0, " "0, " "0, " "0, " "0, " "0, " "0, " "0, " "0, " "0, " "0, " "0, " "0, " "0, " "0, " "0, " "0, " "0, " "0, " "0, " "0, " "0, " "0, " "0, " "0, " "0, " "0, " "0, " "0, " "0, " "0, " "0, " "0, " "0, " "0, " "0, " "0, " "0, " "0, " "0, " "0, " "0, " "0, " "0, " "0, " "0, " "0, " "0, " "0, " "0, " "0, " "0, " "0, " "0, " "0, " "0, " "0, " "0, " "0, " "0, " "0, " "0, " "0, " "0, " "0, " "0, " "0, " "0, " "0, " "0, " "0, " "0, " "0, " "0, " "0, " "0, " "0, " "0, " "0, " "0, " "0, " "0, " "0, " "0, " "0, " "0, " "0, " "0, " "0, " "0, " "0, " "0, " "0, " "0, " "0, " "0, " "0, " "0, " "0, " "0, " "0, " "0, " "0, " "0, " "0, " "0, " "0, " "0, " "0, " "0, " "0, " "0, " "0, " "0, " "0, " "0, " "0, " "0, " "0, " "0, " "0, " "0, " "0, " "0, " "0, " "0, " "0, " "0, " "0, " "0, " "0, " "0, " "0, " "0, " "0, " "0, " "0, " "0, " "0, " "0, " "0, " "0, " "0, " "0, " "0, " "0, " "0, " "0, " "0, " "0, " "0, " "0, " "0, " "0, " "0, " "0, " "0, " "0, " "0, " "0, " "0, " "0, " "0, " "0, " "0, " "0, " "0, " "0, " "0, " "0, " "0, " "0, " "0, " "0, " "0, " "0, " "0, " "0, " "0, " "0, " "0, " "0, " "0, " "0, " "0, " "0, " "0, " "0, " "0, " "0, " "0, " "0, " "0, " "0, " "0, " "0, " "0, " "0, " "0, " "0, " "0, " "0, " "0, " "0, " "0, " "0, " "0, " "0, " "0, " "0, " "0, " "0, "0
 "Nei24, 0.169, " "0.321, " "0.01, " "-0.642, " "-0.026, " "-0.599, " "0.476, " "-0.938, " "0.663, " "0, " "0, " "0, " "0, " "0, " "0, " "0, " "0, " "0, " "0, " "0, " "0, " "0, " "0, " "0, " "0, " "0, " "1, " "1, " "1, " "1, " "1, " "1, " "1, " "0, " "1, " "1, " "1, " "1, " "1, " "1, " "1, " "0, " "0, " "0, " "0, " "0, " "0, " "0, " "0, " "0, " "0, " "0, " "0, " "0, " "0, " "0, " "0, " "0, " "0, " "0, " "0, " "0, " "0, " "0, " "0, " "0, " "0, " "0, " "0, " "0, " "0, " "0, " "0, " "0, " "0, " "0, " "0, " "0, " "0, " "0, " "0, " "0, " "0, " "0, " "0, " "0, " "0, " "0, " "0, " "0, " "0, " "0, " "0, " "0, " "0, " "0, " "0, " "0, " "0, " "0, " "0, " "0, " "0, " "0, " "0, " "0, " "0, " "0, " "0, " "0, " "0, " "0, " "0, " "0, " "0, " "0, " "0, " "0, " "0, " "0, " "0, " "0, " "0, " "0, " "0, " "0, " "0, " "0, " "0, " "0, " "0, " "0, " "0, " "0, " "0, " "0, " "0, " "0, " "0, " "0, " "0, " "0, " "0, " "0, " "0, " "0, " "0, " "0, " "0, " "0, " "0, " "0, " "0, " "0, " "0, " "0, " "0, " "0, " "0, " "0, " "0, " "0, " "0, " "0, " "0, " "0, " "0, " "0, " "0, " "0, " "0, " "0, " "0, " "0, " "0, " "0, " "0, " "0, " "0, " "0, " "0, " "0, " "0, " "0, " "0, " "0, " "0, " "0, " "0, " "0, " "0, " "0, " "0, " "0, " "0, " "0, " "0, " "0, " "0, " "0, " "0, " "0, " "0, " "0, " "0, " "0, " "0, " "0, " "0, " "0, " "0, " "0, " "0, " "0, " "0, " "0, " "0, " "0, " "0, " "0, " "0, " "0, " "0, " "0, " "0, " "0, " "0, " "0, " "0, " "0, " "0, " "0, " "0, " "0, " "0, " "0, " "0, " "0, " "0, " "0, " "0, " "0, " "0, " "0, " "0, " "0, " "0, " "0, " "0, " "0, " "0, " "0, " "0, " "0, " "0, " "0, " "0, " "0, " "0, " "0, " "0, " "0, " "0, " "0, " "0, " "0, "0
 "Nei25, 0.441, " "-0.577, " "0.634, " "0.639, " "0.017, " "-0.252, " "0.199, " "0.626, " "0.213, " "0, " "0, " "0, " "0, " "0, " "0, " "0, " "0, " "0, " "0, " "0, " "0, " "0, " "0, " "0, " "0, " "0, " "0, " "1, " "1, " "1, " "1, " "1, " "1, " "1, " "0, " "1, " "1, " "1, " "1, " "1, " "1, " "1, " "0, " "0, " "0, " "0, " "0, " "0, " "0, " "0, " "0, " "0, " "0, " "0, " "0, " "0, " "0, " "0, " "0, " "0, " "0, " "0, " "0, " "0, " "0, " "0, " "0, " "0, " "0, " "0, " "0, " "0, " "0, " "0, " "0, " "0, " "0, " "0, " "0, " "0, " "0, " "0, " "0, " "0, " "0, " "0, " "0, " "0, " "0, " "0, " "0, " "0, " "0, " "0, " "0, " "0, " "0, " "0, " "0, " "0, " "0, " "0, " "0, " "0, " "0, " "0, " "0, " "0, " "0, " "0, " "0, " "0, " "0, " "0, " "0, " "0, " "0, " "0, " "0, " "0, " "0, " "0, " "0, " "0, " "0, " "0, " "0, " "0, " "0, " "0, " "0, " "0, " "0, " "0, " "0, " "0, " "0, " "0, " "0, " "0, " "0, " "0, " "0, " "0, " "0, " "0, " "0, " "0, " "0, " "0, " "0, " "0, " "0, " "0, " "0, " "0, " "0, " "0, " "0, " "0, " "0, " "0, " "0, " "0, " "0, " "0, " "0, " "0, " "0, " "0, " "0, " "0, " "0, " "0, " "0, " "0, " "0, " "0, " "0, " "0, " "0, " "0, " "0, " "0, " "0, " "0, " "0, " "0, " "0, " "0, " "0, " "0, " "0, " "0, " "0, " "0, " "0, " "0, " "0, " "0, " "0, " "0, " "0, " "0, " "0, " "0, " "0, " "0, " "0, " "0, " "0, " "0, " "0, " "0, " "0, " "0, " "0, " "0, " "0, " "0, " "0, " "0, " "0, " "0, " "0, " "0, " "0, " "0, " "0, " "0, " "0, " "0, " "0, " "0, " "0, " "0, " "0, " "0, " "0, " "0, " "0, " "0, " "0, " "0, " "0, " "0, " "0, " "0, " "0, " "0, " "0, " "0, " "0, " "0, " "0, " "0, " "0, " "0, " "0, " "0, " "0, " "0, " "0, " "0, " "0, " "0, "0
 "Nei26, 0.29, " "-0.767, " "0.466, " "0.767, " "-0.937, " "-0.542, " "-0.772, " "0.244, " "0.376, " "0, " "0, " "0, " "0, " "0, " "0, " "0, " "0, " "0, " "0, " "0, " "0, " "0, " "0, " "0, " "0, " "0, " "0, " "0, " "1, " "1, " "1, " "1, " "1, " "1, " "1, " "0, " "1, " "1, " "1, " "1, " "1, " "1, " "1, " "0, " "0, " "0, " "0, " "0, " "0, " "0, " "0, " "0, " "0, " "0, " "0, " "0, " "0, " "0, " "0, " "0, " "0, " "0, " "0, " "0, " "0, " "0, " "0, " "0, " "0, " "0, " "0, " "0, " "0, " "0, " "0, " "0, " "0, " "0, " "0, " "0, " "0, " "0, " "0, " "0, " "0, " "0, " "0, " "0, " "0, " "0, " "0, " "0, " "0, " "0, " "0, " "0, " "0, " "0, " "0, " "0, " "0, " "0, " "0, " "0, " "0, " "0, " "0, " "0, " "0, " "0, " "0, " "0, " "0, " "0, " "0, " "0, " "0, " "0, " "0, " "0, " "0, " "0, " "0, " "0, " "0, " "0, " "0, " "0, " "0, " "0, " "0, " "0, " "0, " "0, " "0, " "0, " "0, " "0, " "0, " "0, " "0, " "0, " "0, " "0, " "0, " "0, " "0, " "0, " "0, " "0, " "0, " "0, " "0, " "0, " "0, " "0, " "0, " "0, " "0, " "0, " "0, " "0, " "0, " "0, " "0, " "0, " "0, " "0, " "0, " "0, " "0, " "0, " "0, " "0, " "0, " "0, " "0, " "0, " "0, " "0, " "0, " "0, " "0, " "0, " "0, " "0, " "0, " "0, " "0, " "0, " "0, " "0, " "0, " "0, " "0, " "0, " "0, " "0, " "0, " "0, " "0, " "0, " "0, " "0, " "0, " "0, " "0, " "0, " "0, " "0, " "0, " "0, " "0, " "0, " "0, " "0, " "0, " "0, " "0, " "0, " "0, " "0, " "0, " "0, " "0, " "0, " "0, " "0, " "0, " "0, " "0, " "0, " "0, " "0, " "0, " "0, " "0, " "0, " "0, " "0, " "0, " "0, " "0, " "0, " "0, " "0, " "0, " "0, " "0, " "0, " "0, " "0, " "0, " "0, " "0, " "0, " "0, " "0, " "0, " "0, " "0, " "0, " "0, " "0, " "0, " "0, "0
 "Nei27, 0.519, " "-0.78, " "-0.508, " "-0.163, " "0.873, " "0.689, " "-0.587, " "-0.081, " "0.335, " "0, " "0, " "0, " "0, " "0, " "0, " "0, " "0, " "0, " "0, " "0, " "0, " "0, " "0, " "0, " "0, " "0, " "0, " "0, " "0, " "1, " "1, " "1, " "1, " "1, " "1, " "1, " "0, " "1, " "1, " "1, " "1, " "1, " "1, " "1, " "0, " "0, " "0, " "0, " "0, " "0, " "0, " "0, " "0, " "0, " "0, " "0, " "0, " "0, " "0, " "0, " "0, " "0, " "0, " "0, " "0, " "0, " "0, " "0, " "0, " "0, " "0, " "0, " "0, " "0, " "0, " "0, " "0, " "0, " "0, " "0, " "0, " "0, " "0, " "0, " "0, " "0, " "0, " "0, " "0, " "0, " "0, " "0, " "0, " "0, " "0, " "0, " "0, " "0, " "0, " "0, " "0, " "0, " "0, " "0, " "0, " "0, " "0, " "0, " "0, " "0, " "0, " "0, " "0, " "0, " "0, " "0, " "0, " "0, " "0, " "0, " "0, " "0, " "0, " "0, " "0, " "0, " "0, " "0, " "0, " "0, " "0, " "0, " "0, " "0, " "0, " "0, " "0, " "0, " "0, " "0, " "0, " "0, " "0, " "0, " "0, " "0, " "0, " "0, " "0, " "0, " "0, " "0, " "0, " "0, " "0, " "0, " "0, " "0, " "0, " "0, " "0, " "0, " "0, " "0, " "0, " "0, " "0, " "0, " "0, " "0, " "0, " "0, " "0, " "0, " "0, " "0, " "0, " "0, " "0, " "0, " "0, " "0, " "0, " "0, " "0, " "0, " "0, " "0, " "0, " "0, " "0, " "0, " "0, " "0, " "0, " "0, " "0, " "0, " "0, " "0, " "0, " "0, " "0, " "0, " "0, " "0, " "0, " "0, " "0, " "0, " "0, " "0, " "0, " "0, " "0, " "0, " "0, " "0, " "0, " "0, " "0, " "0, " "0, " "0, " "0, " "0, " "0, " "0, " "0, " "0, " "0, " "0, " "0, " "0, " "0, " "0, " "0, " "0, " "0, " "0, " "0, " "0, " "0, " "0, " "0, " "0, " "0, " "0, " "0, " "0, " "0, " "0, " "0, " "0, " "0, " "0, " "0, " "0, " "0, " "0, " "0, " "0, " "0, " "0, " "0, " "0, "0
 "Nei28, 0.041, " "-0.725, " "0.996, " "0.662, " "0.233, " "-0.2, " "0.739, " "0.931, " "-0.404, " "0, " "0, " "0, " "0, " "0, " "0, " "0, " "0, " "0, " "0, " "0, " "0, " "0, " "0, " "0, " "0, " "0, " "0, " "0, " "0, " "0, " "1, " "1, " "1, " "1, " "1, " "1, " "1, " "0, " "1, " "1, " "1, " "1, " "1, " "1, " "1, " "0, " "0, " "0, " "0, " "0, " "0, " "0, " "0, " "0, " "0, " "0, " "0, " "0, " "0, " "0, " "0, " "0, " "0, " "0, " "0, " "0, " "0, " "0, " "0, " "0, " "0, " "0, " "0, " "0, " "0, " "0, " "0, " "0, " "0, " "0, " "0, " "0, " "0, " "0, " "0, " "0, " "0, " "0, " "0, " "0, " "0, " "0, " "0, " "0, " "0, " "0, " "0, " "0, " "0, " "0, " "0, " "0, " "0, " "0, " "0, " "0, " "0, " "0, " "0, " "0, " "0, " "0, " "0, " "0, " "0, " "0, " "0, " "0, " "0, " "0, " "0, " "0, " "0, " "0, " "0, " "0, " "0, " "0, " "0, " "0, " "0, " "0, " "0, " "0, " "0, " "0, " "0, " "0, " "0, " "0, " "0, " "0, " "0, " "0, " "0, " "0, " "0, " "0, " "0, " "0, " "0, " "0, " "0, " "0, " "0, " "0, " "0, " "0, " "0, " "0, " "0, " "0, " "0, " "0, " "0, " "0, " "0, " "0, " "0, " "0, " "0, " "0, " "0, " "0, " "0, " "0, " "0, " "0, " "0, " "0, " "0, " "0, " "0, " "0, " "0, " "0, " "0, " "0, " "0, " "0, " "0, " "0, " "0, " "0, " "0, " "0, " "0, " "0, " "0, " "0, " "0, " "0, " "0, " "0, " "0, " "0, " "0, " "0, " "0, " "0, " "0, " "0, " "0, " "0, " "0, " "0, " "0, " "0, " "0, " "0, " "0, " "0, " "0, " "0, " "0, " "0, " "0, " "0, " "0, " "0, " "0, " "0, " "0, " "0, " "0, " "0, " "0, " "0, " "0, " "0, " "0, " "0, " "0, " "0, " "0, " "0, " "0, " "0, " "0, " "0, " "0, " "0, " "0, " "0, " "0, " "0, " "0, " "0, " "0, " "0, " "0, " "0, " "0, " "0, " "0, " "0, "0
 "Nei29, 0.102, " "-0.357, " "0.841, " "0.697, " "-0.725, " "-0.577, " "-0.739, " "-0.527, " "0.178, " "0, " "0, " "0, " "0, " "0, " "0, " "0, " "0, " "0, " "0, " "0, " "0, " "0, " "0, " "0, " "0, " "0, " "0, " "0, " "0, " "0, " "0, " "1, " "1, " "1, " "1, " "1, " "1, " "1, " "0, " "1, " "1, " "1, " "1, " "1, " "1, " "1, " "0, " "0, " "0, " "0, " "0, " "0, " "0, " "0, " "0, " "0, " "0, " "0, " "0, " "0, " "0, " "0, " "0, " "0, " "0, " "0, " "0, " "0, " "0, " "0, " "0, " "0, " "0, " "0, " "0, " "0, " "0, " "0, " "0, " "0, " "0, " "0, " "0, " "0, " "0, " "0, " "0, " "0, " "0, " "0, " "0, " "0, " "0, " "0, " "0, " "0, " "0, " "0, " "0, " "0, " "0, " "0, " "0, " "0, " "0, " "0, " "0, " "0, " "0, " "0, " "0, " "0, " "0, " "0, " "0, " "0, " "0, " "0, " "0, " "0, " "0, " "0, " "0, " "0, " "0, " "0, " "0, " "0, " "0, " "0, " "0, " "0, " "0, " "0, " "0, " "0, " "0, " "0, " "0, " "0, " "0, " "0, " "0, " "0, " "0, " "0, " "0, " "0, " "0, " "0, " "0, " "0, " "0, " "0, " "0, " "0, " "0, " "0, " "0, " "0, " "0, " "0, " "0, " "0, " "0, " "0, " "0, " "0, " "0, " "0, " "0, " "0, " "0, " "0, " "0, " "0, " "0, " "0, " "0, " "0, " "0, " "0, " "0, " "0, " "0, " "0, " "0, " "0, " "0, " "0, " "0, " "0, " "0, " "0, " "0, " "0, " "0, " "0, " "0, " "0, " "0, " "0, " "0, " "0, " "0, " "0, " "0, " "0, " "0, " "0, " "0, " "0, " "0, " "0, " "0, " "0, " "0, " "0, " "0, " "0, " "0, " "0, " "0, " "0, " "0, " "0, " "0, " "0, " "0, " "0, " "0, " "0, " "0, " "0, " "0, " "0, " "0, " "0, " "0, " "0, " "0, " "0, " "0, " "0, " "0, " "0, " "0, " "0, " "0, " "0, " "0, " "0, " "0, " "0, " "0, " "0, " "0, " "0, " "0, " "0, " "0, " "0, " "0, " "0, " "0, " "0, "0
 "Nei30, 0.318, " "-0.155, " "0.905, " "0.997, " "0.968, " "-1, " "-0.052, " "-0.927, " "-0.11, " "0, " "0, " "0, " "0, " "0, " "0, " "0, " "0, " "0, " "0, " "0, " "0, " "0, " "0, " "0, " "0, " "0, " "0, " "0, " "0, " "0, " "0, " "0, " "1, " "1, " "1, " "1, " "1, " "1, " "1, " "0, " "1, " "1, " "1, " "1, " "1, " "1, " "1, " "0, " "0, " "0, " "0, " "0, " "0, " "0, " "0, " "0, " "0, " "0, " "0, " "0, " "0, " "0, " "0, " "0, " "0, " "0, " "0, " "0, " "0, " "0, " "0, " "0, " "0, " "0, " "0, " "0, " "0, " "0, " "0, " "0, " "0, " "0, " "0, " "0, " "0, " "0, " "0, " "0, " "0, " "0, " "0, " "0, " "0, " "0, " "0, " "0, " "0, " "0, " "0, " "0, " "0, " "0, " "0, " "0, " "0, " "0, " "0, " "0, " "0, " "0, " "0, " "0, " "0, " "0, " "0, " "0, " "0, " "0, " "0, " "0, " "0, " "0, " "0, " "0, " "0, " "0, " "0, " "0, " "0, " "0, " "0, " "0, " "0, " "0, " "0, " "0, " "0, " "0, " "0, " "0, " "0, " "0, " "0, " "0, " "0, " "0, " "0, " "0, " "0, " "0, " "0, " "0, " "0, " "0, " "0, " "0, " "0, " "0, " "0, " "0, " "0, " "0, " "0, " "0, " "0, " "0, " "0, " "0, " "0, " "0, " "0, " "0, " "0, " "0, " "0, " "0, " "0, " "0, " "0, " "0, " "0, " "0, " "0, " "0, " "0, " "0, " "0, " "0, " "0, " "0, " "0, " "0, " "0, " "0, " "0, " "0, " "0, " "0, " "0, " "0, " "0, " "0, " "0, " "0, " "0, " "0, " "0, " "0, " "0, " "0, " "0, " "0, " "0, " "0, " "0, " "0, " "0, " "0, " "0, " "0, " "0, " "0, " "0, " "0, " "0, " "0, " "0, " "0, " "0, " "0, " "0, " "0, " "0, " "0, " "0, " "0, " "0, " "0, " "0, " "0, " "0, " "0, " "0, " "0, " "0, " "0, " "0, " "0, " "0, " "0, " "0, " "0, " "0, " "0, " "0, " "0, " "0, " "0, " "0, " "0, " "0, " "0, " "0, " "0, " "0, " "0, "0
 "Nei31, 0.48, " "-0.33, " "-0.936, " "-0.019, " "-0.379, " "-0.482, " "-0.737, " "0.281, " "0.552, " "0, " "0, " "0, " "0, " "0, " "0, " "0, " "0, " "0, " "0, " "0, " "0, " "0, " "0, " "0, " "0, " "0, " "0, " "0, " "0, " "0, " "0, " "0, " "0, " "1, " "1, " "1, " "1, " "1, " "1, " "1, " "0, " "1, " "1, " "1, " "1, " "1, " "1, " "1, " "0, " "0, " "0, " "0, " "0, " "0, " "0, " "0, " "0, " "0, " "0, " "0, " "0, " "0, " "0, " "0, " "0, " "0, " "0, " "0, " "0, " "0, " "0, " "0, " "0, " "0, " "0, " "0, " "0, " "0, " "0, " "0, " "0, " "0, " "0, " "0, " "0, " "0, " "0, " "0, " "0, " "0, " "0, " "0, " "0, " "0, " "0, " "0, " "0, " "0, " "0, " "0, " "0, " "0, " "0, " "0, " "0, " "0, " "0, " "0, " "0, " "0, " "0, " "0, " "0, " "0, " "0, " "0, " "0, " "0, " "0, " "0, " "0, " "0, " "0, " "0, " "0, " "0, " "0, " "0, " "0, " "0, " "0, " "0, " "0, " "0, " "0, " "0, " "0, " "0, " "0, " "0, " "0, " "0, " "0, " "0, " "0, " "0, " "0, " "0, " "0, " "0, " "0, " "0, " "0, " "0, " "0, " "0, " "0, " "0, " "0, " "0, " "0, " "0, " "0, " "0, " "0, " "0, " "0, " "0, " "0, " "0, " "0, " "0, " "0, " "0, " "0, " "0, " "0, " "0, " "0, " "0, " "0, " "0, " "0, " "0, " "0, " "0, " "0, " "0, " "0, " "0, " "0, " "0, " "0, " "0, " "0, " "0, " "0, " "0, " "0, " "0, " "0, " "0, " "0, " "0, " "0, " "0, " "0, " "0, " "0, " "0, " "0, " "0, " "0, " "0, " "0, " "0, " "0, " "0, " "0, " "0, " "0, " "0, " "0, " "0, " "0, " "0, " "0, " "0, " "0, " "0, " "0, " "0, " "0, " "0, " "0, " "0, " "0, " "0, " "0, " "0, " "0, " "0, " "0, " "0, " "0, " "0, " "0, " "0, " "0, " "0, " "0, " "0, " "0, " "0, " "0, " "0, " "0, " "0, " "0, " "0, " "0, " "0, " "0, " "0, " "0, " "0, "0
 "Nei32, 0.09, " "-0.821, " "0.342, " "0.153, " "0.033, " "-0.761, " "0.414, " "-0.712, " "-0.676, " "0, " "0, " "0, " "0, " "0, " "0, " "0, " "0, " "0, " "0, " "0, " "0, " "0, " "0, " "0, " "0, " "0, " "0, " "0, " "0, " "0, " "0, " "0, " "0, " "0, " "1, " "1, " "1, " "1, " "1, " "1, " "1, " "0, " "1, " "1, " "1, " "1, " "1, " "1, " "1, " "0, " "0, " "0, " "0, " "0, " "0, " "0, " "0, " "0, " "0, " "0, " "0, " "0, " "0, " "0, " "0, " "0, " "0, " "0, " "0, " "0, " "0, " "0, " "0, " "0, " "0, " "0, " "0, " "0, " "0, " "0, " "0, " "0, " "0, " "0, " "0, " "0, " "0, " "0, " "0, " "0, " "0, " "0, " "0, " "0, " "0, " "0, " "0, " "0, " "0, " "0, " "0, " "0, " "0, " "0, " "0, " "0, " "0, " "0, " "0, " "0, " "0, " "0, " "0, " "0, " "0, " "0, " "0, " "0, " "0, " "0, " "0, " "0, " "0, " "0, " "0, " "0, " "0, " "0, " "0, " "0, " "0, " "0, " "0, " "0, " "0, " "0, " "0, " "0, " "0, " "0, " "0, " "0, " "0, " "0, " "0, " "0, " "0, " "0, " "0, " "0, " "0, " "0, " "0, " "0, " "0, " "0, " "0, " "0, " "0, " "0, " "0, " "0, " "0, " "0, " "0, " "0, " "0, " "0, " "0, " "0, " "0, " "0, " "0, " "0, " "0, " "0, " "0, " "0, " "0, " "0, " "0, " "0, " "0, " "0, " "0, " "0, " "0, " "0, " "0, " "0, " "0, " "0, " "0, " "0, " "0, " "0, " "0, " "0, " "0, " "0, " "0, " "0, " "0, " "0, " "0, " "0, " "0, " "0, " "0, " "0, " "0, " "0, " "0, " "0, " "0, " "0, " "0, " "0, " "0, " "0, " "0, " "0, " "0, " "0, " "0, " "0, " "0, " "0, " "0, " "0, " "0, " "0, " "0, " "0, " "0, " "0, " "0, " "0, " "0, " "0, " "0, " "0, " "0, " "0, " "0, " "0, " "0, " "0, " "0, " "0, " "0, " "0, " "0, " "0, " "0, " "0, " "0, " "0, " "0, " "0, " "0, " "0, " "0, " "0, " "0, " "0, "0
 "Nei33, 0.063, " "0.89, " "-0.913, " "0.885, " "-0.657, " "-0.934, " "-0.268, " "0.512, " "0.684, " "0, " "0, " "0, " "0, " "0, " "0, " "0, " "0, " "0, " "0, " "0, " "0, " "0, " "0, " "0, " "0, " "0, " "0, " "0, " "0, " "0, " "0, " "0, " "0, " "0, " "0, " "1, " "1, " "1, " "1, " "1, " "1, " "1, " "0, " "1, " "1, " "1, " "1, " "1, " "1, " "1, " "0, " "0, " "0, " "0, " "0, " "0, " "0, " "0, " "0, " "0, " "0, " "0, " "0, " "0, " "0, " "0, " "0, " "0, " "0, " "0, " "0, " "0, " "0, " "0, " "0, " "0, " "0, " "0, " "0, " "0, " "0, " "0, " "0, " "0, " "0, " "0, " "0, " "0, " "0, " "0, " "0, " "0, " "0, " "0, " "0, " "0, " "0, " "0, " "0, " "0, " "0, " "0, " "0, " "0, " "0, " "0, " "0, " "0, " "0, " "0, " "0, " "0, " "0, " "0, " "0, " "0, " "0, " "0, " "0, " "0, " "0, " "0, " "0, " "0, " "0, " "0, " "0, " "0, " "0, " "0, " "0, " "0, " "0, " "0, " "0, " "0, " "0, " "0, " "0, " "0, " "0, " "0, " "0, " "0, " "0, " "0, " "0, " "0, " "0, " "0, " "0, " "0, " "0, " "0, " "0, " "0, " "0, " "0, " "0, " "0, " "0, " "0, " "0, " "0, " "0, " "0, " "0, " "0, " "0, " "0, " "0, " "0, " "0, " "0, " "0, " "0, " "0, " "0, " "0, " "0, " "0, " "0, " "0, " "0, " "0, " "0, " "0, " "0, " "0, " "0, " "0, " "0, " "0, " "0, " "0, " "0, " "0, " "0, " "0, " "0, " "0, " "0, " "0, " "0, " "0, " "0, " "0, " "0, " "0, " "0, " "0, " "0, " "0, " "0, " "0, " "0, " "0, " "0, " "0, " "0, " "0, " "0, " "0, " "0, " "0, " "0, " "0, " "0, " "0, " "0, " "0, " "0, " "0, " "0, " "0, " "0, " "0, " "0, " "0, " "0, " "0, " "0, " "0, " "0, " "0, " "0, " "0, " "0, " "0, " "0, " "0, " "0, " "0, " "0, " "0, " "0, " "0, " "0, " "0, " "0, " "0, " "0, " "0, " "0, " "0, " "0, "0
 "Nei34, 0.275, " "0.168, " "0.795, " "0.315, " "-0.68, " "0.486, " "0.398, " "-0.556, " "-0.207, " "0, " "0, " "0, " "0, " "0, " "0, " "0, " "0, " "0, " "0, " "0, " "0, " "0, " "0, " "0, " "0, " "0, " "0, " "0, " "0, " "0, " "0, " "0, " "0, " "0, " "0, " "0, " "1, " "1, " "1, " "1, " "1, " "1, " "1, " "0, " "1, " "1, " "1, " "1, " "1, " "1, " "1, " "0, " "0, " "0, " "0, " "0, " "0, " "0, " "0, " "0, " "0, " "0, " "0, " "0, " "0, " "0, " "0, " "0, " "0, " "0, " "0, " "0, " "0, " "0, " "0, " "0, " "0, " "0, " "0, " "0, " "0, " "0, " "0, " "0, " "0, " "0, " "0, " "0, " "0, " "0, " "0, " "0, " "0, " "0, " "0, " "0, " "0, " "0, " "0, " "0, " "0, " "0, " "0, " "0, " "0, " "0, " "0, " "0, " "0, " "0, " "0, " "0, " "0, " "0, " "0, " "0, " "0, " "0, " "0, " "0, " "0, " "0, " "0, " "0, " "0, " "0, " "0, " "0, " "0, " "0, " "0, " "0, " "0, " "0, " "0, " "0, " "0, " "0, " "0, " "0, " "0, " "0, " "0, " "0, " "0, " "0, " "0, " "0, " "0, " "0, " "0, " "0, " "0, " "0, " "0, " "0, " "0, " "0, " "0, " "0, " "0, " "0, " "0, " "0, " "0, " "0, " "0, " "0, " "0, " "0, " "0, " "0, " "0, " "0, " "0, " "0, " "0, " "0, " "0, " "0, " "0, " "0, " "0, " "0, " "0, " "0, " "0, " "0, " "0, " "0, " "0, " "0, " "0, " "0, " "0, " "0, " "0, " "0, " "0, " "0, " "0, " "0, " "0, " "0, " "0, " "0, " "0, " "0, " "0, " "0, " "0, " "0, " "0, " "0, " "0, " "0, " "0, " "0, " "0, " "0, " "0, " "0, " "0, " "0, " "0, " "0, " "0, " "0, " "0, " "0, " "0, " "0, " "0, " "0, " "0, " "0, " "0, " "0, " "0, " "0, " "0, " "0, " "0, " "0, " "0, " "0, " "0, " "0, " "0, " "0, " "0, " "0, " "0, " "0, " "0, " "0, " "0, " "0, " "0, " "0, " "0, " "0, " "0, " "0, " "0, " "0, "0
 "Nei35, 0.324, " "-0.421, " "-0.122, " "-0.487, " "0.967, " "0.506, " "0.038, " "-0.31, " "0.686, " "0, " "0, " "0, " "0, " "0, " "0, " "0, " "0, " "0, " "0, " "0, " "0, " "0, " "0, " "0, " "0, " "0, " "0, " "0, " "0, " "0, " "0, " "0, " "0, " "0, " "0, " "0, " "0, " "1, " "1, " "1, " "1, " "1, " "1, " "1, " "0, " "1, " "1, " "1, " "1, " "1, " "1, " "1, " "0, " "0, " "0, " "0, " "0, " "0, " "0, " "0, " "0, " "0, " "0, " "0, " "0, " "0, " "0, " "0, " "0, " "0, " "0, " "0, " "0, " "0, " "0, " "0, " "0, " "0, " "0, " "0, " "0, " "0, " "0, " "0, " "0, " "0, " "0, " "0, " "0, " "0, " "0, " "0, " "0, " "0, " "0, " "0, " "0, " "0, " "0, " "0, " "0, " "0, " "0, " "0, " "0, " "0, " "0, " "0, " "0, " "0, " "0, " "0, " "0, " "0, " "0, " "0, " "0, " "0, " "0, " "0, " "0, " "0, " "0, " "0, " "0, " "0, " "0, " "0, " "0, " "0, " "0, " "0, " "0, " "0, " "0, " "0, " "0, " "0, " "0, " "0, " "0, " "0, " "0, " "0, " "0, " "0, " "0, " "0, " "0, " "0, " "0, " "0, " "0, " "0, " "0, " "0, " "0, " "0, " "0, " "0, " "0, " "0, " "0, " "0, " "0, " "0, " "0, " "0, " "0, " "0, " "0, " "0, " "0, " "0, " "0, " "0, " "0, " "0, " "0, " "0, " "0, " "0, " "0, " "0, " "0, " "0, " "0, " "0, " "0, " "0, " "0, " "0, " "0, " "0, " "0, " "0, " "0, " "0, " "0, " "0, " "0, " "0, " "0, " "0, " "0, " "0, " "0, " "0, " "0, " "0, " "0, " "0, " "0, " "0, " "0, " "0, " "0, " "0, " "0, " "0, " "0, " "0, " "0, " "0, " "0, " "0, " "0, " "0, " "0, " "0, " "0, " "0, " "0, " "0, " "0, " "0, " "0, " "0, " "0, " "0, " "0, " "0, " "0, " "0, " "0, " "0, " "0, " "0, " "0, " "0, " "0, " "0, " "0, " "0, " "0, " "0, " "0, " "0, " "0, " "0, " "0, " "0, " "0, " "0, " "0, " "0, "0
 "Nei36, 0.203, " "0.603, " "-0.928, " "0.532, " "0.784, " "-0.177, " "-0.577, " "0.012, " "0.846, " "0, " "0, " "0, " "0, " "0, " "0, " "0, " "0, " "0, " "0, " "0, " "0, " "0, " "0, " "0, " "0, " "0, " "0, " "0, " "0, " "0, " "0, " "0, " "0, " "0, " "0, " "0, " "0, " "0, " "1, " "1, " "1, " "1, " "1, " "1, " "1, " "0, " "1, " "1, " "1, " "1, " "1, " "1, " "1, " "0, " "0, " "0, " "0, " "0, " "0, " "0, " "0, " "0, " "0, " "0, " "0, " "0, " "0, " "0, " "0, " "0, " "0, " "0, " "0, " "0, " "0, " "0, " "0, " "0, " "0, " "0, " "0, " "0, " "0, " "0, " "0, " "0, " "0, " "0, " "0, " "0, " "0, " "0, " "0, " "0, " "0, " "0, " "0, " "0, " "0, " "0, " "0, " "0, " "0, " "0, " "0, " "0, " "0, " "0, " "0, " "0, " "0, " "0, " "0, " "0, " "0, " "0, " "0, " "0, " "0, " "0, " "0, " "0, " "0, " "0, " "0, " "0, " "0, " "0, " "0, " "0, " "0, " "0, " "0, " "0, " "0, " "0, " "0, " "0, " "0, " "0, " "0, " "0, " "0, " "0, " "0, " "0, " "0, " "0, " "0, " "0, " "0, " "0, " "0, " "0, " "0, " "0, " "0, " "0, " "0, " "0, " "0, " "0, " "0, " "0, " "0, " "0, " "0, " "0, " "0, " "0, " "0, " "0, " "0, " "0, " "0, " "0, " "0, " "0, " "0, " "0, " "0, " "0, " "0, " "0, " "0, " "0, " "0, " "0, " "0, " "0, " "0, " "0, " "0, " "0, " "0, " "0, " "0, " "0, " "0, " "0, " "0, " "0, " "0, " "0, " "0, " "0, " "0, " "0, " "0, " "0, " "0, " "0, " "0, " "0, " "0, " "0, " "0, " "0, " "0, " "0, " "0, " "0, " "0, " "0, " "0, " "0, " "0, " "0, " "0, " "0, " "0, " "0, " "0, " "0, " "0, " "0, " "0, " "0, " "0, " "0, " "0, " "0, " "0, " "0, " "0, " "0, " "0, " "0, " "0, " "0, " "0, " "0, " "0, " "0, " "0, " "0, " "0, " "0, " "0, " "0, " "0, " "0, " "0, " "0, " "0, " "0, "0
 "Nei37, 0.189, " "0.945, " "0.729, " "0.187, " "-0.401, " "-0.343, " "-0.173, " "-0.433, " "-0.741, " "0, " "0, " "0, " "0, " "0, " "0, " "0, " "0, " "0, " "0, " "0, " "0, " "0, " "0, " "0, " "0, " "0, " "0, " "0, " "0, " "0, " "0, " "0, " "0, " "0, " "0, " "0, " "0, " "0, " "0, " "1, " "1, " "1, " "1, " "1, " "1, " "1, " "0, " "1, " "1, " "1, " "1, " "1, " "1, " "1, " "0, " "0, " "0, " "0, " "0, " "0, " "0, " "0, " "0, " "0, " "0, " "0, " "0, " "0, " "0, " "0, " "0, " "0, " "0, " "0, " "0, " "0, " "0, " "0, " "0, " "0, " "0, " "0, " "0, " "0, " "0, " "0, " "0, " "0, " "0, " "0, " "0, " "0, " "0, " "0, " "0, " "0, " "0, " "0, " "0, " "0, " "0, " "0, " "0, " "0, " "0, " "0, " "0, " "0, " "0, " "0, " "0, " "0, " "0, " "0, " "0, " "0, " "0, " "0, " "0, " "0, " "0, " "0, " "0, " "0, " "0, " "0, " "0, " "0, " "0, " "0, " "0, " "0, " "0, " "0, " "0, " "0, " "0, " "0, " "0, " "0, " "0, " "0, " "0, " "0, " "0, " "0, " "0, " "0, " "0, " "0, " "0, " "0, " "0, " "0, " "0, " "0, " "0, " "0, " "0, " "0, " "0, " "0, " "0, " "0, " "0, " "0, " "0, " "0, " "0, " "0, " "0, " "0, " "0, " "0, " "0, " "0, " "0, " "0, " "0, " "0, " "0, " "0, " "0, " "0, " "0, " "0, " "0, " "0, " "0, " "0, " "0, " "0, " "0, " "0, " "0, " "0, " "0, " "0, " "0, " "0, " "0, " "0, " "0, " "0, " "0, " "0, " "0, " "0, " "0, " "0, " "0, " "0, " "0, " "0, " "0, " "0, " "0, " "0, " "0, " "0, " "0, " "0, " "0, " "0, " "0, " "0, " "0, " "0, " "0, " "0, " "0, " "0, " "0, " "0, " "0, " "0, " "0, " "0, " "0, " "0, " "0, " "0, " "0, " "0, " "0, " "0, " "0, " "0, " "0, " "0, " "0, " "0, " "0, " "0, " "0, " "0, " "0, " "0, " "0, " "0, " "0, " "0, " "0, " "0, " "0, " "0, "0
 "Nei38, 0.032, " "-0.273, " "0.756, " "0.606, " "0.017, " "0.362, " "-0.842, " "0.325, " "-0.948, " "0, " "0, " "0, " "0, " "0, " "0, " "0, " "0, " "0, " "0, " "0, " "0, " "0, " "0, " "0, " "0, " "0, " "0, " "0, " "0, " "0, " "0, " "0, " "0, " "0, " "0, " "0, " "0, " "0, " "0, " "0, " "1, " "1, " "1, " "1, " "1, " "1, " "1, " "0, " "1, " "1, " "1, " "1, " "1, " "1, " "1, " "0, " "0, " "0, " "0, " "0, " "0, " "0, " "0, " "0, " "0, " "0, " "0, " "0, " "0, " "0, " "0, " "0, " "0, " "0, " "0, " "0, " "0, " "0, " "0, " "0, " "0, " "0, " "0, " "0, " "0, " "0, " "0, " "0, " "0, " "0, " "0, " "0, " "0, " "0, " "0, " "0, " "0, " "0, " "0, " "0, " "0, " "0, " "0, " "0, " "0, " "0, " "0, " "0, " "0, " "0, " "0, " "0, " "0, " "0, " "0, " "0, " "0, " "0, " "0, " "0, " "0, " "0, " "0, " "0, " "0, " "0, " "0, " "0, " "0, " "0, " "0, " "0, " "0, " "0, " "0, " "0, " "0, " "0, " "0, " "0, " "0, " "0, " "0, " "0, " "0, " "0, " "0, " "0, " "0, " "0, " "0, " "0, " "0, " "0, " "0, " "0, " "0, " "0, " "0, " "0, " "0, " "0, " "0, " "0, " "0, " "0, " "0, " "0, " "0, " "0, " "0, " "0, " "0, " "0, " "0, " "0, " "0, " "0, " "0, " "0, " "0, " "0, " "0, " "0, " "0, " "0, " "0, " "0, " "0, " "0, " "0, " "0, " "0, " "0, " "0, " "0, " "0, " "0, " "0, " "0, " "0, " "0, " "0, " "0, " "0, " "0, " "0, " "0, " "0, " "0, " "0, " "0, " "0, " "0, " "0, " "0, " "0, " "0, " "0, " "0, " "0, " "0, " "0, " "0, " "0, " "0, " "0, " "0, " "0, " "0, " "0, " "0, " "0, " "0, " "0, " "0, " "0, " "0, " "0, " "0, " "0, " "0, " "0, " "0, " "0, " "0, " "0, " "0, " "0, " "0, " "0, " "0, " "0, " "0, " "0, " "0, " "0, " "0, " "0, " "0, " "0, " "0, " "0, " "0, " "0, " "0, "0
 "Nei39, 0.123, " "-0.957, " "-0.973, " "-0.748, " "0.3, " "-0.278, " "-0.844, " "-0.466, " "0.366, " "0, " "0, " "0, " "0, " "0, " "0, " "0, " "0, " "0, " "0, " "0, " "0, " "0, " "0, " "0, " "0, " "0, " "0, " "0, " "0, " "0, " "0, " "0, " "0, " "0, " "0, " "0, " "0, " "0, " "0, " "0, " "0, " "1, " "1, " "1, " "1, " "1, " "1, " "1, " "0, " "1, " "1, " "1, " "1, " "1, " "1, " "1, " "0, " "0, " "0, " "0, " "0, " "0, " "0, " "0, " "0, " "0, " "0, " "0, " "0, " "0, " "0, " "0, " "0, " "0, " "0, " "0, " "0, " "0, " "0, " "0, " "0, " "0, " "0, " "0, " "0, " "0, " "0, " "0, " "0, " "0, " "0, " "0, " "0, " "0, " "0, " "0, " "0, " "0, " "0, " "0, " "0, " "0, " "0, " "0, " "0, " "0, " "0, " "0, " "0, " "0, " "0, " "0, " "0, " "0, " "0, " "0, " "0, " "0, " "0, " "0, " "0, " "0, " "0, " "0, " "0, " "0, " "0, " "0, " "0, " "0, " "0, " "0, " "0, " "0, " "0, " "0, " "0, " "0, " "0, " "0, " "0, " "0, " "0, " "0, " "0, " "0, " "0, " "0, " "0, " "0, " "0, " "0, " "0, " "0, " "0, " "0, " "0, " "0, " "0, " "0, " "0, " "0, " "0, " "0, " "0, " "0, " "0, " "0, " "0, " "0, " "0, " "0, " "0, " "0, " "0, " "0, " "0, " "0, " "0, " "0, " "0, " "0, " "0, " "0, " "0, " "0, " "0, " "0, " "0, " "0, " "0, " "0, " "0, " "0, " "0, " "0, " "0, " "0, " "0, " "0, " "0, " "0, " "0, " "0, " "0, " "0, " "0, " "0, " "0, " "0, " "0, " "0, " "0, " "0, " "0, " "0, " "0, " "0, " "0, " "0, " "0, " "0, " "0, " "0, " "0, " "0, " "0, " "0, " "0, " "0, " "0, " "0, " "0, " "0, " "0, " "0, " "0, " "0, " "0, " "0, " "0, " "0, " "0, " "0, " "0, " "0, " "0, " "0, " "0, " "0, " "0, " "0, " "0, " "0, " "0, " "0, " "0, " "0, " "0, " "0, " "0, " "0, " "0, " "0, " "0, " "0, "0
 "Nei40, 0.355, " "-0.509, " "-0.701, " "-0.583, " "-0.454, " "0.647, " "-0.626, " "-0.91, " "-0.959, " "0, " "0, " "0, " "0, " "0, " "0, " "0, " "0, " "0, " "0, " "0, " "0, " "0, " "0, " "0, " "0, " "0, " "0, " "0, " "0, " "0, " "0, " "0, " "0, " "0, " "0, " "0, " "0, " "0, " "0, " "0, " "0, " "0, " "1, " "1, " "1, " "1, " "1, " "1, " "1, " "0, " "1, " "1, " "1, " "1, " "1, " "1, " "1, " "0, " "0, " "0, " "0, " "0, " "0, " "0, " "0, " "0, " "0, " "0, " "0, " "0, " "0, " "0, " "0, " "0, " "0, " "0, " "0, " "0, " "0, " "0, " "0, " "0, " "0, " "0, " "0, " "0, " "0, " "0, " "0, " "0, " "0, " "0, " "0, " "0, " "0, " "0, " "0, " "0, " "0, " "0, " "0, " "0, " "0, " "0, " "0, " "0, " "0, " "0, " "0, " "0, " "0, " "0, " "0, " "0, " "0, " "0, " "0, " "0, " "0, " "0, " "0, " "0, " "0, " "0, " "0, " "0, " "0, " "0, " "0, " "0, " "0, " "0, " "0, " "0, " "0, " "0, " "0, " "0, " "0, " "0, " "0, " "0, " "0, " "0, " "0, " "0, " "0, " "0, " "0, " "0, " "0, " "0, " "0, " "0, " "0, " "0, " "0, " "0, " "0, " "0, " "0, " "0, " "0, " "0, " "0, " "0, " "0, " "0, " "0, " "0, " "0, " "0, " "0, " "0, " "0, " "0, " "0, " "0, " "0, " "0, " "0, " "0, " "0, " "0, " "0, " "0, " "0, " "0, " "0, " "0, " "0, " "0, " "0, " "0, " "0, " "0, " "0, " "0, " "0, " "0, " "0, " "0, " "0, " "0, " "0, " "0, " "0, " "0, " "0, " "0, " "0, " "0, " "0, " "0, " "0, " "0, " "0, " "0, " "0, " "0, " "0, " "0, " "0, " "0, " "0, " "0, " "0, " "0, " "0, " "0, " "0, " "0, " "0, " "0, " "0, " "0, " "0, " "0, " "0, " "0, " "0, " "0, " "0, " "0, " "0, " "0, " "0, " "0, " "0, " "0, " "0, " "0, " "0, " "0, " "0, " "0, " "0, " "0, " "0, " "0, " "0, " "0, " "0, " "0, " "0, " "0, "0
 "Nei41, 0.159, " "0.17, " "0.002, " "-0.243, " "0.854, " "0.295, " "0.062, " "0.211, " "0.045, " "0, " "0, " "0, " "0, " "0, " "0, " "0, " "0, " "0, " "0, " "0, " "0, " "0, " "0, " "0, " "0, " "0, " "0, " "0, " "0, " "0, " "0, " "0, " "0, " "0, " "0, " "0, " "0, " "0, " "0, " "0, " "0, " "0, " "0, " "1, " "1, " "1, " "1, " "1, " "1, " "1, " "0, " "1, " "1, " "1, " "1, " "1, " "1, " "1, " "0, " "0, " "0, " "0, " "0, " "0, " "0, " "0, " "0, " "0, " "0, " "0, " "0, " "0, " "0, " "0, " "0, " "0, " "0, " "0, " "0, " "0, " "0, " "0, " "0, " "0, " "0, " "0, " "0, " "0, " "0, " "0, " "0, " "0, " "0, " "0, " "0, " "0, " "0, " "0, " "0, " "0, " "0, " "0, " "0, " "0, " "0, " "0, " "0, " "0, " "0, " "0, " "0, " "0, " "0, " "0, " "0, " "0, " "0, " "0, " "0, " "0, " "0, " "0, " "0, " "0, " "0, " "0, " "0, " "0, " "0, " "0, " "0, " "0, " "0, " "0, " "0, " "0, " "0, " "0, " "0, " "0, " "0, " "0, " "0, " "0, " "0, " "0, " "0, " "0, " "0, " "0, " "0, " "0, " "0, " "0, " "0, " "0, " "0, " "0, " "0, " "0, " "0, " "0, " "0, " "0, " "0, " "0, " "0, " "0, " "0, " "0, " "0, " "0, " "0, " "0, " "0, " "0, " "0, " "0, " "0, " "0, " "0, " "0, " "0, " "0, " "0, " "0, " "0, " "0, " "0, " "0, " "0, " "0, " "0, " "0, " "0, " "0, " "0, " "0, " "0, " "0, " "0, " "0, " "0, " "0, " "0, " "0, " "0, " "0, " "0, " "0, " "0, " "0, " "0, " "0, " "0, " "0, " "0, " "0, " "0, " "0, " "0, " "0, " "0, " "0, " "0, " "0, " "0, " "0, " "0, " "0, " "0, " "0, " "0, " "0, " "0, " "0, " "0, " "0, " "0, " "0, " "0, " "0, " "0, " "0, " "0, " "0, " "0, " "0, " "0, " "0, " "0, " "0, " "0, " "0, " "0, " "0, " "0, " "0, " "0, " "0, " "0, " "0, " "0, " "0, " "0, " "0, "0
 "Nei42, 0.443, " "0.543, " "0.354, " "0.818, " "0.161, " "0.678, " "-0.268, " "0.715, " "0.546, " "0, " "0, " "0, " "0, " "0, " "0, " "0, " "0, " "0, " "0, " "0, " "0, " "0, " "0, " "0, " "0, " "0, " "0, " "0, " "0, " "0, " "0, " "0, " "0, " "0, " "0, " "0, " "0, " "0, " "0, " "0, " "0, " "0, " "0, " "0, " "1, " "1, " "1, " "1, " "1, " "1, " "1, " "0, " "1, " "1, " "1, " "1, " "1, " "1, " "1, " "0, " "0, " "0, " "0, " "0, " "0, " "0, " "0, " "0, " "0, " "0, " "0, " "0, " "0, " "0, " "0, " "0, " "0, " "0, " "0, " "0, " "0, " "0, " "0, " "0, " "0, " "0, " "0, " "0, " "0, " "0, " "0, " "0, " "0, " "0, " "0, " "0, " "0, " "0, " "0, " "0, " "0, " "0, " "0, " "0, " "0, " "0, " "0, " "0, " "0, " "0, " "0, " "0, " "0, " "0, " "0, " "0, " "0, " "0, " "0, " "0, " "0, " "0, " "0, " "0, " "0, " "0, " "0, " "0, " "0, " "0, " "0, " "0, " "0, " "0, " "0, " "0, " "0, " "0, " "0, " "0, " "0, " "0, " "0, " "0, " "0, " "0, " "0, " "0, " "0, " "0, " "0, " "0, " "0, " "0, " "0, " "0, " "0, " "0, " "0, " "0, " "0, " "0, " "0, " "0, " "0, " "0, " "0, " "0, " "0, " "0, " "0, " "0, " "0, " "0, " "0, " "0, " "0, " "0, " "0, " "0, " "0, " "0, " "0, " "0, " "0, " "0, " "0, " "0, " "0, " "0, " "0, " "0, " "0, " "0, " "0, " "0, " "0, " "0, " "0, " "0, " "0, " "0, " "0, " "0, " "0, " "0, " "0, " "0, " "0, " "0, " "0, " "0, " "0, " "0, " "0, " "0, " "0, " "0, " "0, " "0, " "0, " "0, " "0, " "0, " "0, " "0, " "0, " "0, " "0, " "0, " "0, " "0, " "0, " "0, " "0, " "0, " "0, " "0, " "0, " "0, " "0, " "0, " "0, " "0, " "0, " "0, " "0, " "0, " "0, " "0, " "0, " "0, " "0, " "0, " "0, " "0, " "0, " "0, " "0, " "0, " "0, " "0, " "0, " "0, " "0, " "0, "0
 "Nei43, 0.361, " "-0.46, " "0.044, " "0.36, " "-0.291, " "0.452, " "-0.498, " "-0.885, " "-0.998, " "0, " "0, " "0, " "0, " "0, " "0, " "0, " "0, " "0, " "0, " "0, " "0, " "0, " "0, " "0, " "0, " "0, " "0, " "0, " "0, " "0, " "0, " "0, " "0, " "0, " "0, " "0, " "0, " "0, " "0, " "0, " "0, " "0, " "0, " "0, " "0, " "1, " "1, " "1, " "1, " "1, " "1, " "1, " "0, " "1, " "1, " "1, " "1, " "1, " "1, " "1, " "0, " "0, " "0, " "0, " "0, " "0, " "0, " "0, " "0, " "0, " "0, " "0, " "0, " "0, " "0, " "0, " "0, " "0, " "0, " "0, " "0, " "0, " "0, " "0, " "0, " "0, " "0, " "0, " "0, " "0, " "0, " "0, " "0, " "0, " "0, " "0, " "0, " "0, " "0, " "0, " "0, " "0, " "0, " "0, " "0, " "0, " "0, " "0, " "0, " "0, " "0, " "0, " "0, " "0, " "0, " "0, " "0, " "0, " "0, " "0, " "0, " "0, " "0, " "0, " "0, " "0, " "0, " "0, " "0, " "0, " "0, " "0, " "0, " "0, " "0, " "0, " "0, " "0, " "0, " "0, " "0, " "0, " "0, " "0, " "0, " "0, " "0, " "0, " "0, " "0, " "0, " "0, " "0, " "0, " "0, " "0, " "0, " "0, " "0, " "0, " "0, " "0, " "0, " "0, " "0, " "0, " "0, " "0, " "0, " "0, " "0, " "0, " "0, " "0, " "0, " "0, " "0, " "0, " "0, " "0, " "0, " "0, " "0, " "0, " "0, " "0, " "0, " "0, " "0, " "0, " "0, " "0, " "0, " "0, " "0, " "0, " "0, " "0, " "0, " "0, " "0, " "0, " "0, " "0, " "0, " "0, " "0, " "0, " "0, " "0, " "0, " "0, " "0, " "0, " "0, " "0, " "0, " "0, " "0, " "0, " "0, " "0, " "0, " "0, " "0, " "0, " "0, " "0, " "0, " "0, " "0, " "0, " "0, " "0, " "0, " "0, " "0, " "0, " "0, " "0, " "0, " "0, " "0, " "0, " "0, " "0, " "0, " "0, " "0, " "0, " "0, " "0, " "0, " "0, " "0, " "0, " "0, " "0, " "0, " "0, " "0, " "0, " "0, " "0, " "0, " "0, "0
 "Nei44, 0.311, " "0.708, " "-0.818, " "0.037, " "-0.819, " "-0.37, " "0.971, " "0.627, " "-0.232, " "0, " "0, " "0, " "0, " "0, " "0, " "0, " "0, " "0, " "0, " "0, " "0, " "0, " "0, " "0, " "0, " "0, " "0, " "0, " "0, " "0, " "0, " "0, " "0, " "0, " "0, " "0, " "0, " "0, " "0, " "0, " "0, " "0, " "0, " "0, " "0, " "0, " "1, " "1, " "1, " "1, " "1, " "1, " "1, " "0, " "1, " "1, " "1, " "1, " "1, " "1, " "1, " "0, " "0, " "0, " "0, " "0, " "0, " "0, " "0, " "0, " "0, " "0, " "0, " "0, " "0, " "0, " "0, " "0, " "0, " "0, " "0, " "0, " "0, " "0, " "0, " "0, " "0, " "0, " "0, " "0, " "0, " "0, " "0, " "0, " "0, " "0, " "0, " "0, " "0, " "0, " "0, " "0, " "0, " "0, " "0, " "0, " "0, " "0, " "0, " "0, " "0, " "0, " "0, " "0, " "0, " "0, " "0, " "0, " "0, " "0, " "0, " "0, " "0, " "0, " "0, " "0, " "0, " "0, " "0, " "0, " "0, " "0, " "0, " "0, " "0, " "0, " "0, " "0, " "0, " "0, " "0, " "0, " "0, " "0, " "0, " "0, " "0, " "0, " "0, " "0, " "0, " "0, " "0, " "0, " "0, " "0, " "0, " "0, " "0, " "0, " "0, " "0, " "0, " "0, " "0, " "0, " "0, " "0, " "0, " "0, " "0, " "0, " "0, " "0, " "0, " "0, " "0, " "0, " "0, " "0, " "0, " "0, " "0, " "0, " "0, " "0, " "0, " "0, " "0, " "0, " "0, " "0, " "0, " "0, " "0, " "0, " "0, " "0, " "0, " "0, " "0, " "0, " "0, " "0, " "0, " "0, " "0, " "0, " "0, " "0, " "0, " "0, " "0, " "0, " "0, " "0, " "0, " "0, " "0, " "0, " "0, " "0, " "0, " "0, " "0, " "0, " "0, " "0, " "0, " "0, " "0, " "0, " "0, " "0, " "0, " "0, " "0, " "0, " "0, " "0, " "0, " "0, " "0, " "0, " "0, " "0, " "0, " "0, " "0, " "0, " "0, " "0, " "0, " "0, " "0, " "0, " "0, " "0, " "0, " "0, " "0, " "0, " "0, " "0, " "0, " "0, "0
 "Nei45, 0.109, " "0.841, " "-0.546, " "0.142, " "-0.659, " "0.546, " "0.054, " "-0.08, " "-0.609, " "0, " "0, " "0, " "0, " "0, " "0, " "0, " "0, " "0, " "0, " "0, " "0, " "0, " "0, " "0, " "0, " "0, " "0, " "0, " "0, " "0, " "0, " "0, " "0, " "0, " "0, " "0, " "0, " "0, " "0, " "0, " "0, " "0, " "0, " "0, " "0, " "0, " "0, " "1, " "1, " "1, " "1, " "1, " "1, " "1, " "0, " "1, " "1, " "1, " "1, " "1, " "1, " "1, " "0, " "0, " "0, " "0, " "0, " "0, " "0, " "0, " "0, " "0, " "0, " "0, " "0, " "0, " "0, " "0, " "0, " "0, " "0, " "0, " "0, " "0, " "0, " "0, " "0, " "0, " "0, " "0, " "0, " "0, " "0, " "0, " "0, " "0, " "0, " "0, " "0, " "0, " "0, " "0, " "0, " "0, " "0, " "0, " "0, " "0, " "0, " "0, " "0, " "0, " "0, " "0, " "0, " "0, " "0, " "0, " "0, " "0, " "0, " "0, " "0, " "0, " "0, " "0, " "0, " "0, " "0, " "0, " "0, " "0, " "0, " "0, " "0, " "0, " "0, " "0, " "0, " "0, " "0, " "0, " "0, " "0, " "0, " "0, " "0, " "0, " "0, " "0, " "0, " "0, " "0, " "0, " "0, " "0, " "0, " "0, " "0, " "0, " "0, " "0, " "0, " "0, " "0, " "0, " "0, " "0, " "0, " "0, " "0, " "0, " "0, " "0, " "0, " "0, " "0, " "0, " "0, " "0, " "0, " "0, " "0, " "0, " "0, " "0, " "0, " "0, " "0, " "0, " "0, " "0, " "0, " "0, " "0, " "0, " "0, " "0, " "0, " "0, " "0, " "0, " "0, " "0, " "0, " "0, " "0, " "0, " "0, " "0, " "0, " "0, " "0, " "0, " "0, " "0, " "0, " "0, " "0, " "0, " "0, " "0, " "0, " "0, " "0, " "0, " "0, " "0, " "0, " "0, " "0, " "0, " "0, " "0, " "0, " "0, " "0, " "0, " "0, " "0, " "0, " "0, " "0, " "0, " "0, " "0, " "0, " "0, " "0, " "0, " "0, " "0, " "0, " "0, " "0, " "0, " "0, " "0, " "0, " "0, " "0, " "0, " "0, " "0, " "0, " "0, "0
 "Nei46, 0.237, " "-0.665, " "-0.655, " "0.319, " "-0.304, " "-0.42, " "0.122, " "0.382, " "0.453, " "0, " "0, " "0, " "0, " "0, " "0, " "0, " "0, " "0, " "0, " "0, " "0, " "0, " "0, " "0, " "0, " "0, " "0, " "0, " "0, " "0, " "0, " "0, " "0, " "0, " "0, " "0, " "0, " "0, " "0, " "0, " "0, " "0, " "0, " "0, " "0, " "0, " "0, " "0, " "1, " "1, " "1, " "1, " "1, " "1, " "1, " "0, " "1, " "1, " "1, " "1, " "1, " "1, " "1, " "0, " "0, " "0, " "0, " "0, " "0, " "0, " "0, " "0, " "0, " "0, " "0, " "0, " "0, " "0, " "0, " "0, " "0, " "0, " "0, " "0, " "0, " "0, " "0, " "0, " "0, " "0, " "0, " "0, " "0, " "0, " "0, " "0, " "0, " "0, " "0, " "0, " "0, " "0, " "0, " "0, " "0, " "0, " "0, " "0, " "0, " "0, " "0, " "0, " "0, " "0, " "0, " "0, " "0, " "0, " "0, " "0, " "0, " "0, " "0, " "0, " "0, " "0, " "0, " "0, " "0, " "0, " "0, " "0, " "0, " "0, " "0, " "0, " "0, " "0, " "0, " "0, " "0, " "0, " "0, " "0, " "0, " "0, " "0, " "0, " "0, " "0, " "0, " "0, " "0, " "0, " "0, " "0, " "0, " "0, " "0, " "0, " "0, " "0, " "0, " "0, " "0, " "0, " "0, " "0, " "0, " "0, " "0, " "0, " "0, " "0, " "0, " "0, " "0, " "0, " "0, " "0, " "0, " "0, " "0, " "0, " "0, " "0, " "0, " "0, " "0, " "0, " "0, " "0, " "0, " "0, " "0, " "0, " "0, " "0, " "0, " "0, " "0, " "0, " "0, " "0, " "0, " "0, " "0, " "0, " "0, " "0, " "0, " "0, " "0, " "0, " "0, " "0, " "0, " "0, " "0, " "0, " "0, " "0, " "0, " "0, " "0, " "0, " "0, " "0, " "0, " "0, " "0, " "0, " "0, " "0, " "0, " "0, " "0, " "0, " "0, " "0, " "0, " "0, " "0, " "0, " "0, " "0, " "0, " "0, " "0, " "0, " "0, " "0, " "0, " "0, " "0, " "0, " "0, " "0, " "0, " "0, " "0, " "0, " "0, " "0, " "0, " "0, "0
 "Nei47, 0.179, " "0.925, " "-0.921, " "-0.804, " "-0.571, " "-0.211, " "-0.162, " "0.379, " "-0.958, " "0, " "0, " "0, " "0, " "0, " "0, " "0, " "0, " "0, " "0, " "0, " "0, " "0, " "0, " "0, " "0, " "0, " "0, " "0, " "0, " "0, " "0, " "0, " "0, " "0, " "0, " "0, " "0, " "0, " "0, " "0, " "0, " "0, " "0, " "0, " "0, " "0, " "0, " "0, " "0, " "1, " "1, " "1, " "1, " "1, " "1, " "1, " "0, " "1, " "1, " "1, " "1, " "1, " "1, " "1, " "0, " "0, " "0, " "0, " "0, " "0, " "0, " "0, " "0, " "0, " "0, " "0, " "0, " "0, " "0, " "0, " "0, " "0, " "0, " "0, " "0, " "0, " "0, " "0, " "0, " "0, " "0, " "0, " "0, " "0, " "0, " "0, " "0, " "0, " "0, " "0, " "0, " "0, " "0, " "0, " "0, " "0, " "0, " "0, " "0, " "0, " "0, " "0, " "0, " "0, " "0, " "0, " "0, " "0, " "0, " "0, " "0, " "0, " "0, " "0, " "0, " "0, " "0, " "0, " "0, " "0, " "0, " "0, " "0, " "0, " "0, " "0, " "0, " "0, " "0, " "0, " "0, " "0, " "0, " "0, " "0, " "0, " "0, " "0, " "0, " "0, " "0, " "0, " "0, " "0, " "0, " "0, " "0, " "0, " "0, " "0, " "0, " "0, " "0, " "0, " "0, " "0, " "0, " "0, " "0, " "0, " "0, " "0, " "0, " "0, " "0, " "0, " "0, " "0, " "0, " "0, " "0, " "0, " "0, " "0, " "0, " "0, " "0, " "0, " "0, " "0, " "0, " "0, " "0, " "0, " "0, " "0, " "0, " "0, " "0, " "0, " "0, " "0, " "0, " "0, " "0, " "0, " "0, " "0, " "0, " "0, " "0, " "0, " "0, " "0, " "0, " "0, " "0, " "0, " "0, " "0, " "0, " "0, " "0, " "0, " "0, " "0, " "0, " "0, " "0, " "0, " "0, " "0, " "0, " "0, " "0, " "0, " "0, " "0, " "0, " "0, " "0, " "0, " "0, " "0, " "0, " "0, " "0, " "0, " "0, " "0, " "0, " "0, " "0, " "0, " "0, " "0, " "0, " "0, " "0, " "0, " "0, " "0, " "0, " "0, " "0, " "0, "0
 "Nei48, 0.286, " "0.759, " "-0.463, " "0.518, " "0.997, " "0.628, " "0.542, " "-0.44, " "0.155, " "0, " "0, " "0, " "0, " "0, " "0, " "0, " "0, " "0, " "0, " "0, " "0, " "0, " "0, " "0, " "0, " "0, " "0, " "0, " "0, " "0, " "0, " "0, " "0, " "0, " "0, " "0, " "0, " "0, " "0, " "0, " "0, " "0, " "0, " "0, " "0, " "0, " "0, " "0, " "0, " "0, " "1, " "1, " "1, " "1, " "1, " "1, " "1, " "0, " "1, " "1, " "1, " "1, " "1, " "1, " "1, " "0, " "0, " "0, " "0, " "0, " "0, " "0, " "0, " "0, " "0, " "0, " "0, " "0, " "0, " "0, " "0, " "0, " "0, " "0, " "0, " "0, " "0, " "0, " "0, " "0, " "0, " "0, " "0, " "0, " "0, " "0, " "0, " "0, " "0, " "0, " "0, " "0, " "0, " "0, " "0, " "0, " "0, " "0, " "0, " "0, " "0, " "0, " "0, " "0, " "0, " "0, " "0, " "0, " "0, " "0, " "0, " "0, " "0, " "0, " "0, " "0, " "0, " "0, " "0, " "0, " "0, " "0, " "0, " "0, " "0, " "0, " "0, " "0, " "0, " "0, " "0, " "0, " "0, " "0, " "0, " "0, " "0, " "0, " "0, " "0, " "0, " "0, " "0, " "0, " "0, " "0, " "0, " "0, " "0, " "0, " "0, " "0, " "0, " "0, " "0, " "0, " "0, " "0, " "0, " "0, " "0, " "0, " "0, " "0, " "0, " "0, " "0, " "0, " "0, " "0, " "0, " "0, " "0, " "0, " "0, " "0, " "0, " "0, " "0, " "0, " "0, " "0, " "0, " "0, " "0, " "0, " "0, " "0, " "0, " "0, " "0, " "0, " "0, " "0, " "0, " "0, " "0, " "0, " "0, " "0, " "0, " "0, " "0, " "0, " "0, " "0, " "0, " "0, " "0, " "0, " "0, " "0, " "0, " "0, " "0, " "0, " "0, " "0, " "0, " "0, " "0, " "0, " "0, " "0, " "0, " "0, " "0, " "0, " "0, " "0, " "0, " "0, " "0, " "0, " "0, " "0, " "0, " "0, " "0, " "0, " "0, " "0, " "0, " "0, " "0, " "0, " "0, " "0, " "0, " "0, " "0, " "0, " "0, " "0, " "0, " "0, "0
 "Nei49, 0.113, " "-0.737, " "0.262, " "0.263, " "0.552, " "0.472, " "-0.14, " "0.672, " "-0.825, " "0, " "0, " "0, " "0, " "0, " "0, " "0, " "0, " "0, " "0, " "0, " "0, " "0, " "0, " "0, " "0, " "0, " "0, " "0, " "0, " "0, " "0, " "0, " "0, " "0, " "0, " "0, " "0, " "0, " "0, " "0, " "0, " "0, " "0, " "0, " "0, " "0, " "0, " "0, " "0, " "0, " "0, " "1, " "1, " "1, " "1, " "1, " "1, " "1, " "0, " "1, " "1, " "1, " "1, " "1, " "1, " "1, " "0, " "0, " "0, " "0, " "0, " "0, " "0, " "0, " "0, " "0, " "0, " "0, " "0, " "0, " "0, " "0, " "0, " "0, " "0, " "0, " "0, " "0, " "0, " "0, " "0, " "0, " "0, " "0, " "0, " "0, " "0, " "0, " "0, " "0, " "0, " "0, " "0, " "0, " "0, " "0, " "0, " "0, " "0, " "0, " "0, " "0, " "0, " "0, " "0, " "0, " "0, " "0, " "0, " "0, " "0, " "0, " "0, " "0, " "0, " "0, " "0, " "0, " "0, " "0, " "0, " "0, " "0, " "0, " "0, " "0, " "0, " "0, " "0, " "0, " "0, " "0, " "0, " "0, " "0, " "0, " "0, " "0, " "0, " "0, " "0, " "0, " "0, " "0, " "0, " "0, " "0, " "0, " "0, " "0, " "0, " "0, " "0, " "0, " "0, " "0, " "0, " "0, " "0, " "0, " "0, " "0, " "0, " "0, " "0, " "0, " "0, " "0, " "0, " "0, " "0, " "0, " "0, " "0, " "0, " "0, " "0, " "0, " "0, " "0, " "0, " "0, " "0, " "0, " "0, " "0, " "0, " "0, " "0, " "0, " "0, " "0, " "0, " "0, " "0, " "0, " "0, " "0, " "0, " "0, " "0, " "0, " "0, " "0, " "0, " "0, " "0, " "0, " "0, " "0, " "0, " "0, " "0, " "0, " "0, " "0, " "0, " "0, " "0, " "0, " "0, " "0, " "0, " "0, " "0, " "0, " "0, " "0, " "0, " "0, " "0, " "0, " "0, " "0, " "0, " "0, " "0, " "0, " "0, " "0, " "0, " "0, " "0, " "0, " "0, " "0, " "0, " "0, " "0, " "0, " "0, " "0, " "0, " "0, " "0, " "0, "0
 "Nei50, 0.009, " "-0.381, " "0.039, " "0.111, " "-0.044, " "-0.84, " "0.697, " "0.532, " "0.886, " "0, " "0, " "0, " "0, " "0, " "0, " "0, " "0, " "0, " "0, " "0, " "0, " "0, " "0, " "0, " "0, " "0, " "0, " "0, " "0, " "0, " "0, " "0, " "0, " "0, " "0, " "0, " "0, " "0, " "0, " "0, " "0, " "0, " "0, " "0, " "0, " "0, " "0, " "0, " "0, " "0, " "0, " "0, " "1, " "1, " "1, " "1, " "1, " "1, " "1, " "0, " "1, " "1, " "1, " "1, " "1, " "1, " "1, " "0, " "0, " "0, " "0, " "0, " "0, " "0, " "0, " "0, " "0, " "0, " "0, " "0, " "0, " "0, " "0, " "0, " "0, " "0, " "0, " "0, " "0, " "0, " "0, " "0, " "0, " "0, " "0, " "0, " "0, " "0, " "0, " "0, " "0, " "0, " "0, " "0, " "0, " "0, " "0, " "0, " "0, " "0, " "0, " "0, " "0, " "0, " "0, " "0, " "0, " "0, " "0, " "0, " "0, " "0, " "0, " "0, " "0, " "0, " "0, " "0, " "0, " "0, " "0, " "0, " "0, " "0, " "0, " "0, " "0, " "0, " "0, " "0, " "0, " "0, " "0, " "0, " "0, " "0, " "0, " "0, " "0, " "0, " "0, " "0, " "0, " "0, " "0, " "0, " "0, " "0, " "0, " "0, " "0, " "0, " "0, " "0, " "0, " "0, " "0, " "0, " "0, " "0, " "0, " "0, " "0, " "0, " "0, " "0, " "0, " "0, " "0, " "0, " "0, " "0, " "0, " "0, " "0, " "0, " "0, " "0, " "0, " "0, " "0, " "0, " "0, " "0, " "0, " "0, " "0, " "0, " "0, " "0, " "0, " "0, " "0, " "0, " "0, " "0, " "0, " "0, " "0, " "0, " "0, " "0, " "0, " "0, " "0, " "0, " "0, " "0, " "0, " "0, " "0, " "0, " "0, " "0, " "0, " "0, " "0, " "0, " "0, " "0, " "0, " "0, " "0, " "0, " "0, " "0, " "0, " "0, " "0, " "0, " "0, " "0, " "0, " "0, " "0, " "0, " "0, " "0, " "0, " "0, " "0, " "0, " "0, " "0, " "0, " "0, " "0, " "0, " "0, " "0, " "0, " "0, " "0, " "0, " "0, " "0, "0
 "Nei51, 0.353, " "-0.013, " "-0.717, " "-0.769, " "0.936, " "-0.699, " "-0.676, " "0.017, " "0.439, " "0, " "0, " "0, " "0, " "0, " "0, " "0, " "0, " "0, " "0, " "0, " "0, " "0, " "0, " "0, " "0, " "0, " "0, " "0, " "0, " "0, " "0, " "0, " "0, " "0, " "0, " "0, " "0, " "0, " "0, " "0, " "0, " "0, " "0, " "0, " "0, " "0, " "0, " "0, " "0, " "0, " "0, " "0, " "0, " "1, " "1, " "1, " "1, " "1, " "1, " "1, " "0, " "1, " "1, " "1, " "1, " "1, " "1, " "1, " "0, " "0, " "0, " "0, " "0, " "0, " "0, " "0, " "0, " "0, " "0, " "0, " "0, " "0, " "0, " "0, " "0, " "0, " "0, " "0, " "0, " "0, " "0, " "0, " "0, " "0, " "0, " "0, " "0, " "0, " "0, " "0, " "0, " "0, " "0, " "0, " "0, " "0, " "0, " "0, " "0, " "0, " "0, " "0, " "0, " "0, " "0, " "0, " "0, " "0, " "0, " "0, " "0, " "0, " "0, " "0, " "0, " "0, " "0, " "0, " "0, " "0, " "0, " "0, " "0, " "0, " "0, " "0, " "0, " "0, " "0, " "0, " "0, " "0, " "0, " "0, " "0, " "0, " "0, " "0, " "0, " "0, " "0, " "0, " "0, " "0, " "0, " "0, " "0, " "0, " "0, " "0, " "0, " "0, " "0, " "0, " "0, " "0, " "0, " "0, " "0, " "0, " "0, " "0, " "0, " "0, " "0, " "0, " "0, " "0, " "0, " "0, " "0, " "0, " "0, " "0, " "0, " "0, " "0, " "0, " "0, " "0, " "0, " "0, " "0, " "0, " "0, " "0, " "0, " "0, " "0, " "0, " "0, " "0, " "0, " "0, " "0, " "0, " "0, " "0, " "0, " "0, " "0, " "0, " "0, " "0, " "0, " "0, " "0, " "0, " "0, " "0, " "0, " "0, " "0, " "0, " "0, " "0, " "0, " "0, " "0, " "0, " "0, " "0, " "0, " "0, " "0, " "0, " "0, " "0, " "0, " "0, " "0, " "0, " "0, " "0, " "0, " "0, " "0, " "0, " "0, " "0, " "0, " "0, " "0, " "0, " "0, " "0, " "0, " "0, " "0, " "0, " "0, " "0, " "0, " "0, " "0, " "0, "0
 "Nei52, 0.066, " "0.834, " "0.659, " "0.751, " "0.088, " "0.053, " "0.341, " "-0.394, " "0.806, " "0, " "0, " "0, " "0, " "0, " "0, " "0, " "0, " "0, " "0, " "0, " "0, " "0, " "0, " "0, " "0, " "0, " "0, " "0, " "0, " "0, " "0, " "0, " "0, " "0, " "0, " "0, " "0, " "0, " "0, " "0, " "0, " "0, " "0, " "0, " "0, " "0, " "0, " "0, " "0, " "0, " "0, " "0, " "0, " "0, " "1, " "1, " "1, " "1, " "1, " "1, " "1, " "0, " "1, " "1, " "1, " "1, " "1, " "1, " "1, " "0, " "0, " "0, " "0, " "0, " "0, " "0, " "0, " "0, " "0, " "0, " "0, " "0, " "0, " "0, " "0, " "0, " "0, " "0, " "0, " "0, " "0, " "0, " "0, " "0, " "0, " "0, " "0, " "0, " "0, " "0, " "0, " "0, " "0, " "0, " "0, " "0, " "0, " "0, " "0, " "0, " "0, " "0, " "0, " "0, " "0, " "0, " "0, " "0, " "0, " "0, " "0, " "0, " "0, " "0, " "0, " "0, " "0, " "0, " "0, " "0, " "0, " "0, " "0, " "0, " "0, " "0, " "0, " "0, " "0, " "0, " "0, " "0, " "0, " "0, " "0, " "0, " "0, " "0, " "0, " "0, " "0, " "0, " "0, " "0, " "0, " "0, " "0, " "0, " "0, " "0, " "0, " "0, " "0, " "0, " "0, " "0, " "0, " "0, " "0, " "0, " "0, " "0, " "0, " "0, " "0, " "0, " "0, " "0, " "0, " "0, " "0, " "0, " "0, " "0, " "0, " "0, " "0, " "0, " "0, " "0, " "0, " "0, " "0, " "0, " "0, " "0, " "0, " "0, " "0, " "0, " "0, " "0, " "0, " "0, " "0, " "0, " "0, " "0, " "0, " "0, " "0, " "0, " "0, " "0, " "0, " "0, " "0, " "0, " "0, " "0, " "0, " "0, " "0, " "0, " "0, " "0, " "0, " "0, " "0, " "0, " "0, " "0, " "0, " "0, " "0, " "0, " "0, " "0, " "0, " "0, " "0, " "0, " "0, " "0, " "0, " "0, " "0, " "0, " "0, " "0, " "0, " "0, " "0, " "0, " "0, " "0, " "0, " "0, " "0, " "0, " "0, " "0, " "0, " "0, " "0, " "0, "0
 "Nei53, 0.296, " "0.958, " "-0.268, " "0.269, " "-0.402, " "-0.711, " "-0.644, " "0.695, " "-0.209, " "0, " "0, " "0, " "0, " "0, " "0, " "0, " "0, " "0, " "0, " "0, " "0, " "0, " "0, " "0, " "0, " "0, " "0, " "0, " "0, " "0, " "0, " "0, " "0, " "0, " "0, " "0, " "0, " "0, " "0, " "0, " "0, " "0, " "0, " "0, " "0, " "0, " "0, " "0, " "0, " "0, " "0, " "0, " "0, " "0, " "0, " "1, " "1, " "1, " "1, " "1, " "1, " "1, " "0, " "1, " "1, " "1, " "1, " "1, " "1, " "1, " "0, " "0, " "0, " "0, " "0, " "0, " "0, " "0, " "0, " "0, " "0, " "0, " "0, " "0, " "0, " "0, " "0, " "0, " "0, " "0, " "0, " "0, " "0, " "0, " "0, " "0, " "0, " "0, " "0, " "0, " "0, " "0, " "0, " "0, " "0, " "0, " "0, " "0, " "0, " "0, " "0, " "0, " "0, " "0, " "0, " "0, " "0, " "0, " "0, " "0, " "0, " "0, " "0, " "0, " "0, " "0, " "0, " "0, " "0, " "0, " "0, " "0, " "0, " "0, " "0, " "0, " "0, " "0, " "0, " "0, " "0, " "0, " "0, " "0, " "0, " "0, " "0, " "0, " "0, " "0, " "0, " "0, " "0, " "0, " "0, " "0, " "0, " "0, " "0, " "0, " "0, " "0, " "0, " "0, " "0, " "0, " "0, " "0, " "0, " "0, " "0, " "0, " "0, " "0, " "0, " "0, " "0, " "0, " "0, " "0, " "0, " "0, " "0, " "0, " "0, " "0, " "0, " "0, " "0, " "0, " "0, " "0, " "0, " "0, " "0, " "0, " "0, " "0, " "0, " "0, " "0, " "0, " "0, " "0, " "0, " "0, " "0, " "0, " "0, " "0, " "0, " "0, " "0, " "0, " "0, " "0, " "0, " "0, " "0, " "0, " "0, " "0, " "0, " "0, " "0, " "0, " "0, " "0, " "0, " "0, " "0, " "0, " "0, " "0, " "0, " "0, " "0, " "0, " "0, " "0, " "0, " "0, " "0, " "0, " "0, " "0, " "0, " "0, " "0, " "0, " "0, " "0, " "0, " "0, " "0, " "0, " "0, " "0, " "0, " "0, " "0, " "0, " "0, " "0, " "0, " "0, "0
 "Nei54, 0.515, " "-0.465, " "0.165, " "0.594, " "0.064, " "0.769, " "0.755, " "0.413, " "-0.776, " "0, " "0, " "0, " "0, " "0, " "0, " "0, " "0, " "0, " "0, " "0, " "0, " "0, " "0, " "0, " "0, " "0, " "0, " "0, " "0, " "0, " "0, " "0, " "0, " "0, " "0, " "0, " "0, " "0, " "0, " "0, " "0, " "0, " "0, " "0, " "0, " "0, " "0, " "0, " "0, " "0, " "0, " "0, " "0, " "0, " "0, " "0, " "1, " "1, " "1, " "1, " "1, " "1, " "1, " "0, " "1, " "1, " "1, " "1, " "1, " "1, " "1, " "0, " "0, " "0, " "0, " "0, " "0, " "0, " "0, " "0, " "0, " "0, " "0, " "0, " "0, " "0, " "0, " "0, " "0, " "0, " "0, " "0, " "0, " "0, " "0, " "0, " "0, " "0, " "0, " "0, " "0, " "0, " "0, " "0, " "0, " "0, " "0, " "0, " "0, " "0, " "0, " "0, " "0, " "0, " "0, " "0, " "0, " "0, " "0, " "0, " "0, " "0, " "0, " "0, " "0, " "0, " "0, " "0, " "0, " "0, " "0, " "0, " "0, " "0, " "0, " "0, " "0, " "0, " "0, " "0, " "0, " "0, " "0, " "0, " "0, " "0, " "0, " "0, " "0, " "0, " "0, " "0, " "0, " "0, " "0, " "0, " "0, " "0, " "0, " "0, " "0, " "0, " "0, " "0, " "0, " "0, " "0, " "0, " "0, " "0, " "0, " "0, " "0, " "0, " "0, " "0, " "0, " "0, " "0, " "0, " "0, " "0, " "0, " "0, " "0, " "0, " "0, " "0, " "0, " "0, " "0, " "0, " "0, " "0, " "0, " "0, " "0, " "0, " "0, " "0, " "0, " "0, " "0, " "0, " "0, " "0, " "0, " "0, " "0, " "0, " "0, " "0, " "0, " "0, " "0, " "0, " "0, " "0, " "0, " "0, " "0, " "0, " "0, " "0, " "0, " "0, " "0, " "0, " "0, " "0, " "0, " "0, " "0, " "0, " "0, " "0, " "0, " "0, " "0, " "0, " "0, " "0, " "0, " "0, " "0, " "0, " "0, " "0, " "0, " "0, " "0, " "0, " "0, " "0, " "0, " "0, " "0, " "0, " "0, " "0, " "0, " "0, " "0, " "0, " "0, " "0, "0
 "Nei55, 0.172, " "-0.686, " "0.884, " "-0.06, " "0.411, " "0.906, " "-0.139, " "-0.223, " "0.265, " "0, " "0, " "0, " "0, " "0, " "0, " "0, " "0, " "0, " "0, " "0, " "0, " "0, " "0, " "0, " "0, " "0, " "0, " "0, " "0, " "0, " "0, " "0, " "0, " "0, " "0, " "0, " "0, " "0, " "0, " "0, " "0, " "0, " "0, " "0, " "0, " "0, " "0, " "0, " "0, " "0, " "0, " "0, " "0, " "0, " "0, " "0, " "0, " "1, " "1, " "1, " "1, " "1, " "1, " "1, " "0, " "1, " "1, " "1, " "1, " "1, " "1, " "1, " "0, " "0, " "0, " "0, " "0, " "0, " "0, " "0, " "0, " "0, " "0, " "0, " "0, " "0, " "0, " "0, " "0, " "0, " "0, " "0, " "0, " "0, " "0, " "0, " "0, " "0, " "0, " "0, " "0, " "0, " "0, " "0, " "0, " "0, " "0, " "0, " "0, " "0, " "0, " "0, " "0, " "0, " "0, " "0, " "0, " "0, " "0, " "0, " "0, " "0, " "0, " "0, " "0, " "0, " "0, " "0, " "0, " "0, " "0, " "0, " "0, " "0, " "0, " "0, " "0, " "0, " "0, " "0, " "0, " "0, " "0, " "0, " "0, " "0, " "0, " "0, " "0, " "0, " "0, " "0, " "0, " "0, " "0, " "0, " "0, " "0, " "0, " "0, " "0, " "0, " "0, " "0, " "0, " "0, " "0, " "0, " "0, " "0, " "0, " "0, " "0, " "0, " "0, " "0, " "0, " "0, " "0, " "0, " "0, " "0, " "0, " "0, " "0, " "0, " "0, " "0, " "0, " "0, " "0, " "0, " "0, " "0, " "0, " "0, " "0, " "0, " "0, " "0, " "0, " "0, " "0, " "0, " "0, " "0, " "0, " "0, " "0, " "0, " "0, " "0, " "0, " "0, " "0, " "0, " "0, " "0, " "0, " "0, " "0, " "0, " "0, " "0, " "0, " "0, " "0, " "0, " "0, " "0, " "0, " "0, " "0, " "0, " "0, " "0, " "0, " "0, " "0, " "0, " "0, " "0, " "0, " "0, " "0, " "0, " "0, " "0, " "0, " "0, " "0, " "0, " "0, " "0, " "0, " "0, " "0, " "0, " "0, " "0, " "0, " "0, " "0, " "0, " "0, " "0, "0
 "Nei56, 0.045, " "-0.75, " "0.788, " "0.629, " "-0.635, " "-0.091, " "-0.284, " "0.435, " "-0.382, " "0, " "0, " "0, " "0, " "0, " "0, " "0, " "0, " "0, " "0, " "0, " "0, " "0, " "0, " "0, " "0, " "0, " "0, " "0, " "0, " "0, " "0, " "0, " "0, " "0, " "0, " "0, " "0, " "0, " "0, " "0, " "0, " "0, " "0, " "0, " "0, " "0, " "0, " "0, " "0, " "0, " "0, " "0, " "0, " "0, " "0, " "0, " "0, " "0, " "1, " "1, " "1, " "1, " "1, " "1, " "1, " "0, " "1, " "1, " "1, " "1, " "1, " "1, " "1, " "0, " "0, " "0, " "0, " "0, " "0, " "0, " "0, " "0, " "0, " "0, " "0, " "0, " "0, " "0, " "0, " "0, " "0, " "0, " "0, " "0, " "0, " "0, " "0, " "0, " "0, " "0, " "0, " "0, " "0, " "0, " "0, " "0, " "0, " "0, " "0, " "0, " "0, " "0, " "0, " "0, " "0, " "0, " "0, " "0, " "0, " "0, " "0, " "0, " "0, " "0, " "0, " "0, " "0, " "0, " "0, " "0, " "0, " "0, " "0, " "0, " "0, " "0, " "0, " "0, " "0, " "0, " "0, " "0, " "0, " "0, " "0, " "0, " "0, " "0, " "0, " "0, " "0, " "0, " "0, " "0, " "0, " "0, " "0, " "0, " "0, " "0, " "0, " "0, " "0, " "0, " "0, " "0, " "0, " "0, " "0, " "0, " "0, " "0, " "0, " "0, " "0, " "0, " "0, " "0, " "0, " "0, " "0, " "0, " "0, " "0, " "0, " "0, " "0, " "0, " "0, " "0, " "0, " "0, " "0, " "0, " "0, " "0, " "0, " "0, " "0, " "0, " "0, " "0, " "0, " "0, " "0, " "0, " "0, " "0, " "0, " "0, " "0, " "0, " "0, " "0, " "0, " "0, " "0, " "0, " "0, " "0, " "0, " "0, " "0, " "0, " "0, " "0, " "0, " "0, " "0, " "0, " "0, " "0, " "0, " "0, " "0, " "0, " "0, " "0, " "0, " "0, " "0, " "0, " "0, " "0, " "0, " "0, " "0, " "0, " "0, " "0, " "0, " "0, " "0, " "0, " "0, " "0, " "0, " "0, " "0, " "0, " "0, " "0, " "0, " "0, " "0, " "0, "0
 "Nei57, 0.499, " "-0.991, " "-0.363, " "0.173, " "0.878, " "-0.549, " "-0.493, " "-0.591, " "0.277, " "0, " "0, " "0, " "0, " "0, " "0, " "0, " "0, " "0, " "0, " "0, " "0, " "0, " "0, " "0, " "0, " "0, " "0, " "0, " "0, " "0, " "0, " "0, " "0, " "0, " "0, " "0, " "0, " "0, " "0, " "0, " "0, " "0, " "0, " "0, " "0, " "0, " "0, " "0, " "0, " "0, " "0, " "0, " "0, " "0, " "0, " "0, " "0, " "0, " "0, " "1, " "1, " "1, " "1, " "1, " "1, " "1, " "0, " "1, " "1, " "1, " "1, " "1, " "1, " "1, " "0, " "0, " "0, " "0, " "0, " "0, " "0, " "0, " "0, " "0, " "0, " "0, " "0, " "0, " "0, " "0, " "0, " "0, " "0, " "0, " "0, " "0, " "0, " "0, " "0, " "0, " "0, " "0, " "0, " "0, " "0, " "0, " "0, " "0, " "0, " "0, " "0, " "0, " "0, " "0, " "0, " "0, " "0, " "0, " "0, " "0, " "0, " "0, " "0, " "0, " "0, " "0, " "0, " "0, " "0, " "0, " "0, " "0, " "0, " "0, " "0, " "0, " "0, " "0, " "0, " "0, " "0, " "0, " "0, " "0, " "0, " "0, " "0, " "0, " "0, " "0, " "0, " "0, " "0, " "0, " "0, " "0, " "0, " "0, " "0, " "0, " "0, " "0, " "0, " "0, " "0, " "0, " "0, " "0, " "0, " "0, " "0, " "0, " "0, " "0, " "0, " "0, " "0, " "0, " "0, " "0, " "0, " "0, " "0, " "0, " "0, " "0, " "0, " "0, " "0, " "0, " "0, " "0, " "0, " "0, " "0, " "0, " "0, " "0, " "0, " "0, " "0, " "0, " "0, " "0, " "0, " "0, " "0, " "0, " "0, " "0, " "0, " "0, " "0, " "0, " "0, " "0, " "0, " "0, " "0, " "0, " "0, " "0, " "0, " "0, " "0, " "0, " "0, " "0, " "0, " "0, " "0, " "0, " "0, " "0, " "0, " "0, " "0, " "0, " "0, " "0, " "0, " "0, " "0, " "0, " "0, " "0, " "0, " "0, " "0, " "0, " "0, " "0, " "0, " "0, " "0, " "0, " "0, " "0, " "0, " "0, " "0, " "0, " "0, " "0, " "0, " "0, "0
 "Nei58, 0.213, " "-0.307, " "0.836, " "-0.271, " "-0.106, " "-0.688, " "-0.289, " "0.255, " "-0.772, " "0, " "0, " "0, " "0, " "0, " "0, " "0, " "0, " "0, " "0, " "0, " "0, " "0, " "0, " "0, " "0, " "0, " "0, " "0, " "0, " "0, " "0, " "0, " "0, " "0, " "0, " "0, " "0, " "0, " "0, " "0, " "0, " "0, " "0, " "0, " "0, " "0, " "0, " "0, " "0, " "0, " "0, " "0, " "0, " "0, " "0, " "0, " "0, " "0, " "0, " "0, " "1, " "1, " "1, " "1, " "1, " "1, " "1, " "0, " "1, " "1, " "1, " "1, " "1, " "1, " "1, " "0, " "0, " "0, " "0, " "0, " "0, " "0, " "0, " "0, " "0, " "0, " "0, " "0, " "0, " "0, " "0, " "0, " "0, " "0, " "0, " "0, " "0, " "0, " "0, " "0, " "0, " "0, " "0, " "0, " "0, " "0, " "0, " "0, " "0, " "0, " "0, " "0, " "0, " "0, " "0, " "0, " "0, " "0, " "0, " "0, " "0, " "0, " "0, " "0, " "0, " "0, " "0, " "0, " "0, " "0, " "0, " "0, " "0, " "0, " "0, " "0, " "0, " "0, " "0, " "0, " "0, " "0, " "0, " "0, " "0, " "0, " "0, " "0, " "0, " "0, " "0, " "0, " "0, " "0, " "0, " "0, " "0, " "0, " "0, " "0, " "0, " "0, " "0, " "0, " "0, " "0, " "0, " "0, " "0, " "0, " "0, " "0, " "0, " "0, " "0, " "0, " "0, " "0, " "0, " "0, " "0, " "0, " "0, " "0, " "0, " "0, " "0, " "0, " "0, " "0, " "0, " "0, " "0, " "0, " "0, " "0, " "0, " "0, " "0, " "0, " "0, " "0, " "0, " "0, " "0, " "0, " "0, " "0, " "0, " "0, " "0, " "0, " "0, " "0, " "0, " "0, " "0, " "0, " "0, " "0, " "0, " "0, " "0, " "0, " "0, " "0, " "0, " "0, " "0, " "0, " "0, " "0, " "0, " "0, " "0, " "0, " "0, " "0, " "0, " "0, " "0, " "0, " "0, " "0, " "0, " "0, " "0, " "0, " "0, " "0, " "0, " "0, " "0, " "0, " "0, " "0, " "0, " "0, " "0, " "0, " "0, " "0, " "0, " "0, " "0, " "0, "0
 "Nei59, 0.28, " "-0.014, " "0.109, " "-0.092, " "-0.741, " "-0.044, " "-0.317, " "0.515, " "0.867, " "0, " "0, " "0, " "0, " "0, " "0, " "0, " "0, " "0, " "0, " "0, " "0, " "0, " "0, " "0, " "0, " "0, " "0, " "0, " "0, " "0, " "0, " "0, " "0, " "0, " "0, " "0, " "0, " "0, " "0, " "0, " "0, " "0, " "0, " "0, " "0, " "0, " "0, " "0, " "0, " "0, " "0, " "0, " "0, " "0, " "0, " "0, " "0, " "0, " "0, " "0, " "0, " "1, " "1, " "1, " "1, " "1, " "1, " "1, " "0, " "1, " "1, " "1, " "1, " "1, " "1, " "1, " "0, " "0, " "0, " "0, " "0, " "0, " "0, " "0, " "0, " "0, " "0, " "0, " "0, " "0, " "0, " "0, " "0, " "0, " "0, " "0, " "0, " "0, " "0, " "0, " "0, " "0, " "0, " "0, " "0, " "0, " "0, " "0, " "0, " "0, " "0, " "0, " "0, " "0, " "0, " "0, " "0, " "0, " "0, " "0, " "0, " "0, " "0, " "0, " "0, " "0, " "0, " "0, " "0, " "0, " "0, " "0, " "0, " "0, " "0, " "0, " "0, " "0, " "0, " "0, " "0, " "0, " "0, " "0, " "0, " "0, " "0, " "0, " "0, " "0, " "0, " "0, " "0, " "0, " "0, " "0, " "0, " "0, " "0, " "0, " "0, " "0, " "0, " "0, " "0, " "0, " "0, " "0, " "0, " "0, " "0, " "0, " "0, " "0, " "0, " "0, " "0, " "0, " "0, " "0, " "0, " "0, " "0, " "0, " "0, " "0, " "0, " "0, " "0, " "0, " "0, " "0, " "0, " "0, " "0, " "0, " "0, " "0, " "0, " "0, " "0, " "0, " "0, " "0, " "0, " "0, " "0, " "0, " "0, " "0, " "0, " "0, " "0, " "0, " "0, " "0, " "0, " "0, " "0, " "0, " "0, " "0, " "0, " "0, " "0, " "0, " "0, " "0, " "0, " "0, " "0, " "0, " "0, " "0, " "0, " "0, " "0, " "0, " "0, " "0, " "0, " "0, " "0, " "0, " "0, " "0, " "0, " "0, " "0, " "0, " "0, " "0, " "0, " "0, " "0, " "0, " "0, " "0, " "0, " "0, " "0, " "0, " "0, " "0, " "0, " "0, "0
 "Nei60, 0.225, " "-0.921, " "-0.346, " "-0.767, " "-0.246, " "0.161, " "0.09, " "0.262, " "0.448, " "0, " "0, " "0, " "0, " "0, " "0, " "0, " "0, " "0, " "0, " "0, " "0, " "0, " "0, " "0, " "0, " "0, " "0, " "0, " "0, " "0, " "0, " "0, " "0, " "0, " "0, " "0, " "0, " "0, " "0, " "0, " "0, " "0, " "0, " "0, " "0, " "0, " "0, " "0, " "0, " "0, " "0, " "0, " "0, " "0, " "0, " "0, " "0, " "0, " "0, " "0, " "0, " "0, " "1, " "1, " "1, " "1, " "1, " "1, " "1, " "0, " "1, " "1, " "1, " "1, " "1, " "1, " "1, " "0, " "0, " "0, " "0, " "0, " "0, " "0, " "0, " "0, " "0, " "0, " "0, " "0, " "0, " "0, " "0, " "0, " "0, " "0, " "0, " "0, " "0, " "0, " "0, " "0, " "0, " "0, " "0, " "0, " "0, " "0, " "0, " "0, " "0, " "0, " "0, " "0, " "0, " "0, " "0, " "0, " "0, " "0, " "0, " "0, " "0, " "0, " "0, " "0, " "0, " "0, " "0, " "0, " "0, " "0, " "0, " "0, " "0, " "0, " "0, " "0, " "0, " "0, " "0, " "0, " "0, " "0, " "0, " "0, " "0, " "0, " "0, " "0, " "0, " "0, " "0, " "0, " "0, " "0, " "0, " "0, " "0, " "0, " "0, " "0, " "0, " "0, " "0, " "0, " "0, " "0, " "0, " "0, " "0, " "0, " "0, " "0, " "0, " "0, " "0, " "0, " "0, " "0, " "0, " "0, " "0, " "0, " "0, " "0, " "0, " "0, " "0, " "0, " "0, " "0, " "0, " "0, " "0, " "0, " "0, " "0, " "0, " "0, " "0, " "0, " "0, " "0, " "0, " "0, " "0, " "0, " "0, " "0, " "0, " "0, " "0, " "0, " "0, " "0, " "0, " "0, " "0, " "0, " "0, " "0, " "0, " "0, " "0, " "0, " "0, " "0, " "0, " "0, " "0, " "0, " "0, " "0, " "0, " "0, " "0, " "0, " "0, " "0, " "0, " "0, " "0, " "0, " "0, " "0, " "0, " "0, " "0, " "0, " "0, " "0, " "0, " "0, " "0, " "0, " "0, " "0, " "0, " "0, " "0, " "0, " "0, " "0, " "0, " "0, "0
 "Nei61, 0.084, " "-0.756, " "-0.229, " "0.471, " "-0.277, " "0.5, " "-0.428, " "-0.393, " "-0.941, " "0, " "0, " "0, " "0, " "0, " "0, " "0, " "0, " "0, " "0, " "0, " "0, " "0, " "0, " "0, " "0, " "0, " "0, " "0, " "0, " "0, " "0, " "0, " "0, " "0, " "0, " "0, " "0, " "0, " "0, " "0, " "0, " "0, " "0, " "0, " "0, " "0, " "0, " "0, " "0, " "0, " "0, " "0, " "0, " "0, " "0, " "0, " "0, " "0, " "0, " "0, " "0, " "0, " "0, " "1, " "1, " "1, " "1, " "1, " "1, " "1, " "0, " "1, " "1, " "1, " "1, " "1, " "1, " "1, " "0, " "0, " "0, " "0, " "0, " "0, " "0, " "0, " "0, " "0, " "0, " "0, " "0, " "0, " "0, " "0, " "0, " "0, " "0, " "0, " "0, " "0, " "0, " "0, " "0, " "0, " "0, " "0, " "0, " "0, " "0, " "0, " "0, " "0, " "0, " "0, " "0, " "0, " "0, " "0, " "0, " "0, " "0, " "0, " "0, " "0, " "0, " "0, " "0, " "0, " "0, " "0, " "0, " "0, " "0, " "0, " "0, " "0, " "0, " "0, " "0, " "0, " "0, " "0, " "0, " "0, " "0, " "0, " "0, " "0, " "0, " "0, " "0, " "0, " "0, " "0, " "0, " "0, " "0, " "0, " "0, " "0, " "0, " "0, " "0, " "0, " "0, " "0, " "0, " "0, " "0, " "0, " "0, " "0, " "0, " "0, " "0, " "0, " "0, " "0, " "0, " "0, " "0, " "0, " "0, " "0, " "0, " "0, " "0, " "0, " "0, " "0, " "0, " "0, " "0, " "0, " "0, " "0, " "0, " "0, " "0, " "0, " "0, " "0, " "0, " "0, " "0, " "0, " "0, " "0, " "0, " "0, " "0, " "0, " "0, " "0, " "0, " "0, " "0, " "0, " "0, " "0, " "0, " "0, " "0, " "0, " "0, " "0, " "0, " "0, " "0, " "0, " "0, " "0, " "0, " "0, " "0, " "0, " "0, " "0, " "0, " "0, " "0, " "0, " "0, " "0, " "0, " "0, " "0, " "0, " "0, " "0, " "0, " "0, " "0, " "0, " "0, " "0, " "0, " "0, " "0, " "0, " "0, " "0, " "0, " "0, " "0, " "0, "0
 "Nei62, 0.315, " "-0.85, " "-0.758, " "-0.335, " "-0.308, " "-0.92, " "0.052, " "0.495, " "-0.471, " "0, " "0, " "0, " "0, " "0, " "0, " "0, " "0, " "0, " "0, " "0, " "0, " "0, " "0, " "0, " "0, " "0, " "0, " "0, " "0, " "0, " "0, " "0, " "0, " "0, " "0, " "0, " "0, " "0, " "0, " "0, " "0, " "0, " "0, " "0, " "0, " "0, " "0, " "0, " "0, " "0, " "0, " "0, " "0, " "0, " "0, " "0, " "0, " "0, " "0, " "0, " "0, " "0, " "0, " "0, " "1, " "1, " "1, " "1, " "1, " "1, " "1, " "0, " "1, " "1, " "1, " "1, " "1, " "1, " "1, " "0, " "0, " "0, " "0, " "0, " "0, " "0, " "0, " "0, " "0, " "0, " "0, " "0, " "0, " "0, " "0, " "0, " "0, " "0, " "0, " "0, " "0, " "0, " "0, " "0, " "0, " "0, " "0, " "0, " "0, " "0, " "0, " "0, " "0, " "0, " "0, " "0, " "0, " "0, " "0, " "0, " "0, " "0, " "0, " "0, " "0, " "0, " "0, " "0, " "0, " "0, " "0, " "0, " "0, " "0, " "0, " "0, " "0, " "0, " "0, " "0, " "0, " "0, " "0, " "0, " "0, " "0, " "0, " "0, " "0, " "0, " "0, " "0, " "0, " "0, " "0, " "0, " "0, " "0, " "0, " "0, " "0, " "0, " "0, " "0, " "0, " "0, " "0, " "0, " "0, " "0, " "0, " "0, " "0, " "0, " "0, " "0, " "0, " "0, " "0, " "0, " "0, " "0, " "0, " "0, " "0, " "0, " "0, " "0, " "0, " "0, " "0, " "0, " "0, " "0, " "0, " "0, " "0, " "0, " "0, " "0, " "0, " "0, " "0, " "0, " "0, " "0, " "0, " "0, " "0, " "0, " "0, " "0, " "0, " "0, " "0, " "0, " "0, " "0, " "0, " "0, " "0, " "0, " "0, " "0, " "0, " "0, " "0, " "0, " "0, " "0, " "0, " "0, " "0, " "0, " "0, " "0, " "0, " "0, " "0, " "0, " "0, " "0, " "0, " "0, " "0, " "0, " "0, " "0, " "0, " "0, " "0, " "0, " "0, " "0, " "0, " "0, " "0, " "0, " "0, " "0, " "0, " "0, " "0, " "0, " "0, " "0, "0
 "Nei63, 0.254, " "0.835, " "-0.419, " "-0.586, " "-0.241, " "-0.403, " "0.519, " "0.632, " "-0.913, " "0, " "0, " "0, " "0, " "0, " "0, " "0, " "0, " "0, " "0, " "0, " "0, " "0, " "0, " "0, " "0, " "0, " "0, " "0, " "0, " "0, " "0, " "0, " "0, " "0, " "0, " "0, " "0, " "0, " "0, " "0, " "0, " "0, " "0, " "0, " "0, " "0, " "0, " "0, " "0, " "0, " "0, " "0, " "0, " "0, " "0, " "0, " "0, " "0, " "0, " "0, " "0, " "0, " "0, " "0, " "0, " "1, " "1, " "1, " "1, " "1, " "1, " "1, " "0, " "1, " "1, " "1, " "1, " "1, " "1, " "1, " "0, " "0, " "0, " "0, " "0, " "0, " "0, " "0, " "0, " "0, " "0, " "0, " "0, " "0, " "0, " "0, " "0, " "0, " "0, " "0, " "0, " "0, " "0, " "0, " "0, " "0, " "0, " "0, " "0, " "0, " "0, " "0, " "0, " "0, " "0, " "0, " "0, " "0, " "0, " "0, " "0, " "0, " "0, " "0, " "0, " "0, " "0, " "0, " "0, " "0, " "0, " "0, " "0, " "0, " "0, " "0, " "0, " "0, " "0, " "0, " "0, " "0, " "0, " "0, " "0, " "0, " "0, " "0, " "0, " "0, " "0, " "0, " "0, " "0, " "0, " "0, " "0, " "0, " "0, " "0, " "0, " "0, " "0, " "0, " "0, " "0, " "0, " "0, " "0, " "0, " "0, " "0, " "0, " "0, " "0, " "0, " "0, " "0, " "0, " "0, " "0, " "0, " "0, " "0, " "0, " "0, " "0, " "0, " "0, " "0, " "0, " "0, " "0, " "0, " "0, " "0, " "0, " "0, " "0, " "0, " "0, " "0, " "0, " "0, " "0, " "0, " "0, " "0, " "0, " "0, " "0, " "0, " "0, " "0, " "0, " "0, " "0, " "0, " "0, " "0, " "0, " "0, " "0, " "0, " "0, " "0, " "0, " "0, " "0, " "0, " "0, " "0, " "0, " "0, " "0, " "0, " "0, " "0, " "0, " "0, " "0, " "0, " "0, " "0, " "0, " "0, " "0, " "0, " "0, " "0, " "0, " "0, " "0, " "0, " "0, " "0, " "0, " "0, " "0, " "0, " "0, " "0, " "0, " "0, " "0, " "0, "0
 "Nei64, 0.187, " "0.167, " "-0.61, " "0.387, " "-0.988, " "-0.129, " "0.836, " "0.959, " "0.409, " "0, " "0, " "0, " "0, " "0, " "0, " "0, " "0, " "0, " "0, " "0, " "0, " "0, " "0, " "0, " "0, " "0, " "0, " "0, " "0, " "0, " "0, " "0, " "0, " "0, " "0, " "0, " "0, " "0, " "0, " "0, " "0, " "0, " "0, " "0, " "0, " "0, " "0, " "0, " "0, " "0, " "0, " "0, " "0, " "0, " "0, " "0, " "0, " "0, " "0, " "0, " "0, " "0, " "0, " "0, " "0, " "0, " "1, " "1, " "1, " "1, " "1, " "1, " "1, " "0, " "1, " "1, " "1, " "1, " "1, " "1, " "1, " "0, " "0, " "0, " "0, " "0, " "0, " "0, " "0, " "0, " "0, " "0, " "0, " "0, " "0, " "0, " "0, " "0, " "0, " "0, " "0, " "0, " "0, " "0, " "0, " "0, " "0, " "0, " "0, " "0, " "0, " "0, " "0, " "0, " "0, " "0, " "0, " "0, " "0, " "0, " "0, " "0, " "0, " "0, " "0, " "0, " "0, " "0, " "0, " "0, " "0, " "0, " "0, " "0, " "0, " "0, " "0, " "0, " "0, " "0, " "0, " "0, " "0, " "0, " "0, " "0, " "0, " "0, " "0, " "0, " "0, " "0, " "0, " "0, " "0, " "0, " "0, " "0, " "0, " "0, " "0, " "0, " "0, " "0, " "0, " "0, " "0, " "0, " "0, " "0, " "0, " "0, " "0, " "0, " "0, " "0, " "0, " "0, " "0, " "0, " "0, " "0, " "0, " "0, " "0, " "0, " "0, " "0, " "0, " "0, " "0, " "0, " "0, " "0, " "0, " "0, " "0, " "0, " "0, " "0, " "0, " "0, " "0, " "0, " "0, " "0, " "0, " "0, " "0, " "0, " "0, " "0, " "0, " "0, " "0, " "0, " "0, " "0, " "0, " "0, " "0, " "0, " "0, " "0, " "0, " "0, " "0, " "0, " "0, " "0, " "0, " "0, " "0, " "0, " "0, " "0, " "0, " "0, " "0, " "0, " "0, " "0, " "0, " "0, " "0, " "0, " "0, " "0, " "0, " "0, " "0, " "0, " "0, " "0, " "0, " "0, " "0, " "0, " "0, " "0, " "0, " "0, " "0, " "0, " "0, " "0, "0
 "Nei65, 0.331, " "-0.644, " "0.613, " "0.119, " "0.003, " "0.716, " "-0.516, " "0.669, " "-0.069, " "0, " "0, " "0, " "0, " "0, " "0, " "0, " "0, " "0, " "0, " "0, " "0, " "0, " "0, " "0, " "0, " "0, " "0, " "0, " "0, " "0, " "0, " "0, " "0, " "0, " "0, " "0, " "0, " "0, " "0, " "0, " "0, " "0, " "0, " "0, " "0, " "0, " "0, " "0, " "0, " "0, " "0, " "0, " "0, " "0, " "0, " "0, " "0, " "0, " "0, " "0, " "0, " "0, " "0, " "0, " "0, " "0, " "0, " "1, " "1, " "1, " "1, " "1, " "1, " "1, " "0, " "1, " "1, " "1, " "1, " "1, " "1, " "1, " "0, " "0, " "0, " "0, " "0, " "0, " "0, " "0, " "0, " "0, " "0, " "0, " "0, " "0, " "0, " "0, " "0, " "0, " "0, " "0, " "0, " "0, " "0, " "0, " "0, " "0, " "0, " "0, " "0, " "0, " "0, " "0, " "0, " "0, " "0, " "0, " "0, " "0, " "0, " "0, " "0, " "0, " "0, " "0, " "0, " "0, " "0, " "0, " "0, " "0, " "0, " "0, " "0, " "0, " "0, " "0, " "0, " "0, " "0, " "0, " "0, " "0, " "0, " "0, " "0, " "0, " "0, " "0, " "0, " "0, " "0, " "0, " "0, " "0, " "0, " "0, " "0, " "0, " "0, " "0, " "0, " "0, " "0, " "0, " "0, " "0, " "0, " "0, " "0, " "0, " "0, " "0, " "0, " "0, " "0, " "0, " "0, " "0, " "0, " "0, " "0, " "0, " "0, " "0, " "0, " "0, " "0, " "0, " "0, " "0, " "0, " "0, " "0, " "0, " "0, " "0, " "0, " "0, " "0, " "0, " "0, " "0, " "0, " "0, " "0, " "0, " "0, " "0, " "0, " "0, " "0, " "0, " "0, " "0, " "0, " "0, " "0, " "0, " "0, " "0, " "0, " "0, " "0, " "0, " "0, " "0, " "0, " "0, " "0, " "0, " "0, " "0, " "0, " "0, " "0, " "0, " "0, " "0, " "0, " "0, " "0, " "0, " "0, " "0, " "0, " "0, " "0, " "0, " "0, " "0, " "0, " "0, " "0, " "0, " "0, " "0, " "0, " "0, " "0, " "0, " "0, " "0, " "0, " "0, "0
 "Nei66, 0.196, " "-0.462, " "-0.647, " "0.958, " "-0.179, " "-0.751, " "0.045, " "-0.949, " "-0.652, " "0, " "0, " "0, " "0, " "0, " "0, " "0, " "0, " "0, " "0, " "0, " "0, " "0, " "0, " "0, " "0, " "0, " "0, " "0, " "0, " "0, " "0, " "0, " "0, " "0, " "0, " "0, " "0, " "0, " "0, " "0, " "0, " "0, " "0, " "0, " "0, " "0, " "0, " "0, " "0, " "0, " "0, " "0, " "0, " "0, " "0, " "0, " "0, " "0, " "0, " "0, " "0, " "0, " "0, " "0, " "0, " "0, " "0, " "0, " "1, " "1, " "1, " "1, " "1, " "1, " "1, " "0, " "1, " "1, " "1, " "1, " "1, " "1, " "1, " "0, " "0, " "0, " "0, " "0, " "0, " "0, " "0, " "0, " "0, " "0, " "0, " "0, " "0, " "0, " "0, " "0, " "0, " "0, " "0, " "0, " "0, " "0, " "0, " "0, " "0, " "0, " "0, " "0, " "0, " "0, " "0, " "0, " "0, " "0, " "0, " "0, " "0, " "0, " "0, " "0, " "0, " "0, " "0, " "0, " "0, " "0, " "0, " "0, " "0, " "0, " "0, " "0, " "0, " "0, " "0, " "0, " "0, " "0, " "0, " "0, " "0, " "0, " "0, " "0, " "0, " "0, " "0, " "0, " "0, " "0, " "0, " "0, " "0, " "0, " "0, " "0, " "0, " "0, " "0, " "0, " "0, " "0, " "0, " "0, " "0, " "0, " "0, " "0, " "0, " "0, " "0, " "0, " "0, " "0, " "0, " "0, " "0, " "0, " "0, " "0, " "0, " "0, " "0, " "0, " "0, " "0, " "0, " "0, " "0, " "0, " "0, " "0, " "0, " "0, " "0, " "0, " "0, " "0, " "0, " "0, " "0, " "0, " "0, " "0, " "0, " "0, " "0, " "0, " "0, " "0, " "0, " "0, " "0, " "0, " "0, " "0, " "0, " "0, " "0, " "0, " "0, " "0, " "0, " "0, " "0, " "0, " "0, " "0, " "0, " "0, " "0, " "0, " "0, " "0, " "0, " "0, " "0, " "0, " "0, " "0, " "0, " "0, " "0, " "0, " "0, " "0, " "0, " "0, " "0, " "0, " "0, " "0, " "0, " "0, " "0, " "0, " "0, " "0, " "0, " "0, " "0, " "0, "0
 "Nei67, 0.238, " "0.763, " "0.882, " "-0.492, " "0.091, " "0.906, " "0.955, " "-0.813, " "0.492, " "0, " "0, " "0, " "0, " "0, " "0, " "0, " "0, " "0, " "0, " "0, " "0, " "0, " "0, " "0, " "0, " "0, " "0, " "0, " "0, " "0, " "0, " "0, " "0, " "0, " "0, " "0, " "0, " "0, " "0, " "0, " "0, " "0, " "0, " "0, " "0, " "0, " "0, " "0, " "0, " "0, " "0, " "0, " "0, " "0, " "0, " "0, " "0, " "0, " "0, " "0, " "0, " "0, " "0, " "0, " "0, " "0, " "0, " "0, " "0, " "1, " "1, " "1, " "1, " "1, " "1, " "1, " "0, " "1, " "1, " "1, " "1, " "1, " "1, " "1, " "0, " "0, " "0, " "0, " "0, " "0, " "0, " "0, " "0, " "0, " "0, " "0, " "0, " "0, " "0, " "0, " "0, " "0, " "0, " "0, " "0, " "0, " "0, " "0, " "0, " "0, " "0, " "0, " "0, " "0, " "0, " "0, " "0, " "0, " "0, " "0, " "0, " "0, " "0, " "0, " "0, " "0, " "0, " "0, " "0, " "0, " "0, " "0, " "0, " "0, " "0, " "0, " "0, " "0, " "0, " "0, " "0, " "0, " "0, " "0, " "0, " "0, " "0, " "0, " "0, " "0, " "0, " "0, " "0, " "0, " "0, " "0, " "0, " "0, " "0, " "0, " "0, " "0, " "0, " "0, " "0, " "0, " "0, " "0, " "0, " "0, " "0, " "0, " "0, " "0, " "0, " "0, " "0, " "0, " "0, " "0, " "0, " "0, " "0, " "0, " "0, " "0, " "0, " "0, " "0, " "0, " "0, " "0, " "0, " "0, " "0, " "0, " "0, " "0, " "0, " "0, " "0, " "0, " "0, " "0, " "0, " "0, " "0, " "0, " "0, " "0, " "0, " "0, " "0, " "0, " "0, " "0, " "0, " "0, " "0, " "0, " "0, " "0, " "0, " "0, " "0, " "0, " "0, " "0, " "0, " "0, " "0, " "0, " "0, " "0, " "0, " "0, " "0, " "0, " "0, " "0, " "0, " "0, " "0, " "0, " "0, " "0, " "0, " "0, " "0, " "0, " "0, " "0, " "0, " "0, " "0, " "0, " "0, " "0, " "0, " "0, " "0, " "0, " "0, " "0, " "0, " "0, "0
 "Nei68, 0.132, " "-0.775, " "0.259, " "0.784, " "-0.764, " "0.081, " "-0.133, " "-0.279, " "-0.524, " "0, " "0, " "0, " "0, " "0, " "0, " "0, " "0, " "0, " "0, " "0, " "0, " "0, " "0, " "0, " "0, " "0, " "0, " "0, " "0, " "0, " "0, " "0, " "0, " "0, " "0, " "0, " "0, " "0, " "0, " "0, " "0, " "0, " "0, " "0, " "0, " "0, " "0, " "0, " "0, " "0, " "0, " "0, " "0, " "0, " "0, " "0, " "0, " "0, " "0, " "0, " "0, " "0, " "0, " "0, " "0, " "0, " "0, " "0, " "0, " "0, " "1, " "1, " "1, " "1, " "1, " "1, " "1, " "0, " "1, " "1, " "1, " "1, " "1, " "1, " "1, " "0, " "0, " "0, " "0, " "0, " "0, " "0, " "0, " "0, " "0, " "0, " "0, " "0, " "0, " "0, " "0, " "0, " "0, " "0, " "0, " "0, " "0, " "0, " "0, " "0, " "0, " "0, " "0, " "0, " "0, " "0, " "0, " "0, " "0, " "0, " "0, " "0, " "0, " "0, " "0, " "0, " "0, " "0, " "0, " "0, " "0, " "0, " "0, " "0, " "0, " "0, " "0, " "0, " "0, " "0, " "0, " "0, " "0, " "0, " "0, " "0, " "0, " "0, " "0, " "0, " "0, " "0, " "0, " "0, " "0, " "0, " "0, " "0, " "0, " "0, " "0, " "0, " "0, " "0, " "0, " "0, " "0, " "0, " "0, " "0, " "0, " "0, " "0, " "0, " "0, " "0, " "0, " "0, " "0, " "0, " "0, " "0, " "0, " "0, " "0, " "0, " "0, " "0, " "0, " "0, " "0, " "0, " "0, " "0, " "0, " "0, " "0, " "0, " "0, " "0, " "0, " "0, " "0, " "0, " "0, " "0, " "0, " "0, " "0, " "0, " "0, " "0, " "0, " "0, " "0, " "0, " "0, " "0, " "0, " "0, " "0, " "0, " "0, " "0, " "0, " "0, " "0, " "0, " "0, " "0, " "0, " "0, " "0, " "0, " "0, " "0, " "0, " "0, " "0, " "0, " "0, " "0, " "0, " "0, " "0, " "0, " "0, " "0, " "0, " "0, " "0, " "0, " "0, " "0, " "0, " "0, " "0, " "0, " "0, " "0, " "0, " "0, " "0, " "0, " "0, " "0, "0
 "Nei69, 0.18, " "0.82, " "-0.753, " "-0.547, " "-0.506, " "-0.902, " "-0.158, " "-0.51, " "-0.974, " "0, " "0, " "0, " "0, " "0, " "0, " "0, " "0, " "0, " "0, " "0, " "0, " "0, " "0, " "0, " "0, " "0, " "0, " "0, " "0, " "0, " "0, " "0, " "0, " "0, " "0, " "0, " "0, " "0, " "0, " "0, " "0, " "0, " "0, " "0, " "0, " "0, " "0, " "0, " "0, " "0, " "0, " "0, " "0, " "0, " "0, " "0, " "0, " "0, " "0, " "0, " "0, " "0, " "0, " "0, " "0, " "0, " "0, " "0, " "0, " "0, " "0, " "1, " "1, " "1, " "1, " "1, " "1, " "1, " "0, " "1, " "1, " "1, " "1, " "1, " "1, " "1, " "0, " "0, " "0, " "0, " "0, " "0, " "0, " "0, " "0, " "0, " "0, " "0, " "0, " "0, " "0, " "0, " "0, " "0, " "0, " "0, " "0, " "0, " "0, " "0, " "0, " "0, " "0, " "0, " "0, " "0, " "0, " "0, " "0, " "0, " "0, " "0, " "0, " "0, " "0, " "0, " "0, " "0, " "0, " "0, " "0, " "0, " "0, " "0, " "0, " "0, " "0, " "0, " "0, " "0, " "0, " "0, " "0, " "0, " "0, " "0, " "0, " "0, " "0, " "0, " "0, " "0, " "0, " "0, " "0, " "0, " "0, " "0, " "0, " "0, " "0, " "0, " "0, " "0, " "0, " "0, " "0, " "0, " "0, " "0, " "0, " "0, " "0, " "0, " "0, " "0, " "0, " "0, " "0, " "0, " "0, " "0, " "0, " "0, " "0, " "0, " "0, " "0, " "0, " "0, " "0, " "0, " "0, " "0, " "0, " "0, " "0, " "0, " "0, " "0, " "0, " "0, " "0, " "0, " "0, " "0, " "0, " "0, " "0, " "0, " "0, " "0, " "0, " "0, " "0, " "0, " "0, " "0, " "0, " "0, " "0, " "0, " "0, " "0, " "0, " "0, " "0, " "0, " "0, " "0, " "0, " "0, " "0, " "0, " "0, " "0, " "0, " "0, " "0, " "0, " "0, " "0, " "0, " "0, " "0, " "0, " "0, " "0, " "0, " "0, " "0, " "0, " "0, " "0, " "0, " "0, " "0, " "0, " "0, " "0, " "0, " "0, " "0, " "0, " "0, " "0, "0
 "Nei70, 0.198, " "0.237, " "0.246, " "-0.092, " "-0.371, " "0.48, " "-0.48, " "-0.096, " "0.972, " "0, " "0, " "0, " "0, " "0, " "0, " "0, " "0, " "0, " "0, " "0, " "0, " "0, " "0, " "0, " "0, " "0, " "0, " "0, " "0, " "0, " "0, " "0, " "0, " "0, " "0, " "0, " "0, " "0, " "0, " "0, " "0, " "0, " "0, " "0, " "0, " "0, " "0, " "0, " "0, " "0, " "0, " "0, " "0, " "0, " "0, " "0, " "0, " "0, " "0, " "0, " "0, " "0, " "0, " "0, " "0, " "0, " "0, " "0, " "0, " "0, " "0, " "0, " "1, " "1, " "1, " "1, " "1, " "1, " "1, " "0, " "1, " "1, " "1, " "1, " "1, " "1, " "1, " "0, " "0, " "0, " "0, " "0, " "0, " "0, " "0, " "0, " "0, " "0, " "0, " "0, " "0, " "0, " "0, " "0, " "0, " "0, " "0, " "0, " "0, " "0, " "0, " "0, " "0, " "0, " "0, " "0, " "0, " "0, " "0, " "0, " "0, " "0, " "0, " "0, " "0, " "0, " "0, " "0, " "0, " "0, " "0, " "0, " "0, " "0, " "0, " "0, " "0, " "0, " "0, " "0, " "0, " "0, " "0, " "0, " "0, " "0, " "0, " "0, " "0, " "0, " "0, " "0, " "0, " "0, " "0, " "0, " "0, " "0, " "0, " "0, " "0, " "0, " "0, " "0, " "0, " "0, " "0, " "0, " "0, " "0, " "0, " "0, " "0, " "0, " "0, " "0, " "0, " "0, " "0, " "0, " "0, " "0, " "0, " "0, " "0, " "0, " "0, " "0, " "0, " "0, " "0, " "0, " "0, " "0, " "0, " "0, " "0, " "0, " "0, " "0, " "0, " "0, " "0, " "0, " "0, " "0, " "0, " "0, " "0, " "0, " "0, " "0, " "0, " "0, " "0, " "0, " "0, " "0, " "0, " "0, " "0, " "0, " "0, " "0, " "0, " "0, " "0, " "0, " "0, " "0, " "0, " "0, " "0, " "0, " "0, " "0, " "0, " "0, " "0, " "0, " "0, " "0, " "0, " "0, " "0, " "0, " "0, " "0, " "0, " "0, " "0, " "0, " "0, " "0, " "0, " "0, " "0, " "0, " "0, " "0, " "0, " "0, " "0, " "0, " "0, " "0, "0
 "Nei71, 0.395, " "-0.762, " "-0.843, " "0.85, " "0.861, " "-0.364, " "-0.403, " "-0.526, " "0.784, " "0, " "0, " "0, " "0, " "0, " "0, " "0, " "0, " "0, " "0, " "0, " "0, " "0, " "0, " "0, " "0, " "0, " "0, " "0, " "0, " "0, " "0, " "0, " "0, " "0, " "0, " "0, " "0, " "0, " "0, " "0, " "0, " "0, " "0, " "0, " "0, " "0, " "0, " "0, " "0, " "0, " "0, " "0, " "0, " "0, " "0, " "0, " "0, " "0, " "0, " "0, " "0, " "0, " "0, " "0, " "0, " "0, " "0, " "0, " "0, " "0, " "0, " "0, " "0, " "1, " "1, " "1, " "1, " "1, " "1, " "1, " "0, " "1, " "1, " "1, " "1, " "1, " "1, " "1, " "0, " "0, " "0, " "0, " "0, " "0, " "0, " "0, " "0, " "0, " "0, " "0, " "0, " "0, " "0, " "0, " "0, " "0, " "0, " "0, " "0, " "0, " "0, " "0, " "0, " "0, " "0, " "0, " "0, " "0, " "0, " "0, " "0, " "0, " "0, " "0, " "0, " "0, " "0, " "0, " "0, " "0, " "0, " "0, " "0, " "0, " "0, " "0, " "0, " "0, " "0, " "0, " "0, " "0, " "0, " "0, " "0, " "0, " "0, " "0, " "0, " "0, " "0, " "0, " "0, " "0, " "0, " "0, " "0, " "0, " "0, " "0, " "0, " "0, " "0, " "0, " "0, " "0, " "0, " "0, " "0, " "0, " "0, " "0, " "0, " "0, " "0, " "0, " "0, " "0, " "0, " "0, " "0, " "0, " "0, " "0, " "0, " "0, " "0, " "0, " "0, " "0, " "0, " "0, " "0, " "0, " "0, " "0, " "0, " "0, " "0, " "0, " "0, " "0, " "0, " "0, " "0, " "0, " "0, " "0, " "0, " "0, " "0, " "0, " "0, " "0, " "0, " "0, " "0, " "0, " "0, " "0, " "0, " "0, " "0, " "0, " "0, " "0, " "0, " "0, " "0, " "0, " "0, " "0, " "0, " "0, " "0, " "0, " "0, " "0, " "0, " "0, " "0, " "0, " "0, " "0, " "0, " "0, " "0, " "0, " "0, " "0, " "0, " "0, " "0, " "0, " "0, " "0, " "0, " "0, " "0, " "0, " "0, " "0, " "0, " "0, " "0, " "0, "0
 "Nei72, 0.474, " "-0.443, " "0.209, " "0.073, " "0.432, " "0.175, " "-0.256, " "-0.472, " "0.355, " "0, " "0, " "0, " "0, " "0, " "0, " "0, " "0, " "0, " "0, " "0, " "0, " "0, " "0, " "0, " "0, " "0, " "0, " "0, " "0, " "0, " "0, " "0, " "0, " "0, " "0, " "0, " "0, " "0, " "0, " "0, " "0, " "0, " "0, " "0, " "0, " "0, " "0, " "0, " "0, " "0, " "0, " "0, " "0, " "0, " "0, " "0, " "0, " "0, " "0, " "0, " "0, " "0, " "0, " "0, " "0, " "0, " "0, " "0, " "0, " "0, " "0, " "0, " "0, " "0, " "1, " "1, " "1, " "1, " "1, " "1, " "1, " "0, " "1, " "1, " "1, " "1, " "1, " "1, " "1, " "0, " "0, " "0, " "0, " "0, " "0, " "0, " "0, " "0, " "0, " "0, " "0, " "0, " "0, " "0, " "0, " "0, " "0, " "0, " "0, " "0, " "0, " "0, " "0, " "0, " "0, " "0, " "0, " "0, " "0, " "0, " "0, " "0, " "0, " "0, " "0, " "0, " "0, " "0, " "0, " "0, " "0, " "0, " "0, " "0, " "0, " "0, " "0, " "0, " "0, " "0, " "0, " "0, " "0, " "0, " "0, " "0, " "0, " "0, " "0, " "0, " "0, " "0, " "0, " "0, " "0, " "0, " "0, " "0, " "0, " "0, " "0, " "0, " "0, " "0, " "0, " "0, " "0, " "0, " "0, " "0, " "0, " "0, " "0, " "0, " "0, " "0, " "0, " "0, " "0, " "0, " "0, " "0, " "0, " "0, " "0, " "0, " "0, " "0, " "0, " "0, " "0, " "0, " "0, " "0, " "0, " "0, " "0, " "0, " "0, " "0, " "0, " "0, " "0, " "0, " "0, " "0, " "0, " "0, " "0, " "0, " "0, " "0, " "0, " "0, " "0, " "0, " "0, " "0, " "0, " "0, " "0, " "0, " "0, " "0, " "0, " "0, " "0, " "0, " "0, " "0, " "0, " "0, " "0, " "0, " "0, " "0, " "0, " "0, " "0, " "0, " "0, " "0, " "0, " "0, " "0, " "0, " "0, " "0, " "0, " "0, " "0, " "0, " "0, " "0, " "0, " "0, " "0, " "0, " "0, " "0, " "0, " "0, " "0, " "0, " "0, " "0, "0
 "Nei73, 0.176, " "-0.634, " "0.447, " "0.909, " "-0.166, " "0.858, " "0.313, " "-0.032, " "0.221, " "0, " "0, " "0, " "0, " "0, " "0, " "0, " "0, " "0, " "0, " "0, " "0, " "0, " "0, " "0, " "0, " "0, " "0, " "0, " "0, " "0, " "0, " "0, " "0, " "0, " "0, " "0, " "0, " "0, " "0, " "0, " "0, " "0, " "0, " "0, " "0, " "0, " "0, " "0, " "0, " "0, " "0, " "0, " "0, " "0, " "0, " "0, " "0, " "0, " "0, " "0, " "0, " "0, " "0, " "0, " "0, " "0, " "0, " "0, " "0, " "0, " "0, " "0, " "0, " "0, " "0, " "1, " "1, " "1, " "1, " "1, " "1, " "1, " "0, " "1, " "1, " "1, " "1, " "1, " "1, " "1, " "0, " "0, " "0, " "0, " "0, " "0, " "0, " "0, " "0, " "0, " "0, " "0, " "0, " "0, " "0, " "0, " "0, " "0, " "0, " "0, " "0, " "0, " "0, " "0, " "0, " "0, " "0, " "0, " "0, " "0, " "0, " "0, " "0, " "0, " "0, " "0, " "0, " "0, " "0, " "0, " "0, " "0, " "0, " "0, " "0, " "0, " "0, " "0, " "0, " "0, " "0, " "0, " "0, " "0, " "0, " "0, " "0, " "0, " "0, " "0, " "0, " "0, " "0, " "0, " "0, " "0, " "0, " "0, " "0, " "0, " "0, " "0, " "0, " "0, " "0, " "0, " "0, " "0, " "0, " "0, " "0, " "0, " "0, " "0, " "0, " "0, " "0, " "0, " "0, " "0, " "0, " "0, " "0, " "0, " "0, " "0, " "0, " "0, " "0, " "0, " "0, " "0, " "0, " "0, " "0, " "0, " "0, " "0, " "0, " "0, " "0, " "0, " "0, " "0, " "0, " "0, " "0, " "0, " "0, " "0, " "0, " "0, " "0, " "0, " "0, " "0, " "0, " "0, " "0, " "0, " "0, " "0, " "0, " "0, " "0, " "0, " "0, " "0, " "0, " "0, " "0, " "0, " "0, " "0, " "0, " "0, " "0, " "0, " "0, " "0, " "0, " "0, " "0, " "0, " "0, " "0, " "0, " "0, " "0, " "0, " "0, " "0, " "0, " "0, " "0, " "0, " "0, " "0, " "0, " "0, " "0, " "0, " "0, " "0, " "0, " "0, "0
 "Nei74, 0.026, " "-0.736, " "-0.43, " "0.994, " "-0.963, " "-0.9, " "0.62, " "0.909, " "-0.728, " "0, " "0, " "0, " "0, " "0, " "0, " "0, " "0, " "0, " "0, " "0, " "0, " "0, " "0, " "0, " "0, " "0, " "0, " "0, " "0, " "0, " "0, " "0, " "0, " "0, " "0, " "0, " "0, " "0, " "0, " "0, " "0, " "0, " "0, " "0, " "0, " "0, " "0, " "0, " "0, " "0, " "0, " "0, " "0, " "0, " "0, " "0, " "0, " "0, " "0, " "0, " "0, " "0, " "0, " "0, " "0, " "0, " "0, " "0, " "0, " "0, " "0, " "0, " "0, " "0, " "0, " "0, " "1, " "1, " "1, " "1, " "1, " "1, " "1, " "0, " "1, " "1, " "1, " "1, " "1, " "1, " "1, " "0, " "0, " "0, " "0, " "0, " "0, " "0, " "0, " "0, " "0, " "0, " "0, " "0, " "0, " "0, " "0, " "0, " "0, " "0, " "0, " "0, " "0, " "0, " "0, " "0, " "0, " "0, " "0, " "0, " "0, " "0, " "0, " "0, " "0, " "0, " "0, " "0, " "0, " "0, " "0, " "0, " "0, " "0, " "0, " "0, " "0, " "0, " "0, " "0, " "0, " "0, " "0, " "0, " "0, " "0, " "0, " "0, " "0, " "0, " "0, " "0, " "0, " "0, " "0, " "0, " "0, " "0, " "0, " "0, " "0, " "0, " "0, " "0, " "0, " "0, " "0, " "0, " "0, " "0, " "0, " "0, " "0, " "0, " "0, " "0, " "0, " "0, " "0, " "0, " "0, " "0, " "0, " "0, " "0, " "0, " "0, " "0, " "0, " "0, " "0, " "0, " "0, " "0, " "0, " "0, " "0, " "0, " "0, " "0, " "0, " "0, " "0, " "0, " "0, " "0, " "0, " "0, " "0, " "0, " "0, " "0, " "0, " "0, " "0, " "0, " "0, " "0, " "0, " "0, " "0, " "0, " "0, " "0, " "0, " "0, " "0, " "0, " "0, " "0, " "0, " "0, " "0, " "0, " "0, " "0, " "0, " "0, " "0, " "0, " "0, " "0, " "0, " "0, " "0, " "0, " "0, " "0, " "0, " "0, " "0, " "0, " "0, " "0, " "0, " "0, " "0, " "0, " "0, " "0, " "0, " "0, " "0, " "0, " "0, " "0, "0
 "Nei75, 0.583, " "-0.972, " "-0.187, " "0.73, " "0.761, " "0.908, " "-0.752, " "-0.452, " "-0.528, " "0, " "0, " "0, " "0, " "0, " "0, " "0, " "0, " "0, " "0, " "0, " "0, " "0, " "0, " "0, " "0, " "0, " "0, " "0, " "0, " "0, " "0, " "0, " "0, " "0, " "0, " "0, " "0, " "0, " "0, " "0, " "0, " "0, " "0, " "0, " "0, " "0, " "0, " "0, " "0, " "0, " "0, " "0, " "0, " "0, " "0, " "0, " "0, " "0, " "0, " "0, " "0, " "0, " "0, " "0, " "0, " "0, " "0, " "0, " "0, " "0, " "0, " "0, " "0, " "0, " "0, " "0, " "0, " "1, " "1, " "1, " "1, " "1, " "1, " "1, " "0, " "1, " "1, " "1, " "1, " "1, " "1, " "1, " "0, " "0, " "0, " "0, " "0, " "0, " "0, " "0, " "0, " "0, " "0, " "0, " "0, " "0, " "0, " "0, " "0, " "0, " "0, " "0, " "0, " "0, " "0, " "0, " "0, " "0, " "0, " "0, " "0, " "0, " "0, " "0, " "0, " "0, " "0, " "0, " "0, " "0, " "0, " "0, " "0, " "0, " "0, " "0, " "0, " "0, " "0, " "0, " "0, " "0, " "0, " "0, " "0, " "0, " "0, " "0, " "0, " "0, " "0, " "0, " "0, " "0, " "0, " "0, " "0, " "0, " "0, " "0, " "0, " "0, " "0, " "0, " "0, " "0, " "0, " "0, " "0, " "0, " "0, " "0, " "0, " "0, " "0, " "0, " "0, " "0, " "0, " "0, " "0, " "0, " "0, " "0, " "0, " "0, " "0, " "0, " "0, " "0, " "0, " "0, " "0, " "0, " "0, " "0, " "0, " "0, " "0, " "0, " "0, " "0, " "0, " "0, " "0, " "0, " "0, " "0, " "0, " "0, " "0, " "0, " "0, " "0, " "0, " "0, " "0, " "0, " "0, " "0, " "0, " "0, " "0, " "0, " "0, " "0, " "0, " "0, " "0, " "0, " "0, " "0, " "0, " "0, " "0, " "0, " "0, " "0, " "0, " "0, " "0, " "0, " "0, " "0, " "0, " "0, " "0, " "0, " "0, " "0, " "0, " "0, " "0, " "0, " "0, " "0, " "0, " "0, " "0, " "0, " "0, " "0, " "0, " "0, " "0, " "0, "0
 "Nei76, 0.404, " "0.776, " "0.77, " "-0.91, " "-0.717, " "0.466, " "0.726, " "0.751, " "0.783, " "0, " "0, " "0, " "0, " "0, " "0, " "0, " "0, " "0, " "0, " "0, " "0, " "0, " "0, " "0, " "0, " "0, " "0, " "0, " "0, " "0, " "0, " "0, " "0, " "0, " "0, " "0, " "0, " "0, " "0, " "0, " "0, " "0, " "0, " "0, " "0, " "0, " "0, " "0, " "0, " "0, " "0, " "0, " "0, " "0, " "0, " "0, " "0, " "0, " "0, " "0, " "0, " "0, " "0, " "0, " "0, " "0, " "0, " "0, " "0, " "0, " "0, " "0, " "0, " "0, " "0, " "0, " "0, " "0, " "1, " "1, " "1, " "1, " "1, " "1, " "1, " "0, " "1, " "1, " "1, " "1, " "1, " "1, " "1, " "0, " "0, " "0, " "0, " "0, " "0, " "0, " "0, " "0, " "0, " "0, " "0, " "0, " "0, " "0, " "0, " "0, " "0, " "0, " "0, " "0, " "0, " "0, " "0, " "0, " "0, " "0, " "0, " "0, " "0, " "0, " "0, " "0, " "0, " "0, " "0, " "0, " "0, " "0, " "0, " "0, " "0, " "0, " "0, " "0, " "0, " "0, " "0, " "0, " "0, " "0, " "0, " "0, " "0, " "0, " "0, " "0, " "0, " "0, " "0, " "0, " "0, " "0, " "0, " "0, " "0, " "0, " "0, " "0, " "0, " "0, " "0, " "0, " "0, " "0, " "0, " "0, " "0, " "0, " "0, " "0, " "0, " "0, " "0, " "0, " "0, " "0, " "0, " "0, " "0, " "0, " "0, " "0, " "0, " "0, " "0, " "0, " "0, " "0, " "0, " "0, " "0, " "0, " "0, " "0, " "0, " "0, " "0, " "0, " "0, " "0, " "0, " "0, " "0, " "0, " "0, " "0, " "0, " "0, " "0, " "0, " "0, " "0, " "0, " "0, " "0, " "0, " "0, " "0, " "0, " "0, " "0, " "0, " "0, " "0, " "0, " "0, " "0, " "0, " "0, " "0, " "0, " "0, " "0, " "0, " "0, " "0, " "0, " "0, " "0, " "0, " "0, " "0, " "0, " "0, " "0, " "0, " "0, " "0, " "0, " "0, " "0, " "0, " "0, " "0, " "0, " "0, " "0, " "0, " "0, " "0, " "0, " "0, "0
 "Nei77, 0.14, " "-0.514, " "-0.181, " "0.181, " "-0.603, " "0.634, " "-0.257, " "-0.136, " "-0.697, " "0, " "0, " "0, " "0, " "0, " "0, " "0, " "0, " "0, " "0, " "0, " "0, " "0, " "0, " "0, " "0, " "0, " "0, " "0, " "0, " "0, " "0, " "0, " "0, " "0, " "0, " "0, " "0, " "0, " "0, " "0, " "0, " "0, " "0, " "0, " "0, " "0, " "0, " "0, " "0, " "0, " "0, " "0, " "0, " "0, " "0, " "0, " "0, " "0, " "0, " "0, " "0, " "0, " "0, " "0, " "0, " "0, " "0, " "0, " "0, " "0, " "0, " "0, " "0, " "0, " "0, " "0, " "0, " "0, " "0, " "1, " "1, " "1, " "1, " "1, " "1, " "1, " "0, " "1, " "1, " "1, " "1, " "1, " "1, " "1, " "0, " "0, " "0, " "0, " "0, " "0, " "0, " "0, " "0, " "0, " "0, " "0, " "0, " "0, " "0, " "0, " "0, " "0, " "0, " "0, " "0, " "0, " "0, " "0, " "0, " "0, " "0, " "0, " "0, " "0, " "0, " "0, " "0, " "0, " "0, " "0, " "0, " "0, " "0, " "0, " "0, " "0, " "0, " "0, " "0, " "0, " "0, " "0, " "0, " "0, " "0, " "0, " "0, " "0, " "0, " "0, " "0, " "0, " "0, " "0, " "0, " "0, " "0, " "0, " "0, " "0, " "0, " "0, " "0, " "0, " "0, " "0, " "0, " "0, " "0, " "0, " "0, " "0, " "0, " "0, " "0, " "0, " "0, " "0, " "0, " "0, " "0, " "0, " "0, " "0, " "0, " "0, " "0, " "0, " "0, " "0, " "0, " "0, " "0, " "0, " "0, " "0, " "0, " "0, " "0, " "0, " "0, " "0, " "0, " "0, " "0, " "0, " "0, " "0, " "0, " "0, " "0, " "0, " "0, " "0, " "0, " "0, " "0, " "0, " "0, " "0, " "0, " "0, " "0, " "0, " "0, " "0, " "0, " "0, " "0, " "0, " "0, " "0, " "0, " "0, " "0, " "0, " "0, " "0, " "0, " "0, " "0, " "0, " "0, " "0, " "0, " "0, " "0, " "0, " "0, " "0, " "0, " "0, " "0, " "0, " "0, " "0, " "0, " "0, " "0, " "0, " "0, " "0, " "0, " "0, " "0, " "0, "0
 "Nei78, 0.359, " "-0.354, " "0.324, " "-0.399, " "0.893, " "0.84, " "-0.875, " "-0.915, " "-0.089, " "0, " "0, " "0, " "0, " "0, " "0, " "0, " "0, " "0, " "0, " "0, " "0, " "0, " "0, " "0, " "0, " "0, " "0, " "0, " "0, " "0, " "0, " "0, " "0, " "0, " "0, " "0, " "0, " "0, " "0, " "0, " "0, " "0, " "0, " "0, " "0, " "0, " "0, " "0, " "0, " "0, " "0, " "0, " "0, " "0, " "0, " "0, " "0, " "0, " "0, " "0, " "0, " "0, " "0, " "0, " "0, " "0, " "0, " "0, " "0, " "0, " "0, " "0, " "0, " "0, " "0, " "0, " "0, " "0, " "0, " "0, " "1, " "1, " "1, " "1, " "1, " "1, " "1, " "0, " "1, " "1, " "1, " "1, " "1, " "1, " "1, " "0, " "0, " "0, " "0, " "0, " "0, " "0, " "0, " "0, " "0, " "0, " "0, " "0, " "0, " "0, " "0, " "0, " "0, " "0, " "0, " "0, " "0, " "0, " "0, " "0, " "0, " "0, " "0, " "0, " "0, " "0, " "0, " "0, " "0, " "0, " "0, " "0, " "0, " "0, " "0, " "0, " "0, " "0, " "0, " "0, " "0, " "0, " "0, " "0, " "0, " "0, " "0, " "0, " "0, " "0, " "0, " "0, " "0, " "0, " "0, " "0, " "0, " "0, " "0, " "0, " "0, " "0, " "0, " "0, " "0, " "0, " "0, " "0, " "0, " "0, " "0, " "0, " "0, " "0, " "0, " "0, " "0, " "0, " "0, " "0, " "0, " "0, " "0, " "0, " "0, " "0, " "0, " "0, " "0, " "0, " "0, " "0, " "0, " "0, " "0, " "0, " "0, " "0, " "0, " "0, " "0, " "0, " "0, " "0, " "0, " "0, " "0, " "0, " "0, " "0, " "0, " "0, " "0, " "0, " "0, " "0, " "0, " "0, " "0, " "0, " "0, " "0, " "0, " "0, " "0, " "0, " "0, " "0, " "0, " "0, " "0, " "0, " "0, " "0, " "0, " "0, " "0, " "0, " "0, " "0, " "0, " "0, " "0, " "0, " "0, " "0, " "0, " "0, " "0, " "0, " "0, " "0, " "0, " "0, " "0, " "0, " "0, " "0, " "0, " "0, " "0, " "0, " "0, " "0, " "0, " "0, "0
 "Nei79, 0.052, " "0.325, " "0.197, " "-0.543, " "-0.403, " "-0.071, " "0.605, " "0.888, " "-0.976, " "0, " "0, " "0, " "0, " "0, " "0, " "0, " "0, " "0, " "0, " "0, " "0, " "0, " "0, " "0, " "0, " "0, " "0, " "0, " "0, " "0, " "0, " "0, " "0, " "0, " "0, " "0, " "0, " "0, " "0, " "0, " "0, " "0, " "0, " "0, " "0, " "0, " "0, " "0, " "0, " "0, " "0, " "0, " "0, " "0, " "0, " "0, " "0, " "0, " "0, " "0, " "0, " "0, " "0, " "0, " "0, " "0, " "0, " "0, " "0, " "0, " "0, " "0, " "0, " "0, " "0, " "0, " "0, " "0, " "0, " "0, " "0, " "1, " "1, " "1, " "1, " "1, " "1, " "1, " "0, " "1, " "1, " "1, " "1, " "1, " "1, " "1, " "0, " "0, " "0, " "0, " "0, " "0, " "0, " "0, " "0, " "0, " "0, " "0, " "0, " "0, " "0, " "0, " "0, " "0, " "0, " "0, " "0, " "0, " "0, " "0, " "0, " "0, " "0, " "0, " "0, " "0, " "0, " "0, " "0, " "0, " "0, " "0, " "0, " "0, " "0, " "0, " "0, " "0, " "0, " "0, " "0, " "0, " "0, " "0, " "0, " "0, " "0, " "0, " "0, " "0, " "0, " "0, " "0, " "0, " "0, " "0, " "0, " "0, " "0, " "0, " "0, " "0, " "0, " "0, " "0, " "0, " "0, " "0, " "0, " "0, " "0, " "0, " "0, " "0, " "0, " "0, " "0, " "0, " "0, " "0, " "0, " "0, " "0, " "0, " "0, " "0, " "0, " "0, " "0, " "0, " "0, " "0, " "0, " "0, " "0, " "0, " "0, " "0, " "0, " "0, " "0, " "0, " "0, " "0, " "0, " "0, " "0, " "0, " "0, " "0, " "0, " "0, " "0, " "0, " "0, " "0, " "0, " "0, " "0, " "0, " "0, " "0, " "0, " "0, " "0, " "0, " "0, " "0, " "0, " "0, " "0, " "0, " "0, " "0, " "0, " "0, " "0, " "0, " "0, " "0, " "0, " "0, " "0, " "0, " "0, " "0, " "0, " "0, " "0, " "0, " "0, " "0, " "0, " "0, " "0, " "0, " "0, " "0, " "0, " "0, " "0, " "0, " "0, " "0, " "0, " "0, "0
 "Nei80, 0.011, " "0.643, " "-0.777, " "-0.326, " "-0.833, " "-0.268, " "0.153, " "0.452, " "-0.321, " "0, " "0, " "0, " "0, " "0, " "0, " "0, " "0, " "0, " "0, " "0, " "0, " "0, " "0, " "0, " "0, " "0, " "0, " "0, " "0, " "0, " "0, " "0, " "0, " "0, " "0, " "0, " "0, " "0, " "0, " "0, " "0, " "0, " "0, " "0, " "0, " "0, " "0, " "0, " "0, " "0, " "0, " "0, " "0, " "0, " "0, " "0, " "0, " "0, " "0, " "0, " "0, " "0, " "0, " "0, " "0, " "0, " "0, " "0, " "0, " "0, " "0, " "0, " "0, " "0, " "0, " "0, " "0, " "0, " "0, " "0, " "0, " "0, " "1, " "1, " "1, " "1, " "1, " "1, " "1, " "0, " "1, " "1, " "1, " "1, " "1, " "1, " "1, " "0, " "0, " "0, " "0, " "0, " "0, " "0, " "0, " "0, " "0, " "0, " "0, " "0, " "0, " "0, " "0, " "0, " "0, " "0, " "0, " "0, " "0, " "0, " "0, " "0, " "0, " "0, " "0, " "0, " "0, " "0, " "0, " "0, " "0, " "0, " "0, " "0, " "0, " "0, " "0, " "0, " "0, " "0, " "0, " "0, " "0, " "0, " "0, " "0, " "0, " "0, " "0, " "0, " "0, " "0, " "0, " "0, " "0, " "0, " "0, " "0, " "0, " "0, " "0, " "0, " "0, " "0, " "0, " "0, " "0, " "0, " "0, " "0, " "0, " "0, " "0, " "0, " "0, " "0, " "0, " "0, " "0, " "0, " "0, " "0, " "0, " "0, " "0, " "0, " "0, " "0, " "0, " "0, " "0, " "0, " "0, " "0, " "0, " "0, " "0, " "0, " "0, " "0, " "0, " "0, " "0, " "0, " "0, " "0, " "0, " "0, " "0, " "0, " "0, " "0, " "0, " "0, " "0, " "0, " "0, " "0, " "0, " "0, " "0, " "0, " "0, " "0, " "0, " "0, " "0, " "0, " "0, " "0, " "0, " "0, " "0, " "0, " "0, " "0, " "0, " "0, " "0, " "0, " "0, " "0, " "0, " "0, " "0, " "0, " "0, " "0, " "0, " "0, " "0, " "0, " "0, " "0, " "0, " "0, " "0, " "0, " "0, " "0, " "0, " "0, " "0, " "0, " "0, " "0, "0
 "Nei81, 0.034, " "-0.16, " "-0.144, " "-0.088, " "-0.758, " "-0.583, " "0.072, " "-0.894, " "0.656, " "0, " "0, " "0, " "0, " "0, " "0, " "0, " "0, " "0, " "0, " "0, " "0, " "0, " "0, " "0, " "0, " "0, " "0, " "0, " "0, " "0, " "0, " "0, " "0, " "0, " "0, " "0, " "0, " "0, " "0, " "0, " "0, " "0, " "0, " "0, " "0, " "0, " "0, " "0, " "0, " "0, " "0, " "0, " "0, " "0, " "0, " "0, " "0, " "0, " "0, " "0, " "0, " "0, " "0, " "0, " "0, " "0, " "0, " "0, " "0, " "0, " "0, " "0, " "0, " "0, " "0, " "0, " "0, " "0, " "0, " "0, " "0, " "0, " "0, " "1, " "1, " "1, " "1, " "1, " "1, " "1, " "0, " "1, " "1, " "1, " "1, " "1, " "1, " "1, " "0, " "0, " "0, " "0, " "0, " "0, " "0, " "0, " "0, " "0, " "0, " "0, " "0, " "0, " "0, " "0, " "0, " "0, " "0, " "0, " "0, " "0, " "0, " "0, " "0, " "0, " "0, " "0, " "0, " "0, " "0, " "0, " "0, " "0, " "0, " "0, " "0, " "0, " "0, " "0, " "0, " "0, " "0, " "0, " "0, " "0, " "0, " "0, " "0, " "0, " "0, " "0, " "0, " "0, " "0, " "0, " "0, " "0, " "0, " "0, " "0, " "0, " "0, " "0, " "0, " "0, " "0, " "0, " "0, " "0, " "0, " "0, " "0, " "0, " "0, " "0, " "0, " "0, " "0, " "0, " "0, " "0, " "0, " "0, " "0, " "0, " "0, " "0, " "0, " "0, " "0, " "0, " "0, " "0, " "0, " "0, " "0, " "0, " "0, " "0, " "0, " "0, " "0, " "0, " "0, " "0, " "0, " "0, " "0, " "0, " "0, " "0, " "0, " "0, " "0, " "0, " "0, " "0, " "0, " "0, " "0, " "0, " "0, " "0, " "0, " "0, " "0, " "0, " "0, " "0, " "0, " "0, " "0, " "0, " "0, " "0, " "0, " "0, " "0, " "0, " "0, " "0, " "0, " "0, " "0, " "0, " "0, " "0, " "0, " "0, " "0, " "0, " "0, " "0, " "0, " "0, " "0, " "0, " "0, " "0, " "0, " "0, " "0, " "0, " "0, " "0, " "0, " "0, "0
 "Nei82, 0.435, " "-0.097, " "0.199, " "0.895, " "0.072, " "-0.268, " "-0.518, " "0.944, " "-0.352, " "0, " "0, " "0, " "0, " "0, " "0, " "0, " "0, " "0, " "0, " "0, " "0, " "0, " "0, " "0, " "0, " "0, " "0, " "0, " "0, " "0, " "0, " "0, " "0, " "0, " "0, " "0, " "0, " "0, " "0, " "0, " "0, " "0, " "0, " "0, " "0, " "0, " "0, " "0, " "0, " "0, " "0, " "0, " "0, " "0, " "0, " "0, " "0, " "0, " "0, " "0, " "0, " "0, " "0, " "0, " "0, " "0, " "0, " "0, " "0, " "0, " "0, " "0, " "0, " "0, " "0, " "0, " "0, " "0, " "0, " "0, " "0, " "0, " "0, " "0, " "1, " "1, " "1, " "1, " "1, " "1, " "1, " "0, " "1, " "1, " "1, " "1, " "1, " "1, " "1, " "0, " "0, " "0, " "0, " "0, " "0, " "0, " "0, " "0, " "0, " "0, " "0, " "0, " "0, " "0, " "0, " "0, " "0, " "0, " "0, " "0, " "0, " "0, " "0, " "0, " "0, " "0, " "0, " "0, " "0, " "0, " "0, " "0, " "0, " "0, " "0, " "0, " "0, " "0, " "0, " "0, " "0, " "0, " "0, " "0, " "0, " "0, " "0, " "0, " "0, " "0, " "0, " "0, " "0, " "0, " "0, " "0, " "0, " "0, " "0, " "0, " "0, " "0, " "0, " "0, " "0, " "0, " "0, " "0, " "0, " "0, " "0, " "0, " "0, " "0, " "0, " "0, " "0, " "0, " "0, " "0, " "0, " "0, " "0, " "0, " "0, " "0, " "0, " "0, " "0, " "0, " "0, " "0, " "0, " "0, " "0, " "0, " "0, " "0, " "0, " "0, " "0, " "0, " "0, " "0, " "0, " "0, " "0, " "0, " "0, " "0, " "0, " "0, " "0, " "0, " "0, " "0, " "0, " "0, " "0, " "0, " "0, " "0, " "0, " "0, " "0, " "0, " "0, " "0, " "0, " "0, " "0, " "0, " "0, " "0, " "0, " "0, " "0, " "0, " "0, " "0, " "0, " "0, " "0, " "0, " "0, " "0, " "0, " "0, " "0, " "0, " "0, " "0, " "0, " "0, " "0, " "0, " "0, " "0, " "0, " "0, " "0, " "0, " "0, " "0, " "0, " "0, "0
 "Nei83, 0.089, " "0.861, " "-0.417, " "-0.713, " "0.437, " "0.949, " "-0.38, " "0.783, " "0.372, " "0, " "0, " "0, " "0, " "0, " "0, " "0, " "0, " "0, " "0, " "0, " "0, " "0, " "0, " "0, " "0, " "0, " "0, " "0, " "0, " "0, " "0, " "0, " "0, " "0, " "0, " "0, " "0, " "0, " "0, " "0, " "0, " "0, " "0, " "0, " "0, " "0, " "0, " "0, " "0, " "0, " "0, " "0, " "0, " "0, " "0, " "0, " "0, " "0, " "0, " "0, " "0, " "0, " "0, " "0, " "0, " "0, " "0, " "0, " "0, " "0, " "0, " "0, " "0, " "0, " "0, " "0, " "0, " "0, " "0, " "0, " "0, " "0, " "0, " "0, " "0, " "1, " "1, " "1, " "1, " "1, " "1, " "1, " "0, " "1, " "1, " "1, " "1, " "1, " "1, " "1, " "0, " "0, " "0, " "0, " "0, " "0, " "0, " "0, " "0, " "0, " "0, " "0, " "0, " "0, " "0, " "0, " "0, " "0, " "0, " "0, " "0, " "0, " "0, " "0, " "0, " "0, " "0, " "0, " "0, " "0, " "0, " "0, " "0, " "0, " "0, " "0, " "0, " "0, " "0, " "0, " "0, " "0, " "0, " "0, " "0, " "0, " "0, " "0, " "0, " "0, " "0, " "0, " "0, " "0, " "0, " "0, " "0, " "0, " "0, " "0, " "0, " "0, " "0, " "0, " "0, " "0, " "0, " "0, " "0, " "0, " "0, " "0, " "0, " "0, " "0, " "0, " "0, " "0, " "0, " "0, " "0, " "0, " "0, " "0, " "0, " "0, " "0, " "0, " "0, " "0, " "0, " "0, " "0, " "0, " "0, " "0, " "0, " "0, " "0, " "0, " "0, " "0, " "0, " "0, " "0, " "0, " "0, " "0, " "0, " "0, " "0, " "0, " "0, " "0, " "0, " "0, " "0, " "0, " "0, " "0, " "0, " "0, " "0, " "0, " "0, " "0, " "0, " "0, " "0, " "0, " "0, " "0, " "0, " "0, " "0, " "0, " "0, " "0, " "0, " "0, " "0, " "0, " "0, " "0, " "0, " "0, " "0, " "0, " "0, " "0, " "0, " "0, " "0, " "0, " "0, " "0, " "0, " "0, " "0, " "0, " "0, " "0, " "0, " "0, " "0, " "0, "0
 "Nei84, 0.414, " "0.224, " "-0.02, " "-0.6, " "-0.098, " "-0.02, " "-0.66, " "-0.909, " "0.353, " "0, " "0, " "0, " "0, " "0, " "0, " "0, " "0, " "0, " "0, " "0, " "0, " "0, " "0, " "0, " "0, " "0, " "0, " "0, " "0, " "0, " "0, " "0, " "0, " "0, " "0, " "0, " "0, " "0, " "0, " "0, " "0, " "0, " "0, " "0, " "0, " "0, " "0, " "0, " "0, " "0, " "0, " "0, " "0, " "0, " "0, " "0, " "0, " "0, " "0, " "0, " "0, " "0, " "0, " "0, " "0, " "0, " "0, " "0, " "0, " "0, " "0, " "0, " "0, " "0, " "0, " "0, " "0, " "0, " "0, " "0, " "0, " "0, " "0, " "0, " "0, " "0, " "1, " "1, " "1, " "1, " "1, " "1, " "1, " "0, " "1, " "1, " "1, " "1, " "1, " "1, " "1, " "0, " "0, " "0, " "0, " "0, " "0, " "0, " "0, " "0, " "0, " "0, " "0, " "0, " "0, " "0, " "0, " "0, " "0, " "0, " "0, " "0, " "0, " "0, " "0, " "0, " "0, " "0, " "0, " "0, " "0, " "0, " "0, " "0, " "0, " "0, " "0, " "0, " "0, " "0, " "0, " "0, " "0, " "0, " "0, " "0, " "0, " "0, " "0, " "0, " "0, " "0, " "0, " "0, " "0, " "0, " "0, " "0, " "0, " "0, " "0, " "0, " "0, " "0, " "0, " "0, " "0, " "0, " "0, " "0, " "0, " "0, " "0, " "0, " "0, " "0, " "0, " "0, " "0, " "0, " "0, " "0, " "0, " "0, " "0, " "0, " "0, " "0, " "0, " "0, " "0, " "0, " "0, " "0, " "0, " "0, " "0, " "0, " "0, " "0, " "0, " "0, " "0, " "0, " "0, " "0, " "0, " "0, " "0, " "0, " "0, " "0, " "0, " "0, " "0, " "0, " "0, " "0, " "0, " "0, " "0, " "0, " "0, " "0, " "0, " "0, " "0, " "0, " "0, " "0, " "0, " "0, " "0, " "0, " "0, " "0, " "0, " "0, " "0, " "0, " "0, " "0, " "0, " "0, " "0, " "0, " "0, " "0, " "0, " "0, " "0, " "0, " "0, " "0, " "0, " "0, " "0, " "0, " "0, " "0, " "0, " "0, " "0, " "0, " "0, " "0, "0
 "Nei85, 0.541, " "-0.631, " "-0.76, " "0.295, " "0.228, " "0.61, " "0.981, " "-0.894, " "0.141, " "0, " "0, " "0, " "0, " "0, " "0, " "0, " "0, " "0, " "0, " "0, " "0, " "0, " "0, " "0, " "0, " "0, " "0, " "0, " "0, " "0, " "0, " "0, " "0, " "0, " "0, " "0, " "0, " "0, " "0, " "0, " "0, " "0, " "0, " "0, " "0, " "0, " "0, " "0, " "0, " "0, " "0, " "0, " "0, " "0, " "0, " "0, " "0, " "0, " "0, " "0, " "0, " "0, " "0, " "0, " "0, " "0, " "0, " "0, " "0, " "0, " "0, " "0, " "0, " "0, " "0, " "0, " "0, " "0, " "0, " "0, " "0, " "0, " "0, " "0, " "0, " "0, " "0, " "1, " "1, " "1, " "1, " "1, " "1, " "1, " "0, " "1, " "1, " "1, " "1, " "1, " "1, " "1, " "0, " "0, " "0, " "0, " "0, " "0, " "0, " "0, " "0, " "0, " "0, " "0, " "0, " "0, " "0, " "0, " "0, " "0, " "0, " "0, " "0, " "0, " "0, " "0, " "0, " "0, " "0, " "0, " "0, " "0, " "0, " "0, " "0, " "0, " "0, " "0, " "0, " "0, " "0, " "0, " "0, " "0, " "0, " "0, " "0, " "0, " "0, " "0, " "0, " "0, " "0, " "0, " "0, " "0, " "0, " "0, " "0, " "0, " "0, " "0, " "0, " "0, " "0, " "0, " "0, " "0, " "0, " "0, " "0, " "0, " "0, " "0, " "0, " "0, " "0, " "0, " "0, " "0, " "0, " "0, " "0, " "0, " "0, " "0, " "0, " "0, " "0, " "0, " "0, " "0, " "0, " "0, " "0, " "0, " "0, " "0, " "0, " "0, " "0, " "0, " "0, " "0, " "0, " "0, " "0, " "0, " "0, " "0, " "0, " "0, " "0, " "0, " "0, " "0, " "0, " "0, " "0, " "0, " "0, " "0, " "0, " "0, " "0, " "0, " "0, " "0, " "0, " "0, " "0, " "0, " "0, " "0, " "0, " "0, " "0, " "0, " "0, " "0, " "0, " "0, " "0, " "0, " "0, " "0, " "0, " "0, " "0, " "0, " "0, " "0, " "0, " "0, " "0, " "0, " "0, " "0, " "0, " "0, " "0, " "0, " "0, " "0, " "0, " "0, "0
 "Nei86, 0.174, " "-0.185, " "-0.532, " "-0.55, " "0.112, " "-0.696, " "-0.092, " "-0.198, " "0.184, " "0, " "0, " "0, " "0, " "0, " "0, " "0, " "0, " "0, " "0, " "0, " "0, " "0, " "0, " "0, " "0, " "0, " "0, " "0, " "0, " "0, " "0, " "0, " "0, " "0, " "0, " "0, " "0, " "0, " "0, " "0, " "0, " "0, " "0, " "0, " "0, " "0, " "0, " "0, " "0, " "0, " "0, " "0, " "0, " "0, " "0, " "0, " "0, " "0, " "0, " "0, " "0, " "0, " "0, " "0, " "0, " "0, " "0, " "0, " "0, " "0, " "0, " "0, " "0, " "0, " "0, " "0, " "0, " "0, " "0, " "0, " "0, " "0, " "0, " "0, " "0, " "0, " "0, " "0, " "1, " "1, " "1, " "1, " "1, " "1, " "1, " "0, " "1, " "1, " "1, " "1, " "1, " "1, " "1, " "0, " "0, " "0, " "0, " "0, " "0, " "0, " "0, " "0, " "0, " "0, " "0, " "0, " "0, " "0, " "0, " "0, " "0, " "0, " "0, " "0, " "0, " "0, " "0, " "0, " "0, " "0, " "0, " "0, " "0, " "0, " "0, " "0, " "0, " "0, " "0, " "0, " "0, " "0, " "0, " "0, " "0, " "0, " "0, " "0, " "0, " "0, " "0, " "0, " "0, " "0, " "0, " "0, " "0, " "0, " "0, " "0, " "0, " "0, " "0, " "0, " "0, " "0, " "0, " "0, " "0, " "0, " "0, " "0, " "0, " "0, " "0, " "0, " "0, " "0, " "0, " "0, " "0, " "0, " "0, " "0, " "0, " "0, " "0, " "0, " "0, " "0, " "0, " "0, " "0, " "0, " "0, " "0, " "0, " "0, " "0, " "0, " "0, " "0, " "0, " "0, " "0, " "0, " "0, " "0, " "0, " "0, " "0, " "0, " "0, " "0, " "0, " "0, " "0, " "0, " "0, " "0, " "0, " "0, " "0, " "0, " "0, " "0, " "0, " "0, " "0, " "0, " "0, " "0, " "0, " "0, " "0, " "0, " "0, " "0, " "0, " "0, " "0, " "0, " "0, " "0, " "0, " "0, " "0, " "0, " "0, " "0, " "0, " "0, " "0, " "0, " "0, " "0, " "0, " "0, " "0, " "0, " "0, " "0, " "0, " "0, " "0, " "0, "0
 "Nei87, 0.13, " "0.853, " "0.526, " "0.579, " "-0.669, " "-0.84, " "-0.22, " "-0.188, " "-0.369, " "0, " "0, " "0, " "0, " "0, " "0, " "0, " "0, " "0, " "0, " "0, " "0, " "0, " "0, " "0, " "0, " "0, " "0, " "0, " "0, " "0, " "0, " "0, " "0, " "0, " "0, " "0, " "0, " "0, " "0, " "0, " "0, " "0, " "0, " "0, " "0, " "0, " "0, " "0, " "0, " "0, " "0, " "0, " "0, " "0, " "0, " "0, " "0, " "0, " "0, " "0, " "0, " "0, " "0, " "0, " "0, " "0, " "0, " "0, " "0, " "0, " "0, " "0, " "0, " "0, " "0, " "0, " "0, " "0, " "0, " "0, " "0, " "0, " "0, " "0, " "0, " "0, " "0, " "0, " "0, " "1, " "1, " "1, " "1, " "1, " "1, " "1, " "0, " "1, " "1, " "1, " "1, " "1, " "1, " "1, " "0, " "0, " "0, " "0, " "0, " "0, " "0, " "0, " "0, " "0, " "0, " "0, " "0, " "0, " "0, " "0, " "0, " "0, " "0, " "0, " "0, " "0, " "0, " "0, " "0, " "0, " "0, " "0, " "0, " "0, " "0, " "0, " "0, " "0, " "0, " "0, " "0, " "0, " "0, " "0, " "0, " "0, " "0, " "0, " "0, " "0, " "0, " "0, " "0, " "0, " "0, " "0, " "0, " "0, " "0, " "0, " "0, " "0, " "0, " "0, " "0, " "0, " "0, " "0, " "0, " "0, " "0, " "0, " "0, " "0, " "0, " "0, " "0, " "0, " "0, " "0, " "0, " "0, " "0, " "0, " "0, " "0, " "0, " "0, " "0, " "0, " "0, " "0, " "0, " "0, " "0, " "0, " "0, " "0, " "0, " "0, " "0, " "0, " "0, " "0, " "0, " "0, " "0, " "0, " "0, " "0, " "0, " "0, " "0, " "0, " "0, " "0, " "0, " "0, " "0, " "0, " "0, " "0, " "0, " "0, " "0, " "0, " "0, " "0, " "0, " "0, " "0, " "0, " "0, " "0, " "0, " "0, " "0, " "0, " "0, " "0, " "0, " "0, " "0, " "0, " "0, " "0, " "0, " "0, " "0, " "0, " "0, " "0, " "0, " "0, " "0, " "0, " "0, " "0, " "0, " "0, " "0, " "0, " "0, " "0, " "0, " "0, "0
 "Nei88, 0.404, " "-0.156, " "0.616, " "-0.81, " "0.05, " "0.851, " "0.139, " "0.791, " "0.681, " "0, " "0, " "0, " "0, " "0, " "0, " "0, " "0, " "0, " "0, " "0, " "0, " "0, " "0, " "0, " "0, " "0, " "0, " "0, " "0, " "0, " "0, " "0, " "0, " "0, " "0, " "0, " "0, " "0, " "0, " "0, " "0, " "0, " "0, " "0, " "0, " "0, " "0, " "0, " "0, " "0, " "0, " "0, " "0, " "0, " "0, " "0, " "0, " "0, " "0, " "0, " "0, " "0, " "0, " "0, " "0, " "0, " "0, " "0, " "0, " "0, " "0, " "0, " "0, " "0, " "0, " "0, " "0, " "0, " "0, " "0, " "0, " "0, " "0, " "0, " "0, " "0, " "0, " "0, " "0, " "0, " "1, " "1, " "1, " "1, " "1, " "1, " "1, " "0, " "1, " "1, " "1, " "1, " "1, " "1, " "1, " "0, " "0, " "0, " "0, " "0, " "0, " "0, " "0, " "0, " "0, " "0, " "0, " "0, " "0, " "0, " "0, " "0, " "0, " "0, " "0, " "0, " "0, " "0, " "0, " "0, " "0, " "0, " "0, " "0, " "0, " "0, " "0, " "0, " "0, " "0, " "0, " "0, " "0, " "0, " "0, " "0, " "0, " "0, " "0, " "0, " "0, " "0, " "0, " "0, " "0, " "0, " "0, " "0, " "0, " "0, " "0, " "0, " "0, " "0, " "0, " "0, " "0, " "0, " "0, " "0, " "0, " "0, " "0, " "0, " "0, " "0, " "0, " "0, " "0, " "0, " "0, " "0, " "0, " "0, " "0, " "0, " "0, " "0, " "0, " "0, " "0, " "0, " "0, " "0, " "0, " "0, " "0, " "0, " "0, " "0, " "0, " "0, " "0, " "0, " "0, " "0, " "0, " "0, " "0, " "0, " "0, " "0, " "0, " "0, " "0, " "0, " "0, " "0, " "0, " "0, " "0, " "0, " "0, " "0, " "0, " "0, " "0, " "0, " "0, " "0, " "0, " "0, " "0, " "0, " "0, " "0, " "0, " "0, " "0, " "0, " "0, " "0, " "0, " "0, " "0, " "0, " "0, " "0, " "0, " "0, " "0, " "0, " "0, " "0, " "0, " "0, " "0, " "0, " "0, " "0, " "0, " "0, " "0, " "0, " "0, " "0, "0
 "Nei89, 0.516, " "-0.561, " "-0.564, " "0.894, " "0.733, " "-0.502, " "-0.834, " "-0.355, " "0.935, " "0, " "0, " "0, " "0, " "0, " "0, " "0, " "0, " "0, " "0, " "0, " "0, " "0, " "0, " "0, " "0, " "0, " "0, " "0, " "0, " "0, " "0, " "0, " "0, " "0, " "0, " "0, " "0, " "0, " "0, " "0, " "0, " "0, " "0, " "0, " "0, " "0, " "0, " "0, " "0, " "0, " "0, " "0, " "0, " "0, " "0, " "0, " "0, " "0, " "0, " "0, " "0, " "0, " "0, " "0, " "0, " "0, " "0, " "0, " "0, " "0, " "0, " "0, " "0, " "0, " "0, " "0, " "0, " "0, " "0, " "0, " "0, " "0, " "0, " "0, " "0, " "0, " "0, " "0, " "0, " "0, " "0, " "1, " "1, " "1, " "1, " "1, " "1, " "1, " "0, " "1, " "1, " "1, " "1, " "1, " "1, " "1, " "0, " "0, " "0, " "0, " "0, " "0, " "0, " "0, " "0, " "0, " "0, " "0, " "0, " "0, " "0, " "0, " "0, " "0, " "0, " "0, " "0, " "0, " "0, " "0, " "0, " "0, " "0, " "0, " "0, " "0, " "0, " "0, " "0, " "0, " "0, " "0, " "0, " "0, " "0, " "0, " "0, " "0, " "0, " "0, " "0, " "0, " "0, " "0, " "0, " "0, " "0, " "0, " "0, " "0, " "0, " "0, " "0, " "0, " "0, " "0, " "0, " "0, " "0, " "0, " "0, " "0, " "0, " "0, " "0, " "0, " "0, " "0, " "0, " "0, " "0, " "0, " "0, " "0, " "0, " "0, " "0, " "0, " "0, " "0, " "0, " "0, " "0, " "0, " "0, " "0, " "0, " "0, " "0, " "0, " "0, " "0, " "0, " "0, " "0, " "0, " "0, " "0, " "0, " "0, " "0, " "0, " "0, " "0, " "0, " "0, " "0, " "0, " "0, " "0, " "0, " "0, " "0, " "0, " "0, " "0, " "0, " "0, " "0, " "0, " "0, " "0, " "0, " "0, " "0, " "0, " "0, " "0, " "0, " "0, " "0, " "0, " "0, " "0, " "0, " "0, " "0, " "0, " "0, " "0, " "0, " "0, " "0, " "0, " "0, " "0, " "0, " "0, " "0, " "0, " "0, " "0, " "0, " "0, " "0, " "0, "0
 "Nei90, 0.488, " "0.951, " "-0.424, " "0.613, " "0.161, " "-0.178, " "-0.708, " "-0.781, " "-0.554, " "0, " "0, " "0, " "0, " "0, " "0, " "0, " "0, " "0, " "0, " "0, " "0, " "0, " "0, " "0, " "0, " "0, " "0, " "0, " "0, " "0, " "0, " "0, " "0, " "0, " "0, " "0, " "0, " "0, " "0, " "0, " "0, " "0, " "0, " "0, " "0, " "0, " "0, " "0, " "0, " "0, " "0, " "0, " "0, " "0, " "0, " "0, " "0, " "0, " "0, " "0, " "0, " "0, " "0, " "0, " "0, " "0, " "0, " "0, " "0, " "0, " "0, " "0, " "0, " "0, " "0, " "0, " "0, " "0, " "0, " "0, " "0, " "0, " "0, " "0, " "0, " "0, " "0, " "0, " "0, " "0, " "0, " "0, " "1, " "1, " "1, " "1, " "1, " "1, " "1, " "0, " "1, " "1, " "1, " "1, " "1, " "1, " "1, " "0, " "0, " "0, " "0, " "0, " "0, " "0, " "0, " "0, " "0, " "0, " "0, " "0, " "0, " "0, " "0, " "0, " "0, " "0, " "0, " "0, " "0, " "0, " "0, " "0, " "0, " "0, " "0, " "0, " "0, " "0, " "0, " "0, " "0, " "0, " "0, " "0, " "0, " "0, " "0, " "0, " "0, " "0, " "0, " "0, " "0, " "0, " "0, " "0, " "0, " "0, " "0, " "0, " "0, " "0, " "0, " "0, " "0, " "0, " "0, " "0, " "0, " "0, " "0, " "0, " "0, " "0, " "0, " "0, " "0, " "0, " "0, " "0, " "0, " "0, " "0, " "0, " "0, " "0, " "0, " "0, " "0, " "0, " "0, " "0, " "0, " "0, " "0, " "0, " "0, " "0, " "0, " "0, " "0, " "0, " "0, " "0, " "0, " "0, " "0, " "0, " "0, " "0, " "0, " "0, " "0, " "0, " "0, " "0, " "0, " "0, " "0, " "0, " "0, " "0, " "0, " "0, " "0, " "0, " "0, " "0, " "0, " "0, " "0, " "0, " "0, " "0, " "0, " "0, " "0, " "0, " "0, " "0, " "0, " "0, " "0, " "0, " "0, " "0, " "0, " "0, " "0, " "0, " "0, " "0, " "0, " "0, " "0, " "0, " "0, " "0, " "0, " "0, " "0, " "0, " "0, " "0, " "0, " "0, "0
 "Nei91, 0.171, " "0.257, " "-0.7, " "-0.279, " "0.329, " "-0.089, " "0.636, " "-0.617, " "-0.002, " "0, " "0, " "0, " "0, " "0, " "0, " "0, " "0, " "0, " "0, " "0, " "0, " "0, " "0, " "0, " "0, " "0, " "0, " "0, " "0, " "0, " "0, " "0, " "0, " "0, " "0, " "0, " "0, " "0, " "0, " "0, " "0, " "0, " "0, " "0, " "0, " "0, " "0, " "0, " "0, " "0, " "0, " "0, " "0, " "0, " "0, " "0, " "0, " "0, " "0, " "0, " "0, " "0, " "0, " "0, " "0, " "0, " "0, " "0, " "0, " "0, " "0, " "0, " "0, " "0, " "0, " "0, " "0, " "0, " "0, " "0, " "0, " "0, " "0, " "0, " "0, " "0, " "0, " "0, " "0, " "0, " "0, " "0, " "0, " "1, " "1, " "1, " "1, " "1, " "1, " "1, " "0, " "1, " "1, " "1, " "1, " "1, " "1, " "1, " "0, " "0, " "0, " "0, " "0, " "0, " "0, " "0, " "0, " "0, " "0, " "0, " "0, " "0, " "0, " "0, " "0, " "0, " "0, " "0, " "0, " "0, " "0, " "0, " "0, " "0, " "0, " "0, " "0, " "0, " "0, " "0, " "0, " "0, " "0, " "0, " "0, " "0, " "0, " "0, " "0, " "0, " "0, " "0, " "0, " "0, " "0, " "0, " "0, " "0, " "0, " "0, " "0, " "0, " "0, " "0, " "0, " "0, " "0, " "0, " "0, " "0, " "0, " "0, " "0, " "0, " "0, " "0, " "0, " "0, " "0, " "0, " "0, " "0, " "0, " "0, " "0, " "0, " "0, " "0, " "0, " "0, " "0, " "0, " "0, " "0, " "0, " "0, " "0, " "0, " "0, " "0, " "0, " "0, " "0, " "0, " "0, " "0, " "0, " "0, " "0, " "0, " "0, " "0, " "0, " "0, " "0, " "0, " "0, " "0, " "0, " "0, " "0, " "0, " "0, " "0, " "0, " "0, " "0, " "0, " "0, " "0, " "0, " "0, " "0, " "0, " "0, " "0, " "0, " "0, " "0, " "0, " "0, " "0, " "0, " "0, " "0, " "0, " "0, " "0, " "0, " "0, " "0, " "0, " "0, " "0, " "0, " "0, " "0, " "0, " "0, " "0, " "0, " "0, " "0, " "0, " "0, " "0, "0
 "Nei92, 0.42, " "-0.211, " "-0.682, " "0.028, " "-0.958, " "0.267, " "-0.584, " "0.793, " "-0.822, " "0, " "0, " "0, " "0, " "0, " "0, " "0, " "0, " "0, " "0, " "0, " "0, " "0, " "0, " "0, " "0, " "0, " "0, " "0, " "0, " "0, " "0, " "0, " "0, " "0, " "0, " "0, " "0, " "0, " "0, " "0, " "0, " "0, " "0, " "0, " "0, " "0, " "0, " "0, " "0, " "0, " "0, " "0, " "0, " "0, " "0, " "0, " "0, " "0, " "0, " "0, " "0, " "0, " "0, " "0, " "0, " "0, " "0, " "0, " "0, " "0, " "0, " "0, " "0, " "0, " "0, " "0, " "0, " "0, " "0, " "0, " "0, " "0, " "0, " "0, " "0, " "0, " "0, " "0, " "0, " "0, " "0, " "0, " "0, " "0, " "1, " "1, " "1, " "1, " "1, " "1, " "1, " "0, " "1, " "1, " "1, " "1, " "1, " "1, " "1, " "0, " "0, " "0, " "0, " "0, " "0, " "0, " "0, " "0, " "0, " "0, " "0, " "0, " "0, " "0, " "0, " "0, " "0, " "0, " "0, " "0, " "0, " "0, " "0, " "0, " "0, " "0, " "0, " "0, " "0, " "0, " "0, " "0, " "0, " "0, " "0, " "0, " "0, " "0, " "0, " "0, " "0, " "0, " "0, " "0, " "0, " "0, " "0, " "0, " "0, " "0, " "0, " "0, " "0, " "0, " "0, " "0, " "0, " "0, " "0, " "0, " "0, " "0, " "0, " "0, " "0, " "0, " "0, " "0, " "0, " "0, " "0, " "0, " "0, " "0, " "0, " "0, " "0, " "0, " "0, " "0, " "0, " "0, " "0, " "0, " "0, " "0, " "0, " "0, " "0, " "0, " "0, " "0, " "0, " "0, " "0, " "0, " "0, " "0, " "0, " "0, " "0, " "0, " "0, " "0, " "0, " "0, " "0, " "0, " "0, " "0, " "0, " "0, " "0, " "0, " "0, " "0, " "0, " "0, " "0, " "0, " "0, " "0, " "0, " "0, " "0, " "0, " "0, " "0, " "0, " "0, " "0, " "0, " "0, " "0, " "0, " "0, " "0, " "0, " "0, " "0, " "0, " "0, " "0, " "0, " "0, " "0, " "0, " "0, " "0, " "0, " "0, " "0, " "0, " "0, " "0, " "0, "0
 "Nei93, 0.584, " "0.016, " "0.458, " "-0.184, " "-0.039, " "0.556, " "0.155, " "0.497, " "-0.345, " "0, " "0, " "0, " "0, " "0, " "0, " "0, " "0, " "0, " "0, " "0, " "0, " "0, " "0, " "0, " "0, " "0, " "0, " "0, " "0, " "0, " "0, " "0, " "0, " "0, " "0, " "0, " "0, " "0, " "0, " "0, " "0, " "0, " "0, " "0, " "0, " "0, " "0, " "0, " "0, " "0, " "0, " "0, " "0, " "0, " "0, " "0, " "0, " "0, " "0, " "0, " "0, " "0, " "0, " "0, " "0, " "0, " "0, " "0, " "0, " "0, " "0, " "0, " "0, " "0, " "0, " "0, " "0, " "0, " "0, " "0, " "0, " "0, " "0, " "0, " "0, " "0, " "0, " "0, " "0, " "0, " "0, " "0, " "0, " "0, " "0, " "1, " "1, " "1, " "1, " "1, " "1, " "1, " "0, " "1, " "1, " "1, " "1, " "1, " "1, " "1, " "0, " "0, " "0, " "0, " "0, " "0, " "0, " "0, " "0, " "0, " "0, " "0, " "0, " "0, " "0, " "0, " "0, " "0, " "0, " "0, " "0, " "0, " "0, " "0, " "0, " "0, " "0, " "0, " "0, " "0, " "0, " "0, " "0, " "0, " "0, " "0, " "0, " "0, " "0, " "0, " "0, " "0, " "0, " "0, " "0, " "0, " "0, " "0, " "0, " "0, " "0, " "0, " "0, " "0, " "0, " "0, " "0, " "0, " "0, " "0, " "0, " "0, " "0, " "0, " "0, " "0, " "0, " "0, " "0, " "0, " "0, " "0, " "0, " "0, " "0, " "0, " "0, " "0, " "0, " "0, " "0, " "0, " "0, " "0, " "0, " "0, " "0, " "0, " "0, " "0, " "0, " "0, " "0, " "0, " "0, " "0, " "0, " "0, " "0, " "0, " "0, " "0, " "0, " "0, " "0, " "0, " "0, " "0, " "0, " "0, " "0, " "0, " "0, " "0, " "0, " "0, " "0, " "0, " "0, " "0, " "0, " "0, " "0, " "0, " "0, " "0, " "0, " "0, " "0, " "0, " "0, " "0, " "0, " "0, " "0, " "0, " "0, " "0, " "0, " "0, " "0, " "0, " "0, " "0, " "0, " "0, " "0, " "0, " "0, " "0, " "0, " "0, " "0, " "0, " "0, " "0, "0
 "Nei94, 0.573, " "0.832, " "-0.231, " "-0.984, " "0.969, " "0.011, " "0.892, " "-0.239, " "-0.754, " "0, " "0, " "0, " "0, " "0, " "0, " "0, " "0, " "0, " "0, " "0, " "0, " "0, " "0, " "0, " "0, " "0, " "0, " "0, " "0, " "0, " "0, " "0, " "0, " "0, " "0, " "0, " "0, " "0, " "0, " "0, " "0, " "0, " "0, " "0, " "0, " "0, " "0, " "0, " "0, " "0, " "0, " "0, " "0, " "0, " "0, " "0, " "0, " "0, " "0, " "0, " "0, " "0, " "0, " "0, " "0, " "0, " "0, " "0, " "0, " "0, " "0, " "0, " "0, " "0, " "0, " "0, " "0, " "0, " "0, " "0, " "0, " "0, " "0, " "0, " "0, " "0, " "0, " "0, " "0, " "0, " "0, " "0, " "0, " "0, " "0, " "0, " "1, " "1, " "1, " "1, " "1, " "1, " "1, " "0, " "1, " "1, " "1, " "1, " "1, " "1, " "1, " "0, " "0, " "0, " "0, " "0, " "0, " "0, " "0, " "0, " "0, " "0, " "0, " "0, " "0, " "0, " "0, " "0, " "0, " "0, " "0, " "0, " "0, " "0, " "0, " "0, " "0, " "0, " "0, " "0, " "0, " "0, " "0, " "0, " "0, " "0, " "0, " "0, " "0, " "0, " "0, " "0, " "0, " "0, " "0, " "0, " "0, " "0, " "0, " "0, " "0, " "0, " "0, " "0, " "0, " "0, " "0, " "0, " "0, " "0, " "0, " "0, " "0, " "0, " "0, " "0, " "0, " "0, " "0, " "0, " "0, " "0, " "0, " "0, " "0, " "0, " "0, " "0, " "0, " "0, " "0, " "0, " "0, " "0, " "0, " "0, " "0, " "0, " "0, " "0, " "0, " "0, " "0, " "0, " "0, " "0, " "0, " "0, " "0, " "0, " "0, " "0, " "0, " "0, " "0, " "0, " "0, " "0, " "0, " "0, " "0, " "0, " "0, " "0, " "0, " "0, " "0, " "0, " "0, " "0, " "0, " "0, " "0, " "0, " "0, " "0, " "0, " "0, " "0, " "0, " "0, " "0, " "0, " "0, " "0, " "0, " "0, " "0, " "0, " "0, " "0, " "0, " "0, " "0, " "0, " "0, " "0, " "0, " "0, " "0, " "0, " "0, " "0, " "0, " "0, " "0, "0
 "Nei95, 0.004, " "0.086, " "0.528, " "0.607, " "0.646, " "0.491, " "0.174, " "-0.925, " "0.823, " "0, " "0, " "0, " "0, " "0, " "0, " "0, " "0, " "0, " "0, " "0, " "0, " "0, " "0, " "0, " "0, " "0, " "0, " "0, " "0, " "0, " "0, " "0, " "0, " "0, " "0, " "0, " "0, " "0, " "0, " "0, " "0, " "0, " "0, " "0, " "0, " "0, " "0, " "0, " "0, " "0, " "0, " "0, " "0, " "0, " "0, " "0, " "0, " "0, " "0, " "0, " "0, " "0, " "0, " "0, " "0, " "0, " "0, " "0, " "0, " "0, " "0, " "0, " "0, " "0, " "0, " "0, " "0, " "0, " "0, " "0, " "0, " "0, " "0, " "0, " "0, " "0, " "0, " "0, " "0, " "0, " "0, " "0, " "0, " "0, " "0, " "0, " "0, " "1, " "1, " "1, " "1, " "1, " "1, " "1, " "0, " "1, " "1, " "1, " "1, " "1, " "1, " "1, " "0, " "0, " "0, " "0, " "0, " "0, " "0, " "0, " "0, " "0, " "0, " "0, " "0, " "0, " "0, " "0, " "0, " "0, " "0, " "0, " "0, " "0, " "0, " "0, " "0, " "0, " "0, " "0, " "0, " "0, " "0, " "0, " "0, " "0, " "0, " "0, " "0, " "0, " "0, " "0, " "0, " "0, " "0, " "0, " "0, " "0, " "0, " "0, " "0, " "0, " "0, " "0, " "0, " "0, " "0, " "0, " "0, " "0, " "0, " "0, " "0, " "0, " "0, " "0, " "0, " "0, " "0, " "0, " "0, " "0, " "0, " "0, " "0, " "0, " "0, " "0, " "0, " "0, " "0, " "0, " "0, " "0, " "0, " "0, " "0, " "0, " "0, " "0, " "0, " "0, " "0, " "0, " "0, " "0, " "0, " "0, " "0, " "0, " "0, " "0, " "0, " "0, " "0, " "0, " "0, " "0, " "0, " "0, " "0, " "0, " "0, " "0, " "0, " "0, " "0, " "0, " "0, " "0, " "0, " "0, " "0, " "0, " "0, " "0, " "0, " "0, " "0, " "0, " "0, " "0, " "0, " "0, " "0, " "0, " "0, " "0, " "0, " "0, " "0, " "0, " "0, " "0, " "0, " "0, " "0, " "0, " "0, " "0, " "0, " "0, " "0, " "0, " "0, " "0, "0
 "Nei96, 0.449, " "0.535, " "-0.333, " "-0.838, " "0.242, " "0.02, " "-0.035, " "-0.473, " "0.323, " "0, " "0, " "0, " "0, " "0, " "0, " "0, " "0, " "0, " "0, " "0, " "0, " "0, " "0, " "0, " "0, " "0, " "0, " "0, " "0, " "0, " "0, " "0, " "0, " "0, " "0, " "0, " "0, " "0, " "0, " "0, " "0, " "0, " "0, " "0, " "0, " "0, " "0, " "0, " "0, " "0, " "0, " "0, " "0, " "0, " "0, " "0, " "0, " "0, " "0, " "0, " "0, " "0, " "0, " "0, " "0, " "0, " "0, " "0, " "0, " "0, " "0, " "0, " "0, " "0, " "0, " "0, " "0, " "0, " "0, " "0, " "0, " "0, " "0, " "0, " "0, " "0, " "0, " "0, " "0, " "0, " "0, " "0, " "0, " "0, " "0, " "0, " "0, " "0, " "1, " "1, " "1, " "1, " "1, " "1, " "1, " "0, " "1, " "1, " "1, " "1, " "1, " "1, " "1, " "0, " "0, " "0, " "0, " "0, " "0, " "0, " "0, " "0, " "0, " "0, " "0, " "0, " "0, " "0, " "0, " "0, " "0, " "0, " "0, " "0, " "0, " "0, " "0, " "0, " "0, " "0, " "0, " "0, " "0, " "0, " "0, " "0, " "0, " "0, " "0, " "0, " "0, " "0, " "0, " "0, " "0, " "0, " "0, " "0, " "0, " "0, " "0, " "0, " "0, " "0, " "0, " "0, " "0, " "0, " "0, " "0, " "0, " "0, " "0, " "0, " "0, " "0, " "0, " "0, " "0, " "0, " "0, " "0, " "0, " "0, " "0, " "0, " "0, " "0, " "0, " "0, " "0, " "0, " "0, " "0, " "0, " "0, " "0, " "0, " "0, " "0, " "0, " "0, " "0, " "0, " "0, " "0, " "0, " "0, " "0, " "0, " "0, " "0, " "0, " "0, " "0, " "0, " "0, " "0, " "0, " "0, " "0, " "0, " "0, " "0, " "0, " "0, " "0, " "0, " "0, " "0, " "0, " "0, " "0, " "0, " "0, " "0, " "0, " "0, " "0, " "0, " "0, " "0, " "0, " "0, " "0, " "0, " "0, " "0, " "0, " "0, " "0, " "0, " "0, " "0, " "0, " "0, " "0, " "0, " "0, " "0, " "0, " "0, " "0, " "0, " "0, " "0, "0
 "Nei97, 0.475, " "-0.748, " "0.496, " "0.048, " "-0.812, " "-0.518, " "0.152, " "0.506, " "-0.695, " "0, " "0, " "0, " "0, " "0, " "0, " "0, " "0, " "0, " "0, " "0, " "0, " "0, " "0, " "0, " "0, " "0, " "0, " "0, " "0, " "0, " "0, " "0, " "0, " "0, " "0, " "0, " "0, " "0, " "0, " "0, " "0, " "0, " "0, " "0, " "0, " "0, " "0, " "0, " "0, " "0, " "0, " "0, " "0, " "0, " "0, " "0, " "0, " "0, " "0, " "0, " "0, " "0, " "0, " "0, " "0, " "0, " "0, " "0, " "0, " "0, " "0, " "0, " "0, " "0, " "0, " "0, " "0, " "0, " "0, " "0, " "0, " "0, " "0, " "0, " "0, " "0, " "0, " "0, " "0, " "0, " "0, " "0, " "0, " "0, " "0, " "0, " "0, " "0, " "0, " "1, " "1, " "1, " "1, " "1, " "1, " "1, " "0, " "1, " "1, " "1, " "1, " "1, " "1, " "1, " "0, " "0, " "0, " "0, " "0, " "0, " "0, " "0, " "0, " "0, " "0, " "0, " "0, " "0, " "0, " "0, " "0, " "0, " "0, " "0, " "0, " "0, " "0, " "0, " "0, " "0, " "0, " "0, " "0, " "0, " "0, " "0, " "0, " "0, " "0, " "0, " "0, " "0, " "0, " "0, " "0, " "0, " "0, " "0, " "0, " "0, " "0, " "0, " "0, " "0, " "0, " "0, " "0, " "0, " "0, " "0, " "0, " "0, " "0, " "0, " "0, " "0, " "0, " "0, " "0, " "0, " "0, " "0, " "0, " "0, " "0, " "0, " "0, " "0, " "0, " "0, " "0, " "0, " "0, " "0, " "0, " "0, " "0, " "0, " "0, " "0, " "0, " "0, " "0, " "0, " "0, " "0, " "0, " "0, " "0, " "0, " "0, " "0, " "0, " "0, " "0, " "0, " "0, " "0, " "0, " "0, " "0, " "0, " "0, " "0, " "0, " "0, " "0, " "0, " "0, " "0, " "0, " "0, " "0, " "0, " "0, " "0, " "0, " "0, " "0, " "0, " "0, " "0, " "0, " "0, " "0, " "0, " "0, " "0, " "0, " "0, " "0, " "0, " "0, " "0, " "0, " "0, " "0, " "0, " "0, " "0, " "0, " "0, " "0, " "0, " "0, " "0, "0
 "Nei98, 0.162, " "0.055, " "0.433, " "-0.997, " "-0.428, " "-0.872, " "-0.699, " "-0.431, " "-0.652, " "0, " "0, " "0, " "0, " "0, " "0, " "0, " "0, " "0, " "0, " "0, " "0, " "0, " "0, " "0, " "0, " "0, " "0, " "0, " "0, " "0, " "0, " "0, " "0, " "0, " "0, " "0, " "0, " "0, " "0, " "0, " "0, " "0, " "0, " "0, " "0, " "0, " "0, " "0, " "0, " "0, " "0, " "0, " "0, " "0, " "0, " "0, " "0, " "0, " "0, " "0, " "0, " "0, " "0, " "0, " "0, " "0, " "0, " "0, " "0, " "0, " "0, " "0, " "0, " "0, " "0, " "0, " "0, " "0, " "0, " "0, " "0, " "0, " "0, " "0, " "0, " "0, " "0, " "0, " "0, " "0, " "0, " "0, " "0, " "0, " "0, " "0, " "0, " "0, " "0, " "0, " "1, " "1, " "1, " "1, " "1, " "1, " "1, " "0, " "1, " "1, " "1, " "1, " "1, " "1, " "1, " "0, " "0, " "0, " "0, " "0, " "0, " "0, " "0, " "0, " "0, " "0, " "0, " "0, " "0, " "0, " "0, " "0, " "0, " "0, " "0, " "0, " "0, " "0, " "0, " "0, " "0, " "0, " "0, " "0, " "0, " "0, " "0, " "0, " "0, " "0, " "0, " "0, " "0, " "0, " "0, " "0, " "0, " "0, " "0, " "0, " "0, " "0, " "0, " "0, " "0, " "0, " "0, " "0, " "0, " "0, " "0, " "0, " "0, " "0, " "0, " "0, " "0, " "0, " "0, " "0, " "0, " "0, " "0, " "0, " "0, " "0, " "0, " "0, " "0, " "0, " "0, " "0, " "0, " "0, " "0, " "0, " "0, " "0, " "0, " "0, " "0, " "0, " "0, " "0, " "0, " "0, " "0, " "0, " "0, " "0, " "0, " "0, " "0, " "0, " "0, " "0, " "0, " "0, " "0, " "0, " "0, " "0, " "0, " "0, " "0, " "0, " "0, " "0, " "0, " "0, " "0, " "0, " "0, " "0, " "0, " "0, " "0, " "0, " "0, " "0, " "0, " "0, " "0, " "0, " "0, " "0, " "0, " "0, " "0, " "0, " "0, " "0, " "0, " "0, " "0, " "0, " "0, " "0, " "0, " "0, " "0, " "0, " "0, " "0, " "0, " "0, "0
 "Nei99, 0.351, " "-0.338, " "0.254, " "-0.188, " "0.68, " "0.702, " "-0.413, " "0.221, " "0.919, " "0, " "0, " "0, " "0, " "0, " "0, " "0, " "0, " "0, " "0, " "0, " "0, " "0, " "0, " "0, " "0, " "0, " "0, " "0, " "0, " "0, " "0, " "0, " "0, " "0, " "0, " "0, " "0, " "0, " "0, " "0, " "0, " "0, " "0, " "0, " "0, " "0, " "0, " "0, " "0, " "0, " "0, " "0, " "0, " "0, " "0, " "0, " "0, " "0, " "0, " "0, " "0, " "0, " "0, " "0, " "0, " "0, " "0, " "0, " "0, " "0, " "0, " "0, " "0, " "0, " "0, " "0, " "0, " "0, " "0, " "0, " "0, " "0, " "0, " "0, " "0, " "0, " "0, " "0, " "0, " "0, " "0, " "0, " "0, " "0, " "0, " "0, " "0, " "0, " "0, " "0, " "0, " "1, " "1, " "1, " "1, " "1, " "1, " "1, " "0, " "1, " "1, " "1, " "1, " "1, " "1, " "1, " "0, " "0, " "0, " "0, " "0, " "0, " "0, " "0, " "0, " "0, " "0, " "0, " "0, " "0, " "0, " "0, " "0, " "0, " "0, " "0, " "0, " "0, " "0, " "0, " "0, " "0, " "0, " "0, " "0, " "0, " "0, " "0, " "0, " "0, " "0, " "0, " "0, " "0, " "0, " "0, " "0, " "0, " "0, " "0, " "0, " "0, " "0, " "0, " "0, " "0, " "0, " "0, " "0, " "0, " "0, " "0, " "0, " "0, " "0, " "0, " "0, " "0, " "0, " "0, " "0, " "0, " "0, " "0, " "0, " "0, " "0, " "0, " "0, " "0, " "0, " "0, " "0, " "0, " "0, " "0, " "0, " "0, " "0, " "0, " "0, " "0, " "0, " "0, " "0, " "0, " "0, " "0, " "0, " "0, " "0, " "0, " "0, " "0, " "0, " "0, " "0, " "0, " "0, " "0, " "0, " "0, " "0, " "0, " "0, " "0, " "0, " "0, " "0, " "0, " "0, " "0, " "0, " "0, " "0, " "0, " "0, " "0, " "0, " "0, " "0, " "0, " "0, " "0, " "0, " "0, " "0, " "0, " "0, " "0, " "0, " "0, " "0, " "0, " "0, " "0, " "0, " "0, " "0, " "0, " "0, " "0, " "0, " "0, " "0, " "0, "0
 "Nei100, 0.239, " "-0.738, " "-0.56, " "-0.404, " "0.794, " "-0.615, " "-0.072, " "0.825, " "0.899, " "0, " "0, " "0, " "0, " "0, " "0, " "0, " "0, " "0, " "0, " "0, " "0, " "0, " "0, " "0, " "0, " "0, " "0, " "0, " "0, " "0, " "0, " "0, " "0, " "0, " "0, " "0, " "0, " "0, " "0, " "0, " "0, " "0, " "0, " "0, " "0, " "0, " "0, " "0, " "0, " "0, " "0, " "0, " "0, " "0, " "0, " "0, " "0, " "0, " "0, " "0, " "0, " "0, " "0, " "0, " "0, " "0, " "0, " "0, " "0, " "0, " "0, " "0, " "0, " "0, " "0, " "0, " "0, " "0, " "0, " "0, " "0, " "0, " "0, " "0, " "0, " "0, " "0, " "0, " "0, " "0, " "0, " "0, " "0, " "0, " "0, " "0, " "0, " "0, " "0, " "0, " "0, " "0, " "1, " "1, " "1, " "1, " "1, " "1, " "1, " "0, " "1, " "1, " "1, " "1, " "1, " "1, " "1, " "0, " "0, " "0, " "0, " "0, " "0, " "0, " "0, " "0, " "0, " "0, " "0, " "0, " "0, " "0, " "0, " "0, " "0, " "0, " "0, " "0, " "0, " "0, " "0, " "0, " "0, " "0, " "0, " "0, " "0, " "0, " "0, " "0, " "0, " "0, " "0, " "0, " "0, " "0, " "0, " "0, " "0, " "0, " "0, " "0, " "0, " "0, " "0, " "0, " "0, " "0, " "0, " "0, " "0, " "0, " "0, " "0, " "0, " "0, " "0, " "0, " "0, " "0, " "0, " "0, " "0, " "0, " "0, " "0, " "0, " "0, " "0, " "0, " "0, " "0, " "0, " "0, " "0, " "0, " "0, " "0, " "0, " "0, " "0, " "0, " "0, " "0, " "0, " "0, " "0, " "0, " "0, " "0, " "0, " "0, " "0, " "0, " "0, " "0, " "0, " "0, " "0, " "0, " "0, " "0, " "0, " "0, " "0, " "0, " "0, " "0, " "0, " "0, " "0, " "0, " "0, " "0, " "0, " "0, " "0, " "0, " "0, " "0, " "0, " "0, " "0, " "0, " "0, " "0, " "0, " "0, " "0, " "0, " "0, " "0, " "0, " "0, " "0, " "0, " "0, " "0, " "0, " "0, " "0, " "0, " "0, " "0, " "0, " "0, "0
 "Nei101, 0.567, " "0.939, " "0.021, " "0.928, " "-0.804, " "0.564, " "-0.774, " "0.333, " "-0.984, " "0, " "0, " "0, " "0, " "0, " "0, " "0, " "0, " "0, " "0, " "0, " "0, " "0, " "0, " "0, " "0, " "0, " "0, " "0, " "0, " "0, " "0, " "0, " "0, " "0, " "0, " "0, " "0, " "0, " "0, " "0, " "0, " "0, " "0, " "0, " "0, " "0, " "0, " "0, " "0, " "0, " "0, " "0, " "0, " "0, " "0, " "0, " "0, " "0, " "0, " "0, " "0, " "0, " "0, " "0, " "0, " "0, " "0, " "0, " "0, " "0, " "0, " "0, " "0, " "0, " "0, " "0, " "0, " "0, " "0, " "0, " "0, " "0, " "0, " "0, " "0, " "0, " "0, " "0, " "0, " "0, " "0, " "0, " "0, " "0, " "0, " "0, " "0, " "0, " "0, " "0, " "0, " "0, " "0, " "1, " "1, " "1, " "1, " "1, " "1, " "1, " "0, " "1, " "1, " "1, " "1, " "1, " "1, " "1, " "0, " "0, " "0, " "0, " "0, " "0, " "0, " "0, " "0, " "0, " "0, " "0, " "0, " "0, " "0, " "0, " "0, " "0, " "0, " "0, " "0, " "0, " "0, " "0, " "0, " "0, " "0, " "0, " "0, " "0, " "0, " "0, " "0, " "0, " "0, " "0, " "0, " "0, " "0, " "0, " "0, " "0, " "0, " "0, " "0, " "0, " "0, " "0, " "0, " "0, " "0, " "0, " "0, " "0, " "0, " "0, " "0, " "0, " "0, " "0, " "0, " "0, " "0, " "0, " "0, " "0, " "0, " "0, " "0, " "0, " "0, " "0, " "0, " "0, " "0, " "0, " "0, " "0, " "0, " "0, " "0, " "0, " "0, " "0, " "0, " "0, " "0, " "0, " "0, " "0, " "0, " "0, " "0, " "0, " "0, " "0, " "0, " "0, " "0, " "0, " "0, " "0, " "0, " "0, " "0, " "0, " "0, " "0, " "0, " "0, " "0, " "0, " "0, " "0, " "0, " "0, " "0, " "0, " "0, " "0, " "0, " "0, " "0, " "0, " "0, " "0, " "0, " "0, " "0, " "0, " "0, " "0, " "0, " "0, " "0, " "0, " "0, " "0, " "0, " "0, " "0, " "0, " "0, " "0, " "0, " "0, " "0, " "0, "0
 "Nei102, 0.313, " "-0.381, " "-0.613, " "-0.73, " "0.805, " "-0.079, " "-0.73, " "-0.991, " "-0.497, " "0, " "0, " "0, " "0, " "0, " "0, " "0, " "0, " "0, " "0, " "0, " "0, " "0, " "0, " "0, " "0, " "0, " "0, " "0, " "0, " "0, " "0, " "0, " "0, " "0, " "0, " "0, " "0, " "0, " "0, " "0, " "0, " "0, " "0, " "0, " "0, " "0, " "0, " "0, " "0, " "0, " "0, " "0, " "0, " "0, " "0, " "0, " "0, " "0, " "0, " "0, " "0, " "0, " "0, " "0, " "0, " "0, " "0, " "0, " "0, " "0, " "0, " "0, " "0, " "0, " "0, " "0, " "0, " "0, " "0, " "0, " "0, " "0, " "0, " "0, " "0, " "0, " "0, " "0, " "0, " "0, " "0, " "0, " "0, " "0, " "0, " "0, " "0, " "0, " "0, " "0, " "0, " "0, " "0, " "0, " "1, " "1, " "1, " "1, " "1, " "1, " "1, " "0, " "1, " "1, " "1, " "1, " "1, " "1, " "1, " "0, " "0, " "0, " "0, " "0, " "0, " "0, " "0, " "0, " "0, " "0, " "0, " "0, " "0, " "0, " "0, " "0, " "0, " "0, " "0, " "0, " "0, " "0, " "0, " "0, " "0, " "0, " "0, " "0, " "0, " "0, " "0, " "0, " "0, " "0, " "0, " "0, " "0, " "0, " "0, " "0, " "0, " "0, " "0, " "0, " "0, " "0, " "0, " "0, " "0, " "0, " "0, " "0, " "0, " "0, " "0, " "0, " "0, " "0, " "0, " "0, " "0, " "0, " "0, " "0, " "0, " "0, " "0, " "0, " "0, " "0, " "0, " "0, " "0, " "0, " "0, " "0, " "0, " "0, " "0, " "0, " "0, " "0, " "0, " "0, " "0, " "0, " "0, " "0, " "0, " "0, " "0, " "0, " "0, " "0, " "0, " "0, " "0, " "0, " "0, " "0, " "0, " "0, " "0, " "0, " "0, " "0, " "0, " "0, " "0, " "0, " "0, " "0, " "0, " "0, " "0, " "0, " "0, " "0, " "0, " "0, " "0, " "0, " "0, " "0, " "0, " "0, " "0, " "0, " "0, " "0, " "0, " "0, " "0, " "0, " "0, " "0, " "0, " "0, " "0, " "0, " "0, " "0, " "0, " "0, " "0, " "0, "0
 "Nei103, 0.397, " "-0.662, " "0.52, " "0.277, " "-0.216, " "-0.892, " "0.658, " "0.321, " "-0.413, " "0, " "0, " "0, " "0, " "0, " "0, " "0, " "0, " "0, " "0, " "0, " "0, " "0, " "0, " "0, " "0, " "0, " "0, " "0, " "0, " "0, " "0, " "0, " "0, " "0, " "0, " "0, " "0, " "0, " "0, " "0, " "0, " "0, " "0, " "0, " "0, " "0, " "0, " "0, " "0, " "0, " "0, " "0, " "0, " "0, " "0, " "0, " "0, " "0, " "0, " "0, " "0, " "0, " "0, " "0, " "0, " "0, " "0, " "0, " "0, " "0, " "0, " "0, " "0, " "0, " "0, " "0, " "0, " "0, " "0, " "0, " "0, " "0, " "0, " "0, " "0, " "0, " "0, " "0, " "0, " "0, " "0, " "0, " "0, " "0, " "0, " "0, " "0, " "0, " "0, " "0, " "0, " "0, " "0, " "0, " "0, " "1, " "1, " "1, " "1, " "1, " "1, " "1, " "0, " "1, " "1, " "1, " "1, " "1, " "1, " "1, " "0, " "0, " "0, " "0, " "0, " "0, " "0, " "0, " "0, " "0, " "0, " "0, " "0, " "0, " "0, " "0, " "0, " "0, " "0, " "0, " "0, " "0, " "0, " "0, " "0, " "0, " "0, " "0, " "0, " "0, " "0, " "0, " "0, " "0, " "0, " "0, " "0, " "0, " "0, " "0, " "0, " "0, " "0, " "0, " "0, " "0, " "0, " "0, " "0, " "0, " "0, " "0, " "0, " "0, " "0, " "0, " "0, " "0, " "0, " "0, " "0, " "0, " "0, " "0, " "0, " "0, " "0, " "0, " "0, " "0, " "0, " "0, " "0, " "0, " "0, " "0, " "0, " "0, " "0, " "0, " "0, " "0, " "0, " "0, " "0, " "0, " "0, " "0, " "0, " "0, " "0, " "0, " "0, " "0, " "0, " "0, " "0, " "0, " "0, " "0, " "0, " "0, " "0, " "0, " "0, " "0, " "0, " "0, " "0, " "0, " "0, " "0, " "0, " "0, " "0, " "0, " "0, " "0, " "0, " "0, " "0, " "0, " "0, " "0, " "0, " "0, " "0, " "0, " "0, " "0, " "0, " "0, " "0, " "0, " "0, " "0, " "0, " "0, " "0, " "0, " "0, " "0, " "0, " "0, " "0, " "0, "0
 "Nei104, 0.37, " "-0.692, " "-0.274, " "-0.666, " "0.867, " "0.028, " "0.348, " "0.441, " "-0.661, " "0, " "0, " "0, " "0, " "0, " "0, " "0, " "0, " "0, " "0, " "0, " "0, " "0, " "0, " "0, " "0, " "0, " "0, " "0, " "0, " "0, " "0, " "0, " "0, " "0, " "0, " "0, " "0, " "0, " "0, " "0, " "0, " "0, " "0, " "0, " "0, " "0, " "0, " "0, " "0, " "0, " "0, " "0, " "0, " "0, " "0, " "0, " "0, " "0, " "0, " "0, " "0, " "0, " "0, " "0, " "0, " "0, " "0, " "0, " "0, " "0, " "0, " "0, " "0, " "0, " "0, " "0, " "0, " "0, " "0, " "0, " "0, " "0, " "0, " "0, " "0, " "0, " "0, " "0, " "0, " "0, " "0, " "0, " "0, " "0, " "0, " "0, " "0, " "0, " "0, " "0, " "0, " "0, " "0, " "0, " "0, " "0, " "1, " "1, " "1, " "1, " "1, " "1, " "1, " "0, " "1, " "1, " "1, " "1, " "1, " "1, " "1, " "0, " "0, " "0, " "0, " "0, " "0, " "0, " "0, " "0, " "0, " "0, " "0, " "0, " "0, " "0, " "0, " "0, " "0, " "0, " "0, " "0, " "0, " "0, " "0, " "0, " "0, " "0, " "0, " "0, " "0, " "0, " "0, " "0, " "0, " "0, " "0, " "0, " "0, " "0, " "0, " "0, " "0, " "0, " "0, " "0, " "0, " "0, " "0, " "0, " "0, " "0, " "0, " "0, " "0, " "0, " "0, " "0, " "0, " "0, " "0, " "0, " "0, " "0, " "0, " "0, " "0, " "0, " "0, " "0, " "0, " "0, " "0, " "0, " "0, " "0, " "0, " "0, " "0, " "0, " "0, " "0, " "0, " "0, " "0, " "0, " "0, " "0, " "0, " "0, " "0, " "0, " "0, " "0, " "0, " "0, " "0, " "0, " "0, " "0, " "0, " "0, " "0, " "0, " "0, " "0, " "0, " "0, " "0, " "0, " "0, " "0, " "0, " "0, " "0, " "0, " "0, " "0, " "0, " "0, " "0, " "0, " "0, " "0, " "0, " "0, " "0, " "0, " "0, " "0, " "0, " "0, " "0, " "0, " "0, " "0, " "0, " "0, " "0, " "0, " "0, " "0, " "0, " "0, " "0, " "0, "0
 "Nei105, 0.43, " "0.447, " "-0.467, " "0.29, " "-0.582, " "0.121, " "0.447, " "0.7, " "-0.036, " "0, " "0, " "0, " "0, " "0, " "0, " "0, " "0, " "0, " "0, " "0, " "0, " "0, " "0, " "0, " "0, " "0, " "0, " "0, " "0, " "0, " "0, " "0, " "0, " "0, " "0, " "0, " "0, " "0, " "0, " "0, " "0, " "0, " "0, " "0, " "0, " "0, " "0, " "0, " "0, " "0, " "0, " "0, " "0, " "0, " "0, " "0, " "0, " "0, " "0, " "0, " "0, " "0, " "0, " "0, " "0, " "0, " "0, " "0, " "0, " "0, " "0, " "0, " "0, " "0, " "0, " "0, " "0, " "0, " "0, " "0, " "0, " "0, " "0, " "0, " "0, " "0, " "0, " "0, " "0, " "0, " "0, " "0, " "0, " "0, " "0, " "0, " "0, " "0, " "0, " "0, " "0, " "0, " "0, " "0, " "0, " "0, " "0, " "1, " "1, " "1, " "1, " "1, " "1, " "1, " "0, " "1, " "1, " "1, " "1, " "1, " "1, " "1, " "0, " "0, " "0, " "0, " "0, " "0, " "0, " "0, " "0, " "0, " "0, " "0, " "0, " "0, " "0, " "0, " "0, " "0, " "0, " "0, " "0, " "0, " "0, " "0, " "0, " "0, " "0, " "0, " "0, " "0, " "0, " "0, " "0, " "0, " "0, " "0, " "0, " "0, " "0, " "0, " "0, " "0, " "0, " "0, " "0, " "0, " "0, " "0, " "0, " "0, " "0, " "0, " "0, " "0, " "0, " "0, " "0, " "0, " "0, " "0, " "0, " "0, " "0, " "0, " "0, " "0, " "0, " "0, " "0, " "0, " "0, " "0, " "0, " "0, " "0, " "0, " "0, " "0, " "0, " "0, " "0, " "0, " "0, " "0, " "0, " "0, " "0, " "0, " "0, " "0, " "0, " "0, " "0, " "0, " "0, " "0, " "0, " "0, " "0, " "0, " "0, " "0, " "0, " "0, " "0, " "0, " "0, " "0, " "0, " "0, " "0, " "0, " "0, " "0, " "0, " "0, " "0, " "0, " "0, " "0, " "0, " "0, " "0, " "0, " "0, " "0, " "0, " "0, " "0, " "0, " "0, " "0, " "0, " "0, " "0, " "0, " "0, " "0, " "0, " "0, " "0, " "0, " "0, " "0, "0
 "Nei106, 0.565, " "0.215, " "-0.55, " "0.06, " "0.717, " "-0.421, " "0.216, " "-0.863, " "0.919, " "0, " "0, " "0, " "0, " "0, " "0, " "0, " "0, " "0, " "0, " "0, " "0, " "0, " "0, " "0, " "0, " "0, " "0, " "0, " "0, " "0, " "0, " "0, " "0, " "0, " "0, " "0, " "0, " "0, " "0, " "0, " "0, " "0, " "0, " "0, " "0, " "0, " "0, " "0, " "0, " "0, " "0, " "0, " "0, " "0, " "0, " "0, " "0, " "0, " "0, " "0, " "0, " "0, " "0, " "0, " "0, " "0, " "0, " "0, " "0, " "0, " "0, " "0, " "0, " "0, " "0, " "0, " "0, " "0, " "0, " "0, " "0, " "0, " "0, " "0, " "0, " "0, " "0, " "0, " "0, " "0, " "0, " "0, " "0, " "0, " "0, " "0, " "0, " "0, " "0, " "0, " "0, " "0, " "0, " "0, " "0, " "0, " "0, " "0, " "1, " "1, " "1, " "1, " "1, " "1, " "1, " "0, " "1, " "1, " "1, " "1, " "1, " "1, " "1, " "0, " "0, " "0, " "0, " "0, " "0, " "0, " "0, " "0, " "0, " "0, " "0, " "0, " "0, " "0, " "0, " "0, " "0, " "0, " "0, " "0, " "0, " "0, " "0, " "0, " "0, " "0, " "0, " "0, " "0, " "0, " "0, " "0, " "0, " "0, " "0, " "0, " "0, " "0, " "0, " "0, " "0, " "0, " "0, " "0, " "0, " "0, " "0, " "0, " "0, " "0, " "0, " "0, " "0, " "0, " "0, " "0, " "0, " "0, " "0, " "0, " "0, " "0, " "0, " "0, " "0, " "0, " "0, " "0, " "0, " "0, " "0, " "0, " "0, " "0, " "0, " "0, " "0, " "0, " "0, " "0, " "0, " "0, " "0, " "0, " "0, " "0, " "0, " "0, " "0, " "0, " "0, " "0, " "0, " "0, " "0, " "0, " "0, " "0, " "0, " "0, " "0, " "0, " "0, " "0, " "0, " "0, " "0, " "0, " "0, " "0, " "0, " "0, " "0, " "0, " "0, " "0, " "0, " "0, " "0, " "0, " "0, " "0, " "0, " "0, " "0, " "0, " "0, " "0, " "0, " "0, " "0, " "0, " "0, " "0, " "0, " "0, " "0, " "0, " "0, " "0, " "0, " "0, "0
 "Nei107, 0.166, " "0.773, " "-0.193, " "-0.532, " "0.706, " "-0.554, " "0.123, " "-0.069, " "-0.224, " "0, " "0, " "0, " "0, " "0, " "0, " "0, " "0, " "0, " "0, " "0, " "0, " "0, " "0, " "0, " "0, " "0, " "0, " "0, " "0, " "0, " "0, " "0, " "0, " "0, " "0, " "0, " "0, " "0, " "0, " "0, " "0, " "0, " "0, " "0, " "0, " "0, " "0, " "0, " "0, " "0, " "0, " "0, " "0, " "0, " "0, " "0, " "0, " "0, " "0, " "0, " "0, " "0, " "0, " "0, " "0, " "0, " "0, " "0, " "0, " "0, " "0, " "0, " "0, " "0, " "0, " "0, " "0, " "0, " "0, " "0, " "0, " "0, " "0, " "0, " "0, " "0, " "0, " "0, " "0, " "0, " "0, " "0, " "0, " "0, " "0, " "0, " "0, " "0, " "0, " "0, " "0, " "0, " "0, " "0, " "0, " "0, " "0, " "0, " "0, " "1, " "1, " "1, " "1, " "1, " "1, " "1, " "0, " "1, " "1, " "1, " "1, " "1, " "1, " "1, " "0, " "0, " "0, " "0, " "0, " "0, " "0, " "0, " "0, " "0, " "0, " "0, " "0, " "0, " "0, " "0, " "0, " "0, " "0, " "0, " "0, " "0, " "0, " "0, " "0, " "0, " "0, " "0, " "0, " "0, " "0, " "0, " "0, " "0, " "0, " "0, " "0, " "0, " "0, " "0, " "0, " "0, " "0, " "0, " "0, " "0, " "0, " "0, " "0, " "0, " "0, " "0, " "0, " "0, " "0, " "0, " "0, " "0, " "0, " "0, " "0, " "0, " "0, " "0, " "0, " "0, " "0, " "0, " "0, " "0, " "0, " "0, " "0, " "0, " "0, " "0, " "0, " "0, " "0, " "0, " "0, " "0, " "0, " "0, " "0, " "0, " "0, " "0, " "0, " "0, " "0, " "0, " "0, " "0, " "0, " "0, " "0, " "0, " "0, " "0, " "0, " "0, " "0, " "0, " "0, " "0, " "0, " "0, " "0, " "0, " "0, " "0, " "0, " "0, " "0, " "0, " "0, " "0, " "0, " "0, " "0, " "0, " "0, " "0, " "0, " "0, " "0, " "0, " "0, " "0, " "0, " "0, " "0, " "0, " "0, " "0, " "0, " "0, " "0, " "0, " "0, " "0, "0
 "Nei108, 0.421, " "0.214, " "0.7, " "-0.676, " "-0.223, " "-0.411, " "-0.955, " "-0.924, " "-0.222, " "0, " "0, " "0, " "0, " "0, " "0, " "0, " "0, " "0, " "0, " "0, " "0, " "0, " "0, " "0, " "0, " "0, " "0, " "0, " "0, " "0, " "0, " "0, " "0, " "0, " "0, " "0, " "0, " "0, " "0, " "0, " "0, " "0, " "0, " "0, " "0, " "0, " "0, " "0, " "0, " "0, " "0, " "0, " "0, " "0, " "0, " "0, " "0, " "0, " "0, " "0, " "0, " "0, " "0, " "0, " "0, " "0, " "0, " "0, " "0, " "0, " "0, " "0, " "0, " "0, " "0, " "0, " "0, " "0, " "0, " "0, " "0, " "0, " "0, " "0, " "0, " "0, " "0, " "0, " "0, " "0, " "0, " "0, " "0, " "0, " "0, " "0, " "0, " "0, " "0, " "0, " "0, " "0, " "0, " "0, " "0, " "0, " "0, " "0, " "0, " "0, " "1, " "1, " "1, " "1, " "1, " "1, " "1, " "0, " "1, " "1, " "1, " "1, " "1, " "1, " "1, " "0, " "0, " "0, " "0, " "0, " "0, " "0, " "0, " "0, " "0, " "0, " "0, " "0, " "0, " "0, " "0, " "0, " "0, " "0, " "0, " "0, " "0, " "0, " "0, " "0, " "0, " "0, " "0, " "0, " "0, " "0, " "0, " "0, " "0, " "0, " "0, " "0, " "0, " "0, " "0, " "0, " "0, " "0, " "0, " "0, " "0, " "0, " "0, " "0, " "0, " "0, " "0, " "0, " "0, " "0, " "0, " "0, " "0, " "0, " "0, " "0, " "0, " "0, " "0, " "0, " "0, " "0, " "0, " "0, " "0, " "0, " "0, " "0, " "0, " "0, " "0, " "0, " "0, " "0, " "0, " "0, " "0, " "0, " "0, " "0, " "0, " "0, " "0, " "0, " "0, " "0, " "0, " "0, " "0, " "0, " "0, " "0, " "0, " "0, " "0, " "0, " "0, " "0, " "0, " "0, " "0, " "0, " "0, " "0, " "0, " "0, " "0, " "0, " "0, " "0, " "0, " "0, " "0, " "0, " "0, " "0, " "0, " "0, " "0, " "0, " "0, " "0, " "0, " "0, " "0, " "0, " "0, " "0, " "0, " "0, " "0, " "0, " "0, " "0, " "0, " "0, "0
 "Nei109, 0.531, " "-0.149, " "-0.625, " "0.737, " "0.882, " "0.044, " "0.026, " "-0.164, " "0.131, " "0, " "0, " "0, " "0, " "0, " "0, " "0, " "0, " "0, " "0, " "0, " "0, " "0, " "0, " "0, " "0, " "0, " "0, " "0, " "0, " "0, " "0, " "0, " "0, " "0, " "0, " "0, " "0, " "0, " "0, " "0, " "0, " "0, " "0, " "0, " "0, " "0, " "0, " "0, " "0, " "0, " "0, " "0, " "0, " "0, " "0, " "0, " "0, " "0, " "0, " "0, " "0, " "0, " "0, " "0, " "0, " "0, " "0, " "0, " "0, " "0, " "0, " "0, " "0, " "0, " "0, " "0, " "0, " "0, " "0, " "0, " "0, " "0, " "0, " "0, " "0, " "0, " "0, " "0, " "0, " "0, " "0, " "0, " "0, " "0, " "0, " "0, " "0, " "0, " "0, " "0, " "0, " "0, " "0, " "0, " "0, " "0, " "0, " "0, " "0, " "0, " "0, " "1, " "1, " "1, " "1, " "1, " "1, " "1, " "0, " "1, " "1, " "1, " "1, " "1, " "1, " "1, " "0, " "0, " "0, " "0, " "0, " "0, " "0, " "0, " "0, " "0, " "0, " "0, " "0, " "0, " "0, " "0, " "0, " "0, " "0, " "0, " "0, " "0, " "0, " "0, " "0, " "0, " "0, " "0, " "0, " "0, " "0, " "0, " "0, " "0, " "0, " "0, " "0, " "0, " "0, " "0, " "0, " "0, " "0, " "0, " "0, " "0, " "0, " "0, " "0, " "0, " "0, " "0, " "0, " "0, " "0, " "0, " "0, " "0, " "0, " "0, " "0, " "0, " "0, " "0, " "0, " "0, " "0, " "0, " "0, " "0, " "0, " "0, " "0, " "0, " "0, " "0, " "0, " "0, " "0, " "0, " "0, " "0, " "0, " "0, " "0, " "0, " "0, " "0, " "0, " "0, " "0, " "0, " "0, " "0, " "0, " "0, " "0, " "0, " "0, " "0, " "0, " "0, " "0, " "0, " "0, " "0, " "0, " "0, " "0, " "0, " "0, " "0, " "0, " "0, " "0, " "0, " "0, " "0, " "0, " "0, " "0, " "0, " "0, " "0, " "0, " "0, " "0, " "0, " "0, " "0, " "0, " "0, " "0, " "0, " "0, " "0, " "0, " "0, " "0, " "0, "0
 "Nei110, 0.581, " "0.833, " "-0.495, " "-0.392, " "0.853, " "-0.793, " "-0.623, " "0.705, " "0.326, " "0, " "0, " "0, " "0, " "0, " "0, " "0, " "0, " "0, " "0, " "0, " "0, " "0, " "0, " "0, " "0, " "0, " "0, " "0, " "0, " "0, " "0, " "0, " "0, " "0, " "0, " "0, " "0, " "0, " "0, " "0, " "0, " "0, " "0, " "0, " "0, " "0, " "0, " "0, " "0, " "0, " "0, " "0, " "0, " "0, " "0, " "0, " "0, " "0, " "0, " "0, " "0, " "0, " "0, " "0, " "0, " "0, " "0, " "0, " "0, " "0, " "0, " "0, " "0, " "0, " "0, " "0, " "0, " "0, " "0, " "0, " "0, " "0, " "0, " "0, " "0, " "0, " "0, " "0, " "0, " "0, " "0, " "0, " "0, " "0, " "0, " "0, " "0, " "0, " "0, " "0, " "0, " "0, " "0, " "0, " "0, " "0, " "0, " "0, " "0, " "0, " "0, " "0, " "1, " "1, " "1, " "1, " "1, " "1, " "1, " "0, " "1, " "1, " "1, " "1, " "1, " "1, " "1, " "0, " "0, " "0, " "0, " "0, " "0, " "0, " "0, " "0, " "0, " "0, " "0, " "0, " "0, " "0, " "0, " "0, " "0, " "0, " "0, " "0, " "0, " "0, " "0, " "0, " "0, " "0, " "0, " "0, " "0, " "0, " "0, " "0, " "0, " "0, " "0, " "0, " "0, " "0, " "0, " "0, " "0, " "0, " "0, " "0, " "0, " "0, " "0, " "0, " "0, " "0, " "0, " "0, " "0, " "0, " "0, " "0, " "0, " "0, " "0, " "0, " "0, " "0, " "0, " "0, " "0, " "0, " "0, " "0, " "0, " "0, " "0, " "0, " "0, " "0, " "0, " "0, " "0, " "0, " "0, " "0, " "0, " "0, " "0, " "0, " "0, " "0, " "0, " "0, " "0, " "0, " "0, " "0, " "0, " "0, " "0, " "0, " "0, " "0, " "0, " "0, " "0, " "0, " "0, " "0, " "0, " "0, " "0, " "0, " "0, " "0, " "0, " "0, " "0, " "0, " "0, " "0, " "0, " "0, " "0, " "0, " "0, " "0, " "0, " "0, " "0, " "0, " "0, " "0, " "0, " "0, " "0, " "0, " "0, " "0, " "0, " "0, " "0, " "0, "0
 "Nei111, 0.268, " "0.159, " "-0.058, " "0.183, " "-0.851, " "-0.758, " "-0.865, " "0.136, " "0.467, " "0, " "0, " "0, " "0, " "0, " "0, " "0, " "0, " "0, " "0, " "0, " "0, " "0, " "0, " "0, " "0, " "0, " "0, " "0, " "0, " "0, " "0, " "0, " "0, " "0, " "0, " "0, " "0, " "0, " "0, " "0, " "0, " "0, " "0, " "0, " "0, " "0, " "0, " "0, " "0, " "0, " "0, " "0, " "0, " "0, " "0, " "0, " "0, " "0, " "0, " "0, " "0, " "0, " "0, " "0, " "0, " "0, " "0, " "0, " "0, " "0, " "0, " "0, " "0, " "0, " "0, " "0, " "0, " "0, " "0, " "0, " "0, " "0, " "0, " "0, " "0, " "0, " "0, " "0, " "0, " "0, " "0, " "0, " "0, " "0, " "0, " "0, " "0, " "0, " "0, " "0, " "0, " "0, " "0, " "0, " "0, " "0, " "0, " "0, " "0, " "0, " "0, " "0, " "0, " "1, " "1, " "1, " "1, " "1, " "1, " "1, " "0, " "1, " "1, " "1, " "1, " "1, " "1, " "1, " "0, " "0, " "0, " "0, " "0, " "0, " "0, " "0, " "0, " "0, " "0, " "0, " "0, " "0, " "0, " "0, " "0, " "0, " "0, " "0, " "0, " "0, " "0, " "0, " "0, " "0, " "0, " "0, " "0, " "0, " "0, " "0, " "0, " "0, " "0, " "0, " "0, " "0, " "0, " "0, " "0, " "0, " "0, " "0, " "0, " "0, " "0, " "0, " "0, " "0, " "0, " "0, " "0, " "0, " "0, " "0, " "0, " "0, " "0, " "0, " "0, " "0, " "0, " "0, " "0, " "0, " "0, " "0, " "0, " "0, " "0, " "0, " "0, " "0, " "0, " "0, " "0, " "0, " "0, " "0, " "0, " "0, " "0, " "0, " "0, " "0, " "0, " "0, " "0, " "0, " "0, " "0, " "0, " "0, " "0, " "0, " "0, " "0, " "0, " "0, " "0, " "0, " "0, " "0, " "0, " "0, " "0, " "0, " "0, " "0, " "0, " "0, " "0, " "0, " "0, " "0, " "0, " "0, " "0, " "0, " "0, " "0, " "0, " "0, " "0, " "0, " "0, " "0, " "0, " "0, " "0, " "0, " "0, " "0, " "0, " "0, " "0, " "0, "0
 "Nei112, 0.184, " "0.233, " "0.22, " "0.929, " "0.535, " "-0.086, " "0.555, " "0.072, " "-0.656, " "0, " "0, " "0, " "0, " "0, " "0, " "0, " "0, " "0, " "0, " "0, " "0, " "0, " "0, " "0, " "0, " "0, " "0, " "0, " "0, " "0, " "0, " "0, " "0, " "0, " "0, " "0, " "0, " "0, " "0, " "0, " "0, " "0, " "0, " "0, " "0, " "0, " "0, " "0, " "0, " "0, " "0, " "0, " "0, " "0, " "0, " "0, " "0, " "0, " "0, " "0, " "0, " "0, " "0, " "0, " "0, " "0, " "0, " "0, " "0, " "0, " "0, " "0, " "0, " "0, " "0, " "0, " "0, " "0, " "0, " "0, " "0, " "0, " "0, " "0, " "0, " "0, " "0, " "0, " "0, " "0, " "0, " "0, " "0, " "0, " "0, " "0, " "0, " "0, " "0, " "0, " "0, " "0, " "0, " "0, " "0, " "0, " "0, " "0, " "0, " "0, " "0, " "0, " "0, " "0, " "1, " "1, " "1, " "1, " "1, " "1, " "1, " "0, " "1, " "1, " "1, " "1, " "1, " "1, " "1, " "0, " "0, " "0, " "0, " "0, " "0, " "0, " "0, " "0, " "0, " "0, " "0, " "0, " "0, " "0, " "0, " "0, " "0, " "0, " "0, " "0, " "0, " "0, " "0, " "0, " "0, " "0, " "0, " "0, " "0, " "0, " "0, " "0, " "0, " "0, " "0, " "0, " "0, " "0, " "0, " "0, " "0, " "0, " "0, " "0, " "0, " "0, " "0, " "0, " "0, " "0, " "0, " "0, " "0, " "0, " "0, " "0, " "0, " "0, " "0, " "0, " "0, " "0, " "0, " "0, " "0, " "0, " "0, " "0, " "0, " "0, " "0, " "0, " "0, " "0, " "0, " "0, " "0, " "0, " "0, " "0, " "0, " "0, " "0, " "0, " "0, " "0, " "0, " "0, " "0, " "0, " "0, " "0, " "0, " "0, " "0, " "0, " "0, " "0, " "0, " "0, " "0, " "0, " "0, " "0, " "0, " "0, " "0, " "0, " "0, " "0, " "0, " "0, " "0, " "0, " "0, " "0, " "0, " "0, " "0, " "0, " "0, " "0, " "0, " "0, " "0, " "0, " "0, " "0, " "0, " "0, " "0, " "0, " "0, " "0, " "0, " "0, "0
 "Nei113, 0.265, " "-0.44, " "-0.834, " "-0.121, " "-0.446, " "0.989, " "0.421, " "-0.975, " "0.556, " "0, " "0, " "0, " "0, " "0, " "0, " "0, " "0, " "0, " "0, " "0, " "0, " "0, " "0, " "0, " "0, " "0, " "0, " "0, " "0, " "0, " "0, " "0, " "0, " "0, " "0, " "0, " "0, " "0, " "0, " "0, " "0, " "0, " "0, " "0, " "0, " "0, " "0, " "0, " "0, " "0, " "0, " "0, " "0, " "0, " "0, " "0, " "0, " "0, " "0, " "0, " "0, " "0, " "0, " "0, " "0, " "0, " "0, " "0, " "0, " "0, " "0, " "0, " "0, " "0, " "0, " "0, " "0, " "0, " "0, " "0, " "0, " "0, " "0, " "0, " "0, " "0, " "0, " "0, " "0, " "0, " "0, " "0, " "0, " "0, " "0, " "0, " "0, " "0, " "0, " "0, " "0, " "0, " "0, " "0, " "0, " "0, " "0, " "0, " "0, " "0, " "0, " "0, " "0, " "0, " "0, " "1, " "1, " "1, " "1, " "1, " "1, " "1, " "0, " "1, " "1, " "1, " "1, " "1, " "1, " "1, " "0, " "0, " "0, " "0, " "0, " "0, " "0, " "0, " "0, " "0, " "0, " "0, " "0, " "0, " "0, " "0, " "0, " "0, " "0, " "0, " "0, " "0, " "0, " "0, " "0, " "0, " "0, " "0, " "0, " "0, " "0, " "0, " "0, " "0, " "0, " "0, " "0, " "0, " "0, " "0, " "0, " "0, " "0, " "0, " "0, " "0, " "0, " "0, " "0, " "0, " "0, " "0, " "0, " "0, " "0, " "0, " "0, " "0, " "0, " "0, " "0, " "0, " "0, " "0, " "0, " "0, " "0, " "0, " "0, " "0, " "0, " "0, " "0, " "0, " "0, " "0, " "0, " "0, " "0, " "0, " "0, " "0, " "0, " "0, " "0, " "0, " "0, " "0, " "0, " "0, " "0, " "0, " "0, " "0, " "0, " "0, " "0, " "0, " "0, " "0, " "0, " "0, " "0, " "0, " "0, " "0, " "0, " "0, " "0, " "0, " "0, " "0, " "0, " "0, " "0, " "0, " "0, " "0, " "0, " "0, " "0, " "0, " "0, " "0, " "0, " "0, " "0, " "0, " "0, " "0, " "0, " "0, " "0, " "0, " "0, " "0, "0
 "Nei114, 0.32, " "0.597, " "0.055, " "-0.576, " "-0.651, " "-0.405, " "-0.121, " "0.02, " "0.307, " "0, " "0, " "0, " "0, " "0, " "0, " "0, " "0, " "0, " "0, " "0, " "0, " "0, " "0, " "0, " "0, " "0, " "0, " "0, " "0, " "0, " "0, " "0, " "0, " "0, " "0, " "0, " "0, " "0, " "0, " "0, " "0, " "0, " "0, " "0, " "0, " "0, " "0, " "0, " "0, " "0, " "0, " "0, " "0, " "0, " "0, " "0, " "0, " "0, " "0, " "0, " "0, " "0, " "0, " "0, " "0, " "0, " "0, " "0, " "0, " "0, " "0, " "0, " "0, " "0, " "0, " "0, " "0, " "0, " "0, " "0, " "0, " "0, " "0, " "0, " "0, " "0, " "0, " "0, " "0, " "0, " "0, " "0, " "0, " "0, " "0, " "0, " "0, " "0, " "0, " "0, " "0, " "0, " "0, " "0, " "0, " "0, " "0, " "0, " "0, " "0, " "0, " "0, " "0, " "0, " "0, " "0, " "1, " "1, " "1, " "1, " "1, " "1, " "1, " "0, " "1, " "1, " "1, " "1, " "1, " "1, " "1, " "0, " "0, " "0, " "0, " "0, " "0, " "0, " "0, " "0, " "0, " "0, " "0, " "0, " "0, " "0, " "0, " "0, " "0, " "0, " "0, " "0, " "0, " "0, " "0, " "0, " "0, " "0, " "0, " "0, " "0, " "0, " "0, " "0, " "0, " "0, " "0, " "0, " "0, " "0, " "0, " "0, " "0, " "0, " "0, " "0, " "0, " "0, " "0, " "0, " "0, " "0, " "0, " "0, " "0, " "0, " "0, " "0, " "0, " "0, " "0, " "0, " "0, " "0, " "0, " "0, " "0, " "0, " "0, " "0, " "0, " "0, " "0, " "0, " "0, " "0, " "0, " "0, " "0, " "0, " "0, " "0, " "0, " "0, " "0, " "0, " "0, " "0, " "0, " "0, " "0, " "0, " "0, " "0, " "0, " "0, " "0, " "0, " "0, " "0, " "0, " "0, " "0, " "0, " "0, " "0, " "0, " "0, " "0, " "0, " "0, " "0, " "0, " "0, " "0, " "0, " "0, " "0, " "0, " "0, " "0, " "0, " "0, " "0, " "0, " "0, " "0, " "0, " "0, " "0, " "0, " "0, " "0, " "0, " "0, " "0, "0
 "Nei115, 0.399, " "-0.371, " "-0.526, " "0.573, " "-0.33, " "-0.189, " "0.447, " "-0.198, " "-0.452, " "0, " "0, " "0, " "0, " "0, " "0, " "0, " "0, " "0, " "0, " "0, " "0, " "0, " "0, " "0, " "0, " "0, " "0, " "0, " "0, " "0, " "0, " "0, " "0, " "0, " "0, " "0, " "0, " "0, " "0, " "0, " "0, " "0, " "0, " "0, " "0, " "0, " "0, " "0, " "0, " "0, " "0, " "0, " "0, " "0, " "0, " "0, " "0, " "0, " "0, " "0, " "0, " "0, " "0, " "0, " "0, " "0, " "0, " "0, " "0, " "0, " "0, " "0, " "0, " "0, " "0, " "0, " "0, " "0, " "0, " "0, " "0, " "0, " "0, " "0, " "0, " "0, " "0, " "0, " "0, " "0, " "0, " "0, " "0, " "0, " "0, " "0, " "0, " "0, " "0, " "0, " "0, " "0, " "0, " "0, " "0, " "0, " "0, " "0, " "0, " "0, " "0, " "0, " "0, " "0, " "0, " "0, " "0, " "1, " "1, " "1, " "1, " "1, " "1, " "1, " "0, " "1, " "1, " "1, " "1, " "1, " "1, " "1, " "0, " "0, " "0, " "0, " "0, " "0, " "0, " "0, " "0, " "0, " "0, " "0, " "0, " "0, " "0, " "0, " "0, " "0, " "0, " "0, " "0, " "0, " "0, " "0, " "0, " "0, " "0, " "0, " "0, " "0, " "0, " "0, " "0, " "0, " "0, " "0, " "0, " "0, " "0, " "0, " "0, " "0, " "0, " "0, " "0, " "0, " "0, " "0, " "0, " "0, " "0, " "0, " "0, " "0, " "0, " "0, " "0, " "0, " "0, " "0, " "0, " "0, " "0, " "0, " "0, " "0, " "0, " "0, " "0, " "0, " "0, " "0, " "0, " "0, " "0, " "0, " "0, " "0, " "0, " "0, " "0, " "0, " "0, " "0, " "0, " "0, " "0, " "0, " "0, " "0, " "0, " "0, " "0, " "0, " "0, " "0, " "0, " "0, " "0, " "0, " "0, " "0, " "0, " "0, " "0, " "0, " "0, " "0, " "0, " "0, " "0, " "0, " "0, " "0, " "0, " "0, " "0, " "0, " "0, " "0, " "0, " "0, " "0, " "0, " "0, " "0, " "0, " "0, " "0, " "0, " "0, " "0, " "0, " "0, "0
 "Nei116, 0.233, " "-0.679, " "0.68, " "-0.844, " "-0.722, " "0.668, " "0.337, " "0.113, " "-0.516, " "0, " "0, " "0, " "0, " "0, " "0, " "0, " "0, " "0, " "0, " "0, " "0, " "0, " "0, " "0, " "0, " "0, " "0, " "0, " "0, " "0, " "0, " "0, " "0, " "0, " "0, " "0, " "0, " "0, " "0, " "0, " "0, " "0, " "0, " "0, " "0, " "0, " "0, " "0, " "0, " "0, " "0, " "0, " "0, " "0, " "0, " "0, " "0, " "0, " "0, " "0, " "0, " "0, " "0, " "0, " "0, " "0, " "0, " "0, " "0, " "0, " "0, " "0, " "0, " "0, " "0, " "0, " "0, " "0, " "0, " "0, " "0, " "0, " "0, " "0, " "0, " "0, " "0, " "0, " "0, " "0, " "0, " "0, " "0, " "0, " "0, " "0, " "0, " "0, " "0, " "0, " "0, " "0, " "0, " "0, " "0, " "0, " "0, " "0, " "0, " "0, " "0, " "0, " "0, " "0, " "0, " "0, " "0, " "0, " "1, " "1, " "1, " "1, " "1, " "1, " "1, " "0, " "1, " "1, " "1, " "1, " "1, " "1, " "1, " "0, " "0, " "0, " "0, " "0, " "0, " "0, " "0, " "0, " "0, " "0, " "0, " "0, " "0, " "0, " "0, " "0, " "0, " "0, " "0, " "0, " "0, " "0, " "0, " "0, " "0, " "0, " "0, " "0, " "0, " "0, " "0, " "0, " "0, " "0, " "0, " "0, " "0, " "0, " "0, " "0, " "0, " "0, " "0, " "0, " "0, " "0, " "0, " "0, " "0, " "0, " "0, " "0, " "0, " "0, " "0, " "0, " "0, " "0, " "0, " "0, " "0, " "0, " "0, " "0, " "0, " "0, " "0, " "0, " "0, " "0, " "0, " "0, " "0, " "0, " "0, " "0, " "0, " "0, " "0, " "0, " "0, " "0, " "0, " "0, " "0, " "0, " "0, " "0, " "0, " "0, " "0, " "0, " "0, " "0, " "0, " "0, " "0, " "0, " "0, " "0, " "0, " "0, " "0, " "0, " "0, " "0, " "0, " "0, " "0, " "0, " "0, " "0, " "0, " "0, " "0, " "0, " "0, " "0, " "0, " "0, " "0, " "0, " "0, " "0, " "0, " "0, " "0, " "0, " "0, " "0, " "0, " "0, "0
 "Nei117, 0.226, " "-0.421, " "-0.216, " "0.123, " "0.029, " "0.439, " "-0.292, " "0.432, " "-0.068, " "0, " "0, " "0, " "0, " "0, " "0, " "0, " "0, " "0, " "0, " "0, " "0, " "0, " "0, " "0, " "0, " "0, " "0, " "0, " "0, " "0, " "0, " "0, " "0, " "0, " "0, " "0, " "0, " "0, " "0, " "0, " "0, " "0, " "0, " "0, " "0, " "0, " "0, " "0, " "0, " "0, " "0, " "0, " "0, " "0, " "0, " "0, " "0, " "0, " "0, " "0, " "0, " "0, " "0, " "0, " "0, " "0, " "0, " "0, " "0, " "0, " "0, " "0, " "0, " "0, " "0, " "0, " "0, " "0, " "0, " "0, " "0, " "0, " "0, " "0, " "0, " "0, " "0, " "0, " "0, " "0, " "0, " "0, " "0, " "0, " "0, " "0, " "0, " "0, " "0, " "0, " "0, " "0, " "0, " "0, " "0, " "0, " "0, " "0, " "0, " "0, " "0, " "0, " "0, " "0, " "0, " "0, " "0, " "0, " "0, " "1, " "1, " "1, " "1, " "1, " "1, " "1, " "0, " "1, " "1, " "1, " "1, " "1, " "1, " "1, " "0, " "0, " "0, " "0, " "0, " "0, " "0, " "0, " "0, " "0, " "0, " "0, " "0, " "0, " "0, " "0, " "0, " "0, " "0, " "0, " "0, " "0, " "0, " "0, " "0, " "0, " "0, " "0, " "0, " "0, " "0, " "0, " "0, " "0, " "0, " "0, " "0, " "0, " "0, " "0, " "0, " "0, " "0, " "0, " "0, " "0, " "0, " "0, " "0, " "0, " "0, " "0, " "0, " "0, " "0, " "0, " "0, " "0, " "0, " "0, " "0, " "0, " "0, " "0, " "0, " "0, " "0, " "0, " "0, " "0, " "0, " "0, " "0, " "0, " "0, " "0, " "0, " "0, " "0, " "0, " "0, " "0, " "0, " "0, " "0, " "0, " "0, " "0, " "0, " "0, " "0, " "0, " "0, " "0, " "0, " "0, " "0, " "0, " "0, " "0, " "0, " "0, " "0, " "0, " "0, " "0, " "0, " "0, " "0, " "0, " "0, " "0, " "0, " "0, " "0, " "0, " "0, " "0, " "0, " "0, " "0, " "0, " "0, " "0, " "0, " "0, " "0, " "0, " "0, " "0, " "0, " "0, "0
 "Nei118, 0.018, " "0.066, " "0.364, " "0.944, " "-0.151, " "-0.768, " "0.332, " "-0.167, " "-0.231, " "0, " "0, " "0, " "0, " "0, " "0, " "0, " "0, " "0, " "0, " "0, " "0, " "0, " "0, " "0, " "0, " "0, " "0, " "0, " "0, " "0, " "0, " "0, " "0, " "0, " "0, " "0, " "0, " "0, " "0, " "0, " "0, " "0, " "0, " "0, " "0, " "0, " "0, " "0, " "0, " "0, " "0, " "0, " "0, " "0, " "0, " "0, " "0, " "0, " "0, " "0, " "0, " "0, " "0, " "0, " "0, " "0, " "0, " "0, " "0, " "0, " "0, " "0, " "0, " "0, " "0, " "0, " "0, " "0, " "0, " "0, " "0, " "0, " "0, " "0, " "0, " "0, " "0, " "0, " "0, " "0, " "0, " "0, " "0, " "0, " "0, " "0, " "0, " "0, " "0, " "0, " "0, " "0, " "0, " "0, " "0, " "0, " "0, " "0, " "0, " "0, " "0, " "0, " "0, " "0, " "0, " "0, " "0, " "0, " "0, " "0, " "1, " "1, " "1, " "1, " "1, " "1, " "1, " "0, " "1, " "1, " "1, " "1, " "1, " "1, " "1, " "0, " "0, " "0, " "0, " "0, " "0, " "0, " "0, " "0, " "0, " "0, " "0, " "0, " "0, " "0, " "0, " "0, " "0, " "0, " "0, " "0, " "0, " "0, " "0, " "0, " "0, " "0, " "0, " "0, " "0, " "0, " "0, " "0, " "0, " "0, " "0, " "0, " "0, " "0, " "0, " "0, " "0, " "0, " "0, " "0, " "0, " "0, " "0, " "0, " "0, " "0, " "0, " "0, " "0, " "0, " "0, " "0, " "0, " "0, " "0, " "0, " "0, " "0, " "0, " "0, " "0, " "0, " "0, " "0, " "0, " "0, " "0, " "0, " "0, " "0, " "0, " "0, " "0, " "0, " "0, " "0, " "0, " "0, " "0, " "0, " "0, " "0, " "0, " "0, " "0, " "0, " "0, " "0, " "0, " "0, " "0, " "0, " "0, " "0, " "0, " "0, " "0, " "0, " "0, " "0, " "0, " "0, " "0, " "0, " "0, " "0, " "0, " "0, " "0, " "0, " "0, " "0, " "0, " "0, " "0, " "0, " "0, " "0, " "0, " "0, " "0, " "0, " "0, " "0, " "0, " "0, "0
 "Nei119, 0.477, " "-0.322, " "-0.6, " "0.594, " "-0.974, " "-0.262, " "0.683, " "0.689, " "-0.832, " "0, " "0, " "0, " "0, " "0, " "0, " "0, " "0, " "0, " "0, " "0, " "0, " "0, " "0, " "0, " "0, " "0, " "0, " "0, " "0, " "0, " "0, " "0, " "0, " "0, " "0, " "0, " "0, " "0, " "0, " "0, " "0, " "0, " "0, " "0, " "0, " "0, " "0, " "0, " "0, " "0, " "0, " "0, " "0, " "0, " "0, " "0, " "0, " "0, " "0, " "0, " "0, " "0, " "0, " "0, " "0, " "0, " "0, " "0, " "0, " "0, " "0, " "0, " "0, " "0, " "0, " "0, " "0, " "0, " "0, " "0, " "0, " "0, " "0, " "0, " "0, " "0, " "0, " "0, " "0, " "0, " "0, " "0, " "0, " "0, " "0, " "0, " "0, " "0, " "0, " "0, " "0, " "0, " "0, " "0, " "0, " "0, " "0, " "0, " "0, " "0, " "0, " "0, " "0, " "0, " "0, " "0, " "0, " "0, " "0, " "0, " "0, " "1, " "1, " "1, " "1, " "1, " "1, " "1, " "0, " "1, " "1, " "1, " "1, " "1, " "1, " "1, " "0, " "0, " "0, " "0, " "0, " "0, " "0, " "0, " "0, " "0, " "0, " "0, " "0, " "0, " "0, " "0, " "0, " "0, " "0, " "0, " "0, " "0, " "0, " "0, " "0, " "0, " "0, " "0, " "0, " "0, " "0, " "0, " "0, " "0, " "0, " "0, " "0, " "0, " "0, " "0, " "0, " "0, " "0, " "0, " "0, " "0, " "0, " "0, " "0, " "0, " "0, " "0, " "0, " "0, " "0, " "0, " "0, " "0, " "0, " "0, " "0, " "0, " "0, " "0, " "0, " "0, " "0, " "0, " "0, " "0, " "0, " "0, " "0, " "0, " "0, " "0, " "0, " "0, " "0, " "0, " "0, " "0, " "0, " "0, " "0, " "0, " "0, " "0, " "0, " "0, " "0, " "0, " "0, " "0, " "0, " "0, " "0, " "0, " "0, " "0, " "0, " "0, " "0, " "0, " "0, " "0, " "0, " "0, " "0, " "0, " "0, " "0, " "0, " "0, " "0, " "0, " "0, " "0, " "0, " "0, " "0, " "0, " "0, " "0, " "0, " "0, " "0, " "0, " "0, " "0, "0
 "Nei120, 0.178, " "-0.697, " "0.263, " "-0.165, " "0.663, " "-0.515, " "0.61, " "0.488, " "0.87, " "0, " "0, " "0, " "0, " "0, " "0, " "0, " "0, " "0, " "0, " "0, " "0, " "0, " "0, " "0, " "0, " "0, " "0, " "0, " "0, " "0, " "0, " "0, " "0, " "0, " "0, " "0, " "0, " "0, " "0, " "0, " "0, " "0, " "0, " "0, " "0, " "0, " "0, " "0, " "0, " "0, " "0, " "0, " "0, " "0, " "0, " "0, " "0, " "0, " "0, " "0, " "0, " "0, " "0, " "0, " "0, " "0, " "0, " "0, " "0, " "0, " "0, " "0, " "0, " "0, " "0, " "0, " "0, " "0, " "0, " "0, " "0, " "0, " "0, " "0, " "0, " "0, " "0, " "0, " "0, " "0, " "0, " "0, " "0, " "0, " "0, " "0, " "0, " "0, " "0, " "0, " "0, " "0, " "0, " "0, " "0, " "0, " "0, " "0, " "0, " "0, " "0, " "0, " "0, " "0, " "0, " "0, " "0, " "0, " "0, " "0, " "0, " "0, " "1, " "1, " "1, " "1, " "1, " "1, " "1, " "0, " "1, " "1, " "1, " "1, " "1, " "1, " "1, " "0, " "0, " "0, " "0, " "0, " "0, " "0, " "0, " "0, " "0, " "0, " "0, " "0, " "0, " "0, " "0, " "0, " "0, " "0, " "0, " "0, " "0, " "0, " "0, " "0, " "0, " "0, " "0, " "0, " "0, " "0, " "0, " "0, " "0, " "0, " "0, " "0, " "0, " "0, " "0, " "0, " "0, " "0, " "0, " "0, " "0, " "0, " "0, " "0, " "0, " "0, " "0, " "0, " "0, " "0, " "0, " "0, " "0, " "0, " "0, " "0, " "0, " "0, " "0, " "0, " "0, " "0, " "0, " "0, " "0, " "0, " "0, " "0, " "0, " "0, " "0, " "0, " "0, " "0, " "0, " "0, " "0, " "0, " "0, " "0, " "0, " "0, " "0, " "0, " "0, " "0, " "0, " "0, " "0, " "0, " "0, " "0, " "0, " "0, " "0, " "0, " "0, " "0, " "0, " "0, " "0, " "0, " "0, " "0, " "0, " "0, " "0, " "0, " "0, " "0, " "0, " "0, " "0, " "0, " "0, " "0, " "0, " "0, " "0, " "0, " "0, " "0, " "0, " "0, "0
 "Nei121, 0.073, " "0.56, " "0.19, " "0.109, " "-0.178, " "0.356, " "-0.936, " "-0.394, " "-0.674, " "0, " "0, " "0, " "0, " "0, " "0, " "0, " "0, " "0, " "0, " "0, " "0, " "0, " "0, " "0, " "0, " "0, " "0, " "0, " "0, " "0, " "0, " "0, " "0, " "0, " "0, " "0, " "0, " "0, " "0, " "0, " "0, " "0, " "0, " "0, " "0, " "0, " "0, " "0, " "0, " "0, " "0, " "0, " "0, " "0, " "0, " "0, " "0, " "0, " "0, " "0, " "0, " "0, " "0, " "0, " "0, " "0, " "0, " "0, " "0, " "0, " "0, " "0, " "0, " "0, " "0, " "0, " "0, " "0, " "0, " "0, " "0, " "0, " "0, " "0, " "0, " "0, " "0, " "0, " "0, " "0, " "0, " "0, " "0, " "0, " "0, " "0, " "0, " "0, " "0, " "0, " "0, " "0, " "0, " "0, " "0, " "0, " "0, " "0, " "0, " "0, " "0, " "0, " "0, " "0, " "0, " "0, " "0, " "0, " "0, " "0, " "0, " "0, " "0, " "1, " "1, " "1, " "1, " "1, " "1, " "1, " "0, " "1, " "1, " "1, " "1, " "1, " "1, " "1, " "0, " "0, " "0, " "0, " "0, " "0, " "0, " "0, " "0, " "0, " "0, " "0, " "0, " "0, " "0, " "0, " "0, " "0, " "0, " "0, " "0, " "0, " "0, " "0, " "0, " "0, " "0, " "0, " "0, " "0, " "0, " "0, " "0, " "0, " "0, " "0, " "0, " "0, " "0, " "0, " "0, " "0, " "0, " "0, " "0, " "0, " "0, " "0, " "0, " "0, " "0, " "0, " "0, " "0, " "0, " "0, " "0, " "0, " "0, " "0, " "0, " "0, " "0, " "0, " "0, " "0, " "0, " "0, " "0, " "0, " "0, " "0, " "0, " "0, " "0, " "0, " "0, " "0, " "0, " "0, " "0, " "0, " "0, " "0, " "0, " "0, " "0, " "0, " "0, " "0, " "0, " "0, " "0, " "0, " "0, " "0, " "0, " "0, " "0, " "0, " "0, " "0, " "0, " "0, " "0, " "0, " "0, " "0, " "0, " "0, " "0, " "0, " "0, " "0, " "0, " "0, " "0, " "0, " "0, " "0, " "0, " "0, " "0, " "0, " "0, " "0, " "0, " "0, "0
 "Nei122, 0.389, " "-0.088, " "0.598, " "-0.817, " "0.043, " "-0.446, " "0.281, " "0.093, " "0.486, " "0, " "0, " "0, " "0, " "0, " "0, " "0, " "0, " "0, " "0, " "0, " "0, " "0, " "0, " "0, " "0, " "0, " "0, " "0, " "0, " "0, " "0, " "0, " "0, " "0, " "0, " "0, " "0, " "0, " "0, " "0, " "0, " "0, " "0, " "0, " "0, " "0, " "0, " "0, " "0, " "0, " "0, " "0, " "0, " "0, " "0, " "0, " "0, " "0, " "0, " "0, " "0, " "0, " "0, " "0, " "0, " "0, " "0, " "0, " "0, " "0, " "0, " "0, " "0, " "0, " "0, " "0, " "0, " "0, " "0, " "0, " "0, " "0, " "0, " "0, " "0, " "0, " "0, " "0, " "0, " "0, " "0, " "0, " "0, " "0, " "0, " "0, " "0, " "0, " "0, " "0, " "0, " "0, " "0, " "0, " "0, " "0, " "0, " "0, " "0, " "0, " "0, " "0, " "0, " "0, " "0, " "0, " "0, " "0, " "0, " "0, " "0, " "0, " "0, " "0, " "1, " "1, " "1, " "1, " "1, " "1, " "1, " "0, " "1, " "1, " "1, " "1, " "1, " "1, " "1, " "0, " "0, " "0, " "0, " "0, " "0, " "0, " "0, " "0, " "0, " "0, " "0, " "0, " "0, " "0, " "0, " "0, " "0, " "0, " "0, " "0, " "0, " "0, " "0, " "0, " "0, " "0, " "0, " "0, " "0, " "0, " "0, " "0, " "0, " "0, " "0, " "0, " "0, " "0, " "0, " "0, " "0, " "0, " "0, " "0, " "0, " "0, " "0, " "0, " "0, " "0, " "0, " "0, " "0, " "0, " "0, " "0, " "0, " "0, " "0, " "0, " "0, " "0, " "0, " "0, " "0, " "0, " "0, " "0, " "0, " "0, " "0, " "0, " "0, " "0, " "0, " "0, " "0, " "0, " "0, " "0, " "0, " "0, " "0, " "0, " "0, " "0, " "0, " "0, " "0, " "0, " "0, " "0, " "0, " "0, " "0, " "0, " "0, " "0, " "0, " "0, " "0, " "0, " "0, " "0, " "0, " "0, " "0, " "0, " "0, " "0, " "0, " "0, " "0, " "0, " "0, " "0, " "0, " "0, " "0, " "0, " "0, " "0, " "0, " "0, " "0, " "0, "0
 "Nei123, 0.328, " "-0.585, " "-0.293, " "0.504, " "-0.619, " "-0.122, " "0.886, " "-0.297, " "-0.81, " "0, " "0, " "0, " "0, " "0, " "0, " "0, " "0, " "0, " "0, " "0, " "0, " "0, " "0, " "0, " "0, " "0, " "0, " "0, " "0, " "0, " "0, " "0, " "0, " "0, " "0, " "0, " "0, " "0, " "0, " "0, " "0, " "0, " "0, " "0, " "0, " "0, " "0, " "0, " "0, " "0, " "0, " "0, " "0, " "0, " "0, " "0, " "0, " "0, " "0, " "0, " "0, " "0, " "0, " "0, " "0, " "0, " "0, " "0, " "0, " "0, " "0, " "0, " "0, " "0, " "0, " "0, " "0, " "0, " "0, " "0, " "0, " "0, " "0, " "0, " "0, " "0, " "0, " "0, " "0, " "0, " "0, " "0, " "0, " "0, " "0, " "0, " "0, " "0, " "0, " "0, " "0, " "0, " "0, " "0, " "0, " "0, " "0, " "0, " "0, " "0, " "0, " "0, " "0, " "0, " "0, " "0, " "0, " "0, " "0, " "0, " "0, " "0, " "0, " "0, " "0, " "1, " "1, " "1, " "1, " "1, " "1, " "1, " "0, " "1, " "1, " "1, " "1, " "1, " "1, " "1, " "0, " "0, " "0, " "0, " "0, " "0, " "0, " "0, " "0, " "0, " "0, " "0, " "0, " "0, " "0, " "0, " "0, " "0, " "0, " "0, " "0, " "0, " "0, " "0, " "0, " "0, " "0, " "0, " "0, " "0, " "0, " "0, " "0, " "0, " "0, " "0, " "0, " "0, " "0, " "0, " "0, " "0, " "0, " "0, " "0, " "0, " "0, " "0, " "0, " "0, " "0, " "0, " "0, " "0, " "0, " "0, " "0, " "0, " "0, " "0, " "0, " "0, " "0, " "0, " "0, " "0, " "0, " "0, " "0, " "0, " "0, " "0, " "0, " "0, " "0, " "0, " "0, " "0, " "0, " "0, " "0, " "0, " "0, " "0, " "0, " "0, " "0, " "0, " "0, " "0, " "0, " "0, " "0, " "0, " "0, " "0, " "0, " "0, " "0, " "0, " "0, " "0, " "0, " "0, " "0, " "0, " "0, " "0, " "0, " "0, " "0, " "0, " "0, " "0, " "0, " "0, " "0, " "0, " "0, " "0, " "0, " "0, " "0, " "0, " "0, " "0, "0
 "Nei124, 0.294, " "-0.265, " "0.843, " "-0.193, " "0.113, " "0.607, " "-0.868, " "0.418, " "0.528, " "0, " "0, " "0, " "0, " "0, " "0, " "0, " "0, " "0, " "0, " "0, " "0, " "0, " "0, " "0, " "0, " "0, " "0, " "0, " "0, " "0, " "0, " "0, " "0, " "0, " "0, " "0, " "0, " "0, " "0, " "0, " "0, " "0, " "0, " "0, " "0, " "0, " "0, " "0, " "0, " "0, " "0, " "0, " "0, " "0, " "0, " "0, " "0, " "0, " "0, " "0, " "0, " "0, " "0, " "0, " "0, " "0, " "0, " "0, " "0, " "0, " "0, " "0, " "0, " "0, " "0, " "0, " "0, " "0, " "0, " "0, " "0, " "0, " "0, " "0, " "0, " "0, " "0, " "0, " "0, " "0, " "0, " "0, " "0, " "0, " "0, " "0, " "0, " "0, " "0, " "0, " "0, " "0, " "0, " "0, " "0, " "0, " "0, " "0, " "0, " "0, " "0, " "0, " "0, " "0, " "0, " "0, " "0, " "0, " "0, " "0, " "0, " "0, " "0, " "0, " "0, " "0, " "1, " "1, " "1, " "1, " "1, " "1, " "1, " "0, " "1, " "1, " "1, " "1, " "1, " "1, " "1, " "0, " "0, " "0, " "0, " "0, " "0, " "0, " "0, " "0, " "0, " "0, " "0, " "0, " "0, " "0, " "0, " "0, " "0, " "0, " "0, " "0, " "0, " "0, " "0, " "0, " "0, " "0, " "0, " "0, " "0, " "0, " "0, " "0, " "0, " "0, " "0, " "0, " "0, " "0, " "0, " "0, " "0, " "0, " "0, " "0, " "0, " "0, " "0, " "0, " "0, " "0, " "0, " "0, " "0, " "0, " "0, " "0, " "0, " "0, " "0, " "0, " "0, " "0, " "0, " "0, " "0, " "0, " "0, " "0, " "0, " "0, " "0, " "0, " "0, " "0, " "0, " "0, " "0, " "0, " "0, " "0, " "0, " "0, " "0, " "0, " "0, " "0, " "0, " "0, " "0, " "0, " "0, " "0, " "0, " "0, " "0, " "0, " "0, " "0, " "0, " "0, " "0, " "0, " "0, " "0, " "0, " "0, " "0, " "0, " "0, " "0, " "0, " "0, " "0, " "0, " "0, " "0, " "0, " "0, " "0, " "0, " "0, " "0, " "0, " "0, "0
 "Nei125, 0.333, " "0.436, " "0.981, " "0.522, " "0.555, " "-0.469, " "-0.531, " "0.212, " "0.008, " "0, " "0, " "0, " "0, " "0, " "0, " "0, " "0, " "0, " "0, " "0, " "0, " "0, " "0, " "0, " "0, " "0, " "0, " "0, " "0, " "0, " "0, " "0, " "0, " "0, " "0, " "0, " "0, " "0, " "0, " "0, " "0, " "0, " "0, " "0, " "0, " "0, " "0, " "0, " "0, " "0, " "0, " "0, " "0, " "0, " "0, " "0, " "0, " "0, " "0, " "0, " "0, " "0, " "0, " "0, " "0, " "0, " "0, " "0, " "0, " "0, " "0, " "0, " "0, " "0, " "0, " "0, " "0, " "0, " "0, " "0, " "0, " "0, " "0, " "0, " "0, " "0, " "0, " "0, " "0, " "0, " "0, " "0, " "0, " "0, " "0, " "0, " "0, " "0, " "0, " "0, " "0, " "0, " "0, " "0, " "0, " "0, " "0, " "0, " "0, " "0, " "0, " "0, " "0, " "0, " "0, " "0, " "0, " "0, " "0, " "0, " "0, " "0, " "0, " "0, " "0, " "0, " "0, " "1, " "1, " "1, " "1, " "1, " "1, " "1, " "0, " "1, " "1, " "1, " "1, " "1, " "1, " "1, " "0, " "0, " "0, " "0, " "0, " "0, " "0, " "0, " "0, " "0, " "0, " "0, " "0, " "0, " "0, " "0, " "0, " "0, " "0, " "0, " "0, " "0, " "0, " "0, " "0, " "0, " "0, " "0, " "0, " "0, " "0, " "0, " "0, " "0, " "0, " "0, " "0, " "0, " "0, " "0, " "0, " "0, " "0, " "0, " "0, " "0, " "0, " "0, " "0, " "0, " "0, " "0, " "0, " "0, " "0, " "0, " "0, " "0, " "0, " "0, " "0, " "0, " "0, " "0, " "0, " "0, " "0, " "0, " "0, " "0, " "0, " "0, " "0, " "0, " "0, " "0, " "0, " "0, " "0, " "0, " "0, " "0, " "0, " "0, " "0, " "0, " "0, " "0, " "0, " "0, " "0, " "0, " "0, " "0, " "0, " "0, " "0, " "0, " "0, " "0, " "0, " "0, " "0, " "0, " "0, " "0, " "0, " "0, " "0, " "0, " "0, " "0, " "0, " "0, " "0, " "0, " "0, " "0, " "0, " "0, " "0, " "0, " "0, " "0, "0
 "Nei126, 0.443, " "-0.952, " "0.237, " "0.116, " "-0.727, " "-0.708, " "-0.536, " "-0.116, " "-0.959, " "0, " "0, " "0, " "0, " "0, " "0, " "0, " "0, " "0, " "0, " "0, " "0, " "0, " "0, " "0, " "0, " "0, " "0, " "0, " "0, " "0, " "0, " "0, " "0, " "0, " "0, " "0, " "0, " "0, " "0, " "0, " "0, " "0, " "0, " "0, " "0, " "0, " "0, " "0, " "0, " "0, " "0, " "0, " "0, " "0, " "0, " "0, " "0, " "0, " "0, " "0, " "0, " "0, " "0, " "0, " "0, " "0, " "0, " "0, " "0, " "0, " "0, " "0, " "0, " "0, " "0, " "0, " "0, " "0, " "0, " "0, " "0, " "0, " "0, " "0, " "0, " "0, " "0, " "0, " "0, " "0, " "0, " "0, " "0, " "0, " "0, " "0, " "0, " "0, " "0, " "0, " "0, " "0, " "0, " "0, " "0, " "0, " "0, " "0, " "0, " "0, " "0, " "0, " "0, " "0, " "0, " "0, " "0, " "0, " "0, " "0, " "0, " "0, " "0, " "0, " "0, " "0, " "0, " "0, " "1, " "1, " "1, " "1, " "1, " "1, " "1, " "0, " "1, " "1, " "1, " "1, " "1, " "1, " "1, " "0, " "0, " "0, " "0, " "0, " "0, " "0, " "0, " "0, " "0, " "0, " "0, " "0, " "0, " "0, " "0, " "0, " "0, " "0, " "0, " "0, " "0, " "0, " "0, " "0, " "0, " "0, " "0, " "0, " "0, " "0, " "0, " "0, " "0, " "0, " "0, " "0, " "0, " "0, " "0, " "0, " "0, " "0, " "0, " "0, " "0, " "0, " "0, " "0, " "0, " "0, " "0, " "0, " "0, " "0, " "0, " "0, " "0, " "0, " "0, " "0, " "0, " "0, " "0, " "0, " "0, " "0, " "0, " "0, " "0, " "0, " "0, " "0, " "0, " "0, " "0, " "0, " "0, " "0, " "0, " "0, " "0, " "0, " "0, " "0, " "0, " "0, " "0, " "0, " "0, " "0, " "0, " "0, " "0, " "0, " "0, " "0, " "0, " "0, " "0, " "0, " "0, " "0, " "0, " "0, " "0, " "0, " "0, " "0, " "0, " "0, " "0, " "0, " "0, " "0, " "0, " "0, " "0, " "0, " "0, " "0, " "0, " "0, "0
 "Nei127, 0.557, " "0.127, " "-0.306, " "0.095, " "-0.531, " "-0.993, " "-0.377, " "-0.112, " "-0.411, " "0, " "0, " "0, " "0, " "0, " "0, " "0, " "0, " "0, " "0, " "0, " "0, " "0, " "0, " "0, " "0, " "0, " "0, " "0, " "0, " "0, " "0, " "0, " "0, " "0, " "0, " "0, " "0, " "0, " "0, " "0, " "0, " "0, " "0, " "0, " "0, " "0, " "0, " "0, " "0, " "0, " "0, " "0, " "0, " "0, " "0, " "0, " "0, " "0, " "0, " "0, " "0, " "0, " "0, " "0, " "0, " "0, " "0, " "0, " "0, " "0, " "0, " "0, " "0, " "0, " "0, " "0, " "0, " "0, " "0, " "0, " "0, " "0, " "0, " "0, " "0, " "0, " "0, " "0, " "0, " "0, " "0, " "0, " "0, " "0, " "0, " "0, " "0, " "0, " "0, " "0, " "0, " "0, " "0, " "0, " "0, " "0, " "0, " "0, " "0, " "0, " "0, " "0, " "0, " "0, " "0, " "0, " "0, " "0, " "0, " "0, " "0, " "0, " "0, " "0, " "0, " "0, " "0, " "0, " "0, " "1, " "1, " "1, " "1, " "1, " "1, " "1, " "0, " "1, " "1, " "1, " "1, " "1, " "1, " "1, " "0, " "0, " "0, " "0, " "0, " "0, " "0, " "0, " "0, " "0, " "0, " "0, " "0, " "0, " "0, " "0, " "0, " "0, " "0, " "0, " "0, " "0, " "0, " "0, " "0, " "0, " "0, " "0, " "0, " "0, " "0, " "0, " "0, " "0, " "0, " "0, " "0, " "0, " "0, " "0, " "0, " "0, " "0, " "0, " "0, " "0, " "0, " "0, " "0, " "0, " "0, " "0, " "0, " "0, " "0, " "0, " "0, " "0, " "0, " "0, " "0, " "0, " "0, " "0, " "0, " "0, " "0, " "0, " "0, " "0, " "0, " "0, " "0, " "0, " "0, " "0, " "0, " "0, " "0, " "0, " "0, " "0, " "0, " "0, " "0, " "0, " "0, " "0, " "0, " "0, " "0, " "0, " "0, " "0, " "0, " "0, " "0, " "0, " "0, " "0, " "0, " "0, " "0, " "0, " "0, " "0, " "0, " "0, " "0, " "0, " "0, " "0, " "0, " "0, " "0, " "0, " "0, " "0, " "0, " "0, " "0, " "0, "0
 "Nei128, 0.427, " "-0.433, " "0.506, " "0.658, " "-1, " "0.812, " "0.861, " "-0.318, " "-0.885, " "0, " "0, " "0, " "0, " "0, " "0, " "0, " "0, " "0, " "0, " "0, " "0, " "0, " "0, " "0, " "0, " "0, " "0, " "0, " "0, " "0, " "0, " "0, " "0, " "0, " "0, " "0, " "0, " "0, " "0, " "0, " "0, " "0, " "0, " "0, " "0, " "0, " "0, " "0, " "0, " "0, " "0, " "0, " "0, " "0, " "0, " "0, " "0, " "0, " "0, " "0, " "0, " "0, " "0, " "0, " "0, " "0, " "0, " "0, " "0, " "0, " "0, " "0, " "0, " "0, " "0, " "0, " "0, " "0, " "0, " "0, " "0, " "0, " "0, " "0, " "0, " "0, " "0, " "0, " "0, " "0, " "0, " "0, " "0, " "0, " "0, " "0, " "0, " "0, " "0, " "0, " "0, " "0, " "0, " "0, " "0, " "0, " "0, " "0, " "0, " "0, " "0, " "0, " "0, " "0, " "0, " "0, " "0, " "0, " "0, " "0, " "0, " "0, " "0, " "0, " "0, " "0, " "0, " "0, " "0, " "0, " "1, " "1, " "1, " "1, " "1, " "1, " "1, " "0, " "1, " "1, " "1, " "1, " "1, " "1, " "1, " "0, " "0, " "0, " "0, " "0, " "0, " "0, " "0, " "0, " "0, " "0, " "0, " "0, " "0, " "0, " "0, " "0, " "0, " "0, " "0, " "0, " "0, " "0, " "0, " "0, " "0, " "0, " "0, " "0, " "0, " "0, " "0, " "0, " "0, " "0, " "0, " "0, " "0, " "0, " "0, " "0, " "0, " "0, " "0, " "0, " "0, " "0, " "0, " "0, " "0, " "0, " "0, " "0, " "0, " "0, " "0, " "0, " "0, " "0, " "0, " "0, " "0, " "0, " "0, " "0, " "0, " "0, " "0, " "0, " "0, " "0, " "0, " "0, " "0, " "0, " "0, " "0, " "0, " "0, " "0, " "0, " "0, " "0, " "0, " "0, " "0, " "0, " "0, " "0, " "0, " "0, " "0, " "0, " "0, " "0, " "0, " "0, " "0, " "0, " "0, " "0, " "0, " "0, " "0, " "0, " "0, " "0, " "0, " "0, " "0, " "0, " "0, " "0, " "0, " "0, " "0, " "0, " "0, " "0, " "0, " "0, "0
 "Nei129, 0.435, " "0.259, " "0.754, " "-0.427, " "0.041, " "-0.943, " "-0.947, " "-0.982, " "0.138, " "0, " "0, " "0, " "0, " "0, " "0, " "0, " "0, " "0, " "0, " "0, " "0, " "0, " "0, " "0, " "0, " "0, " "0, " "0, " "0, " "0, " "0, " "0, " "0, " "0, " "0, " "0, " "0, " "0, " "0, " "0, " "0, " "0, " "0, " "0, " "0, " "0, " "0, " "0, " "0, " "0, " "0, " "0, " "0, " "0, " "0, " "0, " "0, " "0, " "0, " "0, " "0, " "0, " "0, " "0, " "0, " "0, " "0, " "0, " "0, " "0, " "0, " "0, " "0, " "0, " "0, " "0, " "0, " "0, " "0, " "0, " "0, " "0, " "0, " "0, " "0, " "0, " "0, " "0, " "0, " "0, " "0, " "0, " "0, " "0, " "0, " "0, " "0, " "0, " "0, " "0, " "0, " "0, " "0, " "0, " "0, " "0, " "0, " "0, " "0, " "0, " "0, " "0, " "0, " "0, " "0, " "0, " "0, " "0, " "0, " "0, " "0, " "0, " "0, " "0, " "0, " "0, " "0, " "0, " "0, " "0, " "0, " "1, " "1, " "1, " "1, " "1, " "1, " "1, " "0, " "1, " "1, " "1, " "1, " "1, " "1, " "1, " "0, " "0, " "0, " "0, " "0, " "0, " "0, " "0, " "0, " "0, " "0, " "0, " "0, " "0, " "0, " "0, " "0, " "0, " "0, " "0, " "0, " "0, " "0, " "0, " "0, " "0, " "0, " "0, " "0, " "0, " "0, " "0, " "0, " "0, " "0, " "0, " "0, " "0, " "0, " "0, " "0, " "0, " "0, " "0, " "0, " "0, " "0, " "0, " "0, " "0, " "0, " "0, " "0, " "0, " "0, " "0, " "0, " "0, " "0, " "0, " "0, " "0, " "0, " "0, " "0, " "0, " "0, " "0, " "0, " "0, " "0, " "0, " "0, " "0, " "0, " "0, " "0, " "0, " "0, " "0, " "0, " "0, " "0, " "0, " "0, " "0, " "0, " "0, " "0, " "0, " "0, " "0, " "0, " "0, " "0, " "0, " "0, " "0, " "0, " "0, " "0, " "0, " "0, " "0, " "0, " "0, " "0, " "0, " "0, " "0, " "0, " "0, " "0, " "0, " "0, " "0, " "0, " "0, " "0, " "0, "0
 "Nei130, 0.581, " "-0.391, " "-0.794, " "-0.745, " "0.955, " "0.769, " "-0.872, " "0.754, " "-0.306, " "0, " "0, " "0, " "0, " "0, " "0, " "0, " "0, " "0, " "0, " "0, " "0, " "0, " "0, " "0, " "0, " "0, " "0, " "0, " "0, " "0, " "0, " "0, " "0, " "0, " "0, " "0, " "0, " "0, " "0, " "0, " "0, " "0, " "0, " "0, " "0, " "0, " "0, " "0, " "0, " "0, " "0, " "0, " "0, " "0, " "0, " "0, " "0, " "0, " "0, " "0, " "0, " "0, " "0, " "0, " "0, " "0, " "0, " "0, " "0, " "0, " "0, " "0, " "0, " "0, " "0, " "0, " "0, " "0, " "0, " "0, " "0, " "0, " "0, " "0, " "0, " "0, " "0, " "0, " "0, " "0, " "0, " "0, " "0, " "0, " "0, " "0, " "0, " "0, " "0, " "0, " "0, " "0, " "0, " "0, " "0, " "0, " "0, " "0, " "0, " "0, " "0, " "0, " "0, " "0, " "0, " "0, " "0, " "0, " "0, " "0, " "0, " "0, " "0, " "0, " "0, " "0, " "0, " "0, " "0, " "0, " "0, " "0, " "1, " "1, " "1, " "1, " "1, " "1, " "1, " "0, " "1, " "1, " "1, " "1, " "1, " "1, " "1, " "0, " "0, " "0, " "0, " "0, " "0, " "0, " "0, " "0, " "0, " "0, " "0, " "0, " "0, " "0, " "0, " "0, " "0, " "0, " "0, " "0, " "0, " "0, " "0, " "0, " "0, " "0, " "0, " "0, " "0, " "0, " "0, " "0, " "0, " "0, " "0, " "0, " "0, " "0, " "0, " "0, " "0, " "0, " "0, " "0, " "0, " "0, " "0, " "0, " "0, " "0, " "0, " "0, " "0, " "0, " "0, " "0, " "0, " "0, " "0, " "0, " "0, " "0, " "0, " "0, " "0, " "0, " "0, " "0, " "0, " "0, " "0, " "0, " "0, " "0, " "0, " "0, " "0, " "0, " "0, " "0, " "0, " "0, " "0, " "0, " "0, " "0, " "0, " "0, " "0, " "0, " "0, " "0, " "0, " "0, " "0, " "0, " "0, " "0, " "0, " "0, " "0, " "0, " "0, " "0, " "0, " "0, " "0, " "0, " "0, " "0, " "0, " "0, " "0, " "0, " "0, " "0, " "0, " "0, "0
 "Nei131, 0.299, " "0.85, " "0.758, " "-0.975, " "0.328, " "0.083, " "0.461, " "0.127, " "-0.084, " "0, " "0, " "0, " "0, " "0, " "0, " "0, " "0, " "0, " "0, " "0, " "0, " "0, " "0, " "0, " "0, " "0, " "0, " "0, " "0, " "0, " "0, " "0, " "0, " "0, " "0, " "0, " "0, " "0, " "0, " "0, " "0, " "0, " "0, " "0, " "0, " "0, " "0, " "0, " "0, " "0, " "0, " "0, " "0, " "0, " "0, " "0, " "0, " "0, " "0, " "0, " "0, " "0, " "0, " "0, " "0, " "0, " "0, " "0, " "0, " "0, " "0, " "0, " "0, " "0, " "0, " "0, " "0, " "0, " "0, " "0, " "0, " "0, " "0, " "0, " "0, " "0, " "0, " "0, " "0, " "0, " "0, " "0, " "0, " "0, " "0, " "0, " "0, " "0, " "0, " "0, " "0, " "0, " "0, " "0, " "0, " "0, " "0, " "0, " "0, " "0, " "0, " "0, " "0, " "0, " "0, " "0, " "0, " "0, " "0, " "0, " "0, " "0, " "0, " "0, " "0, " "0, " "0, " "0, " "0, " "0, " "0, " "0, " "0, " "1, " "1, " "1, " "1, " "1, " "1, " "1, " "0, " "1, " "1, " "1, " "1, " "1, " "1, " "1, " "0, " "0, " "0, " "0, " "0, " "0, " "0, " "0, " "0, " "0, " "0, " "0, " "0, " "0, " "0, " "0, " "0, " "0, " "0, " "0, " "0, " "0, " "0, " "0, " "0, " "0, " "0, " "0, " "0, " "0, " "0, " "0, " "0, " "0, " "0, " "0, " "0, " "0, " "0, " "0, " "0, " "0, " "0, " "0, " "0, " "0, " "0, " "0, " "0, " "0, " "0, " "0, " "0, " "0, " "0, " "0, " "0, " "0, " "0, " "0, " "0, " "0, " "0, " "0, " "0, " "0, " "0, " "0, " "0, " "0, " "0, " "0, " "0, " "0, " "0, " "0, " "0, " "0, " "0, " "0, " "0, " "0, " "0, " "0, " "0, " "0, " "0, " "0, " "0, " "0, " "0, " "0, " "0, " "0, " "0, " "0, " "0, " "0, " "0, " "0, " "0, " "0, " "0, " "0, " "0, " "0, " "0, " "0, " "0, " "0, " "0, " "0, " "0, " "0, " "0, " "0, " "0, " "0, "0
 "Nei132, 0.515, " "0.243, " "0.432, " "-0.039, " "0.103, " "0.414, " "-0.643, " "0.551, " "0.337, " "0, " "0, " "0, " "0, " "0, " "0, " "0, " "0, " "0, " "0, " "0, " "0, " "0, " "0, " "0, " "0, " "0, " "0, " "0, " "0, " "0, " "0, " "0, " "0, " "0, " "0, " "0, " "0, " "0, " "0, " "0, " "0, " "0, " "0, " "0, " "0, " "0, " "0, " "0, " "0, " "0, " "0, " "0, " "0, " "0, " "0, " "0, " "0, " "0, " "0, " "0, " "0, " "0, " "0, " "0, " "0, " "0, " "0, " "0, " "0, " "0, " "0, " "0, " "0, " "0, " "0, " "0, " "0, " "0, " "0, " "0, " "0, " "0, " "0, " "0, " "0, " "0, " "0, " "0, " "0, " "0, " "0, " "0, " "0, " "0, " "0, " "0, " "0, " "0, " "0, " "0, " "0, " "0, " "0, " "0, " "0, " "0, " "0, " "0, " "0, " "0, " "0, " "0, " "0, " "0, " "0, " "0, " "0, " "0, " "0, " "0, " "0, " "0, " "0, " "0, " "0, " "0, " "0, " "0, " "0, " "0, " "0, " "0, " "0, " "0, " "1, " "1, " "1, " "1, " "1, " "1, " "1, " "0, " "1, " "1, " "1, " "1, " "1, " "1, " "1, " "0, " "0, " "0, " "0, " "0, " "0, " "0, " "0, " "0, " "0, " "0, " "0, " "0, " "0, " "0, " "0, " "0, " "0, " "0, " "0, " "0, " "0, " "0, " "0, " "0, " "0, " "0, " "0, " "0, " "0, " "0, " "0, " "0, " "0, " "0, " "0, " "0, " "0, " "0, " "0, " "0, " "0, " "0, " "0, " "0, " "0, " "0, " "0, " "0, " "0, " "0, " "0, " "0, " "0, " "0, " "0, " "0, " "0, " "0, " "0, " "0, " "0, " "0, " "0, " "0, " "0, " "0, " "0, " "0, " "0, " "0, " "0, " "0, " "0, " "0, " "0, " "0, " "0, " "0, " "0, " "0, " "0, " "0, " "0, " "0, " "0, " "0, " "0, " "0, " "0, " "0, " "0, " "0, " "0, " "0, " "0, " "0, " "0, " "0, " "0, " "0, " "0, " "0, " "0, " "0, " "0, " "0, " "0, " "0, " "0, " "0, " "0, " "0, " "0, " "0, " "0, " "0, "0
 "Nei133, 0.264, " "0.7, " "0.276, " "-0.479, " "-0.497, " "-0.34, " "-0.867, " "0.887, " "-0.521, " "0, " "0, " "0, " "0, " "0, " "0, " "0, " "0, " "0, " "0, " "0, " "0, " "0, " "0, " "0, " "0, " "0, " "0, " "0, " "0, " "0, " "0, " "0, " "0, " "0, " "0, " "0, " "0, " "0, " "0, " "0, " "0, " "0, " "0, " "0, " "0, " "0, " "0, " "0, " "0, " "0, " "0, " "0, " "0, " "0, " "0, " "0, " "0, " "0, " "0, " "0, " "0, " "0, " "0, " "0, " "0, " "0, " "0, " "0, " "0, " "0, " "0, " "0, " "0, " "0, " "0, " "0, " "0, " "0, " "0, " "0, " "0, " "0, " "0, " "0, " "0, " "0, " "0, " "0, " "0, " "0, " "0, " "0, " "0, " "0, " "0, " "0, " "0, " "0, " "0, " "0, " "0, " "0, " "0, " "0, " "0, " "0, " "0, " "0, " "0, " "0, " "0, " "0, " "0, " "0, " "0, " "0, " "0, " "0, " "0, " "0, " "0, " "0, " "0, " "0, " "0, " "0, " "0, " "0, " "0, " "0, " "0, " "0, " "0, " "0, " "0, " "1, " "1, " "1, " "1, " "1, " "1, " "1, " "0, " "1, " "1, " "1, " "1, " "1, " "1, " "1, " "0, " "0, " "0, " "0, " "0, " "0, " "0, " "0, " "0, " "0, " "0, " "0, " "0, " "0, " "0, " "0, " "0, " "0, " "0, " "0, " "0, " "0, " "0, " "0, " "0, " "0, " "0, " "0, " "0, " "0, " "0, " "0, " "0, " "0, " "0, " "0, " "0, " "0, " "0, " "0, " "0, " "0, " "0, " "0, " "0, " "0, " "0, " "0, " "0, " "0, " "0, " "0, " "0, " "0, " "0, " "0, " "0, " "0, " "0, " "0, " "0, " "0, " "0, " "0, " "0, " "0, " "0, " "0, " "0, " "0, " "0, " "0, " "0, " "0, " "0, " "0, " "0, " "0, " "0, " "0, " "0, " "0, " "0, " "0, " "0, " "0, " "0, " "0, " "0, " "0, " "0, " "0, " "0, " "0, " "0, " "0, " "0, " "0, " "0, " "0, " "0, " "0, " "0, " "0, " "0, " "0, " "0, " "0, " "0, " "0, " "0, " "0, " "0, " "0, " "0, " "0, "0
 "Nei134, 0.145, " "0.498, " "0.236, " "0.835, " "0.934, " "-0.819, " "-0.925, " "0.273, " "-0.643, " "0, " "0, " "0, " "0, " "0, " "0, " "0, " "0, " "0, " "0, " "0, " "0, " "0, " "0, " "0, " "0, " "0, " "0, " "0, " "0, " "0, " "0, " "0, " "0, " "0, " "0, " "0, " "0, " "0, " "0, " "0, " "0, " "0, " "0, " "0, " "0, " "0, " "0, " "0, " "0, " "0, " "0, " "0, " "0, " "0, " "0, " "0, " "0, " "0, " "0, " "0, " "0, " "0, " "0, " "0, " "0, " "0, " "0, " "0, " "0, " "0, " "0, " "0, " "0, " "0, " "0, " "0, " "0, " "0, " "0, " "0, " "0, " "0, " "0, " "0, " "0, " "0, " "0, " "0, " "0, " "0, " "0, " "0, " "0, " "0, " "0, " "0, " "0, " "0, " "0, " "0, " "0, " "0, " "0, " "0, " "0, " "0, " "0, " "0, " "0, " "0, " "0, " "0, " "0, " "0, " "0, " "0, " "0, " "0, " "0, " "0, " "0, " "0, " "0, " "0, " "0, " "0, " "0, " "0, " "0, " "0, " "0, " "0, " "0, " "0, " "0, " "0, " "1, " "1, " "1, " "1, " "1, " "1, " "1, " "0, " "1, " "1, " "1, " "1, " "1, " "1, " "1, " "0, " "0, " "0, " "0, " "0, " "0, " "0, " "0, " "0, " "0, " "0, " "0, " "0, " "0, " "0, " "0, " "0, " "0, " "0, " "0, " "0, " "0, " "0, " "0, " "0, " "0, " "0, " "0, " "0, " "0, " "0, " "0, " "0, " "0, " "0, " "0, " "0, " "0, " "0, " "0, " "0, " "0, " "0, " "0, " "0, " "0, " "0, " "0, " "0, " "0, " "0, " "0, " "0, " "0, " "0, " "0, " "0, " "0, " "0, " "0, " "0, " "0, " "0, " "0, " "0, " "0, " "0, " "0, " "0, " "0, " "0, " "0, " "0, " "0, " "0, " "0, " "0, " "0, " "0, " "0, " "0, " "0, " "0, " "0, " "0, " "0, " "0, " "0, " "0, " "0, " "0, " "0, " "0, " "0, " "0, " "0, " "0, " "0, " "0, " "0, " "0, " "0, " "0, " "0, " "0, " "0, " "0, " "0, " "0, " "0, " "0, " "0, " "0, " "0, " "0, "0
 "Nei135, 0.338, " "-0.457, " "0.256, " "0.033, " "-0.551, " "-0.897, " "-0.333, " "-0.469, " "-0.292, " "0, " "0, " "0, " "0, " "0, " "0, " "0, " "0, " "0, " "0, " "0, " "0, " "0, " "0, " "0, " "0, " "0, " "0, " "0, " "0, " "0, " "0, " "0, " "0, " "0, " "0, " "0, " "0, " "0, " "0, " "0, " "0, " "0, " "0, " "0, " "0, " "0, " "0, " "0, " "0, " "0, " "0, " "0, " "0, " "0, " "0, " "0, " "0, " "0, " "0, " "0, " "0, " "0, " "0, " "0, " "0, " "0, " "0, " "0, " "0, " "0, " "0, " "0, " "0, " "0, " "0, " "0, " "0, " "0, " "0, " "0, " "0, " "0, " "0, " "0, " "0, " "0, " "0, " "0, " "0, " "0, " "0, " "0, " "0, " "0, " "0, " "0, " "0, " "0, " "0, " "0, " "0, " "0, " "0, " "0, " "0, " "0, " "0, " "0, " "0, " "0, " "0, " "0, " "0, " "0, " "0, " "0, " "0, " "0, " "0, " "0, " "0, " "0, " "0, " "0, " "0, " "0, " "0, " "0, " "0, " "0, " "0, " "0, " "0, " "0, " "0, " "0, " "0, " "1, " "1, " "1, " "1, " "1, " "1, " "1, " "0, " "1, " "1, " "1, " "1, " "1, " "1, " "1, " "0, " "0, " "0, " "0, " "0, " "0, " "0, " "0, " "0, " "0, " "0, " "0, " "0, " "0, " "0, " "0, " "0, " "0, " "0, " "0, " "0, " "0, " "0, " "0, " "0, " "0, " "0, " "0, " "0, " "0, " "0, " "0, " "0, " "0, " "0, " "0, " "0, " "0, " "0, " "0, " "0, " "0, " "0, " "0, " "0, " "0, " "0, " "0, " "0, " "0, " "0, " "0, " "0, " "0, " "0, " "0, " "0, " "0, " "0, " "0, " "0, " "0, " "0, " "0, " "0, " "0, " "0, " "0, " "0, " "0, " "0, " "0, " "0, " "0, " "0, " "0, " "0, " "0, " "0, " "0, " "0, " "0, " "0, " "0, " "0, " "0, " "0, " "0, " "0, " "0, " "0, " "0, " "0, " "0, " "0, " "0, " "0, " "0, " "0, " "0, " "0, " "0, " "0, " "0, " "0, " "0, " "0, " "0, " "0, " "0, " "0, " "0, " "0, " "0, "0
 "Nei136, 0.528, " "0.377, " "0.646, " "-0.589, " "-0.274, " "0.535, " "-0.237, " "-0.255, " "-0.823, " "0, " "0, " "0, " "0, " "0, " "0, " "0, " "0, " "0, " "0, " "0, " "0, " "0, " "0, " "0, " "0, " "0, " "0, " "0, " "0, " "0, " "0, " "0, " "0, " "0, " "0, " "0, " "0, " "0, " "0, " "0, " "0, " "0, " "0, " "0, " "0, " "0, " "0, " "0, " "0, " "0, " "0, " "0, " "0, " "0, " "0, " "0, " "0, " "0, " "0, " "0, " "0, " "0, " "0, " "0, " "0, " "0, " "0, " "0, " "0, " "0, " "0, " "0, " "0, " "0, " "0, " "0, " "0, " "0, " "0, " "0, " "0, " "0, " "0, " "0, " "0, " "0, " "0, " "0, " "0, " "0, " "0, " "0, " "0, " "0, " "0, " "0, " "0, " "0, " "0, " "0, " "0, " "0, " "0, " "0, " "0, " "0, " "0, " "0, " "0, " "0, " "0, " "0, " "0, " "0, " "0, " "0, " "0, " "0, " "0, " "0, " "0, " "0, " "0, " "0, " "0, " "0, " "0, " "0, " "0, " "0, " "0, " "0, " "0, " "0, " "0, " "0, " "0, " "0, " "1, " "1, " "1, " "1, " "1, " "1, " "1, " "0, " "1, " "1, " "1, " "1, " "1, " "1, " "1, " "0, " "0, " "0, " "0, " "0, " "0, " "0, " "0, " "0, " "0, " "0, " "0, " "0, " "0, " "0, " "0, " "0, " "0, " "0, " "0, " "0, " "0, " "0, " "0, " "0, " "0, " "0, " "0, " "0, " "0, " "0, " "0, " "0, " "0, " "0, " "0, " "0, " "0, " "0, " "0, " "0, " "0, " "0, " "0, " "0, " "0, " "0, " "0, " "0, " "0, " "0, " "0, " "0, " "0, " "0, " "0, " "0, " "0, " "0, " "0, " "0, " "0, " "0, " "0, " "0, " "0, " "0, " "0, " "0, " "0, " "0, " "0, " "0, " "0, " "0, " "0, " "0, " "0, " "0, " "0, " "0, " "0, " "0, " "0, " "0, " "0, " "0, " "0, " "0, " "0, " "0, " "0, " "0, " "0, " "0, " "0, " "0, " "0, " "0, " "0, " "0, " "0, " "0, " "0, " "0, " "0, " "0, " "0, " "0, " "0, " "0, " "0, " "0, "0
 "Nei137, 0.424, " "-0.418, " "-0.017, " "-0.984, " "-0.555, " "-0.597, " "-0.908, " "-0.977, " "0.039, " "0, " "0, " "0, " "0, " "0, " "0, " "0, " "0, " "0, " "0, " "0, " "0, " "0, " "0, " "0, " "0, " "0, " "0, " "0, " "0, " "0, " "0, " "0, " "0, " "0, " "0, " "0, " "0, " "0, " "0, " "0, " "0, " "0, " "0, " "0, " "0, " "0, " "0, " "0, " "0, " "0, " "0, " "0, " "0, " "0, " "0, " "0, " "0, " "0, " "0, " "0, " "0, " "0, " "0, " "0, " "0, " "0, " "0, " "0, " "0, " "0, " "0, " "0, " "0, " "0, " "0, " "0, " "0, " "0, " "0, " "0, " "0, " "0, " "0, " "0, " "0, " "0, " "0, " "0, " "0, " "0, " "0, " "0, " "0, " "0, " "0, " "0, " "0, " "0, " "0, " "0, " "0, " "0, " "0, " "0, " "0, " "0, " "0, " "0, " "0, " "0, " "0, " "0, " "0, " "0, " "0, " "0, " "0, " "0, " "0, " "0, " "0, " "0, " "0, " "0, " "0, " "0, " "0, " "0, " "0, " "0, " "0, " "0, " "0, " "0, " "0, " "0, " "0, " "0, " "0, " "1, " "1, " "1, " "1, " "1, " "1, " "1, " "0, " "1, " "1, " "1, " "1, " "1, " "1, " "1, " "0, " "0, " "0, " "0, " "0, " "0, " "0, " "0, " "0, " "0, " "0, " "0, " "0, " "0, " "0, " "0, " "0, " "0, " "0, " "0, " "0, " "0, " "0, " "0, " "0, " "0, " "0, " "0, " "0, " "0, " "0, " "0, " "0, " "0, " "0, " "0, " "0, " "0, " "0, " "0, " "0, " "0, " "0, " "0, " "0, " "0, " "0, " "0, " "0, " "0, " "0, " "0, " "0, " "0, " "0, " "0, " "0, " "0, " "0, " "0, " "0, " "0, " "0, " "0, " "0, " "0, " "0, " "0, " "0, " "0, " "0, " "0, " "0, " "0, " "0, " "0, " "0, " "0, " "0, " "0, " "0, " "0, " "0, " "0, " "0, " "0, " "0, " "0, " "0, " "0, " "0, " "0, " "0, " "0, " "0, " "0, " "0, " "0, " "0, " "0, " "0, " "0, " "0, " "0, " "0, " "0, " "0, " "0, " "0, " "0, " "0, " "0, "0
 "Nei138, 0.412, " "-0.538, " "-0.691, " "-0.729, " "0.239, " "0.207, " "-0.299, " "0.937, " "-0.283, " "0, " "0, " "0, " "0, " "0, " "0, " "0, " "0, " "0, " "0, " "0, " "0, " "0, " "0, " "0, " "0, " "0, " "0, " "0, " "0, " "0, " "0, " "0, " "0, " "0, " "0, " "0, " "0, " "0, " "0, " "0, " "0, " "0, " "0, " "0, " "0, " "0, " "0, " "0, " "0, " "0, " "0, " "0, " "0, " "0, " "0, " "0, " "0, " "0, " "0, " "0, " "0, " "0, " "0, " "0, " "0, " "0, " "0, " "0, " "0, " "0, " "0, " "0, " "0, " "0, " "0, " "0, " "0, " "0, " "0, " "0, " "0, " "0, " "0, " "0, " "0, " "0, " "0, " "0, " "0, " "0, " "0, " "0, " "0, " "0, " "0, " "0, " "0, " "0, " "0, " "0, " "0, " "0, " "0, " "0, " "0, " "0, " "0, " "0, " "0, " "0, " "0, " "0, " "0, " "0, " "0, " "0, " "0, " "0, " "0, " "0, " "0, " "0, " "0, " "0, " "0, " "0, " "0, " "0, " "0, " "0, " "0, " "0, " "0, " "0, " "0, " "0, " "0, " "0, " "0, " "0, " "1, " "1, " "1, " "1, " "1, " "1, " "1, " "0, " "1, " "1, " "1, " "1, " "1, " "1, " "1, " "0, " "0, " "0, " "0, " "0, " "0, " "0, " "0, " "0, " "0, " "0, " "0, " "0, " "0, " "0, " "0, " "0, " "0, " "0, " "0, " "0, " "0, " "0, " "0, " "0, " "0, " "0, " "0, " "0, " "0, " "0, " "0, " "0, " "0, " "0, " "0, " "0, " "0, " "0, " "0, " "0, " "0, " "0, " "0, " "0, " "0, " "0, " "0, " "0, " "0, " "0, " "0, " "0, " "0, " "0, " "0, " "0, " "0, " "0, " "0, " "0, " "0, " "0, " "0, " "0, " "0, " "0, " "0, " "0, " "0, " "0, " "0, " "0, " "0, " "0, " "0, " "0, " "0, " "0, " "0, " "0, " "0, " "0, " "0, " "0, " "0, " "0, " "0, " "0, " "0, " "0, " "0, " "0, " "0, " "0, " "0, " "0, " "0, " "0, " "0, " "0, " "0, " "0, " "0, " "0, " "0, " "0, " "0, " "0, " "0, " "0, "0
 "Nei139, 0.458, " "-0.896, " "-0.034, " "-0.494, " "0.544, " "0.838, " "0.228, " "0.446, " "0.706, " "0, " "0, " "0, " "0, " "0, " "0, " "0, " "0, " "0, " "0, " "0, " "0, " "0, " "0, " "0, " "0, " "0, " "0, " "0, " "0, " "0, " "0, " "0, " "0, " "0, " "0, " "0, " "0, " "0, " "0, " "0, " "0, " "0, " "0, " "0, " "0, " "0, " "0, " "0, " "0, " "0, " "0, " "0, " "0, " "0, " "0, " "0, " "0, " "0, " "0, " "0, " "0, " "0, " "0, " "0, " "0, " "0, " "0, " "0, " "0, " "0, " "0, " "0, " "0, " "0, " "0, " "0, " "0, " "0, " "0, " "0, " "0, " "0, " "0, " "0, " "0, " "0, " "0, " "0, " "0, " "0, " "0, " "0, " "0, " "0, " "0, " "0, " "0, " "0, " "0, " "0, " "0, " "0, " "0, " "0, " "0, " "0, " "0, " "0, " "0, " "0, " "0, " "0, " "0, " "0, " "0, " "0, " "0, " "0, " "0, " "0, " "0, " "0, " "0, " "0, " "0, " "0, " "0, " "0, " "0, " "0, " "0, " "0, " "0, " "0, " "0, " "0, " "0, " "0, " "0, " "0, " "0, " "1, " "1, " "1, " "1, " "1, " "1, " "1, " "0, " "1, " "1, " "1, " "1, " "1, " "1, " "1, " "0, " "0, " "0, " "0, " "0, " "0, " "0, " "0, " "0, " "0, " "0, " "0, " "0, " "0, " "0, " "0, " "0, " "0, " "0, " "0, " "0, " "0, " "0, " "0, " "0, " "0, " "0, " "0, " "0, " "0, " "0, " "0, " "0, " "0, " "0, " "0, " "0, " "0, " "0, " "0, " "0, " "0, " "0, " "0, " "0, " "0, " "0, " "0, " "0, " "0, " "0, " "0, " "0, " "0, " "0, " "0, " "0, " "0, " "0, " "0, " "0, " "0, " "0, " "0, " "0, " "0, " "0, " "0, " "0, " "0, " "0, " "0, " "0, " "0, " "0, " "0, " "0, " "0, " "0, " "0, " "0, " "0, " "0, " "0, " "0, " "0, " "0, " "0, " "0, " "0, " "0, " "0, " "0, " "0, " "0, " "0, " "0, " "0, " "0, " "0, " "0, " "0, " "0, " "0, " "0, " "0, " "0, " "0, " "0, " "0, "0
 "Nei140, 0.457, " "0.833, " "0.9, " "0.288, " "-0.424, " "-0.37, " "-0.068, " "0.141, " "0.533, " "0, " "0, " "0, " "0, " "0, " "0, " "0, " "0, " "0, " "0, " "0, " "0, " "0, " "0, " "0, " "0, " "0, " "0, " "0, " "0, " "0, " "0, " "0, " "0, " "0, " "0, " "0, " "0, " "0, " "0, " "0, " "0, " "0, " "0, " "0, " "0, " "0, " "0, " "0, " "0, " "0, " "0, " "0, " "0, " "0, " "0, " "0, " "0, " "0, " "0, " "0, " "0, " "0, " "0, " "0, " "0, " "0, " "0, " "0, " "0, " "0, " "0, " "0, " "0, " "0, " "0, " "0, " "0, " "0, " "0, " "0, " "0, " "0, " "0, " "0, " "0, " "0, " "0, " "0, " "0, " "0, " "0, " "0, " "0, " "0, " "0, " "0, " "0, " "0, " "0, " "0, " "0, " "0, " "0, " "0, " "0, " "0, " "0, " "0, " "0, " "0, " "0, " "0, " "0, " "0, " "0, " "0, " "0, " "0, " "0, " "0, " "0, " "0, " "0, " "0, " "0, " "0, " "0, " "0, " "0, " "0, " "0, " "0, " "0, " "0, " "0, " "0, " "0, " "0, " "0, " "0, " "0, " "0, " "1, " "1, " "1, " "1, " "1, " "1, " "1, " "0, " "1, " "1, " "1, " "1, " "1, " "1, " "1, " "0, " "0, " "0, " "0, " "0, " "0, " "0, " "0, " "0, " "0, " "0, " "0, " "0, " "0, " "0, " "0, " "0, " "0, " "0, " "0, " "0, " "0, " "0, " "0, " "0, " "0, " "0, " "0, " "0, " "0, " "0, " "0, " "0, " "0, " "0, " "0, " "0, " "0, " "0, " "0, " "0, " "0, " "0, " "0, " "0, " "0, " "0, " "0, " "0, " "0, " "0, " "0, " "0, " "0, " "0, " "0, " "0, " "0, " "0, " "0, " "0, " "0, " "0, " "0, " "0, " "0, " "0, " "0, " "0, " "0, " "0, " "0, " "0, " "0, " "0, " "0, " "0, " "0, " "0, " "0, " "0, " "0, " "0, " "0, " "0, " "0, " "0, " "0, " "0, " "0, " "0, " "0, " "0, " "0, " "0, " "0, " "0, " "0, " "0, " "0, " "0, " "0, " "0, " "0, " "0, " "0, " "0, " "0, " "0, "0
 "Nei141, 0.108, " "0.252, " "0.385, " "0.795, " "-0.4, " "-0.762, " "0.731, " "0.434, " "-0.593, " "0, " "0, " "0, " "0, " "0, " "0, " "0, " "0, " "0, " "0, " "0, " "0, " "0, " "0, " "0, " "0, " "0, " "0, " "0, " "0, " "0, " "0, " "0, " "0, " "0, " "0, " "0, " "0, " "0, " "0, " "0, " "0, " "0, " "0, " "0, " "0, " "0, " "0, " "0, " "0, " "0, " "0, " "0, " "0, " "0, " "0, " "0, " "0, " "0, " "0, " "0, " "0, " "0, " "0, " "0, " "0, " "0, " "0, " "0, " "0, " "0, " "0, " "0, " "0, " "0, " "0, " "0, " "0, " "0, " "0, " "0, " "0, " "0, " "0, " "0, " "0, " "0, " "0, " "0, " "0, " "0, " "0, " "0, " "0, " "0, " "0, " "0, " "0, " "0, " "0, " "0, " "0, " "0, " "0, " "0, " "0, " "0, " "0, " "0, " "0, " "0, " "0, " "0, " "0, " "0, " "0, " "0, " "0, " "0, " "0, " "0, " "0, " "0, " "0, " "0, " "0, " "0, " "0, " "0, " "0, " "0, " "0, " "0, " "0, " "0, " "0, " "0, " "0, " "0, " "0, " "0, " "0, " "0, " "0, " "1, " "1, " "1, " "1, " "1, " "1, " "1, " "0, " "1, " "1, " "1, " "1, " "1, " "1, " "1, " "0, " "0, " "0, " "0, " "0, " "0, " "0, " "0, " "0, " "0, " "0, " "0, " "0, " "0, " "0, " "0, " "0, " "0, " "0, " "0, " "0, " "0, " "0, " "0, " "0, " "0, " "0, " "0, " "0, " "0, " "0, " "0, " "0, " "0, " "0, " "0, " "0, " "0, " "0, " "0, " "0, " "0, " "0, " "0, " "0, " "0, " "0, " "0, " "0, " "0, " "0, " "0, " "0, " "0, " "0, " "0, " "0, " "0, " "0, " "0, " "0, " "0, " "0, " "0, " "0, " "0, " "0, " "0, " "0, " "0, " "0, " "0, " "0, " "0, " "0, " "0, " "0, " "0, " "0, " "0, " "0, " "0, " "0, " "0, " "0, " "0, " "0, " "0, " "0, " "0, " "0, " "0, " "0, " "0, " "0, " "0, " "0, " "0, " "0, " "0, " "0, " "0, " "0, " "0, " "0, " "0, " "0, " "0, "0
 "Nei142, 0.167, " "-0.008, " "-0.119, " "-0.387, " "0.069, " "-0.058, " "0.325, " "0.861, " "0.617, " "0, " "0, " "0, " "0, " "0, " "0, " "0, " "0, " "0, " "0, " "0, " "0, " "0, " "0, " "0, " "0, " "0, " "0, " "0, " "0, " "0, " "0, " "0, " "0, " "0, " "0, " "0, " "0, " "0, " "0, " "0, " "0, " "0, " "0, " "0, " "0, " "0, " "0, " "0, " "0, " "0, " "0, " "0, " "0, " "0, " "0, " "0, " "0, " "0, " "0, " "0, " "0, " "0, " "0, " "0, " "0, " "0, " "0, " "0, " "0, " "0, " "0, " "0, " "0, " "0, " "0, " "0, " "0, " "0, " "0, " "0, " "0, " "0, " "0, " "0, " "0, " "0, " "0, " "0, " "0, " "0, " "0, " "0, " "0, " "0, " "0, " "0, " "0, " "0, " "0, " "0, " "0, " "0, " "0, " "0, " "0, " "0, " "0, " "0, " "0, " "0, " "0, " "0, " "0, " "0, " "0, " "0, " "0, " "0, " "0, " "0, " "0, " "0, " "0, " "0, " "0, " "0, " "0, " "0, " "0, " "0, " "0, " "0, " "0, " "0, " "0, " "0, " "0, " "0, " "0, " "0, " "0, " "0, " "0, " "0, " "1, " "1, " "1, " "1, " "1, " "1, " "1, " "0, " "1, " "1, " "1, " "1, " "1, " "1, " "1, " "0, " "0, " "0, " "0, " "0, " "0, " "0, " "0, " "0, " "0, " "0, " "0, " "0, " "0, " "0, " "0, " "0, " "0, " "0, " "0, " "0, " "0, " "0, " "0, " "0, " "0, " "0, " "0, " "0, " "0, " "0, " "0, " "0, " "0, " "0, " "0, " "0, " "0, " "0, " "0, " "0, " "0, " "0, " "0, " "0, " "0, " "0, " "0, " "0, " "0, " "0, " "0, " "0, " "0, " "0, " "0, " "0, " "0, " "0, " "0, " "0, " "0, " "0, " "0, " "0, " "0, " "0, " "0, " "0, " "0, " "0, " "0, " "0, " "0, " "0, " "0, " "0, " "0, " "0, " "0, " "0, " "0, " "0, " "0, " "0, " "0, " "0, " "0, " "0, " "0, " "0, " "0, " "0, " "0, " "0, " "0, " "0, " "0, " "0, " "0, " "0, " "0, " "0, " "0, " "0, " "0, " "0, "0
 "Nei143, 0.187, " "0.452, " "0.489, " "-0.992, " "-0.644, " "-0.974, " "0.678, " "0.845, " "0.449, " "0, " "0, " "0, " "0, " "0, " "0, " "0, " "0, " "0, " "0, " "0, " "0, " "0, " "0, " "0, " "0, " "0, " "0, " "0, " "0, " "0, " "0, " "0, " "0, " "0, " "0, " "0, " "0, " "0, " "0, " "0, " "0, " "0, " "0, " "0, " "0, " "0, " "0, " "0, " "0, " "0, " "0, " "0, " "0, " "0, " "0, " "0, " "0, " "0, " "0, " "0, " "0, " "0, " "0, " "0, " "0, " "0, " "0, " "0, " "0, " "0, " "0, " "0, " "0, " "0, " "0, " "0, " "0, " "0, " "0, " "0, " "0, " "0, " "0, " "0, " "0, " "0, " "0, " "0, " "0, " "0, " "0, " "0, " "0, " "0, " "0, " "0, " "0, " "0, " "0, " "0, " "0, " "0, " "0, " "0, " "0, " "0, " "0, " "0, " "0, " "0, " "0, " "0, " "0, " "0, " "0, " "0, " "0, " "0, " "0, " "0, " "0, " "0, " "0, " "0, " "0, " "0, " "0, " "0, " "0, " "0, " "0, " "0, " "0, " "0, " "0, " "0, " "0, " "0, " "0, " "0, " "0, " "0, " "0, " "0, " "0, " "1, " "1, " "1, " "1, " "1, " "1, " "1, " "0, " "1, " "1, " "1, " "1, " "1, " "1, " "1, " "0, " "0, " "0, " "0, " "0, " "0, " "0, " "0, " "0, " "0, " "0, " "0, " "0, " "0, " "0, " "0, " "0, " "0, " "0, " "0, " "0, " "0, " "0, " "0, " "0, " "0, " "0, " "0, " "0, " "0, " "0, " "0, " "0, " "0, " "0, " "0, " "0, " "0, " "0, " "0, " "0, " "0, " "0, " "0, " "0, " "0, " "0, " "0, " "0, " "0, " "0, " "0, " "0, " "0, " "0, " "0, " "0, " "0, " "0, " "0, " "0, " "0, " "0, " "0, " "0, " "0, " "0, " "0, " "0, " "0, " "0, " "0, " "0, " "0, " "0, " "0, " "0, " "0, " "0, " "0, " "0, " "0, " "0, " "0, " "0, " "0, " "0, " "0, " "0, " "0, " "0, " "0, " "0, " "0, " "0, " "0, " "0, " "0, " "0, " "0, " "0, " "0, " "0, " "0, " "0, " "0, "0
 "Nei144, 0.302, " "-0.076, " "-0.369, " "-0.804, " "-0.5, " "0.213, " "-0.523, " "0.189, " "-0.791, " "0, " "0, " "0, " "0, " "0, " "0, " "0, " "0, " "0, " "0, " "0, " "0, " "0, " "0, " "0, " "0, " "0, " "0, " "0, " "0, " "0, " "0, " "0, " "0, " "0, " "0, " "0, " "0, " "0, " "0, " "0, " "0, " "0, " "0, " "0, " "0, " "0, " "0, " "0, " "0, " "0, " "0, " "0, " "0, " "0, " "0, " "0, " "0, " "0, " "0, " "0, " "0, " "0, " "0, " "0, " "0, " "0, " "0, " "0, " "0, " "0, " "0, " "0, " "0, " "0, " "0, " "0, " "0, " "0, " "0, " "0, " "0, " "0, " "0, " "0, " "0, " "0, " "0, " "0, " "0, " "0, " "0, " "0, " "0, " "0, " "0, " "0, " "0, " "0, " "0, " "0, " "0, " "0, " "0, " "0, " "0, " "0, " "0, " "0, " "0, " "0, " "0, " "0, " "0, " "0, " "0, " "0, " "0, " "0, " "0, " "0, " "0, " "0, " "0, " "0, " "0, " "0, " "0, " "0, " "0, " "0, " "0, " "0, " "0, " "0, " "0, " "0, " "0, " "0, " "0, " "0, " "0, " "0, " "0, " "0, " "0, " "0, " "1, " "1, " "1, " "1, " "1, " "1, " "1, " "0, " "1, " "1, " "1, " "1, " "1, " "1, " "1, " "0, " "0, " "0, " "0, " "0, " "0, " "0, " "0, " "0, " "0, " "0, " "0, " "0, " "0, " "0, " "0, " "0, " "0, " "0, " "0, " "0, " "0, " "0, " "0, " "0, " "0, " "0, " "0, " "0, " "0, " "0, " "0, " "0, " "0, " "0, " "0, " "0, " "0, " "0, " "0, " "0, " "0, " "0, " "0, " "0, " "0, " "0, " "0, " "0, " "0, " "0, " "0, " "0, " "0, " "0, " "0, " "0, " "0, " "0, " "0, " "0, " "0, " "0, " "0, " "0, " "0, " "0, " "0, " "0, " "0, " "0, " "0, " "0, " "0, " "0, " "0, " "0, " "0, " "0, " "0, " "0, " "0, " "0, " "0, " "0, " "0, " "0, " "0, " "0, " "0, " "0, " "0, " "0, " "0, " "0, " "0, " "0, " "0, " "0, " "0, " "0, " "0, " "0, " "0, " "0, "0
 "Nei145, 0.122, " "0.727, " "-0.757, " "-0.999, " "0.876, " "-0.632, " "0.312, " "-0.533, " "0.012, " "0, " "0, " "0, " "0, " "0, " "0, " "0, " "0, " "0, " "0, " "0, " "0, " "0, " "0, " "0, " "0, " "0, " "0, " "0, " "0, " "0, " "0, " "0, " "0, " "0, " "0, " "0, " "0, " "0, " "0, " "0, " "0, " "0, " "0, " "0, " "0, " "0, " "0, " "0, " "0, " "0, " "0, " "0, " "0, " "0, " "0, " "0, " "0, " "0, " "0, " "0, " "0, " "0, " "0, " "0, " "0, " "0, " "0, " "0, " "0, " "0, " "0, " "0, " "0, " "0, " "0, " "0, " "0, " "0, " "0, " "0, " "0, " "0, " "0, " "0, " "0, " "0, " "0, " "0, " "0, " "0, " "0, " "0, " "0, " "0, " "0, " "0, " "0, " "0, " "0, " "0, " "0, " "0, " "0, " "0, " "0, " "0, " "0, " "0, " "0, " "0, " "0, " "0, " "0, " "0, " "0, " "0, " "0, " "0, " "0, " "0, " "0, " "0, " "0, " "0, " "0, " "0, " "0, " "0, " "0, " "0, " "0, " "0, " "0, " "0, " "0, " "0, " "0, " "0, " "0, " "0, " "0, " "0, " "0, " "0, " "0, " "0, " "0, " "1, " "1, " "1, " "1, " "1, " "1, " "1, " "0, " "1, " "1, " "1, " "1, " "1, " "1, " "1, " "0, " "0, " "0, " "0, " "0, " "0, " "0, " "0, " "0, " "0, " "0, " "0, " "0, " "0, " "0, " "0, " "0, " "0, " "0, " "0, " "0, " "0, " "0, " "0, " "0, " "0, " "0, " "0, " "0, " "0, " "0, " "0, " "0, " "0, " "0, " "0, " "0, " "0, " "0, " "0, " "0, " "0, " "0, " "0, " "0, " "0, " "0, " "0, " "0, " "0, " "0, " "0, " "0, " "0, " "0, " "0, " "0, " "0, " "0, " "0, " "0, " "0, " "0, " "0, " "0, " "0, " "0, " "0, " "0, " "0, " "0, " "0, " "0, " "0, " "0, " "0, " "0, " "0, " "0, " "0, " "0, " "0, " "0, " "0, " "0, " "0, " "0, " "0, " "0, " "0, " "0, " "0, " "0, " "0, " "0, " "0, " "0, " "0, " "0, " "0, " "0, " "0, " "0, " "0, "0
 "Nei146, 0.341, " "0.436, " "-0.183, " "-0.243, " "0.187, " "0.211, " "0.364, " "-0.799, " "0.538, " "0, " "0, " "0, " "0, " "0, " "0, " "0, " "0, " "0, " "0, " "0, " "0, " "0, " "0, " "0, " "0, " "0, " "0, " "0, " "0, " "0, " "0, " "0, " "0, " "0, " "0, " "0, " "0, " "0, " "0, " "0, " "0, " "0, " "0, " "0, " "0, " "0, " "0, " "0, " "0, " "0, " "0, " "0, " "0, " "0, " "0, " "0, " "0, " "0, " "0, " "0, " "0, " "0, " "0, " "0, " "0, " "0, " "0, " "0, " "0, " "0, " "0, " "0, " "0, " "0, " "0, " "0, " "0, " "0, " "0, " "0, " "0, " "0, " "0, " "0, " "0, " "0, " "0, " "0, " "0, " "0, " "0, " "0, " "0, " "0, " "0, " "0, " "0, " "0, " "0, " "0, " "0, " "0, " "0, " "0, " "0, " "0, " "0, " "0, " "0, " "0, " "0, " "0, " "0, " "0, " "0, " "0, " "0, " "0, " "0, " "0, " "0, " "0, " "0, " "0, " "0, " "0, " "0, " "0, " "0, " "0, " "0, " "0, " "0, " "0, " "0, " "0, " "0, " "0, " "0, " "0, " "0, " "0, " "0, " "0, " "0, " "0, " "0, " "0, " "1, " "1, " "1, " "1, " "1, " "1, " "1, " "0, " "1, " "1, " "1, " "1, " "1, " "1, " "1, " "0, " "0, " "0, " "0, " "0, " "0, " "0, " "0, " "0, " "0, " "0, " "0, " "0, " "0, " "0, " "0, " "0, " "0, " "0, " "0, " "0, " "0, " "0, " "0, " "0, " "0, " "0, " "0, " "0, " "0, " "0, " "0, " "0, " "0, " "0, " "0, " "0, " "0, " "0, " "0, " "0, " "0, " "0, " "0, " "0, " "0, " "0, " "0, " "0, " "0, " "0, " "0, " "0, " "0, " "0, " "0, " "0, " "0, " "0, " "0, " "0, " "0, " "0, " "0, " "0, " "0, " "0, " "0, " "0, " "0, " "0, " "0, " "0, " "0, " "0, " "0, " "0, " "0, " "0, " "0, " "0, " "0, " "0, " "0, " "0, " "0, " "0, " "0, " "0, " "0, " "0, " "0, " "0, " "0, " "0, " "0, " "0, " "0, " "0, " "0, " "0, " "0, " "0, "0
 "Nei147, 0.286, " "0.478, " "-0.792, " "-0.182, " "0.188, " "0.849, " "-0.336, " "-0.648, " "0.187, " "0, " "0, " "0, " "0, " "0, " "0, " "0, " "0, " "0, " "0, " "0, " "0, " "0, " "0, " "0, " "0, " "0, " "0, " "0, " "0, " "0, " "0, " "0, " "0, " "0, " "0, " "0, " "0, " "0, " "0, " "0, " "0, " "0, " "0, " "0, " "0, " "0, " "0, " "0, " "0, " "0, " "0, " "0, " "0, " "0, " "0, " "0, " "0, " "0, " "0, " "0, " "0, " "0, " "0, " "0, " "0, " "0, " "0, " "0, " "0, " "0, " "0, " "0, " "0, " "0, " "0, " "0, " "0, " "0, " "0, " "0, " "0, " "0, " "0, " "0, " "0, " "0, " "0, " "0, " "0, " "0, " "0, " "0, " "0, " "0, " "0, " "0, " "0, " "0, " "0, " "0, " "0, " "0, " "0, " "0, " "0, " "0, " "0, " "0, " "0, " "0, " "0, " "0, " "0, " "0, " "0, " "0, " "0, " "0, " "0, " "0, " "0, " "0, " "0, " "0, " "0, " "0, " "0, " "0, " "0, " "0, " "0, " "0, " "0, " "0, " "0, " "0, " "0, " "0, " "0, " "0, " "0, " "0, " "0, " "0, " "0, " "0, " "0, " "0, " "0, " "1, " "1, " "1, " "1, " "1, " "1, " "1, " "0, " "1, " "1, " "1, " "1, " "1, " "1, " "1, " "0, " "0, " "0, " "0, " "0, " "0, " "0, " "0, " "0, " "0, " "0, " "0, " "0, " "0, " "0, " "0, " "0, " "0, " "0, " "0, " "0, " "0, " "0, " "0, " "0, " "0, " "0, " "0, " "0, " "0, " "0, " "0, " "0, " "0, " "0, " "0, " "0, " "0, " "0, " "0, " "0, " "0, " "0, " "0, " "0, " "0, " "0, " "0, " "0, " "0, " "0, " "0, " "0, " "0, " "0, " "0, " "0, " "0, " "0, " "0, " "0, " "0, " "0, " "0, " "0, " "0, " "0, " "0, " "0, " "0, " "0, " "0, " "0, " "0, " "0, " "0, " "0, " "0, " "0, " "0, " "0, " "0, " "0, " "0, " "0, " "0, " "0, " "0, " "0, " "0, " "0, " "0, " "0, " "0, " "0, " "0, " "0, " "0, " "0, " "0, " "0, " "0, "0
 "Nei148, 0.352, " "0.222, " "0.68, " "0.305, " "0.449, " "-0.74, " "0.866, " "0.291, " "0.66, " "0, " "0, " "0, " "0, " "0, " "0, " "0, " "0, " "0, " "0, " "0, " "0, " "0, " "0, " "0, " "0, " "0, " "0, " "0, " "0, " "0, " "0, " "0, " "0, " "0, " "0, " "0, " "0, " "0, " "0, " "0, " "0, " "0, " "0, " "0, " "0, " "0, " "0, " "0, " "0, " "0, " "0, " "0, " "0, " "0, " "0, " "0, " "0, " "0, " "0, " "0, " "0, " "0, " "0, " "0, " "0, " "0, " "0, " "0, " "0, " "0, " "0, " "0, " "0, " "0, " "0, " "0, " "0, " "0, " "0, " "0, " "0, " "0, " "0, " "0, " "0, " "0, " "0, " "0, " "0, " "0, " "0, " "0, " "0, " "0, " "0, " "0, " "0, " "0, " "0, " "0, " "0, " "0, " "0, " "0, " "0, " "0, " "0, " "0, " "0, " "0, " "0, " "0, " "0, " "0, " "0, " "0, " "0, " "0, " "0, " "0, " "0, " "0, " "0, " "0, " "0, " "0, " "0, " "0, " "0, " "0, " "0, " "0, " "0, " "0, " "0, " "0, " "0, " "0, " "0, " "0, " "0, " "0, " "0, " "0, " "0, " "0, " "0, " "0, " "0, " "0, " "1, " "1, " "1, " "1, " "1, " "1, " "1, " "0, " "1, " "1, " "1, " "1, " "1, " "1, " "1, " "0, " "0, " "0, " "0, " "0, " "0, " "0, " "0, " "0, " "0, " "0, " "0, " "0, " "0, " "0, " "0, " "0, " "0, " "0, " "0, " "0, " "0, " "0, " "0, " "0, " "0, " "0, " "0, " "0, " "0, " "0, " "0, " "0, " "0, " "0, " "0, " "0, " "0, " "0, " "0, " "0, " "0, " "0, " "0, " "0, " "0, " "0, " "0, " "0, " "0, " "0, " "0, " "0, " "0, " "0, " "0, " "0, " "0, " "0, " "0, " "0, " "0, " "0, " "0, " "0, " "0, " "0, " "0, " "0, " "0, " "0, " "0, " "0, " "0, " "0, " "0, " "0, " "0, " "0, " "0, " "0, " "0, " "0, " "0, " "0, " "0, " "0, " "0, " "0, " "0, " "0, " "0, " "0, " "0, " "0, " "0, " "0, " "0, " "0, " "0, " "0, "0
 "Nei149, 0.006, " "-0.756, " "-0.631, " "0.059, " "0.254, " "-0.607, " "-0.013, " "0.358, " "0.799, " "0, " "0, " "0, " "0, " "0, " "0, " "0, " "0, " "0, " "0, " "0, " "0, " "0, " "0, " "0, " "0, " "0, " "0, " "0, " "0, " "0, " "0, " "0, " "0, " "0, " "0, " "0, " "0, " "0, " "0, " "0, " "0, " "0, " "0, " "0, " "0, " "0, " "0, " "0, " "0, " "0, " "0, " "0, " "0, " "0, " "0, " "0, " "0, " "0, " "0, " "0, " "0, " "0, " "0, " "0, " "0, " "0, " "0, " "0, " "0, " "0, " "0, " "0, " "0, " "0, " "0, " "0, " "0, " "0, " "0, " "0, " "0, " "0, " "0, " "0, " "0, " "0, " "0, " "0, " "0, " "0, " "0, " "0, " "0, " "0, " "0, " "0, " "0, " "0, " "0, " "0, " "0, " "0, " "0, " "0, " "0, " "0, " "0, " "0, " "0, " "0, " "0, " "0, " "0, " "0, " "0, " "0, " "0, " "0, " "0, " "0, " "0, " "0, " "0, " "0, " "0, " "0, " "0, " "0, " "0, " "0, " "0, " "0, " "0, " "0, " "0, " "0, " "0, " "0, " "0, " "0, " "0, " "0, " "0, " "0, " "0, " "0, " "0, " "0, " "0, " "0, " "0, " "1, " "1, " "1, " "1, " "1, " "1, " "1, " "0, " "1, " "1, " "1, " "1, " "1, " "1, " "1, " "0, " "0, " "0, " "0, " "0, " "0, " "0, " "0, " "0, " "0, " "0, " "0, " "0, " "0, " "0, " "0, " "0, " "0, " "0, " "0, " "0, " "0, " "0, " "0, " "0, " "0, " "0, " "0, " "0, " "0, " "0, " "0, " "0, " "0, " "0, " "0, " "0, " "0, " "0, " "0, " "0, " "0, " "0, " "0, " "0, " "0, " "0, " "0, " "0, " "0, " "0, " "0, " "0, " "0, " "0, " "0, " "0, " "0, " "0, " "0, " "0, " "0, " "0, " "0, " "0, " "0, " "0, " "0, " "0, " "0, " "0, " "0, " "0, " "0, " "0, " "0, " "0, " "0, " "0, " "0, " "0, " "0, " "0, " "0, " "0, " "0, " "0, " "0, " "0, " "0, " "0, " "0, " "0, " "0, " "0, " "0, " "0, " "0, " "0, " "0, "0
 "Nei150, 0.416, " "0.217, " "-0.304, " "-0.441, " "0.383, " "-0.849, " "0.213, " "-0.56, " "0.685, " "0, " "0, " "0, " "0, " "0, " "0, " "0, " "0, " "0, " "0, " "0, " "0, " "0, " "0, " "0, " "0, " "0, " "0, " "0, " "0, " "0, " "0, " "0, " "0, " "0, " "0, " "0, " "0, " "0, " "0, " "0, " "0, " "0, " "0, " "0, " "0, " "0, " "0, " "0, " "0, " "0, " "0, " "0, " "0, " "0, " "0, " "0, " "0, " "0, " "0, " "0, " "0, " "0, " "0, " "0, " "0, " "0, " "0, " "0, " "0, " "0, " "0, " "0, " "0, " "0, " "0, " "0, " "0, " "0, " "0, " "0, " "0, " "0, " "0, " "0, " "0, " "0, " "0, " "0, " "0, " "0, " "0, " "0, " "0, " "0, " "0, " "0, " "0, " "0, " "0, " "0, " "0, " "0, " "0, " "0, " "0, " "0, " "0, " "0, " "0, " "0, " "0, " "0, " "0, " "0, " "0, " "0, " "0, " "0, " "0, " "0, " "0, " "0, " "0, " "0, " "0, " "0, " "0, " "0, " "0, " "0, " "0, " "0, " "0, " "0, " "0, " "0, " "0, " "0, " "0, " "0, " "0, " "0, " "0, " "0, " "0, " "0, " "0, " "0, " "0, " "0, " "0, " "0, " "1, " "1, " "1, " "1, " "1, " "1, " "1, " "0, " "1, " "1, " "1, " "1, " "1, " "1, " "1, " "0, " "0, " "0, " "0, " "0, " "0, " "0, " "0, " "0, " "0, " "0, " "0, " "0, " "0, " "0, " "0, " "0, " "0, " "0, " "0, " "0, " "0, " "0, " "0, " "0, " "0, " "0, " "0, " "0, " "0, " "0, " "0, " "0, " "0, " "0, " "0, " "0, " "0, " "0, " "0, " "0, " "0, " "0, " "0, " "0, " "0, " "0, " "0, " "0, " "0, " "0, " "0, " "0, " "0, " "0, " "0, " "0, " "0, " "0, " "0, " "0, " "0, " "0, " "0, " "0, " "0, " "0, " "0, " "0, " "0, " "0, " "0, " "0, " "0, " "0, " "0, " "0, " "0, " "0, " "0, " "0, " "0, " "0, " "0, " "0, " "0, " "0, " "0, " "0, " "0, " "0, " "0, " "0, " "0, " "0, " "0, " "0, " "0, " "0, "0
 "Nei151, 0.369, " "0.972, " "0.939, " "-0.55, " "-0.751, " "0.751, " "0.511, " "-0.657, " "-0.346, " "0, " "0, " "0, " "0, " "0, " "0, " "0, " "0, " "0, " "0, " "0, " "0, " "0, " "0, " "0, " "0, " "0, " "0, " "0, " "0, " "0, " "0, " "0, " "0, " "0, " "0, " "0, " "0, " "0, " "0, " "0, " "0, " "0, " "0, " "0, " "0, " "0, " "0, " "0, " "0, " "0, " "0, " "0, " "0, " "0, " "0, " "0, " "0, " "0, " "0, " "0, " "0, " "0, " "0, " "0, " "0, " "0, " "0, " "0, " "0, " "0, " "0, " "0, " "0, " "0, " "0, " "0, " "0, " "0, " "0, " "0, " "0, " "0, " "0, " "0, " "0, " "0, " "0, " "0, " "0, " "0, " "0, " "0, " "0, " "0, " "0, " "0, " "0, " "0, " "0, " "0, " "0, " "0, " "0, " "0, " "0, " "0, " "0, " "0, " "0, " "0, " "0, " "0, " "0, " "0, " "0, " "0, " "0, " "0, " "0, " "0, " "0, " "0, " "0, " "0, " "0, " "0, " "0, " "0, " "0, " "0, " "0, " "0, " "0, " "0, " "0, " "0, " "0, " "0, " "0, " "0, " "0, " "0, " "0, " "0, " "0, " "0, " "0, " "0, " "0, " "0, " "0, " "0, " "0, " "1, " "1, " "1, " "1, " "1, " "1, " "1, " "0, " "1, " "1, " "1, " "1, " "1, " "1, " "1, " "0, " "0, " "0, " "0, " "0, " "0, " "0, " "0, " "0, " "0, " "0, " "0, " "0, " "0, " "0, " "0, " "0, " "0, " "0, " "0, " "0, " "0, " "0, " "0, " "0, " "0, " "0, " "0, " "0, " "0, " "0, " "0, " "0, " "0, " "0, " "0, " "0, " "0, " "0, " "0, " "0, " "0, " "0, " "0, " "0, " "0, " "0, " "0, " "0, " "0, " "0, " "0, " "0, " "0, " "0, " "0, " "0, " "0, " "0, " "0, " "0, " "0, " "0, " "0, " "0, " "0, " "0, " "0, " "0, " "0, " "0, " "0, " "0, " "0, " "0, " "0, " "0, " "0, " "0, " "0, " "0, " "0, " "0, " "0, " "0, " "0, " "0, " "0, " "0, " "0, " "0, " "0, " "0, " "0, " "0, " "0, " "0, " "0, "0
 "Nei152, 0.004, " "0.268, " "-0.94, " "-0.429, " "-0.256, " "-0.029, " "0.093, " "0.884, " "0.867, " "0, " "0, " "0, " "0, " "0, " "0, " "0, " "0, " "0, " "0, " "0, " "0, " "0, " "0, " "0, " "0, " "0, " "0, " "0, " "0, " "0, " "0, " "0, " "0, " "0, " "0, " "0, " "0, " "0, " "0, " "0, " "0, " "0, " "0, " "0, " "0, " "0, " "0, " "0, " "0, " "0, " "0, " "0, " "0, " "0, " "0, " "0, " "0, " "0, " "0, " "0, " "0, " "0, " "0, " "0, " "0, " "0, " "0, " "0, " "0, " "0, " "0, " "0, " "0, " "0, " "0, " "0, " "0, " "0, " "0, " "0, " "0, " "0, " "0, " "0, " "0, " "0, " "0, " "0, " "0, " "0, " "0, " "0, " "0, " "0, " "0, " "0, " "0, " "0, " "0, " "0, " "0, " "0, " "0, " "0, " "0, " "0, " "0, " "0, " "0, " "0, " "0, " "0, " "0, " "0, " "0, " "0, " "0, " "0, " "0, " "0, " "0, " "0, " "0, " "0, " "0, " "0, " "0, " "0, " "0, " "0, " "0, " "0, " "0, " "0, " "0, " "0, " "0, " "0, " "0, " "0, " "0, " "0, " "0, " "0, " "0, " "0, " "0, " "0, " "0, " "0, " "0, " "0, " "0, " "0, " "1, " "1, " "1, " "1, " "1, " "1, " "1, " "0, " "1, " "1, " "1, " "1, " "1, " "1, " "1, " "0, " "0, " "0, " "0, " "0, " "0, " "0, " "0, " "0, " "0, " "0, " "0, " "0, " "0, " "0, " "0, " "0, " "0, " "0, " "0, " "0, " "0, " "0, " "0, " "0, " "0, " "0, " "0, " "0, " "0, " "0, " "0, " "0, " "0, " "0, " "0, " "0, " "0, " "0, " "0, " "0, " "0, " "0, " "0, " "0, " "0, " "0, " "0, " "0, " "0, " "0, " "0, " "0, " "0, " "0, " "0, " "0, " "0, " "0, " "0, " "0, " "0, " "0, " "0, " "0, " "0, " "0, " "0, " "0, " "0, " "0, " "0, " "0, " "0, " "0, " "0, " "0, " "0, " "0, " "0, " "0, " "0, " "0, " "0, " "0, " "0, " "0, " "0, " "0, " "0, " "0, " "0, " "0, " "0, " "0, " "0, " "0, "0
 "Nei153, 0.497, " "0.91, " "0.494, " "-0.643, " "0.001, " "0.918, " "-0.807, " "0.703, " "-0.746, " "0, " "0, " "0, " "0, " "0, " "0, " "0, " "0, " "0, " "0, " "0, " "0, " "0, " "0, " "0, " "0, " "0, " "0, " "0, " "0, " "0, " "0, " "0, " "0, " "0, " "0, " "0, " "0, " "0, " "0, " "0, " "0, " "0, " "0, " "0, " "0, " "0, " "0, " "0, " "0, " "0, " "0, " "0, " "0, " "0, " "0, " "0, " "0, " "0, " "0, " "0, " "0, " "0, " "0, " "0, " "0, " "0, " "0, " "0, " "0, " "0, " "0, " "0, " "0, " "0, " "0, " "0, " "0, " "0, " "0, " "0, " "0, " "0, " "0, " "0, " "0, " "0, " "0, " "0, " "0, " "0, " "0, " "0, " "0, " "0, " "0, " "0, " "0, " "0, " "0, " "0, " "0, " "0, " "0, " "0, " "0, " "0, " "0, " "0, " "0, " "0, " "0, " "0, " "0, " "0, " "0, " "0, " "0, " "0, " "0, " "0, " "0, " "0, " "0, " "0, " "0, " "0, " "0, " "0, " "0, " "0, " "0, " "0, " "0, " "0, " "0, " "0, " "0, " "0, " "0, " "0, " "0, " "0, " "0, " "0, " "0, " "0, " "0, " "0, " "0, " "0, " "0, " "0, " "0, " "0, " "0, " "1, " "1, " "1, " "1, " "1, " "1, " "1, " "0, " "1, " "1, " "1, " "1, " "1, " "1, " "1, " "0, " "0, " "0, " "0, " "0, " "0, " "0, " "0, " "0, " "0, " "0, " "0, " "0, " "0, " "0, " "0, " "0, " "0, " "0, " "0, " "0, " "0, " "0, " "0, " "0, " "0, " "0, " "0, " "0, " "0, " "0, " "0, " "0, " "0, " "0, " "0, " "0, " "0, " "0, " "0, " "0, " "0, " "0, " "0, " "0, " "0, " "0, " "0, " "0, " "0, " "0, " "0, " "0, " "0, " "0, " "0, " "0, " "0, " "0, " "0, " "0, " "0, " "0, " "0, " "0, " "0, " "0, " "0, " "0, " "0, " "0, " "0, " "0, " "0, " "0, " "0, " "0, " "0, " "0, " "0, " "0, " "0, " "0, " "0, " "0, " "0, " "0, " "0, " "0, " "0, " "0, " "0, " "0, " "0, " "0, " "0, "0
 "Nei154, 0.58, " "0.24, " "-0.215, " "-0.84, " "0.598, " "-0.478, " "0.642, " "-0.501, " "-0.703, " "0, " "0, " "0, " "0, " "0, " "0, " "0, " "0, " "0, " "0, " "0, " "0, " "0, " "0, " "0, " "0, " "0, " "0, " "0, " "0, " "0, " "0, " "0, " "0, " "0, " "0, " "0, " "0, " "0, " "0, " "0, " "0, " "0, " "0, " "0, " "0, " "0, " "0, " "0, " "0, " "0, " "0, " "0, " "0, " "0, " "0, " "0, " "0, " "0, " "0, " "0, " "0, " "0, " "0, " "0, " "0, " "0, " "0, " "0, " "0, " "0, " "0, " "0, " "0, " "0, " "0, " "0, " "0, " "0, " "0, " "0, " "0, " "0, " "0, " "0, " "0, " "0, " "0, " "0, " "0, " "0, " "0, " "0, " "0, " "0, " "0, " "0, " "0, " "0, " "0, " "0, " "0, " "0, " "0, " "0, " "0, " "0, " "0, " "0, " "0, " "0, " "0, " "0, " "0, " "0, " "0, " "0, " "0, " "0, " "0, " "0, " "0, " "0, " "0, " "0, " "0, " "0, " "0, " "0, " "0, " "0, " "0, " "0, " "0, " "0, " "0, " "0, " "0, " "0, " "0, " "0, " "0, " "0, " "0, " "0, " "0, " "0, " "0, " "0, " "0, " "0, " "0, " "0, " "0, " "0, " "0, " "0, " "1, " "1, " "1, " "1, " "1, " "1, " "1, " "0, " "1, " "1, " "1, " "1, " "1, " "1, " "1, " "0, " "0, " "0, " "0, " "0, " "0, " "0, " "0, " "0, " "0, " "0, " "0, " "0, " "0, " "0, " "0, " "0, " "0, " "0, " "0, " "0, " "0, " "0, " "0, " "0, " "0, " "0, " "0, " "0, " "0, " "0, " "0, " "0, " "0, " "0, " "0, " "0, " "0, " "0, " "0, " "0, " "0, " "0, " "0, " "0, " "0, " "0, " "0, " "0, " "0, " "0, " "0, " "0, " "0, " "0, " "0, " "0, " "0, " "0, " "0, " "0, " "0, " "0, " "0, " "0, " "0, " "0, " "0, " "0, " "0, " "0, " "0, " "0, " "0, " "0, " "0, " "0, " "0, " "0, " "0, " "0, " "0, " "0, " "0, " "0, " "0, " "0, " "0, " "0, " "0, " "0, " "0, " "0, " "0, " "0, "0
 "Nei155, 0.437, " "-0.89, " "-0.662, " "0.555, " "-0.235, " "0.681, " "-0.306, " "0.963, " "0.678, " "0, " "0, " "0, " "0, " "0, " "0, " "0, " "0, " "0, " "0, " "0, " "0, " "0, " "0, " "0, " "0, " "0, " "0, " "0, " "0, " "0, " "0, " "0, " "0, " "0, " "0, " "0, " "0, " "0, " "0, " "0, " "0, " "0, " "0, " "0, " "0, " "0, " "0, " "0, " "0, " "0, " "0, " "0, " "0, " "0, " "0, " "0, " "0, " "0, " "0, " "0, " "0, " "0, " "0, " "0, " "0, " "0, " "0, " "0, " "0, " "0, " "0, " "0, " "0, " "0, " "0, " "0, " "0, " "0, " "0, " "0, " "0, " "0, " "0, " "0, " "0, " "0, " "0, " "0, " "0, " "0, " "0, " "0, " "0, " "0, " "0, " "0, " "0, " "0, " "0, " "0, " "0, " "0, " "0, " "0, " "0, " "0, " "0, " "0, " "0, " "0, " "0, " "0, " "0, " "0, " "0, " "0, " "0, " "0, " "0, " "0, " "0, " "0, " "0, " "0, " "0, " "0, " "0, " "0, " "0, " "0, " "0, " "0, " "0, " "0, " "0, " "0, " "0, " "0, " "0, " "0, " "0, " "0, " "0, " "0, " "0, " "0, " "0, " "0, " "0, " "0, " "0, " "0, " "0, " "0, " "0, " "0, " "0, " "1, " "1, " "1, " "1, " "1, " "1, " "1, " "0, " "1, " "1, " "1, " "1, " "1, " "1, " "1, " "0, " "0, " "0, " "0, " "0, " "0, " "0, " "0, " "0, " "0, " "0, " "0, " "0, " "0, " "0, " "0, " "0, " "0, " "0, " "0, " "0, " "0, " "0, " "0, " "0, " "0, " "0, " "0, " "0, " "0, " "0, " "0, " "0, " "0, " "0, " "0, " "0, " "0, " "0, " "0, " "0, " "0, " "0, " "0, " "0, " "0, " "0, " "0, " "0, " "0, " "0, " "0, " "0, " "0, " "0, " "0, " "0, " "0, " "0, " "0, " "0, " "0, " "0, " "0, " "0, " "0, " "0, " "0, " "0, " "0, " "0, " "0, " "0, " "0, " "0, " "0, " "0, " "0, " "0, " "0, " "0, " "0, " "0, " "0, " "0, " "0, " "0, " "0, " "0, " "0, " "0, " "0, " "0, " "0, "0
 "Nei156, 0.045, " "0.616, " "-0.564, " "-0.906, " "-0.502, " "-0.94, " "-0.816, " "-0.841, " "-0.533, " "0, " "0, " "0, " "0, " "0, " "0, " "0, " "0, " "0, " "0, " "0, " "0, " "0, " "0, " "0, " "0, " "0, " "0, " "0, " "0, " "0, " "0, " "0, " "0, " "0, " "0, " "0, " "0, " "0, " "0, " "0, " "0, " "0, " "0, " "0, " "0, " "0, " "0, " "0, " "0, " "0, " "0, " "0, " "0, " "0, " "0, " "0, " "0, " "0, " "0, " "0, " "0, " "0, " "0, " "0, " "0, " "0, " "0, " "0, " "0, " "0, " "0, " "0, " "0, " "0, " "0, " "0, " "0, " "0, " "0, " "0, " "0, " "0, " "0, " "0, " "0, " "0, " "0, " "0, " "0, " "0, " "0, " "0, " "0, " "0, " "0, " "0, " "0, " "0, " "0, " "0, " "0, " "0, " "0, " "0, " "0, " "0, " "0, " "0, " "0, " "0, " "0, " "0, " "0, " "0, " "0, " "0, " "0, " "0, " "0, " "0, " "0, " "0, " "0, " "0, " "0, " "0, " "0, " "0, " "0, " "0, " "0, " "0, " "0, " "0, " "0, " "0, " "0, " "0, " "0, " "0, " "0, " "0, " "0, " "0, " "0, " "0, " "0, " "0, " "0, " "0, " "0, " "0, " "0, " "0, " "0, " "0, " "0, " "0, " "1, " "1, " "1, " "1, " "1, " "1, " "1, " "0, " "1, " "1, " "1, " "1, " "1, " "1, " "1, " "0, " "0, " "0, " "0, " "0, " "0, " "0, " "0, " "0, " "0, " "0, " "0, " "0, " "0, " "0, " "0, " "0, " "0, " "0, " "0, " "0, " "0, " "0, " "0, " "0, " "0, " "0, " "0, " "0, " "0, " "0, " "0, " "0, " "0, " "0, " "0, " "0, " "0, " "0, " "0, " "0, " "0, " "0, " "0, " "0, " "0, " "0, " "0, " "0, " "0, " "0, " "0, " "0, " "0, " "0, " "0, " "0, " "0, " "0, " "0, " "0, " "0, " "0, " "0, " "0, " "0, " "0, " "0, " "0, " "0, " "0, " "0, " "0, " "0, " "0, " "0, " "0, " "0, " "0, " "0, " "0, " "0, " "0, " "0, " "0, " "0, " "0, " "0, " "0, " "0, " "0, " "0, " "0, "0
 "Nei157, 0.597, " "0.855, " "-0.418, " "-0.374, " "-0.33, " "-0.213, " "0.537, " "-0.072, " "-0.57, " "0, " "0, " "0, " "0, " "0, " "0, " "0, " "0, " "0, " "0, " "0, " "0, " "0, " "0, " "0, " "0, " "0, " "0, " "0, " "0, " "0, " "0, " "0, " "0, " "0, " "0, " "0, " "0, " "0, " "0, " "0, " "0, " "0, " "0, " "0, " "0, " "0, " "0, " "0, " "0, " "0, " "0, " "0, " "0, " "0, " "0, " "0, " "0, " "0, " "0, " "0, " "0, " "0, " "0, " "0, " "0, " "0, " "0, " "0, " "0, " "0, " "0, " "0, " "0, " "0, " "0, " "0, " "0, " "0, " "0, " "0, " "0, " "0, " "0, " "0, " "0, " "0, " "0, " "0, " "0, " "0, " "0, " "0, " "0, " "0, " "0, " "0, " "0, " "0, " "0, " "0, " "0, " "0, " "0, " "0, " "0, " "0, " "0, " "0, " "0, " "0, " "0, " "0, " "0, " "0, " "0, " "0, " "0, " "0, " "0, " "0, " "0, " "0, " "0, " "0, " "0, " "0, " "0, " "0, " "0, " "0, " "0, " "0, " "0, " "0, " "0, " "0, " "0, " "0, " "0, " "0, " "0, " "0, " "0, " "0, " "0, " "0, " "0, " "0, " "0, " "0, " "0, " "0, " "0, " "0, " "0, " "0, " "0, " "0, " "0, " "1, " "1, " "1, " "1, " "1, " "1, " "1, " "0, " "1, " "1, " "1, " "1, " "1, " "1, " "1, " "0, " "0, " "0, " "0, " "0, " "0, " "0, " "0, " "0, " "0, " "0, " "0, " "0, " "0, " "0, " "0, " "0, " "0, " "0, " "0, " "0, " "0, " "0, " "0, " "0, " "0, " "0, " "0, " "0, " "0, " "0, " "0, " "0, " "0, " "0, " "0, " "0, " "0, " "0, " "0, " "0, " "0, " "0, " "0, " "0, " "0, " "0, " "0, " "0, " "0, " "0, " "0, " "0, " "0, " "0, " "0, " "0, " "0, " "0, " "0, " "0, " "0, " "0, " "0, " "0, " "0, " "0, " "0, " "0, " "0, " "0, " "0, " "0, " "0, " "0, " "0, " "0, " "0, " "0, " "0, " "0, " "0, " "0, " "0, " "0, " "0, " "0, " "0, " "0, " "0, " "0, " "0, "0
 "Nei158, 0.091, " "0.301, " "0.07, " "0.304, " "0.407, " "0.936, " "-0.064, " "-0.336, " "-0.65, " "0, " "0, " "0, " "0, " "0, " "0, " "0, " "0, " "0, " "0, " "0, " "0, " "0, " "0, " "0, " "0, " "0, " "0, " "0, " "0, " "0, " "0, " "0, " "0, " "0, " "0, " "0, " "0, " "0, " "0, " "0, " "0, " "0, " "0, " "0, " "0, " "0, " "0, " "0, " "0, " "0, " "0, " "0, " "0, " "0, " "0, " "0, " "0, " "0, " "0, " "0, " "0, " "0, " "0, " "0, " "0, " "0, " "0, " "0, " "0, " "0, " "0, " "0, " "0, " "0, " "0, " "0, " "0, " "0, " "0, " "0, " "0, " "0, " "0, " "0, " "0, " "0, " "0, " "0, " "0, " "0, " "0, " "0, " "0, " "0, " "0, " "0, " "0, " "0, " "0, " "0, " "0, " "0, " "0, " "0, " "0, " "0, " "0, " "0, " "0, " "0, " "0, " "0, " "0, " "0, " "0, " "0, " "0, " "0, " "0, " "0, " "0, " "0, " "0, " "0, " "0, " "0, " "0, " "0, " "0, " "0, " "0, " "0, " "0, " "0, " "0, " "0, " "0, " "0, " "0, " "0, " "0, " "0, " "0, " "0, " "0, " "0, " "0, " "0, " "0, " "0, " "0, " "0, " "0, " "0, " "0, " "0, " "0, " "0, " "0, " "0, " "1, " "1, " "1, " "1, " "1, " "1, " "1, " "0, " "1, " "1, " "1, " "1, " "1, " "1, " "1, " "0, " "0, " "0, " "0, " "0, " "0, " "0, " "0, " "0, " "0, " "0, " "0, " "0, " "0, " "0, " "0, " "0, " "0, " "0, " "0, " "0, " "0, " "0, " "0, " "0, " "0, " "0, " "0, " "0, " "0, " "0, " "0, " "0, " "0, " "0, " "0, " "0, " "0, " "0, " "0, " "0, " "0, " "0, " "0, " "0, " "0, " "0, " "0, " "0, " "0, " "0, " "0, " "0, " "0, " "0, " "0, " "0, " "0, " "0, " "0, " "0, " "0, " "0, " "0, " "0, " "0, " "0, " "0, " "0, " "0, " "0, " "0, " "0, " "0, " "0, " "0, " "0, " "0, " "0, " "0, " "0, " "0, " "0, " "0, " "0, " "0, " "0, " "0, " "0, " "0, " "0, "0
 "Nei159, 0.552, " "-0.625, " "-0.076, " "0.708, " "0.909, " "-0.132, " "-0.395, " "-0.018, " "-0.293, " "0, " "0, " "0, " "0, " "0, " "0, " "0, " "0, " "0, " "0, " "0, " "0, " "0, " "0, " "0, " "0, " "0, " "0, " "0, " "0, " "0, " "0, " "0, " "0, " "0, " "0, " "0, " "0, " "0, " "0, " "0, " "0, " "0, " "0, " "0, " "0, " "0, " "0, " "0, " "0, " "0, " "0, " "0, " "0, " "0, " "0, " "0, " "0, " "0, " "0, " "0, " "0, " "0, " "0, " "0, " "0, " "0, " "0, " "0, " "0, " "0, " "0, " "0, " "0, " "0, " "0, " "0, " "0, " "0, " "0, " "0, " "0, " "0, " "0, " "0, " "0, " "0, " "0, " "0, " "0, " "0, " "0, " "0, " "0, " "0, " "0, " "0, " "0, " "0, " "0, " "0, " "0, " "0, " "0, " "0, " "0, " "0, " "0, " "0, " "0, " "0, " "0, " "0, " "0, " "0, " "0, " "0, " "0, " "0, " "0, " "0, " "0, " "0, " "0, " "0, " "0, " "0, " "0, " "0, " "0, " "0, " "0, " "0, " "0, " "0, " "0, " "0, " "0, " "0, " "0, " "0, " "0, " "0, " "0, " "0, " "0, " "0, " "0, " "0, " "0, " "0, " "0, " "0, " "0, " "0, " "0, " "0, " "0, " "0, " "0, " "0, " "0, " "1, " "1, " "1, " "1, " "1, " "1, " "1, " "0, " "1, " "1, " "1, " "1, " "1, " "1, " "1, " "0, " "0, " "0, " "0, " "0, " "0, " "0, " "0, " "0, " "0, " "0, " "0, " "0, " "0, " "0, " "0, " "0, " "0, " "0, " "0, " "0, " "0, " "0, " "0, " "0, " "0, " "0, " "0, " "0, " "0, " "0, " "0, " "0, " "0, " "0, " "0, " "0, " "0, " "0, " "0, " "0, " "0, " "0, " "0, " "0, " "0, " "0, " "0, " "0, " "0, " "0, " "0, " "0, " "0, " "0, " "0, " "0, " "0, " "0, " "0, " "0, " "0, " "0, " "0, " "0, " "0, " "0, " "0, " "0, " "0, " "0, " "0, " "0, " "0, " "0, " "0, " "0, " "0, " "0, " "0, " "0, " "0, " "0, " "0, " "0, " "0, " "0, " "0, " "0, " "0, "0
 "Nei160, 0.343, " "-0.746, " "0.761, " "0.23, " "-0.7, " "0.961, " "-0.848, " "-0.942, " "0.286, " "0, " "0, " "0, " "0, " "0, " "0, " "0, " "0, " "0, " "0, " "0, " "0, " "0, " "0, " "0, " "0, " "0, " "0, " "0, " "0, " "0, " "0, " "0, " "0, " "0, " "0, " "0, " "0, " "0, " "0, " "0, " "0, " "0, " "0, " "0, " "0, " "0, " "0, " "0, " "0, " "0, " "0, " "0, " "0, " "0, " "0, " "0, " "0, " "0, " "0, " "0, " "0, " "0, " "0, " "0, " "0, " "0, " "0, " "0, " "0, " "0, " "0, " "0, " "0, " "0, " "0, " "0, " "0, " "0, " "0, " "0, " "0, " "0, " "0, " "0, " "0, " "0, " "0, " "0, " "0, " "0, " "0, " "0, " "0, " "0, " "0, " "0, " "0, " "0, " "0, " "0, " "0, " "0, " "0, " "0, " "0, " "0, " "0, " "0, " "0, " "0, " "0, " "0, " "0, " "0, " "0, " "0, " "0, " "0, " "0, " "0, " "0, " "0, " "0, " "0, " "0, " "0, " "0, " "0, " "0, " "0, " "0, " "0, " "0, " "0, " "0, " "0, " "0, " "0, " "0, " "0, " "0, " "0, " "0, " "0, " "0, " "0, " "0, " "0, " "0, " "0, " "0, " "0, " "0, " "0, " "0, " "0, " "0, " "0, " "0, " "0, " "0, " "0, " "1, " "1, " "1, " "1, " "1, " "1, " "1, " "0, " "1, " "1, " "1, " "1, " "1, " "1, " "1, " "0, " "0, " "0, " "0, " "0, " "0, " "0, " "0, " "0, " "0, " "0, " "0, " "0, " "0, " "0, " "0, " "0, " "0, " "0, " "0, " "0, " "0, " "0, " "0, " "0, " "0, " "0, " "0, " "0, " "0, " "0, " "0, " "0, " "0, " "0, " "0, " "0, " "0, " "0, " "0, " "0, " "0, " "0, " "0, " "0, " "0, " "0, " "0, " "0, " "0, " "0, " "0, " "0, " "0, " "0, " "0, " "0, " "0, " "0, " "0, " "0, " "0, " "0, " "0, " "0, " "0, " "0, " "0, " "0, " "0, " "0, " "0, " "0, " "0, " "0, " "0, " "0, " "0, " "0, " "0, " "0, " "0, " "0, " "0, " "0, " "0, " "0, " "0, " "0, "0
 "Nei161, 0.334, " "-0.46, " "0.917, " "0.672, " "-0.707, " "-0.784, " "-0.225, " "-0.752, " "-0.77, " "0, " "0, " "0, " "0, " "0, " "0, " "0, " "0, " "0, " "0, " "0, " "0, " "0, " "0, " "0, " "0, " "0, " "0, " "0, " "0, " "0, " "0, " "0, " "0, " "0, " "0, " "0, " "0, " "0, " "0, " "0, " "0, " "0, " "0, " "0, " "0, " "0, " "0, " "0, " "0, " "0, " "0, " "0, " "0, " "0, " "0, " "0, " "0, " "0, " "0, " "0, " "0, " "0, " "0, " "0, " "0, " "0, " "0, " "0, " "0, " "0, " "0, " "0, " "0, " "0, " "0, " "0, " "0, " "0, " "0, " "0, " "0, " "0, " "0, " "0, " "0, " "0, " "0, " "0, " "0, " "0, " "0, " "0, " "0, " "0, " "0, " "0, " "0, " "0, " "0, " "0, " "0, " "0, " "0, " "0, " "0, " "0, " "0, " "0, " "0, " "0, " "0, " "0, " "0, " "0, " "0, " "0, " "0, " "0, " "0, " "0, " "0, " "0, " "0, " "0, " "0, " "0, " "0, " "0, " "0, " "0, " "0, " "0, " "0, " "0, " "0, " "0, " "0, " "0, " "0, " "0, " "0, " "0, " "0, " "0, " "0, " "0, " "0, " "0, " "0, " "0, " "0, " "0, " "0, " "0, " "0, " "0, " "0, " "0, " "0, " "0, " "0, " "0, " "0, " "1, " "1, " "1, " "1, " "1, " "1, " "1, " "0, " "1, " "1, " "1, " "1, " "1, " "1, " "1, " "0, " "0, " "0, " "0, " "0, " "0, " "0, " "0, " "0, " "0, " "0, " "0, " "0, " "0, " "0, " "0, " "0, " "0, " "0, " "0, " "0, " "0, " "0, " "0, " "0, " "0, " "0, " "0, " "0, " "0, " "0, " "0, " "0, " "0, " "0, " "0, " "0, " "0, " "0, " "0, " "0, " "0, " "0, " "0, " "0, " "0, " "0, " "0, " "0, " "0, " "0, " "0, " "0, " "0, " "0, " "0, " "0, " "0, " "0, " "0, " "0, " "0, " "0, " "0, " "0, " "0, " "0, " "0, " "0, " "0, " "0, " "0, " "0, " "0, " "0, " "0, " "0, " "0, " "0, " "0, " "0, " "0, " "0, " "0, " "0, " "0, " "0, " "0, "0
 "Nei162, 0.054, " "0.015, " "0.785, " "-0.82, " "0.342, " "0.415, " "0.859, " "-0.608, " "0.842, " "0, " "0, " "0, " "0, " "0, " "0, " "0, " "0, " "0, " "0, " "0, " "0, " "0, " "0, " "0, " "0, " "0, " "0, " "0, " "0, " "0, " "0, " "0, " "0, " "0, " "0, " "0, " "0, " "0, " "0, " "0, " "0, " "0, " "0, " "0, " "0, " "0, " "0, " "0, " "0, " "0, " "0, " "0, " "0, " "0, " "0, " "0, " "0, " "0, " "0, " "0, " "0, " "0, " "0, " "0, " "0, " "0, " "0, " "0, " "0, " "0, " "0, " "0, " "0, " "0, " "0, " "0, " "0, " "0, " "0, " "0, " "0, " "0, " "0, " "0, " "0, " "0, " "0, " "0, " "0, " "0, " "0, " "0, " "0, " "0, " "0, " "0, " "0, " "0, " "0, " "0, " "0, " "0, " "0, " "0, " "0, " "0, " "0, " "0, " "0, " "0, " "0, " "0, " "0, " "0, " "0, " "0, " "0, " "0, " "0, " "0, " "0, " "0, " "0, " "0, " "0, " "0, " "0, " "0, " "0, " "0, " "0, " "0, " "0, " "0, " "0, " "0, " "0, " "0, " "0, " "0, " "0, " "0, " "0, " "0, " "0, " "0, " "0, " "0, " "0, " "0, " "0, " "0, " "0, " "0, " "0, " "0, " "0, " "0, " "0, " "0, " "0, " "0, " "0, " "0, " "1, " "1, " "1, " "1, " "1, " "1, " "1, " "0, " "1, " "1, " "1, " "1, " "1, " "1, " "1, " "0, " "0, " "0, " "0, " "0, " "0, " "0, " "0, " "0, " "0, " "0, " "0, " "0, " "0, " "0, " "0, " "0, " "0, " "0, " "0, " "0, " "0, " "0, " "0, " "0, " "0, " "0, " "0, " "0, " "0, " "0, " "0, " "0, " "0, " "0, " "0, " "0, " "0, " "0, " "0, " "0, " "0, " "0, " "0, " "0, " "0, " "0, " "0, " "0, " "0, " "0, " "0, " "0, " "0, " "0, " "0, " "0, " "0, " "0, " "0, " "0, " "0, " "0, " "0, " "0, " "0, " "0, " "0, " "0, " "0, " "0, " "0, " "0, " "0, " "0, " "0, " "0, " "0, " "0, " "0, " "0, " "0, " "0, " "0, " "0, " "0, " "0, "0
 "Nei163, 0.159, " "0.573, " "-0.357, " "-0.891, " "0.712, " "0.825, " "-0.462, " "0.959, " "0.367, " "0, " "0, " "0, " "0, " "0, " "0, " "0, " "0, " "0, " "0, " "0, " "0, " "0, " "0, " "0, " "0, " "0, " "0, " "0, " "0, " "0, " "0, " "0, " "0, " "0, " "0, " "0, " "0, " "0, " "0, " "0, " "0, " "0, " "0, " "0, " "0, " "0, " "0, " "0, " "0, " "0, " "0, " "0, " "0, " "0, " "0, " "0, " "0, " "0, " "0, " "0, " "0, " "0, " "0, " "0, " "0, " "0, " "0, " "0, " "0, " "0, " "0, " "0, " "0, " "0, " "0, " "0, " "0, " "0, " "0, " "0, " "0, " "0, " "0, " "0, " "0, " "0, " "0, " "0, " "0, " "0, " "0, " "0, " "0, " "0, " "0, " "0, " "0, " "0, " "0, " "0, " "0, " "0, " "0, " "0, " "0, " "0, " "0, " "0, " "0, " "0, " "0, " "0, " "0, " "0, " "0, " "0, " "0, " "0, " "0, " "0, " "0, " "0, " "0, " "0, " "0, " "0, " "0, " "0, " "0, " "0, " "0, " "0, " "0, " "0, " "0, " "0, " "0, " "0, " "0, " "0, " "0, " "0, " "0, " "0, " "0, " "0, " "0, " "0, " "0, " "0, " "0, " "0, " "0, " "0, " "0, " "0, " "0, " "0, " "0, " "0, " "0, " "0, " "0, " "0, " "0, " "1, " "1, " "1, " "1, " "1, " "1, " "1, " "0, " "1, " "1, " "1, " "1, " "1, " "1, " "1, " "0, " "0, " "0, " "0, " "0, " "0, " "0, " "0, " "0, " "0, " "0, " "0, " "0, " "0, " "0, " "0, " "0, " "0, " "0, " "0, " "0, " "0, " "0, " "0, " "0, " "0, " "0, " "0, " "0, " "0, " "0, " "0, " "0, " "0, " "0, " "0, " "0, " "0, " "0, " "0, " "0, " "0, " "0, " "0, " "0, " "0, " "0, " "0, " "0, " "0, " "0, " "0, " "0, " "0, " "0, " "0, " "0, " "0, " "0, " "0, " "0, " "0, " "0, " "0, " "0, " "0, " "0, " "0, " "0, " "0, " "0, " "0, " "0, " "0, " "0, " "0, " "0, " "0, " "0, " "0, " "0, " "0, " "0, " "0, " "0, " "0, "0
 "Nei164, 0.156, " "0.471, " "0.979, " "0.464, " "-0.205, " "-0.282, " "-0.224, " "0.578, " "-0.221, " "0, " "0, " "0, " "0, " "0, " "0, " "0, " "0, " "0, " "0, " "0, " "0, " "0, " "0, " "0, " "0, " "0, " "0, " "0, " "0, " "0, " "0, " "0, " "0, " "0, " "0, " "0, " "0, " "0, " "0, " "0, " "0, " "0, " "0, " "0, " "0, " "0, " "0, " "0, " "0, " "0, " "0, " "0, " "0, " "0, " "0, " "0, " "0, " "0, " "0, " "0, " "0, " "0, " "0, " "0, " "0, " "0, " "0, " "0, " "0, " "0, " "0, " "0, " "0, " "0, " "0, " "0, " "0, " "0, " "0, " "0, " "0, " "0, " "0, " "0, " "0, " "0, " "0, " "0, " "0, " "0, " "0, " "0, " "0, " "0, " "0, " "0, " "0, " "0, " "0, " "0, " "0, " "0, " "0, " "0, " "0, " "0, " "0, " "0, " "0, " "0, " "0, " "0, " "0, " "0, " "0, " "0, " "0, " "0, " "0, " "0, " "0, " "0, " "0, " "0, " "0, " "0, " "0, " "0, " "0, " "0, " "0, " "0, " "0, " "0, " "0, " "0, " "0, " "0, " "0, " "0, " "0, " "0, " "0, " "0, " "0, " "0, " "0, " "0, " "0, " "0, " "0, " "0, " "0, " "0, " "0, " "0, " "0, " "0, " "0, " "0, " "0, " "0, " "0, " "0, " "0, " "0, " "1, " "1, " "1, " "1, " "1, " "1, " "1, " "0, " "1, " "1, " "1, " "1, " "1, " "1, " "1, " "0, " "0, " "0, " "0, " "0, " "0, " "0, " "0, " "0, " "0, " "0, " "0, " "0, " "0, " "0, " "0, " "0, " "0, " "0, " "0, " "0, " "0, " "0, " "0, " "0, " "0, " "0, " "0, " "0, " "0, " "0, " "0, " "0, " "0, " "0, " "0, " "0, " "0, " "0, " "0, " "0, " "0, " "0, " "0, " "0, " "0, " "0, " "0, " "0, " "0, " "0, " "0, " "0, " "0, " "0, " "0, " "0, " "0, " "0, " "0, " "0, " "0, " "0, " "0, " "0, " "0, " "0, " "0, " "0, " "0, " "0, " "0, " "0, " "0, " "0, " "0, " "0, " "0, " "0, " "0, " "0, " "0, " "0, " "0, " "0, "0
 "Nei165, 0.131, " "0.231, " "0.601, " "-0.881, " "0.852, " "-0.008, " "-0.334, " "0.612, " "0.168, " "0, " "0, " "0, " "0, " "0, " "0, " "0, " "0, " "0, " "0, " "0, " "0, " "0, " "0, " "0, " "0, " "0, " "0, " "0, " "0, " "0, " "0, " "0, " "0, " "0, " "0, " "0, " "0, " "0, " "0, " "0, " "0, " "0, " "0, " "0, " "0, " "0, " "0, " "0, " "0, " "0, " "0, " "0, " "0, " "0, " "0, " "0, " "0, " "0, " "0, " "0, " "0, " "0, " "0, " "0, " "0, " "0, " "0, " "0, " "0, " "0, " "0, " "0, " "0, " "0, " "0, " "0, " "0, " "0, " "0, " "0, " "0, " "0, " "0, " "0, " "0, " "0, " "0, " "0, " "0, " "0, " "0, " "0, " "0, " "0, " "0, " "0, " "0, " "0, " "0, " "0, " "0, " "0, " "0, " "0, " "0, " "0, " "0, " "0, " "0, " "0, " "0, " "0, " "0, " "0, " "0, " "0, " "0, " "0, " "0, " "0, " "0, " "0, " "0, " "0, " "0, " "0, " "0, " "0, " "0, " "0, " "0, " "0, " "0, " "0, " "0, " "0, " "0, " "0, " "0, " "0, " "0, " "0, " "0, " "0, " "0, " "0, " "0, " "0, " "0, " "0, " "0, " "0, " "0, " "0, " "0, " "0, " "0, " "0, " "0, " "0, " "0, " "0, " "0, " "0, " "0, " "0, " "0, " "1, " "1, " "1, " "1, " "1, " "1, " "1, " "0, " "1, " "1, " "1, " "1, " "1, " "1, " "1, " "0, " "0, " "0, " "0, " "0, " "0, " "0, " "0, " "0, " "0, " "0, " "0, " "0, " "0, " "0, " "0, " "0, " "0, " "0, " "0, " "0, " "0, " "0, " "0, " "0, " "0, " "0, " "0, " "0, " "0, " "0, " "0, " "0, " "0, " "0, " "0, " "0, " "0, " "0, " "0, " "0, " "0, " "0, " "0, " "0, " "0, " "0, " "0, " "0, " "0, " "0, " "0, " "0, " "0, " "0, " "0, " "0, " "0, " "0, " "0, " "0, " "0, " "0, " "0, " "0, " "0, " "0, " "0, " "0, " "0, " "0, " "0, " "0, " "0, " "0, " "0, " "0, " "0, " "0, " "0, " "0, " "0, " "0, " "0, "0
 "Nei166, 0.525, " "-0.948, " "-0.82, " "0.505, " "-0.393, " "-0.078, " "-0.837, " "-0.141, " "-0.853, " "0, " "0, " "0, " "0, " "0, " "0, " "0, " "0, " "0, " "0, " "0, " "0, " "0, " "0, " "0, " "0, " "0, " "0, " "0, " "0, " "0, " "0, " "0, " "0, " "0, " "0, " "0, " "0, " "0, " "0, " "0, " "0, " "0, " "0, " "0, " "0, " "0, " "0, " "0, " "0, " "0, " "0, " "0, " "0, " "0, " "0, " "0, " "0, " "0, " "0, " "0, " "0, " "0, " "0, " "0, " "0, " "0, " "0, " "0, " "0, " "0, " "0, " "0, " "0, " "0, " "0, " "0, " "0, " "0, " "0, " "0, " "0, " "0, " "0, " "0, " "0, " "0, " "0, " "0, " "0, " "0, " "0, " "0, " "0, " "0, " "0, " "0, " "0, " "0, " "0, " "0, " "0, " "0, " "0, " "0, " "0, " "0, " "0, " "0, " "0, " "0, " "0, " "0, " "0, " "0, " "0, " "0, " "0, " "0, " "0, " "0, " "0, " "0, " "0, " "0, " "0, " "0, " "0, " "0, " "0, " "0, " "0, " "0, " "0, " "0, " "0, " "0, " "0, " "0, " "0, " "0, " "0, " "0, " "0, " "0, " "0, " "0, " "0, " "0, " "0, " "0, " "0, " "0, " "0, " "0, " "0, " "0, " "0, " "0, " "0, " "0, " "0, " "0, " "0, " "0, " "0, " "0, " "0, " "0, " "1, " "1, " "1, " "1, " "1, " "1, " "1, " "0, " "1, " "1, " "1, " "1, " "1, " "1, " "1, " "0, " "0, " "0, " "0, " "0, " "0, " "0, " "0, " "0, " "0, " "0, " "0, " "0, " "0, " "0, " "0, " "0, " "0, " "0, " "0, " "0, " "0, " "0, " "0, " "0, " "0, " "0, " "0, " "0, " "0, " "0, " "0, " "0, " "0, " "0, " "0, " "0, " "0, " "0, " "0, " "0, " "0, " "0, " "0, " "0, " "0, " "0, " "0, " "0, " "0, " "0, " "0, " "0, " "0, " "0, " "0, " "0, " "0, " "0, " "0, " "0, " "0, " "0, " "0, " "0, " "0, " "0, " "0, " "0, " "0, " "0, " "0, " "0, " "0, " "0, " "0, " "0, " "0, " "0, " "0, " "0, " "0, " "0, "0
 "Nei167, 0.408, " "-0.385, " "0.886, " "0.777, " "0.568, " "0.107, " "0.329, " "-0.853, " "0.721, " "0, " "0, " "0, " "0, " "0, " "0, " "0, " "0, " "0, " "0, " "0, " "0, " "0, " "0, " "0, " "0, " "0, " "0, " "0, " "0, " "0, " "0, " "0, " "0, " "0, " "0, " "0, " "0, " "0, " "0, " "0, " "0, " "0, " "0, " "0, " "0, " "0, " "0, " "0, " "0, " "0, " "0, " "0, " "0, " "0, " "0, " "0, " "0, " "0, " "0, " "0, " "0, " "0, " "0, " "0, " "0, " "0, " "0, " "0, " "0, " "0, " "0, " "0, " "0, " "0, " "0, " "0, " "0, " "0, " "0, " "0, " "0, " "0, " "0, " "0, " "0, " "0, " "0, " "0, " "0, " "0, " "0, " "0, " "0, " "0, " "0, " "0, " "0, " "0, " "0, " "0, " "0, " "0, " "0, " "0, " "0, " "0, " "0, " "0, " "0, " "0, " "0, " "0, " "0, " "0, " "0, " "0, " "0, " "0, " "0, " "0, " "0, " "0, " "0, " "0, " "0, " "0, " "0, " "0, " "0, " "0, " "0, " "0, " "0, " "0, " "0, " "0, " "0, " "0, " "0, " "0, " "0, " "0, " "0, " "0, " "0, " "0, " "0, " "0, " "0, " "0, " "0, " "0, " "0, " "0, " "0, " "0, " "0, " "0, " "0, " "0, " "0, " "0, " "0, " "0, " "0, " "0, " "0, " "0, " "0, " "1, " "1, " "1, " "1, " "1, " "1, " "1, " "0, " "1, " "1, " "1, " "1, " "1, " "1, " "1, " "0, " "0, " "0, " "0, " "0, " "0, " "0, " "0, " "0, " "0, " "0, " "0, " "0, " "0, " "0, " "0, " "0, " "0, " "0, " "0, " "0, " "0, " "0, " "0, " "0, " "0, " "0, " "0, " "0, " "0, " "0, " "0, " "0, " "0, " "0, " "0, " "0, " "0, " "0, " "0, " "0, " "0, " "0, " "0, " "0, " "0, " "0, " "0, " "0, " "0, " "0, " "0, " "0, " "0, " "0, " "0, " "0, " "0, " "0, " "0, " "0, " "0, " "0, " "0, " "0, " "0, " "0, " "0, " "0, " "0, " "0, " "0, " "0, " "0, " "0, " "0, " "0, " "0, " "0, " "0, " "0, " "0, "0
 "Nei168, 0.536, " "0.177, " "-0.724, " "-0.195, " "0.066, " "-0.169, " "-0.185, " "0.392, " "0.931, " "0, " "0, " "0, " "0, " "0, " "0, " "0, " "0, " "0, " "0, " "0, " "0, " "0, " "0, " "0, " "0, " "0, " "0, " "0, " "0, " "0, " "0, " "0, " "0, " "0, " "0, " "0, " "0, " "0, " "0, " "0, " "0, " "0, " "0, " "0, " "0, " "0, " "0, " "0, " "0, " "0, " "0, " "0, " "0, " "0, " "0, " "0, " "0, " "0, " "0, " "0, " "0, " "0, " "0, " "0, " "0, " "0, " "0, " "0, " "0, " "0, " "0, " "0, " "0, " "0, " "0, " "0, " "0, " "0, " "0, " "0, " "0, " "0, " "0, " "0, " "0, " "0, " "0, " "0, " "0, " "0, " "0, " "0, " "0, " "0, " "0, " "0, " "0, " "0, " "0, " "0, " "0, " "0, " "0, " "0, " "0, " "0, " "0, " "0, " "0, " "0, " "0, " "0, " "0, " "0, " "0, " "0, " "0, " "0, " "0, " "0, " "0, " "0, " "0, " "0, " "0, " "0, " "0, " "0, " "0, " "0, " "0, " "0, " "0, " "0, " "0, " "0, " "0, " "0, " "0, " "0, " "0, " "0, " "0, " "0, " "0, " "0, " "0, " "0, " "0, " "0, " "0, " "0, " "0, " "0, " "0, " "0, " "0, " "0, " "0, " "0, " "0, " "0, " "0, " "0, " "0, " "0, " "0, " "0, " "0, " "0, " "1, " "1, " "1, " "1, " "1, " "1, " "1, " "0, " "1, " "1, " "1, " "1, " "1, " "1, " "1, " "0, " "0, " "0, " "0, " "0, " "0, " "0, " "0, " "0, " "0, " "0, " "0, " "0, " "0, " "0, " "0, " "0, " "0, " "0, " "0, " "0, " "0, " "0, " "0, " "0, " "0, " "0, " "0, " "0, " "0, " "0, " "0, " "0, " "0, " "0, " "0, " "0, " "0, " "0, " "0, " "0, " "0, " "0, " "0, " "0, " "0, " "0, " "0, " "0, " "0, " "0, " "0, " "0, " "0, " "0, " "0, " "0, " "0, " "0, " "0, " "0, " "0, " "0, " "0, " "0, " "0, " "0, " "0, " "0, " "0, " "0, " "0, " "0, " "0, " "0, " "0, " "0, " "0, " "0, " "0, " "0, "0
 "Nei169, 0.125, " "0.569, " "0.504, " "-0.313, " "0.483, " "0.866, " "-0.078, " "-0.476, " "-0.716, " "0, " "0, " "0, " "0, " "0, " "0, " "0, " "0, " "0, " "0, " "0, " "0, " "0, " "0, " "0, " "0, " "0, " "0, " "0, " "0, " "0, " "0, " "0, " "0, " "0, " "0, " "0, " "0, " "0, " "0, " "0, " "0, " "0, " "0, " "0, " "0, " "0, " "0, " "0, " "0, " "0, " "0, " "0, " "0, " "0, " "0, " "0, " "0, " "0, " "0, " "0, " "0, " "0, " "0, " "0, " "0, " "0, " "0, " "0, " "0, " "0, " "0, " "0, " "0, " "0, " "0, " "0, " "0, " "0, " "0, " "0, " "0, " "0, " "0, " "0, " "0, " "0, " "0, " "0, " "0, " "0, " "0, " "0, " "0, " "0, " "0, " "0, " "0, " "0, " "0, " "0, " "0, " "0, " "0, " "0, " "0, " "0, " "0, " "0, " "0, " "0, " "0, " "0, " "0, " "0, " "0, " "0, " "0, " "0, " "0, " "0, " "0, " "0, " "0, " "0, " "0, " "0, " "0, " "0, " "0, " "0, " "0, " "0, " "0, " "0, " "0, " "0, " "0, " "0, " "0, " "0, " "0, " "0, " "0, " "0, " "0, " "0, " "0, " "0, " "0, " "0, " "0, " "0, " "0, " "0, " "0, " "0, " "0, " "0, " "0, " "0, " "0, " "0, " "0, " "0, " "0, " "0, " "0, " "0, " "0, " "0, " "0, " "1, " "1, " "1, " "1, " "1, " "1, " "1, " "0, " "1, " "1, " "1, " "1, " "1, " "1, " "1, " "0, " "0, " "0, " "0, " "0, " "0, " "0, " "0, " "0, " "0, " "0, " "0, " "0, " "0, " "0, " "0, " "0, " "0, " "0, " "0, " "0, " "0, " "0, " "0, " "0, " "0, " "0, " "0, " "0, " "0, " "0, " "0, " "0, " "0, " "0, " "0, " "0, " "0, " "0, " "0, " "0, " "0, " "0, " "0, " "0, " "0, " "0, " "0, " "0, " "0, " "0, " "0, " "0, " "0, " "0, " "0, " "0, " "0, " "0, " "0, " "0, " "0, " "0, " "0, " "0, " "0, " "0, " "0, " "0, " "0, " "0, " "0, " "0, " "0, " "0, " "0, " "0, " "0, " "0, " "0, "0
 "Nei170, 0.532, " "-0.224, " "0.22, " "-0.335, " "0.443, " "-0.792, " "-0.234, " "0.444, " "-0.512, " "0, " "0, " "0, " "0, " "0, " "0, " "0, " "0, " "0, " "0, " "0, " "0, " "0, " "0, " "0, " "0, " "0, " "0, " "0, " "0, " "0, " "0, " "0, " "0, " "0, " "0, " "0, " "0, " "0, " "0, " "0, " "0, " "0, " "0, " "0, " "0, " "0, " "0, " "0, " "0, " "0, " "0, " "0, " "0, " "0, " "0, " "0, " "0, " "0, " "0, " "0, " "0, " "0, " "0, " "0, " "0, " "0, " "0, " "0, " "0, " "0, " "0, " "0, " "0, " "0, " "0, " "0, " "0, " "0, " "0, " "0, " "0, " "0, " "0, " "0, " "0, " "0, " "0, " "0, " "0, " "0, " "0, " "0, " "0, " "0, " "0, " "0, " "0, " "0, " "0, " "0, " "0, " "0, " "0, " "0, " "0, " "0, " "0, " "0, " "0, " "0, " "0, " "0, " "0, " "0, " "0, " "0, " "0, " "0, " "0, " "0, " "0, " "0, " "0, " "0, " "0, " "0, " "0, " "0, " "0, " "0, " "0, " "0, " "0, " "0, " "0, " "0, " "0, " "0, " "0, " "0, " "0, " "0, " "0, " "0, " "0, " "0, " "0, " "0, " "0, " "0, " "0, " "0, " "0, " "0, " "0, " "0, " "0, " "0, " "0, " "0, " "0, " "0, " "0, " "0, " "0, " "0, " "0, " "0, " "0, " "0, " "0, " "0, " "1, " "1, " "1, " "1, " "1, " "1, " "1, " "0, " "1, " "1, " "1, " "1, " "1, " "1, " "1, " "0, " "0, " "0, " "0, " "0, " "0, " "0, " "0, " "0, " "0, " "0, " "0, " "0, " "0, " "0, " "0, " "0, " "0, " "0, " "0, " "0, " "0, " "0, " "0, " "0, " "0, " "0, " "0, " "0, " "0, " "0, " "0, " "0, " "0, " "0, " "0, " "0, " "0, " "0, " "0, " "0, " "0, " "0, " "0, " "0, " "0, " "0, " "0, " "0, " "0, " "0, " "0, " "0, " "0, " "0, " "0, " "0, " "0, " "0, " "0, " "0, " "0, " "0, " "0, " "0, " "0, " "0, " "0, " "0, " "0, " "0, " "0, " "0, " "0, " "0, " "0, " "0, " "0, " "0, "0
 "Nei171, 0.039, " "0.617, " "-0.398, " "-0.822, " "-0.651, " "0.419, " "-0.323, " "0.304, " "0.453, " "0, " "0, " "0, " "0, " "0, " "0, " "0, " "0, " "0, " "0, " "0, " "0, " "0, " "0, " "0, " "0, " "0, " "0, " "0, " "0, " "0, " "0, " "0, " "0, " "0, " "0, " "0, " "0, " "0, " "0, " "0, " "0, " "0, " "0, " "0, " "0, " "0, " "0, " "0, " "0, " "0, " "0, " "0, " "0, " "0, " "0, " "0, " "0, " "0, " "0, " "0, " "0, " "0, " "0, " "0, " "0, " "0, " "0, " "0, " "0, " "0, " "0, " "0, " "0, " "0, " "0, " "0, " "0, " "0, " "0, " "0, " "0, " "0, " "0, " "0, " "0, " "0, " "0, " "0, " "0, " "0, " "0, " "0, " "0, " "0, " "0, " "0, " "0, " "0, " "0, " "0, " "0, " "0, " "0, " "0, " "0, " "0, " "0, " "0, " "0, " "0, " "0, " "0, " "0, " "0, " "0, " "0, " "0, " "0, " "0, " "0, " "0, " "0, " "0, " "0, " "0, " "0, " "0, " "0, " "0, " "0, " "0, " "0, " "0, " "0, " "0, " "0, " "0, " "0, " "0, " "0, " "0, " "0, " "0, " "0, " "0, " "0, " "0, " "0, " "0, " "0, " "0, " "0, " "0, " "0, " "0, " "0, " "0, " "0, " "0, " "0, " "0, " "0, " "0, " "0, " "0, " "0, " "0, " "0, " "0, " "0, " "0, " "0, " "0, " "1, " "1, " "1, " "1, " "1, " "1, " "1, " "0, " "1, " "1, " "1, " "1, " "1, " "1, " "1, " "0, " "0, " "0, " "0, " "0, " "0, " "0, " "0, " "0, " "0, " "0, " "0, " "0, " "0, " "0, " "0, " "0, " "0, " "0, " "0, " "0, " "0, " "0, " "0, " "0, " "0, " "0, " "0, " "0, " "0, " "0, " "0, " "0, " "0, " "0, " "0, " "0, " "0, " "0, " "0, " "0, " "0, " "0, " "0, " "0, " "0, " "0, " "0, " "0, " "0, " "0, " "0, " "0, " "0, " "0, " "0, " "0, " "0, " "0, " "0, " "0, " "0, " "0, " "0, " "0, " "0, " "0, " "0, " "0, " "0, " "0, " "0, " "0, " "0, " "0, " "0, " "0, " "0, "0
 "Nei172, 0.477, " "-0.005, " "0.966, " "-0.198, " "-0.645, " "0.328, " "-0.116, " "0.544, " "0.158, " "0, " "0, " "0, " "0, " "0, " "0, " "0, " "0, " "0, " "0, " "0, " "0, " "0, " "0, " "0, " "0, " "0, " "0, " "0, " "0, " "0, " "0, " "0, " "0, " "0, " "0, " "0, " "0, " "0, " "0, " "0, " "0, " "0, " "0, " "0, " "0, " "0, " "0, " "0, " "0, " "0, " "0, " "0, " "0, " "0, " "0, " "0, " "0, " "0, " "0, " "0, " "0, " "0, " "0, " "0, " "0, " "0, " "0, " "0, " "0, " "0, " "0, " "0, " "0, " "0, " "0, " "0, " "0, " "0, " "0, " "0, " "0, " "0, " "0, " "0, " "0, " "0, " "0, " "0, " "0, " "0, " "0, " "0, " "0, " "0, " "0, " "0, " "0, " "0, " "0, " "0, " "0, " "0, " "0, " "0, " "0, " "0, " "0, " "0, " "0, " "0, " "0, " "0, " "0, " "0, " "0, " "0, " "0, " "0, " "0, " "0, " "0, " "0, " "0, " "0, " "0, " "0, " "0, " "0, " "0, " "0, " "0, " "0, " "0, " "0, " "0, " "0, " "0, " "0, " "0, " "0, " "0, " "0, " "0, " "0, " "0, " "0, " "0, " "0, " "0, " "0, " "0, " "0, " "0, " "0, " "0, " "0, " "0, " "0, " "0, " "0, " "0, " "0, " "0, " "0, " "0, " "0, " "0, " "0, " "0, " "0, " "0, " "0, " "0, " "0, " "1, " "1, " "1, " "1, " "1, " "1, " "1, " "0, " "1, " "1, " "1, " "1, " "1, " "1, " "1, " "0, " "0, " "0, " "0, " "0, " "0, " "0, " "0, " "0, " "0, " "0, " "0, " "0, " "0, " "0, " "0, " "0, " "0, " "0, " "0, " "0, " "0, " "0, " "0, " "0, " "0, " "0, " "0, " "0, " "0, " "0, " "0, " "0, " "0, " "0, " "0, " "0, " "0, " "0, " "0, " "0, " "0, " "0, " "0, " "0, " "0, " "0, " "0, " "0, " "0, " "0, " "0, " "0, " "0, " "0, " "0, " "0, " "0, " "0, " "0, " "0, " "0, " "0, " "0, " "0, " "0, " "0, " "0, " "0, " "0, " "0, " "0, " "0, " "0, " "0, " "0, " "0, "0
 "Nei173, 0.05, " "-0.14, " "0.171, " "-0.983, " "0.094, " "-0.143, " "0.074, " "-0.556, " "-0.821, " "0, " "0, " "0, " "0, " "0, " "0, " "0, " "0, " "0, " "0, " "0, " "0, " "0, " "0, " "0, " "0, " "0, " "0, " "0, " "0, " "0, " "0, " "0, " "0, " "0, " "0, " "0, " "0, " "0, " "0, " "0, " "0, " "0, " "0, " "0, " "0, " "0, " "0, " "0, " "0, " "0, " "0, " "0, " "0, " "0, " "0, " "0, " "0, " "0, " "0, " "0, " "0, " "0, " "0, " "0, " "0, " "0, " "0, " "0, " "0, " "0, " "0, " "0, " "0, " "0, " "0, " "0, " "0, " "0, " "0, " "0, " "0, " "0, " "0, " "0, " "0, " "0, " "0, " "0, " "0, " "0, " "0, " "0, " "0, " "0, " "0, " "0, " "0, " "0, " "0, " "0, " "0, " "0, " "0, " "0, " "0, " "0, " "0, " "0, " "0, " "0, " "0, " "0, " "0, " "0, " "0, " "0, " "0, " "0, " "0, " "0, " "0, " "0, " "0, " "0, " "0, " "0, " "0, " "0, " "0, " "0, " "0, " "0, " "0, " "0, " "0, " "0, " "0, " "0, " "0, " "0, " "0, " "0, " "0, " "0, " "0, " "0, " "0, " "0, " "0, " "0, " "0, " "0, " "0, " "0, " "0, " "0, " "0, " "0, " "0, " "0, " "0, " "0, " "0, " "0, " "0, " "0, " "0, " "0, " "0, " "0, " "0, " "0, " "0, " "0, " "0, " "1, " "1, " "1, " "1, " "1, " "1, " "1, " "0, " "1, " "1, " "1, " "1, " "1, " "1, " "1, " "0, " "0, " "0, " "0, " "0, " "0, " "0, " "0, " "0, " "0, " "0, " "0, " "0, " "0, " "0, " "0, " "0, " "0, " "0, " "0, " "0, " "0, " "0, " "0, " "0, " "0, " "0, " "0, " "0, " "0, " "0, " "0, " "0, " "0, " "0, " "0, " "0, " "0, " "0, " "0, " "0, " "0, " "0, " "0, " "0, " "0, " "0, " "0, " "0, " "0, " "0, " "0, " "0, " "0, " "0, " "0, " "0, " "0, " "0, " "0, " "0, " "0, " "0, " "0, " "0, " "0, " "0, " "0, " "0, " "0, " "0, " "0, " "0, " "0, " "0, " "0, "0
 "Nei174, 0.508, " "-0.818, " "0.083, " "0.53, " "-0.724, " "-0.048, " "0.591, " "0.174, " "-0.009, " "0, " "0, " "0, " "0, " "0, " "0, " "0, " "0, " "0, " "0, " "0, " "0, " "0, " "0, " "0, " "0, " "0, " "0, " "0, " "0, " "0, " "0, " "0, " "0, " "0, " "0, " "0, " "0, " "0, " "0, " "0, " "0, " "0, " "0, " "0, " "0, " "0, " "0, " "0, " "0, " "0, " "0, " "0, " "0, " "0, " "0, " "0, " "0, " "0, " "0, " "0, " "0, " "0, " "0, " "0, " "0, " "0, " "0, " "0, " "0, " "0, " "0, " "0, " "0, " "0, " "0, " "0, " "0, " "0, " "0, " "0, " "0, " "0, " "0, " "0, " "0, " "0, " "0, " "0, " "0, " "0, " "0, " "0, " "0, " "0, " "0, " "0, " "0, " "0, " "0, " "0, " "0, " "0, " "0, " "0, " "0, " "0, " "0, " "0, " "0, " "0, " "0, " "0, " "0, " "0, " "0, " "0, " "0, " "0, " "0, " "0, " "0, " "0, " "0, " "0, " "0, " "0, " "0, " "0, " "0, " "0, " "0, " "0, " "0, " "0, " "0, " "0, " "0, " "0, " "0, " "0, " "0, " "0, " "0, " "0, " "0, " "0, " "0, " "0, " "0, " "0, " "0, " "0, " "0, " "0, " "0, " "0, " "0, " "0, " "0, " "0, " "0, " "0, " "0, " "0, " "0, " "0, " "0, " "0, " "0, " "0, " "0, " "0, " "0, " "0, " "0, " "0, " "1, " "1, " "1, " "1, " "1, " "1, " "1, " "0, " "1, " "1, " "1, " "1, " "1, " "1, " "1, " "0, " "0, " "0, " "0, " "0, " "0, " "0, " "0, " "0, " "0, " "0, " "0, " "0, " "0, " "0, " "0, " "0, " "0, " "0, " "0, " "0, " "0, " "0, " "0, " "0, " "0, " "0, " "0, " "0, " "0, " "0, " "0, " "0, " "0, " "0, " "0, " "0, " "0, " "0, " "0, " "0, " "0, " "0, " "0, " "0, " "0, " "0, " "0, " "0, " "0, " "0, " "0, " "0, " "0, " "0, " "0, " "0, " "0, " "0, " "0, " "0, " "0, " "0, " "0, " "0, " "0, " "0, " "0, " "0, " "0, " "0, " "0, " "0, " "0, " "0, "0
 "Nei175, 0.543, " "-0.334, " "0.273, " "0.483, " "-0.015, " "-0.637, " "-0.054, " "0.028, " "0.807, " "0, " "0, " "0, " "0, " "0, " "0, " "0, " "0, " "0, " "0, " "0, " "0, " "0, " "0, " "0, " "0, " "0, " "0, " "0, " "0, " "0, " "0, " "0, " "0, " "0, " "0, " "0, " "0, " "0, " "0, " "0, " "0, " "0, " "0, " "0, " "0, " "0, " "0, " "0, " "0, " "0, " "0, " "0, " "0, " "0, " "0, " "0, " "0, " "0, " "0, " "0, " "0, " "0, " "0, " "0, " "0, " "0, " "0, " "0, " "0, " "0, " "0, " "0, " "0, " "0, " "0, " "0, " "0, " "0, " "0, " "0, " "0, " "0, " "0, " "0, " "0, " "0, " "0, " "0, " "0, " "0, " "0, " "0, " "0, " "0, " "0, " "0, " "0, " "0, " "0, " "0, " "0, " "0, " "0, " "0, " "0, " "0, " "0, " "0, " "0, " "0, " "0, " "0, " "0, " "0, " "0, " "0, " "0, " "0, " "0, " "0, " "0, " "0, " "0, " "0, " "0, " "0, " "0, " "0, " "0, " "0, " "0, " "0, " "0, " "0, " "0, " "0, " "0, " "0, " "0, " "0, " "0, " "0, " "0, " "0, " "0, " "0, " "0, " "0, " "0, " "0, " "0, " "0, " "0, " "0, " "0, " "0, " "0, " "0, " "0, " "0, " "0, " "0, " "0, " "0, " "0, " "0, " "0, " "0, " "0, " "0, " "0, " "0, " "0, " "0, " "0, " "0, " "0, " "1, " "1, " "1, " "1, " "1, " "1, " "1, " "0, " "1, " "1, " "1, " "1, " "1, " "1, " "1, " "0, " "0, " "0, " "0, " "0, " "0, " "0, " "0, " "0, " "0, " "0, " "0, " "0, " "0, " "0, " "0, " "0, " "0, " "0, " "0, " "0, " "0, " "0, " "0, " "0, " "0, " "0, " "0, " "0, " "0, " "0, " "0, " "0, " "0, " "0, " "0, " "0, " "0, " "0, " "0, " "0, " "0, " "0, " "0, " "0, " "0, " "0, " "0, " "0, " "0, " "0, " "0, " "0, " "0, " "0, " "0, " "0, " "0, " "0, " "0, " "0, " "0, " "0, " "0, " "0, " "0, " "0, " "0, " "0, " "0, " "0, " "0, " "0, " "0, "0
 "Nei176, 0.447, " "-0.104, " "-0.63, " "-0.19, " "-0.472, " "-0.568, " "0.289, " "-0.003, " "-0.398, " "0, " "0, " "0, " "0, " "0, " "0, " "0, " "0, " "0, " "0, " "0, " "0, " "0, " "0, " "0, " "0, " "0, " "0, " "0, " "0, " "0, " "0, " "0, " "0, " "0, " "0, " "0, " "0, " "0, " "0, " "0, " "0, " "0, " "0, " "0, " "0, " "0, " "0, " "0, " "0, " "0, " "0, " "0, " "0, " "0, " "0, " "0, " "0, " "0, " "0, " "0, " "0, " "0, " "0, " "0, " "0, " "0, " "0, " "0, " "0, " "0, " "0, " "0, " "0, " "0, " "0, " "0, " "0, " "0, " "0, " "0, " "0, " "0, " "0, " "0, " "0, " "0, " "0, " "0, " "0, " "0, " "0, " "0, " "0, " "0, " "0, " "0, " "0, " "0, " "0, " "0, " "0, " "0, " "0, " "0, " "0, " "0, " "0, " "0, " "0, " "0, " "0, " "0, " "0, " "0, " "0, " "0, " "0, " "0, " "0, " "0, " "0, " "0, " "0, " "0, " "0, " "0, " "0, " "0, " "0, " "0, " "0, " "0, " "0, " "0, " "0, " "0, " "0, " "0, " "0, " "0, " "0, " "0, " "0, " "0, " "0, " "0, " "0, " "0, " "0, " "0, " "0, " "0, " "0, " "0, " "0, " "0, " "0, " "0, " "0, " "0, " "0, " "0, " "0, " "0, " "0, " "0, " "0, " "0, " "0, " "0, " "0, " "0, " "0, " "0, " "0, " "0, " "0, " "0, " "1, " "1, " "1, " "1, " "1, " "1, " "1, " "0, " "1, " "1, " "1, " "1, " "1, " "1, " "1, " "0, " "0, " "0, " "0, " "0, " "0, " "0, " "0, " "0, " "0, " "0, " "0, " "0, " "0, " "0, " "0, " "0, " "0, " "0, " "0, " "0, " "0, " "0, " "0, " "0, " "0, " "0, " "0, " "0, " "0, " "0, " "0, " "0, " "0, " "0, " "0, " "0, " "0, " "0, " "0, " "0, " "0, " "0, " "0, " "0, " "0, " "0, " "0, " "0, " "0, " "0, " "0, " "0, " "0, " "0, " "0, " "0, " "0, " "0, " "0, " "0, " "0, " "0, " "0, " "0, " "0, " "0, " "0, " "0, " "0, " "0, " "0, " "0, "0
 "Nei177, 0.394, " "-0.505, " "-0.022, " "0.512, " "0.39, " "-0.851, " "0.796, " "0.947, " "-0.958, " "0, " "0, " "0, " "0, " "0, " "0, " "0, " "0, " "0, " "0, " "0, " "0, " "0, " "0, " "0, " "0, " "0, " "0, " "0, " "0, " "0, " "0, " "0, " "0, " "0, " "0, " "0, " "0, " "0, " "0, " "0, " "0, " "0, " "0, " "0, " "0, " "0, " "0, " "0, " "0, " "0, " "0, " "0, " "0, " "0, " "0, " "0, " "0, " "0, " "0, " "0, " "0, " "0, " "0, " "0, " "0, " "0, " "0, " "0, " "0, " "0, " "0, " "0, " "0, " "0, " "0, " "0, " "0, " "0, " "0, " "0, " "0, " "0, " "0, " "0, " "0, " "0, " "0, " "0, " "0, " "0, " "0, " "0, " "0, " "0, " "0, " "0, " "0, " "0, " "0, " "0, " "0, " "0, " "0, " "0, " "0, " "0, " "0, " "0, " "0, " "0, " "0, " "0, " "0, " "0, " "0, " "0, " "0, " "0, " "0, " "0, " "0, " "0, " "0, " "0, " "0, " "0, " "0, " "0, " "0, " "0, " "0, " "0, " "0, " "0, " "0, " "0, " "0, " "0, " "0, " "0, " "0, " "0, " "0, " "0, " "0, " "0, " "0, " "0, " "0, " "0, " "0, " "0, " "0, " "0, " "0, " "0, " "0, " "0, " "0, " "0, " "0, " "0, " "0, " "0, " "0, " "0, " "0, " "0, " "0, " "0, " "0, " "0, " "0, " "0, " "0, " "0, " "0, " "0, " "0, " "1, " "1, " "1, " "1, " "1, " "1, " "1, " "0, " "1, " "1, " "1, " "1, " "1, " "1, " "1, " "0, " "0, " "0, " "0, " "0, " "0, " "0, " "0, " "0, " "0, " "0, " "0, " "0, " "0, " "0, " "0, " "0, " "0, " "0, " "0, " "0, " "0, " "0, " "0, " "0, " "0, " "0, " "0, " "0, " "0, " "0, " "0, " "0, " "0, " "0, " "0, " "0, " "0, " "0, " "0, " "0, " "0, " "0, " "0, " "0, " "0, " "0, " "0, " "0, " "0, " "0, " "0, " "0, " "0, " "0, " "0, " "0, " "0, " "0, " "0, " "0, " "0, " "0, " "0, " "0, " "0, " "0, " "0, " "0, " "0, " "0, " "0, "0
 "Nei178, 0.243, " "0.461, " "0.088, " "0.508, " "0.488, " "-0.445, " "0.9, " "-0.156, " "-0.576, " "0, " "0, " "0, " "0, " "0, " "0, " "0, " "0, " "0, " "0, " "0, " "0, " "0, " "0, " "0, " "0, " "0, " "0, " "0, " "0, " "0, " "0, " "0, " "0, " "0, " "0, " "0, " "0, " "0, " "0, " "0, " "0, " "0, " "0, " "0, " "0, " "0, " "0, " "0, " "0, " "0, " "0, " "0, " "0, " "0, " "0, " "0, " "0, " "0, " "0, " "0, " "0, " "0, " "0, " "0, " "0, " "0, " "0, " "0, " "0, " "0, " "0, " "0, " "0, " "0, " "0, " "0, " "0, " "0, " "0, " "0, " "0, " "0, " "0, " "0, " "0, " "0, " "0, " "0, " "0, " "0, " "0, " "0, " "0, " "0, " "0, " "0, " "0, " "0, " "0, " "0, " "0, " "0, " "0, " "0, " "0, " "0, " "0, " "0, " "0, " "0, " "0, " "0, " "0, " "0, " "0, " "0, " "0, " "0, " "0, " "0, " "0, " "0, " "0, " "0, " "0, " "0, " "0, " "0, " "0, " "0, " "0, " "0, " "0, " "0, " "0, " "0, " "0, " "0, " "0, " "0, " "0, " "0, " "0, " "0, " "0, " "0, " "0, " "0, " "0, " "0, " "0, " "0, " "0, " "0, " "0, " "0, " "0, " "0, " "0, " "0, " "0, " "0, " "0, " "0, " "0, " "0, " "0, " "0, " "0, " "0, " "0, " "0, " "0, " "0, " "0, " "0, " "0, " "0, " "0, " "0, " "1, " "1, " "1, " "1, " "1, " "1, " "1, " "0, " "1, " "1, " "1, " "1, " "1, " "1, " "1, " "0, " "0, " "0, " "0, " "0, " "0, " "0, " "0, " "0, " "0, " "0, " "0, " "0, " "0, " "0, " "0, " "0, " "0, " "0, " "0, " "0, " "0, " "0, " "0, " "0, " "0, " "0, " "0, " "0, " "0, " "0, " "0, " "0, " "0, " "0, " "0, " "0, " "0, " "0, " "0, " "0, " "0, " "0, " "0, " "0, " "0, " "0, " "0, " "0, " "0, " "0, " "0, " "0, " "0, " "0, " "0, " "0, " "0, " "0, " "0, " "0, " "0, " "0, " "0, " "0, " "0, " "0, " "0, " "0, " "0, " "0, "0
 "Nei179, 0.402, " "-0.466, " "-0.041, " "-0.207, " "0.958, " "0.438, " "0.281, " "-0.338, " "-0.675, " "0, " "0, " "0, " "0, " "0, " "0, " "0, " "0, " "0, " "0, " "0, " "0, " "0, " "0, " "0, " "0, " "0, " "0, " "0, " "0, " "0, " "0, " "0, " "0, " "0, " "0, " "0, " "0, " "0, " "0, " "0, " "0, " "0, " "0, " "0, " "0, " "0, " "0, " "0, " "0, " "0, " "0, " "0, " "0, " "0, " "0, " "0, " "0, " "0, " "0, " "0, " "0, " "0, " "0, " "0, " "0, " "0, " "0, " "0, " "0, " "0, " "0, " "0, " "0, " "0, " "0, " "0, " "0, " "0, " "0, " "0, " "0, " "0, " "0, " "0, " "0, " "0, " "0, " "0, " "0, " "0, " "0, " "0, " "0, " "0, " "0, " "0, " "0, " "0, " "0, " "0, " "0, " "0, " "0, " "0, " "0, " "0, " "0, " "0, " "0, " "0, " "0, " "0, " "0, " "0, " "0, " "0, " "0, " "0, " "0, " "0, " "0, " "0, " "0, " "0, " "0, " "0, " "0, " "0, " "0, " "0, " "0, " "0, " "0, " "0, " "0, " "0, " "0, " "0, " "0, " "0, " "0, " "0, " "0, " "0, " "0, " "0, " "0, " "0, " "0, " "0, " "0, " "0, " "0, " "0, " "0, " "0, " "0, " "0, " "0, " "0, " "0, " "0, " "0, " "0, " "0, " "0, " "0, " "0, " "0, " "0, " "0, " "0, " "0, " "0, " "0, " "0, " "0, " "0, " "0, " "0, " "0, " "1, " "1, " "1, " "1, " "1, " "1, " "1, " "0, " "1, " "1, " "1, " "1, " "1, " "1, " "1, " "0, " "0, " "0, " "0, " "0, " "0, " "0, " "0, " "0, " "0, " "0, " "0, " "0, " "0, " "0, " "0, " "0, " "0, " "0, " "0, " "0, " "0, " "0, " "0, " "0, " "0, " "0, " "0, " "0, " "0, " "0, " "0, " "0, " "0, " "0, " "0, " "0, " "0, " "0, " "0, " "0, " "0, " "0, " "0, " "0, " "0, " "0, " "0, " "0, " "0, " "0, " "0, " "0, " "0, " "0, " "0, " "0, " "0, " "0, " "0, " "0, " "0, " "0, " "0, " "0, " "0, " "0, " "0, " "0, " "0, "0
 "Nei180, 0.443, " "0.428, " "0.62, " "0.058, " "-0.363, " "-0.869, " "0.107, " "0.476, " "0.923, " "0, " "0, " "0, " "0, " "0, " "0, " "0, " "0, " "0, " "0, " "0, " "0, " "0, " "0, " "0, " "0, " "0, " "0, " "0, " "0, " "0, " "0, " "0, " "0, " "0, " "0, " "0, " "0, " "0, " "0, " "0, " "0, " "0, " "0, " "0, " "0, " "0, " "0, " "0, " "0, " "0, " "0, " "0, " "0, " "0, " "0, " "0, " "0, " "0, " "0, " "0, " "0, " "0, " "0, " "0, " "0, " "0, " "0, " "0, " "0, " "0, " "0, " "0, " "0, " "0, " "0, " "0, " "0, " "0, " "0, " "0, " "0, " "0, " "0, " "0, " "0, " "0, " "0, " "0, " "0, " "0, " "0, " "0, " "0, " "0, " "0, " "0, " "0, " "0, " "0, " "0, " "0, " "0, " "0, " "0, " "0, " "0, " "0, " "0, " "0, " "0, " "0, " "0, " "0, " "0, " "0, " "0, " "0, " "0, " "0, " "0, " "0, " "0, " "0, " "0, " "0, " "0, " "0, " "0, " "0, " "0, " "0, " "0, " "0, " "0, " "0, " "0, " "0, " "0, " "0, " "0, " "0, " "0, " "0, " "0, " "0, " "0, " "0, " "0, " "0, " "0, " "0, " "0, " "0, " "0, " "0, " "0, " "0, " "0, " "0, " "0, " "0, " "0, " "0, " "0, " "0, " "0, " "0, " "0, " "0, " "0, " "0, " "0, " "0, " "0, " "0, " "0, " "0, " "0, " "0, " "0, " "0, " "0, " "1, " "1, " "1, " "1, " "1, " "1, " "1, " "0, " "1, " "1, " "1, " "1, " "1, " "1, " "1, " "0, " "0, " "0, " "0, " "0, " "0, " "0, " "0, " "0, " "0, " "0, " "0, " "0, " "0, " "0, " "0, " "0, " "0, " "0, " "0, " "0, " "0, " "0, " "0, " "0, " "0, " "0, " "0, " "0, " "0, " "0, " "0, " "0, " "0, " "0, " "0, " "0, " "0, " "0, " "0, " "0, " "0, " "0, " "0, " "0, " "0, " "0, " "0, " "0, " "0, " "0, " "0, " "0, " "0, " "0, " "0, " "0, " "0, " "0, " "0, " "0, " "0, " "0, " "0, " "0, " "0, " "0, " "0, " "0, "0
 "Nei181, 0.062, " "-0.291, " "-0.416, " "-0.829, " "0.701, " "-0.793, " "0.647, " "-0.635, " "-0.629, " "0, " "0, " "0, " "0, " "0, " "0, " "0, " "0, " "0, " "0, " "0, " "0, " "0, " "0, " "0, " "0, " "0, " "0, " "0, " "0, " "0, " "0, " "0, " "0, " "0, " "0, " "0, " "0, " "0, " "0, " "0, " "0, " "0, " "0, " "0, " "0, " "0, " "0, " "0, " "0, " "0, " "0, " "0, " "0, " "0, " "0, " "0, " "0, " "0, " "0, " "0, " "0, " "0, " "0, " "0, " "0, " "0, " "0, " "0, " "0, " "0, " "0, " "0, " "0, " "0, " "0, " "0, " "0, " "0, " "0, " "0, " "0, " "0, " "0, " "0, " "0, " "0, " "0, " "0, " "0, " "0, " "0, " "0, " "0, " "0, " "0, " "0, " "0, " "0, " "0, " "0, " "0, " "0, " "0, " "0, " "0, " "0, " "0, " "0, " "0, " "0, " "0, " "0, " "0, " "0, " "0, " "0, " "0, " "0, " "0, " "0, " "0, " "0, " "0, " "0, " "0, " "0, " "0, " "0, " "0, " "0, " "0, " "0, " "0, " "0, " "0, " "0, " "0, " "0, " "0, " "0, " "0, " "0, " "0, " "0, " "0, " "0, " "0, " "0, " "0, " "0, " "0, " "0, " "0, " "0, " "0, " "0, " "0, " "0, " "0, " "0, " "0, " "0, " "0, " "0, " "0, " "0, " "0, " "0, " "0, " "0, " "0, " "0, " "0, " "0, " "0, " "0, " "0, " "0, " "0, " "0, " "0, " "0, " "0, " "1, " "1, " "1, " "1, " "1, " "1, " "1, " "0, " "1, " "1, " "1, " "1, " "1, " "1, " "1, " "0, " "0, " "0, " "0, " "0, " "0, " "0, " "0, " "0, " "0, " "0, " "0, " "0, " "0, " "0, " "0, " "0, " "0, " "0, " "0, " "0, " "0, " "0, " "0, " "0, " "0, " "0, " "0, " "0, " "0, " "0, " "0, " "0, " "0, " "0, " "0, " "0, " "0, " "0, " "0, " "0, " "0, " "0, " "0, " "0, " "0, " "0, " "0, " "0, " "0, " "0, " "0, " "0, " "0, " "0, " "0, " "0, " "0, " "0, " "0, " "0, " "0, " "0, " "0, " "0, " "0, " "0, " "0, "0
 "Nei182, 0.544, " "-0.035, " "-0.733, " "-0.311, " "0.171, " "-0.531, " "-0.336, " "0.298, " "0.401, " "0, " "0, " "0, " "0, " "0, " "0, " "0, " "0, " "0, " "0, " "0, " "0, " "0, " "0, " "0, " "0, " "0, " "0, " "0, " "0, " "0, " "0, " "0, " "0, " "0, " "0, " "0, " "0, " "0, " "0, " "0, " "0, " "0, " "0, " "0, " "0, " "0, " "0, " "0, " "0, " "0, " "0, " "0, " "0, " "0, " "0, " "0, " "0, " "0, " "0, " "0, " "0, " "0, " "0, " "0, " "0, " "0, " "0, " "0, " "0, " "0, " "0, " "0, " "0, " "0, " "0, " "0, " "0, " "0, " "0, " "0, " "0, " "0, " "0, " "0, " "0, " "0, " "0, " "0, " "0, " "0, " "0, " "0, " "0, " "0, " "0, " "0, " "0, " "0, " "0, " "0, " "0, " "0, " "0, " "0, " "0, " "0, " "0, " "0, " "0, " "0, " "0, " "0, " "0, " "0, " "0, " "0, " "0, " "0, " "0, " "0, " "0, " "0, " "0, " "0, " "0, " "0, " "0, " "0, " "0, " "0, " "0, " "0, " "0, " "0, " "0, " "0, " "0, " "0, " "0, " "0, " "0, " "0, " "0, " "0, " "0, " "0, " "0, " "0, " "0, " "0, " "0, " "0, " "0, " "0, " "0, " "0, " "0, " "0, " "0, " "0, " "0, " "0, " "0, " "0, " "0, " "0, " "0, " "0, " "0, " "0, " "0, " "0, " "0, " "0, " "0, " "0, " "0, " "0, " "0, " "0, " "0, " "0, " "0, " "0, " "1, " "1, " "1, " "1, " "1, " "1, " "1, " "0, " "1, " "1, " "1, " "1, " "1, " "1, " "1, " "0, " "0, " "0, " "0, " "0, " "0, " "0, " "0, " "0, " "0, " "0, " "0, " "0, " "0, " "0, " "0, " "0, " "0, " "0, " "0, " "0, " "0, " "0, " "0, " "0, " "0, " "0, " "0, " "0, " "0, " "0, " "0, " "0, " "0, " "0, " "0, " "0, " "0, " "0, " "0, " "0, " "0, " "0, " "0, " "0, " "0, " "0, " "0, " "0, " "0, " "0, " "0, " "0, " "0, " "0, " "0, " "0, " "0, " "0, " "0, " "0, " "0, " "0, " "0, " "0, " "0, " "0, "0
 "Nei183, 0.164, " "-0.904, " "0.574, " "-0.276, " "-0.276, " "-0.782, " "0.318, " "-0.249, " "0.934, " "0, " "0, " "0, " "0, " "0, " "0, " "0, " "0, " "0, " "0, " "0, " "0, " "0, " "0, " "0, " "0, " "0, " "0, " "0, " "0, " "0, " "0, " "0, " "0, " "0, " "0, " "0, " "0, " "0, " "0, " "0, " "0, " "0, " "0, " "0, " "0, " "0, " "0, " "0, " "0, " "0, " "0, " "0, " "0, " "0, " "0, " "0, " "0, " "0, " "0, " "0, " "0, " "0, " "0, " "0, " "0, " "0, " "0, " "0, " "0, " "0, " "0, " "0, " "0, " "0, " "0, " "0, " "0, " "0, " "0, " "0, " "0, " "0, " "0, " "0, " "0, " "0, " "0, " "0, " "0, " "0, " "0, " "0, " "0, " "0, " "0, " "0, " "0, " "0, " "0, " "0, " "0, " "0, " "0, " "0, " "0, " "0, " "0, " "0, " "0, " "0, " "0, " "0, " "0, " "0, " "0, " "0, " "0, " "0, " "0, " "0, " "0, " "0, " "0, " "0, " "0, " "0, " "0, " "0, " "0, " "0, " "0, " "0, " "0, " "0, " "0, " "0, " "0, " "0, " "0, " "0, " "0, " "0, " "0, " "0, " "0, " "0, " "0, " "0, " "0, " "0, " "0, " "0, " "0, " "0, " "0, " "0, " "0, " "0, " "0, " "0, " "0, " "0, " "0, " "0, " "0, " "0, " "0, " "0, " "0, " "0, " "0, " "0, " "0, " "0, " "0, " "0, " "0, " "0, " "0, " "0, " "0, " "0, " "0, " "0, " "0, " "1, " "1, " "1, " "1, " "1, " "1, " "1, " "0, " "1, " "1, " "1, " "1, " "1, " "1, " "1, " "0, " "0, " "0, " "0, " "0, " "0, " "0, " "0, " "0, " "0, " "0, " "0, " "0, " "0, " "0, " "0, " "0, " "0, " "0, " "0, " "0, " "0, " "0, " "0, " "0, " "0, " "0, " "0, " "0, " "0, " "0, " "0, " "0, " "0, " "0, " "0, " "0, " "0, " "0, " "0, " "0, " "0, " "0, " "0, " "0, " "0, " "0, " "0, " "0, " "0, " "0, " "0, " "0, " "0, " "0, " "0, " "0, " "0, " "0, " "0, " "0, " "0, " "0, " "0, " "0, " "0, "0
 "Nei184, 0.07, " "0.646, " "0.625, " "0.081, " "-0.854, " "0.558, " "-0.18, " "-0.424, " "0.508, " "0, " "0, " "0, " "0, " "0, " "0, " "0, " "0, " "0, " "0, " "0, " "0, " "0, " "0, " "0, " "0, " "0, " "0, " "0, " "0, " "0, " "0, " "0, " "0, " "0, " "0, " "0, " "0, " "0, " "0, " "0, " "0, " "0, " "0, " "0, " "0, " "0, " "0, " "0, " "0, " "0, " "0, " "0, " "0, " "0, " "0, " "0, " "0, " "0, " "0, " "0, " "0, " "0, " "0, " "0, " "0, " "0, " "0, " "0, " "0, " "0, " "0, " "0, " "0, " "0, " "0, " "0, " "0, " "0, " "0, " "0, " "0, " "0, " "0, " "0, " "0, " "0, " "0, " "0, " "0, " "0, " "0, " "0, " "0, " "0, " "0, " "0, " "0, " "0, " "0, " "0, " "0, " "0, " "0, " "0, " "0, " "0, " "0, " "0, " "0, " "0, " "0, " "0, " "0, " "0, " "0, " "0, " "0, " "0, " "0, " "0, " "0, " "0, " "0, " "0, " "0, " "0, " "0, " "0, " "0, " "0, " "0, " "0, " "0, " "0, " "0, " "0, " "0, " "0, " "0, " "0, " "0, " "0, " "0, " "0, " "0, " "0, " "0, " "0, " "0, " "0, " "0, " "0, " "0, " "0, " "0, " "0, " "0, " "0, " "0, " "0, " "0, " "0, " "0, " "0, " "0, " "0, " "0, " "0, " "0, " "0, " "0, " "0, " "0, " "0, " "0, " "0, " "0, " "0, " "0, " "0, " "0, " "0, " "0, " "0, " "0, " "0, " "1, " "1, " "1, " "1, " "1, " "1, " "1, " "0, " "1, " "1, " "1, " "1, " "1, " "1, " "1, " "0, " "0, " "0, " "0, " "0, " "0, " "0, " "0, " "0, " "0, " "0, " "0, " "0, " "0, " "0, " "0, " "0, " "0, " "0, " "0, " "0, " "0, " "0, " "0, " "0, " "0, " "0, " "0, " "0, " "0, " "0, " "0, " "0, " "0, " "0, " "0, " "0, " "0, " "0, " "0, " "0, " "0, " "0, " "0, " "0, " "0, " "0, " "0, " "0, " "0, " "0, " "0, " "0, " "0, " "0, " "0, " "0, " "0, " "0, " "0, " "0, " "0, " "0, " "0, " "0, "0
 "Nei185, 0.386, " "0.872, " "0.412, " "-0.446, " "-0.221, " "0.969, " "0.476, " "0.451, " "-0.782, " "0, " "0, " "0, " "0, " "0, " "0, " "0, " "0, " "0, " "0, " "0, " "0, " "0, " "0, " "0, " "0, " "0, " "0, " "0, " "0, " "0, " "0, " "0, " "0, " "0, " "0, " "0, " "0, " "0, " "0, " "0, " "0, " "0, " "0, " "0, " "0, " "0, " "0, " "0, " "0, " "0, " "0, " "0, " "0, " "0, " "0, " "0, " "0, " "0, " "0, " "0, " "0, " "0, " "0, " "0, " "0, " "0, " "0, " "0, " "0, " "0, " "0, " "0, " "0, " "0, " "0, " "0, " "0, " "0, " "0, " "0, " "0, " "0, " "0, " "0, " "0, " "0, " "0, " "0, " "0, " "0, " "0, " "0, " "0, " "0, " "0, " "0, " "0, " "0, " "0, " "0, " "0, " "0, " "0, " "0, " "0, " "0, " "0, " "0, " "0, " "0, " "0, " "0, " "0, " "0, " "0, " "0, " "0, " "0, " "0, " "0, " "0, " "0, " "0, " "0, " "0, " "0, " "0, " "0, " "0, " "0, " "0, " "0, " "0, " "0, " "0, " "0, " "0, " "0, " "0, " "0, " "0, " "0, " "0, " "0, " "0, " "0, " "0, " "0, " "0, " "0, " "0, " "0, " "0, " "0, " "0, " "0, " "0, " "0, " "0, " "0, " "0, " "0, " "0, " "0, " "0, " "0, " "0, " "0, " "0, " "0, " "0, " "0, " "0, " "0, " "0, " "0, " "0, " "0, " "0, " "0, " "0, " "0, " "0, " "0, " "0, " "0, " "0, " "1, " "1, " "1, " "1, " "1, " "1, " "1, " "0, " "1, " "1, " "1, " "1, " "1, " "1, " "1, " "0, " "0, " "0, " "0, " "0, " "0, " "0, " "0, " "0, " "0, " "0, " "0, " "0, " "0, " "0, " "0, " "0, " "0, " "0, " "0, " "0, " "0, " "0, " "0, " "0, " "0, " "0, " "0, " "0, " "0, " "0, " "0, " "0, " "0, " "0, " "0, " "0, " "0, " "0, " "0, " "0, " "0, " "0, " "0, " "0, " "0, " "0, " "0, " "0, " "0, " "0, " "0, " "0, " "0, " "0, " "0, " "0, " "0, " "0, " "0, " "0, " "0, " "0, " "0, "0
 "Nei186, 0.327, " "0.746, " "-0.001, " "0.373, " "0.575, " "-0.111, " "0.818, " "0.388, " "0.651, " "0, " "0, " "0, " "0, " "0, " "0, " "0, " "0, " "0, " "0, " "0, " "0, " "0, " "0, " "0, " "0, " "0, " "0, " "0, " "0, " "0, " "0, " "0, " "0, " "0, " "0, " "0, " "0, " "0, " "0, " "0, " "0, " "0, " "0, " "0, " "0, " "0, " "0, " "0, " "0, " "0, " "0, " "0, " "0, " "0, " "0, " "0, " "0, " "0, " "0, " "0, " "0, " "0, " "0, " "0, " "0, " "0, " "0, " "0, " "0, " "0, " "0, " "0, " "0, " "0, " "0, " "0, " "0, " "0, " "0, " "0, " "0, " "0, " "0, " "0, " "0, " "0, " "0, " "0, " "0, " "0, " "0, " "0, " "0, " "0, " "0, " "0, " "0, " "0, " "0, " "0, " "0, " "0, " "0, " "0, " "0, " "0, " "0, " "0, " "0, " "0, " "0, " "0, " "0, " "0, " "0, " "0, " "0, " "0, " "0, " "0, " "0, " "0, " "0, " "0, " "0, " "0, " "0, " "0, " "0, " "0, " "0, " "0, " "0, " "0, " "0, " "0, " "0, " "0, " "0, " "0, " "0, " "0, " "0, " "0, " "0, " "0, " "0, " "0, " "0, " "0, " "0, " "0, " "0, " "0, " "0, " "0, " "0, " "0, " "0, " "0, " "0, " "0, " "0, " "0, " "0, " "0, " "0, " "0, " "0, " "0, " "0, " "0, " "0, " "0, " "0, " "0, " "0, " "0, " "0, " "0, " "0, " "0, " "0, " "0, " "0, " "0, " "0, " "0, " "1, " "1, " "1, " "1, " "1, " "1, " "1, " "0, " "1, " "1, " "1, " "1, " "1, " "1, " "1, " "0, " "0, " "0, " "0, " "0, " "0, " "0, " "0, " "0, " "0, " "0, " "0, " "0, " "0, " "0, " "0, " "0, " "0, " "0, " "0, " "0, " "0, " "0, " "0, " "0, " "0, " "0, " "0, " "0, " "0, " "0, " "0, " "0, " "0, " "0, " "0, " "0, " "0, " "0, " "0, " "0, " "0, " "0, " "0, " "0, " "0, " "0, " "0, " "0, " "0, " "0, " "0, " "0, " "0, " "0, " "0, " "0, " "0, " "0, " "0, " "0, " "0, " "0, "0
 "Nei187, 0.217, " "-0.124, " "-0.932, " "-0.367, " "0.764, " "-0.933, " "0.476, " "0.079, " "-0.989, " "0, " "0, " "0, " "0, " "0, " "0, " "0, " "0, " "0, " "0, " "0, " "0, " "0, " "0, " "0, " "0, " "0, " "0, " "0, " "0, " "0, " "0, " "0, " "0, " "0, " "0, " "0, " "0, " "0, " "0, " "0, " "0, " "0, " "0, " "0, " "0, " "0, " "0, " "0, " "0, " "0, " "0, " "0, " "0, " "0, " "0, " "0, " "0, " "0, " "0, " "0, " "0, " "0, " "0, " "0, " "0, " "0, " "0, " "0, " "0, " "0, " "0, " "0, " "0, " "0, " "0, " "0, " "0, " "0, " "0, " "0, " "0, " "0, " "0, " "0, " "0, " "0, " "0, " "0, " "0, " "0, " "0, " "0, " "0, " "0, " "0, " "0, " "0, " "0, " "0, " "0, " "0, " "0, " "0, " "0, " "0, " "0, " "0, " "0, " "0, " "0, " "0, " "0, " "0, " "0, " "0, " "0, " "0, " "0, " "0, " "0, " "0, " "0, " "0, " "0, " "0, " "0, " "0, " "0, " "0, " "0, " "0, " "0, " "0, " "0, " "0, " "0, " "0, " "0, " "0, " "0, " "0, " "0, " "0, " "0, " "0, " "0, " "0, " "0, " "0, " "0, " "0, " "0, " "0, " "0, " "0, " "0, " "0, " "0, " "0, " "0, " "0, " "0, " "0, " "0, " "0, " "0, " "0, " "0, " "0, " "0, " "0, " "0, " "0, " "0, " "0, " "0, " "0, " "0, " "0, " "0, " "0, " "0, " "0, " "0, " "0, " "0, " "0, " "0, " "0, " "1, " "1, " "1, " "1, " "1, " "1, " "1, " "0, " "1, " "1, " "1, " "1, " "1, " "1, " "1, " "0, " "0, " "0, " "0, " "0, " "0, " "0, " "0, " "0, " "0, " "0, " "0, " "0, " "0, " "0, " "0, " "0, " "0, " "0, " "0, " "0, " "0, " "0, " "0, " "0, " "0, " "0, " "0, " "0, " "0, " "0, " "0, " "0, " "0, " "0, " "0, " "0, " "0, " "0, " "0, " "0, " "0, " "0, " "0, " "0, " "0, " "0, " "0, " "0, " "0, " "0, " "0, " "0, " "0, " "0, " "0, " "0, " "0, " "0, " "0, " "0, " "0, "0
 "Nei188, 0.272, " "0.768, " "0.519, " "-0.564, " "-0.821, " "0.42, " "0.032, " "0.533, " "-0.903, " "0, " "0, " "0, " "0, " "0, " "0, " "0, " "0, " "0, " "0, " "0, " "0, " "0, " "0, " "0, " "0, " "0, " "0, " "0, " "0, " "0, " "0, " "0, " "0, " "0, " "0, " "0, " "0, " "0, " "0, " "0, " "0, " "0, " "0, " "0, " "0, " "0, " "0, " "0, " "0, " "0, " "0, " "0, " "0, " "0, " "0, " "0, " "0, " "0, " "0, " "0, " "0, " "0, " "0, " "0, " "0, " "0, " "0, " "0, " "0, " "0, " "0, " "0, " "0, " "0, " "0, " "0, " "0, " "0, " "0, " "0, " "0, " "0, " "0, " "0, " "0, " "0, " "0, " "0, " "0, " "0, " "0, " "0, " "0, " "0, " "0, " "0, " "0, " "0, " "0, " "0, " "0, " "0, " "0, " "0, " "0, " "0, " "0, " "0, " "0, " "0, " "0, " "0, " "0, " "0, " "0, " "0, " "0, " "0, " "0, " "0, " "0, " "0, " "0, " "0, " "0, " "0, " "0, " "0, " "0, " "0, " "0, " "0, " "0, " "0, " "0, " "0, " "0, " "0, " "0, " "0, " "0, " "0, " "0, " "0, " "0, " "0, " "0, " "0, " "0, " "0, " "0, " "0, " "0, " "0, " "0, " "0, " "0, " "0, " "0, " "0, " "0, " "0, " "0, " "0, " "0, " "0, " "0, " "0, " "0, " "0, " "0, " "0, " "0, " "0, " "0, " "0, " "0, " "0, " "0, " "0, " "0, " "0, " "0, " "0, " "0, " "0, " "0, " "0, " "0, " "0, " "1, " "1, " "1, " "1, " "1, " "1, " "1, " "0, " "1, " "1, " "1, " "1, " "1, " "1, " "1, " "0, " "0, " "0, " "0, " "0, " "0, " "0, " "0, " "0, " "0, " "0, " "0, " "0, " "0, " "0, " "0, " "0, " "0, " "0, " "0, " "0, " "0, " "0, " "0, " "0, " "0, " "0, " "0, " "0, " "0, " "0, " "0, " "0, " "0, " "0, " "0, " "0, " "0, " "0, " "0, " "0, " "0, " "0, " "0, " "0, " "0, " "0, " "0, " "0, " "0, " "0, " "0, " "0, " "0, " "0, " "0, " "0, " "0, " "0, " "0, " "0, "0
 "Nei189, 0.47, " "-0.074, " "-0.724, " "0.478, " "0.668, " "0.543, " "-0.855, " "0.674, " "-0.925, " "0, " "0, " "0, " "0, " "0, " "0, " "0, " "0, " "0, " "0, " "0, " "0, " "0, " "0, " "0, " "0, " "0, " "0, " "0, " "0, " "0, " "0, " "0, " "0, " "0, " "0, " "0, " "0, " "0, " "0, " "0, " "0, " "0, " "0, " "0, " "0, " "0, " "0, " "0, " "0, " "0, " "0, " "0, " "0, " "0, " "0, " "0, " "0, " "0, " "0, " "0, " "0, " "0, " "0, " "0, " "0, " "0, " "0, " "0, " "0, " "0, " "0, " "0, " "0, " "0, " "0, " "0, " "0, " "0, " "0, " "0, " "0, " "0, " "0, " "0, " "0, " "0, " "0, " "0, " "0, " "0, " "0, " "0, " "0, " "0, " "0, " "0, " "0, " "0, " "0, " "0, " "0, " "0, " "0, " "0, " "0, " "0, " "0, " "0, " "0, " "0, " "0, " "0, " "0, " "0, " "0, " "0, " "0, " "0, " "0, " "0, " "0, " "0, " "0, " "0, " "0, " "0, " "0, " "0, " "0, " "0, " "0, " "0, " "0, " "0, " "0, " "0, " "0, " "0, " "0, " "0, " "0, " "0, " "0, " "0, " "0, " "0, " "0, " "0, " "0, " "0, " "0, " "0, " "0, " "0, " "0, " "0, " "0, " "0, " "0, " "0, " "0, " "0, " "0, " "0, " "0, " "0, " "0, " "0, " "0, " "0, " "0, " "0, " "0, " "0, " "0, " "0, " "0, " "0, " "0, " "0, " "0, " "0, " "0, " "0, " "0, " "0, " "0, " "0, " "0, " "0, " "0, " "1, " "1, " "1, " "1, " "1, " "1, " "1, " "0, " "1, " "1, " "1, " "1, " "1, " "1, " "1, " "0, " "0, " "0, " "0, " "0, " "0, " "0, " "0, " "0, " "0, " "0, " "0, " "0, " "0, " "0, " "0, " "0, " "0, " "0, " "0, " "0, " "0, " "0, " "0, " "0, " "0, " "0, " "0, " "0, " "0, " "0, " "0, " "0, " "0, " "0, " "0, " "0, " "0, " "0, " "0, " "0, " "0, " "0, " "0, " "0, " "0, " "0, " "0, " "0, " "0, " "0, " "0, " "0, " "0, " "0, " "0, " "0, " "0, " "0, " "0, "0
 "Nei190, 0.418, " "-0.756, " "0.862, " "0.416, " "0.501, " "-0.901, " "0.968, " "0.911, " "0.37, " "0, " "0, " "0, " "0, " "0, " "0, " "0, " "0, " "0, " "0, " "0, " "0, " "0, " "0, " "0, " "0, " "0, " "0, " "0, " "0, " "0, " "0, " "0, " "0, " "0, " "0, " "0, " "0, " "0, " "0, " "0, " "0, " "0, " "0, " "0, " "0, " "0, " "0, " "0, " "0, " "0, " "0, " "0, " "0, " "0, " "0, " "0, " "0, " "0, " "0, " "0, " "0, " "0, " "0, " "0, " "0, " "0, " "0, " "0, " "0, " "0, " "0, " "0, " "0, " "0, " "0, " "0, " "0, " "0, " "0, " "0, " "0, " "0, " "0, " "0, " "0, " "0, " "0, " "0, " "0, " "0, " "0, " "0, " "0, " "0, " "0, " "0, " "0, " "0, " "0, " "0, " "0, " "0, " "0, " "0, " "0, " "0, " "0, " "0, " "0, " "0, " "0, " "0, " "0, " "0, " "0, " "0, " "0, " "0, " "0, " "0, " "0, " "0, " "0, " "0, " "0, " "0, " "0, " "0, " "0, " "0, " "0, " "0, " "0, " "0, " "0, " "0, " "0, " "0, " "0, " "0, " "0, " "0, " "0, " "0, " "0, " "0, " "0, " "0, " "0, " "0, " "0, " "0, " "0, " "0, " "0, " "0, " "0, " "0, " "0, " "0, " "0, " "0, " "0, " "0, " "0, " "0, " "0, " "0, " "0, " "0, " "0, " "0, " "0, " "0, " "0, " "0, " "0, " "0, " "0, " "0, " "0, " "0, " "0, " "0, " "0, " "0, " "0, " "0, " "0, " "0, " "0, " "0, " "1, " "1, " "1, " "1, " "1, " "1, " "1, " "0, " "1, " "1, " "1, " "1, " "1, " "1, " "1, " "0, " "0, " "0, " "0, " "0, " "0, " "0, " "0, " "0, " "0, " "0, " "0, " "0, " "0, " "0, " "0, " "0, " "0, " "0, " "0, " "0, " "0, " "0, " "0, " "0, " "0, " "0, " "0, " "0, " "0, " "0, " "0, " "0, " "0, " "0, " "0, " "0, " "0, " "0, " "0, " "0, " "0, " "0, " "0, " "0, " "0, " "0, " "0, " "0, " "0, " "0, " "0, " "0, " "0, " "0, " "0, " "0, " "0, " "0, "0
 "Nei191, 0.522, " "-0.498, " "0.534, " "0.925, " "0.933, " "-0.553, " "0.62, " "-0.929, " "0.815, " "0, " "0, " "0, " "0, " "0, " "0, " "0, " "0, " "0, " "0, " "0, " "0, " "0, " "0, " "0, " "0, " "0, " "0, " "0, " "0, " "0, " "0, " "0, " "0, " "0, " "0, " "0, " "0, " "0, " "0, " "0, " "0, " "0, " "0, " "0, " "0, " "0, " "0, " "0, " "0, " "0, " "0, " "0, " "0, " "0, " "0, " "0, " "0, " "0, " "0, " "0, " "0, " "0, " "0, " "0, " "0, " "0, " "0, " "0, " "0, " "0, " "0, " "0, " "0, " "0, " "0, " "0, " "0, " "0, " "0, " "0, " "0, " "0, " "0, " "0, " "0, " "0, " "0, " "0, " "0, " "0, " "0, " "0, " "0, " "0, " "0, " "0, " "0, " "0, " "0, " "0, " "0, " "0, " "0, " "0, " "0, " "0, " "0, " "0, " "0, " "0, " "0, " "0, " "0, " "0, " "0, " "0, " "0, " "0, " "0, " "0, " "0, " "0, " "0, " "0, " "0, " "0, " "0, " "0, " "0, " "0, " "0, " "0, " "0, " "0, " "0, " "0, " "0, " "0, " "0, " "0, " "0, " "0, " "0, " "0, " "0, " "0, " "0, " "0, " "0, " "0, " "0, " "0, " "0, " "0, " "0, " "0, " "0, " "0, " "0, " "0, " "0, " "0, " "0, " "0, " "0, " "0, " "0, " "0, " "0, " "0, " "0, " "0, " "0, " "0, " "0, " "0, " "0, " "0, " "0, " "0, " "0, " "0, " "0, " "0, " "0, " "0, " "0, " "0, " "0, " "0, " "0, " "0, " "0, " "1, " "1, " "1, " "1, " "1, " "1, " "1, " "0, " "1, " "1, " "1, " "1, " "1, " "1, " "1, " "0, " "0, " "0, " "0, " "0, " "0, " "0, " "0, " "0, " "0, " "0, " "0, " "0, " "0, " "0, " "0, " "0, " "0, " "0, " "0, " "0, " "0, " "0, " "0, " "0, " "0, " "0, " "0, " "0, " "0, " "0, " "0, " "0, " "0, " "0, " "0, " "0, " "0, " "0, " "0, " "0, " "0, " "0, " "0, " "0, " "0, " "0, " "0, " "0, " "0, " "0, " "0, " "0, " "0, " "0, " "0, " "0, " "0, "0
 "Nei192, 0.004, " "-0.6, " "0.144, " "-0.496, " "0.922, " "0.887, " "-0.076, " "0.069, " "0.137, " "0, " "0, " "0, " "0, " "0, " "0, " "0, " "0, " "0, " "0, " "0, " "0, " "0, " "0, " "0, " "0, " "0, " "0, " "0, " "0, " "0, " "0, " "0, " "0, " "0, " "0, " "0, " "0, " "0, " "0, " "0, " "0, " "0, " "0, " "0, " "0, " "0, " "0, " "0, " "0, " "0, " "0, " "0, " "0, " "0, " "0, " "0, " "0, " "0, " "0, " "0, " "0, " "0, " "0, " "0, " "0, " "0, " "0, " "0, " "0, " "0, " "0, " "0, " "0, " "0, " "0, " "0, " "0, " "0, " "0, " "0, " "0, " "0, " "0, " "0, " "0, " "0, " "0, " "0, " "0, " "0, " "0, " "0, " "0, " "0, " "0, " "0, " "0, " "0, " "0, " "0, " "0, " "0, " "0, " "0, " "0, " "0, " "0, " "0, " "0, " "0, " "0, " "0, " "0, " "0, " "0, " "0, " "0, " "0, " "0, " "0, " "0, " "0, " "0, " "0, " "0, " "0, " "0, " "0, " "0, " "0, " "0, " "0, " "0, " "0, " "0, " "0, " "0, " "0, " "0, " "0, " "0, " "0, " "0, " "0, " "0, " "0, " "0, " "0, " "0, " "0, " "0, " "0, " "0, " "0, " "0, " "0, " "0, " "0, " "0, " "0, " "0, " "0, " "0, " "0, " "0, " "0, " "0, " "0, " "0, " "0, " "0, " "0, " "0, " "0, " "0, " "0, " "0, " "0, " "0, " "0, " "0, " "0, " "0, " "0, " "0, " "0, " "0, " "0, " "0, " "0, " "0, " "0, " "0, " "0, " "1, " "1, " "1, " "1, " "1, " "1, " "1, " "0, " "1, " "1, " "1, " "1, " "1, " "1, " "1, " "0, " "0, " "0, " "0, " "0, " "0, " "0, " "0, " "0, " "0, " "0, " "0, " "0, " "0, " "0, " "0, " "0, " "0, " "0, " "0, " "0, " "0, " "0, " "0, " "0, " "0, " "0, " "0, " "0, " "0, " "0, " "0, " "0, " "0, " "0, " "0, " "0, " "0, " "0, " "0, " "0, " "0, " "0, " "0, " "0, " "0, " "0, " "0, " "0, " "0, " "0, " "0, " "0, " "0, " "0, " "0, " "0, "0
 "Nei193, 0.322, " "0.921, " "0.237, " "-0.112, " "0.042, " "-0.889, " "0.707, " "-0.968, " "0.228, " "0, " "0, " "0, " "0, " "0, " "0, " "0, " "0, " "0, " "0, " "0, " "0, " "0, " "0, " "0, " "0, " "0, " "0, " "0, " "0, " "0, " "0, " "0, " "0, " "0, " "0, " "0, " "0, " "0, " "0, " "0, " "0, " "0, " "0, " "0, " "0, " "0, " "0, " "0, " "0, " "0, " "0, " "0, " "0, " "0, " "0, " "0, " "0, " "0, " "0, " "0, " "0, " "0, " "0, " "0, " "0, " "0, " "0, " "0, " "0, " "0, " "0, " "0, " "0, " "0, " "0, " "0, " "0, " "0, " "0, " "0, " "0, " "0, " "0, " "0, " "0, " "0, " "0, " "0, " "0, " "0, " "0, " "0, " "0, " "0, " "0, " "0, " "0, " "0, " "0, " "0, " "0, " "0, " "0, " "0, " "0, " "0, " "0, " "0, " "0, " "0, " "0, " "0, " "0, " "0, " "0, " "0, " "0, " "0, " "0, " "0, " "0, " "0, " "0, " "0, " "0, " "0, " "0, " "0, " "0, " "0, " "0, " "0, " "0, " "0, " "0, " "0, " "0, " "0, " "0, " "0, " "0, " "0, " "0, " "0, " "0, " "0, " "0, " "0, " "0, " "0, " "0, " "0, " "0, " "0, " "0, " "0, " "0, " "0, " "0, " "0, " "0, " "0, " "0, " "0, " "0, " "0, " "0, " "0, " "0, " "0, " "0, " "0, " "0, " "0, " "0, " "0, " "0, " "0, " "0, " "0, " "0, " "0, " "0, " "0, " "0, " "0, " "0, " "0, " "0, " "0, " "0, " "0, " "0, " "0, " "0, " "1, " "1, " "1, " "1, " "1, " "1, " "1, " "0, " "1, " "1, " "1, " "1, " "1, " "1, " "1, " "0, " "0, " "0, " "0, " "0, " "0, " "0, " "0, " "0, " "0, " "0, " "0, " "0, " "0, " "0, " "0, " "0, " "0, " "0, " "0, " "0, " "0, " "0, " "0, " "0, " "0, " "0, " "0, " "0, " "0, " "0, " "0, " "0, " "0, " "0, " "0, " "0, " "0, " "0, " "0, " "0, " "0, " "0, " "0, " "0, " "0, " "0, " "0, " "0, " "0, " "0, " "0, " "0, " "0, " "0, " "0, "0
 "Nei194, 0.46, " "-0.692, " "-0.813, " "1, " "-0.59, " "-0.493, " "-0.764, " "-0.698, " "-0.134, " "0, " "0, " "0, " "0, " "0, " "0, " "0, " "0, " "0, " "0, " "0, " "0, " "0, " "0, " "0, " "0, " "0, " "0, " "0, " "0, " "0, " "0, " "0, " "0, " "0, " "0, " "0, " "0, " "0, " "0, " "0, " "0, " "0, " "0, " "0, " "0, " "0, " "0, " "0, " "0, " "0, " "0, " "0, " "0, " "0, " "0, " "0, " "0, " "0, " "0, " "0, " "0, " "0, " "0, " "0, " "0, " "0, " "0, " "0, " "0, " "0, " "0, " "0, " "0, " "0, " "0, " "0, " "0, " "0, " "0, " "0, " "0, " "0, " "0, " "0, " "0, " "0, " "0, " "0, " "0, " "0, " "0, " "0, " "0, " "0, " "0, " "0, " "0, " "0, " "0, " "0, " "0, " "0, " "0, " "0, " "0, " "0, " "0, " "0, " "0, " "0, " "0, " "0, " "0, " "0, " "0, " "0, " "0, " "0, " "0, " "0, " "0, " "0, " "0, " "0, " "0, " "0, " "0, " "0, " "0, " "0, " "0, " "0, " "0, " "0, " "0, " "0, " "0, " "0, " "0, " "0, " "0, " "0, " "0, " "0, " "0, " "0, " "0, " "0, " "0, " "0, " "0, " "0, " "0, " "0, " "0, " "0, " "0, " "0, " "0, " "0, " "0, " "0, " "0, " "0, " "0, " "0, " "0, " "0, " "0, " "0, " "0, " "0, " "0, " "0, " "0, " "0, " "0, " "0, " "0, " "0, " "0, " "0, " "0, " "0, " "0, " "0, " "0, " "0, " "0, " "0, " "0, " "0, " "0, " "0, " "0, " "0, " "1, " "1, " "1, " "1, " "1, " "1, " "1, " "0, " "1, " "1, " "1, " "1, " "1, " "1, " "1, " "0, " "0, " "0, " "0, " "0, " "0, " "0, " "0, " "0, " "0, " "0, " "0, " "0, " "0, " "0, " "0, " "0, " "0, " "0, " "0, " "0, " "0, " "0, " "0, " "0, " "0, " "0, " "0, " "0, " "0, " "0, " "0, " "0, " "0, " "0, " "0, " "0, " "0, " "0, " "0, " "0, " "0, " "0, " "0, " "0, " "0, " "0, " "0, " "0, " "0, " "0, " "0, " "0, " "0, " "0, "0
 "Nei195, 0.434, " "-0.799, " "0.895, " "0.112, " "0.539, " "0.461, " "-0.148, " "0.739, " "-0.863, " "0, " "0, " "0, " "0, " "0, " "0, " "0, " "0, " "0, " "0, " "0, " "0, " "0, " "0, " "0, " "0, " "0, " "0, " "0, " "0, " "0, " "0, " "0, " "0, " "0, " "0, " "0, " "0, " "0, " "0, " "0, " "0, " "0, " "0, " "0, " "0, " "0, " "0, " "0, " "0, " "0, " "0, " "0, " "0, " "0, " "0, " "0, " "0, " "0, " "0, " "0, " "0, " "0, " "0, " "0, " "0, " "0, " "0, " "0, " "0, " "0, " "0, " "0, " "0, " "0, " "0, " "0, " "0, " "0, " "0, " "0, " "0, " "0, " "0, " "0, " "0, " "0, " "0, " "0, " "0, " "0, " "0, " "0, " "0, " "0, " "0, " "0, " "0, " "0, " "0, " "0, " "0, " "0, " "0, " "0, " "0, " "0, " "0, " "0, " "0, " "0, " "0, " "0, " "0, " "0, " "0, " "0, " "0, " "0, " "0, " "0, " "0, " "0, " "0, " "0, " "0, " "0, " "0, " "0, " "0, " "0, " "0, " "0, " "0, " "0, " "0, " "0, " "0, " "0, " "0, " "0, " "0, " "0, " "0, " "0, " "0, " "0, " "0, " "0, " "0, " "0, " "0, " "0, " "0, " "0, " "0, " "0, " "0, " "0, " "0, " "0, " "0, " "0, " "0, " "0, " "0, " "0, " "0, " "0, " "0, " "0, " "0, " "0, " "0, " "0, " "0, " "0, " "0, " "0, " "0, " "0, " "0, " "0, " "0, " "0, " "0, " "0, " "0, " "0, " "0, " "0, " "0, " "0, " "0, " "0, " "0, " "0, " "0, " "1, " "1, " "1, " "1, " "1, " "1, " "1, " "0, " "1, " "1, " "1, " "1, " "1, " "1, " "1, " "0, " "0, " "0, " "0, " "0, " "0, " "0, " "0, " "0, " "0, " "0, " "0, " "0, " "0, " "0, " "0, " "0, " "0, " "0, " "0, " "0, " "0, " "0, " "0, " "0, " "0, " "0, " "0, " "0, " "0, " "0, " "0, " "0, " "0, " "0, " "0, " "0, " "0, " "0, " "0, " "0, " "0, " "0, " "0, " "0, " "0, " "0, " "0, " "0, " "0, " "0, " "0, " "0, " "0, "0
 "Nei196, 0.227, " "0.969, " "-0.707, " "0.88, " "0.469, " "-0.332, " "-0.961, " "-0.951, " "0.638, " "0, " "0, " "0, " "0, " "0, " "0, " "0, " "0, " "0, " "0, " "0, " "0, " "0, " "0, " "0, " "0, " "0, " "0, " "0, " "0, " "0, " "0, " "0, " "0, " "0, " "0, " "0, " "0, " "0, " "0, " "0, " "0, " "0, " "0, " "0, " "0, " "0, " "0, " "0, " "0, " "0, " "0, " "0, " "0, " "0, " "0, " "0, " "0, " "0, " "0, " "0, " "0, " "0, " "0, " "0, " "0, " "0, " "0, " "0, " "0, " "0, " "0, " "0, " "0, " "0, " "0, " "0, " "0, " "0, " "0, " "0, " "0, " "0, " "0, " "0, " "0, " "0, " "0, " "0, " "0, " "0, " "0, " "0, " "0, " "0, " "0, " "0, " "0, " "0, " "0, " "0, " "0, " "0, " "0, " "0, " "0, " "0, " "0, " "0, " "0, " "0, " "0, " "0, " "0, " "0, " "0, " "0, " "0, " "0, " "0, " "0, " "0, " "0, " "0, " "0, " "0, " "0, " "0, " "0, " "0, " "0, " "0, " "0, " "0, " "0, " "0, " "0, " "0, " "0, " "0, " "0, " "0, " "0, " "0, " "0, " "0, " "0, " "0, " "0, " "0, " "0, " "0, " "0, " "0, " "0, " "0, " "0, " "0, " "0, " "0, " "0, " "0, " "0, " "0, " "0, " "0, " "0, " "0, " "0, " "0, " "0, " "0, " "0, " "0, " "0, " "0, " "0, " "0, " "0, " "0, " "0, " "0, " "0, " "0, " "0, " "0, " "0, " "0, " "0, " "0, " "0, " "0, " "0, " "0, " "0, " "0, " "0, " "0, " "0, " "1, " "1, " "1, " "1, " "1, " "1, " "1, " "0, " "1, " "1, " "1, " "1, " "1, " "1, " "1, " "0, " "0, " "0, " "0, " "0, " "0, " "0, " "0, " "0, " "0, " "0, " "0, " "0, " "0, " "0, " "0, " "0, " "0, " "0, " "0, " "0, " "0, " "0, " "0, " "0, " "0, " "0, " "0, " "0, " "0, " "0, " "0, " "0, " "0, " "0, " "0, " "0, " "0, " "0, " "0, " "0, " "0, " "0, " "0, " "0, " "0, " "0, " "0, " "0, " "0, " "0, " "0, " "0, "0
 "Nei197, 0.38, " "-0.814, " "-0.449, " "0.827, " "-0.847, " "-0.077, " "-0.749, " "0.502, " "-0.602, " "0, " "0, " "0, " "0, " "0, " "0, " "0, " "0, " "0, " "0, " "0, " "0, " "0, " "0, " "0, " "0, " "0, " "0, " "0, " "0, " "0, " "0, " "0, " "0, " "0, " "0, " "0, " "0, " "0, " "0, " "0, " "0, " "0, " "0, " "0, " "0, " "0, " "0, " "0, " "0, " "0, " "0, " "0, " "0, " "0, " "0, " "0, " "0, " "0, " "0, " "0, " "0, " "0, " "0, " "0, " "0, " "0, " "0, " "0, " "0, " "0, " "0, " "0, " "0, " "0, " "0, " "0, " "0, " "0, " "0, " "0, " "0, " "0, " "0, " "0, " "0, " "0, " "0, " "0, " "0, " "0, " "0, " "0, " "0, " "0, " "0, " "0, " "0, " "0, " "0, " "0, " "0, " "0, " "0, " "0, " "0, " "0, " "0, " "0, " "0, " "0, " "0, " "0, " "0, " "0, " "0, " "0, " "0, " "0, " "0, " "0, " "0, " "0, " "0, " "0, " "0, " "0, " "0, " "0, " "0, " "0, " "0, " "0, " "0, " "0, " "0, " "0, " "0, " "0, " "0, " "0, " "0, " "0, " "0, " "0, " "0, " "0, " "0, " "0, " "0, " "0, " "0, " "0, " "0, " "0, " "0, " "0, " "0, " "0, " "0, " "0, " "0, " "0, " "0, " "0, " "0, " "0, " "0, " "0, " "0, " "0, " "0, " "0, " "0, " "0, " "0, " "0, " "0, " "0, " "0, " "0, " "0, " "0, " "0, " "0, " "0, " "0, " "0, " "0, " "0, " "0, " "0, " "0, " "0, " "0, " "0, " "0, " "0, " "0, " "0, " "1, " "1, " "1, " "1, " "1, " "1, " "1, " "0, " "1, " "1, " "1, " "1, " "1, " "1, " "1, " "0, " "0, " "0, " "0, " "0, " "0, " "0, " "0, " "0, " "0, " "0, " "0, " "0, " "0, " "0, " "0, " "0, " "0, " "0, " "0, " "0, " "0, " "0, " "0, " "0, " "0, " "0, " "0, " "0, " "0, " "0, " "0, " "0, " "0, " "0, " "0, " "0, " "0, " "0, " "0, " "0, " "0, " "0, " "0, " "0, " "0, " "0, " "0, " "0, " "0, " "0, " "0, "0
 "Nei198, 0.339, " "-0.726, " "-0.872, " "-0.255, " "-0.235, " "0.475, " "-0.537, " "-0.103, " "0.288, " "0, " "0, " "0, " "0, " "0, " "0, " "0, " "0, " "0, " "0, " "0, " "0, " "0, " "0, " "0, " "0, " "0, " "0, " "0, " "0, " "0, " "0, " "0, " "0, " "0, " "0, " "0, " "0, " "0, " "0, " "0, " "0, " "0, " "0, " "0, " "0, " "0, " "0, " "0, " "0, " "0, " "0, " "0, " "0, " "0, " "0, " "0, " "0, " "0, " "0, " "0, " "0, " "0, " "0, " "0, " "0, " "0, " "0, " "0, " "0, " "0, " "0, " "0, " "0, " "0, " "0, " "0, " "0, " "0, " "0, " "0, " "0, " "0, " "0, " "0, " "0, " "0, " "0, " "0, " "0, " "0, " "0, " "0, " "0, " "0, " "0, " "0, " "0, " "0, " "0, " "0, " "0, " "0, " "0, " "0, " "0, " "0, " "0, " "0, " "0, " "0, " "0, " "0, " "0, " "0, " "0, " "0, " "0, " "0, " "0, " "0, " "0, " "0, " "0, " "0, " "0, " "0, " "0, " "0, " "0, " "0, " "0, " "0, " "0, " "0, " "0, " "0, " "0, " "0, " "0, " "0, " "0, " "0, " "0, " "0, " "0, " "0, " "0, " "0, " "0, " "0, " "0, " "0, " "0, " "0, " "0, " "0, " "0, " "0, " "0, " "0, " "0, " "0, " "0, " "0, " "0, " "0, " "0, " "0, " "0, " "0, " "0, " "0, " "0, " "0, " "0, " "0, " "0, " "0, " "0, " "0, " "0, " "0, " "0, " "0, " "0, " "0, " "0, " "0, " "0, " "0, " "0, " "0, " "0, " "0, " "0, " "0, " "0, " "0, " "0, " "0, " "1, " "1, " "1, " "1, " "1, " "1, " "1, " "0, " "1, " "1, " "1, " "1, " "1, " "1, " "1, " "0, " "0, " "0, " "0, " "0, " "0, " "0, " "0, " "0, " "0, " "0, " "0, " "0, " "0, " "0, " "0, " "0, " "0, " "0, " "0, " "0, " "0, " "0, " "0, " "0, " "0, " "0, " "0, " "0, " "0, " "0, " "0, " "0, " "0, " "0, " "0, " "0, " "0, " "0, " "0, " "0, " "0, " "0, " "0, " "0, " "0, " "0, " "0, " "0, " "0, " "0, "0
 "Nei199, 0.075, " "0.174, " "-0.141, " "0.067, " "0.222, " "0.209, " "-0.497, " "-0.884, " "0.907, " "0, " "0, " "0, " "0, " "0, " "0, " "0, " "0, " "0, " "0, " "0, " "0, " "0, " "0, " "0, " "0, " "0, " "0, " "0, " "0, " "0, " "0, " "0, " "0, " "0, " "0, " "0, " "0, " "0, " "0, " "0, " "0, " "0, " "0, " "0, " "0, " "0, " "0, " "0, " "0, " "0, " "0, " "0, " "0, " "0, " "0, " "0, " "0, " "0, " "0, " "0, " "0, " "0, " "0, " "0, " "0, " "0, " "0, " "0, " "0, " "0, " "0, " "0, " "0, " "0, " "0, " "0, " "0, " "0, " "0, " "0, " "0, " "0, " "0, " "0, " "0, " "0, " "0, " "0, " "0, " "0, " "0, " "0, " "0, " "0, " "0, " "0, " "0, " "0, " "0, " "0, " "0, " "0, " "0, " "0, " "0, " "0, " "0, " "0, " "0, " "0, " "0, " "0, " "0, " "0, " "0, " "0, " "0, " "0, " "0, " "0, " "0, " "0, " "0, " "0, " "0, " "0, " "0, " "0, " "0, " "0, " "0, " "0, " "0, " "0, " "0, " "0, " "0, " "0, " "0, " "0, " "0, " "0, " "0, " "0, " "0, " "0, " "0, " "0, " "0, " "0, " "0, " "0, " "0, " "0, " "0, " "0, " "0, " "0, " "0, " "0, " "0, " "0, " "0, " "0, " "0, " "0, " "0, " "0, " "0, " "0, " "0, " "0, " "0, " "0, " "0, " "0, " "0, " "0, " "0, " "0, " "0, " "0, " "0, " "0, " "0, " "0, " "0, " "0, " "0, " "0, " "0, " "0, " "0, " "0, " "0, " "0, " "0, " "0, " "0, " "0, " "0, " "1, " "1, " "1, " "1, " "1, " "1, " "1, " "0, " "1, " "1, " "1, " "1, " "1, " "1, " "1, " "0, " "0, " "0, " "0, " "0, " "0, " "0, " "0, " "0, " "0, " "0, " "0, " "0, " "0, " "0, " "0, " "0, " "0, " "0, " "0, " "0, " "0, " "0, " "0, " "0, " "0, " "0, " "0, " "0, " "0, " "0, " "0, " "0, " "0, " "0, " "0, " "0, " "0, " "0, " "0, " "0, " "0, " "0, " "0, " "0, " "0, " "0, " "0, " "0, " "0, "0
 "Nei200, 0.342, " "0.777, " "0.46, " "0.963, " "0.399, " "0.506, " "-0.763, " "0.443, " "-0.361, " "0, " "0, " "0, " "0, " "0, " "0, " "0, " "0, " "0, " "0, " "0, " "0, " "0, " "0, " "0, " "0, " "0, " "0, " "0, " "0, " "0, " "0, " "0, " "0, " "0, " "0, " "0, " "0, " "0, " "0, " "0, " "0, " "0, " "0, " "0, " "0, " "0, " "0, " "0, " "0, " "0, " "0, " "0, " "0, " "0, " "0, " "0, " "0, " "0, " "0, " "0, " "0, " "0, " "0, " "0, " "0, " "0, " "0, " "0, " "0, " "0, " "0, " "0, " "0, " "0, " "0, " "0, " "0, " "0, " "0, " "0, " "0, " "0, " "0, " "0, " "0, " "0, " "0, " "0, " "0, " "0, " "0, " "0, " "0, " "0, " "0, " "0, " "0, " "0, " "0, " "0, " "0, " "0, " "0, " "0, " "0, " "0, " "0, " "0, " "0, " "0, " "0, " "0, " "0, " "0, " "0, " "0, " "0, " "0, " "0, " "0, " "0, " "0, " "0, " "0, " "0, " "0, " "0, " "0, " "0, " "0, " "0, " "0, " "0, " "0, " "0, " "0, " "0, " "0, " "0, " "0, " "0, " "0, " "0, " "0, " "0, " "0, " "0, " "0, " "0, " "0, " "0, " "0, " "0, " "0, " "0, " "0, " "0, " "0, " "0, " "0, " "0, " "0, " "0, " "0, " "0, " "0, " "0, " "0, " "0, " "0, " "0, " "0, " "0, " "0, " "0, " "0, " "0, " "0, " "0, " "0, " "0, " "0, " "0, " "0, " "0, " "0, " "0, " "0, " "0, " "0, " "0, " "0, " "0, " "0, " "0, " "0, " "0, " "0, " "0, " "0, " "0, " "0, " "1, " "1, " "1, " "1, " "1, " "1, " "1, " "0, " "1, " "1, " "1, " "1, " "1, " "1, " "1, " "0, " "0, " "0, " "0, " "0, " "0, " "0, " "0, " "0, " "0, " "0, " "0, " "0, " "0, " "0, " "0, " "0, " "0, " "0, " "0, " "0, " "0, " "0, " "0, " "0, " "0, " "0, " "0, " "0, " "0, " "0, " "0, " "0, " "0, " "0, " "0, " "0, " "0, " "0, " "0, " "0, " "0, " "0, " "0, " "0, " "0, " "0, " "0, " "0, "0
 "Nei201, 0.476, " "0.471, " "-0.93, " "-0.606, " "-0.568, " "0.638, " "0.178, " "0.66, " "0.616, " "0, " "0, " "0, " "0, " "0, " "0, " "0, " "0, " "0, " "0, " "0, " "0, " "0, " "0, " "0, " "0, " "0, " "0, " "0, " "0, " "0, " "0, " "0, " "0, " "0, " "0, " "0, " "0, " "0, " "0, " "0, " "0, " "0, " "0, " "0, " "0, " "0, " "0, " "0, " "0, " "0, " "0, " "0, " "0, " "0, " "0, " "0, " "0, " "0, " "0, " "0, " "0, " "0, " "0, " "0, " "0, " "0, " "0, " "0, " "0, " "0, " "0, " "0, " "0, " "0, " "0, " "0, " "0, " "0, " "0, " "0, " "0, " "0, " "0, " "0, " "0, " "0, " "0, " "0, " "0, " "0, " "0, " "0, " "0, " "0, " "0, " "0, " "0, " "0, " "0, " "0, " "0, " "0, " "0, " "0, " "0, " "0, " "0, " "0, " "0, " "0, " "0, " "0, " "0, " "0, " "0, " "0, " "0, " "0, " "0, " "0, " "0, " "0, " "0, " "0, " "0, " "0, " "0, " "0, " "0, " "0, " "0, " "0, " "0, " "0, " "0, " "0, " "0, " "0, " "0, " "0, " "0, " "0, " "0, " "0, " "0, " "0, " "0, " "0, " "0, " "0, " "0, " "0, " "0, " "0, " "0, " "0, " "0, " "0, " "0, " "0, " "0, " "0, " "0, " "0, " "0, " "0, " "0, " "0, " "0, " "0, " "0, " "0, " "0, " "0, " "0, " "0, " "0, " "0, " "0, " "0, " "0, " "0, " "0, " "0, " "0, " "0, " "0, " "0, " "0, " "0, " "0, " "0, " "0, " "0, " "0, " "0, " "0, " "0, " "0, " "0, " "0, " "0, " "0, " "1, " "1, " "1, " "1, " "1, " "1, " "1, " "0, " "1, " "1, " "1, " "1, " "1, " "1, " "1, " "0, " "0, " "0, " "0, " "0, " "0, " "0, " "0, " "0, " "0, " "0, " "0, " "0, " "0, " "0, " "0, " "0, " "0, " "0, " "0, " "0, " "0, " "0, " "0, " "0, " "0, " "0, " "0, " "0, " "0, " "0, " "0, " "0, " "0, " "0, " "0, " "0, " "0, " "0, " "0, " "0, " "0, " "0, " "0, " "0, " "0, " "0, " "0, "0
 "Nei202, 0.321, " "-0.471, " "0.561, " "-0.627, " "-0.556, " "0.398, " "0.141, " "-0.114, " "-0.638, " "0, " "0, " "0, " "0, " "0, " "0, " "0, " "0, " "0, " "0, " "0, " "0, " "0, " "0, " "0, " "0, " "0, " "0, " "0, " "0, " "0, " "0, " "0, " "0, " "0, " "0, " "0, " "0, " "0, " "0, " "0, " "0, " "0, " "0, " "0, " "0, " "0, " "0, " "0, " "0, " "0, " "0, " "0, " "0, " "0, " "0, " "0, " "0, " "0, " "0, " "0, " "0, " "0, " "0, " "0, " "0, " "0, " "0, " "0, " "0, " "0, " "0, " "0, " "0, " "0, " "0, " "0, " "0, " "0, " "0, " "0, " "0, " "0, " "0, " "0, " "0, " "0, " "0, " "0, " "0, " "0, " "0, " "0, " "0, " "0, " "0, " "0, " "0, " "0, " "0, " "0, " "0, " "0, " "0, " "0, " "0, " "0, " "0, " "0, " "0, " "0, " "0, " "0, " "0, " "0, " "0, " "0, " "0, " "0, " "0, " "0, " "0, " "0, " "0, " "0, " "0, " "0, " "0, " "0, " "0, " "0, " "0, " "0, " "0, " "0, " "0, " "0, " "0, " "0, " "0, " "0, " "0, " "0, " "0, " "0, " "0, " "0, " "0, " "0, " "0, " "0, " "0, " "0, " "0, " "0, " "0, " "0, " "0, " "0, " "0, " "0, " "0, " "0, " "0, " "0, " "0, " "0, " "0, " "0, " "0, " "0, " "0, " "0, " "0, " "0, " "0, " "0, " "0, " "0, " "0, " "0, " "0, " "0, " "0, " "0, " "0, " "0, " "0, " "0, " "0, " "0, " "0, " "0, " "0, " "0, " "0, " "0, " "0, " "0, " "0, " "0, " "0, " "0, " "0, " "0, " "1, " "1, " "1, " "1, " "1, " "1, " "1, " "0, " "1, " "1, " "1, " "1, " "1, " "1, " "1, " "0, " "0, " "0, " "0, " "0, " "0, " "0, " "0, " "0, " "0, " "0, " "0, " "0, " "0, " "0, " "0, " "0, " "0, " "0, " "0, " "0, " "0, " "0, " "0, " "0, " "0, " "0, " "0, " "0, " "0, " "0, " "0, " "0, " "0, " "0, " "0, " "0, " "0, " "0, " "0, " "0, " "0, " "0, " "0, " "0, " "0, " "0, "0
 "Nei203, 0.48, " "0.707, " "-0.363, " "-0.968, " "-0.289, " "-0.468, " "-0.984, " "0.068, " "0.23, " "0, " "0, " "0, " "0, " "0, " "0, " "0, " "0, " "0, " "0, " "0, " "0, " "0, " "0, " "0, " "0, " "0, " "0, " "0, " "0, " "0, " "0, " "0, " "0, " "0, " "0, " "0, " "0, " "0, " "0, " "0, " "0, " "0, " "0, " "0, " "0, " "0, " "0, " "0, " "0, " "0, " "0, " "0, " "0, " "0, " "0, " "0, " "0, " "0, " "0, " "0, " "0, " "0, " "0, " "0, " "0, " "0, " "0, " "0, " "0, " "0, " "0, " "0, " "0, " "0, " "0, " "0, " "0, " "0, " "0, " "0, " "0, " "0, " "0, " "0, " "0, " "0, " "0, " "0, " "0, " "0, " "0, " "0, " "0, " "0, " "0, " "0, " "0, " "0, " "0, " "0, " "0, " "0, " "0, " "0, " "0, " "0, " "0, " "0, " "0, " "0, " "0, " "0, " "0, " "0, " "0, " "0, " "0, " "0, " "0, " "0, " "0, " "0, " "0, " "0, " "0, " "0, " "0, " "0, " "0, " "0, " "0, " "0, " "0, " "0, " "0, " "0, " "0, " "0, " "0, " "0, " "0, " "0, " "0, " "0, " "0, " "0, " "0, " "0, " "0, " "0, " "0, " "0, " "0, " "0, " "0, " "0, " "0, " "0, " "0, " "0, " "0, " "0, " "0, " "0, " "0, " "0, " "0, " "0, " "0, " "0, " "0, " "0, " "0, " "0, " "0, " "0, " "0, " "0, " "0, " "0, " "0, " "0, " "0, " "0, " "0, " "0, " "0, " "0, " "0, " "0, " "0, " "0, " "0, " "0, " "0, " "0, " "0, " "0, " "0, " "0, " "0, " "0, " "0, " "0, " "0, " "1, " "1, " "1, " "1, " "1, " "1, " "1, " "0, " "1, " "1, " "1, " "1, " "1, " "1, " "1, " "0, " "0, " "0, " "0, " "0, " "0, " "0, " "0, " "0, " "0, " "0, " "0, " "0, " "0, " "0, " "0, " "0, " "0, " "0, " "0, " "0, " "0, " "0, " "0, " "0, " "0, " "0, " "0, " "0, " "0, " "0, " "0, " "0, " "0, " "0, " "0, " "0, " "0, " "0, " "0, " "0, " "0, " "0, " "0, " "0, " "0, "0
 "Nei204, 0.125, " "0.976, " "-0.51, " "0.926, " "0.949, " "0.379, " "-0.102, " "-0.711, " "0.841, " "0, " "0, " "0, " "0, " "0, " "0, " "0, " "0, " "0, " "0, " "0, " "0, " "0, " "0, " "0, " "0, " "0, " "0, " "0, " "0, " "0, " "0, " "0, " "0, " "0, " "0, " "0, " "0, " "0, " "0, " "0, " "0, " "0, " "0, " "0, " "0, " "0, " "0, " "0, " "0, " "0, " "0, " "0, " "0, " "0, " "0, " "0, " "0, " "0, " "0, " "0, " "0, " "0, " "0, " "0, " "0, " "0, " "0, " "0, " "0, " "0, " "0, " "0, " "0, " "0, " "0, " "0, " "0, " "0, " "0, " "0, " "0, " "0, " "0, " "0, " "0, " "0, " "0, " "0, " "0, " "0, " "0, " "0, " "0, " "0, " "0, " "0, " "0, " "0, " "0, " "0, " "0, " "0, " "0, " "0, " "0, " "0, " "0, " "0, " "0, " "0, " "0, " "0, " "0, " "0, " "0, " "0, " "0, " "0, " "0, " "0, " "0, " "0, " "0, " "0, " "0, " "0, " "0, " "0, " "0, " "0, " "0, " "0, " "0, " "0, " "0, " "0, " "0, " "0, " "0, " "0, " "0, " "0, " "0, " "0, " "0, " "0, " "0, " "0, " "0, " "0, " "0, " "0, " "0, " "0, " "0, " "0, " "0, " "0, " "0, " "0, " "0, " "0, " "0, " "0, " "0, " "0, " "0, " "0, " "0, " "0, " "0, " "0, " "0, " "0, " "0, " "0, " "0, " "0, " "0, " "0, " "0, " "0, " "0, " "0, " "0, " "0, " "0, " "0, " "0, " "0, " "0, " "0, " "0, " "0, " "0, " "0, " "0, " "0, " "0, " "0, " "0, " "0, " "0, " "0, " "0, " "0, " "1, " "1, " "1, " "1, " "1, " "1, " "1, " "0, " "1, " "1, " "1, " "1, " "1, " "1, " "1, " "0, " "0, " "0, " "0, " "0, " "0, " "0, " "0, " "0, " "0, " "0, " "0, " "0, " "0, " "0, " "0, " "0, " "0, " "0, " "0, " "0, " "0, " "0, " "0, " "0, " "0, " "0, " "0, " "0, " "0, " "0, " "0, " "0, " "0, " "0, " "0, " "0, " "0, " "0, " "0, " "0, " "0, " "0, " "0, " "0, "0
 "Nei205, 0.535, " "0.465, " "0.364, " "-0.158, " "-0.554, " "0.289, " "-0.134, " "0.676, " "-0.341, " "0, " "0, " "0, " "0, " "0, " "0, " "0, " "0, " "0, " "0, " "0, " "0, " "0, " "0, " "0, " "0, " "0, " "0, " "0, " "0, " "0, " "0, " "0, " "0, " "0, " "0, " "0, " "0, " "0, " "0, " "0, " "0, " "0, " "0, " "0, " "0, " "0, " "0, " "0, " "0, " "0, " "0, " "0, " "0, " "0, " "0, " "0, " "0, " "0, " "0, " "0, " "0, " "0, " "0, " "0, " "0, " "0, " "0, " "0, " "0, " "0, " "0, " "0, " "0, " "0, " "0, " "0, " "0, " "0, " "0, " "0, " "0, " "0, " "0, " "0, " "0, " "0, " "0, " "0, " "0, " "0, " "0, " "0, " "0, " "0, " "0, " "0, " "0, " "0, " "0, " "0, " "0, " "0, " "0, " "0, " "0, " "0, " "0, " "0, " "0, " "0, " "0, " "0, " "0, " "0, " "0, " "0, " "0, " "0, " "0, " "0, " "0, " "0, " "0, " "0, " "0, " "0, " "0, " "0, " "0, " "0, " "0, " "0, " "0, " "0, " "0, " "0, " "0, " "0, " "0, " "0, " "0, " "0, " "0, " "0, " "0, " "0, " "0, " "0, " "0, " "0, " "0, " "0, " "0, " "0, " "0, " "0, " "0, " "0, " "0, " "0, " "0, " "0, " "0, " "0, " "0, " "0, " "0, " "0, " "0, " "0, " "0, " "0, " "0, " "0, " "0, " "0, " "0, " "0, " "0, " "0, " "0, " "0, " "0, " "0, " "0, " "0, " "0, " "0, " "0, " "0, " "0, " "0, " "0, " "0, " "0, " "0, " "0, " "0, " "0, " "0, " "0, " "0, " "0, " "0, " "0, " "0, " "0, " "1, " "1, " "1, " "1, " "1, " "1, " "1, " "0, " "1, " "1, " "1, " "1, " "1, " "1, " "1, " "0, " "0, " "0, " "0, " "0, " "0, " "0, " "0, " "0, " "0, " "0, " "0, " "0, " "0, " "0, " "0, " "0, " "0, " "0, " "0, " "0, " "0, " "0, " "0, " "0, " "0, " "0, " "0, " "0, " "0, " "0, " "0, " "0, " "0, " "0, " "0, " "0, " "0, " "0, " "0, " "0, " "0, " "0, " "0, "0
 "Nei206, 0.448, " "0.893, " "-0.353, " "0.264, " "0.267, " "0.757, " "0.56, " "0.278, " "0.631, " "0, " "0, " "0, " "0, " "0, " "0, " "0, " "0, " "0, " "0, " "0, " "0, " "0, " "0, " "0, " "0, " "0, " "0, " "0, " "0, " "0, " "0, " "0, " "0, " "0, " "0, " "0, " "0, " "0, " "0, " "0, " "0, " "0, " "0, " "0, " "0, " "0, " "0, " "0, " "0, " "0, " "0, " "0, " "0, " "0, " "0, " "0, " "0, " "0, " "0, " "0, " "0, " "0, " "0, " "0, " "0, " "0, " "0, " "0, " "0, " "0, " "0, " "0, " "0, " "0, " "0, " "0, " "0, " "0, " "0, " "0, " "0, " "0, " "0, " "0, " "0, " "0, " "0, " "0, " "0, " "0, " "0, " "0, " "0, " "0, " "0, " "0, " "0, " "0, " "0, " "0, " "0, " "0, " "0, " "0, " "0, " "0, " "0, " "0, " "0, " "0, " "0, " "0, " "0, " "0, " "0, " "0, " "0, " "0, " "0, " "0, " "0, " "0, " "0, " "0, " "0, " "0, " "0, " "0, " "0, " "0, " "0, " "0, " "0, " "0, " "0, " "0, " "0, " "0, " "0, " "0, " "0, " "0, " "0, " "0, " "0, " "0, " "0, " "0, " "0, " "0, " "0, " "0, " "0, " "0, " "0, " "0, " "0, " "0, " "0, " "0, " "0, " "0, " "0, " "0, " "0, " "0, " "0, " "0, " "0, " "0, " "0, " "0, " "0, " "0, " "0, " "0, " "0, " "0, " "0, " "0, " "0, " "0, " "0, " "0, " "0, " "0, " "0, " "0, " "0, " "0, " "0, " "0, " "0, " "0, " "0, " "0, " "0, " "0, " "0, " "0, " "0, " "0, " "0, " "0, " "0, " "0, " "0, " "0, " "1, " "1, " "1, " "1, " "1, " "1, " "1, " "0, " "1, " "1, " "1, " "1, " "1, " "1, " "1, " "0, " "0, " "0, " "0, " "0, " "0, " "0, " "0, " "0, " "0, " "0, " "0, " "0, " "0, " "0, " "0, " "0, " "0, " "0, " "0, " "0, " "0, " "0, " "0, " "0, " "0, " "0, " "0, " "0, " "0, " "0, " "0, " "0, " "0, " "0, " "0, " "0, " "0, " "0, " "0, " "0, " "0, " "0, "0
 "Nei207, 0.553, " "-0.533, " "-0.391, " "-0.735, " "-0.212, " "0.973, " "0.212, " "0.34, " "-0.575, " "0, " "0, " "0, " "0, " "0, " "0, " "0, " "0, " "0, " "0, " "0, " "0, " "0, " "0, " "0, " "0, " "0, " "0, " "0, " "0, " "0, " "0, " "0, " "0, " "0, " "0, " "0, " "0, " "0, " "0, " "0, " "0, " "0, " "0, " "0, " "0, " "0, " "0, " "0, " "0, " "0, " "0, " "0, " "0, " "0, " "0, " "0, " "0, " "0, " "0, " "0, " "0, " "0, " "0, " "0, " "0, " "0, " "0, " "0, " "0, " "0, " "0, " "0, " "0, " "0, " "0, " "0, " "0, " "0, " "0, " "0, " "0, " "0, " "0, " "0, " "0, " "0, " "0, " "0, " "0, " "0, " "0, " "0, " "0, " "0, " "0, " "0, " "0, " "0, " "0, " "0, " "0, " "0, " "0, " "0, " "0, " "0, " "0, " "0, " "0, " "0, " "0, " "0, " "0, " "0, " "0, " "0, " "0, " "0, " "0, " "0, " "0, " "0, " "0, " "0, " "0, " "0, " "0, " "0, " "0, " "0, " "0, " "0, " "0, " "0, " "0, " "0, " "0, " "0, " "0, " "0, " "0, " "0, " "0, " "0, " "0, " "0, " "0, " "0, " "0, " "0, " "0, " "0, " "0, " "0, " "0, " "0, " "0, " "0, " "0, " "0, " "0, " "0, " "0, " "0, " "0, " "0, " "0, " "0, " "0, " "0, " "0, " "0, " "0, " "0, " "0, " "0, " "0, " "0, " "0, " "0, " "0, " "0, " "0, " "0, " "0, " "0, " "0, " "0, " "0, " "0, " "0, " "0, " "0, " "0, " "0, " "0, " "0, " "0, " "0, " "0, " "0, " "0, " "0, " "0, " "0, " "0, " "0, " "0, " "0, " "1, " "1, " "1, " "1, " "1, " "1, " "1, " "0, " "1, " "1, " "1, " "1, " "1, " "1, " "1, " "0, " "0, " "0, " "0, " "0, " "0, " "0, " "0, " "0, " "0, " "0, " "0, " "0, " "0, " "0, " "0, " "0, " "0, " "0, " "0, " "0, " "0, " "0, " "0, " "0, " "0, " "0, " "0, " "0, " "0, " "0, " "0, " "0, " "0, " "0, " "0, " "0, " "0, " "0, " "0, " "0, " "0, "0
 "Nei208, 0.57, " "-0.352, " "-0.531, " "0.694, " "0.396, " "0.687, " "-0.736, " "0.194, " "0.323, " "0, " "0, " "0, " "0, " "0, " "0, " "0, " "0, " "0, " "0, " "0, " "0, " "0, " "0, " "0, " "0, " "0, " "0, " "0, " "0, " "0, " "0, " "0, " "0, " "0, " "0, " "0, " "0, " "0, " "0, " "0, " "0, " "0, " "0, " "0, " "0, " "0, " "0, " "0, " "0, " "0, " "0, " "0, " "0, " "0, " "0, " "0, " "0, " "0, " "0, " "0, " "0, " "0, " "0, " "0, " "0, " "0, " "0, " "0, " "0, " "0, " "0, " "0, " "0, " "0, " "0, " "0, " "0, " "0, " "0, " "0, " "0, " "0, " "0, " "0, " "0, " "0, " "0, " "0, " "0, " "0, " "0, " "0, " "0, " "0, " "0, " "0, " "0, " "0, " "0, " "0, " "0, " "0, " "0, " "0, " "0, " "0, " "0, " "0, " "0, " "0, " "0, " "0, " "0, " "0, " "0, " "0, " "0, " "0, " "0, " "0, " "0, " "0, " "0, " "0, " "0, " "0, " "0, " "0, " "0, " "0, " "0, " "0, " "0, " "0, " "0, " "0, " "0, " "0, " "0, " "0, " "0, " "0, " "0, " "0, " "0, " "0, " "0, " "0, " "0, " "0, " "0, " "0, " "0, " "0, " "0, " "0, " "0, " "0, " "0, " "0, " "0, " "0, " "0, " "0, " "0, " "0, " "0, " "0, " "0, " "0, " "0, " "0, " "0, " "0, " "0, " "0, " "0, " "0, " "0, " "0, " "0, " "0, " "0, " "0, " "0, " "0, " "0, " "0, " "0, " "0, " "0, " "0, " "0, " "0, " "0, " "0, " "0, " "0, " "0, " "0, " "0, " "0, " "0, " "0, " "0, " "0, " "0, " "0, " "0, " "0, " "1, " "1, " "1, " "1, " "1, " "1, " "1, " "0, " "1, " "1, " "1, " "1, " "1, " "1, " "1, " "0, " "0, " "0, " "0, " "0, " "0, " "0, " "0, " "0, " "0, " "0, " "0, " "0, " "0, " "0, " "0, " "0, " "0, " "0, " "0, " "0, " "0, " "0, " "0, " "0, " "0, " "0, " "0, " "0, " "0, " "0, " "0, " "0, " "0, " "0, " "0, " "0, " "0, " "0, " "0, " "0, "0
 "Nei209, 0.146, " "-0.82, " "0.737, " "0.974, " "-0.274, " "-0.961, " "0.695, " "-0.075, " "0.468, " "0, " "0, " "0, " "0, " "0, " "0, " "0, " "0, " "0, " "0, " "0, " "0, " "0, " "0, " "0, " "0, " "0, " "0, " "0, " "0, " "0, " "0, " "0, " "0, " "0, " "0, " "0, " "0, " "0, " "0, " "0, " "0, " "0, " "0, " "0, " "0, " "0, " "0, " "0, " "0, " "0, " "0, " "0, " "0, " "0, " "0, " "0, " "0, " "0, " "0, " "0, " "0, " "0, " "0, " "0, " "0, " "0, " "0, " "0, " "0, " "0, " "0, " "0, " "0, " "0, " "0, " "0, " "0, " "0, " "0, " "0, " "0, " "0, " "0, " "0, " "0, " "0, " "0, " "0, " "0, " "0, " "0, " "0, " "0, " "0, " "0, " "0, " "0, " "0, " "0, " "0, " "0, " "0, " "0, " "0, " "0, " "0, " "0, " "0, " "0, " "0, " "0, " "0, " "0, " "0, " "0, " "0, " "0, " "0, " "0, " "0, " "0, " "0, " "0, " "0, " "0, " "0, " "0, " "0, " "0, " "0, " "0, " "0, " "0, " "0, " "0, " "0, " "0, " "0, " "0, " "0, " "0, " "0, " "0, " "0, " "0, " "0, " "0, " "0, " "0, " "0, " "0, " "0, " "0, " "0, " "0, " "0, " "0, " "0, " "0, " "0, " "0, " "0, " "0, " "0, " "0, " "0, " "0, " "0, " "0, " "0, " "0, " "0, " "0, " "0, " "0, " "0, " "0, " "0, " "0, " "0, " "0, " "0, " "0, " "0, " "0, " "0, " "0, " "0, " "0, " "0, " "0, " "0, " "0, " "0, " "0, " "0, " "0, " "0, " "0, " "0, " "0, " "0, " "0, " "0, " "0, " "0, " "0, " "0, " "0, " "0, " "0, " "1, " "1, " "1, " "1, " "1, " "1, " "1, " "0, " "1, " "1, " "1, " "1, " "1, " "1, " "1, " "0, " "0, " "0, " "0, " "0, " "0, " "0, " "0, " "0, " "0, " "0, " "0, " "0, " "0, " "0, " "0, " "0, " "0, " "0, " "0, " "0, " "0, " "0, " "0, " "0, " "0, " "0, " "0, " "0, " "0, " "0, " "0, " "0, " "0, " "0, " "0, " "0, " "0, " "0, " "0, "0
 "Nei210, 0.292, " "-0.69, " "-0.465, " "0.736, " "0.792, " "0.275, " "0.015, " "-0.99, " "-0.646, " "0, " "0, " "0, " "0, " "0, " "0, " "0, " "0, " "0, " "0, " "0, " "0, " "0, " "0, " "0, " "0, " "0, " "0, " "0, " "0, " "0, " "0, " "0, " "0, " "0, " "0, " "0, " "0, " "0, " "0, " "0, " "0, " "0, " "0, " "0, " "0, " "0, " "0, " "0, " "0, " "0, " "0, " "0, " "0, " "0, " "0, " "0, " "0, " "0, " "0, " "0, " "0, " "0, " "0, " "0, " "0, " "0, " "0, " "0, " "0, " "0, " "0, " "0, " "0, " "0, " "0, " "0, " "0, " "0, " "0, " "0, " "0, " "0, " "0, " "0, " "0, " "0, " "0, " "0, " "0, " "0, " "0, " "0, " "0, " "0, " "0, " "0, " "0, " "0, " "0, " "0, " "0, " "0, " "0, " "0, " "0, " "0, " "0, " "0, " "0, " "0, " "0, " "0, " "0, " "0, " "0, " "0, " "0, " "0, " "0, " "0, " "0, " "0, " "0, " "0, " "0, " "0, " "0, " "0, " "0, " "0, " "0, " "0, " "0, " "0, " "0, " "0, " "0, " "0, " "0, " "0, " "0, " "0, " "0, " "0, " "0, " "0, " "0, " "0, " "0, " "0, " "0, " "0, " "0, " "0, " "0, " "0, " "0, " "0, " "0, " "0, " "0, " "0, " "0, " "0, " "0, " "0, " "0, " "0, " "0, " "0, " "0, " "0, " "0, " "0, " "0, " "0, " "0, " "0, " "0, " "0, " "0, " "0, " "0, " "0, " "0, " "0, " "0, " "0, " "0, " "0, " "0, " "0, " "0, " "0, " "0, " "0, " "0, " "0, " "0, " "0, " "0, " "0, " "0, " "0, " "0, " "0, " "0, " "0, " "0, " "0, " "0, " "0, " "1, " "1, " "1, " "1, " "1, " "1, " "1, " "0, " "1, " "1, " "1, " "1, " "1, " "1, " "1, " "0, " "0, " "0, " "0, " "0, " "0, " "0, " "0, " "0, " "0, " "0, " "0, " "0, " "0, " "0, " "0, " "0, " "0, " "0, " "0, " "0, " "0, " "0, " "0, " "0, " "0, " "0, " "0, " "0, " "0, " "0, " "0, " "0, " "0, " "0, " "0, " "0, " "0, " "0, "0
 "Nei211, 0.12, " "0.884, " "-0.601, " "-0.299, " "0.215, " "0.251, " "-0.152, " "0.671, " "0.905, " "0, " "0, " "0, " "0, " "0, " "0, " "0, " "0, " "0, " "0, " "0, " "0, " "0, " "0, " "0, " "0, " "0, " "0, " "0, " "0, " "0, " "0, " "0, " "0, " "0, " "0, " "0, " "0, " "0, " "0, " "0, " "0, " "0, " "0, " "0, " "0, " "0, " "0, " "0, " "0, " "0, " "0, " "0, " "0, " "0, " "0, " "0, " "0, " "0, " "0, " "0, " "0, " "0, " "0, " "0, " "0, " "0, " "0, " "0, " "0, " "0, " "0, " "0, " "0, " "0, " "0, " "0, " "0, " "0, " "0, " "0, " "0, " "0, " "0, " "0, " "0, " "0, " "0, " "0, " "0, " "0, " "0, " "0, " "0, " "0, " "0, " "0, " "0, " "0, " "0, " "0, " "0, " "0, " "0, " "0, " "0, " "0, " "0, " "0, " "0, " "0, " "0, " "0, " "0, " "0, " "0, " "0, " "0, " "0, " "0, " "0, " "0, " "0, " "0, " "0, " "0, " "0, " "0, " "0, " "0, " "0, " "0, " "0, " "0, " "0, " "0, " "0, " "0, " "0, " "0, " "0, " "0, " "0, " "0, " "0, " "0, " "0, " "0, " "0, " "0, " "0, " "0, " "0, " "0, " "0, " "0, " "0, " "0, " "0, " "0, " "0, " "0, " "0, " "0, " "0, " "0, " "0, " "0, " "0, " "0, " "0, " "0, " "0, " "0, " "0, " "0, " "0, " "0, " "0, " "0, " "0, " "0, " "0, " "0, " "0, " "0, " "0, " "0, " "0, " "0, " "0, " "0, " "0, " "0, " "0, " "0, " "0, " "0, " "0, " "0, " "0, " "0, " "0, " "0, " "0, " "0, " "0, " "0, " "0, " "0, " "0, " "0, " "0, " "0, " "1, " "1, " "1, " "1, " "1, " "1, " "1, " "0, " "1, " "1, " "1, " "1, " "1, " "1, " "1, " "0, " "0, " "0, " "0, " "0, " "0, " "0, " "0, " "0, " "0, " "0, " "0, " "0, " "0, " "0, " "0, " "0, " "0, " "0, " "0, " "0, " "0, " "0, " "0, " "0, " "0, " "0, " "0, " "0, " "0, " "0, " "0, " "0, " "0, " "0, " "0, " "0, " "0, "0
 "Nei212, 0.048, " "-0.569, " "-0.721, " "0.346, " "0.502, " "-0.621, " "-0.427, " "-0.323, " "-0.421, " "0, " "0, " "0, " "0, " "0, " "0, " "0, " "0, " "0, " "0, " "0, " "0, " "0, " "0, " "0, " "0, " "0, " "0, " "0, " "0, " "0, " "0, " "0, " "0, " "0, " "0, " "0, " "0, " "0, " "0, " "0, " "0, " "0, " "0, " "0, " "0, " "0, " "0, " "0, " "0, " "0, " "0, " "0, " "0, " "0, " "0, " "0, " "0, " "0, " "0, " "0, " "0, " "0, " "0, " "0, " "0, " "0, " "0, " "0, " "0, " "0, " "0, " "0, " "0, " "0, " "0, " "0, " "0, " "0, " "0, " "0, " "0, " "0, " "0, " "0, " "0, " "0, " "0, " "0, " "0, " "0, " "0, " "0, " "0, " "0, " "0, " "0, " "0, " "0, " "0, " "0, " "0, " "0, " "0, " "0, " "0, " "0, " "0, " "0, " "0, " "0, " "0, " "0, " "0, " "0, " "0, " "0, " "0, " "0, " "0, " "0, " "0, " "0, " "0, " "0, " "0, " "0, " "0, " "0, " "0, " "0, " "0, " "0, " "0, " "0, " "0, " "0, " "0, " "0, " "0, " "0, " "0, " "0, " "0, " "0, " "0, " "0, " "0, " "0, " "0, " "0, " "0, " "0, " "0, " "0, " "0, " "0, " "0, " "0, " "0, " "0, " "0, " "0, " "0, " "0, " "0, " "0, " "0, " "0, " "0, " "0, " "0, " "0, " "0, " "0, " "0, " "0, " "0, " "0, " "0, " "0, " "0, " "0, " "0, " "0, " "0, " "0, " "0, " "0, " "0, " "0, " "0, " "0, " "0, " "0, " "0, " "0, " "0, " "0, " "0, " "0, " "0, " "0, " "0, " "0, " "0, " "0, " "0, " "0, " "0, " "0, " "0, " "0, " "0, " "0, " "1, " "1, " "1, " "1, " "1, " "1, " "1, " "0, " "1, " "1, " "1, " "1, " "1, " "1, " "1, " "0, " "0, " "0, " "0, " "0, " "0, " "0, " "0, " "0, " "0, " "0, " "0, " "0, " "0, " "0, " "0, " "0, " "0, " "0, " "0, " "0, " "0, " "0, " "0, " "0, " "0, " "0, " "0, " "0, " "0, " "0, " "0, " "0, " "0, " "0, " "0, " "0, "0
 "Nei213, 0.526, " "0.177, " "0.593, " "0.055, " "0.103, " "-0.486, " "-0.67, " "0.522, " "0.877, " "0, " "0, " "0, " "0, " "0, " "0, " "0, " "0, " "0, " "0, " "0, " "0, " "0, " "0, " "0, " "0, " "0, " "0, " "0, " "0, " "0, " "0, " "0, " "0, " "0, " "0, " "0, " "0, " "0, " "0, " "0, " "0, " "0, " "0, " "0, " "0, " "0, " "0, " "0, " "0, " "0, " "0, " "0, " "0, " "0, " "0, " "0, " "0, " "0, " "0, " "0, " "0, " "0, " "0, " "0, " "0, " "0, " "0, " "0, " "0, " "0, " "0, " "0, " "0, " "0, " "0, " "0, " "0, " "0, " "0, " "0, " "0, " "0, " "0, " "0, " "0, " "0, " "0, " "0, " "0, " "0, " "0, " "0, " "0, " "0, " "0, " "0, " "0, " "0, " "0, " "0, " "0, " "0, " "0, " "0, " "0, " "0, " "0, " "0, " "0, " "0, " "0, " "0, " "0, " "0, " "0, " "0, " "0, " "0, " "0, " "0, " "0, " "0, " "0, " "0, " "0, " "0, " "0, " "0, " "0, " "0, " "0, " "0, " "0, " "0, " "0, " "0, " "0, " "0, " "0, " "0, " "0, " "0, " "0, " "0, " "0, " "0, " "0, " "0, " "0, " "0, " "0, " "0, " "0, " "0, " "0, " "0, " "0, " "0, " "0, " "0, " "0, " "0, " "0, " "0, " "0, " "0, " "0, " "0, " "0, " "0, " "0, " "0, " "0, " "0, " "0, " "0, " "0, " "0, " "0, " "0, " "0, " "0, " "0, " "0, " "0, " "0, " "0, " "0, " "0, " "0, " "0, " "0, " "0, " "0, " "0, " "0, " "0, " "0, " "0, " "0, " "0, " "0, " "0, " "0, " "0, " "0, " "0, " "0, " "0, " "0, " "0, " "0, " "0, " "0, " "0, " "1, " "1, " "1, " "1, " "1, " "1, " "1, " "0, " "1, " "1, " "1, " "1, " "1, " "1, " "1, " "0, " "0, " "0, " "0, " "0, " "0, " "0, " "0, " "0, " "0, " "0, " "0, " "0, " "0, " "0, " "0, " "0, " "0, " "0, " "0, " "0, " "0, " "0, " "0, " "0, " "0, " "0, " "0, " "0, " "0, " "0, " "0, " "0, " "0, " "0, " "0, "0
 "Nei214, 0.032, " "-0.363, " "0.758, " "0.149, " "-0.693, " "0.74, " "0.152, " "-0.203, " "0.508, " "0, " "0, " "0, " "0, " "0, " "0, " "0, " "0, " "0, " "0, " "0, " "0, " "0, " "0, " "0, " "0, " "0, " "0, " "0, " "0, " "0, " "0, " "0, " "0, " "0, " "0, " "0, " "0, " "0, " "0, " "0, " "0, " "0, " "0, " "0, " "0, " "0, " "0, " "0, " "0, " "0, " "0, " "0, " "0, " "0, " "0, " "0, " "0, " "0, " "0, " "0, " "0, " "0, " "0, " "0, " "0, " "0, " "0, " "0, " "0, " "0, " "0, " "0, " "0, " "0, " "0, " "0, " "0, " "0, " "0, " "0, " "0, " "0, " "0, " "0, " "0, " "0, " "0, " "0, " "0, " "0, " "0, " "0, " "0, " "0, " "0, " "0, " "0, " "0, " "0, " "0, " "0, " "0, " "0, " "0, " "0, " "0, " "0, " "0, " "0, " "0, " "0, " "0, " "0, " "0, " "0, " "0, " "0, " "0, " "0, " "0, " "0, " "0, " "0, " "0, " "0, " "0, " "0, " "0, " "0, " "0, " "0, " "0, " "0, " "0, " "0, " "0, " "0, " "0, " "0, " "0, " "0, " "0, " "0, " "0, " "0, " "0, " "0, " "0, " "0, " "0, " "0, " "0, " "0, " "0, " "0, " "0, " "0, " "0, " "0, " "0, " "0, " "0, " "0, " "0, " "0, " "0, " "0, " "0, " "0, " "0, " "0, " "0, " "0, " "0, " "0, " "0, " "0, " "0, " "0, " "0, " "0, " "0, " "0, " "0, " "0, " "0, " "0, " "0, " "0, " "0, " "0, " "0, " "0, " "0, " "0, " "0, " "0, " "0, " "0, " "0, " "0, " "0, " "0, " "0, " "0, " "0, " "0, " "0, " "0, " "0, " "0, " "0, " "0, " "0, " "0, " "0, " "1, " "1, " "1, " "1, " "1, " "1, " "1, " "0, " "1, " "1, " "1, " "1, " "1, " "1, " "1, " "0, " "0, " "0, " "0, " "0, " "0, " "0, " "0, " "0, " "0, " "0, " "0, " "0, " "0, " "0, " "0, " "0, " "0, " "0, " "0, " "0, " "0, " "0, " "0, " "0, " "0, " "0, " "0, " "0, " "0, " "0, " "0, " "0, " "0, " "0, "0
 "Nei215, 0.219, " "-0.815, " "0.346, " "-0.573, " "-0.599, " "-0.596, " "-0.737, " "-0.99, " "0.88, " "0, " "0, " "0, " "0, " "0, " "0, " "0, " "0, " "0, " "0, " "0, " "0, " "0, " "0, " "0, " "0, " "0, " "0, " "0, " "0, " "0, " "0, " "0, " "0, " "0, " "0, " "0, " "0, " "0, " "0, " "0, " "0, " "0, " "0, " "0, " "0, " "0, " "0, " "0, " "0, " "0, " "0, " "0, " "0, " "0, " "0, " "0, " "0, " "0, " "0, " "0, " "0, " "0, " "0, " "0, " "0, " "0, " "0, " "0, " "0, " "0, " "0, " "0, " "0, " "0, " "0, " "0, " "0, " "0, " "0, " "0, " "0, " "0, " "0, " "0, " "0, " "0, " "0, " "0, " "0, " "0, " "0, " "0, " "0, " "0, " "0, " "0, " "0, " "0, " "0, " "0, " "0, " "0, " "0, " "0, " "0, " "0, " "0, " "0, " "0, " "0, " "0, " "0, " "0, " "0, " "0, " "0, " "0, " "0, " "0, " "0, " "0, " "0, " "0, " "0, " "0, " "0, " "0, " "0, " "0, " "0, " "0, " "0, " "0, " "0, " "0, " "0, " "0, " "0, " "0, " "0, " "0, " "0, " "0, " "0, " "0, " "0, " "0, " "0, " "0, " "0, " "0, " "0, " "0, " "0, " "0, " "0, " "0, " "0, " "0, " "0, " "0, " "0, " "0, " "0, " "0, " "0, " "0, " "0, " "0, " "0, " "0, " "0, " "0, " "0, " "0, " "0, " "0, " "0, " "0, " "0, " "0, " "0, " "0, " "0, " "0, " "0, " "0, " "0, " "0, " "0, " "0, " "0, " "0, " "0, " "0, " "0, " "0, " "0, " "0, " "0, " "0, " "0, " "0, " "0, " "0, " "0, " "0, " "0, " "0, " "0, " "0, " "0, " "0, " "0, " "0, " "0, " "0, " "1, " "1, " "1, " "1, " "1, " "1, " "1, " "0, " "1, " "1, " "1, " "1, " "1, " "1, " "1, " "0, " "0, " "0, " "0, " "0, " "0, " "0, " "0, " "0, " "0, " "0, " "0, " "0, " "0, " "0, " "0, " "0, " "0, " "0, " "0, " "0, " "0, " "0, " "0, " "0, " "0, " "0, " "0, " "0, " "0, " "0, " "0, " "0, " "0, "0
 "Nei216, 0.367, " "-0.17, " "0.24, " "-0.04, " "0.674, " "-0.817, " "-0.858, " "-0.94, " "-0.556, " "0, " "0, " "0, " "0, " "0, " "0, " "0, " "0, " "0, " "0, " "0, " "0, " "0, " "0, " "0, " "0, " "0, " "0, " "0, " "0, " "0, " "0, " "0, " "0, " "0, " "0, " "0, " "0, " "0, " "0, " "0, " "0, " "0, " "0, " "0, " "0, " "0, " "0, " "0, " "0, " "0, " "0, " "0, " "0, " "0, " "0, " "0, " "0, " "0, " "0, " "0, " "0, " "0, " "0, " "0, " "0, " "0, " "0, " "0, " "0, " "0, " "0, " "0, " "0, " "0, " "0, " "0, " "0, " "0, " "0, " "0, " "0, " "0, " "0, " "0, " "0, " "0, " "0, " "0, " "0, " "0, " "0, " "0, " "0, " "0, " "0, " "0, " "0, " "0, " "0, " "0, " "0, " "0, " "0, " "0, " "0, " "0, " "0, " "0, " "0, " "0, " "0, " "0, " "0, " "0, " "0, " "0, " "0, " "0, " "0, " "0, " "0, " "0, " "0, " "0, " "0, " "0, " "0, " "0, " "0, " "0, " "0, " "0, " "0, " "0, " "0, " "0, " "0, " "0, " "0, " "0, " "0, " "0, " "0, " "0, " "0, " "0, " "0, " "0, " "0, " "0, " "0, " "0, " "0, " "0, " "0, " "0, " "0, " "0, " "0, " "0, " "0, " "0, " "0, " "0, " "0, " "0, " "0, " "0, " "0, " "0, " "0, " "0, " "0, " "0, " "0, " "0, " "0, " "0, " "0, " "0, " "0, " "0, " "0, " "0, " "0, " "0, " "0, " "0, " "0, " "0, " "0, " "0, " "0, " "0, " "0, " "0, " "0, " "0, " "0, " "0, " "0, " "0, " "0, " "0, " "0, " "0, " "0, " "0, " "0, " "0, " "0, " "0, " "0, " "0, " "0, " "0, " "0, " "0, " "1, " "1, " "1, " "1, " "1, " "1, " "1, " "0, " "1, " "1, " "1, " "1, " "1, " "1, " "1, " "0, " "0, " "0, " "0, " "0, " "0, " "0, " "0, " "0, " "0, " "0, " "0, " "0, " "0, " "0, " "0, " "0, " "0, " "0, " "0, " "0, " "0, " "0, " "0, " "0, " "0, " "0, " "0, " "0, " "0, " "0, " "0, " "0, "0
 "Nei217, 0.479, " "0.861, " "-0.074, " "-0.753, " "-0.666, " "-0.784, " "-0.79, " "0.985, " "-0.174, " "0, " "0, " "0, " "0, " "0, " "0, " "0, " "0, " "0, " "0, " "0, " "0, " "0, " "0, " "0, " "0, " "0, " "0, " "0, " "0, " "0, " "0, " "0, " "0, " "0, " "0, " "0, " "0, " "0, " "0, " "0, " "0, " "0, " "0, " "0, " "0, " "0, " "0, " "0, " "0, " "0, " "0, " "0, " "0, " "0, " "0, " "0, " "0, " "0, " "0, " "0, " "0, " "0, " "0, " "0, " "0, " "0, " "0, " "0, " "0, " "0, " "0, " "0, " "0, " "0, " "0, " "0, " "0, " "0, " "0, " "0, " "0, " "0, " "0, " "0, " "0, " "0, " "0, " "0, " "0, " "0, " "0, " "0, " "0, " "0, " "0, " "0, " "0, " "0, " "0, " "0, " "0, " "0, " "0, " "0, " "0, " "0, " "0, " "0, " "0, " "0, " "0, " "0, " "0, " "0, " "0, " "0, " "0, " "0, " "0, " "0, " "0, " "0, " "0, " "0, " "0, " "0, " "0, " "0, " "0, " "0, " "0, " "0, " "0, " "0, " "0, " "0, " "0, " "0, " "0, " "0, " "0, " "0, " "0, " "0, " "0, " "0, " "0, " "0, " "0, " "0, " "0, " "0, " "0, " "0, " "0, " "0, " "0, " "0, " "0, " "0, " "0, " "0, " "0, " "0, " "0, " "0, " "0, " "0, " "0, " "0, " "0, " "0, " "0, " "0, " "0, " "0, " "0, " "0, " "0, " "0, " "0, " "0, " "0, " "0, " "0, " "0, " "0, " "0, " "0, " "0, " "0, " "0, " "0, " "0, " "0, " "0, " "0, " "0, " "0, " "0, " "0, " "0, " "0, " "0, " "0, " "0, " "0, " "0, " "0, " "0, " "0, " "0, " "0, " "0, " "0, " "0, " "0, " "0, " "0, " "1, " "1, " "1, " "1, " "1, " "1, " "1, " "0, " "1, " "1, " "1, " "1, " "1, " "1, " "1, " "0, " "0, " "0, " "0, " "0, " "0, " "0, " "0, " "0, " "0, " "0, " "0, " "0, " "0, " "0, " "0, " "0, " "0, " "0, " "0, " "0, " "0, " "0, " "0, " "0, " "0, " "0, " "0, " "0, " "0, " "0, " "0, "0
 "Nei218, 0.22, " "-0.568, " "-0.438, " "0.969, " "0.388, " "-0.596, " "0.592, " "0.228, " "-0.201, " "0, " "0, " "0, " "0, " "0, " "0, " "0, " "0, " "0, " "0, " "0, " "0, " "0, " "0, " "0, " "0, " "0, " "0, " "0, " "0, " "0, " "0, " "0, " "0, " "0, " "0, " "0, " "0, " "0, " "0, " "0, " "0, " "0, " "0, " "0, " "0, " "0, " "0, " "0, " "0, " "0, " "0, " "0, " "0, " "0, " "0, " "0, " "0, " "0, " "0, " "0, " "0, " "0, " "0, " "0, " "0, " "0, " "0, " "0, " "0, " "0, " "0, " "0, " "0, " "0, " "0, " "0, " "0, " "0, " "0, " "0, " "0, " "0, " "0, " "0, " "0, " "0, " "0, " "0, " "0, " "0, " "0, " "0, " "0, " "0, " "0, " "0, " "0, " "0, " "0, " "0, " "0, " "0, " "0, " "0, " "0, " "0, " "0, " "0, " "0, " "0, " "0, " "0, " "0, " "0, " "0, " "0, " "0, " "0, " "0, " "0, " "0, " "0, " "0, " "0, " "0, " "0, " "0, " "0, " "0, " "0, " "0, " "0, " "0, " "0, " "0, " "0, " "0, " "0, " "0, " "0, " "0, " "0, " "0, " "0, " "0, " "0, " "0, " "0, " "0, " "0, " "0, " "0, " "0, " "0, " "0, " "0, " "0, " "0, " "0, " "0, " "0, " "0, " "0, " "0, " "0, " "0, " "0, " "0, " "0, " "0, " "0, " "0, " "0, " "0, " "0, " "0, " "0, " "0, " "0, " "0, " "0, " "0, " "0, " "0, " "0, " "0, " "0, " "0, " "0, " "0, " "0, " "0, " "0, " "0, " "0, " "0, " "0, " "0, " "0, " "0, " "0, " "0, " "0, " "0, " "0, " "0, " "0, " "0, " "0, " "0, " "0, " "0, " "0, " "0, " "0, " "0, " "0, " "0, " "0, " "0, " "1, " "1, " "1, " "1, " "1, " "1, " "1, " "0, " "1, " "1, " "1, " "1, " "1, " "1, " "1, " "0, " "0, " "0, " "0, " "0, " "0, " "0, " "0, " "0, " "0, " "0, " "0, " "0, " "0, " "0, " "0, " "0, " "0, " "0, " "0, " "0, " "0, " "0, " "0, " "0, " "0, " "0, " "0, " "0, " "0, " "0, "0
 "Nei219, 0.407, " "0.01, " "-0.354, " "0.879, " "-0.12, " "0.658, " "-0.562, " "-0.682, " "-0.367, " "0, " "0, " "0, " "0, " "0, " "0, " "0, " "0, " "0, " "0, " "0, " "0, " "0, " "0, " "0, " "0, " "0, " "0, " "0, " "0, " "0, " "0, " "0, " "0, " "0, " "0, " "0, " "0, " "0, " "0, " "0, " "0, " "0, " "0, " "0, " "0, " "0, " "0, " "0, " "0, " "0, " "0, " "0, " "0, " "0, " "0, " "0, " "0, " "0, " "0, " "0, " "0, " "0, " "0, " "0, " "0, " "0, " "0, " "0, " "0, " "0, " "0, " "0, " "0, " "0, " "0, " "0, " "0, " "0, " "0, " "0, " "0, " "0, " "0, " "0, " "0, " "0, " "0, " "0, " "0, " "0, " "0, " "0, " "0, " "0, " "0, " "0, " "0, " "0, " "0, " "0, " "0, " "0, " "0, " "0, " "0, " "0, " "0, " "0, " "0, " "0, " "0, " "0, " "0, " "0, " "0, " "0, " "0, " "0, " "0, " "0, " "0, " "0, " "0, " "0, " "0, " "0, " "0, " "0, " "0, " "0, " "0, " "0, " "0, " "0, " "0, " "0, " "0, " "0, " "0, " "0, " "0, " "0, " "0, " "0, " "0, " "0, " "0, " "0, " "0, " "0, " "0, " "0, " "0, " "0, " "0, " "0, " "0, " "0, " "0, " "0, " "0, " "0, " "0, " "0, " "0, " "0, " "0, " "0, " "0, " "0, " "0, " "0, " "0, " "0, " "0, " "0, " "0, " "0, " "0, " "0, " "0, " "0, " "0, " "0, " "0, " "0, " "0, " "0, " "0, " "0, " "0, " "0, " "0, " "0, " "0, " "0, " "0, " "0, " "0, " "0, " "0, " "0, " "0, " "0, " "0, " "0, " "0, " "0, " "0, " "0, " "0, " "0, " "0, " "0, " "0, " "0, " "0, " "0, " "0, " "0, " "0, " "1, " "1, " "1, " "1, " "1, " "1, " "1, " "0, " "1, " "1, " "1, " "1, " "1, " "1, " "1, " "0, " "0, " "0, " "0, " "0, " "0, " "0, " "0, " "0, " "0, " "0, " "0, " "0, " "0, " "0, " "0, " "0, " "0, " "0, " "0, " "0, " "0, " "0, " "0, " "0, " "0, " "0, " "0, " "0, " "0, "0
 "Nei220, 0.231, " "-0.166, " "0.772, " "-0.041, " "0.334, " "-0.98, " "-0.366, " "-0.902, " "0.815, " "0, " "0, " "0, " "0, " "0, " "0, " "0, " "0, " "0, " "0, " "0, " "0, " "0, " "0, " "0, " "0, " "0, " "0, " "0, " "0, " "0, " "0, " "0, " "0, " "0, " "0, " "0, " "0, " "0, " "0, " "0, " "0, " "0, " "0, " "0, " "0, " "0, " "0, " "0, " "0, " "0, " "0, " "0, " "0, " "0, " "0, " "0, " "0, " "0, " "0, " "0, " "0, " "0, " "0, " "0, " "0, " "0, " "0, " "0, " "0, " "0, " "0, " "0, " "0, " "0, " "0, " "0, " "0, " "0, " "0, " "0, " "0, " "0, " "0, " "0, " "0, " "0, " "0, " "0, " "0, " "0, " "0, " "0, " "0, " "0, " "0, " "0, " "0, " "0, " "0, " "0, " "0, " "0, " "0, " "0, " "0, " "0, " "0, " "0, " "0, " "0, " "0, " "0, " "0, " "0, " "0, " "0, " "0, " "0, " "0, " "0, " "0, " "0, " "0, " "0, " "0, " "0, " "0, " "0, " "0, " "0, " "0, " "0, " "0, " "0, " "0, " "0, " "0, " "0, " "0, " "0, " "0, " "0, " "0, " "0, " "0, " "0, " "0, " "0, " "0, " "0, " "0, " "0, " "0, " "0, " "0, " "0, " "0, " "0, " "0, " "0, " "0, " "0, " "0, " "0, " "0, " "0, " "0, " "0, " "0, " "0, " "0, " "0, " "0, " "0, " "0, " "0, " "0, " "0, " "0, " "0, " "0, " "0, " "0, " "0, " "0, " "0, " "0, " "0, " "0, " "0, " "0, " "0, " "0, " "0, " "0, " "0, " "0, " "0, " "0, " "0, " "0, " "0, " "0, " "0, " "0, " "0, " "0, " "0, " "0, " "0, " "0, " "0, " "0, " "0, " "0, " "0, " "0, " "0, " "0, " "0, " "0, " "0, " "1, " "1, " "1, " "1, " "1, " "1, " "1, " "0, " "1, " "1, " "1, " "1, " "1, " "1, " "1, " "0, " "0, " "0, " "0, " "0, " "0, " "0, " "0, " "0, " "0, " "0, " "0, " "0, " "0, " "0, " "0, " "0, " "0, " "0, " "0, " "0, " "0, " "0, " "0, " "0, " "0, " "0, " "0, " "0, "0
 "Nei221, 0.121, " "-0.891, " "-0.169, " "-0.117, " "-0.195, " "-0.274, " "-0.575, " "-0.115, " "-0.201, " "0, " "0, " "0, " "0, " "0, " "0, " "0, " "0, " "0, " "0, " "0, " "0, " "0, " "0, " "0, " "0, " "0, " "0, " "0, " "0, " "0, " "0, " "0, " "0, " "0, " "0, " "0, " "0, " "0, " "0, " "0, " "0, " "0, " "0, " "0, " "0, " "0, " "0, " "0, " "0, " "0, " "0, " "0, " "0, " "0, " "0, " "0, " "0, " "0, " "0, " "0, " "0, " "0, " "0, " "0, " "0, " "0, " "0, " "0, " "0, " "0, " "0, " "0, " "0, " "0, " "0, " "0, " "0, " "0, " "0, " "0, " "0, " "0, " "0, " "0, " "0, " "0, " "0, " "0, " "0, " "0, " "0, " "0, " "0, " "0, " "0, " "0, " "0, " "0, " "0, " "0, " "0, " "0, " "0, " "0, " "0, " "0, " "0, " "0, " "0, " "0, " "0, " "0, " "0, " "0, " "0, " "0, " "0, " "0, " "0, " "0, " "0, " "0, " "0, " "0, " "0, " "0, " "0, " "0, " "0, " "0, " "0, " "0, " "0, " "0, " "0, " "0, " "0, " "0, " "0, " "0, " "0, " "0, " "0, " "0, " "0, " "0, " "0, " "0, " "0, " "0, " "0, " "0, " "0, " "0, " "0, " "0, " "0, " "0, " "0, " "0, " "0, " "0, " "0, " "0, " "0, " "0, " "0, " "0, " "0, " "0, " "0, " "0, " "0, " "0, " "0, " "0, " "0, " "0, " "0, " "0, " "0, " "0, " "0, " "0, " "0, " "0, " "0, " "0, " "0, " "0, " "0, " "0, " "0, " "0, " "0, " "0, " "0, " "0, " "0, " "0, " "0, " "0, " "0, " "0, " "0, " "0, " "0, " "0, " "0, " "0, " "0, " "0, " "0, " "0, " "0, " "0, " "0, " "0, " "0, " "0, " "0, " "0, " "0, " "1, " "1, " "1, " "1, " "1, " "1, " "1, " "0, " "1, " "1, " "1, " "1, " "1, " "1, " "1, " "0, " "0, " "0, " "0, " "0, " "0, " "0, " "0, " "0, " "0, " "0, " "0, " "0, " "0, " "0, " "0, " "0, " "0, " "0, " "0, " "0, " "0, " "0, " "0, " "0, " "0, " "0, " "0, "0
 "Nei222, 0.272, " "-0.144, " "-0.584, " "-0.539, " "-0.113, " "-0.001, " "0.755, " "-0.148, " "-0.971, " "0, " "0, " "0, " "0, " "0, " "0, " "0, " "0, " "0, " "0, " "0, " "0, " "0, " "0, " "0, " "0, " "0, " "0, " "0, " "0, " "0, " "0, " "0, " "0, " "0, " "0, " "0, " "0, " "0, " "0, " "0, " "0, " "0, " "0, " "0, " "0, " "0, " "0, " "0, " "0, " "0, " "0, " "0, " "0, " "0, " "0, " "0, " "0, " "0, " "0, " "0, " "0, " "0, " "0, " "0, " "0, " "0, " "0, " "0, " "0, " "0, " "0, " "0, " "0, " "0, " "0, " "0, " "0, " "0, " "0, " "0, " "0, " "0, " "0, " "0, " "0, " "0, " "0, " "0, " "0, " "0, " "0, " "0, " "0, " "0, " "0, " "0, " "0, " "0, " "0, " "0, " "0, " "0, " "0, " "0, " "0, " "0, " "0, " "0, " "0, " "0, " "0, " "0, " "0, " "0, " "0, " "0, " "0, " "0, " "0, " "0, " "0, " "0, " "0, " "0, " "0, " "0, " "0, " "0, " "0, " "0, " "0, " "0, " "0, " "0, " "0, " "0, " "0, " "0, " "0, " "0, " "0, " "0, " "0, " "0, " "0, " "0, " "0, " "0, " "0, " "0, " "0, " "0, " "0, " "0, " "0, " "0, " "0, " "0, " "0, " "0, " "0, " "0, " "0, " "0, " "0, " "0, " "0, " "0, " "0, " "0, " "0, " "0, " "0, " "0, " "0, " "0, " "0, " "0, " "0, " "0, " "0, " "0, " "0, " "0, " "0, " "0, " "0, " "0, " "0, " "0, " "0, " "0, " "0, " "0, " "0, " "0, " "0, " "0, " "0, " "0, " "0, " "0, " "0, " "0, " "0, " "0, " "0, " "0, " "0, " "0, " "0, " "0, " "0, " "0, " "0, " "0, " "0, " "0, " "0, " "0, " "0, " "0, " "0, " "0, " "1, " "1, " "1, " "1, " "1, " "1, " "1, " "0, " "1, " "1, " "1, " "1, " "1, " "1, " "1, " "0, " "0, " "0, " "0, " "0, " "0, " "0, " "0, " "0, " "0, " "0, " "0, " "0, " "0, " "0, " "0, " "0, " "0, " "0, " "0, " "0, " "0, " "0, " "0, " "0, " "0, " "0, "0
 "Nei223, 0.276, " "0.792, " "-0.486, " "0.361, " "0.136, " "-0.969, " "0.345, " "-0.661, " "-0.904, " "0, " "0, " "0, " "0, " "0, " "0, " "0, " "0, " "0, " "0, " "0, " "0, " "0, " "0, " "0, " "0, " "0, " "0, " "0, " "0, " "0, " "0, " "0, " "0, " "0, " "0, " "0, " "0, " "0, " "0, " "0, " "0, " "0, " "0, " "0, " "0, " "0, " "0, " "0, " "0, " "0, " "0, " "0, " "0, " "0, " "0, " "0, " "0, " "0, " "0, " "0, " "0, " "0, " "0, " "0, " "0, " "0, " "0, " "0, " "0, " "0, " "0, " "0, " "0, " "0, " "0, " "0, " "0, " "0, " "0, " "0, " "0, " "0, " "0, " "0, " "0, " "0, " "0, " "0, " "0, " "0, " "0, " "0, " "0, " "0, " "0, " "0, " "0, " "0, " "0, " "0, " "0, " "0, " "0, " "0, " "0, " "0, " "0, " "0, " "0, " "0, " "0, " "0, " "0, " "0, " "0, " "0, " "0, " "0, " "0, " "0, " "0, " "0, " "0, " "0, " "0, " "0, " "0, " "0, " "0, " "0, " "0, " "0, " "0, " "0, " "0, " "0, " "0, " "0, " "0, " "0, " "0, " "0, " "0, " "0, " "0, " "0, " "0, " "0, " "0, " "0, " "0, " "0, " "0, " "0, " "0, " "0, " "0, " "0, " "0, " "0, " "0, " "0, " "0, " "0, " "0, " "0, " "0, " "0, " "0, " "0, " "0, " "0, " "0, " "0, " "0, " "0, " "0, " "0, " "0, " "0, " "0, " "0, " "0, " "0, " "0, " "0, " "0, " "0, " "0, " "0, " "0, " "0, " "0, " "0, " "0, " "0, " "0, " "0, " "0, " "0, " "0, " "0, " "0, " "0, " "0, " "0, " "0, " "0, " "0, " "0, " "0, " "0, " "0, " "0, " "0, " "0, " "0, " "0, " "0, " "0, " "0, " "0, " "0, " "0, " "0, " "1, " "1, " "1, " "1, " "1, " "1, " "1, " "0, " "1, " "1, " "1, " "1, " "1, " "1, " "1, " "0, " "0, " "0, " "0, " "0, " "0, " "0, " "0, " "0, " "0, " "0, " "0, " "0, " "0, " "0, " "0, " "0, " "0, " "0, " "0, " "0, " "0, " "0, " "0, " "0, " "0, "0
 "Nei224, 0.088, " "0.475, " "0.028, " "0.392, " "0.368, " "0.961, " "0.964, " "0.982, " "0.756, " "0, " "0, " "0, " "0, " "0, " "0, " "0, " "0, " "0, " "0, " "0, " "0, " "0, " "0, " "0, " "0, " "0, " "0, " "0, " "0, " "0, " "0, " "0, " "0, " "0, " "0, " "0, " "0, " "0, " "0, " "0, " "0, " "0, " "0, " "0, " "0, " "0, " "0, " "0, " "0, " "0, " "0, " "0, " "0, " "0, " "0, " "0, " "0, " "0, " "0, " "0, " "0, " "0, " "0, " "0, " "0, " "0, " "0, " "0, " "0, " "0, " "0, " "0, " "0, " "0, " "0, " "0, " "0, " "0, " "0, " "0, " "0, " "0, " "0, " "0, " "0, " "0, " "0, " "0, " "0, " "0, " "0, " "0, " "0, " "0, " "0, " "0, " "0, " "0, " "0, " "0, " "0, " "0, " "0, " "0, " "0, " "0, " "0, " "0, " "0, " "0, " "0, " "0, " "0, " "0, " "0, " "0, " "0, " "0, " "0, " "0, " "0, " "0, " "0, " "0, " "0, " "0, " "0, " "0, " "0, " "0, " "0, " "0, " "0, " "0, " "0, " "0, " "0, " "0, " "0, " "0, " "0, " "0, " "0, " "0, " "0, " "0, " "0, " "0, " "0, " "0, " "0, " "0, " "0, " "0, " "0, " "0, " "0, " "0, " "0, " "0, " "0, " "0, " "0, " "0, " "0, " "0, " "0, " "0, " "0, " "0, " "0, " "0, " "0, " "0, " "0, " "0, " "0, " "0, " "0, " "0, " "0, " "0, " "0, " "0, " "0, " "0, " "0, " "0, " "0, " "0, " "0, " "0, " "0, " "0, " "0, " "0, " "0, " "0, " "0, " "0, " "0, " "0, " "0, " "0, " "0, " "0, " "0, " "0, " "0, " "0, " "0, " "0, " "0, " "0, " "0, " "0, " "0, " "0, " "0, " "0, " "0, " "0, " "0, " "0, " "0, " "0, " "1, " "1, " "1, " "1, " "1, " "1, " "1, " "0, " "1, " "1, " "1, " "1, " "1, " "1, " "1, " "0, " "0, " "0, " "0, " "0, " "0, " "0, " "0, " "0, " "0, " "0, " "0, " "0, " "0, " "0, " "0, " "0, " "0, " "0, " "0, " "0, " "0, " "0, " "0, " "0, "0
 "Nei225, 0.063, " "0.343, " "0.531, " "-0.125, " "0.977, " "-0.602, " "-0.056, " "0.188, " "-0.217, " "0, " "0, " "0, " "0, " "0, " "0, " "0, " "0, " "0, " "0, " "0, " "0, " "0, " "0, " "0, " "0, " "0, " "0, " "0, " "0, " "0, " "0, " "0, " "0, " "0, " "0, " "0, " "0, " "0, " "0, " "0, " "0, " "0, " "0, " "0, " "0, " "0, " "0, " "0, " "0, " "0, " "0, " "0, " "0, " "0, " "0, " "0, " "0, " "0, " "0, " "0, " "0, " "0, " "0, " "0, " "0, " "0, " "0, " "0, " "0, " "0, " "0, " "0, " "0, " "0, " "0, " "0, " "0, " "0, " "0, " "0, " "0, " "0, " "0, " "0, " "0, " "0, " "0, " "0, " "0, " "0, " "0, " "0, " "0, " "0, " "0, " "0, " "0, " "0, " "0, " "0, " "0, " "0, " "0, " "0, " "0, " "0, " "0, " "0, " "0, " "0, " "0, " "0, " "0, " "0, " "0, " "0, " "0, " "0, " "0, " "0, " "0, " "0, " "0, " "0, " "0, " "0, " "0, " "0, " "0, " "0, " "0, " "0, " "0, " "0, " "0, " "0, " "0, " "0, " "0, " "0, " "0, " "0, " "0, " "0, " "0, " "0, " "0, " "0, " "0, " "0, " "0, " "0, " "0, " "0, " "0, " "0, " "0, " "0, " "0, " "0, " "0, " "0, " "0, " "0, " "0, " "0, " "0, " "0, " "0, " "0, " "0, " "0, " "0, " "0, " "0, " "0, " "0, " "0, " "0, " "0, " "0, " "0, " "0, " "0, " "0, " "0, " "0, " "0, " "0, " "0, " "0, " "0, " "0, " "0, " "0, " "0, " "0, " "0, " "0, " "0, " "0, " "0, " "0, " "0, " "0, " "0, " "0, " "0, " "0, " "0, " "0, " "0, " "0, " "0, " "0, " "0, " "0, " "0, " "0, " "0, " "0, " "0, " "0, " "0, " "0, " "0, " "0, " "1, " "1, " "1, " "1, " "1, " "1, " "1, " "0, " "1, " "1, " "1, " "1, " "1, " "1, " "1, " "0, " "0, " "0, " "0, " "0, " "0, " "0, " "0, " "0, " "0, " "0, " "0, " "0, " "0, " "0, " "0, " "0, " "0, " "0, " "0, " "0, " "0, " "0, " "0, "0
 "Nei226, 0.194, " "0.616, " "-0.351, " "-0.351, " "0.483, " "0.835, " "0.085, " "-0.473, " "0.004, " "0, " "0, " "0, " "0, " "0, " "0, " "0, " "0, " "0, " "0, " "0, " "0, " "0, " "0, " "0, " "0, " "0, " "0, " "0, " "0, " "0, " "0, " "0, " "0, " "0, " "0, " "0, " "0, " "0, " "0, " "0, " "0, " "0, " "0, " "0, " "0, " "0, " "0, " "0, " "0, " "0, " "0, " "0, " "0, " "0, " "0, " "0, " "0, " "0, " "0, " "0, " "0, " "0, " "0, " "0, " "0, " "0, " "0, " "0, " "0, " "0, " "0, " "0, " "0, " "0, " "0, " "0, " "0, " "0, " "0, " "0, " "0, " "0, " "0, " "0, " "0, " "0, " "0, " "0, " "0, " "0, " "0, " "0, " "0, " "0, " "0, " "0, " "0, " "0, " "0, " "0, " "0, " "0, " "0, " "0, " "0, " "0, " "0, " "0, " "0, " "0, " "0, " "0, " "0, " "0, " "0, " "0, " "0, " "0, " "0, " "0, " "0, " "0, " "0, " "0, " "0, " "0, " "0, " "0, " "0, " "0, " "0, " "0, " "0, " "0, " "0, " "0, " "0, " "0, " "0, " "0, " "0, " "0, " "0, " "0, " "0, " "0, " "0, " "0, " "0, " "0, " "0, " "0, " "0, " "0, " "0, " "0, " "0, " "0, " "0, " "0, " "0, " "0, " "0, " "0, " "0, " "0, " "0, " "0, " "0, " "0, " "0, " "0, " "0, " "0, " "0, " "0, " "0, " "0, " "0, " "0, " "0, " "0, " "0, " "0, " "0, " "0, " "0, " "0, " "0, " "0, " "0, " "0, " "0, " "0, " "0, " "0, " "0, " "0, " "0, " "0, " "0, " "0, " "0, " "0, " "0, " "0, " "0, " "0, " "0, " "0, " "0, " "0, " "0, " "0, " "0, " "0, " "0, " "0, " "0, " "0, " "0, " "0, " "0, " "0, " "0, " "0, " "0, " "0, " "1, " "1, " "1, " "1, " "1, " "1, " "1, " "0, " "1, " "1, " "1, " "1, " "1, " "1, " "1, " "0, " "0, " "0, " "0, " "0, " "0, " "0, " "0, " "0, " "0, " "0, " "0, " "0, " "0, " "0, " "0, " "0, " "0, " "0, " "0, " "0, " "0, " "0, "0
 "Nei227, 0.585, " "0.006, " "-0.379, " "-0.199, " "-0.477, " "0.736, " "0.155, " "-0.601, " "-0.13, " "0, " "0, " "0, " "0, " "0, " "0, " "0, " "0, " "0, " "0, " "0, " "0, " "0, " "0, " "0, " "0, " "0, " "0, " "0, " "0, " "0, " "0, " "0, " "0, " "0, " "0, " "0, " "0, " "0, " "0, " "0, " "0, " "0, " "0, " "0, " "0, " "0, " "0, " "0, " "0, " "0, " "0, " "0, " "0, " "0, " "0, " "0, " "0, " "0, " "0, " "0, " "0, " "0, " "0, " "0, " "0, " "0, " "0, " "0, " "0, " "0, " "0, " "0, " "0, " "0, " "0, " "0, " "0, " "0, " "0, " "0, " "0, " "0, " "0, " "0, " "0, " "0, " "0, " "0, " "0, " "0, " "0, " "0, " "0, " "0, " "0, " "0, " "0, " "0, " "0, " "0, " "0, " "0, " "0, " "0, " "0, " "0, " "0, " "0, " "0, " "0, " "0, " "0, " "0, " "0, " "0, " "0, " "0, " "0, " "0, " "0, " "0, " "0, " "0, " "0, " "0, " "0, " "0, " "0, " "0, " "0, " "0, " "0, " "0, " "0, " "0, " "0, " "0, " "0, " "0, " "0, " "0, " "0, " "0, " "0, " "0, " "0, " "0, " "0, " "0, " "0, " "0, " "0, " "0, " "0, " "0, " "0, " "0, " "0, " "0, " "0, " "0, " "0, " "0, " "0, " "0, " "0, " "0, " "0, " "0, " "0, " "0, " "0, " "0, " "0, " "0, " "0, " "0, " "0, " "0, " "0, " "0, " "0, " "0, " "0, " "0, " "0, " "0, " "0, " "0, " "0, " "0, " "0, " "0, " "0, " "0, " "0, " "0, " "0, " "0, " "0, " "0, " "0, " "0, " "0, " "0, " "0, " "0, " "0, " "0, " "0, " "0, " "0, " "0, " "0, " "0, " "0, " "0, " "0, " "0, " "0, " "0, " "0, " "0, " "0, " "0, " "0, " "0, " "0, " "0, " "1, " "1, " "1, " "1, " "1, " "1, " "1, " "0, " "1, " "1, " "1, " "1, " "1, " "1, " "1, " "0, " "0, " "0, " "0, " "0, " "0, " "0, " "0, " "0, " "0, " "0, " "0, " "0, " "0, " "0, " "0, " "0, " "0, " "0, " "0, " "0, " "0, "0
 "Nei228, 0.28, " "0.839, " "0.641, " "0.202, " "0.611, " "-0.648, " "-0.176, " "0.445, " "0.477, " "0, " "0, " "0, " "0, " "0, " "0, " "0, " "0, " "0, " "0, " "0, " "0, " "0, " "0, " "0, " "0, " "0, " "0, " "0, " "0, " "0, " "0, " "0, " "0, " "0, " "0, " "0, " "0, " "0, " "0, " "0, " "0, " "0, " "0, " "0, " "0, " "0, " "0, " "0, " "0, " "0, " "0, " "0, " "0, " "0, " "0, " "0, " "0, " "0, " "0, " "0, " "0, " "0, " "0, " "0, " "0, " "0, " "0, " "0, " "0, " "0, " "0, " "0, " "0, " "0, " "0, " "0, " "0, " "0, " "0, " "0, " "0, " "0, " "0, " "0, " "0, " "0, " "0, " "0, " "0, " "0, " "0, " "0, " "0, " "0, " "0, " "0, " "0, " "0, " "0, " "0, " "0, " "0, " "0, " "0, " "0, " "0, " "0, " "0, " "0, " "0, " "0, " "0, " "0, " "0, " "0, " "0, " "0, " "0, " "0, " "0, " "0, " "0, " "0, " "0, " "0, " "0, " "0, " "0, " "0, " "0, " "0, " "0, " "0, " "0, " "0, " "0, " "0, " "0, " "0, " "0, " "0, " "0, " "0, " "0, " "0, " "0, " "0, " "0, " "0, " "0, " "0, " "0, " "0, " "0, " "0, " "0, " "0, " "0, " "0, " "0, " "0, " "0, " "0, " "0, " "0, " "0, " "0, " "0, " "0, " "0, " "0, " "0, " "0, " "0, " "0, " "0, " "0, " "0, " "0, " "0, " "0, " "0, " "0, " "0, " "0, " "0, " "0, " "0, " "0, " "0, " "0, " "0, " "0, " "0, " "0, " "0, " "0, " "0, " "0, " "0, " "0, " "0, " "0, " "0, " "0, " "0, " "0, " "0, " "0, " "0, " "0, " "0, " "0, " "0, " "0, " "0, " "0, " "0, " "0, " "0, " "0, " "0, " "0, " "0, " "0, " "0, " "0, " "0, " "0, " "0, " "1, " "1, " "1, " "1, " "1, " "1, " "1, " "0, " "1, " "1, " "1, " "1, " "1, " "1, " "1, " "0, " "0, " "0, " "0, " "0, " "0, " "0, " "0, " "0, " "0, " "0, " "0, " "0, " "0, " "0, " "0, " "0, " "0, " "0, " "0, " "0, "0
 "Nei229, 0.332, " "-0.684, " "-0.557, " "-0.976, " "-0.769, " "-0.877, " "-0.859, " "-0.643, " "-0.749, " "0, " "0, " "0, " "0, " "0, " "0, " "0, " "0, " "0, " "0, " "0, " "0, " "0, " "0, " "0, " "0, " "0, " "0, " "0, " "0, " "0, " "0, " "0, " "0, " "0, " "0, " "0, " "0, " "0, " "0, " "0, " "0, " "0, " "0, " "0, " "0, " "0, " "0, " "0, " "0, " "0, " "0, " "0, " "0, " "0, " "0, " "0, " "0, " "0, " "0, " "0, " "0, " "0, " "0, " "0, " "0, " "0, " "0, " "0, " "0, " "0, " "0, " "0, " "0, " "0, " "0, " "0, " "0, " "0, " "0, " "0, " "0, " "0, " "0, " "0, " "0, " "0, " "0, " "0, " "0, " "0, " "0, " "0, " "0, " "0, " "0, " "0, " "0, " "0, " "0, " "0, " "0, " "0, " "0, " "0, " "0, " "0, " "0, " "0, " "0, " "0, " "0, " "0, " "0, " "0, " "0, " "0, " "0, " "0, " "0, " "0, " "0, " "0, " "0, " "0, " "0, " "0, " "0, " "0, " "0, " "0, " "0, " "0, " "0, " "0, " "0, " "0, " "0, " "0, " "0, " "0, " "0, " "0, " "0, " "0, " "0, " "0, " "0, " "0, " "0, " "0, " "0, " "0, " "0, " "0, " "0, " "0, " "0, " "0, " "0, " "0, " "0, " "0, " "0, " "0, " "0, " "0, " "0, " "0, " "0, " "0, " "0, " "0, " "0, " "0, " "0, " "0, " "0, " "0, " "0, " "0, " "0, " "0, " "0, " "0, " "0, " "0, " "0, " "0, " "0, " "0, " "0, " "0, " "0, " "0, " "0, " "0, " "0, " "0, " "0, " "0, " "0, " "0, " "0, " "0, " "0, " "0, " "0, " "0, " "0, " "0, " "0, " "0, " "0, " "0, " "0, " "0, " "0, " "0, " "0, " "0, " "0, " "0, " "0, " "0, " "0, " "0, " "0, " "0, " "0, " "0, " "0, " "1, " "1, " "1, " "1, " "1, " "1, " "1, " "0, " "1, " "1, " "1, " "1, " "1, " "1, " "1, " "0, " "0, " "0, " "0, " "0, " "0, " "0, " "0, " "0, " "0, " "0, " "0, " "0, " "0, " "0, " "0, " "0, " "0, " "0, " "0, "0
 "Nei230, 0.278, " "-0.846, " "0.798, " "0.424, " "-0.332, " "-0.75, " "-0.31, " "-0.508, " "0.834, " "0, " "0, " "0, " "0, " "0, " "0, " "0, " "0, " "0, " "0, " "0, " "0, " "0, " "0, " "0, " "0, " "0, " "0, " "0, " "0, " "0, " "0, " "0, " "0, " "0, " "0, " "0, " "0, " "0, " "0, " "0, " "0, " "0, " "0, " "0, " "0, " "0, " "0, " "0, " "0, " "0, " "0, " "0, " "0, " "0, " "0, " "0, " "0, " "0, " "0, " "0, " "0, " "0, " "0, " "0, " "0, " "0, " "0, " "0, " "0, " "0, " "0, " "0, " "0, " "0, " "0, " "0, " "0, " "0, " "0, " "0, " "0, " "0, " "0, " "0, " "0, " "0, " "0, " "0, " "0, " "0, " "0, " "0, " "0, " "0, " "0, " "0, " "0, " "0, " "0, " "0, " "0, " "0, " "0, " "0, " "0, " "0, " "0, " "0, " "0, " "0, " "0, " "0, " "0, " "0, " "0, " "0, " "0, " "0, " "0, " "0, " "0, " "0, " "0, " "0, " "0, " "0, " "0, " "0, " "0, " "0, " "0, " "0, " "0, " "0, " "0, " "0, " "0, " "0, " "0, " "0, " "0, " "0, " "0, " "0, " "0, " "0, " "0, " "0, " "0, " "0, " "0, " "0, " "0, " "0, " "0, " "0, " "0, " "0, " "0, " "0, " "0, " "0, " "0, " "0, " "0, " "0, " "0, " "0, " "0, " "0, " "0, " "0, " "0, " "0, " "0, " "0, " "0, " "0, " "0, " "0, " "0, " "0, " "0, " "0, " "0, " "0, " "0, " "0, " "0, " "0, " "0, " "0, " "0, " "0, " "0, " "0, " "0, " "0, " "0, " "0, " "0, " "0, " "0, " "0, " "0, " "0, " "0, " "0, " "0, " "0, " "0, " "0, " "0, " "0, " "0, " "0, " "0, " "0, " "0, " "0, " "0, " "0, " "0, " "0, " "0, " "0, " "0, " "0, " "0, " "0, " "0, " "0, " "1, " "1, " "1, " "1, " "1, " "1, " "1, " "0, " "1, " "1, " "1, " "1, " "1, " "1, " "1, " "0, " "0, " "0, " "0, " "0, " "0, " "0, " "0, " "0, " "0, " "0, " "0, " "0, " "0, " "0, " "0, " "0, " "0, " "0, "0
 "Nei231, 0.222, " "-0.806, " "0.534, " "-0.628, " "0.717, " "0.709, " "0.292, " "-0.518, " "0.423, " "0, " "0, " "0, " "0, " "0, " "0, " "0, " "0, " "0, " "0, " "0, " "0, " "0, " "0, " "0, " "0, " "0, " "0, " "0, " "0, " "0, " "0, " "0, " "0, " "0, " "0, " "0, " "0, " "0, " "0, " "0, " "0, " "0, " "0, " "0, " "0, " "0, " "0, " "0, " "0, " "0, " "0, " "0, " "0, " "0, " "0, " "0, " "0, " "0, " "0, " "0, " "0, " "0, " "0, " "0, " "0, " "0, " "0, " "0, " "0, " "0, " "0, " "0, " "0, " "0, " "0, " "0, " "0, " "0, " "0, " "0, " "0, " "0, " "0, " "0, " "0, " "0, " "0, " "0, " "0, " "0, " "0, " "0, " "0, " "0, " "0, " "0, " "0, " "0, " "0, " "0, " "0, " "0, " "0, " "0, " "0, " "0, " "0, " "0, " "0, " "0, " "0, " "0, " "0, " "0, " "0, " "0, " "0, " "0, " "0, " "0, " "0, " "0, " "0, " "0, " "0, " "0, " "0, " "0, " "0, " "0, " "0, " "0, " "0, " "0, " "0, " "0, " "0, " "0, " "0, " "0, " "0, " "0, " "0, " "0, " "0, " "0, " "0, " "0, " "0, " "0, " "0, " "0, " "0, " "0, " "0, " "0, " "0, " "0, " "0, " "0, " "0, " "0, " "0, " "0, " "0, " "0, " "0, " "0, " "0, " "0, " "0, " "0, " "0, " "0, " "0, " "0, " "0, " "0, " "0, " "0, " "0, " "0, " "0, " "0, " "0, " "0, " "0, " "0, " "0, " "0, " "0, " "0, " "0, " "0, " "0, " "0, " "0, " "0, " "0, " "0, " "0, " "0, " "0, " "0, " "0, " "0, " "0, " "0, " "0, " "0, " "0, " "0, " "0, " "0, " "0, " "0, " "0, " "0, " "0, " "0, " "0, " "0, " "0, " "0, " "0, " "0, " "0, " "0, " "0, " "0, " "0, " "0, " "0, " "1, " "1, " "1, " "1, " "1, " "1, " "1, " "0, " "1, " "1, " "1, " "1, " "1, " "1, " "1, " "0, " "0, " "0, " "0, " "0, " "0, " "0, " "0, " "0, " "0, " "0, " "0, " "0, " "0, " "0, " "0, " "0, " "0, "0
 "Nei232, 0.184, " "-0.607, " "0.731, " "0.572, " "-0.352, " "0.438, " "-0.483, " "-0.119, " "0.864, " "0, " "0, " "0, " "0, " "0, " "0, " "0, " "0, " "0, " "0, " "0, " "0, " "0, " "0, " "0, " "0, " "0, " "0, " "0, " "0, " "0, " "0, " "0, " "0, " "0, " "0, " "0, " "0, " "0, " "0, " "0, " "0, " "0, " "0, " "0, " "0, " "0, " "0, " "0, " "0, " "0, " "0, " "0, " "0, " "0, " "0, " "0, " "0, " "0, " "0, " "0, " "0, " "0, " "0, " "0, " "0, " "0, " "0, " "0, " "0, " "0, " "0, " "0, " "0, " "0, " "0, " "0, " "0, " "0, " "0, " "0, " "0, " "0, " "0, " "0, " "0, " "0, " "0, " "0, " "0, " "0, " "0, " "0, " "0, " "0, " "0, " "0, " "0, " "0, " "0, " "0, " "0, " "0, " "0, " "0, " "0, " "0, " "0, " "0, " "0, " "0, " "0, " "0, " "0, " "0, " "0, " "0, " "0, " "0, " "0, " "0, " "0, " "0, " "0, " "0, " "0, " "0, " "0, " "0, " "0, " "0, " "0, " "0, " "0, " "0, " "0, " "0, " "0, " "0, " "0, " "0, " "0, " "0, " "0, " "0, " "0, " "0, " "0, " "0, " "0, " "0, " "0, " "0, " "0, " "0, " "0, " "0, " "0, " "0, " "0, " "0, " "0, " "0, " "0, " "0, " "0, " "0, " "0, " "0, " "0, " "0, " "0, " "0, " "0, " "0, " "0, " "0, " "0, " "0, " "0, " "0, " "0, " "0, " "0, " "0, " "0, " "0, " "0, " "0, " "0, " "0, " "0, " "0, " "0, " "0, " "0, " "0, " "0, " "0, " "0, " "0, " "0, " "0, " "0, " "0, " "0, " "0, " "0, " "0, " "0, " "0, " "0, " "0, " "0, " "0, " "0, " "0, " "0, " "0, " "0, " "0, " "0, " "0, " "0, " "0, " "0, " "0, " "0, " "0, " "0, " "0, " "0, " "0, " "0, " "0, " "1, " "1, " "1, " "1, " "1, " "1, " "1, " "0, " "1, " "1, " "1, " "1, " "1, " "1, " "1, " "0, " "0, " "0, " "0, " "0, " "0, " "0, " "0, " "0, " "0, " "0, " "0, " "0, " "0, " "0, " "0, " "0, "0
 "Nei233, 0.366, " "0.793, " "0.205, " "-0.988, " "0.04, " "0.412, " "-0.174, " "0.771, " "0.564, " "0, " "0, " "0, " "0, " "0, " "0, " "0, " "0, " "0, " "0, " "0, " "0, " "0, " "0, " "0, " "0, " "0, " "0, " "0, " "0, " "0, " "0, " "0, " "0, " "0, " "0, " "0, " "0, " "0, " "0, " "0, " "0, " "0, " "0, " "0, " "0, " "0, " "0, " "0, " "0, " "0, " "0, " "0, " "0, " "0, " "0, " "0, " "0, " "0, " "0, " "0, " "0, " "0, " "0, " "0, " "0, " "0, " "0, " "0, " "0, " "0, " "0, " "0, " "0, " "0, " "0, " "0, " "0, " "0, " "0, " "0, " "0, " "0, " "0, " "0, " "0, " "0, " "0, " "0, " "0, " "0, " "0, " "0, " "0, " "0, " "0, " "0, " "0, " "0, " "0, " "0, " "0, " "0, " "0, " "0, " "0, " "0, " "0, " "0, " "0, " "0, " "0, " "0, " "0, " "0, " "0, " "0, " "0, " "0, " "0, " "0, " "0, " "0, " "0, " "0, " "0, " "0, " "0, " "0, " "0, " "0, " "0, " "0, " "0, " "0, " "0, " "0, " "0, " "0, " "0, " "0, " "0, " "0, " "0, " "0, " "0, " "0, " "0, " "0, " "0, " "0, " "0, " "0, " "0, " "0, " "0, " "0, " "0, " "0, " "0, " "0, " "0, " "0, " "0, " "0, " "0, " "0, " "0, " "0, " "0, " "0, " "0, " "0, " "0, " "0, " "0, " "0, " "0, " "0, " "0, " "0, " "0, " "0, " "0, " "0, " "0, " "0, " "0, " "0, " "0, " "0, " "0, " "0, " "0, " "0, " "0, " "0, " "0, " "0, " "0, " "0, " "0, " "0, " "0, " "0, " "0, " "0, " "0, " "0, " "0, " "0, " "0, " "0, " "0, " "0, " "0, " "0, " "0, " "0, " "0, " "0, " "0, " "0, " "0, " "0, " "0, " "0, " "0, " "0, " "0, " "0, " "0, " "0, " "0, " "0, " "0, " "1, " "1, " "1, " "1, " "1, " "1, " "1, " "0, " "1, " "1, " "1, " "1, " "1, " "1, " "1, " "0, " "0, " "0, " "0, " "0, " "0, " "0, " "0, " "0, " "0, " "0, " "0, " "0, " "0, " "0, " "0, "0
 "Nei234, 0.41, " "-0.011, " "-0.934, " "-0.081, " "-0.761, " "-0.524, " "-0.889, " "-0.698, " "0.236, " "0, " "0, " "0, " "0, " "0, " "0, " "0, " "0, " "0, " "0, " "0, " "0, " "0, " "0, " "0, " "0, " "0, " "0, " "0, " "0, " "0, " "0, " "0, " "0, " "0, " "0, " "0, " "0, " "0, " "0, " "0, " "0, " "0, " "0, " "0, " "0, " "0, " "0, " "0, " "0, " "0, " "0, " "0, " "0, " "0, " "0, " "0, " "0, " "0, " "0, " "0, " "0, " "0, " "0, " "0, " "0, " "0, " "0, " "0, " "0, " "0, " "0, " "0, " "0, " "0, " "0, " "0, " "0, " "0, " "0, " "0, " "0, " "0, " "0, " "0, " "0, " "0, " "0, " "0, " "0, " "0, " "0, " "0, " "0, " "0, " "0, " "0, " "0, " "0, " "0, " "0, " "0, " "0, " "0, " "0, " "0, " "0, " "0, " "0, " "0, " "0, " "0, " "0, " "0, " "0, " "0, " "0, " "0, " "0, " "0, " "0, " "0, " "0, " "0, " "0, " "0, " "0, " "0, " "0, " "0, " "0, " "0, " "0, " "0, " "0, " "0, " "0, " "0, " "0, " "0, " "0, " "0, " "0, " "0, " "0, " "0, " "0, " "0, " "0, " "0, " "0, " "0, " "0, " "0, " "0, " "0, " "0, " "0, " "0, " "0, " "0, " "0, " "0, " "0, " "0, " "0, " "0, " "0, " "0, " "0, " "0, " "0, " "0, " "0, " "0, " "0, " "0, " "0, " "0, " "0, " "0, " "0, " "0, " "0, " "0, " "0, " "0, " "0, " "0, " "0, " "0, " "0, " "0, " "0, " "0, " "0, " "0, " "0, " "0, " "0, " "0, " "0, " "0, " "0, " "0, " "0, " "0, " "0, " "0, " "0, " "0, " "0, " "0, " "0, " "0, " "0, " "0, " "0, " "0, " "0, " "0, " "0, " "0, " "0, " "0, " "0, " "0, " "0, " "0, " "0, " "0, " "0, " "0, " "0, " "0, " "0, " "0, " "1, " "1, " "1, " "1, " "1, " "1, " "1, " "0, " "1, " "1, " "1, " "1, " "1, " "1, " "1, " "0, " "0, " "0, " "0, " "0, " "0, " "0, " "0, " "0, " "0, " "0, " "0, " "0, " "0, " "0, "0
 "Nei235, 0.503, " "-0.881, " "-0.28, " "-0.759, " "0.784, " "-0.034, " "-0.109, " "0.27, " "-0.589, " "0, " "0, " "0, " "0, " "0, " "0, " "0, " "0, " "0, " "0, " "0, " "0, " "0, " "0, " "0, " "0, " "0, " "0, " "0, " "0, " "0, " "0, " "0, " "0, " "0, " "0, " "0, " "0, " "0, " "0, " "0, " "0, " "0, " "0, " "0, " "0, " "0, " "0, " "0, " "0, " "0, " "0, " "0, " "0, " "0, " "0, " "0, " "0, " "0, " "0, " "0, " "0, " "0, " "0, " "0, " "0, " "0, " "0, " "0, " "0, " "0, " "0, " "0, " "0, " "0, " "0, " "0, " "0, " "0, " "0, " "0, " "0, " "0, " "0, " "0, " "0, " "0, " "0, " "0, " "0, " "0, " "0, " "0, " "0, " "0, " "0, " "0, " "0, " "0, " "0, " "0, " "0, " "0, " "0, " "0, " "0, " "0, " "0, " "0, " "0, " "0, " "0, " "0, " "0, " "0, " "0, " "0, " "0, " "0, " "0, " "0, " "0, " "0, " "0, " "0, " "0, " "0, " "0, " "0, " "0, " "0, " "0, " "0, " "0, " "0, " "0, " "0, " "0, " "0, " "0, " "0, " "0, " "0, " "0, " "0, " "0, " "0, " "0, " "0, " "0, " "0, " "0, " "0, " "0, " "0, " "0, " "0, " "0, " "0, " "0, " "0, " "0, " "0, " "0, " "0, " "0, " "0, " "0, " "0, " "0, " "0, " "0, " "0, " "0, " "0, " "0, " "0, " "0, " "0, " "0, " "0, " "0, " "0, " "0, " "0, " "0, " "0, " "0, " "0, " "0, " "0, " "0, " "0, " "0, " "0, " "0, " "0, " "0, " "0, " "0, " "0, " "0, " "0, " "0, " "0, " "0, " "0, " "0, " "0, " "0, " "0, " "0, " "0, " "0, " "0, " "0, " "0, " "0, " "0, " "0, " "0, " "0, " "0, " "0, " "0, " "0, " "0, " "0, " "0, " "0, " "0, " "0, " "0, " "0, " "0, " "0, " "0, " "0, " "1, " "1, " "1, " "1, " "1, " "1, " "1, " "0, " "1, " "1, " "1, " "1, " "1, " "1, " "1, " "0, " "0, " "0, " "0, " "0, " "0, " "0, " "0, " "0, " "0, " "0, " "0, " "0, " "0, "0
 "Nei236, 0.404, " "-0.162, " "-0.768, " "0.027, " "0.565, " "0.363, " "-0.459, " "-0.709, " "-0.929, " "0, " "0, " "0, " "0, " "0, " "0, " "0, " "0, " "0, " "0, " "0, " "0, " "0, " "0, " "0, " "0, " "0, " "0, " "0, " "0, " "0, " "0, " "0, " "0, " "0, " "0, " "0, " "0, " "0, " "0, " "0, " "0, " "0, " "0, " "0, " "0, " "0, " "0, " "0, " "0, " "0, " "0, " "0, " "0, " "0, " "0, " "0, " "0, " "0, " "0, " "0, " "0, " "0, " "0, " "0, " "0, " "0, " "0, " "0, " "0, " "0, " "0, " "0, " "0, " "0, " "0, " "0, " "0, " "0, " "0, " "0, " "0, " "0, " "0, " "0, " "0, " "0, " "0, " "0, " "0, " "0, " "0, " "0, " "0, " "0, " "0, " "0, " "0, " "0, " "0, " "0, " "0, " "0, " "0, " "0, " "0, " "0, " "0, " "0, " "0, " "0, " "0, " "0, " "0, " "0, " "0, " "0, " "0, " "0, " "0, " "0, " "0, " "0, " "0, " "0, " "0, " "0, " "0, " "0, " "0, " "0, " "0, " "0, " "0, " "0, " "0, " "0, " "0, " "0, " "0, " "0, " "0, " "0, " "0, " "0, " "0, " "0, " "0, " "0, " "0, " "0, " "0, " "0, " "0, " "0, " "0, " "0, " "0, " "0, " "0, " "0, " "0, " "0, " "0, " "0, " "0, " "0, " "0, " "0, " "0, " "0, " "0, " "0, " "0, " "0, " "0, " "0, " "0, " "0, " "0, " "0, " "0, " "0, " "0, " "0, " "0, " "0, " "0, " "0, " "0, " "0, " "0, " "0, " "0, " "0, " "0, " "0, " "0, " "0, " "0, " "0, " "0, " "0, " "0, " "0, " "0, " "0, " "0, " "0, " "0, " "0, " "0, " "0, " "0, " "0, " "0, " "0, " "0, " "0, " "0, " "0, " "0, " "0, " "0, " "0, " "0, " "0, " "0, " "0, " "0, " "0, " "0, " "0, " "0, " "0, " "0, " "0, " "0, " "0, " "1, " "1, " "1, " "1, " "1, " "1, " "1, " "0, " "1, " "1, " "1, " "1, " "1, " "1, " "1, " "0, " "0, " "0, " "0, " "0, " "0, " "0, " "0, " "0, " "0, " "0, " "0, " "0, "0
 "Nei237, 0.539, " "-0.695, " "-0.085, " "0.603, " "-0.039, " "-0.181, " "-0.639, " "0.598, " "-0.851, " "0, " "0, " "0, " "0, " "0, " "0, " "0, " "0, " "0, " "0, " "0, " "0, " "0, " "0, " "0, " "0, " "0, " "0, " "0, " "0, " "0, " "0, " "0, " "0, " "0, " "0, " "0, " "0, " "0, " "0, " "0, " "0, " "0, " "0, " "0, " "0, " "0, " "0, " "0, " "0, " "0, " "0, " "0, " "0, " "0, " "0, " "0, " "0, " "0, " "0, " "0, " "0, " "0, " "0, " "0, " "0, " "0, " "0, " "0, " "0, " "0, " "0, " "0, " "0, " "0, " "0, " "0, " "0, " "0, " "0, " "0, " "0, " "0, " "0, " "0, " "0, " "0, " "0, " "0, " "0, " "0, " "0, " "0, " "0, " "0, " "0, " "0, " "0, " "0, " "0, " "0, " "0, " "0, " "0, " "0, " "0, " "0, " "0, " "0, " "0, " "0, " "0, " "0, " "0, " "0, " "0, " "0, " "0, " "0, " "0, " "0, " "0, " "0, " "0, " "0, " "0, " "0, " "0, " "0, " "0, " "0, " "0, " "0, " "0, " "0, " "0, " "0, " "0, " "0, " "0, " "0, " "0, " "0, " "0, " "0, " "0, " "0, " "0, " "0, " "0, " "0, " "0, " "0, " "0, " "0, " "0, " "0, " "0, " "0, " "0, " "0, " "0, " "0, " "0, " "0, " "0, " "0, " "0, " "0, " "0, " "0, " "0, " "0, " "0, " "0, " "0, " "0, " "0, " "0, " "0, " "0, " "0, " "0, " "0, " "0, " "0, " "0, " "0, " "0, " "0, " "0, " "0, " "0, " "0, " "0, " "0, " "0, " "0, " "0, " "0, " "0, " "0, " "0, " "0, " "0, " "0, " "0, " "0, " "0, " "0, " "0, " "0, " "0, " "0, " "0, " "0, " "0, " "0, " "0, " "0, " "0, " "0, " "0, " "0, " "0, " "0, " "0, " "0, " "0, " "0, " "0, " "0, " "0, " "0, " "0, " "0, " "0, " "0, " "0, " "0, " "1, " "1, " "1, " "1, " "1, " "1, " "1, " "0, " "1, " "1, " "1, " "1, " "1, " "1, " "1, " "0, " "0, " "0, " "0, " "0, " "0, " "0, " "0, " "0, " "0, " "0, " "0, "0
 "Nei238, 0.076, " "0.827, " "0.151, " "0.165, " "-0.61, " "-0.585, " "-0.805, " "0.339, " "-0.628, " "0, " "0, " "0, " "0, " "0, " "0, " "0, " "0, " "0, " "0, " "0, " "0, " "0, " "0, " "0, " "0, " "0, " "0, " "0, " "0, " "0, " "0, " "0, " "0, " "0, " "0, " "0, " "0, " "0, " "0, " "0, " "0, " "0, " "0, " "0, " "0, " "0, " "0, " "0, " "0, " "0, " "0, " "0, " "0, " "0, " "0, " "0, " "0, " "0, " "0, " "0, " "0, " "0, " "0, " "0, " "0, " "0, " "0, " "0, " "0, " "0, " "0, " "0, " "0, " "0, " "0, " "0, " "0, " "0, " "0, " "0, " "0, " "0, " "0, " "0, " "0, " "0, " "0, " "0, " "0, " "0, " "0, " "0, " "0, " "0, " "0, " "0, " "0, " "0, " "0, " "0, " "0, " "0, " "0, " "0, " "0, " "0, " "0, " "0, " "0, " "0, " "0, " "0, " "0, " "0, " "0, " "0, " "0, " "0, " "0, " "0, " "0, " "0, " "0, " "0, " "0, " "0, " "0, " "0, " "0, " "0, " "0, " "0, " "0, " "0, " "0, " "0, " "0, " "0, " "0, " "0, " "0, " "0, " "0, " "0, " "0, " "0, " "0, " "0, " "0, " "0, " "0, " "0, " "0, " "0, " "0, " "0, " "0, " "0, " "0, " "0, " "0, " "0, " "0, " "0, " "0, " "0, " "0, " "0, " "0, " "0, " "0, " "0, " "0, " "0, " "0, " "0, " "0, " "0, " "0, " "0, " "0, " "0, " "0, " "0, " "0, " "0, " "0, " "0, " "0, " "0, " "0, " "0, " "0, " "0, " "0, " "0, " "0, " "0, " "0, " "0, " "0, " "0, " "0, " "0, " "0, " "0, " "0, " "0, " "0, " "0, " "0, " "0, " "0, " "0, " "0, " "0, " "0, " "0, " "0, " "0, " "0, " "0, " "0, " "0, " "0, " "0, " "0, " "0, " "0, " "0, " "0, " "0, " "0, " "0, " "0, " "0, " "0, " "0, " "0, " "0, " "1, " "1, " "1, " "1, " "1, " "1, " "1, " "0, " "1, " "1, " "1, " "1, " "1, " "1, " "1, " "0, " "0, " "0, " "0, " "0, " "0, " "0, " "0, " "0, " "0, " "0, "0
 "Nei239, 0.564, " "0.628, " "-0.364, " "0.377, " "0.283, " "0.156, " "0.676, " "0.443, " "0.081, " "0, " "0, " "0, " "0, " "0, " "0, " "0, " "0, " "0, " "0, " "0, " "0, " "0, " "0, " "0, " "0, " "0, " "0, " "0, " "0, " "0, " "0, " "0, " "0, " "0, " "0, " "0, " "0, " "0, " "0, " "0, " "0, " "0, " "0, " "0, " "0, " "0, " "0, " "0, " "0, " "0, " "0, " "0, " "0, " "0, " "0, " "0, " "0, " "0, " "0, " "0, " "0, " "0, " "0, " "0, " "0, " "0, " "0, " "0, " "0, " "0, " "0, " "0, " "0, " "0, " "0, " "0, " "0, " "0, " "0, " "0, " "0, " "0, " "0, " "0, " "0, " "0, " "0, " "0, " "0, " "0, " "0, " "0, " "0, " "0, " "0, " "0, " "0, " "0, " "0, " "0, " "0, " "0, " "0, " "0, " "0, " "0, " "0, " "0, " "0, " "0, " "0, " "0, " "0, " "0, " "0, " "0, " "0, " "0, " "0, " "0, " "0, " "0, " "0, " "0, " "0, " "0, " "0, " "0, " "0, " "0, " "0, " "0, " "0, " "0, " "0, " "0, " "0, " "0, " "0, " "0, " "0, " "0, " "0, " "0, " "0, " "0, " "0, " "0, " "0, " "0, " "0, " "0, " "0, " "0, " "0, " "0, " "0, " "0, " "0, " "0, " "0, " "0, " "0, " "0, " "0, " "0, " "0, " "0, " "0, " "0, " "0, " "0, " "0, " "0, " "0, " "0, " "0, " "0, " "0, " "0, " "0, " "0, " "0, " "0, " "0, " "0, " "0, " "0, " "0, " "0, " "0, " "0, " "0, " "0, " "0, " "0, " "0, " "0, " "0, " "0, " "0, " "0, " "0, " "0, " "0, " "0, " "0, " "0, " "0, " "0, " "0, " "0, " "0, " "0, " "0, " "0, " "0, " "0, " "0, " "0, " "0, " "0, " "0, " "0, " "0, " "0, " "0, " "0, " "0, " "0, " "0, " "0, " "0, " "0, " "0, " "0, " "0, " "0, " "0, " "0, " "0, " "1, " "1, " "1, " "1, " "1, " "1, " "1, " "0, " "1, " "1, " "1, " "1, " "1, " "1, " "1, " "0, " "0, " "0, " "0, " "0, " "0, " "0, " "0, " "0, " "0, "0
 "Nei240, 0.36, " "-0.046, " "0.214, " "0.549, " "0.389, " "-0.574, " "0.672, " "0.71, " "-0.104, " "0, " "0, " "0, " "0, " "0, " "0, " "0, " "0, " "0, " "0, " "0, " "0, " "0, " "0, " "0, " "0, " "0, " "0, " "0, " "0, " "0, " "0, " "0, " "0, " "0, " "0, " "0, " "0, " "0, " "0, " "0, " "0, " "0, " "0, " "0, " "0, " "0, " "0, " "0, " "0, " "0, " "0, " "0, " "0, " "0, " "0, " "0, " "0, " "0, " "0, " "0, " "0, " "0, " "0, " "0, " "0, " "0, " "0, " "0, " "0, " "0, " "0, " "0, " "0, " "0, " "0, " "0, " "0, " "0, " "0, " "0, " "0, " "0, " "0, " "0, " "0, " "0, " "0, " "0, " "0, " "0, " "0, " "0, " "0, " "0, " "0, " "0, " "0, " "0, " "0, " "0, " "0, " "0, " "0, " "0, " "0, " "0, " "0, " "0, " "0, " "0, " "0, " "0, " "0, " "0, " "0, " "0, " "0, " "0, " "0, " "0, " "0, " "0, " "0, " "0, " "0, " "0, " "0, " "0, " "0, " "0, " "0, " "0, " "0, " "0, " "0, " "0, " "0, " "0, " "0, " "0, " "0, " "0, " "0, " "0, " "0, " "0, " "0, " "0, " "0, " "0, " "0, " "0, " "0, " "0, " "0, " "0, " "0, " "0, " "0, " "0, " "0, " "0, " "0, " "0, " "0, " "0, " "0, " "0, " "0, " "0, " "0, " "0, " "0, " "0, " "0, " "0, " "0, " "0, " "0, " "0, " "0, " "0, " "0, " "0, " "0, " "0, " "0, " "0, " "0, " "0, " "0, " "0, " "0, " "0, " "0, " "0, " "0, " "0, " "0, " "0, " "0, " "0, " "0, " "0, " "0, " "0, " "0, " "0, " "0, " "0, " "0, " "0, " "0, " "0, " "0, " "0, " "0, " "0, " "0, " "0, " "0, " "0, " "0, " "0, " "0, " "0, " "0, " "0, " "0, " "0, " "0, " "0, " "0, " "0, " "0, " "0, " "0, " "0, " "0, " "0, " "0, " "0, " "1, " "1, " "1, " "1, " "1, " "1, " "1, " "0, " "1, " "1, " "1, " "1, " "1, " "1, " "1, " "0, " "0, " "0, " "0, " "0, " "0, " "0, " "0, " "0, "0
 "Nei241, 0.598, " "0.928, " "0.522, " "0.817, " "0.878, " "0.302, " "-0.131, " "0.939, " "-0.459, " "0, " "0, " "0, " "0, " "0, " "0, " "0, " "0, " "0, " "0, " "0, " "0, " "0, " "0, " "0, " "0, " "0, " "0, " "0, " "0, " "0, " "0, " "0, " "0, " "0, " "0, " "0, " "0, " "0, " "0, " "0, " "0, " "0, " "0, " "0, " "0, " "0, " "0, " "0, " "0, " "0, " "0, " "0, " "0, " "0, " "0, " "0, " "0, " "0, " "0, " "0, " "0, " "0, " "0, " "0, " "0, " "0, " "0, " "0, " "0, " "0, " "0, " "0, " "0, " "0, " "0, " "0, " "0, " "0, " "0, " "0, " "0, " "0, " "0, " "0, " "0, " "0, " "0, " "0, " "0, " "0, " "0, " "0, " "0, " "0, " "0, " "0, " "0, " "0, " "0, " "0, " "0, " "0, " "0, " "0, " "0, " "0, " "0, " "0, " "0, " "0, " "0, " "0, " "0, " "0, " "0, " "0, " "0, " "0, " "0, " "0, " "0, " "0, " "0, " "0, " "0, " "0, " "0, " "0, " "0, " "0, " "0, " "0, " "0, " "0, " "0, " "0, " "0, " "0, " "0, " "0, " "0, " "0, " "0, " "0, " "0, " "0, " "0, " "0, " "0, " "0, " "0, " "0, " "0, " "0, " "0, " "0, " "0, " "0, " "0, " "0, " "0, " "0, " "0, " "0, " "0, " "0, " "0, " "0, " "0, " "0, " "0, " "0, " "0, " "0, " "0, " "0, " "0, " "0, " "0, " "0, " "0, " "0, " "0, " "0, " "0, " "0, " "0, " "0, " "0, " "0, " "0, " "0, " "0, " "0, " "0, " "0, " "0, " "0, " "0, " "0, " "0, " "0, " "0, " "0, " "0, " "0, " "0, " "0, " "0, " "0, " "0, " "0, " "0, " "0, " "0, " "0, " "0, " "0, " "0, " "0, " "0, " "0, " "0, " "0, " "0, " "0, " "0, " "0, " "0, " "0, " "0, " "0, " "0, " "0, " "0, " "0, " "0, " "0, " "0, " "0, " "0, " "0, " "0, " "1, " "1, " "1, " "1, " "1, " "1, " "1, " "0, " "1, " "1, " "1, " "1, " "1, " "1, " "1, " "0, " "0, " "0, " "0, " "0, " "0, " "0, " "0, "0
 "Nei242, 0.346, " "-0.53, " "0.309, " "-0.852, " "0.627, " "0.024, " "0.044, " "0.346, " "0.03, " "0, " "0, " "0, " "0, " "0, " "0, " "0, " "0, " "0, " "0, " "0, " "0, " "0, " "0, " "0, " "0, " "0, " "0, " "0, " "0, " "0, " "0, " "0, " "0, " "0, " "0, " "0, " "0, " "0, " "0, " "0, " "0, " "0, " "0, " "0, " "0, " "0, " "0, " "0, " "0, " "0, " "0, " "0, " "0, " "0, " "0, " "0, " "0, " "0, " "0, " "0, " "0, " "0, " "0, " "0, " "0, " "0, " "0, " "0, " "0, " "0, " "0, " "0, " "0, " "0, " "0, " "0, " "0, " "0, " "0, " "0, " "0, " "0, " "0, " "0, " "0, " "0, " "0, " "0, " "0, " "0, " "0, " "0, " "0, " "0, " "0, " "0, " "0, " "0, " "0, " "0, " "0, " "0, " "0, " "0, " "0, " "0, " "0, " "0, " "0, " "0, " "0, " "0, " "0, " "0, " "0, " "0, " "0, " "0, " "0, " "0, " "0, " "0, " "0, " "0, " "0, " "0, " "0, " "0, " "0, " "0, " "0, " "0, " "0, " "0, " "0, " "0, " "0, " "0, " "0, " "0, " "0, " "0, " "0, " "0, " "0, " "0, " "0, " "0, " "0, " "0, " "0, " "0, " "0, " "0, " "0, " "0, " "0, " "0, " "0, " "0, " "0, " "0, " "0, " "0, " "0, " "0, " "0, " "0, " "0, " "0, " "0, " "0, " "0, " "0, " "0, " "0, " "0, " "0, " "0, " "0, " "0, " "0, " "0, " "0, " "0, " "0, " "0, " "0, " "0, " "0, " "0, " "0, " "0, " "0, " "0, " "0, " "0, " "0, " "0, " "0, " "0, " "0, " "0, " "0, " "0, " "0, " "0, " "0, " "0, " "0, " "0, " "0, " "0, " "0, " "0, " "0, " "0, " "0, " "0, " "0, " "0, " "0, " "0, " "0, " "0, " "0, " "0, " "0, " "0, " "0, " "0, " "0, " "0, " "0, " "0, " "0, " "0, " "0, " "0, " "0, " "0, " "0, " "0, " "0, " "1, " "1, " "1, " "1, " "1, " "1, " "1, " "0, " "1, " "1, " "1, " "1, " "1, " "1, " "1, " "0, " "0, " "0, " "0, " "0, " "0, " "0, "0
 "Nei243, 0.398, " "-0.835, " "-0.552, " "0.46, " "-0.447, " "-0.159, " "0.794, " "0.163, " "0.55, " "0, " "0, " "0, " "0, " "0, " "0, " "0, " "0, " "0, " "0, " "0, " "0, " "0, " "0, " "0, " "0, " "0, " "0, " "0, " "0, " "0, " "0, " "0, " "0, " "0, " "0, " "0, " "0, " "0, " "0, " "0, " "0, " "0, " "0, " "0, " "0, " "0, " "0, " "0, " "0, " "0, " "0, " "0, " "0, " "0, " "0, " "0, " "0, " "0, " "0, " "0, " "0, " "0, " "0, " "0, " "0, " "0, " "0, " "0, " "0, " "0, " "0, " "0, " "0, " "0, " "0, " "0, " "0, " "0, " "0, " "0, " "0, " "0, " "0, " "0, " "0, " "0, " "0, " "0, " "0, " "0, " "0, " "0, " "0, " "0, " "0, " "0, " "0, " "0, " "0, " "0, " "0, " "0, " "0, " "0, " "0, " "0, " "0, " "0, " "0, " "0, " "0, " "0, " "0, " "0, " "0, " "0, " "0, " "0, " "0, " "0, " "0, " "0, " "0, " "0, " "0, " "0, " "0, " "0, " "0, " "0, " "0, " "0, " "0, " "0, " "0, " "0, " "0, " "0, " "0, " "0, " "0, " "0, " "0, " "0, " "0, " "0, " "0, " "0, " "0, " "0, " "0, " "0, " "0, " "0, " "0, " "0, " "0, " "0, " "0, " "0, " "0, " "0, " "0, " "0, " "0, " "0, " "0, " "0, " "0, " "0, " "0, " "0, " "0, " "0, " "0, " "0, " "0, " "0, " "0, " "0, " "0, " "0, " "0, " "0, " "0, " "0, " "0, " "0, " "0, " "0, " "0, " "0, " "0, " "0, " "0, " "0, " "0, " "0, " "0, " "0, " "0, " "0, " "0, " "0, " "0, " "0, " "0, " "0, " "0, " "0, " "0, " "0, " "0, " "0, " "0, " "0, " "0, " "0, " "0, " "0, " "0, " "0, " "0, " "0, " "0, " "0, " "0, " "0, " "0, " "0, " "0, " "0, " "0, " "0, " "0, " "0, " "0, " "0, " "0, " "0, " "0, " "0, " "0, " "0, " "0, " "1, " "1, " "1, " "1, " "1, " "1, " "1, " "0, " "1, " "1, " "1, " "1, " "1, " "1, " "1, " "0, " "0, " "0, " "0, " "0, " "0, "0
 "Nei244, 0.277, " "0.496, " "-0.766, " "-0.034, " "-0.513, " "0.107, " "0.846, " "0.48, " "0.57, " "0, " "0, " "0, " "0, " "0, " "0, " "0, " "0, " "0, " "0, " "0, " "0, " "0, " "0, " "0, " "0, " "0, " "0, " "0, " "0, " "0, " "0, " "0, " "0, " "0, " "0, " "0, " "0, " "0, " "0, " "0, " "0, " "0, " "0, " "0, " "0, " "0, " "0, " "0, " "0, " "0, " "0, " "0, " "0, " "0, " "0, " "0, " "0, " "0, " "0, " "0, " "0, " "0, " "0, " "0, " "0, " "0, " "0, " "0, " "0, " "0, " "0, " "0, " "0, " "0, " "0, " "0, " "0, " "0, " "0, " "0, " "0, " "0, " "0, " "0, " "0, " "0, " "0, " "0, " "0, " "0, " "0, " "0, " "0, " "0, " "0, " "0, " "0, " "0, " "0, " "0, " "0, " "0, " "0, " "0, " "0, " "0, " "0, " "0, " "0, " "0, " "0, " "0, " "0, " "0, " "0, " "0, " "0, " "0, " "0, " "0, " "0, " "0, " "0, " "0, " "0, " "0, " "0, " "0, " "0, " "0, " "0, " "0, " "0, " "0, " "0, " "0, " "0, " "0, " "0, " "0, " "0, " "0, " "0, " "0, " "0, " "0, " "0, " "0, " "0, " "0, " "0, " "0, " "0, " "0, " "0, " "0, " "0, " "0, " "0, " "0, " "0, " "0, " "0, " "0, " "0, " "0, " "0, " "0, " "0, " "0, " "0, " "0, " "0, " "0, " "0, " "0, " "0, " "0, " "0, " "0, " "0, " "0, " "0, " "0, " "0, " "0, " "0, " "0, " "0, " "0, " "0, " "0, " "0, " "0, " "0, " "0, " "0, " "0, " "0, " "0, " "0, " "0, " "0, " "0, " "0, " "0, " "0, " "0, " "0, " "0, " "0, " "0, " "0, " "0, " "0, " "0, " "0, " "0, " "0, " "0, " "0, " "0, " "0, " "0, " "0, " "0, " "0, " "0, " "0, " "0, " "0, " "0, " "0, " "0, " "0, " "0, " "0, " "0, " "0, " "0, " "0, " "0, " "0, " "0, " "0, " "0, " "1, " "1, " "1, " "1, " "1, " "1, " "1, " "0, " "1, " "1, " "1, " "1, " "1, " "1, " "1, " "0, " "0, " "0, " "0, " "0, "0
 "Nei245, 0.048, " "-0.872, " "-0.324, " "-0.92, " "0.737, " "-0.764, " "-0.51, " "-0.11, " "-0.122, " "0, " "0, " "0, " "0, " "0, " "0, " "0, " "0, " "0, " "0, " "0, " "0, " "0, " "0, " "0, " "0, " "0, " "0, " "0, " "0, " "0, " "0, " "0, " "0, " "0, " "0, " "0, " "0, " "0, " "0, " "0, " "0, " "0, " "0, " "0, " "0, " "0, " "0, " "0, " "0, " "0, " "0, " "0, " "0, " "0, " "0, " "0, " "0, " "0, " "0, " "0, " "0, " "0, " "0, " "0, " "0, " "0, " "0, " "0, " "0, " "0, " "0, " "0, " "0, " "0, " "0, " "0, " "0, " "0, " "0, " "0, " "0, " "0, " "0, " "0, " "0, " "0, " "0, " "0, " "0, " "0, " "0, " "0, " "0, " "0, " "0, " "0, " "0, " "0, " "0, " "0, " "0, " "0, " "0, " "0, " "0, " "0, " "0, " "0, " "0, " "0, " "0, " "0, " "0, " "0, " "0, " "0, " "0, " "0, " "0, " "0, " "0, " "0, " "0, " "0, " "0, " "0, " "0, " "0, " "0, " "0, " "0, " "0, " "0, " "0, " "0, " "0, " "0, " "0, " "0, " "0, " "0, " "0, " "0, " "0, " "0, " "0, " "0, " "0, " "0, " "0, " "0, " "0, " "0, " "0, " "0, " "0, " "0, " "0, " "0, " "0, " "0, " "0, " "0, " "0, " "0, " "0, " "0, " "0, " "0, " "0, " "0, " "0, " "0, " "0, " "0, " "0, " "0, " "0, " "0, " "0, " "0, " "0, " "0, " "0, " "0, " "0, " "0, " "0, " "0, " "0, " "0, " "0, " "0, " "0, " "0, " "0, " "0, " "0, " "0, " "0, " "0, " "0, " "0, " "0, " "0, " "0, " "0, " "0, " "0, " "0, " "0, " "0, " "0, " "0, " "0, " "0, " "0, " "0, " "0, " "0, " "0, " "0, " "0, " "0, " "0, " "0, " "0, " "0, " "0, " "0, " "0, " "0, " "0, " "0, " "0, " "0, " "0, " "0, " "0, " "0, " "0, " "0, " "0, " "0, " "0, " "0, " "0, " "1, " "1, " "1, " "1, " "1, " "1, " "1, " "0, " "1, " "1, " "1, " "1, " "1, " "1, " "1, " "0, " "0, " "0, " "0, "0
 "Nei246, 0.597, " "0.699, " "-0.635, " "-0.416, " "-0.695, " "0.725, " "-0.698, " "-0.988, " "0.037, " "0, " "0, " "0, " "0, " "0, " "0, " "0, " "0, " "0, " "0, " "0, " "0, " "0, " "0, " "0, " "0, " "0, " "0, " "0, " "0, " "0, " "0, " "0, " "0, " "0, " "0, " "0, " "0, " "0, " "0, " "0, " "0, " "0, " "0, " "0, " "0, " "0, " "0, " "0, " "0, " "0, " "0, " "0, " "0, " "0, " "0, " "0, " "0, " "0, " "0, " "0, " "0, " "0, " "0, " "0, " "0, " "0, " "0, " "0, " "0, " "0, " "0, " "0, " "0, " "0, " "0, " "0, " "0, " "0, " "0, " "0, " "0, " "0, " "0, " "0, " "0, " "0, " "0, " "0, " "0, " "0, " "0, " "0, " "0, " "0, " "0, " "0, " "0, " "0, " "0, " "0, " "0, " "0, " "0, " "0, " "0, " "0, " "0, " "0, " "0, " "0, " "0, " "0, " "0, " "0, " "0, " "0, " "0, " "0, " "0, " "0, " "0, " "0, " "0, " "0, " "0, " "0, " "0, " "0, " "0, " "0, " "0, " "0, " "0, " "0, " "0, " "0, " "0, " "0, " "0, " "0, " "0, " "0, " "0, " "0, " "0, " "0, " "0, " "0, " "0, " "0, " "0, " "0, " "0, " "0, " "0, " "0, " "0, " "0, " "0, " "0, " "0, " "0, " "0, " "0, " "0, " "0, " "0, " "0, " "0, " "0, " "0, " "0, " "0, " "0, " "0, " "0, " "0, " "0, " "0, " "0, " "0, " "0, " "0, " "0, " "0, " "0, " "0, " "0, " "0, " "0, " "0, " "0, " "0, " "0, " "0, " "0, " "0, " "0, " "0, " "0, " "0, " "0, " "0, " "0, " "0, " "0, " "0, " "0, " "0, " "0, " "0, " "0, " "0, " "0, " "0, " "0, " "0, " "0, " "0, " "0, " "0, " "0, " "0, " "0, " "0, " "0, " "0, " "0, " "0, " "0, " "0, " "0, " "0, " "0, " "0, " "0, " "0, " "0, " "0, " "0, " "0, " "0, " "0, " "0, " "0, " "0, " "0, " "0, " "1, " "1, " "1, " "1, " "1, " "1, " "1, " "0, " "1, " "1, " "1, " "1, " "1, " "1, " "1, " "0, " "0, " "0, "0
 "Nei247, 0.26, " "-0.647, " "0.127, " "-0.799, " "0.375, " "0.844, " "-0.79, " "0.481, " "-0.25, " "0, " "0, " "0, " "0, " "0, " "0, " "0, " "0, " "0, " "0, " "0, " "0, " "0, " "0, " "0, " "0, " "0, " "0, " "0, " "0, " "0, " "0, " "0, " "0, " "0, " "0, " "0, " "0, " "0, " "0, " "0, " "0, " "0, " "0, " "0, " "0, " "0, " "0, " "0, " "0, " "0, " "0, " "0, " "0, " "0, " "0, " "0, " "0, " "0, " "0, " "0, " "0, " "0, " "0, " "0, " "0, " "0, " "0, " "0, " "0, " "0, " "0, " "0, " "0, " "0, " "0, " "0, " "0, " "0, " "0, " "0, " "0, " "0, " "0, " "0, " "0, " "0, " "0, " "0, " "0, " "0, " "0, " "0, " "0, " "0, " "0, " "0, " "0, " "0, " "0, " "0, " "0, " "0, " "0, " "0, " "0, " "0, " "0, " "0, " "0, " "0, " "0, " "0, " "0, " "0, " "0, " "0, " "0, " "0, " "0, " "0, " "0, " "0, " "0, " "0, " "0, " "0, " "0, " "0, " "0, " "0, " "0, " "0, " "0, " "0, " "0, " "0, " "0, " "0, " "0, " "0, " "0, " "0, " "0, " "0, " "0, " "0, " "0, " "0, " "0, " "0, " "0, " "0, " "0, " "0, " "0, " "0, " "0, " "0, " "0, " "0, " "0, " "0, " "0, " "0, " "0, " "0, " "0, " "0, " "0, " "0, " "0, " "0, " "0, " "0, " "0, " "0, " "0, " "0, " "0, " "0, " "0, " "0, " "0, " "0, " "0, " "0, " "0, " "0, " "0, " "0, " "0, " "0, " "0, " "0, " "0, " "0, " "0, " "0, " "0, " "0, " "0, " "0, " "0, " "0, " "0, " "0, " "0, " "0, " "0, " "0, " "0, " "0, " "0, " "0, " "0, " "0, " "0, " "0, " "0, " "0, " "0, " "0, " "0, " "0, " "0, " "0, " "0, " "0, " "0, " "0, " "0, " "0, " "0, " "0, " "0, " "0, " "0, " "0, " "0, " "0, " "0, " "0, " "0, " "0, " "0, " "0, " "0, " "0, " "0, " "1, " "1, " "1, " "1, " "1, " "1, " "1, " "0, " "1, " "1, " "1, " "1, " "1, " "1, " "1, " "0, " "0, "0
 "Nei248, 0.167, " "0.68, " "-0.195, " "-0.387, " "-0.742, " "0.494, " "-0.859, " "0.199, " "-0.486, " "0, " "0, " "0, " "0, " "0, " "0, " "0, " "0, " "0, " "0, " "0, " "0, " "0, " "0, " "0, " "0, " "0, " "0, " "0, " "0, " "0, " "0, " "0, " "0, " "0, " "0, " "0, " "0, " "0, " "0, " "0, " "0, " "0, " "0, " "0, " "0, " "0, " "0, " "0, " "0, " "0, " "0, " "0, " "0, " "0, " "0, " "0, " "0, " "0, " "0, " "0, " "0, " "0, " "0, " "0, " "0, " "0, " "0, " "0, " "0, " "0, " "0, " "0, " "0, " "0, " "0, " "0, " "0, " "0, " "0, " "0, " "0, " "0, " "0, " "0, " "0, " "0, " "0, " "0, " "0, " "0, " "0, " "0, " "0, " "0, " "0, " "0, " "0, " "0, " "0, " "0, " "0, " "0, " "0, " "0, " "0, " "0, " "0, " "0, " "0, " "0, " "0, " "0, " "0, " "0, " "0, " "0, " "0, " "0, " "0, " "0, " "0, " "0, " "0, " "0, " "0, " "0, " "0, " "0, " "0, " "0, " "0, " "0, " "0, " "0, " "0, " "0, " "0, " "0, " "0, " "0, " "0, " "0, " "0, " "0, " "0, " "0, " "0, " "0, " "0, " "0, " "0, " "0, " "0, " "0, " "0, " "0, " "0, " "0, " "0, " "0, " "0, " "0, " "0, " "0, " "0, " "0, " "0, " "0, " "0, " "0, " "0, " "0, " "0, " "0, " "0, " "0, " "0, " "0, " "0, " "0, " "0, " "0, " "0, " "0, " "0, " "0, " "0, " "0, " "0, " "0, " "0, " "0, " "0, " "0, " "0, " "0, " "0, " "0, " "0, " "0, " "0, " "0, " "0, " "0, " "0, " "0, " "0, " "0, " "0, " "0, " "0, " "0, " "0, " "0, " "0, " "0, " "0, " "0, " "0, " "0, " "0, " "0, " "0, " "0, " "0, " "0, " "0, " "0, " "0, " "0, " "0, " "0, " "0, " "0, " "0, " "0, " "0, " "0, " "0, " "0, " "0, " "0, " "0, " "0, " "0, " "0, " "0, " "0, " "0, " "0, " "1, " "1, " "1, " "1, " "1, " "1, " "1, " "0, " "1, " "1, " "1, " "1, " "1, " "1, " "1, " "0, "0
 "Nei249, 0.548, " "-0.715, " "0.451, " "-0.575, " "0.205, " "0.913, " "-0.903, " "-0.865, " "-0.908, " "0, " "0, " "0, " "0, " "0, " "0, " "0, " "0, " "0, " "0, " "0, " "0, " "0, " "0, " "0, " "0, " "0, " "0, " "0, " "0, " "0, " "0, " "0, " "0, " "0, " "0, " "0, " "0, " "0, " "0, " "0, " "0, " "0, " "0, " "0, " "0, " "0, " "0, " "0, " "0, " "0, " "0, " "0, " "0, " "0, " "0, " "0, " "0, " "0, " "0, " "0, " "0, " "0, " "0, " "0, " "0, " "0, " "0, " "0, " "0, " "0, " "0, " "0, " "0, " "0, " "0, " "0, " "0, " "0, " "0, " "0, " "0, " "0, " "0, " "0, " "0, " "0, " "0, " "0, " "0, " "0, " "0, " "0, " "0, " "0, " "0, " "0, " "0, " "0, " "0, " "0, " "0, " "0, " "0, " "0, " "0, " "0, " "0, " "0, " "0, " "0, " "0, " "0, " "0, " "0, " "0, " "0, " "0, " "0, " "0, " "0, " "0, " "0, " "0, " "0, " "0, " "0, " "0, " "0, " "0, " "0, " "0, " "0, " "0, " "0, " "0, " "0, " "0, " "0, " "0, " "0, " "0, " "0, " "0, " "0, " "0, " "0, " "0, " "0, " "0, " "0, " "0, " "0, " "0, " "0, " "0, " "0, " "0, " "0, " "0, " "0, " "0, " "0, " "0, " "0, " "0, " "0, " "0, " "0, " "0, " "0, " "0, " "0, " "0, " "0, " "0, " "0, " "0, " "0, " "0, " "0, " "0, " "0, " "0, " "0, " "0, " "0, " "0, " "0, " "0, " "0, " "0, " "0, " "0, " "0, " "0, " "0, " "0, " "0, " "0, " "0, " "0, " "0, " "0, " "0, " "0, " "0, " "0, " "0, " "0, " "0, " "0, " "0, " "0, " "0, " "0, " "0, " "0, " "0, " "0, " "0, " "0, " "0, " "0, " "0, " "0, " "0, " "0, " "0, " "0, " "0, " "0, " "0, " "0, " "0, " "0, " "0, " "0, " "0, " "0, " "0, " "0, " "0, " "0, " "0, " "0, " "0, " "0, " "0, " "0, " "0, " "0, " "1, " "1, " "1, " "1, " "1, " "1, " "1, " "0, " "1, " "1, " "1, " "1, " "1, " "1, " "1, "0
 "Nei250, 0.352, " "-0.204, " "0.596, " "-0.188, " "0.397, " "-0.151, " "-0.699, " "0.98, " "-0.931, " "1, " "0, " "0, " "0, " "0, " "0, " "0, " "0, " "0, " "0, " "0, " "0, " "0, " "0, " "0, " "0, " "0, " "0, " "0, " "0, " "0, " "0, " "0, " "0, " "0, " "0, " "0, " "0, " "0, " "0, " "0, " "0, " "0, " "0, " "0, " "0, " "0, " "0, " "0, " "0, " "0, " "0, " "0, " "0, " "0, " "0, " "0, " "0, " "0, " "0, " "0, " "0, " "0, " "0, " "0, " "0, " "0, " "0, " "0, " "0, " "0, " "0, " "0, " "0, " "0, " "0, " "0, " "0, " "0, " "0, " "0, " "0, " "0, " "0, " "0, " "0, " "0, " "0, " "0, " "0, " "0, " "0, " "0, " "0, " "0, " "0, " "0, " "0, " "0, " "0, " "0, " "0, " "0, " "0, " "0, " "0, " "0, " "0, " "0, " "0, " "0, " "0, " "0, " "0, " "0, " "0, " "0, " "0, " "0, " "0, " "0, " "0, " "0, " "0, " "0, " "0, " "0, " "0, " "0, " "0, " "0, " "0, " "0, " "0, " "0, " "0, " "0, " "0, " "0, " "0, " "0, " "0, " "0, " "0, " "0, " "0, " "0, " "0, " "0, " "0, " "0, " "0, " "0, " "0, " "0, " "0, " "0, " "0, " "0, " "0, " "0, " "0, " "0, " "0, " "0, " "0, " "0, " "0, " "0, " "0, " "0, " "0, " "0, " "0, " "0, " "0, " "0, " "0, " "0, " "0, " "0, " "0, " "0, " "0, " "0, " "0, " "0, " "0, " "0, " "0, " "0, " "0, " "0, " "0, " "0, " "0, " "0, " "0, " "0, " "0, " "0, " "0, " "0, " "0, " "0, " "0, " "0, " "0, " "0, " "0, " "0, " "0, " "0, " "0, " "0, " "0, " "0, " "0, " "0, " "0, " "0, " "0, " "0, " "0, " "0, " "0, " "0, " "0, " "0, " "0, " "0, " "0, " "0, " "0, " "0, " "0, " "0, " "0, " "0, " "0, " "0, " "0, " "0, " "0, " "0, " "0, " "0, " "0, " "0, " "0, " "0, " "0, " "0, " "1, " "1, " "1, " "1, " "1, " "1, " "1, " "0, " "1, " "1, " "1, " "1, " "1, " "1, "0
 "Nei251, 0.2, " "0.322, " "0.665, " "-0.129, " "0.982, " "-0.595, " "0.193, " "0.419, " "-0.519, " "1, " "1, " "0, " "0, " "0, " "0, " "0, " "0, " "0, " "0, " "0, " "0, " "0, " "0, " "0, " "0, " "0, " "0, " "0, " "0, " "0, " "0, " "0, " "0, " "0, " "0, " "0, " "0, " "0, " "0, " "0, " "0, " "0, " "0, " "0, " "0, " "0, " "0, " "0, " "0, " "0, " "0, " "0, " "0, " "0, " "0, " "0, " "0, " "0, " "0, " "0, " "0, " "0, " "0, " "0, " "0, " "0, " "0, " "0, " "0, " "0, " "0, " "0, " "0, " "0, " "0, " "0, " "0, " "0, " "0, " "0, " "0, " "0, " "0, " "0, " "0, " "0, " "0, " "0, " "0, " "0, " "0, " "0, " "0, " "0, " "0, " "0, " "0, " "0, " "0, " "0, " "0, " "0, " "0, " "0, " "0, " "0, " "0, " "0, " "0, " "0, " "0, " "0, " "0, " "0, " "0, " "0, " "0, " "0, " "0, " "0, " "0, " "0, " "0, " "0, " "0, " "0, " "0, " "0, " "0, " "0, " "0, " "0, " "0, " "0, " "0, " "0, " "0, " "0, " "0, " "0, " "0, " "0, " "0, " "0, " "0, " "0, " "0, " "0, " "0, " "0, " "0, " "0, " "0, " "0, " "0, " "0, " "0, " "0, " "0, " "0, " "0, " "0, " "0, " "0, " "0, " "0, " "0, " "0, " "0, " "0, " "0, " "0, " "0, " "0, " "0, " "0, " "0, " "0, " "0, " "0, " "0, " "0, " "0, " "0, " "0, " "0, " "0, " "0, " "0, " "0, " "0, " "0, " "0, " "0, " "0, " "0, " "0, " "0, " "0, " "0, " "0, " "0, " "0, " "0, " "0, " "0, " "0, " "0, " "0, " "0, " "0, " "0, " "0, " "0, " "0, " "0, " "0, " "0, " "0, " "0, " "0, " "0, " "0, " "0, " "0, " "0, " "0, " "0, " "0, " "0, " "0, " "0, " "0, " "0, " "0, " "0, " "0, " "0, " "0, " "0, " "0, " "0, " "0, " "0, " "0, " "0, " "0, " "0, " "0, " "0, " "0, " "0, " "0, " "1, " "1, " "1, " "1, " "1, " "1, " "1, " "0, " "1, " "1, " "1, " "1, " "1, "0
 "Nei252, 0.538, " "-0.412, " "-0.976, " "-0.963, " "-0.734, " "-0.168, " "0.069, " "-0.553, " "0.272, " "1, " "1, " "1, " "0, " "0, " "0, " "0, " "0, " "0, " "0, " "0, " "0, " "0, " "0, " "0, " "0, " "0, " "0, " "0, " "0, " "0, " "0, " "0, " "0, " "0, " "0, " "0, " "0, " "0, " "0, " "0, " "0, " "0, " "0, " "0, " "0, " "0, " "0, " "0, " "0, " "0, " "0, " "0, " "0, " "0, " "0, " "0, " "0, " "0, " "0, " "0, " "0, " "0, " "0, " "0, " "0, " "0, " "0, " "0, " "0, " "0, " "0, " "0, " "0, " "0, " "0, " "0, " "0, " "0, " "0, " "0, " "0, " "0, " "0, " "0, " "0, " "0, " "0, " "0, " "0, " "0, " "0, " "0, " "0, " "0, " "0, " "0, " "0, " "0, " "0, " "0, " "0, " "0, " "0, " "0, " "0, " "0, " "0, " "0, " "0, " "0, " "0, " "0, " "0, " "0, " "0, " "0, " "0, " "0, " "0, " "0, " "0, " "0, " "0, " "0, " "0, " "0, " "0, " "0, " "0, " "0, " "0, " "0, " "0, " "0, " "0, " "0, " "0, " "0, " "0, " "0, " "0, " "0, " "0, " "0, " "0, " "0, " "0, " "0, " "0, " "0, " "0, " "0, " "0, " "0, " "0, " "0, " "0, " "0, " "0, " "0, " "0, " "0, " "0, " "0, " "0, " "0, " "0, " "0, " "0, " "0, " "0, " "0, " "0, " "0, " "0, " "0, " "0, " "0, " "0, " "0, " "0, " "0, " "0, " "0, " "0, " "0, " "0, " "0, " "0, " "0, " "0, " "0, " "0, " "0, " "0, " "0, " "0, " "0, " "0, " "0, " "0, " "0, " "0, " "0, " "0, " "0, " "0, " "0, " "0, " "0, " "0, " "0, " "0, " "0, " "0, " "0, " "0, " "0, " "0, " "0, " "0, " "0, " "0, " "0, " "0, " "0, " "0, " "0, " "0, " "0, " "0, " "0, " "0, " "0, " "0, " "0, " "0, " "0, " "0, " "0, " "0, " "0, " "0, " "0, " "0, " "0, " "0, " "0, " "0, " "0, " "0, " "0, " "0, " "0, " "1, " "1, " "1, " "1, " "1, " "1, " "1, " "0, " "1, " "1, " "1, " "1, "0
 "Nei253, 0.134, " "-0.998, " "-0.739, " "-0.891, " "0.067, " "0.234, " "0.618, " "0.271, " "-0.947, " "1, " "1, " "1, " "1, " "0, " "0, " "0, " "0, " "0, " "0, " "0, " "0, " "0, " "0, " "0, " "0, " "0, " "0, " "0, " "0, " "0, " "0, " "0, " "0, " "0, " "0, " "0, " "0, " "0, " "0, " "0, " "0, " "0, " "0, " "0, " "0, " "0, " "0, " "0, " "0, " "0, " "0, " "0, " "0, " "0, " "0, " "0, " "0, " "0, " "0, " "0, " "0, " "0, " "0, " "0, " "0, " "0, " "0, " "0, " "0, " "0, " "0, " "0, " "0, " "0, " "0, " "0, " "0, " "0, " "0, " "0, " "0, " "0, " "0, " "0, " "0, " "0, " "0, " "0, " "0, " "0, " "0, " "0, " "0, " "0, " "0, " "0, " "0, " "0, " "0, " "0, " "0, " "0, " "0, " "0, " "0, " "0, " "0, " "0, " "0, " "0, " "0, " "0, " "0, " "0, " "0, " "0, " "0, " "0, " "0, " "0, " "0, " "0, " "0, " "0, " "0, " "0, " "0, " "0, " "0, " "0, " "0, " "0, " "0, " "0, " "0, " "0, " "0, " "0, " "0, " "0, " "0, " "0, " "0, " "0, " "0, " "0, " "0, " "0, " "0, " "0, " "0, " "0, " "0, " "0, " "0, " "0, " "0, " "0, " "0, " "0, " "0, " "0, " "0, " "0, " "0, " "0, " "0, " "0, " "0, " "0, " "0, " "0, " "0, " "0, " "0, " "0, " "0, " "0, " "0, " "0, " "0, " "0, " "0, " "0, " "0, " "0, " "0, " "0, " "0, " "0, " "0, " "0, " "0, " "0, " "0, " "0, " "0, " "0, " "0, " "0, " "0, " "0, " "0, " "0, " "0, " "0, " "0, " "0, " "0, " "0, " "0, " "0, " "0, " "0, " "0, " "0, " "0, " "0, " "0, " "0, " "0, " "0, " "0, " "0, " "0, " "0, " "0, " "0, " "0, " "0, " "0, " "0, " "0, " "0, " "0, " "0, " "0, " "0, " "0, " "0, " "0, " "0, " "0, " "0, " "0, " "0, " "0, " "0, " "0, " "0, " "0, " "0, " "0, " "0, " "0, " "1, " "1, " "1, " "1, " "1, " "1, " "1, " "0, " "1, " "1, " "1, "0
 "Nei254, 0.518, " "0.472, " "0.791, " "0.642, " "0.727, " "0.73, " "0.437, " "0.801, " "0.382, " "1, " "1, " "1, " "1, " "1, " "0, " "0, " "0, " "0, " "0, " "0, " "0, " "0, " "0, " "0, " "0, " "0, " "0, " "0, " "0, " "0, " "0, " "0, " "0, " "0, " "0, " "0, " "0, " "0, " "0, " "0, " "0, " "0, " "0, " "0, " "0, " "0, " "0, " "0, " "0, " "0, " "0, " "0, " "0, " "0, " "0, " "0, " "0, " "0, " "0, " "0, " "0, " "0, " "0, " "0, " "0, " "0, " "0, " "0, " "0, " "0, " "0, " "0, " "0, " "0, " "0, " "0, " "0, " "0, " "0, " "0, " "0, " "0, " "0, " "0, " "0, " "0, " "0, " "0, " "0, " "0, " "0, " "0, " "0, " "0, " "0, " "0, " "0, " "0, " "0, " "0, " "0, " "0, " "0, " "0, " "0, " "0, " "0, " "0, " "0, " "0, " "0, " "0, " "0, " "0, " "0, " "0, " "0, " "0, " "0, " "0, " "0, " "0, " "0, " "0, " "0, " "0, " "0, " "0, " "0, " "0, " "0, " "0, " "0, " "0, " "0, " "0, " "0, " "0, " "0, " "0, " "0, " "0, " "0, " "0, " "0, " "0, " "0, " "0, " "0, " "0, " "0, " "0, " "0, " "0, " "0, " "0, " "0, " "0, " "0, " "0, " "0, " "0, " "0, " "0, " "0, " "0, " "0, " "0, " "0, " "0, " "0, " "0, " "0, " "0, " "0, " "0, " "0, " "0, " "0, " "0, " "0, " "0, " "0, " "0, " "0, " "0, " "0, " "0, " "0, " "0, " "0, " "0, " "0, " "0, " "0, " "0, " "0, " "0, " "0, " "0, " "0, " "0, " "0, " "0, " "0, " "0, " "0, " "0, " "0, " "0, " "0, " "0, " "0, " "0, " "0, " "0, " "0, " "0, " "0, " "0, " "0, " "0, " "0, " "0, " "0, " "0, " "0, " "0, " "0, " "0, " "0, " "0, " "0, " "0, " "0, " "0, " "0, " "0, " "0, " "0, " "0, " "0, " "0, " "0, " "0, " "0, " "0, " "0, " "0, " "0, " "0, " "0, " "0, " "0, " "0, " "0, " "1, " "1, " "1, " "1, " "1, " "1, " "1, " "0, " "1, " "1, "0
 "Nei255, 0.405, " "-0.025, " "-0.294, " "0.484, " "0.375, " "0.804, " "0.648, " "-0.426, " "0.657, " "1, " "1, " "1, " "1, " "1, " "1, " "0, " "0, " "0, " "0, " "0, " "0, " "0, " "0, " "0, " "0, " "0, " "0, " "0, " "0, " "0, " "0, " "0, " "0, " "0, " "0, " "0, " "0, " "0, " "0, " "0, " "0, " "0, " "0, " "0, " "0, " "0, " "0, " "0, " "0, " "0, " "0, " "0, " "0, " "0, " "0, " "0, " "0, " "0, " "0, " "0, " "0, " "0, " "0, " "0, " "0, " "0, " "0, " "0, " "0, " "0, " "0, " "0, " "0, " "0, " "0, " "0, " "0, " "0, " "0, " "0, " "0, " "0, " "0, " "0, " "0, " "0, " "0, " "0, " "0, " "0, " "0, " "0, " "0, " "0, " "0, " "0, " "0, " "0, " "0, " "0, " "0, " "0, " "0, " "0, " "0, " "0, " "0, " "0, " "0, " "0, " "0, " "0, " "0, " "0, " "0, " "0, " "0, " "0, " "0, " "0, " "0, " "0, " "0, " "0, " "0, " "0, " "0, " "0, " "0, " "0, " "0, " "0, " "0, " "0, " "0, " "0, " "0, " "0, " "0, " "0, " "0, " "0, " "0, " "0, " "0, " "0, " "0, " "0, " "0, " "0, " "0, " "0, " "0, " "0, " "0, " "0, " "0, " "0, " "0, " "0, " "0, " "0, " "0, " "0, " "0, " "0, " "0, " "0, " "0, " "0, " "0, " "0, " "0, " "0, " "0, " "0, " "0, " "0, " "0, " "0, " "0, " "0, " "0, " "0, " "0, " "0, " "0, " "0, " "0, " "0, " "0, " "0, " "0, " "0, " "0, " "0, " "0, " "0, " "0, " "0, " "0, " "0, " "0, " "0, " "0, " "0, " "0, " "0, " "0, " "0, " "0, " "0, " "0, " "0, " "0, " "0, " "0, " "0, " "0, " "0, " "0, " "0, " "0, " "0, " "0, " "0, " "0, " "0, " "0, " "0, " "0, " "0, " "0, " "0, " "0, " "0, " "0, " "0, " "0, " "0, " "0, " "0, " "0, " "0, " "0, " "0, " "0, " "0, " "0, " "0, " "0, " "0, " "0, " "0, " "0, " "0, " "0, " "1, " "1, " "1, " "1, " "1, " "1, " "1, " "0, " "1, "0
 "Nei256, 0.459, " "0.841, " "0.542, " "-0.413, " "0.592, " "-0.877, " "0.704, " "-0.767, " "-0.742, " "1, " "1, " "1, " "1, " "1, " "1, " "1, " "0, " "0, " "0, " "0, " "0, " "0, " "0, " "0, " "0, " "0, " "0, " "0, " "0, " "0, " "0, " "0, " "0, " "0, " "0, " "0, " "0, " "0, " "0, " "0, " "0, " "0, " "0, " "0, " "0, " "0, " "0, " "0, " "0, " "0, " "0, " "0, " "0, " "0, " "0, " "0, " "0, " "0, " "0, " "0, " "0, " "0, " "0, " "0, " "0, " "0, " "0, " "0, " "0, " "0, " "0, " "0, " "0, " "0, " "0, " "0, " "0, " "0, " "0, " "0, " "0, " "0, " "0, " "0, " "0, " "0, " "0, " "0, " "0, " "0, " "0, " "0, " "0, " "0, " "0, " "0, " "0, " "0, " "0, " "0, " "0, " "0, " "0, " "0, " "0, " "0, " "0, " "0, " "0, " "0, " "0, " "0, " "0, " "0, " "0, " "0, " "0, " "0, " "0, " "0, " "0, " "0, " "0, " "0, " "0, " "0, " "0, " "0, " "0, " "0, " "0, " "0, " "0, " "0, " "0, " "0, " "0, " "0, " "0, " "0, " "0, " "0, " "0, " "0, " "0, " "0, " "0, " "0, " "0, " "0, " "0, " "0, " "0, " "0, " "0, " "0, " "0, " "0, " "0, " "0, " "0, " "0, " "0, " "0, " "0, " "0, " "0, " "0, " "0, " "0, " "0, " "0, " "0, " "0, " "0, " "0, " "0, " "0, " "0, " "0, " "0, " "0, " "0, " "0, " "0, " "0, " "0, " "0, " "0, " "0, " "0, " "0, " "0, " "0, " "0, " "0, " "0, " "0, " "0, " "0, " "0, " "0, " "0, " "0, " "0, " "0, " "0, " "0, " "0, " "0, " "0, " "0, " "0, " "0, " "0, " "0, " "0, " "0, " "0, " "0, " "0, " "0, " "0, " "0, " "0, " "0, " "0, " "0, " "0, " "0, " "0, " "0, " "0, " "0, " "0, " "0, " "0, " "0, " "0, " "0, " "0, " "0, " "0, " "0, " "0, " "0, " "0, " "0, " "0, " "0, " "0, " "0, " "0, " "0, " "0, " "0, " "0, " "0, " "1, " "1, " "1, " "1, " "1, " "1, " "1, " "0, "0
