 "ID, Uncertainty, " "Opinion1, " "Nei0, " "Nei1, " "Nei2, " "Nei3, " "Nei4, " "Nei5, " "Nei6, " "Nei7, " "Nei8, " "Nei9, " "Nei10, " "Nei11, " "Nei12, " "Nei13, " "Nei14, " "Nei15, " "Nei16, " "Nei17, " "Nei18, " "Nei19, " "Nei20, " "Nei21, " "Nei22, " "Nei23, " "Nei24, " "Nei25, " "Nei26, " "Nei27, " "Nei28, " "Nei29, " "Nei30, " "Nei31, " "Nei32, " "Nei33, " "Nei34, " "Nei35, " "Nei36, " "Nei37, " "Nei38, " "Nei39, " "Nei40, " "Nei41, " "Nei42, " "Nei43, " "Nei44, " "Nei45, " "Nei46, " "Nei47, " "Nei48, " "Nei49, " "Nei50, " "Nei51, " "Nei52, " "Nei53, " "Nei54, " "Nei55, " "Nei56, " "Nei57, " "Nei58, " "Nei59, " "Nei60, " "Nei61, " "Nei62, " "Nei63, " "Nei64, " "Nei65, " "Nei66, " "Nei67, " "Nei68, " "Nei69, " "Nei70, " "Nei71, " "Nei72, " "Nei73, " "Nei74, " "Nei75, " "Nei76, " "Nei77, " "Nei78, " "Nei79, " "Nei80, " "Nei81, " "Nei82, " "Nei83, " "Nei84, " "Nei85, " "Nei86, " "Nei87, " "Nei88, " "Nei89, " "Nei90, " "Nei91, " "Nei92, " "Nei93, " "Nei94, " "Nei95, " "Nei96, " "Nei97, " "Nei98, " "Nei99, " "Nei100, " "Nei101, " "Nei102, " "Nei103, " "Nei104, " "Nei105, " "Nei106, " "Nei107, " "Nei108, " "Nei109, " "Nei110, " "Nei111, " "Nei112, " "Nei113, " "Nei114, " "Nei115, " "Nei116, " "Nei117, " "Nei118, " "Nei119, " "Nei120, " "Nei121, " "Nei122, " "Nei123, " "Nei124, " "Nei125, " "Nei126, " "Nei127, " "Nei128, " "Nei129, " "Nei130, " "Nei131, " "Nei132, " "Nei133, " "Nei134, " "Nei135, " "Nei136, " "Nei137, " "Nei138, " "Nei139, " "Nei140, " "Nei141, " "Nei142, " "Nei143, " "Nei144, " "Nei145, " "Nei146, " "Nei147, " "Nei148, " "Nei149, " "Nei150, " "Nei151, " "Nei152, " "Nei153, " "Nei154, " "Nei155, " "Nei156, " "Nei157, " "Nei158, " "Nei159, " "Nei160, " "Nei161, " "Nei162, " "Nei163, " "Nei164, " "Nei165, " "Nei166, " "Nei167, " "Nei168, " "Nei169, " "Nei170, " "Nei171, " "Nei172, " "Nei173, " "Nei174, " "Nei175, " "Nei176, " "Nei177, " "Nei178, " "Nei179, " "Nei180, " "Nei181, " "Nei182, " "Nei183, " "Nei184, " "Nei185, " "Nei186, " "Nei187, " "Nei188, " "Nei189, " "Nei190, " "Nei191, " "Nei192, " "Nei193, " "Nei194, " "Nei195, " "Nei196, " "Nei197, " "Nei198, " "Nei199, " "Nei200, " "Nei201, " "Nei202, " "Nei203, " "Nei204, " "Nei205, " "Nei206, " "Nei207, " "Nei208, " "Nei209, " "Nei210, " "Nei211, " "Nei212, " "Nei213, " "Nei214, " "Nei215, " "Nei216, " "Nei217, " "Nei218, " "Nei219, " "Nei220, " "Nei221, " "Nei222, " "Nei223, " "Nei224, " "Nei225, " "Nei226, " "Nei227, " "Nei228, " "Nei229, " "Nei230, " "Nei231, " "Nei232, " "Nei233, " "Nei234, " "Nei235, " "Nei236, " "Nei237, " "Nei238, " "Nei239, " "Nei240, " "Nei241, " "Nei242, " "Nei243, " "Nei244, " "Nei245, " "Nei246, " "Nei247, " "Nei248, " "Nei249, " "Nei250, " "Nei251, " "Nei252, " "Nei253, " "Nei254, " "Nei255, " "Nei256, "Step
 "Nei0, 0.052, " "-0.206, " "0, " "1, " "1, " "1, " "1, " "1, " "1, " "1, " "1, " "1, " "1, " "1, " "1, " "1, " "1, " "1, " "1, " "1, " "1, " "1, " "1, " "1, " "1, " "1, " "1, " "1, " "1, " "1, " "1, " "1, " "1, " "1, " "1, " "1, " "1, " "1, " "1, " "1, " "1, " "1, " "1, " "1, " "1, " "1, " "1, " "1, " "1, " "1, " "1, " "1, " "1, " "1, " "1, " "1, " "1, " "1, " "1, " "1, " "1, " "1, " "1, " "1, " "1, " "1, " "1, " "1, " "1, " "1, " "1, " "1, " "1, " "1, " "1, " "1, " "1, " "1, " "1, " "1, " "1, " "1, " "1, " "1, " "1, " "1, " "1, " "1, " "1, " "1, " "1, " "1, " "1, " "1, " "1, " "1, " "1, " "1, " "1, " "1, " "1, " "1, " "1, " "1, " "1, " "1, " "1, " "1, " "1, " "1, " "1, " "1, " "1, " "1, " "1, " "1, " "1, " "1, " "1, " "1, " "1, " "1, " "1, " "1, " "1, " "1, " "1, " "1, " "1, " "1, " "1, " "1, " "1, " "1, " "1, " "1, " "1, " "1, " "1, " "1, " "1, " "1, " "1, " "1, " "1, " "1, " "1, " "1, " "1, " "1, " "1, " "1, " "1, " "1, " "1, " "1, " "1, " "1, " "1, " "1, " "1, " "1, " "1, " "1, " "1, " "1, " "1, " "1, " "1, " "1, " "1, " "1, " "1, " "1, " "1, " "1, " "1, " "1, " "1, " "1, " "1, " "1, " "1, " "1, " "1, " "1, " "1, " "1, " "1, " "1, " "1, " "1, " "1, " "1, " "1, " "1, " "1, " "1, " "1, " "1, " "1, " "1, " "1, " "1, " "1, " "1, " "1, " "1, " "1, " "1, " "1, " "1, " "1, " "1, " "1, " "1, " "1, " "1, " "1, " "1, " "1, " "1, " "1, " "1, " "1, " "1, " "1, " "1, " "1, " "1, " "1, " "1, " "1, " "1, " "1, " "1, " "1, " "1, " "1, " "1, " "1, " "1, " "1, " "1, " "1, " "1, " "1, " "1, " "1, " "1, " "1, " "1, " "1, " "1, " "1, " "1, " "1, " "1, " "1, "0
 "Nei1, 0.096, " "-0.56, " "1, " "0, " "1, " "1, " "1, " "1, " "1, " "1, " "1, " "1, " "1, " "1, " "1, " "1, " "1, " "1, " "1, " "1, " "1, " "1, " "1, " "1, " "1, " "1, " "1, " "1, " "1, " "1, " "1, " "1, " "1, " "1, " "1, " "1, " "1, " "1, " "1, " "1, " "1, " "1, " "1, " "1, " "1, " "1, " "1, " "1, " "1, " "1, " "1, " "1, " "1, " "1, " "1, " "1, " "1, " "1, " "1, " "1, " "1, " "1, " "1, " "1, " "1, " "1, " "1, " "1, " "1, " "1, " "1, " "1, " "1, " "1, " "1, " "1, " "1, " "1, " "1, " "1, " "1, " "1, " "1, " "1, " "1, " "1, " "1, " "1, " "1, " "1, " "1, " "1, " "1, " "1, " "1, " "1, " "1, " "1, " "1, " "1, " "1, " "1, " "1, " "1, " "1, " "1, " "1, " "1, " "1, " "1, " "1, " "1, " "1, " "1, " "1, " "1, " "1, " "1, " "1, " "1, " "1, " "1, " "1, " "1, " "1, " "1, " "1, " "1, " "1, " "1, " "1, " "1, " "1, " "1, " "1, " "1, " "1, " "1, " "1, " "1, " "1, " "1, " "1, " "1, " "1, " "1, " "1, " "1, " "1, " "1, " "1, " "1, " "1, " "1, " "1, " "1, " "1, " "1, " "1, " "1, " "1, " "1, " "1, " "1, " "1, " "1, " "1, " "1, " "1, " "1, " "1, " "1, " "1, " "1, " "1, " "1, " "1, " "1, " "1, " "1, " "1, " "1, " "1, " "1, " "1, " "1, " "1, " "1, " "1, " "1, " "1, " "1, " "1, " "1, " "1, " "1, " "1, " "1, " "1, " "1, " "1, " "1, " "1, " "1, " "1, " "1, " "1, " "1, " "1, " "1, " "1, " "1, " "1, " "1, " "1, " "1, " "1, " "1, " "1, " "1, " "1, " "1, " "1, " "1, " "1, " "1, " "1, " "1, " "1, " "1, " "1, " "1, " "1, " "1, " "1, " "1, " "1, " "1, " "1, " "1, " "1, " "1, " "1, " "1, " "1, " "1, " "1, " "1, " "1, " "1, " "1, " "1, " "1, " "1, " "1, " "1, " "1, " "1, " "1, "0
 "Nei2, 0.164, " "-0.697, " "1, " "1, " "0, " "1, " "1, " "1, " "1, " "1, " "1, " "1, " "1, " "1, " "1, " "1, " "1, " "1, " "1, " "1, " "1, " "1, " "1, " "1, " "1, " "1, " "1, " "1, " "1, " "1, " "1, " "1, " "1, " "1, " "1, " "1, " "1, " "1, " "1, " "1, " "1, " "1, " "1, " "1, " "1, " "1, " "1, " "1, " "1, " "1, " "1, " "1, " "1, " "1, " "1, " "1, " "1, " "1, " "1, " "1, " "1, " "1, " "1, " "1, " "1, " "1, " "1, " "1, " "1, " "1, " "1, " "1, " "1, " "1, " "1, " "1, " "1, " "1, " "1, " "1, " "1, " "1, " "1, " "1, " "1, " "1, " "1, " "1, " "1, " "1, " "1, " "1, " "1, " "1, " "1, " "1, " "1, " "1, " "1, " "1, " "1, " "1, " "1, " "1, " "1, " "1, " "1, " "1, " "1, " "1, " "1, " "1, " "1, " "1, " "1, " "1, " "1, " "1, " "1, " "1, " "1, " "1, " "1, " "1, " "1, " "1, " "1, " "1, " "1, " "1, " "1, " "1, " "1, " "1, " "1, " "1, " "1, " "1, " "1, " "1, " "1, " "1, " "1, " "1, " "1, " "1, " "1, " "1, " "1, " "1, " "1, " "1, " "1, " "1, " "1, " "1, " "1, " "1, " "1, " "1, " "1, " "1, " "1, " "1, " "1, " "1, " "1, " "1, " "1, " "1, " "1, " "1, " "1, " "1, " "1, " "1, " "1, " "1, " "1, " "1, " "1, " "1, " "1, " "1, " "1, " "1, " "1, " "1, " "1, " "1, " "1, " "1, " "1, " "1, " "1, " "1, " "1, " "1, " "1, " "1, " "1, " "1, " "1, " "1, " "1, " "1, " "1, " "1, " "1, " "1, " "1, " "1, " "1, " "1, " "1, " "1, " "1, " "1, " "1, " "1, " "1, " "1, " "1, " "1, " "1, " "1, " "1, " "1, " "1, " "1, " "1, " "1, " "1, " "1, " "1, " "1, " "1, " "1, " "1, " "1, " "1, " "1, " "1, " "1, " "1, " "1, " "1, " "1, " "1, " "1, " "1, " "1, " "1, " "1, " "1, " "1, " "1, " "1, " "1, "0
 "Nei3, 0.122, " "0.329, " "1, " "1, " "1, " "0, " "1, " "1, " "1, " "1, " "1, " "1, " "1, " "1, " "1, " "1, " "1, " "1, " "1, " "1, " "1, " "1, " "1, " "1, " "1, " "1, " "1, " "1, " "1, " "1, " "1, " "1, " "1, " "1, " "1, " "1, " "1, " "1, " "1, " "1, " "1, " "1, " "1, " "1, " "1, " "1, " "1, " "1, " "1, " "1, " "1, " "1, " "1, " "1, " "1, " "1, " "1, " "1, " "1, " "1, " "1, " "1, " "1, " "1, " "1, " "1, " "1, " "1, " "1, " "1, " "1, " "1, " "1, " "1, " "1, " "1, " "1, " "1, " "1, " "1, " "1, " "1, " "1, " "1, " "1, " "1, " "1, " "1, " "1, " "1, " "1, " "1, " "1, " "1, " "1, " "1, " "1, " "1, " "1, " "1, " "1, " "1, " "1, " "1, " "1, " "1, " "1, " "1, " "1, " "1, " "1, " "1, " "1, " "1, " "1, " "1, " "1, " "1, " "1, " "1, " "1, " "1, " "1, " "1, " "1, " "1, " "1, " "1, " "1, " "1, " "1, " "1, " "1, " "1, " "1, " "1, " "1, " "1, " "1, " "1, " "1, " "1, " "1, " "1, " "1, " "1, " "1, " "1, " "1, " "1, " "1, " "1, " "1, " "1, " "1, " "1, " "1, " "1, " "1, " "1, " "1, " "1, " "1, " "1, " "1, " "1, " "1, " "1, " "1, " "1, " "1, " "1, " "1, " "1, " "1, " "1, " "1, " "1, " "1, " "1, " "1, " "1, " "1, " "1, " "1, " "1, " "1, " "1, " "1, " "1, " "1, " "1, " "1, " "1, " "1, " "1, " "1, " "1, " "1, " "1, " "1, " "1, " "1, " "1, " "1, " "1, " "1, " "1, " "1, " "1, " "1, " "1, " "1, " "1, " "1, " "1, " "1, " "1, " "1, " "1, " "1, " "1, " "1, " "1, " "1, " "1, " "1, " "1, " "1, " "1, " "1, " "1, " "1, " "1, " "1, " "1, " "1, " "1, " "1, " "1, " "1, " "1, " "1, " "1, " "1, " "1, " "1, " "1, " "1, " "1, " "1, " "1, " "1, " "1, " "1, " "1, " "1, " "1, " "1, "0
 "Nei4, 0.368, " "-0.06, " "1, " "1, " "1, " "1, " "0, " "1, " "1, " "1, " "1, " "1, " "1, " "1, " "1, " "1, " "1, " "1, " "1, " "1, " "1, " "1, " "1, " "1, " "1, " "1, " "1, " "1, " "1, " "1, " "1, " "1, " "1, " "1, " "1, " "1, " "1, " "1, " "1, " "1, " "1, " "1, " "1, " "1, " "1, " "1, " "1, " "1, " "1, " "1, " "1, " "1, " "1, " "1, " "1, " "1, " "1, " "1, " "1, " "1, " "1, " "1, " "1, " "1, " "1, " "1, " "1, " "1, " "1, " "1, " "1, " "1, " "1, " "1, " "1, " "1, " "1, " "1, " "1, " "1, " "1, " "1, " "1, " "1, " "1, " "1, " "1, " "1, " "1, " "1, " "1, " "1, " "1, " "1, " "1, " "1, " "1, " "1, " "1, " "1, " "1, " "1, " "1, " "1, " "1, " "1, " "1, " "1, " "1, " "1, " "1, " "1, " "1, " "1, " "1, " "1, " "1, " "1, " "1, " "1, " "1, " "1, " "1, " "1, " "1, " "1, " "1, " "1, " "1, " "1, " "1, " "1, " "1, " "1, " "1, " "1, " "1, " "1, " "1, " "1, " "1, " "1, " "1, " "1, " "1, " "1, " "1, " "1, " "1, " "1, " "1, " "1, " "1, " "1, " "1, " "1, " "1, " "1, " "1, " "1, " "1, " "1, " "1, " "1, " "1, " "1, " "1, " "1, " "1, " "1, " "1, " "1, " "1, " "1, " "1, " "1, " "1, " "1, " "1, " "1, " "1, " "1, " "1, " "1, " "1, " "1, " "1, " "1, " "1, " "1, " "1, " "1, " "1, " "1, " "1, " "1, " "1, " "1, " "1, " "1, " "1, " "1, " "1, " "1, " "1, " "1, " "1, " "1, " "1, " "1, " "1, " "1, " "1, " "1, " "1, " "1, " "1, " "1, " "1, " "1, " "1, " "1, " "1, " "1, " "1, " "1, " "1, " "1, " "1, " "1, " "1, " "1, " "1, " "1, " "1, " "1, " "1, " "1, " "1, " "1, " "1, " "1, " "1, " "1, " "1, " "1, " "1, " "1, " "1, " "1, " "1, " "1, " "1, " "1, " "1, " "1, " "1, " "1, " "1, "0
 "Nei5, 0.085, " "0.018, " "1, " "1, " "1, " "1, " "1, " "0, " "1, " "1, " "1, " "1, " "1, " "1, " "1, " "1, " "1, " "1, " "1, " "1, " "1, " "1, " "1, " "1, " "1, " "1, " "1, " "1, " "1, " "1, " "1, " "1, " "1, " "1, " "1, " "1, " "1, " "1, " "1, " "1, " "1, " "1, " "1, " "1, " "1, " "1, " "1, " "1, " "1, " "1, " "1, " "1, " "1, " "1, " "1, " "1, " "1, " "1, " "1, " "1, " "1, " "1, " "1, " "1, " "1, " "1, " "1, " "1, " "1, " "1, " "1, " "1, " "1, " "1, " "1, " "1, " "1, " "1, " "1, " "1, " "1, " "1, " "1, " "1, " "1, " "1, " "1, " "1, " "1, " "1, " "1, " "1, " "1, " "1, " "1, " "1, " "1, " "1, " "1, " "1, " "1, " "1, " "1, " "1, " "1, " "1, " "1, " "1, " "1, " "1, " "1, " "1, " "1, " "1, " "1, " "1, " "1, " "1, " "1, " "1, " "1, " "1, " "1, " "1, " "1, " "1, " "1, " "1, " "1, " "1, " "1, " "1, " "1, " "1, " "1, " "1, " "1, " "1, " "1, " "1, " "1, " "1, " "1, " "1, " "1, " "1, " "1, " "1, " "1, " "1, " "1, " "1, " "1, " "1, " "1, " "1, " "1, " "1, " "1, " "1, " "1, " "1, " "1, " "1, " "1, " "1, " "1, " "1, " "1, " "1, " "1, " "1, " "1, " "1, " "1, " "1, " "1, " "1, " "1, " "1, " "1, " "1, " "1, " "1, " "1, " "1, " "1, " "1, " "1, " "1, " "1, " "1, " "1, " "1, " "1, " "1, " "1, " "1, " "1, " "1, " "1, " "1, " "1, " "1, " "1, " "1, " "1, " "1, " "1, " "1, " "1, " "1, " "1, " "1, " "1, " "1, " "1, " "1, " "1, " "1, " "1, " "1, " "1, " "1, " "1, " "1, " "1, " "1, " "1, " "1, " "1, " "1, " "1, " "1, " "1, " "1, " "1, " "1, " "1, " "1, " "1, " "1, " "1, " "1, " "1, " "1, " "1, " "1, " "1, " "1, " "1, " "1, " "1, " "1, " "1, " "1, " "1, " "1, " "1, "0
 "Nei6, 0.317, " "-0.599, " "1, " "1, " "1, " "1, " "1, " "1, " "0, " "1, " "1, " "1, " "1, " "1, " "1, " "1, " "1, " "1, " "1, " "1, " "1, " "1, " "1, " "1, " "1, " "1, " "1, " "1, " "1, " "1, " "1, " "1, " "1, " "1, " "1, " "1, " "1, " "1, " "1, " "1, " "1, " "1, " "1, " "1, " "1, " "1, " "1, " "1, " "1, " "1, " "1, " "1, " "1, " "1, " "1, " "1, " "1, " "1, " "1, " "1, " "1, " "1, " "1, " "1, " "1, " "1, " "1, " "1, " "1, " "1, " "1, " "1, " "1, " "1, " "1, " "1, " "1, " "1, " "1, " "1, " "1, " "1, " "1, " "1, " "1, " "1, " "1, " "1, " "1, " "1, " "1, " "1, " "1, " "1, " "1, " "1, " "1, " "1, " "1, " "1, " "1, " "1, " "1, " "1, " "1, " "1, " "1, " "1, " "1, " "1, " "1, " "1, " "1, " "1, " "1, " "1, " "1, " "1, " "1, " "1, " "1, " "1, " "1, " "1, " "1, " "1, " "1, " "1, " "1, " "1, " "1, " "1, " "1, " "1, " "1, " "1, " "1, " "1, " "1, " "1, " "1, " "1, " "1, " "1, " "1, " "1, " "1, " "1, " "1, " "1, " "1, " "1, " "1, " "1, " "1, " "1, " "1, " "1, " "1, " "1, " "1, " "1, " "1, " "1, " "1, " "1, " "1, " "1, " "1, " "1, " "1, " "1, " "1, " "1, " "1, " "1, " "1, " "1, " "1, " "1, " "1, " "1, " "1, " "1, " "1, " "1, " "1, " "1, " "1, " "1, " "1, " "1, " "1, " "1, " "1, " "1, " "1, " "1, " "1, " "1, " "1, " "1, " "1, " "1, " "1, " "1, " "1, " "1, " "1, " "1, " "1, " "1, " "1, " "1, " "1, " "1, " "1, " "1, " "1, " "1, " "1, " "1, " "1, " "1, " "1, " "1, " "1, " "1, " "1, " "1, " "1, " "1, " "1, " "1, " "1, " "1, " "1, " "1, " "1, " "1, " "1, " "1, " "1, " "1, " "1, " "1, " "1, " "1, " "1, " "1, " "1, " "1, " "1, " "1, " "1, " "1, " "1, " "1, " "1, "0
 "Nei7, 0.08, " "0.091, " "1, " "1, " "1, " "1, " "1, " "1, " "1, " "0, " "1, " "1, " "1, " "1, " "1, " "1, " "1, " "1, " "1, " "1, " "1, " "1, " "1, " "1, " "1, " "1, " "1, " "1, " "1, " "1, " "1, " "1, " "1, " "1, " "1, " "1, " "1, " "1, " "1, " "1, " "1, " "1, " "1, " "1, " "1, " "1, " "1, " "1, " "1, " "1, " "1, " "1, " "1, " "1, " "1, " "1, " "1, " "1, " "1, " "1, " "1, " "1, " "1, " "1, " "1, " "1, " "1, " "1, " "1, " "1, " "1, " "1, " "1, " "1, " "1, " "1, " "1, " "1, " "1, " "1, " "1, " "1, " "1, " "1, " "1, " "1, " "1, " "1, " "1, " "1, " "1, " "1, " "1, " "1, " "1, " "1, " "1, " "1, " "1, " "1, " "1, " "1, " "1, " "1, " "1, " "1, " "1, " "1, " "1, " "1, " "1, " "1, " "1, " "1, " "1, " "1, " "1, " "1, " "1, " "1, " "1, " "1, " "1, " "1, " "1, " "1, " "1, " "1, " "1, " "1, " "1, " "1, " "1, " "1, " "1, " "1, " "1, " "1, " "1, " "1, " "1, " "1, " "1, " "1, " "1, " "1, " "1, " "1, " "1, " "1, " "1, " "1, " "1, " "1, " "1, " "1, " "1, " "1, " "1, " "1, " "1, " "1, " "1, " "1, " "1, " "1, " "1, " "1, " "1, " "1, " "1, " "1, " "1, " "1, " "1, " "1, " "1, " "1, " "1, " "1, " "1, " "1, " "1, " "1, " "1, " "1, " "1, " "1, " "1, " "1, " "1, " "1, " "1, " "1, " "1, " "1, " "1, " "1, " "1, " "1, " "1, " "1, " "1, " "1, " "1, " "1, " "1, " "1, " "1, " "1, " "1, " "1, " "1, " "1, " "1, " "1, " "1, " "1, " "1, " "1, " "1, " "1, " "1, " "1, " "1, " "1, " "1, " "1, " "1, " "1, " "1, " "1, " "1, " "1, " "1, " "1, " "1, " "1, " "1, " "1, " "1, " "1, " "1, " "1, " "1, " "1, " "1, " "1, " "1, " "1, " "1, " "1, " "1, " "1, " "1, " "1, " "1, " "1, " "1, "0
 "Nei8, 0.279, " "-0.476, " "1, " "1, " "1, " "1, " "1, " "1, " "1, " "1, " "0, " "1, " "1, " "1, " "1, " "1, " "1, " "1, " "1, " "1, " "1, " "1, " "1, " "1, " "1, " "1, " "1, " "1, " "1, " "1, " "1, " "1, " "1, " "1, " "1, " "1, " "1, " "1, " "1, " "1, " "1, " "1, " "1, " "1, " "1, " "1, " "1, " "1, " "1, " "1, " "1, " "1, " "1, " "1, " "1, " "1, " "1, " "1, " "1, " "1, " "1, " "1, " "1, " "1, " "1, " "1, " "1, " "1, " "1, " "1, " "1, " "1, " "1, " "1, " "1, " "1, " "1, " "1, " "1, " "1, " "1, " "1, " "1, " "1, " "1, " "1, " "1, " "1, " "1, " "1, " "1, " "1, " "1, " "1, " "1, " "1, " "1, " "1, " "1, " "1, " "1, " "1, " "1, " "1, " "1, " "1, " "1, " "1, " "1, " "1, " "1, " "1, " "1, " "1, " "1, " "1, " "1, " "1, " "1, " "1, " "1, " "1, " "1, " "1, " "1, " "1, " "1, " "1, " "1, " "1, " "1, " "1, " "1, " "1, " "1, " "1, " "1, " "1, " "1, " "1, " "1, " "1, " "1, " "1, " "1, " "1, " "1, " "1, " "1, " "1, " "1, " "1, " "1, " "1, " "1, " "1, " "1, " "1, " "1, " "1, " "1, " "1, " "1, " "1, " "1, " "1, " "1, " "1, " "1, " "1, " "1, " "1, " "1, " "1, " "1, " "1, " "1, " "1, " "1, " "1, " "1, " "1, " "1, " "1, " "1, " "1, " "1, " "1, " "1, " "1, " "1, " "1, " "1, " "1, " "1, " "1, " "1, " "1, " "1, " "1, " "1, " "1, " "1, " "1, " "1, " "1, " "1, " "1, " "1, " "1, " "1, " "1, " "1, " "1, " "1, " "1, " "1, " "1, " "1, " "1, " "1, " "1, " "1, " "1, " "1, " "1, " "1, " "1, " "1, " "1, " "1, " "1, " "1, " "1, " "1, " "1, " "1, " "1, " "1, " "1, " "1, " "1, " "1, " "1, " "1, " "1, " "1, " "1, " "1, " "1, " "1, " "1, " "1, " "1, " "1, " "1, " "1, " "1, " "1, "0
 "Nei9, 0.202, " "0.226, " "1, " "1, " "1, " "1, " "1, " "1, " "1, " "1, " "1, " "0, " "1, " "1, " "1, " "1, " "1, " "1, " "1, " "1, " "1, " "1, " "1, " "1, " "1, " "1, " "1, " "1, " "1, " "1, " "1, " "1, " "1, " "1, " "1, " "1, " "1, " "1, " "1, " "1, " "1, " "1, " "1, " "1, " "1, " "1, " "1, " "1, " "1, " "1, " "1, " "1, " "1, " "1, " "1, " "1, " "1, " "1, " "1, " "1, " "1, " "1, " "1, " "1, " "1, " "1, " "1, " "1, " "1, " "1, " "1, " "1, " "1, " "1, " "1, " "1, " "1, " "1, " "1, " "1, " "1, " "1, " "1, " "1, " "1, " "1, " "1, " "1, " "1, " "1, " "1, " "1, " "1, " "1, " "1, " "1, " "1, " "1, " "1, " "1, " "1, " "1, " "1, " "1, " "1, " "1, " "1, " "1, " "1, " "1, " "1, " "1, " "1, " "1, " "1, " "1, " "1, " "1, " "1, " "1, " "1, " "1, " "1, " "1, " "1, " "1, " "1, " "1, " "1, " "1, " "1, " "1, " "1, " "1, " "1, " "1, " "1, " "1, " "1, " "1, " "1, " "1, " "1, " "1, " "1, " "1, " "1, " "1, " "1, " "1, " "1, " "1, " "1, " "1, " "1, " "1, " "1, " "1, " "1, " "1, " "1, " "1, " "1, " "1, " "1, " "1, " "1, " "1, " "1, " "1, " "1, " "1, " "1, " "1, " "1, " "1, " "1, " "1, " "1, " "1, " "1, " "1, " "1, " "1, " "1, " "1, " "1, " "1, " "1, " "1, " "1, " "1, " "1, " "1, " "1, " "1, " "1, " "1, " "1, " "1, " "1, " "1, " "1, " "1, " "1, " "1, " "1, " "1, " "1, " "1, " "1, " "1, " "1, " "1, " "1, " "1, " "1, " "1, " "1, " "1, " "1, " "1, " "1, " "1, " "1, " "1, " "1, " "1, " "1, " "1, " "1, " "1, " "1, " "1, " "1, " "1, " "1, " "1, " "1, " "1, " "1, " "1, " "1, " "1, " "1, " "1, " "1, " "1, " "1, " "1, " "1, " "1, " "1, " "1, " "1, " "1, " "1, " "1, " "1, "0
 "Nei10, 0.03, " "0.466, " "1, " "1, " "1, " "1, " "1, " "1, " "1, " "1, " "1, " "1, " "0, " "1, " "1, " "1, " "1, " "1, " "1, " "1, " "1, " "1, " "1, " "1, " "1, " "1, " "1, " "1, " "1, " "1, " "1, " "1, " "1, " "1, " "1, " "1, " "1, " "1, " "1, " "1, " "1, " "1, " "1, " "1, " "1, " "1, " "1, " "1, " "1, " "1, " "1, " "1, " "1, " "1, " "1, " "1, " "1, " "1, " "1, " "1, " "1, " "1, " "1, " "1, " "1, " "1, " "1, " "1, " "1, " "1, " "1, " "1, " "1, " "1, " "1, " "1, " "1, " "1, " "1, " "1, " "1, " "1, " "1, " "1, " "1, " "1, " "1, " "1, " "1, " "1, " "1, " "1, " "1, " "1, " "1, " "1, " "1, " "1, " "1, " "1, " "1, " "1, " "1, " "1, " "1, " "1, " "1, " "1, " "1, " "1, " "1, " "1, " "1, " "1, " "1, " "1, " "1, " "1, " "1, " "1, " "1, " "1, " "1, " "1, " "1, " "1, " "1, " "1, " "1, " "1, " "1, " "1, " "1, " "1, " "1, " "1, " "1, " "1, " "1, " "1, " "1, " "1, " "1, " "1, " "1, " "1, " "1, " "1, " "1, " "1, " "1, " "1, " "1, " "1, " "1, " "1, " "1, " "1, " "1, " "1, " "1, " "1, " "1, " "1, " "1, " "1, " "1, " "1, " "1, " "1, " "1, " "1, " "1, " "1, " "1, " "1, " "1, " "1, " "1, " "1, " "1, " "1, " "1, " "1, " "1, " "1, " "1, " "1, " "1, " "1, " "1, " "1, " "1, " "1, " "1, " "1, " "1, " "1, " "1, " "1, " "1, " "1, " "1, " "1, " "1, " "1, " "1, " "1, " "1, " "1, " "1, " "1, " "1, " "1, " "1, " "1, " "1, " "1, " "1, " "1, " "1, " "1, " "1, " "1, " "1, " "1, " "1, " "1, " "1, " "1, " "1, " "1, " "1, " "1, " "1, " "1, " "1, " "1, " "1, " "1, " "1, " "1, " "1, " "1, " "1, " "1, " "1, " "1, " "1, " "1, " "1, " "1, " "1, " "1, " "1, " "1, " "1, " "1, " "1, "0
 "Nei11, 0.127, " "-0.713, " "1, " "1, " "1, " "1, " "1, " "1, " "1, " "1, " "1, " "1, " "1, " "0, " "1, " "1, " "1, " "1, " "1, " "1, " "1, " "1, " "1, " "1, " "1, " "1, " "1, " "1, " "1, " "1, " "1, " "1, " "1, " "1, " "1, " "1, " "1, " "1, " "1, " "1, " "1, " "1, " "1, " "1, " "1, " "1, " "1, " "1, " "1, " "1, " "1, " "1, " "1, " "1, " "1, " "1, " "1, " "1, " "1, " "1, " "1, " "1, " "1, " "1, " "1, " "1, " "1, " "1, " "1, " "1, " "1, " "1, " "1, " "1, " "1, " "1, " "1, " "1, " "1, " "1, " "1, " "1, " "1, " "1, " "1, " "1, " "1, " "1, " "1, " "1, " "1, " "1, " "1, " "1, " "1, " "1, " "1, " "1, " "1, " "1, " "1, " "1, " "1, " "1, " "1, " "1, " "1, " "1, " "1, " "1, " "1, " "1, " "1, " "1, " "1, " "1, " "1, " "1, " "1, " "1, " "1, " "1, " "1, " "1, " "1, " "1, " "1, " "1, " "1, " "1, " "1, " "1, " "1, " "1, " "1, " "1, " "1, " "1, " "1, " "1, " "1, " "1, " "1, " "1, " "1, " "1, " "1, " "1, " "1, " "1, " "1, " "1, " "1, " "1, " "1, " "1, " "1, " "1, " "1, " "1, " "1, " "1, " "1, " "1, " "1, " "1, " "1, " "1, " "1, " "1, " "1, " "1, " "1, " "1, " "1, " "1, " "1, " "1, " "1, " "1, " "1, " "1, " "1, " "1, " "1, " "1, " "1, " "1, " "1, " "1, " "1, " "1, " "1, " "1, " "1, " "1, " "1, " "1, " "1, " "1, " "1, " "1, " "1, " "1, " "1, " "1, " "1, " "1, " "1, " "1, " "1, " "1, " "1, " "1, " "1, " "1, " "1, " "1, " "1, " "1, " "1, " "1, " "1, " "1, " "1, " "1, " "1, " "1, " "1, " "1, " "1, " "1, " "1, " "1, " "1, " "1, " "1, " "1, " "1, " "1, " "1, " "1, " "1, " "1, " "1, " "1, " "1, " "1, " "1, " "1, " "1, " "1, " "1, " "1, " "1, " "1, " "1, " "1, " "1, "0
 "Nei12, 0.198, " "0.939, " "1, " "1, " "1, " "1, " "1, " "1, " "1, " "1, " "1, " "1, " "1, " "1, " "0, " "1, " "1, " "1, " "1, " "1, " "1, " "1, " "1, " "1, " "1, " "1, " "1, " "1, " "1, " "1, " "1, " "1, " "1, " "1, " "1, " "1, " "1, " "1, " "1, " "1, " "1, " "1, " "1, " "1, " "1, " "1, " "1, " "1, " "1, " "1, " "1, " "1, " "1, " "1, " "1, " "1, " "1, " "1, " "1, " "1, " "1, " "1, " "1, " "1, " "1, " "1, " "1, " "1, " "1, " "1, " "1, " "1, " "1, " "1, " "1, " "1, " "1, " "1, " "1, " "1, " "1, " "1, " "1, " "1, " "1, " "1, " "1, " "1, " "1, " "1, " "1, " "1, " "1, " "1, " "1, " "1, " "1, " "1, " "1, " "1, " "1, " "1, " "1, " "1, " "1, " "1, " "1, " "1, " "1, " "1, " "1, " "1, " "1, " "1, " "1, " "1, " "1, " "1, " "1, " "1, " "1, " "1, " "1, " "1, " "1, " "1, " "1, " "1, " "1, " "1, " "1, " "1, " "1, " "1, " "1, " "1, " "1, " "1, " "1, " "1, " "1, " "1, " "1, " "1, " "1, " "1, " "1, " "1, " "1, " "1, " "1, " "1, " "1, " "1, " "1, " "1, " "1, " "1, " "1, " "1, " "1, " "1, " "1, " "1, " "1, " "1, " "1, " "1, " "1, " "1, " "1, " "1, " "1, " "1, " "1, " "1, " "1, " "1, " "1, " "1, " "1, " "1, " "1, " "1, " "1, " "1, " "1, " "1, " "1, " "1, " "1, " "1, " "1, " "1, " "1, " "1, " "1, " "1, " "1, " "1, " "1, " "1, " "1, " "1, " "1, " "1, " "1, " "1, " "1, " "1, " "1, " "1, " "1, " "1, " "1, " "1, " "1, " "1, " "1, " "1, " "1, " "1, " "1, " "1, " "1, " "1, " "1, " "1, " "1, " "1, " "1, " "1, " "1, " "1, " "1, " "1, " "1, " "1, " "1, " "1, " "1, " "1, " "1, " "1, " "1, " "1, " "1, " "1, " "1, " "1, " "1, " "1, " "1, " "1, " "1, " "1, " "1, " "1, " "1, "0
 "Nei13, 0.319, " "0.121, " "1, " "1, " "1, " "1, " "1, " "1, " "1, " "1, " "1, " "1, " "1, " "1, " "1, " "0, " "1, " "1, " "1, " "1, " "1, " "1, " "1, " "1, " "1, " "1, " "1, " "1, " "1, " "1, " "1, " "1, " "1, " "1, " "1, " "1, " "1, " "1, " "1, " "1, " "1, " "1, " "1, " "1, " "1, " "1, " "1, " "1, " "1, " "1, " "1, " "1, " "1, " "1, " "1, " "1, " "1, " "1, " "1, " "1, " "1, " "1, " "1, " "1, " "1, " "1, " "1, " "1, " "1, " "1, " "1, " "1, " "1, " "1, " "1, " "1, " "1, " "1, " "1, " "1, " "1, " "1, " "1, " "1, " "1, " "1, " "1, " "1, " "1, " "1, " "1, " "1, " "1, " "1, " "1, " "1, " "1, " "1, " "1, " "1, " "1, " "1, " "1, " "1, " "1, " "1, " "1, " "1, " "1, " "1, " "1, " "1, " "1, " "1, " "1, " "1, " "1, " "1, " "1, " "1, " "1, " "1, " "1, " "1, " "1, " "1, " "1, " "1, " "1, " "1, " "1, " "1, " "1, " "1, " "1, " "1, " "1, " "1, " "1, " "1, " "1, " "1, " "1, " "1, " "1, " "1, " "1, " "1, " "1, " "1, " "1, " "1, " "1, " "1, " "1, " "1, " "1, " "1, " "1, " "1, " "1, " "1, " "1, " "1, " "1, " "1, " "1, " "1, " "1, " "1, " "1, " "1, " "1, " "1, " "1, " "1, " "1, " "1, " "1, " "1, " "1, " "1, " "1, " "1, " "1, " "1, " "1, " "1, " "1, " "1, " "1, " "1, " "1, " "1, " "1, " "1, " "1, " "1, " "1, " "1, " "1, " "1, " "1, " "1, " "1, " "1, " "1, " "1, " "1, " "1, " "1, " "1, " "1, " "1, " "1, " "1, " "1, " "1, " "1, " "1, " "1, " "1, " "1, " "1, " "1, " "1, " "1, " "1, " "1, " "1, " "1, " "1, " "1, " "1, " "1, " "1, " "1, " "1, " "1, " "1, " "1, " "1, " "1, " "1, " "1, " "1, " "1, " "1, " "1, " "1, " "1, " "1, " "1, " "1, " "1, " "1, " "1, " "1, " "1, "0
 "Nei14, 0.04, " "-0.805, " "1, " "1, " "1, " "1, " "1, " "1, " "1, " "1, " "1, " "1, " "1, " "1, " "1, " "1, " "0, " "1, " "1, " "1, " "1, " "1, " "1, " "1, " "1, " "1, " "1, " "1, " "1, " "1, " "1, " "1, " "1, " "1, " "1, " "1, " "1, " "1, " "1, " "1, " "1, " "1, " "1, " "1, " "1, " "1, " "1, " "1, " "1, " "1, " "1, " "1, " "1, " "1, " "1, " "1, " "1, " "1, " "1, " "1, " "1, " "1, " "1, " "1, " "1, " "1, " "1, " "1, " "1, " "1, " "1, " "1, " "1, " "1, " "1, " "1, " "1, " "1, " "1, " "1, " "1, " "1, " "1, " "1, " "1, " "1, " "1, " "1, " "1, " "1, " "1, " "1, " "1, " "1, " "1, " "1, " "1, " "1, " "1, " "1, " "1, " "1, " "1, " "1, " "1, " "1, " "1, " "1, " "1, " "1, " "1, " "1, " "1, " "1, " "1, " "1, " "1, " "1, " "1, " "1, " "1, " "1, " "1, " "1, " "1, " "1, " "1, " "1, " "1, " "1, " "1, " "1, " "1, " "1, " "1, " "1, " "1, " "1, " "1, " "1, " "1, " "1, " "1, " "1, " "1, " "1, " "1, " "1, " "1, " "1, " "1, " "1, " "1, " "1, " "1, " "1, " "1, " "1, " "1, " "1, " "1, " "1, " "1, " "1, " "1, " "1, " "1, " "1, " "1, " "1, " "1, " "1, " "1, " "1, " "1, " "1, " "1, " "1, " "1, " "1, " "1, " "1, " "1, " "1, " "1, " "1, " "1, " "1, " "1, " "1, " "1, " "1, " "1, " "1, " "1, " "1, " "1, " "1, " "1, " "1, " "1, " "1, " "1, " "1, " "1, " "1, " "1, " "1, " "1, " "1, " "1, " "1, " "1, " "1, " "1, " "1, " "1, " "1, " "1, " "1, " "1, " "1, " "1, " "1, " "1, " "1, " "1, " "1, " "1, " "1, " "1, " "1, " "1, " "1, " "1, " "1, " "1, " "1, " "1, " "1, " "1, " "1, " "1, " "1, " "1, " "1, " "1, " "1, " "1, " "1, " "1, " "1, " "1, " "1, " "1, " "1, " "1, " "1, " "1, "0
 "Nei15, 0.096, " "-0.037, " "1, " "1, " "1, " "1, " "1, " "1, " "1, " "1, " "1, " "1, " "1, " "1, " "1, " "1, " "1, " "0, " "1, " "1, " "1, " "1, " "1, " "1, " "1, " "1, " "1, " "1, " "1, " "1, " "1, " "1, " "1, " "1, " "1, " "1, " "1, " "1, " "1, " "1, " "1, " "1, " "1, " "1, " "1, " "1, " "1, " "1, " "1, " "1, " "1, " "1, " "1, " "1, " "1, " "1, " "1, " "1, " "1, " "1, " "1, " "1, " "1, " "1, " "1, " "1, " "1, " "1, " "1, " "1, " "1, " "1, " "1, " "1, " "1, " "1, " "1, " "1, " "1, " "1, " "1, " "1, " "1, " "1, " "1, " "1, " "1, " "1, " "1, " "1, " "1, " "1, " "1, " "1, " "1, " "1, " "1, " "1, " "1, " "1, " "1, " "1, " "1, " "1, " "1, " "1, " "1, " "1, " "1, " "1, " "1, " "1, " "1, " "1, " "1, " "1, " "1, " "1, " "1, " "1, " "1, " "1, " "1, " "1, " "1, " "1, " "1, " "1, " "1, " "1, " "1, " "1, " "1, " "1, " "1, " "1, " "1, " "1, " "1, " "1, " "1, " "1, " "1, " "1, " "1, " "1, " "1, " "1, " "1, " "1, " "1, " "1, " "1, " "1, " "1, " "1, " "1, " "1, " "1, " "1, " "1, " "1, " "1, " "1, " "1, " "1, " "1, " "1, " "1, " "1, " "1, " "1, " "1, " "1, " "1, " "1, " "1, " "1, " "1, " "1, " "1, " "1, " "1, " "1, " "1, " "1, " "1, " "1, " "1, " "1, " "1, " "1, " "1, " "1, " "1, " "1, " "1, " "1, " "1, " "1, " "1, " "1, " "1, " "1, " "1, " "1, " "1, " "1, " "1, " "1, " "1, " "1, " "1, " "1, " "1, " "1, " "1, " "1, " "1, " "1, " "1, " "1, " "1, " "1, " "1, " "1, " "1, " "1, " "1, " "1, " "1, " "1, " "1, " "1, " "1, " "1, " "1, " "1, " "1, " "1, " "1, " "1, " "1, " "1, " "1, " "1, " "1, " "1, " "1, " "1, " "1, " "1, " "1, " "1, " "1, " "1, " "1, " "1, " "1, "0
 "Nei16, 0.372, " "0.434, " "1, " "1, " "1, " "1, " "1, " "1, " "1, " "1, " "1, " "1, " "1, " "1, " "1, " "1, " "1, " "1, " "0, " "1, " "1, " "1, " "1, " "1, " "1, " "1, " "1, " "1, " "1, " "1, " "1, " "1, " "1, " "1, " "1, " "1, " "1, " "1, " "1, " "1, " "1, " "1, " "1, " "1, " "1, " "1, " "1, " "1, " "1, " "1, " "1, " "1, " "1, " "1, " "1, " "1, " "1, " "1, " "1, " "1, " "1, " "1, " "1, " "1, " "1, " "1, " "1, " "1, " "1, " "1, " "1, " "1, " "1, " "1, " "1, " "1, " "1, " "1, " "1, " "1, " "1, " "1, " "1, " "1, " "1, " "1, " "1, " "1, " "1, " "1, " "1, " "1, " "1, " "1, " "1, " "1, " "1, " "1, " "1, " "1, " "1, " "1, " "1, " "1, " "1, " "1, " "1, " "1, " "1, " "1, " "1, " "1, " "1, " "1, " "1, " "1, " "1, " "1, " "1, " "1, " "1, " "1, " "1, " "1, " "1, " "1, " "1, " "1, " "1, " "1, " "1, " "1, " "1, " "1, " "1, " "1, " "1, " "1, " "1, " "1, " "1, " "1, " "1, " "1, " "1, " "1, " "1, " "1, " "1, " "1, " "1, " "1, " "1, " "1, " "1, " "1, " "1, " "1, " "1, " "1, " "1, " "1, " "1, " "1, " "1, " "1, " "1, " "1, " "1, " "1, " "1, " "1, " "1, " "1, " "1, " "1, " "1, " "1, " "1, " "1, " "1, " "1, " "1, " "1, " "1, " "1, " "1, " "1, " "1, " "1, " "1, " "1, " "1, " "1, " "1, " "1, " "1, " "1, " "1, " "1, " "1, " "1, " "1, " "1, " "1, " "1, " "1, " "1, " "1, " "1, " "1, " "1, " "1, " "1, " "1, " "1, " "1, " "1, " "1, " "1, " "1, " "1, " "1, " "1, " "1, " "1, " "1, " "1, " "1, " "1, " "1, " "1, " "1, " "1, " "1, " "1, " "1, " "1, " "1, " "1, " "1, " "1, " "1, " "1, " "1, " "1, " "1, " "1, " "1, " "1, " "1, " "1, " "1, " "1, " "1, " "1, " "1, " "1, " "1, "0
 "Nei17, 0.206, " "0.935, " "1, " "1, " "1, " "1, " "1, " "1, " "1, " "1, " "1, " "1, " "1, " "1, " "1, " "1, " "1, " "1, " "1, " "0, " "1, " "1, " "1, " "1, " "1, " "1, " "1, " "1, " "1, " "1, " "1, " "1, " "1, " "1, " "1, " "1, " "1, " "1, " "1, " "1, " "1, " "1, " "1, " "1, " "1, " "1, " "1, " "1, " "1, " "1, " "1, " "1, " "1, " "1, " "1, " "1, " "1, " "1, " "1, " "1, " "1, " "1, " "1, " "1, " "1, " "1, " "1, " "1, " "1, " "1, " "1, " "1, " "1, " "1, " "1, " "1, " "1, " "1, " "1, " "1, " "1, " "1, " "1, " "1, " "1, " "1, " "1, " "1, " "1, " "1, " "1, " "1, " "1, " "1, " "1, " "1, " "1, " "1, " "1, " "1, " "1, " "1, " "1, " "1, " "1, " "1, " "1, " "1, " "1, " "1, " "1, " "1, " "1, " "1, " "1, " "1, " "1, " "1, " "1, " "1, " "1, " "1, " "1, " "1, " "1, " "1, " "1, " "1, " "1, " "1, " "1, " "1, " "1, " "1, " "1, " "1, " "1, " "1, " "1, " "1, " "1, " "1, " "1, " "1, " "1, " "1, " "1, " "1, " "1, " "1, " "1, " "1, " "1, " "1, " "1, " "1, " "1, " "1, " "1, " "1, " "1, " "1, " "1, " "1, " "1, " "1, " "1, " "1, " "1, " "1, " "1, " "1, " "1, " "1, " "1, " "1, " "1, " "1, " "1, " "1, " "1, " "1, " "1, " "1, " "1, " "1, " "1, " "1, " "1, " "1, " "1, " "1, " "1, " "1, " "1, " "1, " "1, " "1, " "1, " "1, " "1, " "1, " "1, " "1, " "1, " "1, " "1, " "1, " "1, " "1, " "1, " "1, " "1, " "1, " "1, " "1, " "1, " "1, " "1, " "1, " "1, " "1, " "1, " "1, " "1, " "1, " "1, " "1, " "1, " "1, " "1, " "1, " "1, " "1, " "1, " "1, " "1, " "1, " "1, " "1, " "1, " "1, " "1, " "1, " "1, " "1, " "1, " "1, " "1, " "1, " "1, " "1, " "1, " "1, " "1, " "1, " "1, " "1, " "1, "0
 "Nei18, 0.126, " "0.921, " "1, " "1, " "1, " "1, " "1, " "1, " "1, " "1, " "1, " "1, " "1, " "1, " "1, " "1, " "1, " "1, " "1, " "1, " "0, " "1, " "1, " "1, " "1, " "1, " "1, " "1, " "1, " "1, " "1, " "1, " "1, " "1, " "1, " "1, " "1, " "1, " "1, " "1, " "1, " "1, " "1, " "1, " "1, " "1, " "1, " "1, " "1, " "1, " "1, " "1, " "1, " "1, " "1, " "1, " "1, " "1, " "1, " "1, " "1, " "1, " "1, " "1, " "1, " "1, " "1, " "1, " "1, " "1, " "1, " "1, " "1, " "1, " "1, " "1, " "1, " "1, " "1, " "1, " "1, " "1, " "1, " "1, " "1, " "1, " "1, " "1, " "1, " "1, " "1, " "1, " "1, " "1, " "1, " "1, " "1, " "1, " "1, " "1, " "1, " "1, " "1, " "1, " "1, " "1, " "1, " "1, " "1, " "1, " "1, " "1, " "1, " "1, " "1, " "1, " "1, " "1, " "1, " "1, " "1, " "1, " "1, " "1, " "1, " "1, " "1, " "1, " "1, " "1, " "1, " "1, " "1, " "1, " "1, " "1, " "1, " "1, " "1, " "1, " "1, " "1, " "1, " "1, " "1, " "1, " "1, " "1, " "1, " "1, " "1, " "1, " "1, " "1, " "1, " "1, " "1, " "1, " "1, " "1, " "1, " "1, " "1, " "1, " "1, " "1, " "1, " "1, " "1, " "1, " "1, " "1, " "1, " "1, " "1, " "1, " "1, " "1, " "1, " "1, " "1, " "1, " "1, " "1, " "1, " "1, " "1, " "1, " "1, " "1, " "1, " "1, " "1, " "1, " "1, " "1, " "1, " "1, " "1, " "1, " "1, " "1, " "1, " "1, " "1, " "1, " "1, " "1, " "1, " "1, " "1, " "1, " "1, " "1, " "1, " "1, " "1, " "1, " "1, " "1, " "1, " "1, " "1, " "1, " "1, " "1, " "1, " "1, " "1, " "1, " "1, " "1, " "1, " "1, " "1, " "1, " "1, " "1, " "1, " "1, " "1, " "1, " "1, " "1, " "1, " "1, " "1, " "1, " "1, " "1, " "1, " "1, " "1, " "1, " "1, " "1, " "1, " "1, " "1, "0
 "Nei19, 0.177, " "-0.003, " "1, " "1, " "1, " "1, " "1, " "1, " "1, " "1, " "1, " "1, " "1, " "1, " "1, " "1, " "1, " "1, " "1, " "1, " "1, " "0, " "1, " "1, " "1, " "1, " "1, " "1, " "1, " "1, " "1, " "1, " "1, " "1, " "1, " "1, " "1, " "1, " "1, " "1, " "1, " "1, " "1, " "1, " "1, " "1, " "1, " "1, " "1, " "1, " "1, " "1, " "1, " "1, " "1, " "1, " "1, " "1, " "1, " "1, " "1, " "1, " "1, " "1, " "1, " "1, " "1, " "1, " "1, " "1, " "1, " "1, " "1, " "1, " "1, " "1, " "1, " "1, " "1, " "1, " "1, " "1, " "1, " "1, " "1, " "1, " "1, " "1, " "1, " "1, " "1, " "1, " "1, " "1, " "1, " "1, " "1, " "1, " "1, " "1, " "1, " "1, " "1, " "1, " "1, " "1, " "1, " "1, " "1, " "1, " "1, " "1, " "1, " "1, " "1, " "1, " "1, " "1, " "1, " "1, " "1, " "1, " "1, " "1, " "1, " "1, " "1, " "1, " "1, " "1, " "1, " "1, " "1, " "1, " "1, " "1, " "1, " "1, " "1, " "1, " "1, " "1, " "1, " "1, " "1, " "1, " "1, " "1, " "1, " "1, " "1, " "1, " "1, " "1, " "1, " "1, " "1, " "1, " "1, " "1, " "1, " "1, " "1, " "1, " "1, " "1, " "1, " "1, " "1, " "1, " "1, " "1, " "1, " "1, " "1, " "1, " "1, " "1, " "1, " "1, " "1, " "1, " "1, " "1, " "1, " "1, " "1, " "1, " "1, " "1, " "1, " "1, " "1, " "1, " "1, " "1, " "1, " "1, " "1, " "1, " "1, " "1, " "1, " "1, " "1, " "1, " "1, " "1, " "1, " "1, " "1, " "1, " "1, " "1, " "1, " "1, " "1, " "1, " "1, " "1, " "1, " "1, " "1, " "1, " "1, " "1, " "1, " "1, " "1, " "1, " "1, " "1, " "1, " "1, " "1, " "1, " "1, " "1, " "1, " "1, " "1, " "1, " "1, " "1, " "1, " "1, " "1, " "1, " "1, " "1, " "1, " "1, " "1, " "1, " "1, " "1, " "1, " "1, " "1, "0
 "Nei20, 0.004, " "0.296, " "1, " "1, " "1, " "1, " "1, " "1, " "1, " "1, " "1, " "1, " "1, " "1, " "1, " "1, " "1, " "1, " "1, " "1, " "1, " "1, " "0, " "1, " "1, " "1, " "1, " "1, " "1, " "1, " "1, " "1, " "1, " "1, " "1, " "1, " "1, " "1, " "1, " "1, " "1, " "1, " "1, " "1, " "1, " "1, " "1, " "1, " "1, " "1, " "1, " "1, " "1, " "1, " "1, " "1, " "1, " "1, " "1, " "1, " "1, " "1, " "1, " "1, " "1, " "1, " "1, " "1, " "1, " "1, " "1, " "1, " "1, " "1, " "1, " "1, " "1, " "1, " "1, " "1, " "1, " "1, " "1, " "1, " "1, " "1, " "1, " "1, " "1, " "1, " "1, " "1, " "1, " "1, " "1, " "1, " "1, " "1, " "1, " "1, " "1, " "1, " "1, " "1, " "1, " "1, " "1, " "1, " "1, " "1, " "1, " "1, " "1, " "1, " "1, " "1, " "1, " "1, " "1, " "1, " "1, " "1, " "1, " "1, " "1, " "1, " "1, " "1, " "1, " "1, " "1, " "1, " "1, " "1, " "1, " "1, " "1, " "1, " "1, " "1, " "1, " "1, " "1, " "1, " "1, " "1, " "1, " "1, " "1, " "1, " "1, " "1, " "1, " "1, " "1, " "1, " "1, " "1, " "1, " "1, " "1, " "1, " "1, " "1, " "1, " "1, " "1, " "1, " "1, " "1, " "1, " "1, " "1, " "1, " "1, " "1, " "1, " "1, " "1, " "1, " "1, " "1, " "1, " "1, " "1, " "1, " "1, " "1, " "1, " "1, " "1, " "1, " "1, " "1, " "1, " "1, " "1, " "1, " "1, " "1, " "1, " "1, " "1, " "1, " "1, " "1, " "1, " "1, " "1, " "1, " "1, " "1, " "1, " "1, " "1, " "1, " "1, " "1, " "1, " "1, " "1, " "1, " "1, " "1, " "1, " "1, " "1, " "1, " "1, " "1, " "1, " "1, " "1, " "1, " "1, " "1, " "1, " "1, " "1, " "1, " "1, " "1, " "1, " "1, " "1, " "1, " "1, " "1, " "1, " "1, " "1, " "1, " "1, " "1, " "1, " "1, " "1, " "1, " "1, "0
 "Nei21, 0.086, " "-0.069, " "1, " "1, " "1, " "1, " "1, " "1, " "1, " "1, " "1, " "1, " "1, " "1, " "1, " "1, " "1, " "1, " "1, " "1, " "1, " "1, " "1, " "0, " "1, " "1, " "1, " "1, " "1, " "1, " "1, " "1, " "1, " "1, " "1, " "1, " "1, " "1, " "1, " "1, " "1, " "1, " "1, " "1, " "1, " "1, " "1, " "1, " "1, " "1, " "1, " "1, " "1, " "1, " "1, " "1, " "1, " "1, " "1, " "1, " "1, " "1, " "1, " "1, " "1, " "1, " "1, " "1, " "1, " "1, " "1, " "1, " "1, " "1, " "1, " "1, " "1, " "1, " "1, " "1, " "1, " "1, " "1, " "1, " "1, " "1, " "1, " "1, " "1, " "1, " "1, " "1, " "1, " "1, " "1, " "1, " "1, " "1, " "1, " "1, " "1, " "1, " "1, " "1, " "1, " "1, " "1, " "1, " "1, " "1, " "1, " "1, " "1, " "1, " "1, " "1, " "1, " "1, " "1, " "1, " "1, " "1, " "1, " "1, " "1, " "1, " "1, " "1, " "1, " "1, " "1, " "1, " "1, " "1, " "1, " "1, " "1, " "1, " "1, " "1, " "1, " "1, " "1, " "1, " "1, " "1, " "1, " "1, " "1, " "1, " "1, " "1, " "1, " "1, " "1, " "1, " "1, " "1, " "1, " "1, " "1, " "1, " "1, " "1, " "1, " "1, " "1, " "1, " "1, " "1, " "1, " "1, " "1, " "1, " "1, " "1, " "1, " "1, " "1, " "1, " "1, " "1, " "1, " "1, " "1, " "1, " "1, " "1, " "1, " "1, " "1, " "1, " "1, " "1, " "1, " "1, " "1, " "1, " "1, " "1, " "1, " "1, " "1, " "1, " "1, " "1, " "1, " "1, " "1, " "1, " "1, " "1, " "1, " "1, " "1, " "1, " "1, " "1, " "1, " "1, " "1, " "1, " "1, " "1, " "1, " "1, " "1, " "1, " "1, " "1, " "1, " "1, " "1, " "1, " "1, " "1, " "1, " "1, " "1, " "1, " "1, " "1, " "1, " "1, " "1, " "1, " "1, " "1, " "1, " "1, " "1, " "1, " "1, " "1, " "1, " "1, " "1, " "1, " "1, "0
 "Nei22, 0.218, " "-0.053, " "1, " "1, " "1, " "1, " "1, " "1, " "1, " "1, " "1, " "1, " "1, " "1, " "1, " "1, " "1, " "1, " "1, " "1, " "1, " "1, " "1, " "1, " "0, " "1, " "1, " "1, " "1, " "1, " "1, " "1, " "1, " "1, " "1, " "1, " "1, " "1, " "1, " "1, " "1, " "1, " "1, " "1, " "1, " "1, " "1, " "1, " "1, " "1, " "1, " "1, " "1, " "1, " "1, " "1, " "1, " "1, " "1, " "1, " "1, " "1, " "1, " "1, " "1, " "1, " "1, " "1, " "1, " "1, " "1, " "1, " "1, " "1, " "1, " "1, " "1, " "1, " "1, " "1, " "1, " "1, " "1, " "1, " "1, " "1, " "1, " "1, " "1, " "1, " "1, " "1, " "1, " "1, " "1, " "1, " "1, " "1, " "1, " "1, " "1, " "1, " "1, " "1, " "1, " "1, " "1, " "1, " "1, " "1, " "1, " "1, " "1, " "1, " "1, " "1, " "1, " "1, " "1, " "1, " "1, " "1, " "1, " "1, " "1, " "1, " "1, " "1, " "1, " "1, " "1, " "1, " "1, " "1, " "1, " "1, " "1, " "1, " "1, " "1, " "1, " "1, " "1, " "1, " "1, " "1, " "1, " "1, " "1, " "1, " "1, " "1, " "1, " "1, " "1, " "1, " "1, " "1, " "1, " "1, " "1, " "1, " "1, " "1, " "1, " "1, " "1, " "1, " "1, " "1, " "1, " "1, " "1, " "1, " "1, " "1, " "1, " "1, " "1, " "1, " "1, " "1, " "1, " "1, " "1, " "1, " "1, " "1, " "1, " "1, " "1, " "1, " "1, " "1, " "1, " "1, " "1, " "1, " "1, " "1, " "1, " "1, " "1, " "1, " "1, " "1, " "1, " "1, " "1, " "1, " "1, " "1, " "1, " "1, " "1, " "1, " "1, " "1, " "1, " "1, " "1, " "1, " "1, " "1, " "1, " "1, " "1, " "1, " "1, " "1, " "1, " "1, " "1, " "1, " "1, " "1, " "1, " "1, " "1, " "1, " "1, " "1, " "1, " "1, " "1, " "1, " "1, " "1, " "1, " "1, " "1, " "1, " "1, " "1, " "1, " "1, " "1, " "1, " "1, "0
 "Nei23, 0.285, " "0.791, " "1, " "1, " "1, " "1, " "1, " "1, " "1, " "1, " "1, " "1, " "1, " "1, " "1, " "1, " "1, " "1, " "1, " "1, " "1, " "1, " "1, " "1, " "1, " "0, " "1, " "1, " "1, " "1, " "1, " "1, " "1, " "1, " "1, " "1, " "1, " "1, " "1, " "1, " "1, " "1, " "1, " "1, " "1, " "1, " "1, " "1, " "1, " "1, " "1, " "1, " "1, " "1, " "1, " "1, " "1, " "1, " "1, " "1, " "1, " "1, " "1, " "1, " "1, " "1, " "1, " "1, " "1, " "1, " "1, " "1, " "1, " "1, " "1, " "1, " "1, " "1, " "1, " "1, " "1, " "1, " "1, " "1, " "1, " "1, " "1, " "1, " "1, " "1, " "1, " "1, " "1, " "1, " "1, " "1, " "1, " "1, " "1, " "1, " "1, " "1, " "1, " "1, " "1, " "1, " "1, " "1, " "1, " "1, " "1, " "1, " "1, " "1, " "1, " "1, " "1, " "1, " "1, " "1, " "1, " "1, " "1, " "1, " "1, " "1, " "1, " "1, " "1, " "1, " "1, " "1, " "1, " "1, " "1, " "1, " "1, " "1, " "1, " "1, " "1, " "1, " "1, " "1, " "1, " "1, " "1, " "1, " "1, " "1, " "1, " "1, " "1, " "1, " "1, " "1, " "1, " "1, " "1, " "1, " "1, " "1, " "1, " "1, " "1, " "1, " "1, " "1, " "1, " "1, " "1, " "1, " "1, " "1, " "1, " "1, " "1, " "1, " "1, " "1, " "1, " "1, " "1, " "1, " "1, " "1, " "1, " "1, " "1, " "1, " "1, " "1, " "1, " "1, " "1, " "1, " "1, " "1, " "1, " "1, " "1, " "1, " "1, " "1, " "1, " "1, " "1, " "1, " "1, " "1, " "1, " "1, " "1, " "1, " "1, " "1, " "1, " "1, " "1, " "1, " "1, " "1, " "1, " "1, " "1, " "1, " "1, " "1, " "1, " "1, " "1, " "1, " "1, " "1, " "1, " "1, " "1, " "1, " "1, " "1, " "1, " "1, " "1, " "1, " "1, " "1, " "1, " "1, " "1, " "1, " "1, " "1, " "1, " "1, " "1, " "1, " "1, " "1, " "1, "0
 "Nei24, 0.338, " "0.935, " "1, " "1, " "1, " "1, " "1, " "1, " "1, " "1, " "1, " "1, " "1, " "1, " "1, " "1, " "1, " "1, " "1, " "1, " "1, " "1, " "1, " "1, " "1, " "1, " "0, " "1, " "1, " "1, " "1, " "1, " "1, " "1, " "1, " "1, " "1, " "1, " "1, " "1, " "1, " "1, " "1, " "1, " "1, " "1, " "1, " "1, " "1, " "1, " "1, " "1, " "1, " "1, " "1, " "1, " "1, " "1, " "1, " "1, " "1, " "1, " "1, " "1, " "1, " "1, " "1, " "1, " "1, " "1, " "1, " "1, " "1, " "1, " "1, " "1, " "1, " "1, " "1, " "1, " "1, " "1, " "1, " "1, " "1, " "1, " "1, " "1, " "1, " "1, " "1, " "1, " "1, " "1, " "1, " "1, " "1, " "1, " "1, " "1, " "1, " "1, " "1, " "1, " "1, " "1, " "1, " "1, " "1, " "1, " "1, " "1, " "1, " "1, " "1, " "1, " "1, " "1, " "1, " "1, " "1, " "1, " "1, " "1, " "1, " "1, " "1, " "1, " "1, " "1, " "1, " "1, " "1, " "1, " "1, " "1, " "1, " "1, " "1, " "1, " "1, " "1, " "1, " "1, " "1, " "1, " "1, " "1, " "1, " "1, " "1, " "1, " "1, " "1, " "1, " "1, " "1, " "1, " "1, " "1, " "1, " "1, " "1, " "1, " "1, " "1, " "1, " "1, " "1, " "1, " "1, " "1, " "1, " "1, " "1, " "1, " "1, " "1, " "1, " "1, " "1, " "1, " "1, " "1, " "1, " "1, " "1, " "1, " "1, " "1, " "1, " "1, " "1, " "1, " "1, " "1, " "1, " "1, " "1, " "1, " "1, " "1, " "1, " "1, " "1, " "1, " "1, " "1, " "1, " "1, " "1, " "1, " "1, " "1, " "1, " "1, " "1, " "1, " "1, " "1, " "1, " "1, " "1, " "1, " "1, " "1, " "1, " "1, " "1, " "1, " "1, " "1, " "1, " "1, " "1, " "1, " "1, " "1, " "1, " "1, " "1, " "1, " "1, " "1, " "1, " "1, " "1, " "1, " "1, " "1, " "1, " "1, " "1, " "1, " "1, " "1, " "1, " "1, " "1, "0
 "Nei25, 0.123, " "0.702, " "1, " "1, " "1, " "1, " "1, " "1, " "1, " "1, " "1, " "1, " "1, " "1, " "1, " "1, " "1, " "1, " "1, " "1, " "1, " "1, " "1, " "1, " "1, " "1, " "1, " "0, " "1, " "1, " "1, " "1, " "1, " "1, " "1, " "1, " "1, " "1, " "1, " "1, " "1, " "1, " "1, " "1, " "1, " "1, " "1, " "1, " "1, " "1, " "1, " "1, " "1, " "1, " "1, " "1, " "1, " "1, " "1, " "1, " "1, " "1, " "1, " "1, " "1, " "1, " "1, " "1, " "1, " "1, " "1, " "1, " "1, " "1, " "1, " "1, " "1, " "1, " "1, " "1, " "1, " "1, " "1, " "1, " "1, " "1, " "1, " "1, " "1, " "1, " "1, " "1, " "1, " "1, " "1, " "1, " "1, " "1, " "1, " "1, " "1, " "1, " "1, " "1, " "1, " "1, " "1, " "1, " "1, " "1, " "1, " "1, " "1, " "1, " "1, " "1, " "1, " "1, " "1, " "1, " "1, " "1, " "1, " "1, " "1, " "1, " "1, " "1, " "1, " "1, " "1, " "1, " "1, " "1, " "1, " "1, " "1, " "1, " "1, " "1, " "1, " "1, " "1, " "1, " "1, " "1, " "1, " "1, " "1, " "1, " "1, " "1, " "1, " "1, " "1, " "1, " "1, " "1, " "1, " "1, " "1, " "1, " "1, " "1, " "1, " "1, " "1, " "1, " "1, " "1, " "1, " "1, " "1, " "1, " "1, " "1, " "1, " "1, " "1, " "1, " "1, " "1, " "1, " "1, " "1, " "1, " "1, " "1, " "1, " "1, " "1, " "1, " "1, " "1, " "1, " "1, " "1, " "1, " "1, " "1, " "1, " "1, " "1, " "1, " "1, " "1, " "1, " "1, " "1, " "1, " "1, " "1, " "1, " "1, " "1, " "1, " "1, " "1, " "1, " "1, " "1, " "1, " "1, " "1, " "1, " "1, " "1, " "1, " "1, " "1, " "1, " "1, " "1, " "1, " "1, " "1, " "1, " "1, " "1, " "1, " "1, " "1, " "1, " "1, " "1, " "1, " "1, " "1, " "1, " "1, " "1, " "1, " "1, " "1, " "1, " "1, " "1, " "1, " "1, "0
 "Nei26, 0.282, " "-0.448, " "1, " "1, " "1, " "1, " "1, " "1, " "1, " "1, " "1, " "1, " "1, " "1, " "1, " "1, " "1, " "1, " "1, " "1, " "1, " "1, " "1, " "1, " "1, " "1, " "1, " "1, " "0, " "1, " "1, " "1, " "1, " "1, " "1, " "1, " "1, " "1, " "1, " "1, " "1, " "1, " "1, " "1, " "1, " "1, " "1, " "1, " "1, " "1, " "1, " "1, " "1, " "1, " "1, " "1, " "1, " "1, " "1, " "1, " "1, " "1, " "1, " "1, " "1, " "1, " "1, " "1, " "1, " "1, " "1, " "1, " "1, " "1, " "1, " "1, " "1, " "1, " "1, " "1, " "1, " "1, " "1, " "1, " "1, " "1, " "1, " "1, " "1, " "1, " "1, " "1, " "1, " "1, " "1, " "1, " "1, " "1, " "1, " "1, " "1, " "1, " "1, " "1, " "1, " "1, " "1, " "1, " "1, " "1, " "1, " "1, " "1, " "1, " "1, " "1, " "1, " "1, " "1, " "1, " "1, " "1, " "1, " "1, " "1, " "1, " "1, " "1, " "1, " "1, " "1, " "1, " "1, " "1, " "1, " "1, " "1, " "1, " "1, " "1, " "1, " "1, " "1, " "1, " "1, " "1, " "1, " "1, " "1, " "1, " "1, " "1, " "1, " "1, " "1, " "1, " "1, " "1, " "1, " "1, " "1, " "1, " "1, " "1, " "1, " "1, " "1, " "1, " "1, " "1, " "1, " "1, " "1, " "1, " "1, " "1, " "1, " "1, " "1, " "1, " "1, " "1, " "1, " "1, " "1, " "1, " "1, " "1, " "1, " "1, " "1, " "1, " "1, " "1, " "1, " "1, " "1, " "1, " "1, " "1, " "1, " "1, " "1, " "1, " "1, " "1, " "1, " "1, " "1, " "1, " "1, " "1, " "1, " "1, " "1, " "1, " "1, " "1, " "1, " "1, " "1, " "1, " "1, " "1, " "1, " "1, " "1, " "1, " "1, " "1, " "1, " "1, " "1, " "1, " "1, " "1, " "1, " "1, " "1, " "1, " "1, " "1, " "1, " "1, " "1, " "1, " "1, " "1, " "1, " "1, " "1, " "1, " "1, " "1, " "1, " "1, " "1, " "1, " "1, "0
 "Nei27, 0.133, " "0.328, " "1, " "1, " "1, " "1, " "1, " "1, " "1, " "1, " "1, " "1, " "1, " "1, " "1, " "1, " "1, " "1, " "1, " "1, " "1, " "1, " "1, " "1, " "1, " "1, " "1, " "1, " "1, " "0, " "1, " "1, " "1, " "1, " "1, " "1, " "1, " "1, " "1, " "1, " "1, " "1, " "1, " "1, " "1, " "1, " "1, " "1, " "1, " "1, " "1, " "1, " "1, " "1, " "1, " "1, " "1, " "1, " "1, " "1, " "1, " "1, " "1, " "1, " "1, " "1, " "1, " "1, " "1, " "1, " "1, " "1, " "1, " "1, " "1, " "1, " "1, " "1, " "1, " "1, " "1, " "1, " "1, " "1, " "1, " "1, " "1, " "1, " "1, " "1, " "1, " "1, " "1, " "1, " "1, " "1, " "1, " "1, " "1, " "1, " "1, " "1, " "1, " "1, " "1, " "1, " "1, " "1, " "1, " "1, " "1, " "1, " "1, " "1, " "1, " "1, " "1, " "1, " "1, " "1, " "1, " "1, " "1, " "1, " "1, " "1, " "1, " "1, " "1, " "1, " "1, " "1, " "1, " "1, " "1, " "1, " "1, " "1, " "1, " "1, " "1, " "1, " "1, " "1, " "1, " "1, " "1, " "1, " "1, " "1, " "1, " "1, " "1, " "1, " "1, " "1, " "1, " "1, " "1, " "1, " "1, " "1, " "1, " "1, " "1, " "1, " "1, " "1, " "1, " "1, " "1, " "1, " "1, " "1, " "1, " "1, " "1, " "1, " "1, " "1, " "1, " "1, " "1, " "1, " "1, " "1, " "1, " "1, " "1, " "1, " "1, " "1, " "1, " "1, " "1, " "1, " "1, " "1, " "1, " "1, " "1, " "1, " "1, " "1, " "1, " "1, " "1, " "1, " "1, " "1, " "1, " "1, " "1, " "1, " "1, " "1, " "1, " "1, " "1, " "1, " "1, " "1, " "1, " "1, " "1, " "1, " "1, " "1, " "1, " "1, " "1, " "1, " "1, " "1, " "1, " "1, " "1, " "1, " "1, " "1, " "1, " "1, " "1, " "1, " "1, " "1, " "1, " "1, " "1, " "1, " "1, " "1, " "1, " "1, " "1, " "1, " "1, " "1, " "1, "0
 "Nei28, 0.29, " "0.544, " "1, " "1, " "1, " "1, " "1, " "1, " "1, " "1, " "1, " "1, " "1, " "1, " "1, " "1, " "1, " "1, " "1, " "1, " "1, " "1, " "1, " "1, " "1, " "1, " "1, " "1, " "1, " "1, " "0, " "1, " "1, " "1, " "1, " "1, " "1, " "1, " "1, " "1, " "1, " "1, " "1, " "1, " "1, " "1, " "1, " "1, " "1, " "1, " "1, " "1, " "1, " "1, " "1, " "1, " "1, " "1, " "1, " "1, " "1, " "1, " "1, " "1, " "1, " "1, " "1, " "1, " "1, " "1, " "1, " "1, " "1, " "1, " "1, " "1, " "1, " "1, " "1, " "1, " "1, " "1, " "1, " "1, " "1, " "1, " "1, " "1, " "1, " "1, " "1, " "1, " "1, " "1, " "1, " "1, " "1, " "1, " "1, " "1, " "1, " "1, " "1, " "1, " "1, " "1, " "1, " "1, " "1, " "1, " "1, " "1, " "1, " "1, " "1, " "1, " "1, " "1, " "1, " "1, " "1, " "1, " "1, " "1, " "1, " "1, " "1, " "1, " "1, " "1, " "1, " "1, " "1, " "1, " "1, " "1, " "1, " "1, " "1, " "1, " "1, " "1, " "1, " "1, " "1, " "1, " "1, " "1, " "1, " "1, " "1, " "1, " "1, " "1, " "1, " "1, " "1, " "1, " "1, " "1, " "1, " "1, " "1, " "1, " "1, " "1, " "1, " "1, " "1, " "1, " "1, " "1, " "1, " "1, " "1, " "1, " "1, " "1, " "1, " "1, " "1, " "1, " "1, " "1, " "1, " "1, " "1, " "1, " "1, " "1, " "1, " "1, " "1, " "1, " "1, " "1, " "1, " "1, " "1, " "1, " "1, " "1, " "1, " "1, " "1, " "1, " "1, " "1, " "1, " "1, " "1, " "1, " "1, " "1, " "1, " "1, " "1, " "1, " "1, " "1, " "1, " "1, " "1, " "1, " "1, " "1, " "1, " "1, " "1, " "1, " "1, " "1, " "1, " "1, " "1, " "1, " "1, " "1, " "1, " "1, " "1, " "1, " "1, " "1, " "1, " "1, " "1, " "1, " "1, " "1, " "1, " "1, " "1, " "1, " "1, " "1, " "1, " "1, " "1, "0
 "Nei29, 0.268, " "0.722, " "1, " "1, " "1, " "1, " "1, " "1, " "1, " "1, " "1, " "1, " "1, " "1, " "1, " "1, " "1, " "1, " "1, " "1, " "1, " "1, " "1, " "1, " "1, " "1, " "1, " "1, " "1, " "1, " "1, " "0, " "1, " "1, " "1, " "1, " "1, " "1, " "1, " "1, " "1, " "1, " "1, " "1, " "1, " "1, " "1, " "1, " "1, " "1, " "1, " "1, " "1, " "1, " "1, " "1, " "1, " "1, " "1, " "1, " "1, " "1, " "1, " "1, " "1, " "1, " "1, " "1, " "1, " "1, " "1, " "1, " "1, " "1, " "1, " "1, " "1, " "1, " "1, " "1, " "1, " "1, " "1, " "1, " "1, " "1, " "1, " "1, " "1, " "1, " "1, " "1, " "1, " "1, " "1, " "1, " "1, " "1, " "1, " "1, " "1, " "1, " "1, " "1, " "1, " "1, " "1, " "1, " "1, " "1, " "1, " "1, " "1, " "1, " "1, " "1, " "1, " "1, " "1, " "1, " "1, " "1, " "1, " "1, " "1, " "1, " "1, " "1, " "1, " "1, " "1, " "1, " "1, " "1, " "1, " "1, " "1, " "1, " "1, " "1, " "1, " "1, " "1, " "1, " "1, " "1, " "1, " "1, " "1, " "1, " "1, " "1, " "1, " "1, " "1, " "1, " "1, " "1, " "1, " "1, " "1, " "1, " "1, " "1, " "1, " "1, " "1, " "1, " "1, " "1, " "1, " "1, " "1, " "1, " "1, " "1, " "1, " "1, " "1, " "1, " "1, " "1, " "1, " "1, " "1, " "1, " "1, " "1, " "1, " "1, " "1, " "1, " "1, " "1, " "1, " "1, " "1, " "1, " "1, " "1, " "1, " "1, " "1, " "1, " "1, " "1, " "1, " "1, " "1, " "1, " "1, " "1, " "1, " "1, " "1, " "1, " "1, " "1, " "1, " "1, " "1, " "1, " "1, " "1, " "1, " "1, " "1, " "1, " "1, " "1, " "1, " "1, " "1, " "1, " "1, " "1, " "1, " "1, " "1, " "1, " "1, " "1, " "1, " "1, " "1, " "1, " "1, " "1, " "1, " "1, " "1, " "1, " "1, " "1, " "1, " "1, " "1, " "1, " "1, "0
 "Nei30, 0.191, " "0.3, " "1, " "1, " "1, " "1, " "1, " "1, " "1, " "1, " "1, " "1, " "1, " "1, " "1, " "1, " "1, " "1, " "1, " "1, " "1, " "1, " "1, " "1, " "1, " "1, " "1, " "1, " "1, " "1, " "1, " "1, " "0, " "1, " "1, " "1, " "1, " "1, " "1, " "1, " "1, " "1, " "1, " "1, " "1, " "1, " "1, " "1, " "1, " "1, " "1, " "1, " "1, " "1, " "1, " "1, " "1, " "1, " "1, " "1, " "1, " "1, " "1, " "1, " "1, " "1, " "1, " "1, " "1, " "1, " "1, " "1, " "1, " "1, " "1, " "1, " "1, " "1, " "1, " "1, " "1, " "1, " "1, " "1, " "1, " "1, " "1, " "1, " "1, " "1, " "1, " "1, " "1, " "1, " "1, " "1, " "1, " "1, " "1, " "1, " "1, " "1, " "1, " "1, " "1, " "1, " "1, " "1, " "1, " "1, " "1, " "1, " "1, " "1, " "1, " "1, " "1, " "1, " "1, " "1, " "1, " "1, " "1, " "1, " "1, " "1, " "1, " "1, " "1, " "1, " "1, " "1, " "1, " "1, " "1, " "1, " "1, " "1, " "1, " "1, " "1, " "1, " "1, " "1, " "1, " "1, " "1, " "1, " "1, " "1, " "1, " "1, " "1, " "1, " "1, " "1, " "1, " "1, " "1, " "1, " "1, " "1, " "1, " "1, " "1, " "1, " "1, " "1, " "1, " "1, " "1, " "1, " "1, " "1, " "1, " "1, " "1, " "1, " "1, " "1, " "1, " "1, " "1, " "1, " "1, " "1, " "1, " "1, " "1, " "1, " "1, " "1, " "1, " "1, " "1, " "1, " "1, " "1, " "1, " "1, " "1, " "1, " "1, " "1, " "1, " "1, " "1, " "1, " "1, " "1, " "1, " "1, " "1, " "1, " "1, " "1, " "1, " "1, " "1, " "1, " "1, " "1, " "1, " "1, " "1, " "1, " "1, " "1, " "1, " "1, " "1, " "1, " "1, " "1, " "1, " "1, " "1, " "1, " "1, " "1, " "1, " "1, " "1, " "1, " "1, " "1, " "1, " "1, " "1, " "1, " "1, " "1, " "1, " "1, " "1, " "1, " "1, " "1, " "1, "0
 "Nei31, 0.321, " "0.431, " "1, " "1, " "1, " "1, " "1, " "1, " "1, " "1, " "1, " "1, " "1, " "1, " "1, " "1, " "1, " "1, " "1, " "1, " "1, " "1, " "1, " "1, " "1, " "1, " "1, " "1, " "1, " "1, " "1, " "1, " "1, " "0, " "1, " "1, " "1, " "1, " "1, " "1, " "1, " "1, " "1, " "1, " "1, " "1, " "1, " "1, " "1, " "1, " "1, " "1, " "1, " "1, " "1, " "1, " "1, " "1, " "1, " "1, " "1, " "1, " "1, " "1, " "1, " "1, " "1, " "1, " "1, " "1, " "1, " "1, " "1, " "1, " "1, " "1, " "1, " "1, " "1, " "1, " "1, " "1, " "1, " "1, " "1, " "1, " "1, " "1, " "1, " "1, " "1, " "1, " "1, " "1, " "1, " "1, " "1, " "1, " "1, " "1, " "1, " "1, " "1, " "1, " "1, " "1, " "1, " "1, " "1, " "1, " "1, " "1, " "1, " "1, " "1, " "1, " "1, " "1, " "1, " "1, " "1, " "1, " "1, " "1, " "1, " "1, " "1, " "1, " "1, " "1, " "1, " "1, " "1, " "1, " "1, " "1, " "1, " "1, " "1, " "1, " "1, " "1, " "1, " "1, " "1, " "1, " "1, " "1, " "1, " "1, " "1, " "1, " "1, " "1, " "1, " "1, " "1, " "1, " "1, " "1, " "1, " "1, " "1, " "1, " "1, " "1, " "1, " "1, " "1, " "1, " "1, " "1, " "1, " "1, " "1, " "1, " "1, " "1, " "1, " "1, " "1, " "1, " "1, " "1, " "1, " "1, " "1, " "1, " "1, " "1, " "1, " "1, " "1, " "1, " "1, " "1, " "1, " "1, " "1, " "1, " "1, " "1, " "1, " "1, " "1, " "1, " "1, " "1, " "1, " "1, " "1, " "1, " "1, " "1, " "1, " "1, " "1, " "1, " "1, " "1, " "1, " "1, " "1, " "1, " "1, " "1, " "1, " "1, " "1, " "1, " "1, " "1, " "1, " "1, " "1, " "1, " "1, " "1, " "1, " "1, " "1, " "1, " "1, " "1, " "1, " "1, " "1, " "1, " "1, " "1, " "1, " "1, " "1, " "1, " "1, " "1, " "1, " "1, " "1, "0
 "Nei32, 0.262, " "-0.79, " "1, " "1, " "1, " "1, " "1, " "1, " "1, " "1, " "1, " "1, " "1, " "1, " "1, " "1, " "1, " "1, " "1, " "1, " "1, " "1, " "1, " "1, " "1, " "1, " "1, " "1, " "1, " "1, " "1, " "1, " "1, " "1, " "0, " "1, " "1, " "1, " "1, " "1, " "1, " "1, " "1, " "1, " "1, " "1, " "1, " "1, " "1, " "1, " "1, " "1, " "1, " "1, " "1, " "1, " "1, " "1, " "1, " "1, " "1, " "1, " "1, " "1, " "1, " "1, " "1, " "1, " "1, " "1, " "1, " "1, " "1, " "1, " "1, " "1, " "1, " "1, " "1, " "1, " "1, " "1, " "1, " "1, " "1, " "1, " "1, " "1, " "1, " "1, " "1, " "1, " "1, " "1, " "1, " "1, " "1, " "1, " "1, " "1, " "1, " "1, " "1, " "1, " "1, " "1, " "1, " "1, " "1, " "1, " "1, " "1, " "1, " "1, " "1, " "1, " "1, " "1, " "1, " "1, " "1, " "1, " "1, " "1, " "1, " "1, " "1, " "1, " "1, " "1, " "1, " "1, " "1, " "1, " "1, " "1, " "1, " "1, " "1, " "1, " "1, " "1, " "1, " "1, " "1, " "1, " "1, " "1, " "1, " "1, " "1, " "1, " "1, " "1, " "1, " "1, " "1, " "1, " "1, " "1, " "1, " "1, " "1, " "1, " "1, " "1, " "1, " "1, " "1, " "1, " "1, " "1, " "1, " "1, " "1, " "1, " "1, " "1, " "1, " "1, " "1, " "1, " "1, " "1, " "1, " "1, " "1, " "1, " "1, " "1, " "1, " "1, " "1, " "1, " "1, " "1, " "1, " "1, " "1, " "1, " "1, " "1, " "1, " "1, " "1, " "1, " "1, " "1, " "1, " "1, " "1, " "1, " "1, " "1, " "1, " "1, " "1, " "1, " "1, " "1, " "1, " "1, " "1, " "1, " "1, " "1, " "1, " "1, " "1, " "1, " "1, " "1, " "1, " "1, " "1, " "1, " "1, " "1, " "1, " "1, " "1, " "1, " "1, " "1, " "1, " "1, " "1, " "1, " "1, " "1, " "1, " "1, " "1, " "1, " "1, " "1, " "1, " "1, " "1, "0
 "Nei33, 0.216, " "-0.328, " "1, " "1, " "1, " "1, " "1, " "1, " "1, " "1, " "1, " "1, " "1, " "1, " "1, " "1, " "1, " "1, " "1, " "1, " "1, " "1, " "1, " "1, " "1, " "1, " "1, " "1, " "1, " "1, " "1, " "1, " "1, " "1, " "1, " "0, " "1, " "1, " "1, " "1, " "1, " "1, " "1, " "1, " "1, " "1, " "1, " "1, " "1, " "1, " "1, " "1, " "1, " "1, " "1, " "1, " "1, " "1, " "1, " "1, " "1, " "1, " "1, " "1, " "1, " "1, " "1, " "1, " "1, " "1, " "1, " "1, " "1, " "1, " "1, " "1, " "1, " "1, " "1, " "1, " "1, " "1, " "1, " "1, " "1, " "1, " "1, " "1, " "1, " "1, " "1, " "1, " "1, " "1, " "1, " "1, " "1, " "1, " "1, " "1, " "1, " "1, " "1, " "1, " "1, " "1, " "1, " "1, " "1, " "1, " "1, " "1, " "1, " "1, " "1, " "1, " "1, " "1, " "1, " "1, " "1, " "1, " "1, " "1, " "1, " "1, " "1, " "1, " "1, " "1, " "1, " "1, " "1, " "1, " "1, " "1, " "1, " "1, " "1, " "1, " "1, " "1, " "1, " "1, " "1, " "1, " "1, " "1, " "1, " "1, " "1, " "1, " "1, " "1, " "1, " "1, " "1, " "1, " "1, " "1, " "1, " "1, " "1, " "1, " "1, " "1, " "1, " "1, " "1, " "1, " "1, " "1, " "1, " "1, " "1, " "1, " "1, " "1, " "1, " "1, " "1, " "1, " "1, " "1, " "1, " "1, " "1, " "1, " "1, " "1, " "1, " "1, " "1, " "1, " "1, " "1, " "1, " "1, " "1, " "1, " "1, " "1, " "1, " "1, " "1, " "1, " "1, " "1, " "1, " "1, " "1, " "1, " "1, " "1, " "1, " "1, " "1, " "1, " "1, " "1, " "1, " "1, " "1, " "1, " "1, " "1, " "1, " "1, " "1, " "1, " "1, " "1, " "1, " "1, " "1, " "1, " "1, " "1, " "1, " "1, " "1, " "1, " "1, " "1, " "1, " "1, " "1, " "1, " "1, " "1, " "1, " "1, " "1, " "1, " "1, " "1, " "1, " "1, " "1, "0
 "Nei34, 0.038, " "-0.408, " "1, " "1, " "1, " "1, " "1, " "1, " "1, " "1, " "1, " "1, " "1, " "1, " "1, " "1, " "1, " "1, " "1, " "1, " "1, " "1, " "1, " "1, " "1, " "1, " "1, " "1, " "1, " "1, " "1, " "1, " "1, " "1, " "1, " "1, " "0, " "1, " "1, " "1, " "1, " "1, " "1, " "1, " "1, " "1, " "1, " "1, " "1, " "1, " "1, " "1, " "1, " "1, " "1, " "1, " "1, " "1, " "1, " "1, " "1, " "1, " "1, " "1, " "1, " "1, " "1, " "1, " "1, " "1, " "1, " "1, " "1, " "1, " "1, " "1, " "1, " "1, " "1, " "1, " "1, " "1, " "1, " "1, " "1, " "1, " "1, " "1, " "1, " "1, " "1, " "1, " "1, " "1, " "1, " "1, " "1, " "1, " "1, " "1, " "1, " "1, " "1, " "1, " "1, " "1, " "1, " "1, " "1, " "1, " "1, " "1, " "1, " "1, " "1, " "1, " "1, " "1, " "1, " "1, " "1, " "1, " "1, " "1, " "1, " "1, " "1, " "1, " "1, " "1, " "1, " "1, " "1, " "1, " "1, " "1, " "1, " "1, " "1, " "1, " "1, " "1, " "1, " "1, " "1, " "1, " "1, " "1, " "1, " "1, " "1, " "1, " "1, " "1, " "1, " "1, " "1, " "1, " "1, " "1, " "1, " "1, " "1, " "1, " "1, " "1, " "1, " "1, " "1, " "1, " "1, " "1, " "1, " "1, " "1, " "1, " "1, " "1, " "1, " "1, " "1, " "1, " "1, " "1, " "1, " "1, " "1, " "1, " "1, " "1, " "1, " "1, " "1, " "1, " "1, " "1, " "1, " "1, " "1, " "1, " "1, " "1, " "1, " "1, " "1, " "1, " "1, " "1, " "1, " "1, " "1, " "1, " "1, " "1, " "1, " "1, " "1, " "1, " "1, " "1, " "1, " "1, " "1, " "1, " "1, " "1, " "1, " "1, " "1, " "1, " "1, " "1, " "1, " "1, " "1, " "1, " "1, " "1, " "1, " "1, " "1, " "1, " "1, " "1, " "1, " "1, " "1, " "1, " "1, " "1, " "1, " "1, " "1, " "1, " "1, " "1, " "1, " "1, " "1, "0
 "Nei35, 0.231, " "0.597, " "1, " "1, " "1, " "1, " "1, " "1, " "1, " "1, " "1, " "1, " "1, " "1, " "1, " "1, " "1, " "1, " "1, " "1, " "1, " "1, " "1, " "1, " "1, " "1, " "1, " "1, " "1, " "1, " "1, " "1, " "1, " "1, " "1, " "1, " "1, " "0, " "1, " "1, " "1, " "1, " "1, " "1, " "1, " "1, " "1, " "1, " "1, " "1, " "1, " "1, " "1, " "1, " "1, " "1, " "1, " "1, " "1, " "1, " "1, " "1, " "1, " "1, " "1, " "1, " "1, " "1, " "1, " "1, " "1, " "1, " "1, " "1, " "1, " "1, " "1, " "1, " "1, " "1, " "1, " "1, " "1, " "1, " "1, " "1, " "1, " "1, " "1, " "1, " "1, " "1, " "1, " "1, " "1, " "1, " "1, " "1, " "1, " "1, " "1, " "1, " "1, " "1, " "1, " "1, " "1, " "1, " "1, " "1, " "1, " "1, " "1, " "1, " "1, " "1, " "1, " "1, " "1, " "1, " "1, " "1, " "1, " "1, " "1, " "1, " "1, " "1, " "1, " "1, " "1, " "1, " "1, " "1, " "1, " "1, " "1, " "1, " "1, " "1, " "1, " "1, " "1, " "1, " "1, " "1, " "1, " "1, " "1, " "1, " "1, " "1, " "1, " "1, " "1, " "1, " "1, " "1, " "1, " "1, " "1, " "1, " "1, " "1, " "1, " "1, " "1, " "1, " "1, " "1, " "1, " "1, " "1, " "1, " "1, " "1, " "1, " "1, " "1, " "1, " "1, " "1, " "1, " "1, " "1, " "1, " "1, " "1, " "1, " "1, " "1, " "1, " "1, " "1, " "1, " "1, " "1, " "1, " "1, " "1, " "1, " "1, " "1, " "1, " "1, " "1, " "1, " "1, " "1, " "1, " "1, " "1, " "1, " "1, " "1, " "1, " "1, " "1, " "1, " "1, " "1, " "1, " "1, " "1, " "1, " "1, " "1, " "1, " "1, " "1, " "1, " "1, " "1, " "1, " "1, " "1, " "1, " "1, " "1, " "1, " "1, " "1, " "1, " "1, " "1, " "1, " "1, " "1, " "1, " "1, " "1, " "1, " "1, " "1, " "1, " "1, " "1, " "1, " "1, "0
 "Nei36, 0.307, " "0.84, " "1, " "1, " "1, " "1, " "1, " "1, " "1, " "1, " "1, " "1, " "1, " "1, " "1, " "1, " "1, " "1, " "1, " "1, " "1, " "1, " "1, " "1, " "1, " "1, " "1, " "1, " "1, " "1, " "1, " "1, " "1, " "1, " "1, " "1, " "1, " "1, " "0, " "1, " "1, " "1, " "1, " "1, " "1, " "1, " "1, " "1, " "1, " "1, " "1, " "1, " "1, " "1, " "1, " "1, " "1, " "1, " "1, " "1, " "1, " "1, " "1, " "1, " "1, " "1, " "1, " "1, " "1, " "1, " "1, " "1, " "1, " "1, " "1, " "1, " "1, " "1, " "1, " "1, " "1, " "1, " "1, " "1, " "1, " "1, " "1, " "1, " "1, " "1, " "1, " "1, " "1, " "1, " "1, " "1, " "1, " "1, " "1, " "1, " "1, " "1, " "1, " "1, " "1, " "1, " "1, " "1, " "1, " "1, " "1, " "1, " "1, " "1, " "1, " "1, " "1, " "1, " "1, " "1, " "1, " "1, " "1, " "1, " "1, " "1, " "1, " "1, " "1, " "1, " "1, " "1, " "1, " "1, " "1, " "1, " "1, " "1, " "1, " "1, " "1, " "1, " "1, " "1, " "1, " "1, " "1, " "1, " "1, " "1, " "1, " "1, " "1, " "1, " "1, " "1, " "1, " "1, " "1, " "1, " "1, " "1, " "1, " "1, " "1, " "1, " "1, " "1, " "1, " "1, " "1, " "1, " "1, " "1, " "1, " "1, " "1, " "1, " "1, " "1, " "1, " "1, " "1, " "1, " "1, " "1, " "1, " "1, " "1, " "1, " "1, " "1, " "1, " "1, " "1, " "1, " "1, " "1, " "1, " "1, " "1, " "1, " "1, " "1, " "1, " "1, " "1, " "1, " "1, " "1, " "1, " "1, " "1, " "1, " "1, " "1, " "1, " "1, " "1, " "1, " "1, " "1, " "1, " "1, " "1, " "1, " "1, " "1, " "1, " "1, " "1, " "1, " "1, " "1, " "1, " "1, " "1, " "1, " "1, " "1, " "1, " "1, " "1, " "1, " "1, " "1, " "1, " "1, " "1, " "1, " "1, " "1, " "1, " "1, " "1, " "1, " "1, " "1, " "1, "0
 "Nei37, 0.381, " "0.235, " "1, " "1, " "1, " "1, " "1, " "1, " "1, " "1, " "1, " "1, " "1, " "1, " "1, " "1, " "1, " "1, " "1, " "1, " "1, " "1, " "1, " "1, " "1, " "1, " "1, " "1, " "1, " "1, " "1, " "1, " "1, " "1, " "1, " "1, " "1, " "1, " "1, " "0, " "1, " "1, " "1, " "1, " "1, " "1, " "1, " "1, " "1, " "1, " "1, " "1, " "1, " "1, " "1, " "1, " "1, " "1, " "1, " "1, " "1, " "1, " "1, " "1, " "1, " "1, " "1, " "1, " "1, " "1, " "1, " "1, " "1, " "1, " "1, " "1, " "1, " "1, " "1, " "1, " "1, " "1, " "1, " "1, " "1, " "1, " "1, " "1, " "1, " "1, " "1, " "1, " "1, " "1, " "1, " "1, " "1, " "1, " "1, " "1, " "1, " "1, " "1, " "1, " "1, " "1, " "1, " "1, " "1, " "1, " "1, " "1, " "1, " "1, " "1, " "1, " "1, " "1, " "1, " "1, " "1, " "1, " "1, " "1, " "1, " "1, " "1, " "1, " "1, " "1, " "1, " "1, " "1, " "1, " "1, " "1, " "1, " "1, " "1, " "1, " "1, " "1, " "1, " "1, " "1, " "1, " "1, " "1, " "1, " "1, " "1, " "1, " "1, " "1, " "1, " "1, " "1, " "1, " "1, " "1, " "1, " "1, " "1, " "1, " "1, " "1, " "1, " "1, " "1, " "1, " "1, " "1, " "1, " "1, " "1, " "1, " "1, " "1, " "1, " "1, " "1, " "1, " "1, " "1, " "1, " "1, " "1, " "1, " "1, " "1, " "1, " "1, " "1, " "1, " "1, " "1, " "1, " "1, " "1, " "1, " "1, " "1, " "1, " "1, " "1, " "1, " "1, " "1, " "1, " "1, " "1, " "1, " "1, " "1, " "1, " "1, " "1, " "1, " "1, " "1, " "1, " "1, " "1, " "1, " "1, " "1, " "1, " "1, " "1, " "1, " "1, " "1, " "1, " "1, " "1, " "1, " "1, " "1, " "1, " "1, " "1, " "1, " "1, " "1, " "1, " "1, " "1, " "1, " "1, " "1, " "1, " "1, " "1, " "1, " "1, " "1, " "1, " "1, " "1, "0
 "Nei38, 0.226, " "0.18, " "1, " "1, " "1, " "1, " "1, " "1, " "1, " "1, " "1, " "1, " "1, " "1, " "1, " "1, " "1, " "1, " "1, " "1, " "1, " "1, " "1, " "1, " "1, " "1, " "1, " "1, " "1, " "1, " "1, " "1, " "1, " "1, " "1, " "1, " "1, " "1, " "1, " "1, " "0, " "1, " "1, " "1, " "1, " "1, " "1, " "1, " "1, " "1, " "1, " "1, " "1, " "1, " "1, " "1, " "1, " "1, " "1, " "1, " "1, " "1, " "1, " "1, " "1, " "1, " "1, " "1, " "1, " "1, " "1, " "1, " "1, " "1, " "1, " "1, " "1, " "1, " "1, " "1, " "1, " "1, " "1, " "1, " "1, " "1, " "1, " "1, " "1, " "1, " "1, " "1, " "1, " "1, " "1, " "1, " "1, " "1, " "1, " "1, " "1, " "1, " "1, " "1, " "1, " "1, " "1, " "1, " "1, " "1, " "1, " "1, " "1, " "1, " "1, " "1, " "1, " "1, " "1, " "1, " "1, " "1, " "1, " "1, " "1, " "1, " "1, " "1, " "1, " "1, " "1, " "1, " "1, " "1, " "1, " "1, " "1, " "1, " "1, " "1, " "1, " "1, " "1, " "1, " "1, " "1, " "1, " "1, " "1, " "1, " "1, " "1, " "1, " "1, " "1, " "1, " "1, " "1, " "1, " "1, " "1, " "1, " "1, " "1, " "1, " "1, " "1, " "1, " "1, " "1, " "1, " "1, " "1, " "1, " "1, " "1, " "1, " "1, " "1, " "1, " "1, " "1, " "1, " "1, " "1, " "1, " "1, " "1, " "1, " "1, " "1, " "1, " "1, " "1, " "1, " "1, " "1, " "1, " "1, " "1, " "1, " "1, " "1, " "1, " "1, " "1, " "1, " "1, " "1, " "1, " "1, " "1, " "1, " "1, " "1, " "1, " "1, " "1, " "1, " "1, " "1, " "1, " "1, " "1, " "1, " "1, " "1, " "1, " "1, " "1, " "1, " "1, " "1, " "1, " "1, " "1, " "1, " "1, " "1, " "1, " "1, " "1, " "1, " "1, " "1, " "1, " "1, " "1, " "1, " "1, " "1, " "1, " "1, " "1, " "1, " "1, " "1, " "1, " "1, "0
 "Nei39, 0.351, " "0.852, " "1, " "1, " "1, " "1, " "1, " "1, " "1, " "1, " "1, " "1, " "1, " "1, " "1, " "1, " "1, " "1, " "1, " "1, " "1, " "1, " "1, " "1, " "1, " "1, " "1, " "1, " "1, " "1, " "1, " "1, " "1, " "1, " "1, " "1, " "1, " "1, " "1, " "1, " "1, " "0, " "1, " "1, " "1, " "1, " "1, " "1, " "1, " "1, " "1, " "1, " "1, " "1, " "1, " "1, " "1, " "1, " "1, " "1, " "1, " "1, " "1, " "1, " "1, " "1, " "1, " "1, " "1, " "1, " "1, " "1, " "1, " "1, " "1, " "1, " "1, " "1, " "1, " "1, " "1, " "1, " "1, " "1, " "1, " "1, " "1, " "1, " "1, " "1, " "1, " "1, " "1, " "1, " "1, " "1, " "1, " "1, " "1, " "1, " "1, " "1, " "1, " "1, " "1, " "1, " "1, " "1, " "1, " "1, " "1, " "1, " "1, " "1, " "1, " "1, " "1, " "1, " "1, " "1, " "1, " "1, " "1, " "1, " "1, " "1, " "1, " "1, " "1, " "1, " "1, " "1, " "1, " "1, " "1, " "1, " "1, " "1, " "1, " "1, " "1, " "1, " "1, " "1, " "1, " "1, " "1, " "1, " "1, " "1, " "1, " "1, " "1, " "1, " "1, " "1, " "1, " "1, " "1, " "1, " "1, " "1, " "1, " "1, " "1, " "1, " "1, " "1, " "1, " "1, " "1, " "1, " "1, " "1, " "1, " "1, " "1, " "1, " "1, " "1, " "1, " "1, " "1, " "1, " "1, " "1, " "1, " "1, " "1, " "1, " "1, " "1, " "1, " "1, " "1, " "1, " "1, " "1, " "1, " "1, " "1, " "1, " "1, " "1, " "1, " "1, " "1, " "1, " "1, " "1, " "1, " "1, " "1, " "1, " "1, " "1, " "1, " "1, " "1, " "1, " "1, " "1, " "1, " "1, " "1, " "1, " "1, " "1, " "1, " "1, " "1, " "1, " "1, " "1, " "1, " "1, " "1, " "1, " "1, " "1, " "1, " "1, " "1, " "1, " "1, " "1, " "1, " "1, " "1, " "1, " "1, " "1, " "1, " "1, " "1, " "1, " "1, " "1, " "1, "0
 "Nei40, 0.351, " "-0.525, " "1, " "1, " "1, " "1, " "1, " "1, " "1, " "1, " "1, " "1, " "1, " "1, " "1, " "1, " "1, " "1, " "1, " "1, " "1, " "1, " "1, " "1, " "1, " "1, " "1, " "1, " "1, " "1, " "1, " "1, " "1, " "1, " "1, " "1, " "1, " "1, " "1, " "1, " "1, " "1, " "0, " "1, " "1, " "1, " "1, " "1, " "1, " "1, " "1, " "1, " "1, " "1, " "1, " "1, " "1, " "1, " "1, " "1, " "1, " "1, " "1, " "1, " "1, " "1, " "1, " "1, " "1, " "1, " "1, " "1, " "1, " "1, " "1, " "1, " "1, " "1, " "1, " "1, " "1, " "1, " "1, " "1, " "1, " "1, " "1, " "1, " "1, " "1, " "1, " "1, " "1, " "1, " "1, " "1, " "1, " "1, " "1, " "1, " "1, " "1, " "1, " "1, " "1, " "1, " "1, " "1, " "1, " "1, " "1, " "1, " "1, " "1, " "1, " "1, " "1, " "1, " "1, " "1, " "1, " "1, " "1, " "1, " "1, " "1, " "1, " "1, " "1, " "1, " "1, " "1, " "1, " "1, " "1, " "1, " "1, " "1, " "1, " "1, " "1, " "1, " "1, " "1, " "1, " "1, " "1, " "1, " "1, " "1, " "1, " "1, " "1, " "1, " "1, " "1, " "1, " "1, " "1, " "1, " "1, " "1, " "1, " "1, " "1, " "1, " "1, " "1, " "1, " "1, " "1, " "1, " "1, " "1, " "1, " "1, " "1, " "1, " "1, " "1, " "1, " "1, " "1, " "1, " "1, " "1, " "1, " "1, " "1, " "1, " "1, " "1, " "1, " "1, " "1, " "1, " "1, " "1, " "1, " "1, " "1, " "1, " "1, " "1, " "1, " "1, " "1, " "1, " "1, " "1, " "1, " "1, " "1, " "1, " "1, " "1, " "1, " "1, " "1, " "1, " "1, " "1, " "1, " "1, " "1, " "1, " "1, " "1, " "1, " "1, " "1, " "1, " "1, " "1, " "1, " "1, " "1, " "1, " "1, " "1, " "1, " "1, " "1, " "1, " "1, " "1, " "1, " "1, " "1, " "1, " "1, " "1, " "1, " "1, " "1, " "1, " "1, " "1, " "1, "0
 "Nei41, 0.068, " "0.597, " "1, " "1, " "1, " "1, " "1, " "1, " "1, " "1, " "1, " "1, " "1, " "1, " "1, " "1, " "1, " "1, " "1, " "1, " "1, " "1, " "1, " "1, " "1, " "1, " "1, " "1, " "1, " "1, " "1, " "1, " "1, " "1, " "1, " "1, " "1, " "1, " "1, " "1, " "1, " "1, " "1, " "0, " "1, " "1, " "1, " "1, " "1, " "1, " "1, " "1, " "1, " "1, " "1, " "1, " "1, " "1, " "1, " "1, " "1, " "1, " "1, " "1, " "1, " "1, " "1, " "1, " "1, " "1, " "1, " "1, " "1, " "1, " "1, " "1, " "1, " "1, " "1, " "1, " "1, " "1, " "1, " "1, " "1, " "1, " "1, " "1, " "1, " "1, " "1, " "1, " "1, " "1, " "1, " "1, " "1, " "1, " "1, " "1, " "1, " "1, " "1, " "1, " "1, " "1, " "1, " "1, " "1, " "1, " "1, " "1, " "1, " "1, " "1, " "1, " "1, " "1, " "1, " "1, " "1, " "1, " "1, " "1, " "1, " "1, " "1, " "1, " "1, " "1, " "1, " "1, " "1, " "1, " "1, " "1, " "1, " "1, " "1, " "1, " "1, " "1, " "1, " "1, " "1, " "1, " "1, " "1, " "1, " "1, " "1, " "1, " "1, " "1, " "1, " "1, " "1, " "1, " "1, " "1, " "1, " "1, " "1, " "1, " "1, " "1, " "1, " "1, " "1, " "1, " "1, " "1, " "1, " "1, " "1, " "1, " "1, " "1, " "1, " "1, " "1, " "1, " "1, " "1, " "1, " "1, " "1, " "1, " "1, " "1, " "1, " "1, " "1, " "1, " "1, " "1, " "1, " "1, " "1, " "1, " "1, " "1, " "1, " "1, " "1, " "1, " "1, " "1, " "1, " "1, " "1, " "1, " "1, " "1, " "1, " "1, " "1, " "1, " "1, " "1, " "1, " "1, " "1, " "1, " "1, " "1, " "1, " "1, " "1, " "1, " "1, " "1, " "1, " "1, " "1, " "1, " "1, " "1, " "1, " "1, " "1, " "1, " "1, " "1, " "1, " "1, " "1, " "1, " "1, " "1, " "1, " "1, " "1, " "1, " "1, " "1, " "1, " "1, " "1, "0
 "Nei42, 0.315, " "-0.092, " "1, " "1, " "1, " "1, " "1, " "1, " "1, " "1, " "1, " "1, " "1, " "1, " "1, " "1, " "1, " "1, " "1, " "1, " "1, " "1, " "1, " "1, " "1, " "1, " "1, " "1, " "1, " "1, " "1, " "1, " "1, " "1, " "1, " "1, " "1, " "1, " "1, " "1, " "1, " "1, " "1, " "1, " "0, " "1, " "1, " "1, " "1, " "1, " "1, " "1, " "1, " "1, " "1, " "1, " "1, " "1, " "1, " "1, " "1, " "1, " "1, " "1, " "1, " "1, " "1, " "1, " "1, " "1, " "1, " "1, " "1, " "1, " "1, " "1, " "1, " "1, " "1, " "1, " "1, " "1, " "1, " "1, " "1, " "1, " "1, " "1, " "1, " "1, " "1, " "1, " "1, " "1, " "1, " "1, " "1, " "1, " "1, " "1, " "1, " "1, " "1, " "1, " "1, " "1, " "1, " "1, " "1, " "1, " "1, " "1, " "1, " "1, " "1, " "1, " "1, " "1, " "1, " "1, " "1, " "1, " "1, " "1, " "1, " "1, " "1, " "1, " "1, " "1, " "1, " "1, " "1, " "1, " "1, " "1, " "1, " "1, " "1, " "1, " "1, " "1, " "1, " "1, " "1, " "1, " "1, " "1, " "1, " "1, " "1, " "1, " "1, " "1, " "1, " "1, " "1, " "1, " "1, " "1, " "1, " "1, " "1, " "1, " "1, " "1, " "1, " "1, " "1, " "1, " "1, " "1, " "1, " "1, " "1, " "1, " "1, " "1, " "1, " "1, " "1, " "1, " "1, " "1, " "1, " "1, " "1, " "1, " "1, " "1, " "1, " "1, " "1, " "1, " "1, " "1, " "1, " "1, " "1, " "1, " "1, " "1, " "1, " "1, " "1, " "1, " "1, " "1, " "1, " "1, " "1, " "1, " "1, " "1, " "1, " "1, " "1, " "1, " "1, " "1, " "1, " "1, " "1, " "1, " "1, " "1, " "1, " "1, " "1, " "1, " "1, " "1, " "1, " "1, " "1, " "1, " "1, " "1, " "1, " "1, " "1, " "1, " "1, " "1, " "1, " "1, " "1, " "1, " "1, " "1, " "1, " "1, " "1, " "1, " "1, " "1, " "1, " "1, " "1, "0
 "Nei43, 0.157, " "-0.429, " "1, " "1, " "1, " "1, " "1, " "1, " "1, " "1, " "1, " "1, " "1, " "1, " "1, " "1, " "1, " "1, " "1, " "1, " "1, " "1, " "1, " "1, " "1, " "1, " "1, " "1, " "1, " "1, " "1, " "1, " "1, " "1, " "1, " "1, " "1, " "1, " "1, " "1, " "1, " "1, " "1, " "1, " "1, " "0, " "1, " "1, " "1, " "1, " "1, " "1, " "1, " "1, " "1, " "1, " "1, " "1, " "1, " "1, " "1, " "1, " "1, " "1, " "1, " "1, " "1, " "1, " "1, " "1, " "1, " "1, " "1, " "1, " "1, " "1, " "1, " "1, " "1, " "1, " "1, " "1, " "1, " "1, " "1, " "1, " "1, " "1, " "1, " "1, " "1, " "1, " "1, " "1, " "1, " "1, " "1, " "1, " "1, " "1, " "1, " "1, " "1, " "1, " "1, " "1, " "1, " "1, " "1, " "1, " "1, " "1, " "1, " "1, " "1, " "1, " "1, " "1, " "1, " "1, " "1, " "1, " "1, " "1, " "1, " "1, " "1, " "1, " "1, " "1, " "1, " "1, " "1, " "1, " "1, " "1, " "1, " "1, " "1, " "1, " "1, " "1, " "1, " "1, " "1, " "1, " "1, " "1, " "1, " "1, " "1, " "1, " "1, " "1, " "1, " "1, " "1, " "1, " "1, " "1, " "1, " "1, " "1, " "1, " "1, " "1, " "1, " "1, " "1, " "1, " "1, " "1, " "1, " "1, " "1, " "1, " "1, " "1, " "1, " "1, " "1, " "1, " "1, " "1, " "1, " "1, " "1, " "1, " "1, " "1, " "1, " "1, " "1, " "1, " "1, " "1, " "1, " "1, " "1, " "1, " "1, " "1, " "1, " "1, " "1, " "1, " "1, " "1, " "1, " "1, " "1, " "1, " "1, " "1, " "1, " "1, " "1, " "1, " "1, " "1, " "1, " "1, " "1, " "1, " "1, " "1, " "1, " "1, " "1, " "1, " "1, " "1, " "1, " "1, " "1, " "1, " "1, " "1, " "1, " "1, " "1, " "1, " "1, " "1, " "1, " "1, " "1, " "1, " "1, " "1, " "1, " "1, " "1, " "1, " "1, " "1, " "1, " "1, " "1, "0
 "Nei44, 0.243, " "-0.386, " "1, " "1, " "1, " "1, " "1, " "1, " "1, " "1, " "1, " "1, " "1, " "1, " "1, " "1, " "1, " "1, " "1, " "1, " "1, " "1, " "1, " "1, " "1, " "1, " "1, " "1, " "1, " "1, " "1, " "1, " "1, " "1, " "1, " "1, " "1, " "1, " "1, " "1, " "1, " "1, " "1, " "1, " "1, " "1, " "0, " "1, " "1, " "1, " "1, " "1, " "1, " "1, " "1, " "1, " "1, " "1, " "1, " "1, " "1, " "1, " "1, " "1, " "1, " "1, " "1, " "1, " "1, " "1, " "1, " "1, " "1, " "1, " "1, " "1, " "1, " "1, " "1, " "1, " "1, " "1, " "1, " "1, " "1, " "1, " "1, " "1, " "1, " "1, " "1, " "1, " "1, " "1, " "1, " "1, " "1, " "1, " "1, " "1, " "1, " "1, " "1, " "1, " "1, " "1, " "1, " "1, " "1, " "1, " "1, " "1, " "1, " "1, " "1, " "1, " "1, " "1, " "1, " "1, " "1, " "1, " "1, " "1, " "1, " "1, " "1, " "1, " "1, " "1, " "1, " "1, " "1, " "1, " "1, " "1, " "1, " "1, " "1, " "1, " "1, " "1, " "1, " "1, " "1, " "1, " "1, " "1, " "1, " "1, " "1, " "1, " "1, " "1, " "1, " "1, " "1, " "1, " "1, " "1, " "1, " "1, " "1, " "1, " "1, " "1, " "1, " "1, " "1, " "1, " "1, " "1, " "1, " "1, " "1, " "1, " "1, " "1, " "1, " "1, " "1, " "1, " "1, " "1, " "1, " "1, " "1, " "1, " "1, " "1, " "1, " "1, " "1, " "1, " "1, " "1, " "1, " "1, " "1, " "1, " "1, " "1, " "1, " "1, " "1, " "1, " "1, " "1, " "1, " "1, " "1, " "1, " "1, " "1, " "1, " "1, " "1, " "1, " "1, " "1, " "1, " "1, " "1, " "1, " "1, " "1, " "1, " "1, " "1, " "1, " "1, " "1, " "1, " "1, " "1, " "1, " "1, " "1, " "1, " "1, " "1, " "1, " "1, " "1, " "1, " "1, " "1, " "1, " "1, " "1, " "1, " "1, " "1, " "1, " "1, " "1, " "1, " "1, " "1, "0
 "Nei45, 0.254, " "0.372, " "1, " "1, " "1, " "1, " "1, " "1, " "1, " "1, " "1, " "1, " "1, " "1, " "1, " "1, " "1, " "1, " "1, " "1, " "1, " "1, " "1, " "1, " "1, " "1, " "1, " "1, " "1, " "1, " "1, " "1, " "1, " "1, " "1, " "1, " "1, " "1, " "1, " "1, " "1, " "1, " "1, " "1, " "1, " "1, " "1, " "0, " "1, " "1, " "1, " "1, " "1, " "1, " "1, " "1, " "1, " "1, " "1, " "1, " "1, " "1, " "1, " "1, " "1, " "1, " "1, " "1, " "1, " "1, " "1, " "1, " "1, " "1, " "1, " "1, " "1, " "1, " "1, " "1, " "1, " "1, " "1, " "1, " "1, " "1, " "1, " "1, " "1, " "1, " "1, " "1, " "1, " "1, " "1, " "1, " "1, " "1, " "1, " "1, " "1, " "1, " "1, " "1, " "1, " "1, " "1, " "1, " "1, " "1, " "1, " "1, " "1, " "1, " "1, " "1, " "1, " "1, " "1, " "1, " "1, " "1, " "1, " "1, " "1, " "1, " "1, " "1, " "1, " "1, " "1, " "1, " "1, " "1, " "1, " "1, " "1, " "1, " "1, " "1, " "1, " "1, " "1, " "1, " "1, " "1, " "1, " "1, " "1, " "1, " "1, " "1, " "1, " "1, " "1, " "1, " "1, " "1, " "1, " "1, " "1, " "1, " "1, " "1, " "1, " "1, " "1, " "1, " "1, " "1, " "1, " "1, " "1, " "1, " "1, " "1, " "1, " "1, " "1, " "1, " "1, " "1, " "1, " "1, " "1, " "1, " "1, " "1, " "1, " "1, " "1, " "1, " "1, " "1, " "1, " "1, " "1, " "1, " "1, " "1, " "1, " "1, " "1, " "1, " "1, " "1, " "1, " "1, " "1, " "1, " "1, " "1, " "1, " "1, " "1, " "1, " "1, " "1, " "1, " "1, " "1, " "1, " "1, " "1, " "1, " "1, " "1, " "1, " "1, " "1, " "1, " "1, " "1, " "1, " "1, " "1, " "1, " "1, " "1, " "1, " "1, " "1, " "1, " "1, " "1, " "1, " "1, " "1, " "1, " "1, " "1, " "1, " "1, " "1, " "1, " "1, " "1, " "1, " "1, "0
 "Nei46, 0.052, " "-0.348, " "1, " "1, " "1, " "1, " "1, " "1, " "1, " "1, " "1, " "1, " "1, " "1, " "1, " "1, " "1, " "1, " "1, " "1, " "1, " "1, " "1, " "1, " "1, " "1, " "1, " "1, " "1, " "1, " "1, " "1, " "1, " "1, " "1, " "1, " "1, " "1, " "1, " "1, " "1, " "1, " "1, " "1, " "1, " "1, " "1, " "1, " "0, " "1, " "1, " "1, " "1, " "1, " "1, " "1, " "1, " "1, " "1, " "1, " "1, " "1, " "1, " "1, " "1, " "1, " "1, " "1, " "1, " "1, " "1, " "1, " "1, " "1, " "1, " "1, " "1, " "1, " "1, " "1, " "1, " "1, " "1, " "1, " "1, " "1, " "1, " "1, " "1, " "1, " "1, " "1, " "1, " "1, " "1, " "1, " "1, " "1, " "1, " "1, " "1, " "1, " "1, " "1, " "1, " "1, " "1, " "1, " "1, " "1, " "1, " "1, " "1, " "1, " "1, " "1, " "1, " "1, " "1, " "1, " "1, " "1, " "1, " "1, " "1, " "1, " "1, " "1, " "1, " "1, " "1, " "1, " "1, " "1, " "1, " "1, " "1, " "1, " "1, " "1, " "1, " "1, " "1, " "1, " "1, " "1, " "1, " "1, " "1, " "1, " "1, " "1, " "1, " "1, " "1, " "1, " "1, " "1, " "1, " "1, " "1, " "1, " "1, " "1, " "1, " "1, " "1, " "1, " "1, " "1, " "1, " "1, " "1, " "1, " "1, " "1, " "1, " "1, " "1, " "1, " "1, " "1, " "1, " "1, " "1, " "1, " "1, " "1, " "1, " "1, " "1, " "1, " "1, " "1, " "1, " "1, " "1, " "1, " "1, " "1, " "1, " "1, " "1, " "1, " "1, " "1, " "1, " "1, " "1, " "1, " "1, " "1, " "1, " "1, " "1, " "1, " "1, " "1, " "1, " "1, " "1, " "1, " "1, " "1, " "1, " "1, " "1, " "1, " "1, " "1, " "1, " "1, " "1, " "1, " "1, " "1, " "1, " "1, " "1, " "1, " "1, " "1, " "1, " "1, " "1, " "1, " "1, " "1, " "1, " "1, " "1, " "1, " "1, " "1, " "1, " "1, " "1, " "1, " "1, "0
 "Nei47, 0.297, " "-0.459, " "1, " "1, " "1, " "1, " "1, " "1, " "1, " "1, " "1, " "1, " "1, " "1, " "1, " "1, " "1, " "1, " "1, " "1, " "1, " "1, " "1, " "1, " "1, " "1, " "1, " "1, " "1, " "1, " "1, " "1, " "1, " "1, " "1, " "1, " "1, " "1, " "1, " "1, " "1, " "1, " "1, " "1, " "1, " "1, " "1, " "1, " "1, " "0, " "1, " "1, " "1, " "1, " "1, " "1, " "1, " "1, " "1, " "1, " "1, " "1, " "1, " "1, " "1, " "1, " "1, " "1, " "1, " "1, " "1, " "1, " "1, " "1, " "1, " "1, " "1, " "1, " "1, " "1, " "1, " "1, " "1, " "1, " "1, " "1, " "1, " "1, " "1, " "1, " "1, " "1, " "1, " "1, " "1, " "1, " "1, " "1, " "1, " "1, " "1, " "1, " "1, " "1, " "1, " "1, " "1, " "1, " "1, " "1, " "1, " "1, " "1, " "1, " "1, " "1, " "1, " "1, " "1, " "1, " "1, " "1, " "1, " "1, " "1, " "1, " "1, " "1, " "1, " "1, " "1, " "1, " "1, " "1, " "1, " "1, " "1, " "1, " "1, " "1, " "1, " "1, " "1, " "1, " "1, " "1, " "1, " "1, " "1, " "1, " "1, " "1, " "1, " "1, " "1, " "1, " "1, " "1, " "1, " "1, " "1, " "1, " "1, " "1, " "1, " "1, " "1, " "1, " "1, " "1, " "1, " "1, " "1, " "1, " "1, " "1, " "1, " "1, " "1, " "1, " "1, " "1, " "1, " "1, " "1, " "1, " "1, " "1, " "1, " "1, " "1, " "1, " "1, " "1, " "1, " "1, " "1, " "1, " "1, " "1, " "1, " "1, " "1, " "1, " "1, " "1, " "1, " "1, " "1, " "1, " "1, " "1, " "1, " "1, " "1, " "1, " "1, " "1, " "1, " "1, " "1, " "1, " "1, " "1, " "1, " "1, " "1, " "1, " "1, " "1, " "1, " "1, " "1, " "1, " "1, " "1, " "1, " "1, " "1, " "1, " "1, " "1, " "1, " "1, " "1, " "1, " "1, " "1, " "1, " "1, " "1, " "1, " "1, " "1, " "1, " "1, " "1, " "1, " "1, "0
 "Nei48, 0.131, " "-0.998, " "1, " "1, " "1, " "1, " "1, " "1, " "1, " "1, " "1, " "1, " "1, " "1, " "1, " "1, " "1, " "1, " "1, " "1, " "1, " "1, " "1, " "1, " "1, " "1, " "1, " "1, " "1, " "1, " "1, " "1, " "1, " "1, " "1, " "1, " "1, " "1, " "1, " "1, " "1, " "1, " "1, " "1, " "1, " "1, " "1, " "1, " "1, " "1, " "0, " "1, " "1, " "1, " "1, " "1, " "1, " "1, " "1, " "1, " "1, " "1, " "1, " "1, " "1, " "1, " "1, " "1, " "1, " "1, " "1, " "1, " "1, " "1, " "1, " "1, " "1, " "1, " "1, " "1, " "1, " "1, " "1, " "1, " "1, " "1, " "1, " "1, " "1, " "1, " "1, " "1, " "1, " "1, " "1, " "1, " "1, " "1, " "1, " "1, " "1, " "1, " "1, " "1, " "1, " "1, " "1, " "1, " "1, " "1, " "1, " "1, " "1, " "1, " "1, " "1, " "1, " "1, " "1, " "1, " "1, " "1, " "1, " "1, " "1, " "1, " "1, " "1, " "1, " "1, " "1, " "1, " "1, " "1, " "1, " "1, " "1, " "1, " "1, " "1, " "1, " "1, " "1, " "1, " "1, " "1, " "1, " "1, " "1, " "1, " "1, " "1, " "1, " "1, " "1, " "1, " "1, " "1, " "1, " "1, " "1, " "1, " "1, " "1, " "1, " "1, " "1, " "1, " "1, " "1, " "1, " "1, " "1, " "1, " "1, " "1, " "1, " "1, " "1, " "1, " "1, " "1, " "1, " "1, " "1, " "1, " "1, " "1, " "1, " "1, " "1, " "1, " "1, " "1, " "1, " "1, " "1, " "1, " "1, " "1, " "1, " "1, " "1, " "1, " "1, " "1, " "1, " "1, " "1, " "1, " "1, " "1, " "1, " "1, " "1, " "1, " "1, " "1, " "1, " "1, " "1, " "1, " "1, " "1, " "1, " "1, " "1, " "1, " "1, " "1, " "1, " "1, " "1, " "1, " "1, " "1, " "1, " "1, " "1, " "1, " "1, " "1, " "1, " "1, " "1, " "1, " "1, " "1, " "1, " "1, " "1, " "1, " "1, " "1, " "1, " "1, " "1, " "1, " "1, "0
 "Nei49, 0.37, " "-0.769, " "1, " "1, " "1, " "1, " "1, " "1, " "1, " "1, " "1, " "1, " "1, " "1, " "1, " "1, " "1, " "1, " "1, " "1, " "1, " "1, " "1, " "1, " "1, " "1, " "1, " "1, " "1, " "1, " "1, " "1, " "1, " "1, " "1, " "1, " "1, " "1, " "1, " "1, " "1, " "1, " "1, " "1, " "1, " "1, " "1, " "1, " "1, " "1, " "1, " "0, " "1, " "1, " "1, " "1, " "1, " "1, " "1, " "1, " "1, " "1, " "1, " "1, " "1, " "1, " "1, " "1, " "1, " "1, " "1, " "1, " "1, " "1, " "1, " "1, " "1, " "1, " "1, " "1, " "1, " "1, " "1, " "1, " "1, " "1, " "1, " "1, " "1, " "1, " "1, " "1, " "1, " "1, " "1, " "1, " "1, " "1, " "1, " "1, " "1, " "1, " "1, " "1, " "1, " "1, " "1, " "1, " "1, " "1, " "1, " "1, " "1, " "1, " "1, " "1, " "1, " "1, " "1, " "1, " "1, " "1, " "1, " "1, " "1, " "1, " "1, " "1, " "1, " "1, " "1, " "1, " "1, " "1, " "1, " "1, " "1, " "1, " "1, " "1, " "1, " "1, " "1, " "1, " "1, " "1, " "1, " "1, " "1, " "1, " "1, " "1, " "1, " "1, " "1, " "1, " "1, " "1, " "1, " "1, " "1, " "1, " "1, " "1, " "1, " "1, " "1, " "1, " "1, " "1, " "1, " "1, " "1, " "1, " "1, " "1, " "1, " "1, " "1, " "1, " "1, " "1, " "1, " "1, " "1, " "1, " "1, " "1, " "1, " "1, " "1, " "1, " "1, " "1, " "1, " "1, " "1, " "1, " "1, " "1, " "1, " "1, " "1, " "1, " "1, " "1, " "1, " "1, " "1, " "1, " "1, " "1, " "1, " "1, " "1, " "1, " "1, " "1, " "1, " "1, " "1, " "1, " "1, " "1, " "1, " "1, " "1, " "1, " "1, " "1, " "1, " "1, " "1, " "1, " "1, " "1, " "1, " "1, " "1, " "1, " "1, " "1, " "1, " "1, " "1, " "1, " "1, " "1, " "1, " "1, " "1, " "1, " "1, " "1, " "1, " "1, " "1, " "1, " "1, "0
 "Nei50, 0.393, " "-0.8, " "1, " "1, " "1, " "1, " "1, " "1, " "1, " "1, " "1, " "1, " "1, " "1, " "1, " "1, " "1, " "1, " "1, " "1, " "1, " "1, " "1, " "1, " "1, " "1, " "1, " "1, " "1, " "1, " "1, " "1, " "1, " "1, " "1, " "1, " "1, " "1, " "1, " "1, " "1, " "1, " "1, " "1, " "1, " "1, " "1, " "1, " "1, " "1, " "1, " "1, " "0, " "1, " "1, " "1, " "1, " "1, " "1, " "1, " "1, " "1, " "1, " "1, " "1, " "1, " "1, " "1, " "1, " "1, " "1, " "1, " "1, " "1, " "1, " "1, " "1, " "1, " "1, " "1, " "1, " "1, " "1, " "1, " "1, " "1, " "1, " "1, " "1, " "1, " "1, " "1, " "1, " "1, " "1, " "1, " "1, " "1, " "1, " "1, " "1, " "1, " "1, " "1, " "1, " "1, " "1, " "1, " "1, " "1, " "1, " "1, " "1, " "1, " "1, " "1, " "1, " "1, " "1, " "1, " "1, " "1, " "1, " "1, " "1, " "1, " "1, " "1, " "1, " "1, " "1, " "1, " "1, " "1, " "1, " "1, " "1, " "1, " "1, " "1, " "1, " "1, " "1, " "1, " "1, " "1, " "1, " "1, " "1, " "1, " "1, " "1, " "1, " "1, " "1, " "1, " "1, " "1, " "1, " "1, " "1, " "1, " "1, " "1, " "1, " "1, " "1, " "1, " "1, " "1, " "1, " "1, " "1, " "1, " "1, " "1, " "1, " "1, " "1, " "1, " "1, " "1, " "1, " "1, " "1, " "1, " "1, " "1, " "1, " "1, " "1, " "1, " "1, " "1, " "1, " "1, " "1, " "1, " "1, " "1, " "1, " "1, " "1, " "1, " "1, " "1, " "1, " "1, " "1, " "1, " "1, " "1, " "1, " "1, " "1, " "1, " "1, " "1, " "1, " "1, " "1, " "1, " "1, " "1, " "1, " "1, " "1, " "1, " "1, " "1, " "1, " "1, " "1, " "1, " "1, " "1, " "1, " "1, " "1, " "1, " "1, " "1, " "1, " "1, " "1, " "1, " "1, " "1, " "1, " "1, " "1, " "1, " "1, " "1, " "1, " "1, " "1, " "1, " "1, "0
 "Nei51, 0.02, " "-0.625, " "1, " "1, " "1, " "1, " "1, " "1, " "1, " "1, " "1, " "1, " "1, " "1, " "1, " "1, " "1, " "1, " "1, " "1, " "1, " "1, " "1, " "1, " "1, " "1, " "1, " "1, " "1, " "1, " "1, " "1, " "1, " "1, " "1, " "1, " "1, " "1, " "1, " "1, " "1, " "1, " "1, " "1, " "1, " "1, " "1, " "1, " "1, " "1, " "1, " "1, " "1, " "0, " "1, " "1, " "1, " "1, " "1, " "1, " "1, " "1, " "1, " "1, " "1, " "1, " "1, " "1, " "1, " "1, " "1, " "1, " "1, " "1, " "1, " "1, " "1, " "1, " "1, " "1, " "1, " "1, " "1, " "1, " "1, " "1, " "1, " "1, " "1, " "1, " "1, " "1, " "1, " "1, " "1, " "1, " "1, " "1, " "1, " "1, " "1, " "1, " "1, " "1, " "1, " "1, " "1, " "1, " "1, " "1, " "1, " "1, " "1, " "1, " "1, " "1, " "1, " "1, " "1, " "1, " "1, " "1, " "1, " "1, " "1, " "1, " "1, " "1, " "1, " "1, " "1, " "1, " "1, " "1, " "1, " "1, " "1, " "1, " "1, " "1, " "1, " "1, " "1, " "1, " "1, " "1, " "1, " "1, " "1, " "1, " "1, " "1, " "1, " "1, " "1, " "1, " "1, " "1, " "1, " "1, " "1, " "1, " "1, " "1, " "1, " "1, " "1, " "1, " "1, " "1, " "1, " "1, " "1, " "1, " "1, " "1, " "1, " "1, " "1, " "1, " "1, " "1, " "1, " "1, " "1, " "1, " "1, " "1, " "1, " "1, " "1, " "1, " "1, " "1, " "1, " "1, " "1, " "1, " "1, " "1, " "1, " "1, " "1, " "1, " "1, " "1, " "1, " "1, " "1, " "1, " "1, " "1, " "1, " "1, " "1, " "1, " "1, " "1, " "1, " "1, " "1, " "1, " "1, " "1, " "1, " "1, " "1, " "1, " "1, " "1, " "1, " "1, " "1, " "1, " "1, " "1, " "1, " "1, " "1, " "1, " "1, " "1, " "1, " "1, " "1, " "1, " "1, " "1, " "1, " "1, " "1, " "1, " "1, " "1, " "1, " "1, " "1, " "1, " "1, "0
 "Nei52, 0.161, " "0.758, " "1, " "1, " "1, " "1, " "1, " "1, " "1, " "1, " "1, " "1, " "1, " "1, " "1, " "1, " "1, " "1, " "1, " "1, " "1, " "1, " "1, " "1, " "1, " "1, " "1, " "1, " "1, " "1, " "1, " "1, " "1, " "1, " "1, " "1, " "1, " "1, " "1, " "1, " "1, " "1, " "1, " "1, " "1, " "1, " "1, " "1, " "1, " "1, " "1, " "1, " "1, " "1, " "0, " "1, " "1, " "1, " "1, " "1, " "1, " "1, " "1, " "1, " "1, " "1, " "1, " "1, " "1, " "1, " "1, " "1, " "1, " "1, " "1, " "1, " "1, " "1, " "1, " "1, " "1, " "1, " "1, " "1, " "1, " "1, " "1, " "1, " "1, " "1, " "1, " "1, " "1, " "1, " "1, " "1, " "1, " "1, " "1, " "1, " "1, " "1, " "1, " "1, " "1, " "1, " "1, " "1, " "1, " "1, " "1, " "1, " "1, " "1, " "1, " "1, " "1, " "1, " "1, " "1, " "1, " "1, " "1, " "1, " "1, " "1, " "1, " "1, " "1, " "1, " "1, " "1, " "1, " "1, " "1, " "1, " "1, " "1, " "1, " "1, " "1, " "1, " "1, " "1, " "1, " "1, " "1, " "1, " "1, " "1, " "1, " "1, " "1, " "1, " "1, " "1, " "1, " "1, " "1, " "1, " "1, " "1, " "1, " "1, " "1, " "1, " "1, " "1, " "1, " "1, " "1, " "1, " "1, " "1, " "1, " "1, " "1, " "1, " "1, " "1, " "1, " "1, " "1, " "1, " "1, " "1, " "1, " "1, " "1, " "1, " "1, " "1, " "1, " "1, " "1, " "1, " "1, " "1, " "1, " "1, " "1, " "1, " "1, " "1, " "1, " "1, " "1, " "1, " "1, " "1, " "1, " "1, " "1, " "1, " "1, " "1, " "1, " "1, " "1, " "1, " "1, " "1, " "1, " "1, " "1, " "1, " "1, " "1, " "1, " "1, " "1, " "1, " "1, " "1, " "1, " "1, " "1, " "1, " "1, " "1, " "1, " "1, " "1, " "1, " "1, " "1, " "1, " "1, " "1, " "1, " "1, " "1, " "1, " "1, " "1, " "1, " "1, " "1, " "1, "0
 "Nei53, 0.119, " "-0.433, " "1, " "1, " "1, " "1, " "1, " "1, " "1, " "1, " "1, " "1, " "1, " "1, " "1, " "1, " "1, " "1, " "1, " "1, " "1, " "1, " "1, " "1, " "1, " "1, " "1, " "1, " "1, " "1, " "1, " "1, " "1, " "1, " "1, " "1, " "1, " "1, " "1, " "1, " "1, " "1, " "1, " "1, " "1, " "1, " "1, " "1, " "1, " "1, " "1, " "1, " "1, " "1, " "1, " "0, " "1, " "1, " "1, " "1, " "1, " "1, " "1, " "1, " "1, " "1, " "1, " "1, " "1, " "1, " "1, " "1, " "1, " "1, " "1, " "1, " "1, " "1, " "1, " "1, " "1, " "1, " "1, " "1, " "1, " "1, " "1, " "1, " "1, " "1, " "1, " "1, " "1, " "1, " "1, " "1, " "1, " "1, " "1, " "1, " "1, " "1, " "1, " "1, " "1, " "1, " "1, " "1, " "1, " "1, " "1, " "1, " "1, " "1, " "1, " "1, " "1, " "1, " "1, " "1, " "1, " "1, " "1, " "1, " "1, " "1, " "1, " "1, " "1, " "1, " "1, " "1, " "1, " "1, " "1, " "1, " "1, " "1, " "1, " "1, " "1, " "1, " "1, " "1, " "1, " "1, " "1, " "1, " "1, " "1, " "1, " "1, " "1, " "1, " "1, " "1, " "1, " "1, " "1, " "1, " "1, " "1, " "1, " "1, " "1, " "1, " "1, " "1, " "1, " "1, " "1, " "1, " "1, " "1, " "1, " "1, " "1, " "1, " "1, " "1, " "1, " "1, " "1, " "1, " "1, " "1, " "1, " "1, " "1, " "1, " "1, " "1, " "1, " "1, " "1, " "1, " "1, " "1, " "1, " "1, " "1, " "1, " "1, " "1, " "1, " "1, " "1, " "1, " "1, " "1, " "1, " "1, " "1, " "1, " "1, " "1, " "1, " "1, " "1, " "1, " "1, " "1, " "1, " "1, " "1, " "1, " "1, " "1, " "1, " "1, " "1, " "1, " "1, " "1, " "1, " "1, " "1, " "1, " "1, " "1, " "1, " "1, " "1, " "1, " "1, " "1, " "1, " "1, " "1, " "1, " "1, " "1, " "1, " "1, " "1, " "1, " "1, " "1, " "1, "0
 "Nei54, 0.247, " "0.213, " "1, " "1, " "1, " "1, " "1, " "1, " "1, " "1, " "1, " "1, " "1, " "1, " "1, " "1, " "1, " "1, " "1, " "1, " "1, " "1, " "1, " "1, " "1, " "1, " "1, " "1, " "1, " "1, " "1, " "1, " "1, " "1, " "1, " "1, " "1, " "1, " "1, " "1, " "1, " "1, " "1, " "1, " "1, " "1, " "1, " "1, " "1, " "1, " "1, " "1, " "1, " "1, " "1, " "1, " "0, " "1, " "1, " "1, " "1, " "1, " "1, " "1, " "1, " "1, " "1, " "1, " "1, " "1, " "1, " "1, " "1, " "1, " "1, " "1, " "1, " "1, " "1, " "1, " "1, " "1, " "1, " "1, " "1, " "1, " "1, " "1, " "1, " "1, " "1, " "1, " "1, " "1, " "1, " "1, " "1, " "1, " "1, " "1, " "1, " "1, " "1, " "1, " "1, " "1, " "1, " "1, " "1, " "1, " "1, " "1, " "1, " "1, " "1, " "1, " "1, " "1, " "1, " "1, " "1, " "1, " "1, " "1, " "1, " "1, " "1, " "1, " "1, " "1, " "1, " "1, " "1, " "1, " "1, " "1, " "1, " "1, " "1, " "1, " "1, " "1, " "1, " "1, " "1, " "1, " "1, " "1, " "1, " "1, " "1, " "1, " "1, " "1, " "1, " "1, " "1, " "1, " "1, " "1, " "1, " "1, " "1, " "1, " "1, " "1, " "1, " "1, " "1, " "1, " "1, " "1, " "1, " "1, " "1, " "1, " "1, " "1, " "1, " "1, " "1, " "1, " "1, " "1, " "1, " "1, " "1, " "1, " "1, " "1, " "1, " "1, " "1, " "1, " "1, " "1, " "1, " "1, " "1, " "1, " "1, " "1, " "1, " "1, " "1, " "1, " "1, " "1, " "1, " "1, " "1, " "1, " "1, " "1, " "1, " "1, " "1, " "1, " "1, " "1, " "1, " "1, " "1, " "1, " "1, " "1, " "1, " "1, " "1, " "1, " "1, " "1, " "1, " "1, " "1, " "1, " "1, " "1, " "1, " "1, " "1, " "1, " "1, " "1, " "1, " "1, " "1, " "1, " "1, " "1, " "1, " "1, " "1, " "1, " "1, " "1, " "1, " "1, " "1, "0
 "Nei55, 0.006, " "0.246, " "1, " "1, " "1, " "1, " "1, " "1, " "1, " "1, " "1, " "1, " "1, " "1, " "1, " "1, " "1, " "1, " "1, " "1, " "1, " "1, " "1, " "1, " "1, " "1, " "1, " "1, " "1, " "1, " "1, " "1, " "1, " "1, " "1, " "1, " "1, " "1, " "1, " "1, " "1, " "1, " "1, " "1, " "1, " "1, " "1, " "1, " "1, " "1, " "1, " "1, " "1, " "1, " "1, " "1, " "1, " "0, " "1, " "1, " "1, " "1, " "1, " "1, " "1, " "1, " "1, " "1, " "1, " "1, " "1, " "1, " "1, " "1, " "1, " "1, " "1, " "1, " "1, " "1, " "1, " "1, " "1, " "1, " "1, " "1, " "1, " "1, " "1, " "1, " "1, " "1, " "1, " "1, " "1, " "1, " "1, " "1, " "1, " "1, " "1, " "1, " "1, " "1, " "1, " "1, " "1, " "1, " "1, " "1, " "1, " "1, " "1, " "1, " "1, " "1, " "1, " "1, " "1, " "1, " "1, " "1, " "1, " "1, " "1, " "1, " "1, " "1, " "1, " "1, " "1, " "1, " "1, " "1, " "1, " "1, " "1, " "1, " "1, " "1, " "1, " "1, " "1, " "1, " "1, " "1, " "1, " "1, " "1, " "1, " "1, " "1, " "1, " "1, " "1, " "1, " "1, " "1, " "1, " "1, " "1, " "1, " "1, " "1, " "1, " "1, " "1, " "1, " "1, " "1, " "1, " "1, " "1, " "1, " "1, " "1, " "1, " "1, " "1, " "1, " "1, " "1, " "1, " "1, " "1, " "1, " "1, " "1, " "1, " "1, " "1, " "1, " "1, " "1, " "1, " "1, " "1, " "1, " "1, " "1, " "1, " "1, " "1, " "1, " "1, " "1, " "1, " "1, " "1, " "1, " "1, " "1, " "1, " "1, " "1, " "1, " "1, " "1, " "1, " "1, " "1, " "1, " "1, " "1, " "1, " "1, " "1, " "1, " "1, " "1, " "1, " "1, " "1, " "1, " "1, " "1, " "1, " "1, " "1, " "1, " "1, " "1, " "1, " "1, " "1, " "1, " "1, " "1, " "1, " "1, " "1, " "1, " "1, " "1, " "1, " "1, " "1, " "1, " "1, "0
 "Nei56, 0.169, " "0.921, " "1, " "1, " "1, " "1, " "1, " "1, " "1, " "1, " "1, " "1, " "1, " "1, " "1, " "1, " "1, " "1, " "1, " "1, " "1, " "1, " "1, " "1, " "1, " "1, " "1, " "1, " "1, " "1, " "1, " "1, " "1, " "1, " "1, " "1, " "1, " "1, " "1, " "1, " "1, " "1, " "1, " "1, " "1, " "1, " "1, " "1, " "1, " "1, " "1, " "1, " "1, " "1, " "1, " "1, " "1, " "1, " "0, " "1, " "1, " "1, " "1, " "1, " "1, " "1, " "1, " "1, " "1, " "1, " "1, " "1, " "1, " "1, " "1, " "1, " "1, " "1, " "1, " "1, " "1, " "1, " "1, " "1, " "1, " "1, " "1, " "1, " "1, " "1, " "1, " "1, " "1, " "1, " "1, " "1, " "1, " "1, " "1, " "1, " "1, " "1, " "1, " "1, " "1, " "1, " "1, " "1, " "1, " "1, " "1, " "1, " "1, " "1, " "1, " "1, " "1, " "1, " "1, " "1, " "1, " "1, " "1, " "1, " "1, " "1, " "1, " "1, " "1, " "1, " "1, " "1, " "1, " "1, " "1, " "1, " "1, " "1, " "1, " "1, " "1, " "1, " "1, " "1, " "1, " "1, " "1, " "1, " "1, " "1, " "1, " "1, " "1, " "1, " "1, " "1, " "1, " "1, " "1, " "1, " "1, " "1, " "1, " "1, " "1, " "1, " "1, " "1, " "1, " "1, " "1, " "1, " "1, " "1, " "1, " "1, " "1, " "1, " "1, " "1, " "1, " "1, " "1, " "1, " "1, " "1, " "1, " "1, " "1, " "1, " "1, " "1, " "1, " "1, " "1, " "1, " "1, " "1, " "1, " "1, " "1, " "1, " "1, " "1, " "1, " "1, " "1, " "1, " "1, " "1, " "1, " "1, " "1, " "1, " "1, " "1, " "1, " "1, " "1, " "1, " "1, " "1, " "1, " "1, " "1, " "1, " "1, " "1, " "1, " "1, " "1, " "1, " "1, " "1, " "1, " "1, " "1, " "1, " "1, " "1, " "1, " "1, " "1, " "1, " "1, " "1, " "1, " "1, " "1, " "1, " "1, " "1, " "1, " "1, " "1, " "1, " "1, " "1, " "1, "0
 "Nei57, 0.187, " "-0.322, " "1, " "1, " "1, " "1, " "1, " "1, " "1, " "1, " "1, " "1, " "1, " "1, " "1, " "1, " "1, " "1, " "1, " "1, " "1, " "1, " "1, " "1, " "1, " "1, " "1, " "1, " "1, " "1, " "1, " "1, " "1, " "1, " "1, " "1, " "1, " "1, " "1, " "1, " "1, " "1, " "1, " "1, " "1, " "1, " "1, " "1, " "1, " "1, " "1, " "1, " "1, " "1, " "1, " "1, " "1, " "1, " "1, " "0, " "1, " "1, " "1, " "1, " "1, " "1, " "1, " "1, " "1, " "1, " "1, " "1, " "1, " "1, " "1, " "1, " "1, " "1, " "1, " "1, " "1, " "1, " "1, " "1, " "1, " "1, " "1, " "1, " "1, " "1, " "1, " "1, " "1, " "1, " "1, " "1, " "1, " "1, " "1, " "1, " "1, " "1, " "1, " "1, " "1, " "1, " "1, " "1, " "1, " "1, " "1, " "1, " "1, " "1, " "1, " "1, " "1, " "1, " "1, " "1, " "1, " "1, " "1, " "1, " "1, " "1, " "1, " "1, " "1, " "1, " "1, " "1, " "1, " "1, " "1, " "1, " "1, " "1, " "1, " "1, " "1, " "1, " "1, " "1, " "1, " "1, " "1, " "1, " "1, " "1, " "1, " "1, " "1, " "1, " "1, " "1, " "1, " "1, " "1, " "1, " "1, " "1, " "1, " "1, " "1, " "1, " "1, " "1, " "1, " "1, " "1, " "1, " "1, " "1, " "1, " "1, " "1, " "1, " "1, " "1, " "1, " "1, " "1, " "1, " "1, " "1, " "1, " "1, " "1, " "1, " "1, " "1, " "1, " "1, " "1, " "1, " "1, " "1, " "1, " "1, " "1, " "1, " "1, " "1, " "1, " "1, " "1, " "1, " "1, " "1, " "1, " "1, " "1, " "1, " "1, " "1, " "1, " "1, " "1, " "1, " "1, " "1, " "1, " "1, " "1, " "1, " "1, " "1, " "1, " "1, " "1, " "1, " "1, " "1, " "1, " "1, " "1, " "1, " "1, " "1, " "1, " "1, " "1, " "1, " "1, " "1, " "1, " "1, " "1, " "1, " "1, " "1, " "1, " "1, " "1, " "1, " "1, " "1, " "1, "0
 "Nei58, 0.256, " "0.18, " "1, " "1, " "1, " "1, " "1, " "1, " "1, " "1, " "1, " "1, " "1, " "1, " "1, " "1, " "1, " "1, " "1, " "1, " "1, " "1, " "1, " "1, " "1, " "1, " "1, " "1, " "1, " "1, " "1, " "1, " "1, " "1, " "1, " "1, " "1, " "1, " "1, " "1, " "1, " "1, " "1, " "1, " "1, " "1, " "1, " "1, " "1, " "1, " "1, " "1, " "1, " "1, " "1, " "1, " "1, " "1, " "1, " "1, " "0, " "1, " "1, " "1, " "1, " "1, " "1, " "1, " "1, " "1, " "1, " "1, " "1, " "1, " "1, " "1, " "1, " "1, " "1, " "1, " "1, " "1, " "1, " "1, " "1, " "1, " "1, " "1, " "1, " "1, " "1, " "1, " "1, " "1, " "1, " "1, " "1, " "1, " "1, " "1, " "1, " "1, " "1, " "1, " "1, " "1, " "1, " "1, " "1, " "1, " "1, " "1, " "1, " "1, " "1, " "1, " "1, " "1, " "1, " "1, " "1, " "1, " "1, " "1, " "1, " "1, " "1, " "1, " "1, " "1, " "1, " "1, " "1, " "1, " "1, " "1, " "1, " "1, " "1, " "1, " "1, " "1, " "1, " "1, " "1, " "1, " "1, " "1, " "1, " "1, " "1, " "1, " "1, " "1, " "1, " "1, " "1, " "1, " "1, " "1, " "1, " "1, " "1, " "1, " "1, " "1, " "1, " "1, " "1, " "1, " "1, " "1, " "1, " "1, " "1, " "1, " "1, " "1, " "1, " "1, " "1, " "1, " "1, " "1, " "1, " "1, " "1, " "1, " "1, " "1, " "1, " "1, " "1, " "1, " "1, " "1, " "1, " "1, " "1, " "1, " "1, " "1, " "1, " "1, " "1, " "1, " "1, " "1, " "1, " "1, " "1, " "1, " "1, " "1, " "1, " "1, " "1, " "1, " "1, " "1, " "1, " "1, " "1, " "1, " "1, " "1, " "1, " "1, " "1, " "1, " "1, " "1, " "1, " "1, " "1, " "1, " "1, " "1, " "1, " "1, " "1, " "1, " "1, " "1, " "1, " "1, " "1, " "1, " "1, " "1, " "1, " "1, " "1, " "1, " "1, " "1, " "1, " "1, " "1, "0
 "Nei59, 0.218, " "-0.478, " "1, " "1, " "1, " "1, " "1, " "1, " "1, " "1, " "1, " "1, " "1, " "1, " "1, " "1, " "1, " "1, " "1, " "1, " "1, " "1, " "1, " "1, " "1, " "1, " "1, " "1, " "1, " "1, " "1, " "1, " "1, " "1, " "1, " "1, " "1, " "1, " "1, " "1, " "1, " "1, " "1, " "1, " "1, " "1, " "1, " "1, " "1, " "1, " "1, " "1, " "1, " "1, " "1, " "1, " "1, " "1, " "1, " "1, " "1, " "0, " "1, " "1, " "1, " "1, " "1, " "1, " "1, " "1, " "1, " "1, " "1, " "1, " "1, " "1, " "1, " "1, " "1, " "1, " "1, " "1, " "1, " "1, " "1, " "1, " "1, " "1, " "1, " "1, " "1, " "1, " "1, " "1, " "1, " "1, " "1, " "1, " "1, " "1, " "1, " "1, " "1, " "1, " "1, " "1, " "1, " "1, " "1, " "1, " "1, " "1, " "1, " "1, " "1, " "1, " "1, " "1, " "1, " "1, " "1, " "1, " "1, " "1, " "1, " "1, " "1, " "1, " "1, " "1, " "1, " "1, " "1, " "1, " "1, " "1, " "1, " "1, " "1, " "1, " "1, " "1, " "1, " "1, " "1, " "1, " "1, " "1, " "1, " "1, " "1, " "1, " "1, " "1, " "1, " "1, " "1, " "1, " "1, " "1, " "1, " "1, " "1, " "1, " "1, " "1, " "1, " "1, " "1, " "1, " "1, " "1, " "1, " "1, " "1, " "1, " "1, " "1, " "1, " "1, " "1, " "1, " "1, " "1, " "1, " "1, " "1, " "1, " "1, " "1, " "1, " "1, " "1, " "1, " "1, " "1, " "1, " "1, " "1, " "1, " "1, " "1, " "1, " "1, " "1, " "1, " "1, " "1, " "1, " "1, " "1, " "1, " "1, " "1, " "1, " "1, " "1, " "1, " "1, " "1, " "1, " "1, " "1, " "1, " "1, " "1, " "1, " "1, " "1, " "1, " "1, " "1, " "1, " "1, " "1, " "1, " "1, " "1, " "1, " "1, " "1, " "1, " "1, " "1, " "1, " "1, " "1, " "1, " "1, " "1, " "1, " "1, " "1, " "1, " "1, " "1, " "1, " "1, " "1, "0
 "Nei60, 0.28, " "-0.859, " "1, " "1, " "1, " "1, " "1, " "1, " "1, " "1, " "1, " "1, " "1, " "1, " "1, " "1, " "1, " "1, " "1, " "1, " "1, " "1, " "1, " "1, " "1, " "1, " "1, " "1, " "1, " "1, " "1, " "1, " "1, " "1, " "1, " "1, " "1, " "1, " "1, " "1, " "1, " "1, " "1, " "1, " "1, " "1, " "1, " "1, " "1, " "1, " "1, " "1, " "1, " "1, " "1, " "1, " "1, " "1, " "1, " "1, " "1, " "1, " "0, " "1, " "1, " "1, " "1, " "1, " "1, " "1, " "1, " "1, " "1, " "1, " "1, " "1, " "1, " "1, " "1, " "1, " "1, " "1, " "1, " "1, " "1, " "1, " "1, " "1, " "1, " "1, " "1, " "1, " "1, " "1, " "1, " "1, " "1, " "1, " "1, " "1, " "1, " "1, " "1, " "1, " "1, " "1, " "1, " "1, " "1, " "1, " "1, " "1, " "1, " "1, " "1, " "1, " "1, " "1, " "1, " "1, " "1, " "1, " "1, " "1, " "1, " "1, " "1, " "1, " "1, " "1, " "1, " "1, " "1, " "1, " "1, " "1, " "1, " "1, " "1, " "1, " "1, " "1, " "1, " "1, " "1, " "1, " "1, " "1, " "1, " "1, " "1, " "1, " "1, " "1, " "1, " "1, " "1, " "1, " "1, " "1, " "1, " "1, " "1, " "1, " "1, " "1, " "1, " "1, " "1, " "1, " "1, " "1, " "1, " "1, " "1, " "1, " "1, " "1, " "1, " "1, " "1, " "1, " "1, " "1, " "1, " "1, " "1, " "1, " "1, " "1, " "1, " "1, " "1, " "1, " "1, " "1, " "1, " "1, " "1, " "1, " "1, " "1, " "1, " "1, " "1, " "1, " "1, " "1, " "1, " "1, " "1, " "1, " "1, " "1, " "1, " "1, " "1, " "1, " "1, " "1, " "1, " "1, " "1, " "1, " "1, " "1, " "1, " "1, " "1, " "1, " "1, " "1, " "1, " "1, " "1, " "1, " "1, " "1, " "1, " "1, " "1, " "1, " "1, " "1, " "1, " "1, " "1, " "1, " "1, " "1, " "1, " "1, " "1, " "1, " "1, " "1, " "1, " "1, " "1, "0
 "Nei61, 0.221, " "0.821, " "1, " "1, " "1, " "1, " "1, " "1, " "1, " "1, " "1, " "1, " "1, " "1, " "1, " "1, " "1, " "1, " "1, " "1, " "1, " "1, " "1, " "1, " "1, " "1, " "1, " "1, " "1, " "1, " "1, " "1, " "1, " "1, " "1, " "1, " "1, " "1, " "1, " "1, " "1, " "1, " "1, " "1, " "1, " "1, " "1, " "1, " "1, " "1, " "1, " "1, " "1, " "1, " "1, " "1, " "1, " "1, " "1, " "1, " "1, " "1, " "1, " "0, " "1, " "1, " "1, " "1, " "1, " "1, " "1, " "1, " "1, " "1, " "1, " "1, " "1, " "1, " "1, " "1, " "1, " "1, " "1, " "1, " "1, " "1, " "1, " "1, " "1, " "1, " "1, " "1, " "1, " "1, " "1, " "1, " "1, " "1, " "1, " "1, " "1, " "1, " "1, " "1, " "1, " "1, " "1, " "1, " "1, " "1, " "1, " "1, " "1, " "1, " "1, " "1, " "1, " "1, " "1, " "1, " "1, " "1, " "1, " "1, " "1, " "1, " "1, " "1, " "1, " "1, " "1, " "1, " "1, " "1, " "1, " "1, " "1, " "1, " "1, " "1, " "1, " "1, " "1, " "1, " "1, " "1, " "1, " "1, " "1, " "1, " "1, " "1, " "1, " "1, " "1, " "1, " "1, " "1, " "1, " "1, " "1, " "1, " "1, " "1, " "1, " "1, " "1, " "1, " "1, " "1, " "1, " "1, " "1, " "1, " "1, " "1, " "1, " "1, " "1, " "1, " "1, " "1, " "1, " "1, " "1, " "1, " "1, " "1, " "1, " "1, " "1, " "1, " "1, " "1, " "1, " "1, " "1, " "1, " "1, " "1, " "1, " "1, " "1, " "1, " "1, " "1, " "1, " "1, " "1, " "1, " "1, " "1, " "1, " "1, " "1, " "1, " "1, " "1, " "1, " "1, " "1, " "1, " "1, " "1, " "1, " "1, " "1, " "1, " "1, " "1, " "1, " "1, " "1, " "1, " "1, " "1, " "1, " "1, " "1, " "1, " "1, " "1, " "1, " "1, " "1, " "1, " "1, " "1, " "1, " "1, " "1, " "1, " "1, " "1, " "1, " "1, " "1, " "1, " "1, "0
 "Nei62, 0.239, " "0.752, " "1, " "1, " "1, " "1, " "1, " "1, " "1, " "1, " "1, " "1, " "1, " "1, " "1, " "1, " "1, " "1, " "1, " "1, " "1, " "1, " "1, " "1, " "1, " "1, " "1, " "1, " "1, " "1, " "1, " "1, " "1, " "1, " "1, " "1, " "1, " "1, " "1, " "1, " "1, " "1, " "1, " "1, " "1, " "1, " "1, " "1, " "1, " "1, " "1, " "1, " "1, " "1, " "1, " "1, " "1, " "1, " "1, " "1, " "1, " "1, " "1, " "1, " "0, " "1, " "1, " "1, " "1, " "1, " "1, " "1, " "1, " "1, " "1, " "1, " "1, " "1, " "1, " "1, " "1, " "1, " "1, " "1, " "1, " "1, " "1, " "1, " "1, " "1, " "1, " "1, " "1, " "1, " "1, " "1, " "1, " "1, " "1, " "1, " "1, " "1, " "1, " "1, " "1, " "1, " "1, " "1, " "1, " "1, " "1, " "1, " "1, " "1, " "1, " "1, " "1, " "1, " "1, " "1, " "1, " "1, " "1, " "1, " "1, " "1, " "1, " "1, " "1, " "1, " "1, " "1, " "1, " "1, " "1, " "1, " "1, " "1, " "1, " "1, " "1, " "1, " "1, " "1, " "1, " "1, " "1, " "1, " "1, " "1, " "1, " "1, " "1, " "1, " "1, " "1, " "1, " "1, " "1, " "1, " "1, " "1, " "1, " "1, " "1, " "1, " "1, " "1, " "1, " "1, " "1, " "1, " "1, " "1, " "1, " "1, " "1, " "1, " "1, " "1, " "1, " "1, " "1, " "1, " "1, " "1, " "1, " "1, " "1, " "1, " "1, " "1, " "1, " "1, " "1, " "1, " "1, " "1, " "1, " "1, " "1, " "1, " "1, " "1, " "1, " "1, " "1, " "1, " "1, " "1, " "1, " "1, " "1, " "1, " "1, " "1, " "1, " "1, " "1, " "1, " "1, " "1, " "1, " "1, " "1, " "1, " "1, " "1, " "1, " "1, " "1, " "1, " "1, " "1, " "1, " "1, " "1, " "1, " "1, " "1, " "1, " "1, " "1, " "1, " "1, " "1, " "1, " "1, " "1, " "1, " "1, " "1, " "1, " "1, " "1, " "1, " "1, " "1, " "1, "0
 "Nei63, 0.04, " "0.676, " "1, " "1, " "1, " "1, " "1, " "1, " "1, " "1, " "1, " "1, " "1, " "1, " "1, " "1, " "1, " "1, " "1, " "1, " "1, " "1, " "1, " "1, " "1, " "1, " "1, " "1, " "1, " "1, " "1, " "1, " "1, " "1, " "1, " "1, " "1, " "1, " "1, " "1, " "1, " "1, " "1, " "1, " "1, " "1, " "1, " "1, " "1, " "1, " "1, " "1, " "1, " "1, " "1, " "1, " "1, " "1, " "1, " "1, " "1, " "1, " "1, " "1, " "1, " "0, " "1, " "1, " "1, " "1, " "1, " "1, " "1, " "1, " "1, " "1, " "1, " "1, " "1, " "1, " "1, " "1, " "1, " "1, " "1, " "1, " "1, " "1, " "1, " "1, " "1, " "1, " "1, " "1, " "1, " "1, " "1, " "1, " "1, " "1, " "1, " "1, " "1, " "1, " "1, " "1, " "1, " "1, " "1, " "1, " "1, " "1, " "1, " "1, " "1, " "1, " "1, " "1, " "1, " "1, " "1, " "1, " "1, " "1, " "1, " "1, " "1, " "1, " "1, " "1, " "1, " "1, " "1, " "1, " "1, " "1, " "1, " "1, " "1, " "1, " "1, " "1, " "1, " "1, " "1, " "1, " "1, " "1, " "1, " "1, " "1, " "1, " "1, " "1, " "1, " "1, " "1, " "1, " "1, " "1, " "1, " "1, " "1, " "1, " "1, " "1, " "1, " "1, " "1, " "1, " "1, " "1, " "1, " "1, " "1, " "1, " "1, " "1, " "1, " "1, " "1, " "1, " "1, " "1, " "1, " "1, " "1, " "1, " "1, " "1, " "1, " "1, " "1, " "1, " "1, " "1, " "1, " "1, " "1, " "1, " "1, " "1, " "1, " "1, " "1, " "1, " "1, " "1, " "1, " "1, " "1, " "1, " "1, " "1, " "1, " "1, " "1, " "1, " "1, " "1, " "1, " "1, " "1, " "1, " "1, " "1, " "1, " "1, " "1, " "1, " "1, " "1, " "1, " "1, " "1, " "1, " "1, " "1, " "1, " "1, " "1, " "1, " "1, " "1, " "1, " "1, " "1, " "1, " "1, " "1, " "1, " "1, " "1, " "1, " "1, " "1, " "1, " "1, " "1, "0
 "Nei64, 0.342, " "0.759, " "1, " "1, " "1, " "1, " "1, " "1, " "1, " "1, " "1, " "1, " "1, " "1, " "1, " "1, " "1, " "1, " "1, " "1, " "1, " "1, " "1, " "1, " "1, " "1, " "1, " "1, " "1, " "1, " "1, " "1, " "1, " "1, " "1, " "1, " "1, " "1, " "1, " "1, " "1, " "1, " "1, " "1, " "1, " "1, " "1, " "1, " "1, " "1, " "1, " "1, " "1, " "1, " "1, " "1, " "1, " "1, " "1, " "1, " "1, " "1, " "1, " "1, " "1, " "1, " "0, " "1, " "1, " "1, " "1, " "1, " "1, " "1, " "1, " "1, " "1, " "1, " "1, " "1, " "1, " "1, " "1, " "1, " "1, " "1, " "1, " "1, " "1, " "1, " "1, " "1, " "1, " "1, " "1, " "1, " "1, " "1, " "1, " "1, " "1, " "1, " "1, " "1, " "1, " "1, " "1, " "1, " "1, " "1, " "1, " "1, " "1, " "1, " "1, " "1, " "1, " "1, " "1, " "1, " "1, " "1, " "1, " "1, " "1, " "1, " "1, " "1, " "1, " "1, " "1, " "1, " "1, " "1, " "1, " "1, " "1, " "1, " "1, " "1, " "1, " "1, " "1, " "1, " "1, " "1, " "1, " "1, " "1, " "1, " "1, " "1, " "1, " "1, " "1, " "1, " "1, " "1, " "1, " "1, " "1, " "1, " "1, " "1, " "1, " "1, " "1, " "1, " "1, " "1, " "1, " "1, " "1, " "1, " "1, " "1, " "1, " "1, " "1, " "1, " "1, " "1, " "1, " "1, " "1, " "1, " "1, " "1, " "1, " "1, " "1, " "1, " "1, " "1, " "1, " "1, " "1, " "1, " "1, " "1, " "1, " "1, " "1, " "1, " "1, " "1, " "1, " "1, " "1, " "1, " "1, " "1, " "1, " "1, " "1, " "1, " "1, " "1, " "1, " "1, " "1, " "1, " "1, " "1, " "1, " "1, " "1, " "1, " "1, " "1, " "1, " "1, " "1, " "1, " "1, " "1, " "1, " "1, " "1, " "1, " "1, " "1, " "1, " "1, " "1, " "1, " "1, " "1, " "1, " "1, " "1, " "1, " "1, " "1, " "1, " "1, " "1, " "1, " "1, "0
 "Nei65, 0.142, " "0.957, " "1, " "1, " "1, " "1, " "1, " "1, " "1, " "1, " "1, " "1, " "1, " "1, " "1, " "1, " "1, " "1, " "1, " "1, " "1, " "1, " "1, " "1, " "1, " "1, " "1, " "1, " "1, " "1, " "1, " "1, " "1, " "1, " "1, " "1, " "1, " "1, " "1, " "1, " "1, " "1, " "1, " "1, " "1, " "1, " "1, " "1, " "1, " "1, " "1, " "1, " "1, " "1, " "1, " "1, " "1, " "1, " "1, " "1, " "1, " "1, " "1, " "1, " "1, " "1, " "1, " "0, " "1, " "1, " "1, " "1, " "1, " "1, " "1, " "1, " "1, " "1, " "1, " "1, " "1, " "1, " "1, " "1, " "1, " "1, " "1, " "1, " "1, " "1, " "1, " "1, " "1, " "1, " "1, " "1, " "1, " "1, " "1, " "1, " "1, " "1, " "1, " "1, " "1, " "1, " "1, " "1, " "1, " "1, " "1, " "1, " "1, " "1, " "1, " "1, " "1, " "1, " "1, " "1, " "1, " "1, " "1, " "1, " "1, " "1, " "1, " "1, " "1, " "1, " "1, " "1, " "1, " "1, " "1, " "1, " "1, " "1, " "1, " "1, " "1, " "1, " "1, " "1, " "1, " "1, " "1, " "1, " "1, " "1, " "1, " "1, " "1, " "1, " "1, " "1, " "1, " "1, " "1, " "1, " "1, " "1, " "1, " "1, " "1, " "1, " "1, " "1, " "1, " "1, " "1, " "1, " "1, " "1, " "1, " "1, " "1, " "1, " "1, " "1, " "1, " "1, " "1, " "1, " "1, " "1, " "1, " "1, " "1, " "1, " "1, " "1, " "1, " "1, " "1, " "1, " "1, " "1, " "1, " "1, " "1, " "1, " "1, " "1, " "1, " "1, " "1, " "1, " "1, " "1, " "1, " "1, " "1, " "1, " "1, " "1, " "1, " "1, " "1, " "1, " "1, " "1, " "1, " "1, " "1, " "1, " "1, " "1, " "1, " "1, " "1, " "1, " "1, " "1, " "1, " "1, " "1, " "1, " "1, " "1, " "1, " "1, " "1, " "1, " "1, " "1, " "1, " "1, " "1, " "1, " "1, " "1, " "1, " "1, " "1, " "1, " "1, " "1, " "1, "0
 "Nei66, 0.314, " "0.525, " "1, " "1, " "1, " "1, " "1, " "1, " "1, " "1, " "1, " "1, " "1, " "1, " "1, " "1, " "1, " "1, " "1, " "1, " "1, " "1, " "1, " "1, " "1, " "1, " "1, " "1, " "1, " "1, " "1, " "1, " "1, " "1, " "1, " "1, " "1, " "1, " "1, " "1, " "1, " "1, " "1, " "1, " "1, " "1, " "1, " "1, " "1, " "1, " "1, " "1, " "1, " "1, " "1, " "1, " "1, " "1, " "1, " "1, " "1, " "1, " "1, " "1, " "1, " "1, " "1, " "1, " "0, " "1, " "1, " "1, " "1, " "1, " "1, " "1, " "1, " "1, " "1, " "1, " "1, " "1, " "1, " "1, " "1, " "1, " "1, " "1, " "1, " "1, " "1, " "1, " "1, " "1, " "1, " "1, " "1, " "1, " "1, " "1, " "1, " "1, " "1, " "1, " "1, " "1, " "1, " "1, " "1, " "1, " "1, " "1, " "1, " "1, " "1, " "1, " "1, " "1, " "1, " "1, " "1, " "1, " "1, " "1, " "1, " "1, " "1, " "1, " "1, " "1, " "1, " "1, " "1, " "1, " "1, " "1, " "1, " "1, " "1, " "1, " "1, " "1, " "1, " "1, " "1, " "1, " "1, " "1, " "1, " "1, " "1, " "1, " "1, " "1, " "1, " "1, " "1, " "1, " "1, " "1, " "1, " "1, " "1, " "1, " "1, " "1, " "1, " "1, " "1, " "1, " "1, " "1, " "1, " "1, " "1, " "1, " "1, " "1, " "1, " "1, " "1, " "1, " "1, " "1, " "1, " "1, " "1, " "1, " "1, " "1, " "1, " "1, " "1, " "1, " "1, " "1, " "1, " "1, " "1, " "1, " "1, " "1, " "1, " "1, " "1, " "1, " "1, " "1, " "1, " "1, " "1, " "1, " "1, " "1, " "1, " "1, " "1, " "1, " "1, " "1, " "1, " "1, " "1, " "1, " "1, " "1, " "1, " "1, " "1, " "1, " "1, " "1, " "1, " "1, " "1, " "1, " "1, " "1, " "1, " "1, " "1, " "1, " "1, " "1, " "1, " "1, " "1, " "1, " "1, " "1, " "1, " "1, " "1, " "1, " "1, " "1, " "1, " "1, " "1, "0
 "Nei67, 0.301, " "-0.13, " "1, " "1, " "1, " "1, " "1, " "1, " "1, " "1, " "1, " "1, " "1, " "1, " "1, " "1, " "1, " "1, " "1, " "1, " "1, " "1, " "1, " "1, " "1, " "1, " "1, " "1, " "1, " "1, " "1, " "1, " "1, " "1, " "1, " "1, " "1, " "1, " "1, " "1, " "1, " "1, " "1, " "1, " "1, " "1, " "1, " "1, " "1, " "1, " "1, " "1, " "1, " "1, " "1, " "1, " "1, " "1, " "1, " "1, " "1, " "1, " "1, " "1, " "1, " "1, " "1, " "1, " "1, " "0, " "1, " "1, " "1, " "1, " "1, " "1, " "1, " "1, " "1, " "1, " "1, " "1, " "1, " "1, " "1, " "1, " "1, " "1, " "1, " "1, " "1, " "1, " "1, " "1, " "1, " "1, " "1, " "1, " "1, " "1, " "1, " "1, " "1, " "1, " "1, " "1, " "1, " "1, " "1, " "1, " "1, " "1, " "1, " "1, " "1, " "1, " "1, " "1, " "1, " "1, " "1, " "1, " "1, " "1, " "1, " "1, " "1, " "1, " "1, " "1, " "1, " "1, " "1, " "1, " "1, " "1, " "1, " "1, " "1, " "1, " "1, " "1, " "1, " "1, " "1, " "1, " "1, " "1, " "1, " "1, " "1, " "1, " "1, " "1, " "1, " "1, " "1, " "1, " "1, " "1, " "1, " "1, " "1, " "1, " "1, " "1, " "1, " "1, " "1, " "1, " "1, " "1, " "1, " "1, " "1, " "1, " "1, " "1, " "1, " "1, " "1, " "1, " "1, " "1, " "1, " "1, " "1, " "1, " "1, " "1, " "1, " "1, " "1, " "1, " "1, " "1, " "1, " "1, " "1, " "1, " "1, " "1, " "1, " "1, " "1, " "1, " "1, " "1, " "1, " "1, " "1, " "1, " "1, " "1, " "1, " "1, " "1, " "1, " "1, " "1, " "1, " "1, " "1, " "1, " "1, " "1, " "1, " "1, " "1, " "1, " "1, " "1, " "1, " "1, " "1, " "1, " "1, " "1, " "1, " "1, " "1, " "1, " "1, " "1, " "1, " "1, " "1, " "1, " "1, " "1, " "1, " "1, " "1, " "1, " "1, " "1, " "1, " "1, " "1, "0
 "Nei68, 0.124, " "-0.798, " "1, " "1, " "1, " "1, " "1, " "1, " "1, " "1, " "1, " "1, " "1, " "1, " "1, " "1, " "1, " "1, " "1, " "1, " "1, " "1, " "1, " "1, " "1, " "1, " "1, " "1, " "1, " "1, " "1, " "1, " "1, " "1, " "1, " "1, " "1, " "1, " "1, " "1, " "1, " "1, " "1, " "1, " "1, " "1, " "1, " "1, " "1, " "1, " "1, " "1, " "1, " "1, " "1, " "1, " "1, " "1, " "1, " "1, " "1, " "1, " "1, " "1, " "1, " "1, " "1, " "1, " "1, " "1, " "0, " "1, " "1, " "1, " "1, " "1, " "1, " "1, " "1, " "1, " "1, " "1, " "1, " "1, " "1, " "1, " "1, " "1, " "1, " "1, " "1, " "1, " "1, " "1, " "1, " "1, " "1, " "1, " "1, " "1, " "1, " "1, " "1, " "1, " "1, " "1, " "1, " "1, " "1, " "1, " "1, " "1, " "1, " "1, " "1, " "1, " "1, " "1, " "1, " "1, " "1, " "1, " "1, " "1, " "1, " "1, " "1, " "1, " "1, " "1, " "1, " "1, " "1, " "1, " "1, " "1, " "1, " "1, " "1, " "1, " "1, " "1, " "1, " "1, " "1, " "1, " "1, " "1, " "1, " "1, " "1, " "1, " "1, " "1, " "1, " "1, " "1, " "1, " "1, " "1, " "1, " "1, " "1, " "1, " "1, " "1, " "1, " "1, " "1, " "1, " "1, " "1, " "1, " "1, " "1, " "1, " "1, " "1, " "1, " "1, " "1, " "1, " "1, " "1, " "1, " "1, " "1, " "1, " "1, " "1, " "1, " "1, " "1, " "1, " "1, " "1, " "1, " "1, " "1, " "1, " "1, " "1, " "1, " "1, " "1, " "1, " "1, " "1, " "1, " "1, " "1, " "1, " "1, " "1, " "1, " "1, " "1, " "1, " "1, " "1, " "1, " "1, " "1, " "1, " "1, " "1, " "1, " "1, " "1, " "1, " "1, " "1, " "1, " "1, " "1, " "1, " "1, " "1, " "1, " "1, " "1, " "1, " "1, " "1, " "1, " "1, " "1, " "1, " "1, " "1, " "1, " "1, " "1, " "1, " "1, " "1, " "1, " "1, " "1, "0
 "Nei69, 0.09, " "0.964, " "1, " "1, " "1, " "1, " "1, " "1, " "1, " "1, " "1, " "1, " "1, " "1, " "1, " "1, " "1, " "1, " "1, " "1, " "1, " "1, " "1, " "1, " "1, " "1, " "1, " "1, " "1, " "1, " "1, " "1, " "1, " "1, " "1, " "1, " "1, " "1, " "1, " "1, " "1, " "1, " "1, " "1, " "1, " "1, " "1, " "1, " "1, " "1, " "1, " "1, " "1, " "1, " "1, " "1, " "1, " "1, " "1, " "1, " "1, " "1, " "1, " "1, " "1, " "1, " "1, " "1, " "1, " "1, " "1, " "0, " "1, " "1, " "1, " "1, " "1, " "1, " "1, " "1, " "1, " "1, " "1, " "1, " "1, " "1, " "1, " "1, " "1, " "1, " "1, " "1, " "1, " "1, " "1, " "1, " "1, " "1, " "1, " "1, " "1, " "1, " "1, " "1, " "1, " "1, " "1, " "1, " "1, " "1, " "1, " "1, " "1, " "1, " "1, " "1, " "1, " "1, " "1, " "1, " "1, " "1, " "1, " "1, " "1, " "1, " "1, " "1, " "1, " "1, " "1, " "1, " "1, " "1, " "1, " "1, " "1, " "1, " "1, " "1, " "1, " "1, " "1, " "1, " "1, " "1, " "1, " "1, " "1, " "1, " "1, " "1, " "1, " "1, " "1, " "1, " "1, " "1, " "1, " "1, " "1, " "1, " "1, " "1, " "1, " "1, " "1, " "1, " "1, " "1, " "1, " "1, " "1, " "1, " "1, " "1, " "1, " "1, " "1, " "1, " "1, " "1, " "1, " "1, " "1, " "1, " "1, " "1, " "1, " "1, " "1, " "1, " "1, " "1, " "1, " "1, " "1, " "1, " "1, " "1, " "1, " "1, " "1, " "1, " "1, " "1, " "1, " "1, " "1, " "1, " "1, " "1, " "1, " "1, " "1, " "1, " "1, " "1, " "1, " "1, " "1, " "1, " "1, " "1, " "1, " "1, " "1, " "1, " "1, " "1, " "1, " "1, " "1, " "1, " "1, " "1, " "1, " "1, " "1, " "1, " "1, " "1, " "1, " "1, " "1, " "1, " "1, " "1, " "1, " "1, " "1, " "1, " "1, " "1, " "1, " "1, " "1, " "1, " "1, "0
 "Nei70, 0.172, " "0.788, " "1, " "1, " "1, " "1, " "1, " "1, " "1, " "1, " "1, " "1, " "1, " "1, " "1, " "1, " "1, " "1, " "1, " "1, " "1, " "1, " "1, " "1, " "1, " "1, " "1, " "1, " "1, " "1, " "1, " "1, " "1, " "1, " "1, " "1, " "1, " "1, " "1, " "1, " "1, " "1, " "1, " "1, " "1, " "1, " "1, " "1, " "1, " "1, " "1, " "1, " "1, " "1, " "1, " "1, " "1, " "1, " "1, " "1, " "1, " "1, " "1, " "1, " "1, " "1, " "1, " "1, " "1, " "1, " "1, " "1, " "0, " "1, " "1, " "1, " "1, " "1, " "1, " "1, " "1, " "1, " "1, " "1, " "1, " "1, " "1, " "1, " "1, " "1, " "1, " "1, " "1, " "1, " "1, " "1, " "1, " "1, " "1, " "1, " "1, " "1, " "1, " "1, " "1, " "1, " "1, " "1, " "1, " "1, " "1, " "1, " "1, " "1, " "1, " "1, " "1, " "1, " "1, " "1, " "1, " "1, " "1, " "1, " "1, " "1, " "1, " "1, " "1, " "1, " "1, " "1, " "1, " "1, " "1, " "1, " "1, " "1, " "1, " "1, " "1, " "1, " "1, " "1, " "1, " "1, " "1, " "1, " "1, " "1, " "1, " "1, " "1, " "1, " "1, " "1, " "1, " "1, " "1, " "1, " "1, " "1, " "1, " "1, " "1, " "1, " "1, " "1, " "1, " "1, " "1, " "1, " "1, " "1, " "1, " "1, " "1, " "1, " "1, " "1, " "1, " "1, " "1, " "1, " "1, " "1, " "1, " "1, " "1, " "1, " "1, " "1, " "1, " "1, " "1, " "1, " "1, " "1, " "1, " "1, " "1, " "1, " "1, " "1, " "1, " "1, " "1, " "1, " "1, " "1, " "1, " "1, " "1, " "1, " "1, " "1, " "1, " "1, " "1, " "1, " "1, " "1, " "1, " "1, " "1, " "1, " "1, " "1, " "1, " "1, " "1, " "1, " "1, " "1, " "1, " "1, " "1, " "1, " "1, " "1, " "1, " "1, " "1, " "1, " "1, " "1, " "1, " "1, " "1, " "1, " "1, " "1, " "1, " "1, " "1, " "1, " "1, " "1, " "1, "0
 "Nei71, 0.226, " "-0.318, " "1, " "1, " "1, " "1, " "1, " "1, " "1, " "1, " "1, " "1, " "1, " "1, " "1, " "1, " "1, " "1, " "1, " "1, " "1, " "1, " "1, " "1, " "1, " "1, " "1, " "1, " "1, " "1, " "1, " "1, " "1, " "1, " "1, " "1, " "1, " "1, " "1, " "1, " "1, " "1, " "1, " "1, " "1, " "1, " "1, " "1, " "1, " "1, " "1, " "1, " "1, " "1, " "1, " "1, " "1, " "1, " "1, " "1, " "1, " "1, " "1, " "1, " "1, " "1, " "1, " "1, " "1, " "1, " "1, " "1, " "1, " "0, " "1, " "1, " "1, " "1, " "1, " "1, " "1, " "1, " "1, " "1, " "1, " "1, " "1, " "1, " "1, " "1, " "1, " "1, " "1, " "1, " "1, " "1, " "1, " "1, " "1, " "1, " "1, " "1, " "1, " "1, " "1, " "1, " "1, " "1, " "1, " "1, " "1, " "1, " "1, " "1, " "1, " "1, " "1, " "1, " "1, " "1, " "1, " "1, " "1, " "1, " "1, " "1, " "1, " "1, " "1, " "1, " "1, " "1, " "1, " "1, " "1, " "1, " "1, " "1, " "1, " "1, " "1, " "1, " "1, " "1, " "1, " "1, " "1, " "1, " "1, " "1, " "1, " "1, " "1, " "1, " "1, " "1, " "1, " "1, " "1, " "1, " "1, " "1, " "1, " "1, " "1, " "1, " "1, " "1, " "1, " "1, " "1, " "1, " "1, " "1, " "1, " "1, " "1, " "1, " "1, " "1, " "1, " "1, " "1, " "1, " "1, " "1, " "1, " "1, " "1, " "1, " "1, " "1, " "1, " "1, " "1, " "1, " "1, " "1, " "1, " "1, " "1, " "1, " "1, " "1, " "1, " "1, " "1, " "1, " "1, " "1, " "1, " "1, " "1, " "1, " "1, " "1, " "1, " "1, " "1, " "1, " "1, " "1, " "1, " "1, " "1, " "1, " "1, " "1, " "1, " "1, " "1, " "1, " "1, " "1, " "1, " "1, " "1, " "1, " "1, " "1, " "1, " "1, " "1, " "1, " "1, " "1, " "1, " "1, " "1, " "1, " "1, " "1, " "1, " "1, " "1, " "1, " "1, " "1, " "1, "0
 "Nei72, 0.388, " "-0.224, " "1, " "1, " "1, " "1, " "1, " "1, " "1, " "1, " "1, " "1, " "1, " "1, " "1, " "1, " "1, " "1, " "1, " "1, " "1, " "1, " "1, " "1, " "1, " "1, " "1, " "1, " "1, " "1, " "1, " "1, " "1, " "1, " "1, " "1, " "1, " "1, " "1, " "1, " "1, " "1, " "1, " "1, " "1, " "1, " "1, " "1, " "1, " "1, " "1, " "1, " "1, " "1, " "1, " "1, " "1, " "1, " "1, " "1, " "1, " "1, " "1, " "1, " "1, " "1, " "1, " "1, " "1, " "1, " "1, " "1, " "1, " "1, " "0, " "1, " "1, " "1, " "1, " "1, " "1, " "1, " "1, " "1, " "1, " "1, " "1, " "1, " "1, " "1, " "1, " "1, " "1, " "1, " "1, " "1, " "1, " "1, " "1, " "1, " "1, " "1, " "1, " "1, " "1, " "1, " "1, " "1, " "1, " "1, " "1, " "1, " "1, " "1, " "1, " "1, " "1, " "1, " "1, " "1, " "1, " "1, " "1, " "1, " "1, " "1, " "1, " "1, " "1, " "1, " "1, " "1, " "1, " "1, " "1, " "1, " "1, " "1, " "1, " "1, " "1, " "1, " "1, " "1, " "1, " "1, " "1, " "1, " "1, " "1, " "1, " "1, " "1, " "1, " "1, " "1, " "1, " "1, " "1, " "1, " "1, " "1, " "1, " "1, " "1, " "1, " "1, " "1, " "1, " "1, " "1, " "1, " "1, " "1, " "1, " "1, " "1, " "1, " "1, " "1, " "1, " "1, " "1, " "1, " "1, " "1, " "1, " "1, " "1, " "1, " "1, " "1, " "1, " "1, " "1, " "1, " "1, " "1, " "1, " "1, " "1, " "1, " "1, " "1, " "1, " "1, " "1, " "1, " "1, " "1, " "1, " "1, " "1, " "1, " "1, " "1, " "1, " "1, " "1, " "1, " "1, " "1, " "1, " "1, " "1, " "1, " "1, " "1, " "1, " "1, " "1, " "1, " "1, " "1, " "1, " "1, " "1, " "1, " "1, " "1, " "1, " "1, " "1, " "1, " "1, " "1, " "1, " "1, " "1, " "1, " "1, " "1, " "1, " "1, " "1, " "1, " "1, " "1, " "1, "0
 "Nei73, 0.104, " "-0.381, " "1, " "1, " "1, " "1, " "1, " "1, " "1, " "1, " "1, " "1, " "1, " "1, " "1, " "1, " "1, " "1, " "1, " "1, " "1, " "1, " "1, " "1, " "1, " "1, " "1, " "1, " "1, " "1, " "1, " "1, " "1, " "1, " "1, " "1, " "1, " "1, " "1, " "1, " "1, " "1, " "1, " "1, " "1, " "1, " "1, " "1, " "1, " "1, " "1, " "1, " "1, " "1, " "1, " "1, " "1, " "1, " "1, " "1, " "1, " "1, " "1, " "1, " "1, " "1, " "1, " "1, " "1, " "1, " "1, " "1, " "1, " "1, " "1, " "0, " "1, " "1, " "1, " "1, " "1, " "1, " "1, " "1, " "1, " "1, " "1, " "1, " "1, " "1, " "1, " "1, " "1, " "1, " "1, " "1, " "1, " "1, " "1, " "1, " "1, " "1, " "1, " "1, " "1, " "1, " "1, " "1, " "1, " "1, " "1, " "1, " "1, " "1, " "1, " "1, " "1, " "1, " "1, " "1, " "1, " "1, " "1, " "1, " "1, " "1, " "1, " "1, " "1, " "1, " "1, " "1, " "1, " "1, " "1, " "1, " "1, " "1, " "1, " "1, " "1, " "1, " "1, " "1, " "1, " "1, " "1, " "1, " "1, " "1, " "1, " "1, " "1, " "1, " "1, " "1, " "1, " "1, " "1, " "1, " "1, " "1, " "1, " "1, " "1, " "1, " "1, " "1, " "1, " "1, " "1, " "1, " "1, " "1, " "1, " "1, " "1, " "1, " "1, " "1, " "1, " "1, " "1, " "1, " "1, " "1, " "1, " "1, " "1, " "1, " "1, " "1, " "1, " "1, " "1, " "1, " "1, " "1, " "1, " "1, " "1, " "1, " "1, " "1, " "1, " "1, " "1, " "1, " "1, " "1, " "1, " "1, " "1, " "1, " "1, " "1, " "1, " "1, " "1, " "1, " "1, " "1, " "1, " "1, " "1, " "1, " "1, " "1, " "1, " "1, " "1, " "1, " "1, " "1, " "1, " "1, " "1, " "1, " "1, " "1, " "1, " "1, " "1, " "1, " "1, " "1, " "1, " "1, " "1, " "1, " "1, " "1, " "1, " "1, " "1, " "1, " "1, " "1, " "1, "0
 "Nei74, 0.376, " "-0.062, " "1, " "1, " "1, " "1, " "1, " "1, " "1, " "1, " "1, " "1, " "1, " "1, " "1, " "1, " "1, " "1, " "1, " "1, " "1, " "1, " "1, " "1, " "1, " "1, " "1, " "1, " "1, " "1, " "1, " "1, " "1, " "1, " "1, " "1, " "1, " "1, " "1, " "1, " "1, " "1, " "1, " "1, " "1, " "1, " "1, " "1, " "1, " "1, " "1, " "1, " "1, " "1, " "1, " "1, " "1, " "1, " "1, " "1, " "1, " "1, " "1, " "1, " "1, " "1, " "1, " "1, " "1, " "1, " "1, " "1, " "1, " "1, " "1, " "1, " "0, " "1, " "1, " "1, " "1, " "1, " "1, " "1, " "1, " "1, " "1, " "1, " "1, " "1, " "1, " "1, " "1, " "1, " "1, " "1, " "1, " "1, " "1, " "1, " "1, " "1, " "1, " "1, " "1, " "1, " "1, " "1, " "1, " "1, " "1, " "1, " "1, " "1, " "1, " "1, " "1, " "1, " "1, " "1, " "1, " "1, " "1, " "1, " "1, " "1, " "1, " "1, " "1, " "1, " "1, " "1, " "1, " "1, " "1, " "1, " "1, " "1, " "1, " "1, " "1, " "1, " "1, " "1, " "1, " "1, " "1, " "1, " "1, " "1, " "1, " "1, " "1, " "1, " "1, " "1, " "1, " "1, " "1, " "1, " "1, " "1, " "1, " "1, " "1, " "1, " "1, " "1, " "1, " "1, " "1, " "1, " "1, " "1, " "1, " "1, " "1, " "1, " "1, " "1, " "1, " "1, " "1, " "1, " "1, " "1, " "1, " "1, " "1, " "1, " "1, " "1, " "1, " "1, " "1, " "1, " "1, " "1, " "1, " "1, " "1, " "1, " "1, " "1, " "1, " "1, " "1, " "1, " "1, " "1, " "1, " "1, " "1, " "1, " "1, " "1, " "1, " "1, " "1, " "1, " "1, " "1, " "1, " "1, " "1, " "1, " "1, " "1, " "1, " "1, " "1, " "1, " "1, " "1, " "1, " "1, " "1, " "1, " "1, " "1, " "1, " "1, " "1, " "1, " "1, " "1, " "1, " "1, " "1, " "1, " "1, " "1, " "1, " "1, " "1, " "1, " "1, " "1, " "1, "0
 "Nei75, 0.265, " "-0.159, " "1, " "1, " "1, " "1, " "1, " "1, " "1, " "1, " "1, " "1, " "1, " "1, " "1, " "1, " "1, " "1, " "1, " "1, " "1, " "1, " "1, " "1, " "1, " "1, " "1, " "1, " "1, " "1, " "1, " "1, " "1, " "1, " "1, " "1, " "1, " "1, " "1, " "1, " "1, " "1, " "1, " "1, " "1, " "1, " "1, " "1, " "1, " "1, " "1, " "1, " "1, " "1, " "1, " "1, " "1, " "1, " "1, " "1, " "1, " "1, " "1, " "1, " "1, " "1, " "1, " "1, " "1, " "1, " "1, " "1, " "1, " "1, " "1, " "1, " "1, " "0, " "1, " "1, " "1, " "1, " "1, " "1, " "1, " "1, " "1, " "1, " "1, " "1, " "1, " "1, " "1, " "1, " "1, " "1, " "1, " "1, " "1, " "1, " "1, " "1, " "1, " "1, " "1, " "1, " "1, " "1, " "1, " "1, " "1, " "1, " "1, " "1, " "1, " "1, " "1, " "1, " "1, " "1, " "1, " "1, " "1, " "1, " "1, " "1, " "1, " "1, " "1, " "1, " "1, " "1, " "1, " "1, " "1, " "1, " "1, " "1, " "1, " "1, " "1, " "1, " "1, " "1, " "1, " "1, " "1, " "1, " "1, " "1, " "1, " "1, " "1, " "1, " "1, " "1, " "1, " "1, " "1, " "1, " "1, " "1, " "1, " "1, " "1, " "1, " "1, " "1, " "1, " "1, " "1, " "1, " "1, " "1, " "1, " "1, " "1, " "1, " "1, " "1, " "1, " "1, " "1, " "1, " "1, " "1, " "1, " "1, " "1, " "1, " "1, " "1, " "1, " "1, " "1, " "1, " "1, " "1, " "1, " "1, " "1, " "1, " "1, " "1, " "1, " "1, " "1, " "1, " "1, " "1, " "1, " "1, " "1, " "1, " "1, " "1, " "1, " "1, " "1, " "1, " "1, " "1, " "1, " "1, " "1, " "1, " "1, " "1, " "1, " "1, " "1, " "1, " "1, " "1, " "1, " "1, " "1, " "1, " "1, " "1, " "1, " "1, " "1, " "1, " "1, " "1, " "1, " "1, " "1, " "1, " "1, " "1, " "1, " "1, " "1, " "1, " "1, " "1, " "1, "0
 "Nei76, 0.281, " "0.847, " "1, " "1, " "1, " "1, " "1, " "1, " "1, " "1, " "1, " "1, " "1, " "1, " "1, " "1, " "1, " "1, " "1, " "1, " "1, " "1, " "1, " "1, " "1, " "1, " "1, " "1, " "1, " "1, " "1, " "1, " "1, " "1, " "1, " "1, " "1, " "1, " "1, " "1, " "1, " "1, " "1, " "1, " "1, " "1, " "1, " "1, " "1, " "1, " "1, " "1, " "1, " "1, " "1, " "1, " "1, " "1, " "1, " "1, " "1, " "1, " "1, " "1, " "1, " "1, " "1, " "1, " "1, " "1, " "1, " "1, " "1, " "1, " "1, " "1, " "1, " "1, " "0, " "1, " "1, " "1, " "1, " "1, " "1, " "1, " "1, " "1, " "1, " "1, " "1, " "1, " "1, " "1, " "1, " "1, " "1, " "1, " "1, " "1, " "1, " "1, " "1, " "1, " "1, " "1, " "1, " "1, " "1, " "1, " "1, " "1, " "1, " "1, " "1, " "1, " "1, " "1, " "1, " "1, " "1, " "1, " "1, " "1, " "1, " "1, " "1, " "1, " "1, " "1, " "1, " "1, " "1, " "1, " "1, " "1, " "1, " "1, " "1, " "1, " "1, " "1, " "1, " "1, " "1, " "1, " "1, " "1, " "1, " "1, " "1, " "1, " "1, " "1, " "1, " "1, " "1, " "1, " "1, " "1, " "1, " "1, " "1, " "1, " "1, " "1, " "1, " "1, " "1, " "1, " "1, " "1, " "1, " "1, " "1, " "1, " "1, " "1, " "1, " "1, " "1, " "1, " "1, " "1, " "1, " "1, " "1, " "1, " "1, " "1, " "1, " "1, " "1, " "1, " "1, " "1, " "1, " "1, " "1, " "1, " "1, " "1, " "1, " "1, " "1, " "1, " "1, " "1, " "1, " "1, " "1, " "1, " "1, " "1, " "1, " "1, " "1, " "1, " "1, " "1, " "1, " "1, " "1, " "1, " "1, " "1, " "1, " "1, " "1, " "1, " "1, " "1, " "1, " "1, " "1, " "1, " "1, " "1, " "1, " "1, " "1, " "1, " "1, " "1, " "1, " "1, " "1, " "1, " "1, " "1, " "1, " "1, " "1, " "1, " "1, " "1, " "1, " "1, " "1, "0
 "Nei77, 0.095, " "0.16, " "1, " "1, " "1, " "1, " "1, " "1, " "1, " "1, " "1, " "1, " "1, " "1, " "1, " "1, " "1, " "1, " "1, " "1, " "1, " "1, " "1, " "1, " "1, " "1, " "1, " "1, " "1, " "1, " "1, " "1, " "1, " "1, " "1, " "1, " "1, " "1, " "1, " "1, " "1, " "1, " "1, " "1, " "1, " "1, " "1, " "1, " "1, " "1, " "1, " "1, " "1, " "1, " "1, " "1, " "1, " "1, " "1, " "1, " "1, " "1, " "1, " "1, " "1, " "1, " "1, " "1, " "1, " "1, " "1, " "1, " "1, " "1, " "1, " "1, " "1, " "1, " "1, " "0, " "1, " "1, " "1, " "1, " "1, " "1, " "1, " "1, " "1, " "1, " "1, " "1, " "1, " "1, " "1, " "1, " "1, " "1, " "1, " "1, " "1, " "1, " "1, " "1, " "1, " "1, " "1, " "1, " "1, " "1, " "1, " "1, " "1, " "1, " "1, " "1, " "1, " "1, " "1, " "1, " "1, " "1, " "1, " "1, " "1, " "1, " "1, " "1, " "1, " "1, " "1, " "1, " "1, " "1, " "1, " "1, " "1, " "1, " "1, " "1, " "1, " "1, " "1, " "1, " "1, " "1, " "1, " "1, " "1, " "1, " "1, " "1, " "1, " "1, " "1, " "1, " "1, " "1, " "1, " "1, " "1, " "1, " "1, " "1, " "1, " "1, " "1, " "1, " "1, " "1, " "1, " "1, " "1, " "1, " "1, " "1, " "1, " "1, " "1, " "1, " "1, " "1, " "1, " "1, " "1, " "1, " "1, " "1, " "1, " "1, " "1, " "1, " "1, " "1, " "1, " "1, " "1, " "1, " "1, " "1, " "1, " "1, " "1, " "1, " "1, " "1, " "1, " "1, " "1, " "1, " "1, " "1, " "1, " "1, " "1, " "1, " "1, " "1, " "1, " "1, " "1, " "1, " "1, " "1, " "1, " "1, " "1, " "1, " "1, " "1, " "1, " "1, " "1, " "1, " "1, " "1, " "1, " "1, " "1, " "1, " "1, " "1, " "1, " "1, " "1, " "1, " "1, " "1, " "1, " "1, " "1, " "1, " "1, " "1, " "1, " "1, " "1, " "1, " "1, "0
 "Nei78, 0.285, " "0.991, " "1, " "1, " "1, " "1, " "1, " "1, " "1, " "1, " "1, " "1, " "1, " "1, " "1, " "1, " "1, " "1, " "1, " "1, " "1, " "1, " "1, " "1, " "1, " "1, " "1, " "1, " "1, " "1, " "1, " "1, " "1, " "1, " "1, " "1, " "1, " "1, " "1, " "1, " "1, " "1, " "1, " "1, " "1, " "1, " "1, " "1, " "1, " "1, " "1, " "1, " "1, " "1, " "1, " "1, " "1, " "1, " "1, " "1, " "1, " "1, " "1, " "1, " "1, " "1, " "1, " "1, " "1, " "1, " "1, " "1, " "1, " "1, " "1, " "1, " "1, " "1, " "1, " "1, " "0, " "1, " "1, " "1, " "1, " "1, " "1, " "1, " "1, " "1, " "1, " "1, " "1, " "1, " "1, " "1, " "1, " "1, " "1, " "1, " "1, " "1, " "1, " "1, " "1, " "1, " "1, " "1, " "1, " "1, " "1, " "1, " "1, " "1, " "1, " "1, " "1, " "1, " "1, " "1, " "1, " "1, " "1, " "1, " "1, " "1, " "1, " "1, " "1, " "1, " "1, " "1, " "1, " "1, " "1, " "1, " "1, " "1, " "1, " "1, " "1, " "1, " "1, " "1, " "1, " "1, " "1, " "1, " "1, " "1, " "1, " "1, " "1, " "1, " "1, " "1, " "1, " "1, " "1, " "1, " "1, " "1, " "1, " "1, " "1, " "1, " "1, " "1, " "1, " "1, " "1, " "1, " "1, " "1, " "1, " "1, " "1, " "1, " "1, " "1, " "1, " "1, " "1, " "1, " "1, " "1, " "1, " "1, " "1, " "1, " "1, " "1, " "1, " "1, " "1, " "1, " "1, " "1, " "1, " "1, " "1, " "1, " "1, " "1, " "1, " "1, " "1, " "1, " "1, " "1, " "1, " "1, " "1, " "1, " "1, " "1, " "1, " "1, " "1, " "1, " "1, " "1, " "1, " "1, " "1, " "1, " "1, " "1, " "1, " "1, " "1, " "1, " "1, " "1, " "1, " "1, " "1, " "1, " "1, " "1, " "1, " "1, " "1, " "1, " "1, " "1, " "1, " "1, " "1, " "1, " "1, " "1, " "1, " "1, " "1, " "1, " "1, " "1, " "1, "0
 "Nei79, 0.266, " "0.118, " "1, " "1, " "1, " "1, " "1, " "1, " "1, " "1, " "1, " "1, " "1, " "1, " "1, " "1, " "1, " "1, " "1, " "1, " "1, " "1, " "1, " "1, " "1, " "1, " "1, " "1, " "1, " "1, " "1, " "1, " "1, " "1, " "1, " "1, " "1, " "1, " "1, " "1, " "1, " "1, " "1, " "1, " "1, " "1, " "1, " "1, " "1, " "1, " "1, " "1, " "1, " "1, " "1, " "1, " "1, " "1, " "1, " "1, " "1, " "1, " "1, " "1, " "1, " "1, " "1, " "1, " "1, " "1, " "1, " "1, " "1, " "1, " "1, " "1, " "1, " "1, " "1, " "1, " "1, " "0, " "1, " "1, " "1, " "1, " "1, " "1, " "1, " "1, " "1, " "1, " "1, " "1, " "1, " "1, " "1, " "1, " "1, " "1, " "1, " "1, " "1, " "1, " "1, " "1, " "1, " "1, " "1, " "1, " "1, " "1, " "1, " "1, " "1, " "1, " "1, " "1, " "1, " "1, " "1, " "1, " "1, " "1, " "1, " "1, " "1, " "1, " "1, " "1, " "1, " "1, " "1, " "1, " "1, " "1, " "1, " "1, " "1, " "1, " "1, " "1, " "1, " "1, " "1, " "1, " "1, " "1, " "1, " "1, " "1, " "1, " "1, " "1, " "1, " "1, " "1, " "1, " "1, " "1, " "1, " "1, " "1, " "1, " "1, " "1, " "1, " "1, " "1, " "1, " "1, " "1, " "1, " "1, " "1, " "1, " "1, " "1, " "1, " "1, " "1, " "1, " "1, " "1, " "1, " "1, " "1, " "1, " "1, " "1, " "1, " "1, " "1, " "1, " "1, " "1, " "1, " "1, " "1, " "1, " "1, " "1, " "1, " "1, " "1, " "1, " "1, " "1, " "1, " "1, " "1, " "1, " "1, " "1, " "1, " "1, " "1, " "1, " "1, " "1, " "1, " "1, " "1, " "1, " "1, " "1, " "1, " "1, " "1, " "1, " "1, " "1, " "1, " "1, " "1, " "1, " "1, " "1, " "1, " "1, " "1, " "1, " "1, " "1, " "1, " "1, " "1, " "1, " "1, " "1, " "1, " "1, " "1, " "1, " "1, " "1, " "1, " "1, " "1, "0
 "Nei80, 0.282, " "-0.404, " "1, " "1, " "1, " "1, " "1, " "1, " "1, " "1, " "1, " "1, " "1, " "1, " "1, " "1, " "1, " "1, " "1, " "1, " "1, " "1, " "1, " "1, " "1, " "1, " "1, " "1, " "1, " "1, " "1, " "1, " "1, " "1, " "1, " "1, " "1, " "1, " "1, " "1, " "1, " "1, " "1, " "1, " "1, " "1, " "1, " "1, " "1, " "1, " "1, " "1, " "1, " "1, " "1, " "1, " "1, " "1, " "1, " "1, " "1, " "1, " "1, " "1, " "1, " "1, " "1, " "1, " "1, " "1, " "1, " "1, " "1, " "1, " "1, " "1, " "1, " "1, " "1, " "1, " "1, " "1, " "0, " "1, " "1, " "1, " "1, " "1, " "1, " "1, " "1, " "1, " "1, " "1, " "1, " "1, " "1, " "1, " "1, " "1, " "1, " "1, " "1, " "1, " "1, " "1, " "1, " "1, " "1, " "1, " "1, " "1, " "1, " "1, " "1, " "1, " "1, " "1, " "1, " "1, " "1, " "1, " "1, " "1, " "1, " "1, " "1, " "1, " "1, " "1, " "1, " "1, " "1, " "1, " "1, " "1, " "1, " "1, " "1, " "1, " "1, " "1, " "1, " "1, " "1, " "1, " "1, " "1, " "1, " "1, " "1, " "1, " "1, " "1, " "1, " "1, " "1, " "1, " "1, " "1, " "1, " "1, " "1, " "1, " "1, " "1, " "1, " "1, " "1, " "1, " "1, " "1, " "1, " "1, " "1, " "1, " "1, " "1, " "1, " "1, " "1, " "1, " "1, " "1, " "1, " "1, " "1, " "1, " "1, " "1, " "1, " "1, " "1, " "1, " "1, " "1, " "1, " "1, " "1, " "1, " "1, " "1, " "1, " "1, " "1, " "1, " "1, " "1, " "1, " "1, " "1, " "1, " "1, " "1, " "1, " "1, " "1, " "1, " "1, " "1, " "1, " "1, " "1, " "1, " "1, " "1, " "1, " "1, " "1, " "1, " "1, " "1, " "1, " "1, " "1, " "1, " "1, " "1, " "1, " "1, " "1, " "1, " "1, " "1, " "1, " "1, " "1, " "1, " "1, " "1, " "1, " "1, " "1, " "1, " "1, " "1, " "1, " "1, " "1, "0
 "Nei81, 0.203, " "0.62, " "1, " "1, " "1, " "1, " "1, " "1, " "1, " "1, " "1, " "1, " "1, " "1, " "1, " "1, " "1, " "1, " "1, " "1, " "1, " "1, " "1, " "1, " "1, " "1, " "1, " "1, " "1, " "1, " "1, " "1, " "1, " "1, " "1, " "1, " "1, " "1, " "1, " "1, " "1, " "1, " "1, " "1, " "1, " "1, " "1, " "1, " "1, " "1, " "1, " "1, " "1, " "1, " "1, " "1, " "1, " "1, " "1, " "1, " "1, " "1, " "1, " "1, " "1, " "1, " "1, " "1, " "1, " "1, " "1, " "1, " "1, " "1, " "1, " "1, " "1, " "1, " "1, " "1, " "1, " "1, " "1, " "0, " "1, " "1, " "1, " "1, " "1, " "1, " "1, " "1, " "1, " "1, " "1, " "1, " "1, " "1, " "1, " "1, " "1, " "1, " "1, " "1, " "1, " "1, " "1, " "1, " "1, " "1, " "1, " "1, " "1, " "1, " "1, " "1, " "1, " "1, " "1, " "1, " "1, " "1, " "1, " "1, " "1, " "1, " "1, " "1, " "1, " "1, " "1, " "1, " "1, " "1, " "1, " "1, " "1, " "1, " "1, " "1, " "1, " "1, " "1, " "1, " "1, " "1, " "1, " "1, " "1, " "1, " "1, " "1, " "1, " "1, " "1, " "1, " "1, " "1, " "1, " "1, " "1, " "1, " "1, " "1, " "1, " "1, " "1, " "1, " "1, " "1, " "1, " "1, " "1, " "1, " "1, " "1, " "1, " "1, " "1, " "1, " "1, " "1, " "1, " "1, " "1, " "1, " "1, " "1, " "1, " "1, " "1, " "1, " "1, " "1, " "1, " "1, " "1, " "1, " "1, " "1, " "1, " "1, " "1, " "1, " "1, " "1, " "1, " "1, " "1, " "1, " "1, " "1, " "1, " "1, " "1, " "1, " "1, " "1, " "1, " "1, " "1, " "1, " "1, " "1, " "1, " "1, " "1, " "1, " "1, " "1, " "1, " "1, " "1, " "1, " "1, " "1, " "1, " "1, " "1, " "1, " "1, " "1, " "1, " "1, " "1, " "1, " "1, " "1, " "1, " "1, " "1, " "1, " "1, " "1, " "1, " "1, " "1, " "1, " "1, "0
 "Nei82, 0.337, " "-0.666, " "1, " "1, " "1, " "1, " "1, " "1, " "1, " "1, " "1, " "1, " "1, " "1, " "1, " "1, " "1, " "1, " "1, " "1, " "1, " "1, " "1, " "1, " "1, " "1, " "1, " "1, " "1, " "1, " "1, " "1, " "1, " "1, " "1, " "1, " "1, " "1, " "1, " "1, " "1, " "1, " "1, " "1, " "1, " "1, " "1, " "1, " "1, " "1, " "1, " "1, " "1, " "1, " "1, " "1, " "1, " "1, " "1, " "1, " "1, " "1, " "1, " "1, " "1, " "1, " "1, " "1, " "1, " "1, " "1, " "1, " "1, " "1, " "1, " "1, " "1, " "1, " "1, " "1, " "1, " "1, " "1, " "1, " "0, " "1, " "1, " "1, " "1, " "1, " "1, " "1, " "1, " "1, " "1, " "1, " "1, " "1, " "1, " "1, " "1, " "1, " "1, " "1, " "1, " "1, " "1, " "1, " "1, " "1, " "1, " "1, " "1, " "1, " "1, " "1, " "1, " "1, " "1, " "1, " "1, " "1, " "1, " "1, " "1, " "1, " "1, " "1, " "1, " "1, " "1, " "1, " "1, " "1, " "1, " "1, " "1, " "1, " "1, " "1, " "1, " "1, " "1, " "1, " "1, " "1, " "1, " "1, " "1, " "1, " "1, " "1, " "1, " "1, " "1, " "1, " "1, " "1, " "1, " "1, " "1, " "1, " "1, " "1, " "1, " "1, " "1, " "1, " "1, " "1, " "1, " "1, " "1, " "1, " "1, " "1, " "1, " "1, " "1, " "1, " "1, " "1, " "1, " "1, " "1, " "1, " "1, " "1, " "1, " "1, " "1, " "1, " "1, " "1, " "1, " "1, " "1, " "1, " "1, " "1, " "1, " "1, " "1, " "1, " "1, " "1, " "1, " "1, " "1, " "1, " "1, " "1, " "1, " "1, " "1, " "1, " "1, " "1, " "1, " "1, " "1, " "1, " "1, " "1, " "1, " "1, " "1, " "1, " "1, " "1, " "1, " "1, " "1, " "1, " "1, " "1, " "1, " "1, " "1, " "1, " "1, " "1, " "1, " "1, " "1, " "1, " "1, " "1, " "1, " "1, " "1, " "1, " "1, " "1, " "1, " "1, " "1, " "1, " "1, "0
 "Nei83, 0.224, " "-0.33, " "1, " "1, " "1, " "1, " "1, " "1, " "1, " "1, " "1, " "1, " "1, " "1, " "1, " "1, " "1, " "1, " "1, " "1, " "1, " "1, " "1, " "1, " "1, " "1, " "1, " "1, " "1, " "1, " "1, " "1, " "1, " "1, " "1, " "1, " "1, " "1, " "1, " "1, " "1, " "1, " "1, " "1, " "1, " "1, " "1, " "1, " "1, " "1, " "1, " "1, " "1, " "1, " "1, " "1, " "1, " "1, " "1, " "1, " "1, " "1, " "1, " "1, " "1, " "1, " "1, " "1, " "1, " "1, " "1, " "1, " "1, " "1, " "1, " "1, " "1, " "1, " "1, " "1, " "1, " "1, " "1, " "1, " "1, " "0, " "1, " "1, " "1, " "1, " "1, " "1, " "1, " "1, " "1, " "1, " "1, " "1, " "1, " "1, " "1, " "1, " "1, " "1, " "1, " "1, " "1, " "1, " "1, " "1, " "1, " "1, " "1, " "1, " "1, " "1, " "1, " "1, " "1, " "1, " "1, " "1, " "1, " "1, " "1, " "1, " "1, " "1, " "1, " "1, " "1, " "1, " "1, " "1, " "1, " "1, " "1, " "1, " "1, " "1, " "1, " "1, " "1, " "1, " "1, " "1, " "1, " "1, " "1, " "1, " "1, " "1, " "1, " "1, " "1, " "1, " "1, " "1, " "1, " "1, " "1, " "1, " "1, " "1, " "1, " "1, " "1, " "1, " "1, " "1, " "1, " "1, " "1, " "1, " "1, " "1, " "1, " "1, " "1, " "1, " "1, " "1, " "1, " "1, " "1, " "1, " "1, " "1, " "1, " "1, " "1, " "1, " "1, " "1, " "1, " "1, " "1, " "1, " "1, " "1, " "1, " "1, " "1, " "1, " "1, " "1, " "1, " "1, " "1, " "1, " "1, " "1, " "1, " "1, " "1, " "1, " "1, " "1, " "1, " "1, " "1, " "1, " "1, " "1, " "1, " "1, " "1, " "1, " "1, " "1, " "1, " "1, " "1, " "1, " "1, " "1, " "1, " "1, " "1, " "1, " "1, " "1, " "1, " "1, " "1, " "1, " "1, " "1, " "1, " "1, " "1, " "1, " "1, " "1, " "1, " "1, " "1, " "1, " "1, "0
 "Nei84, 0.128, " "0.329, " "1, " "1, " "1, " "1, " "1, " "1, " "1, " "1, " "1, " "1, " "1, " "1, " "1, " "1, " "1, " "1, " "1, " "1, " "1, " "1, " "1, " "1, " "1, " "1, " "1, " "1, " "1, " "1, " "1, " "1, " "1, " "1, " "1, " "1, " "1, " "1, " "1, " "1, " "1, " "1, " "1, " "1, " "1, " "1, " "1, " "1, " "1, " "1, " "1, " "1, " "1, " "1, " "1, " "1, " "1, " "1, " "1, " "1, " "1, " "1, " "1, " "1, " "1, " "1, " "1, " "1, " "1, " "1, " "1, " "1, " "1, " "1, " "1, " "1, " "1, " "1, " "1, " "1, " "1, " "1, " "1, " "1, " "1, " "1, " "0, " "1, " "1, " "1, " "1, " "1, " "1, " "1, " "1, " "1, " "1, " "1, " "1, " "1, " "1, " "1, " "1, " "1, " "1, " "1, " "1, " "1, " "1, " "1, " "1, " "1, " "1, " "1, " "1, " "1, " "1, " "1, " "1, " "1, " "1, " "1, " "1, " "1, " "1, " "1, " "1, " "1, " "1, " "1, " "1, " "1, " "1, " "1, " "1, " "1, " "1, " "1, " "1, " "1, " "1, " "1, " "1, " "1, " "1, " "1, " "1, " "1, " "1, " "1, " "1, " "1, " "1, " "1, " "1, " "1, " "1, " "1, " "1, " "1, " "1, " "1, " "1, " "1, " "1, " "1, " "1, " "1, " "1, " "1, " "1, " "1, " "1, " "1, " "1, " "1, " "1, " "1, " "1, " "1, " "1, " "1, " "1, " "1, " "1, " "1, " "1, " "1, " "1, " "1, " "1, " "1, " "1, " "1, " "1, " "1, " "1, " "1, " "1, " "1, " "1, " "1, " "1, " "1, " "1, " "1, " "1, " "1, " "1, " "1, " "1, " "1, " "1, " "1, " "1, " "1, " "1, " "1, " "1, " "1, " "1, " "1, " "1, " "1, " "1, " "1, " "1, " "1, " "1, " "1, " "1, " "1, " "1, " "1, " "1, " "1, " "1, " "1, " "1, " "1, " "1, " "1, " "1, " "1, " "1, " "1, " "1, " "1, " "1, " "1, " "1, " "1, " "1, " "1, " "1, " "1, " "1, " "1, " "1, "0
 "Nei85, 0.318, " "-0.687, " "1, " "1, " "1, " "1, " "1, " "1, " "1, " "1, " "1, " "1, " "1, " "1, " "1, " "1, " "1, " "1, " "1, " "1, " "1, " "1, " "1, " "1, " "1, " "1, " "1, " "1, " "1, " "1, " "1, " "1, " "1, " "1, " "1, " "1, " "1, " "1, " "1, " "1, " "1, " "1, " "1, " "1, " "1, " "1, " "1, " "1, " "1, " "1, " "1, " "1, " "1, " "1, " "1, " "1, " "1, " "1, " "1, " "1, " "1, " "1, " "1, " "1, " "1, " "1, " "1, " "1, " "1, " "1, " "1, " "1, " "1, " "1, " "1, " "1, " "1, " "1, " "1, " "1, " "1, " "1, " "1, " "1, " "1, " "1, " "1, " "0, " "1, " "1, " "1, " "1, " "1, " "1, " "1, " "1, " "1, " "1, " "1, " "1, " "1, " "1, " "1, " "1, " "1, " "1, " "1, " "1, " "1, " "1, " "1, " "1, " "1, " "1, " "1, " "1, " "1, " "1, " "1, " "1, " "1, " "1, " "1, " "1, " "1, " "1, " "1, " "1, " "1, " "1, " "1, " "1, " "1, " "1, " "1, " "1, " "1, " "1, " "1, " "1, " "1, " "1, " "1, " "1, " "1, " "1, " "1, " "1, " "1, " "1, " "1, " "1, " "1, " "1, " "1, " "1, " "1, " "1, " "1, " "1, " "1, " "1, " "1, " "1, " "1, " "1, " "1, " "1, " "1, " "1, " "1, " "1, " "1, " "1, " "1, " "1, " "1, " "1, " "1, " "1, " "1, " "1, " "1, " "1, " "1, " "1, " "1, " "1, " "1, " "1, " "1, " "1, " "1, " "1, " "1, " "1, " "1, " "1, " "1, " "1, " "1, " "1, " "1, " "1, " "1, " "1, " "1, " "1, " "1, " "1, " "1, " "1, " "1, " "1, " "1, " "1, " "1, " "1, " "1, " "1, " "1, " "1, " "1, " "1, " "1, " "1, " "1, " "1, " "1, " "1, " "1, " "1, " "1, " "1, " "1, " "1, " "1, " "1, " "1, " "1, " "1, " "1, " "1, " "1, " "1, " "1, " "1, " "1, " "1, " "1, " "1, " "1, " "1, " "1, " "1, " "1, " "1, " "1, " "1, "0
 "Nei86, 0.289, " "-0.691, " "1, " "1, " "1, " "1, " "1, " "1, " "1, " "1, " "1, " "1, " "1, " "1, " "1, " "1, " "1, " "1, " "1, " "1, " "1, " "1, " "1, " "1, " "1, " "1, " "1, " "1, " "1, " "1, " "1, " "1, " "1, " "1, " "1, " "1, " "1, " "1, " "1, " "1, " "1, " "1, " "1, " "1, " "1, " "1, " "1, " "1, " "1, " "1, " "1, " "1, " "1, " "1, " "1, " "1, " "1, " "1, " "1, " "1, " "1, " "1, " "1, " "1, " "1, " "1, " "1, " "1, " "1, " "1, " "1, " "1, " "1, " "1, " "1, " "1, " "1, " "1, " "1, " "1, " "1, " "1, " "1, " "1, " "1, " "1, " "1, " "1, " "0, " "1, " "1, " "1, " "1, " "1, " "1, " "1, " "1, " "1, " "1, " "1, " "1, " "1, " "1, " "1, " "1, " "1, " "1, " "1, " "1, " "1, " "1, " "1, " "1, " "1, " "1, " "1, " "1, " "1, " "1, " "1, " "1, " "1, " "1, " "1, " "1, " "1, " "1, " "1, " "1, " "1, " "1, " "1, " "1, " "1, " "1, " "1, " "1, " "1, " "1, " "1, " "1, " "1, " "1, " "1, " "1, " "1, " "1, " "1, " "1, " "1, " "1, " "1, " "1, " "1, " "1, " "1, " "1, " "1, " "1, " "1, " "1, " "1, " "1, " "1, " "1, " "1, " "1, " "1, " "1, " "1, " "1, " "1, " "1, " "1, " "1, " "1, " "1, " "1, " "1, " "1, " "1, " "1, " "1, " "1, " "1, " "1, " "1, " "1, " "1, " "1, " "1, " "1, " "1, " "1, " "1, " "1, " "1, " "1, " "1, " "1, " "1, " "1, " "1, " "1, " "1, " "1, " "1, " "1, " "1, " "1, " "1, " "1, " "1, " "1, " "1, " "1, " "1, " "1, " "1, " "1, " "1, " "1, " "1, " "1, " "1, " "1, " "1, " "1, " "1, " "1, " "1, " "1, " "1, " "1, " "1, " "1, " "1, " "1, " "1, " "1, " "1, " "1, " "1, " "1, " "1, " "1, " "1, " "1, " "1, " "1, " "1, " "1, " "1, " "1, " "1, " "1, " "1, " "1, " "1, "0
 "Nei87, 0.303, " "0.619, " "1, " "1, " "1, " "1, " "1, " "1, " "1, " "1, " "1, " "1, " "1, " "1, " "1, " "1, " "1, " "1, " "1, " "1, " "1, " "1, " "1, " "1, " "1, " "1, " "1, " "1, " "1, " "1, " "1, " "1, " "1, " "1, " "1, " "1, " "1, " "1, " "1, " "1, " "1, " "1, " "1, " "1, " "1, " "1, " "1, " "1, " "1, " "1, " "1, " "1, " "1, " "1, " "1, " "1, " "1, " "1, " "1, " "1, " "1, " "1, " "1, " "1, " "1, " "1, " "1, " "1, " "1, " "1, " "1, " "1, " "1, " "1, " "1, " "1, " "1, " "1, " "1, " "1, " "1, " "1, " "1, " "1, " "1, " "1, " "1, " "1, " "1, " "0, " "1, " "1, " "1, " "1, " "1, " "1, " "1, " "1, " "1, " "1, " "1, " "1, " "1, " "1, " "1, " "1, " "1, " "1, " "1, " "1, " "1, " "1, " "1, " "1, " "1, " "1, " "1, " "1, " "1, " "1, " "1, " "1, " "1, " "1, " "1, " "1, " "1, " "1, " "1, " "1, " "1, " "1, " "1, " "1, " "1, " "1, " "1, " "1, " "1, " "1, " "1, " "1, " "1, " "1, " "1, " "1, " "1, " "1, " "1, " "1, " "1, " "1, " "1, " "1, " "1, " "1, " "1, " "1, " "1, " "1, " "1, " "1, " "1, " "1, " "1, " "1, " "1, " "1, " "1, " "1, " "1, " "1, " "1, " "1, " "1, " "1, " "1, " "1, " "1, " "1, " "1, " "1, " "1, " "1, " "1, " "1, " "1, " "1, " "1, " "1, " "1, " "1, " "1, " "1, " "1, " "1, " "1, " "1, " "1, " "1, " "1, " "1, " "1, " "1, " "1, " "1, " "1, " "1, " "1, " "1, " "1, " "1, " "1, " "1, " "1, " "1, " "1, " "1, " "1, " "1, " "1, " "1, " "1, " "1, " "1, " "1, " "1, " "1, " "1, " "1, " "1, " "1, " "1, " "1, " "1, " "1, " "1, " "1, " "1, " "1, " "1, " "1, " "1, " "1, " "1, " "1, " "1, " "1, " "1, " "1, " "1, " "1, " "1, " "1, " "1, " "1, " "1, " "1, " "1, "0
 "Nei88, 0.396, " "-0.873, " "1, " "1, " "1, " "1, " "1, " "1, " "1, " "1, " "1, " "1, " "1, " "1, " "1, " "1, " "1, " "1, " "1, " "1, " "1, " "1, " "1, " "1, " "1, " "1, " "1, " "1, " "1, " "1, " "1, " "1, " "1, " "1, " "1, " "1, " "1, " "1, " "1, " "1, " "1, " "1, " "1, " "1, " "1, " "1, " "1, " "1, " "1, " "1, " "1, " "1, " "1, " "1, " "1, " "1, " "1, " "1, " "1, " "1, " "1, " "1, " "1, " "1, " "1, " "1, " "1, " "1, " "1, " "1, " "1, " "1, " "1, " "1, " "1, " "1, " "1, " "1, " "1, " "1, " "1, " "1, " "1, " "1, " "1, " "1, " "1, " "1, " "1, " "1, " "0, " "1, " "1, " "1, " "1, " "1, " "1, " "1, " "1, " "1, " "1, " "1, " "1, " "1, " "1, " "1, " "1, " "1, " "1, " "1, " "1, " "1, " "1, " "1, " "1, " "1, " "1, " "1, " "1, " "1, " "1, " "1, " "1, " "1, " "1, " "1, " "1, " "1, " "1, " "1, " "1, " "1, " "1, " "1, " "1, " "1, " "1, " "1, " "1, " "1, " "1, " "1, " "1, " "1, " "1, " "1, " "1, " "1, " "1, " "1, " "1, " "1, " "1, " "1, " "1, " "1, " "1, " "1, " "1, " "1, " "1, " "1, " "1, " "1, " "1, " "1, " "1, " "1, " "1, " "1, " "1, " "1, " "1, " "1, " "1, " "1, " "1, " "1, " "1, " "1, " "1, " "1, " "1, " "1, " "1, " "1, " "1, " "1, " "1, " "1, " "1, " "1, " "1, " "1, " "1, " "1, " "1, " "1, " "1, " "1, " "1, " "1, " "1, " "1, " "1, " "1, " "1, " "1, " "1, " "1, " "1, " "1, " "1, " "1, " "1, " "1, " "1, " "1, " "1, " "1, " "1, " "1, " "1, " "1, " "1, " "1, " "1, " "1, " "1, " "1, " "1, " "1, " "1, " "1, " "1, " "1, " "1, " "1, " "1, " "1, " "1, " "1, " "1, " "1, " "1, " "1, " "1, " "1, " "1, " "1, " "1, " "1, " "1, " "1, " "1, " "1, " "1, " "1, " "1, "0
 "Nei89, 0.069, " "-0.949, " "1, " "1, " "1, " "1, " "1, " "1, " "1, " "1, " "1, " "1, " "1, " "1, " "1, " "1, " "1, " "1, " "1, " "1, " "1, " "1, " "1, " "1, " "1, " "1, " "1, " "1, " "1, " "1, " "1, " "1, " "1, " "1, " "1, " "1, " "1, " "1, " "1, " "1, " "1, " "1, " "1, " "1, " "1, " "1, " "1, " "1, " "1, " "1, " "1, " "1, " "1, " "1, " "1, " "1, " "1, " "1, " "1, " "1, " "1, " "1, " "1, " "1, " "1, " "1, " "1, " "1, " "1, " "1, " "1, " "1, " "1, " "1, " "1, " "1, " "1, " "1, " "1, " "1, " "1, " "1, " "1, " "1, " "1, " "1, " "1, " "1, " "1, " "1, " "1, " "0, " "1, " "1, " "1, " "1, " "1, " "1, " "1, " "1, " "1, " "1, " "1, " "1, " "1, " "1, " "1, " "1, " "1, " "1, " "1, " "1, " "1, " "1, " "1, " "1, " "1, " "1, " "1, " "1, " "1, " "1, " "1, " "1, " "1, " "1, " "1, " "1, " "1, " "1, " "1, " "1, " "1, " "1, " "1, " "1, " "1, " "1, " "1, " "1, " "1, " "1, " "1, " "1, " "1, " "1, " "1, " "1, " "1, " "1, " "1, " "1, " "1, " "1, " "1, " "1, " "1, " "1, " "1, " "1, " "1, " "1, " "1, " "1, " "1, " "1, " "1, " "1, " "1, " "1, " "1, " "1, " "1, " "1, " "1, " "1, " "1, " "1, " "1, " "1, " "1, " "1, " "1, " "1, " "1, " "1, " "1, " "1, " "1, " "1, " "1, " "1, " "1, " "1, " "1, " "1, " "1, " "1, " "1, " "1, " "1, " "1, " "1, " "1, " "1, " "1, " "1, " "1, " "1, " "1, " "1, " "1, " "1, " "1, " "1, " "1, " "1, " "1, " "1, " "1, " "1, " "1, " "1, " "1, " "1, " "1, " "1, " "1, " "1, " "1, " "1, " "1, " "1, " "1, " "1, " "1, " "1, " "1, " "1, " "1, " "1, " "1, " "1, " "1, " "1, " "1, " "1, " "1, " "1, " "1, " "1, " "1, " "1, " "1, " "1, " "1, " "1, " "1, " "1, "0
 "Nei90, 0.124, " "-0.646, " "1, " "1, " "1, " "1, " "1, " "1, " "1, " "1, " "1, " "1, " "1, " "1, " "1, " "1, " "1, " "1, " "1, " "1, " "1, " "1, " "1, " "1, " "1, " "1, " "1, " "1, " "1, " "1, " "1, " "1, " "1, " "1, " "1, " "1, " "1, " "1, " "1, " "1, " "1, " "1, " "1, " "1, " "1, " "1, " "1, " "1, " "1, " "1, " "1, " "1, " "1, " "1, " "1, " "1, " "1, " "1, " "1, " "1, " "1, " "1, " "1, " "1, " "1, " "1, " "1, " "1, " "1, " "1, " "1, " "1, " "1, " "1, " "1, " "1, " "1, " "1, " "1, " "1, " "1, " "1, " "1, " "1, " "1, " "1, " "1, " "1, " "1, " "1, " "1, " "1, " "0, " "1, " "1, " "1, " "1, " "1, " "1, " "1, " "1, " "1, " "1, " "1, " "1, " "1, " "1, " "1, " "1, " "1, " "1, " "1, " "1, " "1, " "1, " "1, " "1, " "1, " "1, " "1, " "1, " "1, " "1, " "1, " "1, " "1, " "1, " "1, " "1, " "1, " "1, " "1, " "1, " "1, " "1, " "1, " "1, " "1, " "1, " "1, " "1, " "1, " "1, " "1, " "1, " "1, " "1, " "1, " "1, " "1, " "1, " "1, " "1, " "1, " "1, " "1, " "1, " "1, " "1, " "1, " "1, " "1, " "1, " "1, " "1, " "1, " "1, " "1, " "1, " "1, " "1, " "1, " "1, " "1, " "1, " "1, " "1, " "1, " "1, " "1, " "1, " "1, " "1, " "1, " "1, " "1, " "1, " "1, " "1, " "1, " "1, " "1, " "1, " "1, " "1, " "1, " "1, " "1, " "1, " "1, " "1, " "1, " "1, " "1, " "1, " "1, " "1, " "1, " "1, " "1, " "1, " "1, " "1, " "1, " "1, " "1, " "1, " "1, " "1, " "1, " "1, " "1, " "1, " "1, " "1, " "1, " "1, " "1, " "1, " "1, " "1, " "1, " "1, " "1, " "1, " "1, " "1, " "1, " "1, " "1, " "1, " "1, " "1, " "1, " "1, " "1, " "1, " "1, " "1, " "1, " "1, " "1, " "1, " "1, " "1, " "1, " "1, " "1, " "1, "0
 "Nei91, 0.22, " "-0.92, " "1, " "1, " "1, " "1, " "1, " "1, " "1, " "1, " "1, " "1, " "1, " "1, " "1, " "1, " "1, " "1, " "1, " "1, " "1, " "1, " "1, " "1, " "1, " "1, " "1, " "1, " "1, " "1, " "1, " "1, " "1, " "1, " "1, " "1, " "1, " "1, " "1, " "1, " "1, " "1, " "1, " "1, " "1, " "1, " "1, " "1, " "1, " "1, " "1, " "1, " "1, " "1, " "1, " "1, " "1, " "1, " "1, " "1, " "1, " "1, " "1, " "1, " "1, " "1, " "1, " "1, " "1, " "1, " "1, " "1, " "1, " "1, " "1, " "1, " "1, " "1, " "1, " "1, " "1, " "1, " "1, " "1, " "1, " "1, " "1, " "1, " "1, " "1, " "1, " "1, " "1, " "0, " "1, " "1, " "1, " "1, " "1, " "1, " "1, " "1, " "1, " "1, " "1, " "1, " "1, " "1, " "1, " "1, " "1, " "1, " "1, " "1, " "1, " "1, " "1, " "1, " "1, " "1, " "1, " "1, " "1, " "1, " "1, " "1, " "1, " "1, " "1, " "1, " "1, " "1, " "1, " "1, " "1, " "1, " "1, " "1, " "1, " "1, " "1, " "1, " "1, " "1, " "1, " "1, " "1, " "1, " "1, " "1, " "1, " "1, " "1, " "1, " "1, " "1, " "1, " "1, " "1, " "1, " "1, " "1, " "1, " "1, " "1, " "1, " "1, " "1, " "1, " "1, " "1, " "1, " "1, " "1, " "1, " "1, " "1, " "1, " "1, " "1, " "1, " "1, " "1, " "1, " "1, " "1, " "1, " "1, " "1, " "1, " "1, " "1, " "1, " "1, " "1, " "1, " "1, " "1, " "1, " "1, " "1, " "1, " "1, " "1, " "1, " "1, " "1, " "1, " "1, " "1, " "1, " "1, " "1, " "1, " "1, " "1, " "1, " "1, " "1, " "1, " "1, " "1, " "1, " "1, " "1, " "1, " "1, " "1, " "1, " "1, " "1, " "1, " "1, " "1, " "1, " "1, " "1, " "1, " "1, " "1, " "1, " "1, " "1, " "1, " "1, " "1, " "1, " "1, " "1, " "1, " "1, " "1, " "1, " "1, " "1, " "1, " "1, " "1, " "1, "0
 "Nei92, 0.354, " "-0.931, " "1, " "1, " "1, " "1, " "1, " "1, " "1, " "1, " "1, " "1, " "1, " "1, " "1, " "1, " "1, " "1, " "1, " "1, " "1, " "1, " "1, " "1, " "1, " "1, " "1, " "1, " "1, " "1, " "1, " "1, " "1, " "1, " "1, " "1, " "1, " "1, " "1, " "1, " "1, " "1, " "1, " "1, " "1, " "1, " "1, " "1, " "1, " "1, " "1, " "1, " "1, " "1, " "1, " "1, " "1, " "1, " "1, " "1, " "1, " "1, " "1, " "1, " "1, " "1, " "1, " "1, " "1, " "1, " "1, " "1, " "1, " "1, " "1, " "1, " "1, " "1, " "1, " "1, " "1, " "1, " "1, " "1, " "1, " "1, " "1, " "1, " "1, " "1, " "1, " "1, " "1, " "1, " "0, " "1, " "1, " "1, " "1, " "1, " "1, " "1, " "1, " "1, " "1, " "1, " "1, " "1, " "1, " "1, " "1, " "1, " "1, " "1, " "1, " "1, " "1, " "1, " "1, " "1, " "1, " "1, " "1, " "1, " "1, " "1, " "1, " "1, " "1, " "1, " "1, " "1, " "1, " "1, " "1, " "1, " "1, " "1, " "1, " "1, " "1, " "1, " "1, " "1, " "1, " "1, " "1, " "1, " "1, " "1, " "1, " "1, " "1, " "1, " "1, " "1, " "1, " "1, " "1, " "1, " "1, " "1, " "1, " "1, " "1, " "1, " "1, " "1, " "1, " "1, " "1, " "1, " "1, " "1, " "1, " "1, " "1, " "1, " "1, " "1, " "1, " "1, " "1, " "1, " "1, " "1, " "1, " "1, " "1, " "1, " "1, " "1, " "1, " "1, " "1, " "1, " "1, " "1, " "1, " "1, " "1, " "1, " "1, " "1, " "1, " "1, " "1, " "1, " "1, " "1, " "1, " "1, " "1, " "1, " "1, " "1, " "1, " "1, " "1, " "1, " "1, " "1, " "1, " "1, " "1, " "1, " "1, " "1, " "1, " "1, " "1, " "1, " "1, " "1, " "1, " "1, " "1, " "1, " "1, " "1, " "1, " "1, " "1, " "1, " "1, " "1, " "1, " "1, " "1, " "1, " "1, " "1, " "1, " "1, " "1, " "1, " "1, " "1, " "1, "0
 "Nei93, 0.066, " "-0.05, " "1, " "1, " "1, " "1, " "1, " "1, " "1, " "1, " "1, " "1, " "1, " "1, " "1, " "1, " "1, " "1, " "1, " "1, " "1, " "1, " "1, " "1, " "1, " "1, " "1, " "1, " "1, " "1, " "1, " "1, " "1, " "1, " "1, " "1, " "1, " "1, " "1, " "1, " "1, " "1, " "1, " "1, " "1, " "1, " "1, " "1, " "1, " "1, " "1, " "1, " "1, " "1, " "1, " "1, " "1, " "1, " "1, " "1, " "1, " "1, " "1, " "1, " "1, " "1, " "1, " "1, " "1, " "1, " "1, " "1, " "1, " "1, " "1, " "1, " "1, " "1, " "1, " "1, " "1, " "1, " "1, " "1, " "1, " "1, " "1, " "1, " "1, " "1, " "1, " "1, " "1, " "1, " "1, " "0, " "1, " "1, " "1, " "1, " "1, " "1, " "1, " "1, " "1, " "1, " "1, " "1, " "1, " "1, " "1, " "1, " "1, " "1, " "1, " "1, " "1, " "1, " "1, " "1, " "1, " "1, " "1, " "1, " "1, " "1, " "1, " "1, " "1, " "1, " "1, " "1, " "1, " "1, " "1, " "1, " "1, " "1, " "1, " "1, " "1, " "1, " "1, " "1, " "1, " "1, " "1, " "1, " "1, " "1, " "1, " "1, " "1, " "1, " "1, " "1, " "1, " "1, " "1, " "1, " "1, " "1, " "1, " "1, " "1, " "1, " "1, " "1, " "1, " "1, " "1, " "1, " "1, " "1, " "1, " "1, " "1, " "1, " "1, " "1, " "1, " "1, " "1, " "1, " "1, " "1, " "1, " "1, " "1, " "1, " "1, " "1, " "1, " "1, " "1, " "1, " "1, " "1, " "1, " "1, " "1, " "1, " "1, " "1, " "1, " "1, " "1, " "1, " "1, " "1, " "1, " "1, " "1, " "1, " "1, " "1, " "1, " "1, " "1, " "1, " "1, " "1, " "1, " "1, " "1, " "1, " "1, " "1, " "1, " "1, " "1, " "1, " "1, " "1, " "1, " "1, " "1, " "1, " "1, " "1, " "1, " "1, " "1, " "1, " "1, " "1, " "1, " "1, " "1, " "1, " "1, " "1, " "1, " "1, " "1, " "1, " "1, " "1, " "1, "0
 "Nei94, 0.166, " "0.874, " "1, " "1, " "1, " "1, " "1, " "1, " "1, " "1, " "1, " "1, " "1, " "1, " "1, " "1, " "1, " "1, " "1, " "1, " "1, " "1, " "1, " "1, " "1, " "1, " "1, " "1, " "1, " "1, " "1, " "1, " "1, " "1, " "1, " "1, " "1, " "1, " "1, " "1, " "1, " "1, " "1, " "1, " "1, " "1, " "1, " "1, " "1, " "1, " "1, " "1, " "1, " "1, " "1, " "1, " "1, " "1, " "1, " "1, " "1, " "1, " "1, " "1, " "1, " "1, " "1, " "1, " "1, " "1, " "1, " "1, " "1, " "1, " "1, " "1, " "1, " "1, " "1, " "1, " "1, " "1, " "1, " "1, " "1, " "1, " "1, " "1, " "1, " "1, " "1, " "1, " "1, " "1, " "1, " "1, " "0, " "1, " "1, " "1, " "1, " "1, " "1, " "1, " "1, " "1, " "1, " "1, " "1, " "1, " "1, " "1, " "1, " "1, " "1, " "1, " "1, " "1, " "1, " "1, " "1, " "1, " "1, " "1, " "1, " "1, " "1, " "1, " "1, " "1, " "1, " "1, " "1, " "1, " "1, " "1, " "1, " "1, " "1, " "1, " "1, " "1, " "1, " "1, " "1, " "1, " "1, " "1, " "1, " "1, " "1, " "1, " "1, " "1, " "1, " "1, " "1, " "1, " "1, " "1, " "1, " "1, " "1, " "1, " "1, " "1, " "1, " "1, " "1, " "1, " "1, " "1, " "1, " "1, " "1, " "1, " "1, " "1, " "1, " "1, " "1, " "1, " "1, " "1, " "1, " "1, " "1, " "1, " "1, " "1, " "1, " "1, " "1, " "1, " "1, " "1, " "1, " "1, " "1, " "1, " "1, " "1, " "1, " "1, " "1, " "1, " "1, " "1, " "1, " "1, " "1, " "1, " "1, " "1, " "1, " "1, " "1, " "1, " "1, " "1, " "1, " "1, " "1, " "1, " "1, " "1, " "1, " "1, " "1, " "1, " "1, " "1, " "1, " "1, " "1, " "1, " "1, " "1, " "1, " "1, " "1, " "1, " "1, " "1, " "1, " "1, " "1, " "1, " "1, " "1, " "1, " "1, " "1, " "1, " "1, " "1, " "1, " "1, " "1, "0
 "Nei95, 0.38, " "-0.71, " "1, " "1, " "1, " "1, " "1, " "1, " "1, " "1, " "1, " "1, " "1, " "1, " "1, " "1, " "1, " "1, " "1, " "1, " "1, " "1, " "1, " "1, " "1, " "1, " "1, " "1, " "1, " "1, " "1, " "1, " "1, " "1, " "1, " "1, " "1, " "1, " "1, " "1, " "1, " "1, " "1, " "1, " "1, " "1, " "1, " "1, " "1, " "1, " "1, " "1, " "1, " "1, " "1, " "1, " "1, " "1, " "1, " "1, " "1, " "1, " "1, " "1, " "1, " "1, " "1, " "1, " "1, " "1, " "1, " "1, " "1, " "1, " "1, " "1, " "1, " "1, " "1, " "1, " "1, " "1, " "1, " "1, " "1, " "1, " "1, " "1, " "1, " "1, " "1, " "1, " "1, " "1, " "1, " "1, " "1, " "0, " "1, " "1, " "1, " "1, " "1, " "1, " "1, " "1, " "1, " "1, " "1, " "1, " "1, " "1, " "1, " "1, " "1, " "1, " "1, " "1, " "1, " "1, " "1, " "1, " "1, " "1, " "1, " "1, " "1, " "1, " "1, " "1, " "1, " "1, " "1, " "1, " "1, " "1, " "1, " "1, " "1, " "1, " "1, " "1, " "1, " "1, " "1, " "1, " "1, " "1, " "1, " "1, " "1, " "1, " "1, " "1, " "1, " "1, " "1, " "1, " "1, " "1, " "1, " "1, " "1, " "1, " "1, " "1, " "1, " "1, " "1, " "1, " "1, " "1, " "1, " "1, " "1, " "1, " "1, " "1, " "1, " "1, " "1, " "1, " "1, " "1, " "1, " "1, " "1, " "1, " "1, " "1, " "1, " "1, " "1, " "1, " "1, " "1, " "1, " "1, " "1, " "1, " "1, " "1, " "1, " "1, " "1, " "1, " "1, " "1, " "1, " "1, " "1, " "1, " "1, " "1, " "1, " "1, " "1, " "1, " "1, " "1, " "1, " "1, " "1, " "1, " "1, " "1, " "1, " "1, " "1, " "1, " "1, " "1, " "1, " "1, " "1, " "1, " "1, " "1, " "1, " "1, " "1, " "1, " "1, " "1, " "1, " "1, " "1, " "1, " "1, " "1, " "1, " "1, " "1, " "1, " "1, " "1, " "1, " "1, " "1, "0
 "Nei96, 0.073, " "0.222, " "1, " "1, " "1, " "1, " "1, " "1, " "1, " "1, " "1, " "1, " "1, " "1, " "1, " "1, " "1, " "1, " "1, " "1, " "1, " "1, " "1, " "1, " "1, " "1, " "1, " "1, " "1, " "1, " "1, " "1, " "1, " "1, " "1, " "1, " "1, " "1, " "1, " "1, " "1, " "1, " "1, " "1, " "1, " "1, " "1, " "1, " "1, " "1, " "1, " "1, " "1, " "1, " "1, " "1, " "1, " "1, " "1, " "1, " "1, " "1, " "1, " "1, " "1, " "1, " "1, " "1, " "1, " "1, " "1, " "1, " "1, " "1, " "1, " "1, " "1, " "1, " "1, " "1, " "1, " "1, " "1, " "1, " "1, " "1, " "1, " "1, " "1, " "1, " "1, " "1, " "1, " "1, " "1, " "1, " "1, " "1, " "0, " "1, " "1, " "1, " "1, " "1, " "1, " "1, " "1, " "1, " "1, " "1, " "1, " "1, " "1, " "1, " "1, " "1, " "1, " "1, " "1, " "1, " "1, " "1, " "1, " "1, " "1, " "1, " "1, " "1, " "1, " "1, " "1, " "1, " "1, " "1, " "1, " "1, " "1, " "1, " "1, " "1, " "1, " "1, " "1, " "1, " "1, " "1, " "1, " "1, " "1, " "1, " "1, " "1, " "1, " "1, " "1, " "1, " "1, " "1, " "1, " "1, " "1, " "1, " "1, " "1, " "1, " "1, " "1, " "1, " "1, " "1, " "1, " "1, " "1, " "1, " "1, " "1, " "1, " "1, " "1, " "1, " "1, " "1, " "1, " "1, " "1, " "1, " "1, " "1, " "1, " "1, " "1, " "1, " "1, " "1, " "1, " "1, " "1, " "1, " "1, " "1, " "1, " "1, " "1, " "1, " "1, " "1, " "1, " "1, " "1, " "1, " "1, " "1, " "1, " "1, " "1, " "1, " "1, " "1, " "1, " "1, " "1, " "1, " "1, " "1, " "1, " "1, " "1, " "1, " "1, " "1, " "1, " "1, " "1, " "1, " "1, " "1, " "1, " "1, " "1, " "1, " "1, " "1, " "1, " "1, " "1, " "1, " "1, " "1, " "1, " "1, " "1, " "1, " "1, " "1, " "1, " "1, " "1, " "1, " "1, "0
 "Nei97, 0.393, " "0.614, " "1, " "1, " "1, " "1, " "1, " "1, " "1, " "1, " "1, " "1, " "1, " "1, " "1, " "1, " "1, " "1, " "1, " "1, " "1, " "1, " "1, " "1, " "1, " "1, " "1, " "1, " "1, " "1, " "1, " "1, " "1, " "1, " "1, " "1, " "1, " "1, " "1, " "1, " "1, " "1, " "1, " "1, " "1, " "1, " "1, " "1, " "1, " "1, " "1, " "1, " "1, " "1, " "1, " "1, " "1, " "1, " "1, " "1, " "1, " "1, " "1, " "1, " "1, " "1, " "1, " "1, " "1, " "1, " "1, " "1, " "1, " "1, " "1, " "1, " "1, " "1, " "1, " "1, " "1, " "1, " "1, " "1, " "1, " "1, " "1, " "1, " "1, " "1, " "1, " "1, " "1, " "1, " "1, " "1, " "1, " "1, " "1, " "0, " "1, " "1, " "1, " "1, " "1, " "1, " "1, " "1, " "1, " "1, " "1, " "1, " "1, " "1, " "1, " "1, " "1, " "1, " "1, " "1, " "1, " "1, " "1, " "1, " "1, " "1, " "1, " "1, " "1, " "1, " "1, " "1, " "1, " "1, " "1, " "1, " "1, " "1, " "1, " "1, " "1, " "1, " "1, " "1, " "1, " "1, " "1, " "1, " "1, " "1, " "1, " "1, " "1, " "1, " "1, " "1, " "1, " "1, " "1, " "1, " "1, " "1, " "1, " "1, " "1, " "1, " "1, " "1, " "1, " "1, " "1, " "1, " "1, " "1, " "1, " "1, " "1, " "1, " "1, " "1, " "1, " "1, " "1, " "1, " "1, " "1, " "1, " "1, " "1, " "1, " "1, " "1, " "1, " "1, " "1, " "1, " "1, " "1, " "1, " "1, " "1, " "1, " "1, " "1, " "1, " "1, " "1, " "1, " "1, " "1, " "1, " "1, " "1, " "1, " "1, " "1, " "1, " "1, " "1, " "1, " "1, " "1, " "1, " "1, " "1, " "1, " "1, " "1, " "1, " "1, " "1, " "1, " "1, " "1, " "1, " "1, " "1, " "1, " "1, " "1, " "1, " "1, " "1, " "1, " "1, " "1, " "1, " "1, " "1, " "1, " "1, " "1, " "1, " "1, " "1, " "1, " "1, " "1, " "1, "0
 "Nei98, 0.096, " "0.868, " "1, " "1, " "1, " "1, " "1, " "1, " "1, " "1, " "1, " "1, " "1, " "1, " "1, " "1, " "1, " "1, " "1, " "1, " "1, " "1, " "1, " "1, " "1, " "1, " "1, " "1, " "1, " "1, " "1, " "1, " "1, " "1, " "1, " "1, " "1, " "1, " "1, " "1, " "1, " "1, " "1, " "1, " "1, " "1, " "1, " "1, " "1, " "1, " "1, " "1, " "1, " "1, " "1, " "1, " "1, " "1, " "1, " "1, " "1, " "1, " "1, " "1, " "1, " "1, " "1, " "1, " "1, " "1, " "1, " "1, " "1, " "1, " "1, " "1, " "1, " "1, " "1, " "1, " "1, " "1, " "1, " "1, " "1, " "1, " "1, " "1, " "1, " "1, " "1, " "1, " "1, " "1, " "1, " "1, " "1, " "1, " "1, " "1, " "0, " "1, " "1, " "1, " "1, " "1, " "1, " "1, " "1, " "1, " "1, " "1, " "1, " "1, " "1, " "1, " "1, " "1, " "1, " "1, " "1, " "1, " "1, " "1, " "1, " "1, " "1, " "1, " "1, " "1, " "1, " "1, " "1, " "1, " "1, " "1, " "1, " "1, " "1, " "1, " "1, " "1, " "1, " "1, " "1, " "1, " "1, " "1, " "1, " "1, " "1, " "1, " "1, " "1, " "1, " "1, " "1, " "1, " "1, " "1, " "1, " "1, " "1, " "1, " "1, " "1, " "1, " "1, " "1, " "1, " "1, " "1, " "1, " "1, " "1, " "1, " "1, " "1, " "1, " "1, " "1, " "1, " "1, " "1, " "1, " "1, " "1, " "1, " "1, " "1, " "1, " "1, " "1, " "1, " "1, " "1, " "1, " "1, " "1, " "1, " "1, " "1, " "1, " "1, " "1, " "1, " "1, " "1, " "1, " "1, " "1, " "1, " "1, " "1, " "1, " "1, " "1, " "1, " "1, " "1, " "1, " "1, " "1, " "1, " "1, " "1, " "1, " "1, " "1, " "1, " "1, " "1, " "1, " "1, " "1, " "1, " "1, " "1, " "1, " "1, " "1, " "1, " "1, " "1, " "1, " "1, " "1, " "1, " "1, " "1, " "1, " "1, " "1, " "1, " "1, " "1, " "1, " "1, " "1, "0
 "Nei99, 0.202, " "-0.799, " "1, " "1, " "1, " "1, " "1, " "1, " "1, " "1, " "1, " "1, " "1, " "1, " "1, " "1, " "1, " "1, " "1, " "1, " "1, " "1, " "1, " "1, " "1, " "1, " "1, " "1, " "1, " "1, " "1, " "1, " "1, " "1, " "1, " "1, " "1, " "1, " "1, " "1, " "1, " "1, " "1, " "1, " "1, " "1, " "1, " "1, " "1, " "1, " "1, " "1, " "1, " "1, " "1, " "1, " "1, " "1, " "1, " "1, " "1, " "1, " "1, " "1, " "1, " "1, " "1, " "1, " "1, " "1, " "1, " "1, " "1, " "1, " "1, " "1, " "1, " "1, " "1, " "1, " "1, " "1, " "1, " "1, " "1, " "1, " "1, " "1, " "1, " "1, " "1, " "1, " "1, " "1, " "1, " "1, " "1, " "1, " "1, " "1, " "1, " "0, " "1, " "1, " "1, " "1, " "1, " "1, " "1, " "1, " "1, " "1, " "1, " "1, " "1, " "1, " "1, " "1, " "1, " "1, " "1, " "1, " "1, " "1, " "1, " "1, " "1, " "1, " "1, " "1, " "1, " "1, " "1, " "1, " "1, " "1, " "1, " "1, " "1, " "1, " "1, " "1, " "1, " "1, " "1, " "1, " "1, " "1, " "1, " "1, " "1, " "1, " "1, " "1, " "1, " "1, " "1, " "1, " "1, " "1, " "1, " "1, " "1, " "1, " "1, " "1, " "1, " "1, " "1, " "1, " "1, " "1, " "1, " "1, " "1, " "1, " "1, " "1, " "1, " "1, " "1, " "1, " "1, " "1, " "1, " "1, " "1, " "1, " "1, " "1, " "1, " "1, " "1, " "1, " "1, " "1, " "1, " "1, " "1, " "1, " "1, " "1, " "1, " "1, " "1, " "1, " "1, " "1, " "1, " "1, " "1, " "1, " "1, " "1, " "1, " "1, " "1, " "1, " "1, " "1, " "1, " "1, " "1, " "1, " "1, " "1, " "1, " "1, " "1, " "1, " "1, " "1, " "1, " "1, " "1, " "1, " "1, " "1, " "1, " "1, " "1, " "1, " "1, " "1, " "1, " "1, " "1, " "1, " "1, " "1, " "1, " "1, " "1, " "1, " "1, " "1, " "1, " "1, " "1, "0
 "Nei100, 0.025, " "-0.976, " "1, " "1, " "1, " "1, " "1, " "1, " "1, " "1, " "1, " "1, " "1, " "1, " "1, " "1, " "1, " "1, " "1, " "1, " "1, " "1, " "1, " "1, " "1, " "1, " "1, " "1, " "1, " "1, " "1, " "1, " "1, " "1, " "1, " "1, " "1, " "1, " "1, " "1, " "1, " "1, " "1, " "1, " "1, " "1, " "1, " "1, " "1, " "1, " "1, " "1, " "1, " "1, " "1, " "1, " "1, " "1, " "1, " "1, " "1, " "1, " "1, " "1, " "1, " "1, " "1, " "1, " "1, " "1, " "1, " "1, " "1, " "1, " "1, " "1, " "1, " "1, " "1, " "1, " "1, " "1, " "1, " "1, " "1, " "1, " "1, " "1, " "1, " "1, " "1, " "1, " "1, " "1, " "1, " "1, " "1, " "1, " "1, " "1, " "1, " "1, " "0, " "1, " "1, " "1, " "1, " "1, " "1, " "1, " "1, " "1, " "1, " "1, " "1, " "1, " "1, " "1, " "1, " "1, " "1, " "1, " "1, " "1, " "1, " "1, " "1, " "1, " "1, " "1, " "1, " "1, " "1, " "1, " "1, " "1, " "1, " "1, " "1, " "1, " "1, " "1, " "1, " "1, " "1, " "1, " "1, " "1, " "1, " "1, " "1, " "1, " "1, " "1, " "1, " "1, " "1, " "1, " "1, " "1, " "1, " "1, " "1, " "1, " "1, " "1, " "1, " "1, " "1, " "1, " "1, " "1, " "1, " "1, " "1, " "1, " "1, " "1, " "1, " "1, " "1, " "1, " "1, " "1, " "1, " "1, " "1, " "1, " "1, " "1, " "1, " "1, " "1, " "1, " "1, " "1, " "1, " "1, " "1, " "1, " "1, " "1, " "1, " "1, " "1, " "1, " "1, " "1, " "1, " "1, " "1, " "1, " "1, " "1, " "1, " "1, " "1, " "1, " "1, " "1, " "1, " "1, " "1, " "1, " "1, " "1, " "1, " "1, " "1, " "1, " "1, " "1, " "1, " "1, " "1, " "1, " "1, " "1, " "1, " "1, " "1, " "1, " "1, " "1, " "1, " "1, " "1, " "1, " "1, " "1, " "1, " "1, " "1, " "1, " "1, " "1, " "1, " "1, " "1, "0
 "Nei101, 0.182, " "-0.381, " "1, " "1, " "1, " "1, " "1, " "1, " "1, " "1, " "1, " "1, " "1, " "1, " "1, " "1, " "1, " "1, " "1, " "1, " "1, " "1, " "1, " "1, " "1, " "1, " "1, " "1, " "1, " "1, " "1, " "1, " "1, " "1, " "1, " "1, " "1, " "1, " "1, " "1, " "1, " "1, " "1, " "1, " "1, " "1, " "1, " "1, " "1, " "1, " "1, " "1, " "1, " "1, " "1, " "1, " "1, " "1, " "1, " "1, " "1, " "1, " "1, " "1, " "1, " "1, " "1, " "1, " "1, " "1, " "1, " "1, " "1, " "1, " "1, " "1, " "1, " "1, " "1, " "1, " "1, " "1, " "1, " "1, " "1, " "1, " "1, " "1, " "1, " "1, " "1, " "1, " "1, " "1, " "1, " "1, " "1, " "1, " "1, " "1, " "1, " "1, " "1, " "0, " "1, " "1, " "1, " "1, " "1, " "1, " "1, " "1, " "1, " "1, " "1, " "1, " "1, " "1, " "1, " "1, " "1, " "1, " "1, " "1, " "1, " "1, " "1, " "1, " "1, " "1, " "1, " "1, " "1, " "1, " "1, " "1, " "1, " "1, " "1, " "1, " "1, " "1, " "1, " "1, " "1, " "1, " "1, " "1, " "1, " "1, " "1, " "1, " "1, " "1, " "1, " "1, " "1, " "1, " "1, " "1, " "1, " "1, " "1, " "1, " "1, " "1, " "1, " "1, " "1, " "1, " "1, " "1, " "1, " "1, " "1, " "1, " "1, " "1, " "1, " "1, " "1, " "1, " "1, " "1, " "1, " "1, " "1, " "1, " "1, " "1, " "1, " "1, " "1, " "1, " "1, " "1, " "1, " "1, " "1, " "1, " "1, " "1, " "1, " "1, " "1, " "1, " "1, " "1, " "1, " "1, " "1, " "1, " "1, " "1, " "1, " "1, " "1, " "1, " "1, " "1, " "1, " "1, " "1, " "1, " "1, " "1, " "1, " "1, " "1, " "1, " "1, " "1, " "1, " "1, " "1, " "1, " "1, " "1, " "1, " "1, " "1, " "1, " "1, " "1, " "1, " "1, " "1, " "1, " "1, " "1, " "1, " "1, " "1, " "1, " "1, " "1, " "1, " "1, " "1, "0
 "Nei102, 0.218, " "-0.478, " "1, " "1, " "1, " "1, " "1, " "1, " "1, " "1, " "1, " "1, " "1, " "1, " "1, " "1, " "1, " "1, " "1, " "1, " "1, " "1, " "1, " "1, " "1, " "1, " "1, " "1, " "1, " "1, " "1, " "1, " "1, " "1, " "1, " "1, " "1, " "1, " "1, " "1, " "1, " "1, " "1, " "1, " "1, " "1, " "1, " "1, " "1, " "1, " "1, " "1, " "1, " "1, " "1, " "1, " "1, " "1, " "1, " "1, " "1, " "1, " "1, " "1, " "1, " "1, " "1, " "1, " "1, " "1, " "1, " "1, " "1, " "1, " "1, " "1, " "1, " "1, " "1, " "1, " "1, " "1, " "1, " "1, " "1, " "1, " "1, " "1, " "1, " "1, " "1, " "1, " "1, " "1, " "1, " "1, " "1, " "1, " "1, " "1, " "1, " "1, " "1, " "1, " "0, " "1, " "1, " "1, " "1, " "1, " "1, " "1, " "1, " "1, " "1, " "1, " "1, " "1, " "1, " "1, " "1, " "1, " "1, " "1, " "1, " "1, " "1, " "1, " "1, " "1, " "1, " "1, " "1, " "1, " "1, " "1, " "1, " "1, " "1, " "1, " "1, " "1, " "1, " "1, " "1, " "1, " "1, " "1, " "1, " "1, " "1, " "1, " "1, " "1, " "1, " "1, " "1, " "1, " "1, " "1, " "1, " "1, " "1, " "1, " "1, " "1, " "1, " "1, " "1, " "1, " "1, " "1, " "1, " "1, " "1, " "1, " "1, " "1, " "1, " "1, " "1, " "1, " "1, " "1, " "1, " "1, " "1, " "1, " "1, " "1, " "1, " "1, " "1, " "1, " "1, " "1, " "1, " "1, " "1, " "1, " "1, " "1, " "1, " "1, " "1, " "1, " "1, " "1, " "1, " "1, " "1, " "1, " "1, " "1, " "1, " "1, " "1, " "1, " "1, " "1, " "1, " "1, " "1, " "1, " "1, " "1, " "1, " "1, " "1, " "1, " "1, " "1, " "1, " "1, " "1, " "1, " "1, " "1, " "1, " "1, " "1, " "1, " "1, " "1, " "1, " "1, " "1, " "1, " "1, " "1, " "1, " "1, " "1, " "1, " "1, " "1, " "1, " "1, " "1, "0
 "Nei103, 0.165, " "-0.843, " "1, " "1, " "1, " "1, " "1, " "1, " "1, " "1, " "1, " "1, " "1, " "1, " "1, " "1, " "1, " "1, " "1, " "1, " "1, " "1, " "1, " "1, " "1, " "1, " "1, " "1, " "1, " "1, " "1, " "1, " "1, " "1, " "1, " "1, " "1, " "1, " "1, " "1, " "1, " "1, " "1, " "1, " "1, " "1, " "1, " "1, " "1, " "1, " "1, " "1, " "1, " "1, " "1, " "1, " "1, " "1, " "1, " "1, " "1, " "1, " "1, " "1, " "1, " "1, " "1, " "1, " "1, " "1, " "1, " "1, " "1, " "1, " "1, " "1, " "1, " "1, " "1, " "1, " "1, " "1, " "1, " "1, " "1, " "1, " "1, " "1, " "1, " "1, " "1, " "1, " "1, " "1, " "1, " "1, " "1, " "1, " "1, " "1, " "1, " "1, " "1, " "1, " "1, " "0, " "1, " "1, " "1, " "1, " "1, " "1, " "1, " "1, " "1, " "1, " "1, " "1, " "1, " "1, " "1, " "1, " "1, " "1, " "1, " "1, " "1, " "1, " "1, " "1, " "1, " "1, " "1, " "1, " "1, " "1, " "1, " "1, " "1, " "1, " "1, " "1, " "1, " "1, " "1, " "1, " "1, " "1, " "1, " "1, " "1, " "1, " "1, " "1, " "1, " "1, " "1, " "1, " "1, " "1, " "1, " "1, " "1, " "1, " "1, " "1, " "1, " "1, " "1, " "1, " "1, " "1, " "1, " "1, " "1, " "1, " "1, " "1, " "1, " "1, " "1, " "1, " "1, " "1, " "1, " "1, " "1, " "1, " "1, " "1, " "1, " "1, " "1, " "1, " "1, " "1, " "1, " "1, " "1, " "1, " "1, " "1, " "1, " "1, " "1, " "1, " "1, " "1, " "1, " "1, " "1, " "1, " "1, " "1, " "1, " "1, " "1, " "1, " "1, " "1, " "1, " "1, " "1, " "1, " "1, " "1, " "1, " "1, " "1, " "1, " "1, " "1, " "1, " "1, " "1, " "1, " "1, " "1, " "1, " "1, " "1, " "1, " "1, " "1, " "1, " "1, " "1, " "1, " "1, " "1, " "1, " "1, " "1, " "1, " "1, " "1, " "1, " "1, " "1, "0
 "Nei104, 0.372, " "-0.537, " "1, " "1, " "1, " "1, " "1, " "1, " "1, " "1, " "1, " "1, " "1, " "1, " "1, " "1, " "1, " "1, " "1, " "1, " "1, " "1, " "1, " "1, " "1, " "1, " "1, " "1, " "1, " "1, " "1, " "1, " "1, " "1, " "1, " "1, " "1, " "1, " "1, " "1, " "1, " "1, " "1, " "1, " "1, " "1, " "1, " "1, " "1, " "1, " "1, " "1, " "1, " "1, " "1, " "1, " "1, " "1, " "1, " "1, " "1, " "1, " "1, " "1, " "1, " "1, " "1, " "1, " "1, " "1, " "1, " "1, " "1, " "1, " "1, " "1, " "1, " "1, " "1, " "1, " "1, " "1, " "1, " "1, " "1, " "1, " "1, " "1, " "1, " "1, " "1, " "1, " "1, " "1, " "1, " "1, " "1, " "1, " "1, " "1, " "1, " "1, " "1, " "1, " "1, " "1, " "0, " "1, " "1, " "1, " "1, " "1, " "1, " "1, " "1, " "1, " "1, " "1, " "1, " "1, " "1, " "1, " "1, " "1, " "1, " "1, " "1, " "1, " "1, " "1, " "1, " "1, " "1, " "1, " "1, " "1, " "1, " "1, " "1, " "1, " "1, " "1, " "1, " "1, " "1, " "1, " "1, " "1, " "1, " "1, " "1, " "1, " "1, " "1, " "1, " "1, " "1, " "1, " "1, " "1, " "1, " "1, " "1, " "1, " "1, " "1, " "1, " "1, " "1, " "1, " "1, " "1, " "1, " "1, " "1, " "1, " "1, " "1, " "1, " "1, " "1, " "1, " "1, " "1, " "1, " "1, " "1, " "1, " "1, " "1, " "1, " "1, " "1, " "1, " "1, " "1, " "1, " "1, " "1, " "1, " "1, " "1, " "1, " "1, " "1, " "1, " "1, " "1, " "1, " "1, " "1, " "1, " "1, " "1, " "1, " "1, " "1, " "1, " "1, " "1, " "1, " "1, " "1, " "1, " "1, " "1, " "1, " "1, " "1, " "1, " "1, " "1, " "1, " "1, " "1, " "1, " "1, " "1, " "1, " "1, " "1, " "1, " "1, " "1, " "1, " "1, " "1, " "1, " "1, " "1, " "1, " "1, " "1, " "1, " "1, " "1, " "1, " "1, " "1, "0
 "Nei105, 0.208, " "-0.3, " "1, " "1, " "1, " "1, " "1, " "1, " "1, " "1, " "1, " "1, " "1, " "1, " "1, " "1, " "1, " "1, " "1, " "1, " "1, " "1, " "1, " "1, " "1, " "1, " "1, " "1, " "1, " "1, " "1, " "1, " "1, " "1, " "1, " "1, " "1, " "1, " "1, " "1, " "1, " "1, " "1, " "1, " "1, " "1, " "1, " "1, " "1, " "1, " "1, " "1, " "1, " "1, " "1, " "1, " "1, " "1, " "1, " "1, " "1, " "1, " "1, " "1, " "1, " "1, " "1, " "1, " "1, " "1, " "1, " "1, " "1, " "1, " "1, " "1, " "1, " "1, " "1, " "1, " "1, " "1, " "1, " "1, " "1, " "1, " "1, " "1, " "1, " "1, " "1, " "1, " "1, " "1, " "1, " "1, " "1, " "1, " "1, " "1, " "1, " "1, " "1, " "1, " "1, " "1, " "1, " "0, " "1, " "1, " "1, " "1, " "1, " "1, " "1, " "1, " "1, " "1, " "1, " "1, " "1, " "1, " "1, " "1, " "1, " "1, " "1, " "1, " "1, " "1, " "1, " "1, " "1, " "1, " "1, " "1, " "1, " "1, " "1, " "1, " "1, " "1, " "1, " "1, " "1, " "1, " "1, " "1, " "1, " "1, " "1, " "1, " "1, " "1, " "1, " "1, " "1, " "1, " "1, " "1, " "1, " "1, " "1, " "1, " "1, " "1, " "1, " "1, " "1, " "1, " "1, " "1, " "1, " "1, " "1, " "1, " "1, " "1, " "1, " "1, " "1, " "1, " "1, " "1, " "1, " "1, " "1, " "1, " "1, " "1, " "1, " "1, " "1, " "1, " "1, " "1, " "1, " "1, " "1, " "1, " "1, " "1, " "1, " "1, " "1, " "1, " "1, " "1, " "1, " "1, " "1, " "1, " "1, " "1, " "1, " "1, " "1, " "1, " "1, " "1, " "1, " "1, " "1, " "1, " "1, " "1, " "1, " "1, " "1, " "1, " "1, " "1, " "1, " "1, " "1, " "1, " "1, " "1, " "1, " "1, " "1, " "1, " "1, " "1, " "1, " "1, " "1, " "1, " "1, " "1, " "1, " "1, " "1, " "1, " "1, " "1, " "1, " "1, " "1, "0
 "Nei106, 0.282, " "-0.078, " "1, " "1, " "1, " "1, " "1, " "1, " "1, " "1, " "1, " "1, " "1, " "1, " "1, " "1, " "1, " "1, " "1, " "1, " "1, " "1, " "1, " "1, " "1, " "1, " "1, " "1, " "1, " "1, " "1, " "1, " "1, " "1, " "1, " "1, " "1, " "1, " "1, " "1, " "1, " "1, " "1, " "1, " "1, " "1, " "1, " "1, " "1, " "1, " "1, " "1, " "1, " "1, " "1, " "1, " "1, " "1, " "1, " "1, " "1, " "1, " "1, " "1, " "1, " "1, " "1, " "1, " "1, " "1, " "1, " "1, " "1, " "1, " "1, " "1, " "1, " "1, " "1, " "1, " "1, " "1, " "1, " "1, " "1, " "1, " "1, " "1, " "1, " "1, " "1, " "1, " "1, " "1, " "1, " "1, " "1, " "1, " "1, " "1, " "1, " "1, " "1, " "1, " "1, " "1, " "1, " "1, " "0, " "1, " "1, " "1, " "1, " "1, " "1, " "1, " "1, " "1, " "1, " "1, " "1, " "1, " "1, " "1, " "1, " "1, " "1, " "1, " "1, " "1, " "1, " "1, " "1, " "1, " "1, " "1, " "1, " "1, " "1, " "1, " "1, " "1, " "1, " "1, " "1, " "1, " "1, " "1, " "1, " "1, " "1, " "1, " "1, " "1, " "1, " "1, " "1, " "1, " "1, " "1, " "1, " "1, " "1, " "1, " "1, " "1, " "1, " "1, " "1, " "1, " "1, " "1, " "1, " "1, " "1, " "1, " "1, " "1, " "1, " "1, " "1, " "1, " "1, " "1, " "1, " "1, " "1, " "1, " "1, " "1, " "1, " "1, " "1, " "1, " "1, " "1, " "1, " "1, " "1, " "1, " "1, " "1, " "1, " "1, " "1, " "1, " "1, " "1, " "1, " "1, " "1, " "1, " "1, " "1, " "1, " "1, " "1, " "1, " "1, " "1, " "1, " "1, " "1, " "1, " "1, " "1, " "1, " "1, " "1, " "1, " "1, " "1, " "1, " "1, " "1, " "1, " "1, " "1, " "1, " "1, " "1, " "1, " "1, " "1, " "1, " "1, " "1, " "1, " "1, " "1, " "1, " "1, " "1, " "1, " "1, " "1, " "1, " "1, " "1, "0
 "Nei107, 0.099, " "-0.308, " "1, " "1, " "1, " "1, " "1, " "1, " "1, " "1, " "1, " "1, " "1, " "1, " "1, " "1, " "1, " "1, " "1, " "1, " "1, " "1, " "1, " "1, " "1, " "1, " "1, " "1, " "1, " "1, " "1, " "1, " "1, " "1, " "1, " "1, " "1, " "1, " "1, " "1, " "1, " "1, " "1, " "1, " "1, " "1, " "1, " "1, " "1, " "1, " "1, " "1, " "1, " "1, " "1, " "1, " "1, " "1, " "1, " "1, " "1, " "1, " "1, " "1, " "1, " "1, " "1, " "1, " "1, " "1, " "1, " "1, " "1, " "1, " "1, " "1, " "1, " "1, " "1, " "1, " "1, " "1, " "1, " "1, " "1, " "1, " "1, " "1, " "1, " "1, " "1, " "1, " "1, " "1, " "1, " "1, " "1, " "1, " "1, " "1, " "1, " "1, " "1, " "1, " "1, " "1, " "1, " "1, " "1, " "0, " "1, " "1, " "1, " "1, " "1, " "1, " "1, " "1, " "1, " "1, " "1, " "1, " "1, " "1, " "1, " "1, " "1, " "1, " "1, " "1, " "1, " "1, " "1, " "1, " "1, " "1, " "1, " "1, " "1, " "1, " "1, " "1, " "1, " "1, " "1, " "1, " "1, " "1, " "1, " "1, " "1, " "1, " "1, " "1, " "1, " "1, " "1, " "1, " "1, " "1, " "1, " "1, " "1, " "1, " "1, " "1, " "1, " "1, " "1, " "1, " "1, " "1, " "1, " "1, " "1, " "1, " "1, " "1, " "1, " "1, " "1, " "1, " "1, " "1, " "1, " "1, " "1, " "1, " "1, " "1, " "1, " "1, " "1, " "1, " "1, " "1, " "1, " "1, " "1, " "1, " "1, " "1, " "1, " "1, " "1, " "1, " "1, " "1, " "1, " "1, " "1, " "1, " "1, " "1, " "1, " "1, " "1, " "1, " "1, " "1, " "1, " "1, " "1, " "1, " "1, " "1, " "1, " "1, " "1, " "1, " "1, " "1, " "1, " "1, " "1, " "1, " "1, " "1, " "1, " "1, " "1, " "1, " "1, " "1, " "1, " "1, " "1, " "1, " "1, " "1, " "1, " "1, " "1, " "1, " "1, " "1, " "1, " "1, " "1, "0
 "Nei108, 0.252, " "0.526, " "1, " "1, " "1, " "1, " "1, " "1, " "1, " "1, " "1, " "1, " "1, " "1, " "1, " "1, " "1, " "1, " "1, " "1, " "1, " "1, " "1, " "1, " "1, " "1, " "1, " "1, " "1, " "1, " "1, " "1, " "1, " "1, " "1, " "1, " "1, " "1, " "1, " "1, " "1, " "1, " "1, " "1, " "1, " "1, " "1, " "1, " "1, " "1, " "1, " "1, " "1, " "1, " "1, " "1, " "1, " "1, " "1, " "1, " "1, " "1, " "1, " "1, " "1, " "1, " "1, " "1, " "1, " "1, " "1, " "1, " "1, " "1, " "1, " "1, " "1, " "1, " "1, " "1, " "1, " "1, " "1, " "1, " "1, " "1, " "1, " "1, " "1, " "1, " "1, " "1, " "1, " "1, " "1, " "1, " "1, " "1, " "1, " "1, " "1, " "1, " "1, " "1, " "1, " "1, " "1, " "1, " "1, " "1, " "0, " "1, " "1, " "1, " "1, " "1, " "1, " "1, " "1, " "1, " "1, " "1, " "1, " "1, " "1, " "1, " "1, " "1, " "1, " "1, " "1, " "1, " "1, " "1, " "1, " "1, " "1, " "1, " "1, " "1, " "1, " "1, " "1, " "1, " "1, " "1, " "1, " "1, " "1, " "1, " "1, " "1, " "1, " "1, " "1, " "1, " "1, " "1, " "1, " "1, " "1, " "1, " "1, " "1, " "1, " "1, " "1, " "1, " "1, " "1, " "1, " "1, " "1, " "1, " "1, " "1, " "1, " "1, " "1, " "1, " "1, " "1, " "1, " "1, " "1, " "1, " "1, " "1, " "1, " "1, " "1, " "1, " "1, " "1, " "1, " "1, " "1, " "1, " "1, " "1, " "1, " "1, " "1, " "1, " "1, " "1, " "1, " "1, " "1, " "1, " "1, " "1, " "1, " "1, " "1, " "1, " "1, " "1, " "1, " "1, " "1, " "1, " "1, " "1, " "1, " "1, " "1, " "1, " "1, " "1, " "1, " "1, " "1, " "1, " "1, " "1, " "1, " "1, " "1, " "1, " "1, " "1, " "1, " "1, " "1, " "1, " "1, " "1, " "1, " "1, " "1, " "1, " "1, " "1, " "1, " "1, " "1, " "1, " "1, "0
 "Nei109, 0.363, " "0.032, " "1, " "1, " "1, " "1, " "1, " "1, " "1, " "1, " "1, " "1, " "1, " "1, " "1, " "1, " "1, " "1, " "1, " "1, " "1, " "1, " "1, " "1, " "1, " "1, " "1, " "1, " "1, " "1, " "1, " "1, " "1, " "1, " "1, " "1, " "1, " "1, " "1, " "1, " "1, " "1, " "1, " "1, " "1, " "1, " "1, " "1, " "1, " "1, " "1, " "1, " "1, " "1, " "1, " "1, " "1, " "1, " "1, " "1, " "1, " "1, " "1, " "1, " "1, " "1, " "1, " "1, " "1, " "1, " "1, " "1, " "1, " "1, " "1, " "1, " "1, " "1, " "1, " "1, " "1, " "1, " "1, " "1, " "1, " "1, " "1, " "1, " "1, " "1, " "1, " "1, " "1, " "1, " "1, " "1, " "1, " "1, " "1, " "1, " "1, " "1, " "1, " "1, " "1, " "1, " "1, " "1, " "1, " "1, " "1, " "0, " "1, " "1, " "1, " "1, " "1, " "1, " "1, " "1, " "1, " "1, " "1, " "1, " "1, " "1, " "1, " "1, " "1, " "1, " "1, " "1, " "1, " "1, " "1, " "1, " "1, " "1, " "1, " "1, " "1, " "1, " "1, " "1, " "1, " "1, " "1, " "1, " "1, " "1, " "1, " "1, " "1, " "1, " "1, " "1, " "1, " "1, " "1, " "1, " "1, " "1, " "1, " "1, " "1, " "1, " "1, " "1, " "1, " "1, " "1, " "1, " "1, " "1, " "1, " "1, " "1, " "1, " "1, " "1, " "1, " "1, " "1, " "1, " "1, " "1, " "1, " "1, " "1, " "1, " "1, " "1, " "1, " "1, " "1, " "1, " "1, " "1, " "1, " "1, " "1, " "1, " "1, " "1, " "1, " "1, " "1, " "1, " "1, " "1, " "1, " "1, " "1, " "1, " "1, " "1, " "1, " "1, " "1, " "1, " "1, " "1, " "1, " "1, " "1, " "1, " "1, " "1, " "1, " "1, " "1, " "1, " "1, " "1, " "1, " "1, " "1, " "1, " "1, " "1, " "1, " "1, " "1, " "1, " "1, " "1, " "1, " "1, " "1, " "1, " "1, " "1, " "1, " "1, " "1, " "1, " "1, " "1, " "1, "0
 "Nei110, 0.026, " "0.946, " "1, " "1, " "1, " "1, " "1, " "1, " "1, " "1, " "1, " "1, " "1, " "1, " "1, " "1, " "1, " "1, " "1, " "1, " "1, " "1, " "1, " "1, " "1, " "1, " "1, " "1, " "1, " "1, " "1, " "1, " "1, " "1, " "1, " "1, " "1, " "1, " "1, " "1, " "1, " "1, " "1, " "1, " "1, " "1, " "1, " "1, " "1, " "1, " "1, " "1, " "1, " "1, " "1, " "1, " "1, " "1, " "1, " "1, " "1, " "1, " "1, " "1, " "1, " "1, " "1, " "1, " "1, " "1, " "1, " "1, " "1, " "1, " "1, " "1, " "1, " "1, " "1, " "1, " "1, " "1, " "1, " "1, " "1, " "1, " "1, " "1, " "1, " "1, " "1, " "1, " "1, " "1, " "1, " "1, " "1, " "1, " "1, " "1, " "1, " "1, " "1, " "1, " "1, " "1, " "1, " "1, " "1, " "1, " "1, " "1, " "0, " "1, " "1, " "1, " "1, " "1, " "1, " "1, " "1, " "1, " "1, " "1, " "1, " "1, " "1, " "1, " "1, " "1, " "1, " "1, " "1, " "1, " "1, " "1, " "1, " "1, " "1, " "1, " "1, " "1, " "1, " "1, " "1, " "1, " "1, " "1, " "1, " "1, " "1, " "1, " "1, " "1, " "1, " "1, " "1, " "1, " "1, " "1, " "1, " "1, " "1, " "1, " "1, " "1, " "1, " "1, " "1, " "1, " "1, " "1, " "1, " "1, " "1, " "1, " "1, " "1, " "1, " "1, " "1, " "1, " "1, " "1, " "1, " "1, " "1, " "1, " "1, " "1, " "1, " "1, " "1, " "1, " "1, " "1, " "1, " "1, " "1, " "1, " "1, " "1, " "1, " "1, " "1, " "1, " "1, " "1, " "1, " "1, " "1, " "1, " "1, " "1, " "1, " "1, " "1, " "1, " "1, " "1, " "1, " "1, " "1, " "1, " "1, " "1, " "1, " "1, " "1, " "1, " "1, " "1, " "1, " "1, " "1, " "1, " "1, " "1, " "1, " "1, " "1, " "1, " "1, " "1, " "1, " "1, " "1, " "1, " "1, " "1, " "1, " "1, " "1, " "1, " "1, " "1, " "1, " "1, " "1, "0
 "Nei111, 0.205, " "0.938, " "1, " "1, " "1, " "1, " "1, " "1, " "1, " "1, " "1, " "1, " "1, " "1, " "1, " "1, " "1, " "1, " "1, " "1, " "1, " "1, " "1, " "1, " "1, " "1, " "1, " "1, " "1, " "1, " "1, " "1, " "1, " "1, " "1, " "1, " "1, " "1, " "1, " "1, " "1, " "1, " "1, " "1, " "1, " "1, " "1, " "1, " "1, " "1, " "1, " "1, " "1, " "1, " "1, " "1, " "1, " "1, " "1, " "1, " "1, " "1, " "1, " "1, " "1, " "1, " "1, " "1, " "1, " "1, " "1, " "1, " "1, " "1, " "1, " "1, " "1, " "1, " "1, " "1, " "1, " "1, " "1, " "1, " "1, " "1, " "1, " "1, " "1, " "1, " "1, " "1, " "1, " "1, " "1, " "1, " "1, " "1, " "1, " "1, " "1, " "1, " "1, " "1, " "1, " "1, " "1, " "1, " "1, " "1, " "1, " "1, " "1, " "0, " "1, " "1, " "1, " "1, " "1, " "1, " "1, " "1, " "1, " "1, " "1, " "1, " "1, " "1, " "1, " "1, " "1, " "1, " "1, " "1, " "1, " "1, " "1, " "1, " "1, " "1, " "1, " "1, " "1, " "1, " "1, " "1, " "1, " "1, " "1, " "1, " "1, " "1, " "1, " "1, " "1, " "1, " "1, " "1, " "1, " "1, " "1, " "1, " "1, " "1, " "1, " "1, " "1, " "1, " "1, " "1, " "1, " "1, " "1, " "1, " "1, " "1, " "1, " "1, " "1, " "1, " "1, " "1, " "1, " "1, " "1, " "1, " "1, " "1, " "1, " "1, " "1, " "1, " "1, " "1, " "1, " "1, " "1, " "1, " "1, " "1, " "1, " "1, " "1, " "1, " "1, " "1, " "1, " "1, " "1, " "1, " "1, " "1, " "1, " "1, " "1, " "1, " "1, " "1, " "1, " "1, " "1, " "1, " "1, " "1, " "1, " "1, " "1, " "1, " "1, " "1, " "1, " "1, " "1, " "1, " "1, " "1, " "1, " "1, " "1, " "1, " "1, " "1, " "1, " "1, " "1, " "1, " "1, " "1, " "1, " "1, " "1, " "1, " "1, " "1, " "1, " "1, " "1, " "1, " "1, "0
 "Nei112, 0.274, " "-0.513, " "1, " "1, " "1, " "1, " "1, " "1, " "1, " "1, " "1, " "1, " "1, " "1, " "1, " "1, " "1, " "1, " "1, " "1, " "1, " "1, " "1, " "1, " "1, " "1, " "1, " "1, " "1, " "1, " "1, " "1, " "1, " "1, " "1, " "1, " "1, " "1, " "1, " "1, " "1, " "1, " "1, " "1, " "1, " "1, " "1, " "1, " "1, " "1, " "1, " "1, " "1, " "1, " "1, " "1, " "1, " "1, " "1, " "1, " "1, " "1, " "1, " "1, " "1, " "1, " "1, " "1, " "1, " "1, " "1, " "1, " "1, " "1, " "1, " "1, " "1, " "1, " "1, " "1, " "1, " "1, " "1, " "1, " "1, " "1, " "1, " "1, " "1, " "1, " "1, " "1, " "1, " "1, " "1, " "1, " "1, " "1, " "1, " "1, " "1, " "1, " "1, " "1, " "1, " "1, " "1, " "1, " "1, " "1, " "1, " "1, " "1, " "1, " "0, " "1, " "1, " "1, " "1, " "1, " "1, " "1, " "1, " "1, " "1, " "1, " "1, " "1, " "1, " "1, " "1, " "1, " "1, " "1, " "1, " "1, " "1, " "1, " "1, " "1, " "1, " "1, " "1, " "1, " "1, " "1, " "1, " "1, " "1, " "1, " "1, " "1, " "1, " "1, " "1, " "1, " "1, " "1, " "1, " "1, " "1, " "1, " "1, " "1, " "1, " "1, " "1, " "1, " "1, " "1, " "1, " "1, " "1, " "1, " "1, " "1, " "1, " "1, " "1, " "1, " "1, " "1, " "1, " "1, " "1, " "1, " "1, " "1, " "1, " "1, " "1, " "1, " "1, " "1, " "1, " "1, " "1, " "1, " "1, " "1, " "1, " "1, " "1, " "1, " "1, " "1, " "1, " "1, " "1, " "1, " "1, " "1, " "1, " "1, " "1, " "1, " "1, " "1, " "1, " "1, " "1, " "1, " "1, " "1, " "1, " "1, " "1, " "1, " "1, " "1, " "1, " "1, " "1, " "1, " "1, " "1, " "1, " "1, " "1, " "1, " "1, " "1, " "1, " "1, " "1, " "1, " "1, " "1, " "1, " "1, " "1, " "1, " "1, " "1, " "1, " "1, " "1, " "1, " "1, "0
 "Nei113, 0.127, " "-0.912, " "1, " "1, " "1, " "1, " "1, " "1, " "1, " "1, " "1, " "1, " "1, " "1, " "1, " "1, " "1, " "1, " "1, " "1, " "1, " "1, " "1, " "1, " "1, " "1, " "1, " "1, " "1, " "1, " "1, " "1, " "1, " "1, " "1, " "1, " "1, " "1, " "1, " "1, " "1, " "1, " "1, " "1, " "1, " "1, " "1, " "1, " "1, " "1, " "1, " "1, " "1, " "1, " "1, " "1, " "1, " "1, " "1, " "1, " "1, " "1, " "1, " "1, " "1, " "1, " "1, " "1, " "1, " "1, " "1, " "1, " "1, " "1, " "1, " "1, " "1, " "1, " "1, " "1, " "1, " "1, " "1, " "1, " "1, " "1, " "1, " "1, " "1, " "1, " "1, " "1, " "1, " "1, " "1, " "1, " "1, " "1, " "1, " "1, " "1, " "1, " "1, " "1, " "1, " "1, " "1, " "1, " "1, " "1, " "1, " "1, " "1, " "1, " "1, " "0, " "1, " "1, " "1, " "1, " "1, " "1, " "1, " "1, " "1, " "1, " "1, " "1, " "1, " "1, " "1, " "1, " "1, " "1, " "1, " "1, " "1, " "1, " "1, " "1, " "1, " "1, " "1, " "1, " "1, " "1, " "1, " "1, " "1, " "1, " "1, " "1, " "1, " "1, " "1, " "1, " "1, " "1, " "1, " "1, " "1, " "1, " "1, " "1, " "1, " "1, " "1, " "1, " "1, " "1, " "1, " "1, " "1, " "1, " "1, " "1, " "1, " "1, " "1, " "1, " "1, " "1, " "1, " "1, " "1, " "1, " "1, " "1, " "1, " "1, " "1, " "1, " "1, " "1, " "1, " "1, " "1, " "1, " "1, " "1, " "1, " "1, " "1, " "1, " "1, " "1, " "1, " "1, " "1, " "1, " "1, " "1, " "1, " "1, " "1, " "1, " "1, " "1, " "1, " "1, " "1, " "1, " "1, " "1, " "1, " "1, " "1, " "1, " "1, " "1, " "1, " "1, " "1, " "1, " "1, " "1, " "1, " "1, " "1, " "1, " "1, " "1, " "1, " "1, " "1, " "1, " "1, " "1, " "1, " "1, " "1, " "1, " "1, " "1, " "1, " "1, " "1, " "1, " "1, "0
 "Nei114, 0.265, " "0.877, " "1, " "1, " "1, " "1, " "1, " "1, " "1, " "1, " "1, " "1, " "1, " "1, " "1, " "1, " "1, " "1, " "1, " "1, " "1, " "1, " "1, " "1, " "1, " "1, " "1, " "1, " "1, " "1, " "1, " "1, " "1, " "1, " "1, " "1, " "1, " "1, " "1, " "1, " "1, " "1, " "1, " "1, " "1, " "1, " "1, " "1, " "1, " "1, " "1, " "1, " "1, " "1, " "1, " "1, " "1, " "1, " "1, " "1, " "1, " "1, " "1, " "1, " "1, " "1, " "1, " "1, " "1, " "1, " "1, " "1, " "1, " "1, " "1, " "1, " "1, " "1, " "1, " "1, " "1, " "1, " "1, " "1, " "1, " "1, " "1, " "1, " "1, " "1, " "1, " "1, " "1, " "1, " "1, " "1, " "1, " "1, " "1, " "1, " "1, " "1, " "1, " "1, " "1, " "1, " "1, " "1, " "1, " "1, " "1, " "1, " "1, " "1, " "1, " "1, " "0, " "1, " "1, " "1, " "1, " "1, " "1, " "1, " "1, " "1, " "1, " "1, " "1, " "1, " "1, " "1, " "1, " "1, " "1, " "1, " "1, " "1, " "1, " "1, " "1, " "1, " "1, " "1, " "1, " "1, " "1, " "1, " "1, " "1, " "1, " "1, " "1, " "1, " "1, " "1, " "1, " "1, " "1, " "1, " "1, " "1, " "1, " "1, " "1, " "1, " "1, " "1, " "1, " "1, " "1, " "1, " "1, " "1, " "1, " "1, " "1, " "1, " "1, " "1, " "1, " "1, " "1, " "1, " "1, " "1, " "1, " "1, " "1, " "1, " "1, " "1, " "1, " "1, " "1, " "1, " "1, " "1, " "1, " "1, " "1, " "1, " "1, " "1, " "1, " "1, " "1, " "1, " "1, " "1, " "1, " "1, " "1, " "1, " "1, " "1, " "1, " "1, " "1, " "1, " "1, " "1, " "1, " "1, " "1, " "1, " "1, " "1, " "1, " "1, " "1, " "1, " "1, " "1, " "1, " "1, " "1, " "1, " "1, " "1, " "1, " "1, " "1, " "1, " "1, " "1, " "1, " "1, " "1, " "1, " "1, " "1, " "1, " "1, " "1, " "1, " "1, " "1, " "1, "0
 "Nei115, 0.1, " "-0.695, " "1, " "1, " "1, " "1, " "1, " "1, " "1, " "1, " "1, " "1, " "1, " "1, " "1, " "1, " "1, " "1, " "1, " "1, " "1, " "1, " "1, " "1, " "1, " "1, " "1, " "1, " "1, " "1, " "1, " "1, " "1, " "1, " "1, " "1, " "1, " "1, " "1, " "1, " "1, " "1, " "1, " "1, " "1, " "1, " "1, " "1, " "1, " "1, " "1, " "1, " "1, " "1, " "1, " "1, " "1, " "1, " "1, " "1, " "1, " "1, " "1, " "1, " "1, " "1, " "1, " "1, " "1, " "1, " "1, " "1, " "1, " "1, " "1, " "1, " "1, " "1, " "1, " "1, " "1, " "1, " "1, " "1, " "1, " "1, " "1, " "1, " "1, " "1, " "1, " "1, " "1, " "1, " "1, " "1, " "1, " "1, " "1, " "1, " "1, " "1, " "1, " "1, " "1, " "1, " "1, " "1, " "1, " "1, " "1, " "1, " "1, " "1, " "1, " "1, " "1, " "0, " "1, " "1, " "1, " "1, " "1, " "1, " "1, " "1, " "1, " "1, " "1, " "1, " "1, " "1, " "1, " "1, " "1, " "1, " "1, " "1, " "1, " "1, " "1, " "1, " "1, " "1, " "1, " "1, " "1, " "1, " "1, " "1, " "1, " "1, " "1, " "1, " "1, " "1, " "1, " "1, " "1, " "1, " "1, " "1, " "1, " "1, " "1, " "1, " "1, " "1, " "1, " "1, " "1, " "1, " "1, " "1, " "1, " "1, " "1, " "1, " "1, " "1, " "1, " "1, " "1, " "1, " "1, " "1, " "1, " "1, " "1, " "1, " "1, " "1, " "1, " "1, " "1, " "1, " "1, " "1, " "1, " "1, " "1, " "1, " "1, " "1, " "1, " "1, " "1, " "1, " "1, " "1, " "1, " "1, " "1, " "1, " "1, " "1, " "1, " "1, " "1, " "1, " "1, " "1, " "1, " "1, " "1, " "1, " "1, " "1, " "1, " "1, " "1, " "1, " "1, " "1, " "1, " "1, " "1, " "1, " "1, " "1, " "1, " "1, " "1, " "1, " "1, " "1, " "1, " "1, " "1, " "1, " "1, " "1, " "1, " "1, " "1, " "1, " "1, " "1, " "1, "0
 "Nei116, 0.102, " "0.343, " "1, " "1, " "1, " "1, " "1, " "1, " "1, " "1, " "1, " "1, " "1, " "1, " "1, " "1, " "1, " "1, " "1, " "1, " "1, " "1, " "1, " "1, " "1, " "1, " "1, " "1, " "1, " "1, " "1, " "1, " "1, " "1, " "1, " "1, " "1, " "1, " "1, " "1, " "1, " "1, " "1, " "1, " "1, " "1, " "1, " "1, " "1, " "1, " "1, " "1, " "1, " "1, " "1, " "1, " "1, " "1, " "1, " "1, " "1, " "1, " "1, " "1, " "1, " "1, " "1, " "1, " "1, " "1, " "1, " "1, " "1, " "1, " "1, " "1, " "1, " "1, " "1, " "1, " "1, " "1, " "1, " "1, " "1, " "1, " "1, " "1, " "1, " "1, " "1, " "1, " "1, " "1, " "1, " "1, " "1, " "1, " "1, " "1, " "1, " "1, " "1, " "1, " "1, " "1, " "1, " "1, " "1, " "1, " "1, " "1, " "1, " "1, " "1, " "1, " "1, " "1, " "0, " "1, " "1, " "1, " "1, " "1, " "1, " "1, " "1, " "1, " "1, " "1, " "1, " "1, " "1, " "1, " "1, " "1, " "1, " "1, " "1, " "1, " "1, " "1, " "1, " "1, " "1, " "1, " "1, " "1, " "1, " "1, " "1, " "1, " "1, " "1, " "1, " "1, " "1, " "1, " "1, " "1, " "1, " "1, " "1, " "1, " "1, " "1, " "1, " "1, " "1, " "1, " "1, " "1, " "1, " "1, " "1, " "1, " "1, " "1, " "1, " "1, " "1, " "1, " "1, " "1, " "1, " "1, " "1, " "1, " "1, " "1, " "1, " "1, " "1, " "1, " "1, " "1, " "1, " "1, " "1, " "1, " "1, " "1, " "1, " "1, " "1, " "1, " "1, " "1, " "1, " "1, " "1, " "1, " "1, " "1, " "1, " "1, " "1, " "1, " "1, " "1, " "1, " "1, " "1, " "1, " "1, " "1, " "1, " "1, " "1, " "1, " "1, " "1, " "1, " "1, " "1, " "1, " "1, " "1, " "1, " "1, " "1, " "1, " "1, " "1, " "1, " "1, " "1, " "1, " "1, " "1, " "1, " "1, " "1, " "1, " "1, " "1, " "1, " "1, " "1, "0
 "Nei117, 0.142, " "-0.786, " "1, " "1, " "1, " "1, " "1, " "1, " "1, " "1, " "1, " "1, " "1, " "1, " "1, " "1, " "1, " "1, " "1, " "1, " "1, " "1, " "1, " "1, " "1, " "1, " "1, " "1, " "1, " "1, " "1, " "1, " "1, " "1, " "1, " "1, " "1, " "1, " "1, " "1, " "1, " "1, " "1, " "1, " "1, " "1, " "1, " "1, " "1, " "1, " "1, " "1, " "1, " "1, " "1, " "1, " "1, " "1, " "1, " "1, " "1, " "1, " "1, " "1, " "1, " "1, " "1, " "1, " "1, " "1, " "1, " "1, " "1, " "1, " "1, " "1, " "1, " "1, " "1, " "1, " "1, " "1, " "1, " "1, " "1, " "1, " "1, " "1, " "1, " "1, " "1, " "1, " "1, " "1, " "1, " "1, " "1, " "1, " "1, " "1, " "1, " "1, " "1, " "1, " "1, " "1, " "1, " "1, " "1, " "1, " "1, " "1, " "1, " "1, " "1, " "1, " "1, " "1, " "1, " "0, " "1, " "1, " "1, " "1, " "1, " "1, " "1, " "1, " "1, " "1, " "1, " "1, " "1, " "1, " "1, " "1, " "1, " "1, " "1, " "1, " "1, " "1, " "1, " "1, " "1, " "1, " "1, " "1, " "1, " "1, " "1, " "1, " "1, " "1, " "1, " "1, " "1, " "1, " "1, " "1, " "1, " "1, " "1, " "1, " "1, " "1, " "1, " "1, " "1, " "1, " "1, " "1, " "1, " "1, " "1, " "1, " "1, " "1, " "1, " "1, " "1, " "1, " "1, " "1, " "1, " "1, " "1, " "1, " "1, " "1, " "1, " "1, " "1, " "1, " "1, " "1, " "1, " "1, " "1, " "1, " "1, " "1, " "1, " "1, " "1, " "1, " "1, " "1, " "1, " "1, " "1, " "1, " "1, " "1, " "1, " "1, " "1, " "1, " "1, " "1, " "1, " "1, " "1, " "1, " "1, " "1, " "1, " "1, " "1, " "1, " "1, " "1, " "1, " "1, " "1, " "1, " "1, " "1, " "1, " "1, " "1, " "1, " "1, " "1, " "1, " "1, " "1, " "1, " "1, " "1, " "1, " "1, " "1, " "1, " "1, " "1, " "1, " "1, " "1, "0
 "Nei118, 0.389, " "0.449, " "1, " "1, " "1, " "1, " "1, " "1, " "1, " "1, " "1, " "1, " "1, " "1, " "1, " "1, " "1, " "1, " "1, " "1, " "1, " "1, " "1, " "1, " "1, " "1, " "1, " "1, " "1, " "1, " "1, " "1, " "1, " "1, " "1, " "1, " "1, " "1, " "1, " "1, " "1, " "1, " "1, " "1, " "1, " "1, " "1, " "1, " "1, " "1, " "1, " "1, " "1, " "1, " "1, " "1, " "1, " "1, " "1, " "1, " "1, " "1, " "1, " "1, " "1, " "1, " "1, " "1, " "1, " "1, " "1, " "1, " "1, " "1, " "1, " "1, " "1, " "1, " "1, " "1, " "1, " "1, " "1, " "1, " "1, " "1, " "1, " "1, " "1, " "1, " "1, " "1, " "1, " "1, " "1, " "1, " "1, " "1, " "1, " "1, " "1, " "1, " "1, " "1, " "1, " "1, " "1, " "1, " "1, " "1, " "1, " "1, " "1, " "1, " "1, " "1, " "1, " "1, " "1, " "1, " "0, " "1, " "1, " "1, " "1, " "1, " "1, " "1, " "1, " "1, " "1, " "1, " "1, " "1, " "1, " "1, " "1, " "1, " "1, " "1, " "1, " "1, " "1, " "1, " "1, " "1, " "1, " "1, " "1, " "1, " "1, " "1, " "1, " "1, " "1, " "1, " "1, " "1, " "1, " "1, " "1, " "1, " "1, " "1, " "1, " "1, " "1, " "1, " "1, " "1, " "1, " "1, " "1, " "1, " "1, " "1, " "1, " "1, " "1, " "1, " "1, " "1, " "1, " "1, " "1, " "1, " "1, " "1, " "1, " "1, " "1, " "1, " "1, " "1, " "1, " "1, " "1, " "1, " "1, " "1, " "1, " "1, " "1, " "1, " "1, " "1, " "1, " "1, " "1, " "1, " "1, " "1, " "1, " "1, " "1, " "1, " "1, " "1, " "1, " "1, " "1, " "1, " "1, " "1, " "1, " "1, " "1, " "1, " "1, " "1, " "1, " "1, " "1, " "1, " "1, " "1, " "1, " "1, " "1, " "1, " "1, " "1, " "1, " "1, " "1, " "1, " "1, " "1, " "1, " "1, " "1, " "1, " "1, " "1, " "1, " "1, " "1, " "1, " "1, "0
 "Nei119, 0.331, " "-0.498, " "1, " "1, " "1, " "1, " "1, " "1, " "1, " "1, " "1, " "1, " "1, " "1, " "1, " "1, " "1, " "1, " "1, " "1, " "1, " "1, " "1, " "1, " "1, " "1, " "1, " "1, " "1, " "1, " "1, " "1, " "1, " "1, " "1, " "1, " "1, " "1, " "1, " "1, " "1, " "1, " "1, " "1, " "1, " "1, " "1, " "1, " "1, " "1, " "1, " "1, " "1, " "1, " "1, " "1, " "1, " "1, " "1, " "1, " "1, " "1, " "1, " "1, " "1, " "1, " "1, " "1, " "1, " "1, " "1, " "1, " "1, " "1, " "1, " "1, " "1, " "1, " "1, " "1, " "1, " "1, " "1, " "1, " "1, " "1, " "1, " "1, " "1, " "1, " "1, " "1, " "1, " "1, " "1, " "1, " "1, " "1, " "1, " "1, " "1, " "1, " "1, " "1, " "1, " "1, " "1, " "1, " "1, " "1, " "1, " "1, " "1, " "1, " "1, " "1, " "1, " "1, " "1, " "1, " "1, " "0, " "1, " "1, " "1, " "1, " "1, " "1, " "1, " "1, " "1, " "1, " "1, " "1, " "1, " "1, " "1, " "1, " "1, " "1, " "1, " "1, " "1, " "1, " "1, " "1, " "1, " "1, " "1, " "1, " "1, " "1, " "1, " "1, " "1, " "1, " "1, " "1, " "1, " "1, " "1, " "1, " "1, " "1, " "1, " "1, " "1, " "1, " "1, " "1, " "1, " "1, " "1, " "1, " "1, " "1, " "1, " "1, " "1, " "1, " "1, " "1, " "1, " "1, " "1, " "1, " "1, " "1, " "1, " "1, " "1, " "1, " "1, " "1, " "1, " "1, " "1, " "1, " "1, " "1, " "1, " "1, " "1, " "1, " "1, " "1, " "1, " "1, " "1, " "1, " "1, " "1, " "1, " "1, " "1, " "1, " "1, " "1, " "1, " "1, " "1, " "1, " "1, " "1, " "1, " "1, " "1, " "1, " "1, " "1, " "1, " "1, " "1, " "1, " "1, " "1, " "1, " "1, " "1, " "1, " "1, " "1, " "1, " "1, " "1, " "1, " "1, " "1, " "1, " "1, " "1, " "1, " "1, " "1, " "1, " "1, " "1, " "1, " "1, "0
 "Nei120, 0.008, " "-0.028, " "1, " "1, " "1, " "1, " "1, " "1, " "1, " "1, " "1, " "1, " "1, " "1, " "1, " "1, " "1, " "1, " "1, " "1, " "1, " "1, " "1, " "1, " "1, " "1, " "1, " "1, " "1, " "1, " "1, " "1, " "1, " "1, " "1, " "1, " "1, " "1, " "1, " "1, " "1, " "1, " "1, " "1, " "1, " "1, " "1, " "1, " "1, " "1, " "1, " "1, " "1, " "1, " "1, " "1, " "1, " "1, " "1, " "1, " "1, " "1, " "1, " "1, " "1, " "1, " "1, " "1, " "1, " "1, " "1, " "1, " "1, " "1, " "1, " "1, " "1, " "1, " "1, " "1, " "1, " "1, " "1, " "1, " "1, " "1, " "1, " "1, " "1, " "1, " "1, " "1, " "1, " "1, " "1, " "1, " "1, " "1, " "1, " "1, " "1, " "1, " "1, " "1, " "1, " "1, " "1, " "1, " "1, " "1, " "1, " "1, " "1, " "1, " "1, " "1, " "1, " "1, " "1, " "1, " "1, " "1, " "0, " "1, " "1, " "1, " "1, " "1, " "1, " "1, " "1, " "1, " "1, " "1, " "1, " "1, " "1, " "1, " "1, " "1, " "1, " "1, " "1, " "1, " "1, " "1, " "1, " "1, " "1, " "1, " "1, " "1, " "1, " "1, " "1, " "1, " "1, " "1, " "1, " "1, " "1, " "1, " "1, " "1, " "1, " "1, " "1, " "1, " "1, " "1, " "1, " "1, " "1, " "1, " "1, " "1, " "1, " "1, " "1, " "1, " "1, " "1, " "1, " "1, " "1, " "1, " "1, " "1, " "1, " "1, " "1, " "1, " "1, " "1, " "1, " "1, " "1, " "1, " "1, " "1, " "1, " "1, " "1, " "1, " "1, " "1, " "1, " "1, " "1, " "1, " "1, " "1, " "1, " "1, " "1, " "1, " "1, " "1, " "1, " "1, " "1, " "1, " "1, " "1, " "1, " "1, " "1, " "1, " "1, " "1, " "1, " "1, " "1, " "1, " "1, " "1, " "1, " "1, " "1, " "1, " "1, " "1, " "1, " "1, " "1, " "1, " "1, " "1, " "1, " "1, " "1, " "1, " "1, " "1, " "1, " "1, " "1, " "1, " "1, "0
 "Nei121, 0.052, " "-0.105, " "1, " "1, " "1, " "1, " "1, " "1, " "1, " "1, " "1, " "1, " "1, " "1, " "1, " "1, " "1, " "1, " "1, " "1, " "1, " "1, " "1, " "1, " "1, " "1, " "1, " "1, " "1, " "1, " "1, " "1, " "1, " "1, " "1, " "1, " "1, " "1, " "1, " "1, " "1, " "1, " "1, " "1, " "1, " "1, " "1, " "1, " "1, " "1, " "1, " "1, " "1, " "1, " "1, " "1, " "1, " "1, " "1, " "1, " "1, " "1, " "1, " "1, " "1, " "1, " "1, " "1, " "1, " "1, " "1, " "1, " "1, " "1, " "1, " "1, " "1, " "1, " "1, " "1, " "1, " "1, " "1, " "1, " "1, " "1, " "1, " "1, " "1, " "1, " "1, " "1, " "1, " "1, " "1, " "1, " "1, " "1, " "1, " "1, " "1, " "1, " "1, " "1, " "1, " "1, " "1, " "1, " "1, " "1, " "1, " "1, " "1, " "1, " "1, " "1, " "1, " "1, " "1, " "1, " "1, " "1, " "1, " "0, " "1, " "1, " "1, " "1, " "1, " "1, " "1, " "1, " "1, " "1, " "1, " "1, " "1, " "1, " "1, " "1, " "1, " "1, " "1, " "1, " "1, " "1, " "1, " "1, " "1, " "1, " "1, " "1, " "1, " "1, " "1, " "1, " "1, " "1, " "1, " "1, " "1, " "1, " "1, " "1, " "1, " "1, " "1, " "1, " "1, " "1, " "1, " "1, " "1, " "1, " "1, " "1, " "1, " "1, " "1, " "1, " "1, " "1, " "1, " "1, " "1, " "1, " "1, " "1, " "1, " "1, " "1, " "1, " "1, " "1, " "1, " "1, " "1, " "1, " "1, " "1, " "1, " "1, " "1, " "1, " "1, " "1, " "1, " "1, " "1, " "1, " "1, " "1, " "1, " "1, " "1, " "1, " "1, " "1, " "1, " "1, " "1, " "1, " "1, " "1, " "1, " "1, " "1, " "1, " "1, " "1, " "1, " "1, " "1, " "1, " "1, " "1, " "1, " "1, " "1, " "1, " "1, " "1, " "1, " "1, " "1, " "1, " "1, " "1, " "1, " "1, " "1, " "1, " "1, " "1, " "1, " "1, " "1, " "1, " "1, "0
 "Nei122, 0.269, " "-0.477, " "1, " "1, " "1, " "1, " "1, " "1, " "1, " "1, " "1, " "1, " "1, " "1, " "1, " "1, " "1, " "1, " "1, " "1, " "1, " "1, " "1, " "1, " "1, " "1, " "1, " "1, " "1, " "1, " "1, " "1, " "1, " "1, " "1, " "1, " "1, " "1, " "1, " "1, " "1, " "1, " "1, " "1, " "1, " "1, " "1, " "1, " "1, " "1, " "1, " "1, " "1, " "1, " "1, " "1, " "1, " "1, " "1, " "1, " "1, " "1, " "1, " "1, " "1, " "1, " "1, " "1, " "1, " "1, " "1, " "1, " "1, " "1, " "1, " "1, " "1, " "1, " "1, " "1, " "1, " "1, " "1, " "1, " "1, " "1, " "1, " "1, " "1, " "1, " "1, " "1, " "1, " "1, " "1, " "1, " "1, " "1, " "1, " "1, " "1, " "1, " "1, " "1, " "1, " "1, " "1, " "1, " "1, " "1, " "1, " "1, " "1, " "1, " "1, " "1, " "1, " "1, " "1, " "1, " "1, " "1, " "1, " "1, " "0, " "1, " "1, " "1, " "1, " "1, " "1, " "1, " "1, " "1, " "1, " "1, " "1, " "1, " "1, " "1, " "1, " "1, " "1, " "1, " "1, " "1, " "1, " "1, " "1, " "1, " "1, " "1, " "1, " "1, " "1, " "1, " "1, " "1, " "1, " "1, " "1, " "1, " "1, " "1, " "1, " "1, " "1, " "1, " "1, " "1, " "1, " "1, " "1, " "1, " "1, " "1, " "1, " "1, " "1, " "1, " "1, " "1, " "1, " "1, " "1, " "1, " "1, " "1, " "1, " "1, " "1, " "1, " "1, " "1, " "1, " "1, " "1, " "1, " "1, " "1, " "1, " "1, " "1, " "1, " "1, " "1, " "1, " "1, " "1, " "1, " "1, " "1, " "1, " "1, " "1, " "1, " "1, " "1, " "1, " "1, " "1, " "1, " "1, " "1, " "1, " "1, " "1, " "1, " "1, " "1, " "1, " "1, " "1, " "1, " "1, " "1, " "1, " "1, " "1, " "1, " "1, " "1, " "1, " "1, " "1, " "1, " "1, " "1, " "1, " "1, " "1, " "1, " "1, " "1, " "1, " "1, " "1, " "1, " "1, "0
 "Nei123, 0.304, " "-0.03, " "1, " "1, " "1, " "1, " "1, " "1, " "1, " "1, " "1, " "1, " "1, " "1, " "1, " "1, " "1, " "1, " "1, " "1, " "1, " "1, " "1, " "1, " "1, " "1, " "1, " "1, " "1, " "1, " "1, " "1, " "1, " "1, " "1, " "1, " "1, " "1, " "1, " "1, " "1, " "1, " "1, " "1, " "1, " "1, " "1, " "1, " "1, " "1, " "1, " "1, " "1, " "1, " "1, " "1, " "1, " "1, " "1, " "1, " "1, " "1, " "1, " "1, " "1, " "1, " "1, " "1, " "1, " "1, " "1, " "1, " "1, " "1, " "1, " "1, " "1, " "1, " "1, " "1, " "1, " "1, " "1, " "1, " "1, " "1, " "1, " "1, " "1, " "1, " "1, " "1, " "1, " "1, " "1, " "1, " "1, " "1, " "1, " "1, " "1, " "1, " "1, " "1, " "1, " "1, " "1, " "1, " "1, " "1, " "1, " "1, " "1, " "1, " "1, " "1, " "1, " "1, " "1, " "1, " "1, " "1, " "1, " "1, " "1, " "0, " "1, " "1, " "1, " "1, " "1, " "1, " "1, " "1, " "1, " "1, " "1, " "1, " "1, " "1, " "1, " "1, " "1, " "1, " "1, " "1, " "1, " "1, " "1, " "1, " "1, " "1, " "1, " "1, " "1, " "1, " "1, " "1, " "1, " "1, " "1, " "1, " "1, " "1, " "1, " "1, " "1, " "1, " "1, " "1, " "1, " "1, " "1, " "1, " "1, " "1, " "1, " "1, " "1, " "1, " "1, " "1, " "1, " "1, " "1, " "1, " "1, " "1, " "1, " "1, " "1, " "1, " "1, " "1, " "1, " "1, " "1, " "1, " "1, " "1, " "1, " "1, " "1, " "1, " "1, " "1, " "1, " "1, " "1, " "1, " "1, " "1, " "1, " "1, " "1, " "1, " "1, " "1, " "1, " "1, " "1, " "1, " "1, " "1, " "1, " "1, " "1, " "1, " "1, " "1, " "1, " "1, " "1, " "1, " "1, " "1, " "1, " "1, " "1, " "1, " "1, " "1, " "1, " "1, " "1, " "1, " "1, " "1, " "1, " "1, " "1, " "1, " "1, " "1, " "1, " "1, " "1, " "1, " "1, "0
 "Nei124, 0.052, " "0.01, " "1, " "1, " "1, " "1, " "1, " "1, " "1, " "1, " "1, " "1, " "1, " "1, " "1, " "1, " "1, " "1, " "1, " "1, " "1, " "1, " "1, " "1, " "1, " "1, " "1, " "1, " "1, " "1, " "1, " "1, " "1, " "1, " "1, " "1, " "1, " "1, " "1, " "1, " "1, " "1, " "1, " "1, " "1, " "1, " "1, " "1, " "1, " "1, " "1, " "1, " "1, " "1, " "1, " "1, " "1, " "1, " "1, " "1, " "1, " "1, " "1, " "1, " "1, " "1, " "1, " "1, " "1, " "1, " "1, " "1, " "1, " "1, " "1, " "1, " "1, " "1, " "1, " "1, " "1, " "1, " "1, " "1, " "1, " "1, " "1, " "1, " "1, " "1, " "1, " "1, " "1, " "1, " "1, " "1, " "1, " "1, " "1, " "1, " "1, " "1, " "1, " "1, " "1, " "1, " "1, " "1, " "1, " "1, " "1, " "1, " "1, " "1, " "1, " "1, " "1, " "1, " "1, " "1, " "1, " "1, " "1, " "1, " "1, " "1, " "0, " "1, " "1, " "1, " "1, " "1, " "1, " "1, " "1, " "1, " "1, " "1, " "1, " "1, " "1, " "1, " "1, " "1, " "1, " "1, " "1, " "1, " "1, " "1, " "1, " "1, " "1, " "1, " "1, " "1, " "1, " "1, " "1, " "1, " "1, " "1, " "1, " "1, " "1, " "1, " "1, " "1, " "1, " "1, " "1, " "1, " "1, " "1, " "1, " "1, " "1, " "1, " "1, " "1, " "1, " "1, " "1, " "1, " "1, " "1, " "1, " "1, " "1, " "1, " "1, " "1, " "1, " "1, " "1, " "1, " "1, " "1, " "1, " "1, " "1, " "1, " "1, " "1, " "1, " "1, " "1, " "1, " "1, " "1, " "1, " "1, " "1, " "1, " "1, " "1, " "1, " "1, " "1, " "1, " "1, " "1, " "1, " "1, " "1, " "1, " "1, " "1, " "1, " "1, " "1, " "1, " "1, " "1, " "1, " "1, " "1, " "1, " "1, " "1, " "1, " "1, " "1, " "1, " "1, " "1, " "1, " "1, " "1, " "1, " "1, " "1, " "1, " "1, " "1, " "1, " "1, " "1, " "1, "0
 "Nei125, 0.06, " "-0.541, " "1, " "1, " "1, " "1, " "1, " "1, " "1, " "1, " "1, " "1, " "1, " "1, " "1, " "1, " "1, " "1, " "1, " "1, " "1, " "1, " "1, " "1, " "1, " "1, " "1, " "1, " "1, " "1, " "1, " "1, " "1, " "1, " "1, " "1, " "1, " "1, " "1, " "1, " "1, " "1, " "1, " "1, " "1, " "1, " "1, " "1, " "1, " "1, " "1, " "1, " "1, " "1, " "1, " "1, " "1, " "1, " "1, " "1, " "1, " "1, " "1, " "1, " "1, " "1, " "1, " "1, " "1, " "1, " "1, " "1, " "1, " "1, " "1, " "1, " "1, " "1, " "1, " "1, " "1, " "1, " "1, " "1, " "1, " "1, " "1, " "1, " "1, " "1, " "1, " "1, " "1, " "1, " "1, " "1, " "1, " "1, " "1, " "1, " "1, " "1, " "1, " "1, " "1, " "1, " "1, " "1, " "1, " "1, " "1, " "1, " "1, " "1, " "1, " "1, " "1, " "1, " "1, " "1, " "1, " "1, " "1, " "1, " "1, " "1, " "1, " "0, " "1, " "1, " "1, " "1, " "1, " "1, " "1, " "1, " "1, " "1, " "1, " "1, " "1, " "1, " "1, " "1, " "1, " "1, " "1, " "1, " "1, " "1, " "1, " "1, " "1, " "1, " "1, " "1, " "1, " "1, " "1, " "1, " "1, " "1, " "1, " "1, " "1, " "1, " "1, " "1, " "1, " "1, " "1, " "1, " "1, " "1, " "1, " "1, " "1, " "1, " "1, " "1, " "1, " "1, " "1, " "1, " "1, " "1, " "1, " "1, " "1, " "1, " "1, " "1, " "1, " "1, " "1, " "1, " "1, " "1, " "1, " "1, " "1, " "1, " "1, " "1, " "1, " "1, " "1, " "1, " "1, " "1, " "1, " "1, " "1, " "1, " "1, " "1, " "1, " "1, " "1, " "1, " "1, " "1, " "1, " "1, " "1, " "1, " "1, " "1, " "1, " "1, " "1, " "1, " "1, " "1, " "1, " "1, " "1, " "1, " "1, " "1, " "1, " "1, " "1, " "1, " "1, " "1, " "1, " "1, " "1, " "1, " "1, " "1, " "1, " "1, " "1, " "1, " "1, " "1, " "1, "0
 "Nei126, 0.181, " "-0.051, " "1, " "1, " "1, " "1, " "1, " "1, " "1, " "1, " "1, " "1, " "1, " "1, " "1, " "1, " "1, " "1, " "1, " "1, " "1, " "1, " "1, " "1, " "1, " "1, " "1, " "1, " "1, " "1, " "1, " "1, " "1, " "1, " "1, " "1, " "1, " "1, " "1, " "1, " "1, " "1, " "1, " "1, " "1, " "1, " "1, " "1, " "1, " "1, " "1, " "1, " "1, " "1, " "1, " "1, " "1, " "1, " "1, " "1, " "1, " "1, " "1, " "1, " "1, " "1, " "1, " "1, " "1, " "1, " "1, " "1, " "1, " "1, " "1, " "1, " "1, " "1, " "1, " "1, " "1, " "1, " "1, " "1, " "1, " "1, " "1, " "1, " "1, " "1, " "1, " "1, " "1, " "1, " "1, " "1, " "1, " "1, " "1, " "1, " "1, " "1, " "1, " "1, " "1, " "1, " "1, " "1, " "1, " "1, " "1, " "1, " "1, " "1, " "1, " "1, " "1, " "1, " "1, " "1, " "1, " "1, " "1, " "1, " "1, " "1, " "1, " "1, " "0, " "1, " "1, " "1, " "1, " "1, " "1, " "1, " "1, " "1, " "1, " "1, " "1, " "1, " "1, " "1, " "1, " "1, " "1, " "1, " "1, " "1, " "1, " "1, " "1, " "1, " "1, " "1, " "1, " "1, " "1, " "1, " "1, " "1, " "1, " "1, " "1, " "1, " "1, " "1, " "1, " "1, " "1, " "1, " "1, " "1, " "1, " "1, " "1, " "1, " "1, " "1, " "1, " "1, " "1, " "1, " "1, " "1, " "1, " "1, " "1, " "1, " "1, " "1, " "1, " "1, " "1, " "1, " "1, " "1, " "1, " "1, " "1, " "1, " "1, " "1, " "1, " "1, " "1, " "1, " "1, " "1, " "1, " "1, " "1, " "1, " "1, " "1, " "1, " "1, " "1, " "1, " "1, " "1, " "1, " "1, " "1, " "1, " "1, " "1, " "1, " "1, " "1, " "1, " "1, " "1, " "1, " "1, " "1, " "1, " "1, " "1, " "1, " "1, " "1, " "1, " "1, " "1, " "1, " "1, " "1, " "1, " "1, " "1, " "1, " "1, " "1, " "1, " "1, " "1, " "1, "0
 "Nei127, 0.13, " "0.076, " "1, " "1, " "1, " "1, " "1, " "1, " "1, " "1, " "1, " "1, " "1, " "1, " "1, " "1, " "1, " "1, " "1, " "1, " "1, " "1, " "1, " "1, " "1, " "1, " "1, " "1, " "1, " "1, " "1, " "1, " "1, " "1, " "1, " "1, " "1, " "1, " "1, " "1, " "1, " "1, " "1, " "1, " "1, " "1, " "1, " "1, " "1, " "1, " "1, " "1, " "1, " "1, " "1, " "1, " "1, " "1, " "1, " "1, " "1, " "1, " "1, " "1, " "1, " "1, " "1, " "1, " "1, " "1, " "1, " "1, " "1, " "1, " "1, " "1, " "1, " "1, " "1, " "1, " "1, " "1, " "1, " "1, " "1, " "1, " "1, " "1, " "1, " "1, " "1, " "1, " "1, " "1, " "1, " "1, " "1, " "1, " "1, " "1, " "1, " "1, " "1, " "1, " "1, " "1, " "1, " "1, " "1, " "1, " "1, " "1, " "1, " "1, " "1, " "1, " "1, " "1, " "1, " "1, " "1, " "1, " "1, " "1, " "1, " "1, " "1, " "1, " "1, " "0, " "1, " "1, " "1, " "1, " "1, " "1, " "1, " "1, " "1, " "1, " "1, " "1, " "1, " "1, " "1, " "1, " "1, " "1, " "1, " "1, " "1, " "1, " "1, " "1, " "1, " "1, " "1, " "1, " "1, " "1, " "1, " "1, " "1, " "1, " "1, " "1, " "1, " "1, " "1, " "1, " "1, " "1, " "1, " "1, " "1, " "1, " "1, " "1, " "1, " "1, " "1, " "1, " "1, " "1, " "1, " "1, " "1, " "1, " "1, " "1, " "1, " "1, " "1, " "1, " "1, " "1, " "1, " "1, " "1, " "1, " "1, " "1, " "1, " "1, " "1, " "1, " "1, " "1, " "1, " "1, " "1, " "1, " "1, " "1, " "1, " "1, " "1, " "1, " "1, " "1, " "1, " "1, " "1, " "1, " "1, " "1, " "1, " "1, " "1, " "1, " "1, " "1, " "1, " "1, " "1, " "1, " "1, " "1, " "1, " "1, " "1, " "1, " "1, " "1, " "1, " "1, " "1, " "1, " "1, " "1, " "1, " "1, " "1, " "1, " "1, " "1, " "1, " "1, " "1, "0
 "Nei128, 0.393, " "0.167, " "1, " "1, " "1, " "1, " "1, " "1, " "1, " "1, " "1, " "1, " "1, " "1, " "1, " "1, " "1, " "1, " "1, " "1, " "1, " "1, " "1, " "1, " "1, " "1, " "1, " "1, " "1, " "1, " "1, " "1, " "1, " "1, " "1, " "1, " "1, " "1, " "1, " "1, " "1, " "1, " "1, " "1, " "1, " "1, " "1, " "1, " "1, " "1, " "1, " "1, " "1, " "1, " "1, " "1, " "1, " "1, " "1, " "1, " "1, " "1, " "1, " "1, " "1, " "1, " "1, " "1, " "1, " "1, " "1, " "1, " "1, " "1, " "1, " "1, " "1, " "1, " "1, " "1, " "1, " "1, " "1, " "1, " "1, " "1, " "1, " "1, " "1, " "1, " "1, " "1, " "1, " "1, " "1, " "1, " "1, " "1, " "1, " "1, " "1, " "1, " "1, " "1, " "1, " "1, " "1, " "1, " "1, " "1, " "1, " "1, " "1, " "1, " "1, " "1, " "1, " "1, " "1, " "1, " "1, " "1, " "1, " "1, " "1, " "1, " "1, " "1, " "1, " "1, " "0, " "1, " "1, " "1, " "1, " "1, " "1, " "1, " "1, " "1, " "1, " "1, " "1, " "1, " "1, " "1, " "1, " "1, " "1, " "1, " "1, " "1, " "1, " "1, " "1, " "1, " "1, " "1, " "1, " "1, " "1, " "1, " "1, " "1, " "1, " "1, " "1, " "1, " "1, " "1, " "1, " "1, " "1, " "1, " "1, " "1, " "1, " "1, " "1, " "1, " "1, " "1, " "1, " "1, " "1, " "1, " "1, " "1, " "1, " "1, " "1, " "1, " "1, " "1, " "1, " "1, " "1, " "1, " "1, " "1, " "1, " "1, " "1, " "1, " "1, " "1, " "1, " "1, " "1, " "1, " "1, " "1, " "1, " "1, " "1, " "1, " "1, " "1, " "1, " "1, " "1, " "1, " "1, " "1, " "1, " "1, " "1, " "1, " "1, " "1, " "1, " "1, " "1, " "1, " "1, " "1, " "1, " "1, " "1, " "1, " "1, " "1, " "1, " "1, " "1, " "1, " "1, " "1, " "1, " "1, " "1, " "1, " "1, " "1, " "1, " "1, " "1, " "1, " "1, "0
 "Nei129, 0.183, " "-0.734, " "1, " "1, " "1, " "1, " "1, " "1, " "1, " "1, " "1, " "1, " "1, " "1, " "1, " "1, " "1, " "1, " "1, " "1, " "1, " "1, " "1, " "1, " "1, " "1, " "1, " "1, " "1, " "1, " "1, " "1, " "1, " "1, " "1, " "1, " "1, " "1, " "1, " "1, " "1, " "1, " "1, " "1, " "1, " "1, " "1, " "1, " "1, " "1, " "1, " "1, " "1, " "1, " "1, " "1, " "1, " "1, " "1, " "1, " "1, " "1, " "1, " "1, " "1, " "1, " "1, " "1, " "1, " "1, " "1, " "1, " "1, " "1, " "1, " "1, " "1, " "1, " "1, " "1, " "1, " "1, " "1, " "1, " "1, " "1, " "1, " "1, " "1, " "1, " "1, " "1, " "1, " "1, " "1, " "1, " "1, " "1, " "1, " "1, " "1, " "1, " "1, " "1, " "1, " "1, " "1, " "1, " "1, " "1, " "1, " "1, " "1, " "1, " "1, " "1, " "1, " "1, " "1, " "1, " "1, " "1, " "1, " "1, " "1, " "1, " "1, " "1, " "1, " "1, " "1, " "0, " "1, " "1, " "1, " "1, " "1, " "1, " "1, " "1, " "1, " "1, " "1, " "1, " "1, " "1, " "1, " "1, " "1, " "1, " "1, " "1, " "1, " "1, " "1, " "1, " "1, " "1, " "1, " "1, " "1, " "1, " "1, " "1, " "1, " "1, " "1, " "1, " "1, " "1, " "1, " "1, " "1, " "1, " "1, " "1, " "1, " "1, " "1, " "1, " "1, " "1, " "1, " "1, " "1, " "1, " "1, " "1, " "1, " "1, " "1, " "1, " "1, " "1, " "1, " "1, " "1, " "1, " "1, " "1, " "1, " "1, " "1, " "1, " "1, " "1, " "1, " "1, " "1, " "1, " "1, " "1, " "1, " "1, " "1, " "1, " "1, " "1, " "1, " "1, " "1, " "1, " "1, " "1, " "1, " "1, " "1, " "1, " "1, " "1, " "1, " "1, " "1, " "1, " "1, " "1, " "1, " "1, " "1, " "1, " "1, " "1, " "1, " "1, " "1, " "1, " "1, " "1, " "1, " "1, " "1, " "1, " "1, " "1, " "1, " "1, " "1, " "1, " "1, "0
 "Nei130, 0.272, " "0.108, " "1, " "1, " "1, " "1, " "1, " "1, " "1, " "1, " "1, " "1, " "1, " "1, " "1, " "1, " "1, " "1, " "1, " "1, " "1, " "1, " "1, " "1, " "1, " "1, " "1, " "1, " "1, " "1, " "1, " "1, " "1, " "1, " "1, " "1, " "1, " "1, " "1, " "1, " "1, " "1, " "1, " "1, " "1, " "1, " "1, " "1, " "1, " "1, " "1, " "1, " "1, " "1, " "1, " "1, " "1, " "1, " "1, " "1, " "1, " "1, " "1, " "1, " "1, " "1, " "1, " "1, " "1, " "1, " "1, " "1, " "1, " "1, " "1, " "1, " "1, " "1, " "1, " "1, " "1, " "1, " "1, " "1, " "1, " "1, " "1, " "1, " "1, " "1, " "1, " "1, " "1, " "1, " "1, " "1, " "1, " "1, " "1, " "1, " "1, " "1, " "1, " "1, " "1, " "1, " "1, " "1, " "1, " "1, " "1, " "1, " "1, " "1, " "1, " "1, " "1, " "1, " "1, " "1, " "1, " "1, " "1, " "1, " "1, " "1, " "1, " "1, " "1, " "1, " "1, " "1, " "0, " "1, " "1, " "1, " "1, " "1, " "1, " "1, " "1, " "1, " "1, " "1, " "1, " "1, " "1, " "1, " "1, " "1, " "1, " "1, " "1, " "1, " "1, " "1, " "1, " "1, " "1, " "1, " "1, " "1, " "1, " "1, " "1, " "1, " "1, " "1, " "1, " "1, " "1, " "1, " "1, " "1, " "1, " "1, " "1, " "1, " "1, " "1, " "1, " "1, " "1, " "1, " "1, " "1, " "1, " "1, " "1, " "1, " "1, " "1, " "1, " "1, " "1, " "1, " "1, " "1, " "1, " "1, " "1, " "1, " "1, " "1, " "1, " "1, " "1, " "1, " "1, " "1, " "1, " "1, " "1, " "1, " "1, " "1, " "1, " "1, " "1, " "1, " "1, " "1, " "1, " "1, " "1, " "1, " "1, " "1, " "1, " "1, " "1, " "1, " "1, " "1, " "1, " "1, " "1, " "1, " "1, " "1, " "1, " "1, " "1, " "1, " "1, " "1, " "1, " "1, " "1, " "1, " "1, " "1, " "1, " "1, " "1, " "1, " "1, " "1, " "1, "0
 "Nei131, 0.342, " "0.207, " "1, " "1, " "1, " "1, " "1, " "1, " "1, " "1, " "1, " "1, " "1, " "1, " "1, " "1, " "1, " "1, " "1, " "1, " "1, " "1, " "1, " "1, " "1, " "1, " "1, " "1, " "1, " "1, " "1, " "1, " "1, " "1, " "1, " "1, " "1, " "1, " "1, " "1, " "1, " "1, " "1, " "1, " "1, " "1, " "1, " "1, " "1, " "1, " "1, " "1, " "1, " "1, " "1, " "1, " "1, " "1, " "1, " "1, " "1, " "1, " "1, " "1, " "1, " "1, " "1, " "1, " "1, " "1, " "1, " "1, " "1, " "1, " "1, " "1, " "1, " "1, " "1, " "1, " "1, " "1, " "1, " "1, " "1, " "1, " "1, " "1, " "1, " "1, " "1, " "1, " "1, " "1, " "1, " "1, " "1, " "1, " "1, " "1, " "1, " "1, " "1, " "1, " "1, " "1, " "1, " "1, " "1, " "1, " "1, " "1, " "1, " "1, " "1, " "1, " "1, " "1, " "1, " "1, " "1, " "1, " "1, " "1, " "1, " "1, " "1, " "1, " "1, " "1, " "1, " "1, " "1, " "0, " "1, " "1, " "1, " "1, " "1, " "1, " "1, " "1, " "1, " "1, " "1, " "1, " "1, " "1, " "1, " "1, " "1, " "1, " "1, " "1, " "1, " "1, " "1, " "1, " "1, " "1, " "1, " "1, " "1, " "1, " "1, " "1, " "1, " "1, " "1, " "1, " "1, " "1, " "1, " "1, " "1, " "1, " "1, " "1, " "1, " "1, " "1, " "1, " "1, " "1, " "1, " "1, " "1, " "1, " "1, " "1, " "1, " "1, " "1, " "1, " "1, " "1, " "1, " "1, " "1, " "1, " "1, " "1, " "1, " "1, " "1, " "1, " "1, " "1, " "1, " "1, " "1, " "1, " "1, " "1, " "1, " "1, " "1, " "1, " "1, " "1, " "1, " "1, " "1, " "1, " "1, " "1, " "1, " "1, " "1, " "1, " "1, " "1, " "1, " "1, " "1, " "1, " "1, " "1, " "1, " "1, " "1, " "1, " "1, " "1, " "1, " "1, " "1, " "1, " "1, " "1, " "1, " "1, " "1, " "1, " "1, " "1, " "1, " "1, " "1, "0
 "Nei132, 0.237, " "0.535, " "1, " "1, " "1, " "1, " "1, " "1, " "1, " "1, " "1, " "1, " "1, " "1, " "1, " "1, " "1, " "1, " "1, " "1, " "1, " "1, " "1, " "1, " "1, " "1, " "1, " "1, " "1, " "1, " "1, " "1, " "1, " "1, " "1, " "1, " "1, " "1, " "1, " "1, " "1, " "1, " "1, " "1, " "1, " "1, " "1, " "1, " "1, " "1, " "1, " "1, " "1, " "1, " "1, " "1, " "1, " "1, " "1, " "1, " "1, " "1, " "1, " "1, " "1, " "1, " "1, " "1, " "1, " "1, " "1, " "1, " "1, " "1, " "1, " "1, " "1, " "1, " "1, " "1, " "1, " "1, " "1, " "1, " "1, " "1, " "1, " "1, " "1, " "1, " "1, " "1, " "1, " "1, " "1, " "1, " "1, " "1, " "1, " "1, " "1, " "1, " "1, " "1, " "1, " "1, " "1, " "1, " "1, " "1, " "1, " "1, " "1, " "1, " "1, " "1, " "1, " "1, " "1, " "1, " "1, " "1, " "1, " "1, " "1, " "1, " "1, " "1, " "1, " "1, " "1, " "1, " "1, " "1, " "0, " "1, " "1, " "1, " "1, " "1, " "1, " "1, " "1, " "1, " "1, " "1, " "1, " "1, " "1, " "1, " "1, " "1, " "1, " "1, " "1, " "1, " "1, " "1, " "1, " "1, " "1, " "1, " "1, " "1, " "1, " "1, " "1, " "1, " "1, " "1, " "1, " "1, " "1, " "1, " "1, " "1, " "1, " "1, " "1, " "1, " "1, " "1, " "1, " "1, " "1, " "1, " "1, " "1, " "1, " "1, " "1, " "1, " "1, " "1, " "1, " "1, " "1, " "1, " "1, " "1, " "1, " "1, " "1, " "1, " "1, " "1, " "1, " "1, " "1, " "1, " "1, " "1, " "1, " "1, " "1, " "1, " "1, " "1, " "1, " "1, " "1, " "1, " "1, " "1, " "1, " "1, " "1, " "1, " "1, " "1, " "1, " "1, " "1, " "1, " "1, " "1, " "1, " "1, " "1, " "1, " "1, " "1, " "1, " "1, " "1, " "1, " "1, " "1, " "1, " "1, " "1, " "1, " "1, " "1, " "1, " "1, " "1, " "1, " "1, "0
 "Nei133, 0.39, " "0.553, " "1, " "1, " "1, " "1, " "1, " "1, " "1, " "1, " "1, " "1, " "1, " "1, " "1, " "1, " "1, " "1, " "1, " "1, " "1, " "1, " "1, " "1, " "1, " "1, " "1, " "1, " "1, " "1, " "1, " "1, " "1, " "1, " "1, " "1, " "1, " "1, " "1, " "1, " "1, " "1, " "1, " "1, " "1, " "1, " "1, " "1, " "1, " "1, " "1, " "1, " "1, " "1, " "1, " "1, " "1, " "1, " "1, " "1, " "1, " "1, " "1, " "1, " "1, " "1, " "1, " "1, " "1, " "1, " "1, " "1, " "1, " "1, " "1, " "1, " "1, " "1, " "1, " "1, " "1, " "1, " "1, " "1, " "1, " "1, " "1, " "1, " "1, " "1, " "1, " "1, " "1, " "1, " "1, " "1, " "1, " "1, " "1, " "1, " "1, " "1, " "1, " "1, " "1, " "1, " "1, " "1, " "1, " "1, " "1, " "1, " "1, " "1, " "1, " "1, " "1, " "1, " "1, " "1, " "1, " "1, " "1, " "1, " "1, " "1, " "1, " "1, " "1, " "1, " "1, " "1, " "1, " "1, " "1, " "0, " "1, " "1, " "1, " "1, " "1, " "1, " "1, " "1, " "1, " "1, " "1, " "1, " "1, " "1, " "1, " "1, " "1, " "1, " "1, " "1, " "1, " "1, " "1, " "1, " "1, " "1, " "1, " "1, " "1, " "1, " "1, " "1, " "1, " "1, " "1, " "1, " "1, " "1, " "1, " "1, " "1, " "1, " "1, " "1, " "1, " "1, " "1, " "1, " "1, " "1, " "1, " "1, " "1, " "1, " "1, " "1, " "1, " "1, " "1, " "1, " "1, " "1, " "1, " "1, " "1, " "1, " "1, " "1, " "1, " "1, " "1, " "1, " "1, " "1, " "1, " "1, " "1, " "1, " "1, " "1, " "1, " "1, " "1, " "1, " "1, " "1, " "1, " "1, " "1, " "1, " "1, " "1, " "1, " "1, " "1, " "1, " "1, " "1, " "1, " "1, " "1, " "1, " "1, " "1, " "1, " "1, " "1, " "1, " "1, " "1, " "1, " "1, " "1, " "1, " "1, " "1, " "1, " "1, " "1, " "1, " "1, " "1, " "1, "0
 "Nei134, 0.278, " "-0.933, " "1, " "1, " "1, " "1, " "1, " "1, " "1, " "1, " "1, " "1, " "1, " "1, " "1, " "1, " "1, " "1, " "1, " "1, " "1, " "1, " "1, " "1, " "1, " "1, " "1, " "1, " "1, " "1, " "1, " "1, " "1, " "1, " "1, " "1, " "1, " "1, " "1, " "1, " "1, " "1, " "1, " "1, " "1, " "1, " "1, " "1, " "1, " "1, " "1, " "1, " "1, " "1, " "1, " "1, " "1, " "1, " "1, " "1, " "1, " "1, " "1, " "1, " "1, " "1, " "1, " "1, " "1, " "1, " "1, " "1, " "1, " "1, " "1, " "1, " "1, " "1, " "1, " "1, " "1, " "1, " "1, " "1, " "1, " "1, " "1, " "1, " "1, " "1, " "1, " "1, " "1, " "1, " "1, " "1, " "1, " "1, " "1, " "1, " "1, " "1, " "1, " "1, " "1, " "1, " "1, " "1, " "1, " "1, " "1, " "1, " "1, " "1, " "1, " "1, " "1, " "1, " "1, " "1, " "1, " "1, " "1, " "1, " "1, " "1, " "1, " "1, " "1, " "1, " "1, " "1, " "1, " "1, " "1, " "1, " "0, " "1, " "1, " "1, " "1, " "1, " "1, " "1, " "1, " "1, " "1, " "1, " "1, " "1, " "1, " "1, " "1, " "1, " "1, " "1, " "1, " "1, " "1, " "1, " "1, " "1, " "1, " "1, " "1, " "1, " "1, " "1, " "1, " "1, " "1, " "1, " "1, " "1, " "1, " "1, " "1, " "1, " "1, " "1, " "1, " "1, " "1, " "1, " "1, " "1, " "1, " "1, " "1, " "1, " "1, " "1, " "1, " "1, " "1, " "1, " "1, " "1, " "1, " "1, " "1, " "1, " "1, " "1, " "1, " "1, " "1, " "1, " "1, " "1, " "1, " "1, " "1, " "1, " "1, " "1, " "1, " "1, " "1, " "1, " "1, " "1, " "1, " "1, " "1, " "1, " "1, " "1, " "1, " "1, " "1, " "1, " "1, " "1, " "1, " "1, " "1, " "1, " "1, " "1, " "1, " "1, " "1, " "1, " "1, " "1, " "1, " "1, " "1, " "1, " "1, " "1, " "1, " "1, " "1, " "1, " "1, " "1, " "1, "0
 "Nei135, 0.126, " "-0.653, " "1, " "1, " "1, " "1, " "1, " "1, " "1, " "1, " "1, " "1, " "1, " "1, " "1, " "1, " "1, " "1, " "1, " "1, " "1, " "1, " "1, " "1, " "1, " "1, " "1, " "1, " "1, " "1, " "1, " "1, " "1, " "1, " "1, " "1, " "1, " "1, " "1, " "1, " "1, " "1, " "1, " "1, " "1, " "1, " "1, " "1, " "1, " "1, " "1, " "1, " "1, " "1, " "1, " "1, " "1, " "1, " "1, " "1, " "1, " "1, " "1, " "1, " "1, " "1, " "1, " "1, " "1, " "1, " "1, " "1, " "1, " "1, " "1, " "1, " "1, " "1, " "1, " "1, " "1, " "1, " "1, " "1, " "1, " "1, " "1, " "1, " "1, " "1, " "1, " "1, " "1, " "1, " "1, " "1, " "1, " "1, " "1, " "1, " "1, " "1, " "1, " "1, " "1, " "1, " "1, " "1, " "1, " "1, " "1, " "1, " "1, " "1, " "1, " "1, " "1, " "1, " "1, " "1, " "1, " "1, " "1, " "1, " "1, " "1, " "1, " "1, " "1, " "1, " "1, " "1, " "1, " "1, " "1, " "1, " "1, " "0, " "1, " "1, " "1, " "1, " "1, " "1, " "1, " "1, " "1, " "1, " "1, " "1, " "1, " "1, " "1, " "1, " "1, " "1, " "1, " "1, " "1, " "1, " "1, " "1, " "1, " "1, " "1, " "1, " "1, " "1, " "1, " "1, " "1, " "1, " "1, " "1, " "1, " "1, " "1, " "1, " "1, " "1, " "1, " "1, " "1, " "1, " "1, " "1, " "1, " "1, " "1, " "1, " "1, " "1, " "1, " "1, " "1, " "1, " "1, " "1, " "1, " "1, " "1, " "1, " "1, " "1, " "1, " "1, " "1, " "1, " "1, " "1, " "1, " "1, " "1, " "1, " "1, " "1, " "1, " "1, " "1, " "1, " "1, " "1, " "1, " "1, " "1, " "1, " "1, " "1, " "1, " "1, " "1, " "1, " "1, " "1, " "1, " "1, " "1, " "1, " "1, " "1, " "1, " "1, " "1, " "1, " "1, " "1, " "1, " "1, " "1, " "1, " "1, " "1, " "1, " "1, " "1, " "1, " "1, " "1, " "1, "0
 "Nei136, 0.122, " "-0.061, " "1, " "1, " "1, " "1, " "1, " "1, " "1, " "1, " "1, " "1, " "1, " "1, " "1, " "1, " "1, " "1, " "1, " "1, " "1, " "1, " "1, " "1, " "1, " "1, " "1, " "1, " "1, " "1, " "1, " "1, " "1, " "1, " "1, " "1, " "1, " "1, " "1, " "1, " "1, " "1, " "1, " "1, " "1, " "1, " "1, " "1, " "1, " "1, " "1, " "1, " "1, " "1, " "1, " "1, " "1, " "1, " "1, " "1, " "1, " "1, " "1, " "1, " "1, " "1, " "1, " "1, " "1, " "1, " "1, " "1, " "1, " "1, " "1, " "1, " "1, " "1, " "1, " "1, " "1, " "1, " "1, " "1, " "1, " "1, " "1, " "1, " "1, " "1, " "1, " "1, " "1, " "1, " "1, " "1, " "1, " "1, " "1, " "1, " "1, " "1, " "1, " "1, " "1, " "1, " "1, " "1, " "1, " "1, " "1, " "1, " "1, " "1, " "1, " "1, " "1, " "1, " "1, " "1, " "1, " "1, " "1, " "1, " "1, " "1, " "1, " "1, " "1, " "1, " "1, " "1, " "1, " "1, " "1, " "1, " "1, " "1, " "0, " "1, " "1, " "1, " "1, " "1, " "1, " "1, " "1, " "1, " "1, " "1, " "1, " "1, " "1, " "1, " "1, " "1, " "1, " "1, " "1, " "1, " "1, " "1, " "1, " "1, " "1, " "1, " "1, " "1, " "1, " "1, " "1, " "1, " "1, " "1, " "1, " "1, " "1, " "1, " "1, " "1, " "1, " "1, " "1, " "1, " "1, " "1, " "1, " "1, " "1, " "1, " "1, " "1, " "1, " "1, " "1, " "1, " "1, " "1, " "1, " "1, " "1, " "1, " "1, " "1, " "1, " "1, " "1, " "1, " "1, " "1, " "1, " "1, " "1, " "1, " "1, " "1, " "1, " "1, " "1, " "1, " "1, " "1, " "1, " "1, " "1, " "1, " "1, " "1, " "1, " "1, " "1, " "1, " "1, " "1, " "1, " "1, " "1, " "1, " "1, " "1, " "1, " "1, " "1, " "1, " "1, " "1, " "1, " "1, " "1, " "1, " "1, " "1, " "1, " "1, " "1, " "1, " "1, " "1, " "1, "0
 "Nei137, 0.238, " "-0.561, " "1, " "1, " "1, " "1, " "1, " "1, " "1, " "1, " "1, " "1, " "1, " "1, " "1, " "1, " "1, " "1, " "1, " "1, " "1, " "1, " "1, " "1, " "1, " "1, " "1, " "1, " "1, " "1, " "1, " "1, " "1, " "1, " "1, " "1, " "1, " "1, " "1, " "1, " "1, " "1, " "1, " "1, " "1, " "1, " "1, " "1, " "1, " "1, " "1, " "1, " "1, " "1, " "1, " "1, " "1, " "1, " "1, " "1, " "1, " "1, " "1, " "1, " "1, " "1, " "1, " "1, " "1, " "1, " "1, " "1, " "1, " "1, " "1, " "1, " "1, " "1, " "1, " "1, " "1, " "1, " "1, " "1, " "1, " "1, " "1, " "1, " "1, " "1, " "1, " "1, " "1, " "1, " "1, " "1, " "1, " "1, " "1, " "1, " "1, " "1, " "1, " "1, " "1, " "1, " "1, " "1, " "1, " "1, " "1, " "1, " "1, " "1, " "1, " "1, " "1, " "1, " "1, " "1, " "1, " "1, " "1, " "1, " "1, " "1, " "1, " "1, " "1, " "1, " "1, " "1, " "1, " "1, " "1, " "1, " "1, " "1, " "1, " "0, " "1, " "1, " "1, " "1, " "1, " "1, " "1, " "1, " "1, " "1, " "1, " "1, " "1, " "1, " "1, " "1, " "1, " "1, " "1, " "1, " "1, " "1, " "1, " "1, " "1, " "1, " "1, " "1, " "1, " "1, " "1, " "1, " "1, " "1, " "1, " "1, " "1, " "1, " "1, " "1, " "1, " "1, " "1, " "1, " "1, " "1, " "1, " "1, " "1, " "1, " "1, " "1, " "1, " "1, " "1, " "1, " "1, " "1, " "1, " "1, " "1, " "1, " "1, " "1, " "1, " "1, " "1, " "1, " "1, " "1, " "1, " "1, " "1, " "1, " "1, " "1, " "1, " "1, " "1, " "1, " "1, " "1, " "1, " "1, " "1, " "1, " "1, " "1, " "1, " "1, " "1, " "1, " "1, " "1, " "1, " "1, " "1, " "1, " "1, " "1, " "1, " "1, " "1, " "1, " "1, " "1, " "1, " "1, " "1, " "1, " "1, " "1, " "1, " "1, " "1, " "1, " "1, " "1, " "1, "0
 "Nei138, 0.138, " "0.128, " "1, " "1, " "1, " "1, " "1, " "1, " "1, " "1, " "1, " "1, " "1, " "1, " "1, " "1, " "1, " "1, " "1, " "1, " "1, " "1, " "1, " "1, " "1, " "1, " "1, " "1, " "1, " "1, " "1, " "1, " "1, " "1, " "1, " "1, " "1, " "1, " "1, " "1, " "1, " "1, " "1, " "1, " "1, " "1, " "1, " "1, " "1, " "1, " "1, " "1, " "1, " "1, " "1, " "1, " "1, " "1, " "1, " "1, " "1, " "1, " "1, " "1, " "1, " "1, " "1, " "1, " "1, " "1, " "1, " "1, " "1, " "1, " "1, " "1, " "1, " "1, " "1, " "1, " "1, " "1, " "1, " "1, " "1, " "1, " "1, " "1, " "1, " "1, " "1, " "1, " "1, " "1, " "1, " "1, " "1, " "1, " "1, " "1, " "1, " "1, " "1, " "1, " "1, " "1, " "1, " "1, " "1, " "1, " "1, " "1, " "1, " "1, " "1, " "1, " "1, " "1, " "1, " "1, " "1, " "1, " "1, " "1, " "1, " "1, " "1, " "1, " "1, " "1, " "1, " "1, " "1, " "1, " "1, " "1, " "1, " "1, " "1, " "1, " "0, " "1, " "1, " "1, " "1, " "1, " "1, " "1, " "1, " "1, " "1, " "1, " "1, " "1, " "1, " "1, " "1, " "1, " "1, " "1, " "1, " "1, " "1, " "1, " "1, " "1, " "1, " "1, " "1, " "1, " "1, " "1, " "1, " "1, " "1, " "1, " "1, " "1, " "1, " "1, " "1, " "1, " "1, " "1, " "1, " "1, " "1, " "1, " "1, " "1, " "1, " "1, " "1, " "1, " "1, " "1, " "1, " "1, " "1, " "1, " "1, " "1, " "1, " "1, " "1, " "1, " "1, " "1, " "1, " "1, " "1, " "1, " "1, " "1, " "1, " "1, " "1, " "1, " "1, " "1, " "1, " "1, " "1, " "1, " "1, " "1, " "1, " "1, " "1, " "1, " "1, " "1, " "1, " "1, " "1, " "1, " "1, " "1, " "1, " "1, " "1, " "1, " "1, " "1, " "1, " "1, " "1, " "1, " "1, " "1, " "1, " "1, " "1, " "1, " "1, " "1, " "1, " "1, " "1, "0
 "Nei139, 0.324, " "-0.48, " "1, " "1, " "1, " "1, " "1, " "1, " "1, " "1, " "1, " "1, " "1, " "1, " "1, " "1, " "1, " "1, " "1, " "1, " "1, " "1, " "1, " "1, " "1, " "1, " "1, " "1, " "1, " "1, " "1, " "1, " "1, " "1, " "1, " "1, " "1, " "1, " "1, " "1, " "1, " "1, " "1, " "1, " "1, " "1, " "1, " "1, " "1, " "1, " "1, " "1, " "1, " "1, " "1, " "1, " "1, " "1, " "1, " "1, " "1, " "1, " "1, " "1, " "1, " "1, " "1, " "1, " "1, " "1, " "1, " "1, " "1, " "1, " "1, " "1, " "1, " "1, " "1, " "1, " "1, " "1, " "1, " "1, " "1, " "1, " "1, " "1, " "1, " "1, " "1, " "1, " "1, " "1, " "1, " "1, " "1, " "1, " "1, " "1, " "1, " "1, " "1, " "1, " "1, " "1, " "1, " "1, " "1, " "1, " "1, " "1, " "1, " "1, " "1, " "1, " "1, " "1, " "1, " "1, " "1, " "1, " "1, " "1, " "1, " "1, " "1, " "1, " "1, " "1, " "1, " "1, " "1, " "1, " "1, " "1, " "1, " "1, " "1, " "1, " "1, " "0, " "1, " "1, " "1, " "1, " "1, " "1, " "1, " "1, " "1, " "1, " "1, " "1, " "1, " "1, " "1, " "1, " "1, " "1, " "1, " "1, " "1, " "1, " "1, " "1, " "1, " "1, " "1, " "1, " "1, " "1, " "1, " "1, " "1, " "1, " "1, " "1, " "1, " "1, " "1, " "1, " "1, " "1, " "1, " "1, " "1, " "1, " "1, " "1, " "1, " "1, " "1, " "1, " "1, " "1, " "1, " "1, " "1, " "1, " "1, " "1, " "1, " "1, " "1, " "1, " "1, " "1, " "1, " "1, " "1, " "1, " "1, " "1, " "1, " "1, " "1, " "1, " "1, " "1, " "1, " "1, " "1, " "1, " "1, " "1, " "1, " "1, " "1, " "1, " "1, " "1, " "1, " "1, " "1, " "1, " "1, " "1, " "1, " "1, " "1, " "1, " "1, " "1, " "1, " "1, " "1, " "1, " "1, " "1, " "1, " "1, " "1, " "1, " "1, " "1, " "1, " "1, " "1, "0
 "Nei140, 0.367, " "0.825, " "1, " "1, " "1, " "1, " "1, " "1, " "1, " "1, " "1, " "1, " "1, " "1, " "1, " "1, " "1, " "1, " "1, " "1, " "1, " "1, " "1, " "1, " "1, " "1, " "1, " "1, " "1, " "1, " "1, " "1, " "1, " "1, " "1, " "1, " "1, " "1, " "1, " "1, " "1, " "1, " "1, " "1, " "1, " "1, " "1, " "1, " "1, " "1, " "1, " "1, " "1, " "1, " "1, " "1, " "1, " "1, " "1, " "1, " "1, " "1, " "1, " "1, " "1, " "1, " "1, " "1, " "1, " "1, " "1, " "1, " "1, " "1, " "1, " "1, " "1, " "1, " "1, " "1, " "1, " "1, " "1, " "1, " "1, " "1, " "1, " "1, " "1, " "1, " "1, " "1, " "1, " "1, " "1, " "1, " "1, " "1, " "1, " "1, " "1, " "1, " "1, " "1, " "1, " "1, " "1, " "1, " "1, " "1, " "1, " "1, " "1, " "1, " "1, " "1, " "1, " "1, " "1, " "1, " "1, " "1, " "1, " "1, " "1, " "1, " "1, " "1, " "1, " "1, " "1, " "1, " "1, " "1, " "1, " "1, " "1, " "1, " "1, " "1, " "1, " "1, " "0, " "1, " "1, " "1, " "1, " "1, " "1, " "1, " "1, " "1, " "1, " "1, " "1, " "1, " "1, " "1, " "1, " "1, " "1, " "1, " "1, " "1, " "1, " "1, " "1, " "1, " "1, " "1, " "1, " "1, " "1, " "1, " "1, " "1, " "1, " "1, " "1, " "1, " "1, " "1, " "1, " "1, " "1, " "1, " "1, " "1, " "1, " "1, " "1, " "1, " "1, " "1, " "1, " "1, " "1, " "1, " "1, " "1, " "1, " "1, " "1, " "1, " "1, " "1, " "1, " "1, " "1, " "1, " "1, " "1, " "1, " "1, " "1, " "1, " "1, " "1, " "1, " "1, " "1, " "1, " "1, " "1, " "1, " "1, " "1, " "1, " "1, " "1, " "1, " "1, " "1, " "1, " "1, " "1, " "1, " "1, " "1, " "1, " "1, " "1, " "1, " "1, " "1, " "1, " "1, " "1, " "1, " "1, " "1, " "1, " "1, " "1, " "1, " "1, " "1, " "1, " "1, "0
 "Nei141, 0.045, " "0.574, " "1, " "1, " "1, " "1, " "1, " "1, " "1, " "1, " "1, " "1, " "1, " "1, " "1, " "1, " "1, " "1, " "1, " "1, " "1, " "1, " "1, " "1, " "1, " "1, " "1, " "1, " "1, " "1, " "1, " "1, " "1, " "1, " "1, " "1, " "1, " "1, " "1, " "1, " "1, " "1, " "1, " "1, " "1, " "1, " "1, " "1, " "1, " "1, " "1, " "1, " "1, " "1, " "1, " "1, " "1, " "1, " "1, " "1, " "1, " "1, " "1, " "1, " "1, " "1, " "1, " "1, " "1, " "1, " "1, " "1, " "1, " "1, " "1, " "1, " "1, " "1, " "1, " "1, " "1, " "1, " "1, " "1, " "1, " "1, " "1, " "1, " "1, " "1, " "1, " "1, " "1, " "1, " "1, " "1, " "1, " "1, " "1, " "1, " "1, " "1, " "1, " "1, " "1, " "1, " "1, " "1, " "1, " "1, " "1, " "1, " "1, " "1, " "1, " "1, " "1, " "1, " "1, " "1, " "1, " "1, " "1, " "1, " "1, " "1, " "1, " "1, " "1, " "1, " "1, " "1, " "1, " "1, " "1, " "1, " "1, " "1, " "1, " "1, " "1, " "1, " "1, " "0, " "1, " "1, " "1, " "1, " "1, " "1, " "1, " "1, " "1, " "1, " "1, " "1, " "1, " "1, " "1, " "1, " "1, " "1, " "1, " "1, " "1, " "1, " "1, " "1, " "1, " "1, " "1, " "1, " "1, " "1, " "1, " "1, " "1, " "1, " "1, " "1, " "1, " "1, " "1, " "1, " "1, " "1, " "1, " "1, " "1, " "1, " "1, " "1, " "1, " "1, " "1, " "1, " "1, " "1, " "1, " "1, " "1, " "1, " "1, " "1, " "1, " "1, " "1, " "1, " "1, " "1, " "1, " "1, " "1, " "1, " "1, " "1, " "1, " "1, " "1, " "1, " "1, " "1, " "1, " "1, " "1, " "1, " "1, " "1, " "1, " "1, " "1, " "1, " "1, " "1, " "1, " "1, " "1, " "1, " "1, " "1, " "1, " "1, " "1, " "1, " "1, " "1, " "1, " "1, " "1, " "1, " "1, " "1, " "1, " "1, " "1, " "1, " "1, " "1, " "1, "0
 "Nei142, 0.388, " "0.835, " "1, " "1, " "1, " "1, " "1, " "1, " "1, " "1, " "1, " "1, " "1, " "1, " "1, " "1, " "1, " "1, " "1, " "1, " "1, " "1, " "1, " "1, " "1, " "1, " "1, " "1, " "1, " "1, " "1, " "1, " "1, " "1, " "1, " "1, " "1, " "1, " "1, " "1, " "1, " "1, " "1, " "1, " "1, " "1, " "1, " "1, " "1, " "1, " "1, " "1, " "1, " "1, " "1, " "1, " "1, " "1, " "1, " "1, " "1, " "1, " "1, " "1, " "1, " "1, " "1, " "1, " "1, " "1, " "1, " "1, " "1, " "1, " "1, " "1, " "1, " "1, " "1, " "1, " "1, " "1, " "1, " "1, " "1, " "1, " "1, " "1, " "1, " "1, " "1, " "1, " "1, " "1, " "1, " "1, " "1, " "1, " "1, " "1, " "1, " "1, " "1, " "1, " "1, " "1, " "1, " "1, " "1, " "1, " "1, " "1, " "1, " "1, " "1, " "1, " "1, " "1, " "1, " "1, " "1, " "1, " "1, " "1, " "1, " "1, " "1, " "1, " "1, " "1, " "1, " "1, " "1, " "1, " "1, " "1, " "1, " "1, " "1, " "1, " "1, " "1, " "1, " "1, " "0, " "1, " "1, " "1, " "1, " "1, " "1, " "1, " "1, " "1, " "1, " "1, " "1, " "1, " "1, " "1, " "1, " "1, " "1, " "1, " "1, " "1, " "1, " "1, " "1, " "1, " "1, " "1, " "1, " "1, " "1, " "1, " "1, " "1, " "1, " "1, " "1, " "1, " "1, " "1, " "1, " "1, " "1, " "1, " "1, " "1, " "1, " "1, " "1, " "1, " "1, " "1, " "1, " "1, " "1, " "1, " "1, " "1, " "1, " "1, " "1, " "1, " "1, " "1, " "1, " "1, " "1, " "1, " "1, " "1, " "1, " "1, " "1, " "1, " "1, " "1, " "1, " "1, " "1, " "1, " "1, " "1, " "1, " "1, " "1, " "1, " "1, " "1, " "1, " "1, " "1, " "1, " "1, " "1, " "1, " "1, " "1, " "1, " "1, " "1, " "1, " "1, " "1, " "1, " "1, " "1, " "1, " "1, " "1, " "1, " "1, " "1, " "1, " "1, " "1, "0
 "Nei143, 0.046, " "-0.495, " "1, " "1, " "1, " "1, " "1, " "1, " "1, " "1, " "1, " "1, " "1, " "1, " "1, " "1, " "1, " "1, " "1, " "1, " "1, " "1, " "1, " "1, " "1, " "1, " "1, " "1, " "1, " "1, " "1, " "1, " "1, " "1, " "1, " "1, " "1, " "1, " "1, " "1, " "1, " "1, " "1, " "1, " "1, " "1, " "1, " "1, " "1, " "1, " "1, " "1, " "1, " "1, " "1, " "1, " "1, " "1, " "1, " "1, " "1, " "1, " "1, " "1, " "1, " "1, " "1, " "1, " "1, " "1, " "1, " "1, " "1, " "1, " "1, " "1, " "1, " "1, " "1, " "1, " "1, " "1, " "1, " "1, " "1, " "1, " "1, " "1, " "1, " "1, " "1, " "1, " "1, " "1, " "1, " "1, " "1, " "1, " "1, " "1, " "1, " "1, " "1, " "1, " "1, " "1, " "1, " "1, " "1, " "1, " "1, " "1, " "1, " "1, " "1, " "1, " "1, " "1, " "1, " "1, " "1, " "1, " "1, " "1, " "1, " "1, " "1, " "1, " "1, " "1, " "1, " "1, " "1, " "1, " "1, " "1, " "1, " "1, " "1, " "1, " "1, " "1, " "1, " "1, " "1, " "0, " "1, " "1, " "1, " "1, " "1, " "1, " "1, " "1, " "1, " "1, " "1, " "1, " "1, " "1, " "1, " "1, " "1, " "1, " "1, " "1, " "1, " "1, " "1, " "1, " "1, " "1, " "1, " "1, " "1, " "1, " "1, " "1, " "1, " "1, " "1, " "1, " "1, " "1, " "1, " "1, " "1, " "1, " "1, " "1, " "1, " "1, " "1, " "1, " "1, " "1, " "1, " "1, " "1, " "1, " "1, " "1, " "1, " "1, " "1, " "1, " "1, " "1, " "1, " "1, " "1, " "1, " "1, " "1, " "1, " "1, " "1, " "1, " "1, " "1, " "1, " "1, " "1, " "1, " "1, " "1, " "1, " "1, " "1, " "1, " "1, " "1, " "1, " "1, " "1, " "1, " "1, " "1, " "1, " "1, " "1, " "1, " "1, " "1, " "1, " "1, " "1, " "1, " "1, " "1, " "1, " "1, " "1, " "1, " "1, " "1, " "1, " "1, " "1, "0
 "Nei144, 0.147, " "-0.368, " "1, " "1, " "1, " "1, " "1, " "1, " "1, " "1, " "1, " "1, " "1, " "1, " "1, " "1, " "1, " "1, " "1, " "1, " "1, " "1, " "1, " "1, " "1, " "1, " "1, " "1, " "1, " "1, " "1, " "1, " "1, " "1, " "1, " "1, " "1, " "1, " "1, " "1, " "1, " "1, " "1, " "1, " "1, " "1, " "1, " "1, " "1, " "1, " "1, " "1, " "1, " "1, " "1, " "1, " "1, " "1, " "1, " "1, " "1, " "1, " "1, " "1, " "1, " "1, " "1, " "1, " "1, " "1, " "1, " "1, " "1, " "1, " "1, " "1, " "1, " "1, " "1, " "1, " "1, " "1, " "1, " "1, " "1, " "1, " "1, " "1, " "1, " "1, " "1, " "1, " "1, " "1, " "1, " "1, " "1, " "1, " "1, " "1, " "1, " "1, " "1, " "1, " "1, " "1, " "1, " "1, " "1, " "1, " "1, " "1, " "1, " "1, " "1, " "1, " "1, " "1, " "1, " "1, " "1, " "1, " "1, " "1, " "1, " "1, " "1, " "1, " "1, " "1, " "1, " "1, " "1, " "1, " "1, " "1, " "1, " "1, " "1, " "1, " "1, " "1, " "1, " "1, " "1, " "1, " "0, " "1, " "1, " "1, " "1, " "1, " "1, " "1, " "1, " "1, " "1, " "1, " "1, " "1, " "1, " "1, " "1, " "1, " "1, " "1, " "1, " "1, " "1, " "1, " "1, " "1, " "1, " "1, " "1, " "1, " "1, " "1, " "1, " "1, " "1, " "1, " "1, " "1, " "1, " "1, " "1, " "1, " "1, " "1, " "1, " "1, " "1, " "1, " "1, " "1, " "1, " "1, " "1, " "1, " "1, " "1, " "1, " "1, " "1, " "1, " "1, " "1, " "1, " "1, " "1, " "1, " "1, " "1, " "1, " "1, " "1, " "1, " "1, " "1, " "1, " "1, " "1, " "1, " "1, " "1, " "1, " "1, " "1, " "1, " "1, " "1, " "1, " "1, " "1, " "1, " "1, " "1, " "1, " "1, " "1, " "1, " "1, " "1, " "1, " "1, " "1, " "1, " "1, " "1, " "1, " "1, " "1, " "1, " "1, " "1, " "1, " "1, " "1, "0
 "Nei145, 0.291, " "-0.571, " "1, " "1, " "1, " "1, " "1, " "1, " "1, " "1, " "1, " "1, " "1, " "1, " "1, " "1, " "1, " "1, " "1, " "1, " "1, " "1, " "1, " "1, " "1, " "1, " "1, " "1, " "1, " "1, " "1, " "1, " "1, " "1, " "1, " "1, " "1, " "1, " "1, " "1, " "1, " "1, " "1, " "1, " "1, " "1, " "1, " "1, " "1, " "1, " "1, " "1, " "1, " "1, " "1, " "1, " "1, " "1, " "1, " "1, " "1, " "1, " "1, " "1, " "1, " "1, " "1, " "1, " "1, " "1, " "1, " "1, " "1, " "1, " "1, " "1, " "1, " "1, " "1, " "1, " "1, " "1, " "1, " "1, " "1, " "1, " "1, " "1, " "1, " "1, " "1, " "1, " "1, " "1, " "1, " "1, " "1, " "1, " "1, " "1, " "1, " "1, " "1, " "1, " "1, " "1, " "1, " "1, " "1, " "1, " "1, " "1, " "1, " "1, " "1, " "1, " "1, " "1, " "1, " "1, " "1, " "1, " "1, " "1, " "1, " "1, " "1, " "1, " "1, " "1, " "1, " "1, " "1, " "1, " "1, " "1, " "1, " "1, " "1, " "1, " "1, " "1, " "1, " "1, " "1, " "1, " "1, " "0, " "1, " "1, " "1, " "1, " "1, " "1, " "1, " "1, " "1, " "1, " "1, " "1, " "1, " "1, " "1, " "1, " "1, " "1, " "1, " "1, " "1, " "1, " "1, " "1, " "1, " "1, " "1, " "1, " "1, " "1, " "1, " "1, " "1, " "1, " "1, " "1, " "1, " "1, " "1, " "1, " "1, " "1, " "1, " "1, " "1, " "1, " "1, " "1, " "1, " "1, " "1, " "1, " "1, " "1, " "1, " "1, " "1, " "1, " "1, " "1, " "1, " "1, " "1, " "1, " "1, " "1, " "1, " "1, " "1, " "1, " "1, " "1, " "1, " "1, " "1, " "1, " "1, " "1, " "1, " "1, " "1, " "1, " "1, " "1, " "1, " "1, " "1, " "1, " "1, " "1, " "1, " "1, " "1, " "1, " "1, " "1, " "1, " "1, " "1, " "1, " "1, " "1, " "1, " "1, " "1, " "1, " "1, " "1, " "1, " "1, " "1, "0
 "Nei146, 0.31, " "-0.555, " "1, " "1, " "1, " "1, " "1, " "1, " "1, " "1, " "1, " "1, " "1, " "1, " "1, " "1, " "1, " "1, " "1, " "1, " "1, " "1, " "1, " "1, " "1, " "1, " "1, " "1, " "1, " "1, " "1, " "1, " "1, " "1, " "1, " "1, " "1, " "1, " "1, " "1, " "1, " "1, " "1, " "1, " "1, " "1, " "1, " "1, " "1, " "1, " "1, " "1, " "1, " "1, " "1, " "1, " "1, " "1, " "1, " "1, " "1, " "1, " "1, " "1, " "1, " "1, " "1, " "1, " "1, " "1, " "1, " "1, " "1, " "1, " "1, " "1, " "1, " "1, " "1, " "1, " "1, " "1, " "1, " "1, " "1, " "1, " "1, " "1, " "1, " "1, " "1, " "1, " "1, " "1, " "1, " "1, " "1, " "1, " "1, " "1, " "1, " "1, " "1, " "1, " "1, " "1, " "1, " "1, " "1, " "1, " "1, " "1, " "1, " "1, " "1, " "1, " "1, " "1, " "1, " "1, " "1, " "1, " "1, " "1, " "1, " "1, " "1, " "1, " "1, " "1, " "1, " "1, " "1, " "1, " "1, " "1, " "1, " "1, " "1, " "1, " "1, " "1, " "1, " "1, " "1, " "1, " "1, " "1, " "0, " "1, " "1, " "1, " "1, " "1, " "1, " "1, " "1, " "1, " "1, " "1, " "1, " "1, " "1, " "1, " "1, " "1, " "1, " "1, " "1, " "1, " "1, " "1, " "1, " "1, " "1, " "1, " "1, " "1, " "1, " "1, " "1, " "1, " "1, " "1, " "1, " "1, " "1, " "1, " "1, " "1, " "1, " "1, " "1, " "1, " "1, " "1, " "1, " "1, " "1, " "1, " "1, " "1, " "1, " "1, " "1, " "1, " "1, " "1, " "1, " "1, " "1, " "1, " "1, " "1, " "1, " "1, " "1, " "1, " "1, " "1, " "1, " "1, " "1, " "1, " "1, " "1, " "1, " "1, " "1, " "1, " "1, " "1, " "1, " "1, " "1, " "1, " "1, " "1, " "1, " "1, " "1, " "1, " "1, " "1, " "1, " "1, " "1, " "1, " "1, " "1, " "1, " "1, " "1, " "1, " "1, " "1, " "1, " "1, " "1, "0
 "Nei147, 0.032, " "-0.265, " "1, " "1, " "1, " "1, " "1, " "1, " "1, " "1, " "1, " "1, " "1, " "1, " "1, " "1, " "1, " "1, " "1, " "1, " "1, " "1, " "1, " "1, " "1, " "1, " "1, " "1, " "1, " "1, " "1, " "1, " "1, " "1, " "1, " "1, " "1, " "1, " "1, " "1, " "1, " "1, " "1, " "1, " "1, " "1, " "1, " "1, " "1, " "1, " "1, " "1, " "1, " "1, " "1, " "1, " "1, " "1, " "1, " "1, " "1, " "1, " "1, " "1, " "1, " "1, " "1, " "1, " "1, " "1, " "1, " "1, " "1, " "1, " "1, " "1, " "1, " "1, " "1, " "1, " "1, " "1, " "1, " "1, " "1, " "1, " "1, " "1, " "1, " "1, " "1, " "1, " "1, " "1, " "1, " "1, " "1, " "1, " "1, " "1, " "1, " "1, " "1, " "1, " "1, " "1, " "1, " "1, " "1, " "1, " "1, " "1, " "1, " "1, " "1, " "1, " "1, " "1, " "1, " "1, " "1, " "1, " "1, " "1, " "1, " "1, " "1, " "1, " "1, " "1, " "1, " "1, " "1, " "1, " "1, " "1, " "1, " "1, " "1, " "1, " "1, " "1, " "1, " "1, " "1, " "1, " "1, " "1, " "1, " "0, " "1, " "1, " "1, " "1, " "1, " "1, " "1, " "1, " "1, " "1, " "1, " "1, " "1, " "1, " "1, " "1, " "1, " "1, " "1, " "1, " "1, " "1, " "1, " "1, " "1, " "1, " "1, " "1, " "1, " "1, " "1, " "1, " "1, " "1, " "1, " "1, " "1, " "1, " "1, " "1, " "1, " "1, " "1, " "1, " "1, " "1, " "1, " "1, " "1, " "1, " "1, " "1, " "1, " "1, " "1, " "1, " "1, " "1, " "1, " "1, " "1, " "1, " "1, " "1, " "1, " "1, " "1, " "1, " "1, " "1, " "1, " "1, " "1, " "1, " "1, " "1, " "1, " "1, " "1, " "1, " "1, " "1, " "1, " "1, " "1, " "1, " "1, " "1, " "1, " "1, " "1, " "1, " "1, " "1, " "1, " "1, " "1, " "1, " "1, " "1, " "1, " "1, " "1, " "1, " "1, " "1, " "1, " "1, " "1, "0
 "Nei148, 0.033, " "-0.464, " "1, " "1, " "1, " "1, " "1, " "1, " "1, " "1, " "1, " "1, " "1, " "1, " "1, " "1, " "1, " "1, " "1, " "1, " "1, " "1, " "1, " "1, " "1, " "1, " "1, " "1, " "1, " "1, " "1, " "1, " "1, " "1, " "1, " "1, " "1, " "1, " "1, " "1, " "1, " "1, " "1, " "1, " "1, " "1, " "1, " "1, " "1, " "1, " "1, " "1, " "1, " "1, " "1, " "1, " "1, " "1, " "1, " "1, " "1, " "1, " "1, " "1, " "1, " "1, " "1, " "1, " "1, " "1, " "1, " "1, " "1, " "1, " "1, " "1, " "1, " "1, " "1, " "1, " "1, " "1, " "1, " "1, " "1, " "1, " "1, " "1, " "1, " "1, " "1, " "1, " "1, " "1, " "1, " "1, " "1, " "1, " "1, " "1, " "1, " "1, " "1, " "1, " "1, " "1, " "1, " "1, " "1, " "1, " "1, " "1, " "1, " "1, " "1, " "1, " "1, " "1, " "1, " "1, " "1, " "1, " "1, " "1, " "1, " "1, " "1, " "1, " "1, " "1, " "1, " "1, " "1, " "1, " "1, " "1, " "1, " "1, " "1, " "1, " "1, " "1, " "1, " "1, " "1, " "1, " "1, " "1, " "1, " "1, " "0, " "1, " "1, " "1, " "1, " "1, " "1, " "1, " "1, " "1, " "1, " "1, " "1, " "1, " "1, " "1, " "1, " "1, " "1, " "1, " "1, " "1, " "1, " "1, " "1, " "1, " "1, " "1, " "1, " "1, " "1, " "1, " "1, " "1, " "1, " "1, " "1, " "1, " "1, " "1, " "1, " "1, " "1, " "1, " "1, " "1, " "1, " "1, " "1, " "1, " "1, " "1, " "1, " "1, " "1, " "1, " "1, " "1, " "1, " "1, " "1, " "1, " "1, " "1, " "1, " "1, " "1, " "1, " "1, " "1, " "1, " "1, " "1, " "1, " "1, " "1, " "1, " "1, " "1, " "1, " "1, " "1, " "1, " "1, " "1, " "1, " "1, " "1, " "1, " "1, " "1, " "1, " "1, " "1, " "1, " "1, " "1, " "1, " "1, " "1, " "1, " "1, " "1, " "1, " "1, " "1, " "1, " "1, " "1, "0
 "Nei149, 0.043, " "-0.224, " "1, " "1, " "1, " "1, " "1, " "1, " "1, " "1, " "1, " "1, " "1, " "1, " "1, " "1, " "1, " "1, " "1, " "1, " "1, " "1, " "1, " "1, " "1, " "1, " "1, " "1, " "1, " "1, " "1, " "1, " "1, " "1, " "1, " "1, " "1, " "1, " "1, " "1, " "1, " "1, " "1, " "1, " "1, " "1, " "1, " "1, " "1, " "1, " "1, " "1, " "1, " "1, " "1, " "1, " "1, " "1, " "1, " "1, " "1, " "1, " "1, " "1, " "1, " "1, " "1, " "1, " "1, " "1, " "1, " "1, " "1, " "1, " "1, " "1, " "1, " "1, " "1, " "1, " "1, " "1, " "1, " "1, " "1, " "1, " "1, " "1, " "1, " "1, " "1, " "1, " "1, " "1, " "1, " "1, " "1, " "1, " "1, " "1, " "1, " "1, " "1, " "1, " "1, " "1, " "1, " "1, " "1, " "1, " "1, " "1, " "1, " "1, " "1, " "1, " "1, " "1, " "1, " "1, " "1, " "1, " "1, " "1, " "1, " "1, " "1, " "1, " "1, " "1, " "1, " "1, " "1, " "1, " "1, " "1, " "1, " "1, " "1, " "1, " "1, " "1, " "1, " "1, " "1, " "1, " "1, " "1, " "1, " "1, " "1, " "0, " "1, " "1, " "1, " "1, " "1, " "1, " "1, " "1, " "1, " "1, " "1, " "1, " "1, " "1, " "1, " "1, " "1, " "1, " "1, " "1, " "1, " "1, " "1, " "1, " "1, " "1, " "1, " "1, " "1, " "1, " "1, " "1, " "1, " "1, " "1, " "1, " "1, " "1, " "1, " "1, " "1, " "1, " "1, " "1, " "1, " "1, " "1, " "1, " "1, " "1, " "1, " "1, " "1, " "1, " "1, " "1, " "1, " "1, " "1, " "1, " "1, " "1, " "1, " "1, " "1, " "1, " "1, " "1, " "1, " "1, " "1, " "1, " "1, " "1, " "1, " "1, " "1, " "1, " "1, " "1, " "1, " "1, " "1, " "1, " "1, " "1, " "1, " "1, " "1, " "1, " "1, " "1, " "1, " "1, " "1, " "1, " "1, " "1, " "1, " "1, " "1, " "1, " "1, " "1, " "1, " "1, " "1, "0
 "Nei150, 0.023, " "0.655, " "1, " "1, " "1, " "1, " "1, " "1, " "1, " "1, " "1, " "1, " "1, " "1, " "1, " "1, " "1, " "1, " "1, " "1, " "1, " "1, " "1, " "1, " "1, " "1, " "1, " "1, " "1, " "1, " "1, " "1, " "1, " "1, " "1, " "1, " "1, " "1, " "1, " "1, " "1, " "1, " "1, " "1, " "1, " "1, " "1, " "1, " "1, " "1, " "1, " "1, " "1, " "1, " "1, " "1, " "1, " "1, " "1, " "1, " "1, " "1, " "1, " "1, " "1, " "1, " "1, " "1, " "1, " "1, " "1, " "1, " "1, " "1, " "1, " "1, " "1, " "1, " "1, " "1, " "1, " "1, " "1, " "1, " "1, " "1, " "1, " "1, " "1, " "1, " "1, " "1, " "1, " "1, " "1, " "1, " "1, " "1, " "1, " "1, " "1, " "1, " "1, " "1, " "1, " "1, " "1, " "1, " "1, " "1, " "1, " "1, " "1, " "1, " "1, " "1, " "1, " "1, " "1, " "1, " "1, " "1, " "1, " "1, " "1, " "1, " "1, " "1, " "1, " "1, " "1, " "1, " "1, " "1, " "1, " "1, " "1, " "1, " "1, " "1, " "1, " "1, " "1, " "1, " "1, " "1, " "1, " "1, " "1, " "1, " "1, " "1, " "0, " "1, " "1, " "1, " "1, " "1, " "1, " "1, " "1, " "1, " "1, " "1, " "1, " "1, " "1, " "1, " "1, " "1, " "1, " "1, " "1, " "1, " "1, " "1, " "1, " "1, " "1, " "1, " "1, " "1, " "1, " "1, " "1, " "1, " "1, " "1, " "1, " "1, " "1, " "1, " "1, " "1, " "1, " "1, " "1, " "1, " "1, " "1, " "1, " "1, " "1, " "1, " "1, " "1, " "1, " "1, " "1, " "1, " "1, " "1, " "1, " "1, " "1, " "1, " "1, " "1, " "1, " "1, " "1, " "1, " "1, " "1, " "1, " "1, " "1, " "1, " "1, " "1, " "1, " "1, " "1, " "1, " "1, " "1, " "1, " "1, " "1, " "1, " "1, " "1, " "1, " "1, " "1, " "1, " "1, " "1, " "1, " "1, " "1, " "1, " "1, " "1, " "1, " "1, " "1, " "1, " "1, "0
 "Nei151, 0.39, " "-0.139, " "1, " "1, " "1, " "1, " "1, " "1, " "1, " "1, " "1, " "1, " "1, " "1, " "1, " "1, " "1, " "1, " "1, " "1, " "1, " "1, " "1, " "1, " "1, " "1, " "1, " "1, " "1, " "1, " "1, " "1, " "1, " "1, " "1, " "1, " "1, " "1, " "1, " "1, " "1, " "1, " "1, " "1, " "1, " "1, " "1, " "1, " "1, " "1, " "1, " "1, " "1, " "1, " "1, " "1, " "1, " "1, " "1, " "1, " "1, " "1, " "1, " "1, " "1, " "1, " "1, " "1, " "1, " "1, " "1, " "1, " "1, " "1, " "1, " "1, " "1, " "1, " "1, " "1, " "1, " "1, " "1, " "1, " "1, " "1, " "1, " "1, " "1, " "1, " "1, " "1, " "1, " "1, " "1, " "1, " "1, " "1, " "1, " "1, " "1, " "1, " "1, " "1, " "1, " "1, " "1, " "1, " "1, " "1, " "1, " "1, " "1, " "1, " "1, " "1, " "1, " "1, " "1, " "1, " "1, " "1, " "1, " "1, " "1, " "1, " "1, " "1, " "1, " "1, " "1, " "1, " "1, " "1, " "1, " "1, " "1, " "1, " "1, " "1, " "1, " "1, " "1, " "1, " "1, " "1, " "1, " "1, " "1, " "1, " "1, " "1, " "1, " "0, " "1, " "1, " "1, " "1, " "1, " "1, " "1, " "1, " "1, " "1, " "1, " "1, " "1, " "1, " "1, " "1, " "1, " "1, " "1, " "1, " "1, " "1, " "1, " "1, " "1, " "1, " "1, " "1, " "1, " "1, " "1, " "1, " "1, " "1, " "1, " "1, " "1, " "1, " "1, " "1, " "1, " "1, " "1, " "1, " "1, " "1, " "1, " "1, " "1, " "1, " "1, " "1, " "1, " "1, " "1, " "1, " "1, " "1, " "1, " "1, " "1, " "1, " "1, " "1, " "1, " "1, " "1, " "1, " "1, " "1, " "1, " "1, " "1, " "1, " "1, " "1, " "1, " "1, " "1, " "1, " "1, " "1, " "1, " "1, " "1, " "1, " "1, " "1, " "1, " "1, " "1, " "1, " "1, " "1, " "1, " "1, " "1, " "1, " "1, " "1, " "1, " "1, " "1, " "1, " "1, "0
 "Nei152, 0.067, " "-0.418, " "1, " "1, " "1, " "1, " "1, " "1, " "1, " "1, " "1, " "1, " "1, " "1, " "1, " "1, " "1, " "1, " "1, " "1, " "1, " "1, " "1, " "1, " "1, " "1, " "1, " "1, " "1, " "1, " "1, " "1, " "1, " "1, " "1, " "1, " "1, " "1, " "1, " "1, " "1, " "1, " "1, " "1, " "1, " "1, " "1, " "1, " "1, " "1, " "1, " "1, " "1, " "1, " "1, " "1, " "1, " "1, " "1, " "1, " "1, " "1, " "1, " "1, " "1, " "1, " "1, " "1, " "1, " "1, " "1, " "1, " "1, " "1, " "1, " "1, " "1, " "1, " "1, " "1, " "1, " "1, " "1, " "1, " "1, " "1, " "1, " "1, " "1, " "1, " "1, " "1, " "1, " "1, " "1, " "1, " "1, " "1, " "1, " "1, " "1, " "1, " "1, " "1, " "1, " "1, " "1, " "1, " "1, " "1, " "1, " "1, " "1, " "1, " "1, " "1, " "1, " "1, " "1, " "1, " "1, " "1, " "1, " "1, " "1, " "1, " "1, " "1, " "1, " "1, " "1, " "1, " "1, " "1, " "1, " "1, " "1, " "1, " "1, " "1, " "1, " "1, " "1, " "1, " "1, " "1, " "1, " "1, " "1, " "1, " "1, " "1, " "1, " "1, " "0, " "1, " "1, " "1, " "1, " "1, " "1, " "1, " "1, " "1, " "1, " "1, " "1, " "1, " "1, " "1, " "1, " "1, " "1, " "1, " "1, " "1, " "1, " "1, " "1, " "1, " "1, " "1, " "1, " "1, " "1, " "1, " "1, " "1, " "1, " "1, " "1, " "1, " "1, " "1, " "1, " "1, " "1, " "1, " "1, " "1, " "1, " "1, " "1, " "1, " "1, " "1, " "1, " "1, " "1, " "1, " "1, " "1, " "1, " "1, " "1, " "1, " "1, " "1, " "1, " "1, " "1, " "1, " "1, " "1, " "1, " "1, " "1, " "1, " "1, " "1, " "1, " "1, " "1, " "1, " "1, " "1, " "1, " "1, " "1, " "1, " "1, " "1, " "1, " "1, " "1, " "1, " "1, " "1, " "1, " "1, " "1, " "1, " "1, " "1, " "1, " "1, " "1, " "1, " "1, "0
 "Nei153, 0.009, " "-0.45, " "1, " "1, " "1, " "1, " "1, " "1, " "1, " "1, " "1, " "1, " "1, " "1, " "1, " "1, " "1, " "1, " "1, " "1, " "1, " "1, " "1, " "1, " "1, " "1, " "1, " "1, " "1, " "1, " "1, " "1, " "1, " "1, " "1, " "1, " "1, " "1, " "1, " "1, " "1, " "1, " "1, " "1, " "1, " "1, " "1, " "1, " "1, " "1, " "1, " "1, " "1, " "1, " "1, " "1, " "1, " "1, " "1, " "1, " "1, " "1, " "1, " "1, " "1, " "1, " "1, " "1, " "1, " "1, " "1, " "1, " "1, " "1, " "1, " "1, " "1, " "1, " "1, " "1, " "1, " "1, " "1, " "1, " "1, " "1, " "1, " "1, " "1, " "1, " "1, " "1, " "1, " "1, " "1, " "1, " "1, " "1, " "1, " "1, " "1, " "1, " "1, " "1, " "1, " "1, " "1, " "1, " "1, " "1, " "1, " "1, " "1, " "1, " "1, " "1, " "1, " "1, " "1, " "1, " "1, " "1, " "1, " "1, " "1, " "1, " "1, " "1, " "1, " "1, " "1, " "1, " "1, " "1, " "1, " "1, " "1, " "1, " "1, " "1, " "1, " "1, " "1, " "1, " "1, " "1, " "1, " "1, " "1, " "1, " "1, " "1, " "1, " "1, " "1, " "0, " "1, " "1, " "1, " "1, " "1, " "1, " "1, " "1, " "1, " "1, " "1, " "1, " "1, " "1, " "1, " "1, " "1, " "1, " "1, " "1, " "1, " "1, " "1, " "1, " "1, " "1, " "1, " "1, " "1, " "1, " "1, " "1, " "1, " "1, " "1, " "1, " "1, " "1, " "1, " "1, " "1, " "1, " "1, " "1, " "1, " "1, " "1, " "1, " "1, " "1, " "1, " "1, " "1, " "1, " "1, " "1, " "1, " "1, " "1, " "1, " "1, " "1, " "1, " "1, " "1, " "1, " "1, " "1, " "1, " "1, " "1, " "1, " "1, " "1, " "1, " "1, " "1, " "1, " "1, " "1, " "1, " "1, " "1, " "1, " "1, " "1, " "1, " "1, " "1, " "1, " "1, " "1, " "1, " "1, " "1, " "1, " "1, " "1, " "1, " "1, " "1, " "1, " "1, "0
 "Nei154, 0.18, " "-0.938, " "1, " "1, " "1, " "1, " "1, " "1, " "1, " "1, " "1, " "1, " "1, " "1, " "1, " "1, " "1, " "1, " "1, " "1, " "1, " "1, " "1, " "1, " "1, " "1, " "1, " "1, " "1, " "1, " "1, " "1, " "1, " "1, " "1, " "1, " "1, " "1, " "1, " "1, " "1, " "1, " "1, " "1, " "1, " "1, " "1, " "1, " "1, " "1, " "1, " "1, " "1, " "1, " "1, " "1, " "1, " "1, " "1, " "1, " "1, " "1, " "1, " "1, " "1, " "1, " "1, " "1, " "1, " "1, " "1, " "1, " "1, " "1, " "1, " "1, " "1, " "1, " "1, " "1, " "1, " "1, " "1, " "1, " "1, " "1, " "1, " "1, " "1, " "1, " "1, " "1, " "1, " "1, " "1, " "1, " "1, " "1, " "1, " "1, " "1, " "1, " "1, " "1, " "1, " "1, " "1, " "1, " "1, " "1, " "1, " "1, " "1, " "1, " "1, " "1, " "1, " "1, " "1, " "1, " "1, " "1, " "1, " "1, " "1, " "1, " "1, " "1, " "1, " "1, " "1, " "1, " "1, " "1, " "1, " "1, " "1, " "1, " "1, " "1, " "1, " "1, " "1, " "1, " "1, " "1, " "1, " "1, " "1, " "1, " "1, " "1, " "1, " "1, " "1, " "1, " "0, " "1, " "1, " "1, " "1, " "1, " "1, " "1, " "1, " "1, " "1, " "1, " "1, " "1, " "1, " "1, " "1, " "1, " "1, " "1, " "1, " "1, " "1, " "1, " "1, " "1, " "1, " "1, " "1, " "1, " "1, " "1, " "1, " "1, " "1, " "1, " "1, " "1, " "1, " "1, " "1, " "1, " "1, " "1, " "1, " "1, " "1, " "1, " "1, " "1, " "1, " "1, " "1, " "1, " "1, " "1, " "1, " "1, " "1, " "1, " "1, " "1, " "1, " "1, " "1, " "1, " "1, " "1, " "1, " "1, " "1, " "1, " "1, " "1, " "1, " "1, " "1, " "1, " "1, " "1, " "1, " "1, " "1, " "1, " "1, " "1, " "1, " "1, " "1, " "1, " "1, " "1, " "1, " "1, " "1, " "1, " "1, " "1, " "1, " "1, " "1, " "1, " "1, "0
 "Nei155, 0.041, " "-0.087, " "1, " "1, " "1, " "1, " "1, " "1, " "1, " "1, " "1, " "1, " "1, " "1, " "1, " "1, " "1, " "1, " "1, " "1, " "1, " "1, " "1, " "1, " "1, " "1, " "1, " "1, " "1, " "1, " "1, " "1, " "1, " "1, " "1, " "1, " "1, " "1, " "1, " "1, " "1, " "1, " "1, " "1, " "1, " "1, " "1, " "1, " "1, " "1, " "1, " "1, " "1, " "1, " "1, " "1, " "1, " "1, " "1, " "1, " "1, " "1, " "1, " "1, " "1, " "1, " "1, " "1, " "1, " "1, " "1, " "1, " "1, " "1, " "1, " "1, " "1, " "1, " "1, " "1, " "1, " "1, " "1, " "1, " "1, " "1, " "1, " "1, " "1, " "1, " "1, " "1, " "1, " "1, " "1, " "1, " "1, " "1, " "1, " "1, " "1, " "1, " "1, " "1, " "1, " "1, " "1, " "1, " "1, " "1, " "1, " "1, " "1, " "1, " "1, " "1, " "1, " "1, " "1, " "1, " "1, " "1, " "1, " "1, " "1, " "1, " "1, " "1, " "1, " "1, " "1, " "1, " "1, " "1, " "1, " "1, " "1, " "1, " "1, " "1, " "1, " "1, " "1, " "1, " "1, " "1, " "1, " "1, " "1, " "1, " "1, " "1, " "1, " "1, " "1, " "1, " "1, " "0, " "1, " "1, " "1, " "1, " "1, " "1, " "1, " "1, " "1, " "1, " "1, " "1, " "1, " "1, " "1, " "1, " "1, " "1, " "1, " "1, " "1, " "1, " "1, " "1, " "1, " "1, " "1, " "1, " "1, " "1, " "1, " "1, " "1, " "1, " "1, " "1, " "1, " "1, " "1, " "1, " "1, " "1, " "1, " "1, " "1, " "1, " "1, " "1, " "1, " "1, " "1, " "1, " "1, " "1, " "1, " "1, " "1, " "1, " "1, " "1, " "1, " "1, " "1, " "1, " "1, " "1, " "1, " "1, " "1, " "1, " "1, " "1, " "1, " "1, " "1, " "1, " "1, " "1, " "1, " "1, " "1, " "1, " "1, " "1, " "1, " "1, " "1, " "1, " "1, " "1, " "1, " "1, " "1, " "1, " "1, " "1, " "1, " "1, " "1, " "1, " "1, "0
 "Nei156, 0.34, " "0.432, " "1, " "1, " "1, " "1, " "1, " "1, " "1, " "1, " "1, " "1, " "1, " "1, " "1, " "1, " "1, " "1, " "1, " "1, " "1, " "1, " "1, " "1, " "1, " "1, " "1, " "1, " "1, " "1, " "1, " "1, " "1, " "1, " "1, " "1, " "1, " "1, " "1, " "1, " "1, " "1, " "1, " "1, " "1, " "1, " "1, " "1, " "1, " "1, " "1, " "1, " "1, " "1, " "1, " "1, " "1, " "1, " "1, " "1, " "1, " "1, " "1, " "1, " "1, " "1, " "1, " "1, " "1, " "1, " "1, " "1, " "1, " "1, " "1, " "1, " "1, " "1, " "1, " "1, " "1, " "1, " "1, " "1, " "1, " "1, " "1, " "1, " "1, " "1, " "1, " "1, " "1, " "1, " "1, " "1, " "1, " "1, " "1, " "1, " "1, " "1, " "1, " "1, " "1, " "1, " "1, " "1, " "1, " "1, " "1, " "1, " "1, " "1, " "1, " "1, " "1, " "1, " "1, " "1, " "1, " "1, " "1, " "1, " "1, " "1, " "1, " "1, " "1, " "1, " "1, " "1, " "1, " "1, " "1, " "1, " "1, " "1, " "1, " "1, " "1, " "1, " "1, " "1, " "1, " "1, " "1, " "1, " "1, " "1, " "1, " "1, " "1, " "1, " "1, " "1, " "1, " "1, " "0, " "1, " "1, " "1, " "1, " "1, " "1, " "1, " "1, " "1, " "1, " "1, " "1, " "1, " "1, " "1, " "1, " "1, " "1, " "1, " "1, " "1, " "1, " "1, " "1, " "1, " "1, " "1, " "1, " "1, " "1, " "1, " "1, " "1, " "1, " "1, " "1, " "1, " "1, " "1, " "1, " "1, " "1, " "1, " "1, " "1, " "1, " "1, " "1, " "1, " "1, " "1, " "1, " "1, " "1, " "1, " "1, " "1, " "1, " "1, " "1, " "1, " "1, " "1, " "1, " "1, " "1, " "1, " "1, " "1, " "1, " "1, " "1, " "1, " "1, " "1, " "1, " "1, " "1, " "1, " "1, " "1, " "1, " "1, " "1, " "1, " "1, " "1, " "1, " "1, " "1, " "1, " "1, " "1, " "1, " "1, " "1, " "1, " "1, " "1, " "1, "0
 "Nei157, 0.142, " "0.798, " "1, " "1, " "1, " "1, " "1, " "1, " "1, " "1, " "1, " "1, " "1, " "1, " "1, " "1, " "1, " "1, " "1, " "1, " "1, " "1, " "1, " "1, " "1, " "1, " "1, " "1, " "1, " "1, " "1, " "1, " "1, " "1, " "1, " "1, " "1, " "1, " "1, " "1, " "1, " "1, " "1, " "1, " "1, " "1, " "1, " "1, " "1, " "1, " "1, " "1, " "1, " "1, " "1, " "1, " "1, " "1, " "1, " "1, " "1, " "1, " "1, " "1, " "1, " "1, " "1, " "1, " "1, " "1, " "1, " "1, " "1, " "1, " "1, " "1, " "1, " "1, " "1, " "1, " "1, " "1, " "1, " "1, " "1, " "1, " "1, " "1, " "1, " "1, " "1, " "1, " "1, " "1, " "1, " "1, " "1, " "1, " "1, " "1, " "1, " "1, " "1, " "1, " "1, " "1, " "1, " "1, " "1, " "1, " "1, " "1, " "1, " "1, " "1, " "1, " "1, " "1, " "1, " "1, " "1, " "1, " "1, " "1, " "1, " "1, " "1, " "1, " "1, " "1, " "1, " "1, " "1, " "1, " "1, " "1, " "1, " "1, " "1, " "1, " "1, " "1, " "1, " "1, " "1, " "1, " "1, " "1, " "1, " "1, " "1, " "1, " "1, " "1, " "1, " "1, " "1, " "1, " "1, " "0, " "1, " "1, " "1, " "1, " "1, " "1, " "1, " "1, " "1, " "1, " "1, " "1, " "1, " "1, " "1, " "1, " "1, " "1, " "1, " "1, " "1, " "1, " "1, " "1, " "1, " "1, " "1, " "1, " "1, " "1, " "1, " "1, " "1, " "1, " "1, " "1, " "1, " "1, " "1, " "1, " "1, " "1, " "1, " "1, " "1, " "1, " "1, " "1, " "1, " "1, " "1, " "1, " "1, " "1, " "1, " "1, " "1, " "1, " "1, " "1, " "1, " "1, " "1, " "1, " "1, " "1, " "1, " "1, " "1, " "1, " "1, " "1, " "1, " "1, " "1, " "1, " "1, " "1, " "1, " "1, " "1, " "1, " "1, " "1, " "1, " "1, " "1, " "1, " "1, " "1, " "1, " "1, " "1, " "1, " "1, " "1, " "1, " "1, " "1, "0
 "Nei158, 0.159, " "0.297, " "1, " "1, " "1, " "1, " "1, " "1, " "1, " "1, " "1, " "1, " "1, " "1, " "1, " "1, " "1, " "1, " "1, " "1, " "1, " "1, " "1, " "1, " "1, " "1, " "1, " "1, " "1, " "1, " "1, " "1, " "1, " "1, " "1, " "1, " "1, " "1, " "1, " "1, " "1, " "1, " "1, " "1, " "1, " "1, " "1, " "1, " "1, " "1, " "1, " "1, " "1, " "1, " "1, " "1, " "1, " "1, " "1, " "1, " "1, " "1, " "1, " "1, " "1, " "1, " "1, " "1, " "1, " "1, " "1, " "1, " "1, " "1, " "1, " "1, " "1, " "1, " "1, " "1, " "1, " "1, " "1, " "1, " "1, " "1, " "1, " "1, " "1, " "1, " "1, " "1, " "1, " "1, " "1, " "1, " "1, " "1, " "1, " "1, " "1, " "1, " "1, " "1, " "1, " "1, " "1, " "1, " "1, " "1, " "1, " "1, " "1, " "1, " "1, " "1, " "1, " "1, " "1, " "1, " "1, " "1, " "1, " "1, " "1, " "1, " "1, " "1, " "1, " "1, " "1, " "1, " "1, " "1, " "1, " "1, " "1, " "1, " "1, " "1, " "1, " "1, " "1, " "1, " "1, " "1, " "1, " "1, " "1, " "1, " "1, " "1, " "1, " "1, " "1, " "1, " "1, " "1, " "1, " "1, " "0, " "1, " "1, " "1, " "1, " "1, " "1, " "1, " "1, " "1, " "1, " "1, " "1, " "1, " "1, " "1, " "1, " "1, " "1, " "1, " "1, " "1, " "1, " "1, " "1, " "1, " "1, " "1, " "1, " "1, " "1, " "1, " "1, " "1, " "1, " "1, " "1, " "1, " "1, " "1, " "1, " "1, " "1, " "1, " "1, " "1, " "1, " "1, " "1, " "1, " "1, " "1, " "1, " "1, " "1, " "1, " "1, " "1, " "1, " "1, " "1, " "1, " "1, " "1, " "1, " "1, " "1, " "1, " "1, " "1, " "1, " "1, " "1, " "1, " "1, " "1, " "1, " "1, " "1, " "1, " "1, " "1, " "1, " "1, " "1, " "1, " "1, " "1, " "1, " "1, " "1, " "1, " "1, " "1, " "1, " "1, " "1, " "1, " "1, "0
 "Nei159, 0.195, " "-0.181, " "1, " "1, " "1, " "1, " "1, " "1, " "1, " "1, " "1, " "1, " "1, " "1, " "1, " "1, " "1, " "1, " "1, " "1, " "1, " "1, " "1, " "1, " "1, " "1, " "1, " "1, " "1, " "1, " "1, " "1, " "1, " "1, " "1, " "1, " "1, " "1, " "1, " "1, " "1, " "1, " "1, " "1, " "1, " "1, " "1, " "1, " "1, " "1, " "1, " "1, " "1, " "1, " "1, " "1, " "1, " "1, " "1, " "1, " "1, " "1, " "1, " "1, " "1, " "1, " "1, " "1, " "1, " "1, " "1, " "1, " "1, " "1, " "1, " "1, " "1, " "1, " "1, " "1, " "1, " "1, " "1, " "1, " "1, " "1, " "1, " "1, " "1, " "1, " "1, " "1, " "1, " "1, " "1, " "1, " "1, " "1, " "1, " "1, " "1, " "1, " "1, " "1, " "1, " "1, " "1, " "1, " "1, " "1, " "1, " "1, " "1, " "1, " "1, " "1, " "1, " "1, " "1, " "1, " "1, " "1, " "1, " "1, " "1, " "1, " "1, " "1, " "1, " "1, " "1, " "1, " "1, " "1, " "1, " "1, " "1, " "1, " "1, " "1, " "1, " "1, " "1, " "1, " "1, " "1, " "1, " "1, " "1, " "1, " "1, " "1, " "1, " "1, " "1, " "1, " "1, " "1, " "1, " "1, " "1, " "0, " "1, " "1, " "1, " "1, " "1, " "1, " "1, " "1, " "1, " "1, " "1, " "1, " "1, " "1, " "1, " "1, " "1, " "1, " "1, " "1, " "1, " "1, " "1, " "1, " "1, " "1, " "1, " "1, " "1, " "1, " "1, " "1, " "1, " "1, " "1, " "1, " "1, " "1, " "1, " "1, " "1, " "1, " "1, " "1, " "1, " "1, " "1, " "1, " "1, " "1, " "1, " "1, " "1, " "1, " "1, " "1, " "1, " "1, " "1, " "1, " "1, " "1, " "1, " "1, " "1, " "1, " "1, " "1, " "1, " "1, " "1, " "1, " "1, " "1, " "1, " "1, " "1, " "1, " "1, " "1, " "1, " "1, " "1, " "1, " "1, " "1, " "1, " "1, " "1, " "1, " "1, " "1, " "1, " "1, " "1, " "1, " "1, "0
 "Nei160, 0.102, " "0.36, " "1, " "1, " "1, " "1, " "1, " "1, " "1, " "1, " "1, " "1, " "1, " "1, " "1, " "1, " "1, " "1, " "1, " "1, " "1, " "1, " "1, " "1, " "1, " "1, " "1, " "1, " "1, " "1, " "1, " "1, " "1, " "1, " "1, " "1, " "1, " "1, " "1, " "1, " "1, " "1, " "1, " "1, " "1, " "1, " "1, " "1, " "1, " "1, " "1, " "1, " "1, " "1, " "1, " "1, " "1, " "1, " "1, " "1, " "1, " "1, " "1, " "1, " "1, " "1, " "1, " "1, " "1, " "1, " "1, " "1, " "1, " "1, " "1, " "1, " "1, " "1, " "1, " "1, " "1, " "1, " "1, " "1, " "1, " "1, " "1, " "1, " "1, " "1, " "1, " "1, " "1, " "1, " "1, " "1, " "1, " "1, " "1, " "1, " "1, " "1, " "1, " "1, " "1, " "1, " "1, " "1, " "1, " "1, " "1, " "1, " "1, " "1, " "1, " "1, " "1, " "1, " "1, " "1, " "1, " "1, " "1, " "1, " "1, " "1, " "1, " "1, " "1, " "1, " "1, " "1, " "1, " "1, " "1, " "1, " "1, " "1, " "1, " "1, " "1, " "1, " "1, " "1, " "1, " "1, " "1, " "1, " "1, " "1, " "1, " "1, " "1, " "1, " "1, " "1, " "1, " "1, " "1, " "1, " "1, " "1, " "0, " "1, " "1, " "1, " "1, " "1, " "1, " "1, " "1, " "1, " "1, " "1, " "1, " "1, " "1, " "1, " "1, " "1, " "1, " "1, " "1, " "1, " "1, " "1, " "1, " "1, " "1, " "1, " "1, " "1, " "1, " "1, " "1, " "1, " "1, " "1, " "1, " "1, " "1, " "1, " "1, " "1, " "1, " "1, " "1, " "1, " "1, " "1, " "1, " "1, " "1, " "1, " "1, " "1, " "1, " "1, " "1, " "1, " "1, " "1, " "1, " "1, " "1, " "1, " "1, " "1, " "1, " "1, " "1, " "1, " "1, " "1, " "1, " "1, " "1, " "1, " "1, " "1, " "1, " "1, " "1, " "1, " "1, " "1, " "1, " "1, " "1, " "1, " "1, " "1, " "1, " "1, " "1, " "1, " "1, " "1, " "1, "0
 "Nei161, 0.253, " "-0.719, " "1, " "1, " "1, " "1, " "1, " "1, " "1, " "1, " "1, " "1, " "1, " "1, " "1, " "1, " "1, " "1, " "1, " "1, " "1, " "1, " "1, " "1, " "1, " "1, " "1, " "1, " "1, " "1, " "1, " "1, " "1, " "1, " "1, " "1, " "1, " "1, " "1, " "1, " "1, " "1, " "1, " "1, " "1, " "1, " "1, " "1, " "1, " "1, " "1, " "1, " "1, " "1, " "1, " "1, " "1, " "1, " "1, " "1, " "1, " "1, " "1, " "1, " "1, " "1, " "1, " "1, " "1, " "1, " "1, " "1, " "1, " "1, " "1, " "1, " "1, " "1, " "1, " "1, " "1, " "1, " "1, " "1, " "1, " "1, " "1, " "1, " "1, " "1, " "1, " "1, " "1, " "1, " "1, " "1, " "1, " "1, " "1, " "1, " "1, " "1, " "1, " "1, " "1, " "1, " "1, " "1, " "1, " "1, " "1, " "1, " "1, " "1, " "1, " "1, " "1, " "1, " "1, " "1, " "1, " "1, " "1, " "1, " "1, " "1, " "1, " "1, " "1, " "1, " "1, " "1, " "1, " "1, " "1, " "1, " "1, " "1, " "1, " "1, " "1, " "1, " "1, " "1, " "1, " "1, " "1, " "1, " "1, " "1, " "1, " "1, " "1, " "1, " "1, " "1, " "1, " "1, " "1, " "1, " "1, " "1, " "1, " "0, " "1, " "1, " "1, " "1, " "1, " "1, " "1, " "1, " "1, " "1, " "1, " "1, " "1, " "1, " "1, " "1, " "1, " "1, " "1, " "1, " "1, " "1, " "1, " "1, " "1, " "1, " "1, " "1, " "1, " "1, " "1, " "1, " "1, " "1, " "1, " "1, " "1, " "1, " "1, " "1, " "1, " "1, " "1, " "1, " "1, " "1, " "1, " "1, " "1, " "1, " "1, " "1, " "1, " "1, " "1, " "1, " "1, " "1, " "1, " "1, " "1, " "1, " "1, " "1, " "1, " "1, " "1, " "1, " "1, " "1, " "1, " "1, " "1, " "1, " "1, " "1, " "1, " "1, " "1, " "1, " "1, " "1, " "1, " "1, " "1, " "1, " "1, " "1, " "1, " "1, " "1, " "1, " "1, " "1, " "1, "0
 "Nei162, 0.217, " "0.072, " "1, " "1, " "1, " "1, " "1, " "1, " "1, " "1, " "1, " "1, " "1, " "1, " "1, " "1, " "1, " "1, " "1, " "1, " "1, " "1, " "1, " "1, " "1, " "1, " "1, " "1, " "1, " "1, " "1, " "1, " "1, " "1, " "1, " "1, " "1, " "1, " "1, " "1, " "1, " "1, " "1, " "1, " "1, " "1, " "1, " "1, " "1, " "1, " "1, " "1, " "1, " "1, " "1, " "1, " "1, " "1, " "1, " "1, " "1, " "1, " "1, " "1, " "1, " "1, " "1, " "1, " "1, " "1, " "1, " "1, " "1, " "1, " "1, " "1, " "1, " "1, " "1, " "1, " "1, " "1, " "1, " "1, " "1, " "1, " "1, " "1, " "1, " "1, " "1, " "1, " "1, " "1, " "1, " "1, " "1, " "1, " "1, " "1, " "1, " "1, " "1, " "1, " "1, " "1, " "1, " "1, " "1, " "1, " "1, " "1, " "1, " "1, " "1, " "1, " "1, " "1, " "1, " "1, " "1, " "1, " "1, " "1, " "1, " "1, " "1, " "1, " "1, " "1, " "1, " "1, " "1, " "1, " "1, " "1, " "1, " "1, " "1, " "1, " "1, " "1, " "1, " "1, " "1, " "1, " "1, " "1, " "1, " "1, " "1, " "1, " "1, " "1, " "1, " "1, " "1, " "1, " "1, " "1, " "1, " "1, " "1, " "1, " "0, " "1, " "1, " "1, " "1, " "1, " "1, " "1, " "1, " "1, " "1, " "1, " "1, " "1, " "1, " "1, " "1, " "1, " "1, " "1, " "1, " "1, " "1, " "1, " "1, " "1, " "1, " "1, " "1, " "1, " "1, " "1, " "1, " "1, " "1, " "1, " "1, " "1, " "1, " "1, " "1, " "1, " "1, " "1, " "1, " "1, " "1, " "1, " "1, " "1, " "1, " "1, " "1, " "1, " "1, " "1, " "1, " "1, " "1, " "1, " "1, " "1, " "1, " "1, " "1, " "1, " "1, " "1, " "1, " "1, " "1, " "1, " "1, " "1, " "1, " "1, " "1, " "1, " "1, " "1, " "1, " "1, " "1, " "1, " "1, " "1, " "1, " "1, " "1, " "1, " "1, " "1, " "1, " "1, " "1, "0
 "Nei163, 0.395, " "0.959, " "1, " "1, " "1, " "1, " "1, " "1, " "1, " "1, " "1, " "1, " "1, " "1, " "1, " "1, " "1, " "1, " "1, " "1, " "1, " "1, " "1, " "1, " "1, " "1, " "1, " "1, " "1, " "1, " "1, " "1, " "1, " "1, " "1, " "1, " "1, " "1, " "1, " "1, " "1, " "1, " "1, " "1, " "1, " "1, " "1, " "1, " "1, " "1, " "1, " "1, " "1, " "1, " "1, " "1, " "1, " "1, " "1, " "1, " "1, " "1, " "1, " "1, " "1, " "1, " "1, " "1, " "1, " "1, " "1, " "1, " "1, " "1, " "1, " "1, " "1, " "1, " "1, " "1, " "1, " "1, " "1, " "1, " "1, " "1, " "1, " "1, " "1, " "1, " "1, " "1, " "1, " "1, " "1, " "1, " "1, " "1, " "1, " "1, " "1, " "1, " "1, " "1, " "1, " "1, " "1, " "1, " "1, " "1, " "1, " "1, " "1, " "1, " "1, " "1, " "1, " "1, " "1, " "1, " "1, " "1, " "1, " "1, " "1, " "1, " "1, " "1, " "1, " "1, " "1, " "1, " "1, " "1, " "1, " "1, " "1, " "1, " "1, " "1, " "1, " "1, " "1, " "1, " "1, " "1, " "1, " "1, " "1, " "1, " "1, " "1, " "1, " "1, " "1, " "1, " "1, " "1, " "1, " "1, " "1, " "1, " "1, " "1, " "1, " "0, " "1, " "1, " "1, " "1, " "1, " "1, " "1, " "1, " "1, " "1, " "1, " "1, " "1, " "1, " "1, " "1, " "1, " "1, " "1, " "1, " "1, " "1, " "1, " "1, " "1, " "1, " "1, " "1, " "1, " "1, " "1, " "1, " "1, " "1, " "1, " "1, " "1, " "1, " "1, " "1, " "1, " "1, " "1, " "1, " "1, " "1, " "1, " "1, " "1, " "1, " "1, " "1, " "1, " "1, " "1, " "1, " "1, " "1, " "1, " "1, " "1, " "1, " "1, " "1, " "1, " "1, " "1, " "1, " "1, " "1, " "1, " "1, " "1, " "1, " "1, " "1, " "1, " "1, " "1, " "1, " "1, " "1, " "1, " "1, " "1, " "1, " "1, " "1, " "1, " "1, " "1, " "1, " "1, "0
 "Nei164, 0.056, " "0.306, " "1, " "1, " "1, " "1, " "1, " "1, " "1, " "1, " "1, " "1, " "1, " "1, " "1, " "1, " "1, " "1, " "1, " "1, " "1, " "1, " "1, " "1, " "1, " "1, " "1, " "1, " "1, " "1, " "1, " "1, " "1, " "1, " "1, " "1, " "1, " "1, " "1, " "1, " "1, " "1, " "1, " "1, " "1, " "1, " "1, " "1, " "1, " "1, " "1, " "1, " "1, " "1, " "1, " "1, " "1, " "1, " "1, " "1, " "1, " "1, " "1, " "1, " "1, " "1, " "1, " "1, " "1, " "1, " "1, " "1, " "1, " "1, " "1, " "1, " "1, " "1, " "1, " "1, " "1, " "1, " "1, " "1, " "1, " "1, " "1, " "1, " "1, " "1, " "1, " "1, " "1, " "1, " "1, " "1, " "1, " "1, " "1, " "1, " "1, " "1, " "1, " "1, " "1, " "1, " "1, " "1, " "1, " "1, " "1, " "1, " "1, " "1, " "1, " "1, " "1, " "1, " "1, " "1, " "1, " "1, " "1, " "1, " "1, " "1, " "1, " "1, " "1, " "1, " "1, " "1, " "1, " "1, " "1, " "1, " "1, " "1, " "1, " "1, " "1, " "1, " "1, " "1, " "1, " "1, " "1, " "1, " "1, " "1, " "1, " "1, " "1, " "1, " "1, " "1, " "1, " "1, " "1, " "1, " "1, " "1, " "1, " "1, " "1, " "1, " "0, " "1, " "1, " "1, " "1, " "1, " "1, " "1, " "1, " "1, " "1, " "1, " "1, " "1, " "1, " "1, " "1, " "1, " "1, " "1, " "1, " "1, " "1, " "1, " "1, " "1, " "1, " "1, " "1, " "1, " "1, " "1, " "1, " "1, " "1, " "1, " "1, " "1, " "1, " "1, " "1, " "1, " "1, " "1, " "1, " "1, " "1, " "1, " "1, " "1, " "1, " "1, " "1, " "1, " "1, " "1, " "1, " "1, " "1, " "1, " "1, " "1, " "1, " "1, " "1, " "1, " "1, " "1, " "1, " "1, " "1, " "1, " "1, " "1, " "1, " "1, " "1, " "1, " "1, " "1, " "1, " "1, " "1, " "1, " "1, " "1, " "1, " "1, " "1, " "1, " "1, " "1, " "1, "0
 "Nei165, 0.219, " "-0.84, " "1, " "1, " "1, " "1, " "1, " "1, " "1, " "1, " "1, " "1, " "1, " "1, " "1, " "1, " "1, " "1, " "1, " "1, " "1, " "1, " "1, " "1, " "1, " "1, " "1, " "1, " "1, " "1, " "1, " "1, " "1, " "1, " "1, " "1, " "1, " "1, " "1, " "1, " "1, " "1, " "1, " "1, " "1, " "1, " "1, " "1, " "1, " "1, " "1, " "1, " "1, " "1, " "1, " "1, " "1, " "1, " "1, " "1, " "1, " "1, " "1, " "1, " "1, " "1, " "1, " "1, " "1, " "1, " "1, " "1, " "1, " "1, " "1, " "1, " "1, " "1, " "1, " "1, " "1, " "1, " "1, " "1, " "1, " "1, " "1, " "1, " "1, " "1, " "1, " "1, " "1, " "1, " "1, " "1, " "1, " "1, " "1, " "1, " "1, " "1, " "1, " "1, " "1, " "1, " "1, " "1, " "1, " "1, " "1, " "1, " "1, " "1, " "1, " "1, " "1, " "1, " "1, " "1, " "1, " "1, " "1, " "1, " "1, " "1, " "1, " "1, " "1, " "1, " "1, " "1, " "1, " "1, " "1, " "1, " "1, " "1, " "1, " "1, " "1, " "1, " "1, " "1, " "1, " "1, " "1, " "1, " "1, " "1, " "1, " "1, " "1, " "1, " "1, " "1, " "1, " "1, " "1, " "1, " "1, " "1, " "1, " "1, " "1, " "1, " "1, " "0, " "1, " "1, " "1, " "1, " "1, " "1, " "1, " "1, " "1, " "1, " "1, " "1, " "1, " "1, " "1, " "1, " "1, " "1, " "1, " "1, " "1, " "1, " "1, " "1, " "1, " "1, " "1, " "1, " "1, " "1, " "1, " "1, " "1, " "1, " "1, " "1, " "1, " "1, " "1, " "1, " "1, " "1, " "1, " "1, " "1, " "1, " "1, " "1, " "1, " "1, " "1, " "1, " "1, " "1, " "1, " "1, " "1, " "1, " "1, " "1, " "1, " "1, " "1, " "1, " "1, " "1, " "1, " "1, " "1, " "1, " "1, " "1, " "1, " "1, " "1, " "1, " "1, " "1, " "1, " "1, " "1, " "1, " "1, " "1, " "1, " "1, " "1, " "1, " "1, " "1, " "1, "0
 "Nei166, 0.121, " "-0.53, " "1, " "1, " "1, " "1, " "1, " "1, " "1, " "1, " "1, " "1, " "1, " "1, " "1, " "1, " "1, " "1, " "1, " "1, " "1, " "1, " "1, " "1, " "1, " "1, " "1, " "1, " "1, " "1, " "1, " "1, " "1, " "1, " "1, " "1, " "1, " "1, " "1, " "1, " "1, " "1, " "1, " "1, " "1, " "1, " "1, " "1, " "1, " "1, " "1, " "1, " "1, " "1, " "1, " "1, " "1, " "1, " "1, " "1, " "1, " "1, " "1, " "1, " "1, " "1, " "1, " "1, " "1, " "1, " "1, " "1, " "1, " "1, " "1, " "1, " "1, " "1, " "1, " "1, " "1, " "1, " "1, " "1, " "1, " "1, " "1, " "1, " "1, " "1, " "1, " "1, " "1, " "1, " "1, " "1, " "1, " "1, " "1, " "1, " "1, " "1, " "1, " "1, " "1, " "1, " "1, " "1, " "1, " "1, " "1, " "1, " "1, " "1, " "1, " "1, " "1, " "1, " "1, " "1, " "1, " "1, " "1, " "1, " "1, " "1, " "1, " "1, " "1, " "1, " "1, " "1, " "1, " "1, " "1, " "1, " "1, " "1, " "1, " "1, " "1, " "1, " "1, " "1, " "1, " "1, " "1, " "1, " "1, " "1, " "1, " "1, " "1, " "1, " "1, " "1, " "1, " "1, " "1, " "1, " "1, " "1, " "1, " "1, " "1, " "1, " "1, " "1, " "0, " "1, " "1, " "1, " "1, " "1, " "1, " "1, " "1, " "1, " "1, " "1, " "1, " "1, " "1, " "1, " "1, " "1, " "1, " "1, " "1, " "1, " "1, " "1, " "1, " "1, " "1, " "1, " "1, " "1, " "1, " "1, " "1, " "1, " "1, " "1, " "1, " "1, " "1, " "1, " "1, " "1, " "1, " "1, " "1, " "1, " "1, " "1, " "1, " "1, " "1, " "1, " "1, " "1, " "1, " "1, " "1, " "1, " "1, " "1, " "1, " "1, " "1, " "1, " "1, " "1, " "1, " "1, " "1, " "1, " "1, " "1, " "1, " "1, " "1, " "1, " "1, " "1, " "1, " "1, " "1, " "1, " "1, " "1, " "1, " "1, " "1, " "1, " "1, " "1, " "1, "0
 "Nei167, 0.345, " "-0.156, " "1, " "1, " "1, " "1, " "1, " "1, " "1, " "1, " "1, " "1, " "1, " "1, " "1, " "1, " "1, " "1, " "1, " "1, " "1, " "1, " "1, " "1, " "1, " "1, " "1, " "1, " "1, " "1, " "1, " "1, " "1, " "1, " "1, " "1, " "1, " "1, " "1, " "1, " "1, " "1, " "1, " "1, " "1, " "1, " "1, " "1, " "1, " "1, " "1, " "1, " "1, " "1, " "1, " "1, " "1, " "1, " "1, " "1, " "1, " "1, " "1, " "1, " "1, " "1, " "1, " "1, " "1, " "1, " "1, " "1, " "1, " "1, " "1, " "1, " "1, " "1, " "1, " "1, " "1, " "1, " "1, " "1, " "1, " "1, " "1, " "1, " "1, " "1, " "1, " "1, " "1, " "1, " "1, " "1, " "1, " "1, " "1, " "1, " "1, " "1, " "1, " "1, " "1, " "1, " "1, " "1, " "1, " "1, " "1, " "1, " "1, " "1, " "1, " "1, " "1, " "1, " "1, " "1, " "1, " "1, " "1, " "1, " "1, " "1, " "1, " "1, " "1, " "1, " "1, " "1, " "1, " "1, " "1, " "1, " "1, " "1, " "1, " "1, " "1, " "1, " "1, " "1, " "1, " "1, " "1, " "1, " "1, " "1, " "1, " "1, " "1, " "1, " "1, " "1, " "1, " "1, " "1, " "1, " "1, " "1, " "1, " "1, " "1, " "1, " "1, " "1, " "1, " "0, " "1, " "1, " "1, " "1, " "1, " "1, " "1, " "1, " "1, " "1, " "1, " "1, " "1, " "1, " "1, " "1, " "1, " "1, " "1, " "1, " "1, " "1, " "1, " "1, " "1, " "1, " "1, " "1, " "1, " "1, " "1, " "1, " "1, " "1, " "1, " "1, " "1, " "1, " "1, " "1, " "1, " "1, " "1, " "1, " "1, " "1, " "1, " "1, " "1, " "1, " "1, " "1, " "1, " "1, " "1, " "1, " "1, " "1, " "1, " "1, " "1, " "1, " "1, " "1, " "1, " "1, " "1, " "1, " "1, " "1, " "1, " "1, " "1, " "1, " "1, " "1, " "1, " "1, " "1, " "1, " "1, " "1, " "1, " "1, " "1, " "1, " "1, " "1, " "1, "0
 "Nei168, 0.38, " "-0.813, " "1, " "1, " "1, " "1, " "1, " "1, " "1, " "1, " "1, " "1, " "1, " "1, " "1, " "1, " "1, " "1, " "1, " "1, " "1, " "1, " "1, " "1, " "1, " "1, " "1, " "1, " "1, " "1, " "1, " "1, " "1, " "1, " "1, " "1, " "1, " "1, " "1, " "1, " "1, " "1, " "1, " "1, " "1, " "1, " "1, " "1, " "1, " "1, " "1, " "1, " "1, " "1, " "1, " "1, " "1, " "1, " "1, " "1, " "1, " "1, " "1, " "1, " "1, " "1, " "1, " "1, " "1, " "1, " "1, " "1, " "1, " "1, " "1, " "1, " "1, " "1, " "1, " "1, " "1, " "1, " "1, " "1, " "1, " "1, " "1, " "1, " "1, " "1, " "1, " "1, " "1, " "1, " "1, " "1, " "1, " "1, " "1, " "1, " "1, " "1, " "1, " "1, " "1, " "1, " "1, " "1, " "1, " "1, " "1, " "1, " "1, " "1, " "1, " "1, " "1, " "1, " "1, " "1, " "1, " "1, " "1, " "1, " "1, " "1, " "1, " "1, " "1, " "1, " "1, " "1, " "1, " "1, " "1, " "1, " "1, " "1, " "1, " "1, " "1, " "1, " "1, " "1, " "1, " "1, " "1, " "1, " "1, " "1, " "1, " "1, " "1, " "1, " "1, " "1, " "1, " "1, " "1, " "1, " "1, " "1, " "1, " "1, " "1, " "1, " "1, " "1, " "1, " "1, " "0, " "1, " "1, " "1, " "1, " "1, " "1, " "1, " "1, " "1, " "1, " "1, " "1, " "1, " "1, " "1, " "1, " "1, " "1, " "1, " "1, " "1, " "1, " "1, " "1, " "1, " "1, " "1, " "1, " "1, " "1, " "1, " "1, " "1, " "1, " "1, " "1, " "1, " "1, " "1, " "1, " "1, " "1, " "1, " "1, " "1, " "1, " "1, " "1, " "1, " "1, " "1, " "1, " "1, " "1, " "1, " "1, " "1, " "1, " "1, " "1, " "1, " "1, " "1, " "1, " "1, " "1, " "1, " "1, " "1, " "1, " "1, " "1, " "1, " "1, " "1, " "1, " "1, " "1, " "1, " "1, " "1, " "1, " "1, " "1, " "1, " "1, " "1, " "1, "0
 "Nei169, 0.221, " "-0.858, " "1, " "1, " "1, " "1, " "1, " "1, " "1, " "1, " "1, " "1, " "1, " "1, " "1, " "1, " "1, " "1, " "1, " "1, " "1, " "1, " "1, " "1, " "1, " "1, " "1, " "1, " "1, " "1, " "1, " "1, " "1, " "1, " "1, " "1, " "1, " "1, " "1, " "1, " "1, " "1, " "1, " "1, " "1, " "1, " "1, " "1, " "1, " "1, " "1, " "1, " "1, " "1, " "1, " "1, " "1, " "1, " "1, " "1, " "1, " "1, " "1, " "1, " "1, " "1, " "1, " "1, " "1, " "1, " "1, " "1, " "1, " "1, " "1, " "1, " "1, " "1, " "1, " "1, " "1, " "1, " "1, " "1, " "1, " "1, " "1, " "1, " "1, " "1, " "1, " "1, " "1, " "1, " "1, " "1, " "1, " "1, " "1, " "1, " "1, " "1, " "1, " "1, " "1, " "1, " "1, " "1, " "1, " "1, " "1, " "1, " "1, " "1, " "1, " "1, " "1, " "1, " "1, " "1, " "1, " "1, " "1, " "1, " "1, " "1, " "1, " "1, " "1, " "1, " "1, " "1, " "1, " "1, " "1, " "1, " "1, " "1, " "1, " "1, " "1, " "1, " "1, " "1, " "1, " "1, " "1, " "1, " "1, " "1, " "1, " "1, " "1, " "1, " "1, " "1, " "1, " "1, " "1, " "1, " "1, " "1, " "1, " "1, " "1, " "1, " "1, " "1, " "1, " "1, " "1, " "0, " "1, " "1, " "1, " "1, " "1, " "1, " "1, " "1, " "1, " "1, " "1, " "1, " "1, " "1, " "1, " "1, " "1, " "1, " "1, " "1, " "1, " "1, " "1, " "1, " "1, " "1, " "1, " "1, " "1, " "1, " "1, " "1, " "1, " "1, " "1, " "1, " "1, " "1, " "1, " "1, " "1, " "1, " "1, " "1, " "1, " "1, " "1, " "1, " "1, " "1, " "1, " "1, " "1, " "1, " "1, " "1, " "1, " "1, " "1, " "1, " "1, " "1, " "1, " "1, " "1, " "1, " "1, " "1, " "1, " "1, " "1, " "1, " "1, " "1, " "1, " "1, " "1, " "1, " "1, " "1, " "1, " "1, " "1, " "1, " "1, " "1, " "1, "0
 "Nei170, 0.241, " "-0.702, " "1, " "1, " "1, " "1, " "1, " "1, " "1, " "1, " "1, " "1, " "1, " "1, " "1, " "1, " "1, " "1, " "1, " "1, " "1, " "1, " "1, " "1, " "1, " "1, " "1, " "1, " "1, " "1, " "1, " "1, " "1, " "1, " "1, " "1, " "1, " "1, " "1, " "1, " "1, " "1, " "1, " "1, " "1, " "1, " "1, " "1, " "1, " "1, " "1, " "1, " "1, " "1, " "1, " "1, " "1, " "1, " "1, " "1, " "1, " "1, " "1, " "1, " "1, " "1, " "1, " "1, " "1, " "1, " "1, " "1, " "1, " "1, " "1, " "1, " "1, " "1, " "1, " "1, " "1, " "1, " "1, " "1, " "1, " "1, " "1, " "1, " "1, " "1, " "1, " "1, " "1, " "1, " "1, " "1, " "1, " "1, " "1, " "1, " "1, " "1, " "1, " "1, " "1, " "1, " "1, " "1, " "1, " "1, " "1, " "1, " "1, " "1, " "1, " "1, " "1, " "1, " "1, " "1, " "1, " "1, " "1, " "1, " "1, " "1, " "1, " "1, " "1, " "1, " "1, " "1, " "1, " "1, " "1, " "1, " "1, " "1, " "1, " "1, " "1, " "1, " "1, " "1, " "1, " "1, " "1, " "1, " "1, " "1, " "1, " "1, " "1, " "1, " "1, " "1, " "1, " "1, " "1, " "1, " "1, " "1, " "1, " "1, " "1, " "1, " "1, " "1, " "1, " "1, " "1, " "1, " "0, " "1, " "1, " "1, " "1, " "1, " "1, " "1, " "1, " "1, " "1, " "1, " "1, " "1, " "1, " "1, " "1, " "1, " "1, " "1, " "1, " "1, " "1, " "1, " "1, " "1, " "1, " "1, " "1, " "1, " "1, " "1, " "1, " "1, " "1, " "1, " "1, " "1, " "1, " "1, " "1, " "1, " "1, " "1, " "1, " "1, " "1, " "1, " "1, " "1, " "1, " "1, " "1, " "1, " "1, " "1, " "1, " "1, " "1, " "1, " "1, " "1, " "1, " "1, " "1, " "1, " "1, " "1, " "1, " "1, " "1, " "1, " "1, " "1, " "1, " "1, " "1, " "1, " "1, " "1, " "1, " "1, " "1, " "1, " "1, " "1, " "1, "0
 "Nei171, 0.219, " "-0.53, " "1, " "1, " "1, " "1, " "1, " "1, " "1, " "1, " "1, " "1, " "1, " "1, " "1, " "1, " "1, " "1, " "1, " "1, " "1, " "1, " "1, " "1, " "1, " "1, " "1, " "1, " "1, " "1, " "1, " "1, " "1, " "1, " "1, " "1, " "1, " "1, " "1, " "1, " "1, " "1, " "1, " "1, " "1, " "1, " "1, " "1, " "1, " "1, " "1, " "1, " "1, " "1, " "1, " "1, " "1, " "1, " "1, " "1, " "1, " "1, " "1, " "1, " "1, " "1, " "1, " "1, " "1, " "1, " "1, " "1, " "1, " "1, " "1, " "1, " "1, " "1, " "1, " "1, " "1, " "1, " "1, " "1, " "1, " "1, " "1, " "1, " "1, " "1, " "1, " "1, " "1, " "1, " "1, " "1, " "1, " "1, " "1, " "1, " "1, " "1, " "1, " "1, " "1, " "1, " "1, " "1, " "1, " "1, " "1, " "1, " "1, " "1, " "1, " "1, " "1, " "1, " "1, " "1, " "1, " "1, " "1, " "1, " "1, " "1, " "1, " "1, " "1, " "1, " "1, " "1, " "1, " "1, " "1, " "1, " "1, " "1, " "1, " "1, " "1, " "1, " "1, " "1, " "1, " "1, " "1, " "1, " "1, " "1, " "1, " "1, " "1, " "1, " "1, " "1, " "1, " "1, " "1, " "1, " "1, " "1, " "1, " "1, " "1, " "1, " "1, " "1, " "1, " "1, " "1, " "1, " "1, " "0, " "1, " "1, " "1, " "1, " "1, " "1, " "1, " "1, " "1, " "1, " "1, " "1, " "1, " "1, " "1, " "1, " "1, " "1, " "1, " "1, " "1, " "1, " "1, " "1, " "1, " "1, " "1, " "1, " "1, " "1, " "1, " "1, " "1, " "1, " "1, " "1, " "1, " "1, " "1, " "1, " "1, " "1, " "1, " "1, " "1, " "1, " "1, " "1, " "1, " "1, " "1, " "1, " "1, " "1, " "1, " "1, " "1, " "1, " "1, " "1, " "1, " "1, " "1, " "1, " "1, " "1, " "1, " "1, " "1, " "1, " "1, " "1, " "1, " "1, " "1, " "1, " "1, " "1, " "1, " "1, " "1, " "1, " "1, " "1, " "1, "0
 "Nei172, 0.168, " "-0.318, " "1, " "1, " "1, " "1, " "1, " "1, " "1, " "1, " "1, " "1, " "1, " "1, " "1, " "1, " "1, " "1, " "1, " "1, " "1, " "1, " "1, " "1, " "1, " "1, " "1, " "1, " "1, " "1, " "1, " "1, " "1, " "1, " "1, " "1, " "1, " "1, " "1, " "1, " "1, " "1, " "1, " "1, " "1, " "1, " "1, " "1, " "1, " "1, " "1, " "1, " "1, " "1, " "1, " "1, " "1, " "1, " "1, " "1, " "1, " "1, " "1, " "1, " "1, " "1, " "1, " "1, " "1, " "1, " "1, " "1, " "1, " "1, " "1, " "1, " "1, " "1, " "1, " "1, " "1, " "1, " "1, " "1, " "1, " "1, " "1, " "1, " "1, " "1, " "1, " "1, " "1, " "1, " "1, " "1, " "1, " "1, " "1, " "1, " "1, " "1, " "1, " "1, " "1, " "1, " "1, " "1, " "1, " "1, " "1, " "1, " "1, " "1, " "1, " "1, " "1, " "1, " "1, " "1, " "1, " "1, " "1, " "1, " "1, " "1, " "1, " "1, " "1, " "1, " "1, " "1, " "1, " "1, " "1, " "1, " "1, " "1, " "1, " "1, " "1, " "1, " "1, " "1, " "1, " "1, " "1, " "1, " "1, " "1, " "1, " "1, " "1, " "1, " "1, " "1, " "1, " "1, " "1, " "1, " "1, " "1, " "1, " "1, " "1, " "1, " "1, " "1, " "1, " "1, " "1, " "1, " "1, " "1, " "0, " "1, " "1, " "1, " "1, " "1, " "1, " "1, " "1, " "1, " "1, " "1, " "1, " "1, " "1, " "1, " "1, " "1, " "1, " "1, " "1, " "1, " "1, " "1, " "1, " "1, " "1, " "1, " "1, " "1, " "1, " "1, " "1, " "1, " "1, " "1, " "1, " "1, " "1, " "1, " "1, " "1, " "1, " "1, " "1, " "1, " "1, " "1, " "1, " "1, " "1, " "1, " "1, " "1, " "1, " "1, " "1, " "1, " "1, " "1, " "1, " "1, " "1, " "1, " "1, " "1, " "1, " "1, " "1, " "1, " "1, " "1, " "1, " "1, " "1, " "1, " "1, " "1, " "1, " "1, " "1, " "1, " "1, " "1, " "1, "0
 "Nei173, 0.356, " "-0.398, " "1, " "1, " "1, " "1, " "1, " "1, " "1, " "1, " "1, " "1, " "1, " "1, " "1, " "1, " "1, " "1, " "1, " "1, " "1, " "1, " "1, " "1, " "1, " "1, " "1, " "1, " "1, " "1, " "1, " "1, " "1, " "1, " "1, " "1, " "1, " "1, " "1, " "1, " "1, " "1, " "1, " "1, " "1, " "1, " "1, " "1, " "1, " "1, " "1, " "1, " "1, " "1, " "1, " "1, " "1, " "1, " "1, " "1, " "1, " "1, " "1, " "1, " "1, " "1, " "1, " "1, " "1, " "1, " "1, " "1, " "1, " "1, " "1, " "1, " "1, " "1, " "1, " "1, " "1, " "1, " "1, " "1, " "1, " "1, " "1, " "1, " "1, " "1, " "1, " "1, " "1, " "1, " "1, " "1, " "1, " "1, " "1, " "1, " "1, " "1, " "1, " "1, " "1, " "1, " "1, " "1, " "1, " "1, " "1, " "1, " "1, " "1, " "1, " "1, " "1, " "1, " "1, " "1, " "1, " "1, " "1, " "1, " "1, " "1, " "1, " "1, " "1, " "1, " "1, " "1, " "1, " "1, " "1, " "1, " "1, " "1, " "1, " "1, " "1, " "1, " "1, " "1, " "1, " "1, " "1, " "1, " "1, " "1, " "1, " "1, " "1, " "1, " "1, " "1, " "1, " "1, " "1, " "1, " "1, " "1, " "1, " "1, " "1, " "1, " "1, " "1, " "1, " "1, " "1, " "1, " "1, " "1, " "1, " "0, " "1, " "1, " "1, " "1, " "1, " "1, " "1, " "1, " "1, " "1, " "1, " "1, " "1, " "1, " "1, " "1, " "1, " "1, " "1, " "1, " "1, " "1, " "1, " "1, " "1, " "1, " "1, " "1, " "1, " "1, " "1, " "1, " "1, " "1, " "1, " "1, " "1, " "1, " "1, " "1, " "1, " "1, " "1, " "1, " "1, " "1, " "1, " "1, " "1, " "1, " "1, " "1, " "1, " "1, " "1, " "1, " "1, " "1, " "1, " "1, " "1, " "1, " "1, " "1, " "1, " "1, " "1, " "1, " "1, " "1, " "1, " "1, " "1, " "1, " "1, " "1, " "1, " "1, " "1, " "1, " "1, " "1, " "1, "0
 "Nei174, 0.365, " "-0.232, " "1, " "1, " "1, " "1, " "1, " "1, " "1, " "1, " "1, " "1, " "1, " "1, " "1, " "1, " "1, " "1, " "1, " "1, " "1, " "1, " "1, " "1, " "1, " "1, " "1, " "1, " "1, " "1, " "1, " "1, " "1, " "1, " "1, " "1, " "1, " "1, " "1, " "1, " "1, " "1, " "1, " "1, " "1, " "1, " "1, " "1, " "1, " "1, " "1, " "1, " "1, " "1, " "1, " "1, " "1, " "1, " "1, " "1, " "1, " "1, " "1, " "1, " "1, " "1, " "1, " "1, " "1, " "1, " "1, " "1, " "1, " "1, " "1, " "1, " "1, " "1, " "1, " "1, " "1, " "1, " "1, " "1, " "1, " "1, " "1, " "1, " "1, " "1, " "1, " "1, " "1, " "1, " "1, " "1, " "1, " "1, " "1, " "1, " "1, " "1, " "1, " "1, " "1, " "1, " "1, " "1, " "1, " "1, " "1, " "1, " "1, " "1, " "1, " "1, " "1, " "1, " "1, " "1, " "1, " "1, " "1, " "1, " "1, " "1, " "1, " "1, " "1, " "1, " "1, " "1, " "1, " "1, " "1, " "1, " "1, " "1, " "1, " "1, " "1, " "1, " "1, " "1, " "1, " "1, " "1, " "1, " "1, " "1, " "1, " "1, " "1, " "1, " "1, " "1, " "1, " "1, " "1, " "1, " "1, " "1, " "1, " "1, " "1, " "1, " "1, " "1, " "1, " "1, " "1, " "1, " "1, " "1, " "1, " "1, " "0, " "1, " "1, " "1, " "1, " "1, " "1, " "1, " "1, " "1, " "1, " "1, " "1, " "1, " "1, " "1, " "1, " "1, " "1, " "1, " "1, " "1, " "1, " "1, " "1, " "1, " "1, " "1, " "1, " "1, " "1, " "1, " "1, " "1, " "1, " "1, " "1, " "1, " "1, " "1, " "1, " "1, " "1, " "1, " "1, " "1, " "1, " "1, " "1, " "1, " "1, " "1, " "1, " "1, " "1, " "1, " "1, " "1, " "1, " "1, " "1, " "1, " "1, " "1, " "1, " "1, " "1, " "1, " "1, " "1, " "1, " "1, " "1, " "1, " "1, " "1, " "1, " "1, " "1, " "1, " "1, " "1, " "1, "0
 "Nei175, 0.056, " "0.235, " "1, " "1, " "1, " "1, " "1, " "1, " "1, " "1, " "1, " "1, " "1, " "1, " "1, " "1, " "1, " "1, " "1, " "1, " "1, " "1, " "1, " "1, " "1, " "1, " "1, " "1, " "1, " "1, " "1, " "1, " "1, " "1, " "1, " "1, " "1, " "1, " "1, " "1, " "1, " "1, " "1, " "1, " "1, " "1, " "1, " "1, " "1, " "1, " "1, " "1, " "1, " "1, " "1, " "1, " "1, " "1, " "1, " "1, " "1, " "1, " "1, " "1, " "1, " "1, " "1, " "1, " "1, " "1, " "1, " "1, " "1, " "1, " "1, " "1, " "1, " "1, " "1, " "1, " "1, " "1, " "1, " "1, " "1, " "1, " "1, " "1, " "1, " "1, " "1, " "1, " "1, " "1, " "1, " "1, " "1, " "1, " "1, " "1, " "1, " "1, " "1, " "1, " "1, " "1, " "1, " "1, " "1, " "1, " "1, " "1, " "1, " "1, " "1, " "1, " "1, " "1, " "1, " "1, " "1, " "1, " "1, " "1, " "1, " "1, " "1, " "1, " "1, " "1, " "1, " "1, " "1, " "1, " "1, " "1, " "1, " "1, " "1, " "1, " "1, " "1, " "1, " "1, " "1, " "1, " "1, " "1, " "1, " "1, " "1, " "1, " "1, " "1, " "1, " "1, " "1, " "1, " "1, " "1, " "1, " "1, " "1, " "1, " "1, " "1, " "1, " "1, " "1, " "1, " "1, " "1, " "1, " "1, " "1, " "1, " "1, " "0, " "1, " "1, " "1, " "1, " "1, " "1, " "1, " "1, " "1, " "1, " "1, " "1, " "1, " "1, " "1, " "1, " "1, " "1, " "1, " "1, " "1, " "1, " "1, " "1, " "1, " "1, " "1, " "1, " "1, " "1, " "1, " "1, " "1, " "1, " "1, " "1, " "1, " "1, " "1, " "1, " "1, " "1, " "1, " "1, " "1, " "1, " "1, " "1, " "1, " "1, " "1, " "1, " "1, " "1, " "1, " "1, " "1, " "1, " "1, " "1, " "1, " "1, " "1, " "1, " "1, " "1, " "1, " "1, " "1, " "1, " "1, " "1, " "1, " "1, " "1, " "1, " "1, " "1, " "1, " "1, " "1, "0
 "Nei176, 0.088, " "-0.464, " "1, " "1, " "1, " "1, " "1, " "1, " "1, " "1, " "1, " "1, " "1, " "1, " "1, " "1, " "1, " "1, " "1, " "1, " "1, " "1, " "1, " "1, " "1, " "1, " "1, " "1, " "1, " "1, " "1, " "1, " "1, " "1, " "1, " "1, " "1, " "1, " "1, " "1, " "1, " "1, " "1, " "1, " "1, " "1, " "1, " "1, " "1, " "1, " "1, " "1, " "1, " "1, " "1, " "1, " "1, " "1, " "1, " "1, " "1, " "1, " "1, " "1, " "1, " "1, " "1, " "1, " "1, " "1, " "1, " "1, " "1, " "1, " "1, " "1, " "1, " "1, " "1, " "1, " "1, " "1, " "1, " "1, " "1, " "1, " "1, " "1, " "1, " "1, " "1, " "1, " "1, " "1, " "1, " "1, " "1, " "1, " "1, " "1, " "1, " "1, " "1, " "1, " "1, " "1, " "1, " "1, " "1, " "1, " "1, " "1, " "1, " "1, " "1, " "1, " "1, " "1, " "1, " "1, " "1, " "1, " "1, " "1, " "1, " "1, " "1, " "1, " "1, " "1, " "1, " "1, " "1, " "1, " "1, " "1, " "1, " "1, " "1, " "1, " "1, " "1, " "1, " "1, " "1, " "1, " "1, " "1, " "1, " "1, " "1, " "1, " "1, " "1, " "1, " "1, " "1, " "1, " "1, " "1, " "1, " "1, " "1, " "1, " "1, " "1, " "1, " "1, " "1, " "1, " "1, " "1, " "1, " "1, " "1, " "1, " "1, " "1, " "0, " "1, " "1, " "1, " "1, " "1, " "1, " "1, " "1, " "1, " "1, " "1, " "1, " "1, " "1, " "1, " "1, " "1, " "1, " "1, " "1, " "1, " "1, " "1, " "1, " "1, " "1, " "1, " "1, " "1, " "1, " "1, " "1, " "1, " "1, " "1, " "1, " "1, " "1, " "1, " "1, " "1, " "1, " "1, " "1, " "1, " "1, " "1, " "1, " "1, " "1, " "1, " "1, " "1, " "1, " "1, " "1, " "1, " "1, " "1, " "1, " "1, " "1, " "1, " "1, " "1, " "1, " "1, " "1, " "1, " "1, " "1, " "1, " "1, " "1, " "1, " "1, " "1, " "1, " "1, " "1, "0
 "Nei177, 0.347, " "0.438, " "1, " "1, " "1, " "1, " "1, " "1, " "1, " "1, " "1, " "1, " "1, " "1, " "1, " "1, " "1, " "1, " "1, " "1, " "1, " "1, " "1, " "1, " "1, " "1, " "1, " "1, " "1, " "1, " "1, " "1, " "1, " "1, " "1, " "1, " "1, " "1, " "1, " "1, " "1, " "1, " "1, " "1, " "1, " "1, " "1, " "1, " "1, " "1, " "1, " "1, " "1, " "1, " "1, " "1, " "1, " "1, " "1, " "1, " "1, " "1, " "1, " "1, " "1, " "1, " "1, " "1, " "1, " "1, " "1, " "1, " "1, " "1, " "1, " "1, " "1, " "1, " "1, " "1, " "1, " "1, " "1, " "1, " "1, " "1, " "1, " "1, " "1, " "1, " "1, " "1, " "1, " "1, " "1, " "1, " "1, " "1, " "1, " "1, " "1, " "1, " "1, " "1, " "1, " "1, " "1, " "1, " "1, " "1, " "1, " "1, " "1, " "1, " "1, " "1, " "1, " "1, " "1, " "1, " "1, " "1, " "1, " "1, " "1, " "1, " "1, " "1, " "1, " "1, " "1, " "1, " "1, " "1, " "1, " "1, " "1, " "1, " "1, " "1, " "1, " "1, " "1, " "1, " "1, " "1, " "1, " "1, " "1, " "1, " "1, " "1, " "1, " "1, " "1, " "1, " "1, " "1, " "1, " "1, " "1, " "1, " "1, " "1, " "1, " "1, " "1, " "1, " "1, " "1, " "1, " "1, " "1, " "1, " "1, " "1, " "1, " "1, " "1, " "0, " "1, " "1, " "1, " "1, " "1, " "1, " "1, " "1, " "1, " "1, " "1, " "1, " "1, " "1, " "1, " "1, " "1, " "1, " "1, " "1, " "1, " "1, " "1, " "1, " "1, " "1, " "1, " "1, " "1, " "1, " "1, " "1, " "1, " "1, " "1, " "1, " "1, " "1, " "1, " "1, " "1, " "1, " "1, " "1, " "1, " "1, " "1, " "1, " "1, " "1, " "1, " "1, " "1, " "1, " "1, " "1, " "1, " "1, " "1, " "1, " "1, " "1, " "1, " "1, " "1, " "1, " "1, " "1, " "1, " "1, " "1, " "1, " "1, " "1, " "1, " "1, " "1, " "1, " "1, "0
 "Nei178, 0.197, " "0.035, " "1, " "1, " "1, " "1, " "1, " "1, " "1, " "1, " "1, " "1, " "1, " "1, " "1, " "1, " "1, " "1, " "1, " "1, " "1, " "1, " "1, " "1, " "1, " "1, " "1, " "1, " "1, " "1, " "1, " "1, " "1, " "1, " "1, " "1, " "1, " "1, " "1, " "1, " "1, " "1, " "1, " "1, " "1, " "1, " "1, " "1, " "1, " "1, " "1, " "1, " "1, " "1, " "1, " "1, " "1, " "1, " "1, " "1, " "1, " "1, " "1, " "1, " "1, " "1, " "1, " "1, " "1, " "1, " "1, " "1, " "1, " "1, " "1, " "1, " "1, " "1, " "1, " "1, " "1, " "1, " "1, " "1, " "1, " "1, " "1, " "1, " "1, " "1, " "1, " "1, " "1, " "1, " "1, " "1, " "1, " "1, " "1, " "1, " "1, " "1, " "1, " "1, " "1, " "1, " "1, " "1, " "1, " "1, " "1, " "1, " "1, " "1, " "1, " "1, " "1, " "1, " "1, " "1, " "1, " "1, " "1, " "1, " "1, " "1, " "1, " "1, " "1, " "1, " "1, " "1, " "1, " "1, " "1, " "1, " "1, " "1, " "1, " "1, " "1, " "1, " "1, " "1, " "1, " "1, " "1, " "1, " "1, " "1, " "1, " "1, " "1, " "1, " "1, " "1, " "1, " "1, " "1, " "1, " "1, " "1, " "1, " "1, " "1, " "1, " "1, " "1, " "1, " "1, " "1, " "1, " "1, " "1, " "1, " "1, " "1, " "1, " "1, " "1, " "0, " "1, " "1, " "1, " "1, " "1, " "1, " "1, " "1, " "1, " "1, " "1, " "1, " "1, " "1, " "1, " "1, " "1, " "1, " "1, " "1, " "1, " "1, " "1, " "1, " "1, " "1, " "1, " "1, " "1, " "1, " "1, " "1, " "1, " "1, " "1, " "1, " "1, " "1, " "1, " "1, " "1, " "1, " "1, " "1, " "1, " "1, " "1, " "1, " "1, " "1, " "1, " "1, " "1, " "1, " "1, " "1, " "1, " "1, " "1, " "1, " "1, " "1, " "1, " "1, " "1, " "1, " "1, " "1, " "1, " "1, " "1, " "1, " "1, " "1, " "1, " "1, " "1, " "1, "0
 "Nei179, 0.122, " "-0.054, " "1, " "1, " "1, " "1, " "1, " "1, " "1, " "1, " "1, " "1, " "1, " "1, " "1, " "1, " "1, " "1, " "1, " "1, " "1, " "1, " "1, " "1, " "1, " "1, " "1, " "1, " "1, " "1, " "1, " "1, " "1, " "1, " "1, " "1, " "1, " "1, " "1, " "1, " "1, " "1, " "1, " "1, " "1, " "1, " "1, " "1, " "1, " "1, " "1, " "1, " "1, " "1, " "1, " "1, " "1, " "1, " "1, " "1, " "1, " "1, " "1, " "1, " "1, " "1, " "1, " "1, " "1, " "1, " "1, " "1, " "1, " "1, " "1, " "1, " "1, " "1, " "1, " "1, " "1, " "1, " "1, " "1, " "1, " "1, " "1, " "1, " "1, " "1, " "1, " "1, " "1, " "1, " "1, " "1, " "1, " "1, " "1, " "1, " "1, " "1, " "1, " "1, " "1, " "1, " "1, " "1, " "1, " "1, " "1, " "1, " "1, " "1, " "1, " "1, " "1, " "1, " "1, " "1, " "1, " "1, " "1, " "1, " "1, " "1, " "1, " "1, " "1, " "1, " "1, " "1, " "1, " "1, " "1, " "1, " "1, " "1, " "1, " "1, " "1, " "1, " "1, " "1, " "1, " "1, " "1, " "1, " "1, " "1, " "1, " "1, " "1, " "1, " "1, " "1, " "1, " "1, " "1, " "1, " "1, " "1, " "1, " "1, " "1, " "1, " "1, " "1, " "1, " "1, " "1, " "1, " "1, " "1, " "1, " "1, " "1, " "1, " "1, " "1, " "1, " "0, " "1, " "1, " "1, " "1, " "1, " "1, " "1, " "1, " "1, " "1, " "1, " "1, " "1, " "1, " "1, " "1, " "1, " "1, " "1, " "1, " "1, " "1, " "1, " "1, " "1, " "1, " "1, " "1, " "1, " "1, " "1, " "1, " "1, " "1, " "1, " "1, " "1, " "1, " "1, " "1, " "1, " "1, " "1, " "1, " "1, " "1, " "1, " "1, " "1, " "1, " "1, " "1, " "1, " "1, " "1, " "1, " "1, " "1, " "1, " "1, " "1, " "1, " "1, " "1, " "1, " "1, " "1, " "1, " "1, " "1, " "1, " "1, " "1, " "1, " "1, " "1, " "1, "0
 "Nei180, 0.372, " "0.674, " "1, " "1, " "1, " "1, " "1, " "1, " "1, " "1, " "1, " "1, " "1, " "1, " "1, " "1, " "1, " "1, " "1, " "1, " "1, " "1, " "1, " "1, " "1, " "1, " "1, " "1, " "1, " "1, " "1, " "1, " "1, " "1, " "1, " "1, " "1, " "1, " "1, " "1, " "1, " "1, " "1, " "1, " "1, " "1, " "1, " "1, " "1, " "1, " "1, " "1, " "1, " "1, " "1, " "1, " "1, " "1, " "1, " "1, " "1, " "1, " "1, " "1, " "1, " "1, " "1, " "1, " "1, " "1, " "1, " "1, " "1, " "1, " "1, " "1, " "1, " "1, " "1, " "1, " "1, " "1, " "1, " "1, " "1, " "1, " "1, " "1, " "1, " "1, " "1, " "1, " "1, " "1, " "1, " "1, " "1, " "1, " "1, " "1, " "1, " "1, " "1, " "1, " "1, " "1, " "1, " "1, " "1, " "1, " "1, " "1, " "1, " "1, " "1, " "1, " "1, " "1, " "1, " "1, " "1, " "1, " "1, " "1, " "1, " "1, " "1, " "1, " "1, " "1, " "1, " "1, " "1, " "1, " "1, " "1, " "1, " "1, " "1, " "1, " "1, " "1, " "1, " "1, " "1, " "1, " "1, " "1, " "1, " "1, " "1, " "1, " "1, " "1, " "1, " "1, " "1, " "1, " "1, " "1, " "1, " "1, " "1, " "1, " "1, " "1, " "1, " "1, " "1, " "1, " "1, " "1, " "1, " "1, " "1, " "1, " "1, " "1, " "1, " "1, " "1, " "1, " "0, " "1, " "1, " "1, " "1, " "1, " "1, " "1, " "1, " "1, " "1, " "1, " "1, " "1, " "1, " "1, " "1, " "1, " "1, " "1, " "1, " "1, " "1, " "1, " "1, " "1, " "1, " "1, " "1, " "1, " "1, " "1, " "1, " "1, " "1, " "1, " "1, " "1, " "1, " "1, " "1, " "1, " "1, " "1, " "1, " "1, " "1, " "1, " "1, " "1, " "1, " "1, " "1, " "1, " "1, " "1, " "1, " "1, " "1, " "1, " "1, " "1, " "1, " "1, " "1, " "1, " "1, " "1, " "1, " "1, " "1, " "1, " "1, " "1, " "1, " "1, " "1, "0
 "Nei181, 0.267, " "0.396, " "1, " "1, " "1, " "1, " "1, " "1, " "1, " "1, " "1, " "1, " "1, " "1, " "1, " "1, " "1, " "1, " "1, " "1, " "1, " "1, " "1, " "1, " "1, " "1, " "1, " "1, " "1, " "1, " "1, " "1, " "1, " "1, " "1, " "1, " "1, " "1, " "1, " "1, " "1, " "1, " "1, " "1, " "1, " "1, " "1, " "1, " "1, " "1, " "1, " "1, " "1, " "1, " "1, " "1, " "1, " "1, " "1, " "1, " "1, " "1, " "1, " "1, " "1, " "1, " "1, " "1, " "1, " "1, " "1, " "1, " "1, " "1, " "1, " "1, " "1, " "1, " "1, " "1, " "1, " "1, " "1, " "1, " "1, " "1, " "1, " "1, " "1, " "1, " "1, " "1, " "1, " "1, " "1, " "1, " "1, " "1, " "1, " "1, " "1, " "1, " "1, " "1, " "1, " "1, " "1, " "1, " "1, " "1, " "1, " "1, " "1, " "1, " "1, " "1, " "1, " "1, " "1, " "1, " "1, " "1, " "1, " "1, " "1, " "1, " "1, " "1, " "1, " "1, " "1, " "1, " "1, " "1, " "1, " "1, " "1, " "1, " "1, " "1, " "1, " "1, " "1, " "1, " "1, " "1, " "1, " "1, " "1, " "1, " "1, " "1, " "1, " "1, " "1, " "1, " "1, " "1, " "1, " "1, " "1, " "1, " "1, " "1, " "1, " "1, " "1, " "1, " "1, " "1, " "1, " "1, " "1, " "1, " "1, " "1, " "1, " "1, " "1, " "1, " "1, " "1, " "1, " "0, " "1, " "1, " "1, " "1, " "1, " "1, " "1, " "1, " "1, " "1, " "1, " "1, " "1, " "1, " "1, " "1, " "1, " "1, " "1, " "1, " "1, " "1, " "1, " "1, " "1, " "1, " "1, " "1, " "1, " "1, " "1, " "1, " "1, " "1, " "1, " "1, " "1, " "1, " "1, " "1, " "1, " "1, " "1, " "1, " "1, " "1, " "1, " "1, " "1, " "1, " "1, " "1, " "1, " "1, " "1, " "1, " "1, " "1, " "1, " "1, " "1, " "1, " "1, " "1, " "1, " "1, " "1, " "1, " "1, " "1, " "1, " "1, " "1, " "1, " "1, "0
 "Nei182, 0.232, " "0.98, " "1, " "1, " "1, " "1, " "1, " "1, " "1, " "1, " "1, " "1, " "1, " "1, " "1, " "1, " "1, " "1, " "1, " "1, " "1, " "1, " "1, " "1, " "1, " "1, " "1, " "1, " "1, " "1, " "1, " "1, " "1, " "1, " "1, " "1, " "1, " "1, " "1, " "1, " "1, " "1, " "1, " "1, " "1, " "1, " "1, " "1, " "1, " "1, " "1, " "1, " "1, " "1, " "1, " "1, " "1, " "1, " "1, " "1, " "1, " "1, " "1, " "1, " "1, " "1, " "1, " "1, " "1, " "1, " "1, " "1, " "1, " "1, " "1, " "1, " "1, " "1, " "1, " "1, " "1, " "1, " "1, " "1, " "1, " "1, " "1, " "1, " "1, " "1, " "1, " "1, " "1, " "1, " "1, " "1, " "1, " "1, " "1, " "1, " "1, " "1, " "1, " "1, " "1, " "1, " "1, " "1, " "1, " "1, " "1, " "1, " "1, " "1, " "1, " "1, " "1, " "1, " "1, " "1, " "1, " "1, " "1, " "1, " "1, " "1, " "1, " "1, " "1, " "1, " "1, " "1, " "1, " "1, " "1, " "1, " "1, " "1, " "1, " "1, " "1, " "1, " "1, " "1, " "1, " "1, " "1, " "1, " "1, " "1, " "1, " "1, " "1, " "1, " "1, " "1, " "1, " "1, " "1, " "1, " "1, " "1, " "1, " "1, " "1, " "1, " "1, " "1, " "1, " "1, " "1, " "1, " "1, " "1, " "1, " "1, " "1, " "1, " "1, " "1, " "1, " "1, " "1, " "1, " "0, " "1, " "1, " "1, " "1, " "1, " "1, " "1, " "1, " "1, " "1, " "1, " "1, " "1, " "1, " "1, " "1, " "1, " "1, " "1, " "1, " "1, " "1, " "1, " "1, " "1, " "1, " "1, " "1, " "1, " "1, " "1, " "1, " "1, " "1, " "1, " "1, " "1, " "1, " "1, " "1, " "1, " "1, " "1, " "1, " "1, " "1, " "1, " "1, " "1, " "1, " "1, " "1, " "1, " "1, " "1, " "1, " "1, " "1, " "1, " "1, " "1, " "1, " "1, " "1, " "1, " "1, " "1, " "1, " "1, " "1, " "1, " "1, " "1, " "1, "0
 "Nei183, 0.061, " "-0.841, " "1, " "1, " "1, " "1, " "1, " "1, " "1, " "1, " "1, " "1, " "1, " "1, " "1, " "1, " "1, " "1, " "1, " "1, " "1, " "1, " "1, " "1, " "1, " "1, " "1, " "1, " "1, " "1, " "1, " "1, " "1, " "1, " "1, " "1, " "1, " "1, " "1, " "1, " "1, " "1, " "1, " "1, " "1, " "1, " "1, " "1, " "1, " "1, " "1, " "1, " "1, " "1, " "1, " "1, " "1, " "1, " "1, " "1, " "1, " "1, " "1, " "1, " "1, " "1, " "1, " "1, " "1, " "1, " "1, " "1, " "1, " "1, " "1, " "1, " "1, " "1, " "1, " "1, " "1, " "1, " "1, " "1, " "1, " "1, " "1, " "1, " "1, " "1, " "1, " "1, " "1, " "1, " "1, " "1, " "1, " "1, " "1, " "1, " "1, " "1, " "1, " "1, " "1, " "1, " "1, " "1, " "1, " "1, " "1, " "1, " "1, " "1, " "1, " "1, " "1, " "1, " "1, " "1, " "1, " "1, " "1, " "1, " "1, " "1, " "1, " "1, " "1, " "1, " "1, " "1, " "1, " "1, " "1, " "1, " "1, " "1, " "1, " "1, " "1, " "1, " "1, " "1, " "1, " "1, " "1, " "1, " "1, " "1, " "1, " "1, " "1, " "1, " "1, " "1, " "1, " "1, " "1, " "1, " "1, " "1, " "1, " "1, " "1, " "1, " "1, " "1, " "1, " "1, " "1, " "1, " "1, " "1, " "1, " "1, " "1, " "1, " "1, " "1, " "1, " "1, " "1, " "1, " "1, " "0, " "1, " "1, " "1, " "1, " "1, " "1, " "1, " "1, " "1, " "1, " "1, " "1, " "1, " "1, " "1, " "1, " "1, " "1, " "1, " "1, " "1, " "1, " "1, " "1, " "1, " "1, " "1, " "1, " "1, " "1, " "1, " "1, " "1, " "1, " "1, " "1, " "1, " "1, " "1, " "1, " "1, " "1, " "1, " "1, " "1, " "1, " "1, " "1, " "1, " "1, " "1, " "1, " "1, " "1, " "1, " "1, " "1, " "1, " "1, " "1, " "1, " "1, " "1, " "1, " "1, " "1, " "1, " "1, " "1, " "1, " "1, " "1, " "1, "0
 "Nei184, 0.387, " "-0.314, " "1, " "1, " "1, " "1, " "1, " "1, " "1, " "1, " "1, " "1, " "1, " "1, " "1, " "1, " "1, " "1, " "1, " "1, " "1, " "1, " "1, " "1, " "1, " "1, " "1, " "1, " "1, " "1, " "1, " "1, " "1, " "1, " "1, " "1, " "1, " "1, " "1, " "1, " "1, " "1, " "1, " "1, " "1, " "1, " "1, " "1, " "1, " "1, " "1, " "1, " "1, " "1, " "1, " "1, " "1, " "1, " "1, " "1, " "1, " "1, " "1, " "1, " "1, " "1, " "1, " "1, " "1, " "1, " "1, " "1, " "1, " "1, " "1, " "1, " "1, " "1, " "1, " "1, " "1, " "1, " "1, " "1, " "1, " "1, " "1, " "1, " "1, " "1, " "1, " "1, " "1, " "1, " "1, " "1, " "1, " "1, " "1, " "1, " "1, " "1, " "1, " "1, " "1, " "1, " "1, " "1, " "1, " "1, " "1, " "1, " "1, " "1, " "1, " "1, " "1, " "1, " "1, " "1, " "1, " "1, " "1, " "1, " "1, " "1, " "1, " "1, " "1, " "1, " "1, " "1, " "1, " "1, " "1, " "1, " "1, " "1, " "1, " "1, " "1, " "1, " "1, " "1, " "1, " "1, " "1, " "1, " "1, " "1, " "1, " "1, " "1, " "1, " "1, " "1, " "1, " "1, " "1, " "1, " "1, " "1, " "1, " "1, " "1, " "1, " "1, " "1, " "1, " "1, " "1, " "1, " "1, " "1, " "1, " "1, " "1, " "1, " "1, " "1, " "1, " "1, " "1, " "1, " "1, " "1, " "0, " "1, " "1, " "1, " "1, " "1, " "1, " "1, " "1, " "1, " "1, " "1, " "1, " "1, " "1, " "1, " "1, " "1, " "1, " "1, " "1, " "1, " "1, " "1, " "1, " "1, " "1, " "1, " "1, " "1, " "1, " "1, " "1, " "1, " "1, " "1, " "1, " "1, " "1, " "1, " "1, " "1, " "1, " "1, " "1, " "1, " "1, " "1, " "1, " "1, " "1, " "1, " "1, " "1, " "1, " "1, " "1, " "1, " "1, " "1, " "1, " "1, " "1, " "1, " "1, " "1, " "1, " "1, " "1, " "1, " "1, " "1, " "1, "0
 "Nei185, 0.114, " "-0.714, " "1, " "1, " "1, " "1, " "1, " "1, " "1, " "1, " "1, " "1, " "1, " "1, " "1, " "1, " "1, " "1, " "1, " "1, " "1, " "1, " "1, " "1, " "1, " "1, " "1, " "1, " "1, " "1, " "1, " "1, " "1, " "1, " "1, " "1, " "1, " "1, " "1, " "1, " "1, " "1, " "1, " "1, " "1, " "1, " "1, " "1, " "1, " "1, " "1, " "1, " "1, " "1, " "1, " "1, " "1, " "1, " "1, " "1, " "1, " "1, " "1, " "1, " "1, " "1, " "1, " "1, " "1, " "1, " "1, " "1, " "1, " "1, " "1, " "1, " "1, " "1, " "1, " "1, " "1, " "1, " "1, " "1, " "1, " "1, " "1, " "1, " "1, " "1, " "1, " "1, " "1, " "1, " "1, " "1, " "1, " "1, " "1, " "1, " "1, " "1, " "1, " "1, " "1, " "1, " "1, " "1, " "1, " "1, " "1, " "1, " "1, " "1, " "1, " "1, " "1, " "1, " "1, " "1, " "1, " "1, " "1, " "1, " "1, " "1, " "1, " "1, " "1, " "1, " "1, " "1, " "1, " "1, " "1, " "1, " "1, " "1, " "1, " "1, " "1, " "1, " "1, " "1, " "1, " "1, " "1, " "1, " "1, " "1, " "1, " "1, " "1, " "1, " "1, " "1, " "1, " "1, " "1, " "1, " "1, " "1, " "1, " "1, " "1, " "1, " "1, " "1, " "1, " "1, " "1, " "1, " "1, " "1, " "1, " "1, " "1, " "1, " "1, " "1, " "1, " "1, " "1, " "1, " "1, " "1, " "1, " "0, " "1, " "1, " "1, " "1, " "1, " "1, " "1, " "1, " "1, " "1, " "1, " "1, " "1, " "1, " "1, " "1, " "1, " "1, " "1, " "1, " "1, " "1, " "1, " "1, " "1, " "1, " "1, " "1, " "1, " "1, " "1, " "1, " "1, " "1, " "1, " "1, " "1, " "1, " "1, " "1, " "1, " "1, " "1, " "1, " "1, " "1, " "1, " "1, " "1, " "1, " "1, " "1, " "1, " "1, " "1, " "1, " "1, " "1, " "1, " "1, " "1, " "1, " "1, " "1, " "1, " "1, " "1, " "1, " "1, " "1, " "1, "0
 "Nei186, 0.139, " "-0.273, " "1, " "1, " "1, " "1, " "1, " "1, " "1, " "1, " "1, " "1, " "1, " "1, " "1, " "1, " "1, " "1, " "1, " "1, " "1, " "1, " "1, " "1, " "1, " "1, " "1, " "1, " "1, " "1, " "1, " "1, " "1, " "1, " "1, " "1, " "1, " "1, " "1, " "1, " "1, " "1, " "1, " "1, " "1, " "1, " "1, " "1, " "1, " "1, " "1, " "1, " "1, " "1, " "1, " "1, " "1, " "1, " "1, " "1, " "1, " "1, " "1, " "1, " "1, " "1, " "1, " "1, " "1, " "1, " "1, " "1, " "1, " "1, " "1, " "1, " "1, " "1, " "1, " "1, " "1, " "1, " "1, " "1, " "1, " "1, " "1, " "1, " "1, " "1, " "1, " "1, " "1, " "1, " "1, " "1, " "1, " "1, " "1, " "1, " "1, " "1, " "1, " "1, " "1, " "1, " "1, " "1, " "1, " "1, " "1, " "1, " "1, " "1, " "1, " "1, " "1, " "1, " "1, " "1, " "1, " "1, " "1, " "1, " "1, " "1, " "1, " "1, " "1, " "1, " "1, " "1, " "1, " "1, " "1, " "1, " "1, " "1, " "1, " "1, " "1, " "1, " "1, " "1, " "1, " "1, " "1, " "1, " "1, " "1, " "1, " "1, " "1, " "1, " "1, " "1, " "1, " "1, " "1, " "1, " "1, " "1, " "1, " "1, " "1, " "1, " "1, " "1, " "1, " "1, " "1, " "1, " "1, " "1, " "1, " "1, " "1, " "1, " "1, " "1, " "1, " "1, " "1, " "1, " "1, " "1, " "1, " "1, " "0, " "1, " "1, " "1, " "1, " "1, " "1, " "1, " "1, " "1, " "1, " "1, " "1, " "1, " "1, " "1, " "1, " "1, " "1, " "1, " "1, " "1, " "1, " "1, " "1, " "1, " "1, " "1, " "1, " "1, " "1, " "1, " "1, " "1, " "1, " "1, " "1, " "1, " "1, " "1, " "1, " "1, " "1, " "1, " "1, " "1, " "1, " "1, " "1, " "1, " "1, " "1, " "1, " "1, " "1, " "1, " "1, " "1, " "1, " "1, " "1, " "1, " "1, " "1, " "1, " "1, " "1, " "1, " "1, " "1, " "1, "0
 "Nei187, 0.351, " "-0.432, " "1, " "1, " "1, " "1, " "1, " "1, " "1, " "1, " "1, " "1, " "1, " "1, " "1, " "1, " "1, " "1, " "1, " "1, " "1, " "1, " "1, " "1, " "1, " "1, " "1, " "1, " "1, " "1, " "1, " "1, " "1, " "1, " "1, " "1, " "1, " "1, " "1, " "1, " "1, " "1, " "1, " "1, " "1, " "1, " "1, " "1, " "1, " "1, " "1, " "1, " "1, " "1, " "1, " "1, " "1, " "1, " "1, " "1, " "1, " "1, " "1, " "1, " "1, " "1, " "1, " "1, " "1, " "1, " "1, " "1, " "1, " "1, " "1, " "1, " "1, " "1, " "1, " "1, " "1, " "1, " "1, " "1, " "1, " "1, " "1, " "1, " "1, " "1, " "1, " "1, " "1, " "1, " "1, " "1, " "1, " "1, " "1, " "1, " "1, " "1, " "1, " "1, " "1, " "1, " "1, " "1, " "1, " "1, " "1, " "1, " "1, " "1, " "1, " "1, " "1, " "1, " "1, " "1, " "1, " "1, " "1, " "1, " "1, " "1, " "1, " "1, " "1, " "1, " "1, " "1, " "1, " "1, " "1, " "1, " "1, " "1, " "1, " "1, " "1, " "1, " "1, " "1, " "1, " "1, " "1, " "1, " "1, " "1, " "1, " "1, " "1, " "1, " "1, " "1, " "1, " "1, " "1, " "1, " "1, " "1, " "1, " "1, " "1, " "1, " "1, " "1, " "1, " "1, " "1, " "1, " "1, " "1, " "1, " "1, " "1, " "1, " "1, " "1, " "1, " "1, " "1, " "1, " "1, " "1, " "1, " "1, " "1, " "0, " "1, " "1, " "1, " "1, " "1, " "1, " "1, " "1, " "1, " "1, " "1, " "1, " "1, " "1, " "1, " "1, " "1, " "1, " "1, " "1, " "1, " "1, " "1, " "1, " "1, " "1, " "1, " "1, " "1, " "1, " "1, " "1, " "1, " "1, " "1, " "1, " "1, " "1, " "1, " "1, " "1, " "1, " "1, " "1, " "1, " "1, " "1, " "1, " "1, " "1, " "1, " "1, " "1, " "1, " "1, " "1, " "1, " "1, " "1, " "1, " "1, " "1, " "1, " "1, " "1, " "1, " "1, " "1, " "1, "0
 "Nei188, 0.308, " "0.46, " "1, " "1, " "1, " "1, " "1, " "1, " "1, " "1, " "1, " "1, " "1, " "1, " "1, " "1, " "1, " "1, " "1, " "1, " "1, " "1, " "1, " "1, " "1, " "1, " "1, " "1, " "1, " "1, " "1, " "1, " "1, " "1, " "1, " "1, " "1, " "1, " "1, " "1, " "1, " "1, " "1, " "1, " "1, " "1, " "1, " "1, " "1, " "1, " "1, " "1, " "1, " "1, " "1, " "1, " "1, " "1, " "1, " "1, " "1, " "1, " "1, " "1, " "1, " "1, " "1, " "1, " "1, " "1, " "1, " "1, " "1, " "1, " "1, " "1, " "1, " "1, " "1, " "1, " "1, " "1, " "1, " "1, " "1, " "1, " "1, " "1, " "1, " "1, " "1, " "1, " "1, " "1, " "1, " "1, " "1, " "1, " "1, " "1, " "1, " "1, " "1, " "1, " "1, " "1, " "1, " "1, " "1, " "1, " "1, " "1, " "1, " "1, " "1, " "1, " "1, " "1, " "1, " "1, " "1, " "1, " "1, " "1, " "1, " "1, " "1, " "1, " "1, " "1, " "1, " "1, " "1, " "1, " "1, " "1, " "1, " "1, " "1, " "1, " "1, " "1, " "1, " "1, " "1, " "1, " "1, " "1, " "1, " "1, " "1, " "1, " "1, " "1, " "1, " "1, " "1, " "1, " "1, " "1, " "1, " "1, " "1, " "1, " "1, " "1, " "1, " "1, " "1, " "1, " "1, " "1, " "1, " "1, " "1, " "1, " "1, " "1, " "1, " "1, " "1, " "1, " "1, " "1, " "1, " "1, " "1, " "1, " "1, " "1, " "0, " "1, " "1, " "1, " "1, " "1, " "1, " "1, " "1, " "1, " "1, " "1, " "1, " "1, " "1, " "1, " "1, " "1, " "1, " "1, " "1, " "1, " "1, " "1, " "1, " "1, " "1, " "1, " "1, " "1, " "1, " "1, " "1, " "1, " "1, " "1, " "1, " "1, " "1, " "1, " "1, " "1, " "1, " "1, " "1, " "1, " "1, " "1, " "1, " "1, " "1, " "1, " "1, " "1, " "1, " "1, " "1, " "1, " "1, " "1, " "1, " "1, " "1, " "1, " "1, " "1, " "1, " "1, " "1, "0
 "Nei189, 0.242, " "0.61, " "1, " "1, " "1, " "1, " "1, " "1, " "1, " "1, " "1, " "1, " "1, " "1, " "1, " "1, " "1, " "1, " "1, " "1, " "1, " "1, " "1, " "1, " "1, " "1, " "1, " "1, " "1, " "1, " "1, " "1, " "1, " "1, " "1, " "1, " "1, " "1, " "1, " "1, " "1, " "1, " "1, " "1, " "1, " "1, " "1, " "1, " "1, " "1, " "1, " "1, " "1, " "1, " "1, " "1, " "1, " "1, " "1, " "1, " "1, " "1, " "1, " "1, " "1, " "1, " "1, " "1, " "1, " "1, " "1, " "1, " "1, " "1, " "1, " "1, " "1, " "1, " "1, " "1, " "1, " "1, " "1, " "1, " "1, " "1, " "1, " "1, " "1, " "1, " "1, " "1, " "1, " "1, " "1, " "1, " "1, " "1, " "1, " "1, " "1, " "1, " "1, " "1, " "1, " "1, " "1, " "1, " "1, " "1, " "1, " "1, " "1, " "1, " "1, " "1, " "1, " "1, " "1, " "1, " "1, " "1, " "1, " "1, " "1, " "1, " "1, " "1, " "1, " "1, " "1, " "1, " "1, " "1, " "1, " "1, " "1, " "1, " "1, " "1, " "1, " "1, " "1, " "1, " "1, " "1, " "1, " "1, " "1, " "1, " "1, " "1, " "1, " "1, " "1, " "1, " "1, " "1, " "1, " "1, " "1, " "1, " "1, " "1, " "1, " "1, " "1, " "1, " "1, " "1, " "1, " "1, " "1, " "1, " "1, " "1, " "1, " "1, " "1, " "1, " "1, " "1, " "1, " "1, " "1, " "1, " "1, " "1, " "1, " "1, " "1, " "0, " "1, " "1, " "1, " "1, " "1, " "1, " "1, " "1, " "1, " "1, " "1, " "1, " "1, " "1, " "1, " "1, " "1, " "1, " "1, " "1, " "1, " "1, " "1, " "1, " "1, " "1, " "1, " "1, " "1, " "1, " "1, " "1, " "1, " "1, " "1, " "1, " "1, " "1, " "1, " "1, " "1, " "1, " "1, " "1, " "1, " "1, " "1, " "1, " "1, " "1, " "1, " "1, " "1, " "1, " "1, " "1, " "1, " "1, " "1, " "1, " "1, " "1, " "1, " "1, " "1, " "1, " "1, "0
 "Nei190, 0.046, " "-0.719, " "1, " "1, " "1, " "1, " "1, " "1, " "1, " "1, " "1, " "1, " "1, " "1, " "1, " "1, " "1, " "1, " "1, " "1, " "1, " "1, " "1, " "1, " "1, " "1, " "1, " "1, " "1, " "1, " "1, " "1, " "1, " "1, " "1, " "1, " "1, " "1, " "1, " "1, " "1, " "1, " "1, " "1, " "1, " "1, " "1, " "1, " "1, " "1, " "1, " "1, " "1, " "1, " "1, " "1, " "1, " "1, " "1, " "1, " "1, " "1, " "1, " "1, " "1, " "1, " "1, " "1, " "1, " "1, " "1, " "1, " "1, " "1, " "1, " "1, " "1, " "1, " "1, " "1, " "1, " "1, " "1, " "1, " "1, " "1, " "1, " "1, " "1, " "1, " "1, " "1, " "1, " "1, " "1, " "1, " "1, " "1, " "1, " "1, " "1, " "1, " "1, " "1, " "1, " "1, " "1, " "1, " "1, " "1, " "1, " "1, " "1, " "1, " "1, " "1, " "1, " "1, " "1, " "1, " "1, " "1, " "1, " "1, " "1, " "1, " "1, " "1, " "1, " "1, " "1, " "1, " "1, " "1, " "1, " "1, " "1, " "1, " "1, " "1, " "1, " "1, " "1, " "1, " "1, " "1, " "1, " "1, " "1, " "1, " "1, " "1, " "1, " "1, " "1, " "1, " "1, " "1, " "1, " "1, " "1, " "1, " "1, " "1, " "1, " "1, " "1, " "1, " "1, " "1, " "1, " "1, " "1, " "1, " "1, " "1, " "1, " "1, " "1, " "1, " "1, " "1, " "1, " "1, " "1, " "1, " "1, " "1, " "1, " "1, " "1, " "1, " "0, " "1, " "1, " "1, " "1, " "1, " "1, " "1, " "1, " "1, " "1, " "1, " "1, " "1, " "1, " "1, " "1, " "1, " "1, " "1, " "1, " "1, " "1, " "1, " "1, " "1, " "1, " "1, " "1, " "1, " "1, " "1, " "1, " "1, " "1, " "1, " "1, " "1, " "1, " "1, " "1, " "1, " "1, " "1, " "1, " "1, " "1, " "1, " "1, " "1, " "1, " "1, " "1, " "1, " "1, " "1, " "1, " "1, " "1, " "1, " "1, " "1, " "1, " "1, " "1, " "1, " "1, "0
 "Nei191, 0.132, " "0.5, " "1, " "1, " "1, " "1, " "1, " "1, " "1, " "1, " "1, " "1, " "1, " "1, " "1, " "1, " "1, " "1, " "1, " "1, " "1, " "1, " "1, " "1, " "1, " "1, " "1, " "1, " "1, " "1, " "1, " "1, " "1, " "1, " "1, " "1, " "1, " "1, " "1, " "1, " "1, " "1, " "1, " "1, " "1, " "1, " "1, " "1, " "1, " "1, " "1, " "1, " "1, " "1, " "1, " "1, " "1, " "1, " "1, " "1, " "1, " "1, " "1, " "1, " "1, " "1, " "1, " "1, " "1, " "1, " "1, " "1, " "1, " "1, " "1, " "1, " "1, " "1, " "1, " "1, " "1, " "1, " "1, " "1, " "1, " "1, " "1, " "1, " "1, " "1, " "1, " "1, " "1, " "1, " "1, " "1, " "1, " "1, " "1, " "1, " "1, " "1, " "1, " "1, " "1, " "1, " "1, " "1, " "1, " "1, " "1, " "1, " "1, " "1, " "1, " "1, " "1, " "1, " "1, " "1, " "1, " "1, " "1, " "1, " "1, " "1, " "1, " "1, " "1, " "1, " "1, " "1, " "1, " "1, " "1, " "1, " "1, " "1, " "1, " "1, " "1, " "1, " "1, " "1, " "1, " "1, " "1, " "1, " "1, " "1, " "1, " "1, " "1, " "1, " "1, " "1, " "1, " "1, " "1, " "1, " "1, " "1, " "1, " "1, " "1, " "1, " "1, " "1, " "1, " "1, " "1, " "1, " "1, " "1, " "1, " "1, " "1, " "1, " "1, " "1, " "1, " "1, " "1, " "1, " "1, " "1, " "1, " "1, " "1, " "1, " "1, " "1, " "1, " "0, " "1, " "1, " "1, " "1, " "1, " "1, " "1, " "1, " "1, " "1, " "1, " "1, " "1, " "1, " "1, " "1, " "1, " "1, " "1, " "1, " "1, " "1, " "1, " "1, " "1, " "1, " "1, " "1, " "1, " "1, " "1, " "1, " "1, " "1, " "1, " "1, " "1, " "1, " "1, " "1, " "1, " "1, " "1, " "1, " "1, " "1, " "1, " "1, " "1, " "1, " "1, " "1, " "1, " "1, " "1, " "1, " "1, " "1, " "1, " "1, " "1, " "1, " "1, " "1, " "1, "0
 "Nei192, 0.085, " "-0.326, " "1, " "1, " "1, " "1, " "1, " "1, " "1, " "1, " "1, " "1, " "1, " "1, " "1, " "1, " "1, " "1, " "1, " "1, " "1, " "1, " "1, " "1, " "1, " "1, " "1, " "1, " "1, " "1, " "1, " "1, " "1, " "1, " "1, " "1, " "1, " "1, " "1, " "1, " "1, " "1, " "1, " "1, " "1, " "1, " "1, " "1, " "1, " "1, " "1, " "1, " "1, " "1, " "1, " "1, " "1, " "1, " "1, " "1, " "1, " "1, " "1, " "1, " "1, " "1, " "1, " "1, " "1, " "1, " "1, " "1, " "1, " "1, " "1, " "1, " "1, " "1, " "1, " "1, " "1, " "1, " "1, " "1, " "1, " "1, " "1, " "1, " "1, " "1, " "1, " "1, " "1, " "1, " "1, " "1, " "1, " "1, " "1, " "1, " "1, " "1, " "1, " "1, " "1, " "1, " "1, " "1, " "1, " "1, " "1, " "1, " "1, " "1, " "1, " "1, " "1, " "1, " "1, " "1, " "1, " "1, " "1, " "1, " "1, " "1, " "1, " "1, " "1, " "1, " "1, " "1, " "1, " "1, " "1, " "1, " "1, " "1, " "1, " "1, " "1, " "1, " "1, " "1, " "1, " "1, " "1, " "1, " "1, " "1, " "1, " "1, " "1, " "1, " "1, " "1, " "1, " "1, " "1, " "1, " "1, " "1, " "1, " "1, " "1, " "1, " "1, " "1, " "1, " "1, " "1, " "1, " "1, " "1, " "1, " "1, " "1, " "1, " "1, " "1, " "1, " "1, " "1, " "1, " "1, " "1, " "1, " "1, " "1, " "1, " "1, " "1, " "1, " "1, " "0, " "1, " "1, " "1, " "1, " "1, " "1, " "1, " "1, " "1, " "1, " "1, " "1, " "1, " "1, " "1, " "1, " "1, " "1, " "1, " "1, " "1, " "1, " "1, " "1, " "1, " "1, " "1, " "1, " "1, " "1, " "1, " "1, " "1, " "1, " "1, " "1, " "1, " "1, " "1, " "1, " "1, " "1, " "1, " "1, " "1, " "1, " "1, " "1, " "1, " "1, " "1, " "1, " "1, " "1, " "1, " "1, " "1, " "1, " "1, " "1, " "1, " "1, " "1, " "1, "0
 "Nei193, 0.131, " "-0.665, " "1, " "1, " "1, " "1, " "1, " "1, " "1, " "1, " "1, " "1, " "1, " "1, " "1, " "1, " "1, " "1, " "1, " "1, " "1, " "1, " "1, " "1, " "1, " "1, " "1, " "1, " "1, " "1, " "1, " "1, " "1, " "1, " "1, " "1, " "1, " "1, " "1, " "1, " "1, " "1, " "1, " "1, " "1, " "1, " "1, " "1, " "1, " "1, " "1, " "1, " "1, " "1, " "1, " "1, " "1, " "1, " "1, " "1, " "1, " "1, " "1, " "1, " "1, " "1, " "1, " "1, " "1, " "1, " "1, " "1, " "1, " "1, " "1, " "1, " "1, " "1, " "1, " "1, " "1, " "1, " "1, " "1, " "1, " "1, " "1, " "1, " "1, " "1, " "1, " "1, " "1, " "1, " "1, " "1, " "1, " "1, " "1, " "1, " "1, " "1, " "1, " "1, " "1, " "1, " "1, " "1, " "1, " "1, " "1, " "1, " "1, " "1, " "1, " "1, " "1, " "1, " "1, " "1, " "1, " "1, " "1, " "1, " "1, " "1, " "1, " "1, " "1, " "1, " "1, " "1, " "1, " "1, " "1, " "1, " "1, " "1, " "1, " "1, " "1, " "1, " "1, " "1, " "1, " "1, " "1, " "1, " "1, " "1, " "1, " "1, " "1, " "1, " "1, " "1, " "1, " "1, " "1, " "1, " "1, " "1, " "1, " "1, " "1, " "1, " "1, " "1, " "1, " "1, " "1, " "1, " "1, " "1, " "1, " "1, " "1, " "1, " "1, " "1, " "1, " "1, " "1, " "1, " "1, " "1, " "1, " "1, " "1, " "1, " "1, " "1, " "1, " "1, " "1, " "0, " "1, " "1, " "1, " "1, " "1, " "1, " "1, " "1, " "1, " "1, " "1, " "1, " "1, " "1, " "1, " "1, " "1, " "1, " "1, " "1, " "1, " "1, " "1, " "1, " "1, " "1, " "1, " "1, " "1, " "1, " "1, " "1, " "1, " "1, " "1, " "1, " "1, " "1, " "1, " "1, " "1, " "1, " "1, " "1, " "1, " "1, " "1, " "1, " "1, " "1, " "1, " "1, " "1, " "1, " "1, " "1, " "1, " "1, " "1, " "1, " "1, " "1, " "1, "0
 "Nei194, 0.306, " "-0.066, " "1, " "1, " "1, " "1, " "1, " "1, " "1, " "1, " "1, " "1, " "1, " "1, " "1, " "1, " "1, " "1, " "1, " "1, " "1, " "1, " "1, " "1, " "1, " "1, " "1, " "1, " "1, " "1, " "1, " "1, " "1, " "1, " "1, " "1, " "1, " "1, " "1, " "1, " "1, " "1, " "1, " "1, " "1, " "1, " "1, " "1, " "1, " "1, " "1, " "1, " "1, " "1, " "1, " "1, " "1, " "1, " "1, " "1, " "1, " "1, " "1, " "1, " "1, " "1, " "1, " "1, " "1, " "1, " "1, " "1, " "1, " "1, " "1, " "1, " "1, " "1, " "1, " "1, " "1, " "1, " "1, " "1, " "1, " "1, " "1, " "1, " "1, " "1, " "1, " "1, " "1, " "1, " "1, " "1, " "1, " "1, " "1, " "1, " "1, " "1, " "1, " "1, " "1, " "1, " "1, " "1, " "1, " "1, " "1, " "1, " "1, " "1, " "1, " "1, " "1, " "1, " "1, " "1, " "1, " "1, " "1, " "1, " "1, " "1, " "1, " "1, " "1, " "1, " "1, " "1, " "1, " "1, " "1, " "1, " "1, " "1, " "1, " "1, " "1, " "1, " "1, " "1, " "1, " "1, " "1, " "1, " "1, " "1, " "1, " "1, " "1, " "1, " "1, " "1, " "1, " "1, " "1, " "1, " "1, " "1, " "1, " "1, " "1, " "1, " "1, " "1, " "1, " "1, " "1, " "1, " "1, " "1, " "1, " "1, " "1, " "1, " "1, " "1, " "1, " "1, " "1, " "1, " "1, " "1, " "1, " "1, " "1, " "1, " "1, " "1, " "1, " "1, " "1, " "1, " "0, " "1, " "1, " "1, " "1, " "1, " "1, " "1, " "1, " "1, " "1, " "1, " "1, " "1, " "1, " "1, " "1, " "1, " "1, " "1, " "1, " "1, " "1, " "1, " "1, " "1, " "1, " "1, " "1, " "1, " "1, " "1, " "1, " "1, " "1, " "1, " "1, " "1, " "1, " "1, " "1, " "1, " "1, " "1, " "1, " "1, " "1, " "1, " "1, " "1, " "1, " "1, " "1, " "1, " "1, " "1, " "1, " "1, " "1, " "1, " "1, " "1, " "1, "0
 "Nei195, 0.197, " "-0.496, " "1, " "1, " "1, " "1, " "1, " "1, " "1, " "1, " "1, " "1, " "1, " "1, " "1, " "1, " "1, " "1, " "1, " "1, " "1, " "1, " "1, " "1, " "1, " "1, " "1, " "1, " "1, " "1, " "1, " "1, " "1, " "1, " "1, " "1, " "1, " "1, " "1, " "1, " "1, " "1, " "1, " "1, " "1, " "1, " "1, " "1, " "1, " "1, " "1, " "1, " "1, " "1, " "1, " "1, " "1, " "1, " "1, " "1, " "1, " "1, " "1, " "1, " "1, " "1, " "1, " "1, " "1, " "1, " "1, " "1, " "1, " "1, " "1, " "1, " "1, " "1, " "1, " "1, " "1, " "1, " "1, " "1, " "1, " "1, " "1, " "1, " "1, " "1, " "1, " "1, " "1, " "1, " "1, " "1, " "1, " "1, " "1, " "1, " "1, " "1, " "1, " "1, " "1, " "1, " "1, " "1, " "1, " "1, " "1, " "1, " "1, " "1, " "1, " "1, " "1, " "1, " "1, " "1, " "1, " "1, " "1, " "1, " "1, " "1, " "1, " "1, " "1, " "1, " "1, " "1, " "1, " "1, " "1, " "1, " "1, " "1, " "1, " "1, " "1, " "1, " "1, " "1, " "1, " "1, " "1, " "1, " "1, " "1, " "1, " "1, " "1, " "1, " "1, " "1, " "1, " "1, " "1, " "1, " "1, " "1, " "1, " "1, " "1, " "1, " "1, " "1, " "1, " "1, " "1, " "1, " "1, " "1, " "1, " "1, " "1, " "1, " "1, " "1, " "1, " "1, " "1, " "1, " "1, " "1, " "1, " "1, " "1, " "1, " "1, " "1, " "1, " "1, " "1, " "1, " "1, " "0, " "1, " "1, " "1, " "1, " "1, " "1, " "1, " "1, " "1, " "1, " "1, " "1, " "1, " "1, " "1, " "1, " "1, " "1, " "1, " "1, " "1, " "1, " "1, " "1, " "1, " "1, " "1, " "1, " "1, " "1, " "1, " "1, " "1, " "1, " "1, " "1, " "1, " "1, " "1, " "1, " "1, " "1, " "1, " "1, " "1, " "1, " "1, " "1, " "1, " "1, " "1, " "1, " "1, " "1, " "1, " "1, " "1, " "1, " "1, " "1, " "1, "0
 "Nei196, 0.393, " "0.588, " "1, " "1, " "1, " "1, " "1, " "1, " "1, " "1, " "1, " "1, " "1, " "1, " "1, " "1, " "1, " "1, " "1, " "1, " "1, " "1, " "1, " "1, " "1, " "1, " "1, " "1, " "1, " "1, " "1, " "1, " "1, " "1, " "1, " "1, " "1, " "1, " "1, " "1, " "1, " "1, " "1, " "1, " "1, " "1, " "1, " "1, " "1, " "1, " "1, " "1, " "1, " "1, " "1, " "1, " "1, " "1, " "1, " "1, " "1, " "1, " "1, " "1, " "1, " "1, " "1, " "1, " "1, " "1, " "1, " "1, " "1, " "1, " "1, " "1, " "1, " "1, " "1, " "1, " "1, " "1, " "1, " "1, " "1, " "1, " "1, " "1, " "1, " "1, " "1, " "1, " "1, " "1, " "1, " "1, " "1, " "1, " "1, " "1, " "1, " "1, " "1, " "1, " "1, " "1, " "1, " "1, " "1, " "1, " "1, " "1, " "1, " "1, " "1, " "1, " "1, " "1, " "1, " "1, " "1, " "1, " "1, " "1, " "1, " "1, " "1, " "1, " "1, " "1, " "1, " "1, " "1, " "1, " "1, " "1, " "1, " "1, " "1, " "1, " "1, " "1, " "1, " "1, " "1, " "1, " "1, " "1, " "1, " "1, " "1, " "1, " "1, " "1, " "1, " "1, " "1, " "1, " "1, " "1, " "1, " "1, " "1, " "1, " "1, " "1, " "1, " "1, " "1, " "1, " "1, " "1, " "1, " "1, " "1, " "1, " "1, " "1, " "1, " "1, " "1, " "1, " "1, " "1, " "1, " "1, " "1, " "1, " "1, " "1, " "1, " "1, " "1, " "1, " "1, " "1, " "1, " "1, " "0, " "1, " "1, " "1, " "1, " "1, " "1, " "1, " "1, " "1, " "1, " "1, " "1, " "1, " "1, " "1, " "1, " "1, " "1, " "1, " "1, " "1, " "1, " "1, " "1, " "1, " "1, " "1, " "1, " "1, " "1, " "1, " "1, " "1, " "1, " "1, " "1, " "1, " "1, " "1, " "1, " "1, " "1, " "1, " "1, " "1, " "1, " "1, " "1, " "1, " "1, " "1, " "1, " "1, " "1, " "1, " "1, " "1, " "1, " "1, " "1, "0
 "Nei197, 0.202, " "0.959, " "1, " "1, " "1, " "1, " "1, " "1, " "1, " "1, " "1, " "1, " "1, " "1, " "1, " "1, " "1, " "1, " "1, " "1, " "1, " "1, " "1, " "1, " "1, " "1, " "1, " "1, " "1, " "1, " "1, " "1, " "1, " "1, " "1, " "1, " "1, " "1, " "1, " "1, " "1, " "1, " "1, " "1, " "1, " "1, " "1, " "1, " "1, " "1, " "1, " "1, " "1, " "1, " "1, " "1, " "1, " "1, " "1, " "1, " "1, " "1, " "1, " "1, " "1, " "1, " "1, " "1, " "1, " "1, " "1, " "1, " "1, " "1, " "1, " "1, " "1, " "1, " "1, " "1, " "1, " "1, " "1, " "1, " "1, " "1, " "1, " "1, " "1, " "1, " "1, " "1, " "1, " "1, " "1, " "1, " "1, " "1, " "1, " "1, " "1, " "1, " "1, " "1, " "1, " "1, " "1, " "1, " "1, " "1, " "1, " "1, " "1, " "1, " "1, " "1, " "1, " "1, " "1, " "1, " "1, " "1, " "1, " "1, " "1, " "1, " "1, " "1, " "1, " "1, " "1, " "1, " "1, " "1, " "1, " "1, " "1, " "1, " "1, " "1, " "1, " "1, " "1, " "1, " "1, " "1, " "1, " "1, " "1, " "1, " "1, " "1, " "1, " "1, " "1, " "1, " "1, " "1, " "1, " "1, " "1, " "1, " "1, " "1, " "1, " "1, " "1, " "1, " "1, " "1, " "1, " "1, " "1, " "1, " "1, " "1, " "1, " "1, " "1, " "1, " "1, " "1, " "1, " "1, " "1, " "1, " "1, " "1, " "1, " "1, " "1, " "1, " "1, " "1, " "1, " "1, " "1, " "1, " "1, " "0, " "1, " "1, " "1, " "1, " "1, " "1, " "1, " "1, " "1, " "1, " "1, " "1, " "1, " "1, " "1, " "1, " "1, " "1, " "1, " "1, " "1, " "1, " "1, " "1, " "1, " "1, " "1, " "1, " "1, " "1, " "1, " "1, " "1, " "1, " "1, " "1, " "1, " "1, " "1, " "1, " "1, " "1, " "1, " "1, " "1, " "1, " "1, " "1, " "1, " "1, " "1, " "1, " "1, " "1, " "1, " "1, " "1, " "1, " "1, "0
 "Nei198, 0.36, " "-0.615, " "1, " "1, " "1, " "1, " "1, " "1, " "1, " "1, " "1, " "1, " "1, " "1, " "1, " "1, " "1, " "1, " "1, " "1, " "1, " "1, " "1, " "1, " "1, " "1, " "1, " "1, " "1, " "1, " "1, " "1, " "1, " "1, " "1, " "1, " "1, " "1, " "1, " "1, " "1, " "1, " "1, " "1, " "1, " "1, " "1, " "1, " "1, " "1, " "1, " "1, " "1, " "1, " "1, " "1, " "1, " "1, " "1, " "1, " "1, " "1, " "1, " "1, " "1, " "1, " "1, " "1, " "1, " "1, " "1, " "1, " "1, " "1, " "1, " "1, " "1, " "1, " "1, " "1, " "1, " "1, " "1, " "1, " "1, " "1, " "1, " "1, " "1, " "1, " "1, " "1, " "1, " "1, " "1, " "1, " "1, " "1, " "1, " "1, " "1, " "1, " "1, " "1, " "1, " "1, " "1, " "1, " "1, " "1, " "1, " "1, " "1, " "1, " "1, " "1, " "1, " "1, " "1, " "1, " "1, " "1, " "1, " "1, " "1, " "1, " "1, " "1, " "1, " "1, " "1, " "1, " "1, " "1, " "1, " "1, " "1, " "1, " "1, " "1, " "1, " "1, " "1, " "1, " "1, " "1, " "1, " "1, " "1, " "1, " "1, " "1, " "1, " "1, " "1, " "1, " "1, " "1, " "1, " "1, " "1, " "1, " "1, " "1, " "1, " "1, " "1, " "1, " "1, " "1, " "1, " "1, " "1, " "1, " "1, " "1, " "1, " "1, " "1, " "1, " "1, " "1, " "1, " "1, " "1, " "1, " "1, " "1, " "1, " "1, " "1, " "1, " "1, " "1, " "1, " "1, " "1, " "1, " "1, " "1, " "0, " "1, " "1, " "1, " "1, " "1, " "1, " "1, " "1, " "1, " "1, " "1, " "1, " "1, " "1, " "1, " "1, " "1, " "1, " "1, " "1, " "1, " "1, " "1, " "1, " "1, " "1, " "1, " "1, " "1, " "1, " "1, " "1, " "1, " "1, " "1, " "1, " "1, " "1, " "1, " "1, " "1, " "1, " "1, " "1, " "1, " "1, " "1, " "1, " "1, " "1, " "1, " "1, " "1, " "1, " "1, " "1, " "1, " "1, "0
 "Nei199, 0.139, " "0.513, " "1, " "1, " "1, " "1, " "1, " "1, " "1, " "1, " "1, " "1, " "1, " "1, " "1, " "1, " "1, " "1, " "1, " "1, " "1, " "1, " "1, " "1, " "1, " "1, " "1, " "1, " "1, " "1, " "1, " "1, " "1, " "1, " "1, " "1, " "1, " "1, " "1, " "1, " "1, " "1, " "1, " "1, " "1, " "1, " "1, " "1, " "1, " "1, " "1, " "1, " "1, " "1, " "1, " "1, " "1, " "1, " "1, " "1, " "1, " "1, " "1, " "1, " "1, " "1, " "1, " "1, " "1, " "1, " "1, " "1, " "1, " "1, " "1, " "1, " "1, " "1, " "1, " "1, " "1, " "1, " "1, " "1, " "1, " "1, " "1, " "1, " "1, " "1, " "1, " "1, " "1, " "1, " "1, " "1, " "1, " "1, " "1, " "1, " "1, " "1, " "1, " "1, " "1, " "1, " "1, " "1, " "1, " "1, " "1, " "1, " "1, " "1, " "1, " "1, " "1, " "1, " "1, " "1, " "1, " "1, " "1, " "1, " "1, " "1, " "1, " "1, " "1, " "1, " "1, " "1, " "1, " "1, " "1, " "1, " "1, " "1, " "1, " "1, " "1, " "1, " "1, " "1, " "1, " "1, " "1, " "1, " "1, " "1, " "1, " "1, " "1, " "1, " "1, " "1, " "1, " "1, " "1, " "1, " "1, " "1, " "1, " "1, " "1, " "1, " "1, " "1, " "1, " "1, " "1, " "1, " "1, " "1, " "1, " "1, " "1, " "1, " "1, " "1, " "1, " "1, " "1, " "1, " "1, " "1, " "1, " "1, " "1, " "1, " "1, " "1, " "1, " "1, " "1, " "1, " "1, " "1, " "1, " "1, " "1, " "0, " "1, " "1, " "1, " "1, " "1, " "1, " "1, " "1, " "1, " "1, " "1, " "1, " "1, " "1, " "1, " "1, " "1, " "1, " "1, " "1, " "1, " "1, " "1, " "1, " "1, " "1, " "1, " "1, " "1, " "1, " "1, " "1, " "1, " "1, " "1, " "1, " "1, " "1, " "1, " "1, " "1, " "1, " "1, " "1, " "1, " "1, " "1, " "1, " "1, " "1, " "1, " "1, " "1, " "1, " "1, " "1, " "1, "0
 "Nei200, 0.373, " "0.927, " "1, " "1, " "1, " "1, " "1, " "1, " "1, " "1, " "1, " "1, " "1, " "1, " "1, " "1, " "1, " "1, " "1, " "1, " "1, " "1, " "1, " "1, " "1, " "1, " "1, " "1, " "1, " "1, " "1, " "1, " "1, " "1, " "1, " "1, " "1, " "1, " "1, " "1, " "1, " "1, " "1, " "1, " "1, " "1, " "1, " "1, " "1, " "1, " "1, " "1, " "1, " "1, " "1, " "1, " "1, " "1, " "1, " "1, " "1, " "1, " "1, " "1, " "1, " "1, " "1, " "1, " "1, " "1, " "1, " "1, " "1, " "1, " "1, " "1, " "1, " "1, " "1, " "1, " "1, " "1, " "1, " "1, " "1, " "1, " "1, " "1, " "1, " "1, " "1, " "1, " "1, " "1, " "1, " "1, " "1, " "1, " "1, " "1, " "1, " "1, " "1, " "1, " "1, " "1, " "1, " "1, " "1, " "1, " "1, " "1, " "1, " "1, " "1, " "1, " "1, " "1, " "1, " "1, " "1, " "1, " "1, " "1, " "1, " "1, " "1, " "1, " "1, " "1, " "1, " "1, " "1, " "1, " "1, " "1, " "1, " "1, " "1, " "1, " "1, " "1, " "1, " "1, " "1, " "1, " "1, " "1, " "1, " "1, " "1, " "1, " "1, " "1, " "1, " "1, " "1, " "1, " "1, " "1, " "1, " "1, " "1, " "1, " "1, " "1, " "1, " "1, " "1, " "1, " "1, " "1, " "1, " "1, " "1, " "1, " "1, " "1, " "1, " "1, " "1, " "1, " "1, " "1, " "1, " "1, " "1, " "1, " "1, " "1, " "1, " "1, " "1, " "1, " "1, " "1, " "1, " "1, " "1, " "1, " "1, " "1, " "0, " "1, " "1, " "1, " "1, " "1, " "1, " "1, " "1, " "1, " "1, " "1, " "1, " "1, " "1, " "1, " "1, " "1, " "1, " "1, " "1, " "1, " "1, " "1, " "1, " "1, " "1, " "1, " "1, " "1, " "1, " "1, " "1, " "1, " "1, " "1, " "1, " "1, " "1, " "1, " "1, " "1, " "1, " "1, " "1, " "1, " "1, " "1, " "1, " "1, " "1, " "1, " "1, " "1, " "1, " "1, " "1, "0
 "Nei201, 0.259, " "-0.623, " "1, " "1, " "1, " "1, " "1, " "1, " "1, " "1, " "1, " "1, " "1, " "1, " "1, " "1, " "1, " "1, " "1, " "1, " "1, " "1, " "1, " "1, " "1, " "1, " "1, " "1, " "1, " "1, " "1, " "1, " "1, " "1, " "1, " "1, " "1, " "1, " "1, " "1, " "1, " "1, " "1, " "1, " "1, " "1, " "1, " "1, " "1, " "1, " "1, " "1, " "1, " "1, " "1, " "1, " "1, " "1, " "1, " "1, " "1, " "1, " "1, " "1, " "1, " "1, " "1, " "1, " "1, " "1, " "1, " "1, " "1, " "1, " "1, " "1, " "1, " "1, " "1, " "1, " "1, " "1, " "1, " "1, " "1, " "1, " "1, " "1, " "1, " "1, " "1, " "1, " "1, " "1, " "1, " "1, " "1, " "1, " "1, " "1, " "1, " "1, " "1, " "1, " "1, " "1, " "1, " "1, " "1, " "1, " "1, " "1, " "1, " "1, " "1, " "1, " "1, " "1, " "1, " "1, " "1, " "1, " "1, " "1, " "1, " "1, " "1, " "1, " "1, " "1, " "1, " "1, " "1, " "1, " "1, " "1, " "1, " "1, " "1, " "1, " "1, " "1, " "1, " "1, " "1, " "1, " "1, " "1, " "1, " "1, " "1, " "1, " "1, " "1, " "1, " "1, " "1, " "1, " "1, " "1, " "1, " "1, " "1, " "1, " "1, " "1, " "1, " "1, " "1, " "1, " "1, " "1, " "1, " "1, " "1, " "1, " "1, " "1, " "1, " "1, " "1, " "1, " "1, " "1, " "1, " "1, " "1, " "1, " "1, " "1, " "1, " "1, " "1, " "1, " "1, " "1, " "1, " "1, " "1, " "1, " "1, " "1, " "1, " "0, " "1, " "1, " "1, " "1, " "1, " "1, " "1, " "1, " "1, " "1, " "1, " "1, " "1, " "1, " "1, " "1, " "1, " "1, " "1, " "1, " "1, " "1, " "1, " "1, " "1, " "1, " "1, " "1, " "1, " "1, " "1, " "1, " "1, " "1, " "1, " "1, " "1, " "1, " "1, " "1, " "1, " "1, " "1, " "1, " "1, " "1, " "1, " "1, " "1, " "1, " "1, " "1, " "1, " "1, " "1, "0
 "Nei202, 0.268, " "-0.189, " "1, " "1, " "1, " "1, " "1, " "1, " "1, " "1, " "1, " "1, " "1, " "1, " "1, " "1, " "1, " "1, " "1, " "1, " "1, " "1, " "1, " "1, " "1, " "1, " "1, " "1, " "1, " "1, " "1, " "1, " "1, " "1, " "1, " "1, " "1, " "1, " "1, " "1, " "1, " "1, " "1, " "1, " "1, " "1, " "1, " "1, " "1, " "1, " "1, " "1, " "1, " "1, " "1, " "1, " "1, " "1, " "1, " "1, " "1, " "1, " "1, " "1, " "1, " "1, " "1, " "1, " "1, " "1, " "1, " "1, " "1, " "1, " "1, " "1, " "1, " "1, " "1, " "1, " "1, " "1, " "1, " "1, " "1, " "1, " "1, " "1, " "1, " "1, " "1, " "1, " "1, " "1, " "1, " "1, " "1, " "1, " "1, " "1, " "1, " "1, " "1, " "1, " "1, " "1, " "1, " "1, " "1, " "1, " "1, " "1, " "1, " "1, " "1, " "1, " "1, " "1, " "1, " "1, " "1, " "1, " "1, " "1, " "1, " "1, " "1, " "1, " "1, " "1, " "1, " "1, " "1, " "1, " "1, " "1, " "1, " "1, " "1, " "1, " "1, " "1, " "1, " "1, " "1, " "1, " "1, " "1, " "1, " "1, " "1, " "1, " "1, " "1, " "1, " "1, " "1, " "1, " "1, " "1, " "1, " "1, " "1, " "1, " "1, " "1, " "1, " "1, " "1, " "1, " "1, " "1, " "1, " "1, " "1, " "1, " "1, " "1, " "1, " "1, " "1, " "1, " "1, " "1, " "1, " "1, " "1, " "1, " "1, " "1, " "1, " "1, " "1, " "1, " "1, " "1, " "1, " "1, " "1, " "1, " "1, " "1, " "1, " "1, " "0, " "1, " "1, " "1, " "1, " "1, " "1, " "1, " "1, " "1, " "1, " "1, " "1, " "1, " "1, " "1, " "1, " "1, " "1, " "1, " "1, " "1, " "1, " "1, " "1, " "1, " "1, " "1, " "1, " "1, " "1, " "1, " "1, " "1, " "1, " "1, " "1, " "1, " "1, " "1, " "1, " "1, " "1, " "1, " "1, " "1, " "1, " "1, " "1, " "1, " "1, " "1, " "1, " "1, " "1, "0
 "Nei203, 0.363, " "0.319, " "1, " "1, " "1, " "1, " "1, " "1, " "1, " "1, " "1, " "1, " "1, " "1, " "1, " "1, " "1, " "1, " "1, " "1, " "1, " "1, " "1, " "1, " "1, " "1, " "1, " "1, " "1, " "1, " "1, " "1, " "1, " "1, " "1, " "1, " "1, " "1, " "1, " "1, " "1, " "1, " "1, " "1, " "1, " "1, " "1, " "1, " "1, " "1, " "1, " "1, " "1, " "1, " "1, " "1, " "1, " "1, " "1, " "1, " "1, " "1, " "1, " "1, " "1, " "1, " "1, " "1, " "1, " "1, " "1, " "1, " "1, " "1, " "1, " "1, " "1, " "1, " "1, " "1, " "1, " "1, " "1, " "1, " "1, " "1, " "1, " "1, " "1, " "1, " "1, " "1, " "1, " "1, " "1, " "1, " "1, " "1, " "1, " "1, " "1, " "1, " "1, " "1, " "1, " "1, " "1, " "1, " "1, " "1, " "1, " "1, " "1, " "1, " "1, " "1, " "1, " "1, " "1, " "1, " "1, " "1, " "1, " "1, " "1, " "1, " "1, " "1, " "1, " "1, " "1, " "1, " "1, " "1, " "1, " "1, " "1, " "1, " "1, " "1, " "1, " "1, " "1, " "1, " "1, " "1, " "1, " "1, " "1, " "1, " "1, " "1, " "1, " "1, " "1, " "1, " "1, " "1, " "1, " "1, " "1, " "1, " "1, " "1, " "1, " "1, " "1, " "1, " "1, " "1, " "1, " "1, " "1, " "1, " "1, " "1, " "1, " "1, " "1, " "1, " "1, " "1, " "1, " "1, " "1, " "1, " "1, " "1, " "1, " "1, " "1, " "1, " "1, " "1, " "1, " "1, " "1, " "1, " "1, " "1, " "1, " "1, " "1, " "1, " "1, " "0, " "1, " "1, " "1, " "1, " "1, " "1, " "1, " "1, " "1, " "1, " "1, " "1, " "1, " "1, " "1, " "1, " "1, " "1, " "1, " "1, " "1, " "1, " "1, " "1, " "1, " "1, " "1, " "1, " "1, " "1, " "1, " "1, " "1, " "1, " "1, " "1, " "1, " "1, " "1, " "1, " "1, " "1, " "1, " "1, " "1, " "1, " "1, " "1, " "1, " "1, " "1, " "1, " "1, "0
 "Nei204, 0.186, " "0.372, " "1, " "1, " "1, " "1, " "1, " "1, " "1, " "1, " "1, " "1, " "1, " "1, " "1, " "1, " "1, " "1, " "1, " "1, " "1, " "1, " "1, " "1, " "1, " "1, " "1, " "1, " "1, " "1, " "1, " "1, " "1, " "1, " "1, " "1, " "1, " "1, " "1, " "1, " "1, " "1, " "1, " "1, " "1, " "1, " "1, " "1, " "1, " "1, " "1, " "1, " "1, " "1, " "1, " "1, " "1, " "1, " "1, " "1, " "1, " "1, " "1, " "1, " "1, " "1, " "1, " "1, " "1, " "1, " "1, " "1, " "1, " "1, " "1, " "1, " "1, " "1, " "1, " "1, " "1, " "1, " "1, " "1, " "1, " "1, " "1, " "1, " "1, " "1, " "1, " "1, " "1, " "1, " "1, " "1, " "1, " "1, " "1, " "1, " "1, " "1, " "1, " "1, " "1, " "1, " "1, " "1, " "1, " "1, " "1, " "1, " "1, " "1, " "1, " "1, " "1, " "1, " "1, " "1, " "1, " "1, " "1, " "1, " "1, " "1, " "1, " "1, " "1, " "1, " "1, " "1, " "1, " "1, " "1, " "1, " "1, " "1, " "1, " "1, " "1, " "1, " "1, " "1, " "1, " "1, " "1, " "1, " "1, " "1, " "1, " "1, " "1, " "1, " "1, " "1, " "1, " "1, " "1, " "1, " "1, " "1, " "1, " "1, " "1, " "1, " "1, " "1, " "1, " "1, " "1, " "1, " "1, " "1, " "1, " "1, " "1, " "1, " "1, " "1, " "1, " "1, " "1, " "1, " "1, " "1, " "1, " "1, " "1, " "1, " "1, " "1, " "1, " "1, " "1, " "1, " "1, " "1, " "1, " "1, " "1, " "1, " "1, " "1, " "1, " "1, " "0, " "1, " "1, " "1, " "1, " "1, " "1, " "1, " "1, " "1, " "1, " "1, " "1, " "1, " "1, " "1, " "1, " "1, " "1, " "1, " "1, " "1, " "1, " "1, " "1, " "1, " "1, " "1, " "1, " "1, " "1, " "1, " "1, " "1, " "1, " "1, " "1, " "1, " "1, " "1, " "1, " "1, " "1, " "1, " "1, " "1, " "1, " "1, " "1, " "1, " "1, " "1, " "1, "0
 "Nei205, 0.256, " "0.507, " "1, " "1, " "1, " "1, " "1, " "1, " "1, " "1, " "1, " "1, " "1, " "1, " "1, " "1, " "1, " "1, " "1, " "1, " "1, " "1, " "1, " "1, " "1, " "1, " "1, " "1, " "1, " "1, " "1, " "1, " "1, " "1, " "1, " "1, " "1, " "1, " "1, " "1, " "1, " "1, " "1, " "1, " "1, " "1, " "1, " "1, " "1, " "1, " "1, " "1, " "1, " "1, " "1, " "1, " "1, " "1, " "1, " "1, " "1, " "1, " "1, " "1, " "1, " "1, " "1, " "1, " "1, " "1, " "1, " "1, " "1, " "1, " "1, " "1, " "1, " "1, " "1, " "1, " "1, " "1, " "1, " "1, " "1, " "1, " "1, " "1, " "1, " "1, " "1, " "1, " "1, " "1, " "1, " "1, " "1, " "1, " "1, " "1, " "1, " "1, " "1, " "1, " "1, " "1, " "1, " "1, " "1, " "1, " "1, " "1, " "1, " "1, " "1, " "1, " "1, " "1, " "1, " "1, " "1, " "1, " "1, " "1, " "1, " "1, " "1, " "1, " "1, " "1, " "1, " "1, " "1, " "1, " "1, " "1, " "1, " "1, " "1, " "1, " "1, " "1, " "1, " "1, " "1, " "1, " "1, " "1, " "1, " "1, " "1, " "1, " "1, " "1, " "1, " "1, " "1, " "1, " "1, " "1, " "1, " "1, " "1, " "1, " "1, " "1, " "1, " "1, " "1, " "1, " "1, " "1, " "1, " "1, " "1, " "1, " "1, " "1, " "1, " "1, " "1, " "1, " "1, " "1, " "1, " "1, " "1, " "1, " "1, " "1, " "1, " "1, " "1, " "1, " "1, " "1, " "1, " "1, " "1, " "1, " "1, " "1, " "1, " "1, " "1, " "1, " "1, " "0, " "1, " "1, " "1, " "1, " "1, " "1, " "1, " "1, " "1, " "1, " "1, " "1, " "1, " "1, " "1, " "1, " "1, " "1, " "1, " "1, " "1, " "1, " "1, " "1, " "1, " "1, " "1, " "1, " "1, " "1, " "1, " "1, " "1, " "1, " "1, " "1, " "1, " "1, " "1, " "1, " "1, " "1, " "1, " "1, " "1, " "1, " "1, " "1, " "1, " "1, " "1, "0
 "Nei206, 0.235, " "0.899, " "1, " "1, " "1, " "1, " "1, " "1, " "1, " "1, " "1, " "1, " "1, " "1, " "1, " "1, " "1, " "1, " "1, " "1, " "1, " "1, " "1, " "1, " "1, " "1, " "1, " "1, " "1, " "1, " "1, " "1, " "1, " "1, " "1, " "1, " "1, " "1, " "1, " "1, " "1, " "1, " "1, " "1, " "1, " "1, " "1, " "1, " "1, " "1, " "1, " "1, " "1, " "1, " "1, " "1, " "1, " "1, " "1, " "1, " "1, " "1, " "1, " "1, " "1, " "1, " "1, " "1, " "1, " "1, " "1, " "1, " "1, " "1, " "1, " "1, " "1, " "1, " "1, " "1, " "1, " "1, " "1, " "1, " "1, " "1, " "1, " "1, " "1, " "1, " "1, " "1, " "1, " "1, " "1, " "1, " "1, " "1, " "1, " "1, " "1, " "1, " "1, " "1, " "1, " "1, " "1, " "1, " "1, " "1, " "1, " "1, " "1, " "1, " "1, " "1, " "1, " "1, " "1, " "1, " "1, " "1, " "1, " "1, " "1, " "1, " "1, " "1, " "1, " "1, " "1, " "1, " "1, " "1, " "1, " "1, " "1, " "1, " "1, " "1, " "1, " "1, " "1, " "1, " "1, " "1, " "1, " "1, " "1, " "1, " "1, " "1, " "1, " "1, " "1, " "1, " "1, " "1, " "1, " "1, " "1, " "1, " "1, " "1, " "1, " "1, " "1, " "1, " "1, " "1, " "1, " "1, " "1, " "1, " "1, " "1, " "1, " "1, " "1, " "1, " "1, " "1, " "1, " "1, " "1, " "1, " "1, " "1, " "1, " "1, " "1, " "1, " "1, " "1, " "1, " "1, " "1, " "1, " "1, " "1, " "1, " "1, " "1, " "1, " "1, " "1, " "1, " "1, " "0, " "1, " "1, " "1, " "1, " "1, " "1, " "1, " "1, " "1, " "1, " "1, " "1, " "1, " "1, " "1, " "1, " "1, " "1, " "1, " "1, " "1, " "1, " "1, " "1, " "1, " "1, " "1, " "1, " "1, " "1, " "1, " "1, " "1, " "1, " "1, " "1, " "1, " "1, " "1, " "1, " "1, " "1, " "1, " "1, " "1, " "1, " "1, " "1, " "1, " "1, "0
 "Nei207, 0.191, " "-0.03, " "1, " "1, " "1, " "1, " "1, " "1, " "1, " "1, " "1, " "1, " "1, " "1, " "1, " "1, " "1, " "1, " "1, " "1, " "1, " "1, " "1, " "1, " "1, " "1, " "1, " "1, " "1, " "1, " "1, " "1, " "1, " "1, " "1, " "1, " "1, " "1, " "1, " "1, " "1, " "1, " "1, " "1, " "1, " "1, " "1, " "1, " "1, " "1, " "1, " "1, " "1, " "1, " "1, " "1, " "1, " "1, " "1, " "1, " "1, " "1, " "1, " "1, " "1, " "1, " "1, " "1, " "1, " "1, " "1, " "1, " "1, " "1, " "1, " "1, " "1, " "1, " "1, " "1, " "1, " "1, " "1, " "1, " "1, " "1, " "1, " "1, " "1, " "1, " "1, " "1, " "1, " "1, " "1, " "1, " "1, " "1, " "1, " "1, " "1, " "1, " "1, " "1, " "1, " "1, " "1, " "1, " "1, " "1, " "1, " "1, " "1, " "1, " "1, " "1, " "1, " "1, " "1, " "1, " "1, " "1, " "1, " "1, " "1, " "1, " "1, " "1, " "1, " "1, " "1, " "1, " "1, " "1, " "1, " "1, " "1, " "1, " "1, " "1, " "1, " "1, " "1, " "1, " "1, " "1, " "1, " "1, " "1, " "1, " "1, " "1, " "1, " "1, " "1, " "1, " "1, " "1, " "1, " "1, " "1, " "1, " "1, " "1, " "1, " "1, " "1, " "1, " "1, " "1, " "1, " "1, " "1, " "1, " "1, " "1, " "1, " "1, " "1, " "1, " "1, " "1, " "1, " "1, " "1, " "1, " "1, " "1, " "1, " "1, " "1, " "1, " "1, " "1, " "1, " "1, " "1, " "1, " "1, " "1, " "1, " "1, " "1, " "1, " "1, " "1, " "1, " "1, " "1, " "0, " "1, " "1, " "1, " "1, " "1, " "1, " "1, " "1, " "1, " "1, " "1, " "1, " "1, " "1, " "1, " "1, " "1, " "1, " "1, " "1, " "1, " "1, " "1, " "1, " "1, " "1, " "1, " "1, " "1, " "1, " "1, " "1, " "1, " "1, " "1, " "1, " "1, " "1, " "1, " "1, " "1, " "1, " "1, " "1, " "1, " "1, " "1, " "1, " "1, "0
 "Nei208, 0.038, " "-0.672, " "1, " "1, " "1, " "1, " "1, " "1, " "1, " "1, " "1, " "1, " "1, " "1, " "1, " "1, " "1, " "1, " "1, " "1, " "1, " "1, " "1, " "1, " "1, " "1, " "1, " "1, " "1, " "1, " "1, " "1, " "1, " "1, " "1, " "1, " "1, " "1, " "1, " "1, " "1, " "1, " "1, " "1, " "1, " "1, " "1, " "1, " "1, " "1, " "1, " "1, " "1, " "1, " "1, " "1, " "1, " "1, " "1, " "1, " "1, " "1, " "1, " "1, " "1, " "1, " "1, " "1, " "1, " "1, " "1, " "1, " "1, " "1, " "1, " "1, " "1, " "1, " "1, " "1, " "1, " "1, " "1, " "1, " "1, " "1, " "1, " "1, " "1, " "1, " "1, " "1, " "1, " "1, " "1, " "1, " "1, " "1, " "1, " "1, " "1, " "1, " "1, " "1, " "1, " "1, " "1, " "1, " "1, " "1, " "1, " "1, " "1, " "1, " "1, " "1, " "1, " "1, " "1, " "1, " "1, " "1, " "1, " "1, " "1, " "1, " "1, " "1, " "1, " "1, " "1, " "1, " "1, " "1, " "1, " "1, " "1, " "1, " "1, " "1, " "1, " "1, " "1, " "1, " "1, " "1, " "1, " "1, " "1, " "1, " "1, " "1, " "1, " "1, " "1, " "1, " "1, " "1, " "1, " "1, " "1, " "1, " "1, " "1, " "1, " "1, " "1, " "1, " "1, " "1, " "1, " "1, " "1, " "1, " "1, " "1, " "1, " "1, " "1, " "1, " "1, " "1, " "1, " "1, " "1, " "1, " "1, " "1, " "1, " "1, " "1, " "1, " "1, " "1, " "1, " "1, " "1, " "1, " "1, " "1, " "1, " "1, " "1, " "1, " "1, " "1, " "1, " "1, " "1, " "1, " "0, " "1, " "1, " "1, " "1, " "1, " "1, " "1, " "1, " "1, " "1, " "1, " "1, " "1, " "1, " "1, " "1, " "1, " "1, " "1, " "1, " "1, " "1, " "1, " "1, " "1, " "1, " "1, " "1, " "1, " "1, " "1, " "1, " "1, " "1, " "1, " "1, " "1, " "1, " "1, " "1, " "1, " "1, " "1, " "1, " "1, " "1, " "1, " "1, "0
 "Nei209, 0.097, " "-0.854, " "1, " "1, " "1, " "1, " "1, " "1, " "1, " "1, " "1, " "1, " "1, " "1, " "1, " "1, " "1, " "1, " "1, " "1, " "1, " "1, " "1, " "1, " "1, " "1, " "1, " "1, " "1, " "1, " "1, " "1, " "1, " "1, " "1, " "1, " "1, " "1, " "1, " "1, " "1, " "1, " "1, " "1, " "1, " "1, " "1, " "1, " "1, " "1, " "1, " "1, " "1, " "1, " "1, " "1, " "1, " "1, " "1, " "1, " "1, " "1, " "1, " "1, " "1, " "1, " "1, " "1, " "1, " "1, " "1, " "1, " "1, " "1, " "1, " "1, " "1, " "1, " "1, " "1, " "1, " "1, " "1, " "1, " "1, " "1, " "1, " "1, " "1, " "1, " "1, " "1, " "1, " "1, " "1, " "1, " "1, " "1, " "1, " "1, " "1, " "1, " "1, " "1, " "1, " "1, " "1, " "1, " "1, " "1, " "1, " "1, " "1, " "1, " "1, " "1, " "1, " "1, " "1, " "1, " "1, " "1, " "1, " "1, " "1, " "1, " "1, " "1, " "1, " "1, " "1, " "1, " "1, " "1, " "1, " "1, " "1, " "1, " "1, " "1, " "1, " "1, " "1, " "1, " "1, " "1, " "1, " "1, " "1, " "1, " "1, " "1, " "1, " "1, " "1, " "1, " "1, " "1, " "1, " "1, " "1, " "1, " "1, " "1, " "1, " "1, " "1, " "1, " "1, " "1, " "1, " "1, " "1, " "1, " "1, " "1, " "1, " "1, " "1, " "1, " "1, " "1, " "1, " "1, " "1, " "1, " "1, " "1, " "1, " "1, " "1, " "1, " "1, " "1, " "1, " "1, " "1, " "1, " "1, " "1, " "1, " "1, " "1, " "1, " "1, " "1, " "1, " "1, " "1, " "1, " "1, " "0, " "1, " "1, " "1, " "1, " "1, " "1, " "1, " "1, " "1, " "1, " "1, " "1, " "1, " "1, " "1, " "1, " "1, " "1, " "1, " "1, " "1, " "1, " "1, " "1, " "1, " "1, " "1, " "1, " "1, " "1, " "1, " "1, " "1, " "1, " "1, " "1, " "1, " "1, " "1, " "1, " "1, " "1, " "1, " "1, " "1, " "1, " "1, "0
 "Nei210, 0.181, " "0.13, " "1, " "1, " "1, " "1, " "1, " "1, " "1, " "1, " "1, " "1, " "1, " "1, " "1, " "1, " "1, " "1, " "1, " "1, " "1, " "1, " "1, " "1, " "1, " "1, " "1, " "1, " "1, " "1, " "1, " "1, " "1, " "1, " "1, " "1, " "1, " "1, " "1, " "1, " "1, " "1, " "1, " "1, " "1, " "1, " "1, " "1, " "1, " "1, " "1, " "1, " "1, " "1, " "1, " "1, " "1, " "1, " "1, " "1, " "1, " "1, " "1, " "1, " "1, " "1, " "1, " "1, " "1, " "1, " "1, " "1, " "1, " "1, " "1, " "1, " "1, " "1, " "1, " "1, " "1, " "1, " "1, " "1, " "1, " "1, " "1, " "1, " "1, " "1, " "1, " "1, " "1, " "1, " "1, " "1, " "1, " "1, " "1, " "1, " "1, " "1, " "1, " "1, " "1, " "1, " "1, " "1, " "1, " "1, " "1, " "1, " "1, " "1, " "1, " "1, " "1, " "1, " "1, " "1, " "1, " "1, " "1, " "1, " "1, " "1, " "1, " "1, " "1, " "1, " "1, " "1, " "1, " "1, " "1, " "1, " "1, " "1, " "1, " "1, " "1, " "1, " "1, " "1, " "1, " "1, " "1, " "1, " "1, " "1, " "1, " "1, " "1, " "1, " "1, " "1, " "1, " "1, " "1, " "1, " "1, " "1, " "1, " "1, " "1, " "1, " "1, " "1, " "1, " "1, " "1, " "1, " "1, " "1, " "1, " "1, " "1, " "1, " "1, " "1, " "1, " "1, " "1, " "1, " "1, " "1, " "1, " "1, " "1, " "1, " "1, " "1, " "1, " "1, " "1, " "1, " "1, " "1, " "1, " "1, " "1, " "1, " "1, " "1, " "1, " "1, " "1, " "1, " "1, " "1, " "1, " "1, " "0, " "1, " "1, " "1, " "1, " "1, " "1, " "1, " "1, " "1, " "1, " "1, " "1, " "1, " "1, " "1, " "1, " "1, " "1, " "1, " "1, " "1, " "1, " "1, " "1, " "1, " "1, " "1, " "1, " "1, " "1, " "1, " "1, " "1, " "1, " "1, " "1, " "1, " "1, " "1, " "1, " "1, " "1, " "1, " "1, " "1, " "1, "0
 "Nei211, 0.291, " "0.969, " "1, " "1, " "1, " "1, " "1, " "1, " "1, " "1, " "1, " "1, " "1, " "1, " "1, " "1, " "1, " "1, " "1, " "1, " "1, " "1, " "1, " "1, " "1, " "1, " "1, " "1, " "1, " "1, " "1, " "1, " "1, " "1, " "1, " "1, " "1, " "1, " "1, " "1, " "1, " "1, " "1, " "1, " "1, " "1, " "1, " "1, " "1, " "1, " "1, " "1, " "1, " "1, " "1, " "1, " "1, " "1, " "1, " "1, " "1, " "1, " "1, " "1, " "1, " "1, " "1, " "1, " "1, " "1, " "1, " "1, " "1, " "1, " "1, " "1, " "1, " "1, " "1, " "1, " "1, " "1, " "1, " "1, " "1, " "1, " "1, " "1, " "1, " "1, " "1, " "1, " "1, " "1, " "1, " "1, " "1, " "1, " "1, " "1, " "1, " "1, " "1, " "1, " "1, " "1, " "1, " "1, " "1, " "1, " "1, " "1, " "1, " "1, " "1, " "1, " "1, " "1, " "1, " "1, " "1, " "1, " "1, " "1, " "1, " "1, " "1, " "1, " "1, " "1, " "1, " "1, " "1, " "1, " "1, " "1, " "1, " "1, " "1, " "1, " "1, " "1, " "1, " "1, " "1, " "1, " "1, " "1, " "1, " "1, " "1, " "1, " "1, " "1, " "1, " "1, " "1, " "1, " "1, " "1, " "1, " "1, " "1, " "1, " "1, " "1, " "1, " "1, " "1, " "1, " "1, " "1, " "1, " "1, " "1, " "1, " "1, " "1, " "1, " "1, " "1, " "1, " "1, " "1, " "1, " "1, " "1, " "1, " "1, " "1, " "1, " "1, " "1, " "1, " "1, " "1, " "1, " "1, " "1, " "1, " "1, " "1, " "1, " "1, " "1, " "1, " "1, " "1, " "1, " "1, " "1, " "1, " "1, " "0, " "1, " "1, " "1, " "1, " "1, " "1, " "1, " "1, " "1, " "1, " "1, " "1, " "1, " "1, " "1, " "1, " "1, " "1, " "1, " "1, " "1, " "1, " "1, " "1, " "1, " "1, " "1, " "1, " "1, " "1, " "1, " "1, " "1, " "1, " "1, " "1, " "1, " "1, " "1, " "1, " "1, " "1, " "1, " "1, " "1, "0
 "Nei212, 0.255, " "-0.791, " "1, " "1, " "1, " "1, " "1, " "1, " "1, " "1, " "1, " "1, " "1, " "1, " "1, " "1, " "1, " "1, " "1, " "1, " "1, " "1, " "1, " "1, " "1, " "1, " "1, " "1, " "1, " "1, " "1, " "1, " "1, " "1, " "1, " "1, " "1, " "1, " "1, " "1, " "1, " "1, " "1, " "1, " "1, " "1, " "1, " "1, " "1, " "1, " "1, " "1, " "1, " "1, " "1, " "1, " "1, " "1, " "1, " "1, " "1, " "1, " "1, " "1, " "1, " "1, " "1, " "1, " "1, " "1, " "1, " "1, " "1, " "1, " "1, " "1, " "1, " "1, " "1, " "1, " "1, " "1, " "1, " "1, " "1, " "1, " "1, " "1, " "1, " "1, " "1, " "1, " "1, " "1, " "1, " "1, " "1, " "1, " "1, " "1, " "1, " "1, " "1, " "1, " "1, " "1, " "1, " "1, " "1, " "1, " "1, " "1, " "1, " "1, " "1, " "1, " "1, " "1, " "1, " "1, " "1, " "1, " "1, " "1, " "1, " "1, " "1, " "1, " "1, " "1, " "1, " "1, " "1, " "1, " "1, " "1, " "1, " "1, " "1, " "1, " "1, " "1, " "1, " "1, " "1, " "1, " "1, " "1, " "1, " "1, " "1, " "1, " "1, " "1, " "1, " "1, " "1, " "1, " "1, " "1, " "1, " "1, " "1, " "1, " "1, " "1, " "1, " "1, " "1, " "1, " "1, " "1, " "1, " "1, " "1, " "1, " "1, " "1, " "1, " "1, " "1, " "1, " "1, " "1, " "1, " "1, " "1, " "1, " "1, " "1, " "1, " "1, " "1, " "1, " "1, " "1, " "1, " "1, " "1, " "1, " "1, " "1, " "1, " "1, " "1, " "1, " "1, " "1, " "1, " "1, " "1, " "1, " "1, " "1, " "0, " "1, " "1, " "1, " "1, " "1, " "1, " "1, " "1, " "1, " "1, " "1, " "1, " "1, " "1, " "1, " "1, " "1, " "1, " "1, " "1, " "1, " "1, " "1, " "1, " "1, " "1, " "1, " "1, " "1, " "1, " "1, " "1, " "1, " "1, " "1, " "1, " "1, " "1, " "1, " "1, " "1, " "1, " "1, " "1, "0
 "Nei213, 0.124, " "0.914, " "1, " "1, " "1, " "1, " "1, " "1, " "1, " "1, " "1, " "1, " "1, " "1, " "1, " "1, " "1, " "1, " "1, " "1, " "1, " "1, " "1, " "1, " "1, " "1, " "1, " "1, " "1, " "1, " "1, " "1, " "1, " "1, " "1, " "1, " "1, " "1, " "1, " "1, " "1, " "1, " "1, " "1, " "1, " "1, " "1, " "1, " "1, " "1, " "1, " "1, " "1, " "1, " "1, " "1, " "1, " "1, " "1, " "1, " "1, " "1, " "1, " "1, " "1, " "1, " "1, " "1, " "1, " "1, " "1, " "1, " "1, " "1, " "1, " "1, " "1, " "1, " "1, " "1, " "1, " "1, " "1, " "1, " "1, " "1, " "1, " "1, " "1, " "1, " "1, " "1, " "1, " "1, " "1, " "1, " "1, " "1, " "1, " "1, " "1, " "1, " "1, " "1, " "1, " "1, " "1, " "1, " "1, " "1, " "1, " "1, " "1, " "1, " "1, " "1, " "1, " "1, " "1, " "1, " "1, " "1, " "1, " "1, " "1, " "1, " "1, " "1, " "1, " "1, " "1, " "1, " "1, " "1, " "1, " "1, " "1, " "1, " "1, " "1, " "1, " "1, " "1, " "1, " "1, " "1, " "1, " "1, " "1, " "1, " "1, " "1, " "1, " "1, " "1, " "1, " "1, " "1, " "1, " "1, " "1, " "1, " "1, " "1, " "1, " "1, " "1, " "1, " "1, " "1, " "1, " "1, " "1, " "1, " "1, " "1, " "1, " "1, " "1, " "1, " "1, " "1, " "1, " "1, " "1, " "1, " "1, " "1, " "1, " "1, " "1, " "1, " "1, " "1, " "1, " "1, " "1, " "1, " "1, " "1, " "1, " "1, " "1, " "1, " "1, " "1, " "1, " "1, " "1, " "1, " "1, " "1, " "1, " "1, " "1, " "0, " "1, " "1, " "1, " "1, " "1, " "1, " "1, " "1, " "1, " "1, " "1, " "1, " "1, " "1, " "1, " "1, " "1, " "1, " "1, " "1, " "1, " "1, " "1, " "1, " "1, " "1, " "1, " "1, " "1, " "1, " "1, " "1, " "1, " "1, " "1, " "1, " "1, " "1, " "1, " "1, " "1, " "1, " "1, "0
 "Nei214, 0.237, " "-0.708, " "1, " "1, " "1, " "1, " "1, " "1, " "1, " "1, " "1, " "1, " "1, " "1, " "1, " "1, " "1, " "1, " "1, " "1, " "1, " "1, " "1, " "1, " "1, " "1, " "1, " "1, " "1, " "1, " "1, " "1, " "1, " "1, " "1, " "1, " "1, " "1, " "1, " "1, " "1, " "1, " "1, " "1, " "1, " "1, " "1, " "1, " "1, " "1, " "1, " "1, " "1, " "1, " "1, " "1, " "1, " "1, " "1, " "1, " "1, " "1, " "1, " "1, " "1, " "1, " "1, " "1, " "1, " "1, " "1, " "1, " "1, " "1, " "1, " "1, " "1, " "1, " "1, " "1, " "1, " "1, " "1, " "1, " "1, " "1, " "1, " "1, " "1, " "1, " "1, " "1, " "1, " "1, " "1, " "1, " "1, " "1, " "1, " "1, " "1, " "1, " "1, " "1, " "1, " "1, " "1, " "1, " "1, " "1, " "1, " "1, " "1, " "1, " "1, " "1, " "1, " "1, " "1, " "1, " "1, " "1, " "1, " "1, " "1, " "1, " "1, " "1, " "1, " "1, " "1, " "1, " "1, " "1, " "1, " "1, " "1, " "1, " "1, " "1, " "1, " "1, " "1, " "1, " "1, " "1, " "1, " "1, " "1, " "1, " "1, " "1, " "1, " "1, " "1, " "1, " "1, " "1, " "1, " "1, " "1, " "1, " "1, " "1, " "1, " "1, " "1, " "1, " "1, " "1, " "1, " "1, " "1, " "1, " "1, " "1, " "1, " "1, " "1, " "1, " "1, " "1, " "1, " "1, " "1, " "1, " "1, " "1, " "1, " "1, " "1, " "1, " "1, " "1, " "1, " "1, " "1, " "1, " "1, " "1, " "1, " "1, " "1, " "1, " "1, " "1, " "1, " "1, " "1, " "1, " "1, " "1, " "1, " "1, " "1, " "1, " "0, " "1, " "1, " "1, " "1, " "1, " "1, " "1, " "1, " "1, " "1, " "1, " "1, " "1, " "1, " "1, " "1, " "1, " "1, " "1, " "1, " "1, " "1, " "1, " "1, " "1, " "1, " "1, " "1, " "1, " "1, " "1, " "1, " "1, " "1, " "1, " "1, " "1, " "1, " "1, " "1, " "1, " "1, "0
 "Nei215, 0.097, " "0.68, " "1, " "1, " "1, " "1, " "1, " "1, " "1, " "1, " "1, " "1, " "1, " "1, " "1, " "1, " "1, " "1, " "1, " "1, " "1, " "1, " "1, " "1, " "1, " "1, " "1, " "1, " "1, " "1, " "1, " "1, " "1, " "1, " "1, " "1, " "1, " "1, " "1, " "1, " "1, " "1, " "1, " "1, " "1, " "1, " "1, " "1, " "1, " "1, " "1, " "1, " "1, " "1, " "1, " "1, " "1, " "1, " "1, " "1, " "1, " "1, " "1, " "1, " "1, " "1, " "1, " "1, " "1, " "1, " "1, " "1, " "1, " "1, " "1, " "1, " "1, " "1, " "1, " "1, " "1, " "1, " "1, " "1, " "1, " "1, " "1, " "1, " "1, " "1, " "1, " "1, " "1, " "1, " "1, " "1, " "1, " "1, " "1, " "1, " "1, " "1, " "1, " "1, " "1, " "1, " "1, " "1, " "1, " "1, " "1, " "1, " "1, " "1, " "1, " "1, " "1, " "1, " "1, " "1, " "1, " "1, " "1, " "1, " "1, " "1, " "1, " "1, " "1, " "1, " "1, " "1, " "1, " "1, " "1, " "1, " "1, " "1, " "1, " "1, " "1, " "1, " "1, " "1, " "1, " "1, " "1, " "1, " "1, " "1, " "1, " "1, " "1, " "1, " "1, " "1, " "1, " "1, " "1, " "1, " "1, " "1, " "1, " "1, " "1, " "1, " "1, " "1, " "1, " "1, " "1, " "1, " "1, " "1, " "1, " "1, " "1, " "1, " "1, " "1, " "1, " "1, " "1, " "1, " "1, " "1, " "1, " "1, " "1, " "1, " "1, " "1, " "1, " "1, " "1, " "1, " "1, " "1, " "1, " "1, " "1, " "1, " "1, " "1, " "1, " "1, " "1, " "1, " "1, " "1, " "1, " "1, " "1, " "1, " "1, " "1, " "1, " "0, " "1, " "1, " "1, " "1, " "1, " "1, " "1, " "1, " "1, " "1, " "1, " "1, " "1, " "1, " "1, " "1, " "1, " "1, " "1, " "1, " "1, " "1, " "1, " "1, " "1, " "1, " "1, " "1, " "1, " "1, " "1, " "1, " "1, " "1, " "1, " "1, " "1, " "1, " "1, " "1, " "1, "0
 "Nei216, 0.317, " "0.675, " "1, " "1, " "1, " "1, " "1, " "1, " "1, " "1, " "1, " "1, " "1, " "1, " "1, " "1, " "1, " "1, " "1, " "1, " "1, " "1, " "1, " "1, " "1, " "1, " "1, " "1, " "1, " "1, " "1, " "1, " "1, " "1, " "1, " "1, " "1, " "1, " "1, " "1, " "1, " "1, " "1, " "1, " "1, " "1, " "1, " "1, " "1, " "1, " "1, " "1, " "1, " "1, " "1, " "1, " "1, " "1, " "1, " "1, " "1, " "1, " "1, " "1, " "1, " "1, " "1, " "1, " "1, " "1, " "1, " "1, " "1, " "1, " "1, " "1, " "1, " "1, " "1, " "1, " "1, " "1, " "1, " "1, " "1, " "1, " "1, " "1, " "1, " "1, " "1, " "1, " "1, " "1, " "1, " "1, " "1, " "1, " "1, " "1, " "1, " "1, " "1, " "1, " "1, " "1, " "1, " "1, " "1, " "1, " "1, " "1, " "1, " "1, " "1, " "1, " "1, " "1, " "1, " "1, " "1, " "1, " "1, " "1, " "1, " "1, " "1, " "1, " "1, " "1, " "1, " "1, " "1, " "1, " "1, " "1, " "1, " "1, " "1, " "1, " "1, " "1, " "1, " "1, " "1, " "1, " "1, " "1, " "1, " "1, " "1, " "1, " "1, " "1, " "1, " "1, " "1, " "1, " "1, " "1, " "1, " "1, " "1, " "1, " "1, " "1, " "1, " "1, " "1, " "1, " "1, " "1, " "1, " "1, " "1, " "1, " "1, " "1, " "1, " "1, " "1, " "1, " "1, " "1, " "1, " "1, " "1, " "1, " "1, " "1, " "1, " "1, " "1, " "1, " "1, " "1, " "1, " "1, " "1, " "1, " "1, " "1, " "1, " "1, " "1, " "1, " "1, " "1, " "1, " "1, " "1, " "1, " "1, " "1, " "1, " "1, " "1, " "1, " "0, " "1, " "1, " "1, " "1, " "1, " "1, " "1, " "1, " "1, " "1, " "1, " "1, " "1, " "1, " "1, " "1, " "1, " "1, " "1, " "1, " "1, " "1, " "1, " "1, " "1, " "1, " "1, " "1, " "1, " "1, " "1, " "1, " "1, " "1, " "1, " "1, " "1, " "1, " "1, " "1, "0
 "Nei217, 0.103, " "0.908, " "1, " "1, " "1, " "1, " "1, " "1, " "1, " "1, " "1, " "1, " "1, " "1, " "1, " "1, " "1, " "1, " "1, " "1, " "1, " "1, " "1, " "1, " "1, " "1, " "1, " "1, " "1, " "1, " "1, " "1, " "1, " "1, " "1, " "1, " "1, " "1, " "1, " "1, " "1, " "1, " "1, " "1, " "1, " "1, " "1, " "1, " "1, " "1, " "1, " "1, " "1, " "1, " "1, " "1, " "1, " "1, " "1, " "1, " "1, " "1, " "1, " "1, " "1, " "1, " "1, " "1, " "1, " "1, " "1, " "1, " "1, " "1, " "1, " "1, " "1, " "1, " "1, " "1, " "1, " "1, " "1, " "1, " "1, " "1, " "1, " "1, " "1, " "1, " "1, " "1, " "1, " "1, " "1, " "1, " "1, " "1, " "1, " "1, " "1, " "1, " "1, " "1, " "1, " "1, " "1, " "1, " "1, " "1, " "1, " "1, " "1, " "1, " "1, " "1, " "1, " "1, " "1, " "1, " "1, " "1, " "1, " "1, " "1, " "1, " "1, " "1, " "1, " "1, " "1, " "1, " "1, " "1, " "1, " "1, " "1, " "1, " "1, " "1, " "1, " "1, " "1, " "1, " "1, " "1, " "1, " "1, " "1, " "1, " "1, " "1, " "1, " "1, " "1, " "1, " "1, " "1, " "1, " "1, " "1, " "1, " "1, " "1, " "1, " "1, " "1, " "1, " "1, " "1, " "1, " "1, " "1, " "1, " "1, " "1, " "1, " "1, " "1, " "1, " "1, " "1, " "1, " "1, " "1, " "1, " "1, " "1, " "1, " "1, " "1, " "1, " "1, " "1, " "1, " "1, " "1, " "1, " "1, " "1, " "1, " "1, " "1, " "1, " "1, " "1, " "1, " "1, " "1, " "1, " "1, " "1, " "1, " "1, " "1, " "1, " "1, " "1, " "1, " "0, " "1, " "1, " "1, " "1, " "1, " "1, " "1, " "1, " "1, " "1, " "1, " "1, " "1, " "1, " "1, " "1, " "1, " "1, " "1, " "1, " "1, " "1, " "1, " "1, " "1, " "1, " "1, " "1, " "1, " "1, " "1, " "1, " "1, " "1, " "1, " "1, " "1, " "1, " "1, "0
 "Nei218, 0.072, " "0.441, " "1, " "1, " "1, " "1, " "1, " "1, " "1, " "1, " "1, " "1, " "1, " "1, " "1, " "1, " "1, " "1, " "1, " "1, " "1, " "1, " "1, " "1, " "1, " "1, " "1, " "1, " "1, " "1, " "1, " "1, " "1, " "1, " "1, " "1, " "1, " "1, " "1, " "1, " "1, " "1, " "1, " "1, " "1, " "1, " "1, " "1, " "1, " "1, " "1, " "1, " "1, " "1, " "1, " "1, " "1, " "1, " "1, " "1, " "1, " "1, " "1, " "1, " "1, " "1, " "1, " "1, " "1, " "1, " "1, " "1, " "1, " "1, " "1, " "1, " "1, " "1, " "1, " "1, " "1, " "1, " "1, " "1, " "1, " "1, " "1, " "1, " "1, " "1, " "1, " "1, " "1, " "1, " "1, " "1, " "1, " "1, " "1, " "1, " "1, " "1, " "1, " "1, " "1, " "1, " "1, " "1, " "1, " "1, " "1, " "1, " "1, " "1, " "1, " "1, " "1, " "1, " "1, " "1, " "1, " "1, " "1, " "1, " "1, " "1, " "1, " "1, " "1, " "1, " "1, " "1, " "1, " "1, " "1, " "1, " "1, " "1, " "1, " "1, " "1, " "1, " "1, " "1, " "1, " "1, " "1, " "1, " "1, " "1, " "1, " "1, " "1, " "1, " "1, " "1, " "1, " "1, " "1, " "1, " "1, " "1, " "1, " "1, " "1, " "1, " "1, " "1, " "1, " "1, " "1, " "1, " "1, " "1, " "1, " "1, " "1, " "1, " "1, " "1, " "1, " "1, " "1, " "1, " "1, " "1, " "1, " "1, " "1, " "1, " "1, " "1, " "1, " "1, " "1, " "1, " "1, " "1, " "1, " "1, " "1, " "1, " "1, " "1, " "1, " "1, " "1, " "1, " "1, " "1, " "1, " "1, " "1, " "1, " "1, " "1, " "1, " "1, " "1, " "1, " "0, " "1, " "1, " "1, " "1, " "1, " "1, " "1, " "1, " "1, " "1, " "1, " "1, " "1, " "1, " "1, " "1, " "1, " "1, " "1, " "1, " "1, " "1, " "1, " "1, " "1, " "1, " "1, " "1, " "1, " "1, " "1, " "1, " "1, " "1, " "1, " "1, " "1, " "1, "0
 "Nei219, 0.384, " "-0.837, " "1, " "1, " "1, " "1, " "1, " "1, " "1, " "1, " "1, " "1, " "1, " "1, " "1, " "1, " "1, " "1, " "1, " "1, " "1, " "1, " "1, " "1, " "1, " "1, " "1, " "1, " "1, " "1, " "1, " "1, " "1, " "1, " "1, " "1, " "1, " "1, " "1, " "1, " "1, " "1, " "1, " "1, " "1, " "1, " "1, " "1, " "1, " "1, " "1, " "1, " "1, " "1, " "1, " "1, " "1, " "1, " "1, " "1, " "1, " "1, " "1, " "1, " "1, " "1, " "1, " "1, " "1, " "1, " "1, " "1, " "1, " "1, " "1, " "1, " "1, " "1, " "1, " "1, " "1, " "1, " "1, " "1, " "1, " "1, " "1, " "1, " "1, " "1, " "1, " "1, " "1, " "1, " "1, " "1, " "1, " "1, " "1, " "1, " "1, " "1, " "1, " "1, " "1, " "1, " "1, " "1, " "1, " "1, " "1, " "1, " "1, " "1, " "1, " "1, " "1, " "1, " "1, " "1, " "1, " "1, " "1, " "1, " "1, " "1, " "1, " "1, " "1, " "1, " "1, " "1, " "1, " "1, " "1, " "1, " "1, " "1, " "1, " "1, " "1, " "1, " "1, " "1, " "1, " "1, " "1, " "1, " "1, " "1, " "1, " "1, " "1, " "1, " "1, " "1, " "1, " "1, " "1, " "1, " "1, " "1, " "1, " "1, " "1, " "1, " "1, " "1, " "1, " "1, " "1, " "1, " "1, " "1, " "1, " "1, " "1, " "1, " "1, " "1, " "1, " "1, " "1, " "1, " "1, " "1, " "1, " "1, " "1, " "1, " "1, " "1, " "1, " "1, " "1, " "1, " "1, " "1, " "1, " "1, " "1, " "1, " "1, " "1, " "1, " "1, " "1, " "1, " "1, " "1, " "1, " "1, " "1, " "1, " "1, " "1, " "1, " "1, " "1, " "1, " "1, " "0, " "1, " "1, " "1, " "1, " "1, " "1, " "1, " "1, " "1, " "1, " "1, " "1, " "1, " "1, " "1, " "1, " "1, " "1, " "1, " "1, " "1, " "1, " "1, " "1, " "1, " "1, " "1, " "1, " "1, " "1, " "1, " "1, " "1, " "1, " "1, " "1, " "1, "0
 "Nei220, 0.289, " "-0.689, " "1, " "1, " "1, " "1, " "1, " "1, " "1, " "1, " "1, " "1, " "1, " "1, " "1, " "1, " "1, " "1, " "1, " "1, " "1, " "1, " "1, " "1, " "1, " "1, " "1, " "1, " "1, " "1, " "1, " "1, " "1, " "1, " "1, " "1, " "1, " "1, " "1, " "1, " "1, " "1, " "1, " "1, " "1, " "1, " "1, " "1, " "1, " "1, " "1, " "1, " "1, " "1, " "1, " "1, " "1, " "1, " "1, " "1, " "1, " "1, " "1, " "1, " "1, " "1, " "1, " "1, " "1, " "1, " "1, " "1, " "1, " "1, " "1, " "1, " "1, " "1, " "1, " "1, " "1, " "1, " "1, " "1, " "1, " "1, " "1, " "1, " "1, " "1, " "1, " "1, " "1, " "1, " "1, " "1, " "1, " "1, " "1, " "1, " "1, " "1, " "1, " "1, " "1, " "1, " "1, " "1, " "1, " "1, " "1, " "1, " "1, " "1, " "1, " "1, " "1, " "1, " "1, " "1, " "1, " "1, " "1, " "1, " "1, " "1, " "1, " "1, " "1, " "1, " "1, " "1, " "1, " "1, " "1, " "1, " "1, " "1, " "1, " "1, " "1, " "1, " "1, " "1, " "1, " "1, " "1, " "1, " "1, " "1, " "1, " "1, " "1, " "1, " "1, " "1, " "1, " "1, " "1, " "1, " "1, " "1, " "1, " "1, " "1, " "1, " "1, " "1, " "1, " "1, " "1, " "1, " "1, " "1, " "1, " "1, " "1, " "1, " "1, " "1, " "1, " "1, " "1, " "1, " "1, " "1, " "1, " "1, " "1, " "1, " "1, " "1, " "1, " "1, " "1, " "1, " "1, " "1, " "1, " "1, " "1, " "1, " "1, " "1, " "1, " "1, " "1, " "1, " "1, " "1, " "1, " "1, " "1, " "1, " "1, " "1, " "1, " "1, " "1, " "1, " "1, " "1, " "0, " "1, " "1, " "1, " "1, " "1, " "1, " "1, " "1, " "1, " "1, " "1, " "1, " "1, " "1, " "1, " "1, " "1, " "1, " "1, " "1, " "1, " "1, " "1, " "1, " "1, " "1, " "1, " "1, " "1, " "1, " "1, " "1, " "1, " "1, " "1, " "1, "0
 "Nei221, 0.212, " "0.393, " "1, " "1, " "1, " "1, " "1, " "1, " "1, " "1, " "1, " "1, " "1, " "1, " "1, " "1, " "1, " "1, " "1, " "1, " "1, " "1, " "1, " "1, " "1, " "1, " "1, " "1, " "1, " "1, " "1, " "1, " "1, " "1, " "1, " "1, " "1, " "1, " "1, " "1, " "1, " "1, " "1, " "1, " "1, " "1, " "1, " "1, " "1, " "1, " "1, " "1, " "1, " "1, " "1, " "1, " "1, " "1, " "1, " "1, " "1, " "1, " "1, " "1, " "1, " "1, " "1, " "1, " "1, " "1, " "1, " "1, " "1, " "1, " "1, " "1, " "1, " "1, " "1, " "1, " "1, " "1, " "1, " "1, " "1, " "1, " "1, " "1, " "1, " "1, " "1, " "1, " "1, " "1, " "1, " "1, " "1, " "1, " "1, " "1, " "1, " "1, " "1, " "1, " "1, " "1, " "1, " "1, " "1, " "1, " "1, " "1, " "1, " "1, " "1, " "1, " "1, " "1, " "1, " "1, " "1, " "1, " "1, " "1, " "1, " "1, " "1, " "1, " "1, " "1, " "1, " "1, " "1, " "1, " "1, " "1, " "1, " "1, " "1, " "1, " "1, " "1, " "1, " "1, " "1, " "1, " "1, " "1, " "1, " "1, " "1, " "1, " "1, " "1, " "1, " "1, " "1, " "1, " "1, " "1, " "1, " "1, " "1, " "1, " "1, " "1, " "1, " "1, " "1, " "1, " "1, " "1, " "1, " "1, " "1, " "1, " "1, " "1, " "1, " "1, " "1, " "1, " "1, " "1, " "1, " "1, " "1, " "1, " "1, " "1, " "1, " "1, " "1, " "1, " "1, " "1, " "1, " "1, " "1, " "1, " "1, " "1, " "1, " "1, " "1, " "1, " "1, " "1, " "1, " "1, " "1, " "1, " "1, " "1, " "1, " "1, " "1, " "1, " "1, " "1, " "1, " "1, " "1, " "0, " "1, " "1, " "1, " "1, " "1, " "1, " "1, " "1, " "1, " "1, " "1, " "1, " "1, " "1, " "1, " "1, " "1, " "1, " "1, " "1, " "1, " "1, " "1, " "1, " "1, " "1, " "1, " "1, " "1, " "1, " "1, " "1, " "1, " "1, " "1, "0
 "Nei222, 0.158, " "0.957, " "1, " "1, " "1, " "1, " "1, " "1, " "1, " "1, " "1, " "1, " "1, " "1, " "1, " "1, " "1, " "1, " "1, " "1, " "1, " "1, " "1, " "1, " "1, " "1, " "1, " "1, " "1, " "1, " "1, " "1, " "1, " "1, " "1, " "1, " "1, " "1, " "1, " "1, " "1, " "1, " "1, " "1, " "1, " "1, " "1, " "1, " "1, " "1, " "1, " "1, " "1, " "1, " "1, " "1, " "1, " "1, " "1, " "1, " "1, " "1, " "1, " "1, " "1, " "1, " "1, " "1, " "1, " "1, " "1, " "1, " "1, " "1, " "1, " "1, " "1, " "1, " "1, " "1, " "1, " "1, " "1, " "1, " "1, " "1, " "1, " "1, " "1, " "1, " "1, " "1, " "1, " "1, " "1, " "1, " "1, " "1, " "1, " "1, " "1, " "1, " "1, " "1, " "1, " "1, " "1, " "1, " "1, " "1, " "1, " "1, " "1, " "1, " "1, " "1, " "1, " "1, " "1, " "1, " "1, " "1, " "1, " "1, " "1, " "1, " "1, " "1, " "1, " "1, " "1, " "1, " "1, " "1, " "1, " "1, " "1, " "1, " "1, " "1, " "1, " "1, " "1, " "1, " "1, " "1, " "1, " "1, " "1, " "1, " "1, " "1, " "1, " "1, " "1, " "1, " "1, " "1, " "1, " "1, " "1, " "1, " "1, " "1, " "1, " "1, " "1, " "1, " "1, " "1, " "1, " "1, " "1, " "1, " "1, " "1, " "1, " "1, " "1, " "1, " "1, " "1, " "1, " "1, " "1, " "1, " "1, " "1, " "1, " "1, " "1, " "1, " "1, " "1, " "1, " "1, " "1, " "1, " "1, " "1, " "1, " "1, " "1, " "1, " "1, " "1, " "1, " "1, " "1, " "1, " "1, " "1, " "1, " "1, " "1, " "1, " "1, " "1, " "1, " "1, " "1, " "1, " "1, " "1, " "0, " "1, " "1, " "1, " "1, " "1, " "1, " "1, " "1, " "1, " "1, " "1, " "1, " "1, " "1, " "1, " "1, " "1, " "1, " "1, " "1, " "1, " "1, " "1, " "1, " "1, " "1, " "1, " "1, " "1, " "1, " "1, " "1, " "1, " "1, "0
 "Nei223, 0.108, " "0.801, " "1, " "1, " "1, " "1, " "1, " "1, " "1, " "1, " "1, " "1, " "1, " "1, " "1, " "1, " "1, " "1, " "1, " "1, " "1, " "1, " "1, " "1, " "1, " "1, " "1, " "1, " "1, " "1, " "1, " "1, " "1, " "1, " "1, " "1, " "1, " "1, " "1, " "1, " "1, " "1, " "1, " "1, " "1, " "1, " "1, " "1, " "1, " "1, " "1, " "1, " "1, " "1, " "1, " "1, " "1, " "1, " "1, " "1, " "1, " "1, " "1, " "1, " "1, " "1, " "1, " "1, " "1, " "1, " "1, " "1, " "1, " "1, " "1, " "1, " "1, " "1, " "1, " "1, " "1, " "1, " "1, " "1, " "1, " "1, " "1, " "1, " "1, " "1, " "1, " "1, " "1, " "1, " "1, " "1, " "1, " "1, " "1, " "1, " "1, " "1, " "1, " "1, " "1, " "1, " "1, " "1, " "1, " "1, " "1, " "1, " "1, " "1, " "1, " "1, " "1, " "1, " "1, " "1, " "1, " "1, " "1, " "1, " "1, " "1, " "1, " "1, " "1, " "1, " "1, " "1, " "1, " "1, " "1, " "1, " "1, " "1, " "1, " "1, " "1, " "1, " "1, " "1, " "1, " "1, " "1, " "1, " "1, " "1, " "1, " "1, " "1, " "1, " "1, " "1, " "1, " "1, " "1, " "1, " "1, " "1, " "1, " "1, " "1, " "1, " "1, " "1, " "1, " "1, " "1, " "1, " "1, " "1, " "1, " "1, " "1, " "1, " "1, " "1, " "1, " "1, " "1, " "1, " "1, " "1, " "1, " "1, " "1, " "1, " "1, " "1, " "1, " "1, " "1, " "1, " "1, " "1, " "1, " "1, " "1, " "1, " "1, " "1, " "1, " "1, " "1, " "1, " "1, " "1, " "1, " "1, " "1, " "1, " "1, " "1, " "1, " "1, " "1, " "1, " "1, " "1, " "1, " "1, " "1, " "0, " "1, " "1, " "1, " "1, " "1, " "1, " "1, " "1, " "1, " "1, " "1, " "1, " "1, " "1, " "1, " "1, " "1, " "1, " "1, " "1, " "1, " "1, " "1, " "1, " "1, " "1, " "1, " "1, " "1, " "1, " "1, " "1, " "1, "0
 "Nei224, 0.324, " "0.101, " "1, " "1, " "1, " "1, " "1, " "1, " "1, " "1, " "1, " "1, " "1, " "1, " "1, " "1, " "1, " "1, " "1, " "1, " "1, " "1, " "1, " "1, " "1, " "1, " "1, " "1, " "1, " "1, " "1, " "1, " "1, " "1, " "1, " "1, " "1, " "1, " "1, " "1, " "1, " "1, " "1, " "1, " "1, " "1, " "1, " "1, " "1, " "1, " "1, " "1, " "1, " "1, " "1, " "1, " "1, " "1, " "1, " "1, " "1, " "1, " "1, " "1, " "1, " "1, " "1, " "1, " "1, " "1, " "1, " "1, " "1, " "1, " "1, " "1, " "1, " "1, " "1, " "1, " "1, " "1, " "1, " "1, " "1, " "1, " "1, " "1, " "1, " "1, " "1, " "1, " "1, " "1, " "1, " "1, " "1, " "1, " "1, " "1, " "1, " "1, " "1, " "1, " "1, " "1, " "1, " "1, " "1, " "1, " "1, " "1, " "1, " "1, " "1, " "1, " "1, " "1, " "1, " "1, " "1, " "1, " "1, " "1, " "1, " "1, " "1, " "1, " "1, " "1, " "1, " "1, " "1, " "1, " "1, " "1, " "1, " "1, " "1, " "1, " "1, " "1, " "1, " "1, " "1, " "1, " "1, " "1, " "1, " "1, " "1, " "1, " "1, " "1, " "1, " "1, " "1, " "1, " "1, " "1, " "1, " "1, " "1, " "1, " "1, " "1, " "1, " "1, " "1, " "1, " "1, " "1, " "1, " "1, " "1, " "1, " "1, " "1, " "1, " "1, " "1, " "1, " "1, " "1, " "1, " "1, " "1, " "1, " "1, " "1, " "1, " "1, " "1, " "1, " "1, " "1, " "1, " "1, " "1, " "1, " "1, " "1, " "1, " "1, " "1, " "1, " "1, " "1, " "1, " "1, " "1, " "1, " "1, " "1, " "1, " "1, " "1, " "1, " "1, " "1, " "1, " "1, " "1, " "1, " "1, " "1, " "0, " "1, " "1, " "1, " "1, " "1, " "1, " "1, " "1, " "1, " "1, " "1, " "1, " "1, " "1, " "1, " "1, " "1, " "1, " "1, " "1, " "1, " "1, " "1, " "1, " "1, " "1, " "1, " "1, " "1, " "1, " "1, " "1, "0
 "Nei225, 0.208, " "0.54, " "1, " "1, " "1, " "1, " "1, " "1, " "1, " "1, " "1, " "1, " "1, " "1, " "1, " "1, " "1, " "1, " "1, " "1, " "1, " "1, " "1, " "1, " "1, " "1, " "1, " "1, " "1, " "1, " "1, " "1, " "1, " "1, " "1, " "1, " "1, " "1, " "1, " "1, " "1, " "1, " "1, " "1, " "1, " "1, " "1, " "1, " "1, " "1, " "1, " "1, " "1, " "1, " "1, " "1, " "1, " "1, " "1, " "1, " "1, " "1, " "1, " "1, " "1, " "1, " "1, " "1, " "1, " "1, " "1, " "1, " "1, " "1, " "1, " "1, " "1, " "1, " "1, " "1, " "1, " "1, " "1, " "1, " "1, " "1, " "1, " "1, " "1, " "1, " "1, " "1, " "1, " "1, " "1, " "1, " "1, " "1, " "1, " "1, " "1, " "1, " "1, " "1, " "1, " "1, " "1, " "1, " "1, " "1, " "1, " "1, " "1, " "1, " "1, " "1, " "1, " "1, " "1, " "1, " "1, " "1, " "1, " "1, " "1, " "1, " "1, " "1, " "1, " "1, " "1, " "1, " "1, " "1, " "1, " "1, " "1, " "1, " "1, " "1, " "1, " "1, " "1, " "1, " "1, " "1, " "1, " "1, " "1, " "1, " "1, " "1, " "1, " "1, " "1, " "1, " "1, " "1, " "1, " "1, " "1, " "1, " "1, " "1, " "1, " "1, " "1, " "1, " "1, " "1, " "1, " "1, " "1, " "1, " "1, " "1, " "1, " "1, " "1, " "1, " "1, " "1, " "1, " "1, " "1, " "1, " "1, " "1, " "1, " "1, " "1, " "1, " "1, " "1, " "1, " "1, " "1, " "1, " "1, " "1, " "1, " "1, " "1, " "1, " "1, " "1, " "1, " "1, " "1, " "1, " "1, " "1, " "1, " "1, " "1, " "1, " "1, " "1, " "1, " "1, " "1, " "1, " "1, " "1, " "1, " "1, " "1, " "0, " "1, " "1, " "1, " "1, " "1, " "1, " "1, " "1, " "1, " "1, " "1, " "1, " "1, " "1, " "1, " "1, " "1, " "1, " "1, " "1, " "1, " "1, " "1, " "1, " "1, " "1, " "1, " "1, " "1, " "1, " "1, "0
 "Nei226, 0.293, " "0.599, " "1, " "1, " "1, " "1, " "1, " "1, " "1, " "1, " "1, " "1, " "1, " "1, " "1, " "1, " "1, " "1, " "1, " "1, " "1, " "1, " "1, " "1, " "1, " "1, " "1, " "1, " "1, " "1, " "1, " "1, " "1, " "1, " "1, " "1, " "1, " "1, " "1, " "1, " "1, " "1, " "1, " "1, " "1, " "1, " "1, " "1, " "1, " "1, " "1, " "1, " "1, " "1, " "1, " "1, " "1, " "1, " "1, " "1, " "1, " "1, " "1, " "1, " "1, " "1, " "1, " "1, " "1, " "1, " "1, " "1, " "1, " "1, " "1, " "1, " "1, " "1, " "1, " "1, " "1, " "1, " "1, " "1, " "1, " "1, " "1, " "1, " "1, " "1, " "1, " "1, " "1, " "1, " "1, " "1, " "1, " "1, " "1, " "1, " "1, " "1, " "1, " "1, " "1, " "1, " "1, " "1, " "1, " "1, " "1, " "1, " "1, " "1, " "1, " "1, " "1, " "1, " "1, " "1, " "1, " "1, " "1, " "1, " "1, " "1, " "1, " "1, " "1, " "1, " "1, " "1, " "1, " "1, " "1, " "1, " "1, " "1, " "1, " "1, " "1, " "1, " "1, " "1, " "1, " "1, " "1, " "1, " "1, " "1, " "1, " "1, " "1, " "1, " "1, " "1, " "1, " "1, " "1, " "1, " "1, " "1, " "1, " "1, " "1, " "1, " "1, " "1, " "1, " "1, " "1, " "1, " "1, " "1, " "1, " "1, " "1, " "1, " "1, " "1, " "1, " "1, " "1, " "1, " "1, " "1, " "1, " "1, " "1, " "1, " "1, " "1, " "1, " "1, " "1, " "1, " "1, " "1, " "1, " "1, " "1, " "1, " "1, " "1, " "1, " "1, " "1, " "1, " "1, " "1, " "1, " "1, " "1, " "1, " "1, " "1, " "1, " "1, " "1, " "1, " "1, " "1, " "1, " "1, " "1, " "1, " "1, " "1, " "0, " "1, " "1, " "1, " "1, " "1, " "1, " "1, " "1, " "1, " "1, " "1, " "1, " "1, " "1, " "1, " "1, " "1, " "1, " "1, " "1, " "1, " "1, " "1, " "1, " "1, " "1, " "1, " "1, " "1, " "1, "0
 "Nei227, 0.255, " "-0.263, " "1, " "1, " "1, " "1, " "1, " "1, " "1, " "1, " "1, " "1, " "1, " "1, " "1, " "1, " "1, " "1, " "1, " "1, " "1, " "1, " "1, " "1, " "1, " "1, " "1, " "1, " "1, " "1, " "1, " "1, " "1, " "1, " "1, " "1, " "1, " "1, " "1, " "1, " "1, " "1, " "1, " "1, " "1, " "1, " "1, " "1, " "1, " "1, " "1, " "1, " "1, " "1, " "1, " "1, " "1, " "1, " "1, " "1, " "1, " "1, " "1, " "1, " "1, " "1, " "1, " "1, " "1, " "1, " "1, " "1, " "1, " "1, " "1, " "1, " "1, " "1, " "1, " "1, " "1, " "1, " "1, " "1, " "1, " "1, " "1, " "1, " "1, " "1, " "1, " "1, " "1, " "1, " "1, " "1, " "1, " "1, " "1, " "1, " "1, " "1, " "1, " "1, " "1, " "1, " "1, " "1, " "1, " "1, " "1, " "1, " "1, " "1, " "1, " "1, " "1, " "1, " "1, " "1, " "1, " "1, " "1, " "1, " "1, " "1, " "1, " "1, " "1, " "1, " "1, " "1, " "1, " "1, " "1, " "1, " "1, " "1, " "1, " "1, " "1, " "1, " "1, " "1, " "1, " "1, " "1, " "1, " "1, " "1, " "1, " "1, " "1, " "1, " "1, " "1, " "1, " "1, " "1, " "1, " "1, " "1, " "1, " "1, " "1, " "1, " "1, " "1, " "1, " "1, " "1, " "1, " "1, " "1, " "1, " "1, " "1, " "1, " "1, " "1, " "1, " "1, " "1, " "1, " "1, " "1, " "1, " "1, " "1, " "1, " "1, " "1, " "1, " "1, " "1, " "1, " "1, " "1, " "1, " "1, " "1, " "1, " "1, " "1, " "1, " "1, " "1, " "1, " "1, " "1, " "1, " "1, " "1, " "1, " "1, " "1, " "1, " "1, " "1, " "1, " "1, " "1, " "1, " "1, " "1, " "1, " "1, " "1, " "1, " "0, " "1, " "1, " "1, " "1, " "1, " "1, " "1, " "1, " "1, " "1, " "1, " "1, " "1, " "1, " "1, " "1, " "1, " "1, " "1, " "1, " "1, " "1, " "1, " "1, " "1, " "1, " "1, " "1, " "1, "0
 "Nei228, 0.103, " "0.582, " "1, " "1, " "1, " "1, " "1, " "1, " "1, " "1, " "1, " "1, " "1, " "1, " "1, " "1, " "1, " "1, " "1, " "1, " "1, " "1, " "1, " "1, " "1, " "1, " "1, " "1, " "1, " "1, " "1, " "1, " "1, " "1, " "1, " "1, " "1, " "1, " "1, " "1, " "1, " "1, " "1, " "1, " "1, " "1, " "1, " "1, " "1, " "1, " "1, " "1, " "1, " "1, " "1, " "1, " "1, " "1, " "1, " "1, " "1, " "1, " "1, " "1, " "1, " "1, " "1, " "1, " "1, " "1, " "1, " "1, " "1, " "1, " "1, " "1, " "1, " "1, " "1, " "1, " "1, " "1, " "1, " "1, " "1, " "1, " "1, " "1, " "1, " "1, " "1, " "1, " "1, " "1, " "1, " "1, " "1, " "1, " "1, " "1, " "1, " "1, " "1, " "1, " "1, " "1, " "1, " "1, " "1, " "1, " "1, " "1, " "1, " "1, " "1, " "1, " "1, " "1, " "1, " "1, " "1, " "1, " "1, " "1, " "1, " "1, " "1, " "1, " "1, " "1, " "1, " "1, " "1, " "1, " "1, " "1, " "1, " "1, " "1, " "1, " "1, " "1, " "1, " "1, " "1, " "1, " "1, " "1, " "1, " "1, " "1, " "1, " "1, " "1, " "1, " "1, " "1, " "1, " "1, " "1, " "1, " "1, " "1, " "1, " "1, " "1, " "1, " "1, " "1, " "1, " "1, " "1, " "1, " "1, " "1, " "1, " "1, " "1, " "1, " "1, " "1, " "1, " "1, " "1, " "1, " "1, " "1, " "1, " "1, " "1, " "1, " "1, " "1, " "1, " "1, " "1, " "1, " "1, " "1, " "1, " "1, " "1, " "1, " "1, " "1, " "1, " "1, " "1, " "1, " "1, " "1, " "1, " "1, " "1, " "1, " "1, " "1, " "1, " "1, " "1, " "1, " "1, " "1, " "1, " "1, " "1, " "1, " "1, " "1, " "1, " "0, " "1, " "1, " "1, " "1, " "1, " "1, " "1, " "1, " "1, " "1, " "1, " "1, " "1, " "1, " "1, " "1, " "1, " "1, " "1, " "1, " "1, " "1, " "1, " "1, " "1, " "1, " "1, " "1, "0
 "Nei229, 0.349, " "-0.797, " "1, " "1, " "1, " "1, " "1, " "1, " "1, " "1, " "1, " "1, " "1, " "1, " "1, " "1, " "1, " "1, " "1, " "1, " "1, " "1, " "1, " "1, " "1, " "1, " "1, " "1, " "1, " "1, " "1, " "1, " "1, " "1, " "1, " "1, " "1, " "1, " "1, " "1, " "1, " "1, " "1, " "1, " "1, " "1, " "1, " "1, " "1, " "1, " "1, " "1, " "1, " "1, " "1, " "1, " "1, " "1, " "1, " "1, " "1, " "1, " "1, " "1, " "1, " "1, " "1, " "1, " "1, " "1, " "1, " "1, " "1, " "1, " "1, " "1, " "1, " "1, " "1, " "1, " "1, " "1, " "1, " "1, " "1, " "1, " "1, " "1, " "1, " "1, " "1, " "1, " "1, " "1, " "1, " "1, " "1, " "1, " "1, " "1, " "1, " "1, " "1, " "1, " "1, " "1, " "1, " "1, " "1, " "1, " "1, " "1, " "1, " "1, " "1, " "1, " "1, " "1, " "1, " "1, " "1, " "1, " "1, " "1, " "1, " "1, " "1, " "1, " "1, " "1, " "1, " "1, " "1, " "1, " "1, " "1, " "1, " "1, " "1, " "1, " "1, " "1, " "1, " "1, " "1, " "1, " "1, " "1, " "1, " "1, " "1, " "1, " "1, " "1, " "1, " "1, " "1, " "1, " "1, " "1, " "1, " "1, " "1, " "1, " "1, " "1, " "1, " "1, " "1, " "1, " "1, " "1, " "1, " "1, " "1, " "1, " "1, " "1, " "1, " "1, " "1, " "1, " "1, " "1, " "1, " "1, " "1, " "1, " "1, " "1, " "1, " "1, " "1, " "1, " "1, " "1, " "1, " "1, " "1, " "1, " "1, " "1, " "1, " "1, " "1, " "1, " "1, " "1, " "1, " "1, " "1, " "1, " "1, " "1, " "1, " "1, " "1, " "1, " "1, " "1, " "1, " "1, " "1, " "1, " "1, " "1, " "1, " "1, " "1, " "1, " "1, " "0, " "1, " "1, " "1, " "1, " "1, " "1, " "1, " "1, " "1, " "1, " "1, " "1, " "1, " "1, " "1, " "1, " "1, " "1, " "1, " "1, " "1, " "1, " "1, " "1, " "1, " "1, " "1, "0
 "Nei230, 0.332, " "-0.049, " "1, " "1, " "1, " "1, " "1, " "1, " "1, " "1, " "1, " "1, " "1, " "1, " "1, " "1, " "1, " "1, " "1, " "1, " "1, " "1, " "1, " "1, " "1, " "1, " "1, " "1, " "1, " "1, " "1, " "1, " "1, " "1, " "1, " "1, " "1, " "1, " "1, " "1, " "1, " "1, " "1, " "1, " "1, " "1, " "1, " "1, " "1, " "1, " "1, " "1, " "1, " "1, " "1, " "1, " "1, " "1, " "1, " "1, " "1, " "1, " "1, " "1, " "1, " "1, " "1, " "1, " "1, " "1, " "1, " "1, " "1, " "1, " "1, " "1, " "1, " "1, " "1, " "1, " "1, " "1, " "1, " "1, " "1, " "1, " "1, " "1, " "1, " "1, " "1, " "1, " "1, " "1, " "1, " "1, " "1, " "1, " "1, " "1, " "1, " "1, " "1, " "1, " "1, " "1, " "1, " "1, " "1, " "1, " "1, " "1, " "1, " "1, " "1, " "1, " "1, " "1, " "1, " "1, " "1, " "1, " "1, " "1, " "1, " "1, " "1, " "1, " "1, " "1, " "1, " "1, " "1, " "1, " "1, " "1, " "1, " "1, " "1, " "1, " "1, " "1, " "1, " "1, " "1, " "1, " "1, " "1, " "1, " "1, " "1, " "1, " "1, " "1, " "1, " "1, " "1, " "1, " "1, " "1, " "1, " "1, " "1, " "1, " "1, " "1, " "1, " "1, " "1, " "1, " "1, " "1, " "1, " "1, " "1, " "1, " "1, " "1, " "1, " "1, " "1, " "1, " "1, " "1, " "1, " "1, " "1, " "1, " "1, " "1, " "1, " "1, " "1, " "1, " "1, " "1, " "1, " "1, " "1, " "1, " "1, " "1, " "1, " "1, " "1, " "1, " "1, " "1, " "1, " "1, " "1, " "1, " "1, " "1, " "1, " "1, " "1, " "1, " "1, " "1, " "1, " "1, " "1, " "1, " "1, " "1, " "1, " "1, " "1, " "1, " "1, " "1, " "0, " "1, " "1, " "1, " "1, " "1, " "1, " "1, " "1, " "1, " "1, " "1, " "1, " "1, " "1, " "1, " "1, " "1, " "1, " "1, " "1, " "1, " "1, " "1, " "1, " "1, " "1, "0
 "Nei231, 0.077, " "-0.632, " "1, " "1, " "1, " "1, " "1, " "1, " "1, " "1, " "1, " "1, " "1, " "1, " "1, " "1, " "1, " "1, " "1, " "1, " "1, " "1, " "1, " "1, " "1, " "1, " "1, " "1, " "1, " "1, " "1, " "1, " "1, " "1, " "1, " "1, " "1, " "1, " "1, " "1, " "1, " "1, " "1, " "1, " "1, " "1, " "1, " "1, " "1, " "1, " "1, " "1, " "1, " "1, " "1, " "1, " "1, " "1, " "1, " "1, " "1, " "1, " "1, " "1, " "1, " "1, " "1, " "1, " "1, " "1, " "1, " "1, " "1, " "1, " "1, " "1, " "1, " "1, " "1, " "1, " "1, " "1, " "1, " "1, " "1, " "1, " "1, " "1, " "1, " "1, " "1, " "1, " "1, " "1, " "1, " "1, " "1, " "1, " "1, " "1, " "1, " "1, " "1, " "1, " "1, " "1, " "1, " "1, " "1, " "1, " "1, " "1, " "1, " "1, " "1, " "1, " "1, " "1, " "1, " "1, " "1, " "1, " "1, " "1, " "1, " "1, " "1, " "1, " "1, " "1, " "1, " "1, " "1, " "1, " "1, " "1, " "1, " "1, " "1, " "1, " "1, " "1, " "1, " "1, " "1, " "1, " "1, " "1, " "1, " "1, " "1, " "1, " "1, " "1, " "1, " "1, " "1, " "1, " "1, " "1, " "1, " "1, " "1, " "1, " "1, " "1, " "1, " "1, " "1, " "1, " "1, " "1, " "1, " "1, " "1, " "1, " "1, " "1, " "1, " "1, " "1, " "1, " "1, " "1, " "1, " "1, " "1, " "1, " "1, " "1, " "1, " "1, " "1, " "1, " "1, " "1, " "1, " "1, " "1, " "1, " "1, " "1, " "1, " "1, " "1, " "1, " "1, " "1, " "1, " "1, " "1, " "1, " "1, " "1, " "1, " "1, " "1, " "1, " "1, " "1, " "1, " "1, " "1, " "1, " "1, " "1, " "1, " "1, " "1, " "1, " "1, " "1, " "1, " "0, " "1, " "1, " "1, " "1, " "1, " "1, " "1, " "1, " "1, " "1, " "1, " "1, " "1, " "1, " "1, " "1, " "1, " "1, " "1, " "1, " "1, " "1, " "1, " "1, " "1, "0
 "Nei232, 0.298, " "0.875, " "1, " "1, " "1, " "1, " "1, " "1, " "1, " "1, " "1, " "1, " "1, " "1, " "1, " "1, " "1, " "1, " "1, " "1, " "1, " "1, " "1, " "1, " "1, " "1, " "1, " "1, " "1, " "1, " "1, " "1, " "1, " "1, " "1, " "1, " "1, " "1, " "1, " "1, " "1, " "1, " "1, " "1, " "1, " "1, " "1, " "1, " "1, " "1, " "1, " "1, " "1, " "1, " "1, " "1, " "1, " "1, " "1, " "1, " "1, " "1, " "1, " "1, " "1, " "1, " "1, " "1, " "1, " "1, " "1, " "1, " "1, " "1, " "1, " "1, " "1, " "1, " "1, " "1, " "1, " "1, " "1, " "1, " "1, " "1, " "1, " "1, " "1, " "1, " "1, " "1, " "1, " "1, " "1, " "1, " "1, " "1, " "1, " "1, " "1, " "1, " "1, " "1, " "1, " "1, " "1, " "1, " "1, " "1, " "1, " "1, " "1, " "1, " "1, " "1, " "1, " "1, " "1, " "1, " "1, " "1, " "1, " "1, " "1, " "1, " "1, " "1, " "1, " "1, " "1, " "1, " "1, " "1, " "1, " "1, " "1, " "1, " "1, " "1, " "1, " "1, " "1, " "1, " "1, " "1, " "1, " "1, " "1, " "1, " "1, " "1, " "1, " "1, " "1, " "1, " "1, " "1, " "1, " "1, " "1, " "1, " "1, " "1, " "1, " "1, " "1, " "1, " "1, " "1, " "1, " "1, " "1, " "1, " "1, " "1, " "1, " "1, " "1, " "1, " "1, " "1, " "1, " "1, " "1, " "1, " "1, " "1, " "1, " "1, " "1, " "1, " "1, " "1, " "1, " "1, " "1, " "1, " "1, " "1, " "1, " "1, " "1, " "1, " "1, " "1, " "1, " "1, " "1, " "1, " "1, " "1, " "1, " "1, " "1, " "1, " "1, " "1, " "1, " "1, " "1, " "1, " "1, " "1, " "1, " "1, " "1, " "1, " "1, " "1, " "1, " "1, " "1, " "1, " "0, " "1, " "1, " "1, " "1, " "1, " "1, " "1, " "1, " "1, " "1, " "1, " "1, " "1, " "1, " "1, " "1, " "1, " "1, " "1, " "1, " "1, " "1, " "1, " "1, "0
 "Nei233, 0.176, " "-0.055, " "1, " "1, " "1, " "1, " "1, " "1, " "1, " "1, " "1, " "1, " "1, " "1, " "1, " "1, " "1, " "1, " "1, " "1, " "1, " "1, " "1, " "1, " "1, " "1, " "1, " "1, " "1, " "1, " "1, " "1, " "1, " "1, " "1, " "1, " "1, " "1, " "1, " "1, " "1, " "1, " "1, " "1, " "1, " "1, " "1, " "1, " "1, " "1, " "1, " "1, " "1, " "1, " "1, " "1, " "1, " "1, " "1, " "1, " "1, " "1, " "1, " "1, " "1, " "1, " "1, " "1, " "1, " "1, " "1, " "1, " "1, " "1, " "1, " "1, " "1, " "1, " "1, " "1, " "1, " "1, " "1, " "1, " "1, " "1, " "1, " "1, " "1, " "1, " "1, " "1, " "1, " "1, " "1, " "1, " "1, " "1, " "1, " "1, " "1, " "1, " "1, " "1, " "1, " "1, " "1, " "1, " "1, " "1, " "1, " "1, " "1, " "1, " "1, " "1, " "1, " "1, " "1, " "1, " "1, " "1, " "1, " "1, " "1, " "1, " "1, " "1, " "1, " "1, " "1, " "1, " "1, " "1, " "1, " "1, " "1, " "1, " "1, " "1, " "1, " "1, " "1, " "1, " "1, " "1, " "1, " "1, " "1, " "1, " "1, " "1, " "1, " "1, " "1, " "1, " "1, " "1, " "1, " "1, " "1, " "1, " "1, " "1, " "1, " "1, " "1, " "1, " "1, " "1, " "1, " "1, " "1, " "1, " "1, " "1, " "1, " "1, " "1, " "1, " "1, " "1, " "1, " "1, " "1, " "1, " "1, " "1, " "1, " "1, " "1, " "1, " "1, " "1, " "1, " "1, " "1, " "1, " "1, " "1, " "1, " "1, " "1, " "1, " "1, " "1, " "1, " "1, " "1, " "1, " "1, " "1, " "1, " "1, " "1, " "1, " "1, " "1, " "1, " "1, " "1, " "1, " "1, " "1, " "1, " "1, " "1, " "1, " "1, " "1, " "1, " "1, " "1, " "1, " "1, " "0, " "1, " "1, " "1, " "1, " "1, " "1, " "1, " "1, " "1, " "1, " "1, " "1, " "1, " "1, " "1, " "1, " "1, " "1, " "1, " "1, " "1, " "1, " "1, "0
 "Nei234, 0.097, " "0.275, " "1, " "1, " "1, " "1, " "1, " "1, " "1, " "1, " "1, " "1, " "1, " "1, " "1, " "1, " "1, " "1, " "1, " "1, " "1, " "1, " "1, " "1, " "1, " "1, " "1, " "1, " "1, " "1, " "1, " "1, " "1, " "1, " "1, " "1, " "1, " "1, " "1, " "1, " "1, " "1, " "1, " "1, " "1, " "1, " "1, " "1, " "1, " "1, " "1, " "1, " "1, " "1, " "1, " "1, " "1, " "1, " "1, " "1, " "1, " "1, " "1, " "1, " "1, " "1, " "1, " "1, " "1, " "1, " "1, " "1, " "1, " "1, " "1, " "1, " "1, " "1, " "1, " "1, " "1, " "1, " "1, " "1, " "1, " "1, " "1, " "1, " "1, " "1, " "1, " "1, " "1, " "1, " "1, " "1, " "1, " "1, " "1, " "1, " "1, " "1, " "1, " "1, " "1, " "1, " "1, " "1, " "1, " "1, " "1, " "1, " "1, " "1, " "1, " "1, " "1, " "1, " "1, " "1, " "1, " "1, " "1, " "1, " "1, " "1, " "1, " "1, " "1, " "1, " "1, " "1, " "1, " "1, " "1, " "1, " "1, " "1, " "1, " "1, " "1, " "1, " "1, " "1, " "1, " "1, " "1, " "1, " "1, " "1, " "1, " "1, " "1, " "1, " "1, " "1, " "1, " "1, " "1, " "1, " "1, " "1, " "1, " "1, " "1, " "1, " "1, " "1, " "1, " "1, " "1, " "1, " "1, " "1, " "1, " "1, " "1, " "1, " "1, " "1, " "1, " "1, " "1, " "1, " "1, " "1, " "1, " "1, " "1, " "1, " "1, " "1, " "1, " "1, " "1, " "1, " "1, " "1, " "1, " "1, " "1, " "1, " "1, " "1, " "1, " "1, " "1, " "1, " "1, " "1, " "1, " "1, " "1, " "1, " "1, " "1, " "1, " "1, " "1, " "1, " "1, " "1, " "1, " "1, " "1, " "1, " "1, " "1, " "1, " "1, " "1, " "1, " "1, " "1, " "1, " "1, " "0, " "1, " "1, " "1, " "1, " "1, " "1, " "1, " "1, " "1, " "1, " "1, " "1, " "1, " "1, " "1, " "1, " "1, " "1, " "1, " "1, " "1, " "1, "0
 "Nei235, 0.2, " "-0.45, " "1, " "1, " "1, " "1, " "1, " "1, " "1, " "1, " "1, " "1, " "1, " "1, " "1, " "1, " "1, " "1, " "1, " "1, " "1, " "1, " "1, " "1, " "1, " "1, " "1, " "1, " "1, " "1, " "1, " "1, " "1, " "1, " "1, " "1, " "1, " "1, " "1, " "1, " "1, " "1, " "1, " "1, " "1, " "1, " "1, " "1, " "1, " "1, " "1, " "1, " "1, " "1, " "1, " "1, " "1, " "1, " "1, " "1, " "1, " "1, " "1, " "1, " "1, " "1, " "1, " "1, " "1, " "1, " "1, " "1, " "1, " "1, " "1, " "1, " "1, " "1, " "1, " "1, " "1, " "1, " "1, " "1, " "1, " "1, " "1, " "1, " "1, " "1, " "1, " "1, " "1, " "1, " "1, " "1, " "1, " "1, " "1, " "1, " "1, " "1, " "1, " "1, " "1, " "1, " "1, " "1, " "1, " "1, " "1, " "1, " "1, " "1, " "1, " "1, " "1, " "1, " "1, " "1, " "1, " "1, " "1, " "1, " "1, " "1, " "1, " "1, " "1, " "1, " "1, " "1, " "1, " "1, " "1, " "1, " "1, " "1, " "1, " "1, " "1, " "1, " "1, " "1, " "1, " "1, " "1, " "1, " "1, " "1, " "1, " "1, " "1, " "1, " "1, " "1, " "1, " "1, " "1, " "1, " "1, " "1, " "1, " "1, " "1, " "1, " "1, " "1, " "1, " "1, " "1, " "1, " "1, " "1, " "1, " "1, " "1, " "1, " "1, " "1, " "1, " "1, " "1, " "1, " "1, " "1, " "1, " "1, " "1, " "1, " "1, " "1, " "1, " "1, " "1, " "1, " "1, " "1, " "1, " "1, " "1, " "1, " "1, " "1, " "1, " "1, " "1, " "1, " "1, " "1, " "1, " "1, " "1, " "1, " "1, " "1, " "1, " "1, " "1, " "1, " "1, " "1, " "1, " "1, " "1, " "1, " "1, " "1, " "1, " "1, " "1, " "1, " "1, " "1, " "1, " "1, " "1, " "0, " "1, " "1, " "1, " "1, " "1, " "1, " "1, " "1, " "1, " "1, " "1, " "1, " "1, " "1, " "1, " "1, " "1, " "1, " "1, " "1, " "1, "0
 "Nei236, 0.095, " "0.866, " "1, " "1, " "1, " "1, " "1, " "1, " "1, " "1, " "1, " "1, " "1, " "1, " "1, " "1, " "1, " "1, " "1, " "1, " "1, " "1, " "1, " "1, " "1, " "1, " "1, " "1, " "1, " "1, " "1, " "1, " "1, " "1, " "1, " "1, " "1, " "1, " "1, " "1, " "1, " "1, " "1, " "1, " "1, " "1, " "1, " "1, " "1, " "1, " "1, " "1, " "1, " "1, " "1, " "1, " "1, " "1, " "1, " "1, " "1, " "1, " "1, " "1, " "1, " "1, " "1, " "1, " "1, " "1, " "1, " "1, " "1, " "1, " "1, " "1, " "1, " "1, " "1, " "1, " "1, " "1, " "1, " "1, " "1, " "1, " "1, " "1, " "1, " "1, " "1, " "1, " "1, " "1, " "1, " "1, " "1, " "1, " "1, " "1, " "1, " "1, " "1, " "1, " "1, " "1, " "1, " "1, " "1, " "1, " "1, " "1, " "1, " "1, " "1, " "1, " "1, " "1, " "1, " "1, " "1, " "1, " "1, " "1, " "1, " "1, " "1, " "1, " "1, " "1, " "1, " "1, " "1, " "1, " "1, " "1, " "1, " "1, " "1, " "1, " "1, " "1, " "1, " "1, " "1, " "1, " "1, " "1, " "1, " "1, " "1, " "1, " "1, " "1, " "1, " "1, " "1, " "1, " "1, " "1, " "1, " "1, " "1, " "1, " "1, " "1, " "1, " "1, " "1, " "1, " "1, " "1, " "1, " "1, " "1, " "1, " "1, " "1, " "1, " "1, " "1, " "1, " "1, " "1, " "1, " "1, " "1, " "1, " "1, " "1, " "1, " "1, " "1, " "1, " "1, " "1, " "1, " "1, " "1, " "1, " "1, " "1, " "1, " "1, " "1, " "1, " "1, " "1, " "1, " "1, " "1, " "1, " "1, " "1, " "1, " "1, " "1, " "1, " "1, " "1, " "1, " "1, " "1, " "1, " "1, " "1, " "1, " "1, " "1, " "1, " "1, " "1, " "1, " "1, " "1, " "1, " "1, " "1, " "0, " "1, " "1, " "1, " "1, " "1, " "1, " "1, " "1, " "1, " "1, " "1, " "1, " "1, " "1, " "1, " "1, " "1, " "1, " "1, " "1, "0
 "Nei237, 0.337, " "0.787, " "1, " "1, " "1, " "1, " "1, " "1, " "1, " "1, " "1, " "1, " "1, " "1, " "1, " "1, " "1, " "1, " "1, " "1, " "1, " "1, " "1, " "1, " "1, " "1, " "1, " "1, " "1, " "1, " "1, " "1, " "1, " "1, " "1, " "1, " "1, " "1, " "1, " "1, " "1, " "1, " "1, " "1, " "1, " "1, " "1, " "1, " "1, " "1, " "1, " "1, " "1, " "1, " "1, " "1, " "1, " "1, " "1, " "1, " "1, " "1, " "1, " "1, " "1, " "1, " "1, " "1, " "1, " "1, " "1, " "1, " "1, " "1, " "1, " "1, " "1, " "1, " "1, " "1, " "1, " "1, " "1, " "1, " "1, " "1, " "1, " "1, " "1, " "1, " "1, " "1, " "1, " "1, " "1, " "1, " "1, " "1, " "1, " "1, " "1, " "1, " "1, " "1, " "1, " "1, " "1, " "1, " "1, " "1, " "1, " "1, " "1, " "1, " "1, " "1, " "1, " "1, " "1, " "1, " "1, " "1, " "1, " "1, " "1, " "1, " "1, " "1, " "1, " "1, " "1, " "1, " "1, " "1, " "1, " "1, " "1, " "1, " "1, " "1, " "1, " "1, " "1, " "1, " "1, " "1, " "1, " "1, " "1, " "1, " "1, " "1, " "1, " "1, " "1, " "1, " "1, " "1, " "1, " "1, " "1, " "1, " "1, " "1, " "1, " "1, " "1, " "1, " "1, " "1, " "1, " "1, " "1, " "1, " "1, " "1, " "1, " "1, " "1, " "1, " "1, " "1, " "1, " "1, " "1, " "1, " "1, " "1, " "1, " "1, " "1, " "1, " "1, " "1, " "1, " "1, " "1, " "1, " "1, " "1, " "1, " "1, " "1, " "1, " "1, " "1, " "1, " "1, " "1, " "1, " "1, " "1, " "1, " "1, " "1, " "1, " "1, " "1, " "1, " "1, " "1, " "1, " "1, " "1, " "1, " "1, " "1, " "1, " "1, " "1, " "1, " "1, " "1, " "1, " "1, " "1, " "1, " "1, " "1, " "0, " "1, " "1, " "1, " "1, " "1, " "1, " "1, " "1, " "1, " "1, " "1, " "1, " "1, " "1, " "1, " "1, " "1, " "1, " "1, "0
 "Nei238, 0.262, " "-0.508, " "1, " "1, " "1, " "1, " "1, " "1, " "1, " "1, " "1, " "1, " "1, " "1, " "1, " "1, " "1, " "1, " "1, " "1, " "1, " "1, " "1, " "1, " "1, " "1, " "1, " "1, " "1, " "1, " "1, " "1, " "1, " "1, " "1, " "1, " "1, " "1, " "1, " "1, " "1, " "1, " "1, " "1, " "1, " "1, " "1, " "1, " "1, " "1, " "1, " "1, " "1, " "1, " "1, " "1, " "1, " "1, " "1, " "1, " "1, " "1, " "1, " "1, " "1, " "1, " "1, " "1, " "1, " "1, " "1, " "1, " "1, " "1, " "1, " "1, " "1, " "1, " "1, " "1, " "1, " "1, " "1, " "1, " "1, " "1, " "1, " "1, " "1, " "1, " "1, " "1, " "1, " "1, " "1, " "1, " "1, " "1, " "1, " "1, " "1, " "1, " "1, " "1, " "1, " "1, " "1, " "1, " "1, " "1, " "1, " "1, " "1, " "1, " "1, " "1, " "1, " "1, " "1, " "1, " "1, " "1, " "1, " "1, " "1, " "1, " "1, " "1, " "1, " "1, " "1, " "1, " "1, " "1, " "1, " "1, " "1, " "1, " "1, " "1, " "1, " "1, " "1, " "1, " "1, " "1, " "1, " "1, " "1, " "1, " "1, " "1, " "1, " "1, " "1, " "1, " "1, " "1, " "1, " "1, " "1, " "1, " "1, " "1, " "1, " "1, " "1, " "1, " "1, " "1, " "1, " "1, " "1, " "1, " "1, " "1, " "1, " "1, " "1, " "1, " "1, " "1, " "1, " "1, " "1, " "1, " "1, " "1, " "1, " "1, " "1, " "1, " "1, " "1, " "1, " "1, " "1, " "1, " "1, " "1, " "1, " "1, " "1, " "1, " "1, " "1, " "1, " "1, " "1, " "1, " "1, " "1, " "1, " "1, " "1, " "1, " "1, " "1, " "1, " "1, " "1, " "1, " "1, " "1, " "1, " "1, " "1, " "1, " "1, " "1, " "1, " "1, " "1, " "1, " "1, " "1, " "1, " "1, " "1, " "1, " "0, " "1, " "1, " "1, " "1, " "1, " "1, " "1, " "1, " "1, " "1, " "1, " "1, " "1, " "1, " "1, " "1, " "1, " "1, "0
 "Nei239, 0.094, " "-0.471, " "1, " "1, " "1, " "1, " "1, " "1, " "1, " "1, " "1, " "1, " "1, " "1, " "1, " "1, " "1, " "1, " "1, " "1, " "1, " "1, " "1, " "1, " "1, " "1, " "1, " "1, " "1, " "1, " "1, " "1, " "1, " "1, " "1, " "1, " "1, " "1, " "1, " "1, " "1, " "1, " "1, " "1, " "1, " "1, " "1, " "1, " "1, " "1, " "1, " "1, " "1, " "1, " "1, " "1, " "1, " "1, " "1, " "1, " "1, " "1, " "1, " "1, " "1, " "1, " "1, " "1, " "1, " "1, " "1, " "1, " "1, " "1, " "1, " "1, " "1, " "1, " "1, " "1, " "1, " "1, " "1, " "1, " "1, " "1, " "1, " "1, " "1, " "1, " "1, " "1, " "1, " "1, " "1, " "1, " "1, " "1, " "1, " "1, " "1, " "1, " "1, " "1, " "1, " "1, " "1, " "1, " "1, " "1, " "1, " "1, " "1, " "1, " "1, " "1, " "1, " "1, " "1, " "1, " "1, " "1, " "1, " "1, " "1, " "1, " "1, " "1, " "1, " "1, " "1, " "1, " "1, " "1, " "1, " "1, " "1, " "1, " "1, " "1, " "1, " "1, " "1, " "1, " "1, " "1, " "1, " "1, " "1, " "1, " "1, " "1, " "1, " "1, " "1, " "1, " "1, " "1, " "1, " "1, " "1, " "1, " "1, " "1, " "1, " "1, " "1, " "1, " "1, " "1, " "1, " "1, " "1, " "1, " "1, " "1, " "1, " "1, " "1, " "1, " "1, " "1, " "1, " "1, " "1, " "1, " "1, " "1, " "1, " "1, " "1, " "1, " "1, " "1, " "1, " "1, " "1, " "1, " "1, " "1, " "1, " "1, " "1, " "1, " "1, " "1, " "1, " "1, " "1, " "1, " "1, " "1, " "1, " "1, " "1, " "1, " "1, " "1, " "1, " "1, " "1, " "1, " "1, " "1, " "1, " "1, " "1, " "1, " "1, " "1, " "1, " "1, " "1, " "1, " "1, " "1, " "1, " "1, " "1, " "1, " "1, " "0, " "1, " "1, " "1, " "1, " "1, " "1, " "1, " "1, " "1, " "1, " "1, " "1, " "1, " "1, " "1, " "1, " "1, "0
 "Nei240, 0.03, " "0.536, " "1, " "1, " "1, " "1, " "1, " "1, " "1, " "1, " "1, " "1, " "1, " "1, " "1, " "1, " "1, " "1, " "1, " "1, " "1, " "1, " "1, " "1, " "1, " "1, " "1, " "1, " "1, " "1, " "1, " "1, " "1, " "1, " "1, " "1, " "1, " "1, " "1, " "1, " "1, " "1, " "1, " "1, " "1, " "1, " "1, " "1, " "1, " "1, " "1, " "1, " "1, " "1, " "1, " "1, " "1, " "1, " "1, " "1, " "1, " "1, " "1, " "1, " "1, " "1, " "1, " "1, " "1, " "1, " "1, " "1, " "1, " "1, " "1, " "1, " "1, " "1, " "1, " "1, " "1, " "1, " "1, " "1, " "1, " "1, " "1, " "1, " "1, " "1, " "1, " "1, " "1, " "1, " "1, " "1, " "1, " "1, " "1, " "1, " "1, " "1, " "1, " "1, " "1, " "1, " "1, " "1, " "1, " "1, " "1, " "1, " "1, " "1, " "1, " "1, " "1, " "1, " "1, " "1, " "1, " "1, " "1, " "1, " "1, " "1, " "1, " "1, " "1, " "1, " "1, " "1, " "1, " "1, " "1, " "1, " "1, " "1, " "1, " "1, " "1, " "1, " "1, " "1, " "1, " "1, " "1, " "1, " "1, " "1, " "1, " "1, " "1, " "1, " "1, " "1, " "1, " "1, " "1, " "1, " "1, " "1, " "1, " "1, " "1, " "1, " "1, " "1, " "1, " "1, " "1, " "1, " "1, " "1, " "1, " "1, " "1, " "1, " "1, " "1, " "1, " "1, " "1, " "1, " "1, " "1, " "1, " "1, " "1, " "1, " "1, " "1, " "1, " "1, " "1, " "1, " "1, " "1, " "1, " "1, " "1, " "1, " "1, " "1, " "1, " "1, " "1, " "1, " "1, " "1, " "1, " "1, " "1, " "1, " "1, " "1, " "1, " "1, " "1, " "1, " "1, " "1, " "1, " "1, " "1, " "1, " "1, " "1, " "1, " "1, " "1, " "1, " "1, " "1, " "1, " "1, " "1, " "1, " "1, " "1, " "1, " "1, " "0, " "1, " "1, " "1, " "1, " "1, " "1, " "1, " "1, " "1, " "1, " "1, " "1, " "1, " "1, " "1, " "1, "0
 "Nei241, 0.282, " "0.384, " "1, " "1, " "1, " "1, " "1, " "1, " "1, " "1, " "1, " "1, " "1, " "1, " "1, " "1, " "1, " "1, " "1, " "1, " "1, " "1, " "1, " "1, " "1, " "1, " "1, " "1, " "1, " "1, " "1, " "1, " "1, " "1, " "1, " "1, " "1, " "1, " "1, " "1, " "1, " "1, " "1, " "1, " "1, " "1, " "1, " "1, " "1, " "1, " "1, " "1, " "1, " "1, " "1, " "1, " "1, " "1, " "1, " "1, " "1, " "1, " "1, " "1, " "1, " "1, " "1, " "1, " "1, " "1, " "1, " "1, " "1, " "1, " "1, " "1, " "1, " "1, " "1, " "1, " "1, " "1, " "1, " "1, " "1, " "1, " "1, " "1, " "1, " "1, " "1, " "1, " "1, " "1, " "1, " "1, " "1, " "1, " "1, " "1, " "1, " "1, " "1, " "1, " "1, " "1, " "1, " "1, " "1, " "1, " "1, " "1, " "1, " "1, " "1, " "1, " "1, " "1, " "1, " "1, " "1, " "1, " "1, " "1, " "1, " "1, " "1, " "1, " "1, " "1, " "1, " "1, " "1, " "1, " "1, " "1, " "1, " "1, " "1, " "1, " "1, " "1, " "1, " "1, " "1, " "1, " "1, " "1, " "1, " "1, " "1, " "1, " "1, " "1, " "1, " "1, " "1, " "1, " "1, " "1, " "1, " "1, " "1, " "1, " "1, " "1, " "1, " "1, " "1, " "1, " "1, " "1, " "1, " "1, " "1, " "1, " "1, " "1, " "1, " "1, " "1, " "1, " "1, " "1, " "1, " "1, " "1, " "1, " "1, " "1, " "1, " "1, " "1, " "1, " "1, " "1, " "1, " "1, " "1, " "1, " "1, " "1, " "1, " "1, " "1, " "1, " "1, " "1, " "1, " "1, " "1, " "1, " "1, " "1, " "1, " "1, " "1, " "1, " "1, " "1, " "1, " "1, " "1, " "1, " "1, " "1, " "1, " "1, " "1, " "1, " "1, " "1, " "1, " "1, " "1, " "1, " "1, " "1, " "1, " "1, " "1, " "1, " "1, " "0, " "1, " "1, " "1, " "1, " "1, " "1, " "1, " "1, " "1, " "1, " "1, " "1, " "1, " "1, " "1, "0
 "Nei242, 0.39, " "0.579, " "1, " "1, " "1, " "1, " "1, " "1, " "1, " "1, " "1, " "1, " "1, " "1, " "1, " "1, " "1, " "1, " "1, " "1, " "1, " "1, " "1, " "1, " "1, " "1, " "1, " "1, " "1, " "1, " "1, " "1, " "1, " "1, " "1, " "1, " "1, " "1, " "1, " "1, " "1, " "1, " "1, " "1, " "1, " "1, " "1, " "1, " "1, " "1, " "1, " "1, " "1, " "1, " "1, " "1, " "1, " "1, " "1, " "1, " "1, " "1, " "1, " "1, " "1, " "1, " "1, " "1, " "1, " "1, " "1, " "1, " "1, " "1, " "1, " "1, " "1, " "1, " "1, " "1, " "1, " "1, " "1, " "1, " "1, " "1, " "1, " "1, " "1, " "1, " "1, " "1, " "1, " "1, " "1, " "1, " "1, " "1, " "1, " "1, " "1, " "1, " "1, " "1, " "1, " "1, " "1, " "1, " "1, " "1, " "1, " "1, " "1, " "1, " "1, " "1, " "1, " "1, " "1, " "1, " "1, " "1, " "1, " "1, " "1, " "1, " "1, " "1, " "1, " "1, " "1, " "1, " "1, " "1, " "1, " "1, " "1, " "1, " "1, " "1, " "1, " "1, " "1, " "1, " "1, " "1, " "1, " "1, " "1, " "1, " "1, " "1, " "1, " "1, " "1, " "1, " "1, " "1, " "1, " "1, " "1, " "1, " "1, " "1, " "1, " "1, " "1, " "1, " "1, " "1, " "1, " "1, " "1, " "1, " "1, " "1, " "1, " "1, " "1, " "1, " "1, " "1, " "1, " "1, " "1, " "1, " "1, " "1, " "1, " "1, " "1, " "1, " "1, " "1, " "1, " "1, " "1, " "1, " "1, " "1, " "1, " "1, " "1, " "1, " "1, " "1, " "1, " "1, " "1, " "1, " "1, " "1, " "1, " "1, " "1, " "1, " "1, " "1, " "1, " "1, " "1, " "1, " "1, " "1, " "1, " "1, " "1, " "1, " "1, " "1, " "1, " "1, " "1, " "1, " "1, " "1, " "1, " "1, " "1, " "1, " "1, " "1, " "1, " "1, " "0, " "1, " "1, " "1, " "1, " "1, " "1, " "1, " "1, " "1, " "1, " "1, " "1, " "1, " "1, "0
 "Nei243, 0.384, " "-0.678, " "1, " "1, " "1, " "1, " "1, " "1, " "1, " "1, " "1, " "1, " "1, " "1, " "1, " "1, " "1, " "1, " "1, " "1, " "1, " "1, " "1, " "1, " "1, " "1, " "1, " "1, " "1, " "1, " "1, " "1, " "1, " "1, " "1, " "1, " "1, " "1, " "1, " "1, " "1, " "1, " "1, " "1, " "1, " "1, " "1, " "1, " "1, " "1, " "1, " "1, " "1, " "1, " "1, " "1, " "1, " "1, " "1, " "1, " "1, " "1, " "1, " "1, " "1, " "1, " "1, " "1, " "1, " "1, " "1, " "1, " "1, " "1, " "1, " "1, " "1, " "1, " "1, " "1, " "1, " "1, " "1, " "1, " "1, " "1, " "1, " "1, " "1, " "1, " "1, " "1, " "1, " "1, " "1, " "1, " "1, " "1, " "1, " "1, " "1, " "1, " "1, " "1, " "1, " "1, " "1, " "1, " "1, " "1, " "1, " "1, " "1, " "1, " "1, " "1, " "1, " "1, " "1, " "1, " "1, " "1, " "1, " "1, " "1, " "1, " "1, " "1, " "1, " "1, " "1, " "1, " "1, " "1, " "1, " "1, " "1, " "1, " "1, " "1, " "1, " "1, " "1, " "1, " "1, " "1, " "1, " "1, " "1, " "1, " "1, " "1, " "1, " "1, " "1, " "1, " "1, " "1, " "1, " "1, " "1, " "1, " "1, " "1, " "1, " "1, " "1, " "1, " "1, " "1, " "1, " "1, " "1, " "1, " "1, " "1, " "1, " "1, " "1, " "1, " "1, " "1, " "1, " "1, " "1, " "1, " "1, " "1, " "1, " "1, " "1, " "1, " "1, " "1, " "1, " "1, " "1, " "1, " "1, " "1, " "1, " "1, " "1, " "1, " "1, " "1, " "1, " "1, " "1, " "1, " "1, " "1, " "1, " "1, " "1, " "1, " "1, " "1, " "1, " "1, " "1, " "1, " "1, " "1, " "1, " "1, " "1, " "1, " "1, " "1, " "1, " "1, " "1, " "1, " "1, " "1, " "1, " "1, " "1, " "1, " "1, " "1, " "1, " "1, " "1, " "0, " "1, " "1, " "1, " "1, " "1, " "1, " "1, " "1, " "1, " "1, " "1, " "1, " "1, "0
 "Nei244, 0.325, " "-0.464, " "1, " "1, " "1, " "1, " "1, " "1, " "1, " "1, " "1, " "1, " "1, " "1, " "1, " "1, " "1, " "1, " "1, " "1, " "1, " "1, " "1, " "1, " "1, " "1, " "1, " "1, " "1, " "1, " "1, " "1, " "1, " "1, " "1, " "1, " "1, " "1, " "1, " "1, " "1, " "1, " "1, " "1, " "1, " "1, " "1, " "1, " "1, " "1, " "1, " "1, " "1, " "1, " "1, " "1, " "1, " "1, " "1, " "1, " "1, " "1, " "1, " "1, " "1, " "1, " "1, " "1, " "1, " "1, " "1, " "1, " "1, " "1, " "1, " "1, " "1, " "1, " "1, " "1, " "1, " "1, " "1, " "1, " "1, " "1, " "1, " "1, " "1, " "1, " "1, " "1, " "1, " "1, " "1, " "1, " "1, " "1, " "1, " "1, " "1, " "1, " "1, " "1, " "1, " "1, " "1, " "1, " "1, " "1, " "1, " "1, " "1, " "1, " "1, " "1, " "1, " "1, " "1, " "1, " "1, " "1, " "1, " "1, " "1, " "1, " "1, " "1, " "1, " "1, " "1, " "1, " "1, " "1, " "1, " "1, " "1, " "1, " "1, " "1, " "1, " "1, " "1, " "1, " "1, " "1, " "1, " "1, " "1, " "1, " "1, " "1, " "1, " "1, " "1, " "1, " "1, " "1, " "1, " "1, " "1, " "1, " "1, " "1, " "1, " "1, " "1, " "1, " "1, " "1, " "1, " "1, " "1, " "1, " "1, " "1, " "1, " "1, " "1, " "1, " "1, " "1, " "1, " "1, " "1, " "1, " "1, " "1, " "1, " "1, " "1, " "1, " "1, " "1, " "1, " "1, " "1, " "1, " "1, " "1, " "1, " "1, " "1, " "1, " "1, " "1, " "1, " "1, " "1, " "1, " "1, " "1, " "1, " "1, " "1, " "1, " "1, " "1, " "1, " "1, " "1, " "1, " "1, " "1, " "1, " "1, " "1, " "1, " "1, " "1, " "1, " "1, " "1, " "1, " "1, " "1, " "1, " "1, " "1, " "1, " "1, " "1, " "1, " "1, " "1, " "1, " "0, " "1, " "1, " "1, " "1, " "1, " "1, " "1, " "1, " "1, " "1, " "1, " "1, "0
 "Nei245, 0.303, " "-0.125, " "1, " "1, " "1, " "1, " "1, " "1, " "1, " "1, " "1, " "1, " "1, " "1, " "1, " "1, " "1, " "1, " "1, " "1, " "1, " "1, " "1, " "1, " "1, " "1, " "1, " "1, " "1, " "1, " "1, " "1, " "1, " "1, " "1, " "1, " "1, " "1, " "1, " "1, " "1, " "1, " "1, " "1, " "1, " "1, " "1, " "1, " "1, " "1, " "1, " "1, " "1, " "1, " "1, " "1, " "1, " "1, " "1, " "1, " "1, " "1, " "1, " "1, " "1, " "1, " "1, " "1, " "1, " "1, " "1, " "1, " "1, " "1, " "1, " "1, " "1, " "1, " "1, " "1, " "1, " "1, " "1, " "1, " "1, " "1, " "1, " "1, " "1, " "1, " "1, " "1, " "1, " "1, " "1, " "1, " "1, " "1, " "1, " "1, " "1, " "1, " "1, " "1, " "1, " "1, " "1, " "1, " "1, " "1, " "1, " "1, " "1, " "1, " "1, " "1, " "1, " "1, " "1, " "1, " "1, " "1, " "1, " "1, " "1, " "1, " "1, " "1, " "1, " "1, " "1, " "1, " "1, " "1, " "1, " "1, " "1, " "1, " "1, " "1, " "1, " "1, " "1, " "1, " "1, " "1, " "1, " "1, " "1, " "1, " "1, " "1, " "1, " "1, " "1, " "1, " "1, " "1, " "1, " "1, " "1, " "1, " "1, " "1, " "1, " "1, " "1, " "1, " "1, " "1, " "1, " "1, " "1, " "1, " "1, " "1, " "1, " "1, " "1, " "1, " "1, " "1, " "1, " "1, " "1, " "1, " "1, " "1, " "1, " "1, " "1, " "1, " "1, " "1, " "1, " "1, " "1, " "1, " "1, " "1, " "1, " "1, " "1, " "1, " "1, " "1, " "1, " "1, " "1, " "1, " "1, " "1, " "1, " "1, " "1, " "1, " "1, " "1, " "1, " "1, " "1, " "1, " "1, " "1, " "1, " "1, " "1, " "1, " "1, " "1, " "1, " "1, " "1, " "1, " "1, " "1, " "1, " "1, " "1, " "1, " "1, " "1, " "1, " "1, " "1, " "1, " "1, " "0, " "1, " "1, " "1, " "1, " "1, " "1, " "1, " "1, " "1, " "1, " "1, "0
 "Nei246, 0.098, " "0.081, " "1, " "1, " "1, " "1, " "1, " "1, " "1, " "1, " "1, " "1, " "1, " "1, " "1, " "1, " "1, " "1, " "1, " "1, " "1, " "1, " "1, " "1, " "1, " "1, " "1, " "1, " "1, " "1, " "1, " "1, " "1, " "1, " "1, " "1, " "1, " "1, " "1, " "1, " "1, " "1, " "1, " "1, " "1, " "1, " "1, " "1, " "1, " "1, " "1, " "1, " "1, " "1, " "1, " "1, " "1, " "1, " "1, " "1, " "1, " "1, " "1, " "1, " "1, " "1, " "1, " "1, " "1, " "1, " "1, " "1, " "1, " "1, " "1, " "1, " "1, " "1, " "1, " "1, " "1, " "1, " "1, " "1, " "1, " "1, " "1, " "1, " "1, " "1, " "1, " "1, " "1, " "1, " "1, " "1, " "1, " "1, " "1, " "1, " "1, " "1, " "1, " "1, " "1, " "1, " "1, " "1, " "1, " "1, " "1, " "1, " "1, " "1, " "1, " "1, " "1, " "1, " "1, " "1, " "1, " "1, " "1, " "1, " "1, " "1, " "1, " "1, " "1, " "1, " "1, " "1, " "1, " "1, " "1, " "1, " "1, " "1, " "1, " "1, " "1, " "1, " "1, " "1, " "1, " "1, " "1, " "1, " "1, " "1, " "1, " "1, " "1, " "1, " "1, " "1, " "1, " "1, " "1, " "1, " "1, " "1, " "1, " "1, " "1, " "1, " "1, " "1, " "1, " "1, " "1, " "1, " "1, " "1, " "1, " "1, " "1, " "1, " "1, " "1, " "1, " "1, " "1, " "1, " "1, " "1, " "1, " "1, " "1, " "1, " "1, " "1, " "1, " "1, " "1, " "1, " "1, " "1, " "1, " "1, " "1, " "1, " "1, " "1, " "1, " "1, " "1, " "1, " "1, " "1, " "1, " "1, " "1, " "1, " "1, " "1, " "1, " "1, " "1, " "1, " "1, " "1, " "1, " "1, " "1, " "1, " "1, " "1, " "1, " "1, " "1, " "1, " "1, " "1, " "1, " "1, " "1, " "1, " "1, " "1, " "1, " "1, " "1, " "1, " "1, " "1, " "1, " "1, " "0, " "1, " "1, " "1, " "1, " "1, " "1, " "1, " "1, " "1, " "1, "0
 "Nei247, 0.197, " "0.641, " "1, " "1, " "1, " "1, " "1, " "1, " "1, " "1, " "1, " "1, " "1, " "1, " "1, " "1, " "1, " "1, " "1, " "1, " "1, " "1, " "1, " "1, " "1, " "1, " "1, " "1, " "1, " "1, " "1, " "1, " "1, " "1, " "1, " "1, " "1, " "1, " "1, " "1, " "1, " "1, " "1, " "1, " "1, " "1, " "1, " "1, " "1, " "1, " "1, " "1, " "1, " "1, " "1, " "1, " "1, " "1, " "1, " "1, " "1, " "1, " "1, " "1, " "1, " "1, " "1, " "1, " "1, " "1, " "1, " "1, " "1, " "1, " "1, " "1, " "1, " "1, " "1, " "1, " "1, " "1, " "1, " "1, " "1, " "1, " "1, " "1, " "1, " "1, " "1, " "1, " "1, " "1, " "1, " "1, " "1, " "1, " "1, " "1, " "1, " "1, " "1, " "1, " "1, " "1, " "1, " "1, " "1, " "1, " "1, " "1, " "1, " "1, " "1, " "1, " "1, " "1, " "1, " "1, " "1, " "1, " "1, " "1, " "1, " "1, " "1, " "1, " "1, " "1, " "1, " "1, " "1, " "1, " "1, " "1, " "1, " "1, " "1, " "1, " "1, " "1, " "1, " "1, " "1, " "1, " "1, " "1, " "1, " "1, " "1, " "1, " "1, " "1, " "1, " "1, " "1, " "1, " "1, " "1, " "1, " "1, " "1, " "1, " "1, " "1, " "1, " "1, " "1, " "1, " "1, " "1, " "1, " "1, " "1, " "1, " "1, " "1, " "1, " "1, " "1, " "1, " "1, " "1, " "1, " "1, " "1, " "1, " "1, " "1, " "1, " "1, " "1, " "1, " "1, " "1, " "1, " "1, " "1, " "1, " "1, " "1, " "1, " "1, " "1, " "1, " "1, " "1, " "1, " "1, " "1, " "1, " "1, " "1, " "1, " "1, " "1, " "1, " "1, " "1, " "1, " "1, " "1, " "1, " "1, " "1, " "1, " "1, " "1, " "1, " "1, " "1, " "1, " "1, " "1, " "1, " "1, " "1, " "1, " "1, " "1, " "1, " "1, " "1, " "1, " "1, " "1, " "1, " "1, " "0, " "1, " "1, " "1, " "1, " "1, " "1, " "1, " "1, " "1, "0
 "Nei248, 0.207, " "0.252, " "1, " "1, " "1, " "1, " "1, " "1, " "1, " "1, " "1, " "1, " "1, " "1, " "1, " "1, " "1, " "1, " "1, " "1, " "1, " "1, " "1, " "1, " "1, " "1, " "1, " "1, " "1, " "1, " "1, " "1, " "1, " "1, " "1, " "1, " "1, " "1, " "1, " "1, " "1, " "1, " "1, " "1, " "1, " "1, " "1, " "1, " "1, " "1, " "1, " "1, " "1, " "1, " "1, " "1, " "1, " "1, " "1, " "1, " "1, " "1, " "1, " "1, " "1, " "1, " "1, " "1, " "1, " "1, " "1, " "1, " "1, " "1, " "1, " "1, " "1, " "1, " "1, " "1, " "1, " "1, " "1, " "1, " "1, " "1, " "1, " "1, " "1, " "1, " "1, " "1, " "1, " "1, " "1, " "1, " "1, " "1, " "1, " "1, " "1, " "1, " "1, " "1, " "1, " "1, " "1, " "1, " "1, " "1, " "1, " "1, " "1, " "1, " "1, " "1, " "1, " "1, " "1, " "1, " "1, " "1, " "1, " "1, " "1, " "1, " "1, " "1, " "1, " "1, " "1, " "1, " "1, " "1, " "1, " "1, " "1, " "1, " "1, " "1, " "1, " "1, " "1, " "1, " "1, " "1, " "1, " "1, " "1, " "1, " "1, " "1, " "1, " "1, " "1, " "1, " "1, " "1, " "1, " "1, " "1, " "1, " "1, " "1, " "1, " "1, " "1, " "1, " "1, " "1, " "1, " "1, " "1, " "1, " "1, " "1, " "1, " "1, " "1, " "1, " "1, " "1, " "1, " "1, " "1, " "1, " "1, " "1, " "1, " "1, " "1, " "1, " "1, " "1, " "1, " "1, " "1, " "1, " "1, " "1, " "1, " "1, " "1, " "1, " "1, " "1, " "1, " "1, " "1, " "1, " "1, " "1, " "1, " "1, " "1, " "1, " "1, " "1, " "1, " "1, " "1, " "1, " "1, " "1, " "1, " "1, " "1, " "1, " "1, " "1, " "1, " "1, " "1, " "1, " "1, " "1, " "1, " "1, " "1, " "1, " "1, " "1, " "1, " "1, " "1, " "1, " "1, " "1, " "1, " "1, " "0, " "1, " "1, " "1, " "1, " "1, " "1, " "1, " "1, "0
 "Nei249, 0.024, " "0.974, " "1, " "1, " "1, " "1, " "1, " "1, " "1, " "1, " "1, " "1, " "1, " "1, " "1, " "1, " "1, " "1, " "1, " "1, " "1, " "1, " "1, " "1, " "1, " "1, " "1, " "1, " "1, " "1, " "1, " "1, " "1, " "1, " "1, " "1, " "1, " "1, " "1, " "1, " "1, " "1, " "1, " "1, " "1, " "1, " "1, " "1, " "1, " "1, " "1, " "1, " "1, " "1, " "1, " "1, " "1, " "1, " "1, " "1, " "1, " "1, " "1, " "1, " "1, " "1, " "1, " "1, " "1, " "1, " "1, " "1, " "1, " "1, " "1, " "1, " "1, " "1, " "1, " "1, " "1, " "1, " "1, " "1, " "1, " "1, " "1, " "1, " "1, " "1, " "1, " "1, " "1, " "1, " "1, " "1, " "1, " "1, " "1, " "1, " "1, " "1, " "1, " "1, " "1, " "1, " "1, " "1, " "1, " "1, " "1, " "1, " "1, " "1, " "1, " "1, " "1, " "1, " "1, " "1, " "1, " "1, " "1, " "1, " "1, " "1, " "1, " "1, " "1, " "1, " "1, " "1, " "1, " "1, " "1, " "1, " "1, " "1, " "1, " "1, " "1, " "1, " "1, " "1, " "1, " "1, " "1, " "1, " "1, " "1, " "1, " "1, " "1, " "1, " "1, " "1, " "1, " "1, " "1, " "1, " "1, " "1, " "1, " "1, " "1, " "1, " "1, " "1, " "1, " "1, " "1, " "1, " "1, " "1, " "1, " "1, " "1, " "1, " "1, " "1, " "1, " "1, " "1, " "1, " "1, " "1, " "1, " "1, " "1, " "1, " "1, " "1, " "1, " "1, " "1, " "1, " "1, " "1, " "1, " "1, " "1, " "1, " "1, " "1, " "1, " "1, " "1, " "1, " "1, " "1, " "1, " "1, " "1, " "1, " "1, " "1, " "1, " "1, " "1, " "1, " "1, " "1, " "1, " "1, " "1, " "1, " "1, " "1, " "1, " "1, " "1, " "1, " "1, " "1, " "1, " "1, " "1, " "1, " "1, " "1, " "1, " "1, " "1, " "1, " "1, " "1, " "1, " "1, " "1, " "1, " "1, " "0, " "1, " "1, " "1, " "1, " "1, " "1, " "1, "0
 "Nei250, 0.375, " "-0.765, " "1, " "1, " "1, " "1, " "1, " "1, " "1, " "1, " "1, " "1, " "1, " "1, " "1, " "1, " "1, " "1, " "1, " "1, " "1, " "1, " "1, " "1, " "1, " "1, " "1, " "1, " "1, " "1, " "1, " "1, " "1, " "1, " "1, " "1, " "1, " "1, " "1, " "1, " "1, " "1, " "1, " "1, " "1, " "1, " "1, " "1, " "1, " "1, " "1, " "1, " "1, " "1, " "1, " "1, " "1, " "1, " "1, " "1, " "1, " "1, " "1, " "1, " "1, " "1, " "1, " "1, " "1, " "1, " "1, " "1, " "1, " "1, " "1, " "1, " "1, " "1, " "1, " "1, " "1, " "1, " "1, " "1, " "1, " "1, " "1, " "1, " "1, " "1, " "1, " "1, " "1, " "1, " "1, " "1, " "1, " "1, " "1, " "1, " "1, " "1, " "1, " "1, " "1, " "1, " "1, " "1, " "1, " "1, " "1, " "1, " "1, " "1, " "1, " "1, " "1, " "1, " "1, " "1, " "1, " "1, " "1, " "1, " "1, " "1, " "1, " "1, " "1, " "1, " "1, " "1, " "1, " "1, " "1, " "1, " "1, " "1, " "1, " "1, " "1, " "1, " "1, " "1, " "1, " "1, " "1, " "1, " "1, " "1, " "1, " "1, " "1, " "1, " "1, " "1, " "1, " "1, " "1, " "1, " "1, " "1, " "1, " "1, " "1, " "1, " "1, " "1, " "1, " "1, " "1, " "1, " "1, " "1, " "1, " "1, " "1, " "1, " "1, " "1, " "1, " "1, " "1, " "1, " "1, " "1, " "1, " "1, " "1, " "1, " "1, " "1, " "1, " "1, " "1, " "1, " "1, " "1, " "1, " "1, " "1, " "1, " "1, " "1, " "1, " "1, " "1, " "1, " "1, " "1, " "1, " "1, " "1, " "1, " "1, " "1, " "1, " "1, " "1, " "1, " "1, " "1, " "1, " "1, " "1, " "1, " "1, " "1, " "1, " "1, " "1, " "1, " "1, " "1, " "1, " "1, " "1, " "1, " "1, " "1, " "1, " "1, " "1, " "1, " "1, " "1, " "1, " "1, " "1, " "1, " "1, " "1, " "0, " "1, " "1, " "1, " "1, " "1, " "1, "0
 "Nei251, 0.384, " "-0.214, " "1, " "1, " "1, " "1, " "1, " "1, " "1, " "1, " "1, " "1, " "1, " "1, " "1, " "1, " "1, " "1, " "1, " "1, " "1, " "1, " "1, " "1, " "1, " "1, " "1, " "1, " "1, " "1, " "1, " "1, " "1, " "1, " "1, " "1, " "1, " "1, " "1, " "1, " "1, " "1, " "1, " "1, " "1, " "1, " "1, " "1, " "1, " "1, " "1, " "1, " "1, " "1, " "1, " "1, " "1, " "1, " "1, " "1, " "1, " "1, " "1, " "1, " "1, " "1, " "1, " "1, " "1, " "1, " "1, " "1, " "1, " "1, " "1, " "1, " "1, " "1, " "1, " "1, " "1, " "1, " "1, " "1, " "1, " "1, " "1, " "1, " "1, " "1, " "1, " "1, " "1, " "1, " "1, " "1, " "1, " "1, " "1, " "1, " "1, " "1, " "1, " "1, " "1, " "1, " "1, " "1, " "1, " "1, " "1, " "1, " "1, " "1, " "1, " "1, " "1, " "1, " "1, " "1, " "1, " "1, " "1, " "1, " "1, " "1, " "1, " "1, " "1, " "1, " "1, " "1, " "1, " "1, " "1, " "1, " "1, " "1, " "1, " "1, " "1, " "1, " "1, " "1, " "1, " "1, " "1, " "1, " "1, " "1, " "1, " "1, " "1, " "1, " "1, " "1, " "1, " "1, " "1, " "1, " "1, " "1, " "1, " "1, " "1, " "1, " "1, " "1, " "1, " "1, " "1, " "1, " "1, " "1, " "1, " "1, " "1, " "1, " "1, " "1, " "1, " "1, " "1, " "1, " "1, " "1, " "1, " "1, " "1, " "1, " "1, " "1, " "1, " "1, " "1, " "1, " "1, " "1, " "1, " "1, " "1, " "1, " "1, " "1, " "1, " "1, " "1, " "1, " "1, " "1, " "1, " "1, " "1, " "1, " "1, " "1, " "1, " "1, " "1, " "1, " "1, " "1, " "1, " "1, " "1, " "1, " "1, " "1, " "1, " "1, " "1, " "1, " "1, " "1, " "1, " "1, " "1, " "1, " "1, " "1, " "1, " "1, " "1, " "1, " "1, " "1, " "1, " "1, " "1, " "1, " "1, " "1, " "1, " "0, " "1, " "1, " "1, " "1, " "1, "0
 "Nei252, 0.073, " "-0.476, " "1, " "1, " "1, " "1, " "1, " "1, " "1, " "1, " "1, " "1, " "1, " "1, " "1, " "1, " "1, " "1, " "1, " "1, " "1, " "1, " "1, " "1, " "1, " "1, " "1, " "1, " "1, " "1, " "1, " "1, " "1, " "1, " "1, " "1, " "1, " "1, " "1, " "1, " "1, " "1, " "1, " "1, " "1, " "1, " "1, " "1, " "1, " "1, " "1, " "1, " "1, " "1, " "1, " "1, " "1, " "1, " "1, " "1, " "1, " "1, " "1, " "1, " "1, " "1, " "1, " "1, " "1, " "1, " "1, " "1, " "1, " "1, " "1, " "1, " "1, " "1, " "1, " "1, " "1, " "1, " "1, " "1, " "1, " "1, " "1, " "1, " "1, " "1, " "1, " "1, " "1, " "1, " "1, " "1, " "1, " "1, " "1, " "1, " "1, " "1, " "1, " "1, " "1, " "1, " "1, " "1, " "1, " "1, " "1, " "1, " "1, " "1, " "1, " "1, " "1, " "1, " "1, " "1, " "1, " "1, " "1, " "1, " "1, " "1, " "1, " "1, " "1, " "1, " "1, " "1, " "1, " "1, " "1, " "1, " "1, " "1, " "1, " "1, " "1, " "1, " "1, " "1, " "1, " "1, " "1, " "1, " "1, " "1, " "1, " "1, " "1, " "1, " "1, " "1, " "1, " "1, " "1, " "1, " "1, " "1, " "1, " "1, " "1, " "1, " "1, " "1, " "1, " "1, " "1, " "1, " "1, " "1, " "1, " "1, " "1, " "1, " "1, " "1, " "1, " "1, " "1, " "1, " "1, " "1, " "1, " "1, " "1, " "1, " "1, " "1, " "1, " "1, " "1, " "1, " "1, " "1, " "1, " "1, " "1, " "1, " "1, " "1, " "1, " "1, " "1, " "1, " "1, " "1, " "1, " "1, " "1, " "1, " "1, " "1, " "1, " "1, " "1, " "1, " "1, " "1, " "1, " "1, " "1, " "1, " "1, " "1, " "1, " "1, " "1, " "1, " "1, " "1, " "1, " "1, " "1, " "1, " "1, " "1, " "1, " "1, " "1, " "1, " "1, " "1, " "1, " "1, " "1, " "1, " "1, " "1, " "1, " "1, " "0, " "1, " "1, " "1, " "1, "0
 "Nei253, 0.177, " "-0.458, " "1, " "1, " "1, " "1, " "1, " "1, " "1, " "1, " "1, " "1, " "1, " "1, " "1, " "1, " "1, " "1, " "1, " "1, " "1, " "1, " "1, " "1, " "1, " "1, " "1, " "1, " "1, " "1, " "1, " "1, " "1, " "1, " "1, " "1, " "1, " "1, " "1, " "1, " "1, " "1, " "1, " "1, " "1, " "1, " "1, " "1, " "1, " "1, " "1, " "1, " "1, " "1, " "1, " "1, " "1, " "1, " "1, " "1, " "1, " "1, " "1, " "1, " "1, " "1, " "1, " "1, " "1, " "1, " "1, " "1, " "1, " "1, " "1, " "1, " "1, " "1, " "1, " "1, " "1, " "1, " "1, " "1, " "1, " "1, " "1, " "1, " "1, " "1, " "1, " "1, " "1, " "1, " "1, " "1, " "1, " "1, " "1, " "1, " "1, " "1, " "1, " "1, " "1, " "1, " "1, " "1, " "1, " "1, " "1, " "1, " "1, " "1, " "1, " "1, " "1, " "1, " "1, " "1, " "1, " "1, " "1, " "1, " "1, " "1, " "1, " "1, " "1, " "1, " "1, " "1, " "1, " "1, " "1, " "1, " "1, " "1, " "1, " "1, " "1, " "1, " "1, " "1, " "1, " "1, " "1, " "1, " "1, " "1, " "1, " "1, " "1, " "1, " "1, " "1, " "1, " "1, " "1, " "1, " "1, " "1, " "1, " "1, " "1, " "1, " "1, " "1, " "1, " "1, " "1, " "1, " "1, " "1, " "1, " "1, " "1, " "1, " "1, " "1, " "1, " "1, " "1, " "1, " "1, " "1, " "1, " "1, " "1, " "1, " "1, " "1, " "1, " "1, " "1, " "1, " "1, " "1, " "1, " "1, " "1, " "1, " "1, " "1, " "1, " "1, " "1, " "1, " "1, " "1, " "1, " "1, " "1, " "1, " "1, " "1, " "1, " "1, " "1, " "1, " "1, " "1, " "1, " "1, " "1, " "1, " "1, " "1, " "1, " "1, " "1, " "1, " "1, " "1, " "1, " "1, " "1, " "1, " "1, " "1, " "1, " "1, " "1, " "1, " "1, " "1, " "1, " "1, " "1, " "1, " "1, " "1, " "1, " "1, " "1, " "0, " "1, " "1, " "1, "0
 "Nei254, 0.062, " "0.894, " "1, " "1, " "1, " "1, " "1, " "1, " "1, " "1, " "1, " "1, " "1, " "1, " "1, " "1, " "1, " "1, " "1, " "1, " "1, " "1, " "1, " "1, " "1, " "1, " "1, " "1, " "1, " "1, " "1, " "1, " "1, " "1, " "1, " "1, " "1, " "1, " "1, " "1, " "1, " "1, " "1, " "1, " "1, " "1, " "1, " "1, " "1, " "1, " "1, " "1, " "1, " "1, " "1, " "1, " "1, " "1, " "1, " "1, " "1, " "1, " "1, " "1, " "1, " "1, " "1, " "1, " "1, " "1, " "1, " "1, " "1, " "1, " "1, " "1, " "1, " "1, " "1, " "1, " "1, " "1, " "1, " "1, " "1, " "1, " "1, " "1, " "1, " "1, " "1, " "1, " "1, " "1, " "1, " "1, " "1, " "1, " "1, " "1, " "1, " "1, " "1, " "1, " "1, " "1, " "1, " "1, " "1, " "1, " "1, " "1, " "1, " "1, " "1, " "1, " "1, " "1, " "1, " "1, " "1, " "1, " "1, " "1, " "1, " "1, " "1, " "1, " "1, " "1, " "1, " "1, " "1, " "1, " "1, " "1, " "1, " "1, " "1, " "1, " "1, " "1, " "1, " "1, " "1, " "1, " "1, " "1, " "1, " "1, " "1, " "1, " "1, " "1, " "1, " "1, " "1, " "1, " "1, " "1, " "1, " "1, " "1, " "1, " "1, " "1, " "1, " "1, " "1, " "1, " "1, " "1, " "1, " "1, " "1, " "1, " "1, " "1, " "1, " "1, " "1, " "1, " "1, " "1, " "1, " "1, " "1, " "1, " "1, " "1, " "1, " "1, " "1, " "1, " "1, " "1, " "1, " "1, " "1, " "1, " "1, " "1, " "1, " "1, " "1, " "1, " "1, " "1, " "1, " "1, " "1, " "1, " "1, " "1, " "1, " "1, " "1, " "1, " "1, " "1, " "1, " "1, " "1, " "1, " "1, " "1, " "1, " "1, " "1, " "1, " "1, " "1, " "1, " "1, " "1, " "1, " "1, " "1, " "1, " "1, " "1, " "1, " "1, " "1, " "1, " "1, " "1, " "1, " "1, " "1, " "1, " "1, " "1, " "1, " "1, " "1, " "0, " "1, " "1, "0
 "Nei255, 0.041, " "-0.02, " "1, " "1, " "1, " "1, " "1, " "1, " "1, " "1, " "1, " "1, " "1, " "1, " "1, " "1, " "1, " "1, " "1, " "1, " "1, " "1, " "1, " "1, " "1, " "1, " "1, " "1, " "1, " "1, " "1, " "1, " "1, " "1, " "1, " "1, " "1, " "1, " "1, " "1, " "1, " "1, " "1, " "1, " "1, " "1, " "1, " "1, " "1, " "1, " "1, " "1, " "1, " "1, " "1, " "1, " "1, " "1, " "1, " "1, " "1, " "1, " "1, " "1, " "1, " "1, " "1, " "1, " "1, " "1, " "1, " "1, " "1, " "1, " "1, " "1, " "1, " "1, " "1, " "1, " "1, " "1, " "1, " "1, " "1, " "1, " "1, " "1, " "1, " "1, " "1, " "1, " "1, " "1, " "1, " "1, " "1, " "1, " "1, " "1, " "1, " "1, " "1, " "1, " "1, " "1, " "1, " "1, " "1, " "1, " "1, " "1, " "1, " "1, " "1, " "1, " "1, " "1, " "1, " "1, " "1, " "1, " "1, " "1, " "1, " "1, " "1, " "1, " "1, " "1, " "1, " "1, " "1, " "1, " "1, " "1, " "1, " "1, " "1, " "1, " "1, " "1, " "1, " "1, " "1, " "1, " "1, " "1, " "1, " "1, " "1, " "1, " "1, " "1, " "1, " "1, " "1, " "1, " "1, " "1, " "1, " "1, " "1, " "1, " "1, " "1, " "1, " "1, " "1, " "1, " "1, " "1, " "1, " "1, " "1, " "1, " "1, " "1, " "1, " "1, " "1, " "1, " "1, " "1, " "1, " "1, " "1, " "1, " "1, " "1, " "1, " "1, " "1, " "1, " "1, " "1, " "1, " "1, " "1, " "1, " "1, " "1, " "1, " "1, " "1, " "1, " "1, " "1, " "1, " "1, " "1, " "1, " "1, " "1, " "1, " "1, " "1, " "1, " "1, " "1, " "1, " "1, " "1, " "1, " "1, " "1, " "1, " "1, " "1, " "1, " "1, " "1, " "1, " "1, " "1, " "1, " "1, " "1, " "1, " "1, " "1, " "1, " "1, " "1, " "1, " "1, " "1, " "1, " "1, " "1, " "1, " "1, " "1, " "1, " "1, " "1, " "1, " "0, " "1, "0
 "Nei256, 0.36, " "0.613, " "1, " "1, " "1, " "1, " "1, " "1, " "1, " "1, " "1, " "1, " "1, " "1, " "1, " "1, " "1, " "1, " "1, " "1, " "1, " "1, " "1, " "1, " "1, " "1, " "1, " "1, " "1, " "1, " "1, " "1, " "1, " "1, " "1, " "1, " "1, " "1, " "1, " "1, " "1, " "1, " "1, " "1, " "1, " "1, " "1, " "1, " "1, " "1, " "1, " "1, " "1, " "1, " "1, " "1, " "1, " "1, " "1, " "1, " "1, " "1, " "1, " "1, " "1, " "1, " "1, " "1, " "1, " "1, " "1, " "1, " "1, " "1, " "1, " "1, " "1, " "1, " "1, " "1, " "1, " "1, " "1, " "1, " "1, " "1, " "1, " "1, " "1, " "1, " "1, " "1, " "1, " "1, " "1, " "1, " "1, " "1, " "1, " "1, " "1, " "1, " "1, " "1, " "1, " "1, " "1, " "1, " "1, " "1, " "1, " "1, " "1, " "1, " "1, " "1, " "1, " "1, " "1, " "1, " "1, " "1, " "1, " "1, " "1, " "1, " "1, " "1, " "1, " "1, " "1, " "1, " "1, " "1, " "1, " "1, " "1, " "1, " "1, " "1, " "1, " "1, " "1, " "1, " "1, " "1, " "1, " "1, " "1, " "1, " "1, " "1, " "1, " "1, " "1, " "1, " "1, " "1, " "1, " "1, " "1, " "1, " "1, " "1, " "1, " "1, " "1, " "1, " "1, " "1, " "1, " "1, " "1, " "1, " "1, " "1, " "1, " "1, " "1, " "1, " "1, " "1, " "1, " "1, " "1, " "1, " "1, " "1, " "1, " "1, " "1, " "1, " "1, " "1, " "1, " "1, " "1, " "1, " "1, " "1, " "1, " "1, " "1, " "1, " "1, " "1, " "1, " "1, " "1, " "1, " "1, " "1, " "1, " "1, " "1, " "1, " "1, " "1, " "1, " "1, " "1, " "1, " "1, " "1, " "1, " "1, " "1, " "1, " "1, " "1, " "1, " "1, " "1, " "1, " "1, " "1, " "1, " "1, " "1, " "1, " "1, " "1, " "1, " "1, " "1, " "1, " "1, " "1, " "1, " "1, " "1, " "1, " "1, " "1, " "1, " "1, " "1, " "1, " "0, "0
 "Nei0, 0.052, " "0.89, " "0, " "1, " "1, " "1, " "1, " "1, " "1, " "1, " "1, " "1, " "1, " "1, " "1, " "1, " "1, " "1, " "1, " "1, " "1, " "1, " "1, " "1, " "1, " "1, " "1, " "1, " "1, " "1, " "1, " "1, " "1, " "1, " "1, " "1, " "1, " "1, " "1, " "1, " "1, " "1, " "1, " "1, " "1, " "1, " "1, " "1, " "1, " "1, " "1, " "1, " "1, " "1, " "1, " "1, " "1, " "1, " "1, " "1, " "1, " "1, " "1, " "1, " "1, " "1, " "1, " "1, " "1, " "1, " "1, " "1, " "1, " "1, " "1, " "1, " "1, " "1, " "1, " "1, " "1, " "1, " "1, " "1, " "1, " "1, " "1, " "1, " "1, " "1, " "1, " "1, " "1, " "1, " "1, " "1, " "1, " "1, " "1, " "1, " "1, " "1, " "1, " "1, " "1, " "1, " "1, " "1, " "1, " "1, " "1, " "1, " "1, " "1, " "1, " "1, " "1, " "1, " "1, " "1, " "1, " "1, " "1, " "1, " "1, " "1, " "1, " "1, " "1, " "1, " "1, " "1, " "1, " "1, " "1, " "1, " "1, " "1, " "1, " "1, " "1, " "1, " "1, " "1, " "1, " "1, " "1, " "1, " "1, " "1, " "1, " "1, " "1, " "1, " "1, " "1, " "1, " "1, " "1, " "1, " "1, " "1, " "1, " "1, " "1, " "1, " "1, " "1, " "1, " "1, " "1, " "1, " "1, " "1, " "1, " "1, " "1, " "1, " "1, " "1, " "1, " "1, " "1, " "1, " "1, " "1, " "1, " "1, " "1, " "1, " "1, " "1, " "1, " "1, " "1, " "1, " "1, " "1, " "1, " "1, " "1, " "1, " "1, " "1, " "1, " "1, " "1, " "1, " "1, " "1, " "1, " "1, " "1, " "1, " "1, " "1, " "1, " "1, " "1, " "1, " "1, " "1, " "1, " "1, " "1, " "1, " "1, " "1, " "1, " "1, " "1, " "1, " "1, " "1, " "1, " "1, " "1, " "1, " "1, " "1, " "1, " "1, " "1, " "1, " "1, " "1, " "1, " "1, " "1, " "1, " "1, " "1, " "1, " "1, " "1, " "1, " "1, " "1, " "1, "5000
 "Nei1, 0.096, " "0.891, " "1, " "0, " "1, " "1, " "1, " "1, " "1, " "1, " "1, " "1, " "1, " "1, " "1, " "1, " "1, " "1, " "1, " "1, " "1, " "1, " "1, " "1, " "1, " "1, " "1, " "1, " "1, " "1, " "1, " "1, " "1, " "1, " "1, " "1, " "1, " "1, " "1, " "1, " "1, " "1, " "1, " "1, " "1, " "1, " "1, " "1, " "1, " "1, " "1, " "1, " "1, " "1, " "1, " "1, " "1, " "1, " "1, " "1, " "1, " "1, " "1, " "1, " "1, " "1, " "1, " "1, " "1, " "1, " "1, " "1, " "1, " "1, " "1, " "1, " "1, " "1, " "1, " "1, " "1, " "1, " "1, " "1, " "1, " "1, " "1, " "1, " "1, " "1, " "1, " "1, " "1, " "1, " "1, " "1, " "1, " "1, " "1, " "1, " "1, " "1, " "1, " "1, " "1, " "1, " "1, " "1, " "1, " "1, " "1, " "1, " "1, " "1, " "1, " "1, " "1, " "1, " "1, " "1, " "1, " "1, " "1, " "1, " "1, " "1, " "1, " "1, " "1, " "1, " "1, " "1, " "1, " "1, " "1, " "1, " "1, " "1, " "1, " "1, " "1, " "1, " "1, " "1, " "1, " "1, " "1, " "1, " "1, " "1, " "1, " "1, " "1, " "1, " "1, " "1, " "1, " "1, " "1, " "1, " "1, " "1, " "1, " "1, " "1, " "1, " "1, " "1, " "1, " "1, " "1, " "1, " "1, " "1, " "1, " "1, " "1, " "1, " "1, " "1, " "1, " "1, " "1, " "1, " "1, " "1, " "1, " "1, " "1, " "1, " "1, " "1, " "1, " "1, " "1, " "1, " "1, " "1, " "1, " "1, " "1, " "1, " "1, " "1, " "1, " "1, " "1, " "1, " "1, " "1, " "1, " "1, " "1, " "1, " "1, " "1, " "1, " "1, " "1, " "1, " "1, " "1, " "1, " "1, " "1, " "1, " "1, " "1, " "1, " "1, " "1, " "1, " "1, " "1, " "1, " "1, " "1, " "1, " "1, " "1, " "1, " "1, " "1, " "1, " "1, " "1, " "1, " "1, " "1, " "1, " "1, " "1, " "1, " "1, " "1, " "1, " "1, " "1, " "1, "5000
 "Nei2, 0.164, " "0.89, " "1, " "1, " "0, " "1, " "1, " "1, " "1, " "1, " "1, " "1, " "1, " "1, " "1, " "1, " "1, " "1, " "1, " "1, " "1, " "1, " "1, " "1, " "1, " "1, " "1, " "1, " "1, " "1, " "1, " "1, " "1, " "1, " "1, " "1, " "1, " "1, " "1, " "1, " "1, " "1, " "1, " "1, " "1, " "1, " "1, " "1, " "1, " "1, " "1, " "1, " "1, " "1, " "1, " "1, " "1, " "1, " "1, " "1, " "1, " "1, " "1, " "1, " "1, " "1, " "1, " "1, " "1, " "1, " "1, " "1, " "1, " "1, " "1, " "1, " "1, " "1, " "1, " "1, " "1, " "1, " "1, " "1, " "1, " "1, " "1, " "1, " "1, " "1, " "1, " "1, " "1, " "1, " "1, " "1, " "1, " "1, " "1, " "1, " "1, " "1, " "1, " "1, " "1, " "1, " "1, " "1, " "1, " "1, " "1, " "1, " "1, " "1, " "1, " "1, " "1, " "1, " "1, " "1, " "1, " "1, " "1, " "1, " "1, " "1, " "1, " "1, " "1, " "1, " "1, " "1, " "1, " "1, " "1, " "1, " "1, " "1, " "1, " "1, " "1, " "1, " "1, " "1, " "1, " "1, " "1, " "1, " "1, " "1, " "1, " "1, " "1, " "1, " "1, " "1, " "1, " "1, " "1, " "1, " "1, " "1, " "1, " "1, " "1, " "1, " "1, " "1, " "1, " "1, " "1, " "1, " "1, " "1, " "1, " "1, " "1, " "1, " "1, " "1, " "1, " "1, " "1, " "1, " "1, " "1, " "1, " "1, " "1, " "1, " "1, " "1, " "1, " "1, " "1, " "1, " "1, " "1, " "1, " "1, " "1, " "1, " "1, " "1, " "1, " "1, " "1, " "1, " "1, " "1, " "1, " "1, " "1, " "1, " "1, " "1, " "1, " "1, " "1, " "1, " "1, " "1, " "1, " "1, " "1, " "1, " "1, " "1, " "1, " "1, " "1, " "1, " "1, " "1, " "1, " "1, " "1, " "1, " "1, " "1, " "1, " "1, " "1, " "1, " "1, " "1, " "1, " "1, " "1, " "1, " "1, " "1, " "1, " "1, " "1, " "1, " "1, " "1, " "1, "5000
 "Nei3, 0.122, " "0.89, " "1, " "1, " "1, " "0, " "1, " "1, " "1, " "1, " "1, " "1, " "1, " "1, " "1, " "1, " "1, " "1, " "1, " "1, " "1, " "1, " "1, " "1, " "1, " "1, " "1, " "1, " "1, " "1, " "1, " "1, " "1, " "1, " "1, " "1, " "1, " "1, " "1, " "1, " "1, " "1, " "1, " "1, " "1, " "1, " "1, " "1, " "1, " "1, " "1, " "1, " "1, " "1, " "1, " "1, " "1, " "1, " "1, " "1, " "1, " "1, " "1, " "1, " "1, " "1, " "1, " "1, " "1, " "1, " "1, " "1, " "1, " "1, " "1, " "1, " "1, " "1, " "1, " "1, " "1, " "1, " "1, " "1, " "1, " "1, " "1, " "1, " "1, " "1, " "1, " "1, " "1, " "1, " "1, " "1, " "1, " "1, " "1, " "1, " "1, " "1, " "1, " "1, " "1, " "1, " "1, " "1, " "1, " "1, " "1, " "1, " "1, " "1, " "1, " "1, " "1, " "1, " "1, " "1, " "1, " "1, " "1, " "1, " "1, " "1, " "1, " "1, " "1, " "1, " "1, " "1, " "1, " "1, " "1, " "1, " "1, " "1, " "1, " "1, " "1, " "1, " "1, " "1, " "1, " "1, " "1, " "1, " "1, " "1, " "1, " "1, " "1, " "1, " "1, " "1, " "1, " "1, " "1, " "1, " "1, " "1, " "1, " "1, " "1, " "1, " "1, " "1, " "1, " "1, " "1, " "1, " "1, " "1, " "1, " "1, " "1, " "1, " "1, " "1, " "1, " "1, " "1, " "1, " "1, " "1, " "1, " "1, " "1, " "1, " "1, " "1, " "1, " "1, " "1, " "1, " "1, " "1, " "1, " "1, " "1, " "1, " "1, " "1, " "1, " "1, " "1, " "1, " "1, " "1, " "1, " "1, " "1, " "1, " "1, " "1, " "1, " "1, " "1, " "1, " "1, " "1, " "1, " "1, " "1, " "1, " "1, " "1, " "1, " "1, " "1, " "1, " "1, " "1, " "1, " "1, " "1, " "1, " "1, " "1, " "1, " "1, " "1, " "1, " "1, " "1, " "1, " "1, " "1, " "1, " "1, " "1, " "1, " "1, " "1, " "1, " "1, " "1, " "1, "5000
 "Nei4, 0.368, " "0.886, " "1, " "1, " "1, " "1, " "0, " "1, " "1, " "1, " "1, " "1, " "1, " "1, " "1, " "1, " "1, " "1, " "1, " "1, " "1, " "1, " "1, " "1, " "1, " "1, " "1, " "1, " "1, " "1, " "1, " "1, " "1, " "1, " "1, " "1, " "1, " "1, " "1, " "1, " "1, " "1, " "1, " "1, " "1, " "1, " "1, " "1, " "1, " "1, " "1, " "1, " "1, " "1, " "1, " "1, " "1, " "1, " "1, " "1, " "1, " "1, " "1, " "1, " "1, " "1, " "1, " "1, " "1, " "1, " "1, " "1, " "1, " "1, " "1, " "1, " "1, " "1, " "1, " "1, " "1, " "1, " "1, " "1, " "1, " "1, " "1, " "1, " "1, " "1, " "1, " "1, " "1, " "1, " "1, " "1, " "1, " "1, " "1, " "1, " "1, " "1, " "1, " "1, " "1, " "1, " "1, " "1, " "1, " "1, " "1, " "1, " "1, " "1, " "1, " "1, " "1, " "1, " "1, " "1, " "1, " "1, " "1, " "1, " "1, " "1, " "1, " "1, " "1, " "1, " "1, " "1, " "1, " "1, " "1, " "1, " "1, " "1, " "1, " "1, " "1, " "1, " "1, " "1, " "1, " "1, " "1, " "1, " "1, " "1, " "1, " "1, " "1, " "1, " "1, " "1, " "1, " "1, " "1, " "1, " "1, " "1, " "1, " "1, " "1, " "1, " "1, " "1, " "1, " "1, " "1, " "1, " "1, " "1, " "1, " "1, " "1, " "1, " "1, " "1, " "1, " "1, " "1, " "1, " "1, " "1, " "1, " "1, " "1, " "1, " "1, " "1, " "1, " "1, " "1, " "1, " "1, " "1, " "1, " "1, " "1, " "1, " "1, " "1, " "1, " "1, " "1, " "1, " "1, " "1, " "1, " "1, " "1, " "1, " "1, " "1, " "1, " "1, " "1, " "1, " "1, " "1, " "1, " "1, " "1, " "1, " "1, " "1, " "1, " "1, " "1, " "1, " "1, " "1, " "1, " "1, " "1, " "1, " "1, " "1, " "1, " "1, " "1, " "1, " "1, " "1, " "1, " "1, " "1, " "1, " "1, " "1, " "1, " "1, " "1, " "1, " "1, " "1, " "1, "5000
 "Nei5, 0.085, " "0.89, " "1, " "1, " "1, " "1, " "1, " "0, " "1, " "1, " "1, " "1, " "1, " "1, " "1, " "1, " "1, " "1, " "1, " "1, " "1, " "1, " "1, " "1, " "1, " "1, " "1, " "1, " "1, " "1, " "1, " "1, " "1, " "1, " "1, " "1, " "1, " "1, " "1, " "1, " "1, " "1, " "1, " "1, " "1, " "1, " "1, " "1, " "1, " "1, " "1, " "1, " "1, " "1, " "1, " "1, " "1, " "1, " "1, " "1, " "1, " "1, " "1, " "1, " "1, " "1, " "1, " "1, " "1, " "1, " "1, " "1, " "1, " "1, " "1, " "1, " "1, " "1, " "1, " "1, " "1, " "1, " "1, " "1, " "1, " "1, " "1, " "1, " "1, " "1, " "1, " "1, " "1, " "1, " "1, " "1, " "1, " "1, " "1, " "1, " "1, " "1, " "1, " "1, " "1, " "1, " "1, " "1, " "1, " "1, " "1, " "1, " "1, " "1, " "1, " "1, " "1, " "1, " "1, " "1, " "1, " "1, " "1, " "1, " "1, " "1, " "1, " "1, " "1, " "1, " "1, " "1, " "1, " "1, " "1, " "1, " "1, " "1, " "1, " "1, " "1, " "1, " "1, " "1, " "1, " "1, " "1, " "1, " "1, " "1, " "1, " "1, " "1, " "1, " "1, " "1, " "1, " "1, " "1, " "1, " "1, " "1, " "1, " "1, " "1, " "1, " "1, " "1, " "1, " "1, " "1, " "1, " "1, " "1, " "1, " "1, " "1, " "1, " "1, " "1, " "1, " "1, " "1, " "1, " "1, " "1, " "1, " "1, " "1, " "1, " "1, " "1, " "1, " "1, " "1, " "1, " "1, " "1, " "1, " "1, " "1, " "1, " "1, " "1, " "1, " "1, " "1, " "1, " "1, " "1, " "1, " "1, " "1, " "1, " "1, " "1, " "1, " "1, " "1, " "1, " "1, " "1, " "1, " "1, " "1, " "1, " "1, " "1, " "1, " "1, " "1, " "1, " "1, " "1, " "1, " "1, " "1, " "1, " "1, " "1, " "1, " "1, " "1, " "1, " "1, " "1, " "1, " "1, " "1, " "1, " "1, " "1, " "1, " "1, " "1, " "1, " "1, " "1, " "1, "5000
 "Nei6, 0.317, " "0.887, " "1, " "1, " "1, " "1, " "1, " "1, " "0, " "1, " "1, " "1, " "1, " "1, " "1, " "1, " "1, " "1, " "1, " "1, " "1, " "1, " "1, " "1, " "1, " "1, " "1, " "1, " "1, " "1, " "1, " "1, " "1, " "1, " "1, " "1, " "1, " "1, " "1, " "1, " "1, " "1, " "1, " "1, " "1, " "1, " "1, " "1, " "1, " "1, " "1, " "1, " "1, " "1, " "1, " "1, " "1, " "1, " "1, " "1, " "1, " "1, " "1, " "1, " "1, " "1, " "1, " "1, " "1, " "1, " "1, " "1, " "1, " "1, " "1, " "1, " "1, " "1, " "1, " "1, " "1, " "1, " "1, " "1, " "1, " "1, " "1, " "1, " "1, " "1, " "1, " "1, " "1, " "1, " "1, " "1, " "1, " "1, " "1, " "1, " "1, " "1, " "1, " "1, " "1, " "1, " "1, " "1, " "1, " "1, " "1, " "1, " "1, " "1, " "1, " "1, " "1, " "1, " "1, " "1, " "1, " "1, " "1, " "1, " "1, " "1, " "1, " "1, " "1, " "1, " "1, " "1, " "1, " "1, " "1, " "1, " "1, " "1, " "1, " "1, " "1, " "1, " "1, " "1, " "1, " "1, " "1, " "1, " "1, " "1, " "1, " "1, " "1, " "1, " "1, " "1, " "1, " "1, " "1, " "1, " "1, " "1, " "1, " "1, " "1, " "1, " "1, " "1, " "1, " "1, " "1, " "1, " "1, " "1, " "1, " "1, " "1, " "1, " "1, " "1, " "1, " "1, " "1, " "1, " "1, " "1, " "1, " "1, " "1, " "1, " "1, " "1, " "1, " "1, " "1, " "1, " "1, " "1, " "1, " "1, " "1, " "1, " "1, " "1, " "1, " "1, " "1, " "1, " "1, " "1, " "1, " "1, " "1, " "1, " "1, " "1, " "1, " "1, " "1, " "1, " "1, " "1, " "1, " "1, " "1, " "1, " "1, " "1, " "1, " "1, " "1, " "1, " "1, " "1, " "1, " "1, " "1, " "1, " "1, " "1, " "1, " "1, " "1, " "1, " "1, " "1, " "1, " "1, " "1, " "1, " "1, " "1, " "1, " "1, " "1, " "1, " "1, " "1, " "1, "5000
 "Nei7, 0.08, " "0.89, " "1, " "1, " "1, " "1, " "1, " "1, " "1, " "0, " "1, " "1, " "1, " "1, " "1, " "1, " "1, " "1, " "1, " "1, " "1, " "1, " "1, " "1, " "1, " "1, " "1, " "1, " "1, " "1, " "1, " "1, " "1, " "1, " "1, " "1, " "1, " "1, " "1, " "1, " "1, " "1, " "1, " "1, " "1, " "1, " "1, " "1, " "1, " "1, " "1, " "1, " "1, " "1, " "1, " "1, " "1, " "1, " "1, " "1, " "1, " "1, " "1, " "1, " "1, " "1, " "1, " "1, " "1, " "1, " "1, " "1, " "1, " "1, " "1, " "1, " "1, " "1, " "1, " "1, " "1, " "1, " "1, " "1, " "1, " "1, " "1, " "1, " "1, " "1, " "1, " "1, " "1, " "1, " "1, " "1, " "1, " "1, " "1, " "1, " "1, " "1, " "1, " "1, " "1, " "1, " "1, " "1, " "1, " "1, " "1, " "1, " "1, " "1, " "1, " "1, " "1, " "1, " "1, " "1, " "1, " "1, " "1, " "1, " "1, " "1, " "1, " "1, " "1, " "1, " "1, " "1, " "1, " "1, " "1, " "1, " "1, " "1, " "1, " "1, " "1, " "1, " "1, " "1, " "1, " "1, " "1, " "1, " "1, " "1, " "1, " "1, " "1, " "1, " "1, " "1, " "1, " "1, " "1, " "1, " "1, " "1, " "1, " "1, " "1, " "1, " "1, " "1, " "1, " "1, " "1, " "1, " "1, " "1, " "1, " "1, " "1, " "1, " "1, " "1, " "1, " "1, " "1, " "1, " "1, " "1, " "1, " "1, " "1, " "1, " "1, " "1, " "1, " "1, " "1, " "1, " "1, " "1, " "1, " "1, " "1, " "1, " "1, " "1, " "1, " "1, " "1, " "1, " "1, " "1, " "1, " "1, " "1, " "1, " "1, " "1, " "1, " "1, " "1, " "1, " "1, " "1, " "1, " "1, " "1, " "1, " "1, " "1, " "1, " "1, " "1, " "1, " "1, " "1, " "1, " "1, " "1, " "1, " "1, " "1, " "1, " "1, " "1, " "1, " "1, " "1, " "1, " "1, " "1, " "1, " "1, " "1, " "1, " "1, " "1, " "1, " "1, " "1, " "1, "5000
 "Nei8, 0.279, " "0.89, " "1, " "1, " "1, " "1, " "1, " "1, " "1, " "1, " "0, " "1, " "1, " "1, " "1, " "1, " "1, " "1, " "1, " "1, " "1, " "1, " "1, " "1, " "1, " "1, " "1, " "1, " "1, " "1, " "1, " "1, " "1, " "1, " "1, " "1, " "1, " "1, " "1, " "1, " "1, " "1, " "1, " "1, " "1, " "1, " "1, " "1, " "1, " "1, " "1, " "1, " "1, " "1, " "1, " "1, " "1, " "1, " "1, " "1, " "1, " "1, " "1, " "1, " "1, " "1, " "1, " "1, " "1, " "1, " "1, " "1, " "1, " "1, " "1, " "1, " "1, " "1, " "1, " "1, " "1, " "1, " "1, " "1, " "1, " "1, " "1, " "1, " "1, " "1, " "1, " "1, " "1, " "1, " "1, " "1, " "1, " "1, " "1, " "1, " "1, " "1, " "1, " "1, " "1, " "1, " "1, " "1, " "1, " "1, " "1, " "1, " "1, " "1, " "1, " "1, " "1, " "1, " "1, " "1, " "1, " "1, " "1, " "1, " "1, " "1, " "1, " "1, " "1, " "1, " "1, " "1, " "1, " "1, " "1, " "1, " "1, " "1, " "1, " "1, " "1, " "1, " "1, " "1, " "1, " "1, " "1, " "1, " "1, " "1, " "1, " "1, " "1, " "1, " "1, " "1, " "1, " "1, " "1, " "1, " "1, " "1, " "1, " "1, " "1, " "1, " "1, " "1, " "1, " "1, " "1, " "1, " "1, " "1, " "1, " "1, " "1, " "1, " "1, " "1, " "1, " "1, " "1, " "1, " "1, " "1, " "1, " "1, " "1, " "1, " "1, " "1, " "1, " "1, " "1, " "1, " "1, " "1, " "1, " "1, " "1, " "1, " "1, " "1, " "1, " "1, " "1, " "1, " "1, " "1, " "1, " "1, " "1, " "1, " "1, " "1, " "1, " "1, " "1, " "1, " "1, " "1, " "1, " "1, " "1, " "1, " "1, " "1, " "1, " "1, " "1, " "1, " "1, " "1, " "1, " "1, " "1, " "1, " "1, " "1, " "1, " "1, " "1, " "1, " "1, " "1, " "1, " "1, " "1, " "1, " "1, " "1, " "1, " "1, " "1, " "1, " "1, " "1, " "1, "5000
 "Nei9, 0.202, " "0.89, " "1, " "1, " "1, " "1, " "1, " "1, " "1, " "1, " "1, " "0, " "1, " "1, " "1, " "1, " "1, " "1, " "1, " "1, " "1, " "1, " "1, " "1, " "1, " "1, " "1, " "1, " "1, " "1, " "1, " "1, " "1, " "1, " "1, " "1, " "1, " "1, " "1, " "1, " "1, " "1, " "1, " "1, " "1, " "1, " "1, " "1, " "1, " "1, " "1, " "1, " "1, " "1, " "1, " "1, " "1, " "1, " "1, " "1, " "1, " "1, " "1, " "1, " "1, " "1, " "1, " "1, " "1, " "1, " "1, " "1, " "1, " "1, " "1, " "1, " "1, " "1, " "1, " "1, " "1, " "1, " "1, " "1, " "1, " "1, " "1, " "1, " "1, " "1, " "1, " "1, " "1, " "1, " "1, " "1, " "1, " "1, " "1, " "1, " "1, " "1, " "1, " "1, " "1, " "1, " "1, " "1, " "1, " "1, " "1, " "1, " "1, " "1, " "1, " "1, " "1, " "1, " "1, " "1, " "1, " "1, " "1, " "1, " "1, " "1, " "1, " "1, " "1, " "1, " "1, " "1, " "1, " "1, " "1, " "1, " "1, " "1, " "1, " "1, " "1, " "1, " "1, " "1, " "1, " "1, " "1, " "1, " "1, " "1, " "1, " "1, " "1, " "1, " "1, " "1, " "1, " "1, " "1, " "1, " "1, " "1, " "1, " "1, " "1, " "1, " "1, " "1, " "1, " "1, " "1, " "1, " "1, " "1, " "1, " "1, " "1, " "1, " "1, " "1, " "1, " "1, " "1, " "1, " "1, " "1, " "1, " "1, " "1, " "1, " "1, " "1, " "1, " "1, " "1, " "1, " "1, " "1, " "1, " "1, " "1, " "1, " "1, " "1, " "1, " "1, " "1, " "1, " "1, " "1, " "1, " "1, " "1, " "1, " "1, " "1, " "1, " "1, " "1, " "1, " "1, " "1, " "1, " "1, " "1, " "1, " "1, " "1, " "1, " "1, " "1, " "1, " "1, " "1, " "1, " "1, " "1, " "1, " "1, " "1, " "1, " "1, " "1, " "1, " "1, " "1, " "1, " "1, " "1, " "1, " "1, " "1, " "1, " "1, " "1, " "1, " "1, " "1, " "1, "5000
 "Nei10, 0.03, " "0.89, " "1, " "1, " "1, " "1, " "1, " "1, " "1, " "1, " "1, " "1, " "0, " "1, " "1, " "1, " "1, " "1, " "1, " "1, " "1, " "1, " "1, " "1, " "1, " "1, " "1, " "1, " "1, " "1, " "1, " "1, " "1, " "1, " "1, " "1, " "1, " "1, " "1, " "1, " "1, " "1, " "1, " "1, " "1, " "1, " "1, " "1, " "1, " "1, " "1, " "1, " "1, " "1, " "1, " "1, " "1, " "1, " "1, " "1, " "1, " "1, " "1, " "1, " "1, " "1, " "1, " "1, " "1, " "1, " "1, " "1, " "1, " "1, " "1, " "1, " "1, " "1, " "1, " "1, " "1, " "1, " "1, " "1, " "1, " "1, " "1, " "1, " "1, " "1, " "1, " "1, " "1, " "1, " "1, " "1, " "1, " "1, " "1, " "1, " "1, " "1, " "1, " "1, " "1, " "1, " "1, " "1, " "1, " "1, " "1, " "1, " "1, " "1, " "1, " "1, " "1, " "1, " "1, " "1, " "1, " "1, " "1, " "1, " "1, " "1, " "1, " "1, " "1, " "1, " "1, " "1, " "1, " "1, " "1, " "1, " "1, " "1, " "1, " "1, " "1, " "1, " "1, " "1, " "1, " "1, " "1, " "1, " "1, " "1, " "1, " "1, " "1, " "1, " "1, " "1, " "1, " "1, " "1, " "1, " "1, " "1, " "1, " "1, " "1, " "1, " "1, " "1, " "1, " "1, " "1, " "1, " "1, " "1, " "1, " "1, " "1, " "1, " "1, " "1, " "1, " "1, " "1, " "1, " "1, " "1, " "1, " "1, " "1, " "1, " "1, " "1, " "1, " "1, " "1, " "1, " "1, " "1, " "1, " "1, " "1, " "1, " "1, " "1, " "1, " "1, " "1, " "1, " "1, " "1, " "1, " "1, " "1, " "1, " "1, " "1, " "1, " "1, " "1, " "1, " "1, " "1, " "1, " "1, " "1, " "1, " "1, " "1, " "1, " "1, " "1, " "1, " "1, " "1, " "1, " "1, " "1, " "1, " "1, " "1, " "1, " "1, " "1, " "1, " "1, " "1, " "1, " "1, " "1, " "1, " "1, " "1, " "1, " "1, " "1, " "1, " "1, " "1, " "1, "5000
 "Nei11, 0.127, " "0.89, " "1, " "1, " "1, " "1, " "1, " "1, " "1, " "1, " "1, " "1, " "1, " "0, " "1, " "1, " "1, " "1, " "1, " "1, " "1, " "1, " "1, " "1, " "1, " "1, " "1, " "1, " "1, " "1, " "1, " "1, " "1, " "1, " "1, " "1, " "1, " "1, " "1, " "1, " "1, " "1, " "1, " "1, " "1, " "1, " "1, " "1, " "1, " "1, " "1, " "1, " "1, " "1, " "1, " "1, " "1, " "1, " "1, " "1, " "1, " "1, " "1, " "1, " "1, " "1, " "1, " "1, " "1, " "1, " "1, " "1, " "1, " "1, " "1, " "1, " "1, " "1, " "1, " "1, " "1, " "1, " "1, " "1, " "1, " "1, " "1, " "1, " "1, " "1, " "1, " "1, " "1, " "1, " "1, " "1, " "1, " "1, " "1, " "1, " "1, " "1, " "1, " "1, " "1, " "1, " "1, " "1, " "1, " "1, " "1, " "1, " "1, " "1, " "1, " "1, " "1, " "1, " "1, " "1, " "1, " "1, " "1, " "1, " "1, " "1, " "1, " "1, " "1, " "1, " "1, " "1, " "1, " "1, " "1, " "1, " "1, " "1, " "1, " "1, " "1, " "1, " "1, " "1, " "1, " "1, " "1, " "1, " "1, " "1, " "1, " "1, " "1, " "1, " "1, " "1, " "1, " "1, " "1, " "1, " "1, " "1, " "1, " "1, " "1, " "1, " "1, " "1, " "1, " "1, " "1, " "1, " "1, " "1, " "1, " "1, " "1, " "1, " "1, " "1, " "1, " "1, " "1, " "1, " "1, " "1, " "1, " "1, " "1, " "1, " "1, " "1, " "1, " "1, " "1, " "1, " "1, " "1, " "1, " "1, " "1, " "1, " "1, " "1, " "1, " "1, " "1, " "1, " "1, " "1, " "1, " "1, " "1, " "1, " "1, " "1, " "1, " "1, " "1, " "1, " "1, " "1, " "1, " "1, " "1, " "1, " "1, " "1, " "1, " "1, " "1, " "1, " "1, " "1, " "1, " "1, " "1, " "1, " "1, " "1, " "1, " "1, " "1, " "1, " "1, " "1, " "1, " "1, " "1, " "1, " "1, " "1, " "1, " "1, " "1, " "1, " "1, " "1, " "1, "5000
 "Nei12, 0.198, " "0.891, " "1, " "1, " "1, " "1, " "1, " "1, " "1, " "1, " "1, " "1, " "1, " "1, " "0, " "1, " "1, " "1, " "1, " "1, " "1, " "1, " "1, " "1, " "1, " "1, " "1, " "1, " "1, " "1, " "1, " "1, " "1, " "1, " "1, " "1, " "1, " "1, " "1, " "1, " "1, " "1, " "1, " "1, " "1, " "1, " "1, " "1, " "1, " "1, " "1, " "1, " "1, " "1, " "1, " "1, " "1, " "1, " "1, " "1, " "1, " "1, " "1, " "1, " "1, " "1, " "1, " "1, " "1, " "1, " "1, " "1, " "1, " "1, " "1, " "1, " "1, " "1, " "1, " "1, " "1, " "1, " "1, " "1, " "1, " "1, " "1, " "1, " "1, " "1, " "1, " "1, " "1, " "1, " "1, " "1, " "1, " "1, " "1, " "1, " "1, " "1, " "1, " "1, " "1, " "1, " "1, " "1, " "1, " "1, " "1, " "1, " "1, " "1, " "1, " "1, " "1, " "1, " "1, " "1, " "1, " "1, " "1, " "1, " "1, " "1, " "1, " "1, " "1, " "1, " "1, " "1, " "1, " "1, " "1, " "1, " "1, " "1, " "1, " "1, " "1, " "1, " "1, " "1, " "1, " "1, " "1, " "1, " "1, " "1, " "1, " "1, " "1, " "1, " "1, " "1, " "1, " "1, " "1, " "1, " "1, " "1, " "1, " "1, " "1, " "1, " "1, " "1, " "1, " "1, " "1, " "1, " "1, " "1, " "1, " "1, " "1, " "1, " "1, " "1, " "1, " "1, " "1, " "1, " "1, " "1, " "1, " "1, " "1, " "1, " "1, " "1, " "1, " "1, " "1, " "1, " "1, " "1, " "1, " "1, " "1, " "1, " "1, " "1, " "1, " "1, " "1, " "1, " "1, " "1, " "1, " "1, " "1, " "1, " "1, " "1, " "1, " "1, " "1, " "1, " "1, " "1, " "1, " "1, " "1, " "1, " "1, " "1, " "1, " "1, " "1, " "1, " "1, " "1, " "1, " "1, " "1, " "1, " "1, " "1, " "1, " "1, " "1, " "1, " "1, " "1, " "1, " "1, " "1, " "1, " "1, " "1, " "1, " "1, " "1, " "1, " "1, " "1, " "1, "5000
 "Nei13, 0.319, " "0.886, " "1, " "1, " "1, " "1, " "1, " "1, " "1, " "1, " "1, " "1, " "1, " "1, " "1, " "0, " "1, " "1, " "1, " "1, " "1, " "1, " "1, " "1, " "1, " "1, " "1, " "1, " "1, " "1, " "1, " "1, " "1, " "1, " "1, " "1, " "1, " "1, " "1, " "1, " "1, " "1, " "1, " "1, " "1, " "1, " "1, " "1, " "1, " "1, " "1, " "1, " "1, " "1, " "1, " "1, " "1, " "1, " "1, " "1, " "1, " "1, " "1, " "1, " "1, " "1, " "1, " "1, " "1, " "1, " "1, " "1, " "1, " "1, " "1, " "1, " "1, " "1, " "1, " "1, " "1, " "1, " "1, " "1, " "1, " "1, " "1, " "1, " "1, " "1, " "1, " "1, " "1, " "1, " "1, " "1, " "1, " "1, " "1, " "1, " "1, " "1, " "1, " "1, " "1, " "1, " "1, " "1, " "1, " "1, " "1, " "1, " "1, " "1, " "1, " "1, " "1, " "1, " "1, " "1, " "1, " "1, " "1, " "1, " "1, " "1, " "1, " "1, " "1, " "1, " "1, " "1, " "1, " "1, " "1, " "1, " "1, " "1, " "1, " "1, " "1, " "1, " "1, " "1, " "1, " "1, " "1, " "1, " "1, " "1, " "1, " "1, " "1, " "1, " "1, " "1, " "1, " "1, " "1, " "1, " "1, " "1, " "1, " "1, " "1, " "1, " "1, " "1, " "1, " "1, " "1, " "1, " "1, " "1, " "1, " "1, " "1, " "1, " "1, " "1, " "1, " "1, " "1, " "1, " "1, " "1, " "1, " "1, " "1, " "1, " "1, " "1, " "1, " "1, " "1, " "1, " "1, " "1, " "1, " "1, " "1, " "1, " "1, " "1, " "1, " "1, " "1, " "1, " "1, " "1, " "1, " "1, " "1, " "1, " "1, " "1, " "1, " "1, " "1, " "1, " "1, " "1, " "1, " "1, " "1, " "1, " "1, " "1, " "1, " "1, " "1, " "1, " "1, " "1, " "1, " "1, " "1, " "1, " "1, " "1, " "1, " "1, " "1, " "1, " "1, " "1, " "1, " "1, " "1, " "1, " "1, " "1, " "1, " "1, " "1, " "1, " "1, " "1, " "1, "5000
 "Nei14, 0.04, " "0.89, " "1, " "1, " "1, " "1, " "1, " "1, " "1, " "1, " "1, " "1, " "1, " "1, " "1, " "1, " "0, " "1, " "1, " "1, " "1, " "1, " "1, " "1, " "1, " "1, " "1, " "1, " "1, " "1, " "1, " "1, " "1, " "1, " "1, " "1, " "1, " "1, " "1, " "1, " "1, " "1, " "1, " "1, " "1, " "1, " "1, " "1, " "1, " "1, " "1, " "1, " "1, " "1, " "1, " "1, " "1, " "1, " "1, " "1, " "1, " "1, " "1, " "1, " "1, " "1, " "1, " "1, " "1, " "1, " "1, " "1, " "1, " "1, " "1, " "1, " "1, " "1, " "1, " "1, " "1, " "1, " "1, " "1, " "1, " "1, " "1, " "1, " "1, " "1, " "1, " "1, " "1, " "1, " "1, " "1, " "1, " "1, " "1, " "1, " "1, " "1, " "1, " "1, " "1, " "1, " "1, " "1, " "1, " "1, " "1, " "1, " "1, " "1, " "1, " "1, " "1, " "1, " "1, " "1, " "1, " "1, " "1, " "1, " "1, " "1, " "1, " "1, " "1, " "1, " "1, " "1, " "1, " "1, " "1, " "1, " "1, " "1, " "1, " "1, " "1, " "1, " "1, " "1, " "1, " "1, " "1, " "1, " "1, " "1, " "1, " "1, " "1, " "1, " "1, " "1, " "1, " "1, " "1, " "1, " "1, " "1, " "1, " "1, " "1, " "1, " "1, " "1, " "1, " "1, " "1, " "1, " "1, " "1, " "1, " "1, " "1, " "1, " "1, " "1, " "1, " "1, " "1, " "1, " "1, " "1, " "1, " "1, " "1, " "1, " "1, " "1, " "1, " "1, " "1, " "1, " "1, " "1, " "1, " "1, " "1, " "1, " "1, " "1, " "1, " "1, " "1, " "1, " "1, " "1, " "1, " "1, " "1, " "1, " "1, " "1, " "1, " "1, " "1, " "1, " "1, " "1, " "1, " "1, " "1, " "1, " "1, " "1, " "1, " "1, " "1, " "1, " "1, " "1, " "1, " "1, " "1, " "1, " "1, " "1, " "1, " "1, " "1, " "1, " "1, " "1, " "1, " "1, " "1, " "1, " "1, " "1, " "1, " "1, " "1, " "1, " "1, " "1, " "1, "5000
 "Nei15, 0.096, " "0.89, " "1, " "1, " "1, " "1, " "1, " "1, " "1, " "1, " "1, " "1, " "1, " "1, " "1, " "1, " "1, " "0, " "1, " "1, " "1, " "1, " "1, " "1, " "1, " "1, " "1, " "1, " "1, " "1, " "1, " "1, " "1, " "1, " "1, " "1, " "1, " "1, " "1, " "1, " "1, " "1, " "1, " "1, " "1, " "1, " "1, " "1, " "1, " "1, " "1, " "1, " "1, " "1, " "1, " "1, " "1, " "1, " "1, " "1, " "1, " "1, " "1, " "1, " "1, " "1, " "1, " "1, " "1, " "1, " "1, " "1, " "1, " "1, " "1, " "1, " "1, " "1, " "1, " "1, " "1, " "1, " "1, " "1, " "1, " "1, " "1, " "1, " "1, " "1, " "1, " "1, " "1, " "1, " "1, " "1, " "1, " "1, " "1, " "1, " "1, " "1, " "1, " "1, " "1, " "1, " "1, " "1, " "1, " "1, " "1, " "1, " "1, " "1, " "1, " "1, " "1, " "1, " "1, " "1, " "1, " "1, " "1, " "1, " "1, " "1, " "1, " "1, " "1, " "1, " "1, " "1, " "1, " "1, " "1, " "1, " "1, " "1, " "1, " "1, " "1, " "1, " "1, " "1, " "1, " "1, " "1, " "1, " "1, " "1, " "1, " "1, " "1, " "1, " "1, " "1, " "1, " "1, " "1, " "1, " "1, " "1, " "1, " "1, " "1, " "1, " "1, " "1, " "1, " "1, " "1, " "1, " "1, " "1, " "1, " "1, " "1, " "1, " "1, " "1, " "1, " "1, " "1, " "1, " "1, " "1, " "1, " "1, " "1, " "1, " "1, " "1, " "1, " "1, " "1, " "1, " "1, " "1, " "1, " "1, " "1, " "1, " "1, " "1, " "1, " "1, " "1, " "1, " "1, " "1, " "1, " "1, " "1, " "1, " "1, " "1, " "1, " "1, " "1, " "1, " "1, " "1, " "1, " "1, " "1, " "1, " "1, " "1, " "1, " "1, " "1, " "1, " "1, " "1, " "1, " "1, " "1, " "1, " "1, " "1, " "1, " "1, " "1, " "1, " "1, " "1, " "1, " "1, " "1, " "1, " "1, " "1, " "1, " "1, " "1, " "1, " "1, " "1, " "1, "5000
 "Nei16, 0.372, " "0.886, " "1, " "1, " "1, " "1, " "1, " "1, " "1, " "1, " "1, " "1, " "1, " "1, " "1, " "1, " "1, " "1, " "0, " "1, " "1, " "1, " "1, " "1, " "1, " "1, " "1, " "1, " "1, " "1, " "1, " "1, " "1, " "1, " "1, " "1, " "1, " "1, " "1, " "1, " "1, " "1, " "1, " "1, " "1, " "1, " "1, " "1, " "1, " "1, " "1, " "1, " "1, " "1, " "1, " "1, " "1, " "1, " "1, " "1, " "1, " "1, " "1, " "1, " "1, " "1, " "1, " "1, " "1, " "1, " "1, " "1, " "1, " "1, " "1, " "1, " "1, " "1, " "1, " "1, " "1, " "1, " "1, " "1, " "1, " "1, " "1, " "1, " "1, " "1, " "1, " "1, " "1, " "1, " "1, " "1, " "1, " "1, " "1, " "1, " "1, " "1, " "1, " "1, " "1, " "1, " "1, " "1, " "1, " "1, " "1, " "1, " "1, " "1, " "1, " "1, " "1, " "1, " "1, " "1, " "1, " "1, " "1, " "1, " "1, " "1, " "1, " "1, " "1, " "1, " "1, " "1, " "1, " "1, " "1, " "1, " "1, " "1, " "1, " "1, " "1, " "1, " "1, " "1, " "1, " "1, " "1, " "1, " "1, " "1, " "1, " "1, " "1, " "1, " "1, " "1, " "1, " "1, " "1, " "1, " "1, " "1, " "1, " "1, " "1, " "1, " "1, " "1, " "1, " "1, " "1, " "1, " "1, " "1, " "1, " "1, " "1, " "1, " "1, " "1, " "1, " "1, " "1, " "1, " "1, " "1, " "1, " "1, " "1, " "1, " "1, " "1, " "1, " "1, " "1, " "1, " "1, " "1, " "1, " "1, " "1, " "1, " "1, " "1, " "1, " "1, " "1, " "1, " "1, " "1, " "1, " "1, " "1, " "1, " "1, " "1, " "1, " "1, " "1, " "1, " "1, " "1, " "1, " "1, " "1, " "1, " "1, " "1, " "1, " "1, " "1, " "1, " "1, " "1, " "1, " "1, " "1, " "1, " "1, " "1, " "1, " "1, " "1, " "1, " "1, " "1, " "1, " "1, " "1, " "1, " "1, " "1, " "1, " "1, " "1, " "1, " "1, " "1, " "1, "5000
 "Nei17, 0.206, " "0.891, " "1, " "1, " "1, " "1, " "1, " "1, " "1, " "1, " "1, " "1, " "1, " "1, " "1, " "1, " "1, " "1, " "1, " "0, " "1, " "1, " "1, " "1, " "1, " "1, " "1, " "1, " "1, " "1, " "1, " "1, " "1, " "1, " "1, " "1, " "1, " "1, " "1, " "1, " "1, " "1, " "1, " "1, " "1, " "1, " "1, " "1, " "1, " "1, " "1, " "1, " "1, " "1, " "1, " "1, " "1, " "1, " "1, " "1, " "1, " "1, " "1, " "1, " "1, " "1, " "1, " "1, " "1, " "1, " "1, " "1, " "1, " "1, " "1, " "1, " "1, " "1, " "1, " "1, " "1, " "1, " "1, " "1, " "1, " "1, " "1, " "1, " "1, " "1, " "1, " "1, " "1, " "1, " "1, " "1, " "1, " "1, " "1, " "1, " "1, " "1, " "1, " "1, " "1, " "1, " "1, " "1, " "1, " "1, " "1, " "1, " "1, " "1, " "1, " "1, " "1, " "1, " "1, " "1, " "1, " "1, " "1, " "1, " "1, " "1, " "1, " "1, " "1, " "1, " "1, " "1, " "1, " "1, " "1, " "1, " "1, " "1, " "1, " "1, " "1, " "1, " "1, " "1, " "1, " "1, " "1, " "1, " "1, " "1, " "1, " "1, " "1, " "1, " "1, " "1, " "1, " "1, " "1, " "1, " "1, " "1, " "1, " "1, " "1, " "1, " "1, " "1, " "1, " "1, " "1, " "1, " "1, " "1, " "1, " "1, " "1, " "1, " "1, " "1, " "1, " "1, " "1, " "1, " "1, " "1, " "1, " "1, " "1, " "1, " "1, " "1, " "1, " "1, " "1, " "1, " "1, " "1, " "1, " "1, " "1, " "1, " "1, " "1, " "1, " "1, " "1, " "1, " "1, " "1, " "1, " "1, " "1, " "1, " "1, " "1, " "1, " "1, " "1, " "1, " "1, " "1, " "1, " "1, " "1, " "1, " "1, " "1, " "1, " "1, " "1, " "1, " "1, " "1, " "1, " "1, " "1, " "1, " "1, " "1, " "1, " "1, " "1, " "1, " "1, " "1, " "1, " "1, " "1, " "1, " "1, " "1, " "1, " "1, " "1, " "1, " "1, " "1, " "1, "5000
 "Nei18, 0.126, " "0.89, " "1, " "1, " "1, " "1, " "1, " "1, " "1, " "1, " "1, " "1, " "1, " "1, " "1, " "1, " "1, " "1, " "1, " "1, " "0, " "1, " "1, " "1, " "1, " "1, " "1, " "1, " "1, " "1, " "1, " "1, " "1, " "1, " "1, " "1, " "1, " "1, " "1, " "1, " "1, " "1, " "1, " "1, " "1, " "1, " "1, " "1, " "1, " "1, " "1, " "1, " "1, " "1, " "1, " "1, " "1, " "1, " "1, " "1, " "1, " "1, " "1, " "1, " "1, " "1, " "1, " "1, " "1, " "1, " "1, " "1, " "1, " "1, " "1, " "1, " "1, " "1, " "1, " "1, " "1, " "1, " "1, " "1, " "1, " "1, " "1, " "1, " "1, " "1, " "1, " "1, " "1, " "1, " "1, " "1, " "1, " "1, " "1, " "1, " "1, " "1, " "1, " "1, " "1, " "1, " "1, " "1, " "1, " "1, " "1, " "1, " "1, " "1, " "1, " "1, " "1, " "1, " "1, " "1, " "1, " "1, " "1, " "1, " "1, " "1, " "1, " "1, " "1, " "1, " "1, " "1, " "1, " "1, " "1, " "1, " "1, " "1, " "1, " "1, " "1, " "1, " "1, " "1, " "1, " "1, " "1, " "1, " "1, " "1, " "1, " "1, " "1, " "1, " "1, " "1, " "1, " "1, " "1, " "1, " "1, " "1, " "1, " "1, " "1, " "1, " "1, " "1, " "1, " "1, " "1, " "1, " "1, " "1, " "1, " "1, " "1, " "1, " "1, " "1, " "1, " "1, " "1, " "1, " "1, " "1, " "1, " "1, " "1, " "1, " "1, " "1, " "1, " "1, " "1, " "1, " "1, " "1, " "1, " "1, " "1, " "1, " "1, " "1, " "1, " "1, " "1, " "1, " "1, " "1, " "1, " "1, " "1, " "1, " "1, " "1, " "1, " "1, " "1, " "1, " "1, " "1, " "1, " "1, " "1, " "1, " "1, " "1, " "1, " "1, " "1, " "1, " "1, " "1, " "1, " "1, " "1, " "1, " "1, " "1, " "1, " "1, " "1, " "1, " "1, " "1, " "1, " "1, " "1, " "1, " "1, " "1, " "1, " "1, " "1, " "1, " "1, " "1, " "1, "5000
 "Nei19, 0.177, " "0.89, " "1, " "1, " "1, " "1, " "1, " "1, " "1, " "1, " "1, " "1, " "1, " "1, " "1, " "1, " "1, " "1, " "1, " "1, " "1, " "0, " "1, " "1, " "1, " "1, " "1, " "1, " "1, " "1, " "1, " "1, " "1, " "1, " "1, " "1, " "1, " "1, " "1, " "1, " "1, " "1, " "1, " "1, " "1, " "1, " "1, " "1, " "1, " "1, " "1, " "1, " "1, " "1, " "1, " "1, " "1, " "1, " "1, " "1, " "1, " "1, " "1, " "1, " "1, " "1, " "1, " "1, " "1, " "1, " "1, " "1, " "1, " "1, " "1, " "1, " "1, " "1, " "1, " "1, " "1, " "1, " "1, " "1, " "1, " "1, " "1, " "1, " "1, " "1, " "1, " "1, " "1, " "1, " "1, " "1, " "1, " "1, " "1, " "1, " "1, " "1, " "1, " "1, " "1, " "1, " "1, " "1, " "1, " "1, " "1, " "1, " "1, " "1, " "1, " "1, " "1, " "1, " "1, " "1, " "1, " "1, " "1, " "1, " "1, " "1, " "1, " "1, " "1, " "1, " "1, " "1, " "1, " "1, " "1, " "1, " "1, " "1, " "1, " "1, " "1, " "1, " "1, " "1, " "1, " "1, " "1, " "1, " "1, " "1, " "1, " "1, " "1, " "1, " "1, " "1, " "1, " "1, " "1, " "1, " "1, " "1, " "1, " "1, " "1, " "1, " "1, " "1, " "1, " "1, " "1, " "1, " "1, " "1, " "1, " "1, " "1, " "1, " "1, " "1, " "1, " "1, " "1, " "1, " "1, " "1, " "1, " "1, " "1, " "1, " "1, " "1, " "1, " "1, " "1, " "1, " "1, " "1, " "1, " "1, " "1, " "1, " "1, " "1, " "1, " "1, " "1, " "1, " "1, " "1, " "1, " "1, " "1, " "1, " "1, " "1, " "1, " "1, " "1, " "1, " "1, " "1, " "1, " "1, " "1, " "1, " "1, " "1, " "1, " "1, " "1, " "1, " "1, " "1, " "1, " "1, " "1, " "1, " "1, " "1, " "1, " "1, " "1, " "1, " "1, " "1, " "1, " "1, " "1, " "1, " "1, " "1, " "1, " "1, " "1, " "1, " "1, " "1, " "1, "5000
 "Nei20, 0.004, " "0.319, " "1, " "1, " "1, " "1, " "1, " "1, " "1, " "1, " "1, " "1, " "1, " "1, " "1, " "1, " "1, " "1, " "1, " "1, " "1, " "1, " "0, " "1, " "1, " "1, " "1, " "1, " "1, " "1, " "1, " "1, " "1, " "1, " "1, " "1, " "1, " "1, " "1, " "1, " "1, " "1, " "1, " "1, " "1, " "1, " "1, " "1, " "1, " "1, " "1, " "1, " "1, " "1, " "1, " "1, " "1, " "1, " "1, " "1, " "1, " "1, " "1, " "1, " "1, " "1, " "1, " "1, " "1, " "1, " "1, " "1, " "1, " "1, " "1, " "1, " "1, " "1, " "1, " "1, " "1, " "1, " "1, " "1, " "1, " "1, " "1, " "1, " "1, " "1, " "1, " "1, " "1, " "1, " "1, " "1, " "1, " "1, " "1, " "1, " "1, " "1, " "1, " "1, " "1, " "1, " "1, " "1, " "1, " "1, " "1, " "1, " "1, " "1, " "1, " "1, " "1, " "1, " "1, " "1, " "1, " "1, " "1, " "1, " "1, " "1, " "1, " "1, " "1, " "1, " "1, " "1, " "1, " "1, " "1, " "1, " "1, " "1, " "1, " "1, " "1, " "1, " "1, " "1, " "1, " "1, " "1, " "1, " "1, " "1, " "1, " "1, " "1, " "1, " "1, " "1, " "1, " "1, " "1, " "1, " "1, " "1, " "1, " "1, " "1, " "1, " "1, " "1, " "1, " "1, " "1, " "1, " "1, " "1, " "1, " "1, " "1, " "1, " "1, " "1, " "1, " "1, " "1, " "1, " "1, " "1, " "1, " "1, " "1, " "1, " "1, " "1, " "1, " "1, " "1, " "1, " "1, " "1, " "1, " "1, " "1, " "1, " "1, " "1, " "1, " "1, " "1, " "1, " "1, " "1, " "1, " "1, " "1, " "1, " "1, " "1, " "1, " "1, " "1, " "1, " "1, " "1, " "1, " "1, " "1, " "1, " "1, " "1, " "1, " "1, " "1, " "1, " "1, " "1, " "1, " "1, " "1, " "1, " "1, " "1, " "1, " "1, " "1, " "1, " "1, " "1, " "1, " "1, " "1, " "1, " "1, " "1, " "1, " "1, " "1, " "1, " "1, " "1, " "1, "5000
 "Nei21, 0.086, " "0.89, " "1, " "1, " "1, " "1, " "1, " "1, " "1, " "1, " "1, " "1, " "1, " "1, " "1, " "1, " "1, " "1, " "1, " "1, " "1, " "1, " "1, " "0, " "1, " "1, " "1, " "1, " "1, " "1, " "1, " "1, " "1, " "1, " "1, " "1, " "1, " "1, " "1, " "1, " "1, " "1, " "1, " "1, " "1, " "1, " "1, " "1, " "1, " "1, " "1, " "1, " "1, " "1, " "1, " "1, " "1, " "1, " "1, " "1, " "1, " "1, " "1, " "1, " "1, " "1, " "1, " "1, " "1, " "1, " "1, " "1, " "1, " "1, " "1, " "1, " "1, " "1, " "1, " "1, " "1, " "1, " "1, " "1, " "1, " "1, " "1, " "1, " "1, " "1, " "1, " "1, " "1, " "1, " "1, " "1, " "1, " "1, " "1, " "1, " "1, " "1, " "1, " "1, " "1, " "1, " "1, " "1, " "1, " "1, " "1, " "1, " "1, " "1, " "1, " "1, " "1, " "1, " "1, " "1, " "1, " "1, " "1, " "1, " "1, " "1, " "1, " "1, " "1, " "1, " "1, " "1, " "1, " "1, " "1, " "1, " "1, " "1, " "1, " "1, " "1, " "1, " "1, " "1, " "1, " "1, " "1, " "1, " "1, " "1, " "1, " "1, " "1, " "1, " "1, " "1, " "1, " "1, " "1, " "1, " "1, " "1, " "1, " "1, " "1, " "1, " "1, " "1, " "1, " "1, " "1, " "1, " "1, " "1, " "1, " "1, " "1, " "1, " "1, " "1, " "1, " "1, " "1, " "1, " "1, " "1, " "1, " "1, " "1, " "1, " "1, " "1, " "1, " "1, " "1, " "1, " "1, " "1, " "1, " "1, " "1, " "1, " "1, " "1, " "1, " "1, " "1, " "1, " "1, " "1, " "1, " "1, " "1, " "1, " "1, " "1, " "1, " "1, " "1, " "1, " "1, " "1, " "1, " "1, " "1, " "1, " "1, " "1, " "1, " "1, " "1, " "1, " "1, " "1, " "1, " "1, " "1, " "1, " "1, " "1, " "1, " "1, " "1, " "1, " "1, " "1, " "1, " "1, " "1, " "1, " "1, " "1, " "1, " "1, " "1, " "1, " "1, " "1, " "1, "5000
 "Nei22, 0.218, " "0.89, " "1, " "1, " "1, " "1, " "1, " "1, " "1, " "1, " "1, " "1, " "1, " "1, " "1, " "1, " "1, " "1, " "1, " "1, " "1, " "1, " "1, " "1, " "0, " "1, " "1, " "1, " "1, " "1, " "1, " "1, " "1, " "1, " "1, " "1, " "1, " "1, " "1, " "1, " "1, " "1, " "1, " "1, " "1, " "1, " "1, " "1, " "1, " "1, " "1, " "1, " "1, " "1, " "1, " "1, " "1, " "1, " "1, " "1, " "1, " "1, " "1, " "1, " "1, " "1, " "1, " "1, " "1, " "1, " "1, " "1, " "1, " "1, " "1, " "1, " "1, " "1, " "1, " "1, " "1, " "1, " "1, " "1, " "1, " "1, " "1, " "1, " "1, " "1, " "1, " "1, " "1, " "1, " "1, " "1, " "1, " "1, " "1, " "1, " "1, " "1, " "1, " "1, " "1, " "1, " "1, " "1, " "1, " "1, " "1, " "1, " "1, " "1, " "1, " "1, " "1, " "1, " "1, " "1, " "1, " "1, " "1, " "1, " "1, " "1, " "1, " "1, " "1, " "1, " "1, " "1, " "1, " "1, " "1, " "1, " "1, " "1, " "1, " "1, " "1, " "1, " "1, " "1, " "1, " "1, " "1, " "1, " "1, " "1, " "1, " "1, " "1, " "1, " "1, " "1, " "1, " "1, " "1, " "1, " "1, " "1, " "1, " "1, " "1, " "1, " "1, " "1, " "1, " "1, " "1, " "1, " "1, " "1, " "1, " "1, " "1, " "1, " "1, " "1, " "1, " "1, " "1, " "1, " "1, " "1, " "1, " "1, " "1, " "1, " "1, " "1, " "1, " "1, " "1, " "1, " "1, " "1, " "1, " "1, " "1, " "1, " "1, " "1, " "1, " "1, " "1, " "1, " "1, " "1, " "1, " "1, " "1, " "1, " "1, " "1, " "1, " "1, " "1, " "1, " "1, " "1, " "1, " "1, " "1, " "1, " "1, " "1, " "1, " "1, " "1, " "1, " "1, " "1, " "1, " "1, " "1, " "1, " "1, " "1, " "1, " "1, " "1, " "1, " "1, " "1, " "1, " "1, " "1, " "1, " "1, " "1, " "1, " "1, " "1, " "1, " "1, " "1, " "1, "5000
 "Nei23, 0.285, " "0.891, " "1, " "1, " "1, " "1, " "1, " "1, " "1, " "1, " "1, " "1, " "1, " "1, " "1, " "1, " "1, " "1, " "1, " "1, " "1, " "1, " "1, " "1, " "1, " "0, " "1, " "1, " "1, " "1, " "1, " "1, " "1, " "1, " "1, " "1, " "1, " "1, " "1, " "1, " "1, " "1, " "1, " "1, " "1, " "1, " "1, " "1, " "1, " "1, " "1, " "1, " "1, " "1, " "1, " "1, " "1, " "1, " "1, " "1, " "1, " "1, " "1, " "1, " "1, " "1, " "1, " "1, " "1, " "1, " "1, " "1, " "1, " "1, " "1, " "1, " "1, " "1, " "1, " "1, " "1, " "1, " "1, " "1, " "1, " "1, " "1, " "1, " "1, " "1, " "1, " "1, " "1, " "1, " "1, " "1, " "1, " "1, " "1, " "1, " "1, " "1, " "1, " "1, " "1, " "1, " "1, " "1, " "1, " "1, " "1, " "1, " "1, " "1, " "1, " "1, " "1, " "1, " "1, " "1, " "1, " "1, " "1, " "1, " "1, " "1, " "1, " "1, " "1, " "1, " "1, " "1, " "1, " "1, " "1, " "1, " "1, " "1, " "1, " "1, " "1, " "1, " "1, " "1, " "1, " "1, " "1, " "1, " "1, " "1, " "1, " "1, " "1, " "1, " "1, " "1, " "1, " "1, " "1, " "1, " "1, " "1, " "1, " "1, " "1, " "1, " "1, " "1, " "1, " "1, " "1, " "1, " "1, " "1, " "1, " "1, " "1, " "1, " "1, " "1, " "1, " "1, " "1, " "1, " "1, " "1, " "1, " "1, " "1, " "1, " "1, " "1, " "1, " "1, " "1, " "1, " "1, " "1, " "1, " "1, " "1, " "1, " "1, " "1, " "1, " "1, " "1, " "1, " "1, " "1, " "1, " "1, " "1, " "1, " "1, " "1, " "1, " "1, " "1, " "1, " "1, " "1, " "1, " "1, " "1, " "1, " "1, " "1, " "1, " "1, " "1, " "1, " "1, " "1, " "1, " "1, " "1, " "1, " "1, " "1, " "1, " "1, " "1, " "1, " "1, " "1, " "1, " "1, " "1, " "1, " "1, " "1, " "1, " "1, " "1, " "1, " "1, " "1, " "1, "5000
 "Nei24, 0.338, " "0.886, " "1, " "1, " "1, " "1, " "1, " "1, " "1, " "1, " "1, " "1, " "1, " "1, " "1, " "1, " "1, " "1, " "1, " "1, " "1, " "1, " "1, " "1, " "1, " "1, " "0, " "1, " "1, " "1, " "1, " "1, " "1, " "1, " "1, " "1, " "1, " "1, " "1, " "1, " "1, " "1, " "1, " "1, " "1, " "1, " "1, " "1, " "1, " "1, " "1, " "1, " "1, " "1, " "1, " "1, " "1, " "1, " "1, " "1, " "1, " "1, " "1, " "1, " "1, " "1, " "1, " "1, " "1, " "1, " "1, " "1, " "1, " "1, " "1, " "1, " "1, " "1, " "1, " "1, " "1, " "1, " "1, " "1, " "1, " "1, " "1, " "1, " "1, " "1, " "1, " "1, " "1, " "1, " "1, " "1, " "1, " "1, " "1, " "1, " "1, " "1, " "1, " "1, " "1, " "1, " "1, " "1, " "1, " "1, " "1, " "1, " "1, " "1, " "1, " "1, " "1, " "1, " "1, " "1, " "1, " "1, " "1, " "1, " "1, " "1, " "1, " "1, " "1, " "1, " "1, " "1, " "1, " "1, " "1, " "1, " "1, " "1, " "1, " "1, " "1, " "1, " "1, " "1, " "1, " "1, " "1, " "1, " "1, " "1, " "1, " "1, " "1, " "1, " "1, " "1, " "1, " "1, " "1, " "1, " "1, " "1, " "1, " "1, " "1, " "1, " "1, " "1, " "1, " "1, " "1, " "1, " "1, " "1, " "1, " "1, " "1, " "1, " "1, " "1, " "1, " "1, " "1, " "1, " "1, " "1, " "1, " "1, " "1, " "1, " "1, " "1, " "1, " "1, " "1, " "1, " "1, " "1, " "1, " "1, " "1, " "1, " "1, " "1, " "1, " "1, " "1, " "1, " "1, " "1, " "1, " "1, " "1, " "1, " "1, " "1, " "1, " "1, " "1, " "1, " "1, " "1, " "1, " "1, " "1, " "1, " "1, " "1, " "1, " "1, " "1, " "1, " "1, " "1, " "1, " "1, " "1, " "1, " "1, " "1, " "1, " "1, " "1, " "1, " "1, " "1, " "1, " "1, " "1, " "1, " "1, " "1, " "1, " "1, " "1, " "1, " "1, " "1, " "1, "5000
 "Nei25, 0.123, " "0.89, " "1, " "1, " "1, " "1, " "1, " "1, " "1, " "1, " "1, " "1, " "1, " "1, " "1, " "1, " "1, " "1, " "1, " "1, " "1, " "1, " "1, " "1, " "1, " "1, " "1, " "0, " "1, " "1, " "1, " "1, " "1, " "1, " "1, " "1, " "1, " "1, " "1, " "1, " "1, " "1, " "1, " "1, " "1, " "1, " "1, " "1, " "1, " "1, " "1, " "1, " "1, " "1, " "1, " "1, " "1, " "1, " "1, " "1, " "1, " "1, " "1, " "1, " "1, " "1, " "1, " "1, " "1, " "1, " "1, " "1, " "1, " "1, " "1, " "1, " "1, " "1, " "1, " "1, " "1, " "1, " "1, " "1, " "1, " "1, " "1, " "1, " "1, " "1, " "1, " "1, " "1, " "1, " "1, " "1, " "1, " "1, " "1, " "1, " "1, " "1, " "1, " "1, " "1, " "1, " "1, " "1, " "1, " "1, " "1, " "1, " "1, " "1, " "1, " "1, " "1, " "1, " "1, " "1, " "1, " "1, " "1, " "1, " "1, " "1, " "1, " "1, " "1, " "1, " "1, " "1, " "1, " "1, " "1, " "1, " "1, " "1, " "1, " "1, " "1, " "1, " "1, " "1, " "1, " "1, " "1, " "1, " "1, " "1, " "1, " "1, " "1, " "1, " "1, " "1, " "1, " "1, " "1, " "1, " "1, " "1, " "1, " "1, " "1, " "1, " "1, " "1, " "1, " "1, " "1, " "1, " "1, " "1, " "1, " "1, " "1, " "1, " "1, " "1, " "1, " "1, " "1, " "1, " "1, " "1, " "1, " "1, " "1, " "1, " "1, " "1, " "1, " "1, " "1, " "1, " "1, " "1, " "1, " "1, " "1, " "1, " "1, " "1, " "1, " "1, " "1, " "1, " "1, " "1, " "1, " "1, " "1, " "1, " "1, " "1, " "1, " "1, " "1, " "1, " "1, " "1, " "1, " "1, " "1, " "1, " "1, " "1, " "1, " "1, " "1, " "1, " "1, " "1, " "1, " "1, " "1, " "1, " "1, " "1, " "1, " "1, " "1, " "1, " "1, " "1, " "1, " "1, " "1, " "1, " "1, " "1, " "1, " "1, " "1, " "1, " "1, " "1, " "1, "5000
 "Nei26, 0.282, " "0.891, " "1, " "1, " "1, " "1, " "1, " "1, " "1, " "1, " "1, " "1, " "1, " "1, " "1, " "1, " "1, " "1, " "1, " "1, " "1, " "1, " "1, " "1, " "1, " "1, " "1, " "1, " "0, " "1, " "1, " "1, " "1, " "1, " "1, " "1, " "1, " "1, " "1, " "1, " "1, " "1, " "1, " "1, " "1, " "1, " "1, " "1, " "1, " "1, " "1, " "1, " "1, " "1, " "1, " "1, " "1, " "1, " "1, " "1, " "1, " "1, " "1, " "1, " "1, " "1, " "1, " "1, " "1, " "1, " "1, " "1, " "1, " "1, " "1, " "1, " "1, " "1, " "1, " "1, " "1, " "1, " "1, " "1, " "1, " "1, " "1, " "1, " "1, " "1, " "1, " "1, " "1, " "1, " "1, " "1, " "1, " "1, " "1, " "1, " "1, " "1, " "1, " "1, " "1, " "1, " "1, " "1, " "1, " "1, " "1, " "1, " "1, " "1, " "1, " "1, " "1, " "1, " "1, " "1, " "1, " "1, " "1, " "1, " "1, " "1, " "1, " "1, " "1, " "1, " "1, " "1, " "1, " "1, " "1, " "1, " "1, " "1, " "1, " "1, " "1, " "1, " "1, " "1, " "1, " "1, " "1, " "1, " "1, " "1, " "1, " "1, " "1, " "1, " "1, " "1, " "1, " "1, " "1, " "1, " "1, " "1, " "1, " "1, " "1, " "1, " "1, " "1, " "1, " "1, " "1, " "1, " "1, " "1, " "1, " "1, " "1, " "1, " "1, " "1, " "1, " "1, " "1, " "1, " "1, " "1, " "1, " "1, " "1, " "1, " "1, " "1, " "1, " "1, " "1, " "1, " "1, " "1, " "1, " "1, " "1, " "1, " "1, " "1, " "1, " "1, " "1, " "1, " "1, " "1, " "1, " "1, " "1, " "1, " "1, " "1, " "1, " "1, " "1, " "1, " "1, " "1, " "1, " "1, " "1, " "1, " "1, " "1, " "1, " "1, " "1, " "1, " "1, " "1, " "1, " "1, " "1, " "1, " "1, " "1, " "1, " "1, " "1, " "1, " "1, " "1, " "1, " "1, " "1, " "1, " "1, " "1, " "1, " "1, " "1, " "1, " "1, " "1, " "1, "5000
 "Nei27, 0.133, " "0.89, " "1, " "1, " "1, " "1, " "1, " "1, " "1, " "1, " "1, " "1, " "1, " "1, " "1, " "1, " "1, " "1, " "1, " "1, " "1, " "1, " "1, " "1, " "1, " "1, " "1, " "1, " "1, " "0, " "1, " "1, " "1, " "1, " "1, " "1, " "1, " "1, " "1, " "1, " "1, " "1, " "1, " "1, " "1, " "1, " "1, " "1, " "1, " "1, " "1, " "1, " "1, " "1, " "1, " "1, " "1, " "1, " "1, " "1, " "1, " "1, " "1, " "1, " "1, " "1, " "1, " "1, " "1, " "1, " "1, " "1, " "1, " "1, " "1, " "1, " "1, " "1, " "1, " "1, " "1, " "1, " "1, " "1, " "1, " "1, " "1, " "1, " "1, " "1, " "1, " "1, " "1, " "1, " "1, " "1, " "1, " "1, " "1, " "1, " "1, " "1, " "1, " "1, " "1, " "1, " "1, " "1, " "1, " "1, " "1, " "1, " "1, " "1, " "1, " "1, " "1, " "1, " "1, " "1, " "1, " "1, " "1, " "1, " "1, " "1, " "1, " "1, " "1, " "1, " "1, " "1, " "1, " "1, " "1, " "1, " "1, " "1, " "1, " "1, " "1, " "1, " "1, " "1, " "1, " "1, " "1, " "1, " "1, " "1, " "1, " "1, " "1, " "1, " "1, " "1, " "1, " "1, " "1, " "1, " "1, " "1, " "1, " "1, " "1, " "1, " "1, " "1, " "1, " "1, " "1, " "1, " "1, " "1, " "1, " "1, " "1, " "1, " "1, " "1, " "1, " "1, " "1, " "1, " "1, " "1, " "1, " "1, " "1, " "1, " "1, " "1, " "1, " "1, " "1, " "1, " "1, " "1, " "1, " "1, " "1, " "1, " "1, " "1, " "1, " "1, " "1, " "1, " "1, " "1, " "1, " "1, " "1, " "1, " "1, " "1, " "1, " "1, " "1, " "1, " "1, " "1, " "1, " "1, " "1, " "1, " "1, " "1, " "1, " "1, " "1, " "1, " "1, " "1, " "1, " "1, " "1, " "1, " "1, " "1, " "1, " "1, " "1, " "1, " "1, " "1, " "1, " "1, " "1, " "1, " "1, " "1, " "1, " "1, " "1, " "1, " "1, " "1, " "1, "5000
 "Nei28, 0.29, " "0.886, " "1, " "1, " "1, " "1, " "1, " "1, " "1, " "1, " "1, " "1, " "1, " "1, " "1, " "1, " "1, " "1, " "1, " "1, " "1, " "1, " "1, " "1, " "1, " "1, " "1, " "1, " "1, " "1, " "0, " "1, " "1, " "1, " "1, " "1, " "1, " "1, " "1, " "1, " "1, " "1, " "1, " "1, " "1, " "1, " "1, " "1, " "1, " "1, " "1, " "1, " "1, " "1, " "1, " "1, " "1, " "1, " "1, " "1, " "1, " "1, " "1, " "1, " "1, " "1, " "1, " "1, " "1, " "1, " "1, " "1, " "1, " "1, " "1, " "1, " "1, " "1, " "1, " "1, " "1, " "1, " "1, " "1, " "1, " "1, " "1, " "1, " "1, " "1, " "1, " "1, " "1, " "1, " "1, " "1, " "1, " "1, " "1, " "1, " "1, " "1, " "1, " "1, " "1, " "1, " "1, " "1, " "1, " "1, " "1, " "1, " "1, " "1, " "1, " "1, " "1, " "1, " "1, " "1, " "1, " "1, " "1, " "1, " "1, " "1, " "1, " "1, " "1, " "1, " "1, " "1, " "1, " "1, " "1, " "1, " "1, " "1, " "1, " "1, " "1, " "1, " "1, " "1, " "1, " "1, " "1, " "1, " "1, " "1, " "1, " "1, " "1, " "1, " "1, " "1, " "1, " "1, " "1, " "1, " "1, " "1, " "1, " "1, " "1, " "1, " "1, " "1, " "1, " "1, " "1, " "1, " "1, " "1, " "1, " "1, " "1, " "1, " "1, " "1, " "1, " "1, " "1, " "1, " "1, " "1, " "1, " "1, " "1, " "1, " "1, " "1, " "1, " "1, " "1, " "1, " "1, " "1, " "1, " "1, " "1, " "1, " "1, " "1, " "1, " "1, " "1, " "1, " "1, " "1, " "1, " "1, " "1, " "1, " "1, " "1, " "1, " "1, " "1, " "1, " "1, " "1, " "1, " "1, " "1, " "1, " "1, " "1, " "1, " "1, " "1, " "1, " "1, " "1, " "1, " "1, " "1, " "1, " "1, " "1, " "1, " "1, " "1, " "1, " "1, " "1, " "1, " "1, " "1, " "1, " "1, " "1, " "1, " "1, " "1, " "1, " "1, " "1, " "1, "5000
 "Nei29, 0.268, " "0.89, " "1, " "1, " "1, " "1, " "1, " "1, " "1, " "1, " "1, " "1, " "1, " "1, " "1, " "1, " "1, " "1, " "1, " "1, " "1, " "1, " "1, " "1, " "1, " "1, " "1, " "1, " "1, " "1, " "1, " "0, " "1, " "1, " "1, " "1, " "1, " "1, " "1, " "1, " "1, " "1, " "1, " "1, " "1, " "1, " "1, " "1, " "1, " "1, " "1, " "1, " "1, " "1, " "1, " "1, " "1, " "1, " "1, " "1, " "1, " "1, " "1, " "1, " "1, " "1, " "1, " "1, " "1, " "1, " "1, " "1, " "1, " "1, " "1, " "1, " "1, " "1, " "1, " "1, " "1, " "1, " "1, " "1, " "1, " "1, " "1, " "1, " "1, " "1, " "1, " "1, " "1, " "1, " "1, " "1, " "1, " "1, " "1, " "1, " "1, " "1, " "1, " "1, " "1, " "1, " "1, " "1, " "1, " "1, " "1, " "1, " "1, " "1, " "1, " "1, " "1, " "1, " "1, " "1, " "1, " "1, " "1, " "1, " "1, " "1, " "1, " "1, " "1, " "1, " "1, " "1, " "1, " "1, " "1, " "1, " "1, " "1, " "1, " "1, " "1, " "1, " "1, " "1, " "1, " "1, " "1, " "1, " "1, " "1, " "1, " "1, " "1, " "1, " "1, " "1, " "1, " "1, " "1, " "1, " "1, " "1, " "1, " "1, " "1, " "1, " "1, " "1, " "1, " "1, " "1, " "1, " "1, " "1, " "1, " "1, " "1, " "1, " "1, " "1, " "1, " "1, " "1, " "1, " "1, " "1, " "1, " "1, " "1, " "1, " "1, " "1, " "1, " "1, " "1, " "1, " "1, " "1, " "1, " "1, " "1, " "1, " "1, " "1, " "1, " "1, " "1, " "1, " "1, " "1, " "1, " "1, " "1, " "1, " "1, " "1, " "1, " "1, " "1, " "1, " "1, " "1, " "1, " "1, " "1, " "1, " "1, " "1, " "1, " "1, " "1, " "1, " "1, " "1, " "1, " "1, " "1, " "1, " "1, " "1, " "1, " "1, " "1, " "1, " "1, " "1, " "1, " "1, " "1, " "1, " "1, " "1, " "1, " "1, " "1, " "1, " "1, " "1, " "1, "5000
 "Nei30, 0.191, " "0.89, " "1, " "1, " "1, " "1, " "1, " "1, " "1, " "1, " "1, " "1, " "1, " "1, " "1, " "1, " "1, " "1, " "1, " "1, " "1, " "1, " "1, " "1, " "1, " "1, " "1, " "1, " "1, " "1, " "1, " "1, " "0, " "1, " "1, " "1, " "1, " "1, " "1, " "1, " "1, " "1, " "1, " "1, " "1, " "1, " "1, " "1, " "1, " "1, " "1, " "1, " "1, " "1, " "1, " "1, " "1, " "1, " "1, " "1, " "1, " "1, " "1, " "1, " "1, " "1, " "1, " "1, " "1, " "1, " "1, " "1, " "1, " "1, " "1, " "1, " "1, " "1, " "1, " "1, " "1, " "1, " "1, " "1, " "1, " "1, " "1, " "1, " "1, " "1, " "1, " "1, " "1, " "1, " "1, " "1, " "1, " "1, " "1, " "1, " "1, " "1, " "1, " "1, " "1, " "1, " "1, " "1, " "1, " "1, " "1, " "1, " "1, " "1, " "1, " "1, " "1, " "1, " "1, " "1, " "1, " "1, " "1, " "1, " "1, " "1, " "1, " "1, " "1, " "1, " "1, " "1, " "1, " "1, " "1, " "1, " "1, " "1, " "1, " "1, " "1, " "1, " "1, " "1, " "1, " "1, " "1, " "1, " "1, " "1, " "1, " "1, " "1, " "1, " "1, " "1, " "1, " "1, " "1, " "1, " "1, " "1, " "1, " "1, " "1, " "1, " "1, " "1, " "1, " "1, " "1, " "1, " "1, " "1, " "1, " "1, " "1, " "1, " "1, " "1, " "1, " "1, " "1, " "1, " "1, " "1, " "1, " "1, " "1, " "1, " "1, " "1, " "1, " "1, " "1, " "1, " "1, " "1, " "1, " "1, " "1, " "1, " "1, " "1, " "1, " "1, " "1, " "1, " "1, " "1, " "1, " "1, " "1, " "1, " "1, " "1, " "1, " "1, " "1, " "1, " "1, " "1, " "1, " "1, " "1, " "1, " "1, " "1, " "1, " "1, " "1, " "1, " "1, " "1, " "1, " "1, " "1, " "1, " "1, " "1, " "1, " "1, " "1, " "1, " "1, " "1, " "1, " "1, " "1, " "1, " "1, " "1, " "1, " "1, " "1, " "1, " "1, " "1, " "1, "5000
 "Nei31, 0.321, " "0.887, " "1, " "1, " "1, " "1, " "1, " "1, " "1, " "1, " "1, " "1, " "1, " "1, " "1, " "1, " "1, " "1, " "1, " "1, " "1, " "1, " "1, " "1, " "1, " "1, " "1, " "1, " "1, " "1, " "1, " "1, " "1, " "0, " "1, " "1, " "1, " "1, " "1, " "1, " "1, " "1, " "1, " "1, " "1, " "1, " "1, " "1, " "1, " "1, " "1, " "1, " "1, " "1, " "1, " "1, " "1, " "1, " "1, " "1, " "1, " "1, " "1, " "1, " "1, " "1, " "1, " "1, " "1, " "1, " "1, " "1, " "1, " "1, " "1, " "1, " "1, " "1, " "1, " "1, " "1, " "1, " "1, " "1, " "1, " "1, " "1, " "1, " "1, " "1, " "1, " "1, " "1, " "1, " "1, " "1, " "1, " "1, " "1, " "1, " "1, " "1, " "1, " "1, " "1, " "1, " "1, " "1, " "1, " "1, " "1, " "1, " "1, " "1, " "1, " "1, " "1, " "1, " "1, " "1, " "1, " "1, " "1, " "1, " "1, " "1, " "1, " "1, " "1, " "1, " "1, " "1, " "1, " "1, " "1, " "1, " "1, " "1, " "1, " "1, " "1, " "1, " "1, " "1, " "1, " "1, " "1, " "1, " "1, " "1, " "1, " "1, " "1, " "1, " "1, " "1, " "1, " "1, " "1, " "1, " "1, " "1, " "1, " "1, " "1, " "1, " "1, " "1, " "1, " "1, " "1, " "1, " "1, " "1, " "1, " "1, " "1, " "1, " "1, " "1, " "1, " "1, " "1, " "1, " "1, " "1, " "1, " "1, " "1, " "1, " "1, " "1, " "1, " "1, " "1, " "1, " "1, " "1, " "1, " "1, " "1, " "1, " "1, " "1, " "1, " "1, " "1, " "1, " "1, " "1, " "1, " "1, " "1, " "1, " "1, " "1, " "1, " "1, " "1, " "1, " "1, " "1, " "1, " "1, " "1, " "1, " "1, " "1, " "1, " "1, " "1, " "1, " "1, " "1, " "1, " "1, " "1, " "1, " "1, " "1, " "1, " "1, " "1, " "1, " "1, " "1, " "1, " "1, " "1, " "1, " "1, " "1, " "1, " "1, " "1, " "1, " "1, " "1, " "1, "5000
 "Nei32, 0.262, " "0.891, " "1, " "1, " "1, " "1, " "1, " "1, " "1, " "1, " "1, " "1, " "1, " "1, " "1, " "1, " "1, " "1, " "1, " "1, " "1, " "1, " "1, " "1, " "1, " "1, " "1, " "1, " "1, " "1, " "1, " "1, " "1, " "1, " "0, " "1, " "1, " "1, " "1, " "1, " "1, " "1, " "1, " "1, " "1, " "1, " "1, " "1, " "1, " "1, " "1, " "1, " "1, " "1, " "1, " "1, " "1, " "1, " "1, " "1, " "1, " "1, " "1, " "1, " "1, " "1, " "1, " "1, " "1, " "1, " "1, " "1, " "1, " "1, " "1, " "1, " "1, " "1, " "1, " "1, " "1, " "1, " "1, " "1, " "1, " "1, " "1, " "1, " "1, " "1, " "1, " "1, " "1, " "1, " "1, " "1, " "1, " "1, " "1, " "1, " "1, " "1, " "1, " "1, " "1, " "1, " "1, " "1, " "1, " "1, " "1, " "1, " "1, " "1, " "1, " "1, " "1, " "1, " "1, " "1, " "1, " "1, " "1, " "1, " "1, " "1, " "1, " "1, " "1, " "1, " "1, " "1, " "1, " "1, " "1, " "1, " "1, " "1, " "1, " "1, " "1, " "1, " "1, " "1, " "1, " "1, " "1, " "1, " "1, " "1, " "1, " "1, " "1, " "1, " "1, " "1, " "1, " "1, " "1, " "1, " "1, " "1, " "1, " "1, " "1, " "1, " "1, " "1, " "1, " "1, " "1, " "1, " "1, " "1, " "1, " "1, " "1, " "1, " "1, " "1, " "1, " "1, " "1, " "1, " "1, " "1, " "1, " "1, " "1, " "1, " "1, " "1, " "1, " "1, " "1, " "1, " "1, " "1, " "1, " "1, " "1, " "1, " "1, " "1, " "1, " "1, " "1, " "1, " "1, " "1, " "1, " "1, " "1, " "1, " "1, " "1, " "1, " "1, " "1, " "1, " "1, " "1, " "1, " "1, " "1, " "1, " "1, " "1, " "1, " "1, " "1, " "1, " "1, " "1, " "1, " "1, " "1, " "1, " "1, " "1, " "1, " "1, " "1, " "1, " "1, " "1, " "1, " "1, " "1, " "1, " "1, " "1, " "1, " "1, " "1, " "1, " "1, " "1, " "1, "5000
 "Nei33, 0.216, " "0.89, " "1, " "1, " "1, " "1, " "1, " "1, " "1, " "1, " "1, " "1, " "1, " "1, " "1, " "1, " "1, " "1, " "1, " "1, " "1, " "1, " "1, " "1, " "1, " "1, " "1, " "1, " "1, " "1, " "1, " "1, " "1, " "1, " "1, " "0, " "1, " "1, " "1, " "1, " "1, " "1, " "1, " "1, " "1, " "1, " "1, " "1, " "1, " "1, " "1, " "1, " "1, " "1, " "1, " "1, " "1, " "1, " "1, " "1, " "1, " "1, " "1, " "1, " "1, " "1, " "1, " "1, " "1, " "1, " "1, " "1, " "1, " "1, " "1, " "1, " "1, " "1, " "1, " "1, " "1, " "1, " "1, " "1, " "1, " "1, " "1, " "1, " "1, " "1, " "1, " "1, " "1, " "1, " "1, " "1, " "1, " "1, " "1, " "1, " "1, " "1, " "1, " "1, " "1, " "1, " "1, " "1, " "1, " "1, " "1, " "1, " "1, " "1, " "1, " "1, " "1, " "1, " "1, " "1, " "1, " "1, " "1, " "1, " "1, " "1, " "1, " "1, " "1, " "1, " "1, " "1, " "1, " "1, " "1, " "1, " "1, " "1, " "1, " "1, " "1, " "1, " "1, " "1, " "1, " "1, " "1, " "1, " "1, " "1, " "1, " "1, " "1, " "1, " "1, " "1, " "1, " "1, " "1, " "1, " "1, " "1, " "1, " "1, " "1, " "1, " "1, " "1, " "1, " "1, " "1, " "1, " "1, " "1, " "1, " "1, " "1, " "1, " "1, " "1, " "1, " "1, " "1, " "1, " "1, " "1, " "1, " "1, " "1, " "1, " "1, " "1, " "1, " "1, " "1, " "1, " "1, " "1, " "1, " "1, " "1, " "1, " "1, " "1, " "1, " "1, " "1, " "1, " "1, " "1, " "1, " "1, " "1, " "1, " "1, " "1, " "1, " "1, " "1, " "1, " "1, " "1, " "1, " "1, " "1, " "1, " "1, " "1, " "1, " "1, " "1, " "1, " "1, " "1, " "1, " "1, " "1, " "1, " "1, " "1, " "1, " "1, " "1, " "1, " "1, " "1, " "1, " "1, " "1, " "1, " "1, " "1, " "1, " "1, " "1, " "1, " "1, " "1, " "1, "5000
 "Nei34, 0.038, " "0.89, " "1, " "1, " "1, " "1, " "1, " "1, " "1, " "1, " "1, " "1, " "1, " "1, " "1, " "1, " "1, " "1, " "1, " "1, " "1, " "1, " "1, " "1, " "1, " "1, " "1, " "1, " "1, " "1, " "1, " "1, " "1, " "1, " "1, " "1, " "0, " "1, " "1, " "1, " "1, " "1, " "1, " "1, " "1, " "1, " "1, " "1, " "1, " "1, " "1, " "1, " "1, " "1, " "1, " "1, " "1, " "1, " "1, " "1, " "1, " "1, " "1, " "1, " "1, " "1, " "1, " "1, " "1, " "1, " "1, " "1, " "1, " "1, " "1, " "1, " "1, " "1, " "1, " "1, " "1, " "1, " "1, " "1, " "1, " "1, " "1, " "1, " "1, " "1, " "1, " "1, " "1, " "1, " "1, " "1, " "1, " "1, " "1, " "1, " "1, " "1, " "1, " "1, " "1, " "1, " "1, " "1, " "1, " "1, " "1, " "1, " "1, " "1, " "1, " "1, " "1, " "1, " "1, " "1, " "1, " "1, " "1, " "1, " "1, " "1, " "1, " "1, " "1, " "1, " "1, " "1, " "1, " "1, " "1, " "1, " "1, " "1, " "1, " "1, " "1, " "1, " "1, " "1, " "1, " "1, " "1, " "1, " "1, " "1, " "1, " "1, " "1, " "1, " "1, " "1, " "1, " "1, " "1, " "1, " "1, " "1, " "1, " "1, " "1, " "1, " "1, " "1, " "1, " "1, " "1, " "1, " "1, " "1, " "1, " "1, " "1, " "1, " "1, " "1, " "1, " "1, " "1, " "1, " "1, " "1, " "1, " "1, " "1, " "1, " "1, " "1, " "1, " "1, " "1, " "1, " "1, " "1, " "1, " "1, " "1, " "1, " "1, " "1, " "1, " "1, " "1, " "1, " "1, " "1, " "1, " "1, " "1, " "1, " "1, " "1, " "1, " "1, " "1, " "1, " "1, " "1, " "1, " "1, " "1, " "1, " "1, " "1, " "1, " "1, " "1, " "1, " "1, " "1, " "1, " "1, " "1, " "1, " "1, " "1, " "1, " "1, " "1, " "1, " "1, " "1, " "1, " "1, " "1, " "1, " "1, " "1, " "1, " "1, " "1, " "1, " "1, " "1, " "1, "5000
 "Nei35, 0.231, " "0.89, " "1, " "1, " "1, " "1, " "1, " "1, " "1, " "1, " "1, " "1, " "1, " "1, " "1, " "1, " "1, " "1, " "1, " "1, " "1, " "1, " "1, " "1, " "1, " "1, " "1, " "1, " "1, " "1, " "1, " "1, " "1, " "1, " "1, " "1, " "1, " "0, " "1, " "1, " "1, " "1, " "1, " "1, " "1, " "1, " "1, " "1, " "1, " "1, " "1, " "1, " "1, " "1, " "1, " "1, " "1, " "1, " "1, " "1, " "1, " "1, " "1, " "1, " "1, " "1, " "1, " "1, " "1, " "1, " "1, " "1, " "1, " "1, " "1, " "1, " "1, " "1, " "1, " "1, " "1, " "1, " "1, " "1, " "1, " "1, " "1, " "1, " "1, " "1, " "1, " "1, " "1, " "1, " "1, " "1, " "1, " "1, " "1, " "1, " "1, " "1, " "1, " "1, " "1, " "1, " "1, " "1, " "1, " "1, " "1, " "1, " "1, " "1, " "1, " "1, " "1, " "1, " "1, " "1, " "1, " "1, " "1, " "1, " "1, " "1, " "1, " "1, " "1, " "1, " "1, " "1, " "1, " "1, " "1, " "1, " "1, " "1, " "1, " "1, " "1, " "1, " "1, " "1, " "1, " "1, " "1, " "1, " "1, " "1, " "1, " "1, " "1, " "1, " "1, " "1, " "1, " "1, " "1, " "1, " "1, " "1, " "1, " "1, " "1, " "1, " "1, " "1, " "1, " "1, " "1, " "1, " "1, " "1, " "1, " "1, " "1, " "1, " "1, " "1, " "1, " "1, " "1, " "1, " "1, " "1, " "1, " "1, " "1, " "1, " "1, " "1, " "1, " "1, " "1, " "1, " "1, " "1, " "1, " "1, " "1, " "1, " "1, " "1, " "1, " "1, " "1, " "1, " "1, " "1, " "1, " "1, " "1, " "1, " "1, " "1, " "1, " "1, " "1, " "1, " "1, " "1, " "1, " "1, " "1, " "1, " "1, " "1, " "1, " "1, " "1, " "1, " "1, " "1, " "1, " "1, " "1, " "1, " "1, " "1, " "1, " "1, " "1, " "1, " "1, " "1, " "1, " "1, " "1, " "1, " "1, " "1, " "1, " "1, " "1, " "1, " "1, " "1, " "1, "5000
 "Nei36, 0.307, " "0.886, " "1, " "1, " "1, " "1, " "1, " "1, " "1, " "1, " "1, " "1, " "1, " "1, " "1, " "1, " "1, " "1, " "1, " "1, " "1, " "1, " "1, " "1, " "1, " "1, " "1, " "1, " "1, " "1, " "1, " "1, " "1, " "1, " "1, " "1, " "1, " "1, " "0, " "1, " "1, " "1, " "1, " "1, " "1, " "1, " "1, " "1, " "1, " "1, " "1, " "1, " "1, " "1, " "1, " "1, " "1, " "1, " "1, " "1, " "1, " "1, " "1, " "1, " "1, " "1, " "1, " "1, " "1, " "1, " "1, " "1, " "1, " "1, " "1, " "1, " "1, " "1, " "1, " "1, " "1, " "1, " "1, " "1, " "1, " "1, " "1, " "1, " "1, " "1, " "1, " "1, " "1, " "1, " "1, " "1, " "1, " "1, " "1, " "1, " "1, " "1, " "1, " "1, " "1, " "1, " "1, " "1, " "1, " "1, " "1, " "1, " "1, " "1, " "1, " "1, " "1, " "1, " "1, " "1, " "1, " "1, " "1, " "1, " "1, " "1, " "1, " "1, " "1, " "1, " "1, " "1, " "1, " "1, " "1, " "1, " "1, " "1, " "1, " "1, " "1, " "1, " "1, " "1, " "1, " "1, " "1, " "1, " "1, " "1, " "1, " "1, " "1, " "1, " "1, " "1, " "1, " "1, " "1, " "1, " "1, " "1, " "1, " "1, " "1, " "1, " "1, " "1, " "1, " "1, " "1, " "1, " "1, " "1, " "1, " "1, " "1, " "1, " "1, " "1, " "1, " "1, " "1, " "1, " "1, " "1, " "1, " "1, " "1, " "1, " "1, " "1, " "1, " "1, " "1, " "1, " "1, " "1, " "1, " "1, " "1, " "1, " "1, " "1, " "1, " "1, " "1, " "1, " "1, " "1, " "1, " "1, " "1, " "1, " "1, " "1, " "1, " "1, " "1, " "1, " "1, " "1, " "1, " "1, " "1, " "1, " "1, " "1, " "1, " "1, " "1, " "1, " "1, " "1, " "1, " "1, " "1, " "1, " "1, " "1, " "1, " "1, " "1, " "1, " "1, " "1, " "1, " "1, " "1, " "1, " "1, " "1, " "1, " "1, " "1, " "1, " "1, " "1, " "1, "5000
 "Nei37, 0.381, " "0.885, " "1, " "1, " "1, " "1, " "1, " "1, " "1, " "1, " "1, " "1, " "1, " "1, " "1, " "1, " "1, " "1, " "1, " "1, " "1, " "1, " "1, " "1, " "1, " "1, " "1, " "1, " "1, " "1, " "1, " "1, " "1, " "1, " "1, " "1, " "1, " "1, " "1, " "0, " "1, " "1, " "1, " "1, " "1, " "1, " "1, " "1, " "1, " "1, " "1, " "1, " "1, " "1, " "1, " "1, " "1, " "1, " "1, " "1, " "1, " "1, " "1, " "1, " "1, " "1, " "1, " "1, " "1, " "1, " "1, " "1, " "1, " "1, " "1, " "1, " "1, " "1, " "1, " "1, " "1, " "1, " "1, " "1, " "1, " "1, " "1, " "1, " "1, " "1, " "1, " "1, " "1, " "1, " "1, " "1, " "1, " "1, " "1, " "1, " "1, " "1, " "1, " "1, " "1, " "1, " "1, " "1, " "1, " "1, " "1, " "1, " "1, " "1, " "1, " "1, " "1, " "1, " "1, " "1, " "1, " "1, " "1, " "1, " "1, " "1, " "1, " "1, " "1, " "1, " "1, " "1, " "1, " "1, " "1, " "1, " "1, " "1, " "1, " "1, " "1, " "1, " "1, " "1, " "1, " "1, " "1, " "1, " "1, " "1, " "1, " "1, " "1, " "1, " "1, " "1, " "1, " "1, " "1, " "1, " "1, " "1, " "1, " "1, " "1, " "1, " "1, " "1, " "1, " "1, " "1, " "1, " "1, " "1, " "1, " "1, " "1, " "1, " "1, " "1, " "1, " "1, " "1, " "1, " "1, " "1, " "1, " "1, " "1, " "1, " "1, " "1, " "1, " "1, " "1, " "1, " "1, " "1, " "1, " "1, " "1, " "1, " "1, " "1, " "1, " "1, " "1, " "1, " "1, " "1, " "1, " "1, " "1, " "1, " "1, " "1, " "1, " "1, " "1, " "1, " "1, " "1, " "1, " "1, " "1, " "1, " "1, " "1, " "1, " "1, " "1, " "1, " "1, " "1, " "1, " "1, " "1, " "1, " "1, " "1, " "1, " "1, " "1, " "1, " "1, " "1, " "1, " "1, " "1, " "1, " "1, " "1, " "1, " "1, " "1, " "1, " "1, " "1, " "1, "5000
 "Nei38, 0.226, " "0.89, " "1, " "1, " "1, " "1, " "1, " "1, " "1, " "1, " "1, " "1, " "1, " "1, " "1, " "1, " "1, " "1, " "1, " "1, " "1, " "1, " "1, " "1, " "1, " "1, " "1, " "1, " "1, " "1, " "1, " "1, " "1, " "1, " "1, " "1, " "1, " "1, " "1, " "1, " "0, " "1, " "1, " "1, " "1, " "1, " "1, " "1, " "1, " "1, " "1, " "1, " "1, " "1, " "1, " "1, " "1, " "1, " "1, " "1, " "1, " "1, " "1, " "1, " "1, " "1, " "1, " "1, " "1, " "1, " "1, " "1, " "1, " "1, " "1, " "1, " "1, " "1, " "1, " "1, " "1, " "1, " "1, " "1, " "1, " "1, " "1, " "1, " "1, " "1, " "1, " "1, " "1, " "1, " "1, " "1, " "1, " "1, " "1, " "1, " "1, " "1, " "1, " "1, " "1, " "1, " "1, " "1, " "1, " "1, " "1, " "1, " "1, " "1, " "1, " "1, " "1, " "1, " "1, " "1, " "1, " "1, " "1, " "1, " "1, " "1, " "1, " "1, " "1, " "1, " "1, " "1, " "1, " "1, " "1, " "1, " "1, " "1, " "1, " "1, " "1, " "1, " "1, " "1, " "1, " "1, " "1, " "1, " "1, " "1, " "1, " "1, " "1, " "1, " "1, " "1, " "1, " "1, " "1, " "1, " "1, " "1, " "1, " "1, " "1, " "1, " "1, " "1, " "1, " "1, " "1, " "1, " "1, " "1, " "1, " "1, " "1, " "1, " "1, " "1, " "1, " "1, " "1, " "1, " "1, " "1, " "1, " "1, " "1, " "1, " "1, " "1, " "1, " "1, " "1, " "1, " "1, " "1, " "1, " "1, " "1, " "1, " "1, " "1, " "1, " "1, " "1, " "1, " "1, " "1, " "1, " "1, " "1, " "1, " "1, " "1, " "1, " "1, " "1, " "1, " "1, " "1, " "1, " "1, " "1, " "1, " "1, " "1, " "1, " "1, " "1, " "1, " "1, " "1, " "1, " "1, " "1, " "1, " "1, " "1, " "1, " "1, " "1, " "1, " "1, " "1, " "1, " "1, " "1, " "1, " "1, " "1, " "1, " "1, " "1, " "1, " "1, " "1, " "1, "5000
 "Nei39, 0.351, " "0.886, " "1, " "1, " "1, " "1, " "1, " "1, " "1, " "1, " "1, " "1, " "1, " "1, " "1, " "1, " "1, " "1, " "1, " "1, " "1, " "1, " "1, " "1, " "1, " "1, " "1, " "1, " "1, " "1, " "1, " "1, " "1, " "1, " "1, " "1, " "1, " "1, " "1, " "1, " "1, " "0, " "1, " "1, " "1, " "1, " "1, " "1, " "1, " "1, " "1, " "1, " "1, " "1, " "1, " "1, " "1, " "1, " "1, " "1, " "1, " "1, " "1, " "1, " "1, " "1, " "1, " "1, " "1, " "1, " "1, " "1, " "1, " "1, " "1, " "1, " "1, " "1, " "1, " "1, " "1, " "1, " "1, " "1, " "1, " "1, " "1, " "1, " "1, " "1, " "1, " "1, " "1, " "1, " "1, " "1, " "1, " "1, " "1, " "1, " "1, " "1, " "1, " "1, " "1, " "1, " "1, " "1, " "1, " "1, " "1, " "1, " "1, " "1, " "1, " "1, " "1, " "1, " "1, " "1, " "1, " "1, " "1, " "1, " "1, " "1, " "1, " "1, " "1, " "1, " "1, " "1, " "1, " "1, " "1, " "1, " "1, " "1, " "1, " "1, " "1, " "1, " "1, " "1, " "1, " "1, " "1, " "1, " "1, " "1, " "1, " "1, " "1, " "1, " "1, " "1, " "1, " "1, " "1, " "1, " "1, " "1, " "1, " "1, " "1, " "1, " "1, " "1, " "1, " "1, " "1, " "1, " "1, " "1, " "1, " "1, " "1, " "1, " "1, " "1, " "1, " "1, " "1, " "1, " "1, " "1, " "1, " "1, " "1, " "1, " "1, " "1, " "1, " "1, " "1, " "1, " "1, " "1, " "1, " "1, " "1, " "1, " "1, " "1, " "1, " "1, " "1, " "1, " "1, " "1, " "1, " "1, " "1, " "1, " "1, " "1, " "1, " "1, " "1, " "1, " "1, " "1, " "1, " "1, " "1, " "1, " "1, " "1, " "1, " "1, " "1, " "1, " "1, " "1, " "1, " "1, " "1, " "1, " "1, " "1, " "1, " "1, " "1, " "1, " "1, " "1, " "1, " "1, " "1, " "1, " "1, " "1, " "1, " "1, " "1, " "1, " "1, " "1, " "1, "5000
 "Nei40, 0.351, " "0.886, " "1, " "1, " "1, " "1, " "1, " "1, " "1, " "1, " "1, " "1, " "1, " "1, " "1, " "1, " "1, " "1, " "1, " "1, " "1, " "1, " "1, " "1, " "1, " "1, " "1, " "1, " "1, " "1, " "1, " "1, " "1, " "1, " "1, " "1, " "1, " "1, " "1, " "1, " "1, " "1, " "0, " "1, " "1, " "1, " "1, " "1, " "1, " "1, " "1, " "1, " "1, " "1, " "1, " "1, " "1, " "1, " "1, " "1, " "1, " "1, " "1, " "1, " "1, " "1, " "1, " "1, " "1, " "1, " "1, " "1, " "1, " "1, " "1, " "1, " "1, " "1, " "1, " "1, " "1, " "1, " "1, " "1, " "1, " "1, " "1, " "1, " "1, " "1, " "1, " "1, " "1, " "1, " "1, " "1, " "1, " "1, " "1, " "1, " "1, " "1, " "1, " "1, " "1, " "1, " "1, " "1, " "1, " "1, " "1, " "1, " "1, " "1, " "1, " "1, " "1, " "1, " "1, " "1, " "1, " "1, " "1, " "1, " "1, " "1, " "1, " "1, " "1, " "1, " "1, " "1, " "1, " "1, " "1, " "1, " "1, " "1, " "1, " "1, " "1, " "1, " "1, " "1, " "1, " "1, " "1, " "1, " "1, " "1, " "1, " "1, " "1, " "1, " "1, " "1, " "1, " "1, " "1, " "1, " "1, " "1, " "1, " "1, " "1, " "1, " "1, " "1, " "1, " "1, " "1, " "1, " "1, " "1, " "1, " "1, " "1, " "1, " "1, " "1, " "1, " "1, " "1, " "1, " "1, " "1, " "1, " "1, " "1, " "1, " "1, " "1, " "1, " "1, " "1, " "1, " "1, " "1, " "1, " "1, " "1, " "1, " "1, " "1, " "1, " "1, " "1, " "1, " "1, " "1, " "1, " "1, " "1, " "1, " "1, " "1, " "1, " "1, " "1, " "1, " "1, " "1, " "1, " "1, " "1, " "1, " "1, " "1, " "1, " "1, " "1, " "1, " "1, " "1, " "1, " "1, " "1, " "1, " "1, " "1, " "1, " "1, " "1, " "1, " "1, " "1, " "1, " "1, " "1, " "1, " "1, " "1, " "1, " "1, " "1, " "1, " "1, " "1, " "1, "5000
 "Nei41, 0.068, " "0.89, " "1, " "1, " "1, " "1, " "1, " "1, " "1, " "1, " "1, " "1, " "1, " "1, " "1, " "1, " "1, " "1, " "1, " "1, " "1, " "1, " "1, " "1, " "1, " "1, " "1, " "1, " "1, " "1, " "1, " "1, " "1, " "1, " "1, " "1, " "1, " "1, " "1, " "1, " "1, " "1, " "1, " "0, " "1, " "1, " "1, " "1, " "1, " "1, " "1, " "1, " "1, " "1, " "1, " "1, " "1, " "1, " "1, " "1, " "1, " "1, " "1, " "1, " "1, " "1, " "1, " "1, " "1, " "1, " "1, " "1, " "1, " "1, " "1, " "1, " "1, " "1, " "1, " "1, " "1, " "1, " "1, " "1, " "1, " "1, " "1, " "1, " "1, " "1, " "1, " "1, " "1, " "1, " "1, " "1, " "1, " "1, " "1, " "1, " "1, " "1, " "1, " "1, " "1, " "1, " "1, " "1, " "1, " "1, " "1, " "1, " "1, " "1, " "1, " "1, " "1, " "1, " "1, " "1, " "1, " "1, " "1, " "1, " "1, " "1, " "1, " "1, " "1, " "1, " "1, " "1, " "1, " "1, " "1, " "1, " "1, " "1, " "1, " "1, " "1, " "1, " "1, " "1, " "1, " "1, " "1, " "1, " "1, " "1, " "1, " "1, " "1, " "1, " "1, " "1, " "1, " "1, " "1, " "1, " "1, " "1, " "1, " "1, " "1, " "1, " "1, " "1, " "1, " "1, " "1, " "1, " "1, " "1, " "1, " "1, " "1, " "1, " "1, " "1, " "1, " "1, " "1, " "1, " "1, " "1, " "1, " "1, " "1, " "1, " "1, " "1, " "1, " "1, " "1, " "1, " "1, " "1, " "1, " "1, " "1, " "1, " "1, " "1, " "1, " "1, " "1, " "1, " "1, " "1, " "1, " "1, " "1, " "1, " "1, " "1, " "1, " "1, " "1, " "1, " "1, " "1, " "1, " "1, " "1, " "1, " "1, " "1, " "1, " "1, " "1, " "1, " "1, " "1, " "1, " "1, " "1, " "1, " "1, " "1, " "1, " "1, " "1, " "1, " "1, " "1, " "1, " "1, " "1, " "1, " "1, " "1, " "1, " "1, " "1, " "1, " "1, " "1, " "1, "5000
 "Nei42, 0.315, " "0.886, " "1, " "1, " "1, " "1, " "1, " "1, " "1, " "1, " "1, " "1, " "1, " "1, " "1, " "1, " "1, " "1, " "1, " "1, " "1, " "1, " "1, " "1, " "1, " "1, " "1, " "1, " "1, " "1, " "1, " "1, " "1, " "1, " "1, " "1, " "1, " "1, " "1, " "1, " "1, " "1, " "1, " "1, " "0, " "1, " "1, " "1, " "1, " "1, " "1, " "1, " "1, " "1, " "1, " "1, " "1, " "1, " "1, " "1, " "1, " "1, " "1, " "1, " "1, " "1, " "1, " "1, " "1, " "1, " "1, " "1, " "1, " "1, " "1, " "1, " "1, " "1, " "1, " "1, " "1, " "1, " "1, " "1, " "1, " "1, " "1, " "1, " "1, " "1, " "1, " "1, " "1, " "1, " "1, " "1, " "1, " "1, " "1, " "1, " "1, " "1, " "1, " "1, " "1, " "1, " "1, " "1, " "1, " "1, " "1, " "1, " "1, " "1, " "1, " "1, " "1, " "1, " "1, " "1, " "1, " "1, " "1, " "1, " "1, " "1, " "1, " "1, " "1, " "1, " "1, " "1, " "1, " "1, " "1, " "1, " "1, " "1, " "1, " "1, " "1, " "1, " "1, " "1, " "1, " "1, " "1, " "1, " "1, " "1, " "1, " "1, " "1, " "1, " "1, " "1, " "1, " "1, " "1, " "1, " "1, " "1, " "1, " "1, " "1, " "1, " "1, " "1, " "1, " "1, " "1, " "1, " "1, " "1, " "1, " "1, " "1, " "1, " "1, " "1, " "1, " "1, " "1, " "1, " "1, " "1, " "1, " "1, " "1, " "1, " "1, " "1, " "1, " "1, " "1, " "1, " "1, " "1, " "1, " "1, " "1, " "1, " "1, " "1, " "1, " "1, " "1, " "1, " "1, " "1, " "1, " "1, " "1, " "1, " "1, " "1, " "1, " "1, " "1, " "1, " "1, " "1, " "1, " "1, " "1, " "1, " "1, " "1, " "1, " "1, " "1, " "1, " "1, " "1, " "1, " "1, " "1, " "1, " "1, " "1, " "1, " "1, " "1, " "1, " "1, " "1, " "1, " "1, " "1, " "1, " "1, " "1, " "1, " "1, " "1, " "1, " "1, " "1, " "1, "5000
 "Nei43, 0.157, " "0.89, " "1, " "1, " "1, " "1, " "1, " "1, " "1, " "1, " "1, " "1, " "1, " "1, " "1, " "1, " "1, " "1, " "1, " "1, " "1, " "1, " "1, " "1, " "1, " "1, " "1, " "1, " "1, " "1, " "1, " "1, " "1, " "1, " "1, " "1, " "1, " "1, " "1, " "1, " "1, " "1, " "1, " "1, " "1, " "0, " "1, " "1, " "1, " "1, " "1, " "1, " "1, " "1, " "1, " "1, " "1, " "1, " "1, " "1, " "1, " "1, " "1, " "1, " "1, " "1, " "1, " "1, " "1, " "1, " "1, " "1, " "1, " "1, " "1, " "1, " "1, " "1, " "1, " "1, " "1, " "1, " "1, " "1, " "1, " "1, " "1, " "1, " "1, " "1, " "1, " "1, " "1, " "1, " "1, " "1, " "1, " "1, " "1, " "1, " "1, " "1, " "1, " "1, " "1, " "1, " "1, " "1, " "1, " "1, " "1, " "1, " "1, " "1, " "1, " "1, " "1, " "1, " "1, " "1, " "1, " "1, " "1, " "1, " "1, " "1, " "1, " "1, " "1, " "1, " "1, " "1, " "1, " "1, " "1, " "1, " "1, " "1, " "1, " "1, " "1, " "1, " "1, " "1, " "1, " "1, " "1, " "1, " "1, " "1, " "1, " "1, " "1, " "1, " "1, " "1, " "1, " "1, " "1, " "1, " "1, " "1, " "1, " "1, " "1, " "1, " "1, " "1, " "1, " "1, " "1, " "1, " "1, " "1, " "1, " "1, " "1, " "1, " "1, " "1, " "1, " "1, " "1, " "1, " "1, " "1, " "1, " "1, " "1, " "1, " "1, " "1, " "1, " "1, " "1, " "1, " "1, " "1, " "1, " "1, " "1, " "1, " "1, " "1, " "1, " "1, " "1, " "1, " "1, " "1, " "1, " "1, " "1, " "1, " "1, " "1, " "1, " "1, " "1, " "1, " "1, " "1, " "1, " "1, " "1, " "1, " "1, " "1, " "1, " "1, " "1, " "1, " "1, " "1, " "1, " "1, " "1, " "1, " "1, " "1, " "1, " "1, " "1, " "1, " "1, " "1, " "1, " "1, " "1, " "1, " "1, " "1, " "1, " "1, " "1, " "1, " "1, " "1, " "1, "5000
 "Nei44, 0.243, " "0.89, " "1, " "1, " "1, " "1, " "1, " "1, " "1, " "1, " "1, " "1, " "1, " "1, " "1, " "1, " "1, " "1, " "1, " "1, " "1, " "1, " "1, " "1, " "1, " "1, " "1, " "1, " "1, " "1, " "1, " "1, " "1, " "1, " "1, " "1, " "1, " "1, " "1, " "1, " "1, " "1, " "1, " "1, " "1, " "1, " "0, " "1, " "1, " "1, " "1, " "1, " "1, " "1, " "1, " "1, " "1, " "1, " "1, " "1, " "1, " "1, " "1, " "1, " "1, " "1, " "1, " "1, " "1, " "1, " "1, " "1, " "1, " "1, " "1, " "1, " "1, " "1, " "1, " "1, " "1, " "1, " "1, " "1, " "1, " "1, " "1, " "1, " "1, " "1, " "1, " "1, " "1, " "1, " "1, " "1, " "1, " "1, " "1, " "1, " "1, " "1, " "1, " "1, " "1, " "1, " "1, " "1, " "1, " "1, " "1, " "1, " "1, " "1, " "1, " "1, " "1, " "1, " "1, " "1, " "1, " "1, " "1, " "1, " "1, " "1, " "1, " "1, " "1, " "1, " "1, " "1, " "1, " "1, " "1, " "1, " "1, " "1, " "1, " "1, " "1, " "1, " "1, " "1, " "1, " "1, " "1, " "1, " "1, " "1, " "1, " "1, " "1, " "1, " "1, " "1, " "1, " "1, " "1, " "1, " "1, " "1, " "1, " "1, " "1, " "1, " "1, " "1, " "1, " "1, " "1, " "1, " "1, " "1, " "1, " "1, " "1, " "1, " "1, " "1, " "1, " "1, " "1, " "1, " "1, " "1, " "1, " "1, " "1, " "1, " "1, " "1, " "1, " "1, " "1, " "1, " "1, " "1, " "1, " "1, " "1, " "1, " "1, " "1, " "1, " "1, " "1, " "1, " "1, " "1, " "1, " "1, " "1, " "1, " "1, " "1, " "1, " "1, " "1, " "1, " "1, " "1, " "1, " "1, " "1, " "1, " "1, " "1, " "1, " "1, " "1, " "1, " "1, " "1, " "1, " "1, " "1, " "1, " "1, " "1, " "1, " "1, " "1, " "1, " "1, " "1, " "1, " "1, " "1, " "1, " "1, " "1, " "1, " "1, " "1, " "1, " "1, " "1, " "1, "5000
 "Nei45, 0.254, " "0.89, " "1, " "1, " "1, " "1, " "1, " "1, " "1, " "1, " "1, " "1, " "1, " "1, " "1, " "1, " "1, " "1, " "1, " "1, " "1, " "1, " "1, " "1, " "1, " "1, " "1, " "1, " "1, " "1, " "1, " "1, " "1, " "1, " "1, " "1, " "1, " "1, " "1, " "1, " "1, " "1, " "1, " "1, " "1, " "1, " "1, " "0, " "1, " "1, " "1, " "1, " "1, " "1, " "1, " "1, " "1, " "1, " "1, " "1, " "1, " "1, " "1, " "1, " "1, " "1, " "1, " "1, " "1, " "1, " "1, " "1, " "1, " "1, " "1, " "1, " "1, " "1, " "1, " "1, " "1, " "1, " "1, " "1, " "1, " "1, " "1, " "1, " "1, " "1, " "1, " "1, " "1, " "1, " "1, " "1, " "1, " "1, " "1, " "1, " "1, " "1, " "1, " "1, " "1, " "1, " "1, " "1, " "1, " "1, " "1, " "1, " "1, " "1, " "1, " "1, " "1, " "1, " "1, " "1, " "1, " "1, " "1, " "1, " "1, " "1, " "1, " "1, " "1, " "1, " "1, " "1, " "1, " "1, " "1, " "1, " "1, " "1, " "1, " "1, " "1, " "1, " "1, " "1, " "1, " "1, " "1, " "1, " "1, " "1, " "1, " "1, " "1, " "1, " "1, " "1, " "1, " "1, " "1, " "1, " "1, " "1, " "1, " "1, " "1, " "1, " "1, " "1, " "1, " "1, " "1, " "1, " "1, " "1, " "1, " "1, " "1, " "1, " "1, " "1, " "1, " "1, " "1, " "1, " "1, " "1, " "1, " "1, " "1, " "1, " "1, " "1, " "1, " "1, " "1, " "1, " "1, " "1, " "1, " "1, " "1, " "1, " "1, " "1, " "1, " "1, " "1, " "1, " "1, " "1, " "1, " "1, " "1, " "1, " "1, " "1, " "1, " "1, " "1, " "1, " "1, " "1, " "1, " "1, " "1, " "1, " "1, " "1, " "1, " "1, " "1, " "1, " "1, " "1, " "1, " "1, " "1, " "1, " "1, " "1, " "1, " "1, " "1, " "1, " "1, " "1, " "1, " "1, " "1, " "1, " "1, " "1, " "1, " "1, " "1, " "1, " "1, " "1, " "1, "5000
 "Nei46, 0.052, " "0.89, " "1, " "1, " "1, " "1, " "1, " "1, " "1, " "1, " "1, " "1, " "1, " "1, " "1, " "1, " "1, " "1, " "1, " "1, " "1, " "1, " "1, " "1, " "1, " "1, " "1, " "1, " "1, " "1, " "1, " "1, " "1, " "1, " "1, " "1, " "1, " "1, " "1, " "1, " "1, " "1, " "1, " "1, " "1, " "1, " "1, " "1, " "0, " "1, " "1, " "1, " "1, " "1, " "1, " "1, " "1, " "1, " "1, " "1, " "1, " "1, " "1, " "1, " "1, " "1, " "1, " "1, " "1, " "1, " "1, " "1, " "1, " "1, " "1, " "1, " "1, " "1, " "1, " "1, " "1, " "1, " "1, " "1, " "1, " "1, " "1, " "1, " "1, " "1, " "1, " "1, " "1, " "1, " "1, " "1, " "1, " "1, " "1, " "1, " "1, " "1, " "1, " "1, " "1, " "1, " "1, " "1, " "1, " "1, " "1, " "1, " "1, " "1, " "1, " "1, " "1, " "1, " "1, " "1, " "1, " "1, " "1, " "1, " "1, " "1, " "1, " "1, " "1, " "1, " "1, " "1, " "1, " "1, " "1, " "1, " "1, " "1, " "1, " "1, " "1, " "1, " "1, " "1, " "1, " "1, " "1, " "1, " "1, " "1, " "1, " "1, " "1, " "1, " "1, " "1, " "1, " "1, " "1, " "1, " "1, " "1, " "1, " "1, " "1, " "1, " "1, " "1, " "1, " "1, " "1, " "1, " "1, " "1, " "1, " "1, " "1, " "1, " "1, " "1, " "1, " "1, " "1, " "1, " "1, " "1, " "1, " "1, " "1, " "1, " "1, " "1, " "1, " "1, " "1, " "1, " "1, " "1, " "1, " "1, " "1, " "1, " "1, " "1, " "1, " "1, " "1, " "1, " "1, " "1, " "1, " "1, " "1, " "1, " "1, " "1, " "1, " "1, " "1, " "1, " "1, " "1, " "1, " "1, " "1, " "1, " "1, " "1, " "1, " "1, " "1, " "1, " "1, " "1, " "1, " "1, " "1, " "1, " "1, " "1, " "1, " "1, " "1, " "1, " "1, " "1, " "1, " "1, " "1, " "1, " "1, " "1, " "1, " "1, " "1, " "1, " "1, " "1, " "1, "5000
 "Nei47, 0.297, " "0.886, " "1, " "1, " "1, " "1, " "1, " "1, " "1, " "1, " "1, " "1, " "1, " "1, " "1, " "1, " "1, " "1, " "1, " "1, " "1, " "1, " "1, " "1, " "1, " "1, " "1, " "1, " "1, " "1, " "1, " "1, " "1, " "1, " "1, " "1, " "1, " "1, " "1, " "1, " "1, " "1, " "1, " "1, " "1, " "1, " "1, " "1, " "1, " "0, " "1, " "1, " "1, " "1, " "1, " "1, " "1, " "1, " "1, " "1, " "1, " "1, " "1, " "1, " "1, " "1, " "1, " "1, " "1, " "1, " "1, " "1, " "1, " "1, " "1, " "1, " "1, " "1, " "1, " "1, " "1, " "1, " "1, " "1, " "1, " "1, " "1, " "1, " "1, " "1, " "1, " "1, " "1, " "1, " "1, " "1, " "1, " "1, " "1, " "1, " "1, " "1, " "1, " "1, " "1, " "1, " "1, " "1, " "1, " "1, " "1, " "1, " "1, " "1, " "1, " "1, " "1, " "1, " "1, " "1, " "1, " "1, " "1, " "1, " "1, " "1, " "1, " "1, " "1, " "1, " "1, " "1, " "1, " "1, " "1, " "1, " "1, " "1, " "1, " "1, " "1, " "1, " "1, " "1, " "1, " "1, " "1, " "1, " "1, " "1, " "1, " "1, " "1, " "1, " "1, " "1, " "1, " "1, " "1, " "1, " "1, " "1, " "1, " "1, " "1, " "1, " "1, " "1, " "1, " "1, " "1, " "1, " "1, " "1, " "1, " "1, " "1, " "1, " "1, " "1, " "1, " "1, " "1, " "1, " "1, " "1, " "1, " "1, " "1, " "1, " "1, " "1, " "1, " "1, " "1, " "1, " "1, " "1, " "1, " "1, " "1, " "1, " "1, " "1, " "1, " "1, " "1, " "1, " "1, " "1, " "1, " "1, " "1, " "1, " "1, " "1, " "1, " "1, " "1, " "1, " "1, " "1, " "1, " "1, " "1, " "1, " "1, " "1, " "1, " "1, " "1, " "1, " "1, " "1, " "1, " "1, " "1, " "1, " "1, " "1, " "1, " "1, " "1, " "1, " "1, " "1, " "1, " "1, " "1, " "1, " "1, " "1, " "1, " "1, " "1, " "1, " "1, " "1, " "1, "5000
 "Nei48, 0.131, " "0.891, " "1, " "1, " "1, " "1, " "1, " "1, " "1, " "1, " "1, " "1, " "1, " "1, " "1, " "1, " "1, " "1, " "1, " "1, " "1, " "1, " "1, " "1, " "1, " "1, " "1, " "1, " "1, " "1, " "1, " "1, " "1, " "1, " "1, " "1, " "1, " "1, " "1, " "1, " "1, " "1, " "1, " "1, " "1, " "1, " "1, " "1, " "1, " "1, " "0, " "1, " "1, " "1, " "1, " "1, " "1, " "1, " "1, " "1, " "1, " "1, " "1, " "1, " "1, " "1, " "1, " "1, " "1, " "1, " "1, " "1, " "1, " "1, " "1, " "1, " "1, " "1, " "1, " "1, " "1, " "1, " "1, " "1, " "1, " "1, " "1, " "1, " "1, " "1, " "1, " "1, " "1, " "1, " "1, " "1, " "1, " "1, " "1, " "1, " "1, " "1, " "1, " "1, " "1, " "1, " "1, " "1, " "1, " "1, " "1, " "1, " "1, " "1, " "1, " "1, " "1, " "1, " "1, " "1, " "1, " "1, " "1, " "1, " "1, " "1, " "1, " "1, " "1, " "1, " "1, " "1, " "1, " "1, " "1, " "1, " "1, " "1, " "1, " "1, " "1, " "1, " "1, " "1, " "1, " "1, " "1, " "1, " "1, " "1, " "1, " "1, " "1, " "1, " "1, " "1, " "1, " "1, " "1, " "1, " "1, " "1, " "1, " "1, " "1, " "1, " "1, " "1, " "1, " "1, " "1, " "1, " "1, " "1, " "1, " "1, " "1, " "1, " "1, " "1, " "1, " "1, " "1, " "1, " "1, " "1, " "1, " "1, " "1, " "1, " "1, " "1, " "1, " "1, " "1, " "1, " "1, " "1, " "1, " "1, " "1, " "1, " "1, " "1, " "1, " "1, " "1, " "1, " "1, " "1, " "1, " "1, " "1, " "1, " "1, " "1, " "1, " "1, " "1, " "1, " "1, " "1, " "1, " "1, " "1, " "1, " "1, " "1, " "1, " "1, " "1, " "1, " "1, " "1, " "1, " "1, " "1, " "1, " "1, " "1, " "1, " "1, " "1, " "1, " "1, " "1, " "1, " "1, " "1, " "1, " "1, " "1, " "1, " "1, " "1, " "1, " "1, " "1, " "1, "5000
 "Nei49, 0.37, " "0.886, " "1, " "1, " "1, " "1, " "1, " "1, " "1, " "1, " "1, " "1, " "1, " "1, " "1, " "1, " "1, " "1, " "1, " "1, " "1, " "1, " "1, " "1, " "1, " "1, " "1, " "1, " "1, " "1, " "1, " "1, " "1, " "1, " "1, " "1, " "1, " "1, " "1, " "1, " "1, " "1, " "1, " "1, " "1, " "1, " "1, " "1, " "1, " "1, " "1, " "0, " "1, " "1, " "1, " "1, " "1, " "1, " "1, " "1, " "1, " "1, " "1, " "1, " "1, " "1, " "1, " "1, " "1, " "1, " "1, " "1, " "1, " "1, " "1, " "1, " "1, " "1, " "1, " "1, " "1, " "1, " "1, " "1, " "1, " "1, " "1, " "1, " "1, " "1, " "1, " "1, " "1, " "1, " "1, " "1, " "1, " "1, " "1, " "1, " "1, " "1, " "1, " "1, " "1, " "1, " "1, " "1, " "1, " "1, " "1, " "1, " "1, " "1, " "1, " "1, " "1, " "1, " "1, " "1, " "1, " "1, " "1, " "1, " "1, " "1, " "1, " "1, " "1, " "1, " "1, " "1, " "1, " "1, " "1, " "1, " "1, " "1, " "1, " "1, " "1, " "1, " "1, " "1, " "1, " "1, " "1, " "1, " "1, " "1, " "1, " "1, " "1, " "1, " "1, " "1, " "1, " "1, " "1, " "1, " "1, " "1, " "1, " "1, " "1, " "1, " "1, " "1, " "1, " "1, " "1, " "1, " "1, " "1, " "1, " "1, " "1, " "1, " "1, " "1, " "1, " "1, " "1, " "1, " "1, " "1, " "1, " "1, " "1, " "1, " "1, " "1, " "1, " "1, " "1, " "1, " "1, " "1, " "1, " "1, " "1, " "1, " "1, " "1, " "1, " "1, " "1, " "1, " "1, " "1, " "1, " "1, " "1, " "1, " "1, " "1, " "1, " "1, " "1, " "1, " "1, " "1, " "1, " "1, " "1, " "1, " "1, " "1, " "1, " "1, " "1, " "1, " "1, " "1, " "1, " "1, " "1, " "1, " "1, " "1, " "1, " "1, " "1, " "1, " "1, " "1, " "1, " "1, " "1, " "1, " "1, " "1, " "1, " "1, " "1, " "1, " "1, " "1, " "1, "5000
 "Nei50, 0.393, " "0.886, " "1, " "1, " "1, " "1, " "1, " "1, " "1, " "1, " "1, " "1, " "1, " "1, " "1, " "1, " "1, " "1, " "1, " "1, " "1, " "1, " "1, " "1, " "1, " "1, " "1, " "1, " "1, " "1, " "1, " "1, " "1, " "1, " "1, " "1, " "1, " "1, " "1, " "1, " "1, " "1, " "1, " "1, " "1, " "1, " "1, " "1, " "1, " "1, " "1, " "1, " "0, " "1, " "1, " "1, " "1, " "1, " "1, " "1, " "1, " "1, " "1, " "1, " "1, " "1, " "1, " "1, " "1, " "1, " "1, " "1, " "1, " "1, " "1, " "1, " "1, " "1, " "1, " "1, " "1, " "1, " "1, " "1, " "1, " "1, " "1, " "1, " "1, " "1, " "1, " "1, " "1, " "1, " "1, " "1, " "1, " "1, " "1, " "1, " "1, " "1, " "1, " "1, " "1, " "1, " "1, " "1, " "1, " "1, " "1, " "1, " "1, " "1, " "1, " "1, " "1, " "1, " "1, " "1, " "1, " "1, " "1, " "1, " "1, " "1, " "1, " "1, " "1, " "1, " "1, " "1, " "1, " "1, " "1, " "1, " "1, " "1, " "1, " "1, " "1, " "1, " "1, " "1, " "1, " "1, " "1, " "1, " "1, " "1, " "1, " "1, " "1, " "1, " "1, " "1, " "1, " "1, " "1, " "1, " "1, " "1, " "1, " "1, " "1, " "1, " "1, " "1, " "1, " "1, " "1, " "1, " "1, " "1, " "1, " "1, " "1, " "1, " "1, " "1, " "1, " "1, " "1, " "1, " "1, " "1, " "1, " "1, " "1, " "1, " "1, " "1, " "1, " "1, " "1, " "1, " "1, " "1, " "1, " "1, " "1, " "1, " "1, " "1, " "1, " "1, " "1, " "1, " "1, " "1, " "1, " "1, " "1, " "1, " "1, " "1, " "1, " "1, " "1, " "1, " "1, " "1, " "1, " "1, " "1, " "1, " "1, " "1, " "1, " "1, " "1, " "1, " "1, " "1, " "1, " "1, " "1, " "1, " "1, " "1, " "1, " "1, " "1, " "1, " "1, " "1, " "1, " "1, " "1, " "1, " "1, " "1, " "1, " "1, " "1, " "1, " "1, " "1, " "1, "5000
 "Nei51, 0.02, " "-0.465, " "1, " "1, " "1, " "1, " "1, " "1, " "1, " "1, " "1, " "1, " "1, " "1, " "1, " "1, " "1, " "1, " "1, " "1, " "1, " "1, " "1, " "1, " "1, " "1, " "1, " "1, " "1, " "1, " "1, " "1, " "1, " "1, " "1, " "1, " "1, " "1, " "1, " "1, " "1, " "1, " "1, " "1, " "1, " "1, " "1, " "1, " "1, " "1, " "1, " "1, " "1, " "0, " "1, " "1, " "1, " "1, " "1, " "1, " "1, " "1, " "1, " "1, " "1, " "1, " "1, " "1, " "1, " "1, " "1, " "1, " "1, " "1, " "1, " "1, " "1, " "1, " "1, " "1, " "1, " "1, " "1, " "1, " "1, " "1, " "1, " "1, " "1, " "1, " "1, " "1, " "1, " "1, " "1, " "1, " "1, " "1, " "1, " "1, " "1, " "1, " "1, " "1, " "1, " "1, " "1, " "1, " "1, " "1, " "1, " "1, " "1, " "1, " "1, " "1, " "1, " "1, " "1, " "1, " "1, " "1, " "1, " "1, " "1, " "1, " "1, " "1, " "1, " "1, " "1, " "1, " "1, " "1, " "1, " "1, " "1, " "1, " "1, " "1, " "1, " "1, " "1, " "1, " "1, " "1, " "1, " "1, " "1, " "1, " "1, " "1, " "1, " "1, " "1, " "1, " "1, " "1, " "1, " "1, " "1, " "1, " "1, " "1, " "1, " "1, " "1, " "1, " "1, " "1, " "1, " "1, " "1, " "1, " "1, " "1, " "1, " "1, " "1, " "1, " "1, " "1, " "1, " "1, " "1, " "1, " "1, " "1, " "1, " "1, " "1, " "1, " "1, " "1, " "1, " "1, " "1, " "1, " "1, " "1, " "1, " "1, " "1, " "1, " "1, " "1, " "1, " "1, " "1, " "1, " "1, " "1, " "1, " "1, " "1, " "1, " "1, " "1, " "1, " "1, " "1, " "1, " "1, " "1, " "1, " "1, " "1, " "1, " "1, " "1, " "1, " "1, " "1, " "1, " "1, " "1, " "1, " "1, " "1, " "1, " "1, " "1, " "1, " "1, " "1, " "1, " "1, " "1, " "1, " "1, " "1, " "1, " "1, " "1, " "1, " "1, " "1, " "1, " "1, "5000
 "Nei52, 0.161, " "0.89, " "1, " "1, " "1, " "1, " "1, " "1, " "1, " "1, " "1, " "1, " "1, " "1, " "1, " "1, " "1, " "1, " "1, " "1, " "1, " "1, " "1, " "1, " "1, " "1, " "1, " "1, " "1, " "1, " "1, " "1, " "1, " "1, " "1, " "1, " "1, " "1, " "1, " "1, " "1, " "1, " "1, " "1, " "1, " "1, " "1, " "1, " "1, " "1, " "1, " "1, " "1, " "1, " "0, " "1, " "1, " "1, " "1, " "1, " "1, " "1, " "1, " "1, " "1, " "1, " "1, " "1, " "1, " "1, " "1, " "1, " "1, " "1, " "1, " "1, " "1, " "1, " "1, " "1, " "1, " "1, " "1, " "1, " "1, " "1, " "1, " "1, " "1, " "1, " "1, " "1, " "1, " "1, " "1, " "1, " "1, " "1, " "1, " "1, " "1, " "1, " "1, " "1, " "1, " "1, " "1, " "1, " "1, " "1, " "1, " "1, " "1, " "1, " "1, " "1, " "1, " "1, " "1, " "1, " "1, " "1, " "1, " "1, " "1, " "1, " "1, " "1, " "1, " "1, " "1, " "1, " "1, " "1, " "1, " "1, " "1, " "1, " "1, " "1, " "1, " "1, " "1, " "1, " "1, " "1, " "1, " "1, " "1, " "1, " "1, " "1, " "1, " "1, " "1, " "1, " "1, " "1, " "1, " "1, " "1, " "1, " "1, " "1, " "1, " "1, " "1, " "1, " "1, " "1, " "1, " "1, " "1, " "1, " "1, " "1, " "1, " "1, " "1, " "1, " "1, " "1, " "1, " "1, " "1, " "1, " "1, " "1, " "1, " "1, " "1, " "1, " "1, " "1, " "1, " "1, " "1, " "1, " "1, " "1, " "1, " "1, " "1, " "1, " "1, " "1, " "1, " "1, " "1, " "1, " "1, " "1, " "1, " "1, " "1, " "1, " "1, " "1, " "1, " "1, " "1, " "1, " "1, " "1, " "1, " "1, " "1, " "1, " "1, " "1, " "1, " "1, " "1, " "1, " "1, " "1, " "1, " "1, " "1, " "1, " "1, " "1, " "1, " "1, " "1, " "1, " "1, " "1, " "1, " "1, " "1, " "1, " "1, " "1, " "1, " "1, " "1, " "1, " "1, "5000
 "Nei53, 0.119, " "0.89, " "1, " "1, " "1, " "1, " "1, " "1, " "1, " "1, " "1, " "1, " "1, " "1, " "1, " "1, " "1, " "1, " "1, " "1, " "1, " "1, " "1, " "1, " "1, " "1, " "1, " "1, " "1, " "1, " "1, " "1, " "1, " "1, " "1, " "1, " "1, " "1, " "1, " "1, " "1, " "1, " "1, " "1, " "1, " "1, " "1, " "1, " "1, " "1, " "1, " "1, " "1, " "1, " "1, " "0, " "1, " "1, " "1, " "1, " "1, " "1, " "1, " "1, " "1, " "1, " "1, " "1, " "1, " "1, " "1, " "1, " "1, " "1, " "1, " "1, " "1, " "1, " "1, " "1, " "1, " "1, " "1, " "1, " "1, " "1, " "1, " "1, " "1, " "1, " "1, " "1, " "1, " "1, " "1, " "1, " "1, " "1, " "1, " "1, " "1, " "1, " "1, " "1, " "1, " "1, " "1, " "1, " "1, " "1, " "1, " "1, " "1, " "1, " "1, " "1, " "1, " "1, " "1, " "1, " "1, " "1, " "1, " "1, " "1, " "1, " "1, " "1, " "1, " "1, " "1, " "1, " "1, " "1, " "1, " "1, " "1, " "1, " "1, " "1, " "1, " "1, " "1, " "1, " "1, " "1, " "1, " "1, " "1, " "1, " "1, " "1, " "1, " "1, " "1, " "1, " "1, " "1, " "1, " "1, " "1, " "1, " "1, " "1, " "1, " "1, " "1, " "1, " "1, " "1, " "1, " "1, " "1, " "1, " "1, " "1, " "1, " "1, " "1, " "1, " "1, " "1, " "1, " "1, " "1, " "1, " "1, " "1, " "1, " "1, " "1, " "1, " "1, " "1, " "1, " "1, " "1, " "1, " "1, " "1, " "1, " "1, " "1, " "1, " "1, " "1, " "1, " "1, " "1, " "1, " "1, " "1, " "1, " "1, " "1, " "1, " "1, " "1, " "1, " "1, " "1, " "1, " "1, " "1, " "1, " "1, " "1, " "1, " "1, " "1, " "1, " "1, " "1, " "1, " "1, " "1, " "1, " "1, " "1, " "1, " "1, " "1, " "1, " "1, " "1, " "1, " "1, " "1, " "1, " "1, " "1, " "1, " "1, " "1, " "1, " "1, " "1, " "1, " "1, "5000
 "Nei54, 0.247, " "0.89, " "1, " "1, " "1, " "1, " "1, " "1, " "1, " "1, " "1, " "1, " "1, " "1, " "1, " "1, " "1, " "1, " "1, " "1, " "1, " "1, " "1, " "1, " "1, " "1, " "1, " "1, " "1, " "1, " "1, " "1, " "1, " "1, " "1, " "1, " "1, " "1, " "1, " "1, " "1, " "1, " "1, " "1, " "1, " "1, " "1, " "1, " "1, " "1, " "1, " "1, " "1, " "1, " "1, " "1, " "0, " "1, " "1, " "1, " "1, " "1, " "1, " "1, " "1, " "1, " "1, " "1, " "1, " "1, " "1, " "1, " "1, " "1, " "1, " "1, " "1, " "1, " "1, " "1, " "1, " "1, " "1, " "1, " "1, " "1, " "1, " "1, " "1, " "1, " "1, " "1, " "1, " "1, " "1, " "1, " "1, " "1, " "1, " "1, " "1, " "1, " "1, " "1, " "1, " "1, " "1, " "1, " "1, " "1, " "1, " "1, " "1, " "1, " "1, " "1, " "1, " "1, " "1, " "1, " "1, " "1, " "1, " "1, " "1, " "1, " "1, " "1, " "1, " "1, " "1, " "1, " "1, " "1, " "1, " "1, " "1, " "1, " "1, " "1, " "1, " "1, " "1, " "1, " "1, " "1, " "1, " "1, " "1, " "1, " "1, " "1, " "1, " "1, " "1, " "1, " "1, " "1, " "1, " "1, " "1, " "1, " "1, " "1, " "1, " "1, " "1, " "1, " "1, " "1, " "1, " "1, " "1, " "1, " "1, " "1, " "1, " "1, " "1, " "1, " "1, " "1, " "1, " "1, " "1, " "1, " "1, " "1, " "1, " "1, " "1, " "1, " "1, " "1, " "1, " "1, " "1, " "1, " "1, " "1, " "1, " "1, " "1, " "1, " "1, " "1, " "1, " "1, " "1, " "1, " "1, " "1, " "1, " "1, " "1, " "1, " "1, " "1, " "1, " "1, " "1, " "1, " "1, " "1, " "1, " "1, " "1, " "1, " "1, " "1, " "1, " "1, " "1, " "1, " "1, " "1, " "1, " "1, " "1, " "1, " "1, " "1, " "1, " "1, " "1, " "1, " "1, " "1, " "1, " "1, " "1, " "1, " "1, " "1, " "1, " "1, " "1, " "1, " "1, "5000
 "Nei55, 0.006, " "0.89, " "1, " "1, " "1, " "1, " "1, " "1, " "1, " "1, " "1, " "1, " "1, " "1, " "1, " "1, " "1, " "1, " "1, " "1, " "1, " "1, " "1, " "1, " "1, " "1, " "1, " "1, " "1, " "1, " "1, " "1, " "1, " "1, " "1, " "1, " "1, " "1, " "1, " "1, " "1, " "1, " "1, " "1, " "1, " "1, " "1, " "1, " "1, " "1, " "1, " "1, " "1, " "1, " "1, " "1, " "1, " "0, " "1, " "1, " "1, " "1, " "1, " "1, " "1, " "1, " "1, " "1, " "1, " "1, " "1, " "1, " "1, " "1, " "1, " "1, " "1, " "1, " "1, " "1, " "1, " "1, " "1, " "1, " "1, " "1, " "1, " "1, " "1, " "1, " "1, " "1, " "1, " "1, " "1, " "1, " "1, " "1, " "1, " "1, " "1, " "1, " "1, " "1, " "1, " "1, " "1, " "1, " "1, " "1, " "1, " "1, " "1, " "1, " "1, " "1, " "1, " "1, " "1, " "1, " "1, " "1, " "1, " "1, " "1, " "1, " "1, " "1, " "1, " "1, " "1, " "1, " "1, " "1, " "1, " "1, " "1, " "1, " "1, " "1, " "1, " "1, " "1, " "1, " "1, " "1, " "1, " "1, " "1, " "1, " "1, " "1, " "1, " "1, " "1, " "1, " "1, " "1, " "1, " "1, " "1, " "1, " "1, " "1, " "1, " "1, " "1, " "1, " "1, " "1, " "1, " "1, " "1, " "1, " "1, " "1, " "1, " "1, " "1, " "1, " "1, " "1, " "1, " "1, " "1, " "1, " "1, " "1, " "1, " "1, " "1, " "1, " "1, " "1, " "1, " "1, " "1, " "1, " "1, " "1, " "1, " "1, " "1, " "1, " "1, " "1, " "1, " "1, " "1, " "1, " "1, " "1, " "1, " "1, " "1, " "1, " "1, " "1, " "1, " "1, " "1, " "1, " "1, " "1, " "1, " "1, " "1, " "1, " "1, " "1, " "1, " "1, " "1, " "1, " "1, " "1, " "1, " "1, " "1, " "1, " "1, " "1, " "1, " "1, " "1, " "1, " "1, " "1, " "1, " "1, " "1, " "1, " "1, " "1, " "1, " "1, " "1, " "1, " "1, "5000
 "Nei56, 0.169, " "0.891, " "1, " "1, " "1, " "1, " "1, " "1, " "1, " "1, " "1, " "1, " "1, " "1, " "1, " "1, " "1, " "1, " "1, " "1, " "1, " "1, " "1, " "1, " "1, " "1, " "1, " "1, " "1, " "1, " "1, " "1, " "1, " "1, " "1, " "1, " "1, " "1, " "1, " "1, " "1, " "1, " "1, " "1, " "1, " "1, " "1, " "1, " "1, " "1, " "1, " "1, " "1, " "1, " "1, " "1, " "1, " "1, " "0, " "1, " "1, " "1, " "1, " "1, " "1, " "1, " "1, " "1, " "1, " "1, " "1, " "1, " "1, " "1, " "1, " "1, " "1, " "1, " "1, " "1, " "1, " "1, " "1, " "1, " "1, " "1, " "1, " "1, " "1, " "1, " "1, " "1, " "1, " "1, " "1, " "1, " "1, " "1, " "1, " "1, " "1, " "1, " "1, " "1, " "1, " "1, " "1, " "1, " "1, " "1, " "1, " "1, " "1, " "1, " "1, " "1, " "1, " "1, " "1, " "1, " "1, " "1, " "1, " "1, " "1, " "1, " "1, " "1, " "1, " "1, " "1, " "1, " "1, " "1, " "1, " "1, " "1, " "1, " "1, " "1, " "1, " "1, " "1, " "1, " "1, " "1, " "1, " "1, " "1, " "1, " "1, " "1, " "1, " "1, " "1, " "1, " "1, " "1, " "1, " "1, " "1, " "1, " "1, " "1, " "1, " "1, " "1, " "1, " "1, " "1, " "1, " "1, " "1, " "1, " "1, " "1, " "1, " "1, " "1, " "1, " "1, " "1, " "1, " "1, " "1, " "1, " "1, " "1, " "1, " "1, " "1, " "1, " "1, " "1, " "1, " "1, " "1, " "1, " "1, " "1, " "1, " "1, " "1, " "1, " "1, " "1, " "1, " "1, " "1, " "1, " "1, " "1, " "1, " "1, " "1, " "1, " "1, " "1, " "1, " "1, " "1, " "1, " "1, " "1, " "1, " "1, " "1, " "1, " "1, " "1, " "1, " "1, " "1, " "1, " "1, " "1, " "1, " "1, " "1, " "1, " "1, " "1, " "1, " "1, " "1, " "1, " "1, " "1, " "1, " "1, " "1, " "1, " "1, " "1, " "1, " "1, " "1, " "1, " "1, "5000
 "Nei57, 0.187, " "0.89, " "1, " "1, " "1, " "1, " "1, " "1, " "1, " "1, " "1, " "1, " "1, " "1, " "1, " "1, " "1, " "1, " "1, " "1, " "1, " "1, " "1, " "1, " "1, " "1, " "1, " "1, " "1, " "1, " "1, " "1, " "1, " "1, " "1, " "1, " "1, " "1, " "1, " "1, " "1, " "1, " "1, " "1, " "1, " "1, " "1, " "1, " "1, " "1, " "1, " "1, " "1, " "1, " "1, " "1, " "1, " "1, " "1, " "0, " "1, " "1, " "1, " "1, " "1, " "1, " "1, " "1, " "1, " "1, " "1, " "1, " "1, " "1, " "1, " "1, " "1, " "1, " "1, " "1, " "1, " "1, " "1, " "1, " "1, " "1, " "1, " "1, " "1, " "1, " "1, " "1, " "1, " "1, " "1, " "1, " "1, " "1, " "1, " "1, " "1, " "1, " "1, " "1, " "1, " "1, " "1, " "1, " "1, " "1, " "1, " "1, " "1, " "1, " "1, " "1, " "1, " "1, " "1, " "1, " "1, " "1, " "1, " "1, " "1, " "1, " "1, " "1, " "1, " "1, " "1, " "1, " "1, " "1, " "1, " "1, " "1, " "1, " "1, " "1, " "1, " "1, " "1, " "1, " "1, " "1, " "1, " "1, " "1, " "1, " "1, " "1, " "1, " "1, " "1, " "1, " "1, " "1, " "1, " "1, " "1, " "1, " "1, " "1, " "1, " "1, " "1, " "1, " "1, " "1, " "1, " "1, " "1, " "1, " "1, " "1, " "1, " "1, " "1, " "1, " "1, " "1, " "1, " "1, " "1, " "1, " "1, " "1, " "1, " "1, " "1, " "1, " "1, " "1, " "1, " "1, " "1, " "1, " "1, " "1, " "1, " "1, " "1, " "1, " "1, " "1, " "1, " "1, " "1, " "1, " "1, " "1, " "1, " "1, " "1, " "1, " "1, " "1, " "1, " "1, " "1, " "1, " "1, " "1, " "1, " "1, " "1, " "1, " "1, " "1, " "1, " "1, " "1, " "1, " "1, " "1, " "1, " "1, " "1, " "1, " "1, " "1, " "1, " "1, " "1, " "1, " "1, " "1, " "1, " "1, " "1, " "1, " "1, " "1, " "1, " "1, " "1, " "1, " "1, "5000
 "Nei58, 0.256, " "0.89, " "1, " "1, " "1, " "1, " "1, " "1, " "1, " "1, " "1, " "1, " "1, " "1, " "1, " "1, " "1, " "1, " "1, " "1, " "1, " "1, " "1, " "1, " "1, " "1, " "1, " "1, " "1, " "1, " "1, " "1, " "1, " "1, " "1, " "1, " "1, " "1, " "1, " "1, " "1, " "1, " "1, " "1, " "1, " "1, " "1, " "1, " "1, " "1, " "1, " "1, " "1, " "1, " "1, " "1, " "1, " "1, " "1, " "1, " "0, " "1, " "1, " "1, " "1, " "1, " "1, " "1, " "1, " "1, " "1, " "1, " "1, " "1, " "1, " "1, " "1, " "1, " "1, " "1, " "1, " "1, " "1, " "1, " "1, " "1, " "1, " "1, " "1, " "1, " "1, " "1, " "1, " "1, " "1, " "1, " "1, " "1, " "1, " "1, " "1, " "1, " "1, " "1, " "1, " "1, " "1, " "1, " "1, " "1, " "1, " "1, " "1, " "1, " "1, " "1, " "1, " "1, " "1, " "1, " "1, " "1, " "1, " "1, " "1, " "1, " "1, " "1, " "1, " "1, " "1, " "1, " "1, " "1, " "1, " "1, " "1, " "1, " "1, " "1, " "1, " "1, " "1, " "1, " "1, " "1, " "1, " "1, " "1, " "1, " "1, " "1, " "1, " "1, " "1, " "1, " "1, " "1, " "1, " "1, " "1, " "1, " "1, " "1, " "1, " "1, " "1, " "1, " "1, " "1, " "1, " "1, " "1, " "1, " "1, " "1, " "1, " "1, " "1, " "1, " "1, " "1, " "1, " "1, " "1, " "1, " "1, " "1, " "1, " "1, " "1, " "1, " "1, " "1, " "1, " "1, " "1, " "1, " "1, " "1, " "1, " "1, " "1, " "1, " "1, " "1, " "1, " "1, " "1, " "1, " "1, " "1, " "1, " "1, " "1, " "1, " "1, " "1, " "1, " "1, " "1, " "1, " "1, " "1, " "1, " "1, " "1, " "1, " "1, " "1, " "1, " "1, " "1, " "1, " "1, " "1, " "1, " "1, " "1, " "1, " "1, " "1, " "1, " "1, " "1, " "1, " "1, " "1, " "1, " "1, " "1, " "1, " "1, " "1, " "1, " "1, " "1, " "1, " "1, "5000
 "Nei59, 0.218, " "0.89, " "1, " "1, " "1, " "1, " "1, " "1, " "1, " "1, " "1, " "1, " "1, " "1, " "1, " "1, " "1, " "1, " "1, " "1, " "1, " "1, " "1, " "1, " "1, " "1, " "1, " "1, " "1, " "1, " "1, " "1, " "1, " "1, " "1, " "1, " "1, " "1, " "1, " "1, " "1, " "1, " "1, " "1, " "1, " "1, " "1, " "1, " "1, " "1, " "1, " "1, " "1, " "1, " "1, " "1, " "1, " "1, " "1, " "1, " "1, " "0, " "1, " "1, " "1, " "1, " "1, " "1, " "1, " "1, " "1, " "1, " "1, " "1, " "1, " "1, " "1, " "1, " "1, " "1, " "1, " "1, " "1, " "1, " "1, " "1, " "1, " "1, " "1, " "1, " "1, " "1, " "1, " "1, " "1, " "1, " "1, " "1, " "1, " "1, " "1, " "1, " "1, " "1, " "1, " "1, " "1, " "1, " "1, " "1, " "1, " "1, " "1, " "1, " "1, " "1, " "1, " "1, " "1, " "1, " "1, " "1, " "1, " "1, " "1, " "1, " "1, " "1, " "1, " "1, " "1, " "1, " "1, " "1, " "1, " "1, " "1, " "1, " "1, " "1, " "1, " "1, " "1, " "1, " "1, " "1, " "1, " "1, " "1, " "1, " "1, " "1, " "1, " "1, " "1, " "1, " "1, " "1, " "1, " "1, " "1, " "1, " "1, " "1, " "1, " "1, " "1, " "1, " "1, " "1, " "1, " "1, " "1, " "1, " "1, " "1, " "1, " "1, " "1, " "1, " "1, " "1, " "1, " "1, " "1, " "1, " "1, " "1, " "1, " "1, " "1, " "1, " "1, " "1, " "1, " "1, " "1, " "1, " "1, " "1, " "1, " "1, " "1, " "1, " "1, " "1, " "1, " "1, " "1, " "1, " "1, " "1, " "1, " "1, " "1, " "1, " "1, " "1, " "1, " "1, " "1, " "1, " "1, " "1, " "1, " "1, " "1, " "1, " "1, " "1, " "1, " "1, " "1, " "1, " "1, " "1, " "1, " "1, " "1, " "1, " "1, " "1, " "1, " "1, " "1, " "1, " "1, " "1, " "1, " "1, " "1, " "1, " "1, " "1, " "1, " "1, " "1, " "1, " "1, "5000
 "Nei60, 0.28, " "0.89, " "1, " "1, " "1, " "1, " "1, " "1, " "1, " "1, " "1, " "1, " "1, " "1, " "1, " "1, " "1, " "1, " "1, " "1, " "1, " "1, " "1, " "1, " "1, " "1, " "1, " "1, " "1, " "1, " "1, " "1, " "1, " "1, " "1, " "1, " "1, " "1, " "1, " "1, " "1, " "1, " "1, " "1, " "1, " "1, " "1, " "1, " "1, " "1, " "1, " "1, " "1, " "1, " "1, " "1, " "1, " "1, " "1, " "1, " "1, " "1, " "0, " "1, " "1, " "1, " "1, " "1, " "1, " "1, " "1, " "1, " "1, " "1, " "1, " "1, " "1, " "1, " "1, " "1, " "1, " "1, " "1, " "1, " "1, " "1, " "1, " "1, " "1, " "1, " "1, " "1, " "1, " "1, " "1, " "1, " "1, " "1, " "1, " "1, " "1, " "1, " "1, " "1, " "1, " "1, " "1, " "1, " "1, " "1, " "1, " "1, " "1, " "1, " "1, " "1, " "1, " "1, " "1, " "1, " "1, " "1, " "1, " "1, " "1, " "1, " "1, " "1, " "1, " "1, " "1, " "1, " "1, " "1, " "1, " "1, " "1, " "1, " "1, " "1, " "1, " "1, " "1, " "1, " "1, " "1, " "1, " "1, " "1, " "1, " "1, " "1, " "1, " "1, " "1, " "1, " "1, " "1, " "1, " "1, " "1, " "1, " "1, " "1, " "1, " "1, " "1, " "1, " "1, " "1, " "1, " "1, " "1, " "1, " "1, " "1, " "1, " "1, " "1, " "1, " "1, " "1, " "1, " "1, " "1, " "1, " "1, " "1, " "1, " "1, " "1, " "1, " "1, " "1, " "1, " "1, " "1, " "1, " "1, " "1, " "1, " "1, " "1, " "1, " "1, " "1, " "1, " "1, " "1, " "1, " "1, " "1, " "1, " "1, " "1, " "1, " "1, " "1, " "1, " "1, " "1, " "1, " "1, " "1, " "1, " "1, " "1, " "1, " "1, " "1, " "1, " "1, " "1, " "1, " "1, " "1, " "1, " "1, " "1, " "1, " "1, " "1, " "1, " "1, " "1, " "1, " "1, " "1, " "1, " "1, " "1, " "1, " "1, " "1, " "1, " "1, " "1, " "1, " "1, "5000
 "Nei61, 0.221, " "0.891, " "1, " "1, " "1, " "1, " "1, " "1, " "1, " "1, " "1, " "1, " "1, " "1, " "1, " "1, " "1, " "1, " "1, " "1, " "1, " "1, " "1, " "1, " "1, " "1, " "1, " "1, " "1, " "1, " "1, " "1, " "1, " "1, " "1, " "1, " "1, " "1, " "1, " "1, " "1, " "1, " "1, " "1, " "1, " "1, " "1, " "1, " "1, " "1, " "1, " "1, " "1, " "1, " "1, " "1, " "1, " "1, " "1, " "1, " "1, " "1, " "1, " "0, " "1, " "1, " "1, " "1, " "1, " "1, " "1, " "1, " "1, " "1, " "1, " "1, " "1, " "1, " "1, " "1, " "1, " "1, " "1, " "1, " "1, " "1, " "1, " "1, " "1, " "1, " "1, " "1, " "1, " "1, " "1, " "1, " "1, " "1, " "1, " "1, " "1, " "1, " "1, " "1, " "1, " "1, " "1, " "1, " "1, " "1, " "1, " "1, " "1, " "1, " "1, " "1, " "1, " "1, " "1, " "1, " "1, " "1, " "1, " "1, " "1, " "1, " "1, " "1, " "1, " "1, " "1, " "1, " "1, " "1, " "1, " "1, " "1, " "1, " "1, " "1, " "1, " "1, " "1, " "1, " "1, " "1, " "1, " "1, " "1, " "1, " "1, " "1, " "1, " "1, " "1, " "1, " "1, " "1, " "1, " "1, " "1, " "1, " "1, " "1, " "1, " "1, " "1, " "1, " "1, " "1, " "1, " "1, " "1, " "1, " "1, " "1, " "1, " "1, " "1, " "1, " "1, " "1, " "1, " "1, " "1, " "1, " "1, " "1, " "1, " "1, " "1, " "1, " "1, " "1, " "1, " "1, " "1, " "1, " "1, " "1, " "1, " "1, " "1, " "1, " "1, " "1, " "1, " "1, " "1, " "1, " "1, " "1, " "1, " "1, " "1, " "1, " "1, " "1, " "1, " "1, " "1, " "1, " "1, " "1, " "1, " "1, " "1, " "1, " "1, " "1, " "1, " "1, " "1, " "1, " "1, " "1, " "1, " "1, " "1, " "1, " "1, " "1, " "1, " "1, " "1, " "1, " "1, " "1, " "1, " "1, " "1, " "1, " "1, " "1, " "1, " "1, " "1, " "1, " "1, "5000
 "Nei62, 0.239, " "0.89, " "1, " "1, " "1, " "1, " "1, " "1, " "1, " "1, " "1, " "1, " "1, " "1, " "1, " "1, " "1, " "1, " "1, " "1, " "1, " "1, " "1, " "1, " "1, " "1, " "1, " "1, " "1, " "1, " "1, " "1, " "1, " "1, " "1, " "1, " "1, " "1, " "1, " "1, " "1, " "1, " "1, " "1, " "1, " "1, " "1, " "1, " "1, " "1, " "1, " "1, " "1, " "1, " "1, " "1, " "1, " "1, " "1, " "1, " "1, " "1, " "1, " "1, " "0, " "1, " "1, " "1, " "1, " "1, " "1, " "1, " "1, " "1, " "1, " "1, " "1, " "1, " "1, " "1, " "1, " "1, " "1, " "1, " "1, " "1, " "1, " "1, " "1, " "1, " "1, " "1, " "1, " "1, " "1, " "1, " "1, " "1, " "1, " "1, " "1, " "1, " "1, " "1, " "1, " "1, " "1, " "1, " "1, " "1, " "1, " "1, " "1, " "1, " "1, " "1, " "1, " "1, " "1, " "1, " "1, " "1, " "1, " "1, " "1, " "1, " "1, " "1, " "1, " "1, " "1, " "1, " "1, " "1, " "1, " "1, " "1, " "1, " "1, " "1, " "1, " "1, " "1, " "1, " "1, " "1, " "1, " "1, " "1, " "1, " "1, " "1, " "1, " "1, " "1, " "1, " "1, " "1, " "1, " "1, " "1, " "1, " "1, " "1, " "1, " "1, " "1, " "1, " "1, " "1, " "1, " "1, " "1, " "1, " "1, " "1, " "1, " "1, " "1, " "1, " "1, " "1, " "1, " "1, " "1, " "1, " "1, " "1, " "1, " "1, " "1, " "1, " "1, " "1, " "1, " "1, " "1, " "1, " "1, " "1, " "1, " "1, " "1, " "1, " "1, " "1, " "1, " "1, " "1, " "1, " "1, " "1, " "1, " "1, " "1, " "1, " "1, " "1, " "1, " "1, " "1, " "1, " "1, " "1, " "1, " "1, " "1, " "1, " "1, " "1, " "1, " "1, " "1, " "1, " "1, " "1, " "1, " "1, " "1, " "1, " "1, " "1, " "1, " "1, " "1, " "1, " "1, " "1, " "1, " "1, " "1, " "1, " "1, " "1, " "1, " "1, " "1, " "1, " "1, "5000
 "Nei63, 0.04, " "0.89, " "1, " "1, " "1, " "1, " "1, " "1, " "1, " "1, " "1, " "1, " "1, " "1, " "1, " "1, " "1, " "1, " "1, " "1, " "1, " "1, " "1, " "1, " "1, " "1, " "1, " "1, " "1, " "1, " "1, " "1, " "1, " "1, " "1, " "1, " "1, " "1, " "1, " "1, " "1, " "1, " "1, " "1, " "1, " "1, " "1, " "1, " "1, " "1, " "1, " "1, " "1, " "1, " "1, " "1, " "1, " "1, " "1, " "1, " "1, " "1, " "1, " "1, " "1, " "0, " "1, " "1, " "1, " "1, " "1, " "1, " "1, " "1, " "1, " "1, " "1, " "1, " "1, " "1, " "1, " "1, " "1, " "1, " "1, " "1, " "1, " "1, " "1, " "1, " "1, " "1, " "1, " "1, " "1, " "1, " "1, " "1, " "1, " "1, " "1, " "1, " "1, " "1, " "1, " "1, " "1, " "1, " "1, " "1, " "1, " "1, " "1, " "1, " "1, " "1, " "1, " "1, " "1, " "1, " "1, " "1, " "1, " "1, " "1, " "1, " "1, " "1, " "1, " "1, " "1, " "1, " "1, " "1, " "1, " "1, " "1, " "1, " "1, " "1, " "1, " "1, " "1, " "1, " "1, " "1, " "1, " "1, " "1, " "1, " "1, " "1, " "1, " "1, " "1, " "1, " "1, " "1, " "1, " "1, " "1, " "1, " "1, " "1, " "1, " "1, " "1, " "1, " "1, " "1, " "1, " "1, " "1, " "1, " "1, " "1, " "1, " "1, " "1, " "1, " "1, " "1, " "1, " "1, " "1, " "1, " "1, " "1, " "1, " "1, " "1, " "1, " "1, " "1, " "1, " "1, " "1, " "1, " "1, " "1, " "1, " "1, " "1, " "1, " "1, " "1, " "1, " "1, " "1, " "1, " "1, " "1, " "1, " "1, " "1, " "1, " "1, " "1, " "1, " "1, " "1, " "1, " "1, " "1, " "1, " "1, " "1, " "1, " "1, " "1, " "1, " "1, " "1, " "1, " "1, " "1, " "1, " "1, " "1, " "1, " "1, " "1, " "1, " "1, " "1, " "1, " "1, " "1, " "1, " "1, " "1, " "1, " "1, " "1, " "1, " "1, " "1, " "1, " "1, "5000
 "Nei64, 0.342, " "0.886, " "1, " "1, " "1, " "1, " "1, " "1, " "1, " "1, " "1, " "1, " "1, " "1, " "1, " "1, " "1, " "1, " "1, " "1, " "1, " "1, " "1, " "1, " "1, " "1, " "1, " "1, " "1, " "1, " "1, " "1, " "1, " "1, " "1, " "1, " "1, " "1, " "1, " "1, " "1, " "1, " "1, " "1, " "1, " "1, " "1, " "1, " "1, " "1, " "1, " "1, " "1, " "1, " "1, " "1, " "1, " "1, " "1, " "1, " "1, " "1, " "1, " "1, " "1, " "1, " "0, " "1, " "1, " "1, " "1, " "1, " "1, " "1, " "1, " "1, " "1, " "1, " "1, " "1, " "1, " "1, " "1, " "1, " "1, " "1, " "1, " "1, " "1, " "1, " "1, " "1, " "1, " "1, " "1, " "1, " "1, " "1, " "1, " "1, " "1, " "1, " "1, " "1, " "1, " "1, " "1, " "1, " "1, " "1, " "1, " "1, " "1, " "1, " "1, " "1, " "1, " "1, " "1, " "1, " "1, " "1, " "1, " "1, " "1, " "1, " "1, " "1, " "1, " "1, " "1, " "1, " "1, " "1, " "1, " "1, " "1, " "1, " "1, " "1, " "1, " "1, " "1, " "1, " "1, " "1, " "1, " "1, " "1, " "1, " "1, " "1, " "1, " "1, " "1, " "1, " "1, " "1, " "1, " "1, " "1, " "1, " "1, " "1, " "1, " "1, " "1, " "1, " "1, " "1, " "1, " "1, " "1, " "1, " "1, " "1, " "1, " "1, " "1, " "1, " "1, " "1, " "1, " "1, " "1, " "1, " "1, " "1, " "1, " "1, " "1, " "1, " "1, " "1, " "1, " "1, " "1, " "1, " "1, " "1, " "1, " "1, " "1, " "1, " "1, " "1, " "1, " "1, " "1, " "1, " "1, " "1, " "1, " "1, " "1, " "1, " "1, " "1, " "1, " "1, " "1, " "1, " "1, " "1, " "1, " "1, " "1, " "1, " "1, " "1, " "1, " "1, " "1, " "1, " "1, " "1, " "1, " "1, " "1, " "1, " "1, " "1, " "1, " "1, " "1, " "1, " "1, " "1, " "1, " "1, " "1, " "1, " "1, " "1, " "1, " "1, " "1, " "1, " "1, "5000
 "Nei65, 0.142, " "0.89, " "1, " "1, " "1, " "1, " "1, " "1, " "1, " "1, " "1, " "1, " "1, " "1, " "1, " "1, " "1, " "1, " "1, " "1, " "1, " "1, " "1, " "1, " "1, " "1, " "1, " "1, " "1, " "1, " "1, " "1, " "1, " "1, " "1, " "1, " "1, " "1, " "1, " "1, " "1, " "1, " "1, " "1, " "1, " "1, " "1, " "1, " "1, " "1, " "1, " "1, " "1, " "1, " "1, " "1, " "1, " "1, " "1, " "1, " "1, " "1, " "1, " "1, " "1, " "1, " "1, " "0, " "1, " "1, " "1, " "1, " "1, " "1, " "1, " "1, " "1, " "1, " "1, " "1, " "1, " "1, " "1, " "1, " "1, " "1, " "1, " "1, " "1, " "1, " "1, " "1, " "1, " "1, " "1, " "1, " "1, " "1, " "1, " "1, " "1, " "1, " "1, " "1, " "1, " "1, " "1, " "1, " "1, " "1, " "1, " "1, " "1, " "1, " "1, " "1, " "1, " "1, " "1, " "1, " "1, " "1, " "1, " "1, " "1, " "1, " "1, " "1, " "1, " "1, " "1, " "1, " "1, " "1, " "1, " "1, " "1, " "1, " "1, " "1, " "1, " "1, " "1, " "1, " "1, " "1, " "1, " "1, " "1, " "1, " "1, " "1, " "1, " "1, " "1, " "1, " "1, " "1, " "1, " "1, " "1, " "1, " "1, " "1, " "1, " "1, " "1, " "1, " "1, " "1, " "1, " "1, " "1, " "1, " "1, " "1, " "1, " "1, " "1, " "1, " "1, " "1, " "1, " "1, " "1, " "1, " "1, " "1, " "1, " "1, " "1, " "1, " "1, " "1, " "1, " "1, " "1, " "1, " "1, " "1, " "1, " "1, " "1, " "1, " "1, " "1, " "1, " "1, " "1, " "1, " "1, " "1, " "1, " "1, " "1, " "1, " "1, " "1, " "1, " "1, " "1, " "1, " "1, " "1, " "1, " "1, " "1, " "1, " "1, " "1, " "1, " "1, " "1, " "1, " "1, " "1, " "1, " "1, " "1, " "1, " "1, " "1, " "1, " "1, " "1, " "1, " "1, " "1, " "1, " "1, " "1, " "1, " "1, " "1, " "1, " "1, " "1, " "1, " "1, "5000
 "Nei66, 0.314, " "0.885, " "1, " "1, " "1, " "1, " "1, " "1, " "1, " "1, " "1, " "1, " "1, " "1, " "1, " "1, " "1, " "1, " "1, " "1, " "1, " "1, " "1, " "1, " "1, " "1, " "1, " "1, " "1, " "1, " "1, " "1, " "1, " "1, " "1, " "1, " "1, " "1, " "1, " "1, " "1, " "1, " "1, " "1, " "1, " "1, " "1, " "1, " "1, " "1, " "1, " "1, " "1, " "1, " "1, " "1, " "1, " "1, " "1, " "1, " "1, " "1, " "1, " "1, " "1, " "1, " "1, " "1, " "0, " "1, " "1, " "1, " "1, " "1, " "1, " "1, " "1, " "1, " "1, " "1, " "1, " "1, " "1, " "1, " "1, " "1, " "1, " "1, " "1, " "1, " "1, " "1, " "1, " "1, " "1, " "1, " "1, " "1, " "1, " "1, " "1, " "1, " "1, " "1, " "1, " "1, " "1, " "1, " "1, " "1, " "1, " "1, " "1, " "1, " "1, " "1, " "1, " "1, " "1, " "1, " "1, " "1, " "1, " "1, " "1, " "1, " "1, " "1, " "1, " "1, " "1, " "1, " "1, " "1, " "1, " "1, " "1, " "1, " "1, " "1, " "1, " "1, " "1, " "1, " "1, " "1, " "1, " "1, " "1, " "1, " "1, " "1, " "1, " "1, " "1, " "1, " "1, " "1, " "1, " "1, " "1, " "1, " "1, " "1, " "1, " "1, " "1, " "1, " "1, " "1, " "1, " "1, " "1, " "1, " "1, " "1, " "1, " "1, " "1, " "1, " "1, " "1, " "1, " "1, " "1, " "1, " "1, " "1, " "1, " "1, " "1, " "1, " "1, " "1, " "1, " "1, " "1, " "1, " "1, " "1, " "1, " "1, " "1, " "1, " "1, " "1, " "1, " "1, " "1, " "1, " "1, " "1, " "1, " "1, " "1, " "1, " "1, " "1, " "1, " "1, " "1, " "1, " "1, " "1, " "1, " "1, " "1, " "1, " "1, " "1, " "1, " "1, " "1, " "1, " "1, " "1, " "1, " "1, " "1, " "1, " "1, " "1, " "1, " "1, " "1, " "1, " "1, " "1, " "1, " "1, " "1, " "1, " "1, " "1, " "1, " "1, " "1, " "1, " "1, "5000
 "Nei67, 0.301, " "0.885, " "1, " "1, " "1, " "1, " "1, " "1, " "1, " "1, " "1, " "1, " "1, " "1, " "1, " "1, " "1, " "1, " "1, " "1, " "1, " "1, " "1, " "1, " "1, " "1, " "1, " "1, " "1, " "1, " "1, " "1, " "1, " "1, " "1, " "1, " "1, " "1, " "1, " "1, " "1, " "1, " "1, " "1, " "1, " "1, " "1, " "1, " "1, " "1, " "1, " "1, " "1, " "1, " "1, " "1, " "1, " "1, " "1, " "1, " "1, " "1, " "1, " "1, " "1, " "1, " "1, " "1, " "1, " "0, " "1, " "1, " "1, " "1, " "1, " "1, " "1, " "1, " "1, " "1, " "1, " "1, " "1, " "1, " "1, " "1, " "1, " "1, " "1, " "1, " "1, " "1, " "1, " "1, " "1, " "1, " "1, " "1, " "1, " "1, " "1, " "1, " "1, " "1, " "1, " "1, " "1, " "1, " "1, " "1, " "1, " "1, " "1, " "1, " "1, " "1, " "1, " "1, " "1, " "1, " "1, " "1, " "1, " "1, " "1, " "1, " "1, " "1, " "1, " "1, " "1, " "1, " "1, " "1, " "1, " "1, " "1, " "1, " "1, " "1, " "1, " "1, " "1, " "1, " "1, " "1, " "1, " "1, " "1, " "1, " "1, " "1, " "1, " "1, " "1, " "1, " "1, " "1, " "1, " "1, " "1, " "1, " "1, " "1, " "1, " "1, " "1, " "1, " "1, " "1, " "1, " "1, " "1, " "1, " "1, " "1, " "1, " "1, " "1, " "1, " "1, " "1, " "1, " "1, " "1, " "1, " "1, " "1, " "1, " "1, " "1, " "1, " "1, " "1, " "1, " "1, " "1, " "1, " "1, " "1, " "1, " "1, " "1, " "1, " "1, " "1, " "1, " "1, " "1, " "1, " "1, " "1, " "1, " "1, " "1, " "1, " "1, " "1, " "1, " "1, " "1, " "1, " "1, " "1, " "1, " "1, " "1, " "1, " "1, " "1, " "1, " "1, " "1, " "1, " "1, " "1, " "1, " "1, " "1, " "1, " "1, " "1, " "1, " "1, " "1, " "1, " "1, " "1, " "1, " "1, " "1, " "1, " "1, " "1, " "1, " "1, " "1, " "1, " "1, "5000
 "Nei68, 0.124, " "0.89, " "1, " "1, " "1, " "1, " "1, " "1, " "1, " "1, " "1, " "1, " "1, " "1, " "1, " "1, " "1, " "1, " "1, " "1, " "1, " "1, " "1, " "1, " "1, " "1, " "1, " "1, " "1, " "1, " "1, " "1, " "1, " "1, " "1, " "1, " "1, " "1, " "1, " "1, " "1, " "1, " "1, " "1, " "1, " "1, " "1, " "1, " "1, " "1, " "1, " "1, " "1, " "1, " "1, " "1, " "1, " "1, " "1, " "1, " "1, " "1, " "1, " "1, " "1, " "1, " "1, " "1, " "1, " "1, " "0, " "1, " "1, " "1, " "1, " "1, " "1, " "1, " "1, " "1, " "1, " "1, " "1, " "1, " "1, " "1, " "1, " "1, " "1, " "1, " "1, " "1, " "1, " "1, " "1, " "1, " "1, " "1, " "1, " "1, " "1, " "1, " "1, " "1, " "1, " "1, " "1, " "1, " "1, " "1, " "1, " "1, " "1, " "1, " "1, " "1, " "1, " "1, " "1, " "1, " "1, " "1, " "1, " "1, " "1, " "1, " "1, " "1, " "1, " "1, " "1, " "1, " "1, " "1, " "1, " "1, " "1, " "1, " "1, " "1, " "1, " "1, " "1, " "1, " "1, " "1, " "1, " "1, " "1, " "1, " "1, " "1, " "1, " "1, " "1, " "1, " "1, " "1, " "1, " "1, " "1, " "1, " "1, " "1, " "1, " "1, " "1, " "1, " "1, " "1, " "1, " "1, " "1, " "1, " "1, " "1, " "1, " "1, " "1, " "1, " "1, " "1, " "1, " "1, " "1, " "1, " "1, " "1, " "1, " "1, " "1, " "1, " "1, " "1, " "1, " "1, " "1, " "1, " "1, " "1, " "1, " "1, " "1, " "1, " "1, " "1, " "1, " "1, " "1, " "1, " "1, " "1, " "1, " "1, " "1, " "1, " "1, " "1, " "1, " "1, " "1, " "1, " "1, " "1, " "1, " "1, " "1, " "1, " "1, " "1, " "1, " "1, " "1, " "1, " "1, " "1, " "1, " "1, " "1, " "1, " "1, " "1, " "1, " "1, " "1, " "1, " "1, " "1, " "1, " "1, " "1, " "1, " "1, " "1, " "1, " "1, " "1, " "1, " "1, "5000
 "Nei69, 0.09, " "0.89, " "1, " "1, " "1, " "1, " "1, " "1, " "1, " "1, " "1, " "1, " "1, " "1, " "1, " "1, " "1, " "1, " "1, " "1, " "1, " "1, " "1, " "1, " "1, " "1, " "1, " "1, " "1, " "1, " "1, " "1, " "1, " "1, " "1, " "1, " "1, " "1, " "1, " "1, " "1, " "1, " "1, " "1, " "1, " "1, " "1, " "1, " "1, " "1, " "1, " "1, " "1, " "1, " "1, " "1, " "1, " "1, " "1, " "1, " "1, " "1, " "1, " "1, " "1, " "1, " "1, " "1, " "1, " "1, " "1, " "0, " "1, " "1, " "1, " "1, " "1, " "1, " "1, " "1, " "1, " "1, " "1, " "1, " "1, " "1, " "1, " "1, " "1, " "1, " "1, " "1, " "1, " "1, " "1, " "1, " "1, " "1, " "1, " "1, " "1, " "1, " "1, " "1, " "1, " "1, " "1, " "1, " "1, " "1, " "1, " "1, " "1, " "1, " "1, " "1, " "1, " "1, " "1, " "1, " "1, " "1, " "1, " "1, " "1, " "1, " "1, " "1, " "1, " "1, " "1, " "1, " "1, " "1, " "1, " "1, " "1, " "1, " "1, " "1, " "1, " "1, " "1, " "1, " "1, " "1, " "1, " "1, " "1, " "1, " "1, " "1, " "1, " "1, " "1, " "1, " "1, " "1, " "1, " "1, " "1, " "1, " "1, " "1, " "1, " "1, " "1, " "1, " "1, " "1, " "1, " "1, " "1, " "1, " "1, " "1, " "1, " "1, " "1, " "1, " "1, " "1, " "1, " "1, " "1, " "1, " "1, " "1, " "1, " "1, " "1, " "1, " "1, " "1, " "1, " "1, " "1, " "1, " "1, " "1, " "1, " "1, " "1, " "1, " "1, " "1, " "1, " "1, " "1, " "1, " "1, " "1, " "1, " "1, " "1, " "1, " "1, " "1, " "1, " "1, " "1, " "1, " "1, " "1, " "1, " "1, " "1, " "1, " "1, " "1, " "1, " "1, " "1, " "1, " "1, " "1, " "1, " "1, " "1, " "1, " "1, " "1, " "1, " "1, " "1, " "1, " "1, " "1, " "1, " "1, " "1, " "1, " "1, " "1, " "1, " "1, " "1, " "1, " "1, "5000
 "Nei70, 0.172, " "0.89, " "1, " "1, " "1, " "1, " "1, " "1, " "1, " "1, " "1, " "1, " "1, " "1, " "1, " "1, " "1, " "1, " "1, " "1, " "1, " "1, " "1, " "1, " "1, " "1, " "1, " "1, " "1, " "1, " "1, " "1, " "1, " "1, " "1, " "1, " "1, " "1, " "1, " "1, " "1, " "1, " "1, " "1, " "1, " "1, " "1, " "1, " "1, " "1, " "1, " "1, " "1, " "1, " "1, " "1, " "1, " "1, " "1, " "1, " "1, " "1, " "1, " "1, " "1, " "1, " "1, " "1, " "1, " "1, " "1, " "1, " "0, " "1, " "1, " "1, " "1, " "1, " "1, " "1, " "1, " "1, " "1, " "1, " "1, " "1, " "1, " "1, " "1, " "1, " "1, " "1, " "1, " "1, " "1, " "1, " "1, " "1, " "1, " "1, " "1, " "1, " "1, " "1, " "1, " "1, " "1, " "1, " "1, " "1, " "1, " "1, " "1, " "1, " "1, " "1, " "1, " "1, " "1, " "1, " "1, " "1, " "1, " "1, " "1, " "1, " "1, " "1, " "1, " "1, " "1, " "1, " "1, " "1, " "1, " "1, " "1, " "1, " "1, " "1, " "1, " "1, " "1, " "1, " "1, " "1, " "1, " "1, " "1, " "1, " "1, " "1, " "1, " "1, " "1, " "1, " "1, " "1, " "1, " "1, " "1, " "1, " "1, " "1, " "1, " "1, " "1, " "1, " "1, " "1, " "1, " "1, " "1, " "1, " "1, " "1, " "1, " "1, " "1, " "1, " "1, " "1, " "1, " "1, " "1, " "1, " "1, " "1, " "1, " "1, " "1, " "1, " "1, " "1, " "1, " "1, " "1, " "1, " "1, " "1, " "1, " "1, " "1, " "1, " "1, " "1, " "1, " "1, " "1, " "1, " "1, " "1, " "1, " "1, " "1, " "1, " "1, " "1, " "1, " "1, " "1, " "1, " "1, " "1, " "1, " "1, " "1, " "1, " "1, " "1, " "1, " "1, " "1, " "1, " "1, " "1, " "1, " "1, " "1, " "1, " "1, " "1, " "1, " "1, " "1, " "1, " "1, " "1, " "1, " "1, " "1, " "1, " "1, " "1, " "1, " "1, " "1, " "1, " "1, "5000
 "Nei71, 0.226, " "0.89, " "1, " "1, " "1, " "1, " "1, " "1, " "1, " "1, " "1, " "1, " "1, " "1, " "1, " "1, " "1, " "1, " "1, " "1, " "1, " "1, " "1, " "1, " "1, " "1, " "1, " "1, " "1, " "1, " "1, " "1, " "1, " "1, " "1, " "1, " "1, " "1, " "1, " "1, " "1, " "1, " "1, " "1, " "1, " "1, " "1, " "1, " "1, " "1, " "1, " "1, " "1, " "1, " "1, " "1, " "1, " "1, " "1, " "1, " "1, " "1, " "1, " "1, " "1, " "1, " "1, " "1, " "1, " "1, " "1, " "1, " "1, " "0, " "1, " "1, " "1, " "1, " "1, " "1, " "1, " "1, " "1, " "1, " "1, " "1, " "1, " "1, " "1, " "1, " "1, " "1, " "1, " "1, " "1, " "1, " "1, " "1, " "1, " "1, " "1, " "1, " "1, " "1, " "1, " "1, " "1, " "1, " "1, " "1, " "1, " "1, " "1, " "1, " "1, " "1, " "1, " "1, " "1, " "1, " "1, " "1, " "1, " "1, " "1, " "1, " "1, " "1, " "1, " "1, " "1, " "1, " "1, " "1, " "1, " "1, " "1, " "1, " "1, " "1, " "1, " "1, " "1, " "1, " "1, " "1, " "1, " "1, " "1, " "1, " "1, " "1, " "1, " "1, " "1, " "1, " "1, " "1, " "1, " "1, " "1, " "1, " "1, " "1, " "1, " "1, " "1, " "1, " "1, " "1, " "1, " "1, " "1, " "1, " "1, " "1, " "1, " "1, " "1, " "1, " "1, " "1, " "1, " "1, " "1, " "1, " "1, " "1, " "1, " "1, " "1, " "1, " "1, " "1, " "1, " "1, " "1, " "1, " "1, " "1, " "1, " "1, " "1, " "1, " "1, " "1, " "1, " "1, " "1, " "1, " "1, " "1, " "1, " "1, " "1, " "1, " "1, " "1, " "1, " "1, " "1, " "1, " "1, " "1, " "1, " "1, " "1, " "1, " "1, " "1, " "1, " "1, " "1, " "1, " "1, " "1, " "1, " "1, " "1, " "1, " "1, " "1, " "1, " "1, " "1, " "1, " "1, " "1, " "1, " "1, " "1, " "1, " "1, " "1, " "1, " "1, " "1, " "1, " "1, "5000
 "Nei72, 0.388, " "0.886, " "1, " "1, " "1, " "1, " "1, " "1, " "1, " "1, " "1, " "1, " "1, " "1, " "1, " "1, " "1, " "1, " "1, " "1, " "1, " "1, " "1, " "1, " "1, " "1, " "1, " "1, " "1, " "1, " "1, " "1, " "1, " "1, " "1, " "1, " "1, " "1, " "1, " "1, " "1, " "1, " "1, " "1, " "1, " "1, " "1, " "1, " "1, " "1, " "1, " "1, " "1, " "1, " "1, " "1, " "1, " "1, " "1, " "1, " "1, " "1, " "1, " "1, " "1, " "1, " "1, " "1, " "1, " "1, " "1, " "1, " "1, " "1, " "0, " "1, " "1, " "1, " "1, " "1, " "1, " "1, " "1, " "1, " "1, " "1, " "1, " "1, " "1, " "1, " "1, " "1, " "1, " "1, " "1, " "1, " "1, " "1, " "1, " "1, " "1, " "1, " "1, " "1, " "1, " "1, " "1, " "1, " "1, " "1, " "1, " "1, " "1, " "1, " "1, " "1, " "1, " "1, " "1, " "1, " "1, " "1, " "1, " "1, " "1, " "1, " "1, " "1, " "1, " "1, " "1, " "1, " "1, " "1, " "1, " "1, " "1, " "1, " "1, " "1, " "1, " "1, " "1, " "1, " "1, " "1, " "1, " "1, " "1, " "1, " "1, " "1, " "1, " "1, " "1, " "1, " "1, " "1, " "1, " "1, " "1, " "1, " "1, " "1, " "1, " "1, " "1, " "1, " "1, " "1, " "1, " "1, " "1, " "1, " "1, " "1, " "1, " "1, " "1, " "1, " "1, " "1, " "1, " "1, " "1, " "1, " "1, " "1, " "1, " "1, " "1, " "1, " "1, " "1, " "1, " "1, " "1, " "1, " "1, " "1, " "1, " "1, " "1, " "1, " "1, " "1, " "1, " "1, " "1, " "1, " "1, " "1, " "1, " "1, " "1, " "1, " "1, " "1, " "1, " "1, " "1, " "1, " "1, " "1, " "1, " "1, " "1, " "1, " "1, " "1, " "1, " "1, " "1, " "1, " "1, " "1, " "1, " "1, " "1, " "1, " "1, " "1, " "1, " "1, " "1, " "1, " "1, " "1, " "1, " "1, " "1, " "1, " "1, " "1, " "1, " "1, " "1, " "1, " "1, "5000
 "Nei73, 0.104, " "0.89, " "1, " "1, " "1, " "1, " "1, " "1, " "1, " "1, " "1, " "1, " "1, " "1, " "1, " "1, " "1, " "1, " "1, " "1, " "1, " "1, " "1, " "1, " "1, " "1, " "1, " "1, " "1, " "1, " "1, " "1, " "1, " "1, " "1, " "1, " "1, " "1, " "1, " "1, " "1, " "1, " "1, " "1, " "1, " "1, " "1, " "1, " "1, " "1, " "1, " "1, " "1, " "1, " "1, " "1, " "1, " "1, " "1, " "1, " "1, " "1, " "1, " "1, " "1, " "1, " "1, " "1, " "1, " "1, " "1, " "1, " "1, " "1, " "1, " "0, " "1, " "1, " "1, " "1, " "1, " "1, " "1, " "1, " "1, " "1, " "1, " "1, " "1, " "1, " "1, " "1, " "1, " "1, " "1, " "1, " "1, " "1, " "1, " "1, " "1, " "1, " "1, " "1, " "1, " "1, " "1, " "1, " "1, " "1, " "1, " "1, " "1, " "1, " "1, " "1, " "1, " "1, " "1, " "1, " "1, " "1, " "1, " "1, " "1, " "1, " "1, " "1, " "1, " "1, " "1, " "1, " "1, " "1, " "1, " "1, " "1, " "1, " "1, " "1, " "1, " "1, " "1, " "1, " "1, " "1, " "1, " "1, " "1, " "1, " "1, " "1, " "1, " "1, " "1, " "1, " "1, " "1, " "1, " "1, " "1, " "1, " "1, " "1, " "1, " "1, " "1, " "1, " "1, " "1, " "1, " "1, " "1, " "1, " "1, " "1, " "1, " "1, " "1, " "1, " "1, " "1, " "1, " "1, " "1, " "1, " "1, " "1, " "1, " "1, " "1, " "1, " "1, " "1, " "1, " "1, " "1, " "1, " "1, " "1, " "1, " "1, " "1, " "1, " "1, " "1, " "1, " "1, " "1, " "1, " "1, " "1, " "1, " "1, " "1, " "1, " "1, " "1, " "1, " "1, " "1, " "1, " "1, " "1, " "1, " "1, " "1, " "1, " "1, " "1, " "1, " "1, " "1, " "1, " "1, " "1, " "1, " "1, " "1, " "1, " "1, " "1, " "1, " "1, " "1, " "1, " "1, " "1, " "1, " "1, " "1, " "1, " "1, " "1, " "1, " "1, " "1, " "1, " "1, "5000
 "Nei74, 0.376, " "0.885, " "1, " "1, " "1, " "1, " "1, " "1, " "1, " "1, " "1, " "1, " "1, " "1, " "1, " "1, " "1, " "1, " "1, " "1, " "1, " "1, " "1, " "1, " "1, " "1, " "1, " "1, " "1, " "1, " "1, " "1, " "1, " "1, " "1, " "1, " "1, " "1, " "1, " "1, " "1, " "1, " "1, " "1, " "1, " "1, " "1, " "1, " "1, " "1, " "1, " "1, " "1, " "1, " "1, " "1, " "1, " "1, " "1, " "1, " "1, " "1, " "1, " "1, " "1, " "1, " "1, " "1, " "1, " "1, " "1, " "1, " "1, " "1, " "1, " "1, " "0, " "1, " "1, " "1, " "1, " "1, " "1, " "1, " "1, " "1, " "1, " "1, " "1, " "1, " "1, " "1, " "1, " "1, " "1, " "1, " "1, " "1, " "1, " "1, " "1, " "1, " "1, " "1, " "1, " "1, " "1, " "1, " "1, " "1, " "1, " "1, " "1, " "1, " "1, " "1, " "1, " "1, " "1, " "1, " "1, " "1, " "1, " "1, " "1, " "1, " "1, " "1, " "1, " "1, " "1, " "1, " "1, " "1, " "1, " "1, " "1, " "1, " "1, " "1, " "1, " "1, " "1, " "1, " "1, " "1, " "1, " "1, " "1, " "1, " "1, " "1, " "1, " "1, " "1, " "1, " "1, " "1, " "1, " "1, " "1, " "1, " "1, " "1, " "1, " "1, " "1, " "1, " "1, " "1, " "1, " "1, " "1, " "1, " "1, " "1, " "1, " "1, " "1, " "1, " "1, " "1, " "1, " "1, " "1, " "1, " "1, " "1, " "1, " "1, " "1, " "1, " "1, " "1, " "1, " "1, " "1, " "1, " "1, " "1, " "1, " "1, " "1, " "1, " "1, " "1, " "1, " "1, " "1, " "1, " "1, " "1, " "1, " "1, " "1, " "1, " "1, " "1, " "1, " "1, " "1, " "1, " "1, " "1, " "1, " "1, " "1, " "1, " "1, " "1, " "1, " "1, " "1, " "1, " "1, " "1, " "1, " "1, " "1, " "1, " "1, " "1, " "1, " "1, " "1, " "1, " "1, " "1, " "1, " "1, " "1, " "1, " "1, " "1, " "1, " "1, " "1, " "1, " "1, "5000
 "Nei75, 0.265, " "0.89, " "1, " "1, " "1, " "1, " "1, " "1, " "1, " "1, " "1, " "1, " "1, " "1, " "1, " "1, " "1, " "1, " "1, " "1, " "1, " "1, " "1, " "1, " "1, " "1, " "1, " "1, " "1, " "1, " "1, " "1, " "1, " "1, " "1, " "1, " "1, " "1, " "1, " "1, " "1, " "1, " "1, " "1, " "1, " "1, " "1, " "1, " "1, " "1, " "1, " "1, " "1, " "1, " "1, " "1, " "1, " "1, " "1, " "1, " "1, " "1, " "1, " "1, " "1, " "1, " "1, " "1, " "1, " "1, " "1, " "1, " "1, " "1, " "1, " "1, " "1, " "0, " "1, " "1, " "1, " "1, " "1, " "1, " "1, " "1, " "1, " "1, " "1, " "1, " "1, " "1, " "1, " "1, " "1, " "1, " "1, " "1, " "1, " "1, " "1, " "1, " "1, " "1, " "1, " "1, " "1, " "1, " "1, " "1, " "1, " "1, " "1, " "1, " "1, " "1, " "1, " "1, " "1, " "1, " "1, " "1, " "1, " "1, " "1, " "1, " "1, " "1, " "1, " "1, " "1, " "1, " "1, " "1, " "1, " "1, " "1, " "1, " "1, " "1, " "1, " "1, " "1, " "1, " "1, " "1, " "1, " "1, " "1, " "1, " "1, " "1, " "1, " "1, " "1, " "1, " "1, " "1, " "1, " "1, " "1, " "1, " "1, " "1, " "1, " "1, " "1, " "1, " "1, " "1, " "1, " "1, " "1, " "1, " "1, " "1, " "1, " "1, " "1, " "1, " "1, " "1, " "1, " "1, " "1, " "1, " "1, " "1, " "1, " "1, " "1, " "1, " "1, " "1, " "1, " "1, " "1, " "1, " "1, " "1, " "1, " "1, " "1, " "1, " "1, " "1, " "1, " "1, " "1, " "1, " "1, " "1, " "1, " "1, " "1, " "1, " "1, " "1, " "1, " "1, " "1, " "1, " "1, " "1, " "1, " "1, " "1, " "1, " "1, " "1, " "1, " "1, " "1, " "1, " "1, " "1, " "1, " "1, " "1, " "1, " "1, " "1, " "1, " "1, " "1, " "1, " "1, " "1, " "1, " "1, " "1, " "1, " "1, " "1, " "1, " "1, " "1, " "1, " "1, "5000
 "Nei76, 0.281, " "0.89, " "1, " "1, " "1, " "1, " "1, " "1, " "1, " "1, " "1, " "1, " "1, " "1, " "1, " "1, " "1, " "1, " "1, " "1, " "1, " "1, " "1, " "1, " "1, " "1, " "1, " "1, " "1, " "1, " "1, " "1, " "1, " "1, " "1, " "1, " "1, " "1, " "1, " "1, " "1, " "1, " "1, " "1, " "1, " "1, " "1, " "1, " "1, " "1, " "1, " "1, " "1, " "1, " "1, " "1, " "1, " "1, " "1, " "1, " "1, " "1, " "1, " "1, " "1, " "1, " "1, " "1, " "1, " "1, " "1, " "1, " "1, " "1, " "1, " "1, " "1, " "1, " "0, " "1, " "1, " "1, " "1, " "1, " "1, " "1, " "1, " "1, " "1, " "1, " "1, " "1, " "1, " "1, " "1, " "1, " "1, " "1, " "1, " "1, " "1, " "1, " "1, " "1, " "1, " "1, " "1, " "1, " "1, " "1, " "1, " "1, " "1, " "1, " "1, " "1, " "1, " "1, " "1, " "1, " "1, " "1, " "1, " "1, " "1, " "1, " "1, " "1, " "1, " "1, " "1, " "1, " "1, " "1, " "1, " "1, " "1, " "1, " "1, " "1, " "1, " "1, " "1, " "1, " "1, " "1, " "1, " "1, " "1, " "1, " "1, " "1, " "1, " "1, " "1, " "1, " "1, " "1, " "1, " "1, " "1, " "1, " "1, " "1, " "1, " "1, " "1, " "1, " "1, " "1, " "1, " "1, " "1, " "1, " "1, " "1, " "1, " "1, " "1, " "1, " "1, " "1, " "1, " "1, " "1, " "1, " "1, " "1, " "1, " "1, " "1, " "1, " "1, " "1, " "1, " "1, " "1, " "1, " "1, " "1, " "1, " "1, " "1, " "1, " "1, " "1, " "1, " "1, " "1, " "1, " "1, " "1, " "1, " "1, " "1, " "1, " "1, " "1, " "1, " "1, " "1, " "1, " "1, " "1, " "1, " "1, " "1, " "1, " "1, " "1, " "1, " "1, " "1, " "1, " "1, " "1, " "1, " "1, " "1, " "1, " "1, " "1, " "1, " "1, " "1, " "1, " "1, " "1, " "1, " "1, " "1, " "1, " "1, " "1, " "1, " "1, " "1, " "1, " "1, "5000
 "Nei77, 0.095, " "0.89, " "1, " "1, " "1, " "1, " "1, " "1, " "1, " "1, " "1, " "1, " "1, " "1, " "1, " "1, " "1, " "1, " "1, " "1, " "1, " "1, " "1, " "1, " "1, " "1, " "1, " "1, " "1, " "1, " "1, " "1, " "1, " "1, " "1, " "1, " "1, " "1, " "1, " "1, " "1, " "1, " "1, " "1, " "1, " "1, " "1, " "1, " "1, " "1, " "1, " "1, " "1, " "1, " "1, " "1, " "1, " "1, " "1, " "1, " "1, " "1, " "1, " "1, " "1, " "1, " "1, " "1, " "1, " "1, " "1, " "1, " "1, " "1, " "1, " "1, " "1, " "1, " "1, " "0, " "1, " "1, " "1, " "1, " "1, " "1, " "1, " "1, " "1, " "1, " "1, " "1, " "1, " "1, " "1, " "1, " "1, " "1, " "1, " "1, " "1, " "1, " "1, " "1, " "1, " "1, " "1, " "1, " "1, " "1, " "1, " "1, " "1, " "1, " "1, " "1, " "1, " "1, " "1, " "1, " "1, " "1, " "1, " "1, " "1, " "1, " "1, " "1, " "1, " "1, " "1, " "1, " "1, " "1, " "1, " "1, " "1, " "1, " "1, " "1, " "1, " "1, " "1, " "1, " "1, " "1, " "1, " "1, " "1, " "1, " "1, " "1, " "1, " "1, " "1, " "1, " "1, " "1, " "1, " "1, " "1, " "1, " "1, " "1, " "1, " "1, " "1, " "1, " "1, " "1, " "1, " "1, " "1, " "1, " "1, " "1, " "1, " "1, " "1, " "1, " "1, " "1, " "1, " "1, " "1, " "1, " "1, " "1, " "1, " "1, " "1, " "1, " "1, " "1, " "1, " "1, " "1, " "1, " "1, " "1, " "1, " "1, " "1, " "1, " "1, " "1, " "1, " "1, " "1, " "1, " "1, " "1, " "1, " "1, " "1, " "1, " "1, " "1, " "1, " "1, " "1, " "1, " "1, " "1, " "1, " "1, " "1, " "1, " "1, " "1, " "1, " "1, " "1, " "1, " "1, " "1, " "1, " "1, " "1, " "1, " "1, " "1, " "1, " "1, " "1, " "1, " "1, " "1, " "1, " "1, " "1, " "1, " "1, " "1, " "1, " "1, " "1, " "1, " "1, "5000
 "Nei78, 0.285, " "0.891, " "1, " "1, " "1, " "1, " "1, " "1, " "1, " "1, " "1, " "1, " "1, " "1, " "1, " "1, " "1, " "1, " "1, " "1, " "1, " "1, " "1, " "1, " "1, " "1, " "1, " "1, " "1, " "1, " "1, " "1, " "1, " "1, " "1, " "1, " "1, " "1, " "1, " "1, " "1, " "1, " "1, " "1, " "1, " "1, " "1, " "1, " "1, " "1, " "1, " "1, " "1, " "1, " "1, " "1, " "1, " "1, " "1, " "1, " "1, " "1, " "1, " "1, " "1, " "1, " "1, " "1, " "1, " "1, " "1, " "1, " "1, " "1, " "1, " "1, " "1, " "1, " "1, " "1, " "0, " "1, " "1, " "1, " "1, " "1, " "1, " "1, " "1, " "1, " "1, " "1, " "1, " "1, " "1, " "1, " "1, " "1, " "1, " "1, " "1, " "1, " "1, " "1, " "1, " "1, " "1, " "1, " "1, " "1, " "1, " "1, " "1, " "1, " "1, " "1, " "1, " "1, " "1, " "1, " "1, " "1, " "1, " "1, " "1, " "1, " "1, " "1, " "1, " "1, " "1, " "1, " "1, " "1, " "1, " "1, " "1, " "1, " "1, " "1, " "1, " "1, " "1, " "1, " "1, " "1, " "1, " "1, " "1, " "1, " "1, " "1, " "1, " "1, " "1, " "1, " "1, " "1, " "1, " "1, " "1, " "1, " "1, " "1, " "1, " "1, " "1, " "1, " "1, " "1, " "1, " "1, " "1, " "1, " "1, " "1, " "1, " "1, " "1, " "1, " "1, " "1, " "1, " "1, " "1, " "1, " "1, " "1, " "1, " "1, " "1, " "1, " "1, " "1, " "1, " "1, " "1, " "1, " "1, " "1, " "1, " "1, " "1, " "1, " "1, " "1, " "1, " "1, " "1, " "1, " "1, " "1, " "1, " "1, " "1, " "1, " "1, " "1, " "1, " "1, " "1, " "1, " "1, " "1, " "1, " "1, " "1, " "1, " "1, " "1, " "1, " "1, " "1, " "1, " "1, " "1, " "1, " "1, " "1, " "1, " "1, " "1, " "1, " "1, " "1, " "1, " "1, " "1, " "1, " "1, " "1, " "1, " "1, " "1, " "1, " "1, " "1, " "1, " "1, "5000
 "Nei79, 0.266, " "0.89, " "1, " "1, " "1, " "1, " "1, " "1, " "1, " "1, " "1, " "1, " "1, " "1, " "1, " "1, " "1, " "1, " "1, " "1, " "1, " "1, " "1, " "1, " "1, " "1, " "1, " "1, " "1, " "1, " "1, " "1, " "1, " "1, " "1, " "1, " "1, " "1, " "1, " "1, " "1, " "1, " "1, " "1, " "1, " "1, " "1, " "1, " "1, " "1, " "1, " "1, " "1, " "1, " "1, " "1, " "1, " "1, " "1, " "1, " "1, " "1, " "1, " "1, " "1, " "1, " "1, " "1, " "1, " "1, " "1, " "1, " "1, " "1, " "1, " "1, " "1, " "1, " "1, " "1, " "1, " "0, " "1, " "1, " "1, " "1, " "1, " "1, " "1, " "1, " "1, " "1, " "1, " "1, " "1, " "1, " "1, " "1, " "1, " "1, " "1, " "1, " "1, " "1, " "1, " "1, " "1, " "1, " "1, " "1, " "1, " "1, " "1, " "1, " "1, " "1, " "1, " "1, " "1, " "1, " "1, " "1, " "1, " "1, " "1, " "1, " "1, " "1, " "1, " "1, " "1, " "1, " "1, " "1, " "1, " "1, " "1, " "1, " "1, " "1, " "1, " "1, " "1, " "1, " "1, " "1, " "1, " "1, " "1, " "1, " "1, " "1, " "1, " "1, " "1, " "1, " "1, " "1, " "1, " "1, " "1, " "1, " "1, " "1, " "1, " "1, " "1, " "1, " "1, " "1, " "1, " "1, " "1, " "1, " "1, " "1, " "1, " "1, " "1, " "1, " "1, " "1, " "1, " "1, " "1, " "1, " "1, " "1, " "1, " "1, " "1, " "1, " "1, " "1, " "1, " "1, " "1, " "1, " "1, " "1, " "1, " "1, " "1, " "1, " "1, " "1, " "1, " "1, " "1, " "1, " "1, " "1, " "1, " "1, " "1, " "1, " "1, " "1, " "1, " "1, " "1, " "1, " "1, " "1, " "1, " "1, " "1, " "1, " "1, " "1, " "1, " "1, " "1, " "1, " "1, " "1, " "1, " "1, " "1, " "1, " "1, " "1, " "1, " "1, " "1, " "1, " "1, " "1, " "1, " "1, " "1, " "1, " "1, " "1, " "1, " "1, " "1, " "1, " "1, "5000
 "Nei80, 0.282, " "0.89, " "1, " "1, " "1, " "1, " "1, " "1, " "1, " "1, " "1, " "1, " "1, " "1, " "1, " "1, " "1, " "1, " "1, " "1, " "1, " "1, " "1, " "1, " "1, " "1, " "1, " "1, " "1, " "1, " "1, " "1, " "1, " "1, " "1, " "1, " "1, " "1, " "1, " "1, " "1, " "1, " "1, " "1, " "1, " "1, " "1, " "1, " "1, " "1, " "1, " "1, " "1, " "1, " "1, " "1, " "1, " "1, " "1, " "1, " "1, " "1, " "1, " "1, " "1, " "1, " "1, " "1, " "1, " "1, " "1, " "1, " "1, " "1, " "1, " "1, " "1, " "1, " "1, " "1, " "1, " "1, " "0, " "1, " "1, " "1, " "1, " "1, " "1, " "1, " "1, " "1, " "1, " "1, " "1, " "1, " "1, " "1, " "1, " "1, " "1, " "1, " "1, " "1, " "1, " "1, " "1, " "1, " "1, " "1, " "1, " "1, " "1, " "1, " "1, " "1, " "1, " "1, " "1, " "1, " "1, " "1, " "1, " "1, " "1, " "1, " "1, " "1, " "1, " "1, " "1, " "1, " "1, " "1, " "1, " "1, " "1, " "1, " "1, " "1, " "1, " "1, " "1, " "1, " "1, " "1, " "1, " "1, " "1, " "1, " "1, " "1, " "1, " "1, " "1, " "1, " "1, " "1, " "1, " "1, " "1, " "1, " "1, " "1, " "1, " "1, " "1, " "1, " "1, " "1, " "1, " "1, " "1, " "1, " "1, " "1, " "1, " "1, " "1, " "1, " "1, " "1, " "1, " "1, " "1, " "1, " "1, " "1, " "1, " "1, " "1, " "1, " "1, " "1, " "1, " "1, " "1, " "1, " "1, " "1, " "1, " "1, " "1, " "1, " "1, " "1, " "1, " "1, " "1, " "1, " "1, " "1, " "1, " "1, " "1, " "1, " "1, " "1, " "1, " "1, " "1, " "1, " "1, " "1, " "1, " "1, " "1, " "1, " "1, " "1, " "1, " "1, " "1, " "1, " "1, " "1, " "1, " "1, " "1, " "1, " "1, " "1, " "1, " "1, " "1, " "1, " "1, " "1, " "1, " "1, " "1, " "1, " "1, " "1, " "1, " "1, " "1, " "1, " "1, "5000
 "Nei81, 0.203, " "0.89, " "1, " "1, " "1, " "1, " "1, " "1, " "1, " "1, " "1, " "1, " "1, " "1, " "1, " "1, " "1, " "1, " "1, " "1, " "1, " "1, " "1, " "1, " "1, " "1, " "1, " "1, " "1, " "1, " "1, " "1, " "1, " "1, " "1, " "1, " "1, " "1, " "1, " "1, " "1, " "1, " "1, " "1, " "1, " "1, " "1, " "1, " "1, " "1, " "1, " "1, " "1, " "1, " "1, " "1, " "1, " "1, " "1, " "1, " "1, " "1, " "1, " "1, " "1, " "1, " "1, " "1, " "1, " "1, " "1, " "1, " "1, " "1, " "1, " "1, " "1, " "1, " "1, " "1, " "1, " "1, " "1, " "0, " "1, " "1, " "1, " "1, " "1, " "1, " "1, " "1, " "1, " "1, " "1, " "1, " "1, " "1, " "1, " "1, " "1, " "1, " "1, " "1, " "1, " "1, " "1, " "1, " "1, " "1, " "1, " "1, " "1, " "1, " "1, " "1, " "1, " "1, " "1, " "1, " "1, " "1, " "1, " "1, " "1, " "1, " "1, " "1, " "1, " "1, " "1, " "1, " "1, " "1, " "1, " "1, " "1, " "1, " "1, " "1, " "1, " "1, " "1, " "1, " "1, " "1, " "1, " "1, " "1, " "1, " "1, " "1, " "1, " "1, " "1, " "1, " "1, " "1, " "1, " "1, " "1, " "1, " "1, " "1, " "1, " "1, " "1, " "1, " "1, " "1, " "1, " "1, " "1, " "1, " "1, " "1, " "1, " "1, " "1, " "1, " "1, " "1, " "1, " "1, " "1, " "1, " "1, " "1, " "1, " "1, " "1, " "1, " "1, " "1, " "1, " "1, " "1, " "1, " "1, " "1, " "1, " "1, " "1, " "1, " "1, " "1, " "1, " "1, " "1, " "1, " "1, " "1, " "1, " "1, " "1, " "1, " "1, " "1, " "1, " "1, " "1, " "1, " "1, " "1, " "1, " "1, " "1, " "1, " "1, " "1, " "1, " "1, " "1, " "1, " "1, " "1, " "1, " "1, " "1, " "1, " "1, " "1, " "1, " "1, " "1, " "1, " "1, " "1, " "1, " "1, " "1, " "1, " "1, " "1, " "1, " "1, " "1, " "1, " "1, "5000
 "Nei82, 0.337, " "0.885, " "1, " "1, " "1, " "1, " "1, " "1, " "1, " "1, " "1, " "1, " "1, " "1, " "1, " "1, " "1, " "1, " "1, " "1, " "1, " "1, " "1, " "1, " "1, " "1, " "1, " "1, " "1, " "1, " "1, " "1, " "1, " "1, " "1, " "1, " "1, " "1, " "1, " "1, " "1, " "1, " "1, " "1, " "1, " "1, " "1, " "1, " "1, " "1, " "1, " "1, " "1, " "1, " "1, " "1, " "1, " "1, " "1, " "1, " "1, " "1, " "1, " "1, " "1, " "1, " "1, " "1, " "1, " "1, " "1, " "1, " "1, " "1, " "1, " "1, " "1, " "1, " "1, " "1, " "1, " "1, " "1, " "1, " "0, " "1, " "1, " "1, " "1, " "1, " "1, " "1, " "1, " "1, " "1, " "1, " "1, " "1, " "1, " "1, " "1, " "1, " "1, " "1, " "1, " "1, " "1, " "1, " "1, " "1, " "1, " "1, " "1, " "1, " "1, " "1, " "1, " "1, " "1, " "1, " "1, " "1, " "1, " "1, " "1, " "1, " "1, " "1, " "1, " "1, " "1, " "1, " "1, " "1, " "1, " "1, " "1, " "1, " "1, " "1, " "1, " "1, " "1, " "1, " "1, " "1, " "1, " "1, " "1, " "1, " "1, " "1, " "1, " "1, " "1, " "1, " "1, " "1, " "1, " "1, " "1, " "1, " "1, " "1, " "1, " "1, " "1, " "1, " "1, " "1, " "1, " "1, " "1, " "1, " "1, " "1, " "1, " "1, " "1, " "1, " "1, " "1, " "1, " "1, " "1, " "1, " "1, " "1, " "1, " "1, " "1, " "1, " "1, " "1, " "1, " "1, " "1, " "1, " "1, " "1, " "1, " "1, " "1, " "1, " "1, " "1, " "1, " "1, " "1, " "1, " "1, " "1, " "1, " "1, " "1, " "1, " "1, " "1, " "1, " "1, " "1, " "1, " "1, " "1, " "1, " "1, " "1, " "1, " "1, " "1, " "1, " "1, " "1, " "1, " "1, " "1, " "1, " "1, " "1, " "1, " "1, " "1, " "1, " "1, " "1, " "1, " "1, " "1, " "1, " "1, " "1, " "1, " "1, " "1, " "1, " "1, " "1, " "1, " "1, "5000
 "Nei83, 0.224, " "0.89, " "1, " "1, " "1, " "1, " "1, " "1, " "1, " "1, " "1, " "1, " "1, " "1, " "1, " "1, " "1, " "1, " "1, " "1, " "1, " "1, " "1, " "1, " "1, " "1, " "1, " "1, " "1, " "1, " "1, " "1, " "1, " "1, " "1, " "1, " "1, " "1, " "1, " "1, " "1, " "1, " "1, " "1, " "1, " "1, " "1, " "1, " "1, " "1, " "1, " "1, " "1, " "1, " "1, " "1, " "1, " "1, " "1, " "1, " "1, " "1, " "1, " "1, " "1, " "1, " "1, " "1, " "1, " "1, " "1, " "1, " "1, " "1, " "1, " "1, " "1, " "1, " "1, " "1, " "1, " "1, " "1, " "1, " "1, " "0, " "1, " "1, " "1, " "1, " "1, " "1, " "1, " "1, " "1, " "1, " "1, " "1, " "1, " "1, " "1, " "1, " "1, " "1, " "1, " "1, " "1, " "1, " "1, " "1, " "1, " "1, " "1, " "1, " "1, " "1, " "1, " "1, " "1, " "1, " "1, " "1, " "1, " "1, " "1, " "1, " "1, " "1, " "1, " "1, " "1, " "1, " "1, " "1, " "1, " "1, " "1, " "1, " "1, " "1, " "1, " "1, " "1, " "1, " "1, " "1, " "1, " "1, " "1, " "1, " "1, " "1, " "1, " "1, " "1, " "1, " "1, " "1, " "1, " "1, " "1, " "1, " "1, " "1, " "1, " "1, " "1, " "1, " "1, " "1, " "1, " "1, " "1, " "1, " "1, " "1, " "1, " "1, " "1, " "1, " "1, " "1, " "1, " "1, " "1, " "1, " "1, " "1, " "1, " "1, " "1, " "1, " "1, " "1, " "1, " "1, " "1, " "1, " "1, " "1, " "1, " "1, " "1, " "1, " "1, " "1, " "1, " "1, " "1, " "1, " "1, " "1, " "1, " "1, " "1, " "1, " "1, " "1, " "1, " "1, " "1, " "1, " "1, " "1, " "1, " "1, " "1, " "1, " "1, " "1, " "1, " "1, " "1, " "1, " "1, " "1, " "1, " "1, " "1, " "1, " "1, " "1, " "1, " "1, " "1, " "1, " "1, " "1, " "1, " "1, " "1, " "1, " "1, " "1, " "1, " "1, " "1, " "1, " "1, "5000
 "Nei84, 0.128, " "0.89, " "1, " "1, " "1, " "1, " "1, " "1, " "1, " "1, " "1, " "1, " "1, " "1, " "1, " "1, " "1, " "1, " "1, " "1, " "1, " "1, " "1, " "1, " "1, " "1, " "1, " "1, " "1, " "1, " "1, " "1, " "1, " "1, " "1, " "1, " "1, " "1, " "1, " "1, " "1, " "1, " "1, " "1, " "1, " "1, " "1, " "1, " "1, " "1, " "1, " "1, " "1, " "1, " "1, " "1, " "1, " "1, " "1, " "1, " "1, " "1, " "1, " "1, " "1, " "1, " "1, " "1, " "1, " "1, " "1, " "1, " "1, " "1, " "1, " "1, " "1, " "1, " "1, " "1, " "1, " "1, " "1, " "1, " "1, " "1, " "0, " "1, " "1, " "1, " "1, " "1, " "1, " "1, " "1, " "1, " "1, " "1, " "1, " "1, " "1, " "1, " "1, " "1, " "1, " "1, " "1, " "1, " "1, " "1, " "1, " "1, " "1, " "1, " "1, " "1, " "1, " "1, " "1, " "1, " "1, " "1, " "1, " "1, " "1, " "1, " "1, " "1, " "1, " "1, " "1, " "1, " "1, " "1, " "1, " "1, " "1, " "1, " "1, " "1, " "1, " "1, " "1, " "1, " "1, " "1, " "1, " "1, " "1, " "1, " "1, " "1, " "1, " "1, " "1, " "1, " "1, " "1, " "1, " "1, " "1, " "1, " "1, " "1, " "1, " "1, " "1, " "1, " "1, " "1, " "1, " "1, " "1, " "1, " "1, " "1, " "1, " "1, " "1, " "1, " "1, " "1, " "1, " "1, " "1, " "1, " "1, " "1, " "1, " "1, " "1, " "1, " "1, " "1, " "1, " "1, " "1, " "1, " "1, " "1, " "1, " "1, " "1, " "1, " "1, " "1, " "1, " "1, " "1, " "1, " "1, " "1, " "1, " "1, " "1, " "1, " "1, " "1, " "1, " "1, " "1, " "1, " "1, " "1, " "1, " "1, " "1, " "1, " "1, " "1, " "1, " "1, " "1, " "1, " "1, " "1, " "1, " "1, " "1, " "1, " "1, " "1, " "1, " "1, " "1, " "1, " "1, " "1, " "1, " "1, " "1, " "1, " "1, " "1, " "1, " "1, " "1, " "1, " "1, "5000
 "Nei85, 0.318, " "0.886, " "1, " "1, " "1, " "1, " "1, " "1, " "1, " "1, " "1, " "1, " "1, " "1, " "1, " "1, " "1, " "1, " "1, " "1, " "1, " "1, " "1, " "1, " "1, " "1, " "1, " "1, " "1, " "1, " "1, " "1, " "1, " "1, " "1, " "1, " "1, " "1, " "1, " "1, " "1, " "1, " "1, " "1, " "1, " "1, " "1, " "1, " "1, " "1, " "1, " "1, " "1, " "1, " "1, " "1, " "1, " "1, " "1, " "1, " "1, " "1, " "1, " "1, " "1, " "1, " "1, " "1, " "1, " "1, " "1, " "1, " "1, " "1, " "1, " "1, " "1, " "1, " "1, " "1, " "1, " "1, " "1, " "1, " "1, " "1, " "1, " "0, " "1, " "1, " "1, " "1, " "1, " "1, " "1, " "1, " "1, " "1, " "1, " "1, " "1, " "1, " "1, " "1, " "1, " "1, " "1, " "1, " "1, " "1, " "1, " "1, " "1, " "1, " "1, " "1, " "1, " "1, " "1, " "1, " "1, " "1, " "1, " "1, " "1, " "1, " "1, " "1, " "1, " "1, " "1, " "1, " "1, " "1, " "1, " "1, " "1, " "1, " "1, " "1, " "1, " "1, " "1, " "1, " "1, " "1, " "1, " "1, " "1, " "1, " "1, " "1, " "1, " "1, " "1, " "1, " "1, " "1, " "1, " "1, " "1, " "1, " "1, " "1, " "1, " "1, " "1, " "1, " "1, " "1, " "1, " "1, " "1, " "1, " "1, " "1, " "1, " "1, " "1, " "1, " "1, " "1, " "1, " "1, " "1, " "1, " "1, " "1, " "1, " "1, " "1, " "1, " "1, " "1, " "1, " "1, " "1, " "1, " "1, " "1, " "1, " "1, " "1, " "1, " "1, " "1, " "1, " "1, " "1, " "1, " "1, " "1, " "1, " "1, " "1, " "1, " "1, " "1, " "1, " "1, " "1, " "1, " "1, " "1, " "1, " "1, " "1, " "1, " "1, " "1, " "1, " "1, " "1, " "1, " "1, " "1, " "1, " "1, " "1, " "1, " "1, " "1, " "1, " "1, " "1, " "1, " "1, " "1, " "1, " "1, " "1, " "1, " "1, " "1, " "1, " "1, " "1, " "1, " "1, "5000
 "Nei86, 0.289, " "0.885, " "1, " "1, " "1, " "1, " "1, " "1, " "1, " "1, " "1, " "1, " "1, " "1, " "1, " "1, " "1, " "1, " "1, " "1, " "1, " "1, " "1, " "1, " "1, " "1, " "1, " "1, " "1, " "1, " "1, " "1, " "1, " "1, " "1, " "1, " "1, " "1, " "1, " "1, " "1, " "1, " "1, " "1, " "1, " "1, " "1, " "1, " "1, " "1, " "1, " "1, " "1, " "1, " "1, " "1, " "1, " "1, " "1, " "1, " "1, " "1, " "1, " "1, " "1, " "1, " "1, " "1, " "1, " "1, " "1, " "1, " "1, " "1, " "1, " "1, " "1, " "1, " "1, " "1, " "1, " "1, " "1, " "1, " "1, " "1, " "1, " "1, " "0, " "1, " "1, " "1, " "1, " "1, " "1, " "1, " "1, " "1, " "1, " "1, " "1, " "1, " "1, " "1, " "1, " "1, " "1, " "1, " "1, " "1, " "1, " "1, " "1, " "1, " "1, " "1, " "1, " "1, " "1, " "1, " "1, " "1, " "1, " "1, " "1, " "1, " "1, " "1, " "1, " "1, " "1, " "1, " "1, " "1, " "1, " "1, " "1, " "1, " "1, " "1, " "1, " "1, " "1, " "1, " "1, " "1, " "1, " "1, " "1, " "1, " "1, " "1, " "1, " "1, " "1, " "1, " "1, " "1, " "1, " "1, " "1, " "1, " "1, " "1, " "1, " "1, " "1, " "1, " "1, " "1, " "1, " "1, " "1, " "1, " "1, " "1, " "1, " "1, " "1, " "1, " "1, " "1, " "1, " "1, " "1, " "1, " "1, " "1, " "1, " "1, " "1, " "1, " "1, " "1, " "1, " "1, " "1, " "1, " "1, " "1, " "1, " "1, " "1, " "1, " "1, " "1, " "1, " "1, " "1, " "1, " "1, " "1, " "1, " "1, " "1, " "1, " "1, " "1, " "1, " "1, " "1, " "1, " "1, " "1, " "1, " "1, " "1, " "1, " "1, " "1, " "1, " "1, " "1, " "1, " "1, " "1, " "1, " "1, " "1, " "1, " "1, " "1, " "1, " "1, " "1, " "1, " "1, " "1, " "1, " "1, " "1, " "1, " "1, " "1, " "1, " "1, " "1, " "1, " "1, "5000
 "Nei87, 0.303, " "0.885, " "1, " "1, " "1, " "1, " "1, " "1, " "1, " "1, " "1, " "1, " "1, " "1, " "1, " "1, " "1, " "1, " "1, " "1, " "1, " "1, " "1, " "1, " "1, " "1, " "1, " "1, " "1, " "1, " "1, " "1, " "1, " "1, " "1, " "1, " "1, " "1, " "1, " "1, " "1, " "1, " "1, " "1, " "1, " "1, " "1, " "1, " "1, " "1, " "1, " "1, " "1, " "1, " "1, " "1, " "1, " "1, " "1, " "1, " "1, " "1, " "1, " "1, " "1, " "1, " "1, " "1, " "1, " "1, " "1, " "1, " "1, " "1, " "1, " "1, " "1, " "1, " "1, " "1, " "1, " "1, " "1, " "1, " "1, " "1, " "1, " "1, " "1, " "0, " "1, " "1, " "1, " "1, " "1, " "1, " "1, " "1, " "1, " "1, " "1, " "1, " "1, " "1, " "1, " "1, " "1, " "1, " "1, " "1, " "1, " "1, " "1, " "1, " "1, " "1, " "1, " "1, " "1, " "1, " "1, " "1, " "1, " "1, " "1, " "1, " "1, " "1, " "1, " "1, " "1, " "1, " "1, " "1, " "1, " "1, " "1, " "1, " "1, " "1, " "1, " "1, " "1, " "1, " "1, " "1, " "1, " "1, " "1, " "1, " "1, " "1, " "1, " "1, " "1, " "1, " "1, " "1, " "1, " "1, " "1, " "1, " "1, " "1, " "1, " "1, " "1, " "1, " "1, " "1, " "1, " "1, " "1, " "1, " "1, " "1, " "1, " "1, " "1, " "1, " "1, " "1, " "1, " "1, " "1, " "1, " "1, " "1, " "1, " "1, " "1, " "1, " "1, " "1, " "1, " "1, " "1, " "1, " "1, " "1, " "1, " "1, " "1, " "1, " "1, " "1, " "1, " "1, " "1, " "1, " "1, " "1, " "1, " "1, " "1, " "1, " "1, " "1, " "1, " "1, " "1, " "1, " "1, " "1, " "1, " "1, " "1, " "1, " "1, " "1, " "1, " "1, " "1, " "1, " "1, " "1, " "1, " "1, " "1, " "1, " "1, " "1, " "1, " "1, " "1, " "1, " "1, " "1, " "1, " "1, " "1, " "1, " "1, " "1, " "1, " "1, " "1, " "1, " "1, "5000
 "Nei88, 0.396, " "0.885, " "1, " "1, " "1, " "1, " "1, " "1, " "1, " "1, " "1, " "1, " "1, " "1, " "1, " "1, " "1, " "1, " "1, " "1, " "1, " "1, " "1, " "1, " "1, " "1, " "1, " "1, " "1, " "1, " "1, " "1, " "1, " "1, " "1, " "1, " "1, " "1, " "1, " "1, " "1, " "1, " "1, " "1, " "1, " "1, " "1, " "1, " "1, " "1, " "1, " "1, " "1, " "1, " "1, " "1, " "1, " "1, " "1, " "1, " "1, " "1, " "1, " "1, " "1, " "1, " "1, " "1, " "1, " "1, " "1, " "1, " "1, " "1, " "1, " "1, " "1, " "1, " "1, " "1, " "1, " "1, " "1, " "1, " "1, " "1, " "1, " "1, " "1, " "1, " "0, " "1, " "1, " "1, " "1, " "1, " "1, " "1, " "1, " "1, " "1, " "1, " "1, " "1, " "1, " "1, " "1, " "1, " "1, " "1, " "1, " "1, " "1, " "1, " "1, " "1, " "1, " "1, " "1, " "1, " "1, " "1, " "1, " "1, " "1, " "1, " "1, " "1, " "1, " "1, " "1, " "1, " "1, " "1, " "1, " "1, " "1, " "1, " "1, " "1, " "1, " "1, " "1, " "1, " "1, " "1, " "1, " "1, " "1, " "1, " "1, " "1, " "1, " "1, " "1, " "1, " "1, " "1, " "1, " "1, " "1, " "1, " "1, " "1, " "1, " "1, " "1, " "1, " "1, " "1, " "1, " "1, " "1, " "1, " "1, " "1, " "1, " "1, " "1, " "1, " "1, " "1, " "1, " "1, " "1, " "1, " "1, " "1, " "1, " "1, " "1, " "1, " "1, " "1, " "1, " "1, " "1, " "1, " "1, " "1, " "1, " "1, " "1, " "1, " "1, " "1, " "1, " "1, " "1, " "1, " "1, " "1, " "1, " "1, " "1, " "1, " "1, " "1, " "1, " "1, " "1, " "1, " "1, " "1, " "1, " "1, " "1, " "1, " "1, " "1, " "1, " "1, " "1, " "1, " "1, " "1, " "1, " "1, " "1, " "1, " "1, " "1, " "1, " "1, " "1, " "1, " "1, " "1, " "1, " "1, " "1, " "1, " "1, " "1, " "1, " "1, " "1, " "1, " "1, "5000
 "Nei89, 0.069, " "0.89, " "1, " "1, " "1, " "1, " "1, " "1, " "1, " "1, " "1, " "1, " "1, " "1, " "1, " "1, " "1, " "1, " "1, " "1, " "1, " "1, " "1, " "1, " "1, " "1, " "1, " "1, " "1, " "1, " "1, " "1, " "1, " "1, " "1, " "1, " "1, " "1, " "1, " "1, " "1, " "1, " "1, " "1, " "1, " "1, " "1, " "1, " "1, " "1, " "1, " "1, " "1, " "1, " "1, " "1, " "1, " "1, " "1, " "1, " "1, " "1, " "1, " "1, " "1, " "1, " "1, " "1, " "1, " "1, " "1, " "1, " "1, " "1, " "1, " "1, " "1, " "1, " "1, " "1, " "1, " "1, " "1, " "1, " "1, " "1, " "1, " "1, " "1, " "1, " "1, " "0, " "1, " "1, " "1, " "1, " "1, " "1, " "1, " "1, " "1, " "1, " "1, " "1, " "1, " "1, " "1, " "1, " "1, " "1, " "1, " "1, " "1, " "1, " "1, " "1, " "1, " "1, " "1, " "1, " "1, " "1, " "1, " "1, " "1, " "1, " "1, " "1, " "1, " "1, " "1, " "1, " "1, " "1, " "1, " "1, " "1, " "1, " "1, " "1, " "1, " "1, " "1, " "1, " "1, " "1, " "1, " "1, " "1, " "1, " "1, " "1, " "1, " "1, " "1, " "1, " "1, " "1, " "1, " "1, " "1, " "1, " "1, " "1, " "1, " "1, " "1, " "1, " "1, " "1, " "1, " "1, " "1, " "1, " "1, " "1, " "1, " "1, " "1, " "1, " "1, " "1, " "1, " "1, " "1, " "1, " "1, " "1, " "1, " "1, " "1, " "1, " "1, " "1, " "1, " "1, " "1, " "1, " "1, " "1, " "1, " "1, " "1, " "1, " "1, " "1, " "1, " "1, " "1, " "1, " "1, " "1, " "1, " "1, " "1, " "1, " "1, " "1, " "1, " "1, " "1, " "1, " "1, " "1, " "1, " "1, " "1, " "1, " "1, " "1, " "1, " "1, " "1, " "1, " "1, " "1, " "1, " "1, " "1, " "1, " "1, " "1, " "1, " "1, " "1, " "1, " "1, " "1, " "1, " "1, " "1, " "1, " "1, " "1, " "1, " "1, " "1, " "1, " "1, "5000
 "Nei90, 0.124, " "0.891, " "1, " "1, " "1, " "1, " "1, " "1, " "1, " "1, " "1, " "1, " "1, " "1, " "1, " "1, " "1, " "1, " "1, " "1, " "1, " "1, " "1, " "1, " "1, " "1, " "1, " "1, " "1, " "1, " "1, " "1, " "1, " "1, " "1, " "1, " "1, " "1, " "1, " "1, " "1, " "1, " "1, " "1, " "1, " "1, " "1, " "1, " "1, " "1, " "1, " "1, " "1, " "1, " "1, " "1, " "1, " "1, " "1, " "1, " "1, " "1, " "1, " "1, " "1, " "1, " "1, " "1, " "1, " "1, " "1, " "1, " "1, " "1, " "1, " "1, " "1, " "1, " "1, " "1, " "1, " "1, " "1, " "1, " "1, " "1, " "1, " "1, " "1, " "1, " "1, " "1, " "0, " "1, " "1, " "1, " "1, " "1, " "1, " "1, " "1, " "1, " "1, " "1, " "1, " "1, " "1, " "1, " "1, " "1, " "1, " "1, " "1, " "1, " "1, " "1, " "1, " "1, " "1, " "1, " "1, " "1, " "1, " "1, " "1, " "1, " "1, " "1, " "1, " "1, " "1, " "1, " "1, " "1, " "1, " "1, " "1, " "1, " "1, " "1, " "1, " "1, " "1, " "1, " "1, " "1, " "1, " "1, " "1, " "1, " "1, " "1, " "1, " "1, " "1, " "1, " "1, " "1, " "1, " "1, " "1, " "1, " "1, " "1, " "1, " "1, " "1, " "1, " "1, " "1, " "1, " "1, " "1, " "1, " "1, " "1, " "1, " "1, " "1, " "1, " "1, " "1, " "1, " "1, " "1, " "1, " "1, " "1, " "1, " "1, " "1, " "1, " "1, " "1, " "1, " "1, " "1, " "1, " "1, " "1, " "1, " "1, " "1, " "1, " "1, " "1, " "1, " "1, " "1, " "1, " "1, " "1, " "1, " "1, " "1, " "1, " "1, " "1, " "1, " "1, " "1, " "1, " "1, " "1, " "1, " "1, " "1, " "1, " "1, " "1, " "1, " "1, " "1, " "1, " "1, " "1, " "1, " "1, " "1, " "1, " "1, " "1, " "1, " "1, " "1, " "1, " "1, " "1, " "1, " "1, " "1, " "1, " "1, " "1, " "1, " "1, " "1, " "1, " "1, "5000
 "Nei91, 0.22, " "0.89, " "1, " "1, " "1, " "1, " "1, " "1, " "1, " "1, " "1, " "1, " "1, " "1, " "1, " "1, " "1, " "1, " "1, " "1, " "1, " "1, " "1, " "1, " "1, " "1, " "1, " "1, " "1, " "1, " "1, " "1, " "1, " "1, " "1, " "1, " "1, " "1, " "1, " "1, " "1, " "1, " "1, " "1, " "1, " "1, " "1, " "1, " "1, " "1, " "1, " "1, " "1, " "1, " "1, " "1, " "1, " "1, " "1, " "1, " "1, " "1, " "1, " "1, " "1, " "1, " "1, " "1, " "1, " "1, " "1, " "1, " "1, " "1, " "1, " "1, " "1, " "1, " "1, " "1, " "1, " "1, " "1, " "1, " "1, " "1, " "1, " "1, " "1, " "1, " "1, " "1, " "1, " "0, " "1, " "1, " "1, " "1, " "1, " "1, " "1, " "1, " "1, " "1, " "1, " "1, " "1, " "1, " "1, " "1, " "1, " "1, " "1, " "1, " "1, " "1, " "1, " "1, " "1, " "1, " "1, " "1, " "1, " "1, " "1, " "1, " "1, " "1, " "1, " "1, " "1, " "1, " "1, " "1, " "1, " "1, " "1, " "1, " "1, " "1, " "1, " "1, " "1, " "1, " "1, " "1, " "1, " "1, " "1, " "1, " "1, " "1, " "1, " "1, " "1, " "1, " "1, " "1, " "1, " "1, " "1, " "1, " "1, " "1, " "1, " "1, " "1, " "1, " "1, " "1, " "1, " "1, " "1, " "1, " "1, " "1, " "1, " "1, " "1, " "1, " "1, " "1, " "1, " "1, " "1, " "1, " "1, " "1, " "1, " "1, " "1, " "1, " "1, " "1, " "1, " "1, " "1, " "1, " "1, " "1, " "1, " "1, " "1, " "1, " "1, " "1, " "1, " "1, " "1, " "1, " "1, " "1, " "1, " "1, " "1, " "1, " "1, " "1, " "1, " "1, " "1, " "1, " "1, " "1, " "1, " "1, " "1, " "1, " "1, " "1, " "1, " "1, " "1, " "1, " "1, " "1, " "1, " "1, " "1, " "1, " "1, " "1, " "1, " "1, " "1, " "1, " "1, " "1, " "1, " "1, " "1, " "1, " "1, " "1, " "1, " "1, " "1, " "1, " "1, "5000
 "Nei92, 0.354, " "0.885, " "1, " "1, " "1, " "1, " "1, " "1, " "1, " "1, " "1, " "1, " "1, " "1, " "1, " "1, " "1, " "1, " "1, " "1, " "1, " "1, " "1, " "1, " "1, " "1, " "1, " "1, " "1, " "1, " "1, " "1, " "1, " "1, " "1, " "1, " "1, " "1, " "1, " "1, " "1, " "1, " "1, " "1, " "1, " "1, " "1, " "1, " "1, " "1, " "1, " "1, " "1, " "1, " "1, " "1, " "1, " "1, " "1, " "1, " "1, " "1, " "1, " "1, " "1, " "1, " "1, " "1, " "1, " "1, " "1, " "1, " "1, " "1, " "1, " "1, " "1, " "1, " "1, " "1, " "1, " "1, " "1, " "1, " "1, " "1, " "1, " "1, " "1, " "1, " "1, " "1, " "1, " "1, " "0, " "1, " "1, " "1, " "1, " "1, " "1, " "1, " "1, " "1, " "1, " "1, " "1, " "1, " "1, " "1, " "1, " "1, " "1, " "1, " "1, " "1, " "1, " "1, " "1, " "1, " "1, " "1, " "1, " "1, " "1, " "1, " "1, " "1, " "1, " "1, " "1, " "1, " "1, " "1, " "1, " "1, " "1, " "1, " "1, " "1, " "1, " "1, " "1, " "1, " "1, " "1, " "1, " "1, " "1, " "1, " "1, " "1, " "1, " "1, " "1, " "1, " "1, " "1, " "1, " "1, " "1, " "1, " "1, " "1, " "1, " "1, " "1, " "1, " "1, " "1, " "1, " "1, " "1, " "1, " "1, " "1, " "1, " "1, " "1, " "1, " "1, " "1, " "1, " "1, " "1, " "1, " "1, " "1, " "1, " "1, " "1, " "1, " "1, " "1, " "1, " "1, " "1, " "1, " "1, " "1, " "1, " "1, " "1, " "1, " "1, " "1, " "1, " "1, " "1, " "1, " "1, " "1, " "1, " "1, " "1, " "1, " "1, " "1, " "1, " "1, " "1, " "1, " "1, " "1, " "1, " "1, " "1, " "1, " "1, " "1, " "1, " "1, " "1, " "1, " "1, " "1, " "1, " "1, " "1, " "1, " "1, " "1, " "1, " "1, " "1, " "1, " "1, " "1, " "1, " "1, " "1, " "1, " "1, " "1, " "1, " "1, " "1, " "1, " "1, "5000
 "Nei93, 0.066, " "0.89, " "1, " "1, " "1, " "1, " "1, " "1, " "1, " "1, " "1, " "1, " "1, " "1, " "1, " "1, " "1, " "1, " "1, " "1, " "1, " "1, " "1, " "1, " "1, " "1, " "1, " "1, " "1, " "1, " "1, " "1, " "1, " "1, " "1, " "1, " "1, " "1, " "1, " "1, " "1, " "1, " "1, " "1, " "1, " "1, " "1, " "1, " "1, " "1, " "1, " "1, " "1, " "1, " "1, " "1, " "1, " "1, " "1, " "1, " "1, " "1, " "1, " "1, " "1, " "1, " "1, " "1, " "1, " "1, " "1, " "1, " "1, " "1, " "1, " "1, " "1, " "1, " "1, " "1, " "1, " "1, " "1, " "1, " "1, " "1, " "1, " "1, " "1, " "1, " "1, " "1, " "1, " "1, " "1, " "0, " "1, " "1, " "1, " "1, " "1, " "1, " "1, " "1, " "1, " "1, " "1, " "1, " "1, " "1, " "1, " "1, " "1, " "1, " "1, " "1, " "1, " "1, " "1, " "1, " "1, " "1, " "1, " "1, " "1, " "1, " "1, " "1, " "1, " "1, " "1, " "1, " "1, " "1, " "1, " "1, " "1, " "1, " "1, " "1, " "1, " "1, " "1, " "1, " "1, " "1, " "1, " "1, " "1, " "1, " "1, " "1, " "1, " "1, " "1, " "1, " "1, " "1, " "1, " "1, " "1, " "1, " "1, " "1, " "1, " "1, " "1, " "1, " "1, " "1, " "1, " "1, " "1, " "1, " "1, " "1, " "1, " "1, " "1, " "1, " "1, " "1, " "1, " "1, " "1, " "1, " "1, " "1, " "1, " "1, " "1, " "1, " "1, " "1, " "1, " "1, " "1, " "1, " "1, " "1, " "1, " "1, " "1, " "1, " "1, " "1, " "1, " "1, " "1, " "1, " "1, " "1, " "1, " "1, " "1, " "1, " "1, " "1, " "1, " "1, " "1, " "1, " "1, " "1, " "1, " "1, " "1, " "1, " "1, " "1, " "1, " "1, " "1, " "1, " "1, " "1, " "1, " "1, " "1, " "1, " "1, " "1, " "1, " "1, " "1, " "1, " "1, " "1, " "1, " "1, " "1, " "1, " "1, " "1, " "1, " "1, " "1, " "1, " "1, "5000
 "Nei94, 0.166, " "0.89, " "1, " "1, " "1, " "1, " "1, " "1, " "1, " "1, " "1, " "1, " "1, " "1, " "1, " "1, " "1, " "1, " "1, " "1, " "1, " "1, " "1, " "1, " "1, " "1, " "1, " "1, " "1, " "1, " "1, " "1, " "1, " "1, " "1, " "1, " "1, " "1, " "1, " "1, " "1, " "1, " "1, " "1, " "1, " "1, " "1, " "1, " "1, " "1, " "1, " "1, " "1, " "1, " "1, " "1, " "1, " "1, " "1, " "1, " "1, " "1, " "1, " "1, " "1, " "1, " "1, " "1, " "1, " "1, " "1, " "1, " "1, " "1, " "1, " "1, " "1, " "1, " "1, " "1, " "1, " "1, " "1, " "1, " "1, " "1, " "1, " "1, " "1, " "1, " "1, " "1, " "1, " "1, " "1, " "1, " "0, " "1, " "1, " "1, " "1, " "1, " "1, " "1, " "1, " "1, " "1, " "1, " "1, " "1, " "1, " "1, " "1, " "1, " "1, " "1, " "1, " "1, " "1, " "1, " "1, " "1, " "1, " "1, " "1, " "1, " "1, " "1, " "1, " "1, " "1, " "1, " "1, " "1, " "1, " "1, " "1, " "1, " "1, " "1, " "1, " "1, " "1, " "1, " "1, " "1, " "1, " "1, " "1, " "1, " "1, " "1, " "1, " "1, " "1, " "1, " "1, " "1, " "1, " "1, " "1, " "1, " "1, " "1, " "1, " "1, " "1, " "1, " "1, " "1, " "1, " "1, " "1, " "1, " "1, " "1, " "1, " "1, " "1, " "1, " "1, " "1, " "1, " "1, " "1, " "1, " "1, " "1, " "1, " "1, " "1, " "1, " "1, " "1, " "1, " "1, " "1, " "1, " "1, " "1, " "1, " "1, " "1, " "1, " "1, " "1, " "1, " "1, " "1, " "1, " "1, " "1, " "1, " "1, " "1, " "1, " "1, " "1, " "1, " "1, " "1, " "1, " "1, " "1, " "1, " "1, " "1, " "1, " "1, " "1, " "1, " "1, " "1, " "1, " "1, " "1, " "1, " "1, " "1, " "1, " "1, " "1, " "1, " "1, " "1, " "1, " "1, " "1, " "1, " "1, " "1, " "1, " "1, " "1, " "1, " "1, " "1, " "1, " "1, "5000
 "Nei95, 0.38, " "0.887, " "1, " "1, " "1, " "1, " "1, " "1, " "1, " "1, " "1, " "1, " "1, " "1, " "1, " "1, " "1, " "1, " "1, " "1, " "1, " "1, " "1, " "1, " "1, " "1, " "1, " "1, " "1, " "1, " "1, " "1, " "1, " "1, " "1, " "1, " "1, " "1, " "1, " "1, " "1, " "1, " "1, " "1, " "1, " "1, " "1, " "1, " "1, " "1, " "1, " "1, " "1, " "1, " "1, " "1, " "1, " "1, " "1, " "1, " "1, " "1, " "1, " "1, " "1, " "1, " "1, " "1, " "1, " "1, " "1, " "1, " "1, " "1, " "1, " "1, " "1, " "1, " "1, " "1, " "1, " "1, " "1, " "1, " "1, " "1, " "1, " "1, " "1, " "1, " "1, " "1, " "1, " "1, " "1, " "1, " "1, " "0, " "1, " "1, " "1, " "1, " "1, " "1, " "1, " "1, " "1, " "1, " "1, " "1, " "1, " "1, " "1, " "1, " "1, " "1, " "1, " "1, " "1, " "1, " "1, " "1, " "1, " "1, " "1, " "1, " "1, " "1, " "1, " "1, " "1, " "1, " "1, " "1, " "1, " "1, " "1, " "1, " "1, " "1, " "1, " "1, " "1, " "1, " "1, " "1, " "1, " "1, " "1, " "1, " "1, " "1, " "1, " "1, " "1, " "1, " "1, " "1, " "1, " "1, " "1, " "1, " "1, " "1, " "1, " "1, " "1, " "1, " "1, " "1, " "1, " "1, " "1, " "1, " "1, " "1, " "1, " "1, " "1, " "1, " "1, " "1, " "1, " "1, " "1, " "1, " "1, " "1, " "1, " "1, " "1, " "1, " "1, " "1, " "1, " "1, " "1, " "1, " "1, " "1, " "1, " "1, " "1, " "1, " "1, " "1, " "1, " "1, " "1, " "1, " "1, " "1, " "1, " "1, " "1, " "1, " "1, " "1, " "1, " "1, " "1, " "1, " "1, " "1, " "1, " "1, " "1, " "1, " "1, " "1, " "1, " "1, " "1, " "1, " "1, " "1, " "1, " "1, " "1, " "1, " "1, " "1, " "1, " "1, " "1, " "1, " "1, " "1, " "1, " "1, " "1, " "1, " "1, " "1, " "1, " "1, " "1, " "1, " "1, "5000
 "Nei96, 0.073, " "0.891, " "1, " "1, " "1, " "1, " "1, " "1, " "1, " "1, " "1, " "1, " "1, " "1, " "1, " "1, " "1, " "1, " "1, " "1, " "1, " "1, " "1, " "1, " "1, " "1, " "1, " "1, " "1, " "1, " "1, " "1, " "1, " "1, " "1, " "1, " "1, " "1, " "1, " "1, " "1, " "1, " "1, " "1, " "1, " "1, " "1, " "1, " "1, " "1, " "1, " "1, " "1, " "1, " "1, " "1, " "1, " "1, " "1, " "1, " "1, " "1, " "1, " "1, " "1, " "1, " "1, " "1, " "1, " "1, " "1, " "1, " "1, " "1, " "1, " "1, " "1, " "1, " "1, " "1, " "1, " "1, " "1, " "1, " "1, " "1, " "1, " "1, " "1, " "1, " "1, " "1, " "1, " "1, " "1, " "1, " "1, " "1, " "0, " "1, " "1, " "1, " "1, " "1, " "1, " "1, " "1, " "1, " "1, " "1, " "1, " "1, " "1, " "1, " "1, " "1, " "1, " "1, " "1, " "1, " "1, " "1, " "1, " "1, " "1, " "1, " "1, " "1, " "1, " "1, " "1, " "1, " "1, " "1, " "1, " "1, " "1, " "1, " "1, " "1, " "1, " "1, " "1, " "1, " "1, " "1, " "1, " "1, " "1, " "1, " "1, " "1, " "1, " "1, " "1, " "1, " "1, " "1, " "1, " "1, " "1, " "1, " "1, " "1, " "1, " "1, " "1, " "1, " "1, " "1, " "1, " "1, " "1, " "1, " "1, " "1, " "1, " "1, " "1, " "1, " "1, " "1, " "1, " "1, " "1, " "1, " "1, " "1, " "1, " "1, " "1, " "1, " "1, " "1, " "1, " "1, " "1, " "1, " "1, " "1, " "1, " "1, " "1, " "1, " "1, " "1, " "1, " "1, " "1, " "1, " "1, " "1, " "1, " "1, " "1, " "1, " "1, " "1, " "1, " "1, " "1, " "1, " "1, " "1, " "1, " "1, " "1, " "1, " "1, " "1, " "1, " "1, " "1, " "1, " "1, " "1, " "1, " "1, " "1, " "1, " "1, " "1, " "1, " "1, " "1, " "1, " "1, " "1, " "1, " "1, " "1, " "1, " "1, " "1, " "1, " "1, " "1, " "1, " "1, "5000
 "Nei97, 0.393, " "0.886, " "1, " "1, " "1, " "1, " "1, " "1, " "1, " "1, " "1, " "1, " "1, " "1, " "1, " "1, " "1, " "1, " "1, " "1, " "1, " "1, " "1, " "1, " "1, " "1, " "1, " "1, " "1, " "1, " "1, " "1, " "1, " "1, " "1, " "1, " "1, " "1, " "1, " "1, " "1, " "1, " "1, " "1, " "1, " "1, " "1, " "1, " "1, " "1, " "1, " "1, " "1, " "1, " "1, " "1, " "1, " "1, " "1, " "1, " "1, " "1, " "1, " "1, " "1, " "1, " "1, " "1, " "1, " "1, " "1, " "1, " "1, " "1, " "1, " "1, " "1, " "1, " "1, " "1, " "1, " "1, " "1, " "1, " "1, " "1, " "1, " "1, " "1, " "1, " "1, " "1, " "1, " "1, " "1, " "1, " "1, " "1, " "1, " "0, " "1, " "1, " "1, " "1, " "1, " "1, " "1, " "1, " "1, " "1, " "1, " "1, " "1, " "1, " "1, " "1, " "1, " "1, " "1, " "1, " "1, " "1, " "1, " "1, " "1, " "1, " "1, " "1, " "1, " "1, " "1, " "1, " "1, " "1, " "1, " "1, " "1, " "1, " "1, " "1, " "1, " "1, " "1, " "1, " "1, " "1, " "1, " "1, " "1, " "1, " "1, " "1, " "1, " "1, " "1, " "1, " "1, " "1, " "1, " "1, " "1, " "1, " "1, " "1, " "1, " "1, " "1, " "1, " "1, " "1, " "1, " "1, " "1, " "1, " "1, " "1, " "1, " "1, " "1, " "1, " "1, " "1, " "1, " "1, " "1, " "1, " "1, " "1, " "1, " "1, " "1, " "1, " "1, " "1, " "1, " "1, " "1, " "1, " "1, " "1, " "1, " "1, " "1, " "1, " "1, " "1, " "1, " "1, " "1, " "1, " "1, " "1, " "1, " "1, " "1, " "1, " "1, " "1, " "1, " "1, " "1, " "1, " "1, " "1, " "1, " "1, " "1, " "1, " "1, " "1, " "1, " "1, " "1, " "1, " "1, " "1, " "1, " "1, " "1, " "1, " "1, " "1, " "1, " "1, " "1, " "1, " "1, " "1, " "1, " "1, " "1, " "1, " "1, " "1, " "1, " "1, " "1, " "1, " "1, "5000
 "Nei98, 0.096, " "0.89, " "1, " "1, " "1, " "1, " "1, " "1, " "1, " "1, " "1, " "1, " "1, " "1, " "1, " "1, " "1, " "1, " "1, " "1, " "1, " "1, " "1, " "1, " "1, " "1, " "1, " "1, " "1, " "1, " "1, " "1, " "1, " "1, " "1, " "1, " "1, " "1, " "1, " "1, " "1, " "1, " "1, " "1, " "1, " "1, " "1, " "1, " "1, " "1, " "1, " "1, " "1, " "1, " "1, " "1, " "1, " "1, " "1, " "1, " "1, " "1, " "1, " "1, " "1, " "1, " "1, " "1, " "1, " "1, " "1, " "1, " "1, " "1, " "1, " "1, " "1, " "1, " "1, " "1, " "1, " "1, " "1, " "1, " "1, " "1, " "1, " "1, " "1, " "1, " "1, " "1, " "1, " "1, " "1, " "1, " "1, " "1, " "1, " "1, " "0, " "1, " "1, " "1, " "1, " "1, " "1, " "1, " "1, " "1, " "1, " "1, " "1, " "1, " "1, " "1, " "1, " "1, " "1, " "1, " "1, " "1, " "1, " "1, " "1, " "1, " "1, " "1, " "1, " "1, " "1, " "1, " "1, " "1, " "1, " "1, " "1, " "1, " "1, " "1, " "1, " "1, " "1, " "1, " "1, " "1, " "1, " "1, " "1, " "1, " "1, " "1, " "1, " "1, " "1, " "1, " "1, " "1, " "1, " "1, " "1, " "1, " "1, " "1, " "1, " "1, " "1, " "1, " "1, " "1, " "1, " "1, " "1, " "1, " "1, " "1, " "1, " "1, " "1, " "1, " "1, " "1, " "1, " "1, " "1, " "1, " "1, " "1, " "1, " "1, " "1, " "1, " "1, " "1, " "1, " "1, " "1, " "1, " "1, " "1, " "1, " "1, " "1, " "1, " "1, " "1, " "1, " "1, " "1, " "1, " "1, " "1, " "1, " "1, " "1, " "1, " "1, " "1, " "1, " "1, " "1, " "1, " "1, " "1, " "1, " "1, " "1, " "1, " "1, " "1, " "1, " "1, " "1, " "1, " "1, " "1, " "1, " "1, " "1, " "1, " "1, " "1, " "1, " "1, " "1, " "1, " "1, " "1, " "1, " "1, " "1, " "1, " "1, " "1, " "1, " "1, " "1, " "1, " "1, "5000
 "Nei99, 0.202, " "0.89, " "1, " "1, " "1, " "1, " "1, " "1, " "1, " "1, " "1, " "1, " "1, " "1, " "1, " "1, " "1, " "1, " "1, " "1, " "1, " "1, " "1, " "1, " "1, " "1, " "1, " "1, " "1, " "1, " "1, " "1, " "1, " "1, " "1, " "1, " "1, " "1, " "1, " "1, " "1, " "1, " "1, " "1, " "1, " "1, " "1, " "1, " "1, " "1, " "1, " "1, " "1, " "1, " "1, " "1, " "1, " "1, " "1, " "1, " "1, " "1, " "1, " "1, " "1, " "1, " "1, " "1, " "1, " "1, " "1, " "1, " "1, " "1, " "1, " "1, " "1, " "1, " "1, " "1, " "1, " "1, " "1, " "1, " "1, " "1, " "1, " "1, " "1, " "1, " "1, " "1, " "1, " "1, " "1, " "1, " "1, " "1, " "1, " "1, " "1, " "0, " "1, " "1, " "1, " "1, " "1, " "1, " "1, " "1, " "1, " "1, " "1, " "1, " "1, " "1, " "1, " "1, " "1, " "1, " "1, " "1, " "1, " "1, " "1, " "1, " "1, " "1, " "1, " "1, " "1, " "1, " "1, " "1, " "1, " "1, " "1, " "1, " "1, " "1, " "1, " "1, " "1, " "1, " "1, " "1, " "1, " "1, " "1, " "1, " "1, " "1, " "1, " "1, " "1, " "1, " "1, " "1, " "1, " "1, " "1, " "1, " "1, " "1, " "1, " "1, " "1, " "1, " "1, " "1, " "1, " "1, " "1, " "1, " "1, " "1, " "1, " "1, " "1, " "1, " "1, " "1, " "1, " "1, " "1, " "1, " "1, " "1, " "1, " "1, " "1, " "1, " "1, " "1, " "1, " "1, " "1, " "1, " "1, " "1, " "1, " "1, " "1, " "1, " "1, " "1, " "1, " "1, " "1, " "1, " "1, " "1, " "1, " "1, " "1, " "1, " "1, " "1, " "1, " "1, " "1, " "1, " "1, " "1, " "1, " "1, " "1, " "1, " "1, " "1, " "1, " "1, " "1, " "1, " "1, " "1, " "1, " "1, " "1, " "1, " "1, " "1, " "1, " "1, " "1, " "1, " "1, " "1, " "1, " "1, " "1, " "1, " "1, " "1, " "1, " "1, " "1, " "1, " "1, "5000
 "Nei100, 0.025, " "-0.976, " "1, " "1, " "1, " "1, " "1, " "1, " "1, " "1, " "1, " "1, " "1, " "1, " "1, " "1, " "1, " "1, " "1, " "1, " "1, " "1, " "1, " "1, " "1, " "1, " "1, " "1, " "1, " "1, " "1, " "1, " "1, " "1, " "1, " "1, " "1, " "1, " "1, " "1, " "1, " "1, " "1, " "1, " "1, " "1, " "1, " "1, " "1, " "1, " "1, " "1, " "1, " "1, " "1, " "1, " "1, " "1, " "1, " "1, " "1, " "1, " "1, " "1, " "1, " "1, " "1, " "1, " "1, " "1, " "1, " "1, " "1, " "1, " "1, " "1, " "1, " "1, " "1, " "1, " "1, " "1, " "1, " "1, " "1, " "1, " "1, " "1, " "1, " "1, " "1, " "1, " "1, " "1, " "1, " "1, " "1, " "1, " "1, " "1, " "1, " "1, " "0, " "1, " "1, " "1, " "1, " "1, " "1, " "1, " "1, " "1, " "1, " "1, " "1, " "1, " "1, " "1, " "1, " "1, " "1, " "1, " "1, " "1, " "1, " "1, " "1, " "1, " "1, " "1, " "1, " "1, " "1, " "1, " "1, " "1, " "1, " "1, " "1, " "1, " "1, " "1, " "1, " "1, " "1, " "1, " "1, " "1, " "1, " "1, " "1, " "1, " "1, " "1, " "1, " "1, " "1, " "1, " "1, " "1, " "1, " "1, " "1, " "1, " "1, " "1, " "1, " "1, " "1, " "1, " "1, " "1, " "1, " "1, " "1, " "1, " "1, " "1, " "1, " "1, " "1, " "1, " "1, " "1, " "1, " "1, " "1, " "1, " "1, " "1, " "1, " "1, " "1, " "1, " "1, " "1, " "1, " "1, " "1, " "1, " "1, " "1, " "1, " "1, " "1, " "1, " "1, " "1, " "1, " "1, " "1, " "1, " "1, " "1, " "1, " "1, " "1, " "1, " "1, " "1, " "1, " "1, " "1, " "1, " "1, " "1, " "1, " "1, " "1, " "1, " "1, " "1, " "1, " "1, " "1, " "1, " "1, " "1, " "1, " "1, " "1, " "1, " "1, " "1, " "1, " "1, " "1, " "1, " "1, " "1, " "1, " "1, " "1, " "1, " "1, " "1, " "1, " "1, " "1, "5000
 "Nei101, 0.182, " "0.89, " "1, " "1, " "1, " "1, " "1, " "1, " "1, " "1, " "1, " "1, " "1, " "1, " "1, " "1, " "1, " "1, " "1, " "1, " "1, " "1, " "1, " "1, " "1, " "1, " "1, " "1, " "1, " "1, " "1, " "1, " "1, " "1, " "1, " "1, " "1, " "1, " "1, " "1, " "1, " "1, " "1, " "1, " "1, " "1, " "1, " "1, " "1, " "1, " "1, " "1, " "1, " "1, " "1, " "1, " "1, " "1, " "1, " "1, " "1, " "1, " "1, " "1, " "1, " "1, " "1, " "1, " "1, " "1, " "1, " "1, " "1, " "1, " "1, " "1, " "1, " "1, " "1, " "1, " "1, " "1, " "1, " "1, " "1, " "1, " "1, " "1, " "1, " "1, " "1, " "1, " "1, " "1, " "1, " "1, " "1, " "1, " "1, " "1, " "1, " "1, " "1, " "0, " "1, " "1, " "1, " "1, " "1, " "1, " "1, " "1, " "1, " "1, " "1, " "1, " "1, " "1, " "1, " "1, " "1, " "1, " "1, " "1, " "1, " "1, " "1, " "1, " "1, " "1, " "1, " "1, " "1, " "1, " "1, " "1, " "1, " "1, " "1, " "1, " "1, " "1, " "1, " "1, " "1, " "1, " "1, " "1, " "1, " "1, " "1, " "1, " "1, " "1, " "1, " "1, " "1, " "1, " "1, " "1, " "1, " "1, " "1, " "1, " "1, " "1, " "1, " "1, " "1, " "1, " "1, " "1, " "1, " "1, " "1, " "1, " "1, " "1, " "1, " "1, " "1, " "1, " "1, " "1, " "1, " "1, " "1, " "1, " "1, " "1, " "1, " "1, " "1, " "1, " "1, " "1, " "1, " "1, " "1, " "1, " "1, " "1, " "1, " "1, " "1, " "1, " "1, " "1, " "1, " "1, " "1, " "1, " "1, " "1, " "1, " "1, " "1, " "1, " "1, " "1, " "1, " "1, " "1, " "1, " "1, " "1, " "1, " "1, " "1, " "1, " "1, " "1, " "1, " "1, " "1, " "1, " "1, " "1, " "1, " "1, " "1, " "1, " "1, " "1, " "1, " "1, " "1, " "1, " "1, " "1, " "1, " "1, " "1, " "1, " "1, " "1, " "1, " "1, " "1, "5000
 "Nei102, 0.218, " "0.89, " "1, " "1, " "1, " "1, " "1, " "1, " "1, " "1, " "1, " "1, " "1, " "1, " "1, " "1, " "1, " "1, " "1, " "1, " "1, " "1, " "1, " "1, " "1, " "1, " "1, " "1, " "1, " "1, " "1, " "1, " "1, " "1, " "1, " "1, " "1, " "1, " "1, " "1, " "1, " "1, " "1, " "1, " "1, " "1, " "1, " "1, " "1, " "1, " "1, " "1, " "1, " "1, " "1, " "1, " "1, " "1, " "1, " "1, " "1, " "1, " "1, " "1, " "1, " "1, " "1, " "1, " "1, " "1, " "1, " "1, " "1, " "1, " "1, " "1, " "1, " "1, " "1, " "1, " "1, " "1, " "1, " "1, " "1, " "1, " "1, " "1, " "1, " "1, " "1, " "1, " "1, " "1, " "1, " "1, " "1, " "1, " "1, " "1, " "1, " "1, " "1, " "1, " "0, " "1, " "1, " "1, " "1, " "1, " "1, " "1, " "1, " "1, " "1, " "1, " "1, " "1, " "1, " "1, " "1, " "1, " "1, " "1, " "1, " "1, " "1, " "1, " "1, " "1, " "1, " "1, " "1, " "1, " "1, " "1, " "1, " "1, " "1, " "1, " "1, " "1, " "1, " "1, " "1, " "1, " "1, " "1, " "1, " "1, " "1, " "1, " "1, " "1, " "1, " "1, " "1, " "1, " "1, " "1, " "1, " "1, " "1, " "1, " "1, " "1, " "1, " "1, " "1, " "1, " "1, " "1, " "1, " "1, " "1, " "1, " "1, " "1, " "1, " "1, " "1, " "1, " "1, " "1, " "1, " "1, " "1, " "1, " "1, " "1, " "1, " "1, " "1, " "1, " "1, " "1, " "1, " "1, " "1, " "1, " "1, " "1, " "1, " "1, " "1, " "1, " "1, " "1, " "1, " "1, " "1, " "1, " "1, " "1, " "1, " "1, " "1, " "1, " "1, " "1, " "1, " "1, " "1, " "1, " "1, " "1, " "1, " "1, " "1, " "1, " "1, " "1, " "1, " "1, " "1, " "1, " "1, " "1, " "1, " "1, " "1, " "1, " "1, " "1, " "1, " "1, " "1, " "1, " "1, " "1, " "1, " "1, " "1, " "1, " "1, " "1, " "1, " "1, " "1, "5000
 "Nei103, 0.165, " "0.889, " "1, " "1, " "1, " "1, " "1, " "1, " "1, " "1, " "1, " "1, " "1, " "1, " "1, " "1, " "1, " "1, " "1, " "1, " "1, " "1, " "1, " "1, " "1, " "1, " "1, " "1, " "1, " "1, " "1, " "1, " "1, " "1, " "1, " "1, " "1, " "1, " "1, " "1, " "1, " "1, " "1, " "1, " "1, " "1, " "1, " "1, " "1, " "1, " "1, " "1, " "1, " "1, " "1, " "1, " "1, " "1, " "1, " "1, " "1, " "1, " "1, " "1, " "1, " "1, " "1, " "1, " "1, " "1, " "1, " "1, " "1, " "1, " "1, " "1, " "1, " "1, " "1, " "1, " "1, " "1, " "1, " "1, " "1, " "1, " "1, " "1, " "1, " "1, " "1, " "1, " "1, " "1, " "1, " "1, " "1, " "1, " "1, " "1, " "1, " "1, " "1, " "1, " "1, " "0, " "1, " "1, " "1, " "1, " "1, " "1, " "1, " "1, " "1, " "1, " "1, " "1, " "1, " "1, " "1, " "1, " "1, " "1, " "1, " "1, " "1, " "1, " "1, " "1, " "1, " "1, " "1, " "1, " "1, " "1, " "1, " "1, " "1, " "1, " "1, " "1, " "1, " "1, " "1, " "1, " "1, " "1, " "1, " "1, " "1, " "1, " "1, " "1, " "1, " "1, " "1, " "1, " "1, " "1, " "1, " "1, " "1, " "1, " "1, " "1, " "1, " "1, " "1, " "1, " "1, " "1, " "1, " "1, " "1, " "1, " "1, " "1, " "1, " "1, " "1, " "1, " "1, " "1, " "1, " "1, " "1, " "1, " "1, " "1, " "1, " "1, " "1, " "1, " "1, " "1, " "1, " "1, " "1, " "1, " "1, " "1, " "1, " "1, " "1, " "1, " "1, " "1, " "1, " "1, " "1, " "1, " "1, " "1, " "1, " "1, " "1, " "1, " "1, " "1, " "1, " "1, " "1, " "1, " "1, " "1, " "1, " "1, " "1, " "1, " "1, " "1, " "1, " "1, " "1, " "1, " "1, " "1, " "1, " "1, " "1, " "1, " "1, " "1, " "1, " "1, " "1, " "1, " "1, " "1, " "1, " "1, " "1, " "1, " "1, " "1, " "1, " "1, " "1, "5000
 "Nei104, 0.372, " "0.886, " "1, " "1, " "1, " "1, " "1, " "1, " "1, " "1, " "1, " "1, " "1, " "1, " "1, " "1, " "1, " "1, " "1, " "1, " "1, " "1, " "1, " "1, " "1, " "1, " "1, " "1, " "1, " "1, " "1, " "1, " "1, " "1, " "1, " "1, " "1, " "1, " "1, " "1, " "1, " "1, " "1, " "1, " "1, " "1, " "1, " "1, " "1, " "1, " "1, " "1, " "1, " "1, " "1, " "1, " "1, " "1, " "1, " "1, " "1, " "1, " "1, " "1, " "1, " "1, " "1, " "1, " "1, " "1, " "1, " "1, " "1, " "1, " "1, " "1, " "1, " "1, " "1, " "1, " "1, " "1, " "1, " "1, " "1, " "1, " "1, " "1, " "1, " "1, " "1, " "1, " "1, " "1, " "1, " "1, " "1, " "1, " "1, " "1, " "1, " "1, " "1, " "1, " "1, " "1, " "0, " "1, " "1, " "1, " "1, " "1, " "1, " "1, " "1, " "1, " "1, " "1, " "1, " "1, " "1, " "1, " "1, " "1, " "1, " "1, " "1, " "1, " "1, " "1, " "1, " "1, " "1, " "1, " "1, " "1, " "1, " "1, " "1, " "1, " "1, " "1, " "1, " "1, " "1, " "1, " "1, " "1, " "1, " "1, " "1, " "1, " "1, " "1, " "1, " "1, " "1, " "1, " "1, " "1, " "1, " "1, " "1, " "1, " "1, " "1, " "1, " "1, " "1, " "1, " "1, " "1, " "1, " "1, " "1, " "1, " "1, " "1, " "1, " "1, " "1, " "1, " "1, " "1, " "1, " "1, " "1, " "1, " "1, " "1, " "1, " "1, " "1, " "1, " "1, " "1, " "1, " "1, " "1, " "1, " "1, " "1, " "1, " "1, " "1, " "1, " "1, " "1, " "1, " "1, " "1, " "1, " "1, " "1, " "1, " "1, " "1, " "1, " "1, " "1, " "1, " "1, " "1, " "1, " "1, " "1, " "1, " "1, " "1, " "1, " "1, " "1, " "1, " "1, " "1, " "1, " "1, " "1, " "1, " "1, " "1, " "1, " "1, " "1, " "1, " "1, " "1, " "1, " "1, " "1, " "1, " "1, " "1, " "1, " "1, " "1, " "1, " "1, " "1, "5000
 "Nei105, 0.208, " "0.89, " "1, " "1, " "1, " "1, " "1, " "1, " "1, " "1, " "1, " "1, " "1, " "1, " "1, " "1, " "1, " "1, " "1, " "1, " "1, " "1, " "1, " "1, " "1, " "1, " "1, " "1, " "1, " "1, " "1, " "1, " "1, " "1, " "1, " "1, " "1, " "1, " "1, " "1, " "1, " "1, " "1, " "1, " "1, " "1, " "1, " "1, " "1, " "1, " "1, " "1, " "1, " "1, " "1, " "1, " "1, " "1, " "1, " "1, " "1, " "1, " "1, " "1, " "1, " "1, " "1, " "1, " "1, " "1, " "1, " "1, " "1, " "1, " "1, " "1, " "1, " "1, " "1, " "1, " "1, " "1, " "1, " "1, " "1, " "1, " "1, " "1, " "1, " "1, " "1, " "1, " "1, " "1, " "1, " "1, " "1, " "1, " "1, " "1, " "1, " "1, " "1, " "1, " "1, " "1, " "1, " "0, " "1, " "1, " "1, " "1, " "1, " "1, " "1, " "1, " "1, " "1, " "1, " "1, " "1, " "1, " "1, " "1, " "1, " "1, " "1, " "1, " "1, " "1, " "1, " "1, " "1, " "1, " "1, " "1, " "1, " "1, " "1, " "1, " "1, " "1, " "1, " "1, " "1, " "1, " "1, " "1, " "1, " "1, " "1, " "1, " "1, " "1, " "1, " "1, " "1, " "1, " "1, " "1, " "1, " "1, " "1, " "1, " "1, " "1, " "1, " "1, " "1, " "1, " "1, " "1, " "1, " "1, " "1, " "1, " "1, " "1, " "1, " "1, " "1, " "1, " "1, " "1, " "1, " "1, " "1, " "1, " "1, " "1, " "1, " "1, " "1, " "1, " "1, " "1, " "1, " "1, " "1, " "1, " "1, " "1, " "1, " "1, " "1, " "1, " "1, " "1, " "1, " "1, " "1, " "1, " "1, " "1, " "1, " "1, " "1, " "1, " "1, " "1, " "1, " "1, " "1, " "1, " "1, " "1, " "1, " "1, " "1, " "1, " "1, " "1, " "1, " "1, " "1, " "1, " "1, " "1, " "1, " "1, " "1, " "1, " "1, " "1, " "1, " "1, " "1, " "1, " "1, " "1, " "1, " "1, " "1, " "1, " "1, " "1, " "1, " "1, " "1, "5000
 "Nei106, 0.282, " "0.889, " "1, " "1, " "1, " "1, " "1, " "1, " "1, " "1, " "1, " "1, " "1, " "1, " "1, " "1, " "1, " "1, " "1, " "1, " "1, " "1, " "1, " "1, " "1, " "1, " "1, " "1, " "1, " "1, " "1, " "1, " "1, " "1, " "1, " "1, " "1, " "1, " "1, " "1, " "1, " "1, " "1, " "1, " "1, " "1, " "1, " "1, " "1, " "1, " "1, " "1, " "1, " "1, " "1, " "1, " "1, " "1, " "1, " "1, " "1, " "1, " "1, " "1, " "1, " "1, " "1, " "1, " "1, " "1, " "1, " "1, " "1, " "1, " "1, " "1, " "1, " "1, " "1, " "1, " "1, " "1, " "1, " "1, " "1, " "1, " "1, " "1, " "1, " "1, " "1, " "1, " "1, " "1, " "1, " "1, " "1, " "1, " "1, " "1, " "1, " "1, " "1, " "1, " "1, " "1, " "1, " "1, " "0, " "1, " "1, " "1, " "1, " "1, " "1, " "1, " "1, " "1, " "1, " "1, " "1, " "1, " "1, " "1, " "1, " "1, " "1, " "1, " "1, " "1, " "1, " "1, " "1, " "1, " "1, " "1, " "1, " "1, " "1, " "1, " "1, " "1, " "1, " "1, " "1, " "1, " "1, " "1, " "1, " "1, " "1, " "1, " "1, " "1, " "1, " "1, " "1, " "1, " "1, " "1, " "1, " "1, " "1, " "1, " "1, " "1, " "1, " "1, " "1, " "1, " "1, " "1, " "1, " "1, " "1, " "1, " "1, " "1, " "1, " "1, " "1, " "1, " "1, " "1, " "1, " "1, " "1, " "1, " "1, " "1, " "1, " "1, " "1, " "1, " "1, " "1, " "1, " "1, " "1, " "1, " "1, " "1, " "1, " "1, " "1, " "1, " "1, " "1, " "1, " "1, " "1, " "1, " "1, " "1, " "1, " "1, " "1, " "1, " "1, " "1, " "1, " "1, " "1, " "1, " "1, " "1, " "1, " "1, " "1, " "1, " "1, " "1, " "1, " "1, " "1, " "1, " "1, " "1, " "1, " "1, " "1, " "1, " "1, " "1, " "1, " "1, " "1, " "1, " "1, " "1, " "1, " "1, " "1, " "1, " "1, " "1, " "1, " "1, " "1, "5000
 "Nei107, 0.099, " "0.89, " "1, " "1, " "1, " "1, " "1, " "1, " "1, " "1, " "1, " "1, " "1, " "1, " "1, " "1, " "1, " "1, " "1, " "1, " "1, " "1, " "1, " "1, " "1, " "1, " "1, " "1, " "1, " "1, " "1, " "1, " "1, " "1, " "1, " "1, " "1, " "1, " "1, " "1, " "1, " "1, " "1, " "1, " "1, " "1, " "1, " "1, " "1, " "1, " "1, " "1, " "1, " "1, " "1, " "1, " "1, " "1, " "1, " "1, " "1, " "1, " "1, " "1, " "1, " "1, " "1, " "1, " "1, " "1, " "1, " "1, " "1, " "1, " "1, " "1, " "1, " "1, " "1, " "1, " "1, " "1, " "1, " "1, " "1, " "1, " "1, " "1, " "1, " "1, " "1, " "1, " "1, " "1, " "1, " "1, " "1, " "1, " "1, " "1, " "1, " "1, " "1, " "1, " "1, " "1, " "1, " "1, " "1, " "0, " "1, " "1, " "1, " "1, " "1, " "1, " "1, " "1, " "1, " "1, " "1, " "1, " "1, " "1, " "1, " "1, " "1, " "1, " "1, " "1, " "1, " "1, " "1, " "1, " "1, " "1, " "1, " "1, " "1, " "1, " "1, " "1, " "1, " "1, " "1, " "1, " "1, " "1, " "1, " "1, " "1, " "1, " "1, " "1, " "1, " "1, " "1, " "1, " "1, " "1, " "1, " "1, " "1, " "1, " "1, " "1, " "1, " "1, " "1, " "1, " "1, " "1, " "1, " "1, " "1, " "1, " "1, " "1, " "1, " "1, " "1, " "1, " "1, " "1, " "1, " "1, " "1, " "1, " "1, " "1, " "1, " "1, " "1, " "1, " "1, " "1, " "1, " "1, " "1, " "1, " "1, " "1, " "1, " "1, " "1, " "1, " "1, " "1, " "1, " "1, " "1, " "1, " "1, " "1, " "1, " "1, " "1, " "1, " "1, " "1, " "1, " "1, " "1, " "1, " "1, " "1, " "1, " "1, " "1, " "1, " "1, " "1, " "1, " "1, " "1, " "1, " "1, " "1, " "1, " "1, " "1, " "1, " "1, " "1, " "1, " "1, " "1, " "1, " "1, " "1, " "1, " "1, " "1, " "1, " "1, " "1, " "1, " "1, " "1, "5000
 "Nei108, 0.252, " "0.89, " "1, " "1, " "1, " "1, " "1, " "1, " "1, " "1, " "1, " "1, " "1, " "1, " "1, " "1, " "1, " "1, " "1, " "1, " "1, " "1, " "1, " "1, " "1, " "1, " "1, " "1, " "1, " "1, " "1, " "1, " "1, " "1, " "1, " "1, " "1, " "1, " "1, " "1, " "1, " "1, " "1, " "1, " "1, " "1, " "1, " "1, " "1, " "1, " "1, " "1, " "1, " "1, " "1, " "1, " "1, " "1, " "1, " "1, " "1, " "1, " "1, " "1, " "1, " "1, " "1, " "1, " "1, " "1, " "1, " "1, " "1, " "1, " "1, " "1, " "1, " "1, " "1, " "1, " "1, " "1, " "1, " "1, " "1, " "1, " "1, " "1, " "1, " "1, " "1, " "1, " "1, " "1, " "1, " "1, " "1, " "1, " "1, " "1, " "1, " "1, " "1, " "1, " "1, " "1, " "1, " "1, " "1, " "1, " "0, " "1, " "1, " "1, " "1, " "1, " "1, " "1, " "1, " "1, " "1, " "1, " "1, " "1, " "1, " "1, " "1, " "1, " "1, " "1, " "1, " "1, " "1, " "1, " "1, " "1, " "1, " "1, " "1, " "1, " "1, " "1, " "1, " "1, " "1, " "1, " "1, " "1, " "1, " "1, " "1, " "1, " "1, " "1, " "1, " "1, " "1, " "1, " "1, " "1, " "1, " "1, " "1, " "1, " "1, " "1, " "1, " "1, " "1, " "1, " "1, " "1, " "1, " "1, " "1, " "1, " "1, " "1, " "1, " "1, " "1, " "1, " "1, " "1, " "1, " "1, " "1, " "1, " "1, " "1, " "1, " "1, " "1, " "1, " "1, " "1, " "1, " "1, " "1, " "1, " "1, " "1, " "1, " "1, " "1, " "1, " "1, " "1, " "1, " "1, " "1, " "1, " "1, " "1, " "1, " "1, " "1, " "1, " "1, " "1, " "1, " "1, " "1, " "1, " "1, " "1, " "1, " "1, " "1, " "1, " "1, " "1, " "1, " "1, " "1, " "1, " "1, " "1, " "1, " "1, " "1, " "1, " "1, " "1, " "1, " "1, " "1, " "1, " "1, " "1, " "1, " "1, " "1, " "1, " "1, " "1, " "1, " "1, " "1, "5000
 "Nei109, 0.363, " "0.885, " "1, " "1, " "1, " "1, " "1, " "1, " "1, " "1, " "1, " "1, " "1, " "1, " "1, " "1, " "1, " "1, " "1, " "1, " "1, " "1, " "1, " "1, " "1, " "1, " "1, " "1, " "1, " "1, " "1, " "1, " "1, " "1, " "1, " "1, " "1, " "1, " "1, " "1, " "1, " "1, " "1, " "1, " "1, " "1, " "1, " "1, " "1, " "1, " "1, " "1, " "1, " "1, " "1, " "1, " "1, " "1, " "1, " "1, " "1, " "1, " "1, " "1, " "1, " "1, " "1, " "1, " "1, " "1, " "1, " "1, " "1, " "1, " "1, " "1, " "1, " "1, " "1, " "1, " "1, " "1, " "1, " "1, " "1, " "1, " "1, " "1, " "1, " "1, " "1, " "1, " "1, " "1, " "1, " "1, " "1, " "1, " "1, " "1, " "1, " "1, " "1, " "1, " "1, " "1, " "1, " "1, " "1, " "1, " "1, " "0, " "1, " "1, " "1, " "1, " "1, " "1, " "1, " "1, " "1, " "1, " "1, " "1, " "1, " "1, " "1, " "1, " "1, " "1, " "1, " "1, " "1, " "1, " "1, " "1, " "1, " "1, " "1, " "1, " "1, " "1, " "1, " "1, " "1, " "1, " "1, " "1, " "1, " "1, " "1, " "1, " "1, " "1, " "1, " "1, " "1, " "1, " "1, " "1, " "1, " "1, " "1, " "1, " "1, " "1, " "1, " "1, " "1, " "1, " "1, " "1, " "1, " "1, " "1, " "1, " "1, " "1, " "1, " "1, " "1, " "1, " "1, " "1, " "1, " "1, " "1, " "1, " "1, " "1, " "1, " "1, " "1, " "1, " "1, " "1, " "1, " "1, " "1, " "1, " "1, " "1, " "1, " "1, " "1, " "1, " "1, " "1, " "1, " "1, " "1, " "1, " "1, " "1, " "1, " "1, " "1, " "1, " "1, " "1, " "1, " "1, " "1, " "1, " "1, " "1, " "1, " "1, " "1, " "1, " "1, " "1, " "1, " "1, " "1, " "1, " "1, " "1, " "1, " "1, " "1, " "1, " "1, " "1, " "1, " "1, " "1, " "1, " "1, " "1, " "1, " "1, " "1, " "1, " "1, " "1, " "1, " "1, " "1, "5000
 "Nei110, 0.026, " "0.966, " "1, " "1, " "1, " "1, " "1, " "1, " "1, " "1, " "1, " "1, " "1, " "1, " "1, " "1, " "1, " "1, " "1, " "1, " "1, " "1, " "1, " "1, " "1, " "1, " "1, " "1, " "1, " "1, " "1, " "1, " "1, " "1, " "1, " "1, " "1, " "1, " "1, " "1, " "1, " "1, " "1, " "1, " "1, " "1, " "1, " "1, " "1, " "1, " "1, " "1, " "1, " "1, " "1, " "1, " "1, " "1, " "1, " "1, " "1, " "1, " "1, " "1, " "1, " "1, " "1, " "1, " "1, " "1, " "1, " "1, " "1, " "1, " "1, " "1, " "1, " "1, " "1, " "1, " "1, " "1, " "1, " "1, " "1, " "1, " "1, " "1, " "1, " "1, " "1, " "1, " "1, " "1, " "1, " "1, " "1, " "1, " "1, " "1, " "1, " "1, " "1, " "1, " "1, " "1, " "1, " "1, " "1, " "1, " "1, " "1, " "0, " "1, " "1, " "1, " "1, " "1, " "1, " "1, " "1, " "1, " "1, " "1, " "1, " "1, " "1, " "1, " "1, " "1, " "1, " "1, " "1, " "1, " "1, " "1, " "1, " "1, " "1, " "1, " "1, " "1, " "1, " "1, " "1, " "1, " "1, " "1, " "1, " "1, " "1, " "1, " "1, " "1, " "1, " "1, " "1, " "1, " "1, " "1, " "1, " "1, " "1, " "1, " "1, " "1, " "1, " "1, " "1, " "1, " "1, " "1, " "1, " "1, " "1, " "1, " "1, " "1, " "1, " "1, " "1, " "1, " "1, " "1, " "1, " "1, " "1, " "1, " "1, " "1, " "1, " "1, " "1, " "1, " "1, " "1, " "1, " "1, " "1, " "1, " "1, " "1, " "1, " "1, " "1, " "1, " "1, " "1, " "1, " "1, " "1, " "1, " "1, " "1, " "1, " "1, " "1, " "1, " "1, " "1, " "1, " "1, " "1, " "1, " "1, " "1, " "1, " "1, " "1, " "1, " "1, " "1, " "1, " "1, " "1, " "1, " "1, " "1, " "1, " "1, " "1, " "1, " "1, " "1, " "1, " "1, " "1, " "1, " "1, " "1, " "1, " "1, " "1, " "1, " "1, " "1, " "1, " "1, " "1, "5000
 "Nei111, 0.205, " "0.89, " "1, " "1, " "1, " "1, " "1, " "1, " "1, " "1, " "1, " "1, " "1, " "1, " "1, " "1, " "1, " "1, " "1, " "1, " "1, " "1, " "1, " "1, " "1, " "1, " "1, " "1, " "1, " "1, " "1, " "1, " "1, " "1, " "1, " "1, " "1, " "1, " "1, " "1, " "1, " "1, " "1, " "1, " "1, " "1, " "1, " "1, " "1, " "1, " "1, " "1, " "1, " "1, " "1, " "1, " "1, " "1, " "1, " "1, " "1, " "1, " "1, " "1, " "1, " "1, " "1, " "1, " "1, " "1, " "1, " "1, " "1, " "1, " "1, " "1, " "1, " "1, " "1, " "1, " "1, " "1, " "1, " "1, " "1, " "1, " "1, " "1, " "1, " "1, " "1, " "1, " "1, " "1, " "1, " "1, " "1, " "1, " "1, " "1, " "1, " "1, " "1, " "1, " "1, " "1, " "1, " "1, " "1, " "1, " "1, " "1, " "1, " "0, " "1, " "1, " "1, " "1, " "1, " "1, " "1, " "1, " "1, " "1, " "1, " "1, " "1, " "1, " "1, " "1, " "1, " "1, " "1, " "1, " "1, " "1, " "1, " "1, " "1, " "1, " "1, " "1, " "1, " "1, " "1, " "1, " "1, " "1, " "1, " "1, " "1, " "1, " "1, " "1, " "1, " "1, " "1, " "1, " "1, " "1, " "1, " "1, " "1, " "1, " "1, " "1, " "1, " "1, " "1, " "1, " "1, " "1, " "1, " "1, " "1, " "1, " "1, " "1, " "1, " "1, " "1, " "1, " "1, " "1, " "1, " "1, " "1, " "1, " "1, " "1, " "1, " "1, " "1, " "1, " "1, " "1, " "1, " "1, " "1, " "1, " "1, " "1, " "1, " "1, " "1, " "1, " "1, " "1, " "1, " "1, " "1, " "1, " "1, " "1, " "1, " "1, " "1, " "1, " "1, " "1, " "1, " "1, " "1, " "1, " "1, " "1, " "1, " "1, " "1, " "1, " "1, " "1, " "1, " "1, " "1, " "1, " "1, " "1, " "1, " "1, " "1, " "1, " "1, " "1, " "1, " "1, " "1, " "1, " "1, " "1, " "1, " "1, " "1, " "1, " "1, " "1, " "1, " "1, " "1, "5000
 "Nei112, 0.274, " "0.89, " "1, " "1, " "1, " "1, " "1, " "1, " "1, " "1, " "1, " "1, " "1, " "1, " "1, " "1, " "1, " "1, " "1, " "1, " "1, " "1, " "1, " "1, " "1, " "1, " "1, " "1, " "1, " "1, " "1, " "1, " "1, " "1, " "1, " "1, " "1, " "1, " "1, " "1, " "1, " "1, " "1, " "1, " "1, " "1, " "1, " "1, " "1, " "1, " "1, " "1, " "1, " "1, " "1, " "1, " "1, " "1, " "1, " "1, " "1, " "1, " "1, " "1, " "1, " "1, " "1, " "1, " "1, " "1, " "1, " "1, " "1, " "1, " "1, " "1, " "1, " "1, " "1, " "1, " "1, " "1, " "1, " "1, " "1, " "1, " "1, " "1, " "1, " "1, " "1, " "1, " "1, " "1, " "1, " "1, " "1, " "1, " "1, " "1, " "1, " "1, " "1, " "1, " "1, " "1, " "1, " "1, " "1, " "1, " "1, " "1, " "1, " "1, " "0, " "1, " "1, " "1, " "1, " "1, " "1, " "1, " "1, " "1, " "1, " "1, " "1, " "1, " "1, " "1, " "1, " "1, " "1, " "1, " "1, " "1, " "1, " "1, " "1, " "1, " "1, " "1, " "1, " "1, " "1, " "1, " "1, " "1, " "1, " "1, " "1, " "1, " "1, " "1, " "1, " "1, " "1, " "1, " "1, " "1, " "1, " "1, " "1, " "1, " "1, " "1, " "1, " "1, " "1, " "1, " "1, " "1, " "1, " "1, " "1, " "1, " "1, " "1, " "1, " "1, " "1, " "1, " "1, " "1, " "1, " "1, " "1, " "1, " "1, " "1, " "1, " "1, " "1, " "1, " "1, " "1, " "1, " "1, " "1, " "1, " "1, " "1, " "1, " "1, " "1, " "1, " "1, " "1, " "1, " "1, " "1, " "1, " "1, " "1, " "1, " "1, " "1, " "1, " "1, " "1, " "1, " "1, " "1, " "1, " "1, " "1, " "1, " "1, " "1, " "1, " "1, " "1, " "1, " "1, " "1, " "1, " "1, " "1, " "1, " "1, " "1, " "1, " "1, " "1, " "1, " "1, " "1, " "1, " "1, " "1, " "1, " "1, " "1, " "1, " "1, " "1, " "1, " "1, " "1, "5000
 "Nei113, 0.127, " "0.89, " "1, " "1, " "1, " "1, " "1, " "1, " "1, " "1, " "1, " "1, " "1, " "1, " "1, " "1, " "1, " "1, " "1, " "1, " "1, " "1, " "1, " "1, " "1, " "1, " "1, " "1, " "1, " "1, " "1, " "1, " "1, " "1, " "1, " "1, " "1, " "1, " "1, " "1, " "1, " "1, " "1, " "1, " "1, " "1, " "1, " "1, " "1, " "1, " "1, " "1, " "1, " "1, " "1, " "1, " "1, " "1, " "1, " "1, " "1, " "1, " "1, " "1, " "1, " "1, " "1, " "1, " "1, " "1, " "1, " "1, " "1, " "1, " "1, " "1, " "1, " "1, " "1, " "1, " "1, " "1, " "1, " "1, " "1, " "1, " "1, " "1, " "1, " "1, " "1, " "1, " "1, " "1, " "1, " "1, " "1, " "1, " "1, " "1, " "1, " "1, " "1, " "1, " "1, " "1, " "1, " "1, " "1, " "1, " "1, " "1, " "1, " "1, " "1, " "0, " "1, " "1, " "1, " "1, " "1, " "1, " "1, " "1, " "1, " "1, " "1, " "1, " "1, " "1, " "1, " "1, " "1, " "1, " "1, " "1, " "1, " "1, " "1, " "1, " "1, " "1, " "1, " "1, " "1, " "1, " "1, " "1, " "1, " "1, " "1, " "1, " "1, " "1, " "1, " "1, " "1, " "1, " "1, " "1, " "1, " "1, " "1, " "1, " "1, " "1, " "1, " "1, " "1, " "1, " "1, " "1, " "1, " "1, " "1, " "1, " "1, " "1, " "1, " "1, " "1, " "1, " "1, " "1, " "1, " "1, " "1, " "1, " "1, " "1, " "1, " "1, " "1, " "1, " "1, " "1, " "1, " "1, " "1, " "1, " "1, " "1, " "1, " "1, " "1, " "1, " "1, " "1, " "1, " "1, " "1, " "1, " "1, " "1, " "1, " "1, " "1, " "1, " "1, " "1, " "1, " "1, " "1, " "1, " "1, " "1, " "1, " "1, " "1, " "1, " "1, " "1, " "1, " "1, " "1, " "1, " "1, " "1, " "1, " "1, " "1, " "1, " "1, " "1, " "1, " "1, " "1, " "1, " "1, " "1, " "1, " "1, " "1, " "1, " "1, " "1, " "1, " "1, " "1, "5000
 "Nei114, 0.265, " "0.891, " "1, " "1, " "1, " "1, " "1, " "1, " "1, " "1, " "1, " "1, " "1, " "1, " "1, " "1, " "1, " "1, " "1, " "1, " "1, " "1, " "1, " "1, " "1, " "1, " "1, " "1, " "1, " "1, " "1, " "1, " "1, " "1, " "1, " "1, " "1, " "1, " "1, " "1, " "1, " "1, " "1, " "1, " "1, " "1, " "1, " "1, " "1, " "1, " "1, " "1, " "1, " "1, " "1, " "1, " "1, " "1, " "1, " "1, " "1, " "1, " "1, " "1, " "1, " "1, " "1, " "1, " "1, " "1, " "1, " "1, " "1, " "1, " "1, " "1, " "1, " "1, " "1, " "1, " "1, " "1, " "1, " "1, " "1, " "1, " "1, " "1, " "1, " "1, " "1, " "1, " "1, " "1, " "1, " "1, " "1, " "1, " "1, " "1, " "1, " "1, " "1, " "1, " "1, " "1, " "1, " "1, " "1, " "1, " "1, " "1, " "1, " "1, " "1, " "1, " "0, " "1, " "1, " "1, " "1, " "1, " "1, " "1, " "1, " "1, " "1, " "1, " "1, " "1, " "1, " "1, " "1, " "1, " "1, " "1, " "1, " "1, " "1, " "1, " "1, " "1, " "1, " "1, " "1, " "1, " "1, " "1, " "1, " "1, " "1, " "1, " "1, " "1, " "1, " "1, " "1, " "1, " "1, " "1, " "1, " "1, " "1, " "1, " "1, " "1, " "1, " "1, " "1, " "1, " "1, " "1, " "1, " "1, " "1, " "1, " "1, " "1, " "1, " "1, " "1, " "1, " "1, " "1, " "1, " "1, " "1, " "1, " "1, " "1, " "1, " "1, " "1, " "1, " "1, " "1, " "1, " "1, " "1, " "1, " "1, " "1, " "1, " "1, " "1, " "1, " "1, " "1, " "1, " "1, " "1, " "1, " "1, " "1, " "1, " "1, " "1, " "1, " "1, " "1, " "1, " "1, " "1, " "1, " "1, " "1, " "1, " "1, " "1, " "1, " "1, " "1, " "1, " "1, " "1, " "1, " "1, " "1, " "1, " "1, " "1, " "1, " "1, " "1, " "1, " "1, " "1, " "1, " "1, " "1, " "1, " "1, " "1, " "1, " "1, " "1, " "1, " "1, " "1, "5000
 "Nei115, 0.1, " "0.89, " "1, " "1, " "1, " "1, " "1, " "1, " "1, " "1, " "1, " "1, " "1, " "1, " "1, " "1, " "1, " "1, " "1, " "1, " "1, " "1, " "1, " "1, " "1, " "1, " "1, " "1, " "1, " "1, " "1, " "1, " "1, " "1, " "1, " "1, " "1, " "1, " "1, " "1, " "1, " "1, " "1, " "1, " "1, " "1, " "1, " "1, " "1, " "1, " "1, " "1, " "1, " "1, " "1, " "1, " "1, " "1, " "1, " "1, " "1, " "1, " "1, " "1, " "1, " "1, " "1, " "1, " "1, " "1, " "1, " "1, " "1, " "1, " "1, " "1, " "1, " "1, " "1, " "1, " "1, " "1, " "1, " "1, " "1, " "1, " "1, " "1, " "1, " "1, " "1, " "1, " "1, " "1, " "1, " "1, " "1, " "1, " "1, " "1, " "1, " "1, " "1, " "1, " "1, " "1, " "1, " "1, " "1, " "1, " "1, " "1, " "1, " "1, " "1, " "1, " "1, " "0, " "1, " "1, " "1, " "1, " "1, " "1, " "1, " "1, " "1, " "1, " "1, " "1, " "1, " "1, " "1, " "1, " "1, " "1, " "1, " "1, " "1, " "1, " "1, " "1, " "1, " "1, " "1, " "1, " "1, " "1, " "1, " "1, " "1, " "1, " "1, " "1, " "1, " "1, " "1, " "1, " "1, " "1, " "1, " "1, " "1, " "1, " "1, " "1, " "1, " "1, " "1, " "1, " "1, " "1, " "1, " "1, " "1, " "1, " "1, " "1, " "1, " "1, " "1, " "1, " "1, " "1, " "1, " "1, " "1, " "1, " "1, " "1, " "1, " "1, " "1, " "1, " "1, " "1, " "1, " "1, " "1, " "1, " "1, " "1, " "1, " "1, " "1, " "1, " "1, " "1, " "1, " "1, " "1, " "1, " "1, " "1, " "1, " "1, " "1, " "1, " "1, " "1, " "1, " "1, " "1, " "1, " "1, " "1, " "1, " "1, " "1, " "1, " "1, " "1, " "1, " "1, " "1, " "1, " "1, " "1, " "1, " "1, " "1, " "1, " "1, " "1, " "1, " "1, " "1, " "1, " "1, " "1, " "1, " "1, " "1, " "1, " "1, " "1, " "1, " "1, " "1, "5000
 "Nei116, 0.102, " "0.89, " "1, " "1, " "1, " "1, " "1, " "1, " "1, " "1, " "1, " "1, " "1, " "1, " "1, " "1, " "1, " "1, " "1, " "1, " "1, " "1, " "1, " "1, " "1, " "1, " "1, " "1, " "1, " "1, " "1, " "1, " "1, " "1, " "1, " "1, " "1, " "1, " "1, " "1, " "1, " "1, " "1, " "1, " "1, " "1, " "1, " "1, " "1, " "1, " "1, " "1, " "1, " "1, " "1, " "1, " "1, " "1, " "1, " "1, " "1, " "1, " "1, " "1, " "1, " "1, " "1, " "1, " "1, " "1, " "1, " "1, " "1, " "1, " "1, " "1, " "1, " "1, " "1, " "1, " "1, " "1, " "1, " "1, " "1, " "1, " "1, " "1, " "1, " "1, " "1, " "1, " "1, " "1, " "1, " "1, " "1, " "1, " "1, " "1, " "1, " "1, " "1, " "1, " "1, " "1, " "1, " "1, " "1, " "1, " "1, " "1, " "1, " "1, " "1, " "1, " "1, " "1, " "0, " "1, " "1, " "1, " "1, " "1, " "1, " "1, " "1, " "1, " "1, " "1, " "1, " "1, " "1, " "1, " "1, " "1, " "1, " "1, " "1, " "1, " "1, " "1, " "1, " "1, " "1, " "1, " "1, " "1, " "1, " "1, " "1, " "1, " "1, " "1, " "1, " "1, " "1, " "1, " "1, " "1, " "1, " "1, " "1, " "1, " "1, " "1, " "1, " "1, " "1, " "1, " "1, " "1, " "1, " "1, " "1, " "1, " "1, " "1, " "1, " "1, " "1, " "1, " "1, " "1, " "1, " "1, " "1, " "1, " "1, " "1, " "1, " "1, " "1, " "1, " "1, " "1, " "1, " "1, " "1, " "1, " "1, " "1, " "1, " "1, " "1, " "1, " "1, " "1, " "1, " "1, " "1, " "1, " "1, " "1, " "1, " "1, " "1, " "1, " "1, " "1, " "1, " "1, " "1, " "1, " "1, " "1, " "1, " "1, " "1, " "1, " "1, " "1, " "1, " "1, " "1, " "1, " "1, " "1, " "1, " "1, " "1, " "1, " "1, " "1, " "1, " "1, " "1, " "1, " "1, " "1, " "1, " "1, " "1, " "1, " "1, " "1, " "1, " "1, " "1, "5000
 "Nei117, 0.142, " "0.89, " "1, " "1, " "1, " "1, " "1, " "1, " "1, " "1, " "1, " "1, " "1, " "1, " "1, " "1, " "1, " "1, " "1, " "1, " "1, " "1, " "1, " "1, " "1, " "1, " "1, " "1, " "1, " "1, " "1, " "1, " "1, " "1, " "1, " "1, " "1, " "1, " "1, " "1, " "1, " "1, " "1, " "1, " "1, " "1, " "1, " "1, " "1, " "1, " "1, " "1, " "1, " "1, " "1, " "1, " "1, " "1, " "1, " "1, " "1, " "1, " "1, " "1, " "1, " "1, " "1, " "1, " "1, " "1, " "1, " "1, " "1, " "1, " "1, " "1, " "1, " "1, " "1, " "1, " "1, " "1, " "1, " "1, " "1, " "1, " "1, " "1, " "1, " "1, " "1, " "1, " "1, " "1, " "1, " "1, " "1, " "1, " "1, " "1, " "1, " "1, " "1, " "1, " "1, " "1, " "1, " "1, " "1, " "1, " "1, " "1, " "1, " "1, " "1, " "1, " "1, " "1, " "1, " "0, " "1, " "1, " "1, " "1, " "1, " "1, " "1, " "1, " "1, " "1, " "1, " "1, " "1, " "1, " "1, " "1, " "1, " "1, " "1, " "1, " "1, " "1, " "1, " "1, " "1, " "1, " "1, " "1, " "1, " "1, " "1, " "1, " "1, " "1, " "1, " "1, " "1, " "1, " "1, " "1, " "1, " "1, " "1, " "1, " "1, " "1, " "1, " "1, " "1, " "1, " "1, " "1, " "1, " "1, " "1, " "1, " "1, " "1, " "1, " "1, " "1, " "1, " "1, " "1, " "1, " "1, " "1, " "1, " "1, " "1, " "1, " "1, " "1, " "1, " "1, " "1, " "1, " "1, " "1, " "1, " "1, " "1, " "1, " "1, " "1, " "1, " "1, " "1, " "1, " "1, " "1, " "1, " "1, " "1, " "1, " "1, " "1, " "1, " "1, " "1, " "1, " "1, " "1, " "1, " "1, " "1, " "1, " "1, " "1, " "1, " "1, " "1, " "1, " "1, " "1, " "1, " "1, " "1, " "1, " "1, " "1, " "1, " "1, " "1, " "1, " "1, " "1, " "1, " "1, " "1, " "1, " "1, " "1, " "1, " "1, " "1, " "1, " "1, " "1, "5000
 "Nei118, 0.389, " "0.885, " "1, " "1, " "1, " "1, " "1, " "1, " "1, " "1, " "1, " "1, " "1, " "1, " "1, " "1, " "1, " "1, " "1, " "1, " "1, " "1, " "1, " "1, " "1, " "1, " "1, " "1, " "1, " "1, " "1, " "1, " "1, " "1, " "1, " "1, " "1, " "1, " "1, " "1, " "1, " "1, " "1, " "1, " "1, " "1, " "1, " "1, " "1, " "1, " "1, " "1, " "1, " "1, " "1, " "1, " "1, " "1, " "1, " "1, " "1, " "1, " "1, " "1, " "1, " "1, " "1, " "1, " "1, " "1, " "1, " "1, " "1, " "1, " "1, " "1, " "1, " "1, " "1, " "1, " "1, " "1, " "1, " "1, " "1, " "1, " "1, " "1, " "1, " "1, " "1, " "1, " "1, " "1, " "1, " "1, " "1, " "1, " "1, " "1, " "1, " "1, " "1, " "1, " "1, " "1, " "1, " "1, " "1, " "1, " "1, " "1, " "1, " "1, " "1, " "1, " "1, " "1, " "1, " "1, " "0, " "1, " "1, " "1, " "1, " "1, " "1, " "1, " "1, " "1, " "1, " "1, " "1, " "1, " "1, " "1, " "1, " "1, " "1, " "1, " "1, " "1, " "1, " "1, " "1, " "1, " "1, " "1, " "1, " "1, " "1, " "1, " "1, " "1, " "1, " "1, " "1, " "1, " "1, " "1, " "1, " "1, " "1, " "1, " "1, " "1, " "1, " "1, " "1, " "1, " "1, " "1, " "1, " "1, " "1, " "1, " "1, " "1, " "1, " "1, " "1, " "1, " "1, " "1, " "1, " "1, " "1, " "1, " "1, " "1, " "1, " "1, " "1, " "1, " "1, " "1, " "1, " "1, " "1, " "1, " "1, " "1, " "1, " "1, " "1, " "1, " "1, " "1, " "1, " "1, " "1, " "1, " "1, " "1, " "1, " "1, " "1, " "1, " "1, " "1, " "1, " "1, " "1, " "1, " "1, " "1, " "1, " "1, " "1, " "1, " "1, " "1, " "1, " "1, " "1, " "1, " "1, " "1, " "1, " "1, " "1, " "1, " "1, " "1, " "1, " "1, " "1, " "1, " "1, " "1, " "1, " "1, " "1, " "1, " "1, " "1, " "1, " "1, " "1, "5000
 "Nei119, 0.331, " "0.886, " "1, " "1, " "1, " "1, " "1, " "1, " "1, " "1, " "1, " "1, " "1, " "1, " "1, " "1, " "1, " "1, " "1, " "1, " "1, " "1, " "1, " "1, " "1, " "1, " "1, " "1, " "1, " "1, " "1, " "1, " "1, " "1, " "1, " "1, " "1, " "1, " "1, " "1, " "1, " "1, " "1, " "1, " "1, " "1, " "1, " "1, " "1, " "1, " "1, " "1, " "1, " "1, " "1, " "1, " "1, " "1, " "1, " "1, " "1, " "1, " "1, " "1, " "1, " "1, " "1, " "1, " "1, " "1, " "1, " "1, " "1, " "1, " "1, " "1, " "1, " "1, " "1, " "1, " "1, " "1, " "1, " "1, " "1, " "1, " "1, " "1, " "1, " "1, " "1, " "1, " "1, " "1, " "1, " "1, " "1, " "1, " "1, " "1, " "1, " "1, " "1, " "1, " "1, " "1, " "1, " "1, " "1, " "1, " "1, " "1, " "1, " "1, " "1, " "1, " "1, " "1, " "1, " "1, " "1, " "0, " "1, " "1, " "1, " "1, " "1, " "1, " "1, " "1, " "1, " "1, " "1, " "1, " "1, " "1, " "1, " "1, " "1, " "1, " "1, " "1, " "1, " "1, " "1, " "1, " "1, " "1, " "1, " "1, " "1, " "1, " "1, " "1, " "1, " "1, " "1, " "1, " "1, " "1, " "1, " "1, " "1, " "1, " "1, " "1, " "1, " "1, " "1, " "1, " "1, " "1, " "1, " "1, " "1, " "1, " "1, " "1, " "1, " "1, " "1, " "1, " "1, " "1, " "1, " "1, " "1, " "1, " "1, " "1, " "1, " "1, " "1, " "1, " "1, " "1, " "1, " "1, " "1, " "1, " "1, " "1, " "1, " "1, " "1, " "1, " "1, " "1, " "1, " "1, " "1, " "1, " "1, " "1, " "1, " "1, " "1, " "1, " "1, " "1, " "1, " "1, " "1, " "1, " "1, " "1, " "1, " "1, " "1, " "1, " "1, " "1, " "1, " "1, " "1, " "1, " "1, " "1, " "1, " "1, " "1, " "1, " "1, " "1, " "1, " "1, " "1, " "1, " "1, " "1, " "1, " "1, " "1, " "1, " "1, " "1, " "1, " "1, " "1, "5000
 "Nei120, 0.008, " "0.89, " "1, " "1, " "1, " "1, " "1, " "1, " "1, " "1, " "1, " "1, " "1, " "1, " "1, " "1, " "1, " "1, " "1, " "1, " "1, " "1, " "1, " "1, " "1, " "1, " "1, " "1, " "1, " "1, " "1, " "1, " "1, " "1, " "1, " "1, " "1, " "1, " "1, " "1, " "1, " "1, " "1, " "1, " "1, " "1, " "1, " "1, " "1, " "1, " "1, " "1, " "1, " "1, " "1, " "1, " "1, " "1, " "1, " "1, " "1, " "1, " "1, " "1, " "1, " "1, " "1, " "1, " "1, " "1, " "1, " "1, " "1, " "1, " "1, " "1, " "1, " "1, " "1, " "1, " "1, " "1, " "1, " "1, " "1, " "1, " "1, " "1, " "1, " "1, " "1, " "1, " "1, " "1, " "1, " "1, " "1, " "1, " "1, " "1, " "1, " "1, " "1, " "1, " "1, " "1, " "1, " "1, " "1, " "1, " "1, " "1, " "1, " "1, " "1, " "1, " "1, " "1, " "1, " "1, " "1, " "1, " "0, " "1, " "1, " "1, " "1, " "1, " "1, " "1, " "1, " "1, " "1, " "1, " "1, " "1, " "1, " "1, " "1, " "1, " "1, " "1, " "1, " "1, " "1, " "1, " "1, " "1, " "1, " "1, " "1, " "1, " "1, " "1, " "1, " "1, " "1, " "1, " "1, " "1, " "1, " "1, " "1, " "1, " "1, " "1, " "1, " "1, " "1, " "1, " "1, " "1, " "1, " "1, " "1, " "1, " "1, " "1, " "1, " "1, " "1, " "1, " "1, " "1, " "1, " "1, " "1, " "1, " "1, " "1, " "1, " "1, " "1, " "1, " "1, " "1, " "1, " "1, " "1, " "1, " "1, " "1, " "1, " "1, " "1, " "1, " "1, " "1, " "1, " "1, " "1, " "1, " "1, " "1, " "1, " "1, " "1, " "1, " "1, " "1, " "1, " "1, " "1, " "1, " "1, " "1, " "1, " "1, " "1, " "1, " "1, " "1, " "1, " "1, " "1, " "1, " "1, " "1, " "1, " "1, " "1, " "1, " "1, " "1, " "1, " "1, " "1, " "1, " "1, " "1, " "1, " "1, " "1, " "1, " "1, " "1, " "1, " "1, " "1, "5000
 "Nei121, 0.052, " "0.89, " "1, " "1, " "1, " "1, " "1, " "1, " "1, " "1, " "1, " "1, " "1, " "1, " "1, " "1, " "1, " "1, " "1, " "1, " "1, " "1, " "1, " "1, " "1, " "1, " "1, " "1, " "1, " "1, " "1, " "1, " "1, " "1, " "1, " "1, " "1, " "1, " "1, " "1, " "1, " "1, " "1, " "1, " "1, " "1, " "1, " "1, " "1, " "1, " "1, " "1, " "1, " "1, " "1, " "1, " "1, " "1, " "1, " "1, " "1, " "1, " "1, " "1, " "1, " "1, " "1, " "1, " "1, " "1, " "1, " "1, " "1, " "1, " "1, " "1, " "1, " "1, " "1, " "1, " "1, " "1, " "1, " "1, " "1, " "1, " "1, " "1, " "1, " "1, " "1, " "1, " "1, " "1, " "1, " "1, " "1, " "1, " "1, " "1, " "1, " "1, " "1, " "1, " "1, " "1, " "1, " "1, " "1, " "1, " "1, " "1, " "1, " "1, " "1, " "1, " "1, " "1, " "1, " "1, " "1, " "1, " "1, " "0, " "1, " "1, " "1, " "1, " "1, " "1, " "1, " "1, " "1, " "1, " "1, " "1, " "1, " "1, " "1, " "1, " "1, " "1, " "1, " "1, " "1, " "1, " "1, " "1, " "1, " "1, " "1, " "1, " "1, " "1, " "1, " "1, " "1, " "1, " "1, " "1, " "1, " "1, " "1, " "1, " "1, " "1, " "1, " "1, " "1, " "1, " "1, " "1, " "1, " "1, " "1, " "1, " "1, " "1, " "1, " "1, " "1, " "1, " "1, " "1, " "1, " "1, " "1, " "1, " "1, " "1, " "1, " "1, " "1, " "1, " "1, " "1, " "1, " "1, " "1, " "1, " "1, " "1, " "1, " "1, " "1, " "1, " "1, " "1, " "1, " "1, " "1, " "1, " "1, " "1, " "1, " "1, " "1, " "1, " "1, " "1, " "1, " "1, " "1, " "1, " "1, " "1, " "1, " "1, " "1, " "1, " "1, " "1, " "1, " "1, " "1, " "1, " "1, " "1, " "1, " "1, " "1, " "1, " "1, " "1, " "1, " "1, " "1, " "1, " "1, " "1, " "1, " "1, " "1, " "1, " "1, " "1, " "1, " "1, " "1, "5000
 "Nei122, 0.269, " "0.89, " "1, " "1, " "1, " "1, " "1, " "1, " "1, " "1, " "1, " "1, " "1, " "1, " "1, " "1, " "1, " "1, " "1, " "1, " "1, " "1, " "1, " "1, " "1, " "1, " "1, " "1, " "1, " "1, " "1, " "1, " "1, " "1, " "1, " "1, " "1, " "1, " "1, " "1, " "1, " "1, " "1, " "1, " "1, " "1, " "1, " "1, " "1, " "1, " "1, " "1, " "1, " "1, " "1, " "1, " "1, " "1, " "1, " "1, " "1, " "1, " "1, " "1, " "1, " "1, " "1, " "1, " "1, " "1, " "1, " "1, " "1, " "1, " "1, " "1, " "1, " "1, " "1, " "1, " "1, " "1, " "1, " "1, " "1, " "1, " "1, " "1, " "1, " "1, " "1, " "1, " "1, " "1, " "1, " "1, " "1, " "1, " "1, " "1, " "1, " "1, " "1, " "1, " "1, " "1, " "1, " "1, " "1, " "1, " "1, " "1, " "1, " "1, " "1, " "1, " "1, " "1, " "1, " "1, " "1, " "1, " "1, " "1, " "0, " "1, " "1, " "1, " "1, " "1, " "1, " "1, " "1, " "1, " "1, " "1, " "1, " "1, " "1, " "1, " "1, " "1, " "1, " "1, " "1, " "1, " "1, " "1, " "1, " "1, " "1, " "1, " "1, " "1, " "1, " "1, " "1, " "1, " "1, " "1, " "1, " "1, " "1, " "1, " "1, " "1, " "1, " "1, " "1, " "1, " "1, " "1, " "1, " "1, " "1, " "1, " "1, " "1, " "1, " "1, " "1, " "1, " "1, " "1, " "1, " "1, " "1, " "1, " "1, " "1, " "1, " "1, " "1, " "1, " "1, " "1, " "1, " "1, " "1, " "1, " "1, " "1, " "1, " "1, " "1, " "1, " "1, " "1, " "1, " "1, " "1, " "1, " "1, " "1, " "1, " "1, " "1, " "1, " "1, " "1, " "1, " "1, " "1, " "1, " "1, " "1, " "1, " "1, " "1, " "1, " "1, " "1, " "1, " "1, " "1, " "1, " "1, " "1, " "1, " "1, " "1, " "1, " "1, " "1, " "1, " "1, " "1, " "1, " "1, " "1, " "1, " "1, " "1, " "1, " "1, " "1, " "1, " "1, " "1, "5000
 "Nei123, 0.304, " "0.886, " "1, " "1, " "1, " "1, " "1, " "1, " "1, " "1, " "1, " "1, " "1, " "1, " "1, " "1, " "1, " "1, " "1, " "1, " "1, " "1, " "1, " "1, " "1, " "1, " "1, " "1, " "1, " "1, " "1, " "1, " "1, " "1, " "1, " "1, " "1, " "1, " "1, " "1, " "1, " "1, " "1, " "1, " "1, " "1, " "1, " "1, " "1, " "1, " "1, " "1, " "1, " "1, " "1, " "1, " "1, " "1, " "1, " "1, " "1, " "1, " "1, " "1, " "1, " "1, " "1, " "1, " "1, " "1, " "1, " "1, " "1, " "1, " "1, " "1, " "1, " "1, " "1, " "1, " "1, " "1, " "1, " "1, " "1, " "1, " "1, " "1, " "1, " "1, " "1, " "1, " "1, " "1, " "1, " "1, " "1, " "1, " "1, " "1, " "1, " "1, " "1, " "1, " "1, " "1, " "1, " "1, " "1, " "1, " "1, " "1, " "1, " "1, " "1, " "1, " "1, " "1, " "1, " "1, " "1, " "1, " "1, " "1, " "1, " "0, " "1, " "1, " "1, " "1, " "1, " "1, " "1, " "1, " "1, " "1, " "1, " "1, " "1, " "1, " "1, " "1, " "1, " "1, " "1, " "1, " "1, " "1, " "1, " "1, " "1, " "1, " "1, " "1, " "1, " "1, " "1, " "1, " "1, " "1, " "1, " "1, " "1, " "1, " "1, " "1, " "1, " "1, " "1, " "1, " "1, " "1, " "1, " "1, " "1, " "1, " "1, " "1, " "1, " "1, " "1, " "1, " "1, " "1, " "1, " "1, " "1, " "1, " "1, " "1, " "1, " "1, " "1, " "1, " "1, " "1, " "1, " "1, " "1, " "1, " "1, " "1, " "1, " "1, " "1, " "1, " "1, " "1, " "1, " "1, " "1, " "1, " "1, " "1, " "1, " "1, " "1, " "1, " "1, " "1, " "1, " "1, " "1, " "1, " "1, " "1, " "1, " "1, " "1, " "1, " "1, " "1, " "1, " "1, " "1, " "1, " "1, " "1, " "1, " "1, " "1, " "1, " "1, " "1, " "1, " "1, " "1, " "1, " "1, " "1, " "1, " "1, " "1, " "1, " "1, " "1, " "1, " "1, " "1, "5000
 "Nei124, 0.052, " "0.89, " "1, " "1, " "1, " "1, " "1, " "1, " "1, " "1, " "1, " "1, " "1, " "1, " "1, " "1, " "1, " "1, " "1, " "1, " "1, " "1, " "1, " "1, " "1, " "1, " "1, " "1, " "1, " "1, " "1, " "1, " "1, " "1, " "1, " "1, " "1, " "1, " "1, " "1, " "1, " "1, " "1, " "1, " "1, " "1, " "1, " "1, " "1, " "1, " "1, " "1, " "1, " "1, " "1, " "1, " "1, " "1, " "1, " "1, " "1, " "1, " "1, " "1, " "1, " "1, " "1, " "1, " "1, " "1, " "1, " "1, " "1, " "1, " "1, " "1, " "1, " "1, " "1, " "1, " "1, " "1, " "1, " "1, " "1, " "1, " "1, " "1, " "1, " "1, " "1, " "1, " "1, " "1, " "1, " "1, " "1, " "1, " "1, " "1, " "1, " "1, " "1, " "1, " "1, " "1, " "1, " "1, " "1, " "1, " "1, " "1, " "1, " "1, " "1, " "1, " "1, " "1, " "1, " "1, " "1, " "1, " "1, " "1, " "1, " "1, " "0, " "1, " "1, " "1, " "1, " "1, " "1, " "1, " "1, " "1, " "1, " "1, " "1, " "1, " "1, " "1, " "1, " "1, " "1, " "1, " "1, " "1, " "1, " "1, " "1, " "1, " "1, " "1, " "1, " "1, " "1, " "1, " "1, " "1, " "1, " "1, " "1, " "1, " "1, " "1, " "1, " "1, " "1, " "1, " "1, " "1, " "1, " "1, " "1, " "1, " "1, " "1, " "1, " "1, " "1, " "1, " "1, " "1, " "1, " "1, " "1, " "1, " "1, " "1, " "1, " "1, " "1, " "1, " "1, " "1, " "1, " "1, " "1, " "1, " "1, " "1, " "1, " "1, " "1, " "1, " "1, " "1, " "1, " "1, " "1, " "1, " "1, " "1, " "1, " "1, " "1, " "1, " "1, " "1, " "1, " "1, " "1, " "1, " "1, " "1, " "1, " "1, " "1, " "1, " "1, " "1, " "1, " "1, " "1, " "1, " "1, " "1, " "1, " "1, " "1, " "1, " "1, " "1, " "1, " "1, " "1, " "1, " "1, " "1, " "1, " "1, " "1, " "1, " "1, " "1, " "1, " "1, " "1, "5000
 "Nei125, 0.06, " "0.89, " "1, " "1, " "1, " "1, " "1, " "1, " "1, " "1, " "1, " "1, " "1, " "1, " "1, " "1, " "1, " "1, " "1, " "1, " "1, " "1, " "1, " "1, " "1, " "1, " "1, " "1, " "1, " "1, " "1, " "1, " "1, " "1, " "1, " "1, " "1, " "1, " "1, " "1, " "1, " "1, " "1, " "1, " "1, " "1, " "1, " "1, " "1, " "1, " "1, " "1, " "1, " "1, " "1, " "1, " "1, " "1, " "1, " "1, " "1, " "1, " "1, " "1, " "1, " "1, " "1, " "1, " "1, " "1, " "1, " "1, " "1, " "1, " "1, " "1, " "1, " "1, " "1, " "1, " "1, " "1, " "1, " "1, " "1, " "1, " "1, " "1, " "1, " "1, " "1, " "1, " "1, " "1, " "1, " "1, " "1, " "1, " "1, " "1, " "1, " "1, " "1, " "1, " "1, " "1, " "1, " "1, " "1, " "1, " "1, " "1, " "1, " "1, " "1, " "1, " "1, " "1, " "1, " "1, " "1, " "1, " "1, " "1, " "1, " "1, " "1, " "0, " "1, " "1, " "1, " "1, " "1, " "1, " "1, " "1, " "1, " "1, " "1, " "1, " "1, " "1, " "1, " "1, " "1, " "1, " "1, " "1, " "1, " "1, " "1, " "1, " "1, " "1, " "1, " "1, " "1, " "1, " "1, " "1, " "1, " "1, " "1, " "1, " "1, " "1, " "1, " "1, " "1, " "1, " "1, " "1, " "1, " "1, " "1, " "1, " "1, " "1, " "1, " "1, " "1, " "1, " "1, " "1, " "1, " "1, " "1, " "1, " "1, " "1, " "1, " "1, " "1, " "1, " "1, " "1, " "1, " "1, " "1, " "1, " "1, " "1, " "1, " "1, " "1, " "1, " "1, " "1, " "1, " "1, " "1, " "1, " "1, " "1, " "1, " "1, " "1, " "1, " "1, " "1, " "1, " "1, " "1, " "1, " "1, " "1, " "1, " "1, " "1, " "1, " "1, " "1, " "1, " "1, " "1, " "1, " "1, " "1, " "1, " "1, " "1, " "1, " "1, " "1, " "1, " "1, " "1, " "1, " "1, " "1, " "1, " "1, " "1, " "1, " "1, " "1, " "1, " "1, " "1, "5000
 "Nei126, 0.181, " "0.89, " "1, " "1, " "1, " "1, " "1, " "1, " "1, " "1, " "1, " "1, " "1, " "1, " "1, " "1, " "1, " "1, " "1, " "1, " "1, " "1, " "1, " "1, " "1, " "1, " "1, " "1, " "1, " "1, " "1, " "1, " "1, " "1, " "1, " "1, " "1, " "1, " "1, " "1, " "1, " "1, " "1, " "1, " "1, " "1, " "1, " "1, " "1, " "1, " "1, " "1, " "1, " "1, " "1, " "1, " "1, " "1, " "1, " "1, " "1, " "1, " "1, " "1, " "1, " "1, " "1, " "1, " "1, " "1, " "1, " "1, " "1, " "1, " "1, " "1, " "1, " "1, " "1, " "1, " "1, " "1, " "1, " "1, " "1, " "1, " "1, " "1, " "1, " "1, " "1, " "1, " "1, " "1, " "1, " "1, " "1, " "1, " "1, " "1, " "1, " "1, " "1, " "1, " "1, " "1, " "1, " "1, " "1, " "1, " "1, " "1, " "1, " "1, " "1, " "1, " "1, " "1, " "1, " "1, " "1, " "1, " "1, " "1, " "1, " "1, " "1, " "1, " "0, " "1, " "1, " "1, " "1, " "1, " "1, " "1, " "1, " "1, " "1, " "1, " "1, " "1, " "1, " "1, " "1, " "1, " "1, " "1, " "1, " "1, " "1, " "1, " "1, " "1, " "1, " "1, " "1, " "1, " "1, " "1, " "1, " "1, " "1, " "1, " "1, " "1, " "1, " "1, " "1, " "1, " "1, " "1, " "1, " "1, " "1, " "1, " "1, " "1, " "1, " "1, " "1, " "1, " "1, " "1, " "1, " "1, " "1, " "1, " "1, " "1, " "1, " "1, " "1, " "1, " "1, " "1, " "1, " "1, " "1, " "1, " "1, " "1, " "1, " "1, " "1, " "1, " "1, " "1, " "1, " "1, " "1, " "1, " "1, " "1, " "1, " "1, " "1, " "1, " "1, " "1, " "1, " "1, " "1, " "1, " "1, " "1, " "1, " "1, " "1, " "1, " "1, " "1, " "1, " "1, " "1, " "1, " "1, " "1, " "1, " "1, " "1, " "1, " "1, " "1, " "1, " "1, " "1, " "1, " "1, " "1, " "1, " "1, " "1, " "1, " "1, " "1, " "1, " "1, " "1, "5000
 "Nei127, 0.13, " "0.89, " "1, " "1, " "1, " "1, " "1, " "1, " "1, " "1, " "1, " "1, " "1, " "1, " "1, " "1, " "1, " "1, " "1, " "1, " "1, " "1, " "1, " "1, " "1, " "1, " "1, " "1, " "1, " "1, " "1, " "1, " "1, " "1, " "1, " "1, " "1, " "1, " "1, " "1, " "1, " "1, " "1, " "1, " "1, " "1, " "1, " "1, " "1, " "1, " "1, " "1, " "1, " "1, " "1, " "1, " "1, " "1, " "1, " "1, " "1, " "1, " "1, " "1, " "1, " "1, " "1, " "1, " "1, " "1, " "1, " "1, " "1, " "1, " "1, " "1, " "1, " "1, " "1, " "1, " "1, " "1, " "1, " "1, " "1, " "1, " "1, " "1, " "1, " "1, " "1, " "1, " "1, " "1, " "1, " "1, " "1, " "1, " "1, " "1, " "1, " "1, " "1, " "1, " "1, " "1, " "1, " "1, " "1, " "1, " "1, " "1, " "1, " "1, " "1, " "1, " "1, " "1, " "1, " "1, " "1, " "1, " "1, " "1, " "1, " "1, " "1, " "1, " "1, " "0, " "1, " "1, " "1, " "1, " "1, " "1, " "1, " "1, " "1, " "1, " "1, " "1, " "1, " "1, " "1, " "1, " "1, " "1, " "1, " "1, " "1, " "1, " "1, " "1, " "1, " "1, " "1, " "1, " "1, " "1, " "1, " "1, " "1, " "1, " "1, " "1, " "1, " "1, " "1, " "1, " "1, " "1, " "1, " "1, " "1, " "1, " "1, " "1, " "1, " "1, " "1, " "1, " "1, " "1, " "1, " "1, " "1, " "1, " "1, " "1, " "1, " "1, " "1, " "1, " "1, " "1, " "1, " "1, " "1, " "1, " "1, " "1, " "1, " "1, " "1, " "1, " "1, " "1, " "1, " "1, " "1, " "1, " "1, " "1, " "1, " "1, " "1, " "1, " "1, " "1, " "1, " "1, " "1, " "1, " "1, " "1, " "1, " "1, " "1, " "1, " "1, " "1, " "1, " "1, " "1, " "1, " "1, " "1, " "1, " "1, " "1, " "1, " "1, " "1, " "1, " "1, " "1, " "1, " "1, " "1, " "1, " "1, " "1, " "1, " "1, " "1, " "1, " "1, " "1, "5000
 "Nei128, 0.393, " "0.886, " "1, " "1, " "1, " "1, " "1, " "1, " "1, " "1, " "1, " "1, " "1, " "1, " "1, " "1, " "1, " "1, " "1, " "1, " "1, " "1, " "1, " "1, " "1, " "1, " "1, " "1, " "1, " "1, " "1, " "1, " "1, " "1, " "1, " "1, " "1, " "1, " "1, " "1, " "1, " "1, " "1, " "1, " "1, " "1, " "1, " "1, " "1, " "1, " "1, " "1, " "1, " "1, " "1, " "1, " "1, " "1, " "1, " "1, " "1, " "1, " "1, " "1, " "1, " "1, " "1, " "1, " "1, " "1, " "1, " "1, " "1, " "1, " "1, " "1, " "1, " "1, " "1, " "1, " "1, " "1, " "1, " "1, " "1, " "1, " "1, " "1, " "1, " "1, " "1, " "1, " "1, " "1, " "1, " "1, " "1, " "1, " "1, " "1, " "1, " "1, " "1, " "1, " "1, " "1, " "1, " "1, " "1, " "1, " "1, " "1, " "1, " "1, " "1, " "1, " "1, " "1, " "1, " "1, " "1, " "1, " "1, " "1, " "1, " "1, " "1, " "1, " "1, " "1, " "0, " "1, " "1, " "1, " "1, " "1, " "1, " "1, " "1, " "1, " "1, " "1, " "1, " "1, " "1, " "1, " "1, " "1, " "1, " "1, " "1, " "1, " "1, " "1, " "1, " "1, " "1, " "1, " "1, " "1, " "1, " "1, " "1, " "1, " "1, " "1, " "1, " "1, " "1, " "1, " "1, " "1, " "1, " "1, " "1, " "1, " "1, " "1, " "1, " "1, " "1, " "1, " "1, " "1, " "1, " "1, " "1, " "1, " "1, " "1, " "1, " "1, " "1, " "1, " "1, " "1, " "1, " "1, " "1, " "1, " "1, " "1, " "1, " "1, " "1, " "1, " "1, " "1, " "1, " "1, " "1, " "1, " "1, " "1, " "1, " "1, " "1, " "1, " "1, " "1, " "1, " "1, " "1, " "1, " "1, " "1, " "1, " "1, " "1, " "1, " "1, " "1, " "1, " "1, " "1, " "1, " "1, " "1, " "1, " "1, " "1, " "1, " "1, " "1, " "1, " "1, " "1, " "1, " "1, " "1, " "1, " "1, " "1, " "1, " "1, " "1, " "1, " "1, " "1, "5000
 "Nei129, 0.183, " "0.89, " "1, " "1, " "1, " "1, " "1, " "1, " "1, " "1, " "1, " "1, " "1, " "1, " "1, " "1, " "1, " "1, " "1, " "1, " "1, " "1, " "1, " "1, " "1, " "1, " "1, " "1, " "1, " "1, " "1, " "1, " "1, " "1, " "1, " "1, " "1, " "1, " "1, " "1, " "1, " "1, " "1, " "1, " "1, " "1, " "1, " "1, " "1, " "1, " "1, " "1, " "1, " "1, " "1, " "1, " "1, " "1, " "1, " "1, " "1, " "1, " "1, " "1, " "1, " "1, " "1, " "1, " "1, " "1, " "1, " "1, " "1, " "1, " "1, " "1, " "1, " "1, " "1, " "1, " "1, " "1, " "1, " "1, " "1, " "1, " "1, " "1, " "1, " "1, " "1, " "1, " "1, " "1, " "1, " "1, " "1, " "1, " "1, " "1, " "1, " "1, " "1, " "1, " "1, " "1, " "1, " "1, " "1, " "1, " "1, " "1, " "1, " "1, " "1, " "1, " "1, " "1, " "1, " "1, " "1, " "1, " "1, " "1, " "1, " "1, " "1, " "1, " "1, " "1, " "1, " "0, " "1, " "1, " "1, " "1, " "1, " "1, " "1, " "1, " "1, " "1, " "1, " "1, " "1, " "1, " "1, " "1, " "1, " "1, " "1, " "1, " "1, " "1, " "1, " "1, " "1, " "1, " "1, " "1, " "1, " "1, " "1, " "1, " "1, " "1, " "1, " "1, " "1, " "1, " "1, " "1, " "1, " "1, " "1, " "1, " "1, " "1, " "1, " "1, " "1, " "1, " "1, " "1, " "1, " "1, " "1, " "1, " "1, " "1, " "1, " "1, " "1, " "1, " "1, " "1, " "1, " "1, " "1, " "1, " "1, " "1, " "1, " "1, " "1, " "1, " "1, " "1, " "1, " "1, " "1, " "1, " "1, " "1, " "1, " "1, " "1, " "1, " "1, " "1, " "1, " "1, " "1, " "1, " "1, " "1, " "1, " "1, " "1, " "1, " "1, " "1, " "1, " "1, " "1, " "1, " "1, " "1, " "1, " "1, " "1, " "1, " "1, " "1, " "1, " "1, " "1, " "1, " "1, " "1, " "1, " "1, " "1, " "1, " "1, " "1, " "1, " "1, " "1, "5000
 "Nei130, 0.272, " "0.891, " "1, " "1, " "1, " "1, " "1, " "1, " "1, " "1, " "1, " "1, " "1, " "1, " "1, " "1, " "1, " "1, " "1, " "1, " "1, " "1, " "1, " "1, " "1, " "1, " "1, " "1, " "1, " "1, " "1, " "1, " "1, " "1, " "1, " "1, " "1, " "1, " "1, " "1, " "1, " "1, " "1, " "1, " "1, " "1, " "1, " "1, " "1, " "1, " "1, " "1, " "1, " "1, " "1, " "1, " "1, " "1, " "1, " "1, " "1, " "1, " "1, " "1, " "1, " "1, " "1, " "1, " "1, " "1, " "1, " "1, " "1, " "1, " "1, " "1, " "1, " "1, " "1, " "1, " "1, " "1, " "1, " "1, " "1, " "1, " "1, " "1, " "1, " "1, " "1, " "1, " "1, " "1, " "1, " "1, " "1, " "1, " "1, " "1, " "1, " "1, " "1, " "1, " "1, " "1, " "1, " "1, " "1, " "1, " "1, " "1, " "1, " "1, " "1, " "1, " "1, " "1, " "1, " "1, " "1, " "1, " "1, " "1, " "1, " "1, " "1, " "1, " "1, " "1, " "1, " "1, " "0, " "1, " "1, " "1, " "1, " "1, " "1, " "1, " "1, " "1, " "1, " "1, " "1, " "1, " "1, " "1, " "1, " "1, " "1, " "1, " "1, " "1, " "1, " "1, " "1, " "1, " "1, " "1, " "1, " "1, " "1, " "1, " "1, " "1, " "1, " "1, " "1, " "1, " "1, " "1, " "1, " "1, " "1, " "1, " "1, " "1, " "1, " "1, " "1, " "1, " "1, " "1, " "1, " "1, " "1, " "1, " "1, " "1, " "1, " "1, " "1, " "1, " "1, " "1, " "1, " "1, " "1, " "1, " "1, " "1, " "1, " "1, " "1, " "1, " "1, " "1, " "1, " "1, " "1, " "1, " "1, " "1, " "1, " "1, " "1, " "1, " "1, " "1, " "1, " "1, " "1, " "1, " "1, " "1, " "1, " "1, " "1, " "1, " "1, " "1, " "1, " "1, " "1, " "1, " "1, " "1, " "1, " "1, " "1, " "1, " "1, " "1, " "1, " "1, " "1, " "1, " "1, " "1, " "1, " "1, " "1, " "1, " "1, " "1, " "1, " "1, " "1, "5000
 "Nei131, 0.342, " "0.885, " "1, " "1, " "1, " "1, " "1, " "1, " "1, " "1, " "1, " "1, " "1, " "1, " "1, " "1, " "1, " "1, " "1, " "1, " "1, " "1, " "1, " "1, " "1, " "1, " "1, " "1, " "1, " "1, " "1, " "1, " "1, " "1, " "1, " "1, " "1, " "1, " "1, " "1, " "1, " "1, " "1, " "1, " "1, " "1, " "1, " "1, " "1, " "1, " "1, " "1, " "1, " "1, " "1, " "1, " "1, " "1, " "1, " "1, " "1, " "1, " "1, " "1, " "1, " "1, " "1, " "1, " "1, " "1, " "1, " "1, " "1, " "1, " "1, " "1, " "1, " "1, " "1, " "1, " "1, " "1, " "1, " "1, " "1, " "1, " "1, " "1, " "1, " "1, " "1, " "1, " "1, " "1, " "1, " "1, " "1, " "1, " "1, " "1, " "1, " "1, " "1, " "1, " "1, " "1, " "1, " "1, " "1, " "1, " "1, " "1, " "1, " "1, " "1, " "1, " "1, " "1, " "1, " "1, " "1, " "1, " "1, " "1, " "1, " "1, " "1, " "1, " "1, " "1, " "1, " "1, " "1, " "0, " "1, " "1, " "1, " "1, " "1, " "1, " "1, " "1, " "1, " "1, " "1, " "1, " "1, " "1, " "1, " "1, " "1, " "1, " "1, " "1, " "1, " "1, " "1, " "1, " "1, " "1, " "1, " "1, " "1, " "1, " "1, " "1, " "1, " "1, " "1, " "1, " "1, " "1, " "1, " "1, " "1, " "1, " "1, " "1, " "1, " "1, " "1, " "1, " "1, " "1, " "1, " "1, " "1, " "1, " "1, " "1, " "1, " "1, " "1, " "1, " "1, " "1, " "1, " "1, " "1, " "1, " "1, " "1, " "1, " "1, " "1, " "1, " "1, " "1, " "1, " "1, " "1, " "1, " "1, " "1, " "1, " "1, " "1, " "1, " "1, " "1, " "1, " "1, " "1, " "1, " "1, " "1, " "1, " "1, " "1, " "1, " "1, " "1, " "1, " "1, " "1, " "1, " "1, " "1, " "1, " "1, " "1, " "1, " "1, " "1, " "1, " "1, " "1, " "1, " "1, " "1, " "1, " "1, " "1, " "1, " "1, " "1, " "1, " "1, " "1, "5000
 "Nei132, 0.237, " "0.89, " "1, " "1, " "1, " "1, " "1, " "1, " "1, " "1, " "1, " "1, " "1, " "1, " "1, " "1, " "1, " "1, " "1, " "1, " "1, " "1, " "1, " "1, " "1, " "1, " "1, " "1, " "1, " "1, " "1, " "1, " "1, " "1, " "1, " "1, " "1, " "1, " "1, " "1, " "1, " "1, " "1, " "1, " "1, " "1, " "1, " "1, " "1, " "1, " "1, " "1, " "1, " "1, " "1, " "1, " "1, " "1, " "1, " "1, " "1, " "1, " "1, " "1, " "1, " "1, " "1, " "1, " "1, " "1, " "1, " "1, " "1, " "1, " "1, " "1, " "1, " "1, " "1, " "1, " "1, " "1, " "1, " "1, " "1, " "1, " "1, " "1, " "1, " "1, " "1, " "1, " "1, " "1, " "1, " "1, " "1, " "1, " "1, " "1, " "1, " "1, " "1, " "1, " "1, " "1, " "1, " "1, " "1, " "1, " "1, " "1, " "1, " "1, " "1, " "1, " "1, " "1, " "1, " "1, " "1, " "1, " "1, " "1, " "1, " "1, " "1, " "1, " "1, " "1, " "1, " "1, " "1, " "1, " "0, " "1, " "1, " "1, " "1, " "1, " "1, " "1, " "1, " "1, " "1, " "1, " "1, " "1, " "1, " "1, " "1, " "1, " "1, " "1, " "1, " "1, " "1, " "1, " "1, " "1, " "1, " "1, " "1, " "1, " "1, " "1, " "1, " "1, " "1, " "1, " "1, " "1, " "1, " "1, " "1, " "1, " "1, " "1, " "1, " "1, " "1, " "1, " "1, " "1, " "1, " "1, " "1, " "1, " "1, " "1, " "1, " "1, " "1, " "1, " "1, " "1, " "1, " "1, " "1, " "1, " "1, " "1, " "1, " "1, " "1, " "1, " "1, " "1, " "1, " "1, " "1, " "1, " "1, " "1, " "1, " "1, " "1, " "1, " "1, " "1, " "1, " "1, " "1, " "1, " "1, " "1, " "1, " "1, " "1, " "1, " "1, " "1, " "1, " "1, " "1, " "1, " "1, " "1, " "1, " "1, " "1, " "1, " "1, " "1, " "1, " "1, " "1, " "1, " "1, " "1, " "1, " "1, " "1, " "1, " "1, " "1, " "1, " "1, " "1, "5000
 "Nei133, 0.39, " "0.886, " "1, " "1, " "1, " "1, " "1, " "1, " "1, " "1, " "1, " "1, " "1, " "1, " "1, " "1, " "1, " "1, " "1, " "1, " "1, " "1, " "1, " "1, " "1, " "1, " "1, " "1, " "1, " "1, " "1, " "1, " "1, " "1, " "1, " "1, " "1, " "1, " "1, " "1, " "1, " "1, " "1, " "1, " "1, " "1, " "1, " "1, " "1, " "1, " "1, " "1, " "1, " "1, " "1, " "1, " "1, " "1, " "1, " "1, " "1, " "1, " "1, " "1, " "1, " "1, " "1, " "1, " "1, " "1, " "1, " "1, " "1, " "1, " "1, " "1, " "1, " "1, " "1, " "1, " "1, " "1, " "1, " "1, " "1, " "1, " "1, " "1, " "1, " "1, " "1, " "1, " "1, " "1, " "1, " "1, " "1, " "1, " "1, " "1, " "1, " "1, " "1, " "1, " "1, " "1, " "1, " "1, " "1, " "1, " "1, " "1, " "1, " "1, " "1, " "1, " "1, " "1, " "1, " "1, " "1, " "1, " "1, " "1, " "1, " "1, " "1, " "1, " "1, " "1, " "1, " "1, " "1, " "1, " "1, " "0, " "1, " "1, " "1, " "1, " "1, " "1, " "1, " "1, " "1, " "1, " "1, " "1, " "1, " "1, " "1, " "1, " "1, " "1, " "1, " "1, " "1, " "1, " "1, " "1, " "1, " "1, " "1, " "1, " "1, " "1, " "1, " "1, " "1, " "1, " "1, " "1, " "1, " "1, " "1, " "1, " "1, " "1, " "1, " "1, " "1, " "1, " "1, " "1, " "1, " "1, " "1, " "1, " "1, " "1, " "1, " "1, " "1, " "1, " "1, " "1, " "1, " "1, " "1, " "1, " "1, " "1, " "1, " "1, " "1, " "1, " "1, " "1, " "1, " "1, " "1, " "1, " "1, " "1, " "1, " "1, " "1, " "1, " "1, " "1, " "1, " "1, " "1, " "1, " "1, " "1, " "1, " "1, " "1, " "1, " "1, " "1, " "1, " "1, " "1, " "1, " "1, " "1, " "1, " "1, " "1, " "1, " "1, " "1, " "1, " "1, " "1, " "1, " "1, " "1, " "1, " "1, " "1, " "1, " "1, " "1, " "1, " "1, " "1, "5000
 "Nei134, 0.278, " "0.89, " "1, " "1, " "1, " "1, " "1, " "1, " "1, " "1, " "1, " "1, " "1, " "1, " "1, " "1, " "1, " "1, " "1, " "1, " "1, " "1, " "1, " "1, " "1, " "1, " "1, " "1, " "1, " "1, " "1, " "1, " "1, " "1, " "1, " "1, " "1, " "1, " "1, " "1, " "1, " "1, " "1, " "1, " "1, " "1, " "1, " "1, " "1, " "1, " "1, " "1, " "1, " "1, " "1, " "1, " "1, " "1, " "1, " "1, " "1, " "1, " "1, " "1, " "1, " "1, " "1, " "1, " "1, " "1, " "1, " "1, " "1, " "1, " "1, " "1, " "1, " "1, " "1, " "1, " "1, " "1, " "1, " "1, " "1, " "1, " "1, " "1, " "1, " "1, " "1, " "1, " "1, " "1, " "1, " "1, " "1, " "1, " "1, " "1, " "1, " "1, " "1, " "1, " "1, " "1, " "1, " "1, " "1, " "1, " "1, " "1, " "1, " "1, " "1, " "1, " "1, " "1, " "1, " "1, " "1, " "1, " "1, " "1, " "1, " "1, " "1, " "1, " "1, " "1, " "1, " "1, " "1, " "1, " "1, " "1, " "0, " "1, " "1, " "1, " "1, " "1, " "1, " "1, " "1, " "1, " "1, " "1, " "1, " "1, " "1, " "1, " "1, " "1, " "1, " "1, " "1, " "1, " "1, " "1, " "1, " "1, " "1, " "1, " "1, " "1, " "1, " "1, " "1, " "1, " "1, " "1, " "1, " "1, " "1, " "1, " "1, " "1, " "1, " "1, " "1, " "1, " "1, " "1, " "1, " "1, " "1, " "1, " "1, " "1, " "1, " "1, " "1, " "1, " "1, " "1, " "1, " "1, " "1, " "1, " "1, " "1, " "1, " "1, " "1, " "1, " "1, " "1, " "1, " "1, " "1, " "1, " "1, " "1, " "1, " "1, " "1, " "1, " "1, " "1, " "1, " "1, " "1, " "1, " "1, " "1, " "1, " "1, " "1, " "1, " "1, " "1, " "1, " "1, " "1, " "1, " "1, " "1, " "1, " "1, " "1, " "1, " "1, " "1, " "1, " "1, " "1, " "1, " "1, " "1, " "1, " "1, " "1, " "1, " "1, " "1, " "1, " "1, " "1, "5000
 "Nei135, 0.126, " "0.89, " "1, " "1, " "1, " "1, " "1, " "1, " "1, " "1, " "1, " "1, " "1, " "1, " "1, " "1, " "1, " "1, " "1, " "1, " "1, " "1, " "1, " "1, " "1, " "1, " "1, " "1, " "1, " "1, " "1, " "1, " "1, " "1, " "1, " "1, " "1, " "1, " "1, " "1, " "1, " "1, " "1, " "1, " "1, " "1, " "1, " "1, " "1, " "1, " "1, " "1, " "1, " "1, " "1, " "1, " "1, " "1, " "1, " "1, " "1, " "1, " "1, " "1, " "1, " "1, " "1, " "1, " "1, " "1, " "1, " "1, " "1, " "1, " "1, " "1, " "1, " "1, " "1, " "1, " "1, " "1, " "1, " "1, " "1, " "1, " "1, " "1, " "1, " "1, " "1, " "1, " "1, " "1, " "1, " "1, " "1, " "1, " "1, " "1, " "1, " "1, " "1, " "1, " "1, " "1, " "1, " "1, " "1, " "1, " "1, " "1, " "1, " "1, " "1, " "1, " "1, " "1, " "1, " "1, " "1, " "1, " "1, " "1, " "1, " "1, " "1, " "1, " "1, " "1, " "1, " "1, " "1, " "1, " "1, " "1, " "1, " "0, " "1, " "1, " "1, " "1, " "1, " "1, " "1, " "1, " "1, " "1, " "1, " "1, " "1, " "1, " "1, " "1, " "1, " "1, " "1, " "1, " "1, " "1, " "1, " "1, " "1, " "1, " "1, " "1, " "1, " "1, " "1, " "1, " "1, " "1, " "1, " "1, " "1, " "1, " "1, " "1, " "1, " "1, " "1, " "1, " "1, " "1, " "1, " "1, " "1, " "1, " "1, " "1, " "1, " "1, " "1, " "1, " "1, " "1, " "1, " "1, " "1, " "1, " "1, " "1, " "1, " "1, " "1, " "1, " "1, " "1, " "1, " "1, " "1, " "1, " "1, " "1, " "1, " "1, " "1, " "1, " "1, " "1, " "1, " "1, " "1, " "1, " "1, " "1, " "1, " "1, " "1, " "1, " "1, " "1, " "1, " "1, " "1, " "1, " "1, " "1, " "1, " "1, " "1, " "1, " "1, " "1, " "1, " "1, " "1, " "1, " "1, " "1, " "1, " "1, " "1, " "1, " "1, " "1, " "1, " "1, " "1, "5000
 "Nei136, 0.122, " "0.89, " "1, " "1, " "1, " "1, " "1, " "1, " "1, " "1, " "1, " "1, " "1, " "1, " "1, " "1, " "1, " "1, " "1, " "1, " "1, " "1, " "1, " "1, " "1, " "1, " "1, " "1, " "1, " "1, " "1, " "1, " "1, " "1, " "1, " "1, " "1, " "1, " "1, " "1, " "1, " "1, " "1, " "1, " "1, " "1, " "1, " "1, " "1, " "1, " "1, " "1, " "1, " "1, " "1, " "1, " "1, " "1, " "1, " "1, " "1, " "1, " "1, " "1, " "1, " "1, " "1, " "1, " "1, " "1, " "1, " "1, " "1, " "1, " "1, " "1, " "1, " "1, " "1, " "1, " "1, " "1, " "1, " "1, " "1, " "1, " "1, " "1, " "1, " "1, " "1, " "1, " "1, " "1, " "1, " "1, " "1, " "1, " "1, " "1, " "1, " "1, " "1, " "1, " "1, " "1, " "1, " "1, " "1, " "1, " "1, " "1, " "1, " "1, " "1, " "1, " "1, " "1, " "1, " "1, " "1, " "1, " "1, " "1, " "1, " "1, " "1, " "1, " "1, " "1, " "1, " "1, " "1, " "1, " "1, " "1, " "1, " "1, " "0, " "1, " "1, " "1, " "1, " "1, " "1, " "1, " "1, " "1, " "1, " "1, " "1, " "1, " "1, " "1, " "1, " "1, " "1, " "1, " "1, " "1, " "1, " "1, " "1, " "1, " "1, " "1, " "1, " "1, " "1, " "1, " "1, " "1, " "1, " "1, " "1, " "1, " "1, " "1, " "1, " "1, " "1, " "1, " "1, " "1, " "1, " "1, " "1, " "1, " "1, " "1, " "1, " "1, " "1, " "1, " "1, " "1, " "1, " "1, " "1, " "1, " "1, " "1, " "1, " "1, " "1, " "1, " "1, " "1, " "1, " "1, " "1, " "1, " "1, " "1, " "1, " "1, " "1, " "1, " "1, " "1, " "1, " "1, " "1, " "1, " "1, " "1, " "1, " "1, " "1, " "1, " "1, " "1, " "1, " "1, " "1, " "1, " "1, " "1, " "1, " "1, " "1, " "1, " "1, " "1, " "1, " "1, " "1, " "1, " "1, " "1, " "1, " "1, " "1, " "1, " "1, " "1, " "1, " "1, " "1, "5000
 "Nei137, 0.238, " "0.89, " "1, " "1, " "1, " "1, " "1, " "1, " "1, " "1, " "1, " "1, " "1, " "1, " "1, " "1, " "1, " "1, " "1, " "1, " "1, " "1, " "1, " "1, " "1, " "1, " "1, " "1, " "1, " "1, " "1, " "1, " "1, " "1, " "1, " "1, " "1, " "1, " "1, " "1, " "1, " "1, " "1, " "1, " "1, " "1, " "1, " "1, " "1, " "1, " "1, " "1, " "1, " "1, " "1, " "1, " "1, " "1, " "1, " "1, " "1, " "1, " "1, " "1, " "1, " "1, " "1, " "1, " "1, " "1, " "1, " "1, " "1, " "1, " "1, " "1, " "1, " "1, " "1, " "1, " "1, " "1, " "1, " "1, " "1, " "1, " "1, " "1, " "1, " "1, " "1, " "1, " "1, " "1, " "1, " "1, " "1, " "1, " "1, " "1, " "1, " "1, " "1, " "1, " "1, " "1, " "1, " "1, " "1, " "1, " "1, " "1, " "1, " "1, " "1, " "1, " "1, " "1, " "1, " "1, " "1, " "1, " "1, " "1, " "1, " "1, " "1, " "1, " "1, " "1, " "1, " "1, " "1, " "1, " "1, " "1, " "1, " "1, " "1, " "0, " "1, " "1, " "1, " "1, " "1, " "1, " "1, " "1, " "1, " "1, " "1, " "1, " "1, " "1, " "1, " "1, " "1, " "1, " "1, " "1, " "1, " "1, " "1, " "1, " "1, " "1, " "1, " "1, " "1, " "1, " "1, " "1, " "1, " "1, " "1, " "1, " "1, " "1, " "1, " "1, " "1, " "1, " "1, " "1, " "1, " "1, " "1, " "1, " "1, " "1, " "1, " "1, " "1, " "1, " "1, " "1, " "1, " "1, " "1, " "1, " "1, " "1, " "1, " "1, " "1, " "1, " "1, " "1, " "1, " "1, " "1, " "1, " "1, " "1, " "1, " "1, " "1, " "1, " "1, " "1, " "1, " "1, " "1, " "1, " "1, " "1, " "1, " "1, " "1, " "1, " "1, " "1, " "1, " "1, " "1, " "1, " "1, " "1, " "1, " "1, " "1, " "1, " "1, " "1, " "1, " "1, " "1, " "1, " "1, " "1, " "1, " "1, " "1, " "1, " "1, " "1, " "1, " "1, " "1, "5000
 "Nei138, 0.138, " "0.89, " "1, " "1, " "1, " "1, " "1, " "1, " "1, " "1, " "1, " "1, " "1, " "1, " "1, " "1, " "1, " "1, " "1, " "1, " "1, " "1, " "1, " "1, " "1, " "1, " "1, " "1, " "1, " "1, " "1, " "1, " "1, " "1, " "1, " "1, " "1, " "1, " "1, " "1, " "1, " "1, " "1, " "1, " "1, " "1, " "1, " "1, " "1, " "1, " "1, " "1, " "1, " "1, " "1, " "1, " "1, " "1, " "1, " "1, " "1, " "1, " "1, " "1, " "1, " "1, " "1, " "1, " "1, " "1, " "1, " "1, " "1, " "1, " "1, " "1, " "1, " "1, " "1, " "1, " "1, " "1, " "1, " "1, " "1, " "1, " "1, " "1, " "1, " "1, " "1, " "1, " "1, " "1, " "1, " "1, " "1, " "1, " "1, " "1, " "1, " "1, " "1, " "1, " "1, " "1, " "1, " "1, " "1, " "1, " "1, " "1, " "1, " "1, " "1, " "1, " "1, " "1, " "1, " "1, " "1, " "1, " "1, " "1, " "1, " "1, " "1, " "1, " "1, " "1, " "1, " "1, " "1, " "1, " "1, " "1, " "1, " "1, " "1, " "1, " "0, " "1, " "1, " "1, " "1, " "1, " "1, " "1, " "1, " "1, " "1, " "1, " "1, " "1, " "1, " "1, " "1, " "1, " "1, " "1, " "1, " "1, " "1, " "1, " "1, " "1, " "1, " "1, " "1, " "1, " "1, " "1, " "1, " "1, " "1, " "1, " "1, " "1, " "1, " "1, " "1, " "1, " "1, " "1, " "1, " "1, " "1, " "1, " "1, " "1, " "1, " "1, " "1, " "1, " "1, " "1, " "1, " "1, " "1, " "1, " "1, " "1, " "1, " "1, " "1, " "1, " "1, " "1, " "1, " "1, " "1, " "1, " "1, " "1, " "1, " "1, " "1, " "1, " "1, " "1, " "1, " "1, " "1, " "1, " "1, " "1, " "1, " "1, " "1, " "1, " "1, " "1, " "1, " "1, " "1, " "1, " "1, " "1, " "1, " "1, " "1, " "1, " "1, " "1, " "1, " "1, " "1, " "1, " "1, " "1, " "1, " "1, " "1, " "1, " "1, " "1, " "1, " "1, " "1, "5000
 "Nei139, 0.324, " "0.887, " "1, " "1, " "1, " "1, " "1, " "1, " "1, " "1, " "1, " "1, " "1, " "1, " "1, " "1, " "1, " "1, " "1, " "1, " "1, " "1, " "1, " "1, " "1, " "1, " "1, " "1, " "1, " "1, " "1, " "1, " "1, " "1, " "1, " "1, " "1, " "1, " "1, " "1, " "1, " "1, " "1, " "1, " "1, " "1, " "1, " "1, " "1, " "1, " "1, " "1, " "1, " "1, " "1, " "1, " "1, " "1, " "1, " "1, " "1, " "1, " "1, " "1, " "1, " "1, " "1, " "1, " "1, " "1, " "1, " "1, " "1, " "1, " "1, " "1, " "1, " "1, " "1, " "1, " "1, " "1, " "1, " "1, " "1, " "1, " "1, " "1, " "1, " "1, " "1, " "1, " "1, " "1, " "1, " "1, " "1, " "1, " "1, " "1, " "1, " "1, " "1, " "1, " "1, " "1, " "1, " "1, " "1, " "1, " "1, " "1, " "1, " "1, " "1, " "1, " "1, " "1, " "1, " "1, " "1, " "1, " "1, " "1, " "1, " "1, " "1, " "1, " "1, " "1, " "1, " "1, " "1, " "1, " "1, " "1, " "1, " "1, " "1, " "1, " "1, " "0, " "1, " "1, " "1, " "1, " "1, " "1, " "1, " "1, " "1, " "1, " "1, " "1, " "1, " "1, " "1, " "1, " "1, " "1, " "1, " "1, " "1, " "1, " "1, " "1, " "1, " "1, " "1, " "1, " "1, " "1, " "1, " "1, " "1, " "1, " "1, " "1, " "1, " "1, " "1, " "1, " "1, " "1, " "1, " "1, " "1, " "1, " "1, " "1, " "1, " "1, " "1, " "1, " "1, " "1, " "1, " "1, " "1, " "1, " "1, " "1, " "1, " "1, " "1, " "1, " "1, " "1, " "1, " "1, " "1, " "1, " "1, " "1, " "1, " "1, " "1, " "1, " "1, " "1, " "1, " "1, " "1, " "1, " "1, " "1, " "1, " "1, " "1, " "1, " "1, " "1, " "1, " "1, " "1, " "1, " "1, " "1, " "1, " "1, " "1, " "1, " "1, " "1, " "1, " "1, " "1, " "1, " "1, " "1, " "1, " "1, " "1, " "1, " "1, " "1, " "1, " "1, " "1, "5000
 "Nei140, 0.367, " "0.885, " "1, " "1, " "1, " "1, " "1, " "1, " "1, " "1, " "1, " "1, " "1, " "1, " "1, " "1, " "1, " "1, " "1, " "1, " "1, " "1, " "1, " "1, " "1, " "1, " "1, " "1, " "1, " "1, " "1, " "1, " "1, " "1, " "1, " "1, " "1, " "1, " "1, " "1, " "1, " "1, " "1, " "1, " "1, " "1, " "1, " "1, " "1, " "1, " "1, " "1, " "1, " "1, " "1, " "1, " "1, " "1, " "1, " "1, " "1, " "1, " "1, " "1, " "1, " "1, " "1, " "1, " "1, " "1, " "1, " "1, " "1, " "1, " "1, " "1, " "1, " "1, " "1, " "1, " "1, " "1, " "1, " "1, " "1, " "1, " "1, " "1, " "1, " "1, " "1, " "1, " "1, " "1, " "1, " "1, " "1, " "1, " "1, " "1, " "1, " "1, " "1, " "1, " "1, " "1, " "1, " "1, " "1, " "1, " "1, " "1, " "1, " "1, " "1, " "1, " "1, " "1, " "1, " "1, " "1, " "1, " "1, " "1, " "1, " "1, " "1, " "1, " "1, " "1, " "1, " "1, " "1, " "1, " "1, " "1, " "1, " "1, " "1, " "1, " "1, " "1, " "0, " "1, " "1, " "1, " "1, " "1, " "1, " "1, " "1, " "1, " "1, " "1, " "1, " "1, " "1, " "1, " "1, " "1, " "1, " "1, " "1, " "1, " "1, " "1, " "1, " "1, " "1, " "1, " "1, " "1, " "1, " "1, " "1, " "1, " "1, " "1, " "1, " "1, " "1, " "1, " "1, " "1, " "1, " "1, " "1, " "1, " "1, " "1, " "1, " "1, " "1, " "1, " "1, " "1, " "1, " "1, " "1, " "1, " "1, " "1, " "1, " "1, " "1, " "1, " "1, " "1, " "1, " "1, " "1, " "1, " "1, " "1, " "1, " "1, " "1, " "1, " "1, " "1, " "1, " "1, " "1, " "1, " "1, " "1, " "1, " "1, " "1, " "1, " "1, " "1, " "1, " "1, " "1, " "1, " "1, " "1, " "1, " "1, " "1, " "1, " "1, " "1, " "1, " "1, " "1, " "1, " "1, " "1, " "1, " "1, " "1, " "1, " "1, " "1, " "1, " "1, " "1, "5000
 "Nei141, 0.045, " "0.89, " "1, " "1, " "1, " "1, " "1, " "1, " "1, " "1, " "1, " "1, " "1, " "1, " "1, " "1, " "1, " "1, " "1, " "1, " "1, " "1, " "1, " "1, " "1, " "1, " "1, " "1, " "1, " "1, " "1, " "1, " "1, " "1, " "1, " "1, " "1, " "1, " "1, " "1, " "1, " "1, " "1, " "1, " "1, " "1, " "1, " "1, " "1, " "1, " "1, " "1, " "1, " "1, " "1, " "1, " "1, " "1, " "1, " "1, " "1, " "1, " "1, " "1, " "1, " "1, " "1, " "1, " "1, " "1, " "1, " "1, " "1, " "1, " "1, " "1, " "1, " "1, " "1, " "1, " "1, " "1, " "1, " "1, " "1, " "1, " "1, " "1, " "1, " "1, " "1, " "1, " "1, " "1, " "1, " "1, " "1, " "1, " "1, " "1, " "1, " "1, " "1, " "1, " "1, " "1, " "1, " "1, " "1, " "1, " "1, " "1, " "1, " "1, " "1, " "1, " "1, " "1, " "1, " "1, " "1, " "1, " "1, " "1, " "1, " "1, " "1, " "1, " "1, " "1, " "1, " "1, " "1, " "1, " "1, " "1, " "1, " "1, " "1, " "1, " "1, " "1, " "1, " "0, " "1, " "1, " "1, " "1, " "1, " "1, " "1, " "1, " "1, " "1, " "1, " "1, " "1, " "1, " "1, " "1, " "1, " "1, " "1, " "1, " "1, " "1, " "1, " "1, " "1, " "1, " "1, " "1, " "1, " "1, " "1, " "1, " "1, " "1, " "1, " "1, " "1, " "1, " "1, " "1, " "1, " "1, " "1, " "1, " "1, " "1, " "1, " "1, " "1, " "1, " "1, " "1, " "1, " "1, " "1, " "1, " "1, " "1, " "1, " "1, " "1, " "1, " "1, " "1, " "1, " "1, " "1, " "1, " "1, " "1, " "1, " "1, " "1, " "1, " "1, " "1, " "1, " "1, " "1, " "1, " "1, " "1, " "1, " "1, " "1, " "1, " "1, " "1, " "1, " "1, " "1, " "1, " "1, " "1, " "1, " "1, " "1, " "1, " "1, " "1, " "1, " "1, " "1, " "1, " "1, " "1, " "1, " "1, " "1, " "1, " "1, " "1, " "1, " "1, " "1, "5000
 "Nei142, 0.388, " "0.885, " "1, " "1, " "1, " "1, " "1, " "1, " "1, " "1, " "1, " "1, " "1, " "1, " "1, " "1, " "1, " "1, " "1, " "1, " "1, " "1, " "1, " "1, " "1, " "1, " "1, " "1, " "1, " "1, " "1, " "1, " "1, " "1, " "1, " "1, " "1, " "1, " "1, " "1, " "1, " "1, " "1, " "1, " "1, " "1, " "1, " "1, " "1, " "1, " "1, " "1, " "1, " "1, " "1, " "1, " "1, " "1, " "1, " "1, " "1, " "1, " "1, " "1, " "1, " "1, " "1, " "1, " "1, " "1, " "1, " "1, " "1, " "1, " "1, " "1, " "1, " "1, " "1, " "1, " "1, " "1, " "1, " "1, " "1, " "1, " "1, " "1, " "1, " "1, " "1, " "1, " "1, " "1, " "1, " "1, " "1, " "1, " "1, " "1, " "1, " "1, " "1, " "1, " "1, " "1, " "1, " "1, " "1, " "1, " "1, " "1, " "1, " "1, " "1, " "1, " "1, " "1, " "1, " "1, " "1, " "1, " "1, " "1, " "1, " "1, " "1, " "1, " "1, " "1, " "1, " "1, " "1, " "1, " "1, " "1, " "1, " "1, " "1, " "1, " "1, " "1, " "1, " "1, " "0, " "1, " "1, " "1, " "1, " "1, " "1, " "1, " "1, " "1, " "1, " "1, " "1, " "1, " "1, " "1, " "1, " "1, " "1, " "1, " "1, " "1, " "1, " "1, " "1, " "1, " "1, " "1, " "1, " "1, " "1, " "1, " "1, " "1, " "1, " "1, " "1, " "1, " "1, " "1, " "1, " "1, " "1, " "1, " "1, " "1, " "1, " "1, " "1, " "1, " "1, " "1, " "1, " "1, " "1, " "1, " "1, " "1, " "1, " "1, " "1, " "1, " "1, " "1, " "1, " "1, " "1, " "1, " "1, " "1, " "1, " "1, " "1, " "1, " "1, " "1, " "1, " "1, " "1, " "1, " "1, " "1, " "1, " "1, " "1, " "1, " "1, " "1, " "1, " "1, " "1, " "1, " "1, " "1, " "1, " "1, " "1, " "1, " "1, " "1, " "1, " "1, " "1, " "1, " "1, " "1, " "1, " "1, " "1, " "1, " "1, " "1, " "1, " "1, " "1, "5000
 "Nei143, 0.046, " "0.89, " "1, " "1, " "1, " "1, " "1, " "1, " "1, " "1, " "1, " "1, " "1, " "1, " "1, " "1, " "1, " "1, " "1, " "1, " "1, " "1, " "1, " "1, " "1, " "1, " "1, " "1, " "1, " "1, " "1, " "1, " "1, " "1, " "1, " "1, " "1, " "1, " "1, " "1, " "1, " "1, " "1, " "1, " "1, " "1, " "1, " "1, " "1, " "1, " "1, " "1, " "1, " "1, " "1, " "1, " "1, " "1, " "1, " "1, " "1, " "1, " "1, " "1, " "1, " "1, " "1, " "1, " "1, " "1, " "1, " "1, " "1, " "1, " "1, " "1, " "1, " "1, " "1, " "1, " "1, " "1, " "1, " "1, " "1, " "1, " "1, " "1, " "1, " "1, " "1, " "1, " "1, " "1, " "1, " "1, " "1, " "1, " "1, " "1, " "1, " "1, " "1, " "1, " "1, " "1, " "1, " "1, " "1, " "1, " "1, " "1, " "1, " "1, " "1, " "1, " "1, " "1, " "1, " "1, " "1, " "1, " "1, " "1, " "1, " "1, " "1, " "1, " "1, " "1, " "1, " "1, " "1, " "1, " "1, " "1, " "1, " "1, " "1, " "1, " "1, " "1, " "1, " "1, " "1, " "0, " "1, " "1, " "1, " "1, " "1, " "1, " "1, " "1, " "1, " "1, " "1, " "1, " "1, " "1, " "1, " "1, " "1, " "1, " "1, " "1, " "1, " "1, " "1, " "1, " "1, " "1, " "1, " "1, " "1, " "1, " "1, " "1, " "1, " "1, " "1, " "1, " "1, " "1, " "1, " "1, " "1, " "1, " "1, " "1, " "1, " "1, " "1, " "1, " "1, " "1, " "1, " "1, " "1, " "1, " "1, " "1, " "1, " "1, " "1, " "1, " "1, " "1, " "1, " "1, " "1, " "1, " "1, " "1, " "1, " "1, " "1, " "1, " "1, " "1, " "1, " "1, " "1, " "1, " "1, " "1, " "1, " "1, " "1, " "1, " "1, " "1, " "1, " "1, " "1, " "1, " "1, " "1, " "1, " "1, " "1, " "1, " "1, " "1, " "1, " "1, " "1, " "1, " "1, " "1, " "1, " "1, " "1, " "1, " "1, " "1, " "1, " "1, " "1, "5000
 "Nei144, 0.147, " "0.89, " "1, " "1, " "1, " "1, " "1, " "1, " "1, " "1, " "1, " "1, " "1, " "1, " "1, " "1, " "1, " "1, " "1, " "1, " "1, " "1, " "1, " "1, " "1, " "1, " "1, " "1, " "1, " "1, " "1, " "1, " "1, " "1, " "1, " "1, " "1, " "1, " "1, " "1, " "1, " "1, " "1, " "1, " "1, " "1, " "1, " "1, " "1, " "1, " "1, " "1, " "1, " "1, " "1, " "1, " "1, " "1, " "1, " "1, " "1, " "1, " "1, " "1, " "1, " "1, " "1, " "1, " "1, " "1, " "1, " "1, " "1, " "1, " "1, " "1, " "1, " "1, " "1, " "1, " "1, " "1, " "1, " "1, " "1, " "1, " "1, " "1, " "1, " "1, " "1, " "1, " "1, " "1, " "1, " "1, " "1, " "1, " "1, " "1, " "1, " "1, " "1, " "1, " "1, " "1, " "1, " "1, " "1, " "1, " "1, " "1, " "1, " "1, " "1, " "1, " "1, " "1, " "1, " "1, " "1, " "1, " "1, " "1, " "1, " "1, " "1, " "1, " "1, " "1, " "1, " "1, " "1, " "1, " "1, " "1, " "1, " "1, " "1, " "1, " "1, " "1, " "1, " "1, " "1, " "1, " "0, " "1, " "1, " "1, " "1, " "1, " "1, " "1, " "1, " "1, " "1, " "1, " "1, " "1, " "1, " "1, " "1, " "1, " "1, " "1, " "1, " "1, " "1, " "1, " "1, " "1, " "1, " "1, " "1, " "1, " "1, " "1, " "1, " "1, " "1, " "1, " "1, " "1, " "1, " "1, " "1, " "1, " "1, " "1, " "1, " "1, " "1, " "1, " "1, " "1, " "1, " "1, " "1, " "1, " "1, " "1, " "1, " "1, " "1, " "1, " "1, " "1, " "1, " "1, " "1, " "1, " "1, " "1, " "1, " "1, " "1, " "1, " "1, " "1, " "1, " "1, " "1, " "1, " "1, " "1, " "1, " "1, " "1, " "1, " "1, " "1, " "1, " "1, " "1, " "1, " "1, " "1, " "1, " "1, " "1, " "1, " "1, " "1, " "1, " "1, " "1, " "1, " "1, " "1, " "1, " "1, " "1, " "1, " "1, " "1, " "1, " "1, " "1, "5000
 "Nei145, 0.291, " "0.885, " "1, " "1, " "1, " "1, " "1, " "1, " "1, " "1, " "1, " "1, " "1, " "1, " "1, " "1, " "1, " "1, " "1, " "1, " "1, " "1, " "1, " "1, " "1, " "1, " "1, " "1, " "1, " "1, " "1, " "1, " "1, " "1, " "1, " "1, " "1, " "1, " "1, " "1, " "1, " "1, " "1, " "1, " "1, " "1, " "1, " "1, " "1, " "1, " "1, " "1, " "1, " "1, " "1, " "1, " "1, " "1, " "1, " "1, " "1, " "1, " "1, " "1, " "1, " "1, " "1, " "1, " "1, " "1, " "1, " "1, " "1, " "1, " "1, " "1, " "1, " "1, " "1, " "1, " "1, " "1, " "1, " "1, " "1, " "1, " "1, " "1, " "1, " "1, " "1, " "1, " "1, " "1, " "1, " "1, " "1, " "1, " "1, " "1, " "1, " "1, " "1, " "1, " "1, " "1, " "1, " "1, " "1, " "1, " "1, " "1, " "1, " "1, " "1, " "1, " "1, " "1, " "1, " "1, " "1, " "1, " "1, " "1, " "1, " "1, " "1, " "1, " "1, " "1, " "1, " "1, " "1, " "1, " "1, " "1, " "1, " "1, " "1, " "1, " "1, " "1, " "1, " "1, " "1, " "1, " "1, " "0, " "1, " "1, " "1, " "1, " "1, " "1, " "1, " "1, " "1, " "1, " "1, " "1, " "1, " "1, " "1, " "1, " "1, " "1, " "1, " "1, " "1, " "1, " "1, " "1, " "1, " "1, " "1, " "1, " "1, " "1, " "1, " "1, " "1, " "1, " "1, " "1, " "1, " "1, " "1, " "1, " "1, " "1, " "1, " "1, " "1, " "1, " "1, " "1, " "1, " "1, " "1, " "1, " "1, " "1, " "1, " "1, " "1, " "1, " "1, " "1, " "1, " "1, " "1, " "1, " "1, " "1, " "1, " "1, " "1, " "1, " "1, " "1, " "1, " "1, " "1, " "1, " "1, " "1, " "1, " "1, " "1, " "1, " "1, " "1, " "1, " "1, " "1, " "1, " "1, " "1, " "1, " "1, " "1, " "1, " "1, " "1, " "1, " "1, " "1, " "1, " "1, " "1, " "1, " "1, " "1, " "1, " "1, " "1, " "1, " "1, " "1, "5000
 "Nei146, 0.31, " "0.886, " "1, " "1, " "1, " "1, " "1, " "1, " "1, " "1, " "1, " "1, " "1, " "1, " "1, " "1, " "1, " "1, " "1, " "1, " "1, " "1, " "1, " "1, " "1, " "1, " "1, " "1, " "1, " "1, " "1, " "1, " "1, " "1, " "1, " "1, " "1, " "1, " "1, " "1, " "1, " "1, " "1, " "1, " "1, " "1, " "1, " "1, " "1, " "1, " "1, " "1, " "1, " "1, " "1, " "1, " "1, " "1, " "1, " "1, " "1, " "1, " "1, " "1, " "1, " "1, " "1, " "1, " "1, " "1, " "1, " "1, " "1, " "1, " "1, " "1, " "1, " "1, " "1, " "1, " "1, " "1, " "1, " "1, " "1, " "1, " "1, " "1, " "1, " "1, " "1, " "1, " "1, " "1, " "1, " "1, " "1, " "1, " "1, " "1, " "1, " "1, " "1, " "1, " "1, " "1, " "1, " "1, " "1, " "1, " "1, " "1, " "1, " "1, " "1, " "1, " "1, " "1, " "1, " "1, " "1, " "1, " "1, " "1, " "1, " "1, " "1, " "1, " "1, " "1, " "1, " "1, " "1, " "1, " "1, " "1, " "1, " "1, " "1, " "1, " "1, " "1, " "1, " "1, " "1, " "1, " "1, " "1, " "0, " "1, " "1, " "1, " "1, " "1, " "1, " "1, " "1, " "1, " "1, " "1, " "1, " "1, " "1, " "1, " "1, " "1, " "1, " "1, " "1, " "1, " "1, " "1, " "1, " "1, " "1, " "1, " "1, " "1, " "1, " "1, " "1, " "1, " "1, " "1, " "1, " "1, " "1, " "1, " "1, " "1, " "1, " "1, " "1, " "1, " "1, " "1, " "1, " "1, " "1, " "1, " "1, " "1, " "1, " "1, " "1, " "1, " "1, " "1, " "1, " "1, " "1, " "1, " "1, " "1, " "1, " "1, " "1, " "1, " "1, " "1, " "1, " "1, " "1, " "1, " "1, " "1, " "1, " "1, " "1, " "1, " "1, " "1, " "1, " "1, " "1, " "1, " "1, " "1, " "1, " "1, " "1, " "1, " "1, " "1, " "1, " "1, " "1, " "1, " "1, " "1, " "1, " "1, " "1, " "1, " "1, " "1, " "1, " "1, " "1, "5000
 "Nei147, 0.032, " "0.889, " "1, " "1, " "1, " "1, " "1, " "1, " "1, " "1, " "1, " "1, " "1, " "1, " "1, " "1, " "1, " "1, " "1, " "1, " "1, " "1, " "1, " "1, " "1, " "1, " "1, " "1, " "1, " "1, " "1, " "1, " "1, " "1, " "1, " "1, " "1, " "1, " "1, " "1, " "1, " "1, " "1, " "1, " "1, " "1, " "1, " "1, " "1, " "1, " "1, " "1, " "1, " "1, " "1, " "1, " "1, " "1, " "1, " "1, " "1, " "1, " "1, " "1, " "1, " "1, " "1, " "1, " "1, " "1, " "1, " "1, " "1, " "1, " "1, " "1, " "1, " "1, " "1, " "1, " "1, " "1, " "1, " "1, " "1, " "1, " "1, " "1, " "1, " "1, " "1, " "1, " "1, " "1, " "1, " "1, " "1, " "1, " "1, " "1, " "1, " "1, " "1, " "1, " "1, " "1, " "1, " "1, " "1, " "1, " "1, " "1, " "1, " "1, " "1, " "1, " "1, " "1, " "1, " "1, " "1, " "1, " "1, " "1, " "1, " "1, " "1, " "1, " "1, " "1, " "1, " "1, " "1, " "1, " "1, " "1, " "1, " "1, " "1, " "1, " "1, " "1, " "1, " "1, " "1, " "1, " "1, " "1, " "1, " "0, " "1, " "1, " "1, " "1, " "1, " "1, " "1, " "1, " "1, " "1, " "1, " "1, " "1, " "1, " "1, " "1, " "1, " "1, " "1, " "1, " "1, " "1, " "1, " "1, " "1, " "1, " "1, " "1, " "1, " "1, " "1, " "1, " "1, " "1, " "1, " "1, " "1, " "1, " "1, " "1, " "1, " "1, " "1, " "1, " "1, " "1, " "1, " "1, " "1, " "1, " "1, " "1, " "1, " "1, " "1, " "1, " "1, " "1, " "1, " "1, " "1, " "1, " "1, " "1, " "1, " "1, " "1, " "1, " "1, " "1, " "1, " "1, " "1, " "1, " "1, " "1, " "1, " "1, " "1, " "1, " "1, " "1, " "1, " "1, " "1, " "1, " "1, " "1, " "1, " "1, " "1, " "1, " "1, " "1, " "1, " "1, " "1, " "1, " "1, " "1, " "1, " "1, " "1, " "1, " "1, " "1, " "1, " "1, " "1, "5000
 "Nei148, 0.033, " "0.89, " "1, " "1, " "1, " "1, " "1, " "1, " "1, " "1, " "1, " "1, " "1, " "1, " "1, " "1, " "1, " "1, " "1, " "1, " "1, " "1, " "1, " "1, " "1, " "1, " "1, " "1, " "1, " "1, " "1, " "1, " "1, " "1, " "1, " "1, " "1, " "1, " "1, " "1, " "1, " "1, " "1, " "1, " "1, " "1, " "1, " "1, " "1, " "1, " "1, " "1, " "1, " "1, " "1, " "1, " "1, " "1, " "1, " "1, " "1, " "1, " "1, " "1, " "1, " "1, " "1, " "1, " "1, " "1, " "1, " "1, " "1, " "1, " "1, " "1, " "1, " "1, " "1, " "1, " "1, " "1, " "1, " "1, " "1, " "1, " "1, " "1, " "1, " "1, " "1, " "1, " "1, " "1, " "1, " "1, " "1, " "1, " "1, " "1, " "1, " "1, " "1, " "1, " "1, " "1, " "1, " "1, " "1, " "1, " "1, " "1, " "1, " "1, " "1, " "1, " "1, " "1, " "1, " "1, " "1, " "1, " "1, " "1, " "1, " "1, " "1, " "1, " "1, " "1, " "1, " "1, " "1, " "1, " "1, " "1, " "1, " "1, " "1, " "1, " "1, " "1, " "1, " "1, " "1, " "1, " "1, " "1, " "1, " "1, " "0, " "1, " "1, " "1, " "1, " "1, " "1, " "1, " "1, " "1, " "1, " "1, " "1, " "1, " "1, " "1, " "1, " "1, " "1, " "1, " "1, " "1, " "1, " "1, " "1, " "1, " "1, " "1, " "1, " "1, " "1, " "1, " "1, " "1, " "1, " "1, " "1, " "1, " "1, " "1, " "1, " "1, " "1, " "1, " "1, " "1, " "1, " "1, " "1, " "1, " "1, " "1, " "1, " "1, " "1, " "1, " "1, " "1, " "1, " "1, " "1, " "1, " "1, " "1, " "1, " "1, " "1, " "1, " "1, " "1, " "1, " "1, " "1, " "1, " "1, " "1, " "1, " "1, " "1, " "1, " "1, " "1, " "1, " "1, " "1, " "1, " "1, " "1, " "1, " "1, " "1, " "1, " "1, " "1, " "1, " "1, " "1, " "1, " "1, " "1, " "1, " "1, " "1, " "1, " "1, " "1, " "1, " "1, " "1, "5000
 "Nei149, 0.043, " "0.89, " "1, " "1, " "1, " "1, " "1, " "1, " "1, " "1, " "1, " "1, " "1, " "1, " "1, " "1, " "1, " "1, " "1, " "1, " "1, " "1, " "1, " "1, " "1, " "1, " "1, " "1, " "1, " "1, " "1, " "1, " "1, " "1, " "1, " "1, " "1, " "1, " "1, " "1, " "1, " "1, " "1, " "1, " "1, " "1, " "1, " "1, " "1, " "1, " "1, " "1, " "1, " "1, " "1, " "1, " "1, " "1, " "1, " "1, " "1, " "1, " "1, " "1, " "1, " "1, " "1, " "1, " "1, " "1, " "1, " "1, " "1, " "1, " "1, " "1, " "1, " "1, " "1, " "1, " "1, " "1, " "1, " "1, " "1, " "1, " "1, " "1, " "1, " "1, " "1, " "1, " "1, " "1, " "1, " "1, " "1, " "1, " "1, " "1, " "1, " "1, " "1, " "1, " "1, " "1, " "1, " "1, " "1, " "1, " "1, " "1, " "1, " "1, " "1, " "1, " "1, " "1, " "1, " "1, " "1, " "1, " "1, " "1, " "1, " "1, " "1, " "1, " "1, " "1, " "1, " "1, " "1, " "1, " "1, " "1, " "1, " "1, " "1, " "1, " "1, " "1, " "1, " "1, " "1, " "1, " "1, " "1, " "1, " "1, " "1, " "0, " "1, " "1, " "1, " "1, " "1, " "1, " "1, " "1, " "1, " "1, " "1, " "1, " "1, " "1, " "1, " "1, " "1, " "1, " "1, " "1, " "1, " "1, " "1, " "1, " "1, " "1, " "1, " "1, " "1, " "1, " "1, " "1, " "1, " "1, " "1, " "1, " "1, " "1, " "1, " "1, " "1, " "1, " "1, " "1, " "1, " "1, " "1, " "1, " "1, " "1, " "1, " "1, " "1, " "1, " "1, " "1, " "1, " "1, " "1, " "1, " "1, " "1, " "1, " "1, " "1, " "1, " "1, " "1, " "1, " "1, " "1, " "1, " "1, " "1, " "1, " "1, " "1, " "1, " "1, " "1, " "1, " "1, " "1, " "1, " "1, " "1, " "1, " "1, " "1, " "1, " "1, " "1, " "1, " "1, " "1, " "1, " "1, " "1, " "1, " "1, " "1, " "1, " "1, " "1, " "1, " "1, " "1, "5000
 "Nei150, 0.023, " "0.889, " "1, " "1, " "1, " "1, " "1, " "1, " "1, " "1, " "1, " "1, " "1, " "1, " "1, " "1, " "1, " "1, " "1, " "1, " "1, " "1, " "1, " "1, " "1, " "1, " "1, " "1, " "1, " "1, " "1, " "1, " "1, " "1, " "1, " "1, " "1, " "1, " "1, " "1, " "1, " "1, " "1, " "1, " "1, " "1, " "1, " "1, " "1, " "1, " "1, " "1, " "1, " "1, " "1, " "1, " "1, " "1, " "1, " "1, " "1, " "1, " "1, " "1, " "1, " "1, " "1, " "1, " "1, " "1, " "1, " "1, " "1, " "1, " "1, " "1, " "1, " "1, " "1, " "1, " "1, " "1, " "1, " "1, " "1, " "1, " "1, " "1, " "1, " "1, " "1, " "1, " "1, " "1, " "1, " "1, " "1, " "1, " "1, " "1, " "1, " "1, " "1, " "1, " "1, " "1, " "1, " "1, " "1, " "1, " "1, " "1, " "1, " "1, " "1, " "1, " "1, " "1, " "1, " "1, " "1, " "1, " "1, " "1, " "1, " "1, " "1, " "1, " "1, " "1, " "1, " "1, " "1, " "1, " "1, " "1, " "1, " "1, " "1, " "1, " "1, " "1, " "1, " "1, " "1, " "1, " "1, " "1, " "1, " "1, " "1, " "1, " "0, " "1, " "1, " "1, " "1, " "1, " "1, " "1, " "1, " "1, " "1, " "1, " "1, " "1, " "1, " "1, " "1, " "1, " "1, " "1, " "1, " "1, " "1, " "1, " "1, " "1, " "1, " "1, " "1, " "1, " "1, " "1, " "1, " "1, " "1, " "1, " "1, " "1, " "1, " "1, " "1, " "1, " "1, " "1, " "1, " "1, " "1, " "1, " "1, " "1, " "1, " "1, " "1, " "1, " "1, " "1, " "1, " "1, " "1, " "1, " "1, " "1, " "1, " "1, " "1, " "1, " "1, " "1, " "1, " "1, " "1, " "1, " "1, " "1, " "1, " "1, " "1, " "1, " "1, " "1, " "1, " "1, " "1, " "1, " "1, " "1, " "1, " "1, " "1, " "1, " "1, " "1, " "1, " "1, " "1, " "1, " "1, " "1, " "1, " "1, " "1, " "1, " "1, " "1, " "1, " "1, " "1, "5000
 "Nei151, 0.39, " "0.886, " "1, " "1, " "1, " "1, " "1, " "1, " "1, " "1, " "1, " "1, " "1, " "1, " "1, " "1, " "1, " "1, " "1, " "1, " "1, " "1, " "1, " "1, " "1, " "1, " "1, " "1, " "1, " "1, " "1, " "1, " "1, " "1, " "1, " "1, " "1, " "1, " "1, " "1, " "1, " "1, " "1, " "1, " "1, " "1, " "1, " "1, " "1, " "1, " "1, " "1, " "1, " "1, " "1, " "1, " "1, " "1, " "1, " "1, " "1, " "1, " "1, " "1, " "1, " "1, " "1, " "1, " "1, " "1, " "1, " "1, " "1, " "1, " "1, " "1, " "1, " "1, " "1, " "1, " "1, " "1, " "1, " "1, " "1, " "1, " "1, " "1, " "1, " "1, " "1, " "1, " "1, " "1, " "1, " "1, " "1, " "1, " "1, " "1, " "1, " "1, " "1, " "1, " "1, " "1, " "1, " "1, " "1, " "1, " "1, " "1, " "1, " "1, " "1, " "1, " "1, " "1, " "1, " "1, " "1, " "1, " "1, " "1, " "1, " "1, " "1, " "1, " "1, " "1, " "1, " "1, " "1, " "1, " "1, " "1, " "1, " "1, " "1, " "1, " "1, " "1, " "1, " "1, " "1, " "1, " "1, " "1, " "1, " "1, " "1, " "1, " "1, " "0, " "1, " "1, " "1, " "1, " "1, " "1, " "1, " "1, " "1, " "1, " "1, " "1, " "1, " "1, " "1, " "1, " "1, " "1, " "1, " "1, " "1, " "1, " "1, " "1, " "1, " "1, " "1, " "1, " "1, " "1, " "1, " "1, " "1, " "1, " "1, " "1, " "1, " "1, " "1, " "1, " "1, " "1, " "1, " "1, " "1, " "1, " "1, " "1, " "1, " "1, " "1, " "1, " "1, " "1, " "1, " "1, " "1, " "1, " "1, " "1, " "1, " "1, " "1, " "1, " "1, " "1, " "1, " "1, " "1, " "1, " "1, " "1, " "1, " "1, " "1, " "1, " "1, " "1, " "1, " "1, " "1, " "1, " "1, " "1, " "1, " "1, " "1, " "1, " "1, " "1, " "1, " "1, " "1, " "1, " "1, " "1, " "1, " "1, " "1, " "1, " "1, " "1, " "1, " "1, " "1, "5000
 "Nei152, 0.067, " "0.89, " "1, " "1, " "1, " "1, " "1, " "1, " "1, " "1, " "1, " "1, " "1, " "1, " "1, " "1, " "1, " "1, " "1, " "1, " "1, " "1, " "1, " "1, " "1, " "1, " "1, " "1, " "1, " "1, " "1, " "1, " "1, " "1, " "1, " "1, " "1, " "1, " "1, " "1, " "1, " "1, " "1, " "1, " "1, " "1, " "1, " "1, " "1, " "1, " "1, " "1, " "1, " "1, " "1, " "1, " "1, " "1, " "1, " "1, " "1, " "1, " "1, " "1, " "1, " "1, " "1, " "1, " "1, " "1, " "1, " "1, " "1, " "1, " "1, " "1, " "1, " "1, " "1, " "1, " "1, " "1, " "1, " "1, " "1, " "1, " "1, " "1, " "1, " "1, " "1, " "1, " "1, " "1, " "1, " "1, " "1, " "1, " "1, " "1, " "1, " "1, " "1, " "1, " "1, " "1, " "1, " "1, " "1, " "1, " "1, " "1, " "1, " "1, " "1, " "1, " "1, " "1, " "1, " "1, " "1, " "1, " "1, " "1, " "1, " "1, " "1, " "1, " "1, " "1, " "1, " "1, " "1, " "1, " "1, " "1, " "1, " "1, " "1, " "1, " "1, " "1, " "1, " "1, " "1, " "1, " "1, " "1, " "1, " "1, " "1, " "1, " "1, " "1, " "0, " "1, " "1, " "1, " "1, " "1, " "1, " "1, " "1, " "1, " "1, " "1, " "1, " "1, " "1, " "1, " "1, " "1, " "1, " "1, " "1, " "1, " "1, " "1, " "1, " "1, " "1, " "1, " "1, " "1, " "1, " "1, " "1, " "1, " "1, " "1, " "1, " "1, " "1, " "1, " "1, " "1, " "1, " "1, " "1, " "1, " "1, " "1, " "1, " "1, " "1, " "1, " "1, " "1, " "1, " "1, " "1, " "1, " "1, " "1, " "1, " "1, " "1, " "1, " "1, " "1, " "1, " "1, " "1, " "1, " "1, " "1, " "1, " "1, " "1, " "1, " "1, " "1, " "1, " "1, " "1, " "1, " "1, " "1, " "1, " "1, " "1, " "1, " "1, " "1, " "1, " "1, " "1, " "1, " "1, " "1, " "1, " "1, " "1, " "1, " "1, " "1, " "1, " "1, " "1, "5000
 "Nei153, 0.009, " "-0.465, " "1, " "1, " "1, " "1, " "1, " "1, " "1, " "1, " "1, " "1, " "1, " "1, " "1, " "1, " "1, " "1, " "1, " "1, " "1, " "1, " "1, " "1, " "1, " "1, " "1, " "1, " "1, " "1, " "1, " "1, " "1, " "1, " "1, " "1, " "1, " "1, " "1, " "1, " "1, " "1, " "1, " "1, " "1, " "1, " "1, " "1, " "1, " "1, " "1, " "1, " "1, " "1, " "1, " "1, " "1, " "1, " "1, " "1, " "1, " "1, " "1, " "1, " "1, " "1, " "1, " "1, " "1, " "1, " "1, " "1, " "1, " "1, " "1, " "1, " "1, " "1, " "1, " "1, " "1, " "1, " "1, " "1, " "1, " "1, " "1, " "1, " "1, " "1, " "1, " "1, " "1, " "1, " "1, " "1, " "1, " "1, " "1, " "1, " "1, " "1, " "1, " "1, " "1, " "1, " "1, " "1, " "1, " "1, " "1, " "1, " "1, " "1, " "1, " "1, " "1, " "1, " "1, " "1, " "1, " "1, " "1, " "1, " "1, " "1, " "1, " "1, " "1, " "1, " "1, " "1, " "1, " "1, " "1, " "1, " "1, " "1, " "1, " "1, " "1, " "1, " "1, " "1, " "1, " "1, " "1, " "1, " "1, " "1, " "1, " "1, " "1, " "1, " "1, " "0, " "1, " "1, " "1, " "1, " "1, " "1, " "1, " "1, " "1, " "1, " "1, " "1, " "1, " "1, " "1, " "1, " "1, " "1, " "1, " "1, " "1, " "1, " "1, " "1, " "1, " "1, " "1, " "1, " "1, " "1, " "1, " "1, " "1, " "1, " "1, " "1, " "1, " "1, " "1, " "1, " "1, " "1, " "1, " "1, " "1, " "1, " "1, " "1, " "1, " "1, " "1, " "1, " "1, " "1, " "1, " "1, " "1, " "1, " "1, " "1, " "1, " "1, " "1, " "1, " "1, " "1, " "1, " "1, " "1, " "1, " "1, " "1, " "1, " "1, " "1, " "1, " "1, " "1, " "1, " "1, " "1, " "1, " "1, " "1, " "1, " "1, " "1, " "1, " "1, " "1, " "1, " "1, " "1, " "1, " "1, " "1, " "1, " "1, " "1, " "1, " "1, " "1, " "1, "5000
 "Nei154, 0.18, " "0.89, " "1, " "1, " "1, " "1, " "1, " "1, " "1, " "1, " "1, " "1, " "1, " "1, " "1, " "1, " "1, " "1, " "1, " "1, " "1, " "1, " "1, " "1, " "1, " "1, " "1, " "1, " "1, " "1, " "1, " "1, " "1, " "1, " "1, " "1, " "1, " "1, " "1, " "1, " "1, " "1, " "1, " "1, " "1, " "1, " "1, " "1, " "1, " "1, " "1, " "1, " "1, " "1, " "1, " "1, " "1, " "1, " "1, " "1, " "1, " "1, " "1, " "1, " "1, " "1, " "1, " "1, " "1, " "1, " "1, " "1, " "1, " "1, " "1, " "1, " "1, " "1, " "1, " "1, " "1, " "1, " "1, " "1, " "1, " "1, " "1, " "1, " "1, " "1, " "1, " "1, " "1, " "1, " "1, " "1, " "1, " "1, " "1, " "1, " "1, " "1, " "1, " "1, " "1, " "1, " "1, " "1, " "1, " "1, " "1, " "1, " "1, " "1, " "1, " "1, " "1, " "1, " "1, " "1, " "1, " "1, " "1, " "1, " "1, " "1, " "1, " "1, " "1, " "1, " "1, " "1, " "1, " "1, " "1, " "1, " "1, " "1, " "1, " "1, " "1, " "1, " "1, " "1, " "1, " "1, " "1, " "1, " "1, " "1, " "1, " "1, " "1, " "1, " "1, " "1, " "0, " "1, " "1, " "1, " "1, " "1, " "1, " "1, " "1, " "1, " "1, " "1, " "1, " "1, " "1, " "1, " "1, " "1, " "1, " "1, " "1, " "1, " "1, " "1, " "1, " "1, " "1, " "1, " "1, " "1, " "1, " "1, " "1, " "1, " "1, " "1, " "1, " "1, " "1, " "1, " "1, " "1, " "1, " "1, " "1, " "1, " "1, " "1, " "1, " "1, " "1, " "1, " "1, " "1, " "1, " "1, " "1, " "1, " "1, " "1, " "1, " "1, " "1, " "1, " "1, " "1, " "1, " "1, " "1, " "1, " "1, " "1, " "1, " "1, " "1, " "1, " "1, " "1, " "1, " "1, " "1, " "1, " "1, " "1, " "1, " "1, " "1, " "1, " "1, " "1, " "1, " "1, " "1, " "1, " "1, " "1, " "1, " "1, " "1, " "1, " "1, " "1, " "1, "5000
 "Nei155, 0.041, " "0.89, " "1, " "1, " "1, " "1, " "1, " "1, " "1, " "1, " "1, " "1, " "1, " "1, " "1, " "1, " "1, " "1, " "1, " "1, " "1, " "1, " "1, " "1, " "1, " "1, " "1, " "1, " "1, " "1, " "1, " "1, " "1, " "1, " "1, " "1, " "1, " "1, " "1, " "1, " "1, " "1, " "1, " "1, " "1, " "1, " "1, " "1, " "1, " "1, " "1, " "1, " "1, " "1, " "1, " "1, " "1, " "1, " "1, " "1, " "1, " "1, " "1, " "1, " "1, " "1, " "1, " "1, " "1, " "1, " "1, " "1, " "1, " "1, " "1, " "1, " "1, " "1, " "1, " "1, " "1, " "1, " "1, " "1, " "1, " "1, " "1, " "1, " "1, " "1, " "1, " "1, " "1, " "1, " "1, " "1, " "1, " "1, " "1, " "1, " "1, " "1, " "1, " "1, " "1, " "1, " "1, " "1, " "1, " "1, " "1, " "1, " "1, " "1, " "1, " "1, " "1, " "1, " "1, " "1, " "1, " "1, " "1, " "1, " "1, " "1, " "1, " "1, " "1, " "1, " "1, " "1, " "1, " "1, " "1, " "1, " "1, " "1, " "1, " "1, " "1, " "1, " "1, " "1, " "1, " "1, " "1, " "1, " "1, " "1, " "1, " "1, " "1, " "1, " "1, " "1, " "1, " "0, " "1, " "1, " "1, " "1, " "1, " "1, " "1, " "1, " "1, " "1, " "1, " "1, " "1, " "1, " "1, " "1, " "1, " "1, " "1, " "1, " "1, " "1, " "1, " "1, " "1, " "1, " "1, " "1, " "1, " "1, " "1, " "1, " "1, " "1, " "1, " "1, " "1, " "1, " "1, " "1, " "1, " "1, " "1, " "1, " "1, " "1, " "1, " "1, " "1, " "1, " "1, " "1, " "1, " "1, " "1, " "1, " "1, " "1, " "1, " "1, " "1, " "1, " "1, " "1, " "1, " "1, " "1, " "1, " "1, " "1, " "1, " "1, " "1, " "1, " "1, " "1, " "1, " "1, " "1, " "1, " "1, " "1, " "1, " "1, " "1, " "1, " "1, " "1, " "1, " "1, " "1, " "1, " "1, " "1, " "1, " "1, " "1, " "1, " "1, " "1, " "1, "5000
 "Nei156, 0.34, " "0.887, " "1, " "1, " "1, " "1, " "1, " "1, " "1, " "1, " "1, " "1, " "1, " "1, " "1, " "1, " "1, " "1, " "1, " "1, " "1, " "1, " "1, " "1, " "1, " "1, " "1, " "1, " "1, " "1, " "1, " "1, " "1, " "1, " "1, " "1, " "1, " "1, " "1, " "1, " "1, " "1, " "1, " "1, " "1, " "1, " "1, " "1, " "1, " "1, " "1, " "1, " "1, " "1, " "1, " "1, " "1, " "1, " "1, " "1, " "1, " "1, " "1, " "1, " "1, " "1, " "1, " "1, " "1, " "1, " "1, " "1, " "1, " "1, " "1, " "1, " "1, " "1, " "1, " "1, " "1, " "1, " "1, " "1, " "1, " "1, " "1, " "1, " "1, " "1, " "1, " "1, " "1, " "1, " "1, " "1, " "1, " "1, " "1, " "1, " "1, " "1, " "1, " "1, " "1, " "1, " "1, " "1, " "1, " "1, " "1, " "1, " "1, " "1, " "1, " "1, " "1, " "1, " "1, " "1, " "1, " "1, " "1, " "1, " "1, " "1, " "1, " "1, " "1, " "1, " "1, " "1, " "1, " "1, " "1, " "1, " "1, " "1, " "1, " "1, " "1, " "1, " "1, " "1, " "1, " "1, " "1, " "1, " "1, " "1, " "1, " "1, " "1, " "1, " "1, " "1, " "1, " "1, " "0, " "1, " "1, " "1, " "1, " "1, " "1, " "1, " "1, " "1, " "1, " "1, " "1, " "1, " "1, " "1, " "1, " "1, " "1, " "1, " "1, " "1, " "1, " "1, " "1, " "1, " "1, " "1, " "1, " "1, " "1, " "1, " "1, " "1, " "1, " "1, " "1, " "1, " "1, " "1, " "1, " "1, " "1, " "1, " "1, " "1, " "1, " "1, " "1, " "1, " "1, " "1, " "1, " "1, " "1, " "1, " "1, " "1, " "1, " "1, " "1, " "1, " "1, " "1, " "1, " "1, " "1, " "1, " "1, " "1, " "1, " "1, " "1, " "1, " "1, " "1, " "1, " "1, " "1, " "1, " "1, " "1, " "1, " "1, " "1, " "1, " "1, " "1, " "1, " "1, " "1, " "1, " "1, " "1, " "1, " "1, " "1, " "1, " "1, " "1, " "1, "5000
 "Nei157, 0.142, " "0.89, " "1, " "1, " "1, " "1, " "1, " "1, " "1, " "1, " "1, " "1, " "1, " "1, " "1, " "1, " "1, " "1, " "1, " "1, " "1, " "1, " "1, " "1, " "1, " "1, " "1, " "1, " "1, " "1, " "1, " "1, " "1, " "1, " "1, " "1, " "1, " "1, " "1, " "1, " "1, " "1, " "1, " "1, " "1, " "1, " "1, " "1, " "1, " "1, " "1, " "1, " "1, " "1, " "1, " "1, " "1, " "1, " "1, " "1, " "1, " "1, " "1, " "1, " "1, " "1, " "1, " "1, " "1, " "1, " "1, " "1, " "1, " "1, " "1, " "1, " "1, " "1, " "1, " "1, " "1, " "1, " "1, " "1, " "1, " "1, " "1, " "1, " "1, " "1, " "1, " "1, " "1, " "1, " "1, " "1, " "1, " "1, " "1, " "1, " "1, " "1, " "1, " "1, " "1, " "1, " "1, " "1, " "1, " "1, " "1, " "1, " "1, " "1, " "1, " "1, " "1, " "1, " "1, " "1, " "1, " "1, " "1, " "1, " "1, " "1, " "1, " "1, " "1, " "1, " "1, " "1, " "1, " "1, " "1, " "1, " "1, " "1, " "1, " "1, " "1, " "1, " "1, " "1, " "1, " "1, " "1, " "1, " "1, " "1, " "1, " "1, " "1, " "1, " "1, " "1, " "1, " "1, " "1, " "0, " "1, " "1, " "1, " "1, " "1, " "1, " "1, " "1, " "1, " "1, " "1, " "1, " "1, " "1, " "1, " "1, " "1, " "1, " "1, " "1, " "1, " "1, " "1, " "1, " "1, " "1, " "1, " "1, " "1, " "1, " "1, " "1, " "1, " "1, " "1, " "1, " "1, " "1, " "1, " "1, " "1, " "1, " "1, " "1, " "1, " "1, " "1, " "1, " "1, " "1, " "1, " "1, " "1, " "1, " "1, " "1, " "1, " "1, " "1, " "1, " "1, " "1, " "1, " "1, " "1, " "1, " "1, " "1, " "1, " "1, " "1, " "1, " "1, " "1, " "1, " "1, " "1, " "1, " "1, " "1, " "1, " "1, " "1, " "1, " "1, " "1, " "1, " "1, " "1, " "1, " "1, " "1, " "1, " "1, " "1, " "1, " "1, " "1, " "1, "5000
 "Nei158, 0.159, " "0.89, " "1, " "1, " "1, " "1, " "1, " "1, " "1, " "1, " "1, " "1, " "1, " "1, " "1, " "1, " "1, " "1, " "1, " "1, " "1, " "1, " "1, " "1, " "1, " "1, " "1, " "1, " "1, " "1, " "1, " "1, " "1, " "1, " "1, " "1, " "1, " "1, " "1, " "1, " "1, " "1, " "1, " "1, " "1, " "1, " "1, " "1, " "1, " "1, " "1, " "1, " "1, " "1, " "1, " "1, " "1, " "1, " "1, " "1, " "1, " "1, " "1, " "1, " "1, " "1, " "1, " "1, " "1, " "1, " "1, " "1, " "1, " "1, " "1, " "1, " "1, " "1, " "1, " "1, " "1, " "1, " "1, " "1, " "1, " "1, " "1, " "1, " "1, " "1, " "1, " "1, " "1, " "1, " "1, " "1, " "1, " "1, " "1, " "1, " "1, " "1, " "1, " "1, " "1, " "1, " "1, " "1, " "1, " "1, " "1, " "1, " "1, " "1, " "1, " "1, " "1, " "1, " "1, " "1, " "1, " "1, " "1, " "1, " "1, " "1, " "1, " "1, " "1, " "1, " "1, " "1, " "1, " "1, " "1, " "1, " "1, " "1, " "1, " "1, " "1, " "1, " "1, " "1, " "1, " "1, " "1, " "1, " "1, " "1, " "1, " "1, " "1, " "1, " "1, " "1, " "1, " "1, " "1, " "1, " "0, " "1, " "1, " "1, " "1, " "1, " "1, " "1, " "1, " "1, " "1, " "1, " "1, " "1, " "1, " "1, " "1, " "1, " "1, " "1, " "1, " "1, " "1, " "1, " "1, " "1, " "1, " "1, " "1, " "1, " "1, " "1, " "1, " "1, " "1, " "1, " "1, " "1, " "1, " "1, " "1, " "1, " "1, " "1, " "1, " "1, " "1, " "1, " "1, " "1, " "1, " "1, " "1, " "1, " "1, " "1, " "1, " "1, " "1, " "1, " "1, " "1, " "1, " "1, " "1, " "1, " "1, " "1, " "1, " "1, " "1, " "1, " "1, " "1, " "1, " "1, " "1, " "1, " "1, " "1, " "1, " "1, " "1, " "1, " "1, " "1, " "1, " "1, " "1, " "1, " "1, " "1, " "1, " "1, " "1, " "1, " "1, " "1, " "1, "5000
 "Nei159, 0.195, " "0.89, " "1, " "1, " "1, " "1, " "1, " "1, " "1, " "1, " "1, " "1, " "1, " "1, " "1, " "1, " "1, " "1, " "1, " "1, " "1, " "1, " "1, " "1, " "1, " "1, " "1, " "1, " "1, " "1, " "1, " "1, " "1, " "1, " "1, " "1, " "1, " "1, " "1, " "1, " "1, " "1, " "1, " "1, " "1, " "1, " "1, " "1, " "1, " "1, " "1, " "1, " "1, " "1, " "1, " "1, " "1, " "1, " "1, " "1, " "1, " "1, " "1, " "1, " "1, " "1, " "1, " "1, " "1, " "1, " "1, " "1, " "1, " "1, " "1, " "1, " "1, " "1, " "1, " "1, " "1, " "1, " "1, " "1, " "1, " "1, " "1, " "1, " "1, " "1, " "1, " "1, " "1, " "1, " "1, " "1, " "1, " "1, " "1, " "1, " "1, " "1, " "1, " "1, " "1, " "1, " "1, " "1, " "1, " "1, " "1, " "1, " "1, " "1, " "1, " "1, " "1, " "1, " "1, " "1, " "1, " "1, " "1, " "1, " "1, " "1, " "1, " "1, " "1, " "1, " "1, " "1, " "1, " "1, " "1, " "1, " "1, " "1, " "1, " "1, " "1, " "1, " "1, " "1, " "1, " "1, " "1, " "1, " "1, " "1, " "1, " "1, " "1, " "1, " "1, " "1, " "1, " "1, " "1, " "1, " "1, " "0, " "1, " "1, " "1, " "1, " "1, " "1, " "1, " "1, " "1, " "1, " "1, " "1, " "1, " "1, " "1, " "1, " "1, " "1, " "1, " "1, " "1, " "1, " "1, " "1, " "1, " "1, " "1, " "1, " "1, " "1, " "1, " "1, " "1, " "1, " "1, " "1, " "1, " "1, " "1, " "1, " "1, " "1, " "1, " "1, " "1, " "1, " "1, " "1, " "1, " "1, " "1, " "1, " "1, " "1, " "1, " "1, " "1, " "1, " "1, " "1, " "1, " "1, " "1, " "1, " "1, " "1, " "1, " "1, " "1, " "1, " "1, " "1, " "1, " "1, " "1, " "1, " "1, " "1, " "1, " "1, " "1, " "1, " "1, " "1, " "1, " "1, " "1, " "1, " "1, " "1, " "1, " "1, " "1, " "1, " "1, " "1, " "1, "5000
 "Nei160, 0.102, " "0.89, " "1, " "1, " "1, " "1, " "1, " "1, " "1, " "1, " "1, " "1, " "1, " "1, " "1, " "1, " "1, " "1, " "1, " "1, " "1, " "1, " "1, " "1, " "1, " "1, " "1, " "1, " "1, " "1, " "1, " "1, " "1, " "1, " "1, " "1, " "1, " "1, " "1, " "1, " "1, " "1, " "1, " "1, " "1, " "1, " "1, " "1, " "1, " "1, " "1, " "1, " "1, " "1, " "1, " "1, " "1, " "1, " "1, " "1, " "1, " "1, " "1, " "1, " "1, " "1, " "1, " "1, " "1, " "1, " "1, " "1, " "1, " "1, " "1, " "1, " "1, " "1, " "1, " "1, " "1, " "1, " "1, " "1, " "1, " "1, " "1, " "1, " "1, " "1, " "1, " "1, " "1, " "1, " "1, " "1, " "1, " "1, " "1, " "1, " "1, " "1, " "1, " "1, " "1, " "1, " "1, " "1, " "1, " "1, " "1, " "1, " "1, " "1, " "1, " "1, " "1, " "1, " "1, " "1, " "1, " "1, " "1, " "1, " "1, " "1, " "1, " "1, " "1, " "1, " "1, " "1, " "1, " "1, " "1, " "1, " "1, " "1, " "1, " "1, " "1, " "1, " "1, " "1, " "1, " "1, " "1, " "1, " "1, " "1, " "1, " "1, " "1, " "1, " "1, " "1, " "1, " "1, " "1, " "1, " "1, " "1, " "0, " "1, " "1, " "1, " "1, " "1, " "1, " "1, " "1, " "1, " "1, " "1, " "1, " "1, " "1, " "1, " "1, " "1, " "1, " "1, " "1, " "1, " "1, " "1, " "1, " "1, " "1, " "1, " "1, " "1, " "1, " "1, " "1, " "1, " "1, " "1, " "1, " "1, " "1, " "1, " "1, " "1, " "1, " "1, " "1, " "1, " "1, " "1, " "1, " "1, " "1, " "1, " "1, " "1, " "1, " "1, " "1, " "1, " "1, " "1, " "1, " "1, " "1, " "1, " "1, " "1, " "1, " "1, " "1, " "1, " "1, " "1, " "1, " "1, " "1, " "1, " "1, " "1, " "1, " "1, " "1, " "1, " "1, " "1, " "1, " "1, " "1, " "1, " "1, " "1, " "1, " "1, " "1, " "1, " "1, " "1, " "1, "5000
 "Nei161, 0.253, " "0.891, " "1, " "1, " "1, " "1, " "1, " "1, " "1, " "1, " "1, " "1, " "1, " "1, " "1, " "1, " "1, " "1, " "1, " "1, " "1, " "1, " "1, " "1, " "1, " "1, " "1, " "1, " "1, " "1, " "1, " "1, " "1, " "1, " "1, " "1, " "1, " "1, " "1, " "1, " "1, " "1, " "1, " "1, " "1, " "1, " "1, " "1, " "1, " "1, " "1, " "1, " "1, " "1, " "1, " "1, " "1, " "1, " "1, " "1, " "1, " "1, " "1, " "1, " "1, " "1, " "1, " "1, " "1, " "1, " "1, " "1, " "1, " "1, " "1, " "1, " "1, " "1, " "1, " "1, " "1, " "1, " "1, " "1, " "1, " "1, " "1, " "1, " "1, " "1, " "1, " "1, " "1, " "1, " "1, " "1, " "1, " "1, " "1, " "1, " "1, " "1, " "1, " "1, " "1, " "1, " "1, " "1, " "1, " "1, " "1, " "1, " "1, " "1, " "1, " "1, " "1, " "1, " "1, " "1, " "1, " "1, " "1, " "1, " "1, " "1, " "1, " "1, " "1, " "1, " "1, " "1, " "1, " "1, " "1, " "1, " "1, " "1, " "1, " "1, " "1, " "1, " "1, " "1, " "1, " "1, " "1, " "1, " "1, " "1, " "1, " "1, " "1, " "1, " "1, " "1, " "1, " "1, " "1, " "1, " "1, " "1, " "1, " "0, " "1, " "1, " "1, " "1, " "1, " "1, " "1, " "1, " "1, " "1, " "1, " "1, " "1, " "1, " "1, " "1, " "1, " "1, " "1, " "1, " "1, " "1, " "1, " "1, " "1, " "1, " "1, " "1, " "1, " "1, " "1, " "1, " "1, " "1, " "1, " "1, " "1, " "1, " "1, " "1, " "1, " "1, " "1, " "1, " "1, " "1, " "1, " "1, " "1, " "1, " "1, " "1, " "1, " "1, " "1, " "1, " "1, " "1, " "1, " "1, " "1, " "1, " "1, " "1, " "1, " "1, " "1, " "1, " "1, " "1, " "1, " "1, " "1, " "1, " "1, " "1, " "1, " "1, " "1, " "1, " "1, " "1, " "1, " "1, " "1, " "1, " "1, " "1, " "1, " "1, " "1, " "1, " "1, " "1, " "1, "5000
 "Nei162, 0.217, " "0.89, " "1, " "1, " "1, " "1, " "1, " "1, " "1, " "1, " "1, " "1, " "1, " "1, " "1, " "1, " "1, " "1, " "1, " "1, " "1, " "1, " "1, " "1, " "1, " "1, " "1, " "1, " "1, " "1, " "1, " "1, " "1, " "1, " "1, " "1, " "1, " "1, " "1, " "1, " "1, " "1, " "1, " "1, " "1, " "1, " "1, " "1, " "1, " "1, " "1, " "1, " "1, " "1, " "1, " "1, " "1, " "1, " "1, " "1, " "1, " "1, " "1, " "1, " "1, " "1, " "1, " "1, " "1, " "1, " "1, " "1, " "1, " "1, " "1, " "1, " "1, " "1, " "1, " "1, " "1, " "1, " "1, " "1, " "1, " "1, " "1, " "1, " "1, " "1, " "1, " "1, " "1, " "1, " "1, " "1, " "1, " "1, " "1, " "1, " "1, " "1, " "1, " "1, " "1, " "1, " "1, " "1, " "1, " "1, " "1, " "1, " "1, " "1, " "1, " "1, " "1, " "1, " "1, " "1, " "1, " "1, " "1, " "1, " "1, " "1, " "1, " "1, " "1, " "1, " "1, " "1, " "1, " "1, " "1, " "1, " "1, " "1, " "1, " "1, " "1, " "1, " "1, " "1, " "1, " "1, " "1, " "1, " "1, " "1, " "1, " "1, " "1, " "1, " "1, " "1, " "1, " "1, " "1, " "1, " "1, " "1, " "1, " "1, " "0, " "1, " "1, " "1, " "1, " "1, " "1, " "1, " "1, " "1, " "1, " "1, " "1, " "1, " "1, " "1, " "1, " "1, " "1, " "1, " "1, " "1, " "1, " "1, " "1, " "1, " "1, " "1, " "1, " "1, " "1, " "1, " "1, " "1, " "1, " "1, " "1, " "1, " "1, " "1, " "1, " "1, " "1, " "1, " "1, " "1, " "1, " "1, " "1, " "1, " "1, " "1, " "1, " "1, " "1, " "1, " "1, " "1, " "1, " "1, " "1, " "1, " "1, " "1, " "1, " "1, " "1, " "1, " "1, " "1, " "1, " "1, " "1, " "1, " "1, " "1, " "1, " "1, " "1, " "1, " "1, " "1, " "1, " "1, " "1, " "1, " "1, " "1, " "1, " "1, " "1, " "1, " "1, " "1, " "1, "5000
 "Nei163, 0.395, " "0.885, " "1, " "1, " "1, " "1, " "1, " "1, " "1, " "1, " "1, " "1, " "1, " "1, " "1, " "1, " "1, " "1, " "1, " "1, " "1, " "1, " "1, " "1, " "1, " "1, " "1, " "1, " "1, " "1, " "1, " "1, " "1, " "1, " "1, " "1, " "1, " "1, " "1, " "1, " "1, " "1, " "1, " "1, " "1, " "1, " "1, " "1, " "1, " "1, " "1, " "1, " "1, " "1, " "1, " "1, " "1, " "1, " "1, " "1, " "1, " "1, " "1, " "1, " "1, " "1, " "1, " "1, " "1, " "1, " "1, " "1, " "1, " "1, " "1, " "1, " "1, " "1, " "1, " "1, " "1, " "1, " "1, " "1, " "1, " "1, " "1, " "1, " "1, " "1, " "1, " "1, " "1, " "1, " "1, " "1, " "1, " "1, " "1, " "1, " "1, " "1, " "1, " "1, " "1, " "1, " "1, " "1, " "1, " "1, " "1, " "1, " "1, " "1, " "1, " "1, " "1, " "1, " "1, " "1, " "1, " "1, " "1, " "1, " "1, " "1, " "1, " "1, " "1, " "1, " "1, " "1, " "1, " "1, " "1, " "1, " "1, " "1, " "1, " "1, " "1, " "1, " "1, " "1, " "1, " "1, " "1, " "1, " "1, " "1, " "1, " "1, " "1, " "1, " "1, " "1, " "1, " "1, " "1, " "1, " "1, " "1, " "1, " "1, " "1, " "0, " "1, " "1, " "1, " "1, " "1, " "1, " "1, " "1, " "1, " "1, " "1, " "1, " "1, " "1, " "1, " "1, " "1, " "1, " "1, " "1, " "1, " "1, " "1, " "1, " "1, " "1, " "1, " "1, " "1, " "1, " "1, " "1, " "1, " "1, " "1, " "1, " "1, " "1, " "1, " "1, " "1, " "1, " "1, " "1, " "1, " "1, " "1, " "1, " "1, " "1, " "1, " "1, " "1, " "1, " "1, " "1, " "1, " "1, " "1, " "1, " "1, " "1, " "1, " "1, " "1, " "1, " "1, " "1, " "1, " "1, " "1, " "1, " "1, " "1, " "1, " "1, " "1, " "1, " "1, " "1, " "1, " "1, " "1, " "1, " "1, " "1, " "1, " "1, " "1, " "1, " "1, " "1, " "1, "5000
 "Nei164, 0.056, " "0.89, " "1, " "1, " "1, " "1, " "1, " "1, " "1, " "1, " "1, " "1, " "1, " "1, " "1, " "1, " "1, " "1, " "1, " "1, " "1, " "1, " "1, " "1, " "1, " "1, " "1, " "1, " "1, " "1, " "1, " "1, " "1, " "1, " "1, " "1, " "1, " "1, " "1, " "1, " "1, " "1, " "1, " "1, " "1, " "1, " "1, " "1, " "1, " "1, " "1, " "1, " "1, " "1, " "1, " "1, " "1, " "1, " "1, " "1, " "1, " "1, " "1, " "1, " "1, " "1, " "1, " "1, " "1, " "1, " "1, " "1, " "1, " "1, " "1, " "1, " "1, " "1, " "1, " "1, " "1, " "1, " "1, " "1, " "1, " "1, " "1, " "1, " "1, " "1, " "1, " "1, " "1, " "1, " "1, " "1, " "1, " "1, " "1, " "1, " "1, " "1, " "1, " "1, " "1, " "1, " "1, " "1, " "1, " "1, " "1, " "1, " "1, " "1, " "1, " "1, " "1, " "1, " "1, " "1, " "1, " "1, " "1, " "1, " "1, " "1, " "1, " "1, " "1, " "1, " "1, " "1, " "1, " "1, " "1, " "1, " "1, " "1, " "1, " "1, " "1, " "1, " "1, " "1, " "1, " "1, " "1, " "1, " "1, " "1, " "1, " "1, " "1, " "1, " "1, " "1, " "1, " "1, " "1, " "1, " "1, " "1, " "1, " "1, " "1, " "1, " "0, " "1, " "1, " "1, " "1, " "1, " "1, " "1, " "1, " "1, " "1, " "1, " "1, " "1, " "1, " "1, " "1, " "1, " "1, " "1, " "1, " "1, " "1, " "1, " "1, " "1, " "1, " "1, " "1, " "1, " "1, " "1, " "1, " "1, " "1, " "1, " "1, " "1, " "1, " "1, " "1, " "1, " "1, " "1, " "1, " "1, " "1, " "1, " "1, " "1, " "1, " "1, " "1, " "1, " "1, " "1, " "1, " "1, " "1, " "1, " "1, " "1, " "1, " "1, " "1, " "1, " "1, " "1, " "1, " "1, " "1, " "1, " "1, " "1, " "1, " "1, " "1, " "1, " "1, " "1, " "1, " "1, " "1, " "1, " "1, " "1, " "1, " "1, " "1, " "1, " "1, " "1, " "1, "5000
 "Nei165, 0.219, " "0.89, " "1, " "1, " "1, " "1, " "1, " "1, " "1, " "1, " "1, " "1, " "1, " "1, " "1, " "1, " "1, " "1, " "1, " "1, " "1, " "1, " "1, " "1, " "1, " "1, " "1, " "1, " "1, " "1, " "1, " "1, " "1, " "1, " "1, " "1, " "1, " "1, " "1, " "1, " "1, " "1, " "1, " "1, " "1, " "1, " "1, " "1, " "1, " "1, " "1, " "1, " "1, " "1, " "1, " "1, " "1, " "1, " "1, " "1, " "1, " "1, " "1, " "1, " "1, " "1, " "1, " "1, " "1, " "1, " "1, " "1, " "1, " "1, " "1, " "1, " "1, " "1, " "1, " "1, " "1, " "1, " "1, " "1, " "1, " "1, " "1, " "1, " "1, " "1, " "1, " "1, " "1, " "1, " "1, " "1, " "1, " "1, " "1, " "1, " "1, " "1, " "1, " "1, " "1, " "1, " "1, " "1, " "1, " "1, " "1, " "1, " "1, " "1, " "1, " "1, " "1, " "1, " "1, " "1, " "1, " "1, " "1, " "1, " "1, " "1, " "1, " "1, " "1, " "1, " "1, " "1, " "1, " "1, " "1, " "1, " "1, " "1, " "1, " "1, " "1, " "1, " "1, " "1, " "1, " "1, " "1, " "1, " "1, " "1, " "1, " "1, " "1, " "1, " "1, " "1, " "1, " "1, " "1, " "1, " "1, " "1, " "1, " "1, " "1, " "1, " "1, " "0, " "1, " "1, " "1, " "1, " "1, " "1, " "1, " "1, " "1, " "1, " "1, " "1, " "1, " "1, " "1, " "1, " "1, " "1, " "1, " "1, " "1, " "1, " "1, " "1, " "1, " "1, " "1, " "1, " "1, " "1, " "1, " "1, " "1, " "1, " "1, " "1, " "1, " "1, " "1, " "1, " "1, " "1, " "1, " "1, " "1, " "1, " "1, " "1, " "1, " "1, " "1, " "1, " "1, " "1, " "1, " "1, " "1, " "1, " "1, " "1, " "1, " "1, " "1, " "1, " "1, " "1, " "1, " "1, " "1, " "1, " "1, " "1, " "1, " "1, " "1, " "1, " "1, " "1, " "1, " "1, " "1, " "1, " "1, " "1, " "1, " "1, " "1, " "1, " "1, " "1, " "1, "5000
 "Nei166, 0.121, " "0.89, " "1, " "1, " "1, " "1, " "1, " "1, " "1, " "1, " "1, " "1, " "1, " "1, " "1, " "1, " "1, " "1, " "1, " "1, " "1, " "1, " "1, " "1, " "1, " "1, " "1, " "1, " "1, " "1, " "1, " "1, " "1, " "1, " "1, " "1, " "1, " "1, " "1, " "1, " "1, " "1, " "1, " "1, " "1, " "1, " "1, " "1, " "1, " "1, " "1, " "1, " "1, " "1, " "1, " "1, " "1, " "1, " "1, " "1, " "1, " "1, " "1, " "1, " "1, " "1, " "1, " "1, " "1, " "1, " "1, " "1, " "1, " "1, " "1, " "1, " "1, " "1, " "1, " "1, " "1, " "1, " "1, " "1, " "1, " "1, " "1, " "1, " "1, " "1, " "1, " "1, " "1, " "1, " "1, " "1, " "1, " "1, " "1, " "1, " "1, " "1, " "1, " "1, " "1, " "1, " "1, " "1, " "1, " "1, " "1, " "1, " "1, " "1, " "1, " "1, " "1, " "1, " "1, " "1, " "1, " "1, " "1, " "1, " "1, " "1, " "1, " "1, " "1, " "1, " "1, " "1, " "1, " "1, " "1, " "1, " "1, " "1, " "1, " "1, " "1, " "1, " "1, " "1, " "1, " "1, " "1, " "1, " "1, " "1, " "1, " "1, " "1, " "1, " "1, " "1, " "1, " "1, " "1, " "1, " "1, " "1, " "1, " "1, " "1, " "1, " "1, " "1, " "0, " "1, " "1, " "1, " "1, " "1, " "1, " "1, " "1, " "1, " "1, " "1, " "1, " "1, " "1, " "1, " "1, " "1, " "1, " "1, " "1, " "1, " "1, " "1, " "1, " "1, " "1, " "1, " "1, " "1, " "1, " "1, " "1, " "1, " "1, " "1, " "1, " "1, " "1, " "1, " "1, " "1, " "1, " "1, " "1, " "1, " "1, " "1, " "1, " "1, " "1, " "1, " "1, " "1, " "1, " "1, " "1, " "1, " "1, " "1, " "1, " "1, " "1, " "1, " "1, " "1, " "1, " "1, " "1, " "1, " "1, " "1, " "1, " "1, " "1, " "1, " "1, " "1, " "1, " "1, " "1, " "1, " "1, " "1, " "1, " "1, " "1, " "1, " "1, " "1, " "1, "5000
 "Nei167, 0.345, " "0.885, " "1, " "1, " "1, " "1, " "1, " "1, " "1, " "1, " "1, " "1, " "1, " "1, " "1, " "1, " "1, " "1, " "1, " "1, " "1, " "1, " "1, " "1, " "1, " "1, " "1, " "1, " "1, " "1, " "1, " "1, " "1, " "1, " "1, " "1, " "1, " "1, " "1, " "1, " "1, " "1, " "1, " "1, " "1, " "1, " "1, " "1, " "1, " "1, " "1, " "1, " "1, " "1, " "1, " "1, " "1, " "1, " "1, " "1, " "1, " "1, " "1, " "1, " "1, " "1, " "1, " "1, " "1, " "1, " "1, " "1, " "1, " "1, " "1, " "1, " "1, " "1, " "1, " "1, " "1, " "1, " "1, " "1, " "1, " "1, " "1, " "1, " "1, " "1, " "1, " "1, " "1, " "1, " "1, " "1, " "1, " "1, " "1, " "1, " "1, " "1, " "1, " "1, " "1, " "1, " "1, " "1, " "1, " "1, " "1, " "1, " "1, " "1, " "1, " "1, " "1, " "1, " "1, " "1, " "1, " "1, " "1, " "1, " "1, " "1, " "1, " "1, " "1, " "1, " "1, " "1, " "1, " "1, " "1, " "1, " "1, " "1, " "1, " "1, " "1, " "1, " "1, " "1, " "1, " "1, " "1, " "1, " "1, " "1, " "1, " "1, " "1, " "1, " "1, " "1, " "1, " "1, " "1, " "1, " "1, " "1, " "1, " "1, " "1, " "1, " "1, " "1, " "1, " "0, " "1, " "1, " "1, " "1, " "1, " "1, " "1, " "1, " "1, " "1, " "1, " "1, " "1, " "1, " "1, " "1, " "1, " "1, " "1, " "1, " "1, " "1, " "1, " "1, " "1, " "1, " "1, " "1, " "1, " "1, " "1, " "1, " "1, " "1, " "1, " "1, " "1, " "1, " "1, " "1, " "1, " "1, " "1, " "1, " "1, " "1, " "1, " "1, " "1, " "1, " "1, " "1, " "1, " "1, " "1, " "1, " "1, " "1, " "1, " "1, " "1, " "1, " "1, " "1, " "1, " "1, " "1, " "1, " "1, " "1, " "1, " "1, " "1, " "1, " "1, " "1, " "1, " "1, " "1, " "1, " "1, " "1, " "1, " "1, " "1, " "1, " "1, " "1, " "1, "5000
 "Nei168, 0.38, " "0.885, " "1, " "1, " "1, " "1, " "1, " "1, " "1, " "1, " "1, " "1, " "1, " "1, " "1, " "1, " "1, " "1, " "1, " "1, " "1, " "1, " "1, " "1, " "1, " "1, " "1, " "1, " "1, " "1, " "1, " "1, " "1, " "1, " "1, " "1, " "1, " "1, " "1, " "1, " "1, " "1, " "1, " "1, " "1, " "1, " "1, " "1, " "1, " "1, " "1, " "1, " "1, " "1, " "1, " "1, " "1, " "1, " "1, " "1, " "1, " "1, " "1, " "1, " "1, " "1, " "1, " "1, " "1, " "1, " "1, " "1, " "1, " "1, " "1, " "1, " "1, " "1, " "1, " "1, " "1, " "1, " "1, " "1, " "1, " "1, " "1, " "1, " "1, " "1, " "1, " "1, " "1, " "1, " "1, " "1, " "1, " "1, " "1, " "1, " "1, " "1, " "1, " "1, " "1, " "1, " "1, " "1, " "1, " "1, " "1, " "1, " "1, " "1, " "1, " "1, " "1, " "1, " "1, " "1, " "1, " "1, " "1, " "1, " "1, " "1, " "1, " "1, " "1, " "1, " "1, " "1, " "1, " "1, " "1, " "1, " "1, " "1, " "1, " "1, " "1, " "1, " "1, " "1, " "1, " "1, " "1, " "1, " "1, " "1, " "1, " "1, " "1, " "1, " "1, " "1, " "1, " "1, " "1, " "1, " "1, " "1, " "1, " "1, " "1, " "1, " "1, " "1, " "1, " "1, " "0, " "1, " "1, " "1, " "1, " "1, " "1, " "1, " "1, " "1, " "1, " "1, " "1, " "1, " "1, " "1, " "1, " "1, " "1, " "1, " "1, " "1, " "1, " "1, " "1, " "1, " "1, " "1, " "1, " "1, " "1, " "1, " "1, " "1, " "1, " "1, " "1, " "1, " "1, " "1, " "1, " "1, " "1, " "1, " "1, " "1, " "1, " "1, " "1, " "1, " "1, " "1, " "1, " "1, " "1, " "1, " "1, " "1, " "1, " "1, " "1, " "1, " "1, " "1, " "1, " "1, " "1, " "1, " "1, " "1, " "1, " "1, " "1, " "1, " "1, " "1, " "1, " "1, " "1, " "1, " "1, " "1, " "1, " "1, " "1, " "1, " "1, " "1, " "1, "5000
 "Nei169, 0.221, " "0.89, " "1, " "1, " "1, " "1, " "1, " "1, " "1, " "1, " "1, " "1, " "1, " "1, " "1, " "1, " "1, " "1, " "1, " "1, " "1, " "1, " "1, " "1, " "1, " "1, " "1, " "1, " "1, " "1, " "1, " "1, " "1, " "1, " "1, " "1, " "1, " "1, " "1, " "1, " "1, " "1, " "1, " "1, " "1, " "1, " "1, " "1, " "1, " "1, " "1, " "1, " "1, " "1, " "1, " "1, " "1, " "1, " "1, " "1, " "1, " "1, " "1, " "1, " "1, " "1, " "1, " "1, " "1, " "1, " "1, " "1, " "1, " "1, " "1, " "1, " "1, " "1, " "1, " "1, " "1, " "1, " "1, " "1, " "1, " "1, " "1, " "1, " "1, " "1, " "1, " "1, " "1, " "1, " "1, " "1, " "1, " "1, " "1, " "1, " "1, " "1, " "1, " "1, " "1, " "1, " "1, " "1, " "1, " "1, " "1, " "1, " "1, " "1, " "1, " "1, " "1, " "1, " "1, " "1, " "1, " "1, " "1, " "1, " "1, " "1, " "1, " "1, " "1, " "1, " "1, " "1, " "1, " "1, " "1, " "1, " "1, " "1, " "1, " "1, " "1, " "1, " "1, " "1, " "1, " "1, " "1, " "1, " "1, " "1, " "1, " "1, " "1, " "1, " "1, " "1, " "1, " "1, " "1, " "1, " "1, " "1, " "1, " "1, " "1, " "1, " "1, " "1, " "1, " "1, " "1, " "0, " "1, " "1, " "1, " "1, " "1, " "1, " "1, " "1, " "1, " "1, " "1, " "1, " "1, " "1, " "1, " "1, " "1, " "1, " "1, " "1, " "1, " "1, " "1, " "1, " "1, " "1, " "1, " "1, " "1, " "1, " "1, " "1, " "1, " "1, " "1, " "1, " "1, " "1, " "1, " "1, " "1, " "1, " "1, " "1, " "1, " "1, " "1, " "1, " "1, " "1, " "1, " "1, " "1, " "1, " "1, " "1, " "1, " "1, " "1, " "1, " "1, " "1, " "1, " "1, " "1, " "1, " "1, " "1, " "1, " "1, " "1, " "1, " "1, " "1, " "1, " "1, " "1, " "1, " "1, " "1, " "1, " "1, " "1, " "1, " "1, " "1, " "1, "5000
 "Nei170, 0.241, " "0.89, " "1, " "1, " "1, " "1, " "1, " "1, " "1, " "1, " "1, " "1, " "1, " "1, " "1, " "1, " "1, " "1, " "1, " "1, " "1, " "1, " "1, " "1, " "1, " "1, " "1, " "1, " "1, " "1, " "1, " "1, " "1, " "1, " "1, " "1, " "1, " "1, " "1, " "1, " "1, " "1, " "1, " "1, " "1, " "1, " "1, " "1, " "1, " "1, " "1, " "1, " "1, " "1, " "1, " "1, " "1, " "1, " "1, " "1, " "1, " "1, " "1, " "1, " "1, " "1, " "1, " "1, " "1, " "1, " "1, " "1, " "1, " "1, " "1, " "1, " "1, " "1, " "1, " "1, " "1, " "1, " "1, " "1, " "1, " "1, " "1, " "1, " "1, " "1, " "1, " "1, " "1, " "1, " "1, " "1, " "1, " "1, " "1, " "1, " "1, " "1, " "1, " "1, " "1, " "1, " "1, " "1, " "1, " "1, " "1, " "1, " "1, " "1, " "1, " "1, " "1, " "1, " "1, " "1, " "1, " "1, " "1, " "1, " "1, " "1, " "1, " "1, " "1, " "1, " "1, " "1, " "1, " "1, " "1, " "1, " "1, " "1, " "1, " "1, " "1, " "1, " "1, " "1, " "1, " "1, " "1, " "1, " "1, " "1, " "1, " "1, " "1, " "1, " "1, " "1, " "1, " "1, " "1, " "1, " "1, " "1, " "1, " "1, " "1, " "1, " "1, " "1, " "1, " "1, " "1, " "1, " "0, " "1, " "1, " "1, " "1, " "1, " "1, " "1, " "1, " "1, " "1, " "1, " "1, " "1, " "1, " "1, " "1, " "1, " "1, " "1, " "1, " "1, " "1, " "1, " "1, " "1, " "1, " "1, " "1, " "1, " "1, " "1, " "1, " "1, " "1, " "1, " "1, " "1, " "1, " "1, " "1, " "1, " "1, " "1, " "1, " "1, " "1, " "1, " "1, " "1, " "1, " "1, " "1, " "1, " "1, " "1, " "1, " "1, " "1, " "1, " "1, " "1, " "1, " "1, " "1, " "1, " "1, " "1, " "1, " "1, " "1, " "1, " "1, " "1, " "1, " "1, " "1, " "1, " "1, " "1, " "1, " "1, " "1, " "1, " "1, " "1, " "1, "5000
 "Nei171, 0.219, " "0.89, " "1, " "1, " "1, " "1, " "1, " "1, " "1, " "1, " "1, " "1, " "1, " "1, " "1, " "1, " "1, " "1, " "1, " "1, " "1, " "1, " "1, " "1, " "1, " "1, " "1, " "1, " "1, " "1, " "1, " "1, " "1, " "1, " "1, " "1, " "1, " "1, " "1, " "1, " "1, " "1, " "1, " "1, " "1, " "1, " "1, " "1, " "1, " "1, " "1, " "1, " "1, " "1, " "1, " "1, " "1, " "1, " "1, " "1, " "1, " "1, " "1, " "1, " "1, " "1, " "1, " "1, " "1, " "1, " "1, " "1, " "1, " "1, " "1, " "1, " "1, " "1, " "1, " "1, " "1, " "1, " "1, " "1, " "1, " "1, " "1, " "1, " "1, " "1, " "1, " "1, " "1, " "1, " "1, " "1, " "1, " "1, " "1, " "1, " "1, " "1, " "1, " "1, " "1, " "1, " "1, " "1, " "1, " "1, " "1, " "1, " "1, " "1, " "1, " "1, " "1, " "1, " "1, " "1, " "1, " "1, " "1, " "1, " "1, " "1, " "1, " "1, " "1, " "1, " "1, " "1, " "1, " "1, " "1, " "1, " "1, " "1, " "1, " "1, " "1, " "1, " "1, " "1, " "1, " "1, " "1, " "1, " "1, " "1, " "1, " "1, " "1, " "1, " "1, " "1, " "1, " "1, " "1, " "1, " "1, " "1, " "1, " "1, " "1, " "1, " "1, " "1, " "1, " "1, " "1, " "1, " "1, " "0, " "1, " "1, " "1, " "1, " "1, " "1, " "1, " "1, " "1, " "1, " "1, " "1, " "1, " "1, " "1, " "1, " "1, " "1, " "1, " "1, " "1, " "1, " "1, " "1, " "1, " "1, " "1, " "1, " "1, " "1, " "1, " "1, " "1, " "1, " "1, " "1, " "1, " "1, " "1, " "1, " "1, " "1, " "1, " "1, " "1, " "1, " "1, " "1, " "1, " "1, " "1, " "1, " "1, " "1, " "1, " "1, " "1, " "1, " "1, " "1, " "1, " "1, " "1, " "1, " "1, " "1, " "1, " "1, " "1, " "1, " "1, " "1, " "1, " "1, " "1, " "1, " "1, " "1, " "1, " "1, " "1, " "1, " "1, " "1, " "1, "5000
 "Nei172, 0.168, " "0.89, " "1, " "1, " "1, " "1, " "1, " "1, " "1, " "1, " "1, " "1, " "1, " "1, " "1, " "1, " "1, " "1, " "1, " "1, " "1, " "1, " "1, " "1, " "1, " "1, " "1, " "1, " "1, " "1, " "1, " "1, " "1, " "1, " "1, " "1, " "1, " "1, " "1, " "1, " "1, " "1, " "1, " "1, " "1, " "1, " "1, " "1, " "1, " "1, " "1, " "1, " "1, " "1, " "1, " "1, " "1, " "1, " "1, " "1, " "1, " "1, " "1, " "1, " "1, " "1, " "1, " "1, " "1, " "1, " "1, " "1, " "1, " "1, " "1, " "1, " "1, " "1, " "1, " "1, " "1, " "1, " "1, " "1, " "1, " "1, " "1, " "1, " "1, " "1, " "1, " "1, " "1, " "1, " "1, " "1, " "1, " "1, " "1, " "1, " "1, " "1, " "1, " "1, " "1, " "1, " "1, " "1, " "1, " "1, " "1, " "1, " "1, " "1, " "1, " "1, " "1, " "1, " "1, " "1, " "1, " "1, " "1, " "1, " "1, " "1, " "1, " "1, " "1, " "1, " "1, " "1, " "1, " "1, " "1, " "1, " "1, " "1, " "1, " "1, " "1, " "1, " "1, " "1, " "1, " "1, " "1, " "1, " "1, " "1, " "1, " "1, " "1, " "1, " "1, " "1, " "1, " "1, " "1, " "1, " "1, " "1, " "1, " "1, " "1, " "1, " "1, " "1, " "1, " "1, " "1, " "1, " "1, " "1, " "0, " "1, " "1, " "1, " "1, " "1, " "1, " "1, " "1, " "1, " "1, " "1, " "1, " "1, " "1, " "1, " "1, " "1, " "1, " "1, " "1, " "1, " "1, " "1, " "1, " "1, " "1, " "1, " "1, " "1, " "1, " "1, " "1, " "1, " "1, " "1, " "1, " "1, " "1, " "1, " "1, " "1, " "1, " "1, " "1, " "1, " "1, " "1, " "1, " "1, " "1, " "1, " "1, " "1, " "1, " "1, " "1, " "1, " "1, " "1, " "1, " "1, " "1, " "1, " "1, " "1, " "1, " "1, " "1, " "1, " "1, " "1, " "1, " "1, " "1, " "1, " "1, " "1, " "1, " "1, " "1, " "1, " "1, " "1, " "1, "5000
 "Nei173, 0.356, " "0.887, " "1, " "1, " "1, " "1, " "1, " "1, " "1, " "1, " "1, " "1, " "1, " "1, " "1, " "1, " "1, " "1, " "1, " "1, " "1, " "1, " "1, " "1, " "1, " "1, " "1, " "1, " "1, " "1, " "1, " "1, " "1, " "1, " "1, " "1, " "1, " "1, " "1, " "1, " "1, " "1, " "1, " "1, " "1, " "1, " "1, " "1, " "1, " "1, " "1, " "1, " "1, " "1, " "1, " "1, " "1, " "1, " "1, " "1, " "1, " "1, " "1, " "1, " "1, " "1, " "1, " "1, " "1, " "1, " "1, " "1, " "1, " "1, " "1, " "1, " "1, " "1, " "1, " "1, " "1, " "1, " "1, " "1, " "1, " "1, " "1, " "1, " "1, " "1, " "1, " "1, " "1, " "1, " "1, " "1, " "1, " "1, " "1, " "1, " "1, " "1, " "1, " "1, " "1, " "1, " "1, " "1, " "1, " "1, " "1, " "1, " "1, " "1, " "1, " "1, " "1, " "1, " "1, " "1, " "1, " "1, " "1, " "1, " "1, " "1, " "1, " "1, " "1, " "1, " "1, " "1, " "1, " "1, " "1, " "1, " "1, " "1, " "1, " "1, " "1, " "1, " "1, " "1, " "1, " "1, " "1, " "1, " "1, " "1, " "1, " "1, " "1, " "1, " "1, " "1, " "1, " "1, " "1, " "1, " "1, " "1, " "1, " "1, " "1, " "1, " "1, " "1, " "1, " "1, " "1, " "1, " "1, " "1, " "1, " "0, " "1, " "1, " "1, " "1, " "1, " "1, " "1, " "1, " "1, " "1, " "1, " "1, " "1, " "1, " "1, " "1, " "1, " "1, " "1, " "1, " "1, " "1, " "1, " "1, " "1, " "1, " "1, " "1, " "1, " "1, " "1, " "1, " "1, " "1, " "1, " "1, " "1, " "1, " "1, " "1, " "1, " "1, " "1, " "1, " "1, " "1, " "1, " "1, " "1, " "1, " "1, " "1, " "1, " "1, " "1, " "1, " "1, " "1, " "1, " "1, " "1, " "1, " "1, " "1, " "1, " "1, " "1, " "1, " "1, " "1, " "1, " "1, " "1, " "1, " "1, " "1, " "1, " "1, " "1, " "1, " "1, " "1, " "1, "5000
 "Nei174, 0.365, " "0.886, " "1, " "1, " "1, " "1, " "1, " "1, " "1, " "1, " "1, " "1, " "1, " "1, " "1, " "1, " "1, " "1, " "1, " "1, " "1, " "1, " "1, " "1, " "1, " "1, " "1, " "1, " "1, " "1, " "1, " "1, " "1, " "1, " "1, " "1, " "1, " "1, " "1, " "1, " "1, " "1, " "1, " "1, " "1, " "1, " "1, " "1, " "1, " "1, " "1, " "1, " "1, " "1, " "1, " "1, " "1, " "1, " "1, " "1, " "1, " "1, " "1, " "1, " "1, " "1, " "1, " "1, " "1, " "1, " "1, " "1, " "1, " "1, " "1, " "1, " "1, " "1, " "1, " "1, " "1, " "1, " "1, " "1, " "1, " "1, " "1, " "1, " "1, " "1, " "1, " "1, " "1, " "1, " "1, " "1, " "1, " "1, " "1, " "1, " "1, " "1, " "1, " "1, " "1, " "1, " "1, " "1, " "1, " "1, " "1, " "1, " "1, " "1, " "1, " "1, " "1, " "1, " "1, " "1, " "1, " "1, " "1, " "1, " "1, " "1, " "1, " "1, " "1, " "1, " "1, " "1, " "1, " "1, " "1, " "1, " "1, " "1, " "1, " "1, " "1, " "1, " "1, " "1, " "1, " "1, " "1, " "1, " "1, " "1, " "1, " "1, " "1, " "1, " "1, " "1, " "1, " "1, " "1, " "1, " "1, " "1, " "1, " "1, " "1, " "1, " "1, " "1, " "1, " "1, " "1, " "1, " "1, " "1, " "1, " "1, " "0, " "1, " "1, " "1, " "1, " "1, " "1, " "1, " "1, " "1, " "1, " "1, " "1, " "1, " "1, " "1, " "1, " "1, " "1, " "1, " "1, " "1, " "1, " "1, " "1, " "1, " "1, " "1, " "1, " "1, " "1, " "1, " "1, " "1, " "1, " "1, " "1, " "1, " "1, " "1, " "1, " "1, " "1, " "1, " "1, " "1, " "1, " "1, " "1, " "1, " "1, " "1, " "1, " "1, " "1, " "1, " "1, " "1, " "1, " "1, " "1, " "1, " "1, " "1, " "1, " "1, " "1, " "1, " "1, " "1, " "1, " "1, " "1, " "1, " "1, " "1, " "1, " "1, " "1, " "1, " "1, " "1, " "1, "5000
 "Nei175, 0.056, " "0.89, " "1, " "1, " "1, " "1, " "1, " "1, " "1, " "1, " "1, " "1, " "1, " "1, " "1, " "1, " "1, " "1, " "1, " "1, " "1, " "1, " "1, " "1, " "1, " "1, " "1, " "1, " "1, " "1, " "1, " "1, " "1, " "1, " "1, " "1, " "1, " "1, " "1, " "1, " "1, " "1, " "1, " "1, " "1, " "1, " "1, " "1, " "1, " "1, " "1, " "1, " "1, " "1, " "1, " "1, " "1, " "1, " "1, " "1, " "1, " "1, " "1, " "1, " "1, " "1, " "1, " "1, " "1, " "1, " "1, " "1, " "1, " "1, " "1, " "1, " "1, " "1, " "1, " "1, " "1, " "1, " "1, " "1, " "1, " "1, " "1, " "1, " "1, " "1, " "1, " "1, " "1, " "1, " "1, " "1, " "1, " "1, " "1, " "1, " "1, " "1, " "1, " "1, " "1, " "1, " "1, " "1, " "1, " "1, " "1, " "1, " "1, " "1, " "1, " "1, " "1, " "1, " "1, " "1, " "1, " "1, " "1, " "1, " "1, " "1, " "1, " "1, " "1, " "1, " "1, " "1, " "1, " "1, " "1, " "1, " "1, " "1, " "1, " "1, " "1, " "1, " "1, " "1, " "1, " "1, " "1, " "1, " "1, " "1, " "1, " "1, " "1, " "1, " "1, " "1, " "1, " "1, " "1, " "1, " "1, " "1, " "1, " "1, " "1, " "1, " "1, " "1, " "1, " "1, " "1, " "1, " "1, " "1, " "1, " "1, " "1, " "0, " "1, " "1, " "1, " "1, " "1, " "1, " "1, " "1, " "1, " "1, " "1, " "1, " "1, " "1, " "1, " "1, " "1, " "1, " "1, " "1, " "1, " "1, " "1, " "1, " "1, " "1, " "1, " "1, " "1, " "1, " "1, " "1, " "1, " "1, " "1, " "1, " "1, " "1, " "1, " "1, " "1, " "1, " "1, " "1, " "1, " "1, " "1, " "1, " "1, " "1, " "1, " "1, " "1, " "1, " "1, " "1, " "1, " "1, " "1, " "1, " "1, " "1, " "1, " "1, " "1, " "1, " "1, " "1, " "1, " "1, " "1, " "1, " "1, " "1, " "1, " "1, " "1, " "1, " "1, " "1, " "1, "5000
 "Nei176, 0.088, " "0.89, " "1, " "1, " "1, " "1, " "1, " "1, " "1, " "1, " "1, " "1, " "1, " "1, " "1, " "1, " "1, " "1, " "1, " "1, " "1, " "1, " "1, " "1, " "1, " "1, " "1, " "1, " "1, " "1, " "1, " "1, " "1, " "1, " "1, " "1, " "1, " "1, " "1, " "1, " "1, " "1, " "1, " "1, " "1, " "1, " "1, " "1, " "1, " "1, " "1, " "1, " "1, " "1, " "1, " "1, " "1, " "1, " "1, " "1, " "1, " "1, " "1, " "1, " "1, " "1, " "1, " "1, " "1, " "1, " "1, " "1, " "1, " "1, " "1, " "1, " "1, " "1, " "1, " "1, " "1, " "1, " "1, " "1, " "1, " "1, " "1, " "1, " "1, " "1, " "1, " "1, " "1, " "1, " "1, " "1, " "1, " "1, " "1, " "1, " "1, " "1, " "1, " "1, " "1, " "1, " "1, " "1, " "1, " "1, " "1, " "1, " "1, " "1, " "1, " "1, " "1, " "1, " "1, " "1, " "1, " "1, " "1, " "1, " "1, " "1, " "1, " "1, " "1, " "1, " "1, " "1, " "1, " "1, " "1, " "1, " "1, " "1, " "1, " "1, " "1, " "1, " "1, " "1, " "1, " "1, " "1, " "1, " "1, " "1, " "1, " "1, " "1, " "1, " "1, " "1, " "1, " "1, " "1, " "1, " "1, " "1, " "1, " "1, " "1, " "1, " "1, " "1, " "1, " "1, " "1, " "1, " "1, " "1, " "1, " "1, " "1, " "1, " "0, " "1, " "1, " "1, " "1, " "1, " "1, " "1, " "1, " "1, " "1, " "1, " "1, " "1, " "1, " "1, " "1, " "1, " "1, " "1, " "1, " "1, " "1, " "1, " "1, " "1, " "1, " "1, " "1, " "1, " "1, " "1, " "1, " "1, " "1, " "1, " "1, " "1, " "1, " "1, " "1, " "1, " "1, " "1, " "1, " "1, " "1, " "1, " "1, " "1, " "1, " "1, " "1, " "1, " "1, " "1, " "1, " "1, " "1, " "1, " "1, " "1, " "1, " "1, " "1, " "1, " "1, " "1, " "1, " "1, " "1, " "1, " "1, " "1, " "1, " "1, " "1, " "1, " "1, " "1, " "1, "5000
 "Nei177, 0.347, " "0.886, " "1, " "1, " "1, " "1, " "1, " "1, " "1, " "1, " "1, " "1, " "1, " "1, " "1, " "1, " "1, " "1, " "1, " "1, " "1, " "1, " "1, " "1, " "1, " "1, " "1, " "1, " "1, " "1, " "1, " "1, " "1, " "1, " "1, " "1, " "1, " "1, " "1, " "1, " "1, " "1, " "1, " "1, " "1, " "1, " "1, " "1, " "1, " "1, " "1, " "1, " "1, " "1, " "1, " "1, " "1, " "1, " "1, " "1, " "1, " "1, " "1, " "1, " "1, " "1, " "1, " "1, " "1, " "1, " "1, " "1, " "1, " "1, " "1, " "1, " "1, " "1, " "1, " "1, " "1, " "1, " "1, " "1, " "1, " "1, " "1, " "1, " "1, " "1, " "1, " "1, " "1, " "1, " "1, " "1, " "1, " "1, " "1, " "1, " "1, " "1, " "1, " "1, " "1, " "1, " "1, " "1, " "1, " "1, " "1, " "1, " "1, " "1, " "1, " "1, " "1, " "1, " "1, " "1, " "1, " "1, " "1, " "1, " "1, " "1, " "1, " "1, " "1, " "1, " "1, " "1, " "1, " "1, " "1, " "1, " "1, " "1, " "1, " "1, " "1, " "1, " "1, " "1, " "1, " "1, " "1, " "1, " "1, " "1, " "1, " "1, " "1, " "1, " "1, " "1, " "1, " "1, " "1, " "1, " "1, " "1, " "1, " "1, " "1, " "1, " "1, " "1, " "1, " "1, " "1, " "1, " "1, " "1, " "1, " "1, " "1, " "1, " "1, " "0, " "1, " "1, " "1, " "1, " "1, " "1, " "1, " "1, " "1, " "1, " "1, " "1, " "1, " "1, " "1, " "1, " "1, " "1, " "1, " "1, " "1, " "1, " "1, " "1, " "1, " "1, " "1, " "1, " "1, " "1, " "1, " "1, " "1, " "1, " "1, " "1, " "1, " "1, " "1, " "1, " "1, " "1, " "1, " "1, " "1, " "1, " "1, " "1, " "1, " "1, " "1, " "1, " "1, " "1, " "1, " "1, " "1, " "1, " "1, " "1, " "1, " "1, " "1, " "1, " "1, " "1, " "1, " "1, " "1, " "1, " "1, " "1, " "1, " "1, " "1, " "1, " "1, " "1, " "1, "5000
 "Nei178, 0.197, " "0.89, " "1, " "1, " "1, " "1, " "1, " "1, " "1, " "1, " "1, " "1, " "1, " "1, " "1, " "1, " "1, " "1, " "1, " "1, " "1, " "1, " "1, " "1, " "1, " "1, " "1, " "1, " "1, " "1, " "1, " "1, " "1, " "1, " "1, " "1, " "1, " "1, " "1, " "1, " "1, " "1, " "1, " "1, " "1, " "1, " "1, " "1, " "1, " "1, " "1, " "1, " "1, " "1, " "1, " "1, " "1, " "1, " "1, " "1, " "1, " "1, " "1, " "1, " "1, " "1, " "1, " "1, " "1, " "1, " "1, " "1, " "1, " "1, " "1, " "1, " "1, " "1, " "1, " "1, " "1, " "1, " "1, " "1, " "1, " "1, " "1, " "1, " "1, " "1, " "1, " "1, " "1, " "1, " "1, " "1, " "1, " "1, " "1, " "1, " "1, " "1, " "1, " "1, " "1, " "1, " "1, " "1, " "1, " "1, " "1, " "1, " "1, " "1, " "1, " "1, " "1, " "1, " "1, " "1, " "1, " "1, " "1, " "1, " "1, " "1, " "1, " "1, " "1, " "1, " "1, " "1, " "1, " "1, " "1, " "1, " "1, " "1, " "1, " "1, " "1, " "1, " "1, " "1, " "1, " "1, " "1, " "1, " "1, " "1, " "1, " "1, " "1, " "1, " "1, " "1, " "1, " "1, " "1, " "1, " "1, " "1, " "1, " "1, " "1, " "1, " "1, " "1, " "1, " "1, " "1, " "1, " "1, " "1, " "1, " "1, " "1, " "1, " "1, " "1, " "0, " "1, " "1, " "1, " "1, " "1, " "1, " "1, " "1, " "1, " "1, " "1, " "1, " "1, " "1, " "1, " "1, " "1, " "1, " "1, " "1, " "1, " "1, " "1, " "1, " "1, " "1, " "1, " "1, " "1, " "1, " "1, " "1, " "1, " "1, " "1, " "1, " "1, " "1, " "1, " "1, " "1, " "1, " "1, " "1, " "1, " "1, " "1, " "1, " "1, " "1, " "1, " "1, " "1, " "1, " "1, " "1, " "1, " "1, " "1, " "1, " "1, " "1, " "1, " "1, " "1, " "1, " "1, " "1, " "1, " "1, " "1, " "1, " "1, " "1, " "1, " "1, " "1, " "1, "5000
 "Nei179, 0.122, " "0.89, " "1, " "1, " "1, " "1, " "1, " "1, " "1, " "1, " "1, " "1, " "1, " "1, " "1, " "1, " "1, " "1, " "1, " "1, " "1, " "1, " "1, " "1, " "1, " "1, " "1, " "1, " "1, " "1, " "1, " "1, " "1, " "1, " "1, " "1, " "1, " "1, " "1, " "1, " "1, " "1, " "1, " "1, " "1, " "1, " "1, " "1, " "1, " "1, " "1, " "1, " "1, " "1, " "1, " "1, " "1, " "1, " "1, " "1, " "1, " "1, " "1, " "1, " "1, " "1, " "1, " "1, " "1, " "1, " "1, " "1, " "1, " "1, " "1, " "1, " "1, " "1, " "1, " "1, " "1, " "1, " "1, " "1, " "1, " "1, " "1, " "1, " "1, " "1, " "1, " "1, " "1, " "1, " "1, " "1, " "1, " "1, " "1, " "1, " "1, " "1, " "1, " "1, " "1, " "1, " "1, " "1, " "1, " "1, " "1, " "1, " "1, " "1, " "1, " "1, " "1, " "1, " "1, " "1, " "1, " "1, " "1, " "1, " "1, " "1, " "1, " "1, " "1, " "1, " "1, " "1, " "1, " "1, " "1, " "1, " "1, " "1, " "1, " "1, " "1, " "1, " "1, " "1, " "1, " "1, " "1, " "1, " "1, " "1, " "1, " "1, " "1, " "1, " "1, " "1, " "1, " "1, " "1, " "1, " "1, " "1, " "1, " "1, " "1, " "1, " "1, " "1, " "1, " "1, " "1, " "1, " "1, " "1, " "1, " "1, " "1, " "1, " "1, " "1, " "1, " "0, " "1, " "1, " "1, " "1, " "1, " "1, " "1, " "1, " "1, " "1, " "1, " "1, " "1, " "1, " "1, " "1, " "1, " "1, " "1, " "1, " "1, " "1, " "1, " "1, " "1, " "1, " "1, " "1, " "1, " "1, " "1, " "1, " "1, " "1, " "1, " "1, " "1, " "1, " "1, " "1, " "1, " "1, " "1, " "1, " "1, " "1, " "1, " "1, " "1, " "1, " "1, " "1, " "1, " "1, " "1, " "1, " "1, " "1, " "1, " "1, " "1, " "1, " "1, " "1, " "1, " "1, " "1, " "1, " "1, " "1, " "1, " "1, " "1, " "1, " "1, " "1, " "1, "5000
 "Nei180, 0.372, " "0.885, " "1, " "1, " "1, " "1, " "1, " "1, " "1, " "1, " "1, " "1, " "1, " "1, " "1, " "1, " "1, " "1, " "1, " "1, " "1, " "1, " "1, " "1, " "1, " "1, " "1, " "1, " "1, " "1, " "1, " "1, " "1, " "1, " "1, " "1, " "1, " "1, " "1, " "1, " "1, " "1, " "1, " "1, " "1, " "1, " "1, " "1, " "1, " "1, " "1, " "1, " "1, " "1, " "1, " "1, " "1, " "1, " "1, " "1, " "1, " "1, " "1, " "1, " "1, " "1, " "1, " "1, " "1, " "1, " "1, " "1, " "1, " "1, " "1, " "1, " "1, " "1, " "1, " "1, " "1, " "1, " "1, " "1, " "1, " "1, " "1, " "1, " "1, " "1, " "1, " "1, " "1, " "1, " "1, " "1, " "1, " "1, " "1, " "1, " "1, " "1, " "1, " "1, " "1, " "1, " "1, " "1, " "1, " "1, " "1, " "1, " "1, " "1, " "1, " "1, " "1, " "1, " "1, " "1, " "1, " "1, " "1, " "1, " "1, " "1, " "1, " "1, " "1, " "1, " "1, " "1, " "1, " "1, " "1, " "1, " "1, " "1, " "1, " "1, " "1, " "1, " "1, " "1, " "1, " "1, " "1, " "1, " "1, " "1, " "1, " "1, " "1, " "1, " "1, " "1, " "1, " "1, " "1, " "1, " "1, " "1, " "1, " "1, " "1, " "1, " "1, " "1, " "1, " "1, " "1, " "1, " "1, " "1, " "1, " "1, " "1, " "1, " "1, " "1, " "1, " "1, " "0, " "1, " "1, " "1, " "1, " "1, " "1, " "1, " "1, " "1, " "1, " "1, " "1, " "1, " "1, " "1, " "1, " "1, " "1, " "1, " "1, " "1, " "1, " "1, " "1, " "1, " "1, " "1, " "1, " "1, " "1, " "1, " "1, " "1, " "1, " "1, " "1, " "1, " "1, " "1, " "1, " "1, " "1, " "1, " "1, " "1, " "1, " "1, " "1, " "1, " "1, " "1, " "1, " "1, " "1, " "1, " "1, " "1, " "1, " "1, " "1, " "1, " "1, " "1, " "1, " "1, " "1, " "1, " "1, " "1, " "1, " "1, " "1, " "1, " "1, " "1, " "1, "5000
 "Nei181, 0.267, " "0.89, " "1, " "1, " "1, " "1, " "1, " "1, " "1, " "1, " "1, " "1, " "1, " "1, " "1, " "1, " "1, " "1, " "1, " "1, " "1, " "1, " "1, " "1, " "1, " "1, " "1, " "1, " "1, " "1, " "1, " "1, " "1, " "1, " "1, " "1, " "1, " "1, " "1, " "1, " "1, " "1, " "1, " "1, " "1, " "1, " "1, " "1, " "1, " "1, " "1, " "1, " "1, " "1, " "1, " "1, " "1, " "1, " "1, " "1, " "1, " "1, " "1, " "1, " "1, " "1, " "1, " "1, " "1, " "1, " "1, " "1, " "1, " "1, " "1, " "1, " "1, " "1, " "1, " "1, " "1, " "1, " "1, " "1, " "1, " "1, " "1, " "1, " "1, " "1, " "1, " "1, " "1, " "1, " "1, " "1, " "1, " "1, " "1, " "1, " "1, " "1, " "1, " "1, " "1, " "1, " "1, " "1, " "1, " "1, " "1, " "1, " "1, " "1, " "1, " "1, " "1, " "1, " "1, " "1, " "1, " "1, " "1, " "1, " "1, " "1, " "1, " "1, " "1, " "1, " "1, " "1, " "1, " "1, " "1, " "1, " "1, " "1, " "1, " "1, " "1, " "1, " "1, " "1, " "1, " "1, " "1, " "1, " "1, " "1, " "1, " "1, " "1, " "1, " "1, " "1, " "1, " "1, " "1, " "1, " "1, " "1, " "1, " "1, " "1, " "1, " "1, " "1, " "1, " "1, " "1, " "1, " "1, " "1, " "1, " "1, " "1, " "1, " "1, " "1, " "1, " "1, " "1, " "0, " "1, " "1, " "1, " "1, " "1, " "1, " "1, " "1, " "1, " "1, " "1, " "1, " "1, " "1, " "1, " "1, " "1, " "1, " "1, " "1, " "1, " "1, " "1, " "1, " "1, " "1, " "1, " "1, " "1, " "1, " "1, " "1, " "1, " "1, " "1, " "1, " "1, " "1, " "1, " "1, " "1, " "1, " "1, " "1, " "1, " "1, " "1, " "1, " "1, " "1, " "1, " "1, " "1, " "1, " "1, " "1, " "1, " "1, " "1, " "1, " "1, " "1, " "1, " "1, " "1, " "1, " "1, " "1, " "1, " "1, " "1, " "1, " "1, " "1, " "1, "5000
 "Nei182, 0.232, " "0.89, " "1, " "1, " "1, " "1, " "1, " "1, " "1, " "1, " "1, " "1, " "1, " "1, " "1, " "1, " "1, " "1, " "1, " "1, " "1, " "1, " "1, " "1, " "1, " "1, " "1, " "1, " "1, " "1, " "1, " "1, " "1, " "1, " "1, " "1, " "1, " "1, " "1, " "1, " "1, " "1, " "1, " "1, " "1, " "1, " "1, " "1, " "1, " "1, " "1, " "1, " "1, " "1, " "1, " "1, " "1, " "1, " "1, " "1, " "1, " "1, " "1, " "1, " "1, " "1, " "1, " "1, " "1, " "1, " "1, " "1, " "1, " "1, " "1, " "1, " "1, " "1, " "1, " "1, " "1, " "1, " "1, " "1, " "1, " "1, " "1, " "1, " "1, " "1, " "1, " "1, " "1, " "1, " "1, " "1, " "1, " "1, " "1, " "1, " "1, " "1, " "1, " "1, " "1, " "1, " "1, " "1, " "1, " "1, " "1, " "1, " "1, " "1, " "1, " "1, " "1, " "1, " "1, " "1, " "1, " "1, " "1, " "1, " "1, " "1, " "1, " "1, " "1, " "1, " "1, " "1, " "1, " "1, " "1, " "1, " "1, " "1, " "1, " "1, " "1, " "1, " "1, " "1, " "1, " "1, " "1, " "1, " "1, " "1, " "1, " "1, " "1, " "1, " "1, " "1, " "1, " "1, " "1, " "1, " "1, " "1, " "1, " "1, " "1, " "1, " "1, " "1, " "1, " "1, " "1, " "1, " "1, " "1, " "1, " "1, " "1, " "1, " "1, " "1, " "1, " "1, " "1, " "1, " "0, " "1, " "1, " "1, " "1, " "1, " "1, " "1, " "1, " "1, " "1, " "1, " "1, " "1, " "1, " "1, " "1, " "1, " "1, " "1, " "1, " "1, " "1, " "1, " "1, " "1, " "1, " "1, " "1, " "1, " "1, " "1, " "1, " "1, " "1, " "1, " "1, " "1, " "1, " "1, " "1, " "1, " "1, " "1, " "1, " "1, " "1, " "1, " "1, " "1, " "1, " "1, " "1, " "1, " "1, " "1, " "1, " "1, " "1, " "1, " "1, " "1, " "1, " "1, " "1, " "1, " "1, " "1, " "1, " "1, " "1, " "1, " "1, " "1, " "1, "5000
 "Nei183, 0.061, " "0.89, " "1, " "1, " "1, " "1, " "1, " "1, " "1, " "1, " "1, " "1, " "1, " "1, " "1, " "1, " "1, " "1, " "1, " "1, " "1, " "1, " "1, " "1, " "1, " "1, " "1, " "1, " "1, " "1, " "1, " "1, " "1, " "1, " "1, " "1, " "1, " "1, " "1, " "1, " "1, " "1, " "1, " "1, " "1, " "1, " "1, " "1, " "1, " "1, " "1, " "1, " "1, " "1, " "1, " "1, " "1, " "1, " "1, " "1, " "1, " "1, " "1, " "1, " "1, " "1, " "1, " "1, " "1, " "1, " "1, " "1, " "1, " "1, " "1, " "1, " "1, " "1, " "1, " "1, " "1, " "1, " "1, " "1, " "1, " "1, " "1, " "1, " "1, " "1, " "1, " "1, " "1, " "1, " "1, " "1, " "1, " "1, " "1, " "1, " "1, " "1, " "1, " "1, " "1, " "1, " "1, " "1, " "1, " "1, " "1, " "1, " "1, " "1, " "1, " "1, " "1, " "1, " "1, " "1, " "1, " "1, " "1, " "1, " "1, " "1, " "1, " "1, " "1, " "1, " "1, " "1, " "1, " "1, " "1, " "1, " "1, " "1, " "1, " "1, " "1, " "1, " "1, " "1, " "1, " "1, " "1, " "1, " "1, " "1, " "1, " "1, " "1, " "1, " "1, " "1, " "1, " "1, " "1, " "1, " "1, " "1, " "1, " "1, " "1, " "1, " "1, " "1, " "1, " "1, " "1, " "1, " "1, " "1, " "1, " "1, " "1, " "1, " "1, " "1, " "1, " "1, " "1, " "1, " "1, " "0, " "1, " "1, " "1, " "1, " "1, " "1, " "1, " "1, " "1, " "1, " "1, " "1, " "1, " "1, " "1, " "1, " "1, " "1, " "1, " "1, " "1, " "1, " "1, " "1, " "1, " "1, " "1, " "1, " "1, " "1, " "1, " "1, " "1, " "1, " "1, " "1, " "1, " "1, " "1, " "1, " "1, " "1, " "1, " "1, " "1, " "1, " "1, " "1, " "1, " "1, " "1, " "1, " "1, " "1, " "1, " "1, " "1, " "1, " "1, " "1, " "1, " "1, " "1, " "1, " "1, " "1, " "1, " "1, " "1, " "1, " "1, " "1, " "1, "5000
 "Nei184, 0.387, " "0.886, " "1, " "1, " "1, " "1, " "1, " "1, " "1, " "1, " "1, " "1, " "1, " "1, " "1, " "1, " "1, " "1, " "1, " "1, " "1, " "1, " "1, " "1, " "1, " "1, " "1, " "1, " "1, " "1, " "1, " "1, " "1, " "1, " "1, " "1, " "1, " "1, " "1, " "1, " "1, " "1, " "1, " "1, " "1, " "1, " "1, " "1, " "1, " "1, " "1, " "1, " "1, " "1, " "1, " "1, " "1, " "1, " "1, " "1, " "1, " "1, " "1, " "1, " "1, " "1, " "1, " "1, " "1, " "1, " "1, " "1, " "1, " "1, " "1, " "1, " "1, " "1, " "1, " "1, " "1, " "1, " "1, " "1, " "1, " "1, " "1, " "1, " "1, " "1, " "1, " "1, " "1, " "1, " "1, " "1, " "1, " "1, " "1, " "1, " "1, " "1, " "1, " "1, " "1, " "1, " "1, " "1, " "1, " "1, " "1, " "1, " "1, " "1, " "1, " "1, " "1, " "1, " "1, " "1, " "1, " "1, " "1, " "1, " "1, " "1, " "1, " "1, " "1, " "1, " "1, " "1, " "1, " "1, " "1, " "1, " "1, " "1, " "1, " "1, " "1, " "1, " "1, " "1, " "1, " "1, " "1, " "1, " "1, " "1, " "1, " "1, " "1, " "1, " "1, " "1, " "1, " "1, " "1, " "1, " "1, " "1, " "1, " "1, " "1, " "1, " "1, " "1, " "1, " "1, " "1, " "1, " "1, " "1, " "1, " "1, " "1, " "1, " "1, " "1, " "1, " "1, " "1, " "1, " "1, " "1, " "0, " "1, " "1, " "1, " "1, " "1, " "1, " "1, " "1, " "1, " "1, " "1, " "1, " "1, " "1, " "1, " "1, " "1, " "1, " "1, " "1, " "1, " "1, " "1, " "1, " "1, " "1, " "1, " "1, " "1, " "1, " "1, " "1, " "1, " "1, " "1, " "1, " "1, " "1, " "1, " "1, " "1, " "1, " "1, " "1, " "1, " "1, " "1, " "1, " "1, " "1, " "1, " "1, " "1, " "1, " "1, " "1, " "1, " "1, " "1, " "1, " "1, " "1, " "1, " "1, " "1, " "1, " "1, " "1, " "1, " "1, " "1, " "1, "5000
 "Nei185, 0.114, " "0.89, " "1, " "1, " "1, " "1, " "1, " "1, " "1, " "1, " "1, " "1, " "1, " "1, " "1, " "1, " "1, " "1, " "1, " "1, " "1, " "1, " "1, " "1, " "1, " "1, " "1, " "1, " "1, " "1, " "1, " "1, " "1, " "1, " "1, " "1, " "1, " "1, " "1, " "1, " "1, " "1, " "1, " "1, " "1, " "1, " "1, " "1, " "1, " "1, " "1, " "1, " "1, " "1, " "1, " "1, " "1, " "1, " "1, " "1, " "1, " "1, " "1, " "1, " "1, " "1, " "1, " "1, " "1, " "1, " "1, " "1, " "1, " "1, " "1, " "1, " "1, " "1, " "1, " "1, " "1, " "1, " "1, " "1, " "1, " "1, " "1, " "1, " "1, " "1, " "1, " "1, " "1, " "1, " "1, " "1, " "1, " "1, " "1, " "1, " "1, " "1, " "1, " "1, " "1, " "1, " "1, " "1, " "1, " "1, " "1, " "1, " "1, " "1, " "1, " "1, " "1, " "1, " "1, " "1, " "1, " "1, " "1, " "1, " "1, " "1, " "1, " "1, " "1, " "1, " "1, " "1, " "1, " "1, " "1, " "1, " "1, " "1, " "1, " "1, " "1, " "1, " "1, " "1, " "1, " "1, " "1, " "1, " "1, " "1, " "1, " "1, " "1, " "1, " "1, " "1, " "1, " "1, " "1, " "1, " "1, " "1, " "1, " "1, " "1, " "1, " "1, " "1, " "1, " "1, " "1, " "1, " "1, " "1, " "1, " "1, " "1, " "1, " "1, " "1, " "1, " "1, " "1, " "1, " "1, " "1, " "1, " "0, " "1, " "1, " "1, " "1, " "1, " "1, " "1, " "1, " "1, " "1, " "1, " "1, " "1, " "1, " "1, " "1, " "1, " "1, " "1, " "1, " "1, " "1, " "1, " "1, " "1, " "1, " "1, " "1, " "1, " "1, " "1, " "1, " "1, " "1, " "1, " "1, " "1, " "1, " "1, " "1, " "1, " "1, " "1, " "1, " "1, " "1, " "1, " "1, " "1, " "1, " "1, " "1, " "1, " "1, " "1, " "1, " "1, " "1, " "1, " "1, " "1, " "1, " "1, " "1, " "1, " "1, " "1, " "1, " "1, " "1, " "1, "5000
 "Nei186, 0.139, " "0.89, " "1, " "1, " "1, " "1, " "1, " "1, " "1, " "1, " "1, " "1, " "1, " "1, " "1, " "1, " "1, " "1, " "1, " "1, " "1, " "1, " "1, " "1, " "1, " "1, " "1, " "1, " "1, " "1, " "1, " "1, " "1, " "1, " "1, " "1, " "1, " "1, " "1, " "1, " "1, " "1, " "1, " "1, " "1, " "1, " "1, " "1, " "1, " "1, " "1, " "1, " "1, " "1, " "1, " "1, " "1, " "1, " "1, " "1, " "1, " "1, " "1, " "1, " "1, " "1, " "1, " "1, " "1, " "1, " "1, " "1, " "1, " "1, " "1, " "1, " "1, " "1, " "1, " "1, " "1, " "1, " "1, " "1, " "1, " "1, " "1, " "1, " "1, " "1, " "1, " "1, " "1, " "1, " "1, " "1, " "1, " "1, " "1, " "1, " "1, " "1, " "1, " "1, " "1, " "1, " "1, " "1, " "1, " "1, " "1, " "1, " "1, " "1, " "1, " "1, " "1, " "1, " "1, " "1, " "1, " "1, " "1, " "1, " "1, " "1, " "1, " "1, " "1, " "1, " "1, " "1, " "1, " "1, " "1, " "1, " "1, " "1, " "1, " "1, " "1, " "1, " "1, " "1, " "1, " "1, " "1, " "1, " "1, " "1, " "1, " "1, " "1, " "1, " "1, " "1, " "1, " "1, " "1, " "1, " "1, " "1, " "1, " "1, " "1, " "1, " "1, " "1, " "1, " "1, " "1, " "1, " "1, " "1, " "1, " "1, " "1, " "1, " "1, " "1, " "1, " "1, " "1, " "1, " "1, " "1, " "1, " "1, " "0, " "1, " "1, " "1, " "1, " "1, " "1, " "1, " "1, " "1, " "1, " "1, " "1, " "1, " "1, " "1, " "1, " "1, " "1, " "1, " "1, " "1, " "1, " "1, " "1, " "1, " "1, " "1, " "1, " "1, " "1, " "1, " "1, " "1, " "1, " "1, " "1, " "1, " "1, " "1, " "1, " "1, " "1, " "1, " "1, " "1, " "1, " "1, " "1, " "1, " "1, " "1, " "1, " "1, " "1, " "1, " "1, " "1, " "1, " "1, " "1, " "1, " "1, " "1, " "1, " "1, " "1, " "1, " "1, " "1, " "1, "5000
 "Nei187, 0.351, " "0.886, " "1, " "1, " "1, " "1, " "1, " "1, " "1, " "1, " "1, " "1, " "1, " "1, " "1, " "1, " "1, " "1, " "1, " "1, " "1, " "1, " "1, " "1, " "1, " "1, " "1, " "1, " "1, " "1, " "1, " "1, " "1, " "1, " "1, " "1, " "1, " "1, " "1, " "1, " "1, " "1, " "1, " "1, " "1, " "1, " "1, " "1, " "1, " "1, " "1, " "1, " "1, " "1, " "1, " "1, " "1, " "1, " "1, " "1, " "1, " "1, " "1, " "1, " "1, " "1, " "1, " "1, " "1, " "1, " "1, " "1, " "1, " "1, " "1, " "1, " "1, " "1, " "1, " "1, " "1, " "1, " "1, " "1, " "1, " "1, " "1, " "1, " "1, " "1, " "1, " "1, " "1, " "1, " "1, " "1, " "1, " "1, " "1, " "1, " "1, " "1, " "1, " "1, " "1, " "1, " "1, " "1, " "1, " "1, " "1, " "1, " "1, " "1, " "1, " "1, " "1, " "1, " "1, " "1, " "1, " "1, " "1, " "1, " "1, " "1, " "1, " "1, " "1, " "1, " "1, " "1, " "1, " "1, " "1, " "1, " "1, " "1, " "1, " "1, " "1, " "1, " "1, " "1, " "1, " "1, " "1, " "1, " "1, " "1, " "1, " "1, " "1, " "1, " "1, " "1, " "1, " "1, " "1, " "1, " "1, " "1, " "1, " "1, " "1, " "1, " "1, " "1, " "1, " "1, " "1, " "1, " "1, " "1, " "1, " "1, " "1, " "1, " "1, " "1, " "1, " "1, " "1, " "1, " "1, " "1, " "1, " "1, " "1, " "0, " "1, " "1, " "1, " "1, " "1, " "1, " "1, " "1, " "1, " "1, " "1, " "1, " "1, " "1, " "1, " "1, " "1, " "1, " "1, " "1, " "1, " "1, " "1, " "1, " "1, " "1, " "1, " "1, " "1, " "1, " "1, " "1, " "1, " "1, " "1, " "1, " "1, " "1, " "1, " "1, " "1, " "1, " "1, " "1, " "1, " "1, " "1, " "1, " "1, " "1, " "1, " "1, " "1, " "1, " "1, " "1, " "1, " "1, " "1, " "1, " "1, " "1, " "1, " "1, " "1, " "1, " "1, " "1, " "1, "5000
 "Nei188, 0.308, " "0.885, " "1, " "1, " "1, " "1, " "1, " "1, " "1, " "1, " "1, " "1, " "1, " "1, " "1, " "1, " "1, " "1, " "1, " "1, " "1, " "1, " "1, " "1, " "1, " "1, " "1, " "1, " "1, " "1, " "1, " "1, " "1, " "1, " "1, " "1, " "1, " "1, " "1, " "1, " "1, " "1, " "1, " "1, " "1, " "1, " "1, " "1, " "1, " "1, " "1, " "1, " "1, " "1, " "1, " "1, " "1, " "1, " "1, " "1, " "1, " "1, " "1, " "1, " "1, " "1, " "1, " "1, " "1, " "1, " "1, " "1, " "1, " "1, " "1, " "1, " "1, " "1, " "1, " "1, " "1, " "1, " "1, " "1, " "1, " "1, " "1, " "1, " "1, " "1, " "1, " "1, " "1, " "1, " "1, " "1, " "1, " "1, " "1, " "1, " "1, " "1, " "1, " "1, " "1, " "1, " "1, " "1, " "1, " "1, " "1, " "1, " "1, " "1, " "1, " "1, " "1, " "1, " "1, " "1, " "1, " "1, " "1, " "1, " "1, " "1, " "1, " "1, " "1, " "1, " "1, " "1, " "1, " "1, " "1, " "1, " "1, " "1, " "1, " "1, " "1, " "1, " "1, " "1, " "1, " "1, " "1, " "1, " "1, " "1, " "1, " "1, " "1, " "1, " "1, " "1, " "1, " "1, " "1, " "1, " "1, " "1, " "1, " "1, " "1, " "1, " "1, " "1, " "1, " "1, " "1, " "1, " "1, " "1, " "1, " "1, " "1, " "1, " "1, " "1, " "1, " "1, " "1, " "1, " "1, " "1, " "1, " "1, " "1, " "1, " "0, " "1, " "1, " "1, " "1, " "1, " "1, " "1, " "1, " "1, " "1, " "1, " "1, " "1, " "1, " "1, " "1, " "1, " "1, " "1, " "1, " "1, " "1, " "1, " "1, " "1, " "1, " "1, " "1, " "1, " "1, " "1, " "1, " "1, " "1, " "1, " "1, " "1, " "1, " "1, " "1, " "1, " "1, " "1, " "1, " "1, " "1, " "1, " "1, " "1, " "1, " "1, " "1, " "1, " "1, " "1, " "1, " "1, " "1, " "1, " "1, " "1, " "1, " "1, " "1, " "1, " "1, " "1, " "1, "5000
 "Nei189, 0.242, " "0.89, " "1, " "1, " "1, " "1, " "1, " "1, " "1, " "1, " "1, " "1, " "1, " "1, " "1, " "1, " "1, " "1, " "1, " "1, " "1, " "1, " "1, " "1, " "1, " "1, " "1, " "1, " "1, " "1, " "1, " "1, " "1, " "1, " "1, " "1, " "1, " "1, " "1, " "1, " "1, " "1, " "1, " "1, " "1, " "1, " "1, " "1, " "1, " "1, " "1, " "1, " "1, " "1, " "1, " "1, " "1, " "1, " "1, " "1, " "1, " "1, " "1, " "1, " "1, " "1, " "1, " "1, " "1, " "1, " "1, " "1, " "1, " "1, " "1, " "1, " "1, " "1, " "1, " "1, " "1, " "1, " "1, " "1, " "1, " "1, " "1, " "1, " "1, " "1, " "1, " "1, " "1, " "1, " "1, " "1, " "1, " "1, " "1, " "1, " "1, " "1, " "1, " "1, " "1, " "1, " "1, " "1, " "1, " "1, " "1, " "1, " "1, " "1, " "1, " "1, " "1, " "1, " "1, " "1, " "1, " "1, " "1, " "1, " "1, " "1, " "1, " "1, " "1, " "1, " "1, " "1, " "1, " "1, " "1, " "1, " "1, " "1, " "1, " "1, " "1, " "1, " "1, " "1, " "1, " "1, " "1, " "1, " "1, " "1, " "1, " "1, " "1, " "1, " "1, " "1, " "1, " "1, " "1, " "1, " "1, " "1, " "1, " "1, " "1, " "1, " "1, " "1, " "1, " "1, " "1, " "1, " "1, " "1, " "1, " "1, " "1, " "1, " "1, " "1, " "1, " "1, " "1, " "1, " "1, " "1, " "1, " "1, " "1, " "1, " "1, " "0, " "1, " "1, " "1, " "1, " "1, " "1, " "1, " "1, " "1, " "1, " "1, " "1, " "1, " "1, " "1, " "1, " "1, " "1, " "1, " "1, " "1, " "1, " "1, " "1, " "1, " "1, " "1, " "1, " "1, " "1, " "1, " "1, " "1, " "1, " "1, " "1, " "1, " "1, " "1, " "1, " "1, " "1, " "1, " "1, " "1, " "1, " "1, " "1, " "1, " "1, " "1, " "1, " "1, " "1, " "1, " "1, " "1, " "1, " "1, " "1, " "1, " "1, " "1, " "1, " "1, " "1, " "1, "5000
 "Nei190, 0.046, " "0.89, " "1, " "1, " "1, " "1, " "1, " "1, " "1, " "1, " "1, " "1, " "1, " "1, " "1, " "1, " "1, " "1, " "1, " "1, " "1, " "1, " "1, " "1, " "1, " "1, " "1, " "1, " "1, " "1, " "1, " "1, " "1, " "1, " "1, " "1, " "1, " "1, " "1, " "1, " "1, " "1, " "1, " "1, " "1, " "1, " "1, " "1, " "1, " "1, " "1, " "1, " "1, " "1, " "1, " "1, " "1, " "1, " "1, " "1, " "1, " "1, " "1, " "1, " "1, " "1, " "1, " "1, " "1, " "1, " "1, " "1, " "1, " "1, " "1, " "1, " "1, " "1, " "1, " "1, " "1, " "1, " "1, " "1, " "1, " "1, " "1, " "1, " "1, " "1, " "1, " "1, " "1, " "1, " "1, " "1, " "1, " "1, " "1, " "1, " "1, " "1, " "1, " "1, " "1, " "1, " "1, " "1, " "1, " "1, " "1, " "1, " "1, " "1, " "1, " "1, " "1, " "1, " "1, " "1, " "1, " "1, " "1, " "1, " "1, " "1, " "1, " "1, " "1, " "1, " "1, " "1, " "1, " "1, " "1, " "1, " "1, " "1, " "1, " "1, " "1, " "1, " "1, " "1, " "1, " "1, " "1, " "1, " "1, " "1, " "1, " "1, " "1, " "1, " "1, " "1, " "1, " "1, " "1, " "1, " "1, " "1, " "1, " "1, " "1, " "1, " "1, " "1, " "1, " "1, " "1, " "1, " "1, " "1, " "1, " "1, " "1, " "1, " "1, " "1, " "1, " "1, " "1, " "1, " "1, " "1, " "1, " "1, " "1, " "1, " "1, " "1, " "0, " "1, " "1, " "1, " "1, " "1, " "1, " "1, " "1, " "1, " "1, " "1, " "1, " "1, " "1, " "1, " "1, " "1, " "1, " "1, " "1, " "1, " "1, " "1, " "1, " "1, " "1, " "1, " "1, " "1, " "1, " "1, " "1, " "1, " "1, " "1, " "1, " "1, " "1, " "1, " "1, " "1, " "1, " "1, " "1, " "1, " "1, " "1, " "1, " "1, " "1, " "1, " "1, " "1, " "1, " "1, " "1, " "1, " "1, " "1, " "1, " "1, " "1, " "1, " "1, " "1, " "1, "5000
 "Nei191, 0.132, " "0.89, " "1, " "1, " "1, " "1, " "1, " "1, " "1, " "1, " "1, " "1, " "1, " "1, " "1, " "1, " "1, " "1, " "1, " "1, " "1, " "1, " "1, " "1, " "1, " "1, " "1, " "1, " "1, " "1, " "1, " "1, " "1, " "1, " "1, " "1, " "1, " "1, " "1, " "1, " "1, " "1, " "1, " "1, " "1, " "1, " "1, " "1, " "1, " "1, " "1, " "1, " "1, " "1, " "1, " "1, " "1, " "1, " "1, " "1, " "1, " "1, " "1, " "1, " "1, " "1, " "1, " "1, " "1, " "1, " "1, " "1, " "1, " "1, " "1, " "1, " "1, " "1, " "1, " "1, " "1, " "1, " "1, " "1, " "1, " "1, " "1, " "1, " "1, " "1, " "1, " "1, " "1, " "1, " "1, " "1, " "1, " "1, " "1, " "1, " "1, " "1, " "1, " "1, " "1, " "1, " "1, " "1, " "1, " "1, " "1, " "1, " "1, " "1, " "1, " "1, " "1, " "1, " "1, " "1, " "1, " "1, " "1, " "1, " "1, " "1, " "1, " "1, " "1, " "1, " "1, " "1, " "1, " "1, " "1, " "1, " "1, " "1, " "1, " "1, " "1, " "1, " "1, " "1, " "1, " "1, " "1, " "1, " "1, " "1, " "1, " "1, " "1, " "1, " "1, " "1, " "1, " "1, " "1, " "1, " "1, " "1, " "1, " "1, " "1, " "1, " "1, " "1, " "1, " "1, " "1, " "1, " "1, " "1, " "1, " "1, " "1, " "1, " "1, " "1, " "1, " "1, " "1, " "1, " "1, " "1, " "1, " "1, " "1, " "1, " "1, " "1, " "1, " "0, " "1, " "1, " "1, " "1, " "1, " "1, " "1, " "1, " "1, " "1, " "1, " "1, " "1, " "1, " "1, " "1, " "1, " "1, " "1, " "1, " "1, " "1, " "1, " "1, " "1, " "1, " "1, " "1, " "1, " "1, " "1, " "1, " "1, " "1, " "1, " "1, " "1, " "1, " "1, " "1, " "1, " "1, " "1, " "1, " "1, " "1, " "1, " "1, " "1, " "1, " "1, " "1, " "1, " "1, " "1, " "1, " "1, " "1, " "1, " "1, " "1, " "1, " "1, " "1, " "1, "5000
 "Nei192, 0.085, " "0.89, " "1, " "1, " "1, " "1, " "1, " "1, " "1, " "1, " "1, " "1, " "1, " "1, " "1, " "1, " "1, " "1, " "1, " "1, " "1, " "1, " "1, " "1, " "1, " "1, " "1, " "1, " "1, " "1, " "1, " "1, " "1, " "1, " "1, " "1, " "1, " "1, " "1, " "1, " "1, " "1, " "1, " "1, " "1, " "1, " "1, " "1, " "1, " "1, " "1, " "1, " "1, " "1, " "1, " "1, " "1, " "1, " "1, " "1, " "1, " "1, " "1, " "1, " "1, " "1, " "1, " "1, " "1, " "1, " "1, " "1, " "1, " "1, " "1, " "1, " "1, " "1, " "1, " "1, " "1, " "1, " "1, " "1, " "1, " "1, " "1, " "1, " "1, " "1, " "1, " "1, " "1, " "1, " "1, " "1, " "1, " "1, " "1, " "1, " "1, " "1, " "1, " "1, " "1, " "1, " "1, " "1, " "1, " "1, " "1, " "1, " "1, " "1, " "1, " "1, " "1, " "1, " "1, " "1, " "1, " "1, " "1, " "1, " "1, " "1, " "1, " "1, " "1, " "1, " "1, " "1, " "1, " "1, " "1, " "1, " "1, " "1, " "1, " "1, " "1, " "1, " "1, " "1, " "1, " "1, " "1, " "1, " "1, " "1, " "1, " "1, " "1, " "1, " "1, " "1, " "1, " "1, " "1, " "1, " "1, " "1, " "1, " "1, " "1, " "1, " "1, " "1, " "1, " "1, " "1, " "1, " "1, " "1, " "1, " "1, " "1, " "1, " "1, " "1, " "1, " "1, " "1, " "1, " "1, " "1, " "1, " "1, " "1, " "1, " "1, " "1, " "1, " "1, " "0, " "1, " "1, " "1, " "1, " "1, " "1, " "1, " "1, " "1, " "1, " "1, " "1, " "1, " "1, " "1, " "1, " "1, " "1, " "1, " "1, " "1, " "1, " "1, " "1, " "1, " "1, " "1, " "1, " "1, " "1, " "1, " "1, " "1, " "1, " "1, " "1, " "1, " "1, " "1, " "1, " "1, " "1, " "1, " "1, " "1, " "1, " "1, " "1, " "1, " "1, " "1, " "1, " "1, " "1, " "1, " "1, " "1, " "1, " "1, " "1, " "1, " "1, " "1, " "1, "5000
 "Nei193, 0.131, " "0.891, " "1, " "1, " "1, " "1, " "1, " "1, " "1, " "1, " "1, " "1, " "1, " "1, " "1, " "1, " "1, " "1, " "1, " "1, " "1, " "1, " "1, " "1, " "1, " "1, " "1, " "1, " "1, " "1, " "1, " "1, " "1, " "1, " "1, " "1, " "1, " "1, " "1, " "1, " "1, " "1, " "1, " "1, " "1, " "1, " "1, " "1, " "1, " "1, " "1, " "1, " "1, " "1, " "1, " "1, " "1, " "1, " "1, " "1, " "1, " "1, " "1, " "1, " "1, " "1, " "1, " "1, " "1, " "1, " "1, " "1, " "1, " "1, " "1, " "1, " "1, " "1, " "1, " "1, " "1, " "1, " "1, " "1, " "1, " "1, " "1, " "1, " "1, " "1, " "1, " "1, " "1, " "1, " "1, " "1, " "1, " "1, " "1, " "1, " "1, " "1, " "1, " "1, " "1, " "1, " "1, " "1, " "1, " "1, " "1, " "1, " "1, " "1, " "1, " "1, " "1, " "1, " "1, " "1, " "1, " "1, " "1, " "1, " "1, " "1, " "1, " "1, " "1, " "1, " "1, " "1, " "1, " "1, " "1, " "1, " "1, " "1, " "1, " "1, " "1, " "1, " "1, " "1, " "1, " "1, " "1, " "1, " "1, " "1, " "1, " "1, " "1, " "1, " "1, " "1, " "1, " "1, " "1, " "1, " "1, " "1, " "1, " "1, " "1, " "1, " "1, " "1, " "1, " "1, " "1, " "1, " "1, " "1, " "1, " "1, " "1, " "1, " "1, " "1, " "1, " "1, " "1, " "1, " "1, " "1, " "1, " "1, " "1, " "1, " "1, " "1, " "1, " "1, " "1, " "0, " "1, " "1, " "1, " "1, " "1, " "1, " "1, " "1, " "1, " "1, " "1, " "1, " "1, " "1, " "1, " "1, " "1, " "1, " "1, " "1, " "1, " "1, " "1, " "1, " "1, " "1, " "1, " "1, " "1, " "1, " "1, " "1, " "1, " "1, " "1, " "1, " "1, " "1, " "1, " "1, " "1, " "1, " "1, " "1, " "1, " "1, " "1, " "1, " "1, " "1, " "1, " "1, " "1, " "1, " "1, " "1, " "1, " "1, " "1, " "1, " "1, " "1, " "1, "5000
 "Nei194, 0.306, " "0.886, " "1, " "1, " "1, " "1, " "1, " "1, " "1, " "1, " "1, " "1, " "1, " "1, " "1, " "1, " "1, " "1, " "1, " "1, " "1, " "1, " "1, " "1, " "1, " "1, " "1, " "1, " "1, " "1, " "1, " "1, " "1, " "1, " "1, " "1, " "1, " "1, " "1, " "1, " "1, " "1, " "1, " "1, " "1, " "1, " "1, " "1, " "1, " "1, " "1, " "1, " "1, " "1, " "1, " "1, " "1, " "1, " "1, " "1, " "1, " "1, " "1, " "1, " "1, " "1, " "1, " "1, " "1, " "1, " "1, " "1, " "1, " "1, " "1, " "1, " "1, " "1, " "1, " "1, " "1, " "1, " "1, " "1, " "1, " "1, " "1, " "1, " "1, " "1, " "1, " "1, " "1, " "1, " "1, " "1, " "1, " "1, " "1, " "1, " "1, " "1, " "1, " "1, " "1, " "1, " "1, " "1, " "1, " "1, " "1, " "1, " "1, " "1, " "1, " "1, " "1, " "1, " "1, " "1, " "1, " "1, " "1, " "1, " "1, " "1, " "1, " "1, " "1, " "1, " "1, " "1, " "1, " "1, " "1, " "1, " "1, " "1, " "1, " "1, " "1, " "1, " "1, " "1, " "1, " "1, " "1, " "1, " "1, " "1, " "1, " "1, " "1, " "1, " "1, " "1, " "1, " "1, " "1, " "1, " "1, " "1, " "1, " "1, " "1, " "1, " "1, " "1, " "1, " "1, " "1, " "1, " "1, " "1, " "1, " "1, " "1, " "1, " "1, " "1, " "1, " "1, " "1, " "1, " "1, " "1, " "1, " "1, " "1, " "1, " "1, " "1, " "1, " "1, " "1, " "1, " "0, " "1, " "1, " "1, " "1, " "1, " "1, " "1, " "1, " "1, " "1, " "1, " "1, " "1, " "1, " "1, " "1, " "1, " "1, " "1, " "1, " "1, " "1, " "1, " "1, " "1, " "1, " "1, " "1, " "1, " "1, " "1, " "1, " "1, " "1, " "1, " "1, " "1, " "1, " "1, " "1, " "1, " "1, " "1, " "1, " "1, " "1, " "1, " "1, " "1, " "1, " "1, " "1, " "1, " "1, " "1, " "1, " "1, " "1, " "1, " "1, " "1, " "1, "5000
 "Nei195, 0.197, " "0.89, " "1, " "1, " "1, " "1, " "1, " "1, " "1, " "1, " "1, " "1, " "1, " "1, " "1, " "1, " "1, " "1, " "1, " "1, " "1, " "1, " "1, " "1, " "1, " "1, " "1, " "1, " "1, " "1, " "1, " "1, " "1, " "1, " "1, " "1, " "1, " "1, " "1, " "1, " "1, " "1, " "1, " "1, " "1, " "1, " "1, " "1, " "1, " "1, " "1, " "1, " "1, " "1, " "1, " "1, " "1, " "1, " "1, " "1, " "1, " "1, " "1, " "1, " "1, " "1, " "1, " "1, " "1, " "1, " "1, " "1, " "1, " "1, " "1, " "1, " "1, " "1, " "1, " "1, " "1, " "1, " "1, " "1, " "1, " "1, " "1, " "1, " "1, " "1, " "1, " "1, " "1, " "1, " "1, " "1, " "1, " "1, " "1, " "1, " "1, " "1, " "1, " "1, " "1, " "1, " "1, " "1, " "1, " "1, " "1, " "1, " "1, " "1, " "1, " "1, " "1, " "1, " "1, " "1, " "1, " "1, " "1, " "1, " "1, " "1, " "1, " "1, " "1, " "1, " "1, " "1, " "1, " "1, " "1, " "1, " "1, " "1, " "1, " "1, " "1, " "1, " "1, " "1, " "1, " "1, " "1, " "1, " "1, " "1, " "1, " "1, " "1, " "1, " "1, " "1, " "1, " "1, " "1, " "1, " "1, " "1, " "1, " "1, " "1, " "1, " "1, " "1, " "1, " "1, " "1, " "1, " "1, " "1, " "1, " "1, " "1, " "1, " "1, " "1, " "1, " "1, " "1, " "1, " "1, " "1, " "1, " "1, " "1, " "1, " "1, " "1, " "1, " "1, " "1, " "1, " "1, " "0, " "1, " "1, " "1, " "1, " "1, " "1, " "1, " "1, " "1, " "1, " "1, " "1, " "1, " "1, " "1, " "1, " "1, " "1, " "1, " "1, " "1, " "1, " "1, " "1, " "1, " "1, " "1, " "1, " "1, " "1, " "1, " "1, " "1, " "1, " "1, " "1, " "1, " "1, " "1, " "1, " "1, " "1, " "1, " "1, " "1, " "1, " "1, " "1, " "1, " "1, " "1, " "1, " "1, " "1, " "1, " "1, " "1, " "1, " "1, " "1, " "1, "5000
 "Nei196, 0.393, " "0.885, " "1, " "1, " "1, " "1, " "1, " "1, " "1, " "1, " "1, " "1, " "1, " "1, " "1, " "1, " "1, " "1, " "1, " "1, " "1, " "1, " "1, " "1, " "1, " "1, " "1, " "1, " "1, " "1, " "1, " "1, " "1, " "1, " "1, " "1, " "1, " "1, " "1, " "1, " "1, " "1, " "1, " "1, " "1, " "1, " "1, " "1, " "1, " "1, " "1, " "1, " "1, " "1, " "1, " "1, " "1, " "1, " "1, " "1, " "1, " "1, " "1, " "1, " "1, " "1, " "1, " "1, " "1, " "1, " "1, " "1, " "1, " "1, " "1, " "1, " "1, " "1, " "1, " "1, " "1, " "1, " "1, " "1, " "1, " "1, " "1, " "1, " "1, " "1, " "1, " "1, " "1, " "1, " "1, " "1, " "1, " "1, " "1, " "1, " "1, " "1, " "1, " "1, " "1, " "1, " "1, " "1, " "1, " "1, " "1, " "1, " "1, " "1, " "1, " "1, " "1, " "1, " "1, " "1, " "1, " "1, " "1, " "1, " "1, " "1, " "1, " "1, " "1, " "1, " "1, " "1, " "1, " "1, " "1, " "1, " "1, " "1, " "1, " "1, " "1, " "1, " "1, " "1, " "1, " "1, " "1, " "1, " "1, " "1, " "1, " "1, " "1, " "1, " "1, " "1, " "1, " "1, " "1, " "1, " "1, " "1, " "1, " "1, " "1, " "1, " "1, " "1, " "1, " "1, " "1, " "1, " "1, " "1, " "1, " "1, " "1, " "1, " "1, " "1, " "1, " "1, " "1, " "1, " "1, " "1, " "1, " "1, " "1, " "1, " "1, " "1, " "1, " "1, " "1, " "1, " "1, " "1, " "0, " "1, " "1, " "1, " "1, " "1, " "1, " "1, " "1, " "1, " "1, " "1, " "1, " "1, " "1, " "1, " "1, " "1, " "1, " "1, " "1, " "1, " "1, " "1, " "1, " "1, " "1, " "1, " "1, " "1, " "1, " "1, " "1, " "1, " "1, " "1, " "1, " "1, " "1, " "1, " "1, " "1, " "1, " "1, " "1, " "1, " "1, " "1, " "1, " "1, " "1, " "1, " "1, " "1, " "1, " "1, " "1, " "1, " "1, " "1, " "1, "5000
 "Nei197, 0.202, " "0.89, " "1, " "1, " "1, " "1, " "1, " "1, " "1, " "1, " "1, " "1, " "1, " "1, " "1, " "1, " "1, " "1, " "1, " "1, " "1, " "1, " "1, " "1, " "1, " "1, " "1, " "1, " "1, " "1, " "1, " "1, " "1, " "1, " "1, " "1, " "1, " "1, " "1, " "1, " "1, " "1, " "1, " "1, " "1, " "1, " "1, " "1, " "1, " "1, " "1, " "1, " "1, " "1, " "1, " "1, " "1, " "1, " "1, " "1, " "1, " "1, " "1, " "1, " "1, " "1, " "1, " "1, " "1, " "1, " "1, " "1, " "1, " "1, " "1, " "1, " "1, " "1, " "1, " "1, " "1, " "1, " "1, " "1, " "1, " "1, " "1, " "1, " "1, " "1, " "1, " "1, " "1, " "1, " "1, " "1, " "1, " "1, " "1, " "1, " "1, " "1, " "1, " "1, " "1, " "1, " "1, " "1, " "1, " "1, " "1, " "1, " "1, " "1, " "1, " "1, " "1, " "1, " "1, " "1, " "1, " "1, " "1, " "1, " "1, " "1, " "1, " "1, " "1, " "1, " "1, " "1, " "1, " "1, " "1, " "1, " "1, " "1, " "1, " "1, " "1, " "1, " "1, " "1, " "1, " "1, " "1, " "1, " "1, " "1, " "1, " "1, " "1, " "1, " "1, " "1, " "1, " "1, " "1, " "1, " "1, " "1, " "1, " "1, " "1, " "1, " "1, " "1, " "1, " "1, " "1, " "1, " "1, " "1, " "1, " "1, " "1, " "1, " "1, " "1, " "1, " "1, " "1, " "1, " "1, " "1, " "1, " "1, " "1, " "1, " "1, " "1, " "1, " "1, " "1, " "1, " "1, " "1, " "1, " "0, " "1, " "1, " "1, " "1, " "1, " "1, " "1, " "1, " "1, " "1, " "1, " "1, " "1, " "1, " "1, " "1, " "1, " "1, " "1, " "1, " "1, " "1, " "1, " "1, " "1, " "1, " "1, " "1, " "1, " "1, " "1, " "1, " "1, " "1, " "1, " "1, " "1, " "1, " "1, " "1, " "1, " "1, " "1, " "1, " "1, " "1, " "1, " "1, " "1, " "1, " "1, " "1, " "1, " "1, " "1, " "1, " "1, " "1, " "1, "5000
 "Nei198, 0.36, " "0.886, " "1, " "1, " "1, " "1, " "1, " "1, " "1, " "1, " "1, " "1, " "1, " "1, " "1, " "1, " "1, " "1, " "1, " "1, " "1, " "1, " "1, " "1, " "1, " "1, " "1, " "1, " "1, " "1, " "1, " "1, " "1, " "1, " "1, " "1, " "1, " "1, " "1, " "1, " "1, " "1, " "1, " "1, " "1, " "1, " "1, " "1, " "1, " "1, " "1, " "1, " "1, " "1, " "1, " "1, " "1, " "1, " "1, " "1, " "1, " "1, " "1, " "1, " "1, " "1, " "1, " "1, " "1, " "1, " "1, " "1, " "1, " "1, " "1, " "1, " "1, " "1, " "1, " "1, " "1, " "1, " "1, " "1, " "1, " "1, " "1, " "1, " "1, " "1, " "1, " "1, " "1, " "1, " "1, " "1, " "1, " "1, " "1, " "1, " "1, " "1, " "1, " "1, " "1, " "1, " "1, " "1, " "1, " "1, " "1, " "1, " "1, " "1, " "1, " "1, " "1, " "1, " "1, " "1, " "1, " "1, " "1, " "1, " "1, " "1, " "1, " "1, " "1, " "1, " "1, " "1, " "1, " "1, " "1, " "1, " "1, " "1, " "1, " "1, " "1, " "1, " "1, " "1, " "1, " "1, " "1, " "1, " "1, " "1, " "1, " "1, " "1, " "1, " "1, " "1, " "1, " "1, " "1, " "1, " "1, " "1, " "1, " "1, " "1, " "1, " "1, " "1, " "1, " "1, " "1, " "1, " "1, " "1, " "1, " "1, " "1, " "1, " "1, " "1, " "1, " "1, " "1, " "1, " "1, " "1, " "1, " "1, " "1, " "1, " "1, " "1, " "1, " "1, " "1, " "1, " "1, " "1, " "1, " "1, " "0, " "1, " "1, " "1, " "1, " "1, " "1, " "1, " "1, " "1, " "1, " "1, " "1, " "1, " "1, " "1, " "1, " "1, " "1, " "1, " "1, " "1, " "1, " "1, " "1, " "1, " "1, " "1, " "1, " "1, " "1, " "1, " "1, " "1, " "1, " "1, " "1, " "1, " "1, " "1, " "1, " "1, " "1, " "1, " "1, " "1, " "1, " "1, " "1, " "1, " "1, " "1, " "1, " "1, " "1, " "1, " "1, " "1, " "1, "5000
 "Nei199, 0.139, " "0.89, " "1, " "1, " "1, " "1, " "1, " "1, " "1, " "1, " "1, " "1, " "1, " "1, " "1, " "1, " "1, " "1, " "1, " "1, " "1, " "1, " "1, " "1, " "1, " "1, " "1, " "1, " "1, " "1, " "1, " "1, " "1, " "1, " "1, " "1, " "1, " "1, " "1, " "1, " "1, " "1, " "1, " "1, " "1, " "1, " "1, " "1, " "1, " "1, " "1, " "1, " "1, " "1, " "1, " "1, " "1, " "1, " "1, " "1, " "1, " "1, " "1, " "1, " "1, " "1, " "1, " "1, " "1, " "1, " "1, " "1, " "1, " "1, " "1, " "1, " "1, " "1, " "1, " "1, " "1, " "1, " "1, " "1, " "1, " "1, " "1, " "1, " "1, " "1, " "1, " "1, " "1, " "1, " "1, " "1, " "1, " "1, " "1, " "1, " "1, " "1, " "1, " "1, " "1, " "1, " "1, " "1, " "1, " "1, " "1, " "1, " "1, " "1, " "1, " "1, " "1, " "1, " "1, " "1, " "1, " "1, " "1, " "1, " "1, " "1, " "1, " "1, " "1, " "1, " "1, " "1, " "1, " "1, " "1, " "1, " "1, " "1, " "1, " "1, " "1, " "1, " "1, " "1, " "1, " "1, " "1, " "1, " "1, " "1, " "1, " "1, " "1, " "1, " "1, " "1, " "1, " "1, " "1, " "1, " "1, " "1, " "1, " "1, " "1, " "1, " "1, " "1, " "1, " "1, " "1, " "1, " "1, " "1, " "1, " "1, " "1, " "1, " "1, " "1, " "1, " "1, " "1, " "1, " "1, " "1, " "1, " "1, " "1, " "1, " "1, " "1, " "1, " "1, " "1, " "1, " "1, " "1, " "1, " "1, " "1, " "0, " "1, " "1, " "1, " "1, " "1, " "1, " "1, " "1, " "1, " "1, " "1, " "1, " "1, " "1, " "1, " "1, " "1, " "1, " "1, " "1, " "1, " "1, " "1, " "1, " "1, " "1, " "1, " "1, " "1, " "1, " "1, " "1, " "1, " "1, " "1, " "1, " "1, " "1, " "1, " "1, " "1, " "1, " "1, " "1, " "1, " "1, " "1, " "1, " "1, " "1, " "1, " "1, " "1, " "1, " "1, " "1, " "1, "5000
 "Nei200, 0.373, " "0.885, " "1, " "1, " "1, " "1, " "1, " "1, " "1, " "1, " "1, " "1, " "1, " "1, " "1, " "1, " "1, " "1, " "1, " "1, " "1, " "1, " "1, " "1, " "1, " "1, " "1, " "1, " "1, " "1, " "1, " "1, " "1, " "1, " "1, " "1, " "1, " "1, " "1, " "1, " "1, " "1, " "1, " "1, " "1, " "1, " "1, " "1, " "1, " "1, " "1, " "1, " "1, " "1, " "1, " "1, " "1, " "1, " "1, " "1, " "1, " "1, " "1, " "1, " "1, " "1, " "1, " "1, " "1, " "1, " "1, " "1, " "1, " "1, " "1, " "1, " "1, " "1, " "1, " "1, " "1, " "1, " "1, " "1, " "1, " "1, " "1, " "1, " "1, " "1, " "1, " "1, " "1, " "1, " "1, " "1, " "1, " "1, " "1, " "1, " "1, " "1, " "1, " "1, " "1, " "1, " "1, " "1, " "1, " "1, " "1, " "1, " "1, " "1, " "1, " "1, " "1, " "1, " "1, " "1, " "1, " "1, " "1, " "1, " "1, " "1, " "1, " "1, " "1, " "1, " "1, " "1, " "1, " "1, " "1, " "1, " "1, " "1, " "1, " "1, " "1, " "1, " "1, " "1, " "1, " "1, " "1, " "1, " "1, " "1, " "1, " "1, " "1, " "1, " "1, " "1, " "1, " "1, " "1, " "1, " "1, " "1, " "1, " "1, " "1, " "1, " "1, " "1, " "1, " "1, " "1, " "1, " "1, " "1, " "1, " "1, " "1, " "1, " "1, " "1, " "1, " "1, " "1, " "1, " "1, " "1, " "1, " "1, " "1, " "1, " "1, " "1, " "1, " "1, " "1, " "1, " "1, " "1, " "1, " "1, " "1, " "1, " "0, " "1, " "1, " "1, " "1, " "1, " "1, " "1, " "1, " "1, " "1, " "1, " "1, " "1, " "1, " "1, " "1, " "1, " "1, " "1, " "1, " "1, " "1, " "1, " "1, " "1, " "1, " "1, " "1, " "1, " "1, " "1, " "1, " "1, " "1, " "1, " "1, " "1, " "1, " "1, " "1, " "1, " "1, " "1, " "1, " "1, " "1, " "1, " "1, " "1, " "1, " "1, " "1, " "1, " "1, " "1, " "1, "5000
 "Nei201, 0.259, " "0.891, " "1, " "1, " "1, " "1, " "1, " "1, " "1, " "1, " "1, " "1, " "1, " "1, " "1, " "1, " "1, " "1, " "1, " "1, " "1, " "1, " "1, " "1, " "1, " "1, " "1, " "1, " "1, " "1, " "1, " "1, " "1, " "1, " "1, " "1, " "1, " "1, " "1, " "1, " "1, " "1, " "1, " "1, " "1, " "1, " "1, " "1, " "1, " "1, " "1, " "1, " "1, " "1, " "1, " "1, " "1, " "1, " "1, " "1, " "1, " "1, " "1, " "1, " "1, " "1, " "1, " "1, " "1, " "1, " "1, " "1, " "1, " "1, " "1, " "1, " "1, " "1, " "1, " "1, " "1, " "1, " "1, " "1, " "1, " "1, " "1, " "1, " "1, " "1, " "1, " "1, " "1, " "1, " "1, " "1, " "1, " "1, " "1, " "1, " "1, " "1, " "1, " "1, " "1, " "1, " "1, " "1, " "1, " "1, " "1, " "1, " "1, " "1, " "1, " "1, " "1, " "1, " "1, " "1, " "1, " "1, " "1, " "1, " "1, " "1, " "1, " "1, " "1, " "1, " "1, " "1, " "1, " "1, " "1, " "1, " "1, " "1, " "1, " "1, " "1, " "1, " "1, " "1, " "1, " "1, " "1, " "1, " "1, " "1, " "1, " "1, " "1, " "1, " "1, " "1, " "1, " "1, " "1, " "1, " "1, " "1, " "1, " "1, " "1, " "1, " "1, " "1, " "1, " "1, " "1, " "1, " "1, " "1, " "1, " "1, " "1, " "1, " "1, " "1, " "1, " "1, " "1, " "1, " "1, " "1, " "1, " "1, " "1, " "1, " "1, " "1, " "1, " "1, " "1, " "1, " "1, " "1, " "1, " "1, " "1, " "1, " "1, " "0, " "1, " "1, " "1, " "1, " "1, " "1, " "1, " "1, " "1, " "1, " "1, " "1, " "1, " "1, " "1, " "1, " "1, " "1, " "1, " "1, " "1, " "1, " "1, " "1, " "1, " "1, " "1, " "1, " "1, " "1, " "1, " "1, " "1, " "1, " "1, " "1, " "1, " "1, " "1, " "1, " "1, " "1, " "1, " "1, " "1, " "1, " "1, " "1, " "1, " "1, " "1, " "1, " "1, " "1, " "1, "5000
 "Nei202, 0.268, " "0.891, " "1, " "1, " "1, " "1, " "1, " "1, " "1, " "1, " "1, " "1, " "1, " "1, " "1, " "1, " "1, " "1, " "1, " "1, " "1, " "1, " "1, " "1, " "1, " "1, " "1, " "1, " "1, " "1, " "1, " "1, " "1, " "1, " "1, " "1, " "1, " "1, " "1, " "1, " "1, " "1, " "1, " "1, " "1, " "1, " "1, " "1, " "1, " "1, " "1, " "1, " "1, " "1, " "1, " "1, " "1, " "1, " "1, " "1, " "1, " "1, " "1, " "1, " "1, " "1, " "1, " "1, " "1, " "1, " "1, " "1, " "1, " "1, " "1, " "1, " "1, " "1, " "1, " "1, " "1, " "1, " "1, " "1, " "1, " "1, " "1, " "1, " "1, " "1, " "1, " "1, " "1, " "1, " "1, " "1, " "1, " "1, " "1, " "1, " "1, " "1, " "1, " "1, " "1, " "1, " "1, " "1, " "1, " "1, " "1, " "1, " "1, " "1, " "1, " "1, " "1, " "1, " "1, " "1, " "1, " "1, " "1, " "1, " "1, " "1, " "1, " "1, " "1, " "1, " "1, " "1, " "1, " "1, " "1, " "1, " "1, " "1, " "1, " "1, " "1, " "1, " "1, " "1, " "1, " "1, " "1, " "1, " "1, " "1, " "1, " "1, " "1, " "1, " "1, " "1, " "1, " "1, " "1, " "1, " "1, " "1, " "1, " "1, " "1, " "1, " "1, " "1, " "1, " "1, " "1, " "1, " "1, " "1, " "1, " "1, " "1, " "1, " "1, " "1, " "1, " "1, " "1, " "1, " "1, " "1, " "1, " "1, " "1, " "1, " "1, " "1, " "1, " "1, " "1, " "1, " "1, " "1, " "1, " "1, " "1, " "1, " "1, " "1, " "0, " "1, " "1, " "1, " "1, " "1, " "1, " "1, " "1, " "1, " "1, " "1, " "1, " "1, " "1, " "1, " "1, " "1, " "1, " "1, " "1, " "1, " "1, " "1, " "1, " "1, " "1, " "1, " "1, " "1, " "1, " "1, " "1, " "1, " "1, " "1, " "1, " "1, " "1, " "1, " "1, " "1, " "1, " "1, " "1, " "1, " "1, " "1, " "1, " "1, " "1, " "1, " "1, " "1, " "1, "5000
 "Nei203, 0.363, " "0.886, " "1, " "1, " "1, " "1, " "1, " "1, " "1, " "1, " "1, " "1, " "1, " "1, " "1, " "1, " "1, " "1, " "1, " "1, " "1, " "1, " "1, " "1, " "1, " "1, " "1, " "1, " "1, " "1, " "1, " "1, " "1, " "1, " "1, " "1, " "1, " "1, " "1, " "1, " "1, " "1, " "1, " "1, " "1, " "1, " "1, " "1, " "1, " "1, " "1, " "1, " "1, " "1, " "1, " "1, " "1, " "1, " "1, " "1, " "1, " "1, " "1, " "1, " "1, " "1, " "1, " "1, " "1, " "1, " "1, " "1, " "1, " "1, " "1, " "1, " "1, " "1, " "1, " "1, " "1, " "1, " "1, " "1, " "1, " "1, " "1, " "1, " "1, " "1, " "1, " "1, " "1, " "1, " "1, " "1, " "1, " "1, " "1, " "1, " "1, " "1, " "1, " "1, " "1, " "1, " "1, " "1, " "1, " "1, " "1, " "1, " "1, " "1, " "1, " "1, " "1, " "1, " "1, " "1, " "1, " "1, " "1, " "1, " "1, " "1, " "1, " "1, " "1, " "1, " "1, " "1, " "1, " "1, " "1, " "1, " "1, " "1, " "1, " "1, " "1, " "1, " "1, " "1, " "1, " "1, " "1, " "1, " "1, " "1, " "1, " "1, " "1, " "1, " "1, " "1, " "1, " "1, " "1, " "1, " "1, " "1, " "1, " "1, " "1, " "1, " "1, " "1, " "1, " "1, " "1, " "1, " "1, " "1, " "1, " "1, " "1, " "1, " "1, " "1, " "1, " "1, " "1, " "1, " "1, " "1, " "1, " "1, " "1, " "1, " "1, " "1, " "1, " "1, " "1, " "1, " "1, " "1, " "1, " "1, " "1, " "1, " "1, " "1, " "1, " "0, " "1, " "1, " "1, " "1, " "1, " "1, " "1, " "1, " "1, " "1, " "1, " "1, " "1, " "1, " "1, " "1, " "1, " "1, " "1, " "1, " "1, " "1, " "1, " "1, " "1, " "1, " "1, " "1, " "1, " "1, " "1, " "1, " "1, " "1, " "1, " "1, " "1, " "1, " "1, " "1, " "1, " "1, " "1, " "1, " "1, " "1, " "1, " "1, " "1, " "1, " "1, " "1, " "1, "5000
 "Nei204, 0.186, " "0.89, " "1, " "1, " "1, " "1, " "1, " "1, " "1, " "1, " "1, " "1, " "1, " "1, " "1, " "1, " "1, " "1, " "1, " "1, " "1, " "1, " "1, " "1, " "1, " "1, " "1, " "1, " "1, " "1, " "1, " "1, " "1, " "1, " "1, " "1, " "1, " "1, " "1, " "1, " "1, " "1, " "1, " "1, " "1, " "1, " "1, " "1, " "1, " "1, " "1, " "1, " "1, " "1, " "1, " "1, " "1, " "1, " "1, " "1, " "1, " "1, " "1, " "1, " "1, " "1, " "1, " "1, " "1, " "1, " "1, " "1, " "1, " "1, " "1, " "1, " "1, " "1, " "1, " "1, " "1, " "1, " "1, " "1, " "1, " "1, " "1, " "1, " "1, " "1, " "1, " "1, " "1, " "1, " "1, " "1, " "1, " "1, " "1, " "1, " "1, " "1, " "1, " "1, " "1, " "1, " "1, " "1, " "1, " "1, " "1, " "1, " "1, " "1, " "1, " "1, " "1, " "1, " "1, " "1, " "1, " "1, " "1, " "1, " "1, " "1, " "1, " "1, " "1, " "1, " "1, " "1, " "1, " "1, " "1, " "1, " "1, " "1, " "1, " "1, " "1, " "1, " "1, " "1, " "1, " "1, " "1, " "1, " "1, " "1, " "1, " "1, " "1, " "1, " "1, " "1, " "1, " "1, " "1, " "1, " "1, " "1, " "1, " "1, " "1, " "1, " "1, " "1, " "1, " "1, " "1, " "1, " "1, " "1, " "1, " "1, " "1, " "1, " "1, " "1, " "1, " "1, " "1, " "1, " "1, " "1, " "1, " "1, " "1, " "1, " "1, " "1, " "1, " "1, " "1, " "1, " "1, " "1, " "1, " "1, " "1, " "1, " "1, " "1, " "1, " "1, " "0, " "1, " "1, " "1, " "1, " "1, " "1, " "1, " "1, " "1, " "1, " "1, " "1, " "1, " "1, " "1, " "1, " "1, " "1, " "1, " "1, " "1, " "1, " "1, " "1, " "1, " "1, " "1, " "1, " "1, " "1, " "1, " "1, " "1, " "1, " "1, " "1, " "1, " "1, " "1, " "1, " "1, " "1, " "1, " "1, " "1, " "1, " "1, " "1, " "1, " "1, " "1, " "1, "5000
 "Nei205, 0.256, " "0.89, " "1, " "1, " "1, " "1, " "1, " "1, " "1, " "1, " "1, " "1, " "1, " "1, " "1, " "1, " "1, " "1, " "1, " "1, " "1, " "1, " "1, " "1, " "1, " "1, " "1, " "1, " "1, " "1, " "1, " "1, " "1, " "1, " "1, " "1, " "1, " "1, " "1, " "1, " "1, " "1, " "1, " "1, " "1, " "1, " "1, " "1, " "1, " "1, " "1, " "1, " "1, " "1, " "1, " "1, " "1, " "1, " "1, " "1, " "1, " "1, " "1, " "1, " "1, " "1, " "1, " "1, " "1, " "1, " "1, " "1, " "1, " "1, " "1, " "1, " "1, " "1, " "1, " "1, " "1, " "1, " "1, " "1, " "1, " "1, " "1, " "1, " "1, " "1, " "1, " "1, " "1, " "1, " "1, " "1, " "1, " "1, " "1, " "1, " "1, " "1, " "1, " "1, " "1, " "1, " "1, " "1, " "1, " "1, " "1, " "1, " "1, " "1, " "1, " "1, " "1, " "1, " "1, " "1, " "1, " "1, " "1, " "1, " "1, " "1, " "1, " "1, " "1, " "1, " "1, " "1, " "1, " "1, " "1, " "1, " "1, " "1, " "1, " "1, " "1, " "1, " "1, " "1, " "1, " "1, " "1, " "1, " "1, " "1, " "1, " "1, " "1, " "1, " "1, " "1, " "1, " "1, " "1, " "1, " "1, " "1, " "1, " "1, " "1, " "1, " "1, " "1, " "1, " "1, " "1, " "1, " "1, " "1, " "1, " "1, " "1, " "1, " "1, " "1, " "1, " "1, " "1, " "1, " "1, " "1, " "1, " "1, " "1, " "1, " "1, " "1, " "1, " "1, " "1, " "1, " "1, " "1, " "1, " "1, " "1, " "1, " "1, " "1, " "1, " "1, " "1, " "0, " "1, " "1, " "1, " "1, " "1, " "1, " "1, " "1, " "1, " "1, " "1, " "1, " "1, " "1, " "1, " "1, " "1, " "1, " "1, " "1, " "1, " "1, " "1, " "1, " "1, " "1, " "1, " "1, " "1, " "1, " "1, " "1, " "1, " "1, " "1, " "1, " "1, " "1, " "1, " "1, " "1, " "1, " "1, " "1, " "1, " "1, " "1, " "1, " "1, " "1, " "1, "5000
 "Nei206, 0.235, " "0.89, " "1, " "1, " "1, " "1, " "1, " "1, " "1, " "1, " "1, " "1, " "1, " "1, " "1, " "1, " "1, " "1, " "1, " "1, " "1, " "1, " "1, " "1, " "1, " "1, " "1, " "1, " "1, " "1, " "1, " "1, " "1, " "1, " "1, " "1, " "1, " "1, " "1, " "1, " "1, " "1, " "1, " "1, " "1, " "1, " "1, " "1, " "1, " "1, " "1, " "1, " "1, " "1, " "1, " "1, " "1, " "1, " "1, " "1, " "1, " "1, " "1, " "1, " "1, " "1, " "1, " "1, " "1, " "1, " "1, " "1, " "1, " "1, " "1, " "1, " "1, " "1, " "1, " "1, " "1, " "1, " "1, " "1, " "1, " "1, " "1, " "1, " "1, " "1, " "1, " "1, " "1, " "1, " "1, " "1, " "1, " "1, " "1, " "1, " "1, " "1, " "1, " "1, " "1, " "1, " "1, " "1, " "1, " "1, " "1, " "1, " "1, " "1, " "1, " "1, " "1, " "1, " "1, " "1, " "1, " "1, " "1, " "1, " "1, " "1, " "1, " "1, " "1, " "1, " "1, " "1, " "1, " "1, " "1, " "1, " "1, " "1, " "1, " "1, " "1, " "1, " "1, " "1, " "1, " "1, " "1, " "1, " "1, " "1, " "1, " "1, " "1, " "1, " "1, " "1, " "1, " "1, " "1, " "1, " "1, " "1, " "1, " "1, " "1, " "1, " "1, " "1, " "1, " "1, " "1, " "1, " "1, " "1, " "1, " "1, " "1, " "1, " "1, " "1, " "1, " "1, " "1, " "1, " "1, " "1, " "1, " "1, " "1, " "1, " "1, " "1, " "1, " "1, " "1, " "1, " "1, " "1, " "1, " "1, " "1, " "1, " "1, " "1, " "1, " "1, " "1, " "1, " "0, " "1, " "1, " "1, " "1, " "1, " "1, " "1, " "1, " "1, " "1, " "1, " "1, " "1, " "1, " "1, " "1, " "1, " "1, " "1, " "1, " "1, " "1, " "1, " "1, " "1, " "1, " "1, " "1, " "1, " "1, " "1, " "1, " "1, " "1, " "1, " "1, " "1, " "1, " "1, " "1, " "1, " "1, " "1, " "1, " "1, " "1, " "1, " "1, " "1, " "1, "5000
 "Nei207, 0.191, " "0.89, " "1, " "1, " "1, " "1, " "1, " "1, " "1, " "1, " "1, " "1, " "1, " "1, " "1, " "1, " "1, " "1, " "1, " "1, " "1, " "1, " "1, " "1, " "1, " "1, " "1, " "1, " "1, " "1, " "1, " "1, " "1, " "1, " "1, " "1, " "1, " "1, " "1, " "1, " "1, " "1, " "1, " "1, " "1, " "1, " "1, " "1, " "1, " "1, " "1, " "1, " "1, " "1, " "1, " "1, " "1, " "1, " "1, " "1, " "1, " "1, " "1, " "1, " "1, " "1, " "1, " "1, " "1, " "1, " "1, " "1, " "1, " "1, " "1, " "1, " "1, " "1, " "1, " "1, " "1, " "1, " "1, " "1, " "1, " "1, " "1, " "1, " "1, " "1, " "1, " "1, " "1, " "1, " "1, " "1, " "1, " "1, " "1, " "1, " "1, " "1, " "1, " "1, " "1, " "1, " "1, " "1, " "1, " "1, " "1, " "1, " "1, " "1, " "1, " "1, " "1, " "1, " "1, " "1, " "1, " "1, " "1, " "1, " "1, " "1, " "1, " "1, " "1, " "1, " "1, " "1, " "1, " "1, " "1, " "1, " "1, " "1, " "1, " "1, " "1, " "1, " "1, " "1, " "1, " "1, " "1, " "1, " "1, " "1, " "1, " "1, " "1, " "1, " "1, " "1, " "1, " "1, " "1, " "1, " "1, " "1, " "1, " "1, " "1, " "1, " "1, " "1, " "1, " "1, " "1, " "1, " "1, " "1, " "1, " "1, " "1, " "1, " "1, " "1, " "1, " "1, " "1, " "1, " "1, " "1, " "1, " "1, " "1, " "1, " "1, " "1, " "1, " "1, " "1, " "1, " "1, " "1, " "1, " "1, " "1, " "1, " "1, " "1, " "1, " "1, " "1, " "1, " "1, " "0, " "1, " "1, " "1, " "1, " "1, " "1, " "1, " "1, " "1, " "1, " "1, " "1, " "1, " "1, " "1, " "1, " "1, " "1, " "1, " "1, " "1, " "1, " "1, " "1, " "1, " "1, " "1, " "1, " "1, " "1, " "1, " "1, " "1, " "1, " "1, " "1, " "1, " "1, " "1, " "1, " "1, " "1, " "1, " "1, " "1, " "1, " "1, " "1, " "1, "5000
 "Nei208, 0.038, " "0.89, " "1, " "1, " "1, " "1, " "1, " "1, " "1, " "1, " "1, " "1, " "1, " "1, " "1, " "1, " "1, " "1, " "1, " "1, " "1, " "1, " "1, " "1, " "1, " "1, " "1, " "1, " "1, " "1, " "1, " "1, " "1, " "1, " "1, " "1, " "1, " "1, " "1, " "1, " "1, " "1, " "1, " "1, " "1, " "1, " "1, " "1, " "1, " "1, " "1, " "1, " "1, " "1, " "1, " "1, " "1, " "1, " "1, " "1, " "1, " "1, " "1, " "1, " "1, " "1, " "1, " "1, " "1, " "1, " "1, " "1, " "1, " "1, " "1, " "1, " "1, " "1, " "1, " "1, " "1, " "1, " "1, " "1, " "1, " "1, " "1, " "1, " "1, " "1, " "1, " "1, " "1, " "1, " "1, " "1, " "1, " "1, " "1, " "1, " "1, " "1, " "1, " "1, " "1, " "1, " "1, " "1, " "1, " "1, " "1, " "1, " "1, " "1, " "1, " "1, " "1, " "1, " "1, " "1, " "1, " "1, " "1, " "1, " "1, " "1, " "1, " "1, " "1, " "1, " "1, " "1, " "1, " "1, " "1, " "1, " "1, " "1, " "1, " "1, " "1, " "1, " "1, " "1, " "1, " "1, " "1, " "1, " "1, " "1, " "1, " "1, " "1, " "1, " "1, " "1, " "1, " "1, " "1, " "1, " "1, " "1, " "1, " "1, " "1, " "1, " "1, " "1, " "1, " "1, " "1, " "1, " "1, " "1, " "1, " "1, " "1, " "1, " "1, " "1, " "1, " "1, " "1, " "1, " "1, " "1, " "1, " "1, " "1, " "1, " "1, " "1, " "1, " "1, " "1, " "1, " "1, " "1, " "1, " "1, " "1, " "1, " "1, " "1, " "1, " "1, " "1, " "1, " "1, " "1, " "0, " "1, " "1, " "1, " "1, " "1, " "1, " "1, " "1, " "1, " "1, " "1, " "1, " "1, " "1, " "1, " "1, " "1, " "1, " "1, " "1, " "1, " "1, " "1, " "1, " "1, " "1, " "1, " "1, " "1, " "1, " "1, " "1, " "1, " "1, " "1, " "1, " "1, " "1, " "1, " "1, " "1, " "1, " "1, " "1, " "1, " "1, " "1, " "1, "5000
 "Nei209, 0.097, " "0.89, " "1, " "1, " "1, " "1, " "1, " "1, " "1, " "1, " "1, " "1, " "1, " "1, " "1, " "1, " "1, " "1, " "1, " "1, " "1, " "1, " "1, " "1, " "1, " "1, " "1, " "1, " "1, " "1, " "1, " "1, " "1, " "1, " "1, " "1, " "1, " "1, " "1, " "1, " "1, " "1, " "1, " "1, " "1, " "1, " "1, " "1, " "1, " "1, " "1, " "1, " "1, " "1, " "1, " "1, " "1, " "1, " "1, " "1, " "1, " "1, " "1, " "1, " "1, " "1, " "1, " "1, " "1, " "1, " "1, " "1, " "1, " "1, " "1, " "1, " "1, " "1, " "1, " "1, " "1, " "1, " "1, " "1, " "1, " "1, " "1, " "1, " "1, " "1, " "1, " "1, " "1, " "1, " "1, " "1, " "1, " "1, " "1, " "1, " "1, " "1, " "1, " "1, " "1, " "1, " "1, " "1, " "1, " "1, " "1, " "1, " "1, " "1, " "1, " "1, " "1, " "1, " "1, " "1, " "1, " "1, " "1, " "1, " "1, " "1, " "1, " "1, " "1, " "1, " "1, " "1, " "1, " "1, " "1, " "1, " "1, " "1, " "1, " "1, " "1, " "1, " "1, " "1, " "1, " "1, " "1, " "1, " "1, " "1, " "1, " "1, " "1, " "1, " "1, " "1, " "1, " "1, " "1, " "1, " "1, " "1, " "1, " "1, " "1, " "1, " "1, " "1, " "1, " "1, " "1, " "1, " "1, " "1, " "1, " "1, " "1, " "1, " "1, " "1, " "1, " "1, " "1, " "1, " "1, " "1, " "1, " "1, " "1, " "1, " "1, " "1, " "1, " "1, " "1, " "1, " "1, " "1, " "1, " "1, " "1, " "1, " "1, " "1, " "1, " "1, " "1, " "1, " "1, " "1, " "1, " "0, " "1, " "1, " "1, " "1, " "1, " "1, " "1, " "1, " "1, " "1, " "1, " "1, " "1, " "1, " "1, " "1, " "1, " "1, " "1, " "1, " "1, " "1, " "1, " "1, " "1, " "1, " "1, " "1, " "1, " "1, " "1, " "1, " "1, " "1, " "1, " "1, " "1, " "1, " "1, " "1, " "1, " "1, " "1, " "1, " "1, " "1, " "1, "5000
 "Nei210, 0.181, " "0.89, " "1, " "1, " "1, " "1, " "1, " "1, " "1, " "1, " "1, " "1, " "1, " "1, " "1, " "1, " "1, " "1, " "1, " "1, " "1, " "1, " "1, " "1, " "1, " "1, " "1, " "1, " "1, " "1, " "1, " "1, " "1, " "1, " "1, " "1, " "1, " "1, " "1, " "1, " "1, " "1, " "1, " "1, " "1, " "1, " "1, " "1, " "1, " "1, " "1, " "1, " "1, " "1, " "1, " "1, " "1, " "1, " "1, " "1, " "1, " "1, " "1, " "1, " "1, " "1, " "1, " "1, " "1, " "1, " "1, " "1, " "1, " "1, " "1, " "1, " "1, " "1, " "1, " "1, " "1, " "1, " "1, " "1, " "1, " "1, " "1, " "1, " "1, " "1, " "1, " "1, " "1, " "1, " "1, " "1, " "1, " "1, " "1, " "1, " "1, " "1, " "1, " "1, " "1, " "1, " "1, " "1, " "1, " "1, " "1, " "1, " "1, " "1, " "1, " "1, " "1, " "1, " "1, " "1, " "1, " "1, " "1, " "1, " "1, " "1, " "1, " "1, " "1, " "1, " "1, " "1, " "1, " "1, " "1, " "1, " "1, " "1, " "1, " "1, " "1, " "1, " "1, " "1, " "1, " "1, " "1, " "1, " "1, " "1, " "1, " "1, " "1, " "1, " "1, " "1, " "1, " "1, " "1, " "1, " "1, " "1, " "1, " "1, " "1, " "1, " "1, " "1, " "1, " "1, " "1, " "1, " "1, " "1, " "1, " "1, " "1, " "1, " "1, " "1, " "1, " "1, " "1, " "1, " "1, " "1, " "1, " "1, " "1, " "1, " "1, " "1, " "1, " "1, " "1, " "1, " "1, " "1, " "1, " "1, " "1, " "1, " "1, " "1, " "1, " "1, " "1, " "1, " "1, " "1, " "1, " "1, " "0, " "1, " "1, " "1, " "1, " "1, " "1, " "1, " "1, " "1, " "1, " "1, " "1, " "1, " "1, " "1, " "1, " "1, " "1, " "1, " "1, " "1, " "1, " "1, " "1, " "1, " "1, " "1, " "1, " "1, " "1, " "1, " "1, " "1, " "1, " "1, " "1, " "1, " "1, " "1, " "1, " "1, " "1, " "1, " "1, " "1, " "1, "5000
 "Nei211, 0.291, " "0.887, " "1, " "1, " "1, " "1, " "1, " "1, " "1, " "1, " "1, " "1, " "1, " "1, " "1, " "1, " "1, " "1, " "1, " "1, " "1, " "1, " "1, " "1, " "1, " "1, " "1, " "1, " "1, " "1, " "1, " "1, " "1, " "1, " "1, " "1, " "1, " "1, " "1, " "1, " "1, " "1, " "1, " "1, " "1, " "1, " "1, " "1, " "1, " "1, " "1, " "1, " "1, " "1, " "1, " "1, " "1, " "1, " "1, " "1, " "1, " "1, " "1, " "1, " "1, " "1, " "1, " "1, " "1, " "1, " "1, " "1, " "1, " "1, " "1, " "1, " "1, " "1, " "1, " "1, " "1, " "1, " "1, " "1, " "1, " "1, " "1, " "1, " "1, " "1, " "1, " "1, " "1, " "1, " "1, " "1, " "1, " "1, " "1, " "1, " "1, " "1, " "1, " "1, " "1, " "1, " "1, " "1, " "1, " "1, " "1, " "1, " "1, " "1, " "1, " "1, " "1, " "1, " "1, " "1, " "1, " "1, " "1, " "1, " "1, " "1, " "1, " "1, " "1, " "1, " "1, " "1, " "1, " "1, " "1, " "1, " "1, " "1, " "1, " "1, " "1, " "1, " "1, " "1, " "1, " "1, " "1, " "1, " "1, " "1, " "1, " "1, " "1, " "1, " "1, " "1, " "1, " "1, " "1, " "1, " "1, " "1, " "1, " "1, " "1, " "1, " "1, " "1, " "1, " "1, " "1, " "1, " "1, " "1, " "1, " "1, " "1, " "1, " "1, " "1, " "1, " "1, " "1, " "1, " "1, " "1, " "1, " "1, " "1, " "1, " "1, " "1, " "1, " "1, " "1, " "1, " "1, " "1, " "1, " "1, " "1, " "1, " "1, " "1, " "1, " "1, " "1, " "1, " "1, " "1, " "1, " "1, " "1, " "0, " "1, " "1, " "1, " "1, " "1, " "1, " "1, " "1, " "1, " "1, " "1, " "1, " "1, " "1, " "1, " "1, " "1, " "1, " "1, " "1, " "1, " "1, " "1, " "1, " "1, " "1, " "1, " "1, " "1, " "1, " "1, " "1, " "1, " "1, " "1, " "1, " "1, " "1, " "1, " "1, " "1, " "1, " "1, " "1, " "1, "5000
 "Nei212, 0.255, " "0.891, " "1, " "1, " "1, " "1, " "1, " "1, " "1, " "1, " "1, " "1, " "1, " "1, " "1, " "1, " "1, " "1, " "1, " "1, " "1, " "1, " "1, " "1, " "1, " "1, " "1, " "1, " "1, " "1, " "1, " "1, " "1, " "1, " "1, " "1, " "1, " "1, " "1, " "1, " "1, " "1, " "1, " "1, " "1, " "1, " "1, " "1, " "1, " "1, " "1, " "1, " "1, " "1, " "1, " "1, " "1, " "1, " "1, " "1, " "1, " "1, " "1, " "1, " "1, " "1, " "1, " "1, " "1, " "1, " "1, " "1, " "1, " "1, " "1, " "1, " "1, " "1, " "1, " "1, " "1, " "1, " "1, " "1, " "1, " "1, " "1, " "1, " "1, " "1, " "1, " "1, " "1, " "1, " "1, " "1, " "1, " "1, " "1, " "1, " "1, " "1, " "1, " "1, " "1, " "1, " "1, " "1, " "1, " "1, " "1, " "1, " "1, " "1, " "1, " "1, " "1, " "1, " "1, " "1, " "1, " "1, " "1, " "1, " "1, " "1, " "1, " "1, " "1, " "1, " "1, " "1, " "1, " "1, " "1, " "1, " "1, " "1, " "1, " "1, " "1, " "1, " "1, " "1, " "1, " "1, " "1, " "1, " "1, " "1, " "1, " "1, " "1, " "1, " "1, " "1, " "1, " "1, " "1, " "1, " "1, " "1, " "1, " "1, " "1, " "1, " "1, " "1, " "1, " "1, " "1, " "1, " "1, " "1, " "1, " "1, " "1, " "1, " "1, " "1, " "1, " "1, " "1, " "1, " "1, " "1, " "1, " "1, " "1, " "1, " "1, " "1, " "1, " "1, " "1, " "1, " "1, " "1, " "1, " "1, " "1, " "1, " "1, " "1, " "1, " "1, " "1, " "1, " "1, " "1, " "1, " "1, " "1, " "1, " "0, " "1, " "1, " "1, " "1, " "1, " "1, " "1, " "1, " "1, " "1, " "1, " "1, " "1, " "1, " "1, " "1, " "1, " "1, " "1, " "1, " "1, " "1, " "1, " "1, " "1, " "1, " "1, " "1, " "1, " "1, " "1, " "1, " "1, " "1, " "1, " "1, " "1, " "1, " "1, " "1, " "1, " "1, " "1, " "1, "5000
 "Nei213, 0.124, " "0.89, " "1, " "1, " "1, " "1, " "1, " "1, " "1, " "1, " "1, " "1, " "1, " "1, " "1, " "1, " "1, " "1, " "1, " "1, " "1, " "1, " "1, " "1, " "1, " "1, " "1, " "1, " "1, " "1, " "1, " "1, " "1, " "1, " "1, " "1, " "1, " "1, " "1, " "1, " "1, " "1, " "1, " "1, " "1, " "1, " "1, " "1, " "1, " "1, " "1, " "1, " "1, " "1, " "1, " "1, " "1, " "1, " "1, " "1, " "1, " "1, " "1, " "1, " "1, " "1, " "1, " "1, " "1, " "1, " "1, " "1, " "1, " "1, " "1, " "1, " "1, " "1, " "1, " "1, " "1, " "1, " "1, " "1, " "1, " "1, " "1, " "1, " "1, " "1, " "1, " "1, " "1, " "1, " "1, " "1, " "1, " "1, " "1, " "1, " "1, " "1, " "1, " "1, " "1, " "1, " "1, " "1, " "1, " "1, " "1, " "1, " "1, " "1, " "1, " "1, " "1, " "1, " "1, " "1, " "1, " "1, " "1, " "1, " "1, " "1, " "1, " "1, " "1, " "1, " "1, " "1, " "1, " "1, " "1, " "1, " "1, " "1, " "1, " "1, " "1, " "1, " "1, " "1, " "1, " "1, " "1, " "1, " "1, " "1, " "1, " "1, " "1, " "1, " "1, " "1, " "1, " "1, " "1, " "1, " "1, " "1, " "1, " "1, " "1, " "1, " "1, " "1, " "1, " "1, " "1, " "1, " "1, " "1, " "1, " "1, " "1, " "1, " "1, " "1, " "1, " "1, " "1, " "1, " "1, " "1, " "1, " "1, " "1, " "1, " "1, " "1, " "1, " "1, " "1, " "1, " "1, " "1, " "1, " "1, " "1, " "1, " "1, " "1, " "1, " "1, " "1, " "1, " "1, " "1, " "1, " "1, " "1, " "1, " "1, " "0, " "1, " "1, " "1, " "1, " "1, " "1, " "1, " "1, " "1, " "1, " "1, " "1, " "1, " "1, " "1, " "1, " "1, " "1, " "1, " "1, " "1, " "1, " "1, " "1, " "1, " "1, " "1, " "1, " "1, " "1, " "1, " "1, " "1, " "1, " "1, " "1, " "1, " "1, " "1, " "1, " "1, " "1, " "1, "5000
 "Nei214, 0.237, " "0.89, " "1, " "1, " "1, " "1, " "1, " "1, " "1, " "1, " "1, " "1, " "1, " "1, " "1, " "1, " "1, " "1, " "1, " "1, " "1, " "1, " "1, " "1, " "1, " "1, " "1, " "1, " "1, " "1, " "1, " "1, " "1, " "1, " "1, " "1, " "1, " "1, " "1, " "1, " "1, " "1, " "1, " "1, " "1, " "1, " "1, " "1, " "1, " "1, " "1, " "1, " "1, " "1, " "1, " "1, " "1, " "1, " "1, " "1, " "1, " "1, " "1, " "1, " "1, " "1, " "1, " "1, " "1, " "1, " "1, " "1, " "1, " "1, " "1, " "1, " "1, " "1, " "1, " "1, " "1, " "1, " "1, " "1, " "1, " "1, " "1, " "1, " "1, " "1, " "1, " "1, " "1, " "1, " "1, " "1, " "1, " "1, " "1, " "1, " "1, " "1, " "1, " "1, " "1, " "1, " "1, " "1, " "1, " "1, " "1, " "1, " "1, " "1, " "1, " "1, " "1, " "1, " "1, " "1, " "1, " "1, " "1, " "1, " "1, " "1, " "1, " "1, " "1, " "1, " "1, " "1, " "1, " "1, " "1, " "1, " "1, " "1, " "1, " "1, " "1, " "1, " "1, " "1, " "1, " "1, " "1, " "1, " "1, " "1, " "1, " "1, " "1, " "1, " "1, " "1, " "1, " "1, " "1, " "1, " "1, " "1, " "1, " "1, " "1, " "1, " "1, " "1, " "1, " "1, " "1, " "1, " "1, " "1, " "1, " "1, " "1, " "1, " "1, " "1, " "1, " "1, " "1, " "1, " "1, " "1, " "1, " "1, " "1, " "1, " "1, " "1, " "1, " "1, " "1, " "1, " "1, " "1, " "1, " "1, " "1, " "1, " "1, " "1, " "1, " "1, " "1, " "1, " "1, " "1, " "1, " "1, " "1, " "1, " "1, " "1, " "0, " "1, " "1, " "1, " "1, " "1, " "1, " "1, " "1, " "1, " "1, " "1, " "1, " "1, " "1, " "1, " "1, " "1, " "1, " "1, " "1, " "1, " "1, " "1, " "1, " "1, " "1, " "1, " "1, " "1, " "1, " "1, " "1, " "1, " "1, " "1, " "1, " "1, " "1, " "1, " "1, " "1, " "1, "5000
 "Nei215, 0.097, " "0.89, " "1, " "1, " "1, " "1, " "1, " "1, " "1, " "1, " "1, " "1, " "1, " "1, " "1, " "1, " "1, " "1, " "1, " "1, " "1, " "1, " "1, " "1, " "1, " "1, " "1, " "1, " "1, " "1, " "1, " "1, " "1, " "1, " "1, " "1, " "1, " "1, " "1, " "1, " "1, " "1, " "1, " "1, " "1, " "1, " "1, " "1, " "1, " "1, " "1, " "1, " "1, " "1, " "1, " "1, " "1, " "1, " "1, " "1, " "1, " "1, " "1, " "1, " "1, " "1, " "1, " "1, " "1, " "1, " "1, " "1, " "1, " "1, " "1, " "1, " "1, " "1, " "1, " "1, " "1, " "1, " "1, " "1, " "1, " "1, " "1, " "1, " "1, " "1, " "1, " "1, " "1, " "1, " "1, " "1, " "1, " "1, " "1, " "1, " "1, " "1, " "1, " "1, " "1, " "1, " "1, " "1, " "1, " "1, " "1, " "1, " "1, " "1, " "1, " "1, " "1, " "1, " "1, " "1, " "1, " "1, " "1, " "1, " "1, " "1, " "1, " "1, " "1, " "1, " "1, " "1, " "1, " "1, " "1, " "1, " "1, " "1, " "1, " "1, " "1, " "1, " "1, " "1, " "1, " "1, " "1, " "1, " "1, " "1, " "1, " "1, " "1, " "1, " "1, " "1, " "1, " "1, " "1, " "1, " "1, " "1, " "1, " "1, " "1, " "1, " "1, " "1, " "1, " "1, " "1, " "1, " "1, " "1, " "1, " "1, " "1, " "1, " "1, " "1, " "1, " "1, " "1, " "1, " "1, " "1, " "1, " "1, " "1, " "1, " "1, " "1, " "1, " "1, " "1, " "1, " "1, " "1, " "1, " "1, " "1, " "1, " "1, " "1, " "1, " "1, " "1, " "1, " "1, " "1, " "1, " "1, " "1, " "1, " "1, " "1, " "1, " "0, " "1, " "1, " "1, " "1, " "1, " "1, " "1, " "1, " "1, " "1, " "1, " "1, " "1, " "1, " "1, " "1, " "1, " "1, " "1, " "1, " "1, " "1, " "1, " "1, " "1, " "1, " "1, " "1, " "1, " "1, " "1, " "1, " "1, " "1, " "1, " "1, " "1, " "1, " "1, " "1, " "1, "5000
 "Nei216, 0.317, " "0.885, " "1, " "1, " "1, " "1, " "1, " "1, " "1, " "1, " "1, " "1, " "1, " "1, " "1, " "1, " "1, " "1, " "1, " "1, " "1, " "1, " "1, " "1, " "1, " "1, " "1, " "1, " "1, " "1, " "1, " "1, " "1, " "1, " "1, " "1, " "1, " "1, " "1, " "1, " "1, " "1, " "1, " "1, " "1, " "1, " "1, " "1, " "1, " "1, " "1, " "1, " "1, " "1, " "1, " "1, " "1, " "1, " "1, " "1, " "1, " "1, " "1, " "1, " "1, " "1, " "1, " "1, " "1, " "1, " "1, " "1, " "1, " "1, " "1, " "1, " "1, " "1, " "1, " "1, " "1, " "1, " "1, " "1, " "1, " "1, " "1, " "1, " "1, " "1, " "1, " "1, " "1, " "1, " "1, " "1, " "1, " "1, " "1, " "1, " "1, " "1, " "1, " "1, " "1, " "1, " "1, " "1, " "1, " "1, " "1, " "1, " "1, " "1, " "1, " "1, " "1, " "1, " "1, " "1, " "1, " "1, " "1, " "1, " "1, " "1, " "1, " "1, " "1, " "1, " "1, " "1, " "1, " "1, " "1, " "1, " "1, " "1, " "1, " "1, " "1, " "1, " "1, " "1, " "1, " "1, " "1, " "1, " "1, " "1, " "1, " "1, " "1, " "1, " "1, " "1, " "1, " "1, " "1, " "1, " "1, " "1, " "1, " "1, " "1, " "1, " "1, " "1, " "1, " "1, " "1, " "1, " "1, " "1, " "1, " "1, " "1, " "1, " "1, " "1, " "1, " "1, " "1, " "1, " "1, " "1, " "1, " "1, " "1, " "1, " "1, " "1, " "1, " "1, " "1, " "1, " "1, " "1, " "1, " "1, " "1, " "1, " "1, " "1, " "1, " "1, " "1, " "1, " "1, " "1, " "1, " "1, " "1, " "1, " "1, " "1, " "1, " "1, " "0, " "1, " "1, " "1, " "1, " "1, " "1, " "1, " "1, " "1, " "1, " "1, " "1, " "1, " "1, " "1, " "1, " "1, " "1, " "1, " "1, " "1, " "1, " "1, " "1, " "1, " "1, " "1, " "1, " "1, " "1, " "1, " "1, " "1, " "1, " "1, " "1, " "1, " "1, " "1, " "1, "5000
 "Nei217, 0.103, " "0.89, " "1, " "1, " "1, " "1, " "1, " "1, " "1, " "1, " "1, " "1, " "1, " "1, " "1, " "1, " "1, " "1, " "1, " "1, " "1, " "1, " "1, " "1, " "1, " "1, " "1, " "1, " "1, " "1, " "1, " "1, " "1, " "1, " "1, " "1, " "1, " "1, " "1, " "1, " "1, " "1, " "1, " "1, " "1, " "1, " "1, " "1, " "1, " "1, " "1, " "1, " "1, " "1, " "1, " "1, " "1, " "1, " "1, " "1, " "1, " "1, " "1, " "1, " "1, " "1, " "1, " "1, " "1, " "1, " "1, " "1, " "1, " "1, " "1, " "1, " "1, " "1, " "1, " "1, " "1, " "1, " "1, " "1, " "1, " "1, " "1, " "1, " "1, " "1, " "1, " "1, " "1, " "1, " "1, " "1, " "1, " "1, " "1, " "1, " "1, " "1, " "1, " "1, " "1, " "1, " "1, " "1, " "1, " "1, " "1, " "1, " "1, " "1, " "1, " "1, " "1, " "1, " "1, " "1, " "1, " "1, " "1, " "1, " "1, " "1, " "1, " "1, " "1, " "1, " "1, " "1, " "1, " "1, " "1, " "1, " "1, " "1, " "1, " "1, " "1, " "1, " "1, " "1, " "1, " "1, " "1, " "1, " "1, " "1, " "1, " "1, " "1, " "1, " "1, " "1, " "1, " "1, " "1, " "1, " "1, " "1, " "1, " "1, " "1, " "1, " "1, " "1, " "1, " "1, " "1, " "1, " "1, " "1, " "1, " "1, " "1, " "1, " "1, " "1, " "1, " "1, " "1, " "1, " "1, " "1, " "1, " "1, " "1, " "1, " "1, " "1, " "1, " "1, " "1, " "1, " "1, " "1, " "1, " "1, " "1, " "1, " "1, " "1, " "1, " "1, " "1, " "1, " "1, " "1, " "1, " "1, " "1, " "1, " "1, " "1, " "1, " "1, " "1, " "0, " "1, " "1, " "1, " "1, " "1, " "1, " "1, " "1, " "1, " "1, " "1, " "1, " "1, " "1, " "1, " "1, " "1, " "1, " "1, " "1, " "1, " "1, " "1, " "1, " "1, " "1, " "1, " "1, " "1, " "1, " "1, " "1, " "1, " "1, " "1, " "1, " "1, " "1, " "1, "5000
 "Nei218, 0.072, " "0.89, " "1, " "1, " "1, " "1, " "1, " "1, " "1, " "1, " "1, " "1, " "1, " "1, " "1, " "1, " "1, " "1, " "1, " "1, " "1, " "1, " "1, " "1, " "1, " "1, " "1, " "1, " "1, " "1, " "1, " "1, " "1, " "1, " "1, " "1, " "1, " "1, " "1, " "1, " "1, " "1, " "1, " "1, " "1, " "1, " "1, " "1, " "1, " "1, " "1, " "1, " "1, " "1, " "1, " "1, " "1, " "1, " "1, " "1, " "1, " "1, " "1, " "1, " "1, " "1, " "1, " "1, " "1, " "1, " "1, " "1, " "1, " "1, " "1, " "1, " "1, " "1, " "1, " "1, " "1, " "1, " "1, " "1, " "1, " "1, " "1, " "1, " "1, " "1, " "1, " "1, " "1, " "1, " "1, " "1, " "1, " "1, " "1, " "1, " "1, " "1, " "1, " "1, " "1, " "1, " "1, " "1, " "1, " "1, " "1, " "1, " "1, " "1, " "1, " "1, " "1, " "1, " "1, " "1, " "1, " "1, " "1, " "1, " "1, " "1, " "1, " "1, " "1, " "1, " "1, " "1, " "1, " "1, " "1, " "1, " "1, " "1, " "1, " "1, " "1, " "1, " "1, " "1, " "1, " "1, " "1, " "1, " "1, " "1, " "1, " "1, " "1, " "1, " "1, " "1, " "1, " "1, " "1, " "1, " "1, " "1, " "1, " "1, " "1, " "1, " "1, " "1, " "1, " "1, " "1, " "1, " "1, " "1, " "1, " "1, " "1, " "1, " "1, " "1, " "1, " "1, " "1, " "1, " "1, " "1, " "1, " "1, " "1, " "1, " "1, " "1, " "1, " "1, " "1, " "1, " "1, " "1, " "1, " "1, " "1, " "1, " "1, " "1, " "1, " "1, " "1, " "1, " "1, " "1, " "1, " "1, " "1, " "1, " "1, " "1, " "1, " "1, " "1, " "1, " "0, " "1, " "1, " "1, " "1, " "1, " "1, " "1, " "1, " "1, " "1, " "1, " "1, " "1, " "1, " "1, " "1, " "1, " "1, " "1, " "1, " "1, " "1, " "1, " "1, " "1, " "1, " "1, " "1, " "1, " "1, " "1, " "1, " "1, " "1, " "1, " "1, " "1, " "1, "5000
 "Nei219, 0.384, " "0.886, " "1, " "1, " "1, " "1, " "1, " "1, " "1, " "1, " "1, " "1, " "1, " "1, " "1, " "1, " "1, " "1, " "1, " "1, " "1, " "1, " "1, " "1, " "1, " "1, " "1, " "1, " "1, " "1, " "1, " "1, " "1, " "1, " "1, " "1, " "1, " "1, " "1, " "1, " "1, " "1, " "1, " "1, " "1, " "1, " "1, " "1, " "1, " "1, " "1, " "1, " "1, " "1, " "1, " "1, " "1, " "1, " "1, " "1, " "1, " "1, " "1, " "1, " "1, " "1, " "1, " "1, " "1, " "1, " "1, " "1, " "1, " "1, " "1, " "1, " "1, " "1, " "1, " "1, " "1, " "1, " "1, " "1, " "1, " "1, " "1, " "1, " "1, " "1, " "1, " "1, " "1, " "1, " "1, " "1, " "1, " "1, " "1, " "1, " "1, " "1, " "1, " "1, " "1, " "1, " "1, " "1, " "1, " "1, " "1, " "1, " "1, " "1, " "1, " "1, " "1, " "1, " "1, " "1, " "1, " "1, " "1, " "1, " "1, " "1, " "1, " "1, " "1, " "1, " "1, " "1, " "1, " "1, " "1, " "1, " "1, " "1, " "1, " "1, " "1, " "1, " "1, " "1, " "1, " "1, " "1, " "1, " "1, " "1, " "1, " "1, " "1, " "1, " "1, " "1, " "1, " "1, " "1, " "1, " "1, " "1, " "1, " "1, " "1, " "1, " "1, " "1, " "1, " "1, " "1, " "1, " "1, " "1, " "1, " "1, " "1, " "1, " "1, " "1, " "1, " "1, " "1, " "1, " "1, " "1, " "1, " "1, " "1, " "1, " "1, " "1, " "1, " "1, " "1, " "1, " "1, " "1, " "1, " "1, " "1, " "1, " "1, " "1, " "1, " "1, " "1, " "1, " "1, " "1, " "1, " "1, " "1, " "1, " "1, " "1, " "1, " "1, " "1, " "1, " "1, " "0, " "1, " "1, " "1, " "1, " "1, " "1, " "1, " "1, " "1, " "1, " "1, " "1, " "1, " "1, " "1, " "1, " "1, " "1, " "1, " "1, " "1, " "1, " "1, " "1, " "1, " "1, " "1, " "1, " "1, " "1, " "1, " "1, " "1, " "1, " "1, " "1, " "1, "5000
 "Nei220, 0.289, " "0.886, " "1, " "1, " "1, " "1, " "1, " "1, " "1, " "1, " "1, " "1, " "1, " "1, " "1, " "1, " "1, " "1, " "1, " "1, " "1, " "1, " "1, " "1, " "1, " "1, " "1, " "1, " "1, " "1, " "1, " "1, " "1, " "1, " "1, " "1, " "1, " "1, " "1, " "1, " "1, " "1, " "1, " "1, " "1, " "1, " "1, " "1, " "1, " "1, " "1, " "1, " "1, " "1, " "1, " "1, " "1, " "1, " "1, " "1, " "1, " "1, " "1, " "1, " "1, " "1, " "1, " "1, " "1, " "1, " "1, " "1, " "1, " "1, " "1, " "1, " "1, " "1, " "1, " "1, " "1, " "1, " "1, " "1, " "1, " "1, " "1, " "1, " "1, " "1, " "1, " "1, " "1, " "1, " "1, " "1, " "1, " "1, " "1, " "1, " "1, " "1, " "1, " "1, " "1, " "1, " "1, " "1, " "1, " "1, " "1, " "1, " "1, " "1, " "1, " "1, " "1, " "1, " "1, " "1, " "1, " "1, " "1, " "1, " "1, " "1, " "1, " "1, " "1, " "1, " "1, " "1, " "1, " "1, " "1, " "1, " "1, " "1, " "1, " "1, " "1, " "1, " "1, " "1, " "1, " "1, " "1, " "1, " "1, " "1, " "1, " "1, " "1, " "1, " "1, " "1, " "1, " "1, " "1, " "1, " "1, " "1, " "1, " "1, " "1, " "1, " "1, " "1, " "1, " "1, " "1, " "1, " "1, " "1, " "1, " "1, " "1, " "1, " "1, " "1, " "1, " "1, " "1, " "1, " "1, " "1, " "1, " "1, " "1, " "1, " "1, " "1, " "1, " "1, " "1, " "1, " "1, " "1, " "1, " "1, " "1, " "1, " "1, " "1, " "1, " "1, " "1, " "1, " "1, " "1, " "1, " "1, " "1, " "1, " "1, " "1, " "1, " "1, " "1, " "1, " "1, " "1, " "0, " "1, " "1, " "1, " "1, " "1, " "1, " "1, " "1, " "1, " "1, " "1, " "1, " "1, " "1, " "1, " "1, " "1, " "1, " "1, " "1, " "1, " "1, " "1, " "1, " "1, " "1, " "1, " "1, " "1, " "1, " "1, " "1, " "1, " "1, " "1, " "1, "5000
 "Nei221, 0.212, " "0.89, " "1, " "1, " "1, " "1, " "1, " "1, " "1, " "1, " "1, " "1, " "1, " "1, " "1, " "1, " "1, " "1, " "1, " "1, " "1, " "1, " "1, " "1, " "1, " "1, " "1, " "1, " "1, " "1, " "1, " "1, " "1, " "1, " "1, " "1, " "1, " "1, " "1, " "1, " "1, " "1, " "1, " "1, " "1, " "1, " "1, " "1, " "1, " "1, " "1, " "1, " "1, " "1, " "1, " "1, " "1, " "1, " "1, " "1, " "1, " "1, " "1, " "1, " "1, " "1, " "1, " "1, " "1, " "1, " "1, " "1, " "1, " "1, " "1, " "1, " "1, " "1, " "1, " "1, " "1, " "1, " "1, " "1, " "1, " "1, " "1, " "1, " "1, " "1, " "1, " "1, " "1, " "1, " "1, " "1, " "1, " "1, " "1, " "1, " "1, " "1, " "1, " "1, " "1, " "1, " "1, " "1, " "1, " "1, " "1, " "1, " "1, " "1, " "1, " "1, " "1, " "1, " "1, " "1, " "1, " "1, " "1, " "1, " "1, " "1, " "1, " "1, " "1, " "1, " "1, " "1, " "1, " "1, " "1, " "1, " "1, " "1, " "1, " "1, " "1, " "1, " "1, " "1, " "1, " "1, " "1, " "1, " "1, " "1, " "1, " "1, " "1, " "1, " "1, " "1, " "1, " "1, " "1, " "1, " "1, " "1, " "1, " "1, " "1, " "1, " "1, " "1, " "1, " "1, " "1, " "1, " "1, " "1, " "1, " "1, " "1, " "1, " "1, " "1, " "1, " "1, " "1, " "1, " "1, " "1, " "1, " "1, " "1, " "1, " "1, " "1, " "1, " "1, " "1, " "1, " "1, " "1, " "1, " "1, " "1, " "1, " "1, " "1, " "1, " "1, " "1, " "1, " "1, " "1, " "1, " "1, " "1, " "1, " "1, " "1, " "1, " "1, " "1, " "1, " "1, " "1, " "1, " "0, " "1, " "1, " "1, " "1, " "1, " "1, " "1, " "1, " "1, " "1, " "1, " "1, " "1, " "1, " "1, " "1, " "1, " "1, " "1, " "1, " "1, " "1, " "1, " "1, " "1, " "1, " "1, " "1, " "1, " "1, " "1, " "1, " "1, " "1, " "1, "5000
 "Nei222, 0.158, " "0.89, " "1, " "1, " "1, " "1, " "1, " "1, " "1, " "1, " "1, " "1, " "1, " "1, " "1, " "1, " "1, " "1, " "1, " "1, " "1, " "1, " "1, " "1, " "1, " "1, " "1, " "1, " "1, " "1, " "1, " "1, " "1, " "1, " "1, " "1, " "1, " "1, " "1, " "1, " "1, " "1, " "1, " "1, " "1, " "1, " "1, " "1, " "1, " "1, " "1, " "1, " "1, " "1, " "1, " "1, " "1, " "1, " "1, " "1, " "1, " "1, " "1, " "1, " "1, " "1, " "1, " "1, " "1, " "1, " "1, " "1, " "1, " "1, " "1, " "1, " "1, " "1, " "1, " "1, " "1, " "1, " "1, " "1, " "1, " "1, " "1, " "1, " "1, " "1, " "1, " "1, " "1, " "1, " "1, " "1, " "1, " "1, " "1, " "1, " "1, " "1, " "1, " "1, " "1, " "1, " "1, " "1, " "1, " "1, " "1, " "1, " "1, " "1, " "1, " "1, " "1, " "1, " "1, " "1, " "1, " "1, " "1, " "1, " "1, " "1, " "1, " "1, " "1, " "1, " "1, " "1, " "1, " "1, " "1, " "1, " "1, " "1, " "1, " "1, " "1, " "1, " "1, " "1, " "1, " "1, " "1, " "1, " "1, " "1, " "1, " "1, " "1, " "1, " "1, " "1, " "1, " "1, " "1, " "1, " "1, " "1, " "1, " "1, " "1, " "1, " "1, " "1, " "1, " "1, " "1, " "1, " "1, " "1, " "1, " "1, " "1, " "1, " "1, " "1, " "1, " "1, " "1, " "1, " "1, " "1, " "1, " "1, " "1, " "1, " "1, " "1, " "1, " "1, " "1, " "1, " "1, " "1, " "1, " "1, " "1, " "1, " "1, " "1, " "1, " "1, " "1, " "1, " "1, " "1, " "1, " "1, " "1, " "1, " "1, " "1, " "1, " "1, " "1, " "1, " "1, " "1, " "1, " "1, " "0, " "1, " "1, " "1, " "1, " "1, " "1, " "1, " "1, " "1, " "1, " "1, " "1, " "1, " "1, " "1, " "1, " "1, " "1, " "1, " "1, " "1, " "1, " "1, " "1, " "1, " "1, " "1, " "1, " "1, " "1, " "1, " "1, " "1, " "1, "5000
 "Nei223, 0.108, " "0.891, " "1, " "1, " "1, " "1, " "1, " "1, " "1, " "1, " "1, " "1, " "1, " "1, " "1, " "1, " "1, " "1, " "1, " "1, " "1, " "1, " "1, " "1, " "1, " "1, " "1, " "1, " "1, " "1, " "1, " "1, " "1, " "1, " "1, " "1, " "1, " "1, " "1, " "1, " "1, " "1, " "1, " "1, " "1, " "1, " "1, " "1, " "1, " "1, " "1, " "1, " "1, " "1, " "1, " "1, " "1, " "1, " "1, " "1, " "1, " "1, " "1, " "1, " "1, " "1, " "1, " "1, " "1, " "1, " "1, " "1, " "1, " "1, " "1, " "1, " "1, " "1, " "1, " "1, " "1, " "1, " "1, " "1, " "1, " "1, " "1, " "1, " "1, " "1, " "1, " "1, " "1, " "1, " "1, " "1, " "1, " "1, " "1, " "1, " "1, " "1, " "1, " "1, " "1, " "1, " "1, " "1, " "1, " "1, " "1, " "1, " "1, " "1, " "1, " "1, " "1, " "1, " "1, " "1, " "1, " "1, " "1, " "1, " "1, " "1, " "1, " "1, " "1, " "1, " "1, " "1, " "1, " "1, " "1, " "1, " "1, " "1, " "1, " "1, " "1, " "1, " "1, " "1, " "1, " "1, " "1, " "1, " "1, " "1, " "1, " "1, " "1, " "1, " "1, " "1, " "1, " "1, " "1, " "1, " "1, " "1, " "1, " "1, " "1, " "1, " "1, " "1, " "1, " "1, " "1, " "1, " "1, " "1, " "1, " "1, " "1, " "1, " "1, " "1, " "1, " "1, " "1, " "1, " "1, " "1, " "1, " "1, " "1, " "1, " "1, " "1, " "1, " "1, " "1, " "1, " "1, " "1, " "1, " "1, " "1, " "1, " "1, " "1, " "1, " "1, " "1, " "1, " "1, " "1, " "1, " "1, " "1, " "1, " "1, " "1, " "1, " "1, " "1, " "1, " "1, " "1, " "1, " "1, " "1, " "0, " "1, " "1, " "1, " "1, " "1, " "1, " "1, " "1, " "1, " "1, " "1, " "1, " "1, " "1, " "1, " "1, " "1, " "1, " "1, " "1, " "1, " "1, " "1, " "1, " "1, " "1, " "1, " "1, " "1, " "1, " "1, " "1, " "1, "5000
 "Nei224, 0.324, " "0.885, " "1, " "1, " "1, " "1, " "1, " "1, " "1, " "1, " "1, " "1, " "1, " "1, " "1, " "1, " "1, " "1, " "1, " "1, " "1, " "1, " "1, " "1, " "1, " "1, " "1, " "1, " "1, " "1, " "1, " "1, " "1, " "1, " "1, " "1, " "1, " "1, " "1, " "1, " "1, " "1, " "1, " "1, " "1, " "1, " "1, " "1, " "1, " "1, " "1, " "1, " "1, " "1, " "1, " "1, " "1, " "1, " "1, " "1, " "1, " "1, " "1, " "1, " "1, " "1, " "1, " "1, " "1, " "1, " "1, " "1, " "1, " "1, " "1, " "1, " "1, " "1, " "1, " "1, " "1, " "1, " "1, " "1, " "1, " "1, " "1, " "1, " "1, " "1, " "1, " "1, " "1, " "1, " "1, " "1, " "1, " "1, " "1, " "1, " "1, " "1, " "1, " "1, " "1, " "1, " "1, " "1, " "1, " "1, " "1, " "1, " "1, " "1, " "1, " "1, " "1, " "1, " "1, " "1, " "1, " "1, " "1, " "1, " "1, " "1, " "1, " "1, " "1, " "1, " "1, " "1, " "1, " "1, " "1, " "1, " "1, " "1, " "1, " "1, " "1, " "1, " "1, " "1, " "1, " "1, " "1, " "1, " "1, " "1, " "1, " "1, " "1, " "1, " "1, " "1, " "1, " "1, " "1, " "1, " "1, " "1, " "1, " "1, " "1, " "1, " "1, " "1, " "1, " "1, " "1, " "1, " "1, " "1, " "1, " "1, " "1, " "1, " "1, " "1, " "1, " "1, " "1, " "1, " "1, " "1, " "1, " "1, " "1, " "1, " "1, " "1, " "1, " "1, " "1, " "1, " "1, " "1, " "1, " "1, " "1, " "1, " "1, " "1, " "1, " "1, " "1, " "1, " "1, " "1, " "1, " "1, " "1, " "1, " "1, " "1, " "1, " "1, " "1, " "1, " "1, " "1, " "1, " "1, " "1, " "1, " "0, " "1, " "1, " "1, " "1, " "1, " "1, " "1, " "1, " "1, " "1, " "1, " "1, " "1, " "1, " "1, " "1, " "1, " "1, " "1, " "1, " "1, " "1, " "1, " "1, " "1, " "1, " "1, " "1, " "1, " "1, " "1, " "1, "5000
 "Nei225, 0.208, " "0.891, " "1, " "1, " "1, " "1, " "1, " "1, " "1, " "1, " "1, " "1, " "1, " "1, " "1, " "1, " "1, " "1, " "1, " "1, " "1, " "1, " "1, " "1, " "1, " "1, " "1, " "1, " "1, " "1, " "1, " "1, " "1, " "1, " "1, " "1, " "1, " "1, " "1, " "1, " "1, " "1, " "1, " "1, " "1, " "1, " "1, " "1, " "1, " "1, " "1, " "1, " "1, " "1, " "1, " "1, " "1, " "1, " "1, " "1, " "1, " "1, " "1, " "1, " "1, " "1, " "1, " "1, " "1, " "1, " "1, " "1, " "1, " "1, " "1, " "1, " "1, " "1, " "1, " "1, " "1, " "1, " "1, " "1, " "1, " "1, " "1, " "1, " "1, " "1, " "1, " "1, " "1, " "1, " "1, " "1, " "1, " "1, " "1, " "1, " "1, " "1, " "1, " "1, " "1, " "1, " "1, " "1, " "1, " "1, " "1, " "1, " "1, " "1, " "1, " "1, " "1, " "1, " "1, " "1, " "1, " "1, " "1, " "1, " "1, " "1, " "1, " "1, " "1, " "1, " "1, " "1, " "1, " "1, " "1, " "1, " "1, " "1, " "1, " "1, " "1, " "1, " "1, " "1, " "1, " "1, " "1, " "1, " "1, " "1, " "1, " "1, " "1, " "1, " "1, " "1, " "1, " "1, " "1, " "1, " "1, " "1, " "1, " "1, " "1, " "1, " "1, " "1, " "1, " "1, " "1, " "1, " "1, " "1, " "1, " "1, " "1, " "1, " "1, " "1, " "1, " "1, " "1, " "1, " "1, " "1, " "1, " "1, " "1, " "1, " "1, " "1, " "1, " "1, " "1, " "1, " "1, " "1, " "1, " "1, " "1, " "1, " "1, " "1, " "1, " "1, " "1, " "1, " "1, " "1, " "1, " "1, " "1, " "1, " "1, " "1, " "1, " "1, " "1, " "1, " "1, " "1, " "1, " "1, " "1, " "1, " "1, " "0, " "1, " "1, " "1, " "1, " "1, " "1, " "1, " "1, " "1, " "1, " "1, " "1, " "1, " "1, " "1, " "1, " "1, " "1, " "1, " "1, " "1, " "1, " "1, " "1, " "1, " "1, " "1, " "1, " "1, " "1, " "1, "5000
 "Nei226, 0.293, " "0.886, " "1, " "1, " "1, " "1, " "1, " "1, " "1, " "1, " "1, " "1, " "1, " "1, " "1, " "1, " "1, " "1, " "1, " "1, " "1, " "1, " "1, " "1, " "1, " "1, " "1, " "1, " "1, " "1, " "1, " "1, " "1, " "1, " "1, " "1, " "1, " "1, " "1, " "1, " "1, " "1, " "1, " "1, " "1, " "1, " "1, " "1, " "1, " "1, " "1, " "1, " "1, " "1, " "1, " "1, " "1, " "1, " "1, " "1, " "1, " "1, " "1, " "1, " "1, " "1, " "1, " "1, " "1, " "1, " "1, " "1, " "1, " "1, " "1, " "1, " "1, " "1, " "1, " "1, " "1, " "1, " "1, " "1, " "1, " "1, " "1, " "1, " "1, " "1, " "1, " "1, " "1, " "1, " "1, " "1, " "1, " "1, " "1, " "1, " "1, " "1, " "1, " "1, " "1, " "1, " "1, " "1, " "1, " "1, " "1, " "1, " "1, " "1, " "1, " "1, " "1, " "1, " "1, " "1, " "1, " "1, " "1, " "1, " "1, " "1, " "1, " "1, " "1, " "1, " "1, " "1, " "1, " "1, " "1, " "1, " "1, " "1, " "1, " "1, " "1, " "1, " "1, " "1, " "1, " "1, " "1, " "1, " "1, " "1, " "1, " "1, " "1, " "1, " "1, " "1, " "1, " "1, " "1, " "1, " "1, " "1, " "1, " "1, " "1, " "1, " "1, " "1, " "1, " "1, " "1, " "1, " "1, " "1, " "1, " "1, " "1, " "1, " "1, " "1, " "1, " "1, " "1, " "1, " "1, " "1, " "1, " "1, " "1, " "1, " "1, " "1, " "1, " "1, " "1, " "1, " "1, " "1, " "1, " "1, " "1, " "1, " "1, " "1, " "1, " "1, " "1, " "1, " "1, " "1, " "1, " "1, " "1, " "1, " "1, " "1, " "1, " "1, " "1, " "1, " "1, " "1, " "1, " "1, " "1, " "1, " "1, " "1, " "0, " "1, " "1, " "1, " "1, " "1, " "1, " "1, " "1, " "1, " "1, " "1, " "1, " "1, " "1, " "1, " "1, " "1, " "1, " "1, " "1, " "1, " "1, " "1, " "1, " "1, " "1, " "1, " "1, " "1, " "1, "5000
 "Nei227, 0.255, " "0.89, " "1, " "1, " "1, " "1, " "1, " "1, " "1, " "1, " "1, " "1, " "1, " "1, " "1, " "1, " "1, " "1, " "1, " "1, " "1, " "1, " "1, " "1, " "1, " "1, " "1, " "1, " "1, " "1, " "1, " "1, " "1, " "1, " "1, " "1, " "1, " "1, " "1, " "1, " "1, " "1, " "1, " "1, " "1, " "1, " "1, " "1, " "1, " "1, " "1, " "1, " "1, " "1, " "1, " "1, " "1, " "1, " "1, " "1, " "1, " "1, " "1, " "1, " "1, " "1, " "1, " "1, " "1, " "1, " "1, " "1, " "1, " "1, " "1, " "1, " "1, " "1, " "1, " "1, " "1, " "1, " "1, " "1, " "1, " "1, " "1, " "1, " "1, " "1, " "1, " "1, " "1, " "1, " "1, " "1, " "1, " "1, " "1, " "1, " "1, " "1, " "1, " "1, " "1, " "1, " "1, " "1, " "1, " "1, " "1, " "1, " "1, " "1, " "1, " "1, " "1, " "1, " "1, " "1, " "1, " "1, " "1, " "1, " "1, " "1, " "1, " "1, " "1, " "1, " "1, " "1, " "1, " "1, " "1, " "1, " "1, " "1, " "1, " "1, " "1, " "1, " "1, " "1, " "1, " "1, " "1, " "1, " "1, " "1, " "1, " "1, " "1, " "1, " "1, " "1, " "1, " "1, " "1, " "1, " "1, " "1, " "1, " "1, " "1, " "1, " "1, " "1, " "1, " "1, " "1, " "1, " "1, " "1, " "1, " "1, " "1, " "1, " "1, " "1, " "1, " "1, " "1, " "1, " "1, " "1, " "1, " "1, " "1, " "1, " "1, " "1, " "1, " "1, " "1, " "1, " "1, " "1, " "1, " "1, " "1, " "1, " "1, " "1, " "1, " "1, " "1, " "1, " "1, " "1, " "1, " "1, " "1, " "1, " "1, " "1, " "1, " "1, " "1, " "1, " "1, " "1, " "1, " "1, " "1, " "1, " "1, " "1, " "1, " "0, " "1, " "1, " "1, " "1, " "1, " "1, " "1, " "1, " "1, " "1, " "1, " "1, " "1, " "1, " "1, " "1, " "1, " "1, " "1, " "1, " "1, " "1, " "1, " "1, " "1, " "1, " "1, " "1, " "1, "5000
 "Nei228, 0.103, " "0.89, " "1, " "1, " "1, " "1, " "1, " "1, " "1, " "1, " "1, " "1, " "1, " "1, " "1, " "1, " "1, " "1, " "1, " "1, " "1, " "1, " "1, " "1, " "1, " "1, " "1, " "1, " "1, " "1, " "1, " "1, " "1, " "1, " "1, " "1, " "1, " "1, " "1, " "1, " "1, " "1, " "1, " "1, " "1, " "1, " "1, " "1, " "1, " "1, " "1, " "1, " "1, " "1, " "1, " "1, " "1, " "1, " "1, " "1, " "1, " "1, " "1, " "1, " "1, " "1, " "1, " "1, " "1, " "1, " "1, " "1, " "1, " "1, " "1, " "1, " "1, " "1, " "1, " "1, " "1, " "1, " "1, " "1, " "1, " "1, " "1, " "1, " "1, " "1, " "1, " "1, " "1, " "1, " "1, " "1, " "1, " "1, " "1, " "1, " "1, " "1, " "1, " "1, " "1, " "1, " "1, " "1, " "1, " "1, " "1, " "1, " "1, " "1, " "1, " "1, " "1, " "1, " "1, " "1, " "1, " "1, " "1, " "1, " "1, " "1, " "1, " "1, " "1, " "1, " "1, " "1, " "1, " "1, " "1, " "1, " "1, " "1, " "1, " "1, " "1, " "1, " "1, " "1, " "1, " "1, " "1, " "1, " "1, " "1, " "1, " "1, " "1, " "1, " "1, " "1, " "1, " "1, " "1, " "1, " "1, " "1, " "1, " "1, " "1, " "1, " "1, " "1, " "1, " "1, " "1, " "1, " "1, " "1, " "1, " "1, " "1, " "1, " "1, " "1, " "1, " "1, " "1, " "1, " "1, " "1, " "1, " "1, " "1, " "1, " "1, " "1, " "1, " "1, " "1, " "1, " "1, " "1, " "1, " "1, " "1, " "1, " "1, " "1, " "1, " "1, " "1, " "1, " "1, " "1, " "1, " "1, " "1, " "1, " "1, " "1, " "1, " "1, " "1, " "1, " "1, " "1, " "1, " "1, " "1, " "1, " "1, " "1, " "1, " "1, " "0, " "1, " "1, " "1, " "1, " "1, " "1, " "1, " "1, " "1, " "1, " "1, " "1, " "1, " "1, " "1, " "1, " "1, " "1, " "1, " "1, " "1, " "1, " "1, " "1, " "1, " "1, " "1, " "1, "5000
 "Nei229, 0.349, " "0.885, " "1, " "1, " "1, " "1, " "1, " "1, " "1, " "1, " "1, " "1, " "1, " "1, " "1, " "1, " "1, " "1, " "1, " "1, " "1, " "1, " "1, " "1, " "1, " "1, " "1, " "1, " "1, " "1, " "1, " "1, " "1, " "1, " "1, " "1, " "1, " "1, " "1, " "1, " "1, " "1, " "1, " "1, " "1, " "1, " "1, " "1, " "1, " "1, " "1, " "1, " "1, " "1, " "1, " "1, " "1, " "1, " "1, " "1, " "1, " "1, " "1, " "1, " "1, " "1, " "1, " "1, " "1, " "1, " "1, " "1, " "1, " "1, " "1, " "1, " "1, " "1, " "1, " "1, " "1, " "1, " "1, " "1, " "1, " "1, " "1, " "1, " "1, " "1, " "1, " "1, " "1, " "1, " "1, " "1, " "1, " "1, " "1, " "1, " "1, " "1, " "1, " "1, " "1, " "1, " "1, " "1, " "1, " "1, " "1, " "1, " "1, " "1, " "1, " "1, " "1, " "1, " "1, " "1, " "1, " "1, " "1, " "1, " "1, " "1, " "1, " "1, " "1, " "1, " "1, " "1, " "1, " "1, " "1, " "1, " "1, " "1, " "1, " "1, " "1, " "1, " "1, " "1, " "1, " "1, " "1, " "1, " "1, " "1, " "1, " "1, " "1, " "1, " "1, " "1, " "1, " "1, " "1, " "1, " "1, " "1, " "1, " "1, " "1, " "1, " "1, " "1, " "1, " "1, " "1, " "1, " "1, " "1, " "1, " "1, " "1, " "1, " "1, " "1, " "1, " "1, " "1, " "1, " "1, " "1, " "1, " "1, " "1, " "1, " "1, " "1, " "1, " "1, " "1, " "1, " "1, " "1, " "1, " "1, " "1, " "1, " "1, " "1, " "1, " "1, " "1, " "1, " "1, " "1, " "1, " "1, " "1, " "1, " "1, " "1, " "1, " "1, " "1, " "1, " "1, " "1, " "1, " "1, " "1, " "1, " "1, " "1, " "1, " "1, " "1, " "0, " "1, " "1, " "1, " "1, " "1, " "1, " "1, " "1, " "1, " "1, " "1, " "1, " "1, " "1, " "1, " "1, " "1, " "1, " "1, " "1, " "1, " "1, " "1, " "1, " "1, " "1, " "1, "5000
 "Nei230, 0.332, " "0.885, " "1, " "1, " "1, " "1, " "1, " "1, " "1, " "1, " "1, " "1, " "1, " "1, " "1, " "1, " "1, " "1, " "1, " "1, " "1, " "1, " "1, " "1, " "1, " "1, " "1, " "1, " "1, " "1, " "1, " "1, " "1, " "1, " "1, " "1, " "1, " "1, " "1, " "1, " "1, " "1, " "1, " "1, " "1, " "1, " "1, " "1, " "1, " "1, " "1, " "1, " "1, " "1, " "1, " "1, " "1, " "1, " "1, " "1, " "1, " "1, " "1, " "1, " "1, " "1, " "1, " "1, " "1, " "1, " "1, " "1, " "1, " "1, " "1, " "1, " "1, " "1, " "1, " "1, " "1, " "1, " "1, " "1, " "1, " "1, " "1, " "1, " "1, " "1, " "1, " "1, " "1, " "1, " "1, " "1, " "1, " "1, " "1, " "1, " "1, " "1, " "1, " "1, " "1, " "1, " "1, " "1, " "1, " "1, " "1, " "1, " "1, " "1, " "1, " "1, " "1, " "1, " "1, " "1, " "1, " "1, " "1, " "1, " "1, " "1, " "1, " "1, " "1, " "1, " "1, " "1, " "1, " "1, " "1, " "1, " "1, " "1, " "1, " "1, " "1, " "1, " "1, " "1, " "1, " "1, " "1, " "1, " "1, " "1, " "1, " "1, " "1, " "1, " "1, " "1, " "1, " "1, " "1, " "1, " "1, " "1, " "1, " "1, " "1, " "1, " "1, " "1, " "1, " "1, " "1, " "1, " "1, " "1, " "1, " "1, " "1, " "1, " "1, " "1, " "1, " "1, " "1, " "1, " "1, " "1, " "1, " "1, " "1, " "1, " "1, " "1, " "1, " "1, " "1, " "1, " "1, " "1, " "1, " "1, " "1, " "1, " "1, " "1, " "1, " "1, " "1, " "1, " "1, " "1, " "1, " "1, " "1, " "1, " "1, " "1, " "1, " "1, " "1, " "1, " "1, " "1, " "1, " "1, " "1, " "1, " "1, " "1, " "1, " "1, " "1, " "1, " "0, " "1, " "1, " "1, " "1, " "1, " "1, " "1, " "1, " "1, " "1, " "1, " "1, " "1, " "1, " "1, " "1, " "1, " "1, " "1, " "1, " "1, " "1, " "1, " "1, " "1, " "1, "5000
 "Nei231, 0.077, " "0.89, " "1, " "1, " "1, " "1, " "1, " "1, " "1, " "1, " "1, " "1, " "1, " "1, " "1, " "1, " "1, " "1, " "1, " "1, " "1, " "1, " "1, " "1, " "1, " "1, " "1, " "1, " "1, " "1, " "1, " "1, " "1, " "1, " "1, " "1, " "1, " "1, " "1, " "1, " "1, " "1, " "1, " "1, " "1, " "1, " "1, " "1, " "1, " "1, " "1, " "1, " "1, " "1, " "1, " "1, " "1, " "1, " "1, " "1, " "1, " "1, " "1, " "1, " "1, " "1, " "1, " "1, " "1, " "1, " "1, " "1, " "1, " "1, " "1, " "1, " "1, " "1, " "1, " "1, " "1, " "1, " "1, " "1, " "1, " "1, " "1, " "1, " "1, " "1, " "1, " "1, " "1, " "1, " "1, " "1, " "1, " "1, " "1, " "1, " "1, " "1, " "1, " "1, " "1, " "1, " "1, " "1, " "1, " "1, " "1, " "1, " "1, " "1, " "1, " "1, " "1, " "1, " "1, " "1, " "1, " "1, " "1, " "1, " "1, " "1, " "1, " "1, " "1, " "1, " "1, " "1, " "1, " "1, " "1, " "1, " "1, " "1, " "1, " "1, " "1, " "1, " "1, " "1, " "1, " "1, " "1, " "1, " "1, " "1, " "1, " "1, " "1, " "1, " "1, " "1, " "1, " "1, " "1, " "1, " "1, " "1, " "1, " "1, " "1, " "1, " "1, " "1, " "1, " "1, " "1, " "1, " "1, " "1, " "1, " "1, " "1, " "1, " "1, " "1, " "1, " "1, " "1, " "1, " "1, " "1, " "1, " "1, " "1, " "1, " "1, " "1, " "1, " "1, " "1, " "1, " "1, " "1, " "1, " "1, " "1, " "1, " "1, " "1, " "1, " "1, " "1, " "1, " "1, " "1, " "1, " "1, " "1, " "1, " "1, " "1, " "1, " "1, " "1, " "1, " "1, " "1, " "1, " "1, " "1, " "1, " "1, " "1, " "1, " "1, " "1, " "1, " "1, " "0, " "1, " "1, " "1, " "1, " "1, " "1, " "1, " "1, " "1, " "1, " "1, " "1, " "1, " "1, " "1, " "1, " "1, " "1, " "1, " "1, " "1, " "1, " "1, " "1, " "1, "5000
 "Nei232, 0.298, " "0.886, " "1, " "1, " "1, " "1, " "1, " "1, " "1, " "1, " "1, " "1, " "1, " "1, " "1, " "1, " "1, " "1, " "1, " "1, " "1, " "1, " "1, " "1, " "1, " "1, " "1, " "1, " "1, " "1, " "1, " "1, " "1, " "1, " "1, " "1, " "1, " "1, " "1, " "1, " "1, " "1, " "1, " "1, " "1, " "1, " "1, " "1, " "1, " "1, " "1, " "1, " "1, " "1, " "1, " "1, " "1, " "1, " "1, " "1, " "1, " "1, " "1, " "1, " "1, " "1, " "1, " "1, " "1, " "1, " "1, " "1, " "1, " "1, " "1, " "1, " "1, " "1, " "1, " "1, " "1, " "1, " "1, " "1, " "1, " "1, " "1, " "1, " "1, " "1, " "1, " "1, " "1, " "1, " "1, " "1, " "1, " "1, " "1, " "1, " "1, " "1, " "1, " "1, " "1, " "1, " "1, " "1, " "1, " "1, " "1, " "1, " "1, " "1, " "1, " "1, " "1, " "1, " "1, " "1, " "1, " "1, " "1, " "1, " "1, " "1, " "1, " "1, " "1, " "1, " "1, " "1, " "1, " "1, " "1, " "1, " "1, " "1, " "1, " "1, " "1, " "1, " "1, " "1, " "1, " "1, " "1, " "1, " "1, " "1, " "1, " "1, " "1, " "1, " "1, " "1, " "1, " "1, " "1, " "1, " "1, " "1, " "1, " "1, " "1, " "1, " "1, " "1, " "1, " "1, " "1, " "1, " "1, " "1, " "1, " "1, " "1, " "1, " "1, " "1, " "1, " "1, " "1, " "1, " "1, " "1, " "1, " "1, " "1, " "1, " "1, " "1, " "1, " "1, " "1, " "1, " "1, " "1, " "1, " "1, " "1, " "1, " "1, " "1, " "1, " "1, " "1, " "1, " "1, " "1, " "1, " "1, " "1, " "1, " "1, " "1, " "1, " "1, " "1, " "1, " "1, " "1, " "1, " "1, " "1, " "1, " "1, " "1, " "1, " "1, " "1, " "1, " "1, " "1, " "0, " "1, " "1, " "1, " "1, " "1, " "1, " "1, " "1, " "1, " "1, " "1, " "1, " "1, " "1, " "1, " "1, " "1, " "1, " "1, " "1, " "1, " "1, " "1, " "1, "5000
 "Nei233, 0.176, " "0.89, " "1, " "1, " "1, " "1, " "1, " "1, " "1, " "1, " "1, " "1, " "1, " "1, " "1, " "1, " "1, " "1, " "1, " "1, " "1, " "1, " "1, " "1, " "1, " "1, " "1, " "1, " "1, " "1, " "1, " "1, " "1, " "1, " "1, " "1, " "1, " "1, " "1, " "1, " "1, " "1, " "1, " "1, " "1, " "1, " "1, " "1, " "1, " "1, " "1, " "1, " "1, " "1, " "1, " "1, " "1, " "1, " "1, " "1, " "1, " "1, " "1, " "1, " "1, " "1, " "1, " "1, " "1, " "1, " "1, " "1, " "1, " "1, " "1, " "1, " "1, " "1, " "1, " "1, " "1, " "1, " "1, " "1, " "1, " "1, " "1, " "1, " "1, " "1, " "1, " "1, " "1, " "1, " "1, " "1, " "1, " "1, " "1, " "1, " "1, " "1, " "1, " "1, " "1, " "1, " "1, " "1, " "1, " "1, " "1, " "1, " "1, " "1, " "1, " "1, " "1, " "1, " "1, " "1, " "1, " "1, " "1, " "1, " "1, " "1, " "1, " "1, " "1, " "1, " "1, " "1, " "1, " "1, " "1, " "1, " "1, " "1, " "1, " "1, " "1, " "1, " "1, " "1, " "1, " "1, " "1, " "1, " "1, " "1, " "1, " "1, " "1, " "1, " "1, " "1, " "1, " "1, " "1, " "1, " "1, " "1, " "1, " "1, " "1, " "1, " "1, " "1, " "1, " "1, " "1, " "1, " "1, " "1, " "1, " "1, " "1, " "1, " "1, " "1, " "1, " "1, " "1, " "1, " "1, " "1, " "1, " "1, " "1, " "1, " "1, " "1, " "1, " "1, " "1, " "1, " "1, " "1, " "1, " "1, " "1, " "1, " "1, " "1, " "1, " "1, " "1, " "1, " "1, " "1, " "1, " "1, " "1, " "1, " "1, " "1, " "1, " "1, " "1, " "1, " "1, " "1, " "1, " "1, " "1, " "1, " "1, " "1, " "1, " "1, " "1, " "1, " "1, " "1, " "1, " "0, " "1, " "1, " "1, " "1, " "1, " "1, " "1, " "1, " "1, " "1, " "1, " "1, " "1, " "1, " "1, " "1, " "1, " "1, " "1, " "1, " "1, " "1, " "1, "5000
 "Nei234, 0.097, " "0.89, " "1, " "1, " "1, " "1, " "1, " "1, " "1, " "1, " "1, " "1, " "1, " "1, " "1, " "1, " "1, " "1, " "1, " "1, " "1, " "1, " "1, " "1, " "1, " "1, " "1, " "1, " "1, " "1, " "1, " "1, " "1, " "1, " "1, " "1, " "1, " "1, " "1, " "1, " "1, " "1, " "1, " "1, " "1, " "1, " "1, " "1, " "1, " "1, " "1, " "1, " "1, " "1, " "1, " "1, " "1, " "1, " "1, " "1, " "1, " "1, " "1, " "1, " "1, " "1, " "1, " "1, " "1, " "1, " "1, " "1, " "1, " "1, " "1, " "1, " "1, " "1, " "1, " "1, " "1, " "1, " "1, " "1, " "1, " "1, " "1, " "1, " "1, " "1, " "1, " "1, " "1, " "1, " "1, " "1, " "1, " "1, " "1, " "1, " "1, " "1, " "1, " "1, " "1, " "1, " "1, " "1, " "1, " "1, " "1, " "1, " "1, " "1, " "1, " "1, " "1, " "1, " "1, " "1, " "1, " "1, " "1, " "1, " "1, " "1, " "1, " "1, " "1, " "1, " "1, " "1, " "1, " "1, " "1, " "1, " "1, " "1, " "1, " "1, " "1, " "1, " "1, " "1, " "1, " "1, " "1, " "1, " "1, " "1, " "1, " "1, " "1, " "1, " "1, " "1, " "1, " "1, " "1, " "1, " "1, " "1, " "1, " "1, " "1, " "1, " "1, " "1, " "1, " "1, " "1, " "1, " "1, " "1, " "1, " "1, " "1, " "1, " "1, " "1, " "1, " "1, " "1, " "1, " "1, " "1, " "1, " "1, " "1, " "1, " "1, " "1, " "1, " "1, " "1, " "1, " "1, " "1, " "1, " "1, " "1, " "1, " "1, " "1, " "1, " "1, " "1, " "1, " "1, " "1, " "1, " "1, " "1, " "1, " "1, " "1, " "1, " "1, " "1, " "1, " "1, " "1, " "1, " "1, " "1, " "1, " "1, " "1, " "1, " "1, " "1, " "1, " "1, " "1, " "1, " "1, " "0, " "1, " "1, " "1, " "1, " "1, " "1, " "1, " "1, " "1, " "1, " "1, " "1, " "1, " "1, " "1, " "1, " "1, " "1, " "1, " "1, " "1, " "1, "5000
 "Nei235, 0.2, " "0.891, " "1, " "1, " "1, " "1, " "1, " "1, " "1, " "1, " "1, " "1, " "1, " "1, " "1, " "1, " "1, " "1, " "1, " "1, " "1, " "1, " "1, " "1, " "1, " "1, " "1, " "1, " "1, " "1, " "1, " "1, " "1, " "1, " "1, " "1, " "1, " "1, " "1, " "1, " "1, " "1, " "1, " "1, " "1, " "1, " "1, " "1, " "1, " "1, " "1, " "1, " "1, " "1, " "1, " "1, " "1, " "1, " "1, " "1, " "1, " "1, " "1, " "1, " "1, " "1, " "1, " "1, " "1, " "1, " "1, " "1, " "1, " "1, " "1, " "1, " "1, " "1, " "1, " "1, " "1, " "1, " "1, " "1, " "1, " "1, " "1, " "1, " "1, " "1, " "1, " "1, " "1, " "1, " "1, " "1, " "1, " "1, " "1, " "1, " "1, " "1, " "1, " "1, " "1, " "1, " "1, " "1, " "1, " "1, " "1, " "1, " "1, " "1, " "1, " "1, " "1, " "1, " "1, " "1, " "1, " "1, " "1, " "1, " "1, " "1, " "1, " "1, " "1, " "1, " "1, " "1, " "1, " "1, " "1, " "1, " "1, " "1, " "1, " "1, " "1, " "1, " "1, " "1, " "1, " "1, " "1, " "1, " "1, " "1, " "1, " "1, " "1, " "1, " "1, " "1, " "1, " "1, " "1, " "1, " "1, " "1, " "1, " "1, " "1, " "1, " "1, " "1, " "1, " "1, " "1, " "1, " "1, " "1, " "1, " "1, " "1, " "1, " "1, " "1, " "1, " "1, " "1, " "1, " "1, " "1, " "1, " "1, " "1, " "1, " "1, " "1, " "1, " "1, " "1, " "1, " "1, " "1, " "1, " "1, " "1, " "1, " "1, " "1, " "1, " "1, " "1, " "1, " "1, " "1, " "1, " "1, " "1, " "1, " "1, " "1, " "1, " "1, " "1, " "1, " "1, " "1, " "1, " "1, " "1, " "1, " "1, " "1, " "1, " "1, " "1, " "1, " "1, " "1, " "1, " "1, " "1, " "0, " "1, " "1, " "1, " "1, " "1, " "1, " "1, " "1, " "1, " "1, " "1, " "1, " "1, " "1, " "1, " "1, " "1, " "1, " "1, " "1, " "1, "5000
 "Nei236, 0.095, " "0.89, " "1, " "1, " "1, " "1, " "1, " "1, " "1, " "1, " "1, " "1, " "1, " "1, " "1, " "1, " "1, " "1, " "1, " "1, " "1, " "1, " "1, " "1, " "1, " "1, " "1, " "1, " "1, " "1, " "1, " "1, " "1, " "1, " "1, " "1, " "1, " "1, " "1, " "1, " "1, " "1, " "1, " "1, " "1, " "1, " "1, " "1, " "1, " "1, " "1, " "1, " "1, " "1, " "1, " "1, " "1, " "1, " "1, " "1, " "1, " "1, " "1, " "1, " "1, " "1, " "1, " "1, " "1, " "1, " "1, " "1, " "1, " "1, " "1, " "1, " "1, " "1, " "1, " "1, " "1, " "1, " "1, " "1, " "1, " "1, " "1, " "1, " "1, " "1, " "1, " "1, " "1, " "1, " "1, " "1, " "1, " "1, " "1, " "1, " "1, " "1, " "1, " "1, " "1, " "1, " "1, " "1, " "1, " "1, " "1, " "1, " "1, " "1, " "1, " "1, " "1, " "1, " "1, " "1, " "1, " "1, " "1, " "1, " "1, " "1, " "1, " "1, " "1, " "1, " "1, " "1, " "1, " "1, " "1, " "1, " "1, " "1, " "1, " "1, " "1, " "1, " "1, " "1, " "1, " "1, " "1, " "1, " "1, " "1, " "1, " "1, " "1, " "1, " "1, " "1, " "1, " "1, " "1, " "1, " "1, " "1, " "1, " "1, " "1, " "1, " "1, " "1, " "1, " "1, " "1, " "1, " "1, " "1, " "1, " "1, " "1, " "1, " "1, " "1, " "1, " "1, " "1, " "1, " "1, " "1, " "1, " "1, " "1, " "1, " "1, " "1, " "1, " "1, " "1, " "1, " "1, " "1, " "1, " "1, " "1, " "1, " "1, " "1, " "1, " "1, " "1, " "1, " "1, " "1, " "1, " "1, " "1, " "1, " "1, " "1, " "1, " "1, " "1, " "1, " "1, " "1, " "1, " "1, " "1, " "1, " "1, " "1, " "1, " "1, " "1, " "1, " "1, " "1, " "1, " "1, " "1, " "1, " "0, " "1, " "1, " "1, " "1, " "1, " "1, " "1, " "1, " "1, " "1, " "1, " "1, " "1, " "1, " "1, " "1, " "1, " "1, " "1, " "1, "5000
 "Nei237, 0.337, " "0.885, " "1, " "1, " "1, " "1, " "1, " "1, " "1, " "1, " "1, " "1, " "1, " "1, " "1, " "1, " "1, " "1, " "1, " "1, " "1, " "1, " "1, " "1, " "1, " "1, " "1, " "1, " "1, " "1, " "1, " "1, " "1, " "1, " "1, " "1, " "1, " "1, " "1, " "1, " "1, " "1, " "1, " "1, " "1, " "1, " "1, " "1, " "1, " "1, " "1, " "1, " "1, " "1, " "1, " "1, " "1, " "1, " "1, " "1, " "1, " "1, " "1, " "1, " "1, " "1, " "1, " "1, " "1, " "1, " "1, " "1, " "1, " "1, " "1, " "1, " "1, " "1, " "1, " "1, " "1, " "1, " "1, " "1, " "1, " "1, " "1, " "1, " "1, " "1, " "1, " "1, " "1, " "1, " "1, " "1, " "1, " "1, " "1, " "1, " "1, " "1, " "1, " "1, " "1, " "1, " "1, " "1, " "1, " "1, " "1, " "1, " "1, " "1, " "1, " "1, " "1, " "1, " "1, " "1, " "1, " "1, " "1, " "1, " "1, " "1, " "1, " "1, " "1, " "1, " "1, " "1, " "1, " "1, " "1, " "1, " "1, " "1, " "1, " "1, " "1, " "1, " "1, " "1, " "1, " "1, " "1, " "1, " "1, " "1, " "1, " "1, " "1, " "1, " "1, " "1, " "1, " "1, " "1, " "1, " "1, " "1, " "1, " "1, " "1, " "1, " "1, " "1, " "1, " "1, " "1, " "1, " "1, " "1, " "1, " "1, " "1, " "1, " "1, " "1, " "1, " "1, " "1, " "1, " "1, " "1, " "1, " "1, " "1, " "1, " "1, " "1, " "1, " "1, " "1, " "1, " "1, " "1, " "1, " "1, " "1, " "1, " "1, " "1, " "1, " "1, " "1, " "1, " "1, " "1, " "1, " "1, " "1, " "1, " "1, " "1, " "1, " "1, " "1, " "1, " "1, " "1, " "1, " "1, " "1, " "1, " "1, " "1, " "1, " "1, " "1, " "1, " "1, " "1, " "1, " "1, " "1, " "1, " "1, " "0, " "1, " "1, " "1, " "1, " "1, " "1, " "1, " "1, " "1, " "1, " "1, " "1, " "1, " "1, " "1, " "1, " "1, " "1, " "1, "5000
 "Nei238, 0.262, " "0.89, " "1, " "1, " "1, " "1, " "1, " "1, " "1, " "1, " "1, " "1, " "1, " "1, " "1, " "1, " "1, " "1, " "1, " "1, " "1, " "1, " "1, " "1, " "1, " "1, " "1, " "1, " "1, " "1, " "1, " "1, " "1, " "1, " "1, " "1, " "1, " "1, " "1, " "1, " "1, " "1, " "1, " "1, " "1, " "1, " "1, " "1, " "1, " "1, " "1, " "1, " "1, " "1, " "1, " "1, " "1, " "1, " "1, " "1, " "1, " "1, " "1, " "1, " "1, " "1, " "1, " "1, " "1, " "1, " "1, " "1, " "1, " "1, " "1, " "1, " "1, " "1, " "1, " "1, " "1, " "1, " "1, " "1, " "1, " "1, " "1, " "1, " "1, " "1, " "1, " "1, " "1, " "1, " "1, " "1, " "1, " "1, " "1, " "1, " "1, " "1, " "1, " "1, " "1, " "1, " "1, " "1, " "1, " "1, " "1, " "1, " "1, " "1, " "1, " "1, " "1, " "1, " "1, " "1, " "1, " "1, " "1, " "1, " "1, " "1, " "1, " "1, " "1, " "1, " "1, " "1, " "1, " "1, " "1, " "1, " "1, " "1, " "1, " "1, " "1, " "1, " "1, " "1, " "1, " "1, " "1, " "1, " "1, " "1, " "1, " "1, " "1, " "1, " "1, " "1, " "1, " "1, " "1, " "1, " "1, " "1, " "1, " "1, " "1, " "1, " "1, " "1, " "1, " "1, " "1, " "1, " "1, " "1, " "1, " "1, " "1, " "1, " "1, " "1, " "1, " "1, " "1, " "1, " "1, " "1, " "1, " "1, " "1, " "1, " "1, " "1, " "1, " "1, " "1, " "1, " "1, " "1, " "1, " "1, " "1, " "1, " "1, " "1, " "1, " "1, " "1, " "1, " "1, " "1, " "1, " "1, " "1, " "1, " "1, " "1, " "1, " "1, " "1, " "1, " "1, " "1, " "1, " "1, " "1, " "1, " "1, " "1, " "1, " "1, " "1, " "1, " "1, " "1, " "1, " "1, " "1, " "1, " "1, " "1, " "0, " "1, " "1, " "1, " "1, " "1, " "1, " "1, " "1, " "1, " "1, " "1, " "1, " "1, " "1, " "1, " "1, " "1, " "1, "5000
 "Nei239, 0.094, " "0.89, " "1, " "1, " "1, " "1, " "1, " "1, " "1, " "1, " "1, " "1, " "1, " "1, " "1, " "1, " "1, " "1, " "1, " "1, " "1, " "1, " "1, " "1, " "1, " "1, " "1, " "1, " "1, " "1, " "1, " "1, " "1, " "1, " "1, " "1, " "1, " "1, " "1, " "1, " "1, " "1, " "1, " "1, " "1, " "1, " "1, " "1, " "1, " "1, " "1, " "1, " "1, " "1, " "1, " "1, " "1, " "1, " "1, " "1, " "1, " "1, " "1, " "1, " "1, " "1, " "1, " "1, " "1, " "1, " "1, " "1, " "1, " "1, " "1, " "1, " "1, " "1, " "1, " "1, " "1, " "1, " "1, " "1, " "1, " "1, " "1, " "1, " "1, " "1, " "1, " "1, " "1, " "1, " "1, " "1, " "1, " "1, " "1, " "1, " "1, " "1, " "1, " "1, " "1, " "1, " "1, " "1, " "1, " "1, " "1, " "1, " "1, " "1, " "1, " "1, " "1, " "1, " "1, " "1, " "1, " "1, " "1, " "1, " "1, " "1, " "1, " "1, " "1, " "1, " "1, " "1, " "1, " "1, " "1, " "1, " "1, " "1, " "1, " "1, " "1, " "1, " "1, " "1, " "1, " "1, " "1, " "1, " "1, " "1, " "1, " "1, " "1, " "1, " "1, " "1, " "1, " "1, " "1, " "1, " "1, " "1, " "1, " "1, " "1, " "1, " "1, " "1, " "1, " "1, " "1, " "1, " "1, " "1, " "1, " "1, " "1, " "1, " "1, " "1, " "1, " "1, " "1, " "1, " "1, " "1, " "1, " "1, " "1, " "1, " "1, " "1, " "1, " "1, " "1, " "1, " "1, " "1, " "1, " "1, " "1, " "1, " "1, " "1, " "1, " "1, " "1, " "1, " "1, " "1, " "1, " "1, " "1, " "1, " "1, " "1, " "1, " "1, " "1, " "1, " "1, " "1, " "1, " "1, " "1, " "1, " "1, " "1, " "1, " "1, " "1, " "1, " "1, " "1, " "1, " "1, " "1, " "1, " "1, " "1, " "1, " "0, " "1, " "1, " "1, " "1, " "1, " "1, " "1, " "1, " "1, " "1, " "1, " "1, " "1, " "1, " "1, " "1, " "1, "5000
 "Nei240, 0.03, " "0.89, " "1, " "1, " "1, " "1, " "1, " "1, " "1, " "1, " "1, " "1, " "1, " "1, " "1, " "1, " "1, " "1, " "1, " "1, " "1, " "1, " "1, " "1, " "1, " "1, " "1, " "1, " "1, " "1, " "1, " "1, " "1, " "1, " "1, " "1, " "1, " "1, " "1, " "1, " "1, " "1, " "1, " "1, " "1, " "1, " "1, " "1, " "1, " "1, " "1, " "1, " "1, " "1, " "1, " "1, " "1, " "1, " "1, " "1, " "1, " "1, " "1, " "1, " "1, " "1, " "1, " "1, " "1, " "1, " "1, " "1, " "1, " "1, " "1, " "1, " "1, " "1, " "1, " "1, " "1, " "1, " "1, " "1, " "1, " "1, " "1, " "1, " "1, " "1, " "1, " "1, " "1, " "1, " "1, " "1, " "1, " "1, " "1, " "1, " "1, " "1, " "1, " "1, " "1, " "1, " "1, " "1, " "1, " "1, " "1, " "1, " "1, " "1, " "1, " "1, " "1, " "1, " "1, " "1, " "1, " "1, " "1, " "1, " "1, " "1, " "1, " "1, " "1, " "1, " "1, " "1, " "1, " "1, " "1, " "1, " "1, " "1, " "1, " "1, " "1, " "1, " "1, " "1, " "1, " "1, " "1, " "1, " "1, " "1, " "1, " "1, " "1, " "1, " "1, " "1, " "1, " "1, " "1, " "1, " "1, " "1, " "1, " "1, " "1, " "1, " "1, " "1, " "1, " "1, " "1, " "1, " "1, " "1, " "1, " "1, " "1, " "1, " "1, " "1, " "1, " "1, " "1, " "1, " "1, " "1, " "1, " "1, " "1, " "1, " "1, " "1, " "1, " "1, " "1, " "1, " "1, " "1, " "1, " "1, " "1, " "1, " "1, " "1, " "1, " "1, " "1, " "1, " "1, " "1, " "1, " "1, " "1, " "1, " "1, " "1, " "1, " "1, " "1, " "1, " "1, " "1, " "1, " "1, " "1, " "1, " "1, " "1, " "1, " "1, " "1, " "1, " "1, " "1, " "1, " "1, " "1, " "1, " "1, " "1, " "1, " "1, " "0, " "1, " "1, " "1, " "1, " "1, " "1, " "1, " "1, " "1, " "1, " "1, " "1, " "1, " "1, " "1, " "1, "5000
 "Nei241, 0.282, " "0.89, " "1, " "1, " "1, " "1, " "1, " "1, " "1, " "1, " "1, " "1, " "1, " "1, " "1, " "1, " "1, " "1, " "1, " "1, " "1, " "1, " "1, " "1, " "1, " "1, " "1, " "1, " "1, " "1, " "1, " "1, " "1, " "1, " "1, " "1, " "1, " "1, " "1, " "1, " "1, " "1, " "1, " "1, " "1, " "1, " "1, " "1, " "1, " "1, " "1, " "1, " "1, " "1, " "1, " "1, " "1, " "1, " "1, " "1, " "1, " "1, " "1, " "1, " "1, " "1, " "1, " "1, " "1, " "1, " "1, " "1, " "1, " "1, " "1, " "1, " "1, " "1, " "1, " "1, " "1, " "1, " "1, " "1, " "1, " "1, " "1, " "1, " "1, " "1, " "1, " "1, " "1, " "1, " "1, " "1, " "1, " "1, " "1, " "1, " "1, " "1, " "1, " "1, " "1, " "1, " "1, " "1, " "1, " "1, " "1, " "1, " "1, " "1, " "1, " "1, " "1, " "1, " "1, " "1, " "1, " "1, " "1, " "1, " "1, " "1, " "1, " "1, " "1, " "1, " "1, " "1, " "1, " "1, " "1, " "1, " "1, " "1, " "1, " "1, " "1, " "1, " "1, " "1, " "1, " "1, " "1, " "1, " "1, " "1, " "1, " "1, " "1, " "1, " "1, " "1, " "1, " "1, " "1, " "1, " "1, " "1, " "1, " "1, " "1, " "1, " "1, " "1, " "1, " "1, " "1, " "1, " "1, " "1, " "1, " "1, " "1, " "1, " "1, " "1, " "1, " "1, " "1, " "1, " "1, " "1, " "1, " "1, " "1, " "1, " "1, " "1, " "1, " "1, " "1, " "1, " "1, " "1, " "1, " "1, " "1, " "1, " "1, " "1, " "1, " "1, " "1, " "1, " "1, " "1, " "1, " "1, " "1, " "1, " "1, " "1, " "1, " "1, " "1, " "1, " "1, " "1, " "1, " "1, " "1, " "1, " "1, " "1, " "1, " "1, " "1, " "1, " "1, " "1, " "1, " "1, " "1, " "1, " "1, " "1, " "1, " "1, " "1, " "0, " "1, " "1, " "1, " "1, " "1, " "1, " "1, " "1, " "1, " "1, " "1, " "1, " "1, " "1, " "1, "5000
 "Nei242, 0.39, " "0.886, " "1, " "1, " "1, " "1, " "1, " "1, " "1, " "1, " "1, " "1, " "1, " "1, " "1, " "1, " "1, " "1, " "1, " "1, " "1, " "1, " "1, " "1, " "1, " "1, " "1, " "1, " "1, " "1, " "1, " "1, " "1, " "1, " "1, " "1, " "1, " "1, " "1, " "1, " "1, " "1, " "1, " "1, " "1, " "1, " "1, " "1, " "1, " "1, " "1, " "1, " "1, " "1, " "1, " "1, " "1, " "1, " "1, " "1, " "1, " "1, " "1, " "1, " "1, " "1, " "1, " "1, " "1, " "1, " "1, " "1, " "1, " "1, " "1, " "1, " "1, " "1, " "1, " "1, " "1, " "1, " "1, " "1, " "1, " "1, " "1, " "1, " "1, " "1, " "1, " "1, " "1, " "1, " "1, " "1, " "1, " "1, " "1, " "1, " "1, " "1, " "1, " "1, " "1, " "1, " "1, " "1, " "1, " "1, " "1, " "1, " "1, " "1, " "1, " "1, " "1, " "1, " "1, " "1, " "1, " "1, " "1, " "1, " "1, " "1, " "1, " "1, " "1, " "1, " "1, " "1, " "1, " "1, " "1, " "1, " "1, " "1, " "1, " "1, " "1, " "1, " "1, " "1, " "1, " "1, " "1, " "1, " "1, " "1, " "1, " "1, " "1, " "1, " "1, " "1, " "1, " "1, " "1, " "1, " "1, " "1, " "1, " "1, " "1, " "1, " "1, " "1, " "1, " "1, " "1, " "1, " "1, " "1, " "1, " "1, " "1, " "1, " "1, " "1, " "1, " "1, " "1, " "1, " "1, " "1, " "1, " "1, " "1, " "1, " "1, " "1, " "1, " "1, " "1, " "1, " "1, " "1, " "1, " "1, " "1, " "1, " "1, " "1, " "1, " "1, " "1, " "1, " "1, " "1, " "1, " "1, " "1, " "1, " "1, " "1, " "1, " "1, " "1, " "1, " "1, " "1, " "1, " "1, " "1, " "1, " "1, " "1, " "1, " "1, " "1, " "1, " "1, " "1, " "1, " "1, " "1, " "1, " "1, " "1, " "1, " "1, " "1, " "1, " "0, " "1, " "1, " "1, " "1, " "1, " "1, " "1, " "1, " "1, " "1, " "1, " "1, " "1, " "1, "5000
 "Nei243, 0.384, " "0.885, " "1, " "1, " "1, " "1, " "1, " "1, " "1, " "1, " "1, " "1, " "1, " "1, " "1, " "1, " "1, " "1, " "1, " "1, " "1, " "1, " "1, " "1, " "1, " "1, " "1, " "1, " "1, " "1, " "1, " "1, " "1, " "1, " "1, " "1, " "1, " "1, " "1, " "1, " "1, " "1, " "1, " "1, " "1, " "1, " "1, " "1, " "1, " "1, " "1, " "1, " "1, " "1, " "1, " "1, " "1, " "1, " "1, " "1, " "1, " "1, " "1, " "1, " "1, " "1, " "1, " "1, " "1, " "1, " "1, " "1, " "1, " "1, " "1, " "1, " "1, " "1, " "1, " "1, " "1, " "1, " "1, " "1, " "1, " "1, " "1, " "1, " "1, " "1, " "1, " "1, " "1, " "1, " "1, " "1, " "1, " "1, " "1, " "1, " "1, " "1, " "1, " "1, " "1, " "1, " "1, " "1, " "1, " "1, " "1, " "1, " "1, " "1, " "1, " "1, " "1, " "1, " "1, " "1, " "1, " "1, " "1, " "1, " "1, " "1, " "1, " "1, " "1, " "1, " "1, " "1, " "1, " "1, " "1, " "1, " "1, " "1, " "1, " "1, " "1, " "1, " "1, " "1, " "1, " "1, " "1, " "1, " "1, " "1, " "1, " "1, " "1, " "1, " "1, " "1, " "1, " "1, " "1, " "1, " "1, " "1, " "1, " "1, " "1, " "1, " "1, " "1, " "1, " "1, " "1, " "1, " "1, " "1, " "1, " "1, " "1, " "1, " "1, " "1, " "1, " "1, " "1, " "1, " "1, " "1, " "1, " "1, " "1, " "1, " "1, " "1, " "1, " "1, " "1, " "1, " "1, " "1, " "1, " "1, " "1, " "1, " "1, " "1, " "1, " "1, " "1, " "1, " "1, " "1, " "1, " "1, " "1, " "1, " "1, " "1, " "1, " "1, " "1, " "1, " "1, " "1, " "1, " "1, " "1, " "1, " "1, " "1, " "1, " "1, " "1, " "1, " "1, " "1, " "1, " "1, " "1, " "1, " "1, " "1, " "1, " "1, " "1, " "1, " "1, " "0, " "1, " "1, " "1, " "1, " "1, " "1, " "1, " "1, " "1, " "1, " "1, " "1, " "1, "5000
 "Nei244, 0.325, " "0.887, " "1, " "1, " "1, " "1, " "1, " "1, " "1, " "1, " "1, " "1, " "1, " "1, " "1, " "1, " "1, " "1, " "1, " "1, " "1, " "1, " "1, " "1, " "1, " "1, " "1, " "1, " "1, " "1, " "1, " "1, " "1, " "1, " "1, " "1, " "1, " "1, " "1, " "1, " "1, " "1, " "1, " "1, " "1, " "1, " "1, " "1, " "1, " "1, " "1, " "1, " "1, " "1, " "1, " "1, " "1, " "1, " "1, " "1, " "1, " "1, " "1, " "1, " "1, " "1, " "1, " "1, " "1, " "1, " "1, " "1, " "1, " "1, " "1, " "1, " "1, " "1, " "1, " "1, " "1, " "1, " "1, " "1, " "1, " "1, " "1, " "1, " "1, " "1, " "1, " "1, " "1, " "1, " "1, " "1, " "1, " "1, " "1, " "1, " "1, " "1, " "1, " "1, " "1, " "1, " "1, " "1, " "1, " "1, " "1, " "1, " "1, " "1, " "1, " "1, " "1, " "1, " "1, " "1, " "1, " "1, " "1, " "1, " "1, " "1, " "1, " "1, " "1, " "1, " "1, " "1, " "1, " "1, " "1, " "1, " "1, " "1, " "1, " "1, " "1, " "1, " "1, " "1, " "1, " "1, " "1, " "1, " "1, " "1, " "1, " "1, " "1, " "1, " "1, " "1, " "1, " "1, " "1, " "1, " "1, " "1, " "1, " "1, " "1, " "1, " "1, " "1, " "1, " "1, " "1, " "1, " "1, " "1, " "1, " "1, " "1, " "1, " "1, " "1, " "1, " "1, " "1, " "1, " "1, " "1, " "1, " "1, " "1, " "1, " "1, " "1, " "1, " "1, " "1, " "1, " "1, " "1, " "1, " "1, " "1, " "1, " "1, " "1, " "1, " "1, " "1, " "1, " "1, " "1, " "1, " "1, " "1, " "1, " "1, " "1, " "1, " "1, " "1, " "1, " "1, " "1, " "1, " "1, " "1, " "1, " "1, " "1, " "1, " "1, " "1, " "1, " "1, " "1, " "1, " "1, " "1, " "1, " "1, " "1, " "1, " "1, " "1, " "1, " "1, " "1, " "0, " "1, " "1, " "1, " "1, " "1, " "1, " "1, " "1, " "1, " "1, " "1, " "1, "5000
 "Nei245, 0.303, " "0.886, " "1, " "1, " "1, " "1, " "1, " "1, " "1, " "1, " "1, " "1, " "1, " "1, " "1, " "1, " "1, " "1, " "1, " "1, " "1, " "1, " "1, " "1, " "1, " "1, " "1, " "1, " "1, " "1, " "1, " "1, " "1, " "1, " "1, " "1, " "1, " "1, " "1, " "1, " "1, " "1, " "1, " "1, " "1, " "1, " "1, " "1, " "1, " "1, " "1, " "1, " "1, " "1, " "1, " "1, " "1, " "1, " "1, " "1, " "1, " "1, " "1, " "1, " "1, " "1, " "1, " "1, " "1, " "1, " "1, " "1, " "1, " "1, " "1, " "1, " "1, " "1, " "1, " "1, " "1, " "1, " "1, " "1, " "1, " "1, " "1, " "1, " "1, " "1, " "1, " "1, " "1, " "1, " "1, " "1, " "1, " "1, " "1, " "1, " "1, " "1, " "1, " "1, " "1, " "1, " "1, " "1, " "1, " "1, " "1, " "1, " "1, " "1, " "1, " "1, " "1, " "1, " "1, " "1, " "1, " "1, " "1, " "1, " "1, " "1, " "1, " "1, " "1, " "1, " "1, " "1, " "1, " "1, " "1, " "1, " "1, " "1, " "1, " "1, " "1, " "1, " "1, " "1, " "1, " "1, " "1, " "1, " "1, " "1, " "1, " "1, " "1, " "1, " "1, " "1, " "1, " "1, " "1, " "1, " "1, " "1, " "1, " "1, " "1, " "1, " "1, " "1, " "1, " "1, " "1, " "1, " "1, " "1, " "1, " "1, " "1, " "1, " "1, " "1, " "1, " "1, " "1, " "1, " "1, " "1, " "1, " "1, " "1, " "1, " "1, " "1, " "1, " "1, " "1, " "1, " "1, " "1, " "1, " "1, " "1, " "1, " "1, " "1, " "1, " "1, " "1, " "1, " "1, " "1, " "1, " "1, " "1, " "1, " "1, " "1, " "1, " "1, " "1, " "1, " "1, " "1, " "1, " "1, " "1, " "1, " "1, " "1, " "1, " "1, " "1, " "1, " "1, " "1, " "1, " "1, " "1, " "1, " "1, " "1, " "1, " "1, " "1, " "1, " "1, " "1, " "1, " "0, " "1, " "1, " "1, " "1, " "1, " "1, " "1, " "1, " "1, " "1, " "1, "5000
 "Nei246, 0.098, " "0.89, " "1, " "1, " "1, " "1, " "1, " "1, " "1, " "1, " "1, " "1, " "1, " "1, " "1, " "1, " "1, " "1, " "1, " "1, " "1, " "1, " "1, " "1, " "1, " "1, " "1, " "1, " "1, " "1, " "1, " "1, " "1, " "1, " "1, " "1, " "1, " "1, " "1, " "1, " "1, " "1, " "1, " "1, " "1, " "1, " "1, " "1, " "1, " "1, " "1, " "1, " "1, " "1, " "1, " "1, " "1, " "1, " "1, " "1, " "1, " "1, " "1, " "1, " "1, " "1, " "1, " "1, " "1, " "1, " "1, " "1, " "1, " "1, " "1, " "1, " "1, " "1, " "1, " "1, " "1, " "1, " "1, " "1, " "1, " "1, " "1, " "1, " "1, " "1, " "1, " "1, " "1, " "1, " "1, " "1, " "1, " "1, " "1, " "1, " "1, " "1, " "1, " "1, " "1, " "1, " "1, " "1, " "1, " "1, " "1, " "1, " "1, " "1, " "1, " "1, " "1, " "1, " "1, " "1, " "1, " "1, " "1, " "1, " "1, " "1, " "1, " "1, " "1, " "1, " "1, " "1, " "1, " "1, " "1, " "1, " "1, " "1, " "1, " "1, " "1, " "1, " "1, " "1, " "1, " "1, " "1, " "1, " "1, " "1, " "1, " "1, " "1, " "1, " "1, " "1, " "1, " "1, " "1, " "1, " "1, " "1, " "1, " "1, " "1, " "1, " "1, " "1, " "1, " "1, " "1, " "1, " "1, " "1, " "1, " "1, " "1, " "1, " "1, " "1, " "1, " "1, " "1, " "1, " "1, " "1, " "1, " "1, " "1, " "1, " "1, " "1, " "1, " "1, " "1, " "1, " "1, " "1, " "1, " "1, " "1, " "1, " "1, " "1, " "1, " "1, " "1, " "1, " "1, " "1, " "1, " "1, " "1, " "1, " "1, " "1, " "1, " "1, " "1, " "1, " "1, " "1, " "1, " "1, " "1, " "1, " "1, " "1, " "1, " "1, " "1, " "1, " "1, " "1, " "1, " "1, " "1, " "1, " "1, " "1, " "1, " "1, " "1, " "1, " "1, " "1, " "1, " "1, " "0, " "1, " "1, " "1, " "1, " "1, " "1, " "1, " "1, " "1, " "1, "5000
 "Nei247, 0.197, " "0.89, " "1, " "1, " "1, " "1, " "1, " "1, " "1, " "1, " "1, " "1, " "1, " "1, " "1, " "1, " "1, " "1, " "1, " "1, " "1, " "1, " "1, " "1, " "1, " "1, " "1, " "1, " "1, " "1, " "1, " "1, " "1, " "1, " "1, " "1, " "1, " "1, " "1, " "1, " "1, " "1, " "1, " "1, " "1, " "1, " "1, " "1, " "1, " "1, " "1, " "1, " "1, " "1, " "1, " "1, " "1, " "1, " "1, " "1, " "1, " "1, " "1, " "1, " "1, " "1, " "1, " "1, " "1, " "1, " "1, " "1, " "1, " "1, " "1, " "1, " "1, " "1, " "1, " "1, " "1, " "1, " "1, " "1, " "1, " "1, " "1, " "1, " "1, " "1, " "1, " "1, " "1, " "1, " "1, " "1, " "1, " "1, " "1, " "1, " "1, " "1, " "1, " "1, " "1, " "1, " "1, " "1, " "1, " "1, " "1, " "1, " "1, " "1, " "1, " "1, " "1, " "1, " "1, " "1, " "1, " "1, " "1, " "1, " "1, " "1, " "1, " "1, " "1, " "1, " "1, " "1, " "1, " "1, " "1, " "1, " "1, " "1, " "1, " "1, " "1, " "1, " "1, " "1, " "1, " "1, " "1, " "1, " "1, " "1, " "1, " "1, " "1, " "1, " "1, " "1, " "1, " "1, " "1, " "1, " "1, " "1, " "1, " "1, " "1, " "1, " "1, " "1, " "1, " "1, " "1, " "1, " "1, " "1, " "1, " "1, " "1, " "1, " "1, " "1, " "1, " "1, " "1, " "1, " "1, " "1, " "1, " "1, " "1, " "1, " "1, " "1, " "1, " "1, " "1, " "1, " "1, " "1, " "1, " "1, " "1, " "1, " "1, " "1, " "1, " "1, " "1, " "1, " "1, " "1, " "1, " "1, " "1, " "1, " "1, " "1, " "1, " "1, " "1, " "1, " "1, " "1, " "1, " "1, " "1, " "1, " "1, " "1, " "1, " "1, " "1, " "1, " "1, " "1, " "1, " "1, " "1, " "1, " "1, " "1, " "1, " "1, " "1, " "1, " "1, " "1, " "1, " "1, " "1, " "0, " "1, " "1, " "1, " "1, " "1, " "1, " "1, " "1, " "1, "5000
 "Nei248, 0.207, " "0.89, " "1, " "1, " "1, " "1, " "1, " "1, " "1, " "1, " "1, " "1, " "1, " "1, " "1, " "1, " "1, " "1, " "1, " "1, " "1, " "1, " "1, " "1, " "1, " "1, " "1, " "1, " "1, " "1, " "1, " "1, " "1, " "1, " "1, " "1, " "1, " "1, " "1, " "1, " "1, " "1, " "1, " "1, " "1, " "1, " "1, " "1, " "1, " "1, " "1, " "1, " "1, " "1, " "1, " "1, " "1, " "1, " "1, " "1, " "1, " "1, " "1, " "1, " "1, " "1, " "1, " "1, " "1, " "1, " "1, " "1, " "1, " "1, " "1, " "1, " "1, " "1, " "1, " "1, " "1, " "1, " "1, " "1, " "1, " "1, " "1, " "1, " "1, " "1, " "1, " "1, " "1, " "1, " "1, " "1, " "1, " "1, " "1, " "1, " "1, " "1, " "1, " "1, " "1, " "1, " "1, " "1, " "1, " "1, " "1, " "1, " "1, " "1, " "1, " "1, " "1, " "1, " "1, " "1, " "1, " "1, " "1, " "1, " "1, " "1, " "1, " "1, " "1, " "1, " "1, " "1, " "1, " "1, " "1, " "1, " "1, " "1, " "1, " "1, " "1, " "1, " "1, " "1, " "1, " "1, " "1, " "1, " "1, " "1, " "1, " "1, " "1, " "1, " "1, " "1, " "1, " "1, " "1, " "1, " "1, " "1, " "1, " "1, " "1, " "1, " "1, " "1, " "1, " "1, " "1, " "1, " "1, " "1, " "1, " "1, " "1, " "1, " "1, " "1, " "1, " "1, " "1, " "1, " "1, " "1, " "1, " "1, " "1, " "1, " "1, " "1, " "1, " "1, " "1, " "1, " "1, " "1, " "1, " "1, " "1, " "1, " "1, " "1, " "1, " "1, " "1, " "1, " "1, " "1, " "1, " "1, " "1, " "1, " "1, " "1, " "1, " "1, " "1, " "1, " "1, " "1, " "1, " "1, " "1, " "1, " "1, " "1, " "1, " "1, " "1, " "1, " "1, " "1, " "1, " "1, " "1, " "1, " "1, " "1, " "1, " "1, " "1, " "1, " "1, " "1, " "1, " "1, " "1, " "1, " "0, " "1, " "1, " "1, " "1, " "1, " "1, " "1, " "1, "5000
 "Nei249, 0.024, " "0.966, " "1, " "1, " "1, " "1, " "1, " "1, " "1, " "1, " "1, " "1, " "1, " "1, " "1, " "1, " "1, " "1, " "1, " "1, " "1, " "1, " "1, " "1, " "1, " "1, " "1, " "1, " "1, " "1, " "1, " "1, " "1, " "1, " "1, " "1, " "1, " "1, " "1, " "1, " "1, " "1, " "1, " "1, " "1, " "1, " "1, " "1, " "1, " "1, " "1, " "1, " "1, " "1, " "1, " "1, " "1, " "1, " "1, " "1, " "1, " "1, " "1, " "1, " "1, " "1, " "1, " "1, " "1, " "1, " "1, " "1, " "1, " "1, " "1, " "1, " "1, " "1, " "1, " "1, " "1, " "1, " "1, " "1, " "1, " "1, " "1, " "1, " "1, " "1, " "1, " "1, " "1, " "1, " "1, " "1, " "1, " "1, " "1, " "1, " "1, " "1, " "1, " "1, " "1, " "1, " "1, " "1, " "1, " "1, " "1, " "1, " "1, " "1, " "1, " "1, " "1, " "1, " "1, " "1, " "1, " "1, " "1, " "1, " "1, " "1, " "1, " "1, " "1, " "1, " "1, " "1, " "1, " "1, " "1, " "1, " "1, " "1, " "1, " "1, " "1, " "1, " "1, " "1, " "1, " "1, " "1, " "1, " "1, " "1, " "1, " "1, " "1, " "1, " "1, " "1, " "1, " "1, " "1, " "1, " "1, " "1, " "1, " "1, " "1, " "1, " "1, " "1, " "1, " "1, " "1, " "1, " "1, " "1, " "1, " "1, " "1, " "1, " "1, " "1, " "1, " "1, " "1, " "1, " "1, " "1, " "1, " "1, " "1, " "1, " "1, " "1, " "1, " "1, " "1, " "1, " "1, " "1, " "1, " "1, " "1, " "1, " "1, " "1, " "1, " "1, " "1, " "1, " "1, " "1, " "1, " "1, " "1, " "1, " "1, " "1, " "1, " "1, " "1, " "1, " "1, " "1, " "1, " "1, " "1, " "1, " "1, " "1, " "1, " "1, " "1, " "1, " "1, " "1, " "1, " "1, " "1, " "1, " "1, " "1, " "1, " "1, " "1, " "1, " "1, " "1, " "1, " "1, " "1, " "1, " "1, " "0, " "1, " "1, " "1, " "1, " "1, " "1, " "1, "5000
 "Nei250, 0.375, " "0.887, " "1, " "1, " "1, " "1, " "1, " "1, " "1, " "1, " "1, " "1, " "1, " "1, " "1, " "1, " "1, " "1, " "1, " "1, " "1, " "1, " "1, " "1, " "1, " "1, " "1, " "1, " "1, " "1, " "1, " "1, " "1, " "1, " "1, " "1, " "1, " "1, " "1, " "1, " "1, " "1, " "1, " "1, " "1, " "1, " "1, " "1, " "1, " "1, " "1, " "1, " "1, " "1, " "1, " "1, " "1, " "1, " "1, " "1, " "1, " "1, " "1, " "1, " "1, " "1, " "1, " "1, " "1, " "1, " "1, " "1, " "1, " "1, " "1, " "1, " "1, " "1, " "1, " "1, " "1, " "1, " "1, " "1, " "1, " "1, " "1, " "1, " "1, " "1, " "1, " "1, " "1, " "1, " "1, " "1, " "1, " "1, " "1, " "1, " "1, " "1, " "1, " "1, " "1, " "1, " "1, " "1, " "1, " "1, " "1, " "1, " "1, " "1, " "1, " "1, " "1, " "1, " "1, " "1, " "1, " "1, " "1, " "1, " "1, " "1, " "1, " "1, " "1, " "1, " "1, " "1, " "1, " "1, " "1, " "1, " "1, " "1, " "1, " "1, " "1, " "1, " "1, " "1, " "1, " "1, " "1, " "1, " "1, " "1, " "1, " "1, " "1, " "1, " "1, " "1, " "1, " "1, " "1, " "1, " "1, " "1, " "1, " "1, " "1, " "1, " "1, " "1, " "1, " "1, " "1, " "1, " "1, " "1, " "1, " "1, " "1, " "1, " "1, " "1, " "1, " "1, " "1, " "1, " "1, " "1, " "1, " "1, " "1, " "1, " "1, " "1, " "1, " "1, " "1, " "1, " "1, " "1, " "1, " "1, " "1, " "1, " "1, " "1, " "1, " "1, " "1, " "1, " "1, " "1, " "1, " "1, " "1, " "1, " "1, " "1, " "1, " "1, " "1, " "1, " "1, " "1, " "1, " "1, " "1, " "1, " "1, " "1, " "1, " "1, " "1, " "1, " "1, " "1, " "1, " "1, " "1, " "1, " "1, " "1, " "1, " "1, " "1, " "1, " "1, " "1, " "1, " "1, " "1, " "1, " "1, " "1, " "0, " "1, " "1, " "1, " "1, " "1, " "1, "5000
 "Nei251, 0.384, " "0.886, " "1, " "1, " "1, " "1, " "1, " "1, " "1, " "1, " "1, " "1, " "1, " "1, " "1, " "1, " "1, " "1, " "1, " "1, " "1, " "1, " "1, " "1, " "1, " "1, " "1, " "1, " "1, " "1, " "1, " "1, " "1, " "1, " "1, " "1, " "1, " "1, " "1, " "1, " "1, " "1, " "1, " "1, " "1, " "1, " "1, " "1, " "1, " "1, " "1, " "1, " "1, " "1, " "1, " "1, " "1, " "1, " "1, " "1, " "1, " "1, " "1, " "1, " "1, " "1, " "1, " "1, " "1, " "1, " "1, " "1, " "1, " "1, " "1, " "1, " "1, " "1, " "1, " "1, " "1, " "1, " "1, " "1, " "1, " "1, " "1, " "1, " "1, " "1, " "1, " "1, " "1, " "1, " "1, " "1, " "1, " "1, " "1, " "1, " "1, " "1, " "1, " "1, " "1, " "1, " "1, " "1, " "1, " "1, " "1, " "1, " "1, " "1, " "1, " "1, " "1, " "1, " "1, " "1, " "1, " "1, " "1, " "1, " "1, " "1, " "1, " "1, " "1, " "1, " "1, " "1, " "1, " "1, " "1, " "1, " "1, " "1, " "1, " "1, " "1, " "1, " "1, " "1, " "1, " "1, " "1, " "1, " "1, " "1, " "1, " "1, " "1, " "1, " "1, " "1, " "1, " "1, " "1, " "1, " "1, " "1, " "1, " "1, " "1, " "1, " "1, " "1, " "1, " "1, " "1, " "1, " "1, " "1, " "1, " "1, " "1, " "1, " "1, " "1, " "1, " "1, " "1, " "1, " "1, " "1, " "1, " "1, " "1, " "1, " "1, " "1, " "1, " "1, " "1, " "1, " "1, " "1, " "1, " "1, " "1, " "1, " "1, " "1, " "1, " "1, " "1, " "1, " "1, " "1, " "1, " "1, " "1, " "1, " "1, " "1, " "1, " "1, " "1, " "1, " "1, " "1, " "1, " "1, " "1, " "1, " "1, " "1, " "1, " "1, " "1, " "1, " "1, " "1, " "1, " "1, " "1, " "1, " "1, " "1, " "1, " "1, " "1, " "1, " "1, " "1, " "1, " "1, " "1, " "1, " "1, " "1, " "1, " "0, " "1, " "1, " "1, " "1, " "1, "5000
 "Nei252, 0.073, " "0.891, " "1, " "1, " "1, " "1, " "1, " "1, " "1, " "1, " "1, " "1, " "1, " "1, " "1, " "1, " "1, " "1, " "1, " "1, " "1, " "1, " "1, " "1, " "1, " "1, " "1, " "1, " "1, " "1, " "1, " "1, " "1, " "1, " "1, " "1, " "1, " "1, " "1, " "1, " "1, " "1, " "1, " "1, " "1, " "1, " "1, " "1, " "1, " "1, " "1, " "1, " "1, " "1, " "1, " "1, " "1, " "1, " "1, " "1, " "1, " "1, " "1, " "1, " "1, " "1, " "1, " "1, " "1, " "1, " "1, " "1, " "1, " "1, " "1, " "1, " "1, " "1, " "1, " "1, " "1, " "1, " "1, " "1, " "1, " "1, " "1, " "1, " "1, " "1, " "1, " "1, " "1, " "1, " "1, " "1, " "1, " "1, " "1, " "1, " "1, " "1, " "1, " "1, " "1, " "1, " "1, " "1, " "1, " "1, " "1, " "1, " "1, " "1, " "1, " "1, " "1, " "1, " "1, " "1, " "1, " "1, " "1, " "1, " "1, " "1, " "1, " "1, " "1, " "1, " "1, " "1, " "1, " "1, " "1, " "1, " "1, " "1, " "1, " "1, " "1, " "1, " "1, " "1, " "1, " "1, " "1, " "1, " "1, " "1, " "1, " "1, " "1, " "1, " "1, " "1, " "1, " "1, " "1, " "1, " "1, " "1, " "1, " "1, " "1, " "1, " "1, " "1, " "1, " "1, " "1, " "1, " "1, " "1, " "1, " "1, " "1, " "1, " "1, " "1, " "1, " "1, " "1, " "1, " "1, " "1, " "1, " "1, " "1, " "1, " "1, " "1, " "1, " "1, " "1, " "1, " "1, " "1, " "1, " "1, " "1, " "1, " "1, " "1, " "1, " "1, " "1, " "1, " "1, " "1, " "1, " "1, " "1, " "1, " "1, " "1, " "1, " "1, " "1, " "1, " "1, " "1, " "1, " "1, " "1, " "1, " "1, " "1, " "1, " "1, " "1, " "1, " "1, " "1, " "1, " "1, " "1, " "1, " "1, " "1, " "1, " "1, " "1, " "1, " "1, " "1, " "1, " "1, " "1, " "1, " "1, " "1, " "1, " "1, " "0, " "1, " "1, " "1, " "1, "5000
 "Nei253, 0.177, " "0.89, " "1, " "1, " "1, " "1, " "1, " "1, " "1, " "1, " "1, " "1, " "1, " "1, " "1, " "1, " "1, " "1, " "1, " "1, " "1, " "1, " "1, " "1, " "1, " "1, " "1, " "1, " "1, " "1, " "1, " "1, " "1, " "1, " "1, " "1, " "1, " "1, " "1, " "1, " "1, " "1, " "1, " "1, " "1, " "1, " "1, " "1, " "1, " "1, " "1, " "1, " "1, " "1, " "1, " "1, " "1, " "1, " "1, " "1, " "1, " "1, " "1, " "1, " "1, " "1, " "1, " "1, " "1, " "1, " "1, " "1, " "1, " "1, " "1, " "1, " "1, " "1, " "1, " "1, " "1, " "1, " "1, " "1, " "1, " "1, " "1, " "1, " "1, " "1, " "1, " "1, " "1, " "1, " "1, " "1, " "1, " "1, " "1, " "1, " "1, " "1, " "1, " "1, " "1, " "1, " "1, " "1, " "1, " "1, " "1, " "1, " "1, " "1, " "1, " "1, " "1, " "1, " "1, " "1, " "1, " "1, " "1, " "1, " "1, " "1, " "1, " "1, " "1, " "1, " "1, " "1, " "1, " "1, " "1, " "1, " "1, " "1, " "1, " "1, " "1, " "1, " "1, " "1, " "1, " "1, " "1, " "1, " "1, " "1, " "1, " "1, " "1, " "1, " "1, " "1, " "1, " "1, " "1, " "1, " "1, " "1, " "1, " "1, " "1, " "1, " "1, " "1, " "1, " "1, " "1, " "1, " "1, " "1, " "1, " "1, " "1, " "1, " "1, " "1, " "1, " "1, " "1, " "1, " "1, " "1, " "1, " "1, " "1, " "1, " "1, " "1, " "1, " "1, " "1, " "1, " "1, " "1, " "1, " "1, " "1, " "1, " "1, " "1, " "1, " "1, " "1, " "1, " "1, " "1, " "1, " "1, " "1, " "1, " "1, " "1, " "1, " "1, " "1, " "1, " "1, " "1, " "1, " "1, " "1, " "1, " "1, " "1, " "1, " "1, " "1, " "1, " "1, " "1, " "1, " "1, " "1, " "1, " "1, " "1, " "1, " "1, " "1, " "1, " "1, " "1, " "1, " "1, " "1, " "1, " "1, " "1, " "1, " "1, " "1, " "0, " "1, " "1, " "1, "5000
 "Nei254, 0.062, " "0.89, " "1, " "1, " "1, " "1, " "1, " "1, " "1, " "1, " "1, " "1, " "1, " "1, " "1, " "1, " "1, " "1, " "1, " "1, " "1, " "1, " "1, " "1, " "1, " "1, " "1, " "1, " "1, " "1, " "1, " "1, " "1, " "1, " "1, " "1, " "1, " "1, " "1, " "1, " "1, " "1, " "1, " "1, " "1, " "1, " "1, " "1, " "1, " "1, " "1, " "1, " "1, " "1, " "1, " "1, " "1, " "1, " "1, " "1, " "1, " "1, " "1, " "1, " "1, " "1, " "1, " "1, " "1, " "1, " "1, " "1, " "1, " "1, " "1, " "1, " "1, " "1, " "1, " "1, " "1, " "1, " "1, " "1, " "1, " "1, " "1, " "1, " "1, " "1, " "1, " "1, " "1, " "1, " "1, " "1, " "1, " "1, " "1, " "1, " "1, " "1, " "1, " "1, " "1, " "1, " "1, " "1, " "1, " "1, " "1, " "1, " "1, " "1, " "1, " "1, " "1, " "1, " "1, " "1, " "1, " "1, " "1, " "1, " "1, " "1, " "1, " "1, " "1, " "1, " "1, " "1, " "1, " "1, " "1, " "1, " "1, " "1, " "1, " "1, " "1, " "1, " "1, " "1, " "1, " "1, " "1, " "1, " "1, " "1, " "1, " "1, " "1, " "1, " "1, " "1, " "1, " "1, " "1, " "1, " "1, " "1, " "1, " "1, " "1, " "1, " "1, " "1, " "1, " "1, " "1, " "1, " "1, " "1, " "1, " "1, " "1, " "1, " "1, " "1, " "1, " "1, " "1, " "1, " "1, " "1, " "1, " "1, " "1, " "1, " "1, " "1, " "1, " "1, " "1, " "1, " "1, " "1, " "1, " "1, " "1, " "1, " "1, " "1, " "1, " "1, " "1, " "1, " "1, " "1, " "1, " "1, " "1, " "1, " "1, " "1, " "1, " "1, " "1, " "1, " "1, " "1, " "1, " "1, " "1, " "1, " "1, " "1, " "1, " "1, " "1, " "1, " "1, " "1, " "1, " "1, " "1, " "1, " "1, " "1, " "1, " "1, " "1, " "1, " "1, " "1, " "1, " "1, " "1, " "1, " "1, " "1, " "1, " "1, " "1, " "1, " "0, " "1, " "1, "5000
 "Nei255, 0.041, " "0.891, " "1, " "1, " "1, " "1, " "1, " "1, " "1, " "1, " "1, " "1, " "1, " "1, " "1, " "1, " "1, " "1, " "1, " "1, " "1, " "1, " "1, " "1, " "1, " "1, " "1, " "1, " "1, " "1, " "1, " "1, " "1, " "1, " "1, " "1, " "1, " "1, " "1, " "1, " "1, " "1, " "1, " "1, " "1, " "1, " "1, " "1, " "1, " "1, " "1, " "1, " "1, " "1, " "1, " "1, " "1, " "1, " "1, " "1, " "1, " "1, " "1, " "1, " "1, " "1, " "1, " "1, " "1, " "1, " "1, " "1, " "1, " "1, " "1, " "1, " "1, " "1, " "1, " "1, " "1, " "1, " "1, " "1, " "1, " "1, " "1, " "1, " "1, " "1, " "1, " "1, " "1, " "1, " "1, " "1, " "1, " "1, " "1, " "1, " "1, " "1, " "1, " "1, " "1, " "1, " "1, " "1, " "1, " "1, " "1, " "1, " "1, " "1, " "1, " "1, " "1, " "1, " "1, " "1, " "1, " "1, " "1, " "1, " "1, " "1, " "1, " "1, " "1, " "1, " "1, " "1, " "1, " "1, " "1, " "1, " "1, " "1, " "1, " "1, " "1, " "1, " "1, " "1, " "1, " "1, " "1, " "1, " "1, " "1, " "1, " "1, " "1, " "1, " "1, " "1, " "1, " "1, " "1, " "1, " "1, " "1, " "1, " "1, " "1, " "1, " "1, " "1, " "1, " "1, " "1, " "1, " "1, " "1, " "1, " "1, " "1, " "1, " "1, " "1, " "1, " "1, " "1, " "1, " "1, " "1, " "1, " "1, " "1, " "1, " "1, " "1, " "1, " "1, " "1, " "1, " "1, " "1, " "1, " "1, " "1, " "1, " "1, " "1, " "1, " "1, " "1, " "1, " "1, " "1, " "1, " "1, " "1, " "1, " "1, " "1, " "1, " "1, " "1, " "1, " "1, " "1, " "1, " "1, " "1, " "1, " "1, " "1, " "1, " "1, " "1, " "1, " "1, " "1, " "1, " "1, " "1, " "1, " "1, " "1, " "1, " "1, " "1, " "1, " "1, " "1, " "1, " "1, " "1, " "1, " "1, " "1, " "1, " "1, " "1, " "1, " "1, " "0, " "1, "5000
 "Nei256, 0.36, " "0.885, " "1, " "1, " "1, " "1, " "1, " "1, " "1, " "1, " "1, " "1, " "1, " "1, " "1, " "1, " "1, " "1, " "1, " "1, " "1, " "1, " "1, " "1, " "1, " "1, " "1, " "1, " "1, " "1, " "1, " "1, " "1, " "1, " "1, " "1, " "1, " "1, " "1, " "1, " "1, " "1, " "1, " "1, " "1, " "1, " "1, " "1, " "1, " "1, " "1, " "1, " "1, " "1, " "1, " "1, " "1, " "1, " "1, " "1, " "1, " "1, " "1, " "1, " "1, " "1, " "1, " "1, " "1, " "1, " "1, " "1, " "1, " "1, " "1, " "1, " "1, " "1, " "1, " "1, " "1, " "1, " "1, " "1, " "1, " "1, " "1, " "1, " "1, " "1, " "1, " "1, " "1, " "1, " "1, " "1, " "1, " "1, " "1, " "1, " "1, " "1, " "1, " "1, " "1, " "1, " "1, " "1, " "1, " "1, " "1, " "1, " "1, " "1, " "1, " "1, " "1, " "1, " "1, " "1, " "1, " "1, " "1, " "1, " "1, " "1, " "1, " "1, " "1, " "1, " "1, " "1, " "1, " "1, " "1, " "1, " "1, " "1, " "1, " "1, " "1, " "1, " "1, " "1, " "1, " "1, " "1, " "1, " "1, " "1, " "1, " "1, " "1, " "1, " "1, " "1, " "1, " "1, " "1, " "1, " "1, " "1, " "1, " "1, " "1, " "1, " "1, " "1, " "1, " "1, " "1, " "1, " "1, " "1, " "1, " "1, " "1, " "1, " "1, " "1, " "1, " "1, " "1, " "1, " "1, " "1, " "1, " "1, " "1, " "1, " "1, " "1, " "1, " "1, " "1, " "1, " "1, " "1, " "1, " "1, " "1, " "1, " "1, " "1, " "1, " "1, " "1, " "1, " "1, " "1, " "1, " "1, " "1, " "1, " "1, " "1, " "1, " "1, " "1, " "1, " "1, " "1, " "1, " "1, " "1, " "1, " "1, " "1, " "1, " "1, " "1, " "1, " "1, " "1, " "1, " "1, " "1, " "1, " "1, " "1, " "1, " "1, " "1, " "1, " "1, " "1, " "1, " "1, " "1, " "1, " "1, " "1, " "1, " "1, " "1, " "1, " "1, " "1, " "0, "5000
