 "ID, Uncertainty, " "Opinion1, " "Nei0, " "Nei1, " "Nei2, " "Nei3, " "Nei4, " "Nei5, " "Nei6, " "Nei7, " "Nei8, " "Nei9, " "Nei10, " "Nei11, " "Nei12, " "Nei13, " "Nei14, " "Nei15, " "Nei16, " "Nei17, " "Nei18, " "Nei19, " "Nei20, " "Nei21, " "Nei22, " "Nei23, " "Nei24, " "Nei25, " "Nei26, " "Nei27, " "Nei28, " "Nei29, " "Nei30, " "Nei31, " "Nei32, " "Nei33, " "Nei34, " "Nei35, " "Nei36, " "Nei37, " "Nei38, " "Nei39, " "Nei40, " "Nei41, " "Nei42, " "Nei43, " "Nei44, " "Nei45, " "Nei46, " "Nei47, " "Nei48, " "Nei49, " "Nei50, " "Nei51, " "Nei52, " "Nei53, " "Nei54, " "Nei55, " "Nei56, " "Nei57, " "Nei58, " "Nei59, " "Nei60, " "Nei61, " "Nei62, " "Nei63, " "Nei64, " "Nei65, " "Nei66, " "Nei67, " "Nei68, " "Nei69, " "Nei70, " "Nei71, " "Nei72, " "Nei73, " "Nei74, " "Nei75, " "Nei76, " "Nei77, " "Nei78, " "Nei79, " "Nei80, " "Nei81, " "Nei82, " "Nei83, " "Nei84, " "Nei85, " "Nei86, " "Nei87, " "Nei88, " "Nei89, " "Nei90, " "Nei91, " "Nei92, " "Nei93, " "Nei94, " "Nei95, " "Nei96, " "Nei97, " "Nei98, " "Nei99, " "Nei100, " "Nei101, " "Nei102, " "Nei103, " "Nei104, " "Nei105, " "Nei106, " "Nei107, " "Nei108, " "Nei109, " "Nei110, " "Nei111, " "Nei112, " "Nei113, " "Nei114, " "Nei115, " "Nei116, " "Nei117, " "Nei118, " "Nei119, " "Nei120, " "Nei121, " "Nei122, " "Nei123, " "Nei124, " "Nei125, " "Nei126, " "Nei127, " "Nei128, " "Nei129, " "Nei130, " "Nei131, " "Nei132, " "Nei133, " "Nei134, " "Nei135, " "Nei136, " "Nei137, " "Nei138, " "Nei139, " "Nei140, " "Nei141, " "Nei142, " "Nei143, " "Nei144, " "Nei145, " "Nei146, " "Nei147, " "Nei148, " "Nei149, " "Nei150, " "Nei151, " "Nei152, " "Nei153, " "Nei154, " "Nei155, " "Nei156, " "Nei157, " "Nei158, " "Nei159, " "Nei160, " "Nei161, " "Nei162, " "Nei163, " "Nei164, " "Nei165, " "Nei166, " "Nei167, " "Nei168, " "Nei169, " "Nei170, " "Nei171, " "Nei172, " "Nei173, " "Nei174, " "Nei175, " "Nei176, " "Nei177, " "Nei178, " "Nei179, " "Nei180, " "Nei181, " "Nei182, " "Nei183, " "Nei184, " "Nei185, " "Nei186, " "Nei187, " "Nei188, " "Nei189, " "Nei190, " "Nei191, " "Nei192, " "Nei193, " "Nei194, " "Nei195, " "Nei196, " "Nei197, " "Nei198, " "Nei199, " "Nei200, " "Nei201, " "Nei202, " "Nei203, " "Nei204, " "Nei205, " "Nei206, " "Nei207, " "Nei208, " "Nei209, " "Nei210, " "Nei211, " "Nei212, " "Nei213, " "Nei214, " "Nei215, " "Nei216, " "Nei217, " "Nei218, " "Nei219, " "Nei220, " "Nei221, " "Nei222, " "Nei223, " "Nei224, " "Nei225, " "Nei226, " "Nei227, " "Nei228, " "Nei229, " "Nei230, " "Nei231, " "Nei232, " "Nei233, " "Nei234, " "Nei235, " "Nei236, " "Nei237, " "Nei238, " "Nei239, " "Nei240, " "Nei241, " "Nei242, " "Nei243, " "Nei244, " "Nei245, " "Nei246, " "Nei247, " "Nei248, " "Nei249, " "Nei250, " "Nei251, " "Nei252, " "Nei253, " "Nei254, " "Nei255, " "Nei256, " "Nei257, " "Nei258, " "Nei259, " "Nei260, " "Nei261, " "Nei262, " "Nei263, " "Nei264, " "Nei265, " "Nei266, " "Nei267, " "Nei268, " "Nei269, " "Nei270, " "Nei271, " "Nei272, " "Nei273, " "Nei274, " "Nei275, " "Nei276, " "Nei277, " "Nei278, " "Nei279, " "Nei280, " "Nei281, " "Nei282, " "Nei283, " "Nei284, " "Nei285, " "Nei286, " "Nei287, " "Nei288, " "Nei289, " "Nei290, " "Nei291, " "Nei292, " "Nei293, " "Nei294, " "Nei295, " "Nei296, " "Nei297, " "Nei298, " "Nei299, " "Nei300, " "Nei301, " "Nei302, " "Nei303, " "Nei304, " "Nei305, " "Nei306, " "Nei307, " "Nei308, " "Nei309, " "Nei310, " "Nei311, " "Nei312, " "Nei313, " "Nei314, " "Nei315, " "Nei316, " "Nei317, " "Nei318, " "Nei319, " "Nei320, " "Nei321, " "Nei322, " "Nei323, " "Nei324, " "Nei325, " "Nei326, " "Nei327, " "Nei328, " "Nei329, " "Nei330, " "Nei331, " "Nei332, " "Nei333, " "Nei334, " "Nei335, " "Nei336, " "Nei337, " "Nei338, " "Nei339, " "Nei340, " "Nei341, " "Nei342, " "Nei343, " "Nei344, " "Nei345, " "Nei346, " "Nei347, " "Nei348, " "Nei349, " "Nei350, " "Nei351, " "Nei352, " "Nei353, " "Nei354, " "Nei355, " "Nei356, " "Nei357, " "Nei358, " "Nei359, " "Nei360, " "Nei361, " "Nei362, " "Nei363, " "Nei364, " "Nei365, " "Nei366, " "Nei367, " "Nei368, " "Nei369, " "Nei370, " "Nei371, " "Nei372, " "Nei373, " "Nei374, " "Nei375, " "Nei376, " "Nei377, " "Nei378, " "Nei379, " "Nei380, " "Nei381, " "Nei382, " "Nei383, " "Nei384, " "Nei385, " "Nei386, " "Nei387, " "Nei388, " "Nei389, " "Nei390, " "Nei391, " "Nei392, " "Nei393, " "Nei394, " "Nei395, " "Nei396, " "Nei397, " "Nei398, " "Nei399, " "Nei400, " "Nei401, " "Nei402, " "Nei403, " "Nei404, " "Nei405, " "Nei406, " "Nei407, " "Nei408, " "Nei409, " "Nei410, " "Nei411, " "Nei412, " "Nei413, " "Nei414, " "Nei415, " "Nei416, " "Nei417, " "Nei418, " "Nei419, " "Nei420, " "Nei421, " "Nei422, " "Nei423, " "Nei424, " "Nei425, " "Nei426, " "Nei427, " "Nei428, " "Nei429, " "Nei430, " "Nei431, " "Nei432, " "Nei433, " "Nei434, " "Nei435, " "Nei436, " "Nei437, " "Nei438, " "Nei439, " "Nei440, " "Nei441, " "Nei442, " "Nei443, " "Nei444, " "Nei445, " "Nei446, " "Nei447, " "Nei448, " "Nei449, " "Nei450, " "Nei451, " "Nei452, " "Nei453, " "Nei454, " "Nei455, " "Nei456, " "Nei457, " "Nei458, " "Nei459, " "Nei460, " "Nei461, " "Nei462, " "Nei463, " "Nei464, " "Nei465, " "Nei466, " "Nei467, " "Nei468, " "Nei469, " "Nei470, " "Nei471, " "Nei472, " "Nei473, " "Nei474, " "Nei475, " "Nei476, " "Nei477, " "Nei478, " "Nei479, " "Nei480, " "Nei481, " "Nei482, " "Nei483, " "Nei484, " "Nei485, " "Nei486, " "Nei487, " "Nei488, " "Nei489, " "Nei490, " "Nei491, " "Nei492, " "Nei493, " "Nei494, " "Nei495, " "Nei496, " "Nei497, " "Nei498, " "Nei499, " "Nei500, " "Nei501, " "Nei502, " "Nei503, " "Nei504, " "Nei505, " "Nei506, " "Nei507, " "Nei508, " "Nei509, " "Nei510, " "Nei511, " "Nei512, "Step
 "Nei0, 0.209, " "-0.632, " "0, " "1, " "1, " "1, " "1, " "1, " "1, " "1, " "1, " "1, " "1, " "1, " "1, " "1, " "1, " "1, " "1, " "1, " "1, " "1, " "1, " "1, " "1, " "1, " "1, " "1, " "1, " "1, " "1, " "1, " "1, " "1, " "1, " "1, " "1, " "1, " "1, " "1, " "1, " "1, " "1, " "1, " "1, " "1, " "1, " "1, " "1, " "1, " "1, " "1, " "1, " "1, " "1, " "1, " "1, " "1, " "1, " "1, " "1, " "1, " "1, " "1, " "1, " "1, " "1, " "1, " "1, " "1, " "1, " "1, " "1, " "1, " "1, " "1, " "1, " "1, " "1, " "1, " "1, " "1, " "1, " "1, " "1, " "1, " "1, " "1, " "1, " "1, " "1, " "1, " "1, " "1, " "1, " "1, " "1, " "1, " "1, " "1, " "1, " "1, " "1, " "1, " "1, " "1, " "1, " "1, " "1, " "1, " "1, " "1, " "1, " "1, " "1, " "1, " "1, " "1, " "1, " "1, " "1, " "1, " "1, " "1, " "1, " "1, " "1, " "1, " "1, " "1, " "1, " "1, " "1, " "1, " "1, " "1, " "1, " "1, " "1, " "1, " "1, " "1, " "1, " "1, " "1, " "1, " "1, " "1, " "1, " "1, " "1, " "1, " "1, " "1, " "1, " "1, " "1, " "1, " "1, " "1, " "1, " "1, " "1, " "1, " "1, " "1, " "1, " "1, " "1, " "1, " "1, " "1, " "1, " "1, " "1, " "1, " "1, " "1, " "1, " "1, " "1, " "1, " "1, " "1, " "1, " "1, " "1, " "1, " "1, " "1, " "1, " "1, " "1, " "1, " "1, " "1, " "1, " "1, " "1, " "1, " "1, " "1, " "1, " "1, " "1, " "1, " "1, " "1, " "1, " "1, " "1, " "1, " "1, " "1, " "1, " "1, " "1, " "1, " "1, " "1, " "1, " "1, " "1, " "1, " "1, " "1, " "1, " "1, " "1, " "1, " "1, " "1, " "1, " "1, " "1, " "1, " "1, " "1, " "1, " "1, " "1, " "1, " "1, " "1, " "1, " "1, " "1, " "1, " "1, " "1, " "1, " "1, " "1, " "1, " "1, " "1, " "1, " "1, " "1, " "1, " "1, " "1, " "1, " "1, " "1, " "1, " "1, " "1, " "1, " "1, " "1, " "1, " "1, " "1, " "1, " "1, " "1, " "1, " "1, " "1, " "1, " "1, " "1, " "1, " "1, " "1, " "1, " "1, " "1, " "1, " "1, " "1, " "1, " "1, " "1, " "1, " "1, " "1, " "1, " "1, " "1, " "1, " "1, " "1, " "1, " "1, " "1, " "1, " "1, " "1, " "1, " "1, " "1, " "1, " "1, " "1, " "1, " "1, " "1, " "1, " "1, " "1, " "1, " "1, " "1, " "1, " "1, " "1, " "1, " "1, " "1, " "1, " "1, " "1, " "1, " "1, " "1, " "1, " "1, " "1, " "1, " "1, " "1, " "1, " "1, " "1, " "1, " "1, " "1, " "1, " "1, " "1, " "1, " "1, " "1, " "1, " "1, " "1, " "1, " "1, " "1, " "1, " "1, " "1, " "1, " "1, " "1, " "1, " "1, " "1, " "1, " "1, " "1, " "1, " "1, " "1, " "1, " "1, " "1, " "1, " "1, " "1, " "1, " "1, " "1, " "1, " "1, " "1, " "1, " "1, " "1, " "1, " "1, " "1, " "1, " "1, " "1, " "1, " "1, " "1, " "1, " "1, " "1, " "1, " "1, " "1, " "1, " "1, " "1, " "1, " "1, " "1, " "1, " "1, " "1, " "1, " "1, " "1, " "1, " "1, " "1, " "1, " "1, " "1, " "1, " "1, " "1, " "1, " "1, " "1, " "1, " "1, " "1, " "1, " "1, " "1, " "1, " "1, " "1, " "1, " "1, " "1, " "1, " "1, " "1, " "1, " "1, " "1, " "1, " "1, " "1, " "1, " "1, " "1, " "1, " "1, " "1, " "1, " "1, " "1, " "1, " "1, " "1, " "1, " "1, " "1, " "1, " "1, " "1, " "1, " "1, " "1, " "1, " "1, " "1, " "1, " "1, " "1, " "1, " "1, " "1, " "1, " "1, " "1, " "1, " "1, " "1, " "1, " "1, " "1, " "1, " "1, " "1, " "1, " "1, " "1, " "1, " "1, " "1, " "1, " "1, " "1, " "1, " "1, " "1, " "1, " "1, " "1, " "1, " "1, " "1, " "1, " "1, " "1, " "1, "0
 "Nei1, 0.281, " "0.138, " "1, " "0, " "1, " "1, " "1, " "1, " "1, " "1, " "1, " "1, " "1, " "1, " "1, " "1, " "1, " "1, " "1, " "1, " "1, " "1, " "1, " "1, " "1, " "1, " "1, " "1, " "1, " "1, " "1, " "1, " "1, " "1, " "1, " "1, " "1, " "1, " "1, " "1, " "1, " "1, " "1, " "1, " "1, " "1, " "1, " "1, " "1, " "1, " "1, " "1, " "1, " "1, " "1, " "1, " "1, " "1, " "1, " "1, " "1, " "1, " "1, " "1, " "1, " "1, " "1, " "1, " "1, " "1, " "1, " "1, " "1, " "1, " "1, " "1, " "1, " "1, " "1, " "1, " "1, " "1, " "1, " "1, " "1, " "1, " "1, " "1, " "1, " "1, " "1, " "1, " "1, " "1, " "1, " "1, " "1, " "1, " "1, " "1, " "1, " "1, " "1, " "1, " "1, " "1, " "1, " "1, " "1, " "1, " "1, " "1, " "1, " "1, " "1, " "1, " "1, " "1, " "1, " "1, " "1, " "1, " "1, " "1, " "1, " "1, " "1, " "1, " "1, " "1, " "1, " "1, " "1, " "1, " "1, " "1, " "1, " "1, " "1, " "1, " "1, " "1, " "1, " "1, " "1, " "1, " "1, " "1, " "1, " "1, " "1, " "1, " "1, " "1, " "1, " "1, " "1, " "1, " "1, " "1, " "1, " "1, " "1, " "1, " "1, " "1, " "1, " "1, " "1, " "1, " "1, " "1, " "1, " "1, " "1, " "1, " "1, " "1, " "1, " "1, " "1, " "1, " "1, " "1, " "1, " "1, " "1, " "1, " "1, " "1, " "1, " "1, " "1, " "1, " "1, " "1, " "1, " "1, " "1, " "1, " "1, " "1, " "1, " "1, " "1, " "1, " "1, " "1, " "1, " "1, " "1, " "1, " "1, " "1, " "1, " "1, " "1, " "1, " "1, " "1, " "1, " "1, " "1, " "1, " "1, " "1, " "1, " "1, " "1, " "1, " "1, " "1, " "1, " "1, " "1, " "1, " "1, " "1, " "1, " "1, " "1, " "1, " "1, " "1, " "1, " "1, " "1, " "1, " "1, " "1, " "1, " "1, " "1, " "1, " "1, " "1, " "1, " "1, " "1, " "1, " "1, " "1, " "1, " "1, " "1, " "1, " "1, " "1, " "1, " "1, " "1, " "1, " "1, " "1, " "1, " "1, " "1, " "1, " "1, " "1, " "1, " "1, " "1, " "1, " "1, " "1, " "1, " "1, " "1, " "1, " "1, " "1, " "1, " "1, " "1, " "1, " "1, " "1, " "1, " "1, " "1, " "1, " "1, " "1, " "1, " "1, " "1, " "1, " "1, " "1, " "1, " "1, " "1, " "1, " "1, " "1, " "1, " "1, " "1, " "1, " "1, " "1, " "1, " "1, " "1, " "1, " "1, " "1, " "1, " "1, " "1, " "1, " "1, " "1, " "1, " "1, " "1, " "1, " "1, " "1, " "1, " "1, " "1, " "1, " "1, " "1, " "1, " "1, " "1, " "1, " "1, " "1, " "1, " "1, " "1, " "1, " "1, " "1, " "1, " "1, " "1, " "1, " "1, " "1, " "1, " "1, " "1, " "1, " "1, " "1, " "1, " "1, " "1, " "1, " "1, " "1, " "1, " "1, " "1, " "1, " "1, " "1, " "1, " "1, " "1, " "1, " "1, " "1, " "1, " "1, " "1, " "1, " "1, " "1, " "1, " "1, " "1, " "1, " "1, " "1, " "1, " "1, " "1, " "1, " "1, " "1, " "1, " "1, " "1, " "1, " "1, " "1, " "1, " "1, " "1, " "1, " "1, " "1, " "1, " "1, " "1, " "1, " "1, " "1, " "1, " "1, " "1, " "1, " "1, " "1, " "1, " "1, " "1, " "1, " "1, " "1, " "1, " "1, " "1, " "1, " "1, " "1, " "1, " "1, " "1, " "1, " "1, " "1, " "1, " "1, " "1, " "1, " "1, " "1, " "1, " "1, " "1, " "1, " "1, " "1, " "1, " "1, " "1, " "1, " "1, " "1, " "1, " "1, " "1, " "1, " "1, " "1, " "1, " "1, " "1, " "1, " "1, " "1, " "1, " "1, " "1, " "1, " "1, " "1, " "1, " "1, " "1, " "1, " "1, " "1, " "1, " "1, " "1, " "1, " "1, " "1, " "1, " "1, " "1, " "1, " "1, " "1, " "1, " "1, " "1, " "1, " "1, " "1, " "1, " "1, " "1, " "1, " "1, " "1, " "1, "0
 "Nei2, 0.202, " "-0.316, " "1, " "1, " "0, " "1, " "1, " "1, " "1, " "1, " "1, " "1, " "1, " "1, " "1, " "1, " "1, " "1, " "1, " "1, " "1, " "1, " "1, " "1, " "1, " "1, " "1, " "1, " "1, " "1, " "1, " "1, " "1, " "1, " "1, " "1, " "1, " "1, " "1, " "1, " "1, " "1, " "1, " "1, " "1, " "1, " "1, " "1, " "1, " "1, " "1, " "1, " "1, " "1, " "1, " "1, " "1, " "1, " "1, " "1, " "1, " "1, " "1, " "1, " "1, " "1, " "1, " "1, " "1, " "1, " "1, " "1, " "1, " "1, " "1, " "1, " "1, " "1, " "1, " "1, " "1, " "1, " "1, " "1, " "1, " "1, " "1, " "1, " "1, " "1, " "1, " "1, " "1, " "1, " "1, " "1, " "1, " "1, " "1, " "1, " "1, " "1, " "1, " "1, " "1, " "1, " "1, " "1, " "1, " "1, " "1, " "1, " "1, " "1, " "1, " "1, " "1, " "1, " "1, " "1, " "1, " "1, " "1, " "1, " "1, " "1, " "1, " "1, " "1, " "1, " "1, " "1, " "1, " "1, " "1, " "1, " "1, " "1, " "1, " "1, " "1, " "1, " "1, " "1, " "1, " "1, " "1, " "1, " "1, " "1, " "1, " "1, " "1, " "1, " "1, " "1, " "1, " "1, " "1, " "1, " "1, " "1, " "1, " "1, " "1, " "1, " "1, " "1, " "1, " "1, " "1, " "1, " "1, " "1, " "1, " "1, " "1, " "1, " "1, " "1, " "1, " "1, " "1, " "1, " "1, " "1, " "1, " "1, " "1, " "1, " "1, " "1, " "1, " "1, " "1, " "1, " "1, " "1, " "1, " "1, " "1, " "1, " "1, " "1, " "1, " "1, " "1, " "1, " "1, " "1, " "1, " "1, " "1, " "1, " "1, " "1, " "1, " "1, " "1, " "1, " "1, " "1, " "1, " "1, " "1, " "1, " "1, " "1, " "1, " "1, " "1, " "1, " "1, " "1, " "1, " "1, " "1, " "1, " "1, " "1, " "1, " "1, " "1, " "1, " "1, " "1, " "1, " "1, " "1, " "1, " "1, " "1, " "1, " "1, " "1, " "1, " "1, " "1, " "1, " "1, " "1, " "1, " "1, " "1, " "1, " "1, " "1, " "1, " "1, " "1, " "1, " "1, " "1, " "1, " "1, " "1, " "1, " "1, " "1, " "1, " "1, " "1, " "1, " "1, " "1, " "1, " "1, " "1, " "1, " "1, " "1, " "1, " "1, " "1, " "1, " "1, " "1, " "1, " "1, " "1, " "1, " "1, " "1, " "1, " "1, " "1, " "1, " "1, " "1, " "1, " "1, " "1, " "1, " "1, " "1, " "1, " "1, " "1, " "1, " "1, " "1, " "1, " "1, " "1, " "1, " "1, " "1, " "1, " "1, " "1, " "1, " "1, " "1, " "1, " "1, " "1, " "1, " "1, " "1, " "1, " "1, " "1, " "1, " "1, " "1, " "1, " "1, " "1, " "1, " "1, " "1, " "1, " "1, " "1, " "1, " "1, " "1, " "1, " "1, " "1, " "1, " "1, " "1, " "1, " "1, " "1, " "1, " "1, " "1, " "1, " "1, " "1, " "1, " "1, " "1, " "1, " "1, " "1, " "1, " "1, " "1, " "1, " "1, " "1, " "1, " "1, " "1, " "1, " "1, " "1, " "1, " "1, " "1, " "1, " "1, " "1, " "1, " "1, " "1, " "1, " "1, " "1, " "1, " "1, " "1, " "1, " "1, " "1, " "1, " "1, " "1, " "1, " "1, " "1, " "1, " "1, " "1, " "1, " "1, " "1, " "1, " "1, " "1, " "1, " "1, " "1, " "1, " "1, " "1, " "1, " "1, " "1, " "1, " "1, " "1, " "1, " "1, " "1, " "1, " "1, " "1, " "1, " "1, " "1, " "1, " "1, " "1, " "1, " "1, " "1, " "1, " "1, " "1, " "1, " "1, " "1, " "1, " "1, " "1, " "1, " "1, " "1, " "1, " "1, " "1, " "1, " "1, " "1, " "1, " "1, " "1, " "1, " "1, " "1, " "1, " "1, " "1, " "1, " "1, " "1, " "1, " "1, " "1, " "1, " "1, " "1, " "1, " "1, " "1, " "1, " "1, " "1, " "1, " "1, " "1, " "1, " "1, " "1, " "1, " "1, " "1, " "1, " "1, " "1, " "1, " "1, " "1, " "1, " "1, " "1, " "1, " "1, " "1, " "1, " "1, "0
 "Nei3, 0.021, " "0.458, " "1, " "1, " "1, " "0, " "1, " "1, " "1, " "1, " "1, " "1, " "1, " "1, " "1, " "1, " "1, " "1, " "1, " "1, " "1, " "1, " "1, " "1, " "1, " "1, " "1, " "1, " "1, " "1, " "1, " "1, " "1, " "1, " "1, " "1, " "1, " "1, " "1, " "1, " "1, " "1, " "1, " "1, " "1, " "1, " "1, " "1, " "1, " "1, " "1, " "1, " "1, " "1, " "1, " "1, " "1, " "1, " "1, " "1, " "1, " "1, " "1, " "1, " "1, " "1, " "1, " "1, " "1, " "1, " "1, " "1, " "1, " "1, " "1, " "1, " "1, " "1, " "1, " "1, " "1, " "1, " "1, " "1, " "1, " "1, " "1, " "1, " "1, " "1, " "1, " "1, " "1, " "1, " "1, " "1, " "1, " "1, " "1, " "1, " "1, " "1, " "1, " "1, " "1, " "1, " "1, " "1, " "1, " "1, " "1, " "1, " "1, " "1, " "1, " "1, " "1, " "1, " "1, " "1, " "1, " "1, " "1, " "1, " "1, " "1, " "1, " "1, " "1, " "1, " "1, " "1, " "1, " "1, " "1, " "1, " "1, " "1, " "1, " "1, " "1, " "1, " "1, " "1, " "1, " "1, " "1, " "1, " "1, " "1, " "1, " "1, " "1, " "1, " "1, " "1, " "1, " "1, " "1, " "1, " "1, " "1, " "1, " "1, " "1, " "1, " "1, " "1, " "1, " "1, " "1, " "1, " "1, " "1, " "1, " "1, " "1, " "1, " "1, " "1, " "1, " "1, " "1, " "1, " "1, " "1, " "1, " "1, " "1, " "1, " "1, " "1, " "1, " "1, " "1, " "1, " "1, " "1, " "1, " "1, " "1, " "1, " "1, " "1, " "1, " "1, " "1, " "1, " "1, " "1, " "1, " "1, " "1, " "1, " "1, " "1, " "1, " "1, " "1, " "1, " "1, " "1, " "1, " "1, " "1, " "1, " "1, " "1, " "1, " "1, " "1, " "1, " "1, " "1, " "1, " "1, " "1, " "1, " "1, " "1, " "1, " "1, " "1, " "1, " "1, " "1, " "1, " "1, " "1, " "1, " "1, " "1, " "1, " "1, " "1, " "1, " "1, " "1, " "1, " "1, " "1, " "1, " "1, " "1, " "1, " "1, " "1, " "1, " "1, " "1, " "1, " "1, " "1, " "1, " "1, " "1, " "1, " "1, " "1, " "1, " "1, " "1, " "1, " "1, " "1, " "1, " "1, " "1, " "1, " "1, " "1, " "1, " "1, " "1, " "1, " "1, " "1, " "1, " "1, " "1, " "1, " "1, " "1, " "1, " "1, " "1, " "1, " "1, " "1, " "1, " "1, " "1, " "1, " "1, " "1, " "1, " "1, " "1, " "1, " "1, " "1, " "1, " "1, " "1, " "1, " "1, " "1, " "1, " "1, " "1, " "1, " "1, " "1, " "1, " "1, " "1, " "1, " "1, " "1, " "1, " "1, " "1, " "1, " "1, " "1, " "1, " "1, " "1, " "1, " "1, " "1, " "1, " "1, " "1, " "1, " "1, " "1, " "1, " "1, " "1, " "1, " "1, " "1, " "1, " "1, " "1, " "1, " "1, " "1, " "1, " "1, " "1, " "1, " "1, " "1, " "1, " "1, " "1, " "1, " "1, " "1, " "1, " "1, " "1, " "1, " "1, " "1, " "1, " "1, " "1, " "1, " "1, " "1, " "1, " "1, " "1, " "1, " "1, " "1, " "1, " "1, " "1, " "1, " "1, " "1, " "1, " "1, " "1, " "1, " "1, " "1, " "1, " "1, " "1, " "1, " "1, " "1, " "1, " "1, " "1, " "1, " "1, " "1, " "1, " "1, " "1, " "1, " "1, " "1, " "1, " "1, " "1, " "1, " "1, " "1, " "1, " "1, " "1, " "1, " "1, " "1, " "1, " "1, " "1, " "1, " "1, " "1, " "1, " "1, " "1, " "1, " "1, " "1, " "1, " "1, " "1, " "1, " "1, " "1, " "1, " "1, " "1, " "1, " "1, " "1, " "1, " "1, " "1, " "1, " "1, " "1, " "1, " "1, " "1, " "1, " "1, " "1, " "1, " "1, " "1, " "1, " "1, " "1, " "1, " "1, " "1, " "1, " "1, " "1, " "1, " "1, " "1, " "1, " "1, " "1, " "1, " "1, " "1, " "1, " "1, " "1, " "1, " "1, " "1, " "1, " "1, " "1, " "1, " "1, " "1, " "1, " "1, " "1, " "1, " "1, "0
 "Nei4, 0.095, " "0.452, " "1, " "1, " "1, " "1, " "0, " "1, " "1, " "1, " "1, " "1, " "1, " "1, " "1, " "1, " "1, " "1, " "1, " "1, " "1, " "1, " "1, " "1, " "1, " "1, " "1, " "1, " "1, " "1, " "1, " "1, " "1, " "1, " "1, " "1, " "1, " "1, " "1, " "1, " "1, " "1, " "1, " "1, " "1, " "1, " "1, " "1, " "1, " "1, " "1, " "1, " "1, " "1, " "1, " "1, " "1, " "1, " "1, " "1, " "1, " "1, " "1, " "1, " "1, " "1, " "1, " "1, " "1, " "1, " "1, " "1, " "1, " "1, " "1, " "1, " "1, " "1, " "1, " "1, " "1, " "1, " "1, " "1, " "1, " "1, " "1, " "1, " "1, " "1, " "1, " "1, " "1, " "1, " "1, " "1, " "1, " "1, " "1, " "1, " "1, " "1, " "1, " "1, " "1, " "1, " "1, " "1, " "1, " "1, " "1, " "1, " "1, " "1, " "1, " "1, " "1, " "1, " "1, " "1, " "1, " "1, " "1, " "1, " "1, " "1, " "1, " "1, " "1, " "1, " "1, " "1, " "1, " "1, " "1, " "1, " "1, " "1, " "1, " "1, " "1, " "1, " "1, " "1, " "1, " "1, " "1, " "1, " "1, " "1, " "1, " "1, " "1, " "1, " "1, " "1, " "1, " "1, " "1, " "1, " "1, " "1, " "1, " "1, " "1, " "1, " "1, " "1, " "1, " "1, " "1, " "1, " "1, " "1, " "1, " "1, " "1, " "1, " "1, " "1, " "1, " "1, " "1, " "1, " "1, " "1, " "1, " "1, " "1, " "1, " "1, " "1, " "1, " "1, " "1, " "1, " "1, " "1, " "1, " "1, " "1, " "1, " "1, " "1, " "1, " "1, " "1, " "1, " "1, " "1, " "1, " "1, " "1, " "1, " "1, " "1, " "1, " "1, " "1, " "1, " "1, " "1, " "1, " "1, " "1, " "1, " "1, " "1, " "1, " "1, " "1, " "1, " "1, " "1, " "1, " "1, " "1, " "1, " "1, " "1, " "1, " "1, " "1, " "1, " "1, " "1, " "1, " "1, " "1, " "1, " "1, " "1, " "1, " "1, " "1, " "1, " "1, " "1, " "1, " "1, " "1, " "1, " "1, " "1, " "1, " "1, " "1, " "1, " "1, " "1, " "1, " "1, " "1, " "1, " "1, " "1, " "1, " "1, " "1, " "1, " "1, " "1, " "1, " "1, " "1, " "1, " "1, " "1, " "1, " "1, " "1, " "1, " "1, " "1, " "1, " "1, " "1, " "1, " "1, " "1, " "1, " "1, " "1, " "1, " "1, " "1, " "1, " "1, " "1, " "1, " "1, " "1, " "1, " "1, " "1, " "1, " "1, " "1, " "1, " "1, " "1, " "1, " "1, " "1, " "1, " "1, " "1, " "1, " "1, " "1, " "1, " "1, " "1, " "1, " "1, " "1, " "1, " "1, " "1, " "1, " "1, " "1, " "1, " "1, " "1, " "1, " "1, " "1, " "1, " "1, " "1, " "1, " "1, " "1, " "1, " "1, " "1, " "1, " "1, " "1, " "1, " "1, " "1, " "1, " "1, " "1, " "1, " "1, " "1, " "1, " "1, " "1, " "1, " "1, " "1, " "1, " "1, " "1, " "1, " "1, " "1, " "1, " "1, " "1, " "1, " "1, " "1, " "1, " "1, " "1, " "1, " "1, " "1, " "1, " "1, " "1, " "1, " "1, " "1, " "1, " "1, " "1, " "1, " "1, " "1, " "1, " "1, " "1, " "1, " "1, " "1, " "1, " "1, " "1, " "1, " "1, " "1, " "1, " "1, " "1, " "1, " "1, " "1, " "1, " "1, " "1, " "1, " "1, " "1, " "1, " "1, " "1, " "1, " "1, " "1, " "1, " "1, " "1, " "1, " "1, " "1, " "1, " "1, " "1, " "1, " "1, " "1, " "1, " "1, " "1, " "1, " "1, " "1, " "1, " "1, " "1, " "1, " "1, " "1, " "1, " "1, " "1, " "1, " "1, " "1, " "1, " "1, " "1, " "1, " "1, " "1, " "1, " "1, " "1, " "1, " "1, " "1, " "1, " "1, " "1, " "1, " "1, " "1, " "1, " "1, " "1, " "1, " "1, " "1, " "1, " "1, " "1, " "1, " "1, " "1, " "1, " "1, " "1, " "1, " "1, " "1, " "1, " "1, " "1, " "1, " "1, " "1, " "1, " "1, " "1, " "1, " "1, " "1, " "1, " "1, "0
 "Nei5, 0.244, " "-0.478, " "1, " "1, " "1, " "1, " "1, " "0, " "1, " "1, " "1, " "1, " "1, " "1, " "1, " "1, " "1, " "1, " "1, " "1, " "1, " "1, " "1, " "1, " "1, " "1, " "1, " "1, " "1, " "1, " "1, " "1, " "1, " "1, " "1, " "1, " "1, " "1, " "1, " "1, " "1, " "1, " "1, " "1, " "1, " "1, " "1, " "1, " "1, " "1, " "1, " "1, " "1, " "1, " "1, " "1, " "1, " "1, " "1, " "1, " "1, " "1, " "1, " "1, " "1, " "1, " "1, " "1, " "1, " "1, " "1, " "1, " "1, " "1, " "1, " "1, " "1, " "1, " "1, " "1, " "1, " "1, " "1, " "1, " "1, " "1, " "1, " "1, " "1, " "1, " "1, " "1, " "1, " "1, " "1, " "1, " "1, " "1, " "1, " "1, " "1, " "1, " "1, " "1, " "1, " "1, " "1, " "1, " "1, " "1, " "1, " "1, " "1, " "1, " "1, " "1, " "1, " "1, " "1, " "1, " "1, " "1, " "1, " "1, " "1, " "1, " "1, " "1, " "1, " "1, " "1, " "1, " "1, " "1, " "1, " "1, " "1, " "1, " "1, " "1, " "1, " "1, " "1, " "1, " "1, " "1, " "1, " "1, " "1, " "1, " "1, " "1, " "1, " "1, " "1, " "1, " "1, " "1, " "1, " "1, " "1, " "1, " "1, " "1, " "1, " "1, " "1, " "1, " "1, " "1, " "1, " "1, " "1, " "1, " "1, " "1, " "1, " "1, " "1, " "1, " "1, " "1, " "1, " "1, " "1, " "1, " "1, " "1, " "1, " "1, " "1, " "1, " "1, " "1, " "1, " "1, " "1, " "1, " "1, " "1, " "1, " "1, " "1, " "1, " "1, " "1, " "1, " "1, " "1, " "1, " "1, " "1, " "1, " "1, " "1, " "1, " "1, " "1, " "1, " "1, " "1, " "1, " "1, " "1, " "1, " "1, " "1, " "1, " "1, " "1, " "1, " "1, " "1, " "1, " "1, " "1, " "1, " "1, " "1, " "1, " "1, " "1, " "1, " "1, " "1, " "1, " "1, " "1, " "1, " "1, " "1, " "1, " "1, " "1, " "1, " "1, " "1, " "1, " "1, " "1, " "1, " "1, " "1, " "1, " "1, " "1, " "1, " "1, " "1, " "1, " "1, " "1, " "1, " "1, " "1, " "1, " "1, " "1, " "1, " "1, " "1, " "1, " "1, " "1, " "1, " "1, " "1, " "1, " "1, " "1, " "1, " "1, " "1, " "1, " "1, " "1, " "1, " "1, " "1, " "1, " "1, " "1, " "1, " "1, " "1, " "1, " "1, " "1, " "1, " "1, " "1, " "1, " "1, " "1, " "1, " "1, " "1, " "1, " "1, " "1, " "1, " "1, " "1, " "1, " "1, " "1, " "1, " "1, " "1, " "1, " "1, " "1, " "1, " "1, " "1, " "1, " "1, " "1, " "1, " "1, " "1, " "1, " "1, " "1, " "1, " "1, " "1, " "1, " "1, " "1, " "1, " "1, " "1, " "1, " "1, " "1, " "1, " "1, " "1, " "1, " "1, " "1, " "1, " "1, " "1, " "1, " "1, " "1, " "1, " "1, " "1, " "1, " "1, " "1, " "1, " "1, " "1, " "1, " "1, " "1, " "1, " "1, " "1, " "1, " "1, " "1, " "1, " "1, " "1, " "1, " "1, " "1, " "1, " "1, " "1, " "1, " "1, " "1, " "1, " "1, " "1, " "1, " "1, " "1, " "1, " "1, " "1, " "1, " "1, " "1, " "1, " "1, " "1, " "1, " "1, " "1, " "1, " "1, " "1, " "1, " "1, " "1, " "1, " "1, " "1, " "1, " "1, " "1, " "1, " "1, " "1, " "1, " "1, " "1, " "1, " "1, " "1, " "1, " "1, " "1, " "1, " "1, " "1, " "1, " "1, " "1, " "1, " "1, " "1, " "1, " "1, " "1, " "1, " "1, " "1, " "1, " "1, " "1, " "1, " "1, " "1, " "1, " "1, " "1, " "1, " "1, " "1, " "1, " "1, " "1, " "1, " "1, " "1, " "1, " "1, " "1, " "1, " "1, " "1, " "1, " "1, " "1, " "1, " "1, " "1, " "1, " "1, " "1, " "1, " "1, " "1, " "1, " "1, " "1, " "1, " "1, " "1, " "1, " "1, " "1, " "1, " "1, " "1, " "1, " "1, " "1, " "1, " "1, " "1, " "1, " "1, " "1, " "1, " "1, " "1, "0
 "Nei6, 0.319, " "-0.991, " "1, " "1, " "1, " "1, " "1, " "1, " "0, " "1, " "1, " "1, " "1, " "1, " "1, " "1, " "1, " "1, " "1, " "1, " "1, " "1, " "1, " "1, " "1, " "1, " "1, " "1, " "1, " "1, " "1, " "1, " "1, " "1, " "1, " "1, " "1, " "1, " "1, " "1, " "1, " "1, " "1, " "1, " "1, " "1, " "1, " "1, " "1, " "1, " "1, " "1, " "1, " "1, " "1, " "1, " "1, " "1, " "1, " "1, " "1, " "1, " "1, " "1, " "1, " "1, " "1, " "1, " "1, " "1, " "1, " "1, " "1, " "1, " "1, " "1, " "1, " "1, " "1, " "1, " "1, " "1, " "1, " "1, " "1, " "1, " "1, " "1, " "1, " "1, " "1, " "1, " "1, " "1, " "1, " "1, " "1, " "1, " "1, " "1, " "1, " "1, " "1, " "1, " "1, " "1, " "1, " "1, " "1, " "1, " "1, " "1, " "1, " "1, " "1, " "1, " "1, " "1, " "1, " "1, " "1, " "1, " "1, " "1, " "1, " "1, " "1, " "1, " "1, " "1, " "1, " "1, " "1, " "1, " "1, " "1, " "1, " "1, " "1, " "1, " "1, " "1, " "1, " "1, " "1, " "1, " "1, " "1, " "1, " "1, " "1, " "1, " "1, " "1, " "1, " "1, " "1, " "1, " "1, " "1, " "1, " "1, " "1, " "1, " "1, " "1, " "1, " "1, " "1, " "1, " "1, " "1, " "1, " "1, " "1, " "1, " "1, " "1, " "1, " "1, " "1, " "1, " "1, " "1, " "1, " "1, " "1, " "1, " "1, " "1, " "1, " "1, " "1, " "1, " "1, " "1, " "1, " "1, " "1, " "1, " "1, " "1, " "1, " "1, " "1, " "1, " "1, " "1, " "1, " "1, " "1, " "1, " "1, " "1, " "1, " "1, " "1, " "1, " "1, " "1, " "1, " "1, " "1, " "1, " "1, " "1, " "1, " "1, " "1, " "1, " "1, " "1, " "1, " "1, " "1, " "1, " "1, " "1, " "1, " "1, " "1, " "1, " "1, " "1, " "1, " "1, " "1, " "1, " "1, " "1, " "1, " "1, " "1, " "1, " "1, " "1, " "1, " "1, " "1, " "1, " "1, " "1, " "1, " "1, " "1, " "1, " "1, " "1, " "1, " "1, " "1, " "1, " "1, " "1, " "1, " "1, " "1, " "1, " "1, " "1, " "1, " "1, " "1, " "1, " "1, " "1, " "1, " "1, " "1, " "1, " "1, " "1, " "1, " "1, " "1, " "1, " "1, " "1, " "1, " "1, " "1, " "1, " "1, " "1, " "1, " "1, " "1, " "1, " "1, " "1, " "1, " "1, " "1, " "1, " "1, " "1, " "1, " "1, " "1, " "1, " "1, " "1, " "1, " "1, " "1, " "1, " "1, " "1, " "1, " "1, " "1, " "1, " "1, " "1, " "1, " "1, " "1, " "1, " "1, " "1, " "1, " "1, " "1, " "1, " "1, " "1, " "1, " "1, " "1, " "1, " "1, " "1, " "1, " "1, " "1, " "1, " "1, " "1, " "1, " "1, " "1, " "1, " "1, " "1, " "1, " "1, " "1, " "1, " "1, " "1, " "1, " "1, " "1, " "1, " "1, " "1, " "1, " "1, " "1, " "1, " "1, " "1, " "1, " "1, " "1, " "1, " "1, " "1, " "1, " "1, " "1, " "1, " "1, " "1, " "1, " "1, " "1, " "1, " "1, " "1, " "1, " "1, " "1, " "1, " "1, " "1, " "1, " "1, " "1, " "1, " "1, " "1, " "1, " "1, " "1, " "1, " "1, " "1, " "1, " "1, " "1, " "1, " "1, " "1, " "1, " "1, " "1, " "1, " "1, " "1, " "1, " "1, " "1, " "1, " "1, " "1, " "1, " "1, " "1, " "1, " "1, " "1, " "1, " "1, " "1, " "1, " "1, " "1, " "1, " "1, " "1, " "1, " "1, " "1, " "1, " "1, " "1, " "1, " "1, " "1, " "1, " "1, " "1, " "1, " "1, " "1, " "1, " "1, " "1, " "1, " "1, " "1, " "1, " "1, " "1, " "1, " "1, " "1, " "1, " "1, " "1, " "1, " "1, " "1, " "1, " "1, " "1, " "1, " "1, " "1, " "1, " "1, " "1, " "1, " "1, " "1, " "1, " "1, " "1, " "1, " "1, " "1, " "1, " "1, " "1, " "1, " "1, " "1, " "1, " "1, " "1, " "1, " "1, " "1, " "1, "0
 "Nei7, 0.223, " "-0.542, " "1, " "1, " "1, " "1, " "1, " "1, " "1, " "0, " "1, " "1, " "1, " "1, " "1, " "1, " "1, " "1, " "1, " "1, " "1, " "1, " "1, " "1, " "1, " "1, " "1, " "1, " "1, " "1, " "1, " "1, " "1, " "1, " "1, " "1, " "1, " "1, " "1, " "1, " "1, " "1, " "1, " "1, " "1, " "1, " "1, " "1, " "1, " "1, " "1, " "1, " "1, " "1, " "1, " "1, " "1, " "1, " "1, " "1, " "1, " "1, " "1, " "1, " "1, " "1, " "1, " "1, " "1, " "1, " "1, " "1, " "1, " "1, " "1, " "1, " "1, " "1, " "1, " "1, " "1, " "1, " "1, " "1, " "1, " "1, " "1, " "1, " "1, " "1, " "1, " "1, " "1, " "1, " "1, " "1, " "1, " "1, " "1, " "1, " "1, " "1, " "1, " "1, " "1, " "1, " "1, " "1, " "1, " "1, " "1, " "1, " "1, " "1, " "1, " "1, " "1, " "1, " "1, " "1, " "1, " "1, " "1, " "1, " "1, " "1, " "1, " "1, " "1, " "1, " "1, " "1, " "1, " "1, " "1, " "1, " "1, " "1, " "1, " "1, " "1, " "1, " "1, " "1, " "1, " "1, " "1, " "1, " "1, " "1, " "1, " "1, " "1, " "1, " "1, " "1, " "1, " "1, " "1, " "1, " "1, " "1, " "1, " "1, " "1, " "1, " "1, " "1, " "1, " "1, " "1, " "1, " "1, " "1, " "1, " "1, " "1, " "1, " "1, " "1, " "1, " "1, " "1, " "1, " "1, " "1, " "1, " "1, " "1, " "1, " "1, " "1, " "1, " "1, " "1, " "1, " "1, " "1, " "1, " "1, " "1, " "1, " "1, " "1, " "1, " "1, " "1, " "1, " "1, " "1, " "1, " "1, " "1, " "1, " "1, " "1, " "1, " "1, " "1, " "1, " "1, " "1, " "1, " "1, " "1, " "1, " "1, " "1, " "1, " "1, " "1, " "1, " "1, " "1, " "1, " "1, " "1, " "1, " "1, " "1, " "1, " "1, " "1, " "1, " "1, " "1, " "1, " "1, " "1, " "1, " "1, " "1, " "1, " "1, " "1, " "1, " "1, " "1, " "1, " "1, " "1, " "1, " "1, " "1, " "1, " "1, " "1, " "1, " "1, " "1, " "1, " "1, " "1, " "1, " "1, " "1, " "1, " "1, " "1, " "1, " "1, " "1, " "1, " "1, " "1, " "1, " "1, " "1, " "1, " "1, " "1, " "1, " "1, " "1, " "1, " "1, " "1, " "1, " "1, " "1, " "1, " "1, " "1, " "1, " "1, " "1, " "1, " "1, " "1, " "1, " "1, " "1, " "1, " "1, " "1, " "1, " "1, " "1, " "1, " "1, " "1, " "1, " "1, " "1, " "1, " "1, " "1, " "1, " "1, " "1, " "1, " "1, " "1, " "1, " "1, " "1, " "1, " "1, " "1, " "1, " "1, " "1, " "1, " "1, " "1, " "1, " "1, " "1, " "1, " "1, " "1, " "1, " "1, " "1, " "1, " "1, " "1, " "1, " "1, " "1, " "1, " "1, " "1, " "1, " "1, " "1, " "1, " "1, " "1, " "1, " "1, " "1, " "1, " "1, " "1, " "1, " "1, " "1, " "1, " "1, " "1, " "1, " "1, " "1, " "1, " "1, " "1, " "1, " "1, " "1, " "1, " "1, " "1, " "1, " "1, " "1, " "1, " "1, " "1, " "1, " "1, " "1, " "1, " "1, " "1, " "1, " "1, " "1, " "1, " "1, " "1, " "1, " "1, " "1, " "1, " "1, " "1, " "1, " "1, " "1, " "1, " "1, " "1, " "1, " "1, " "1, " "1, " "1, " "1, " "1, " "1, " "1, " "1, " "1, " "1, " "1, " "1, " "1, " "1, " "1, " "1, " "1, " "1, " "1, " "1, " "1, " "1, " "1, " "1, " "1, " "1, " "1, " "1, " "1, " "1, " "1, " "1, " "1, " "1, " "1, " "1, " "1, " "1, " "1, " "1, " "1, " "1, " "1, " "1, " "1, " "1, " "1, " "1, " "1, " "1, " "1, " "1, " "1, " "1, " "1, " "1, " "1, " "1, " "1, " "1, " "1, " "1, " "1, " "1, " "1, " "1, " "1, " "1, " "1, " "1, " "1, " "1, " "1, " "1, " "1, " "1, " "1, " "1, " "1, " "1, " "1, " "1, " "1, " "1, " "1, " "1, " "1, " "1, " "1, " "1, "0
 "Nei8, 0.261, " "-0.313, " "1, " "1, " "1, " "1, " "1, " "1, " "1, " "1, " "0, " "1, " "1, " "1, " "1, " "1, " "1, " "1, " "1, " "1, " "1, " "1, " "1, " "1, " "1, " "1, " "1, " "1, " "1, " "1, " "1, " "1, " "1, " "1, " "1, " "1, " "1, " "1, " "1, " "1, " "1, " "1, " "1, " "1, " "1, " "1, " "1, " "1, " "1, " "1, " "1, " "1, " "1, " "1, " "1, " "1, " "1, " "1, " "1, " "1, " "1, " "1, " "1, " "1, " "1, " "1, " "1, " "1, " "1, " "1, " "1, " "1, " "1, " "1, " "1, " "1, " "1, " "1, " "1, " "1, " "1, " "1, " "1, " "1, " "1, " "1, " "1, " "1, " "1, " "1, " "1, " "1, " "1, " "1, " "1, " "1, " "1, " "1, " "1, " "1, " "1, " "1, " "1, " "1, " "1, " "1, " "1, " "1, " "1, " "1, " "1, " "1, " "1, " "1, " "1, " "1, " "1, " "1, " "1, " "1, " "1, " "1, " "1, " "1, " "1, " "1, " "1, " "1, " "1, " "1, " "1, " "1, " "1, " "1, " "1, " "1, " "1, " "1, " "1, " "1, " "1, " "1, " "1, " "1, " "1, " "1, " "1, " "1, " "1, " "1, " "1, " "1, " "1, " "1, " "1, " "1, " "1, " "1, " "1, " "1, " "1, " "1, " "1, " "1, " "1, " "1, " "1, " "1, " "1, " "1, " "1, " "1, " "1, " "1, " "1, " "1, " "1, " "1, " "1, " "1, " "1, " "1, " "1, " "1, " "1, " "1, " "1, " "1, " "1, " "1, " "1, " "1, " "1, " "1, " "1, " "1, " "1, " "1, " "1, " "1, " "1, " "1, " "1, " "1, " "1, " "1, " "1, " "1, " "1, " "1, " "1, " "1, " "1, " "1, " "1, " "1, " "1, " "1, " "1, " "1, " "1, " "1, " "1, " "1, " "1, " "1, " "1, " "1, " "1, " "1, " "1, " "1, " "1, " "1, " "1, " "1, " "1, " "1, " "1, " "1, " "1, " "1, " "1, " "1, " "1, " "1, " "1, " "1, " "1, " "1, " "1, " "1, " "1, " "1, " "1, " "1, " "1, " "1, " "1, " "1, " "1, " "1, " "1, " "1, " "1, " "1, " "1, " "1, " "1, " "1, " "1, " "1, " "1, " "1, " "1, " "1, " "1, " "1, " "1, " "1, " "1, " "1, " "1, " "1, " "1, " "1, " "1, " "1, " "1, " "1, " "1, " "1, " "1, " "1, " "1, " "1, " "1, " "1, " "1, " "1, " "1, " "1, " "1, " "1, " "1, " "1, " "1, " "1, " "1, " "1, " "1, " "1, " "1, " "1, " "1, " "1, " "1, " "1, " "1, " "1, " "1, " "1, " "1, " "1, " "1, " "1, " "1, " "1, " "1, " "1, " "1, " "1, " "1, " "1, " "1, " "1, " "1, " "1, " "1, " "1, " "1, " "1, " "1, " "1, " "1, " "1, " "1, " "1, " "1, " "1, " "1, " "1, " "1, " "1, " "1, " "1, " "1, " "1, " "1, " "1, " "1, " "1, " "1, " "1, " "1, " "1, " "1, " "1, " "1, " "1, " "1, " "1, " "1, " "1, " "1, " "1, " "1, " "1, " "1, " "1, " "1, " "1, " "1, " "1, " "1, " "1, " "1, " "1, " "1, " "1, " "1, " "1, " "1, " "1, " "1, " "1, " "1, " "1, " "1, " "1, " "1, " "1, " "1, " "1, " "1, " "1, " "1, " "1, " "1, " "1, " "1, " "1, " "1, " "1, " "1, " "1, " "1, " "1, " "1, " "1, " "1, " "1, " "1, " "1, " "1, " "1, " "1, " "1, " "1, " "1, " "1, " "1, " "1, " "1, " "1, " "1, " "1, " "1, " "1, " "1, " "1, " "1, " "1, " "1, " "1, " "1, " "1, " "1, " "1, " "1, " "1, " "1, " "1, " "1, " "1, " "1, " "1, " "1, " "1, " "1, " "1, " "1, " "1, " "1, " "1, " "1, " "1, " "1, " "1, " "1, " "1, " "1, " "1, " "1, " "1, " "1, " "1, " "1, " "1, " "1, " "1, " "1, " "1, " "1, " "1, " "1, " "1, " "1, " "1, " "1, " "1, " "1, " "1, " "1, " "1, " "1, " "1, " "1, " "1, " "1, " "1, " "1, " "1, " "1, " "1, " "1, " "1, " "1, " "1, " "1, " "1, " "1, " "1, " "1, " "1, "0
 "Nei9, 0.18, " "0.541, " "1, " "1, " "1, " "1, " "1, " "1, " "1, " "1, " "1, " "0, " "1, " "1, " "1, " "1, " "1, " "1, " "1, " "1, " "1, " "1, " "1, " "1, " "1, " "1, " "1, " "1, " "1, " "1, " "1, " "1, " "1, " "1, " "1, " "1, " "1, " "1, " "1, " "1, " "1, " "1, " "1, " "1, " "1, " "1, " "1, " "1, " "1, " "1, " "1, " "1, " "1, " "1, " "1, " "1, " "1, " "1, " "1, " "1, " "1, " "1, " "1, " "1, " "1, " "1, " "1, " "1, " "1, " "1, " "1, " "1, " "1, " "1, " "1, " "1, " "1, " "1, " "1, " "1, " "1, " "1, " "1, " "1, " "1, " "1, " "1, " "1, " "1, " "1, " "1, " "1, " "1, " "1, " "1, " "1, " "1, " "1, " "1, " "1, " "1, " "1, " "1, " "1, " "1, " "1, " "1, " "1, " "1, " "1, " "1, " "1, " "1, " "1, " "1, " "1, " "1, " "1, " "1, " "1, " "1, " "1, " "1, " "1, " "1, " "1, " "1, " "1, " "1, " "1, " "1, " "1, " "1, " "1, " "1, " "1, " "1, " "1, " "1, " "1, " "1, " "1, " "1, " "1, " "1, " "1, " "1, " "1, " "1, " "1, " "1, " "1, " "1, " "1, " "1, " "1, " "1, " "1, " "1, " "1, " "1, " "1, " "1, " "1, " "1, " "1, " "1, " "1, " "1, " "1, " "1, " "1, " "1, " "1, " "1, " "1, " "1, " "1, " "1, " "1, " "1, " "1, " "1, " "1, " "1, " "1, " "1, " "1, " "1, " "1, " "1, " "1, " "1, " "1, " "1, " "1, " "1, " "1, " "1, " "1, " "1, " "1, " "1, " "1, " "1, " "1, " "1, " "1, " "1, " "1, " "1, " "1, " "1, " "1, " "1, " "1, " "1, " "1, " "1, " "1, " "1, " "1, " "1, " "1, " "1, " "1, " "1, " "1, " "1, " "1, " "1, " "1, " "1, " "1, " "1, " "1, " "1, " "1, " "1, " "1, " "1, " "1, " "1, " "1, " "1, " "1, " "1, " "1, " "1, " "1, " "1, " "1, " "1, " "1, " "1, " "1, " "1, " "1, " "1, " "1, " "1, " "1, " "1, " "1, " "1, " "1, " "1, " "1, " "1, " "1, " "1, " "1, " "1, " "1, " "1, " "1, " "1, " "1, " "1, " "1, " "1, " "1, " "1, " "1, " "1, " "1, " "1, " "1, " "1, " "1, " "1, " "1, " "1, " "1, " "1, " "1, " "1, " "1, " "1, " "1, " "1, " "1, " "1, " "1, " "1, " "1, " "1, " "1, " "1, " "1, " "1, " "1, " "1, " "1, " "1, " "1, " "1, " "1, " "1, " "1, " "1, " "1, " "1, " "1, " "1, " "1, " "1, " "1, " "1, " "1, " "1, " "1, " "1, " "1, " "1, " "1, " "1, " "1, " "1, " "1, " "1, " "1, " "1, " "1, " "1, " "1, " "1, " "1, " "1, " "1, " "1, " "1, " "1, " "1, " "1, " "1, " "1, " "1, " "1, " "1, " "1, " "1, " "1, " "1, " "1, " "1, " "1, " "1, " "1, " "1, " "1, " "1, " "1, " "1, " "1, " "1, " "1, " "1, " "1, " "1, " "1, " "1, " "1, " "1, " "1, " "1, " "1, " "1, " "1, " "1, " "1, " "1, " "1, " "1, " "1, " "1, " "1, " "1, " "1, " "1, " "1, " "1, " "1, " "1, " "1, " "1, " "1, " "1, " "1, " "1, " "1, " "1, " "1, " "1, " "1, " "1, " "1, " "1, " "1, " "1, " "1, " "1, " "1, " "1, " "1, " "1, " "1, " "1, " "1, " "1, " "1, " "1, " "1, " "1, " "1, " "1, " "1, " "1, " "1, " "1, " "1, " "1, " "1, " "1, " "1, " "1, " "1, " "1, " "1, " "1, " "1, " "1, " "1, " "1, " "1, " "1, " "1, " "1, " "1, " "1, " "1, " "1, " "1, " "1, " "1, " "1, " "1, " "1, " "1, " "1, " "1, " "1, " "1, " "1, " "1, " "1, " "1, " "1, " "1, " "1, " "1, " "1, " "1, " "1, " "1, " "1, " "1, " "1, " "1, " "1, " "1, " "1, " "1, " "1, " "1, " "1, " "1, " "1, " "1, " "1, " "1, " "1, " "1, " "1, " "1, " "1, " "1, " "1, " "1, " "1, " "1, " "1, " "1, " "1, " "1, "0
 "Nei10, 0.085, " "-0.911, " "1, " "1, " "1, " "1, " "1, " "1, " "1, " "1, " "1, " "1, " "0, " "1, " "1, " "1, " "1, " "1, " "1, " "1, " "1, " "1, " "1, " "1, " "1, " "1, " "1, " "1, " "1, " "1, " "1, " "1, " "1, " "1, " "1, " "1, " "1, " "1, " "1, " "1, " "1, " "1, " "1, " "1, " "1, " "1, " "1, " "1, " "1, " "1, " "1, " "1, " "1, " "1, " "1, " "1, " "1, " "1, " "1, " "1, " "1, " "1, " "1, " "1, " "1, " "1, " "1, " "1, " "1, " "1, " "1, " "1, " "1, " "1, " "1, " "1, " "1, " "1, " "1, " "1, " "1, " "1, " "1, " "1, " "1, " "1, " "1, " "1, " "1, " "1, " "1, " "1, " "1, " "1, " "1, " "1, " "1, " "1, " "1, " "1, " "1, " "1, " "1, " "1, " "1, " "1, " "1, " "1, " "1, " "1, " "1, " "1, " "1, " "1, " "1, " "1, " "1, " "1, " "1, " "1, " "1, " "1, " "1, " "1, " "1, " "1, " "1, " "1, " "1, " "1, " "1, " "1, " "1, " "1, " "1, " "1, " "1, " "1, " "1, " "1, " "1, " "1, " "1, " "1, " "1, " "1, " "1, " "1, " "1, " "1, " "1, " "1, " "1, " "1, " "1, " "1, " "1, " "1, " "1, " "1, " "1, " "1, " "1, " "1, " "1, " "1, " "1, " "1, " "1, " "1, " "1, " "1, " "1, " "1, " "1, " "1, " "1, " "1, " "1, " "1, " "1, " "1, " "1, " "1, " "1, " "1, " "1, " "1, " "1, " "1, " "1, " "1, " "1, " "1, " "1, " "1, " "1, " "1, " "1, " "1, " "1, " "1, " "1, " "1, " "1, " "1, " "1, " "1, " "1, " "1, " "1, " "1, " "1, " "1, " "1, " "1, " "1, " "1, " "1, " "1, " "1, " "1, " "1, " "1, " "1, " "1, " "1, " "1, " "1, " "1, " "1, " "1, " "1, " "1, " "1, " "1, " "1, " "1, " "1, " "1, " "1, " "1, " "1, " "1, " "1, " "1, " "1, " "1, " "1, " "1, " "1, " "1, " "1, " "1, " "1, " "1, " "1, " "1, " "1, " "1, " "1, " "1, " "1, " "1, " "1, " "1, " "1, " "1, " "1, " "1, " "1, " "1, " "1, " "1, " "1, " "1, " "1, " "1, " "1, " "1, " "1, " "1, " "1, " "1, " "1, " "1, " "1, " "1, " "1, " "1, " "1, " "1, " "1, " "1, " "1, " "1, " "1, " "1, " "1, " "1, " "1, " "1, " "1, " "1, " "1, " "1, " "1, " "1, " "1, " "1, " "1, " "1, " "1, " "1, " "1, " "1, " "1, " "1, " "1, " "1, " "1, " "1, " "1, " "1, " "1, " "1, " "1, " "1, " "1, " "1, " "1, " "1, " "1, " "1, " "1, " "1, " "1, " "1, " "1, " "1, " "1, " "1, " "1, " "1, " "1, " "1, " "1, " "1, " "1, " "1, " "1, " "1, " "1, " "1, " "1, " "1, " "1, " "1, " "1, " "1, " "1, " "1, " "1, " "1, " "1, " "1, " "1, " "1, " "1, " "1, " "1, " "1, " "1, " "1, " "1, " "1, " "1, " "1, " "1, " "1, " "1, " "1, " "1, " "1, " "1, " "1, " "1, " "1, " "1, " "1, " "1, " "1, " "1, " "1, " "1, " "1, " "1, " "1, " "1, " "1, " "1, " "1, " "1, " "1, " "1, " "1, " "1, " "1, " "1, " "1, " "1, " "1, " "1, " "1, " "1, " "1, " "1, " "1, " "1, " "1, " "1, " "1, " "1, " "1, " "1, " "1, " "1, " "1, " "1, " "1, " "1, " "1, " "1, " "1, " "1, " "1, " "1, " "1, " "1, " "1, " "1, " "1, " "1, " "1, " "1, " "1, " "1, " "1, " "1, " "1, " "1, " "1, " "1, " "1, " "1, " "1, " "1, " "1, " "1, " "1, " "1, " "1, " "1, " "1, " "1, " "1, " "1, " "1, " "1, " "1, " "1, " "1, " "1, " "1, " "1, " "1, " "1, " "1, " "1, " "1, " "1, " "1, " "1, " "1, " "1, " "1, " "1, " "1, " "1, " "1, " "1, " "1, " "1, " "1, " "1, " "1, " "1, " "1, " "1, " "1, " "1, " "1, " "1, " "1, " "1, " "1, " "1, " "1, " "1, " "1, " "1, " "1, " "1, " "1, " "1, "0
 "Nei11, 0.395, " "0.486, " "1, " "1, " "1, " "1, " "1, " "1, " "1, " "1, " "1, " "1, " "1, " "0, " "1, " "1, " "1, " "1, " "1, " "1, " "1, " "1, " "1, " "1, " "1, " "1, " "1, " "1, " "1, " "1, " "1, " "1, " "1, " "1, " "1, " "1, " "1, " "1, " "1, " "1, " "1, " "1, " "1, " "1, " "1, " "1, " "1, " "1, " "1, " "1, " "1, " "1, " "1, " "1, " "1, " "1, " "1, " "1, " "1, " "1, " "1, " "1, " "1, " "1, " "1, " "1, " "1, " "1, " "1, " "1, " "1, " "1, " "1, " "1, " "1, " "1, " "1, " "1, " "1, " "1, " "1, " "1, " "1, " "1, " "1, " "1, " "1, " "1, " "1, " "1, " "1, " "1, " "1, " "1, " "1, " "1, " "1, " "1, " "1, " "1, " "1, " "1, " "1, " "1, " "1, " "1, " "1, " "1, " "1, " "1, " "1, " "1, " "1, " "1, " "1, " "1, " "1, " "1, " "1, " "1, " "1, " "1, " "1, " "1, " "1, " "1, " "1, " "1, " "1, " "1, " "1, " "1, " "1, " "1, " "1, " "1, " "1, " "1, " "1, " "1, " "1, " "1, " "1, " "1, " "1, " "1, " "1, " "1, " "1, " "1, " "1, " "1, " "1, " "1, " "1, " "1, " "1, " "1, " "1, " "1, " "1, " "1, " "1, " "1, " "1, " "1, " "1, " "1, " "1, " "1, " "1, " "1, " "1, " "1, " "1, " "1, " "1, " "1, " "1, " "1, " "1, " "1, " "1, " "1, " "1, " "1, " "1, " "1, " "1, " "1, " "1, " "1, " "1, " "1, " "1, " "1, " "1, " "1, " "1, " "1, " "1, " "1, " "1, " "1, " "1, " "1, " "1, " "1, " "1, " "1, " "1, " "1, " "1, " "1, " "1, " "1, " "1, " "1, " "1, " "1, " "1, " "1, " "1, " "1, " "1, " "1, " "1, " "1, " "1, " "1, " "1, " "1, " "1, " "1, " "1, " "1, " "1, " "1, " "1, " "1, " "1, " "1, " "1, " "1, " "1, " "1, " "1, " "1, " "1, " "1, " "1, " "1, " "1, " "1, " "1, " "1, " "1, " "1, " "1, " "1, " "1, " "1, " "1, " "1, " "1, " "1, " "1, " "1, " "1, " "1, " "1, " "1, " "1, " "1, " "1, " "1, " "1, " "1, " "1, " "1, " "1, " "1, " "1, " "1, " "1, " "1, " "1, " "1, " "1, " "1, " "1, " "1, " "1, " "1, " "1, " "1, " "1, " "1, " "1, " "1, " "1, " "1, " "1, " "1, " "1, " "1, " "1, " "1, " "1, " "1, " "1, " "1, " "1, " "1, " "1, " "1, " "1, " "1, " "1, " "1, " "1, " "1, " "1, " "1, " "1, " "1, " "1, " "1, " "1, " "1, " "1, " "1, " "1, " "1, " "1, " "1, " "1, " "1, " "1, " "1, " "1, " "1, " "1, " "1, " "1, " "1, " "1, " "1, " "1, " "1, " "1, " "1, " "1, " "1, " "1, " "1, " "1, " "1, " "1, " "1, " "1, " "1, " "1, " "1, " "1, " "1, " "1, " "1, " "1, " "1, " "1, " "1, " "1, " "1, " "1, " "1, " "1, " "1, " "1, " "1, " "1, " "1, " "1, " "1, " "1, " "1, " "1, " "1, " "1, " "1, " "1, " "1, " "1, " "1, " "1, " "1, " "1, " "1, " "1, " "1, " "1, " "1, " "1, " "1, " "1, " "1, " "1, " "1, " "1, " "1, " "1, " "1, " "1, " "1, " "1, " "1, " "1, " "1, " "1, " "1, " "1, " "1, " "1, " "1, " "1, " "1, " "1, " "1, " "1, " "1, " "1, " "1, " "1, " "1, " "1, " "1, " "1, " "1, " "1, " "1, " "1, " "1, " "1, " "1, " "1, " "1, " "1, " "1, " "1, " "1, " "1, " "1, " "1, " "1, " "1, " "1, " "1, " "1, " "1, " "1, " "1, " "1, " "1, " "1, " "1, " "1, " "1, " "1, " "1, " "1, " "1, " "1, " "1, " "1, " "1, " "1, " "1, " "1, " "1, " "1, " "1, " "1, " "1, " "1, " "1, " "1, " "1, " "1, " "1, " "1, " "1, " "1, " "1, " "1, " "1, " "1, " "1, " "1, " "1, " "1, " "1, " "1, " "1, " "1, " "1, " "1, " "1, " "1, " "1, " "1, " "1, " "1, " "1, " "1, " "1, "0
 "Nei12, 0.141, " "-0.715, " "1, " "1, " "1, " "1, " "1, " "1, " "1, " "1, " "1, " "1, " "1, " "1, " "0, " "1, " "1, " "1, " "1, " "1, " "1, " "1, " "1, " "1, " "1, " "1, " "1, " "1, " "1, " "1, " "1, " "1, " "1, " "1, " "1, " "1, " "1, " "1, " "1, " "1, " "1, " "1, " "1, " "1, " "1, " "1, " "1, " "1, " "1, " "1, " "1, " "1, " "1, " "1, " "1, " "1, " "1, " "1, " "1, " "1, " "1, " "1, " "1, " "1, " "1, " "1, " "1, " "1, " "1, " "1, " "1, " "1, " "1, " "1, " "1, " "1, " "1, " "1, " "1, " "1, " "1, " "1, " "1, " "1, " "1, " "1, " "1, " "1, " "1, " "1, " "1, " "1, " "1, " "1, " "1, " "1, " "1, " "1, " "1, " "1, " "1, " "1, " "1, " "1, " "1, " "1, " "1, " "1, " "1, " "1, " "1, " "1, " "1, " "1, " "1, " "1, " "1, " "1, " "1, " "1, " "1, " "1, " "1, " "1, " "1, " "1, " "1, " "1, " "1, " "1, " "1, " "1, " "1, " "1, " "1, " "1, " "1, " "1, " "1, " "1, " "1, " "1, " "1, " "1, " "1, " "1, " "1, " "1, " "1, " "1, " "1, " "1, " "1, " "1, " "1, " "1, " "1, " "1, " "1, " "1, " "1, " "1, " "1, " "1, " "1, " "1, " "1, " "1, " "1, " "1, " "1, " "1, " "1, " "1, " "1, " "1, " "1, " "1, " "1, " "1, " "1, " "1, " "1, " "1, " "1, " "1, " "1, " "1, " "1, " "1, " "1, " "1, " "1, " "1, " "1, " "1, " "1, " "1, " "1, " "1, " "1, " "1, " "1, " "1, " "1, " "1, " "1, " "1, " "1, " "1, " "1, " "1, " "1, " "1, " "1, " "1, " "1, " "1, " "1, " "1, " "1, " "1, " "1, " "1, " "1, " "1, " "1, " "1, " "1, " "1, " "1, " "1, " "1, " "1, " "1, " "1, " "1, " "1, " "1, " "1, " "1, " "1, " "1, " "1, " "1, " "1, " "1, " "1, " "1, " "1, " "1, " "1, " "1, " "1, " "1, " "1, " "1, " "1, " "1, " "1, " "1, " "1, " "1, " "1, " "1, " "1, " "1, " "1, " "1, " "1, " "1, " "1, " "1, " "1, " "1, " "1, " "1, " "1, " "1, " "1, " "1, " "1, " "1, " "1, " "1, " "1, " "1, " "1, " "1, " "1, " "1, " "1, " "1, " "1, " "1, " "1, " "1, " "1, " "1, " "1, " "1, " "1, " "1, " "1, " "1, " "1, " "1, " "1, " "1, " "1, " "1, " "1, " "1, " "1, " "1, " "1, " "1, " "1, " "1, " "1, " "1, " "1, " "1, " "1, " "1, " "1, " "1, " "1, " "1, " "1, " "1, " "1, " "1, " "1, " "1, " "1, " "1, " "1, " "1, " "1, " "1, " "1, " "1, " "1, " "1, " "1, " "1, " "1, " "1, " "1, " "1, " "1, " "1, " "1, " "1, " "1, " "1, " "1, " "1, " "1, " "1, " "1, " "1, " "1, " "1, " "1, " "1, " "1, " "1, " "1, " "1, " "1, " "1, " "1, " "1, " "1, " "1, " "1, " "1, " "1, " "1, " "1, " "1, " "1, " "1, " "1, " "1, " "1, " "1, " "1, " "1, " "1, " "1, " "1, " "1, " "1, " "1, " "1, " "1, " "1, " "1, " "1, " "1, " "1, " "1, " "1, " "1, " "1, " "1, " "1, " "1, " "1, " "1, " "1, " "1, " "1, " "1, " "1, " "1, " "1, " "1, " "1, " "1, " "1, " "1, " "1, " "1, " "1, " "1, " "1, " "1, " "1, " "1, " "1, " "1, " "1, " "1, " "1, " "1, " "1, " "1, " "1, " "1, " "1, " "1, " "1, " "1, " "1, " "1, " "1, " "1, " "1, " "1, " "1, " "1, " "1, " "1, " "1, " "1, " "1, " "1, " "1, " "1, " "1, " "1, " "1, " "1, " "1, " "1, " "1, " "1, " "1, " "1, " "1, " "1, " "1, " "1, " "1, " "1, " "1, " "1, " "1, " "1, " "1, " "1, " "1, " "1, " "1, " "1, " "1, " "1, " "1, " "1, " "1, " "1, " "1, " "1, " "1, " "1, " "1, " "1, " "1, " "1, " "1, " "1, " "1, " "1, " "1, " "1, " "1, " "1, " "1, " "1, " "1, " "1, "0
 "Nei13, 0.385, " "-0.059, " "1, " "1, " "1, " "1, " "1, " "1, " "1, " "1, " "1, " "1, " "1, " "1, " "1, " "0, " "1, " "1, " "1, " "1, " "1, " "1, " "1, " "1, " "1, " "1, " "1, " "1, " "1, " "1, " "1, " "1, " "1, " "1, " "1, " "1, " "1, " "1, " "1, " "1, " "1, " "1, " "1, " "1, " "1, " "1, " "1, " "1, " "1, " "1, " "1, " "1, " "1, " "1, " "1, " "1, " "1, " "1, " "1, " "1, " "1, " "1, " "1, " "1, " "1, " "1, " "1, " "1, " "1, " "1, " "1, " "1, " "1, " "1, " "1, " "1, " "1, " "1, " "1, " "1, " "1, " "1, " "1, " "1, " "1, " "1, " "1, " "1, " "1, " "1, " "1, " "1, " "1, " "1, " "1, " "1, " "1, " "1, " "1, " "1, " "1, " "1, " "1, " "1, " "1, " "1, " "1, " "1, " "1, " "1, " "1, " "1, " "1, " "1, " "1, " "1, " "1, " "1, " "1, " "1, " "1, " "1, " "1, " "1, " "1, " "1, " "1, " "1, " "1, " "1, " "1, " "1, " "1, " "1, " "1, " "1, " "1, " "1, " "1, " "1, " "1, " "1, " "1, " "1, " "1, " "1, " "1, " "1, " "1, " "1, " "1, " "1, " "1, " "1, " "1, " "1, " "1, " "1, " "1, " "1, " "1, " "1, " "1, " "1, " "1, " "1, " "1, " "1, " "1, " "1, " "1, " "1, " "1, " "1, " "1, " "1, " "1, " "1, " "1, " "1, " "1, " "1, " "1, " "1, " "1, " "1, " "1, " "1, " "1, " "1, " "1, " "1, " "1, " "1, " "1, " "1, " "1, " "1, " "1, " "1, " "1, " "1, " "1, " "1, " "1, " "1, " "1, " "1, " "1, " "1, " "1, " "1, " "1, " "1, " "1, " "1, " "1, " "1, " "1, " "1, " "1, " "1, " "1, " "1, " "1, " "1, " "1, " "1, " "1, " "1, " "1, " "1, " "1, " "1, " "1, " "1, " "1, " "1, " "1, " "1, " "1, " "1, " "1, " "1, " "1, " "1, " "1, " "1, " "1, " "1, " "1, " "1, " "1, " "1, " "1, " "1, " "1, " "1, " "1, " "1, " "1, " "1, " "1, " "1, " "1, " "1, " "1, " "1, " "1, " "1, " "1, " "1, " "1, " "1, " "1, " "1, " "1, " "1, " "1, " "1, " "1, " "1, " "1, " "1, " "1, " "1, " "1, " "1, " "1, " "1, " "1, " "1, " "1, " "1, " "1, " "1, " "1, " "1, " "1, " "1, " "1, " "1, " "1, " "1, " "1, " "1, " "1, " "1, " "1, " "1, " "1, " "1, " "1, " "1, " "1, " "1, " "1, " "1, " "1, " "1, " "1, " "1, " "1, " "1, " "1, " "1, " "1, " "1, " "1, " "1, " "1, " "1, " "1, " "1, " "1, " "1, " "1, " "1, " "1, " "1, " "1, " "1, " "1, " "1, " "1, " "1, " "1, " "1, " "1, " "1, " "1, " "1, " "1, " "1, " "1, " "1, " "1, " "1, " "1, " "1, " "1, " "1, " "1, " "1, " "1, " "1, " "1, " "1, " "1, " "1, " "1, " "1, " "1, " "1, " "1, " "1, " "1, " "1, " "1, " "1, " "1, " "1, " "1, " "1, " "1, " "1, " "1, " "1, " "1, " "1, " "1, " "1, " "1, " "1, " "1, " "1, " "1, " "1, " "1, " "1, " "1, " "1, " "1, " "1, " "1, " "1, " "1, " "1, " "1, " "1, " "1, " "1, " "1, " "1, " "1, " "1, " "1, " "1, " "1, " "1, " "1, " "1, " "1, " "1, " "1, " "1, " "1, " "1, " "1, " "1, " "1, " "1, " "1, " "1, " "1, " "1, " "1, " "1, " "1, " "1, " "1, " "1, " "1, " "1, " "1, " "1, " "1, " "1, " "1, " "1, " "1, " "1, " "1, " "1, " "1, " "1, " "1, " "1, " "1, " "1, " "1, " "1, " "1, " "1, " "1, " "1, " "1, " "1, " "1, " "1, " "1, " "1, " "1, " "1, " "1, " "1, " "1, " "1, " "1, " "1, " "1, " "1, " "1, " "1, " "1, " "1, " "1, " "1, " "1, " "1, " "1, " "1, " "1, " "1, " "1, " "1, " "1, " "1, " "1, " "1, " "1, " "1, " "1, " "1, " "1, " "1, " "1, " "1, " "1, " "1, " "1, " "1, " "1, " "1, " "1, "0
 "Nei14, 0.107, " "-0.165, " "1, " "1, " "1, " "1, " "1, " "1, " "1, " "1, " "1, " "1, " "1, " "1, " "1, " "1, " "0, " "1, " "1, " "1, " "1, " "1, " "1, " "1, " "1, " "1, " "1, " "1, " "1, " "1, " "1, " "1, " "1, " "1, " "1, " "1, " "1, " "1, " "1, " "1, " "1, " "1, " "1, " "1, " "1, " "1, " "1, " "1, " "1, " "1, " "1, " "1, " "1, " "1, " "1, " "1, " "1, " "1, " "1, " "1, " "1, " "1, " "1, " "1, " "1, " "1, " "1, " "1, " "1, " "1, " "1, " "1, " "1, " "1, " "1, " "1, " "1, " "1, " "1, " "1, " "1, " "1, " "1, " "1, " "1, " "1, " "1, " "1, " "1, " "1, " "1, " "1, " "1, " "1, " "1, " "1, " "1, " "1, " "1, " "1, " "1, " "1, " "1, " "1, " "1, " "1, " "1, " "1, " "1, " "1, " "1, " "1, " "1, " "1, " "1, " "1, " "1, " "1, " "1, " "1, " "1, " "1, " "1, " "1, " "1, " "1, " "1, " "1, " "1, " "1, " "1, " "1, " "1, " "1, " "1, " "1, " "1, " "1, " "1, " "1, " "1, " "1, " "1, " "1, " "1, " "1, " "1, " "1, " "1, " "1, " "1, " "1, " "1, " "1, " "1, " "1, " "1, " "1, " "1, " "1, " "1, " "1, " "1, " "1, " "1, " "1, " "1, " "1, " "1, " "1, " "1, " "1, " "1, " "1, " "1, " "1, " "1, " "1, " "1, " "1, " "1, " "1, " "1, " "1, " "1, " "1, " "1, " "1, " "1, " "1, " "1, " "1, " "1, " "1, " "1, " "1, " "1, " "1, " "1, " "1, " "1, " "1, " "1, " "1, " "1, " "1, " "1, " "1, " "1, " "1, " "1, " "1, " "1, " "1, " "1, " "1, " "1, " "1, " "1, " "1, " "1, " "1, " "1, " "1, " "1, " "1, " "1, " "1, " "1, " "1, " "1, " "1, " "1, " "1, " "1, " "1, " "1, " "1, " "1, " "1, " "1, " "1, " "1, " "1, " "1, " "1, " "1, " "1, " "1, " "1, " "1, " "1, " "1, " "1, " "1, " "1, " "1, " "1, " "1, " "1, " "1, " "1, " "1, " "1, " "1, " "1, " "1, " "1, " "1, " "1, " "1, " "1, " "1, " "1, " "1, " "1, " "1, " "1, " "1, " "1, " "1, " "1, " "1, " "1, " "1, " "1, " "1, " "1, " "1, " "1, " "1, " "1, " "1, " "1, " "1, " "1, " "1, " "1, " "1, " "1, " "1, " "1, " "1, " "1, " "1, " "1, " "1, " "1, " "1, " "1, " "1, " "1, " "1, " "1, " "1, " "1, " "1, " "1, " "1, " "1, " "1, " "1, " "1, " "1, " "1, " "1, " "1, " "1, " "1, " "1, " "1, " "1, " "1, " "1, " "1, " "1, " "1, " "1, " "1, " "1, " "1, " "1, " "1, " "1, " "1, " "1, " "1, " "1, " "1, " "1, " "1, " "1, " "1, " "1, " "1, " "1, " "1, " "1, " "1, " "1, " "1, " "1, " "1, " "1, " "1, " "1, " "1, " "1, " "1, " "1, " "1, " "1, " "1, " "1, " "1, " "1, " "1, " "1, " "1, " "1, " "1, " "1, " "1, " "1, " "1, " "1, " "1, " "1, " "1, " "1, " "1, " "1, " "1, " "1, " "1, " "1, " "1, " "1, " "1, " "1, " "1, " "1, " "1, " "1, " "1, " "1, " "1, " "1, " "1, " "1, " "1, " "1, " "1, " "1, " "1, " "1, " "1, " "1, " "1, " "1, " "1, " "1, " "1, " "1, " "1, " "1, " "1, " "1, " "1, " "1, " "1, " "1, " "1, " "1, " "1, " "1, " "1, " "1, " "1, " "1, " "1, " "1, " "1, " "1, " "1, " "1, " "1, " "1, " "1, " "1, " "1, " "1, " "1, " "1, " "1, " "1, " "1, " "1, " "1, " "1, " "1, " "1, " "1, " "1, " "1, " "1, " "1, " "1, " "1, " "1, " "1, " "1, " "1, " "1, " "1, " "1, " "1, " "1, " "1, " "1, " "1, " "1, " "1, " "1, " "1, " "1, " "1, " "1, " "1, " "1, " "1, " "1, " "1, " "1, " "1, " "1, " "1, " "1, " "1, " "1, " "1, " "1, " "1, " "1, " "1, " "1, " "1, " "1, " "1, " "1, " "1, " "1, " "1, " "1, " "1, "0
 "Nei15, 0.178, " "0.625, " "1, " "1, " "1, " "1, " "1, " "1, " "1, " "1, " "1, " "1, " "1, " "1, " "1, " "1, " "1, " "0, " "1, " "1, " "1, " "1, " "1, " "1, " "1, " "1, " "1, " "1, " "1, " "1, " "1, " "1, " "1, " "1, " "1, " "1, " "1, " "1, " "1, " "1, " "1, " "1, " "1, " "1, " "1, " "1, " "1, " "1, " "1, " "1, " "1, " "1, " "1, " "1, " "1, " "1, " "1, " "1, " "1, " "1, " "1, " "1, " "1, " "1, " "1, " "1, " "1, " "1, " "1, " "1, " "1, " "1, " "1, " "1, " "1, " "1, " "1, " "1, " "1, " "1, " "1, " "1, " "1, " "1, " "1, " "1, " "1, " "1, " "1, " "1, " "1, " "1, " "1, " "1, " "1, " "1, " "1, " "1, " "1, " "1, " "1, " "1, " "1, " "1, " "1, " "1, " "1, " "1, " "1, " "1, " "1, " "1, " "1, " "1, " "1, " "1, " "1, " "1, " "1, " "1, " "1, " "1, " "1, " "1, " "1, " "1, " "1, " "1, " "1, " "1, " "1, " "1, " "1, " "1, " "1, " "1, " "1, " "1, " "1, " "1, " "1, " "1, " "1, " "1, " "1, " "1, " "1, " "1, " "1, " "1, " "1, " "1, " "1, " "1, " "1, " "1, " "1, " "1, " "1, " "1, " "1, " "1, " "1, " "1, " "1, " "1, " "1, " "1, " "1, " "1, " "1, " "1, " "1, " "1, " "1, " "1, " "1, " "1, " "1, " "1, " "1, " "1, " "1, " "1, " "1, " "1, " "1, " "1, " "1, " "1, " "1, " "1, " "1, " "1, " "1, " "1, " "1, " "1, " "1, " "1, " "1, " "1, " "1, " "1, " "1, " "1, " "1, " "1, " "1, " "1, " "1, " "1, " "1, " "1, " "1, " "1, " "1, " "1, " "1, " "1, " "1, " "1, " "1, " "1, " "1, " "1, " "1, " "1, " "1, " "1, " "1, " "1, " "1, " "1, " "1, " "1, " "1, " "1, " "1, " "1, " "1, " "1, " "1, " "1, " "1, " "1, " "1, " "1, " "1, " "1, " "1, " "1, " "1, " "1, " "1, " "1, " "1, " "1, " "1, " "1, " "1, " "1, " "1, " "1, " "1, " "1, " "1, " "1, " "1, " "1, " "1, " "1, " "1, " "1, " "1, " "1, " "1, " "1, " "1, " "1, " "1, " "1, " "1, " "1, " "1, " "1, " "1, " "1, " "1, " "1, " "1, " "1, " "1, " "1, " "1, " "1, " "1, " "1, " "1, " "1, " "1, " "1, " "1, " "1, " "1, " "1, " "1, " "1, " "1, " "1, " "1, " "1, " "1, " "1, " "1, " "1, " "1, " "1, " "1, " "1, " "1, " "1, " "1, " "1, " "1, " "1, " "1, " "1, " "1, " "1, " "1, " "1, " "1, " "1, " "1, " "1, " "1, " "1, " "1, " "1, " "1, " "1, " "1, " "1, " "1, " "1, " "1, " "1, " "1, " "1, " "1, " "1, " "1, " "1, " "1, " "1, " "1, " "1, " "1, " "1, " "1, " "1, " "1, " "1, " "1, " "1, " "1, " "1, " "1, " "1, " "1, " "1, " "1, " "1, " "1, " "1, " "1, " "1, " "1, " "1, " "1, " "1, " "1, " "1, " "1, " "1, " "1, " "1, " "1, " "1, " "1, " "1, " "1, " "1, " "1, " "1, " "1, " "1, " "1, " "1, " "1, " "1, " "1, " "1, " "1, " "1, " "1, " "1, " "1, " "1, " "1, " "1, " "1, " "1, " "1, " "1, " "1, " "1, " "1, " "1, " "1, " "1, " "1, " "1, " "1, " "1, " "1, " "1, " "1, " "1, " "1, " "1, " "1, " "1, " "1, " "1, " "1, " "1, " "1, " "1, " "1, " "1, " "1, " "1, " "1, " "1, " "1, " "1, " "1, " "1, " "1, " "1, " "1, " "1, " "1, " "1, " "1, " "1, " "1, " "1, " "1, " "1, " "1, " "1, " "1, " "1, " "1, " "1, " "1, " "1, " "1, " "1, " "1, " "1, " "1, " "1, " "1, " "1, " "1, " "1, " "1, " "1, " "1, " "1, " "1, " "1, " "1, " "1, " "1, " "1, " "1, " "1, " "1, " "1, " "1, " "1, " "1, " "1, " "1, " "1, " "1, " "1, " "1, " "1, " "1, " "1, " "1, " "1, " "1, " "1, " "1, " "1, " "1, " "1, " "1, "0
 "Nei16, 0.248, " "-0.461, " "1, " "1, " "1, " "1, " "1, " "1, " "1, " "1, " "1, " "1, " "1, " "1, " "1, " "1, " "1, " "1, " "0, " "1, " "1, " "1, " "1, " "1, " "1, " "1, " "1, " "1, " "1, " "1, " "1, " "1, " "1, " "1, " "1, " "1, " "1, " "1, " "1, " "1, " "1, " "1, " "1, " "1, " "1, " "1, " "1, " "1, " "1, " "1, " "1, " "1, " "1, " "1, " "1, " "1, " "1, " "1, " "1, " "1, " "1, " "1, " "1, " "1, " "1, " "1, " "1, " "1, " "1, " "1, " "1, " "1, " "1, " "1, " "1, " "1, " "1, " "1, " "1, " "1, " "1, " "1, " "1, " "1, " "1, " "1, " "1, " "1, " "1, " "1, " "1, " "1, " "1, " "1, " "1, " "1, " "1, " "1, " "1, " "1, " "1, " "1, " "1, " "1, " "1, " "1, " "1, " "1, " "1, " "1, " "1, " "1, " "1, " "1, " "1, " "1, " "1, " "1, " "1, " "1, " "1, " "1, " "1, " "1, " "1, " "1, " "1, " "1, " "1, " "1, " "1, " "1, " "1, " "1, " "1, " "1, " "1, " "1, " "1, " "1, " "1, " "1, " "1, " "1, " "1, " "1, " "1, " "1, " "1, " "1, " "1, " "1, " "1, " "1, " "1, " "1, " "1, " "1, " "1, " "1, " "1, " "1, " "1, " "1, " "1, " "1, " "1, " "1, " "1, " "1, " "1, " "1, " "1, " "1, " "1, " "1, " "1, " "1, " "1, " "1, " "1, " "1, " "1, " "1, " "1, " "1, " "1, " "1, " "1, " "1, " "1, " "1, " "1, " "1, " "1, " "1, " "1, " "1, " "1, " "1, " "1, " "1, " "1, " "1, " "1, " "1, " "1, " "1, " "1, " "1, " "1, " "1, " "1, " "1, " "1, " "1, " "1, " "1, " "1, " "1, " "1, " "1, " "1, " "1, " "1, " "1, " "1, " "1, " "1, " "1, " "1, " "1, " "1, " "1, " "1, " "1, " "1, " "1, " "1, " "1, " "1, " "1, " "1, " "1, " "1, " "1, " "1, " "1, " "1, " "1, " "1, " "1, " "1, " "1, " "1, " "1, " "1, " "1, " "1, " "1, " "1, " "1, " "1, " "1, " "1, " "1, " "1, " "1, " "1, " "1, " "1, " "1, " "1, " "1, " "1, " "1, " "1, " "1, " "1, " "1, " "1, " "1, " "1, " "1, " "1, " "1, " "1, " "1, " "1, " "1, " "1, " "1, " "1, " "1, " "1, " "1, " "1, " "1, " "1, " "1, " "1, " "1, " "1, " "1, " "1, " "1, " "1, " "1, " "1, " "1, " "1, " "1, " "1, " "1, " "1, " "1, " "1, " "1, " "1, " "1, " "1, " "1, " "1, " "1, " "1, " "1, " "1, " "1, " "1, " "1, " "1, " "1, " "1, " "1, " "1, " "1, " "1, " "1, " "1, " "1, " "1, " "1, " "1, " "1, " "1, " "1, " "1, " "1, " "1, " "1, " "1, " "1, " "1, " "1, " "1, " "1, " "1, " "1, " "1, " "1, " "1, " "1, " "1, " "1, " "1, " "1, " "1, " "1, " "1, " "1, " "1, " "1, " "1, " "1, " "1, " "1, " "1, " "1, " "1, " "1, " "1, " "1, " "1, " "1, " "1, " "1, " "1, " "1, " "1, " "1, " "1, " "1, " "1, " "1, " "1, " "1, " "1, " "1, " "1, " "1, " "1, " "1, " "1, " "1, " "1, " "1, " "1, " "1, " "1, " "1, " "1, " "1, " "1, " "1, " "1, " "1, " "1, " "1, " "1, " "1, " "1, " "1, " "1, " "1, " "1, " "1, " "1, " "1, " "1, " "1, " "1, " "1, " "1, " "1, " "1, " "1, " "1, " "1, " "1, " "1, " "1, " "1, " "1, " "1, " "1, " "1, " "1, " "1, " "1, " "1, " "1, " "1, " "1, " "1, " "1, " "1, " "1, " "1, " "1, " "1, " "1, " "1, " "1, " "1, " "1, " "1, " "1, " "1, " "1, " "1, " "1, " "1, " "1, " "1, " "1, " "1, " "1, " "1, " "1, " "1, " "1, " "1, " "1, " "1, " "1, " "1, " "1, " "1, " "1, " "1, " "1, " "1, " "1, " "1, " "1, " "1, " "1, " "1, " "1, " "1, " "1, " "1, " "1, " "1, " "1, " "1, " "1, " "1, " "1, " "1, " "1, " "1, " "1, " "1, " "1, "0
 "Nei17, 0.362, " "0.678, " "1, " "1, " "1, " "1, " "1, " "1, " "1, " "1, " "1, " "1, " "1, " "1, " "1, " "1, " "1, " "1, " "1, " "0, " "1, " "1, " "1, " "1, " "1, " "1, " "1, " "1, " "1, " "1, " "1, " "1, " "1, " "1, " "1, " "1, " "1, " "1, " "1, " "1, " "1, " "1, " "1, " "1, " "1, " "1, " "1, " "1, " "1, " "1, " "1, " "1, " "1, " "1, " "1, " "1, " "1, " "1, " "1, " "1, " "1, " "1, " "1, " "1, " "1, " "1, " "1, " "1, " "1, " "1, " "1, " "1, " "1, " "1, " "1, " "1, " "1, " "1, " "1, " "1, " "1, " "1, " "1, " "1, " "1, " "1, " "1, " "1, " "1, " "1, " "1, " "1, " "1, " "1, " "1, " "1, " "1, " "1, " "1, " "1, " "1, " "1, " "1, " "1, " "1, " "1, " "1, " "1, " "1, " "1, " "1, " "1, " "1, " "1, " "1, " "1, " "1, " "1, " "1, " "1, " "1, " "1, " "1, " "1, " "1, " "1, " "1, " "1, " "1, " "1, " "1, " "1, " "1, " "1, " "1, " "1, " "1, " "1, " "1, " "1, " "1, " "1, " "1, " "1, " "1, " "1, " "1, " "1, " "1, " "1, " "1, " "1, " "1, " "1, " "1, " "1, " "1, " "1, " "1, " "1, " "1, " "1, " "1, " "1, " "1, " "1, " "1, " "1, " "1, " "1, " "1, " "1, " "1, " "1, " "1, " "1, " "1, " "1, " "1, " "1, " "1, " "1, " "1, " "1, " "1, " "1, " "1, " "1, " "1, " "1, " "1, " "1, " "1, " "1, " "1, " "1, " "1, " "1, " "1, " "1, " "1, " "1, " "1, " "1, " "1, " "1, " "1, " "1, " "1, " "1, " "1, " "1, " "1, " "1, " "1, " "1, " "1, " "1, " "1, " "1, " "1, " "1, " "1, " "1, " "1, " "1, " "1, " "1, " "1, " "1, " "1, " "1, " "1, " "1, " "1, " "1, " "1, " "1, " "1, " "1, " "1, " "1, " "1, " "1, " "1, " "1, " "1, " "1, " "1, " "1, " "1, " "1, " "1, " "1, " "1, " "1, " "1, " "1, " "1, " "1, " "1, " "1, " "1, " "1, " "1, " "1, " "1, " "1, " "1, " "1, " "1, " "1, " "1, " "1, " "1, " "1, " "1, " "1, " "1, " "1, " "1, " "1, " "1, " "1, " "1, " "1, " "1, " "1, " "1, " "1, " "1, " "1, " "1, " "1, " "1, " "1, " "1, " "1, " "1, " "1, " "1, " "1, " "1, " "1, " "1, " "1, " "1, " "1, " "1, " "1, " "1, " "1, " "1, " "1, " "1, " "1, " "1, " "1, " "1, " "1, " "1, " "1, " "1, " "1, " "1, " "1, " "1, " "1, " "1, " "1, " "1, " "1, " "1, " "1, " "1, " "1, " "1, " "1, " "1, " "1, " "1, " "1, " "1, " "1, " "1, " "1, " "1, " "1, " "1, " "1, " "1, " "1, " "1, " "1, " "1, " "1, " "1, " "1, " "1, " "1, " "1, " "1, " "1, " "1, " "1, " "1, " "1, " "1, " "1, " "1, " "1, " "1, " "1, " "1, " "1, " "1, " "1, " "1, " "1, " "1, " "1, " "1, " "1, " "1, " "1, " "1, " "1, " "1, " "1, " "1, " "1, " "1, " "1, " "1, " "1, " "1, " "1, " "1, " "1, " "1, " "1, " "1, " "1, " "1, " "1, " "1, " "1, " "1, " "1, " "1, " "1, " "1, " "1, " "1, " "1, " "1, " "1, " "1, " "1, " "1, " "1, " "1, " "1, " "1, " "1, " "1, " "1, " "1, " "1, " "1, " "1, " "1, " "1, " "1, " "1, " "1, " "1, " "1, " "1, " "1, " "1, " "1, " "1, " "1, " "1, " "1, " "1, " "1, " "1, " "1, " "1, " "1, " "1, " "1, " "1, " "1, " "1, " "1, " "1, " "1, " "1, " "1, " "1, " "1, " "1, " "1, " "1, " "1, " "1, " "1, " "1, " "1, " "1, " "1, " "1, " "1, " "1, " "1, " "1, " "1, " "1, " "1, " "1, " "1, " "1, " "1, " "1, " "1, " "1, " "1, " "1, " "1, " "1, " "1, " "1, " "1, " "1, " "1, " "1, " "1, " "1, " "1, " "1, " "1, " "1, " "1, " "1, " "1, " "1, " "1, " "1, " "1, " "1, " "1, " "1, "0
 "Nei18, 0.27, " "-0.783, " "1, " "1, " "1, " "1, " "1, " "1, " "1, " "1, " "1, " "1, " "1, " "1, " "1, " "1, " "1, " "1, " "1, " "1, " "0, " "1, " "1, " "1, " "1, " "1, " "1, " "1, " "1, " "1, " "1, " "1, " "1, " "1, " "1, " "1, " "1, " "1, " "1, " "1, " "1, " "1, " "1, " "1, " "1, " "1, " "1, " "1, " "1, " "1, " "1, " "1, " "1, " "1, " "1, " "1, " "1, " "1, " "1, " "1, " "1, " "1, " "1, " "1, " "1, " "1, " "1, " "1, " "1, " "1, " "1, " "1, " "1, " "1, " "1, " "1, " "1, " "1, " "1, " "1, " "1, " "1, " "1, " "1, " "1, " "1, " "1, " "1, " "1, " "1, " "1, " "1, " "1, " "1, " "1, " "1, " "1, " "1, " "1, " "1, " "1, " "1, " "1, " "1, " "1, " "1, " "1, " "1, " "1, " "1, " "1, " "1, " "1, " "1, " "1, " "1, " "1, " "1, " "1, " "1, " "1, " "1, " "1, " "1, " "1, " "1, " "1, " "1, " "1, " "1, " "1, " "1, " "1, " "1, " "1, " "1, " "1, " "1, " "1, " "1, " "1, " "1, " "1, " "1, " "1, " "1, " "1, " "1, " "1, " "1, " "1, " "1, " "1, " "1, " "1, " "1, " "1, " "1, " "1, " "1, " "1, " "1, " "1, " "1, " "1, " "1, " "1, " "1, " "1, " "1, " "1, " "1, " "1, " "1, " "1, " "1, " "1, " "1, " "1, " "1, " "1, " "1, " "1, " "1, " "1, " "1, " "1, " "1, " "1, " "1, " "1, " "1, " "1, " "1, " "1, " "1, " "1, " "1, " "1, " "1, " "1, " "1, " "1, " "1, " "1, " "1, " "1, " "1, " "1, " "1, " "1, " "1, " "1, " "1, " "1, " "1, " "1, " "1, " "1, " "1, " "1, " "1, " "1, " "1, " "1, " "1, " "1, " "1, " "1, " "1, " "1, " "1, " "1, " "1, " "1, " "1, " "1, " "1, " "1, " "1, " "1, " "1, " "1, " "1, " "1, " "1, " "1, " "1, " "1, " "1, " "1, " "1, " "1, " "1, " "1, " "1, " "1, " "1, " "1, " "1, " "1, " "1, " "1, " "1, " "1, " "1, " "1, " "1, " "1, " "1, " "1, " "1, " "1, " "1, " "1, " "1, " "1, " "1, " "1, " "1, " "1, " "1, " "1, " "1, " "1, " "1, " "1, " "1, " "1, " "1, " "1, " "1, " "1, " "1, " "1, " "1, " "1, " "1, " "1, " "1, " "1, " "1, " "1, " "1, " "1, " "1, " "1, " "1, " "1, " "1, " "1, " "1, " "1, " "1, " "1, " "1, " "1, " "1, " "1, " "1, " "1, " "1, " "1, " "1, " "1, " "1, " "1, " "1, " "1, " "1, " "1, " "1, " "1, " "1, " "1, " "1, " "1, " "1, " "1, " "1, " "1, " "1, " "1, " "1, " "1, " "1, " "1, " "1, " "1, " "1, " "1, " "1, " "1, " "1, " "1, " "1, " "1, " "1, " "1, " "1, " "1, " "1, " "1, " "1, " "1, " "1, " "1, " "1, " "1, " "1, " "1, " "1, " "1, " "1, " "1, " "1, " "1, " "1, " "1, " "1, " "1, " "1, " "1, " "1, " "1, " "1, " "1, " "1, " "1, " "1, " "1, " "1, " "1, " "1, " "1, " "1, " "1, " "1, " "1, " "1, " "1, " "1, " "1, " "1, " "1, " "1, " "1, " "1, " "1, " "1, " "1, " "1, " "1, " "1, " "1, " "1, " "1, " "1, " "1, " "1, " "1, " "1, " "1, " "1, " "1, " "1, " "1, " "1, " "1, " "1, " "1, " "1, " "1, " "1, " "1, " "1, " "1, " "1, " "1, " "1, " "1, " "1, " "1, " "1, " "1, " "1, " "1, " "1, " "1, " "1, " "1, " "1, " "1, " "1, " "1, " "1, " "1, " "1, " "1, " "1, " "1, " "1, " "1, " "1, " "1, " "1, " "1, " "1, " "1, " "1, " "1, " "1, " "1, " "1, " "1, " "1, " "1, " "1, " "1, " "1, " "1, " "1, " "1, " "1, " "1, " "1, " "1, " "1, " "1, " "1, " "1, " "1, " "1, " "1, " "1, " "1, " "1, " "1, " "1, " "1, " "1, " "1, " "1, " "1, " "1, " "1, " "1, " "1, " "1, " "1, " "1, " "1, " "1, " "1, " "1, "0
 "Nei19, 0.211, " "-0.705, " "1, " "1, " "1, " "1, " "1, " "1, " "1, " "1, " "1, " "1, " "1, " "1, " "1, " "1, " "1, " "1, " "1, " "1, " "1, " "0, " "1, " "1, " "1, " "1, " "1, " "1, " "1, " "1, " "1, " "1, " "1, " "1, " "1, " "1, " "1, " "1, " "1, " "1, " "1, " "1, " "1, " "1, " "1, " "1, " "1, " "1, " "1, " "1, " "1, " "1, " "1, " "1, " "1, " "1, " "1, " "1, " "1, " "1, " "1, " "1, " "1, " "1, " "1, " "1, " "1, " "1, " "1, " "1, " "1, " "1, " "1, " "1, " "1, " "1, " "1, " "1, " "1, " "1, " "1, " "1, " "1, " "1, " "1, " "1, " "1, " "1, " "1, " "1, " "1, " "1, " "1, " "1, " "1, " "1, " "1, " "1, " "1, " "1, " "1, " "1, " "1, " "1, " "1, " "1, " "1, " "1, " "1, " "1, " "1, " "1, " "1, " "1, " "1, " "1, " "1, " "1, " "1, " "1, " "1, " "1, " "1, " "1, " "1, " "1, " "1, " "1, " "1, " "1, " "1, " "1, " "1, " "1, " "1, " "1, " "1, " "1, " "1, " "1, " "1, " "1, " "1, " "1, " "1, " "1, " "1, " "1, " "1, " "1, " "1, " "1, " "1, " "1, " "1, " "1, " "1, " "1, " "1, " "1, " "1, " "1, " "1, " "1, " "1, " "1, " "1, " "1, " "1, " "1, " "1, " "1, " "1, " "1, " "1, " "1, " "1, " "1, " "1, " "1, " "1, " "1, " "1, " "1, " "1, " "1, " "1, " "1, " "1, " "1, " "1, " "1, " "1, " "1, " "1, " "1, " "1, " "1, " "1, " "1, " "1, " "1, " "1, " "1, " "1, " "1, " "1, " "1, " "1, " "1, " "1, " "1, " "1, " "1, " "1, " "1, " "1, " "1, " "1, " "1, " "1, " "1, " "1, " "1, " "1, " "1, " "1, " "1, " "1, " "1, " "1, " "1, " "1, " "1, " "1, " "1, " "1, " "1, " "1, " "1, " "1, " "1, " "1, " "1, " "1, " "1, " "1, " "1, " "1, " "1, " "1, " "1, " "1, " "1, " "1, " "1, " "1, " "1, " "1, " "1, " "1, " "1, " "1, " "1, " "1, " "1, " "1, " "1, " "1, " "1, " "1, " "1, " "1, " "1, " "1, " "1, " "1, " "1, " "1, " "1, " "1, " "1, " "1, " "1, " "1, " "1, " "1, " "1, " "1, " "1, " "1, " "1, " "1, " "1, " "1, " "1, " "1, " "1, " "1, " "1, " "1, " "1, " "1, " "1, " "1, " "1, " "1, " "1, " "1, " "1, " "1, " "1, " "1, " "1, " "1, " "1, " "1, " "1, " "1, " "1, " "1, " "1, " "1, " "1, " "1, " "1, " "1, " "1, " "1, " "1, " "1, " "1, " "1, " "1, " "1, " "1, " "1, " "1, " "1, " "1, " "1, " "1, " "1, " "1, " "1, " "1, " "1, " "1, " "1, " "1, " "1, " "1, " "1, " "1, " "1, " "1, " "1, " "1, " "1, " "1, " "1, " "1, " "1, " "1, " "1, " "1, " "1, " "1, " "1, " "1, " "1, " "1, " "1, " "1, " "1, " "1, " "1, " "1, " "1, " "1, " "1, " "1, " "1, " "1, " "1, " "1, " "1, " "1, " "1, " "1, " "1, " "1, " "1, " "1, " "1, " "1, " "1, " "1, " "1, " "1, " "1, " "1, " "1, " "1, " "1, " "1, " "1, " "1, " "1, " "1, " "1, " "1, " "1, " "1, " "1, " "1, " "1, " "1, " "1, " "1, " "1, " "1, " "1, " "1, " "1, " "1, " "1, " "1, " "1, " "1, " "1, " "1, " "1, " "1, " "1, " "1, " "1, " "1, " "1, " "1, " "1, " "1, " "1, " "1, " "1, " "1, " "1, " "1, " "1, " "1, " "1, " "1, " "1, " "1, " "1, " "1, " "1, " "1, " "1, " "1, " "1, " "1, " "1, " "1, " "1, " "1, " "1, " "1, " "1, " "1, " "1, " "1, " "1, " "1, " "1, " "1, " "1, " "1, " "1, " "1, " "1, " "1, " "1, " "1, " "1, " "1, " "1, " "1, " "1, " "1, " "1, " "1, " "1, " "1, " "1, " "1, " "1, " "1, " "1, " "1, " "1, " "1, " "1, " "1, " "1, " "1, " "1, " "1, " "1, " "1, " "1, " "1, " "1, " "1, " "1, "0
 "Nei20, 0.205, " "-0.01, " "1, " "1, " "1, " "1, " "1, " "1, " "1, " "1, " "1, " "1, " "1, " "1, " "1, " "1, " "1, " "1, " "1, " "1, " "1, " "1, " "0, " "1, " "1, " "1, " "1, " "1, " "1, " "1, " "1, " "1, " "1, " "1, " "1, " "1, " "1, " "1, " "1, " "1, " "1, " "1, " "1, " "1, " "1, " "1, " "1, " "1, " "1, " "1, " "1, " "1, " "1, " "1, " "1, " "1, " "1, " "1, " "1, " "1, " "1, " "1, " "1, " "1, " "1, " "1, " "1, " "1, " "1, " "1, " "1, " "1, " "1, " "1, " "1, " "1, " "1, " "1, " "1, " "1, " "1, " "1, " "1, " "1, " "1, " "1, " "1, " "1, " "1, " "1, " "1, " "1, " "1, " "1, " "1, " "1, " "1, " "1, " "1, " "1, " "1, " "1, " "1, " "1, " "1, " "1, " "1, " "1, " "1, " "1, " "1, " "1, " "1, " "1, " "1, " "1, " "1, " "1, " "1, " "1, " "1, " "1, " "1, " "1, " "1, " "1, " "1, " "1, " "1, " "1, " "1, " "1, " "1, " "1, " "1, " "1, " "1, " "1, " "1, " "1, " "1, " "1, " "1, " "1, " "1, " "1, " "1, " "1, " "1, " "1, " "1, " "1, " "1, " "1, " "1, " "1, " "1, " "1, " "1, " "1, " "1, " "1, " "1, " "1, " "1, " "1, " "1, " "1, " "1, " "1, " "1, " "1, " "1, " "1, " "1, " "1, " "1, " "1, " "1, " "1, " "1, " "1, " "1, " "1, " "1, " "1, " "1, " "1, " "1, " "1, " "1, " "1, " "1, " "1, " "1, " "1, " "1, " "1, " "1, " "1, " "1, " "1, " "1, " "1, " "1, " "1, " "1, " "1, " "1, " "1, " "1, " "1, " "1, " "1, " "1, " "1, " "1, " "1, " "1, " "1, " "1, " "1, " "1, " "1, " "1, " "1, " "1, " "1, " "1, " "1, " "1, " "1, " "1, " "1, " "1, " "1, " "1, " "1, " "1, " "1, " "1, " "1, " "1, " "1, " "1, " "1, " "1, " "1, " "1, " "1, " "1, " "1, " "1, " "1, " "1, " "1, " "1, " "1, " "1, " "1, " "1, " "1, " "1, " "1, " "1, " "1, " "1, " "1, " "1, " "1, " "1, " "1, " "1, " "1, " "1, " "1, " "1, " "1, " "1, " "1, " "1, " "1, " "1, " "1, " "1, " "1, " "1, " "1, " "1, " "1, " "1, " "1, " "1, " "1, " "1, " "1, " "1, " "1, " "1, " "1, " "1, " "1, " "1, " "1, " "1, " "1, " "1, " "1, " "1, " "1, " "1, " "1, " "1, " "1, " "1, " "1, " "1, " "1, " "1, " "1, " "1, " "1, " "1, " "1, " "1, " "1, " "1, " "1, " "1, " "1, " "1, " "1, " "1, " "1, " "1, " "1, " "1, " "1, " "1, " "1, " "1, " "1, " "1, " "1, " "1, " "1, " "1, " "1, " "1, " "1, " "1, " "1, " "1, " "1, " "1, " "1, " "1, " "1, " "1, " "1, " "1, " "1, " "1, " "1, " "1, " "1, " "1, " "1, " "1, " "1, " "1, " "1, " "1, " "1, " "1, " "1, " "1, " "1, " "1, " "1, " "1, " "1, " "1, " "1, " "1, " "1, " "1, " "1, " "1, " "1, " "1, " "1, " "1, " "1, " "1, " "1, " "1, " "1, " "1, " "1, " "1, " "1, " "1, " "1, " "1, " "1, " "1, " "1, " "1, " "1, " "1, " "1, " "1, " "1, " "1, " "1, " "1, " "1, " "1, " "1, " "1, " "1, " "1, " "1, " "1, " "1, " "1, " "1, " "1, " "1, " "1, " "1, " "1, " "1, " "1, " "1, " "1, " "1, " "1, " "1, " "1, " "1, " "1, " "1, " "1, " "1, " "1, " "1, " "1, " "1, " "1, " "1, " "1, " "1, " "1, " "1, " "1, " "1, " "1, " "1, " "1, " "1, " "1, " "1, " "1, " "1, " "1, " "1, " "1, " "1, " "1, " "1, " "1, " "1, " "1, " "1, " "1, " "1, " "1, " "1, " "1, " "1, " "1, " "1, " "1, " "1, " "1, " "1, " "1, " "1, " "1, " "1, " "1, " "1, " "1, " "1, " "1, " "1, " "1, " "1, " "1, " "1, " "1, " "1, " "1, " "1, " "1, " "1, " "1, " "1, " "1, " "1, " "1, " "1, " "1, "0
 "Nei21, 0.114, " "0.183, " "1, " "1, " "1, " "1, " "1, " "1, " "1, " "1, " "1, " "1, " "1, " "1, " "1, " "1, " "1, " "1, " "1, " "1, " "1, " "1, " "1, " "0, " "1, " "1, " "1, " "1, " "1, " "1, " "1, " "1, " "1, " "1, " "1, " "1, " "1, " "1, " "1, " "1, " "1, " "1, " "1, " "1, " "1, " "1, " "1, " "1, " "1, " "1, " "1, " "1, " "1, " "1, " "1, " "1, " "1, " "1, " "1, " "1, " "1, " "1, " "1, " "1, " "1, " "1, " "1, " "1, " "1, " "1, " "1, " "1, " "1, " "1, " "1, " "1, " "1, " "1, " "1, " "1, " "1, " "1, " "1, " "1, " "1, " "1, " "1, " "1, " "1, " "1, " "1, " "1, " "1, " "1, " "1, " "1, " "1, " "1, " "1, " "1, " "1, " "1, " "1, " "1, " "1, " "1, " "1, " "1, " "1, " "1, " "1, " "1, " "1, " "1, " "1, " "1, " "1, " "1, " "1, " "1, " "1, " "1, " "1, " "1, " "1, " "1, " "1, " "1, " "1, " "1, " "1, " "1, " "1, " "1, " "1, " "1, " "1, " "1, " "1, " "1, " "1, " "1, " "1, " "1, " "1, " "1, " "1, " "1, " "1, " "1, " "1, " "1, " "1, " "1, " "1, " "1, " "1, " "1, " "1, " "1, " "1, " "1, " "1, " "1, " "1, " "1, " "1, " "1, " "1, " "1, " "1, " "1, " "1, " "1, " "1, " "1, " "1, " "1, " "1, " "1, " "1, " "1, " "1, " "1, " "1, " "1, " "1, " "1, " "1, " "1, " "1, " "1, " "1, " "1, " "1, " "1, " "1, " "1, " "1, " "1, " "1, " "1, " "1, " "1, " "1, " "1, " "1, " "1, " "1, " "1, " "1, " "1, " "1, " "1, " "1, " "1, " "1, " "1, " "1, " "1, " "1, " "1, " "1, " "1, " "1, " "1, " "1, " "1, " "1, " "1, " "1, " "1, " "1, " "1, " "1, " "1, " "1, " "1, " "1, " "1, " "1, " "1, " "1, " "1, " "1, " "1, " "1, " "1, " "1, " "1, " "1, " "1, " "1, " "1, " "1, " "1, " "1, " "1, " "1, " "1, " "1, " "1, " "1, " "1, " "1, " "1, " "1, " "1, " "1, " "1, " "1, " "1, " "1, " "1, " "1, " "1, " "1, " "1, " "1, " "1, " "1, " "1, " "1, " "1, " "1, " "1, " "1, " "1, " "1, " "1, " "1, " "1, " "1, " "1, " "1, " "1, " "1, " "1, " "1, " "1, " "1, " "1, " "1, " "1, " "1, " "1, " "1, " "1, " "1, " "1, " "1, " "1, " "1, " "1, " "1, " "1, " "1, " "1, " "1, " "1, " "1, " "1, " "1, " "1, " "1, " "1, " "1, " "1, " "1, " "1, " "1, " "1, " "1, " "1, " "1, " "1, " "1, " "1, " "1, " "1, " "1, " "1, " "1, " "1, " "1, " "1, " "1, " "1, " "1, " "1, " "1, " "1, " "1, " "1, " "1, " "1, " "1, " "1, " "1, " "1, " "1, " "1, " "1, " "1, " "1, " "1, " "1, " "1, " "1, " "1, " "1, " "1, " "1, " "1, " "1, " "1, " "1, " "1, " "1, " "1, " "1, " "1, " "1, " "1, " "1, " "1, " "1, " "1, " "1, " "1, " "1, " "1, " "1, " "1, " "1, " "1, " "1, " "1, " "1, " "1, " "1, " "1, " "1, " "1, " "1, " "1, " "1, " "1, " "1, " "1, " "1, " "1, " "1, " "1, " "1, " "1, " "1, " "1, " "1, " "1, " "1, " "1, " "1, " "1, " "1, " "1, " "1, " "1, " "1, " "1, " "1, " "1, " "1, " "1, " "1, " "1, " "1, " "1, " "1, " "1, " "1, " "1, " "1, " "1, " "1, " "1, " "1, " "1, " "1, " "1, " "1, " "1, " "1, " "1, " "1, " "1, " "1, " "1, " "1, " "1, " "1, " "1, " "1, " "1, " "1, " "1, " "1, " "1, " "1, " "1, " "1, " "1, " "1, " "1, " "1, " "1, " "1, " "1, " "1, " "1, " "1, " "1, " "1, " "1, " "1, " "1, " "1, " "1, " "1, " "1, " "1, " "1, " "1, " "1, " "1, " "1, " "1, " "1, " "1, " "1, " "1, " "1, " "1, " "1, " "1, " "1, " "1, " "1, " "1, " "1, " "1, " "1, " "1, " "1, " "1, "0
 "Nei22, 0.388, " "-0.508, " "1, " "1, " "1, " "1, " "1, " "1, " "1, " "1, " "1, " "1, " "1, " "1, " "1, " "1, " "1, " "1, " "1, " "1, " "1, " "1, " "1, " "1, " "0, " "1, " "1, " "1, " "1, " "1, " "1, " "1, " "1, " "1, " "1, " "1, " "1, " "1, " "1, " "1, " "1, " "1, " "1, " "1, " "1, " "1, " "1, " "1, " "1, " "1, " "1, " "1, " "1, " "1, " "1, " "1, " "1, " "1, " "1, " "1, " "1, " "1, " "1, " "1, " "1, " "1, " "1, " "1, " "1, " "1, " "1, " "1, " "1, " "1, " "1, " "1, " "1, " "1, " "1, " "1, " "1, " "1, " "1, " "1, " "1, " "1, " "1, " "1, " "1, " "1, " "1, " "1, " "1, " "1, " "1, " "1, " "1, " "1, " "1, " "1, " "1, " "1, " "1, " "1, " "1, " "1, " "1, " "1, " "1, " "1, " "1, " "1, " "1, " "1, " "1, " "1, " "1, " "1, " "1, " "1, " "1, " "1, " "1, " "1, " "1, " "1, " "1, " "1, " "1, " "1, " "1, " "1, " "1, " "1, " "1, " "1, " "1, " "1, " "1, " "1, " "1, " "1, " "1, " "1, " "1, " "1, " "1, " "1, " "1, " "1, " "1, " "1, " "1, " "1, " "1, " "1, " "1, " "1, " "1, " "1, " "1, " "1, " "1, " "1, " "1, " "1, " "1, " "1, " "1, " "1, " "1, " "1, " "1, " "1, " "1, " "1, " "1, " "1, " "1, " "1, " "1, " "1, " "1, " "1, " "1, " "1, " "1, " "1, " "1, " "1, " "1, " "1, " "1, " "1, " "1, " "1, " "1, " "1, " "1, " "1, " "1, " "1, " "1, " "1, " "1, " "1, " "1, " "1, " "1, " "1, " "1, " "1, " "1, " "1, " "1, " "1, " "1, " "1, " "1, " "1, " "1, " "1, " "1, " "1, " "1, " "1, " "1, " "1, " "1, " "1, " "1, " "1, " "1, " "1, " "1, " "1, " "1, " "1, " "1, " "1, " "1, " "1, " "1, " "1, " "1, " "1, " "1, " "1, " "1, " "1, " "1, " "1, " "1, " "1, " "1, " "1, " "1, " "1, " "1, " "1, " "1, " "1, " "1, " "1, " "1, " "1, " "1, " "1, " "1, " "1, " "1, " "1, " "1, " "1, " "1, " "1, " "1, " "1, " "1, " "1, " "1, " "1, " "1, " "1, " "1, " "1, " "1, " "1, " "1, " "1, " "1, " "1, " "1, " "1, " "1, " "1, " "1, " "1, " "1, " "1, " "1, " "1, " "1, " "1, " "1, " "1, " "1, " "1, " "1, " "1, " "1, " "1, " "1, " "1, " "1, " "1, " "1, " "1, " "1, " "1, " "1, " "1, " "1, " "1, " "1, " "1, " "1, " "1, " "1, " "1, " "1, " "1, " "1, " "1, " "1, " "1, " "1, " "1, " "1, " "1, " "1, " "1, " "1, " "1, " "1, " "1, " "1, " "1, " "1, " "1, " "1, " "1, " "1, " "1, " "1, " "1, " "1, " "1, " "1, " "1, " "1, " "1, " "1, " "1, " "1, " "1, " "1, " "1, " "1, " "1, " "1, " "1, " "1, " "1, " "1, " "1, " "1, " "1, " "1, " "1, " "1, " "1, " "1, " "1, " "1, " "1, " "1, " "1, " "1, " "1, " "1, " "1, " "1, " "1, " "1, " "1, " "1, " "1, " "1, " "1, " "1, " "1, " "1, " "1, " "1, " "1, " "1, " "1, " "1, " "1, " "1, " "1, " "1, " "1, " "1, " "1, " "1, " "1, " "1, " "1, " "1, " "1, " "1, " "1, " "1, " "1, " "1, " "1, " "1, " "1, " "1, " "1, " "1, " "1, " "1, " "1, " "1, " "1, " "1, " "1, " "1, " "1, " "1, " "1, " "1, " "1, " "1, " "1, " "1, " "1, " "1, " "1, " "1, " "1, " "1, " "1, " "1, " "1, " "1, " "1, " "1, " "1, " "1, " "1, " "1, " "1, " "1, " "1, " "1, " "1, " "1, " "1, " "1, " "1, " "1, " "1, " "1, " "1, " "1, " "1, " "1, " "1, " "1, " "1, " "1, " "1, " "1, " "1, " "1, " "1, " "1, " "1, " "1, " "1, " "1, " "1, " "1, " "1, " "1, " "1, " "1, " "1, " "1, " "1, " "1, " "1, " "1, " "1, " "1, " "1, " "1, " "1, " "1, " "1, " "1, "0
 "Nei23, 0.055, " "0.905, " "1, " "1, " "1, " "1, " "1, " "1, " "1, " "1, " "1, " "1, " "1, " "1, " "1, " "1, " "1, " "1, " "1, " "1, " "1, " "1, " "1, " "1, " "1, " "0, " "1, " "1, " "1, " "1, " "1, " "1, " "1, " "1, " "1, " "1, " "1, " "1, " "1, " "1, " "1, " "1, " "1, " "1, " "1, " "1, " "1, " "1, " "1, " "1, " "1, " "1, " "1, " "1, " "1, " "1, " "1, " "1, " "1, " "1, " "1, " "1, " "1, " "1, " "1, " "1, " "1, " "1, " "1, " "1, " "1, " "1, " "1, " "1, " "1, " "1, " "1, " "1, " "1, " "1, " "1, " "1, " "1, " "1, " "1, " "1, " "1, " "1, " "1, " "1, " "1, " "1, " "1, " "1, " "1, " "1, " "1, " "1, " "1, " "1, " "1, " "1, " "1, " "1, " "1, " "1, " "1, " "1, " "1, " "1, " "1, " "1, " "1, " "1, " "1, " "1, " "1, " "1, " "1, " "1, " "1, " "1, " "1, " "1, " "1, " "1, " "1, " "1, " "1, " "1, " "1, " "1, " "1, " "1, " "1, " "1, " "1, " "1, " "1, " "1, " "1, " "1, " "1, " "1, " "1, " "1, " "1, " "1, " "1, " "1, " "1, " "1, " "1, " "1, " "1, " "1, " "1, " "1, " "1, " "1, " "1, " "1, " "1, " "1, " "1, " "1, " "1, " "1, " "1, " "1, " "1, " "1, " "1, " "1, " "1, " "1, " "1, " "1, " "1, " "1, " "1, " "1, " "1, " "1, " "1, " "1, " "1, " "1, " "1, " "1, " "1, " "1, " "1, " "1, " "1, " "1, " "1, " "1, " "1, " "1, " "1, " "1, " "1, " "1, " "1, " "1, " "1, " "1, " "1, " "1, " "1, " "1, " "1, " "1, " "1, " "1, " "1, " "1, " "1, " "1, " "1, " "1, " "1, " "1, " "1, " "1, " "1, " "1, " "1, " "1, " "1, " "1, " "1, " "1, " "1, " "1, " "1, " "1, " "1, " "1, " "1, " "1, " "1, " "1, " "1, " "1, " "1, " "1, " "1, " "1, " "1, " "1, " "1, " "1, " "1, " "1, " "1, " "1, " "1, " "1, " "1, " "1, " "1, " "1, " "1, " "1, " "1, " "1, " "1, " "1, " "1, " "1, " "1, " "1, " "1, " "1, " "1, " "1, " "1, " "1, " "1, " "1, " "1, " "1, " "1, " "1, " "1, " "1, " "1, " "1, " "1, " "1, " "1, " "1, " "1, " "1, " "1, " "1, " "1, " "1, " "1, " "1, " "1, " "1, " "1, " "1, " "1, " "1, " "1, " "1, " "1, " "1, " "1, " "1, " "1, " "1, " "1, " "1, " "1, " "1, " "1, " "1, " "1, " "1, " "1, " "1, " "1, " "1, " "1, " "1, " "1, " "1, " "1, " "1, " "1, " "1, " "1, " "1, " "1, " "1, " "1, " "1, " "1, " "1, " "1, " "1, " "1, " "1, " "1, " "1, " "1, " "1, " "1, " "1, " "1, " "1, " "1, " "1, " "1, " "1, " "1, " "1, " "1, " "1, " "1, " "1, " "1, " "1, " "1, " "1, " "1, " "1, " "1, " "1, " "1, " "1, " "1, " "1, " "1, " "1, " "1, " "1, " "1, " "1, " "1, " "1, " "1, " "1, " "1, " "1, " "1, " "1, " "1, " "1, " "1, " "1, " "1, " "1, " "1, " "1, " "1, " "1, " "1, " "1, " "1, " "1, " "1, " "1, " "1, " "1, " "1, " "1, " "1, " "1, " "1, " "1, " "1, " "1, " "1, " "1, " "1, " "1, " "1, " "1, " "1, " "1, " "1, " "1, " "1, " "1, " "1, " "1, " "1, " "1, " "1, " "1, " "1, " "1, " "1, " "1, " "1, " "1, " "1, " "1, " "1, " "1, " "1, " "1, " "1, " "1, " "1, " "1, " "1, " "1, " "1, " "1, " "1, " "1, " "1, " "1, " "1, " "1, " "1, " "1, " "1, " "1, " "1, " "1, " "1, " "1, " "1, " "1, " "1, " "1, " "1, " "1, " "1, " "1, " "1, " "1, " "1, " "1, " "1, " "1, " "1, " "1, " "1, " "1, " "1, " "1, " "1, " "1, " "1, " "1, " "1, " "1, " "1, " "1, " "1, " "1, " "1, " "1, " "1, " "1, " "1, " "1, " "1, " "1, " "1, " "1, " "1, " "1, " "1, " "1, " "1, "0
 "Nei24, 0.046, " "0.315, " "1, " "1, " "1, " "1, " "1, " "1, " "1, " "1, " "1, " "1, " "1, " "1, " "1, " "1, " "1, " "1, " "1, " "1, " "1, " "1, " "1, " "1, " "1, " "1, " "0, " "1, " "1, " "1, " "1, " "1, " "1, " "1, " "1, " "1, " "1, " "1, " "1, " "1, " "1, " "1, " "1, " "1, " "1, " "1, " "1, " "1, " "1, " "1, " "1, " "1, " "1, " "1, " "1, " "1, " "1, " "1, " "1, " "1, " "1, " "1, " "1, " "1, " "1, " "1, " "1, " "1, " "1, " "1, " "1, " "1, " "1, " "1, " "1, " "1, " "1, " "1, " "1, " "1, " "1, " "1, " "1, " "1, " "1, " "1, " "1, " "1, " "1, " "1, " "1, " "1, " "1, " "1, " "1, " "1, " "1, " "1, " "1, " "1, " "1, " "1, " "1, " "1, " "1, " "1, " "1, " "1, " "1, " "1, " "1, " "1, " "1, " "1, " "1, " "1, " "1, " "1, " "1, " "1, " "1, " "1, " "1, " "1, " "1, " "1, " "1, " "1, " "1, " "1, " "1, " "1, " "1, " "1, " "1, " "1, " "1, " "1, " "1, " "1, " "1, " "1, " "1, " "1, " "1, " "1, " "1, " "1, " "1, " "1, " "1, " "1, " "1, " "1, " "1, " "1, " "1, " "1, " "1, " "1, " "1, " "1, " "1, " "1, " "1, " "1, " "1, " "1, " "1, " "1, " "1, " "1, " "1, " "1, " "1, " "1, " "1, " "1, " "1, " "1, " "1, " "1, " "1, " "1, " "1, " "1, " "1, " "1, " "1, " "1, " "1, " "1, " "1, " "1, " "1, " "1, " "1, " "1, " "1, " "1, " "1, " "1, " "1, " "1, " "1, " "1, " "1, " "1, " "1, " "1, " "1, " "1, " "1, " "1, " "1, " "1, " "1, " "1, " "1, " "1, " "1, " "1, " "1, " "1, " "1, " "1, " "1, " "1, " "1, " "1, " "1, " "1, " "1, " "1, " "1, " "1, " "1, " "1, " "1, " "1, " "1, " "1, " "1, " "1, " "1, " "1, " "1, " "1, " "1, " "1, " "1, " "1, " "1, " "1, " "1, " "1, " "1, " "1, " "1, " "1, " "1, " "1, " "1, " "1, " "1, " "1, " "1, " "1, " "1, " "1, " "1, " "1, " "1, " "1, " "1, " "1, " "1, " "1, " "1, " "1, " "1, " "1, " "1, " "1, " "1, " "1, " "1, " "1, " "1, " "1, " "1, " "1, " "1, " "1, " "1, " "1, " "1, " "1, " "1, " "1, " "1, " "1, " "1, " "1, " "1, " "1, " "1, " "1, " "1, " "1, " "1, " "1, " "1, " "1, " "1, " "1, " "1, " "1, " "1, " "1, " "1, " "1, " "1, " "1, " "1, " "1, " "1, " "1, " "1, " "1, " "1, " "1, " "1, " "1, " "1, " "1, " "1, " "1, " "1, " "1, " "1, " "1, " "1, " "1, " "1, " "1, " "1, " "1, " "1, " "1, " "1, " "1, " "1, " "1, " "1, " "1, " "1, " "1, " "1, " "1, " "1, " "1, " "1, " "1, " "1, " "1, " "1, " "1, " "1, " "1, " "1, " "1, " "1, " "1, " "1, " "1, " "1, " "1, " "1, " "1, " "1, " "1, " "1, " "1, " "1, " "1, " "1, " "1, " "1, " "1, " "1, " "1, " "1, " "1, " "1, " "1, " "1, " "1, " "1, " "1, " "1, " "1, " "1, " "1, " "1, " "1, " "1, " "1, " "1, " "1, " "1, " "1, " "1, " "1, " "1, " "1, " "1, " "1, " "1, " "1, " "1, " "1, " "1, " "1, " "1, " "1, " "1, " "1, " "1, " "1, " "1, " "1, " "1, " "1, " "1, " "1, " "1, " "1, " "1, " "1, " "1, " "1, " "1, " "1, " "1, " "1, " "1, " "1, " "1, " "1, " "1, " "1, " "1, " "1, " "1, " "1, " "1, " "1, " "1, " "1, " "1, " "1, " "1, " "1, " "1, " "1, " "1, " "1, " "1, " "1, " "1, " "1, " "1, " "1, " "1, " "1, " "1, " "1, " "1, " "1, " "1, " "1, " "1, " "1, " "1, " "1, " "1, " "1, " "1, " "1, " "1, " "1, " "1, " "1, " "1, " "1, " "1, " "1, " "1, " "1, " "1, " "1, " "1, " "1, " "1, " "1, " "1, " "1, " "1, " "1, " "1, " "1, " "1, " "1, " "1, "0
 "Nei25, 0.145, " "-0.937, " "1, " "1, " "1, " "1, " "1, " "1, " "1, " "1, " "1, " "1, " "1, " "1, " "1, " "1, " "1, " "1, " "1, " "1, " "1, " "1, " "1, " "1, " "1, " "1, " "1, " "0, " "1, " "1, " "1, " "1, " "1, " "1, " "1, " "1, " "1, " "1, " "1, " "1, " "1, " "1, " "1, " "1, " "1, " "1, " "1, " "1, " "1, " "1, " "1, " "1, " "1, " "1, " "1, " "1, " "1, " "1, " "1, " "1, " "1, " "1, " "1, " "1, " "1, " "1, " "1, " "1, " "1, " "1, " "1, " "1, " "1, " "1, " "1, " "1, " "1, " "1, " "1, " "1, " "1, " "1, " "1, " "1, " "1, " "1, " "1, " "1, " "1, " "1, " "1, " "1, " "1, " "1, " "1, " "1, " "1, " "1, " "1, " "1, " "1, " "1, " "1, " "1, " "1, " "1, " "1, " "1, " "1, " "1, " "1, " "1, " "1, " "1, " "1, " "1, " "1, " "1, " "1, " "1, " "1, " "1, " "1, " "1, " "1, " "1, " "1, " "1, " "1, " "1, " "1, " "1, " "1, " "1, " "1, " "1, " "1, " "1, " "1, " "1, " "1, " "1, " "1, " "1, " "1, " "1, " "1, " "1, " "1, " "1, " "1, " "1, " "1, " "1, " "1, " "1, " "1, " "1, " "1, " "1, " "1, " "1, " "1, " "1, " "1, " "1, " "1, " "1, " "1, " "1, " "1, " "1, " "1, " "1, " "1, " "1, " "1, " "1, " "1, " "1, " "1, " "1, " "1, " "1, " "1, " "1, " "1, " "1, " "1, " "1, " "1, " "1, " "1, " "1, " "1, " "1, " "1, " "1, " "1, " "1, " "1, " "1, " "1, " "1, " "1, " "1, " "1, " "1, " "1, " "1, " "1, " "1, " "1, " "1, " "1, " "1, " "1, " "1, " "1, " "1, " "1, " "1, " "1, " "1, " "1, " "1, " "1, " "1, " "1, " "1, " "1, " "1, " "1, " "1, " "1, " "1, " "1, " "1, " "1, " "1, " "1, " "1, " "1, " "1, " "1, " "1, " "1, " "1, " "1, " "1, " "1, " "1, " "1, " "1, " "1, " "1, " "1, " "1, " "1, " "1, " "1, " "1, " "1, " "1, " "1, " "1, " "1, " "1, " "1, " "1, " "1, " "1, " "1, " "1, " "1, " "1, " "1, " "1, " "1, " "1, " "1, " "1, " "1, " "1, " "1, " "1, " "1, " "1, " "1, " "1, " "1, " "1, " "1, " "1, " "1, " "1, " "1, " "1, " "1, " "1, " "1, " "1, " "1, " "1, " "1, " "1, " "1, " "1, " "1, " "1, " "1, " "1, " "1, " "1, " "1, " "1, " "1, " "1, " "1, " "1, " "1, " "1, " "1, " "1, " "1, " "1, " "1, " "1, " "1, " "1, " "1, " "1, " "1, " "1, " "1, " "1, " "1, " "1, " "1, " "1, " "1, " "1, " "1, " "1, " "1, " "1, " "1, " "1, " "1, " "1, " "1, " "1, " "1, " "1, " "1, " "1, " "1, " "1, " "1, " "1, " "1, " "1, " "1, " "1, " "1, " "1, " "1, " "1, " "1, " "1, " "1, " "1, " "1, " "1, " "1, " "1, " "1, " "1, " "1, " "1, " "1, " "1, " "1, " "1, " "1, " "1, " "1, " "1, " "1, " "1, " "1, " "1, " "1, " "1, " "1, " "1, " "1, " "1, " "1, " "1, " "1, " "1, " "1, " "1, " "1, " "1, " "1, " "1, " "1, " "1, " "1, " "1, " "1, " "1, " "1, " "1, " "1, " "1, " "1, " "1, " "1, " "1, " "1, " "1, " "1, " "1, " "1, " "1, " "1, " "1, " "1, " "1, " "1, " "1, " "1, " "1, " "1, " "1, " "1, " "1, " "1, " "1, " "1, " "1, " "1, " "1, " "1, " "1, " "1, " "1, " "1, " "1, " "1, " "1, " "1, " "1, " "1, " "1, " "1, " "1, " "1, " "1, " "1, " "1, " "1, " "1, " "1, " "1, " "1, " "1, " "1, " "1, " "1, " "1, " "1, " "1, " "1, " "1, " "1, " "1, " "1, " "1, " "1, " "1, " "1, " "1, " "1, " "1, " "1, " "1, " "1, " "1, " "1, " "1, " "1, " "1, " "1, " "1, " "1, " "1, " "1, " "1, " "1, " "1, " "1, " "1, " "1, " "1, " "1, " "1, " "1, " "1, " "1, " "1, " "1, "0
 "Nei26, 0.046, " "0.225, " "1, " "1, " "1, " "1, " "1, " "1, " "1, " "1, " "1, " "1, " "1, " "1, " "1, " "1, " "1, " "1, " "1, " "1, " "1, " "1, " "1, " "1, " "1, " "1, " "1, " "1, " "0, " "1, " "1, " "1, " "1, " "1, " "1, " "1, " "1, " "1, " "1, " "1, " "1, " "1, " "1, " "1, " "1, " "1, " "1, " "1, " "1, " "1, " "1, " "1, " "1, " "1, " "1, " "1, " "1, " "1, " "1, " "1, " "1, " "1, " "1, " "1, " "1, " "1, " "1, " "1, " "1, " "1, " "1, " "1, " "1, " "1, " "1, " "1, " "1, " "1, " "1, " "1, " "1, " "1, " "1, " "1, " "1, " "1, " "1, " "1, " "1, " "1, " "1, " "1, " "1, " "1, " "1, " "1, " "1, " "1, " "1, " "1, " "1, " "1, " "1, " "1, " "1, " "1, " "1, " "1, " "1, " "1, " "1, " "1, " "1, " "1, " "1, " "1, " "1, " "1, " "1, " "1, " "1, " "1, " "1, " "1, " "1, " "1, " "1, " "1, " "1, " "1, " "1, " "1, " "1, " "1, " "1, " "1, " "1, " "1, " "1, " "1, " "1, " "1, " "1, " "1, " "1, " "1, " "1, " "1, " "1, " "1, " "1, " "1, " "1, " "1, " "1, " "1, " "1, " "1, " "1, " "1, " "1, " "1, " "1, " "1, " "1, " "1, " "1, " "1, " "1, " "1, " "1, " "1, " "1, " "1, " "1, " "1, " "1, " "1, " "1, " "1, " "1, " "1, " "1, " "1, " "1, " "1, " "1, " "1, " "1, " "1, " "1, " "1, " "1, " "1, " "1, " "1, " "1, " "1, " "1, " "1, " "1, " "1, " "1, " "1, " "1, " "1, " "1, " "1, " "1, " "1, " "1, " "1, " "1, " "1, " "1, " "1, " "1, " "1, " "1, " "1, " "1, " "1, " "1, " "1, " "1, " "1, " "1, " "1, " "1, " "1, " "1, " "1, " "1, " "1, " "1, " "1, " "1, " "1, " "1, " "1, " "1, " "1, " "1, " "1, " "1, " "1, " "1, " "1, " "1, " "1, " "1, " "1, " "1, " "1, " "1, " "1, " "1, " "1, " "1, " "1, " "1, " "1, " "1, " "1, " "1, " "1, " "1, " "1, " "1, " "1, " "1, " "1, " "1, " "1, " "1, " "1, " "1, " "1, " "1, " "1, " "1, " "1, " "1, " "1, " "1, " "1, " "1, " "1, " "1, " "1, " "1, " "1, " "1, " "1, " "1, " "1, " "1, " "1, " "1, " "1, " "1, " "1, " "1, " "1, " "1, " "1, " "1, " "1, " "1, " "1, " "1, " "1, " "1, " "1, " "1, " "1, " "1, " "1, " "1, " "1, " "1, " "1, " "1, " "1, " "1, " "1, " "1, " "1, " "1, " "1, " "1, " "1, " "1, " "1, " "1, " "1, " "1, " "1, " "1, " "1, " "1, " "1, " "1, " "1, " "1, " "1, " "1, " "1, " "1, " "1, " "1, " "1, " "1, " "1, " "1, " "1, " "1, " "1, " "1, " "1, " "1, " "1, " "1, " "1, " "1, " "1, " "1, " "1, " "1, " "1, " "1, " "1, " "1, " "1, " "1, " "1, " "1, " "1, " "1, " "1, " "1, " "1, " "1, " "1, " "1, " "1, " "1, " "1, " "1, " "1, " "1, " "1, " "1, " "1, " "1, " "1, " "1, " "1, " "1, " "1, " "1, " "1, " "1, " "1, " "1, " "1, " "1, " "1, " "1, " "1, " "1, " "1, " "1, " "1, " "1, " "1, " "1, " "1, " "1, " "1, " "1, " "1, " "1, " "1, " "1, " "1, " "1, " "1, " "1, " "1, " "1, " "1, " "1, " "1, " "1, " "1, " "1, " "1, " "1, " "1, " "1, " "1, " "1, " "1, " "1, " "1, " "1, " "1, " "1, " "1, " "1, " "1, " "1, " "1, " "1, " "1, " "1, " "1, " "1, " "1, " "1, " "1, " "1, " "1, " "1, " "1, " "1, " "1, " "1, " "1, " "1, " "1, " "1, " "1, " "1, " "1, " "1, " "1, " "1, " "1, " "1, " "1, " "1, " "1, " "1, " "1, " "1, " "1, " "1, " "1, " "1, " "1, " "1, " "1, " "1, " "1, " "1, " "1, " "1, " "1, " "1, " "1, " "1, " "1, " "1, " "1, " "1, " "1, " "1, " "1, " "1, " "1, " "1, " "1, " "1, "0
 "Nei27, 0.059, " "-0.171, " "1, " "1, " "1, " "1, " "1, " "1, " "1, " "1, " "1, " "1, " "1, " "1, " "1, " "1, " "1, " "1, " "1, " "1, " "1, " "1, " "1, " "1, " "1, " "1, " "1, " "1, " "1, " "0, " "1, " "1, " "1, " "1, " "1, " "1, " "1, " "1, " "1, " "1, " "1, " "1, " "1, " "1, " "1, " "1, " "1, " "1, " "1, " "1, " "1, " "1, " "1, " "1, " "1, " "1, " "1, " "1, " "1, " "1, " "1, " "1, " "1, " "1, " "1, " "1, " "1, " "1, " "1, " "1, " "1, " "1, " "1, " "1, " "1, " "1, " "1, " "1, " "1, " "1, " "1, " "1, " "1, " "1, " "1, " "1, " "1, " "1, " "1, " "1, " "1, " "1, " "1, " "1, " "1, " "1, " "1, " "1, " "1, " "1, " "1, " "1, " "1, " "1, " "1, " "1, " "1, " "1, " "1, " "1, " "1, " "1, " "1, " "1, " "1, " "1, " "1, " "1, " "1, " "1, " "1, " "1, " "1, " "1, " "1, " "1, " "1, " "1, " "1, " "1, " "1, " "1, " "1, " "1, " "1, " "1, " "1, " "1, " "1, " "1, " "1, " "1, " "1, " "1, " "1, " "1, " "1, " "1, " "1, " "1, " "1, " "1, " "1, " "1, " "1, " "1, " "1, " "1, " "1, " "1, " "1, " "1, " "1, " "1, " "1, " "1, " "1, " "1, " "1, " "1, " "1, " "1, " "1, " "1, " "1, " "1, " "1, " "1, " "1, " "1, " "1, " "1, " "1, " "1, " "1, " "1, " "1, " "1, " "1, " "1, " "1, " "1, " "1, " "1, " "1, " "1, " "1, " "1, " "1, " "1, " "1, " "1, " "1, " "1, " "1, " "1, " "1, " "1, " "1, " "1, " "1, " "1, " "1, " "1, " "1, " "1, " "1, " "1, " "1, " "1, " "1, " "1, " "1, " "1, " "1, " "1, " "1, " "1, " "1, " "1, " "1, " "1, " "1, " "1, " "1, " "1, " "1, " "1, " "1, " "1, " "1, " "1, " "1, " "1, " "1, " "1, " "1, " "1, " "1, " "1, " "1, " "1, " "1, " "1, " "1, " "1, " "1, " "1, " "1, " "1, " "1, " "1, " "1, " "1, " "1, " "1, " "1, " "1, " "1, " "1, " "1, " "1, " "1, " "1, " "1, " "1, " "1, " "1, " "1, " "1, " "1, " "1, " "1, " "1, " "1, " "1, " "1, " "1, " "1, " "1, " "1, " "1, " "1, " "1, " "1, " "1, " "1, " "1, " "1, " "1, " "1, " "1, " "1, " "1, " "1, " "1, " "1, " "1, " "1, " "1, " "1, " "1, " "1, " "1, " "1, " "1, " "1, " "1, " "1, " "1, " "1, " "1, " "1, " "1, " "1, " "1, " "1, " "1, " "1, " "1, " "1, " "1, " "1, " "1, " "1, " "1, " "1, " "1, " "1, " "1, " "1, " "1, " "1, " "1, " "1, " "1, " "1, " "1, " "1, " "1, " "1, " "1, " "1, " "1, " "1, " "1, " "1, " "1, " "1, " "1, " "1, " "1, " "1, " "1, " "1, " "1, " "1, " "1, " "1, " "1, " "1, " "1, " "1, " "1, " "1, " "1, " "1, " "1, " "1, " "1, " "1, " "1, " "1, " "1, " "1, " "1, " "1, " "1, " "1, " "1, " "1, " "1, " "1, " "1, " "1, " "1, " "1, " "1, " "1, " "1, " "1, " "1, " "1, " "1, " "1, " "1, " "1, " "1, " "1, " "1, " "1, " "1, " "1, " "1, " "1, " "1, " "1, " "1, " "1, " "1, " "1, " "1, " "1, " "1, " "1, " "1, " "1, " "1, " "1, " "1, " "1, " "1, " "1, " "1, " "1, " "1, " "1, " "1, " "1, " "1, " "1, " "1, " "1, " "1, " "1, " "1, " "1, " "1, " "1, " "1, " "1, " "1, " "1, " "1, " "1, " "1, " "1, " "1, " "1, " "1, " "1, " "1, " "1, " "1, " "1, " "1, " "1, " "1, " "1, " "1, " "1, " "1, " "1, " "1, " "1, " "1, " "1, " "1, " "1, " "1, " "1, " "1, " "1, " "1, " "1, " "1, " "1, " "1, " "1, " "1, " "1, " "1, " "1, " "1, " "1, " "1, " "1, " "1, " "1, " "1, " "1, " "1, " "1, " "1, " "1, " "1, " "1, " "1, " "1, " "1, " "1, " "1, " "1, " "1, " "1, "0
 "Nei28, 0.056, " "-0.433, " "1, " "1, " "1, " "1, " "1, " "1, " "1, " "1, " "1, " "1, " "1, " "1, " "1, " "1, " "1, " "1, " "1, " "1, " "1, " "1, " "1, " "1, " "1, " "1, " "1, " "1, " "1, " "1, " "0, " "1, " "1, " "1, " "1, " "1, " "1, " "1, " "1, " "1, " "1, " "1, " "1, " "1, " "1, " "1, " "1, " "1, " "1, " "1, " "1, " "1, " "1, " "1, " "1, " "1, " "1, " "1, " "1, " "1, " "1, " "1, " "1, " "1, " "1, " "1, " "1, " "1, " "1, " "1, " "1, " "1, " "1, " "1, " "1, " "1, " "1, " "1, " "1, " "1, " "1, " "1, " "1, " "1, " "1, " "1, " "1, " "1, " "1, " "1, " "1, " "1, " "1, " "1, " "1, " "1, " "1, " "1, " "1, " "1, " "1, " "1, " "1, " "1, " "1, " "1, " "1, " "1, " "1, " "1, " "1, " "1, " "1, " "1, " "1, " "1, " "1, " "1, " "1, " "1, " "1, " "1, " "1, " "1, " "1, " "1, " "1, " "1, " "1, " "1, " "1, " "1, " "1, " "1, " "1, " "1, " "1, " "1, " "1, " "1, " "1, " "1, " "1, " "1, " "1, " "1, " "1, " "1, " "1, " "1, " "1, " "1, " "1, " "1, " "1, " "1, " "1, " "1, " "1, " "1, " "1, " "1, " "1, " "1, " "1, " "1, " "1, " "1, " "1, " "1, " "1, " "1, " "1, " "1, " "1, " "1, " "1, " "1, " "1, " "1, " "1, " "1, " "1, " "1, " "1, " "1, " "1, " "1, " "1, " "1, " "1, " "1, " "1, " "1, " "1, " "1, " "1, " "1, " "1, " "1, " "1, " "1, " "1, " "1, " "1, " "1, " "1, " "1, " "1, " "1, " "1, " "1, " "1, " "1, " "1, " "1, " "1, " "1, " "1, " "1, " "1, " "1, " "1, " "1, " "1, " "1, " "1, " "1, " "1, " "1, " "1, " "1, " "1, " "1, " "1, " "1, " "1, " "1, " "1, " "1, " "1, " "1, " "1, " "1, " "1, " "1, " "1, " "1, " "1, " "1, " "1, " "1, " "1, " "1, " "1, " "1, " "1, " "1, " "1, " "1, " "1, " "1, " "1, " "1, " "1, " "1, " "1, " "1, " "1, " "1, " "1, " "1, " "1, " "1, " "1, " "1, " "1, " "1, " "1, " "1, " "1, " "1, " "1, " "1, " "1, " "1, " "1, " "1, " "1, " "1, " "1, " "1, " "1, " "1, " "1, " "1, " "1, " "1, " "1, " "1, " "1, " "1, " "1, " "1, " "1, " "1, " "1, " "1, " "1, " "1, " "1, " "1, " "1, " "1, " "1, " "1, " "1, " "1, " "1, " "1, " "1, " "1, " "1, " "1, " "1, " "1, " "1, " "1, " "1, " "1, " "1, " "1, " "1, " "1, " "1, " "1, " "1, " "1, " "1, " "1, " "1, " "1, " "1, " "1, " "1, " "1, " "1, " "1, " "1, " "1, " "1, " "1, " "1, " "1, " "1, " "1, " "1, " "1, " "1, " "1, " "1, " "1, " "1, " "1, " "1, " "1, " "1, " "1, " "1, " "1, " "1, " "1, " "1, " "1, " "1, " "1, " "1, " "1, " "1, " "1, " "1, " "1, " "1, " "1, " "1, " "1, " "1, " "1, " "1, " "1, " "1, " "1, " "1, " "1, " "1, " "1, " "1, " "1, " "1, " "1, " "1, " "1, " "1, " "1, " "1, " "1, " "1, " "1, " "1, " "1, " "1, " "1, " "1, " "1, " "1, " "1, " "1, " "1, " "1, " "1, " "1, " "1, " "1, " "1, " "1, " "1, " "1, " "1, " "1, " "1, " "1, " "1, " "1, " "1, " "1, " "1, " "1, " "1, " "1, " "1, " "1, " "1, " "1, " "1, " "1, " "1, " "1, " "1, " "1, " "1, " "1, " "1, " "1, " "1, " "1, " "1, " "1, " "1, " "1, " "1, " "1, " "1, " "1, " "1, " "1, " "1, " "1, " "1, " "1, " "1, " "1, " "1, " "1, " "1, " "1, " "1, " "1, " "1, " "1, " "1, " "1, " "1, " "1, " "1, " "1, " "1, " "1, " "1, " "1, " "1, " "1, " "1, " "1, " "1, " "1, " "1, " "1, " "1, " "1, " "1, " "1, " "1, " "1, " "1, " "1, " "1, " "1, " "1, " "1, " "1, " "1, " "1, " "1, " "1, " "1, "0
 "Nei29, 0.043, " "0.898, " "1, " "1, " "1, " "1, " "1, " "1, " "1, " "1, " "1, " "1, " "1, " "1, " "1, " "1, " "1, " "1, " "1, " "1, " "1, " "1, " "1, " "1, " "1, " "1, " "1, " "1, " "1, " "1, " "1, " "0, " "1, " "1, " "1, " "1, " "1, " "1, " "1, " "1, " "1, " "1, " "1, " "1, " "1, " "1, " "1, " "1, " "1, " "1, " "1, " "1, " "1, " "1, " "1, " "1, " "1, " "1, " "1, " "1, " "1, " "1, " "1, " "1, " "1, " "1, " "1, " "1, " "1, " "1, " "1, " "1, " "1, " "1, " "1, " "1, " "1, " "1, " "1, " "1, " "1, " "1, " "1, " "1, " "1, " "1, " "1, " "1, " "1, " "1, " "1, " "1, " "1, " "1, " "1, " "1, " "1, " "1, " "1, " "1, " "1, " "1, " "1, " "1, " "1, " "1, " "1, " "1, " "1, " "1, " "1, " "1, " "1, " "1, " "1, " "1, " "1, " "1, " "1, " "1, " "1, " "1, " "1, " "1, " "1, " "1, " "1, " "1, " "1, " "1, " "1, " "1, " "1, " "1, " "1, " "1, " "1, " "1, " "1, " "1, " "1, " "1, " "1, " "1, " "1, " "1, " "1, " "1, " "1, " "1, " "1, " "1, " "1, " "1, " "1, " "1, " "1, " "1, " "1, " "1, " "1, " "1, " "1, " "1, " "1, " "1, " "1, " "1, " "1, " "1, " "1, " "1, " "1, " "1, " "1, " "1, " "1, " "1, " "1, " "1, " "1, " "1, " "1, " "1, " "1, " "1, " "1, " "1, " "1, " "1, " "1, " "1, " "1, " "1, " "1, " "1, " "1, " "1, " "1, " "1, " "1, " "1, " "1, " "1, " "1, " "1, " "1, " "1, " "1, " "1, " "1, " "1, " "1, " "1, " "1, " "1, " "1, " "1, " "1, " "1, " "1, " "1, " "1, " "1, " "1, " "1, " "1, " "1, " "1, " "1, " "1, " "1, " "1, " "1, " "1, " "1, " "1, " "1, " "1, " "1, " "1, " "1, " "1, " "1, " "1, " "1, " "1, " "1, " "1, " "1, " "1, " "1, " "1, " "1, " "1, " "1, " "1, " "1, " "1, " "1, " "1, " "1, " "1, " "1, " "1, " "1, " "1, " "1, " "1, " "1, " "1, " "1, " "1, " "1, " "1, " "1, " "1, " "1, " "1, " "1, " "1, " "1, " "1, " "1, " "1, " "1, " "1, " "1, " "1, " "1, " "1, " "1, " "1, " "1, " "1, " "1, " "1, " "1, " "1, " "1, " "1, " "1, " "1, " "1, " "1, " "1, " "1, " "1, " "1, " "1, " "1, " "1, " "1, " "1, " "1, " "1, " "1, " "1, " "1, " "1, " "1, " "1, " "1, " "1, " "1, " "1, " "1, " "1, " "1, " "1, " "1, " "1, " "1, " "1, " "1, " "1, " "1, " "1, " "1, " "1, " "1, " "1, " "1, " "1, " "1, " "1, " "1, " "1, " "1, " "1, " "1, " "1, " "1, " "1, " "1, " "1, " "1, " "1, " "1, " "1, " "1, " "1, " "1, " "1, " "1, " "1, " "1, " "1, " "1, " "1, " "1, " "1, " "1, " "1, " "1, " "1, " "1, " "1, " "1, " "1, " "1, " "1, " "1, " "1, " "1, " "1, " "1, " "1, " "1, " "1, " "1, " "1, " "1, " "1, " "1, " "1, " "1, " "1, " "1, " "1, " "1, " "1, " "1, " "1, " "1, " "1, " "1, " "1, " "1, " "1, " "1, " "1, " "1, " "1, " "1, " "1, " "1, " "1, " "1, " "1, " "1, " "1, " "1, " "1, " "1, " "1, " "1, " "1, " "1, " "1, " "1, " "1, " "1, " "1, " "1, " "1, " "1, " "1, " "1, " "1, " "1, " "1, " "1, " "1, " "1, " "1, " "1, " "1, " "1, " "1, " "1, " "1, " "1, " "1, " "1, " "1, " "1, " "1, " "1, " "1, " "1, " "1, " "1, " "1, " "1, " "1, " "1, " "1, " "1, " "1, " "1, " "1, " "1, " "1, " "1, " "1, " "1, " "1, " "1, " "1, " "1, " "1, " "1, " "1, " "1, " "1, " "1, " "1, " "1, " "1, " "1, " "1, " "1, " "1, " "1, " "1, " "1, " "1, " "1, " "1, " "1, " "1, " "1, " "1, " "1, " "1, " "1, " "1, " "1, " "1, " "1, " "1, " "1, " "1, " "1, "0
 "Nei30, 0.099, " "0.814, " "1, " "1, " "1, " "1, " "1, " "1, " "1, " "1, " "1, " "1, " "1, " "1, " "1, " "1, " "1, " "1, " "1, " "1, " "1, " "1, " "1, " "1, " "1, " "1, " "1, " "1, " "1, " "1, " "1, " "1, " "0, " "1, " "1, " "1, " "1, " "1, " "1, " "1, " "1, " "1, " "1, " "1, " "1, " "1, " "1, " "1, " "1, " "1, " "1, " "1, " "1, " "1, " "1, " "1, " "1, " "1, " "1, " "1, " "1, " "1, " "1, " "1, " "1, " "1, " "1, " "1, " "1, " "1, " "1, " "1, " "1, " "1, " "1, " "1, " "1, " "1, " "1, " "1, " "1, " "1, " "1, " "1, " "1, " "1, " "1, " "1, " "1, " "1, " "1, " "1, " "1, " "1, " "1, " "1, " "1, " "1, " "1, " "1, " "1, " "1, " "1, " "1, " "1, " "1, " "1, " "1, " "1, " "1, " "1, " "1, " "1, " "1, " "1, " "1, " "1, " "1, " "1, " "1, " "1, " "1, " "1, " "1, " "1, " "1, " "1, " "1, " "1, " "1, " "1, " "1, " "1, " "1, " "1, " "1, " "1, " "1, " "1, " "1, " "1, " "1, " "1, " "1, " "1, " "1, " "1, " "1, " "1, " "1, " "1, " "1, " "1, " "1, " "1, " "1, " "1, " "1, " "1, " "1, " "1, " "1, " "1, " "1, " "1, " "1, " "1, " "1, " "1, " "1, " "1, " "1, " "1, " "1, " "1, " "1, " "1, " "1, " "1, " "1, " "1, " "1, " "1, " "1, " "1, " "1, " "1, " "1, " "1, " "1, " "1, " "1, " "1, " "1, " "1, " "1, " "1, " "1, " "1, " "1, " "1, " "1, " "1, " "1, " "1, " "1, " "1, " "1, " "1, " "1, " "1, " "1, " "1, " "1, " "1, " "1, " "1, " "1, " "1, " "1, " "1, " "1, " "1, " "1, " "1, " "1, " "1, " "1, " "1, " "1, " "1, " "1, " "1, " "1, " "1, " "1, " "1, " "1, " "1, " "1, " "1, " "1, " "1, " "1, " "1, " "1, " "1, " "1, " "1, " "1, " "1, " "1, " "1, " "1, " "1, " "1, " "1, " "1, " "1, " "1, " "1, " "1, " "1, " "1, " "1, " "1, " "1, " "1, " "1, " "1, " "1, " "1, " "1, " "1, " "1, " "1, " "1, " "1, " "1, " "1, " "1, " "1, " "1, " "1, " "1, " "1, " "1, " "1, " "1, " "1, " "1, " "1, " "1, " "1, " "1, " "1, " "1, " "1, " "1, " "1, " "1, " "1, " "1, " "1, " "1, " "1, " "1, " "1, " "1, " "1, " "1, " "1, " "1, " "1, " "1, " "1, " "1, " "1, " "1, " "1, " "1, " "1, " "1, " "1, " "1, " "1, " "1, " "1, " "1, " "1, " "1, " "1, " "1, " "1, " "1, " "1, " "1, " "1, " "1, " "1, " "1, " "1, " "1, " "1, " "1, " "1, " "1, " "1, " "1, " "1, " "1, " "1, " "1, " "1, " "1, " "1, " "1, " "1, " "1, " "1, " "1, " "1, " "1, " "1, " "1, " "1, " "1, " "1, " "1, " "1, " "1, " "1, " "1, " "1, " "1, " "1, " "1, " "1, " "1, " "1, " "1, " "1, " "1, " "1, " "1, " "1, " "1, " "1, " "1, " "1, " "1, " "1, " "1, " "1, " "1, " "1, " "1, " "1, " "1, " "1, " "1, " "1, " "1, " "1, " "1, " "1, " "1, " "1, " "1, " "1, " "1, " "1, " "1, " "1, " "1, " "1, " "1, " "1, " "1, " "1, " "1, " "1, " "1, " "1, " "1, " "1, " "1, " "1, " "1, " "1, " "1, " "1, " "1, " "1, " "1, " "1, " "1, " "1, " "1, " "1, " "1, " "1, " "1, " "1, " "1, " "1, " "1, " "1, " "1, " "1, " "1, " "1, " "1, " "1, " "1, " "1, " "1, " "1, " "1, " "1, " "1, " "1, " "1, " "1, " "1, " "1, " "1, " "1, " "1, " "1, " "1, " "1, " "1, " "1, " "1, " "1, " "1, " "1, " "1, " "1, " "1, " "1, " "1, " "1, " "1, " "1, " "1, " "1, " "1, " "1, " "1, " "1, " "1, " "1, " "1, " "1, " "1, " "1, " "1, " "1, " "1, " "1, " "1, " "1, " "1, " "1, " "1, " "1, " "1, " "1, " "1, " "1, " "1, " "1, " "1, "0
 "Nei31, 0.273, " "0.008, " "1, " "1, " "1, " "1, " "1, " "1, " "1, " "1, " "1, " "1, " "1, " "1, " "1, " "1, " "1, " "1, " "1, " "1, " "1, " "1, " "1, " "1, " "1, " "1, " "1, " "1, " "1, " "1, " "1, " "1, " "1, " "0, " "1, " "1, " "1, " "1, " "1, " "1, " "1, " "1, " "1, " "1, " "1, " "1, " "1, " "1, " "1, " "1, " "1, " "1, " "1, " "1, " "1, " "1, " "1, " "1, " "1, " "1, " "1, " "1, " "1, " "1, " "1, " "1, " "1, " "1, " "1, " "1, " "1, " "1, " "1, " "1, " "1, " "1, " "1, " "1, " "1, " "1, " "1, " "1, " "1, " "1, " "1, " "1, " "1, " "1, " "1, " "1, " "1, " "1, " "1, " "1, " "1, " "1, " "1, " "1, " "1, " "1, " "1, " "1, " "1, " "1, " "1, " "1, " "1, " "1, " "1, " "1, " "1, " "1, " "1, " "1, " "1, " "1, " "1, " "1, " "1, " "1, " "1, " "1, " "1, " "1, " "1, " "1, " "1, " "1, " "1, " "1, " "1, " "1, " "1, " "1, " "1, " "1, " "1, " "1, " "1, " "1, " "1, " "1, " "1, " "1, " "1, " "1, " "1, " "1, " "1, " "1, " "1, " "1, " "1, " "1, " "1, " "1, " "1, " "1, " "1, " "1, " "1, " "1, " "1, " "1, " "1, " "1, " "1, " "1, " "1, " "1, " "1, " "1, " "1, " "1, " "1, " "1, " "1, " "1, " "1, " "1, " "1, " "1, " "1, " "1, " "1, " "1, " "1, " "1, " "1, " "1, " "1, " "1, " "1, " "1, " "1, " "1, " "1, " "1, " "1, " "1, " "1, " "1, " "1, " "1, " "1, " "1, " "1, " "1, " "1, " "1, " "1, " "1, " "1, " "1, " "1, " "1, " "1, " "1, " "1, " "1, " "1, " "1, " "1, " "1, " "1, " "1, " "1, " "1, " "1, " "1, " "1, " "1, " "1, " "1, " "1, " "1, " "1, " "1, " "1, " "1, " "1, " "1, " "1, " "1, " "1, " "1, " "1, " "1, " "1, " "1, " "1, " "1, " "1, " "1, " "1, " "1, " "1, " "1, " "1, " "1, " "1, " "1, " "1, " "1, " "1, " "1, " "1, " "1, " "1, " "1, " "1, " "1, " "1, " "1, " "1, " "1, " "1, " "1, " "1, " "1, " "1, " "1, " "1, " "1, " "1, " "1, " "1, " "1, " "1, " "1, " "1, " "1, " "1, " "1, " "1, " "1, " "1, " "1, " "1, " "1, " "1, " "1, " "1, " "1, " "1, " "1, " "1, " "1, " "1, " "1, " "1, " "1, " "1, " "1, " "1, " "1, " "1, " "1, " "1, " "1, " "1, " "1, " "1, " "1, " "1, " "1, " "1, " "1, " "1, " "1, " "1, " "1, " "1, " "1, " "1, " "1, " "1, " "1, " "1, " "1, " "1, " "1, " "1, " "1, " "1, " "1, " "1, " "1, " "1, " "1, " "1, " "1, " "1, " "1, " "1, " "1, " "1, " "1, " "1, " "1, " "1, " "1, " "1, " "1, " "1, " "1, " "1, " "1, " "1, " "1, " "1, " "1, " "1, " "1, " "1, " "1, " "1, " "1, " "1, " "1, " "1, " "1, " "1, " "1, " "1, " "1, " "1, " "1, " "1, " "1, " "1, " "1, " "1, " "1, " "1, " "1, " "1, " "1, " "1, " "1, " "1, " "1, " "1, " "1, " "1, " "1, " "1, " "1, " "1, " "1, " "1, " "1, " "1, " "1, " "1, " "1, " "1, " "1, " "1, " "1, " "1, " "1, " "1, " "1, " "1, " "1, " "1, " "1, " "1, " "1, " "1, " "1, " "1, " "1, " "1, " "1, " "1, " "1, " "1, " "1, " "1, " "1, " "1, " "1, " "1, " "1, " "1, " "1, " "1, " "1, " "1, " "1, " "1, " "1, " "1, " "1, " "1, " "1, " "1, " "1, " "1, " "1, " "1, " "1, " "1, " "1, " "1, " "1, " "1, " "1, " "1, " "1, " "1, " "1, " "1, " "1, " "1, " "1, " "1, " "1, " "1, " "1, " "1, " "1, " "1, " "1, " "1, " "1, " "1, " "1, " "1, " "1, " "1, " "1, " "1, " "1, " "1, " "1, " "1, " "1, " "1, " "1, " "1, " "1, " "1, " "1, " "1, " "1, " "1, " "1, " "1, " "1, " "1, " "1, " "1, "0
 "Nei32, 0.34, " "-0.014, " "1, " "1, " "1, " "1, " "1, " "1, " "1, " "1, " "1, " "1, " "1, " "1, " "1, " "1, " "1, " "1, " "1, " "1, " "1, " "1, " "1, " "1, " "1, " "1, " "1, " "1, " "1, " "1, " "1, " "1, " "1, " "1, " "0, " "1, " "1, " "1, " "1, " "1, " "1, " "1, " "1, " "1, " "1, " "1, " "1, " "1, " "1, " "1, " "1, " "1, " "1, " "1, " "1, " "1, " "1, " "1, " "1, " "1, " "1, " "1, " "1, " "1, " "1, " "1, " "1, " "1, " "1, " "1, " "1, " "1, " "1, " "1, " "1, " "1, " "1, " "1, " "1, " "1, " "1, " "1, " "1, " "1, " "1, " "1, " "1, " "1, " "1, " "1, " "1, " "1, " "1, " "1, " "1, " "1, " "1, " "1, " "1, " "1, " "1, " "1, " "1, " "1, " "1, " "1, " "1, " "1, " "1, " "1, " "1, " "1, " "1, " "1, " "1, " "1, " "1, " "1, " "1, " "1, " "1, " "1, " "1, " "1, " "1, " "1, " "1, " "1, " "1, " "1, " "1, " "1, " "1, " "1, " "1, " "1, " "1, " "1, " "1, " "1, " "1, " "1, " "1, " "1, " "1, " "1, " "1, " "1, " "1, " "1, " "1, " "1, " "1, " "1, " "1, " "1, " "1, " "1, " "1, " "1, " "1, " "1, " "1, " "1, " "1, " "1, " "1, " "1, " "1, " "1, " "1, " "1, " "1, " "1, " "1, " "1, " "1, " "1, " "1, " "1, " "1, " "1, " "1, " "1, " "1, " "1, " "1, " "1, " "1, " "1, " "1, " "1, " "1, " "1, " "1, " "1, " "1, " "1, " "1, " "1, " "1, " "1, " "1, " "1, " "1, " "1, " "1, " "1, " "1, " "1, " "1, " "1, " "1, " "1, " "1, " "1, " "1, " "1, " "1, " "1, " "1, " "1, " "1, " "1, " "1, " "1, " "1, " "1, " "1, " "1, " "1, " "1, " "1, " "1, " "1, " "1, " "1, " "1, " "1, " "1, " "1, " "1, " "1, " "1, " "1, " "1, " "1, " "1, " "1, " "1, " "1, " "1, " "1, " "1, " "1, " "1, " "1, " "1, " "1, " "1, " "1, " "1, " "1, " "1, " "1, " "1, " "1, " "1, " "1, " "1, " "1, " "1, " "1, " "1, " "1, " "1, " "1, " "1, " "1, " "1, " "1, " "1, " "1, " "1, " "1, " "1, " "1, " "1, " "1, " "1, " "1, " "1, " "1, " "1, " "1, " "1, " "1, " "1, " "1, " "1, " "1, " "1, " "1, " "1, " "1, " "1, " "1, " "1, " "1, " "1, " "1, " "1, " "1, " "1, " "1, " "1, " "1, " "1, " "1, " "1, " "1, " "1, " "1, " "1, " "1, " "1, " "1, " "1, " "1, " "1, " "1, " "1, " "1, " "1, " "1, " "1, " "1, " "1, " "1, " "1, " "1, " "1, " "1, " "1, " "1, " "1, " "1, " "1, " "1, " "1, " "1, " "1, " "1, " "1, " "1, " "1, " "1, " "1, " "1, " "1, " "1, " "1, " "1, " "1, " "1, " "1, " "1, " "1, " "1, " "1, " "1, " "1, " "1, " "1, " "1, " "1, " "1, " "1, " "1, " "1, " "1, " "1, " "1, " "1, " "1, " "1, " "1, " "1, " "1, " "1, " "1, " "1, " "1, " "1, " "1, " "1, " "1, " "1, " "1, " "1, " "1, " "1, " "1, " "1, " "1, " "1, " "1, " "1, " "1, " "1, " "1, " "1, " "1, " "1, " "1, " "1, " "1, " "1, " "1, " "1, " "1, " "1, " "1, " "1, " "1, " "1, " "1, " "1, " "1, " "1, " "1, " "1, " "1, " "1, " "1, " "1, " "1, " "1, " "1, " "1, " "1, " "1, " "1, " "1, " "1, " "1, " "1, " "1, " "1, " "1, " "1, " "1, " "1, " "1, " "1, " "1, " "1, " "1, " "1, " "1, " "1, " "1, " "1, " "1, " "1, " "1, " "1, " "1, " "1, " "1, " "1, " "1, " "1, " "1, " "1, " "1, " "1, " "1, " "1, " "1, " "1, " "1, " "1, " "1, " "1, " "1, " "1, " "1, " "1, " "1, " "1, " "1, " "1, " "1, " "1, " "1, " "1, " "1, " "1, " "1, " "1, " "1, " "1, " "1, " "1, " "1, " "1, " "1, " "1, " "1, " "1, " "1, " "1, " "1, " "1, "0
 "Nei33, 0.03, " "0.337, " "1, " "1, " "1, " "1, " "1, " "1, " "1, " "1, " "1, " "1, " "1, " "1, " "1, " "1, " "1, " "1, " "1, " "1, " "1, " "1, " "1, " "1, " "1, " "1, " "1, " "1, " "1, " "1, " "1, " "1, " "1, " "1, " "1, " "0, " "1, " "1, " "1, " "1, " "1, " "1, " "1, " "1, " "1, " "1, " "1, " "1, " "1, " "1, " "1, " "1, " "1, " "1, " "1, " "1, " "1, " "1, " "1, " "1, " "1, " "1, " "1, " "1, " "1, " "1, " "1, " "1, " "1, " "1, " "1, " "1, " "1, " "1, " "1, " "1, " "1, " "1, " "1, " "1, " "1, " "1, " "1, " "1, " "1, " "1, " "1, " "1, " "1, " "1, " "1, " "1, " "1, " "1, " "1, " "1, " "1, " "1, " "1, " "1, " "1, " "1, " "1, " "1, " "1, " "1, " "1, " "1, " "1, " "1, " "1, " "1, " "1, " "1, " "1, " "1, " "1, " "1, " "1, " "1, " "1, " "1, " "1, " "1, " "1, " "1, " "1, " "1, " "1, " "1, " "1, " "1, " "1, " "1, " "1, " "1, " "1, " "1, " "1, " "1, " "1, " "1, " "1, " "1, " "1, " "1, " "1, " "1, " "1, " "1, " "1, " "1, " "1, " "1, " "1, " "1, " "1, " "1, " "1, " "1, " "1, " "1, " "1, " "1, " "1, " "1, " "1, " "1, " "1, " "1, " "1, " "1, " "1, " "1, " "1, " "1, " "1, " "1, " "1, " "1, " "1, " "1, " "1, " "1, " "1, " "1, " "1, " "1, " "1, " "1, " "1, " "1, " "1, " "1, " "1, " "1, " "1, " "1, " "1, " "1, " "1, " "1, " "1, " "1, " "1, " "1, " "1, " "1, " "1, " "1, " "1, " "1, " "1, " "1, " "1, " "1, " "1, " "1, " "1, " "1, " "1, " "1, " "1, " "1, " "1, " "1, " "1, " "1, " "1, " "1, " "1, " "1, " "1, " "1, " "1, " "1, " "1, " "1, " "1, " "1, " "1, " "1, " "1, " "1, " "1, " "1, " "1, " "1, " "1, " "1, " "1, " "1, " "1, " "1, " "1, " "1, " "1, " "1, " "1, " "1, " "1, " "1, " "1, " "1, " "1, " "1, " "1, " "1, " "1, " "1, " "1, " "1, " "1, " "1, " "1, " "1, " "1, " "1, " "1, " "1, " "1, " "1, " "1, " "1, " "1, " "1, " "1, " "1, " "1, " "1, " "1, " "1, " "1, " "1, " "1, " "1, " "1, " "1, " "1, " "1, " "1, " "1, " "1, " "1, " "1, " "1, " "1, " "1, " "1, " "1, " "1, " "1, " "1, " "1, " "1, " "1, " "1, " "1, " "1, " "1, " "1, " "1, " "1, " "1, " "1, " "1, " "1, " "1, " "1, " "1, " "1, " "1, " "1, " "1, " "1, " "1, " "1, " "1, " "1, " "1, " "1, " "1, " "1, " "1, " "1, " "1, " "1, " "1, " "1, " "1, " "1, " "1, " "1, " "1, " "1, " "1, " "1, " "1, " "1, " "1, " "1, " "1, " "1, " "1, " "1, " "1, " "1, " "1, " "1, " "1, " "1, " "1, " "1, " "1, " "1, " "1, " "1, " "1, " "1, " "1, " "1, " "1, " "1, " "1, " "1, " "1, " "1, " "1, " "1, " "1, " "1, " "1, " "1, " "1, " "1, " "1, " "1, " "1, " "1, " "1, " "1, " "1, " "1, " "1, " "1, " "1, " "1, " "1, " "1, " "1, " "1, " "1, " "1, " "1, " "1, " "1, " "1, " "1, " "1, " "1, " "1, " "1, " "1, " "1, " "1, " "1, " "1, " "1, " "1, " "1, " "1, " "1, " "1, " "1, " "1, " "1, " "1, " "1, " "1, " "1, " "1, " "1, " "1, " "1, " "1, " "1, " "1, " "1, " "1, " "1, " "1, " "1, " "1, " "1, " "1, " "1, " "1, " "1, " "1, " "1, " "1, " "1, " "1, " "1, " "1, " "1, " "1, " "1, " "1, " "1, " "1, " "1, " "1, " "1, " "1, " "1, " "1, " "1, " "1, " "1, " "1, " "1, " "1, " "1, " "1, " "1, " "1, " "1, " "1, " "1, " "1, " "1, " "1, " "1, " "1, " "1, " "1, " "1, " "1, " "1, " "1, " "1, " "1, " "1, " "1, " "1, " "1, " "1, " "1, " "1, " "1, " "1, " "1, " "1, " "1, "0
 "Nei34, 0.038, " "0.29, " "1, " "1, " "1, " "1, " "1, " "1, " "1, " "1, " "1, " "1, " "1, " "1, " "1, " "1, " "1, " "1, " "1, " "1, " "1, " "1, " "1, " "1, " "1, " "1, " "1, " "1, " "1, " "1, " "1, " "1, " "1, " "1, " "1, " "1, " "0, " "1, " "1, " "1, " "1, " "1, " "1, " "1, " "1, " "1, " "1, " "1, " "1, " "1, " "1, " "1, " "1, " "1, " "1, " "1, " "1, " "1, " "1, " "1, " "1, " "1, " "1, " "1, " "1, " "1, " "1, " "1, " "1, " "1, " "1, " "1, " "1, " "1, " "1, " "1, " "1, " "1, " "1, " "1, " "1, " "1, " "1, " "1, " "1, " "1, " "1, " "1, " "1, " "1, " "1, " "1, " "1, " "1, " "1, " "1, " "1, " "1, " "1, " "1, " "1, " "1, " "1, " "1, " "1, " "1, " "1, " "1, " "1, " "1, " "1, " "1, " "1, " "1, " "1, " "1, " "1, " "1, " "1, " "1, " "1, " "1, " "1, " "1, " "1, " "1, " "1, " "1, " "1, " "1, " "1, " "1, " "1, " "1, " "1, " "1, " "1, " "1, " "1, " "1, " "1, " "1, " "1, " "1, " "1, " "1, " "1, " "1, " "1, " "1, " "1, " "1, " "1, " "1, " "1, " "1, " "1, " "1, " "1, " "1, " "1, " "1, " "1, " "1, " "1, " "1, " "1, " "1, " "1, " "1, " "1, " "1, " "1, " "1, " "1, " "1, " "1, " "1, " "1, " "1, " "1, " "1, " "1, " "1, " "1, " "1, " "1, " "1, " "1, " "1, " "1, " "1, " "1, " "1, " "1, " "1, " "1, " "1, " "1, " "1, " "1, " "1, " "1, " "1, " "1, " "1, " "1, " "1, " "1, " "1, " "1, " "1, " "1, " "1, " "1, " "1, " "1, " "1, " "1, " "1, " "1, " "1, " "1, " "1, " "1, " "1, " "1, " "1, " "1, " "1, " "1, " "1, " "1, " "1, " "1, " "1, " "1, " "1, " "1, " "1, " "1, " "1, " "1, " "1, " "1, " "1, " "1, " "1, " "1, " "1, " "1, " "1, " "1, " "1, " "1, " "1, " "1, " "1, " "1, " "1, " "1, " "1, " "1, " "1, " "1, " "1, " "1, " "1, " "1, " "1, " "1, " "1, " "1, " "1, " "1, " "1, " "1, " "1, " "1, " "1, " "1, " "1, " "1, " "1, " "1, " "1, " "1, " "1, " "1, " "1, " "1, " "1, " "1, " "1, " "1, " "1, " "1, " "1, " "1, " "1, " "1, " "1, " "1, " "1, " "1, " "1, " "1, " "1, " "1, " "1, " "1, " "1, " "1, " "1, " "1, " "1, " "1, " "1, " "1, " "1, " "1, " "1, " "1, " "1, " "1, " "1, " "1, " "1, " "1, " "1, " "1, " "1, " "1, " "1, " "1, " "1, " "1, " "1, " "1, " "1, " "1, " "1, " "1, " "1, " "1, " "1, " "1, " "1, " "1, " "1, " "1, " "1, " "1, " "1, " "1, " "1, " "1, " "1, " "1, " "1, " "1, " "1, " "1, " "1, " "1, " "1, " "1, " "1, " "1, " "1, " "1, " "1, " "1, " "1, " "1, " "1, " "1, " "1, " "1, " "1, " "1, " "1, " "1, " "1, " "1, " "1, " "1, " "1, " "1, " "1, " "1, " "1, " "1, " "1, " "1, " "1, " "1, " "1, " "1, " "1, " "1, " "1, " "1, " "1, " "1, " "1, " "1, " "1, " "1, " "1, " "1, " "1, " "1, " "1, " "1, " "1, " "1, " "1, " "1, " "1, " "1, " "1, " "1, " "1, " "1, " "1, " "1, " "1, " "1, " "1, " "1, " "1, " "1, " "1, " "1, " "1, " "1, " "1, " "1, " "1, " "1, " "1, " "1, " "1, " "1, " "1, " "1, " "1, " "1, " "1, " "1, " "1, " "1, " "1, " "1, " "1, " "1, " "1, " "1, " "1, " "1, " "1, " "1, " "1, " "1, " "1, " "1, " "1, " "1, " "1, " "1, " "1, " "1, " "1, " "1, " "1, " "1, " "1, " "1, " "1, " "1, " "1, " "1, " "1, " "1, " "1, " "1, " "1, " "1, " "1, " "1, " "1, " "1, " "1, " "1, " "1, " "1, " "1, " "1, " "1, " "1, " "1, " "1, " "1, " "1, " "1, " "1, " "1, " "1, " "1, " "1, " "1, " "1, " "1, " "1, "0
 "Nei35, 0.224, " "0.877, " "1, " "1, " "1, " "1, " "1, " "1, " "1, " "1, " "1, " "1, " "1, " "1, " "1, " "1, " "1, " "1, " "1, " "1, " "1, " "1, " "1, " "1, " "1, " "1, " "1, " "1, " "1, " "1, " "1, " "1, " "1, " "1, " "1, " "1, " "1, " "0, " "1, " "1, " "1, " "1, " "1, " "1, " "1, " "1, " "1, " "1, " "1, " "1, " "1, " "1, " "1, " "1, " "1, " "1, " "1, " "1, " "1, " "1, " "1, " "1, " "1, " "1, " "1, " "1, " "1, " "1, " "1, " "1, " "1, " "1, " "1, " "1, " "1, " "1, " "1, " "1, " "1, " "1, " "1, " "1, " "1, " "1, " "1, " "1, " "1, " "1, " "1, " "1, " "1, " "1, " "1, " "1, " "1, " "1, " "1, " "1, " "1, " "1, " "1, " "1, " "1, " "1, " "1, " "1, " "1, " "1, " "1, " "1, " "1, " "1, " "1, " "1, " "1, " "1, " "1, " "1, " "1, " "1, " "1, " "1, " "1, " "1, " "1, " "1, " "1, " "1, " "1, " "1, " "1, " "1, " "1, " "1, " "1, " "1, " "1, " "1, " "1, " "1, " "1, " "1, " "1, " "1, " "1, " "1, " "1, " "1, " "1, " "1, " "1, " "1, " "1, " "1, " "1, " "1, " "1, " "1, " "1, " "1, " "1, " "1, " "1, " "1, " "1, " "1, " "1, " "1, " "1, " "1, " "1, " "1, " "1, " "1, " "1, " "1, " "1, " "1, " "1, " "1, " "1, " "1, " "1, " "1, " "1, " "1, " "1, " "1, " "1, " "1, " "1, " "1, " "1, " "1, " "1, " "1, " "1, " "1, " "1, " "1, " "1, " "1, " "1, " "1, " "1, " "1, " "1, " "1, " "1, " "1, " "1, " "1, " "1, " "1, " "1, " "1, " "1, " "1, " "1, " "1, " "1, " "1, " "1, " "1, " "1, " "1, " "1, " "1, " "1, " "1, " "1, " "1, " "1, " "1, " "1, " "1, " "1, " "1, " "1, " "1, " "1, " "1, " "1, " "1, " "1, " "1, " "1, " "1, " "1, " "1, " "1, " "1, " "1, " "1, " "1, " "1, " "1, " "1, " "1, " "1, " "1, " "1, " "1, " "1, " "1, " "1, " "1, " "1, " "1, " "1, " "1, " "1, " "1, " "1, " "1, " "1, " "1, " "1, " "1, " "1, " "1, " "1, " "1, " "1, " "1, " "1, " "1, " "1, " "1, " "1, " "1, " "1, " "1, " "1, " "1, " "1, " "1, " "1, " "1, " "1, " "1, " "1, " "1, " "1, " "1, " "1, " "1, " "1, " "1, " "1, " "1, " "1, " "1, " "1, " "1, " "1, " "1, " "1, " "1, " "1, " "1, " "1, " "1, " "1, " "1, " "1, " "1, " "1, " "1, " "1, " "1, " "1, " "1, " "1, " "1, " "1, " "1, " "1, " "1, " "1, " "1, " "1, " "1, " "1, " "1, " "1, " "1, " "1, " "1, " "1, " "1, " "1, " "1, " "1, " "1, " "1, " "1, " "1, " "1, " "1, " "1, " "1, " "1, " "1, " "1, " "1, " "1, " "1, " "1, " "1, " "1, " "1, " "1, " "1, " "1, " "1, " "1, " "1, " "1, " "1, " "1, " "1, " "1, " "1, " "1, " "1, " "1, " "1, " "1, " "1, " "1, " "1, " "1, " "1, " "1, " "1, " "1, " "1, " "1, " "1, " "1, " "1, " "1, " "1, " "1, " "1, " "1, " "1, " "1, " "1, " "1, " "1, " "1, " "1, " "1, " "1, " "1, " "1, " "1, " "1, " "1, " "1, " "1, " "1, " "1, " "1, " "1, " "1, " "1, " "1, " "1, " "1, " "1, " "1, " "1, " "1, " "1, " "1, " "1, " "1, " "1, " "1, " "1, " "1, " "1, " "1, " "1, " "1, " "1, " "1, " "1, " "1, " "1, " "1, " "1, " "1, " "1, " "1, " "1, " "1, " "1, " "1, " "1, " "1, " "1, " "1, " "1, " "1, " "1, " "1, " "1, " "1, " "1, " "1, " "1, " "1, " "1, " "1, " "1, " "1, " "1, " "1, " "1, " "1, " "1, " "1, " "1, " "1, " "1, " "1, " "1, " "1, " "1, " "1, " "1, " "1, " "1, " "1, " "1, " "1, " "1, " "1, " "1, " "1, " "1, " "1, " "1, " "1, " "1, " "1, " "1, " "1, " "1, " "1, " "1, "0
 "Nei36, 0.24, " "-0.307, " "1, " "1, " "1, " "1, " "1, " "1, " "1, " "1, " "1, " "1, " "1, " "1, " "1, " "1, " "1, " "1, " "1, " "1, " "1, " "1, " "1, " "1, " "1, " "1, " "1, " "1, " "1, " "1, " "1, " "1, " "1, " "1, " "1, " "1, " "1, " "1, " "0, " "1, " "1, " "1, " "1, " "1, " "1, " "1, " "1, " "1, " "1, " "1, " "1, " "1, " "1, " "1, " "1, " "1, " "1, " "1, " "1, " "1, " "1, " "1, " "1, " "1, " "1, " "1, " "1, " "1, " "1, " "1, " "1, " "1, " "1, " "1, " "1, " "1, " "1, " "1, " "1, " "1, " "1, " "1, " "1, " "1, " "1, " "1, " "1, " "1, " "1, " "1, " "1, " "1, " "1, " "1, " "1, " "1, " "1, " "1, " "1, " "1, " "1, " "1, " "1, " "1, " "1, " "1, " "1, " "1, " "1, " "1, " "1, " "1, " "1, " "1, " "1, " "1, " "1, " "1, " "1, " "1, " "1, " "1, " "1, " "1, " "1, " "1, " "1, " "1, " "1, " "1, " "1, " "1, " "1, " "1, " "1, " "1, " "1, " "1, " "1, " "1, " "1, " "1, " "1, " "1, " "1, " "1, " "1, " "1, " "1, " "1, " "1, " "1, " "1, " "1, " "1, " "1, " "1, " "1, " "1, " "1, " "1, " "1, " "1, " "1, " "1, " "1, " "1, " "1, " "1, " "1, " "1, " "1, " "1, " "1, " "1, " "1, " "1, " "1, " "1, " "1, " "1, " "1, " "1, " "1, " "1, " "1, " "1, " "1, " "1, " "1, " "1, " "1, " "1, " "1, " "1, " "1, " "1, " "1, " "1, " "1, " "1, " "1, " "1, " "1, " "1, " "1, " "1, " "1, " "1, " "1, " "1, " "1, " "1, " "1, " "1, " "1, " "1, " "1, " "1, " "1, " "1, " "1, " "1, " "1, " "1, " "1, " "1, " "1, " "1, " "1, " "1, " "1, " "1, " "1, " "1, " "1, " "1, " "1, " "1, " "1, " "1, " "1, " "1, " "1, " "1, " "1, " "1, " "1, " "1, " "1, " "1, " "1, " "1, " "1, " "1, " "1, " "1, " "1, " "1, " "1, " "1, " "1, " "1, " "1, " "1, " "1, " "1, " "1, " "1, " "1, " "1, " "1, " "1, " "1, " "1, " "1, " "1, " "1, " "1, " "1, " "1, " "1, " "1, " "1, " "1, " "1, " "1, " "1, " "1, " "1, " "1, " "1, " "1, " "1, " "1, " "1, " "1, " "1, " "1, " "1, " "1, " "1, " "1, " "1, " "1, " "1, " "1, " "1, " "1, " "1, " "1, " "1, " "1, " "1, " "1, " "1, " "1, " "1, " "1, " "1, " "1, " "1, " "1, " "1, " "1, " "1, " "1, " "1, " "1, " "1, " "1, " "1, " "1, " "1, " "1, " "1, " "1, " "1, " "1, " "1, " "1, " "1, " "1, " "1, " "1, " "1, " "1, " "1, " "1, " "1, " "1, " "1, " "1, " "1, " "1, " "1, " "1, " "1, " "1, " "1, " "1, " "1, " "1, " "1, " "1, " "1, " "1, " "1, " "1, " "1, " "1, " "1, " "1, " "1, " "1, " "1, " "1, " "1, " "1, " "1, " "1, " "1, " "1, " "1, " "1, " "1, " "1, " "1, " "1, " "1, " "1, " "1, " "1, " "1, " "1, " "1, " "1, " "1, " "1, " "1, " "1, " "1, " "1, " "1, " "1, " "1, " "1, " "1, " "1, " "1, " "1, " "1, " "1, " "1, " "1, " "1, " "1, " "1, " "1, " "1, " "1, " "1, " "1, " "1, " "1, " "1, " "1, " "1, " "1, " "1, " "1, " "1, " "1, " "1, " "1, " "1, " "1, " "1, " "1, " "1, " "1, " "1, " "1, " "1, " "1, " "1, " "1, " "1, " "1, " "1, " "1, " "1, " "1, " "1, " "1, " "1, " "1, " "1, " "1, " "1, " "1, " "1, " "1, " "1, " "1, " "1, " "1, " "1, " "1, " "1, " "1, " "1, " "1, " "1, " "1, " "1, " "1, " "1, " "1, " "1, " "1, " "1, " "1, " "1, " "1, " "1, " "1, " "1, " "1, " "1, " "1, " "1, " "1, " "1, " "1, " "1, " "1, " "1, " "1, " "1, " "1, " "1, " "1, " "1, " "1, " "1, " "1, " "1, " "1, " "1, " "1, " "1, " "1, " "1, " "1, "0
 "Nei37, 0.312, " "0.742, " "1, " "1, " "1, " "1, " "1, " "1, " "1, " "1, " "1, " "1, " "1, " "1, " "1, " "1, " "1, " "1, " "1, " "1, " "1, " "1, " "1, " "1, " "1, " "1, " "1, " "1, " "1, " "1, " "1, " "1, " "1, " "1, " "1, " "1, " "1, " "1, " "1, " "0, " "1, " "1, " "1, " "1, " "1, " "1, " "1, " "1, " "1, " "1, " "1, " "1, " "1, " "1, " "1, " "1, " "1, " "1, " "1, " "1, " "1, " "1, " "1, " "1, " "1, " "1, " "1, " "1, " "1, " "1, " "1, " "1, " "1, " "1, " "1, " "1, " "1, " "1, " "1, " "1, " "1, " "1, " "1, " "1, " "1, " "1, " "1, " "1, " "1, " "1, " "1, " "1, " "1, " "1, " "1, " "1, " "1, " "1, " "1, " "1, " "1, " "1, " "1, " "1, " "1, " "1, " "1, " "1, " "1, " "1, " "1, " "1, " "1, " "1, " "1, " "1, " "1, " "1, " "1, " "1, " "1, " "1, " "1, " "1, " "1, " "1, " "1, " "1, " "1, " "1, " "1, " "1, " "1, " "1, " "1, " "1, " "1, " "1, " "1, " "1, " "1, " "1, " "1, " "1, " "1, " "1, " "1, " "1, " "1, " "1, " "1, " "1, " "1, " "1, " "1, " "1, " "1, " "1, " "1, " "1, " "1, " "1, " "1, " "1, " "1, " "1, " "1, " "1, " "1, " "1, " "1, " "1, " "1, " "1, " "1, " "1, " "1, " "1, " "1, " "1, " "1, " "1, " "1, " "1, " "1, " "1, " "1, " "1, " "1, " "1, " "1, " "1, " "1, " "1, " "1, " "1, " "1, " "1, " "1, " "1, " "1, " "1, " "1, " "1, " "1, " "1, " "1, " "1, " "1, " "1, " "1, " "1, " "1, " "1, " "1, " "1, " "1, " "1, " "1, " "1, " "1, " "1, " "1, " "1, " "1, " "1, " "1, " "1, " "1, " "1, " "1, " "1, " "1, " "1, " "1, " "1, " "1, " "1, " "1, " "1, " "1, " "1, " "1, " "1, " "1, " "1, " "1, " "1, " "1, " "1, " "1, " "1, " "1, " "1, " "1, " "1, " "1, " "1, " "1, " "1, " "1, " "1, " "1, " "1, " "1, " "1, " "1, " "1, " "1, " "1, " "1, " "1, " "1, " "1, " "1, " "1, " "1, " "1, " "1, " "1, " "1, " "1, " "1, " "1, " "1, " "1, " "1, " "1, " "1, " "1, " "1, " "1, " "1, " "1, " "1, " "1, " "1, " "1, " "1, " "1, " "1, " "1, " "1, " "1, " "1, " "1, " "1, " "1, " "1, " "1, " "1, " "1, " "1, " "1, " "1, " "1, " "1, " "1, " "1, " "1, " "1, " "1, " "1, " "1, " "1, " "1, " "1, " "1, " "1, " "1, " "1, " "1, " "1, " "1, " "1, " "1, " "1, " "1, " "1, " "1, " "1, " "1, " "1, " "1, " "1, " "1, " "1, " "1, " "1, " "1, " "1, " "1, " "1, " "1, " "1, " "1, " "1, " "1, " "1, " "1, " "1, " "1, " "1, " "1, " "1, " "1, " "1, " "1, " "1, " "1, " "1, " "1, " "1, " "1, " "1, " "1, " "1, " "1, " "1, " "1, " "1, " "1, " "1, " "1, " "1, " "1, " "1, " "1, " "1, " "1, " "1, " "1, " "1, " "1, " "1, " "1, " "1, " "1, " "1, " "1, " "1, " "1, " "1, " "1, " "1, " "1, " "1, " "1, " "1, " "1, " "1, " "1, " "1, " "1, " "1, " "1, " "1, " "1, " "1, " "1, " "1, " "1, " "1, " "1, " "1, " "1, " "1, " "1, " "1, " "1, " "1, " "1, " "1, " "1, " "1, " "1, " "1, " "1, " "1, " "1, " "1, " "1, " "1, " "1, " "1, " "1, " "1, " "1, " "1, " "1, " "1, " "1, " "1, " "1, " "1, " "1, " "1, " "1, " "1, " "1, " "1, " "1, " "1, " "1, " "1, " "1, " "1, " "1, " "1, " "1, " "1, " "1, " "1, " "1, " "1, " "1, " "1, " "1, " "1, " "1, " "1, " "1, " "1, " "1, " "1, " "1, " "1, " "1, " "1, " "1, " "1, " "1, " "1, " "1, " "1, " "1, " "1, " "1, " "1, " "1, " "1, " "1, " "1, " "1, " "1, " "1, " "1, " "1, " "1, " "1, " "1, " "1, " "1, " "1, " "1, "0
 "Nei38, 0.119, " "-0.889, " "1, " "1, " "1, " "1, " "1, " "1, " "1, " "1, " "1, " "1, " "1, " "1, " "1, " "1, " "1, " "1, " "1, " "1, " "1, " "1, " "1, " "1, " "1, " "1, " "1, " "1, " "1, " "1, " "1, " "1, " "1, " "1, " "1, " "1, " "1, " "1, " "1, " "1, " "0, " "1, " "1, " "1, " "1, " "1, " "1, " "1, " "1, " "1, " "1, " "1, " "1, " "1, " "1, " "1, " "1, " "1, " "1, " "1, " "1, " "1, " "1, " "1, " "1, " "1, " "1, " "1, " "1, " "1, " "1, " "1, " "1, " "1, " "1, " "1, " "1, " "1, " "1, " "1, " "1, " "1, " "1, " "1, " "1, " "1, " "1, " "1, " "1, " "1, " "1, " "1, " "1, " "1, " "1, " "1, " "1, " "1, " "1, " "1, " "1, " "1, " "1, " "1, " "1, " "1, " "1, " "1, " "1, " "1, " "1, " "1, " "1, " "1, " "1, " "1, " "1, " "1, " "1, " "1, " "1, " "1, " "1, " "1, " "1, " "1, " "1, " "1, " "1, " "1, " "1, " "1, " "1, " "1, " "1, " "1, " "1, " "1, " "1, " "1, " "1, " "1, " "1, " "1, " "1, " "1, " "1, " "1, " "1, " "1, " "1, " "1, " "1, " "1, " "1, " "1, " "1, " "1, " "1, " "1, " "1, " "1, " "1, " "1, " "1, " "1, " "1, " "1, " "1, " "1, " "1, " "1, " "1, " "1, " "1, " "1, " "1, " "1, " "1, " "1, " "1, " "1, " "1, " "1, " "1, " "1, " "1, " "1, " "1, " "1, " "1, " "1, " "1, " "1, " "1, " "1, " "1, " "1, " "1, " "1, " "1, " "1, " "1, " "1, " "1, " "1, " "1, " "1, " "1, " "1, " "1, " "1, " "1, " "1, " "1, " "1, " "1, " "1, " "1, " "1, " "1, " "1, " "1, " "1, " "1, " "1, " "1, " "1, " "1, " "1, " "1, " "1, " "1, " "1, " "1, " "1, " "1, " "1, " "1, " "1, " "1, " "1, " "1, " "1, " "1, " "1, " "1, " "1, " "1, " "1, " "1, " "1, " "1, " "1, " "1, " "1, " "1, " "1, " "1, " "1, " "1, " "1, " "1, " "1, " "1, " "1, " "1, " "1, " "1, " "1, " "1, " "1, " "1, " "1, " "1, " "1, " "1, " "1, " "1, " "1, " "1, " "1, " "1, " "1, " "1, " "1, " "1, " "1, " "1, " "1, " "1, " "1, " "1, " "1, " "1, " "1, " "1, " "1, " "1, " "1, " "1, " "1, " "1, " "1, " "1, " "1, " "1, " "1, " "1, " "1, " "1, " "1, " "1, " "1, " "1, " "1, " "1, " "1, " "1, " "1, " "1, " "1, " "1, " "1, " "1, " "1, " "1, " "1, " "1, " "1, " "1, " "1, " "1, " "1, " "1, " "1, " "1, " "1, " "1, " "1, " "1, " "1, " "1, " "1, " "1, " "1, " "1, " "1, " "1, " "1, " "1, " "1, " "1, " "1, " "1, " "1, " "1, " "1, " "1, " "1, " "1, " "1, " "1, " "1, " "1, " "1, " "1, " "1, " "1, " "1, " "1, " "1, " "1, " "1, " "1, " "1, " "1, " "1, " "1, " "1, " "1, " "1, " "1, " "1, " "1, " "1, " "1, " "1, " "1, " "1, " "1, " "1, " "1, " "1, " "1, " "1, " "1, " "1, " "1, " "1, " "1, " "1, " "1, " "1, " "1, " "1, " "1, " "1, " "1, " "1, " "1, " "1, " "1, " "1, " "1, " "1, " "1, " "1, " "1, " "1, " "1, " "1, " "1, " "1, " "1, " "1, " "1, " "1, " "1, " "1, " "1, " "1, " "1, " "1, " "1, " "1, " "1, " "1, " "1, " "1, " "1, " "1, " "1, " "1, " "1, " "1, " "1, " "1, " "1, " "1, " "1, " "1, " "1, " "1, " "1, " "1, " "1, " "1, " "1, " "1, " "1, " "1, " "1, " "1, " "1, " "1, " "1, " "1, " "1, " "1, " "1, " "1, " "1, " "1, " "1, " "1, " "1, " "1, " "1, " "1, " "1, " "1, " "1, " "1, " "1, " "1, " "1, " "1, " "1, " "1, " "1, " "1, " "1, " "1, " "1, " "1, " "1, " "1, " "1, " "1, " "1, " "1, " "1, " "1, " "1, " "1, " "1, " "1, " "1, " "1, " "1, " "1, " "1, " "1, " "1, "0
 "Nei39, 0.387, " "-0.307, " "1, " "1, " "1, " "1, " "1, " "1, " "1, " "1, " "1, " "1, " "1, " "1, " "1, " "1, " "1, " "1, " "1, " "1, " "1, " "1, " "1, " "1, " "1, " "1, " "1, " "1, " "1, " "1, " "1, " "1, " "1, " "1, " "1, " "1, " "1, " "1, " "1, " "1, " "1, " "0, " "1, " "1, " "1, " "1, " "1, " "1, " "1, " "1, " "1, " "1, " "1, " "1, " "1, " "1, " "1, " "1, " "1, " "1, " "1, " "1, " "1, " "1, " "1, " "1, " "1, " "1, " "1, " "1, " "1, " "1, " "1, " "1, " "1, " "1, " "1, " "1, " "1, " "1, " "1, " "1, " "1, " "1, " "1, " "1, " "1, " "1, " "1, " "1, " "1, " "1, " "1, " "1, " "1, " "1, " "1, " "1, " "1, " "1, " "1, " "1, " "1, " "1, " "1, " "1, " "1, " "1, " "1, " "1, " "1, " "1, " "1, " "1, " "1, " "1, " "1, " "1, " "1, " "1, " "1, " "1, " "1, " "1, " "1, " "1, " "1, " "1, " "1, " "1, " "1, " "1, " "1, " "1, " "1, " "1, " "1, " "1, " "1, " "1, " "1, " "1, " "1, " "1, " "1, " "1, " "1, " "1, " "1, " "1, " "1, " "1, " "1, " "1, " "1, " "1, " "1, " "1, " "1, " "1, " "1, " "1, " "1, " "1, " "1, " "1, " "1, " "1, " "1, " "1, " "1, " "1, " "1, " "1, " "1, " "1, " "1, " "1, " "1, " "1, " "1, " "1, " "1, " "1, " "1, " "1, " "1, " "1, " "1, " "1, " "1, " "1, " "1, " "1, " "1, " "1, " "1, " "1, " "1, " "1, " "1, " "1, " "1, " "1, " "1, " "1, " "1, " "1, " "1, " "1, " "1, " "1, " "1, " "1, " "1, " "1, " "1, " "1, " "1, " "1, " "1, " "1, " "1, " "1, " "1, " "1, " "1, " "1, " "1, " "1, " "1, " "1, " "1, " "1, " "1, " "1, " "1, " "1, " "1, " "1, " "1, " "1, " "1, " "1, " "1, " "1, " "1, " "1, " "1, " "1, " "1, " "1, " "1, " "1, " "1, " "1, " "1, " "1, " "1, " "1, " "1, " "1, " "1, " "1, " "1, " "1, " "1, " "1, " "1, " "1, " "1, " "1, " "1, " "1, " "1, " "1, " "1, " "1, " "1, " "1, " "1, " "1, " "1, " "1, " "1, " "1, " "1, " "1, " "1, " "1, " "1, " "1, " "1, " "1, " "1, " "1, " "1, " "1, " "1, " "1, " "1, " "1, " "1, " "1, " "1, " "1, " "1, " "1, " "1, " "1, " "1, " "1, " "1, " "1, " "1, " "1, " "1, " "1, " "1, " "1, " "1, " "1, " "1, " "1, " "1, " "1, " "1, " "1, " "1, " "1, " "1, " "1, " "1, " "1, " "1, " "1, " "1, " "1, " "1, " "1, " "1, " "1, " "1, " "1, " "1, " "1, " "1, " "1, " "1, " "1, " "1, " "1, " "1, " "1, " "1, " "1, " "1, " "1, " "1, " "1, " "1, " "1, " "1, " "1, " "1, " "1, " "1, " "1, " "1, " "1, " "1, " "1, " "1, " "1, " "1, " "1, " "1, " "1, " "1, " "1, " "1, " "1, " "1, " "1, " "1, " "1, " "1, " "1, " "1, " "1, " "1, " "1, " "1, " "1, " "1, " "1, " "1, " "1, " "1, " "1, " "1, " "1, " "1, " "1, " "1, " "1, " "1, " "1, " "1, " "1, " "1, " "1, " "1, " "1, " "1, " "1, " "1, " "1, " "1, " "1, " "1, " "1, " "1, " "1, " "1, " "1, " "1, " "1, " "1, " "1, " "1, " "1, " "1, " "1, " "1, " "1, " "1, " "1, " "1, " "1, " "1, " "1, " "1, " "1, " "1, " "1, " "1, " "1, " "1, " "1, " "1, " "1, " "1, " "1, " "1, " "1, " "1, " "1, " "1, " "1, " "1, " "1, " "1, " "1, " "1, " "1, " "1, " "1, " "1, " "1, " "1, " "1, " "1, " "1, " "1, " "1, " "1, " "1, " "1, " "1, " "1, " "1, " "1, " "1, " "1, " "1, " "1, " "1, " "1, " "1, " "1, " "1, " "1, " "1, " "1, " "1, " "1, " "1, " "1, " "1, " "1, " "1, " "1, " "1, " "1, " "1, " "1, " "1, " "1, " "1, " "1, " "1, " "1, " "1, " "1, "0
 "Nei40, 0.019, " "-0.326, " "1, " "1, " "1, " "1, " "1, " "1, " "1, " "1, " "1, " "1, " "1, " "1, " "1, " "1, " "1, " "1, " "1, " "1, " "1, " "1, " "1, " "1, " "1, " "1, " "1, " "1, " "1, " "1, " "1, " "1, " "1, " "1, " "1, " "1, " "1, " "1, " "1, " "1, " "1, " "1, " "0, " "1, " "1, " "1, " "1, " "1, " "1, " "1, " "1, " "1, " "1, " "1, " "1, " "1, " "1, " "1, " "1, " "1, " "1, " "1, " "1, " "1, " "1, " "1, " "1, " "1, " "1, " "1, " "1, " "1, " "1, " "1, " "1, " "1, " "1, " "1, " "1, " "1, " "1, " "1, " "1, " "1, " "1, " "1, " "1, " "1, " "1, " "1, " "1, " "1, " "1, " "1, " "1, " "1, " "1, " "1, " "1, " "1, " "1, " "1, " "1, " "1, " "1, " "1, " "1, " "1, " "1, " "1, " "1, " "1, " "1, " "1, " "1, " "1, " "1, " "1, " "1, " "1, " "1, " "1, " "1, " "1, " "1, " "1, " "1, " "1, " "1, " "1, " "1, " "1, " "1, " "1, " "1, " "1, " "1, " "1, " "1, " "1, " "1, " "1, " "1, " "1, " "1, " "1, " "1, " "1, " "1, " "1, " "1, " "1, " "1, " "1, " "1, " "1, " "1, " "1, " "1, " "1, " "1, " "1, " "1, " "1, " "1, " "1, " "1, " "1, " "1, " "1, " "1, " "1, " "1, " "1, " "1, " "1, " "1, " "1, " "1, " "1, " "1, " "1, " "1, " "1, " "1, " "1, " "1, " "1, " "1, " "1, " "1, " "1, " "1, " "1, " "1, " "1, " "1, " "1, " "1, " "1, " "1, " "1, " "1, " "1, " "1, " "1, " "1, " "1, " "1, " "1, " "1, " "1, " "1, " "1, " "1, " "1, " "1, " "1, " "1, " "1, " "1, " "1, " "1, " "1, " "1, " "1, " "1, " "1, " "1, " "1, " "1, " "1, " "1, " "1, " "1, " "1, " "1, " "1, " "1, " "1, " "1, " "1, " "1, " "1, " "1, " "1, " "1, " "1, " "1, " "1, " "1, " "1, " "1, " "1, " "1, " "1, " "1, " "1, " "1, " "1, " "1, " "1, " "1, " "1, " "1, " "1, " "1, " "1, " "1, " "1, " "1, " "1, " "1, " "1, " "1, " "1, " "1, " "1, " "1, " "1, " "1, " "1, " "1, " "1, " "1, " "1, " "1, " "1, " "1, " "1, " "1, " "1, " "1, " "1, " "1, " "1, " "1, " "1, " "1, " "1, " "1, " "1, " "1, " "1, " "1, " "1, " "1, " "1, " "1, " "1, " "1, " "1, " "1, " "1, " "1, " "1, " "1, " "1, " "1, " "1, " "1, " "1, " "1, " "1, " "1, " "1, " "1, " "1, " "1, " "1, " "1, " "1, " "1, " "1, " "1, " "1, " "1, " "1, " "1, " "1, " "1, " "1, " "1, " "1, " "1, " "1, " "1, " "1, " "1, " "1, " "1, " "1, " "1, " "1, " "1, " "1, " "1, " "1, " "1, " "1, " "1, " "1, " "1, " "1, " "1, " "1, " "1, " "1, " "1, " "1, " "1, " "1, " "1, " "1, " "1, " "1, " "1, " "1, " "1, " "1, " "1, " "1, " "1, " "1, " "1, " "1, " "1, " "1, " "1, " "1, " "1, " "1, " "1, " "1, " "1, " "1, " "1, " "1, " "1, " "1, " "1, " "1, " "1, " "1, " "1, " "1, " "1, " "1, " "1, " "1, " "1, " "1, " "1, " "1, " "1, " "1, " "1, " "1, " "1, " "1, " "1, " "1, " "1, " "1, " "1, " "1, " "1, " "1, " "1, " "1, " "1, " "1, " "1, " "1, " "1, " "1, " "1, " "1, " "1, " "1, " "1, " "1, " "1, " "1, " "1, " "1, " "1, " "1, " "1, " "1, " "1, " "1, " "1, " "1, " "1, " "1, " "1, " "1, " "1, " "1, " "1, " "1, " "1, " "1, " "1, " "1, " "1, " "1, " "1, " "1, " "1, " "1, " "1, " "1, " "1, " "1, " "1, " "1, " "1, " "1, " "1, " "1, " "1, " "1, " "1, " "1, " "1, " "1, " "1, " "1, " "1, " "1, " "1, " "1, " "1, " "1, " "1, " "1, " "1, " "1, " "1, " "1, " "1, " "1, " "1, " "1, " "1, " "1, " "1, " "1, " "1, " "1, " "1, " "1, " "1, "0
 "Nei41, 0.142, " "0.795, " "1, " "1, " "1, " "1, " "1, " "1, " "1, " "1, " "1, " "1, " "1, " "1, " "1, " "1, " "1, " "1, " "1, " "1, " "1, " "1, " "1, " "1, " "1, " "1, " "1, " "1, " "1, " "1, " "1, " "1, " "1, " "1, " "1, " "1, " "1, " "1, " "1, " "1, " "1, " "1, " "1, " "0, " "1, " "1, " "1, " "1, " "1, " "1, " "1, " "1, " "1, " "1, " "1, " "1, " "1, " "1, " "1, " "1, " "1, " "1, " "1, " "1, " "1, " "1, " "1, " "1, " "1, " "1, " "1, " "1, " "1, " "1, " "1, " "1, " "1, " "1, " "1, " "1, " "1, " "1, " "1, " "1, " "1, " "1, " "1, " "1, " "1, " "1, " "1, " "1, " "1, " "1, " "1, " "1, " "1, " "1, " "1, " "1, " "1, " "1, " "1, " "1, " "1, " "1, " "1, " "1, " "1, " "1, " "1, " "1, " "1, " "1, " "1, " "1, " "1, " "1, " "1, " "1, " "1, " "1, " "1, " "1, " "1, " "1, " "1, " "1, " "1, " "1, " "1, " "1, " "1, " "1, " "1, " "1, " "1, " "1, " "1, " "1, " "1, " "1, " "1, " "1, " "1, " "1, " "1, " "1, " "1, " "1, " "1, " "1, " "1, " "1, " "1, " "1, " "1, " "1, " "1, " "1, " "1, " "1, " "1, " "1, " "1, " "1, " "1, " "1, " "1, " "1, " "1, " "1, " "1, " "1, " "1, " "1, " "1, " "1, " "1, " "1, " "1, " "1, " "1, " "1, " "1, " "1, " "1, " "1, " "1, " "1, " "1, " "1, " "1, " "1, " "1, " "1, " "1, " "1, " "1, " "1, " "1, " "1, " "1, " "1, " "1, " "1, " "1, " "1, " "1, " "1, " "1, " "1, " "1, " "1, " "1, " "1, " "1, " "1, " "1, " "1, " "1, " "1, " "1, " "1, " "1, " "1, " "1, " "1, " "1, " "1, " "1, " "1, " "1, " "1, " "1, " "1, " "1, " "1, " "1, " "1, " "1, " "1, " "1, " "1, " "1, " "1, " "1, " "1, " "1, " "1, " "1, " "1, " "1, " "1, " "1, " "1, " "1, " "1, " "1, " "1, " "1, " "1, " "1, " "1, " "1, " "1, " "1, " "1, " "1, " "1, " "1, " "1, " "1, " "1, " "1, " "1, " "1, " "1, " "1, " "1, " "1, " "1, " "1, " "1, " "1, " "1, " "1, " "1, " "1, " "1, " "1, " "1, " "1, " "1, " "1, " "1, " "1, " "1, " "1, " "1, " "1, " "1, " "1, " "1, " "1, " "1, " "1, " "1, " "1, " "1, " "1, " "1, " "1, " "1, " "1, " "1, " "1, " "1, " "1, " "1, " "1, " "1, " "1, " "1, " "1, " "1, " "1, " "1, " "1, " "1, " "1, " "1, " "1, " "1, " "1, " "1, " "1, " "1, " "1, " "1, " "1, " "1, " "1, " "1, " "1, " "1, " "1, " "1, " "1, " "1, " "1, " "1, " "1, " "1, " "1, " "1, " "1, " "1, " "1, " "1, " "1, " "1, " "1, " "1, " "1, " "1, " "1, " "1, " "1, " "1, " "1, " "1, " "1, " "1, " "1, " "1, " "1, " "1, " "1, " "1, " "1, " "1, " "1, " "1, " "1, " "1, " "1, " "1, " "1, " "1, " "1, " "1, " "1, " "1, " "1, " "1, " "1, " "1, " "1, " "1, " "1, " "1, " "1, " "1, " "1, " "1, " "1, " "1, " "1, " "1, " "1, " "1, " "1, " "1, " "1, " "1, " "1, " "1, " "1, " "1, " "1, " "1, " "1, " "1, " "1, " "1, " "1, " "1, " "1, " "1, " "1, " "1, " "1, " "1, " "1, " "1, " "1, " "1, " "1, " "1, " "1, " "1, " "1, " "1, " "1, " "1, " "1, " "1, " "1, " "1, " "1, " "1, " "1, " "1, " "1, " "1, " "1, " "1, " "1, " "1, " "1, " "1, " "1, " "1, " "1, " "1, " "1, " "1, " "1, " "1, " "1, " "1, " "1, " "1, " "1, " "1, " "1, " "1, " "1, " "1, " "1, " "1, " "1, " "1, " "1, " "1, " "1, " "1, " "1, " "1, " "1, " "1, " "1, " "1, " "1, " "1, " "1, " "1, " "1, " "1, " "1, " "1, " "1, " "1, " "1, " "1, " "1, " "1, " "1, " "1, " "1, " "1, " "1, " "1, " "1, "0
 "Nei42, 0.22, " "-0.395, " "1, " "1, " "1, " "1, " "1, " "1, " "1, " "1, " "1, " "1, " "1, " "1, " "1, " "1, " "1, " "1, " "1, " "1, " "1, " "1, " "1, " "1, " "1, " "1, " "1, " "1, " "1, " "1, " "1, " "1, " "1, " "1, " "1, " "1, " "1, " "1, " "1, " "1, " "1, " "1, " "1, " "1, " "0, " "1, " "1, " "1, " "1, " "1, " "1, " "1, " "1, " "1, " "1, " "1, " "1, " "1, " "1, " "1, " "1, " "1, " "1, " "1, " "1, " "1, " "1, " "1, " "1, " "1, " "1, " "1, " "1, " "1, " "1, " "1, " "1, " "1, " "1, " "1, " "1, " "1, " "1, " "1, " "1, " "1, " "1, " "1, " "1, " "1, " "1, " "1, " "1, " "1, " "1, " "1, " "1, " "1, " "1, " "1, " "1, " "1, " "1, " "1, " "1, " "1, " "1, " "1, " "1, " "1, " "1, " "1, " "1, " "1, " "1, " "1, " "1, " "1, " "1, " "1, " "1, " "1, " "1, " "1, " "1, " "1, " "1, " "1, " "1, " "1, " "1, " "1, " "1, " "1, " "1, " "1, " "1, " "1, " "1, " "1, " "1, " "1, " "1, " "1, " "1, " "1, " "1, " "1, " "1, " "1, " "1, " "1, " "1, " "1, " "1, " "1, " "1, " "1, " "1, " "1, " "1, " "1, " "1, " "1, " "1, " "1, " "1, " "1, " "1, " "1, " "1, " "1, " "1, " "1, " "1, " "1, " "1, " "1, " "1, " "1, " "1, " "1, " "1, " "1, " "1, " "1, " "1, " "1, " "1, " "1, " "1, " "1, " "1, " "1, " "1, " "1, " "1, " "1, " "1, " "1, " "1, " "1, " "1, " "1, " "1, " "1, " "1, " "1, " "1, " "1, " "1, " "1, " "1, " "1, " "1, " "1, " "1, " "1, " "1, " "1, " "1, " "1, " "1, " "1, " "1, " "1, " "1, " "1, " "1, " "1, " "1, " "1, " "1, " "1, " "1, " "1, " "1, " "1, " "1, " "1, " "1, " "1, " "1, " "1, " "1, " "1, " "1, " "1, " "1, " "1, " "1, " "1, " "1, " "1, " "1, " "1, " "1, " "1, " "1, " "1, " "1, " "1, " "1, " "1, " "1, " "1, " "1, " "1, " "1, " "1, " "1, " "1, " "1, " "1, " "1, " "1, " "1, " "1, " "1, " "1, " "1, " "1, " "1, " "1, " "1, " "1, " "1, " "1, " "1, " "1, " "1, " "1, " "1, " "1, " "1, " "1, " "1, " "1, " "1, " "1, " "1, " "1, " "1, " "1, " "1, " "1, " "1, " "1, " "1, " "1, " "1, " "1, " "1, " "1, " "1, " "1, " "1, " "1, " "1, " "1, " "1, " "1, " "1, " "1, " "1, " "1, " "1, " "1, " "1, " "1, " "1, " "1, " "1, " "1, " "1, " "1, " "1, " "1, " "1, " "1, " "1, " "1, " "1, " "1, " "1, " "1, " "1, " "1, " "1, " "1, " "1, " "1, " "1, " "1, " "1, " "1, " "1, " "1, " "1, " "1, " "1, " "1, " "1, " "1, " "1, " "1, " "1, " "1, " "1, " "1, " "1, " "1, " "1, " "1, " "1, " "1, " "1, " "1, " "1, " "1, " "1, " "1, " "1, " "1, " "1, " "1, " "1, " "1, " "1, " "1, " "1, " "1, " "1, " "1, " "1, " "1, " "1, " "1, " "1, " "1, " "1, " "1, " "1, " "1, " "1, " "1, " "1, " "1, " "1, " "1, " "1, " "1, " "1, " "1, " "1, " "1, " "1, " "1, " "1, " "1, " "1, " "1, " "1, " "1, " "1, " "1, " "1, " "1, " "1, " "1, " "1, " "1, " "1, " "1, " "1, " "1, " "1, " "1, " "1, " "1, " "1, " "1, " "1, " "1, " "1, " "1, " "1, " "1, " "1, " "1, " "1, " "1, " "1, " "1, " "1, " "1, " "1, " "1, " "1, " "1, " "1, " "1, " "1, " "1, " "1, " "1, " "1, " "1, " "1, " "1, " "1, " "1, " "1, " "1, " "1, " "1, " "1, " "1, " "1, " "1, " "1, " "1, " "1, " "1, " "1, " "1, " "1, " "1, " "1, " "1, " "1, " "1, " "1, " "1, " "1, " "1, " "1, " "1, " "1, " "1, " "1, " "1, " "1, " "1, " "1, " "1, " "1, " "1, " "1, " "1, " "1, " "1, " "1, " "1, " "1, "0
 "Nei43, 0.25, " "-0.222, " "1, " "1, " "1, " "1, " "1, " "1, " "1, " "1, " "1, " "1, " "1, " "1, " "1, " "1, " "1, " "1, " "1, " "1, " "1, " "1, " "1, " "1, " "1, " "1, " "1, " "1, " "1, " "1, " "1, " "1, " "1, " "1, " "1, " "1, " "1, " "1, " "1, " "1, " "1, " "1, " "1, " "1, " "1, " "0, " "1, " "1, " "1, " "1, " "1, " "1, " "1, " "1, " "1, " "1, " "1, " "1, " "1, " "1, " "1, " "1, " "1, " "1, " "1, " "1, " "1, " "1, " "1, " "1, " "1, " "1, " "1, " "1, " "1, " "1, " "1, " "1, " "1, " "1, " "1, " "1, " "1, " "1, " "1, " "1, " "1, " "1, " "1, " "1, " "1, " "1, " "1, " "1, " "1, " "1, " "1, " "1, " "1, " "1, " "1, " "1, " "1, " "1, " "1, " "1, " "1, " "1, " "1, " "1, " "1, " "1, " "1, " "1, " "1, " "1, " "1, " "1, " "1, " "1, " "1, " "1, " "1, " "1, " "1, " "1, " "1, " "1, " "1, " "1, " "1, " "1, " "1, " "1, " "1, " "1, " "1, " "1, " "1, " "1, " "1, " "1, " "1, " "1, " "1, " "1, " "1, " "1, " "1, " "1, " "1, " "1, " "1, " "1, " "1, " "1, " "1, " "1, " "1, " "1, " "1, " "1, " "1, " "1, " "1, " "1, " "1, " "1, " "1, " "1, " "1, " "1, " "1, " "1, " "1, " "1, " "1, " "1, " "1, " "1, " "1, " "1, " "1, " "1, " "1, " "1, " "1, " "1, " "1, " "1, " "1, " "1, " "1, " "1, " "1, " "1, " "1, " "1, " "1, " "1, " "1, " "1, " "1, " "1, " "1, " "1, " "1, " "1, " "1, " "1, " "1, " "1, " "1, " "1, " "1, " "1, " "1, " "1, " "1, " "1, " "1, " "1, " "1, " "1, " "1, " "1, " "1, " "1, " "1, " "1, " "1, " "1, " "1, " "1, " "1, " "1, " "1, " "1, " "1, " "1, " "1, " "1, " "1, " "1, " "1, " "1, " "1, " "1, " "1, " "1, " "1, " "1, " "1, " "1, " "1, " "1, " "1, " "1, " "1, " "1, " "1, " "1, " "1, " "1, " "1, " "1, " "1, " "1, " "1, " "1, " "1, " "1, " "1, " "1, " "1, " "1, " "1, " "1, " "1, " "1, " "1, " "1, " "1, " "1, " "1, " "1, " "1, " "1, " "1, " "1, " "1, " "1, " "1, " "1, " "1, " "1, " "1, " "1, " "1, " "1, " "1, " "1, " "1, " "1, " "1, " "1, " "1, " "1, " "1, " "1, " "1, " "1, " "1, " "1, " "1, " "1, " "1, " "1, " "1, " "1, " "1, " "1, " "1, " "1, " "1, " "1, " "1, " "1, " "1, " "1, " "1, " "1, " "1, " "1, " "1, " "1, " "1, " "1, " "1, " "1, " "1, " "1, " "1, " "1, " "1, " "1, " "1, " "1, " "1, " "1, " "1, " "1, " "1, " "1, " "1, " "1, " "1, " "1, " "1, " "1, " "1, " "1, " "1, " "1, " "1, " "1, " "1, " "1, " "1, " "1, " "1, " "1, " "1, " "1, " "1, " "1, " "1, " "1, " "1, " "1, " "1, " "1, " "1, " "1, " "1, " "1, " "1, " "1, " "1, " "1, " "1, " "1, " "1, " "1, " "1, " "1, " "1, " "1, " "1, " "1, " "1, " "1, " "1, " "1, " "1, " "1, " "1, " "1, " "1, " "1, " "1, " "1, " "1, " "1, " "1, " "1, " "1, " "1, " "1, " "1, " "1, " "1, " "1, " "1, " "1, " "1, " "1, " "1, " "1, " "1, " "1, " "1, " "1, " "1, " "1, " "1, " "1, " "1, " "1, " "1, " "1, " "1, " "1, " "1, " "1, " "1, " "1, " "1, " "1, " "1, " "1, " "1, " "1, " "1, " "1, " "1, " "1, " "1, " "1, " "1, " "1, " "1, " "1, " "1, " "1, " "1, " "1, " "1, " "1, " "1, " "1, " "1, " "1, " "1, " "1, " "1, " "1, " "1, " "1, " "1, " "1, " "1, " "1, " "1, " "1, " "1, " "1, " "1, " "1, " "1, " "1, " "1, " "1, " "1, " "1, " "1, " "1, " "1, " "1, " "1, " "1, " "1, " "1, " "1, " "1, " "1, " "1, " "1, " "1, " "1, " "1, " "1, " "1, " "1, " "1, "0
 "Nei44, 0.181, " "-0.935, " "1, " "1, " "1, " "1, " "1, " "1, " "1, " "1, " "1, " "1, " "1, " "1, " "1, " "1, " "1, " "1, " "1, " "1, " "1, " "1, " "1, " "1, " "1, " "1, " "1, " "1, " "1, " "1, " "1, " "1, " "1, " "1, " "1, " "1, " "1, " "1, " "1, " "1, " "1, " "1, " "1, " "1, " "1, " "1, " "0, " "1, " "1, " "1, " "1, " "1, " "1, " "1, " "1, " "1, " "1, " "1, " "1, " "1, " "1, " "1, " "1, " "1, " "1, " "1, " "1, " "1, " "1, " "1, " "1, " "1, " "1, " "1, " "1, " "1, " "1, " "1, " "1, " "1, " "1, " "1, " "1, " "1, " "1, " "1, " "1, " "1, " "1, " "1, " "1, " "1, " "1, " "1, " "1, " "1, " "1, " "1, " "1, " "1, " "1, " "1, " "1, " "1, " "1, " "1, " "1, " "1, " "1, " "1, " "1, " "1, " "1, " "1, " "1, " "1, " "1, " "1, " "1, " "1, " "1, " "1, " "1, " "1, " "1, " "1, " "1, " "1, " "1, " "1, " "1, " "1, " "1, " "1, " "1, " "1, " "1, " "1, " "1, " "1, " "1, " "1, " "1, " "1, " "1, " "1, " "1, " "1, " "1, " "1, " "1, " "1, " "1, " "1, " "1, " "1, " "1, " "1, " "1, " "1, " "1, " "1, " "1, " "1, " "1, " "1, " "1, " "1, " "1, " "1, " "1, " "1, " "1, " "1, " "1, " "1, " "1, " "1, " "1, " "1, " "1, " "1, " "1, " "1, " "1, " "1, " "1, " "1, " "1, " "1, " "1, " "1, " "1, " "1, " "1, " "1, " "1, " "1, " "1, " "1, " "1, " "1, " "1, " "1, " "1, " "1, " "1, " "1, " "1, " "1, " "1, " "1, " "1, " "1, " "1, " "1, " "1, " "1, " "1, " "1, " "1, " "1, " "1, " "1, " "1, " "1, " "1, " "1, " "1, " "1, " "1, " "1, " "1, " "1, " "1, " "1, " "1, " "1, " "1, " "1, " "1, " "1, " "1, " "1, " "1, " "1, " "1, " "1, " "1, " "1, " "1, " "1, " "1, " "1, " "1, " "1, " "1, " "1, " "1, " "1, " "1, " "1, " "1, " "1, " "1, " "1, " "1, " "1, " "1, " "1, " "1, " "1, " "1, " "1, " "1, " "1, " "1, " "1, " "1, " "1, " "1, " "1, " "1, " "1, " "1, " "1, " "1, " "1, " "1, " "1, " "1, " "1, " "1, " "1, " "1, " "1, " "1, " "1, " "1, " "1, " "1, " "1, " "1, " "1, " "1, " "1, " "1, " "1, " "1, " "1, " "1, " "1, " "1, " "1, " "1, " "1, " "1, " "1, " "1, " "1, " "1, " "1, " "1, " "1, " "1, " "1, " "1, " "1, " "1, " "1, " "1, " "1, " "1, " "1, " "1, " "1, " "1, " "1, " "1, " "1, " "1, " "1, " "1, " "1, " "1, " "1, " "1, " "1, " "1, " "1, " "1, " "1, " "1, " "1, " "1, " "1, " "1, " "1, " "1, " "1, " "1, " "1, " "1, " "1, " "1, " "1, " "1, " "1, " "1, " "1, " "1, " "1, " "1, " "1, " "1, " "1, " "1, " "1, " "1, " "1, " "1, " "1, " "1, " "1, " "1, " "1, " "1, " "1, " "1, " "1, " "1, " "1, " "1, " "1, " "1, " "1, " "1, " "1, " "1, " "1, " "1, " "1, " "1, " "1, " "1, " "1, " "1, " "1, " "1, " "1, " "1, " "1, " "1, " "1, " "1, " "1, " "1, " "1, " "1, " "1, " "1, " "1, " "1, " "1, " "1, " "1, " "1, " "1, " "1, " "1, " "1, " "1, " "1, " "1, " "1, " "1, " "1, " "1, " "1, " "1, " "1, " "1, " "1, " "1, " "1, " "1, " "1, " "1, " "1, " "1, " "1, " "1, " "1, " "1, " "1, " "1, " "1, " "1, " "1, " "1, " "1, " "1, " "1, " "1, " "1, " "1, " "1, " "1, " "1, " "1, " "1, " "1, " "1, " "1, " "1, " "1, " "1, " "1, " "1, " "1, " "1, " "1, " "1, " "1, " "1, " "1, " "1, " "1, " "1, " "1, " "1, " "1, " "1, " "1, " "1, " "1, " "1, " "1, " "1, " "1, " "1, " "1, " "1, " "1, " "1, " "1, " "1, " "1, " "1, " "1, " "1, " "1, " "1, " "1, " "1, "0
 "Nei45, 0.263, " "-0.562, " "1, " "1, " "1, " "1, " "1, " "1, " "1, " "1, " "1, " "1, " "1, " "1, " "1, " "1, " "1, " "1, " "1, " "1, " "1, " "1, " "1, " "1, " "1, " "1, " "1, " "1, " "1, " "1, " "1, " "1, " "1, " "1, " "1, " "1, " "1, " "1, " "1, " "1, " "1, " "1, " "1, " "1, " "1, " "1, " "1, " "0, " "1, " "1, " "1, " "1, " "1, " "1, " "1, " "1, " "1, " "1, " "1, " "1, " "1, " "1, " "1, " "1, " "1, " "1, " "1, " "1, " "1, " "1, " "1, " "1, " "1, " "1, " "1, " "1, " "1, " "1, " "1, " "1, " "1, " "1, " "1, " "1, " "1, " "1, " "1, " "1, " "1, " "1, " "1, " "1, " "1, " "1, " "1, " "1, " "1, " "1, " "1, " "1, " "1, " "1, " "1, " "1, " "1, " "1, " "1, " "1, " "1, " "1, " "1, " "1, " "1, " "1, " "1, " "1, " "1, " "1, " "1, " "1, " "1, " "1, " "1, " "1, " "1, " "1, " "1, " "1, " "1, " "1, " "1, " "1, " "1, " "1, " "1, " "1, " "1, " "1, " "1, " "1, " "1, " "1, " "1, " "1, " "1, " "1, " "1, " "1, " "1, " "1, " "1, " "1, " "1, " "1, " "1, " "1, " "1, " "1, " "1, " "1, " "1, " "1, " "1, " "1, " "1, " "1, " "1, " "1, " "1, " "1, " "1, " "1, " "1, " "1, " "1, " "1, " "1, " "1, " "1, " "1, " "1, " "1, " "1, " "1, " "1, " "1, " "1, " "1, " "1, " "1, " "1, " "1, " "1, " "1, " "1, " "1, " "1, " "1, " "1, " "1, " "1, " "1, " "1, " "1, " "1, " "1, " "1, " "1, " "1, " "1, " "1, " "1, " "1, " "1, " "1, " "1, " "1, " "1, " "1, " "1, " "1, " "1, " "1, " "1, " "1, " "1, " "1, " "1, " "1, " "1, " "1, " "1, " "1, " "1, " "1, " "1, " "1, " "1, " "1, " "1, " "1, " "1, " "1, " "1, " "1, " "1, " "1, " "1, " "1, " "1, " "1, " "1, " "1, " "1, " "1, " "1, " "1, " "1, " "1, " "1, " "1, " "1, " "1, " "1, " "1, " "1, " "1, " "1, " "1, " "1, " "1, " "1, " "1, " "1, " "1, " "1, " "1, " "1, " "1, " "1, " "1, " "1, " "1, " "1, " "1, " "1, " "1, " "1, " "1, " "1, " "1, " "1, " "1, " "1, " "1, " "1, " "1, " "1, " "1, " "1, " "1, " "1, " "1, " "1, " "1, " "1, " "1, " "1, " "1, " "1, " "1, " "1, " "1, " "1, " "1, " "1, " "1, " "1, " "1, " "1, " "1, " "1, " "1, " "1, " "1, " "1, " "1, " "1, " "1, " "1, " "1, " "1, " "1, " "1, " "1, " "1, " "1, " "1, " "1, " "1, " "1, " "1, " "1, " "1, " "1, " "1, " "1, " "1, " "1, " "1, " "1, " "1, " "1, " "1, " "1, " "1, " "1, " "1, " "1, " "1, " "1, " "1, " "1, " "1, " "1, " "1, " "1, " "1, " "1, " "1, " "1, " "1, " "1, " "1, " "1, " "1, " "1, " "1, " "1, " "1, " "1, " "1, " "1, " "1, " "1, " "1, " "1, " "1, " "1, " "1, " "1, " "1, " "1, " "1, " "1, " "1, " "1, " "1, " "1, " "1, " "1, " "1, " "1, " "1, " "1, " "1, " "1, " "1, " "1, " "1, " "1, " "1, " "1, " "1, " "1, " "1, " "1, " "1, " "1, " "1, " "1, " "1, " "1, " "1, " "1, " "1, " "1, " "1, " "1, " "1, " "1, " "1, " "1, " "1, " "1, " "1, " "1, " "1, " "1, " "1, " "1, " "1, " "1, " "1, " "1, " "1, " "1, " "1, " "1, " "1, " "1, " "1, " "1, " "1, " "1, " "1, " "1, " "1, " "1, " "1, " "1, " "1, " "1, " "1, " "1, " "1, " "1, " "1, " "1, " "1, " "1, " "1, " "1, " "1, " "1, " "1, " "1, " "1, " "1, " "1, " "1, " "1, " "1, " "1, " "1, " "1, " "1, " "1, " "1, " "1, " "1, " "1, " "1, " "1, " "1, " "1, " "1, " "1, " "1, " "1, " "1, " "1, " "1, " "1, " "1, " "1, " "1, " "1, " "1, " "1, " "1, " "1, " "1, " "1, " "1, "0
 "Nei46, 0.185, " "0.008, " "1, " "1, " "1, " "1, " "1, " "1, " "1, " "1, " "1, " "1, " "1, " "1, " "1, " "1, " "1, " "1, " "1, " "1, " "1, " "1, " "1, " "1, " "1, " "1, " "1, " "1, " "1, " "1, " "1, " "1, " "1, " "1, " "1, " "1, " "1, " "1, " "1, " "1, " "1, " "1, " "1, " "1, " "1, " "1, " "1, " "1, " "0, " "1, " "1, " "1, " "1, " "1, " "1, " "1, " "1, " "1, " "1, " "1, " "1, " "1, " "1, " "1, " "1, " "1, " "1, " "1, " "1, " "1, " "1, " "1, " "1, " "1, " "1, " "1, " "1, " "1, " "1, " "1, " "1, " "1, " "1, " "1, " "1, " "1, " "1, " "1, " "1, " "1, " "1, " "1, " "1, " "1, " "1, " "1, " "1, " "1, " "1, " "1, " "1, " "1, " "1, " "1, " "1, " "1, " "1, " "1, " "1, " "1, " "1, " "1, " "1, " "1, " "1, " "1, " "1, " "1, " "1, " "1, " "1, " "1, " "1, " "1, " "1, " "1, " "1, " "1, " "1, " "1, " "1, " "1, " "1, " "1, " "1, " "1, " "1, " "1, " "1, " "1, " "1, " "1, " "1, " "1, " "1, " "1, " "1, " "1, " "1, " "1, " "1, " "1, " "1, " "1, " "1, " "1, " "1, " "1, " "1, " "1, " "1, " "1, " "1, " "1, " "1, " "1, " "1, " "1, " "1, " "1, " "1, " "1, " "1, " "1, " "1, " "1, " "1, " "1, " "1, " "1, " "1, " "1, " "1, " "1, " "1, " "1, " "1, " "1, " "1, " "1, " "1, " "1, " "1, " "1, " "1, " "1, " "1, " "1, " "1, " "1, " "1, " "1, " "1, " "1, " "1, " "1, " "1, " "1, " "1, " "1, " "1, " "1, " "1, " "1, " "1, " "1, " "1, " "1, " "1, " "1, " "1, " "1, " "1, " "1, " "1, " "1, " "1, " "1, " "1, " "1, " "1, " "1, " "1, " "1, " "1, " "1, " "1, " "1, " "1, " "1, " "1, " "1, " "1, " "1, " "1, " "1, " "1, " "1, " "1, " "1, " "1, " "1, " "1, " "1, " "1, " "1, " "1, " "1, " "1, " "1, " "1, " "1, " "1, " "1, " "1, " "1, " "1, " "1, " "1, " "1, " "1, " "1, " "1, " "1, " "1, " "1, " "1, " "1, " "1, " "1, " "1, " "1, " "1, " "1, " "1, " "1, " "1, " "1, " "1, " "1, " "1, " "1, " "1, " "1, " "1, " "1, " "1, " "1, " "1, " "1, " "1, " "1, " "1, " "1, " "1, " "1, " "1, " "1, " "1, " "1, " "1, " "1, " "1, " "1, " "1, " "1, " "1, " "1, " "1, " "1, " "1, " "1, " "1, " "1, " "1, " "1, " "1, " "1, " "1, " "1, " "1, " "1, " "1, " "1, " "1, " "1, " "1, " "1, " "1, " "1, " "1, " "1, " "1, " "1, " "1, " "1, " "1, " "1, " "1, " "1, " "1, " "1, " "1, " "1, " "1, " "1, " "1, " "1, " "1, " "1, " "1, " "1, " "1, " "1, " "1, " "1, " "1, " "1, " "1, " "1, " "1, " "1, " "1, " "1, " "1, " "1, " "1, " "1, " "1, " "1, " "1, " "1, " "1, " "1, " "1, " "1, " "1, " "1, " "1, " "1, " "1, " "1, " "1, " "1, " "1, " "1, " "1, " "1, " "1, " "1, " "1, " "1, " "1, " "1, " "1, " "1, " "1, " "1, " "1, " "1, " "1, " "1, " "1, " "1, " "1, " "1, " "1, " "1, " "1, " "1, " "1, " "1, " "1, " "1, " "1, " "1, " "1, " "1, " "1, " "1, " "1, " "1, " "1, " "1, " "1, " "1, " "1, " "1, " "1, " "1, " "1, " "1, " "1, " "1, " "1, " "1, " "1, " "1, " "1, " "1, " "1, " "1, " "1, " "1, " "1, " "1, " "1, " "1, " "1, " "1, " "1, " "1, " "1, " "1, " "1, " "1, " "1, " "1, " "1, " "1, " "1, " "1, " "1, " "1, " "1, " "1, " "1, " "1, " "1, " "1, " "1, " "1, " "1, " "1, " "1, " "1, " "1, " "1, " "1, " "1, " "1, " "1, " "1, " "1, " "1, " "1, " "1, " "1, " "1, " "1, " "1, " "1, " "1, " "1, " "1, " "1, " "1, " "1, " "1, " "1, " "1, " "1, " "1, " "1, " "1, "0
 "Nei47, 0.366, " "-0.191, " "1, " "1, " "1, " "1, " "1, " "1, " "1, " "1, " "1, " "1, " "1, " "1, " "1, " "1, " "1, " "1, " "1, " "1, " "1, " "1, " "1, " "1, " "1, " "1, " "1, " "1, " "1, " "1, " "1, " "1, " "1, " "1, " "1, " "1, " "1, " "1, " "1, " "1, " "1, " "1, " "1, " "1, " "1, " "1, " "1, " "1, " "1, " "0, " "1, " "1, " "1, " "1, " "1, " "1, " "1, " "1, " "1, " "1, " "1, " "1, " "1, " "1, " "1, " "1, " "1, " "1, " "1, " "1, " "1, " "1, " "1, " "1, " "1, " "1, " "1, " "1, " "1, " "1, " "1, " "1, " "1, " "1, " "1, " "1, " "1, " "1, " "1, " "1, " "1, " "1, " "1, " "1, " "1, " "1, " "1, " "1, " "1, " "1, " "1, " "1, " "1, " "1, " "1, " "1, " "1, " "1, " "1, " "1, " "1, " "1, " "1, " "1, " "1, " "1, " "1, " "1, " "1, " "1, " "1, " "1, " "1, " "1, " "1, " "1, " "1, " "1, " "1, " "1, " "1, " "1, " "1, " "1, " "1, " "1, " "1, " "1, " "1, " "1, " "1, " "1, " "1, " "1, " "1, " "1, " "1, " "1, " "1, " "1, " "1, " "1, " "1, " "1, " "1, " "1, " "1, " "1, " "1, " "1, " "1, " "1, " "1, " "1, " "1, " "1, " "1, " "1, " "1, " "1, " "1, " "1, " "1, " "1, " "1, " "1, " "1, " "1, " "1, " "1, " "1, " "1, " "1, " "1, " "1, " "1, " "1, " "1, " "1, " "1, " "1, " "1, " "1, " "1, " "1, " "1, " "1, " "1, " "1, " "1, " "1, " "1, " "1, " "1, " "1, " "1, " "1, " "1, " "1, " "1, " "1, " "1, " "1, " "1, " "1, " "1, " "1, " "1, " "1, " "1, " "1, " "1, " "1, " "1, " "1, " "1, " "1, " "1, " "1, " "1, " "1, " "1, " "1, " "1, " "1, " "1, " "1, " "1, " "1, " "1, " "1, " "1, " "1, " "1, " "1, " "1, " "1, " "1, " "1, " "1, " "1, " "1, " "1, " "1, " "1, " "1, " "1, " "1, " "1, " "1, " "1, " "1, " "1, " "1, " "1, " "1, " "1, " "1, " "1, " "1, " "1, " "1, " "1, " "1, " "1, " "1, " "1, " "1, " "1, " "1, " "1, " "1, " "1, " "1, " "1, " "1, " "1, " "1, " "1, " "1, " "1, " "1, " "1, " "1, " "1, " "1, " "1, " "1, " "1, " "1, " "1, " "1, " "1, " "1, " "1, " "1, " "1, " "1, " "1, " "1, " "1, " "1, " "1, " "1, " "1, " "1, " "1, " "1, " "1, " "1, " "1, " "1, " "1, " "1, " "1, " "1, " "1, " "1, " "1, " "1, " "1, " "1, " "1, " "1, " "1, " "1, " "1, " "1, " "1, " "1, " "1, " "1, " "1, " "1, " "1, " "1, " "1, " "1, " "1, " "1, " "1, " "1, " "1, " "1, " "1, " "1, " "1, " "1, " "1, " "1, " "1, " "1, " "1, " "1, " "1, " "1, " "1, " "1, " "1, " "1, " "1, " "1, " "1, " "1, " "1, " "1, " "1, " "1, " "1, " "1, " "1, " "1, " "1, " "1, " "1, " "1, " "1, " "1, " "1, " "1, " "1, " "1, " "1, " "1, " "1, " "1, " "1, " "1, " "1, " "1, " "1, " "1, " "1, " "1, " "1, " "1, " "1, " "1, " "1, " "1, " "1, " "1, " "1, " "1, " "1, " "1, " "1, " "1, " "1, " "1, " "1, " "1, " "1, " "1, " "1, " "1, " "1, " "1, " "1, " "1, " "1, " "1, " "1, " "1, " "1, " "1, " "1, " "1, " "1, " "1, " "1, " "1, " "1, " "1, " "1, " "1, " "1, " "1, " "1, " "1, " "1, " "1, " "1, " "1, " "1, " "1, " "1, " "1, " "1, " "1, " "1, " "1, " "1, " "1, " "1, " "1, " "1, " "1, " "1, " "1, " "1, " "1, " "1, " "1, " "1, " "1, " "1, " "1, " "1, " "1, " "1, " "1, " "1, " "1, " "1, " "1, " "1, " "1, " "1, " "1, " "1, " "1, " "1, " "1, " "1, " "1, " "1, " "1, " "1, " "1, " "1, " "1, " "1, " "1, " "1, " "1, " "1, " "1, " "1, " "1, " "1, " "1, " "1, " "1, " "1, "0
 "Nei48, 0.203, " "0.421, " "1, " "1, " "1, " "1, " "1, " "1, " "1, " "1, " "1, " "1, " "1, " "1, " "1, " "1, " "1, " "1, " "1, " "1, " "1, " "1, " "1, " "1, " "1, " "1, " "1, " "1, " "1, " "1, " "1, " "1, " "1, " "1, " "1, " "1, " "1, " "1, " "1, " "1, " "1, " "1, " "1, " "1, " "1, " "1, " "1, " "1, " "1, " "1, " "0, " "1, " "1, " "1, " "1, " "1, " "1, " "1, " "1, " "1, " "1, " "1, " "1, " "1, " "1, " "1, " "1, " "1, " "1, " "1, " "1, " "1, " "1, " "1, " "1, " "1, " "1, " "1, " "1, " "1, " "1, " "1, " "1, " "1, " "1, " "1, " "1, " "1, " "1, " "1, " "1, " "1, " "1, " "1, " "1, " "1, " "1, " "1, " "1, " "1, " "1, " "1, " "1, " "1, " "1, " "1, " "1, " "1, " "1, " "1, " "1, " "1, " "1, " "1, " "1, " "1, " "1, " "1, " "1, " "1, " "1, " "1, " "1, " "1, " "1, " "1, " "1, " "1, " "1, " "1, " "1, " "1, " "1, " "1, " "1, " "1, " "1, " "1, " "1, " "1, " "1, " "1, " "1, " "1, " "1, " "1, " "1, " "1, " "1, " "1, " "1, " "1, " "1, " "1, " "1, " "1, " "1, " "1, " "1, " "1, " "1, " "1, " "1, " "1, " "1, " "1, " "1, " "1, " "1, " "1, " "1, " "1, " "1, " "1, " "1, " "1, " "1, " "1, " "1, " "1, " "1, " "1, " "1, " "1, " "1, " "1, " "1, " "1, " "1, " "1, " "1, " "1, " "1, " "1, " "1, " "1, " "1, " "1, " "1, " "1, " "1, " "1, " "1, " "1, " "1, " "1, " "1, " "1, " "1, " "1, " "1, " "1, " "1, " "1, " "1, " "1, " "1, " "1, " "1, " "1, " "1, " "1, " "1, " "1, " "1, " "1, " "1, " "1, " "1, " "1, " "1, " "1, " "1, " "1, " "1, " "1, " "1, " "1, " "1, " "1, " "1, " "1, " "1, " "1, " "1, " "1, " "1, " "1, " "1, " "1, " "1, " "1, " "1, " "1, " "1, " "1, " "1, " "1, " "1, " "1, " "1, " "1, " "1, " "1, " "1, " "1, " "1, " "1, " "1, " "1, " "1, " "1, " "1, " "1, " "1, " "1, " "1, " "1, " "1, " "1, " "1, " "1, " "1, " "1, " "1, " "1, " "1, " "1, " "1, " "1, " "1, " "1, " "1, " "1, " "1, " "1, " "1, " "1, " "1, " "1, " "1, " "1, " "1, " "1, " "1, " "1, " "1, " "1, " "1, " "1, " "1, " "1, " "1, " "1, " "1, " "1, " "1, " "1, " "1, " "1, " "1, " "1, " "1, " "1, " "1, " "1, " "1, " "1, " "1, " "1, " "1, " "1, " "1, " "1, " "1, " "1, " "1, " "1, " "1, " "1, " "1, " "1, " "1, " "1, " "1, " "1, " "1, " "1, " "1, " "1, " "1, " "1, " "1, " "1, " "1, " "1, " "1, " "1, " "1, " "1, " "1, " "1, " "1, " "1, " "1, " "1, " "1, " "1, " "1, " "1, " "1, " "1, " "1, " "1, " "1, " "1, " "1, " "1, " "1, " "1, " "1, " "1, " "1, " "1, " "1, " "1, " "1, " "1, " "1, " "1, " "1, " "1, " "1, " "1, " "1, " "1, " "1, " "1, " "1, " "1, " "1, " "1, " "1, " "1, " "1, " "1, " "1, " "1, " "1, " "1, " "1, " "1, " "1, " "1, " "1, " "1, " "1, " "1, " "1, " "1, " "1, " "1, " "1, " "1, " "1, " "1, " "1, " "1, " "1, " "1, " "1, " "1, " "1, " "1, " "1, " "1, " "1, " "1, " "1, " "1, " "1, " "1, " "1, " "1, " "1, " "1, " "1, " "1, " "1, " "1, " "1, " "1, " "1, " "1, " "1, " "1, " "1, " "1, " "1, " "1, " "1, " "1, " "1, " "1, " "1, " "1, " "1, " "1, " "1, " "1, " "1, " "1, " "1, " "1, " "1, " "1, " "1, " "1, " "1, " "1, " "1, " "1, " "1, " "1, " "1, " "1, " "1, " "1, " "1, " "1, " "1, " "1, " "1, " "1, " "1, " "1, " "1, " "1, " "1, " "1, " "1, " "1, " "1, " "1, " "1, " "1, " "1, " "1, " "1, " "1, " "1, " "1, " "1, " "1, " "1, "0
 "Nei49, 0.308, " "-0.948, " "1, " "1, " "1, " "1, " "1, " "1, " "1, " "1, " "1, " "1, " "1, " "1, " "1, " "1, " "1, " "1, " "1, " "1, " "1, " "1, " "1, " "1, " "1, " "1, " "1, " "1, " "1, " "1, " "1, " "1, " "1, " "1, " "1, " "1, " "1, " "1, " "1, " "1, " "1, " "1, " "1, " "1, " "1, " "1, " "1, " "1, " "1, " "1, " "1, " "0, " "1, " "1, " "1, " "1, " "1, " "1, " "1, " "1, " "1, " "1, " "1, " "1, " "1, " "1, " "1, " "1, " "1, " "1, " "1, " "1, " "1, " "1, " "1, " "1, " "1, " "1, " "1, " "1, " "1, " "1, " "1, " "1, " "1, " "1, " "1, " "1, " "1, " "1, " "1, " "1, " "1, " "1, " "1, " "1, " "1, " "1, " "1, " "1, " "1, " "1, " "1, " "1, " "1, " "1, " "1, " "1, " "1, " "1, " "1, " "1, " "1, " "1, " "1, " "1, " "1, " "1, " "1, " "1, " "1, " "1, " "1, " "1, " "1, " "1, " "1, " "1, " "1, " "1, " "1, " "1, " "1, " "1, " "1, " "1, " "1, " "1, " "1, " "1, " "1, " "1, " "1, " "1, " "1, " "1, " "1, " "1, " "1, " "1, " "1, " "1, " "1, " "1, " "1, " "1, " "1, " "1, " "1, " "1, " "1, " "1, " "1, " "1, " "1, " "1, " "1, " "1, " "1, " "1, " "1, " "1, " "1, " "1, " "1, " "1, " "1, " "1, " "1, " "1, " "1, " "1, " "1, " "1, " "1, " "1, " "1, " "1, " "1, " "1, " "1, " "1, " "1, " "1, " "1, " "1, " "1, " "1, " "1, " "1, " "1, " "1, " "1, " "1, " "1, " "1, " "1, " "1, " "1, " "1, " "1, " "1, " "1, " "1, " "1, " "1, " "1, " "1, " "1, " "1, " "1, " "1, " "1, " "1, " "1, " "1, " "1, " "1, " "1, " "1, " "1, " "1, " "1, " "1, " "1, " "1, " "1, " "1, " "1, " "1, " "1, " "1, " "1, " "1, " "1, " "1, " "1, " "1, " "1, " "1, " "1, " "1, " "1, " "1, " "1, " "1, " "1, " "1, " "1, " "1, " "1, " "1, " "1, " "1, " "1, " "1, " "1, " "1, " "1, " "1, " "1, " "1, " "1, " "1, " "1, " "1, " "1, " "1, " "1, " "1, " "1, " "1, " "1, " "1, " "1, " "1, " "1, " "1, " "1, " "1, " "1, " "1, " "1, " "1, " "1, " "1, " "1, " "1, " "1, " "1, " "1, " "1, " "1, " "1, " "1, " "1, " "1, " "1, " "1, " "1, " "1, " "1, " "1, " "1, " "1, " "1, " "1, " "1, " "1, " "1, " "1, " "1, " "1, " "1, " "1, " "1, " "1, " "1, " "1, " "1, " "1, " "1, " "1, " "1, " "1, " "1, " "1, " "1, " "1, " "1, " "1, " "1, " "1, " "1, " "1, " "1, " "1, " "1, " "1, " "1, " "1, " "1, " "1, " "1, " "1, " "1, " "1, " "1, " "1, " "1, " "1, " "1, " "1, " "1, " "1, " "1, " "1, " "1, " "1, " "1, " "1, " "1, " "1, " "1, " "1, " "1, " "1, " "1, " "1, " "1, " "1, " "1, " "1, " "1, " "1, " "1, " "1, " "1, " "1, " "1, " "1, " "1, " "1, " "1, " "1, " "1, " "1, " "1, " "1, " "1, " "1, " "1, " "1, " "1, " "1, " "1, " "1, " "1, " "1, " "1, " "1, " "1, " "1, " "1, " "1, " "1, " "1, " "1, " "1, " "1, " "1, " "1, " "1, " "1, " "1, " "1, " "1, " "1, " "1, " "1, " "1, " "1, " "1, " "1, " "1, " "1, " "1, " "1, " "1, " "1, " "1, " "1, " "1, " "1, " "1, " "1, " "1, " "1, " "1, " "1, " "1, " "1, " "1, " "1, " "1, " "1, " "1, " "1, " "1, " "1, " "1, " "1, " "1, " "1, " "1, " "1, " "1, " "1, " "1, " "1, " "1, " "1, " "1, " "1, " "1, " "1, " "1, " "1, " "1, " "1, " "1, " "1, " "1, " "1, " "1, " "1, " "1, " "1, " "1, " "1, " "1, " "1, " "1, " "1, " "1, " "1, " "1, " "1, " "1, " "1, " "1, " "1, " "1, " "1, " "1, " "1, " "1, " "1, " "1, " "1, " "1, " "1, " "1, " "1, " "1, "0
 "Nei50, 0.208, " "-0.775, " "1, " "1, " "1, " "1, " "1, " "1, " "1, " "1, " "1, " "1, " "1, " "1, " "1, " "1, " "1, " "1, " "1, " "1, " "1, " "1, " "1, " "1, " "1, " "1, " "1, " "1, " "1, " "1, " "1, " "1, " "1, " "1, " "1, " "1, " "1, " "1, " "1, " "1, " "1, " "1, " "1, " "1, " "1, " "1, " "1, " "1, " "1, " "1, " "1, " "1, " "0, " "1, " "1, " "1, " "1, " "1, " "1, " "1, " "1, " "1, " "1, " "1, " "1, " "1, " "1, " "1, " "1, " "1, " "1, " "1, " "1, " "1, " "1, " "1, " "1, " "1, " "1, " "1, " "1, " "1, " "1, " "1, " "1, " "1, " "1, " "1, " "1, " "1, " "1, " "1, " "1, " "1, " "1, " "1, " "1, " "1, " "1, " "1, " "1, " "1, " "1, " "1, " "1, " "1, " "1, " "1, " "1, " "1, " "1, " "1, " "1, " "1, " "1, " "1, " "1, " "1, " "1, " "1, " "1, " "1, " "1, " "1, " "1, " "1, " "1, " "1, " "1, " "1, " "1, " "1, " "1, " "1, " "1, " "1, " "1, " "1, " "1, " "1, " "1, " "1, " "1, " "1, " "1, " "1, " "1, " "1, " "1, " "1, " "1, " "1, " "1, " "1, " "1, " "1, " "1, " "1, " "1, " "1, " "1, " "1, " "1, " "1, " "1, " "1, " "1, " "1, " "1, " "1, " "1, " "1, " "1, " "1, " "1, " "1, " "1, " "1, " "1, " "1, " "1, " "1, " "1, " "1, " "1, " "1, " "1, " "1, " "1, " "1, " "1, " "1, " "1, " "1, " "1, " "1, " "1, " "1, " "1, " "1, " "1, " "1, " "1, " "1, " "1, " "1, " "1, " "1, " "1, " "1, " "1, " "1, " "1, " "1, " "1, " "1, " "1, " "1, " "1, " "1, " "1, " "1, " "1, " "1, " "1, " "1, " "1, " "1, " "1, " "1, " "1, " "1, " "1, " "1, " "1, " "1, " "1, " "1, " "1, " "1, " "1, " "1, " "1, " "1, " "1, " "1, " "1, " "1, " "1, " "1, " "1, " "1, " "1, " "1, " "1, " "1, " "1, " "1, " "1, " "1, " "1, " "1, " "1, " "1, " "1, " "1, " "1, " "1, " "1, " "1, " "1, " "1, " "1, " "1, " "1, " "1, " "1, " "1, " "1, " "1, " "1, " "1, " "1, " "1, " "1, " "1, " "1, " "1, " "1, " "1, " "1, " "1, " "1, " "1, " "1, " "1, " "1, " "1, " "1, " "1, " "1, " "1, " "1, " "1, " "1, " "1, " "1, " "1, " "1, " "1, " "1, " "1, " "1, " "1, " "1, " "1, " "1, " "1, " "1, " "1, " "1, " "1, " "1, " "1, " "1, " "1, " "1, " "1, " "1, " "1, " "1, " "1, " "1, " "1, " "1, " "1, " "1, " "1, " "1, " "1, " "1, " "1, " "1, " "1, " "1, " "1, " "1, " "1, " "1, " "1, " "1, " "1, " "1, " "1, " "1, " "1, " "1, " "1, " "1, " "1, " "1, " "1, " "1, " "1, " "1, " "1, " "1, " "1, " "1, " "1, " "1, " "1, " "1, " "1, " "1, " "1, " "1, " "1, " "1, " "1, " "1, " "1, " "1, " "1, " "1, " "1, " "1, " "1, " "1, " "1, " "1, " "1, " "1, " "1, " "1, " "1, " "1, " "1, " "1, " "1, " "1, " "1, " "1, " "1, " "1, " "1, " "1, " "1, " "1, " "1, " "1, " "1, " "1, " "1, " "1, " "1, " "1, " "1, " "1, " "1, " "1, " "1, " "1, " "1, " "1, " "1, " "1, " "1, " "1, " "1, " "1, " "1, " "1, " "1, " "1, " "1, " "1, " "1, " "1, " "1, " "1, " "1, " "1, " "1, " "1, " "1, " "1, " "1, " "1, " "1, " "1, " "1, " "1, " "1, " "1, " "1, " "1, " "1, " "1, " "1, " "1, " "1, " "1, " "1, " "1, " "1, " "1, " "1, " "1, " "1, " "1, " "1, " "1, " "1, " "1, " "1, " "1, " "1, " "1, " "1, " "1, " "1, " "1, " "1, " "1, " "1, " "1, " "1, " "1, " "1, " "1, " "1, " "1, " "1, " "1, " "1, " "1, " "1, " "1, " "1, " "1, " "1, " "1, " "1, " "1, " "1, " "1, " "1, " "1, " "1, " "1, " "1, " "1, " "1, " "1, "0
 "Nei51, 0.295, " "-0.749, " "1, " "1, " "1, " "1, " "1, " "1, " "1, " "1, " "1, " "1, " "1, " "1, " "1, " "1, " "1, " "1, " "1, " "1, " "1, " "1, " "1, " "1, " "1, " "1, " "1, " "1, " "1, " "1, " "1, " "1, " "1, " "1, " "1, " "1, " "1, " "1, " "1, " "1, " "1, " "1, " "1, " "1, " "1, " "1, " "1, " "1, " "1, " "1, " "1, " "1, " "1, " "0, " "1, " "1, " "1, " "1, " "1, " "1, " "1, " "1, " "1, " "1, " "1, " "1, " "1, " "1, " "1, " "1, " "1, " "1, " "1, " "1, " "1, " "1, " "1, " "1, " "1, " "1, " "1, " "1, " "1, " "1, " "1, " "1, " "1, " "1, " "1, " "1, " "1, " "1, " "1, " "1, " "1, " "1, " "1, " "1, " "1, " "1, " "1, " "1, " "1, " "1, " "1, " "1, " "1, " "1, " "1, " "1, " "1, " "1, " "1, " "1, " "1, " "1, " "1, " "1, " "1, " "1, " "1, " "1, " "1, " "1, " "1, " "1, " "1, " "1, " "1, " "1, " "1, " "1, " "1, " "1, " "1, " "1, " "1, " "1, " "1, " "1, " "1, " "1, " "1, " "1, " "1, " "1, " "1, " "1, " "1, " "1, " "1, " "1, " "1, " "1, " "1, " "1, " "1, " "1, " "1, " "1, " "1, " "1, " "1, " "1, " "1, " "1, " "1, " "1, " "1, " "1, " "1, " "1, " "1, " "1, " "1, " "1, " "1, " "1, " "1, " "1, " "1, " "1, " "1, " "1, " "1, " "1, " "1, " "1, " "1, " "1, " "1, " "1, " "1, " "1, " "1, " "1, " "1, " "1, " "1, " "1, " "1, " "1, " "1, " "1, " "1, " "1, " "1, " "1, " "1, " "1, " "1, " "1, " "1, " "1, " "1, " "1, " "1, " "1, " "1, " "1, " "1, " "1, " "1, " "1, " "1, " "1, " "1, " "1, " "1, " "1, " "1, " "1, " "1, " "1, " "1, " "1, " "1, " "1, " "1, " "1, " "1, " "1, " "1, " "1, " "1, " "1, " "1, " "1, " "1, " "1, " "1, " "1, " "1, " "1, " "1, " "1, " "1, " "1, " "1, " "1, " "1, " "1, " "1, " "1, " "1, " "1, " "1, " "1, " "1, " "1, " "1, " "1, " "1, " "1, " "1, " "1, " "1, " "1, " "1, " "1, " "1, " "1, " "1, " "1, " "1, " "1, " "1, " "1, " "1, " "1, " "1, " "1, " "1, " "1, " "1, " "1, " "1, " "1, " "1, " "1, " "1, " "1, " "1, " "1, " "1, " "1, " "1, " "1, " "1, " "1, " "1, " "1, " "1, " "1, " "1, " "1, " "1, " "1, " "1, " "1, " "1, " "1, " "1, " "1, " "1, " "1, " "1, " "1, " "1, " "1, " "1, " "1, " "1, " "1, " "1, " "1, " "1, " "1, " "1, " "1, " "1, " "1, " "1, " "1, " "1, " "1, " "1, " "1, " "1, " "1, " "1, " "1, " "1, " "1, " "1, " "1, " "1, " "1, " "1, " "1, " "1, " "1, " "1, " "1, " "1, " "1, " "1, " "1, " "1, " "1, " "1, " "1, " "1, " "1, " "1, " "1, " "1, " "1, " "1, " "1, " "1, " "1, " "1, " "1, " "1, " "1, " "1, " "1, " "1, " "1, " "1, " "1, " "1, " "1, " "1, " "1, " "1, " "1, " "1, " "1, " "1, " "1, " "1, " "1, " "1, " "1, " "1, " "1, " "1, " "1, " "1, " "1, " "1, " "1, " "1, " "1, " "1, " "1, " "1, " "1, " "1, " "1, " "1, " "1, " "1, " "1, " "1, " "1, " "1, " "1, " "1, " "1, " "1, " "1, " "1, " "1, " "1, " "1, " "1, " "1, " "1, " "1, " "1, " "1, " "1, " "1, " "1, " "1, " "1, " "1, " "1, " "1, " "1, " "1, " "1, " "1, " "1, " "1, " "1, " "1, " "1, " "1, " "1, " "1, " "1, " "1, " "1, " "1, " "1, " "1, " "1, " "1, " "1, " "1, " "1, " "1, " "1, " "1, " "1, " "1, " "1, " "1, " "1, " "1, " "1, " "1, " "1, " "1, " "1, " "1, " "1, " "1, " "1, " "1, " "1, " "1, " "1, " "1, " "1, " "1, " "1, " "1, " "1, " "1, " "1, " "1, " "1, " "1, " "1, " "1, " "1, " "1, " "1, " "1, " "1, "0
 "Nei52, 0.4, " "-0.966, " "1, " "1, " "1, " "1, " "1, " "1, " "1, " "1, " "1, " "1, " "1, " "1, " "1, " "1, " "1, " "1, " "1, " "1, " "1, " "1, " "1, " "1, " "1, " "1, " "1, " "1, " "1, " "1, " "1, " "1, " "1, " "1, " "1, " "1, " "1, " "1, " "1, " "1, " "1, " "1, " "1, " "1, " "1, " "1, " "1, " "1, " "1, " "1, " "1, " "1, " "1, " "1, " "0, " "1, " "1, " "1, " "1, " "1, " "1, " "1, " "1, " "1, " "1, " "1, " "1, " "1, " "1, " "1, " "1, " "1, " "1, " "1, " "1, " "1, " "1, " "1, " "1, " "1, " "1, " "1, " "1, " "1, " "1, " "1, " "1, " "1, " "1, " "1, " "1, " "1, " "1, " "1, " "1, " "1, " "1, " "1, " "1, " "1, " "1, " "1, " "1, " "1, " "1, " "1, " "1, " "1, " "1, " "1, " "1, " "1, " "1, " "1, " "1, " "1, " "1, " "1, " "1, " "1, " "1, " "1, " "1, " "1, " "1, " "1, " "1, " "1, " "1, " "1, " "1, " "1, " "1, " "1, " "1, " "1, " "1, " "1, " "1, " "1, " "1, " "1, " "1, " "1, " "1, " "1, " "1, " "1, " "1, " "1, " "1, " "1, " "1, " "1, " "1, " "1, " "1, " "1, " "1, " "1, " "1, " "1, " "1, " "1, " "1, " "1, " "1, " "1, " "1, " "1, " "1, " "1, " "1, " "1, " "1, " "1, " "1, " "1, " "1, " "1, " "1, " "1, " "1, " "1, " "1, " "1, " "1, " "1, " "1, " "1, " "1, " "1, " "1, " "1, " "1, " "1, " "1, " "1, " "1, " "1, " "1, " "1, " "1, " "1, " "1, " "1, " "1, " "1, " "1, " "1, " "1, " "1, " "1, " "1, " "1, " "1, " "1, " "1, " "1, " "1, " "1, " "1, " "1, " "1, " "1, " "1, " "1, " "1, " "1, " "1, " "1, " "1, " "1, " "1, " "1, " "1, " "1, " "1, " "1, " "1, " "1, " "1, " "1, " "1, " "1, " "1, " "1, " "1, " "1, " "1, " "1, " "1, " "1, " "1, " "1, " "1, " "1, " "1, " "1, " "1, " "1, " "1, " "1, " "1, " "1, " "1, " "1, " "1, " "1, " "1, " "1, " "1, " "1, " "1, " "1, " "1, " "1, " "1, " "1, " "1, " "1, " "1, " "1, " "1, " "1, " "1, " "1, " "1, " "1, " "1, " "1, " "1, " "1, " "1, " "1, " "1, " "1, " "1, " "1, " "1, " "1, " "1, " "1, " "1, " "1, " "1, " "1, " "1, " "1, " "1, " "1, " "1, " "1, " "1, " "1, " "1, " "1, " "1, " "1, " "1, " "1, " "1, " "1, " "1, " "1, " "1, " "1, " "1, " "1, " "1, " "1, " "1, " "1, " "1, " "1, " "1, " "1, " "1, " "1, " "1, " "1, " "1, " "1, " "1, " "1, " "1, " "1, " "1, " "1, " "1, " "1, " "1, " "1, " "1, " "1, " "1, " "1, " "1, " "1, " "1, " "1, " "1, " "1, " "1, " "1, " "1, " "1, " "1, " "1, " "1, " "1, " "1, " "1, " "1, " "1, " "1, " "1, " "1, " "1, " "1, " "1, " "1, " "1, " "1, " "1, " "1, " "1, " "1, " "1, " "1, " "1, " "1, " "1, " "1, " "1, " "1, " "1, " "1, " "1, " "1, " "1, " "1, " "1, " "1, " "1, " "1, " "1, " "1, " "1, " "1, " "1, " "1, " "1, " "1, " "1, " "1, " "1, " "1, " "1, " "1, " "1, " "1, " "1, " "1, " "1, " "1, " "1, " "1, " "1, " "1, " "1, " "1, " "1, " "1, " "1, " "1, " "1, " "1, " "1, " "1, " "1, " "1, " "1, " "1, " "1, " "1, " "1, " "1, " "1, " "1, " "1, " "1, " "1, " "1, " "1, " "1, " "1, " "1, " "1, " "1, " "1, " "1, " "1, " "1, " "1, " "1, " "1, " "1, " "1, " "1, " "1, " "1, " "1, " "1, " "1, " "1, " "1, " "1, " "1, " "1, " "1, " "1, " "1, " "1, " "1, " "1, " "1, " "1, " "1, " "1, " "1, " "1, " "1, " "1, " "1, " "1, " "1, " "1, " "1, " "1, " "1, " "1, " "1, " "1, " "1, " "1, " "1, " "1, " "1, " "1, " "1, " "1, " "1, " "1, " "1, "0
 "Nei53, 0.196, " "-0.646, " "1, " "1, " "1, " "1, " "1, " "1, " "1, " "1, " "1, " "1, " "1, " "1, " "1, " "1, " "1, " "1, " "1, " "1, " "1, " "1, " "1, " "1, " "1, " "1, " "1, " "1, " "1, " "1, " "1, " "1, " "1, " "1, " "1, " "1, " "1, " "1, " "1, " "1, " "1, " "1, " "1, " "1, " "1, " "1, " "1, " "1, " "1, " "1, " "1, " "1, " "1, " "1, " "1, " "0, " "1, " "1, " "1, " "1, " "1, " "1, " "1, " "1, " "1, " "1, " "1, " "1, " "1, " "1, " "1, " "1, " "1, " "1, " "1, " "1, " "1, " "1, " "1, " "1, " "1, " "1, " "1, " "1, " "1, " "1, " "1, " "1, " "1, " "1, " "1, " "1, " "1, " "1, " "1, " "1, " "1, " "1, " "1, " "1, " "1, " "1, " "1, " "1, " "1, " "1, " "1, " "1, " "1, " "1, " "1, " "1, " "1, " "1, " "1, " "1, " "1, " "1, " "1, " "1, " "1, " "1, " "1, " "1, " "1, " "1, " "1, " "1, " "1, " "1, " "1, " "1, " "1, " "1, " "1, " "1, " "1, " "1, " "1, " "1, " "1, " "1, " "1, " "1, " "1, " "1, " "1, " "1, " "1, " "1, " "1, " "1, " "1, " "1, " "1, " "1, " "1, " "1, " "1, " "1, " "1, " "1, " "1, " "1, " "1, " "1, " "1, " "1, " "1, " "1, " "1, " "1, " "1, " "1, " "1, " "1, " "1, " "1, " "1, " "1, " "1, " "1, " "1, " "1, " "1, " "1, " "1, " "1, " "1, " "1, " "1, " "1, " "1, " "1, " "1, " "1, " "1, " "1, " "1, " "1, " "1, " "1, " "1, " "1, " "1, " "1, " "1, " "1, " "1, " "1, " "1, " "1, " "1, " "1, " "1, " "1, " "1, " "1, " "1, " "1, " "1, " "1, " "1, " "1, " "1, " "1, " "1, " "1, " "1, " "1, " "1, " "1, " "1, " "1, " "1, " "1, " "1, " "1, " "1, " "1, " "1, " "1, " "1, " "1, " "1, " "1, " "1, " "1, " "1, " "1, " "1, " "1, " "1, " "1, " "1, " "1, " "1, " "1, " "1, " "1, " "1, " "1, " "1, " "1, " "1, " "1, " "1, " "1, " "1, " "1, " "1, " "1, " "1, " "1, " "1, " "1, " "1, " "1, " "1, " "1, " "1, " "1, " "1, " "1, " "1, " "1, " "1, " "1, " "1, " "1, " "1, " "1, " "1, " "1, " "1, " "1, " "1, " "1, " "1, " "1, " "1, " "1, " "1, " "1, " "1, " "1, " "1, " "1, " "1, " "1, " "1, " "1, " "1, " "1, " "1, " "1, " "1, " "1, " "1, " "1, " "1, " "1, " "1, " "1, " "1, " "1, " "1, " "1, " "1, " "1, " "1, " "1, " "1, " "1, " "1, " "1, " "1, " "1, " "1, " "1, " "1, " "1, " "1, " "1, " "1, " "1, " "1, " "1, " "1, " "1, " "1, " "1, " "1, " "1, " "1, " "1, " "1, " "1, " "1, " "1, " "1, " "1, " "1, " "1, " "1, " "1, " "1, " "1, " "1, " "1, " "1, " "1, " "1, " "1, " "1, " "1, " "1, " "1, " "1, " "1, " "1, " "1, " "1, " "1, " "1, " "1, " "1, " "1, " "1, " "1, " "1, " "1, " "1, " "1, " "1, " "1, " "1, " "1, " "1, " "1, " "1, " "1, " "1, " "1, " "1, " "1, " "1, " "1, " "1, " "1, " "1, " "1, " "1, " "1, " "1, " "1, " "1, " "1, " "1, " "1, " "1, " "1, " "1, " "1, " "1, " "1, " "1, " "1, " "1, " "1, " "1, " "1, " "1, " "1, " "1, " "1, " "1, " "1, " "1, " "1, " "1, " "1, " "1, " "1, " "1, " "1, " "1, " "1, " "1, " "1, " "1, " "1, " "1, " "1, " "1, " "1, " "1, " "1, " "1, " "1, " "1, " "1, " "1, " "1, " "1, " "1, " "1, " "1, " "1, " "1, " "1, " "1, " "1, " "1, " "1, " "1, " "1, " "1, " "1, " "1, " "1, " "1, " "1, " "1, " "1, " "1, " "1, " "1, " "1, " "1, " "1, " "1, " "1, " "1, " "1, " "1, " "1, " "1, " "1, " "1, " "1, " "1, " "1, " "1, " "1, " "1, " "1, " "1, " "1, " "1, " "1, " "1, " "1, " "1, " "1, "0
 "Nei54, 0.041, " "0.169, " "1, " "1, " "1, " "1, " "1, " "1, " "1, " "1, " "1, " "1, " "1, " "1, " "1, " "1, " "1, " "1, " "1, " "1, " "1, " "1, " "1, " "1, " "1, " "1, " "1, " "1, " "1, " "1, " "1, " "1, " "1, " "1, " "1, " "1, " "1, " "1, " "1, " "1, " "1, " "1, " "1, " "1, " "1, " "1, " "1, " "1, " "1, " "1, " "1, " "1, " "1, " "1, " "1, " "1, " "0, " "1, " "1, " "1, " "1, " "1, " "1, " "1, " "1, " "1, " "1, " "1, " "1, " "1, " "1, " "1, " "1, " "1, " "1, " "1, " "1, " "1, " "1, " "1, " "1, " "1, " "1, " "1, " "1, " "1, " "1, " "1, " "1, " "1, " "1, " "1, " "1, " "1, " "1, " "1, " "1, " "1, " "1, " "1, " "1, " "1, " "1, " "1, " "1, " "1, " "1, " "1, " "1, " "1, " "1, " "1, " "1, " "1, " "1, " "1, " "1, " "1, " "1, " "1, " "1, " "1, " "1, " "1, " "1, " "1, " "1, " "1, " "1, " "1, " "1, " "1, " "1, " "1, " "1, " "1, " "1, " "1, " "1, " "1, " "1, " "1, " "1, " "1, " "1, " "1, " "1, " "1, " "1, " "1, " "1, " "1, " "1, " "1, " "1, " "1, " "1, " "1, " "1, " "1, " "1, " "1, " "1, " "1, " "1, " "1, " "1, " "1, " "1, " "1, " "1, " "1, " "1, " "1, " "1, " "1, " "1, " "1, " "1, " "1, " "1, " "1, " "1, " "1, " "1, " "1, " "1, " "1, " "1, " "1, " "1, " "1, " "1, " "1, " "1, " "1, " "1, " "1, " "1, " "1, " "1, " "1, " "1, " "1, " "1, " "1, " "1, " "1, " "1, " "1, " "1, " "1, " "1, " "1, " "1, " "1, " "1, " "1, " "1, " "1, " "1, " "1, " "1, " "1, " "1, " "1, " "1, " "1, " "1, " "1, " "1, " "1, " "1, " "1, " "1, " "1, " "1, " "1, " "1, " "1, " "1, " "1, " "1, " "1, " "1, " "1, " "1, " "1, " "1, " "1, " "1, " "1, " "1, " "1, " "1, " "1, " "1, " "1, " "1, " "1, " "1, " "1, " "1, " "1, " "1, " "1, " "1, " "1, " "1, " "1, " "1, " "1, " "1, " "1, " "1, " "1, " "1, " "1, " "1, " "1, " "1, " "1, " "1, " "1, " "1, " "1, " "1, " "1, " "1, " "1, " "1, " "1, " "1, " "1, " "1, " "1, " "1, " "1, " "1, " "1, " "1, " "1, " "1, " "1, " "1, " "1, " "1, " "1, " "1, " "1, " "1, " "1, " "1, " "1, " "1, " "1, " "1, " "1, " "1, " "1, " "1, " "1, " "1, " "1, " "1, " "1, " "1, " "1, " "1, " "1, " "1, " "1, " "1, " "1, " "1, " "1, " "1, " "1, " "1, " "1, " "1, " "1, " "1, " "1, " "1, " "1, " "1, " "1, " "1, " "1, " "1, " "1, " "1, " "1, " "1, " "1, " "1, " "1, " "1, " "1, " "1, " "1, " "1, " "1, " "1, " "1, " "1, " "1, " "1, " "1, " "1, " "1, " "1, " "1, " "1, " "1, " "1, " "1, " "1, " "1, " "1, " "1, " "1, " "1, " "1, " "1, " "1, " "1, " "1, " "1, " "1, " "1, " "1, " "1, " "1, " "1, " "1, " "1, " "1, " "1, " "1, " "1, " "1, " "1, " "1, " "1, " "1, " "1, " "1, " "1, " "1, " "1, " "1, " "1, " "1, " "1, " "1, " "1, " "1, " "1, " "1, " "1, " "1, " "1, " "1, " "1, " "1, " "1, " "1, " "1, " "1, " "1, " "1, " "1, " "1, " "1, " "1, " "1, " "1, " "1, " "1, " "1, " "1, " "1, " "1, " "1, " "1, " "1, " "1, " "1, " "1, " "1, " "1, " "1, " "1, " "1, " "1, " "1, " "1, " "1, " "1, " "1, " "1, " "1, " "1, " "1, " "1, " "1, " "1, " "1, " "1, " "1, " "1, " "1, " "1, " "1, " "1, " "1, " "1, " "1, " "1, " "1, " "1, " "1, " "1, " "1, " "1, " "1, " "1, " "1, " "1, " "1, " "1, " "1, " "1, " "1, " "1, " "1, " "1, " "1, " "1, " "1, " "1, " "1, " "1, " "1, " "1, " "1, " "1, " "1, " "1, " "1, " "1, " "1, " "1, "0
 "Nei55, 0.111, " "0.967, " "1, " "1, " "1, " "1, " "1, " "1, " "1, " "1, " "1, " "1, " "1, " "1, " "1, " "1, " "1, " "1, " "1, " "1, " "1, " "1, " "1, " "1, " "1, " "1, " "1, " "1, " "1, " "1, " "1, " "1, " "1, " "1, " "1, " "1, " "1, " "1, " "1, " "1, " "1, " "1, " "1, " "1, " "1, " "1, " "1, " "1, " "1, " "1, " "1, " "1, " "1, " "1, " "1, " "1, " "1, " "0, " "1, " "1, " "1, " "1, " "1, " "1, " "1, " "1, " "1, " "1, " "1, " "1, " "1, " "1, " "1, " "1, " "1, " "1, " "1, " "1, " "1, " "1, " "1, " "1, " "1, " "1, " "1, " "1, " "1, " "1, " "1, " "1, " "1, " "1, " "1, " "1, " "1, " "1, " "1, " "1, " "1, " "1, " "1, " "1, " "1, " "1, " "1, " "1, " "1, " "1, " "1, " "1, " "1, " "1, " "1, " "1, " "1, " "1, " "1, " "1, " "1, " "1, " "1, " "1, " "1, " "1, " "1, " "1, " "1, " "1, " "1, " "1, " "1, " "1, " "1, " "1, " "1, " "1, " "1, " "1, " "1, " "1, " "1, " "1, " "1, " "1, " "1, " "1, " "1, " "1, " "1, " "1, " "1, " "1, " "1, " "1, " "1, " "1, " "1, " "1, " "1, " "1, " "1, " "1, " "1, " "1, " "1, " "1, " "1, " "1, " "1, " "1, " "1, " "1, " "1, " "1, " "1, " "1, " "1, " "1, " "1, " "1, " "1, " "1, " "1, " "1, " "1, " "1, " "1, " "1, " "1, " "1, " "1, " "1, " "1, " "1, " "1, " "1, " "1, " "1, " "1, " "1, " "1, " "1, " "1, " "1, " "1, " "1, " "1, " "1, " "1, " "1, " "1, " "1, " "1, " "1, " "1, " "1, " "1, " "1, " "1, " "1, " "1, " "1, " "1, " "1, " "1, " "1, " "1, " "1, " "1, " "1, " "1, " "1, " "1, " "1, " "1, " "1, " "1, " "1, " "1, " "1, " "1, " "1, " "1, " "1, " "1, " "1, " "1, " "1, " "1, " "1, " "1, " "1, " "1, " "1, " "1, " "1, " "1, " "1, " "1, " "1, " "1, " "1, " "1, " "1, " "1, " "1, " "1, " "1, " "1, " "1, " "1, " "1, " "1, " "1, " "1, " "1, " "1, " "1, " "1, " "1, " "1, " "1, " "1, " "1, " "1, " "1, " "1, " "1, " "1, " "1, " "1, " "1, " "1, " "1, " "1, " "1, " "1, " "1, " "1, " "1, " "1, " "1, " "1, " "1, " "1, " "1, " "1, " "1, " "1, " "1, " "1, " "1, " "1, " "1, " "1, " "1, " "1, " "1, " "1, " "1, " "1, " "1, " "1, " "1, " "1, " "1, " "1, " "1, " "1, " "1, " "1, " "1, " "1, " "1, " "1, " "1, " "1, " "1, " "1, " "1, " "1, " "1, " "1, " "1, " "1, " "1, " "1, " "1, " "1, " "1, " "1, " "1, " "1, " "1, " "1, " "1, " "1, " "1, " "1, " "1, " "1, " "1, " "1, " "1, " "1, " "1, " "1, " "1, " "1, " "1, " "1, " "1, " "1, " "1, " "1, " "1, " "1, " "1, " "1, " "1, " "1, " "1, " "1, " "1, " "1, " "1, " "1, " "1, " "1, " "1, " "1, " "1, " "1, " "1, " "1, " "1, " "1, " "1, " "1, " "1, " "1, " "1, " "1, " "1, " "1, " "1, " "1, " "1, " "1, " "1, " "1, " "1, " "1, " "1, " "1, " "1, " "1, " "1, " "1, " "1, " "1, " "1, " "1, " "1, " "1, " "1, " "1, " "1, " "1, " "1, " "1, " "1, " "1, " "1, " "1, " "1, " "1, " "1, " "1, " "1, " "1, " "1, " "1, " "1, " "1, " "1, " "1, " "1, " "1, " "1, " "1, " "1, " "1, " "1, " "1, " "1, " "1, " "1, " "1, " "1, " "1, " "1, " "1, " "1, " "1, " "1, " "1, " "1, " "1, " "1, " "1, " "1, " "1, " "1, " "1, " "1, " "1, " "1, " "1, " "1, " "1, " "1, " "1, " "1, " "1, " "1, " "1, " "1, " "1, " "1, " "1, " "1, " "1, " "1, " "1, " "1, " "1, " "1, " "1, " "1, " "1, " "1, " "1, " "1, " "1, " "1, " "1, " "1, " "1, " "1, " "1, " "1, " "1, " "1, " "1, "0
 "Nei56, 0.198, " "0.229, " "1, " "1, " "1, " "1, " "1, " "1, " "1, " "1, " "1, " "1, " "1, " "1, " "1, " "1, " "1, " "1, " "1, " "1, " "1, " "1, " "1, " "1, " "1, " "1, " "1, " "1, " "1, " "1, " "1, " "1, " "1, " "1, " "1, " "1, " "1, " "1, " "1, " "1, " "1, " "1, " "1, " "1, " "1, " "1, " "1, " "1, " "1, " "1, " "1, " "1, " "1, " "1, " "1, " "1, " "1, " "1, " "0, " "1, " "1, " "1, " "1, " "1, " "1, " "1, " "1, " "1, " "1, " "1, " "1, " "1, " "1, " "1, " "1, " "1, " "1, " "1, " "1, " "1, " "1, " "1, " "1, " "1, " "1, " "1, " "1, " "1, " "1, " "1, " "1, " "1, " "1, " "1, " "1, " "1, " "1, " "1, " "1, " "1, " "1, " "1, " "1, " "1, " "1, " "1, " "1, " "1, " "1, " "1, " "1, " "1, " "1, " "1, " "1, " "1, " "1, " "1, " "1, " "1, " "1, " "1, " "1, " "1, " "1, " "1, " "1, " "1, " "1, " "1, " "1, " "1, " "1, " "1, " "1, " "1, " "1, " "1, " "1, " "1, " "1, " "1, " "1, " "1, " "1, " "1, " "1, " "1, " "1, " "1, " "1, " "1, " "1, " "1, " "1, " "1, " "1, " "1, " "1, " "1, " "1, " "1, " "1, " "1, " "1, " "1, " "1, " "1, " "1, " "1, " "1, " "1, " "1, " "1, " "1, " "1, " "1, " "1, " "1, " "1, " "1, " "1, " "1, " "1, " "1, " "1, " "1, " "1, " "1, " "1, " "1, " "1, " "1, " "1, " "1, " "1, " "1, " "1, " "1, " "1, " "1, " "1, " "1, " "1, " "1, " "1, " "1, " "1, " "1, " "1, " "1, " "1, " "1, " "1, " "1, " "1, " "1, " "1, " "1, " "1, " "1, " "1, " "1, " "1, " "1, " "1, " "1, " "1, " "1, " "1, " "1, " "1, " "1, " "1, " "1, " "1, " "1, " "1, " "1, " "1, " "1, " "1, " "1, " "1, " "1, " "1, " "1, " "1, " "1, " "1, " "1, " "1, " "1, " "1, " "1, " "1, " "1, " "1, " "1, " "1, " "1, " "1, " "1, " "1, " "1, " "1, " "1, " "1, " "1, " "1, " "1, " "1, " "1, " "1, " "1, " "1, " "1, " "1, " "1, " "1, " "1, " "1, " "1, " "1, " "1, " "1, " "1, " "1, " "1, " "1, " "1, " "1, " "1, " "1, " "1, " "1, " "1, " "1, " "1, " "1, " "1, " "1, " "1, " "1, " "1, " "1, " "1, " "1, " "1, " "1, " "1, " "1, " "1, " "1, " "1, " "1, " "1, " "1, " "1, " "1, " "1, " "1, " "1, " "1, " "1, " "1, " "1, " "1, " "1, " "1, " "1, " "1, " "1, " "1, " "1, " "1, " "1, " "1, " "1, " "1, " "1, " "1, " "1, " "1, " "1, " "1, " "1, " "1, " "1, " "1, " "1, " "1, " "1, " "1, " "1, " "1, " "1, " "1, " "1, " "1, " "1, " "1, " "1, " "1, " "1, " "1, " "1, " "1, " "1, " "1, " "1, " "1, " "1, " "1, " "1, " "1, " "1, " "1, " "1, " "1, " "1, " "1, " "1, " "1, " "1, " "1, " "1, " "1, " "1, " "1, " "1, " "1, " "1, " "1, " "1, " "1, " "1, " "1, " "1, " "1, " "1, " "1, " "1, " "1, " "1, " "1, " "1, " "1, " "1, " "1, " "1, " "1, " "1, " "1, " "1, " "1, " "1, " "1, " "1, " "1, " "1, " "1, " "1, " "1, " "1, " "1, " "1, " "1, " "1, " "1, " "1, " "1, " "1, " "1, " "1, " "1, " "1, " "1, " "1, " "1, " "1, " "1, " "1, " "1, " "1, " "1, " "1, " "1, " "1, " "1, " "1, " "1, " "1, " "1, " "1, " "1, " "1, " "1, " "1, " "1, " "1, " "1, " "1, " "1, " "1, " "1, " "1, " "1, " "1, " "1, " "1, " "1, " "1, " "1, " "1, " "1, " "1, " "1, " "1, " "1, " "1, " "1, " "1, " "1, " "1, " "1, " "1, " "1, " "1, " "1, " "1, " "1, " "1, " "1, " "1, " "1, " "1, " "1, " "1, " "1, " "1, " "1, " "1, " "1, " "1, " "1, " "1, " "1, " "1, " "1, " "1, " "1, " "1, " "1, " "1, "0
 "Nei57, 0.125, " "0.17, " "1, " "1, " "1, " "1, " "1, " "1, " "1, " "1, " "1, " "1, " "1, " "1, " "1, " "1, " "1, " "1, " "1, " "1, " "1, " "1, " "1, " "1, " "1, " "1, " "1, " "1, " "1, " "1, " "1, " "1, " "1, " "1, " "1, " "1, " "1, " "1, " "1, " "1, " "1, " "1, " "1, " "1, " "1, " "1, " "1, " "1, " "1, " "1, " "1, " "1, " "1, " "1, " "1, " "1, " "1, " "1, " "1, " "0, " "1, " "1, " "1, " "1, " "1, " "1, " "1, " "1, " "1, " "1, " "1, " "1, " "1, " "1, " "1, " "1, " "1, " "1, " "1, " "1, " "1, " "1, " "1, " "1, " "1, " "1, " "1, " "1, " "1, " "1, " "1, " "1, " "1, " "1, " "1, " "1, " "1, " "1, " "1, " "1, " "1, " "1, " "1, " "1, " "1, " "1, " "1, " "1, " "1, " "1, " "1, " "1, " "1, " "1, " "1, " "1, " "1, " "1, " "1, " "1, " "1, " "1, " "1, " "1, " "1, " "1, " "1, " "1, " "1, " "1, " "1, " "1, " "1, " "1, " "1, " "1, " "1, " "1, " "1, " "1, " "1, " "1, " "1, " "1, " "1, " "1, " "1, " "1, " "1, " "1, " "1, " "1, " "1, " "1, " "1, " "1, " "1, " "1, " "1, " "1, " "1, " "1, " "1, " "1, " "1, " "1, " "1, " "1, " "1, " "1, " "1, " "1, " "1, " "1, " "1, " "1, " "1, " "1, " "1, " "1, " "1, " "1, " "1, " "1, " "1, " "1, " "1, " "1, " "1, " "1, " "1, " "1, " "1, " "1, " "1, " "1, " "1, " "1, " "1, " "1, " "1, " "1, " "1, " "1, " "1, " "1, " "1, " "1, " "1, " "1, " "1, " "1, " "1, " "1, " "1, " "1, " "1, " "1, " "1, " "1, " "1, " "1, " "1, " "1, " "1, " "1, " "1, " "1, " "1, " "1, " "1, " "1, " "1, " "1, " "1, " "1, " "1, " "1, " "1, " "1, " "1, " "1, " "1, " "1, " "1, " "1, " "1, " "1, " "1, " "1, " "1, " "1, " "1, " "1, " "1, " "1, " "1, " "1, " "1, " "1, " "1, " "1, " "1, " "1, " "1, " "1, " "1, " "1, " "1, " "1, " "1, " "1, " "1, " "1, " "1, " "1, " "1, " "1, " "1, " "1, " "1, " "1, " "1, " "1, " "1, " "1, " "1, " "1, " "1, " "1, " "1, " "1, " "1, " "1, " "1, " "1, " "1, " "1, " "1, " "1, " "1, " "1, " "1, " "1, " "1, " "1, " "1, " "1, " "1, " "1, " "1, " "1, " "1, " "1, " "1, " "1, " "1, " "1, " "1, " "1, " "1, " "1, " "1, " "1, " "1, " "1, " "1, " "1, " "1, " "1, " "1, " "1, " "1, " "1, " "1, " "1, " "1, " "1, " "1, " "1, " "1, " "1, " "1, " "1, " "1, " "1, " "1, " "1, " "1, " "1, " "1, " "1, " "1, " "1, " "1, " "1, " "1, " "1, " "1, " "1, " "1, " "1, " "1, " "1, " "1, " "1, " "1, " "1, " "1, " "1, " "1, " "1, " "1, " "1, " "1, " "1, " "1, " "1, " "1, " "1, " "1, " "1, " "1, " "1, " "1, " "1, " "1, " "1, " "1, " "1, " "1, " "1, " "1, " "1, " "1, " "1, " "1, " "1, " "1, " "1, " "1, " "1, " "1, " "1, " "1, " "1, " "1, " "1, " "1, " "1, " "1, " "1, " "1, " "1, " "1, " "1, " "1, " "1, " "1, " "1, " "1, " "1, " "1, " "1, " "1, " "1, " "1, " "1, " "1, " "1, " "1, " "1, " "1, " "1, " "1, " "1, " "1, " "1, " "1, " "1, " "1, " "1, " "1, " "1, " "1, " "1, " "1, " "1, " "1, " "1, " "1, " "1, " "1, " "1, " "1, " "1, " "1, " "1, " "1, " "1, " "1, " "1, " "1, " "1, " "1, " "1, " "1, " "1, " "1, " "1, " "1, " "1, " "1, " "1, " "1, " "1, " "1, " "1, " "1, " "1, " "1, " "1, " "1, " "1, " "1, " "1, " "1, " "1, " "1, " "1, " "1, " "1, " "1, " "1, " "1, " "1, " "1, " "1, " "1, " "1, " "1, " "1, " "1, " "1, " "1, " "1, " "1, " "1, " "1, " "1, " "1, " "1, " "1, " "1, " "1, "0
 "Nei58, 0.345, " "-0.764, " "1, " "1, " "1, " "1, " "1, " "1, " "1, " "1, " "1, " "1, " "1, " "1, " "1, " "1, " "1, " "1, " "1, " "1, " "1, " "1, " "1, " "1, " "1, " "1, " "1, " "1, " "1, " "1, " "1, " "1, " "1, " "1, " "1, " "1, " "1, " "1, " "1, " "1, " "1, " "1, " "1, " "1, " "1, " "1, " "1, " "1, " "1, " "1, " "1, " "1, " "1, " "1, " "1, " "1, " "1, " "1, " "1, " "1, " "0, " "1, " "1, " "1, " "1, " "1, " "1, " "1, " "1, " "1, " "1, " "1, " "1, " "1, " "1, " "1, " "1, " "1, " "1, " "1, " "1, " "1, " "1, " "1, " "1, " "1, " "1, " "1, " "1, " "1, " "1, " "1, " "1, " "1, " "1, " "1, " "1, " "1, " "1, " "1, " "1, " "1, " "1, " "1, " "1, " "1, " "1, " "1, " "1, " "1, " "1, " "1, " "1, " "1, " "1, " "1, " "1, " "1, " "1, " "1, " "1, " "1, " "1, " "1, " "1, " "1, " "1, " "1, " "1, " "1, " "1, " "1, " "1, " "1, " "1, " "1, " "1, " "1, " "1, " "1, " "1, " "1, " "1, " "1, " "1, " "1, " "1, " "1, " "1, " "1, " "1, " "1, " "1, " "1, " "1, " "1, " "1, " "1, " "1, " "1, " "1, " "1, " "1, " "1, " "1, " "1, " "1, " "1, " "1, " "1, " "1, " "1, " "1, " "1, " "1, " "1, " "1, " "1, " "1, " "1, " "1, " "1, " "1, " "1, " "1, " "1, " "1, " "1, " "1, " "1, " "1, " "1, " "1, " "1, " "1, " "1, " "1, " "1, " "1, " "1, " "1, " "1, " "1, " "1, " "1, " "1, " "1, " "1, " "1, " "1, " "1, " "1, " "1, " "1, " "1, " "1, " "1, " "1, " "1, " "1, " "1, " "1, " "1, " "1, " "1, " "1, " "1, " "1, " "1, " "1, " "1, " "1, " "1, " "1, " "1, " "1, " "1, " "1, " "1, " "1, " "1, " "1, " "1, " "1, " "1, " "1, " "1, " "1, " "1, " "1, " "1, " "1, " "1, " "1, " "1, " "1, " "1, " "1, " "1, " "1, " "1, " "1, " "1, " "1, " "1, " "1, " "1, " "1, " "1, " "1, " "1, " "1, " "1, " "1, " "1, " "1, " "1, " "1, " "1, " "1, " "1, " "1, " "1, " "1, " "1, " "1, " "1, " "1, " "1, " "1, " "1, " "1, " "1, " "1, " "1, " "1, " "1, " "1, " "1, " "1, " "1, " "1, " "1, " "1, " "1, " "1, " "1, " "1, " "1, " "1, " "1, " "1, " "1, " "1, " "1, " "1, " "1, " "1, " "1, " "1, " "1, " "1, " "1, " "1, " "1, " "1, " "1, " "1, " "1, " "1, " "1, " "1, " "1, " "1, " "1, " "1, " "1, " "1, " "1, " "1, " "1, " "1, " "1, " "1, " "1, " "1, " "1, " "1, " "1, " "1, " "1, " "1, " "1, " "1, " "1, " "1, " "1, " "1, " "1, " "1, " "1, " "1, " "1, " "1, " "1, " "1, " "1, " "1, " "1, " "1, " "1, " "1, " "1, " "1, " "1, " "1, " "1, " "1, " "1, " "1, " "1, " "1, " "1, " "1, " "1, " "1, " "1, " "1, " "1, " "1, " "1, " "1, " "1, " "1, " "1, " "1, " "1, " "1, " "1, " "1, " "1, " "1, " "1, " "1, " "1, " "1, " "1, " "1, " "1, " "1, " "1, " "1, " "1, " "1, " "1, " "1, " "1, " "1, " "1, " "1, " "1, " "1, " "1, " "1, " "1, " "1, " "1, " "1, " "1, " "1, " "1, " "1, " "1, " "1, " "1, " "1, " "1, " "1, " "1, " "1, " "1, " "1, " "1, " "1, " "1, " "1, " "1, " "1, " "1, " "1, " "1, " "1, " "1, " "1, " "1, " "1, " "1, " "1, " "1, " "1, " "1, " "1, " "1, " "1, " "1, " "1, " "1, " "1, " "1, " "1, " "1, " "1, " "1, " "1, " "1, " "1, " "1, " "1, " "1, " "1, " "1, " "1, " "1, " "1, " "1, " "1, " "1, " "1, " "1, " "1, " "1, " "1, " "1, " "1, " "1, " "1, " "1, " "1, " "1, " "1, " "1, " "1, " "1, " "1, " "1, " "1, " "1, " "1, " "1, " "1, " "1, " "1, " "1, " "1, " "1, "0
 "Nei59, 0.313, " "-0.711, " "1, " "1, " "1, " "1, " "1, " "1, " "1, " "1, " "1, " "1, " "1, " "1, " "1, " "1, " "1, " "1, " "1, " "1, " "1, " "1, " "1, " "1, " "1, " "1, " "1, " "1, " "1, " "1, " "1, " "1, " "1, " "1, " "1, " "1, " "1, " "1, " "1, " "1, " "1, " "1, " "1, " "1, " "1, " "1, " "1, " "1, " "1, " "1, " "1, " "1, " "1, " "1, " "1, " "1, " "1, " "1, " "1, " "1, " "1, " "0, " "1, " "1, " "1, " "1, " "1, " "1, " "1, " "1, " "1, " "1, " "1, " "1, " "1, " "1, " "1, " "1, " "1, " "1, " "1, " "1, " "1, " "1, " "1, " "1, " "1, " "1, " "1, " "1, " "1, " "1, " "1, " "1, " "1, " "1, " "1, " "1, " "1, " "1, " "1, " "1, " "1, " "1, " "1, " "1, " "1, " "1, " "1, " "1, " "1, " "1, " "1, " "1, " "1, " "1, " "1, " "1, " "1, " "1, " "1, " "1, " "1, " "1, " "1, " "1, " "1, " "1, " "1, " "1, " "1, " "1, " "1, " "1, " "1, " "1, " "1, " "1, " "1, " "1, " "1, " "1, " "1, " "1, " "1, " "1, " "1, " "1, " "1, " "1, " "1, " "1, " "1, " "1, " "1, " "1, " "1, " "1, " "1, " "1, " "1, " "1, " "1, " "1, " "1, " "1, " "1, " "1, " "1, " "1, " "1, " "1, " "1, " "1, " "1, " "1, " "1, " "1, " "1, " "1, " "1, " "1, " "1, " "1, " "1, " "1, " "1, " "1, " "1, " "1, " "1, " "1, " "1, " "1, " "1, " "1, " "1, " "1, " "1, " "1, " "1, " "1, " "1, " "1, " "1, " "1, " "1, " "1, " "1, " "1, " "1, " "1, " "1, " "1, " "1, " "1, " "1, " "1, " "1, " "1, " "1, " "1, " "1, " "1, " "1, " "1, " "1, " "1, " "1, " "1, " "1, " "1, " "1, " "1, " "1, " "1, " "1, " "1, " "1, " "1, " "1, " "1, " "1, " "1, " "1, " "1, " "1, " "1, " "1, " "1, " "1, " "1, " "1, " "1, " "1, " "1, " "1, " "1, " "1, " "1, " "1, " "1, " "1, " "1, " "1, " "1, " "1, " "1, " "1, " "1, " "1, " "1, " "1, " "1, " "1, " "1, " "1, " "1, " "1, " "1, " "1, " "1, " "1, " "1, " "1, " "1, " "1, " "1, " "1, " "1, " "1, " "1, " "1, " "1, " "1, " "1, " "1, " "1, " "1, " "1, " "1, " "1, " "1, " "1, " "1, " "1, " "1, " "1, " "1, " "1, " "1, " "1, " "1, " "1, " "1, " "1, " "1, " "1, " "1, " "1, " "1, " "1, " "1, " "1, " "1, " "1, " "1, " "1, " "1, " "1, " "1, " "1, " "1, " "1, " "1, " "1, " "1, " "1, " "1, " "1, " "1, " "1, " "1, " "1, " "1, " "1, " "1, " "1, " "1, " "1, " "1, " "1, " "1, " "1, " "1, " "1, " "1, " "1, " "1, " "1, " "1, " "1, " "1, " "1, " "1, " "1, " "1, " "1, " "1, " "1, " "1, " "1, " "1, " "1, " "1, " "1, " "1, " "1, " "1, " "1, " "1, " "1, " "1, " "1, " "1, " "1, " "1, " "1, " "1, " "1, " "1, " "1, " "1, " "1, " "1, " "1, " "1, " "1, " "1, " "1, " "1, " "1, " "1, " "1, " "1, " "1, " "1, " "1, " "1, " "1, " "1, " "1, " "1, " "1, " "1, " "1, " "1, " "1, " "1, " "1, " "1, " "1, " "1, " "1, " "1, " "1, " "1, " "1, " "1, " "1, " "1, " "1, " "1, " "1, " "1, " "1, " "1, " "1, " "1, " "1, " "1, " "1, " "1, " "1, " "1, " "1, " "1, " "1, " "1, " "1, " "1, " "1, " "1, " "1, " "1, " "1, " "1, " "1, " "1, " "1, " "1, " "1, " "1, " "1, " "1, " "1, " "1, " "1, " "1, " "1, " "1, " "1, " "1, " "1, " "1, " "1, " "1, " "1, " "1, " "1, " "1, " "1, " "1, " "1, " "1, " "1, " "1, " "1, " "1, " "1, " "1, " "1, " "1, " "1, " "1, " "1, " "1, " "1, " "1, " "1, " "1, " "1, " "1, " "1, " "1, " "1, " "1, " "1, " "1, " "1, " "1, " "1, " "1, " "1, " "1, "0
 "Nei60, 0.171, " "-0.951, " "1, " "1, " "1, " "1, " "1, " "1, " "1, " "1, " "1, " "1, " "1, " "1, " "1, " "1, " "1, " "1, " "1, " "1, " "1, " "1, " "1, " "1, " "1, " "1, " "1, " "1, " "1, " "1, " "1, " "1, " "1, " "1, " "1, " "1, " "1, " "1, " "1, " "1, " "1, " "1, " "1, " "1, " "1, " "1, " "1, " "1, " "1, " "1, " "1, " "1, " "1, " "1, " "1, " "1, " "1, " "1, " "1, " "1, " "1, " "1, " "0, " "1, " "1, " "1, " "1, " "1, " "1, " "1, " "1, " "1, " "1, " "1, " "1, " "1, " "1, " "1, " "1, " "1, " "1, " "1, " "1, " "1, " "1, " "1, " "1, " "1, " "1, " "1, " "1, " "1, " "1, " "1, " "1, " "1, " "1, " "1, " "1, " "1, " "1, " "1, " "1, " "1, " "1, " "1, " "1, " "1, " "1, " "1, " "1, " "1, " "1, " "1, " "1, " "1, " "1, " "1, " "1, " "1, " "1, " "1, " "1, " "1, " "1, " "1, " "1, " "1, " "1, " "1, " "1, " "1, " "1, " "1, " "1, " "1, " "1, " "1, " "1, " "1, " "1, " "1, " "1, " "1, " "1, " "1, " "1, " "1, " "1, " "1, " "1, " "1, " "1, " "1, " "1, " "1, " "1, " "1, " "1, " "1, " "1, " "1, " "1, " "1, " "1, " "1, " "1, " "1, " "1, " "1, " "1, " "1, " "1, " "1, " "1, " "1, " "1, " "1, " "1, " "1, " "1, " "1, " "1, " "1, " "1, " "1, " "1, " "1, " "1, " "1, " "1, " "1, " "1, " "1, " "1, " "1, " "1, " "1, " "1, " "1, " "1, " "1, " "1, " "1, " "1, " "1, " "1, " "1, " "1, " "1, " "1, " "1, " "1, " "1, " "1, " "1, " "1, " "1, " "1, " "1, " "1, " "1, " "1, " "1, " "1, " "1, " "1, " "1, " "1, " "1, " "1, " "1, " "1, " "1, " "1, " "1, " "1, " "1, " "1, " "1, " "1, " "1, " "1, " "1, " "1, " "1, " "1, " "1, " "1, " "1, " "1, " "1, " "1, " "1, " "1, " "1, " "1, " "1, " "1, " "1, " "1, " "1, " "1, " "1, " "1, " "1, " "1, " "1, " "1, " "1, " "1, " "1, " "1, " "1, " "1, " "1, " "1, " "1, " "1, " "1, " "1, " "1, " "1, " "1, " "1, " "1, " "1, " "1, " "1, " "1, " "1, " "1, " "1, " "1, " "1, " "1, " "1, " "1, " "1, " "1, " "1, " "1, " "1, " "1, " "1, " "1, " "1, " "1, " "1, " "1, " "1, " "1, " "1, " "1, " "1, " "1, " "1, " "1, " "1, " "1, " "1, " "1, " "1, " "1, " "1, " "1, " "1, " "1, " "1, " "1, " "1, " "1, " "1, " "1, " "1, " "1, " "1, " "1, " "1, " "1, " "1, " "1, " "1, " "1, " "1, " "1, " "1, " "1, " "1, " "1, " "1, " "1, " "1, " "1, " "1, " "1, " "1, " "1, " "1, " "1, " "1, " "1, " "1, " "1, " "1, " "1, " "1, " "1, " "1, " "1, " "1, " "1, " "1, " "1, " "1, " "1, " "1, " "1, " "1, " "1, " "1, " "1, " "1, " "1, " "1, " "1, " "1, " "1, " "1, " "1, " "1, " "1, " "1, " "1, " "1, " "1, " "1, " "1, " "1, " "1, " "1, " "1, " "1, " "1, " "1, " "1, " "1, " "1, " "1, " "1, " "1, " "1, " "1, " "1, " "1, " "1, " "1, " "1, " "1, " "1, " "1, " "1, " "1, " "1, " "1, " "1, " "1, " "1, " "1, " "1, " "1, " "1, " "1, " "1, " "1, " "1, " "1, " "1, " "1, " "1, " "1, " "1, " "1, " "1, " "1, " "1, " "1, " "1, " "1, " "1, " "1, " "1, " "1, " "1, " "1, " "1, " "1, " "1, " "1, " "1, " "1, " "1, " "1, " "1, " "1, " "1, " "1, " "1, " "1, " "1, " "1, " "1, " "1, " "1, " "1, " "1, " "1, " "1, " "1, " "1, " "1, " "1, " "1, " "1, " "1, " "1, " "1, " "1, " "1, " "1, " "1, " "1, " "1, " "1, " "1, " "1, " "1, " "1, " "1, " "1, " "1, " "1, " "1, " "1, " "1, " "1, " "1, " "1, " "1, " "1, " "1, " "1, " "1, " "1, " "1, "0
 "Nei61, 0.02, " "0.908, " "1, " "1, " "1, " "1, " "1, " "1, " "1, " "1, " "1, " "1, " "1, " "1, " "1, " "1, " "1, " "1, " "1, " "1, " "1, " "1, " "1, " "1, " "1, " "1, " "1, " "1, " "1, " "1, " "1, " "1, " "1, " "1, " "1, " "1, " "1, " "1, " "1, " "1, " "1, " "1, " "1, " "1, " "1, " "1, " "1, " "1, " "1, " "1, " "1, " "1, " "1, " "1, " "1, " "1, " "1, " "1, " "1, " "1, " "1, " "1, " "1, " "0, " "1, " "1, " "1, " "1, " "1, " "1, " "1, " "1, " "1, " "1, " "1, " "1, " "1, " "1, " "1, " "1, " "1, " "1, " "1, " "1, " "1, " "1, " "1, " "1, " "1, " "1, " "1, " "1, " "1, " "1, " "1, " "1, " "1, " "1, " "1, " "1, " "1, " "1, " "1, " "1, " "1, " "1, " "1, " "1, " "1, " "1, " "1, " "1, " "1, " "1, " "1, " "1, " "1, " "1, " "1, " "1, " "1, " "1, " "1, " "1, " "1, " "1, " "1, " "1, " "1, " "1, " "1, " "1, " "1, " "1, " "1, " "1, " "1, " "1, " "1, " "1, " "1, " "1, " "1, " "1, " "1, " "1, " "1, " "1, " "1, " "1, " "1, " "1, " "1, " "1, " "1, " "1, " "1, " "1, " "1, " "1, " "1, " "1, " "1, " "1, " "1, " "1, " "1, " "1, " "1, " "1, " "1, " "1, " "1, " "1, " "1, " "1, " "1, " "1, " "1, " "1, " "1, " "1, " "1, " "1, " "1, " "1, " "1, " "1, " "1, " "1, " "1, " "1, " "1, " "1, " "1, " "1, " "1, " "1, " "1, " "1, " "1, " "1, " "1, " "1, " "1, " "1, " "1, " "1, " "1, " "1, " "1, " "1, " "1, " "1, " "1, " "1, " "1, " "1, " "1, " "1, " "1, " "1, " "1, " "1, " "1, " "1, " "1, " "1, " "1, " "1, " "1, " "1, " "1, " "1, " "1, " "1, " "1, " "1, " "1, " "1, " "1, " "1, " "1, " "1, " "1, " "1, " "1, " "1, " "1, " "1, " "1, " "1, " "1, " "1, " "1, " "1, " "1, " "1, " "1, " "1, " "1, " "1, " "1, " "1, " "1, " "1, " "1, " "1, " "1, " "1, " "1, " "1, " "1, " "1, " "1, " "1, " "1, " "1, " "1, " "1, " "1, " "1, " "1, " "1, " "1, " "1, " "1, " "1, " "1, " "1, " "1, " "1, " "1, " "1, " "1, " "1, " "1, " "1, " "1, " "1, " "1, " "1, " "1, " "1, " "1, " "1, " "1, " "1, " "1, " "1, " "1, " "1, " "1, " "1, " "1, " "1, " "1, " "1, " "1, " "1, " "1, " "1, " "1, " "1, " "1, " "1, " "1, " "1, " "1, " "1, " "1, " "1, " "1, " "1, " "1, " "1, " "1, " "1, " "1, " "1, " "1, " "1, " "1, " "1, " "1, " "1, " "1, " "1, " "1, " "1, " "1, " "1, " "1, " "1, " "1, " "1, " "1, " "1, " "1, " "1, " "1, " "1, " "1, " "1, " "1, " "1, " "1, " "1, " "1, " "1, " "1, " "1, " "1, " "1, " "1, " "1, " "1, " "1, " "1, " "1, " "1, " "1, " "1, " "1, " "1, " "1, " "1, " "1, " "1, " "1, " "1, " "1, " "1, " "1, " "1, " "1, " "1, " "1, " "1, " "1, " "1, " "1, " "1, " "1, " "1, " "1, " "1, " "1, " "1, " "1, " "1, " "1, " "1, " "1, " "1, " "1, " "1, " "1, " "1, " "1, " "1, " "1, " "1, " "1, " "1, " "1, " "1, " "1, " "1, " "1, " "1, " "1, " "1, " "1, " "1, " "1, " "1, " "1, " "1, " "1, " "1, " "1, " "1, " "1, " "1, " "1, " "1, " "1, " "1, " "1, " "1, " "1, " "1, " "1, " "1, " "1, " "1, " "1, " "1, " "1, " "1, " "1, " "1, " "1, " "1, " "1, " "1, " "1, " "1, " "1, " "1, " "1, " "1, " "1, " "1, " "1, " "1, " "1, " "1, " "1, " "1, " "1, " "1, " "1, " "1, " "1, " "1, " "1, " "1, " "1, " "1, " "1, " "1, " "1, " "1, " "1, " "1, " "1, " "1, " "1, " "1, " "1, " "1, " "1, " "1, " "1, " "1, " "1, " "1, " "1, " "1, " "1, " "1, " "1, " "1, "0
 "Nei62, 0.333, " "0.258, " "1, " "1, " "1, " "1, " "1, " "1, " "1, " "1, " "1, " "1, " "1, " "1, " "1, " "1, " "1, " "1, " "1, " "1, " "1, " "1, " "1, " "1, " "1, " "1, " "1, " "1, " "1, " "1, " "1, " "1, " "1, " "1, " "1, " "1, " "1, " "1, " "1, " "1, " "1, " "1, " "1, " "1, " "1, " "1, " "1, " "1, " "1, " "1, " "1, " "1, " "1, " "1, " "1, " "1, " "1, " "1, " "1, " "1, " "1, " "1, " "1, " "1, " "0, " "1, " "1, " "1, " "1, " "1, " "1, " "1, " "1, " "1, " "1, " "1, " "1, " "1, " "1, " "1, " "1, " "1, " "1, " "1, " "1, " "1, " "1, " "1, " "1, " "1, " "1, " "1, " "1, " "1, " "1, " "1, " "1, " "1, " "1, " "1, " "1, " "1, " "1, " "1, " "1, " "1, " "1, " "1, " "1, " "1, " "1, " "1, " "1, " "1, " "1, " "1, " "1, " "1, " "1, " "1, " "1, " "1, " "1, " "1, " "1, " "1, " "1, " "1, " "1, " "1, " "1, " "1, " "1, " "1, " "1, " "1, " "1, " "1, " "1, " "1, " "1, " "1, " "1, " "1, " "1, " "1, " "1, " "1, " "1, " "1, " "1, " "1, " "1, " "1, " "1, " "1, " "1, " "1, " "1, " "1, " "1, " "1, " "1, " "1, " "1, " "1, " "1, " "1, " "1, " "1, " "1, " "1, " "1, " "1, " "1, " "1, " "1, " "1, " "1, " "1, " "1, " "1, " "1, " "1, " "1, " "1, " "1, " "1, " "1, " "1, " "1, " "1, " "1, " "1, " "1, " "1, " "1, " "1, " "1, " "1, " "1, " "1, " "1, " "1, " "1, " "1, " "1, " "1, " "1, " "1, " "1, " "1, " "1, " "1, " "1, " "1, " "1, " "1, " "1, " "1, " "1, " "1, " "1, " "1, " "1, " "1, " "1, " "1, " "1, " "1, " "1, " "1, " "1, " "1, " "1, " "1, " "1, " "1, " "1, " "1, " "1, " "1, " "1, " "1, " "1, " "1, " "1, " "1, " "1, " "1, " "1, " "1, " "1, " "1, " "1, " "1, " "1, " "1, " "1, " "1, " "1, " "1, " "1, " "1, " "1, " "1, " "1, " "1, " "1, " "1, " "1, " "1, " "1, " "1, " "1, " "1, " "1, " "1, " "1, " "1, " "1, " "1, " "1, " "1, " "1, " "1, " "1, " "1, " "1, " "1, " "1, " "1, " "1, " "1, " "1, " "1, " "1, " "1, " "1, " "1, " "1, " "1, " "1, " "1, " "1, " "1, " "1, " "1, " "1, " "1, " "1, " "1, " "1, " "1, " "1, " "1, " "1, " "1, " "1, " "1, " "1, " "1, " "1, " "1, " "1, " "1, " "1, " "1, " "1, " "1, " "1, " "1, " "1, " "1, " "1, " "1, " "1, " "1, " "1, " "1, " "1, " "1, " "1, " "1, " "1, " "1, " "1, " "1, " "1, " "1, " "1, " "1, " "1, " "1, " "1, " "1, " "1, " "1, " "1, " "1, " "1, " "1, " "1, " "1, " "1, " "1, " "1, " "1, " "1, " "1, " "1, " "1, " "1, " "1, " "1, " "1, " "1, " "1, " "1, " "1, " "1, " "1, " "1, " "1, " "1, " "1, " "1, " "1, " "1, " "1, " "1, " "1, " "1, " "1, " "1, " "1, " "1, " "1, " "1, " "1, " "1, " "1, " "1, " "1, " "1, " "1, " "1, " "1, " "1, " "1, " "1, " "1, " "1, " "1, " "1, " "1, " "1, " "1, " "1, " "1, " "1, " "1, " "1, " "1, " "1, " "1, " "1, " "1, " "1, " "1, " "1, " "1, " "1, " "1, " "1, " "1, " "1, " "1, " "1, " "1, " "1, " "1, " "1, " "1, " "1, " "1, " "1, " "1, " "1, " "1, " "1, " "1, " "1, " "1, " "1, " "1, " "1, " "1, " "1, " "1, " "1, " "1, " "1, " "1, " "1, " "1, " "1, " "1, " "1, " "1, " "1, " "1, " "1, " "1, " "1, " "1, " "1, " "1, " "1, " "1, " "1, " "1, " "1, " "1, " "1, " "1, " "1, " "1, " "1, " "1, " "1, " "1, " "1, " "1, " "1, " "1, " "1, " "1, " "1, " "1, " "1, " "1, " "1, " "1, " "1, " "1, " "1, " "1, " "1, " "1, " "1, " "1, " "1, " "1, " "1, "0
 "Nei63, 0.208, " "-0.493, " "1, " "1, " "1, " "1, " "1, " "1, " "1, " "1, " "1, " "1, " "1, " "1, " "1, " "1, " "1, " "1, " "1, " "1, " "1, " "1, " "1, " "1, " "1, " "1, " "1, " "1, " "1, " "1, " "1, " "1, " "1, " "1, " "1, " "1, " "1, " "1, " "1, " "1, " "1, " "1, " "1, " "1, " "1, " "1, " "1, " "1, " "1, " "1, " "1, " "1, " "1, " "1, " "1, " "1, " "1, " "1, " "1, " "1, " "1, " "1, " "1, " "1, " "1, " "0, " "1, " "1, " "1, " "1, " "1, " "1, " "1, " "1, " "1, " "1, " "1, " "1, " "1, " "1, " "1, " "1, " "1, " "1, " "1, " "1, " "1, " "1, " "1, " "1, " "1, " "1, " "1, " "1, " "1, " "1, " "1, " "1, " "1, " "1, " "1, " "1, " "1, " "1, " "1, " "1, " "1, " "1, " "1, " "1, " "1, " "1, " "1, " "1, " "1, " "1, " "1, " "1, " "1, " "1, " "1, " "1, " "1, " "1, " "1, " "1, " "1, " "1, " "1, " "1, " "1, " "1, " "1, " "1, " "1, " "1, " "1, " "1, " "1, " "1, " "1, " "1, " "1, " "1, " "1, " "1, " "1, " "1, " "1, " "1, " "1, " "1, " "1, " "1, " "1, " "1, " "1, " "1, " "1, " "1, " "1, " "1, " "1, " "1, " "1, " "1, " "1, " "1, " "1, " "1, " "1, " "1, " "1, " "1, " "1, " "1, " "1, " "1, " "1, " "1, " "1, " "1, " "1, " "1, " "1, " "1, " "1, " "1, " "1, " "1, " "1, " "1, " "1, " "1, " "1, " "1, " "1, " "1, " "1, " "1, " "1, " "1, " "1, " "1, " "1, " "1, " "1, " "1, " "1, " "1, " "1, " "1, " "1, " "1, " "1, " "1, " "1, " "1, " "1, " "1, " "1, " "1, " "1, " "1, " "1, " "1, " "1, " "1, " "1, " "1, " "1, " "1, " "1, " "1, " "1, " "1, " "1, " "1, " "1, " "1, " "1, " "1, " "1, " "1, " "1, " "1, " "1, " "1, " "1, " "1, " "1, " "1, " "1, " "1, " "1, " "1, " "1, " "1, " "1, " "1, " "1, " "1, " "1, " "1, " "1, " "1, " "1, " "1, " "1, " "1, " "1, " "1, " "1, " "1, " "1, " "1, " "1, " "1, " "1, " "1, " "1, " "1, " "1, " "1, " "1, " "1, " "1, " "1, " "1, " "1, " "1, " "1, " "1, " "1, " "1, " "1, " "1, " "1, " "1, " "1, " "1, " "1, " "1, " "1, " "1, " "1, " "1, " "1, " "1, " "1, " "1, " "1, " "1, " "1, " "1, " "1, " "1, " "1, " "1, " "1, " "1, " "1, " "1, " "1, " "1, " "1, " "1, " "1, " "1, " "1, " "1, " "1, " "1, " "1, " "1, " "1, " "1, " "1, " "1, " "1, " "1, " "1, " "1, " "1, " "1, " "1, " "1, " "1, " "1, " "1, " "1, " "1, " "1, " "1, " "1, " "1, " "1, " "1, " "1, " "1, " "1, " "1, " "1, " "1, " "1, " "1, " "1, " "1, " "1, " "1, " "1, " "1, " "1, " "1, " "1, " "1, " "1, " "1, " "1, " "1, " "1, " "1, " "1, " "1, " "1, " "1, " "1, " "1, " "1, " "1, " "1, " "1, " "1, " "1, " "1, " "1, " "1, " "1, " "1, " "1, " "1, " "1, " "1, " "1, " "1, " "1, " "1, " "1, " "1, " "1, " "1, " "1, " "1, " "1, " "1, " "1, " "1, " "1, " "1, " "1, " "1, " "1, " "1, " "1, " "1, " "1, " "1, " "1, " "1, " "1, " "1, " "1, " "1, " "1, " "1, " "1, " "1, " "1, " "1, " "1, " "1, " "1, " "1, " "1, " "1, " "1, " "1, " "1, " "1, " "1, " "1, " "1, " "1, " "1, " "1, " "1, " "1, " "1, " "1, " "1, " "1, " "1, " "1, " "1, " "1, " "1, " "1, " "1, " "1, " "1, " "1, " "1, " "1, " "1, " "1, " "1, " "1, " "1, " "1, " "1, " "1, " "1, " "1, " "1, " "1, " "1, " "1, " "1, " "1, " "1, " "1, " "1, " "1, " "1, " "1, " "1, " "1, " "1, " "1, " "1, " "1, " "1, " "1, " "1, " "1, " "1, " "1, " "1, " "1, " "1, " "1, " "1, " "1, " "1, " "1, "0
 "Nei64, 0.198, " "-0.499, " "1, " "1, " "1, " "1, " "1, " "1, " "1, " "1, " "1, " "1, " "1, " "1, " "1, " "1, " "1, " "1, " "1, " "1, " "1, " "1, " "1, " "1, " "1, " "1, " "1, " "1, " "1, " "1, " "1, " "1, " "1, " "1, " "1, " "1, " "1, " "1, " "1, " "1, " "1, " "1, " "1, " "1, " "1, " "1, " "1, " "1, " "1, " "1, " "1, " "1, " "1, " "1, " "1, " "1, " "1, " "1, " "1, " "1, " "1, " "1, " "1, " "1, " "1, " "1, " "0, " "1, " "1, " "1, " "1, " "1, " "1, " "1, " "1, " "1, " "1, " "1, " "1, " "1, " "1, " "1, " "1, " "1, " "1, " "1, " "1, " "1, " "1, " "1, " "1, " "1, " "1, " "1, " "1, " "1, " "1, " "1, " "1, " "1, " "1, " "1, " "1, " "1, " "1, " "1, " "1, " "1, " "1, " "1, " "1, " "1, " "1, " "1, " "1, " "1, " "1, " "1, " "1, " "1, " "1, " "1, " "1, " "1, " "1, " "1, " "1, " "1, " "1, " "1, " "1, " "1, " "1, " "1, " "1, " "1, " "1, " "1, " "1, " "1, " "1, " "1, " "1, " "1, " "1, " "1, " "1, " "1, " "1, " "1, " "1, " "1, " "1, " "1, " "1, " "1, " "1, " "1, " "1, " "1, " "1, " "1, " "1, " "1, " "1, " "1, " "1, " "1, " "1, " "1, " "1, " "1, " "1, " "1, " "1, " "1, " "1, " "1, " "1, " "1, " "1, " "1, " "1, " "1, " "1, " "1, " "1, " "1, " "1, " "1, " "1, " "1, " "1, " "1, " "1, " "1, " "1, " "1, " "1, " "1, " "1, " "1, " "1, " "1, " "1, " "1, " "1, " "1, " "1, " "1, " "1, " "1, " "1, " "1, " "1, " "1, " "1, " "1, " "1, " "1, " "1, " "1, " "1, " "1, " "1, " "1, " "1, " "1, " "1, " "1, " "1, " "1, " "1, " "1, " "1, " "1, " "1, " "1, " "1, " "1, " "1, " "1, " "1, " "1, " "1, " "1, " "1, " "1, " "1, " "1, " "1, " "1, " "1, " "1, " "1, " "1, " "1, " "1, " "1, " "1, " "1, " "1, " "1, " "1, " "1, " "1, " "1, " "1, " "1, " "1, " "1, " "1, " "1, " "1, " "1, " "1, " "1, " "1, " "1, " "1, " "1, " "1, " "1, " "1, " "1, " "1, " "1, " "1, " "1, " "1, " "1, " "1, " "1, " "1, " "1, " "1, " "1, " "1, " "1, " "1, " "1, " "1, " "1, " "1, " "1, " "1, " "1, " "1, " "1, " "1, " "1, " "1, " "1, " "1, " "1, " "1, " "1, " "1, " "1, " "1, " "1, " "1, " "1, " "1, " "1, " "1, " "1, " "1, " "1, " "1, " "1, " "1, " "1, " "1, " "1, " "1, " "1, " "1, " "1, " "1, " "1, " "1, " "1, " "1, " "1, " "1, " "1, " "1, " "1, " "1, " "1, " "1, " "1, " "1, " "1, " "1, " "1, " "1, " "1, " "1, " "1, " "1, " "1, " "1, " "1, " "1, " "1, " "1, " "1, " "1, " "1, " "1, " "1, " "1, " "1, " "1, " "1, " "1, " "1, " "1, " "1, " "1, " "1, " "1, " "1, " "1, " "1, " "1, " "1, " "1, " "1, " "1, " "1, " "1, " "1, " "1, " "1, " "1, " "1, " "1, " "1, " "1, " "1, " "1, " "1, " "1, " "1, " "1, " "1, " "1, " "1, " "1, " "1, " "1, " "1, " "1, " "1, " "1, " "1, " "1, " "1, " "1, " "1, " "1, " "1, " "1, " "1, " "1, " "1, " "1, " "1, " "1, " "1, " "1, " "1, " "1, " "1, " "1, " "1, " "1, " "1, " "1, " "1, " "1, " "1, " "1, " "1, " "1, " "1, " "1, " "1, " "1, " "1, " "1, " "1, " "1, " "1, " "1, " "1, " "1, " "1, " "1, " "1, " "1, " "1, " "1, " "1, " "1, " "1, " "1, " "1, " "1, " "1, " "1, " "1, " "1, " "1, " "1, " "1, " "1, " "1, " "1, " "1, " "1, " "1, " "1, " "1, " "1, " "1, " "1, " "1, " "1, " "1, " "1, " "1, " "1, " "1, " "1, " "1, " "1, " "1, " "1, " "1, " "1, " "1, " "1, " "1, " "1, " "1, " "1, " "1, " "1, " "1, " "1, " "1, "0
 "Nei65, 0.233, " "-0.996, " "1, " "1, " "1, " "1, " "1, " "1, " "1, " "1, " "1, " "1, " "1, " "1, " "1, " "1, " "1, " "1, " "1, " "1, " "1, " "1, " "1, " "1, " "1, " "1, " "1, " "1, " "1, " "1, " "1, " "1, " "1, " "1, " "1, " "1, " "1, " "1, " "1, " "1, " "1, " "1, " "1, " "1, " "1, " "1, " "1, " "1, " "1, " "1, " "1, " "1, " "1, " "1, " "1, " "1, " "1, " "1, " "1, " "1, " "1, " "1, " "1, " "1, " "1, " "1, " "1, " "0, " "1, " "1, " "1, " "1, " "1, " "1, " "1, " "1, " "1, " "1, " "1, " "1, " "1, " "1, " "1, " "1, " "1, " "1, " "1, " "1, " "1, " "1, " "1, " "1, " "1, " "1, " "1, " "1, " "1, " "1, " "1, " "1, " "1, " "1, " "1, " "1, " "1, " "1, " "1, " "1, " "1, " "1, " "1, " "1, " "1, " "1, " "1, " "1, " "1, " "1, " "1, " "1, " "1, " "1, " "1, " "1, " "1, " "1, " "1, " "1, " "1, " "1, " "1, " "1, " "1, " "1, " "1, " "1, " "1, " "1, " "1, " "1, " "1, " "1, " "1, " "1, " "1, " "1, " "1, " "1, " "1, " "1, " "1, " "1, " "1, " "1, " "1, " "1, " "1, " "1, " "1, " "1, " "1, " "1, " "1, " "1, " "1, " "1, " "1, " "1, " "1, " "1, " "1, " "1, " "1, " "1, " "1, " "1, " "1, " "1, " "1, " "1, " "1, " "1, " "1, " "1, " "1, " "1, " "1, " "1, " "1, " "1, " "1, " "1, " "1, " "1, " "1, " "1, " "1, " "1, " "1, " "1, " "1, " "1, " "1, " "1, " "1, " "1, " "1, " "1, " "1, " "1, " "1, " "1, " "1, " "1, " "1, " "1, " "1, " "1, " "1, " "1, " "1, " "1, " "1, " "1, " "1, " "1, " "1, " "1, " "1, " "1, " "1, " "1, " "1, " "1, " "1, " "1, " "1, " "1, " "1, " "1, " "1, " "1, " "1, " "1, " "1, " "1, " "1, " "1, " "1, " "1, " "1, " "1, " "1, " "1, " "1, " "1, " "1, " "1, " "1, " "1, " "1, " "1, " "1, " "1, " "1, " "1, " "1, " "1, " "1, " "1, " "1, " "1, " "1, " "1, " "1, " "1, " "1, " "1, " "1, " "1, " "1, " "1, " "1, " "1, " "1, " "1, " "1, " "1, " "1, " "1, " "1, " "1, " "1, " "1, " "1, " "1, " "1, " "1, " "1, " "1, " "1, " "1, " "1, " "1, " "1, " "1, " "1, " "1, " "1, " "1, " "1, " "1, " "1, " "1, " "1, " "1, " "1, " "1, " "1, " "1, " "1, " "1, " "1, " "1, " "1, " "1, " "1, " "1, " "1, " "1, " "1, " "1, " "1, " "1, " "1, " "1, " "1, " "1, " "1, " "1, " "1, " "1, " "1, " "1, " "1, " "1, " "1, " "1, " "1, " "1, " "1, " "1, " "1, " "1, " "1, " "1, " "1, " "1, " "1, " "1, " "1, " "1, " "1, " "1, " "1, " "1, " "1, " "1, " "1, " "1, " "1, " "1, " "1, " "1, " "1, " "1, " "1, " "1, " "1, " "1, " "1, " "1, " "1, " "1, " "1, " "1, " "1, " "1, " "1, " "1, " "1, " "1, " "1, " "1, " "1, " "1, " "1, " "1, " "1, " "1, " "1, " "1, " "1, " "1, " "1, " "1, " "1, " "1, " "1, " "1, " "1, " "1, " "1, " "1, " "1, " "1, " "1, " "1, " "1, " "1, " "1, " "1, " "1, " "1, " "1, " "1, " "1, " "1, " "1, " "1, " "1, " "1, " "1, " "1, " "1, " "1, " "1, " "1, " "1, " "1, " "1, " "1, " "1, " "1, " "1, " "1, " "1, " "1, " "1, " "1, " "1, " "1, " "1, " "1, " "1, " "1, " "1, " "1, " "1, " "1, " "1, " "1, " "1, " "1, " "1, " "1, " "1, " "1, " "1, " "1, " "1, " "1, " "1, " "1, " "1, " "1, " "1, " "1, " "1, " "1, " "1, " "1, " "1, " "1, " "1, " "1, " "1, " "1, " "1, " "1, " "1, " "1, " "1, " "1, " "1, " "1, " "1, " "1, " "1, " "1, " "1, " "1, " "1, " "1, " "1, " "1, " "1, " "1, " "1, " "1, " "1, " "1, " "1, " "1, " "1, "0
 "Nei66, 0.264, " "0.203, " "1, " "1, " "1, " "1, " "1, " "1, " "1, " "1, " "1, " "1, " "1, " "1, " "1, " "1, " "1, " "1, " "1, " "1, " "1, " "1, " "1, " "1, " "1, " "1, " "1, " "1, " "1, " "1, " "1, " "1, " "1, " "1, " "1, " "1, " "1, " "1, " "1, " "1, " "1, " "1, " "1, " "1, " "1, " "1, " "1, " "1, " "1, " "1, " "1, " "1, " "1, " "1, " "1, " "1, " "1, " "1, " "1, " "1, " "1, " "1, " "1, " "1, " "1, " "1, " "1, " "1, " "0, " "1, " "1, " "1, " "1, " "1, " "1, " "1, " "1, " "1, " "1, " "1, " "1, " "1, " "1, " "1, " "1, " "1, " "1, " "1, " "1, " "1, " "1, " "1, " "1, " "1, " "1, " "1, " "1, " "1, " "1, " "1, " "1, " "1, " "1, " "1, " "1, " "1, " "1, " "1, " "1, " "1, " "1, " "1, " "1, " "1, " "1, " "1, " "1, " "1, " "1, " "1, " "1, " "1, " "1, " "1, " "1, " "1, " "1, " "1, " "1, " "1, " "1, " "1, " "1, " "1, " "1, " "1, " "1, " "1, " "1, " "1, " "1, " "1, " "1, " "1, " "1, " "1, " "1, " "1, " "1, " "1, " "1, " "1, " "1, " "1, " "1, " "1, " "1, " "1, " "1, " "1, " "1, " "1, " "1, " "1, " "1, " "1, " "1, " "1, " "1, " "1, " "1, " "1, " "1, " "1, " "1, " "1, " "1, " "1, " "1, " "1, " "1, " "1, " "1, " "1, " "1, " "1, " "1, " "1, " "1, " "1, " "1, " "1, " "1, " "1, " "1, " "1, " "1, " "1, " "1, " "1, " "1, " "1, " "1, " "1, " "1, " "1, " "1, " "1, " "1, " "1, " "1, " "1, " "1, " "1, " "1, " "1, " "1, " "1, " "1, " "1, " "1, " "1, " "1, " "1, " "1, " "1, " "1, " "1, " "1, " "1, " "1, " "1, " "1, " "1, " "1, " "1, " "1, " "1, " "1, " "1, " "1, " "1, " "1, " "1, " "1, " "1, " "1, " "1, " "1, " "1, " "1, " "1, " "1, " "1, " "1, " "1, " "1, " "1, " "1, " "1, " "1, " "1, " "1, " "1, " "1, " "1, " "1, " "1, " "1, " "1, " "1, " "1, " "1, " "1, " "1, " "1, " "1, " "1, " "1, " "1, " "1, " "1, " "1, " "1, " "1, " "1, " "1, " "1, " "1, " "1, " "1, " "1, " "1, " "1, " "1, " "1, " "1, " "1, " "1, " "1, " "1, " "1, " "1, " "1, " "1, " "1, " "1, " "1, " "1, " "1, " "1, " "1, " "1, " "1, " "1, " "1, " "1, " "1, " "1, " "1, " "1, " "1, " "1, " "1, " "1, " "1, " "1, " "1, " "1, " "1, " "1, " "1, " "1, " "1, " "1, " "1, " "1, " "1, " "1, " "1, " "1, " "1, " "1, " "1, " "1, " "1, " "1, " "1, " "1, " "1, " "1, " "1, " "1, " "1, " "1, " "1, " "1, " "1, " "1, " "1, " "1, " "1, " "1, " "1, " "1, " "1, " "1, " "1, " "1, " "1, " "1, " "1, " "1, " "1, " "1, " "1, " "1, " "1, " "1, " "1, " "1, " "1, " "1, " "1, " "1, " "1, " "1, " "1, " "1, " "1, " "1, " "1, " "1, " "1, " "1, " "1, " "1, " "1, " "1, " "1, " "1, " "1, " "1, " "1, " "1, " "1, " "1, " "1, " "1, " "1, " "1, " "1, " "1, " "1, " "1, " "1, " "1, " "1, " "1, " "1, " "1, " "1, " "1, " "1, " "1, " "1, " "1, " "1, " "1, " "1, " "1, " "1, " "1, " "1, " "1, " "1, " "1, " "1, " "1, " "1, " "1, " "1, " "1, " "1, " "1, " "1, " "1, " "1, " "1, " "1, " "1, " "1, " "1, " "1, " "1, " "1, " "1, " "1, " "1, " "1, " "1, " "1, " "1, " "1, " "1, " "1, " "1, " "1, " "1, " "1, " "1, " "1, " "1, " "1, " "1, " "1, " "1, " "1, " "1, " "1, " "1, " "1, " "1, " "1, " "1, " "1, " "1, " "1, " "1, " "1, " "1, " "1, " "1, " "1, " "1, " "1, " "1, " "1, " "1, " "1, " "1, " "1, " "1, " "1, " "1, " "1, " "1, " "1, " "1, " "1, " "1, " "1, " "1, " "1, " "1, "0
 "Nei67, 0.198, " "-0.237, " "1, " "1, " "1, " "1, " "1, " "1, " "1, " "1, " "1, " "1, " "1, " "1, " "1, " "1, " "1, " "1, " "1, " "1, " "1, " "1, " "1, " "1, " "1, " "1, " "1, " "1, " "1, " "1, " "1, " "1, " "1, " "1, " "1, " "1, " "1, " "1, " "1, " "1, " "1, " "1, " "1, " "1, " "1, " "1, " "1, " "1, " "1, " "1, " "1, " "1, " "1, " "1, " "1, " "1, " "1, " "1, " "1, " "1, " "1, " "1, " "1, " "1, " "1, " "1, " "1, " "1, " "1, " "0, " "1, " "1, " "1, " "1, " "1, " "1, " "1, " "1, " "1, " "1, " "1, " "1, " "1, " "1, " "1, " "1, " "1, " "1, " "1, " "1, " "1, " "1, " "1, " "1, " "1, " "1, " "1, " "1, " "1, " "1, " "1, " "1, " "1, " "1, " "1, " "1, " "1, " "1, " "1, " "1, " "1, " "1, " "1, " "1, " "1, " "1, " "1, " "1, " "1, " "1, " "1, " "1, " "1, " "1, " "1, " "1, " "1, " "1, " "1, " "1, " "1, " "1, " "1, " "1, " "1, " "1, " "1, " "1, " "1, " "1, " "1, " "1, " "1, " "1, " "1, " "1, " "1, " "1, " "1, " "1, " "1, " "1, " "1, " "1, " "1, " "1, " "1, " "1, " "1, " "1, " "1, " "1, " "1, " "1, " "1, " "1, " "1, " "1, " "1, " "1, " "1, " "1, " "1, " "1, " "1, " "1, " "1, " "1, " "1, " "1, " "1, " "1, " "1, " "1, " "1, " "1, " "1, " "1, " "1, " "1, " "1, " "1, " "1, " "1, " "1, " "1, " "1, " "1, " "1, " "1, " "1, " "1, " "1, " "1, " "1, " "1, " "1, " "1, " "1, " "1, " "1, " "1, " "1, " "1, " "1, " "1, " "1, " "1, " "1, " "1, " "1, " "1, " "1, " "1, " "1, " "1, " "1, " "1, " "1, " "1, " "1, " "1, " "1, " "1, " "1, " "1, " "1, " "1, " "1, " "1, " "1, " "1, " "1, " "1, " "1, " "1, " "1, " "1, " "1, " "1, " "1, " "1, " "1, " "1, " "1, " "1, " "1, " "1, " "1, " "1, " "1, " "1, " "1, " "1, " "1, " "1, " "1, " "1, " "1, " "1, " "1, " "1, " "1, " "1, " "1, " "1, " "1, " "1, " "1, " "1, " "1, " "1, " "1, " "1, " "1, " "1, " "1, " "1, " "1, " "1, " "1, " "1, " "1, " "1, " "1, " "1, " "1, " "1, " "1, " "1, " "1, " "1, " "1, " "1, " "1, " "1, " "1, " "1, " "1, " "1, " "1, " "1, " "1, " "1, " "1, " "1, " "1, " "1, " "1, " "1, " "1, " "1, " "1, " "1, " "1, " "1, " "1, " "1, " "1, " "1, " "1, " "1, " "1, " "1, " "1, " "1, " "1, " "1, " "1, " "1, " "1, " "1, " "1, " "1, " "1, " "1, " "1, " "1, " "1, " "1, " "1, " "1, " "1, " "1, " "1, " "1, " "1, " "1, " "1, " "1, " "1, " "1, " "1, " "1, " "1, " "1, " "1, " "1, " "1, " "1, " "1, " "1, " "1, " "1, " "1, " "1, " "1, " "1, " "1, " "1, " "1, " "1, " "1, " "1, " "1, " "1, " "1, " "1, " "1, " "1, " "1, " "1, " "1, " "1, " "1, " "1, " "1, " "1, " "1, " "1, " "1, " "1, " "1, " "1, " "1, " "1, " "1, " "1, " "1, " "1, " "1, " "1, " "1, " "1, " "1, " "1, " "1, " "1, " "1, " "1, " "1, " "1, " "1, " "1, " "1, " "1, " "1, " "1, " "1, " "1, " "1, " "1, " "1, " "1, " "1, " "1, " "1, " "1, " "1, " "1, " "1, " "1, " "1, " "1, " "1, " "1, " "1, " "1, " "1, " "1, " "1, " "1, " "1, " "1, " "1, " "1, " "1, " "1, " "1, " "1, " "1, " "1, " "1, " "1, " "1, " "1, " "1, " "1, " "1, " "1, " "1, " "1, " "1, " "1, " "1, " "1, " "1, " "1, " "1, " "1, " "1, " "1, " "1, " "1, " "1, " "1, " "1, " "1, " "1, " "1, " "1, " "1, " "1, " "1, " "1, " "1, " "1, " "1, " "1, " "1, " "1, " "1, " "1, " "1, " "1, " "1, " "1, " "1, " "1, " "1, " "1, " "1, " "1, " "1, " "1, "0
 "Nei68, 0.08, " "0.81, " "1, " "1, " "1, " "1, " "1, " "1, " "1, " "1, " "1, " "1, " "1, " "1, " "1, " "1, " "1, " "1, " "1, " "1, " "1, " "1, " "1, " "1, " "1, " "1, " "1, " "1, " "1, " "1, " "1, " "1, " "1, " "1, " "1, " "1, " "1, " "1, " "1, " "1, " "1, " "1, " "1, " "1, " "1, " "1, " "1, " "1, " "1, " "1, " "1, " "1, " "1, " "1, " "1, " "1, " "1, " "1, " "1, " "1, " "1, " "1, " "1, " "1, " "1, " "1, " "1, " "1, " "1, " "1, " "0, " "1, " "1, " "1, " "1, " "1, " "1, " "1, " "1, " "1, " "1, " "1, " "1, " "1, " "1, " "1, " "1, " "1, " "1, " "1, " "1, " "1, " "1, " "1, " "1, " "1, " "1, " "1, " "1, " "1, " "1, " "1, " "1, " "1, " "1, " "1, " "1, " "1, " "1, " "1, " "1, " "1, " "1, " "1, " "1, " "1, " "1, " "1, " "1, " "1, " "1, " "1, " "1, " "1, " "1, " "1, " "1, " "1, " "1, " "1, " "1, " "1, " "1, " "1, " "1, " "1, " "1, " "1, " "1, " "1, " "1, " "1, " "1, " "1, " "1, " "1, " "1, " "1, " "1, " "1, " "1, " "1, " "1, " "1, " "1, " "1, " "1, " "1, " "1, " "1, " "1, " "1, " "1, " "1, " "1, " "1, " "1, " "1, " "1, " "1, " "1, " "1, " "1, " "1, " "1, " "1, " "1, " "1, " "1, " "1, " "1, " "1, " "1, " "1, " "1, " "1, " "1, " "1, " "1, " "1, " "1, " "1, " "1, " "1, " "1, " "1, " "1, " "1, " "1, " "1, " "1, " "1, " "1, " "1, " "1, " "1, " "1, " "1, " "1, " "1, " "1, " "1, " "1, " "1, " "1, " "1, " "1, " "1, " "1, " "1, " "1, " "1, " "1, " "1, " "1, " "1, " "1, " "1, " "1, " "1, " "1, " "1, " "1, " "1, " "1, " "1, " "1, " "1, " "1, " "1, " "1, " "1, " "1, " "1, " "1, " "1, " "1, " "1, " "1, " "1, " "1, " "1, " "1, " "1, " "1, " "1, " "1, " "1, " "1, " "1, " "1, " "1, " "1, " "1, " "1, " "1, " "1, " "1, " "1, " "1, " "1, " "1, " "1, " "1, " "1, " "1, " "1, " "1, " "1, " "1, " "1, " "1, " "1, " "1, " "1, " "1, " "1, " "1, " "1, " "1, " "1, " "1, " "1, " "1, " "1, " "1, " "1, " "1, " "1, " "1, " "1, " "1, " "1, " "1, " "1, " "1, " "1, " "1, " "1, " "1, " "1, " "1, " "1, " "1, " "1, " "1, " "1, " "1, " "1, " "1, " "1, " "1, " "1, " "1, " "1, " "1, " "1, " "1, " "1, " "1, " "1, " "1, " "1, " "1, " "1, " "1, " "1, " "1, " "1, " "1, " "1, " "1, " "1, " "1, " "1, " "1, " "1, " "1, " "1, " "1, " "1, " "1, " "1, " "1, " "1, " "1, " "1, " "1, " "1, " "1, " "1, " "1, " "1, " "1, " "1, " "1, " "1, " "1, " "1, " "1, " "1, " "1, " "1, " "1, " "1, " "1, " "1, " "1, " "1, " "1, " "1, " "1, " "1, " "1, " "1, " "1, " "1, " "1, " "1, " "1, " "1, " "1, " "1, " "1, " "1, " "1, " "1, " "1, " "1, " "1, " "1, " "1, " "1, " "1, " "1, " "1, " "1, " "1, " "1, " "1, " "1, " "1, " "1, " "1, " "1, " "1, " "1, " "1, " "1, " "1, " "1, " "1, " "1, " "1, " "1, " "1, " "1, " "1, " "1, " "1, " "1, " "1, " "1, " "1, " "1, " "1, " "1, " "1, " "1, " "1, " "1, " "1, " "1, " "1, " "1, " "1, " "1, " "1, " "1, " "1, " "1, " "1, " "1, " "1, " "1, " "1, " "1, " "1, " "1, " "1, " "1, " "1, " "1, " "1, " "1, " "1, " "1, " "1, " "1, " "1, " "1, " "1, " "1, " "1, " "1, " "1, " "1, " "1, " "1, " "1, " "1, " "1, " "1, " "1, " "1, " "1, " "1, " "1, " "1, " "1, " "1, " "1, " "1, " "1, " "1, " "1, " "1, " "1, " "1, " "1, " "1, " "1, " "1, " "1, " "1, " "1, " "1, " "1, " "1, " "1, " "1, " "1, " "1, " "1, " "1, "0
 "Nei69, 0.196, " "-0.636, " "1, " "1, " "1, " "1, " "1, " "1, " "1, " "1, " "1, " "1, " "1, " "1, " "1, " "1, " "1, " "1, " "1, " "1, " "1, " "1, " "1, " "1, " "1, " "1, " "1, " "1, " "1, " "1, " "1, " "1, " "1, " "1, " "1, " "1, " "1, " "1, " "1, " "1, " "1, " "1, " "1, " "1, " "1, " "1, " "1, " "1, " "1, " "1, " "1, " "1, " "1, " "1, " "1, " "1, " "1, " "1, " "1, " "1, " "1, " "1, " "1, " "1, " "1, " "1, " "1, " "1, " "1, " "1, " "1, " "0, " "1, " "1, " "1, " "1, " "1, " "1, " "1, " "1, " "1, " "1, " "1, " "1, " "1, " "1, " "1, " "1, " "1, " "1, " "1, " "1, " "1, " "1, " "1, " "1, " "1, " "1, " "1, " "1, " "1, " "1, " "1, " "1, " "1, " "1, " "1, " "1, " "1, " "1, " "1, " "1, " "1, " "1, " "1, " "1, " "1, " "1, " "1, " "1, " "1, " "1, " "1, " "1, " "1, " "1, " "1, " "1, " "1, " "1, " "1, " "1, " "1, " "1, " "1, " "1, " "1, " "1, " "1, " "1, " "1, " "1, " "1, " "1, " "1, " "1, " "1, " "1, " "1, " "1, " "1, " "1, " "1, " "1, " "1, " "1, " "1, " "1, " "1, " "1, " "1, " "1, " "1, " "1, " "1, " "1, " "1, " "1, " "1, " "1, " "1, " "1, " "1, " "1, " "1, " "1, " "1, " "1, " "1, " "1, " "1, " "1, " "1, " "1, " "1, " "1, " "1, " "1, " "1, " "1, " "1, " "1, " "1, " "1, " "1, " "1, " "1, " "1, " "1, " "1, " "1, " "1, " "1, " "1, " "1, " "1, " "1, " "1, " "1, " "1, " "1, " "1, " "1, " "1, " "1, " "1, " "1, " "1, " "1, " "1, " "1, " "1, " "1, " "1, " "1, " "1, " "1, " "1, " "1, " "1, " "1, " "1, " "1, " "1, " "1, " "1, " "1, " "1, " "1, " "1, " "1, " "1, " "1, " "1, " "1, " "1, " "1, " "1, " "1, " "1, " "1, " "1, " "1, " "1, " "1, " "1, " "1, " "1, " "1, " "1, " "1, " "1, " "1, " "1, " "1, " "1, " "1, " "1, " "1, " "1, " "1, " "1, " "1, " "1, " "1, " "1, " "1, " "1, " "1, " "1, " "1, " "1, " "1, " "1, " "1, " "1, " "1, " "1, " "1, " "1, " "1, " "1, " "1, " "1, " "1, " "1, " "1, " "1, " "1, " "1, " "1, " "1, " "1, " "1, " "1, " "1, " "1, " "1, " "1, " "1, " "1, " "1, " "1, " "1, " "1, " "1, " "1, " "1, " "1, " "1, " "1, " "1, " "1, " "1, " "1, " "1, " "1, " "1, " "1, " "1, " "1, " "1, " "1, " "1, " "1, " "1, " "1, " "1, " "1, " "1, " "1, " "1, " "1, " "1, " "1, " "1, " "1, " "1, " "1, " "1, " "1, " "1, " "1, " "1, " "1, " "1, " "1, " "1, " "1, " "1, " "1, " "1, " "1, " "1, " "1, " "1, " "1, " "1, " "1, " "1, " "1, " "1, " "1, " "1, " "1, " "1, " "1, " "1, " "1, " "1, " "1, " "1, " "1, " "1, " "1, " "1, " "1, " "1, " "1, " "1, " "1, " "1, " "1, " "1, " "1, " "1, " "1, " "1, " "1, " "1, " "1, " "1, " "1, " "1, " "1, " "1, " "1, " "1, " "1, " "1, " "1, " "1, " "1, " "1, " "1, " "1, " "1, " "1, " "1, " "1, " "1, " "1, " "1, " "1, " "1, " "1, " "1, " "1, " "1, " "1, " "1, " "1, " "1, " "1, " "1, " "1, " "1, " "1, " "1, " "1, " "1, " "1, " "1, " "1, " "1, " "1, " "1, " "1, " "1, " "1, " "1, " "1, " "1, " "1, " "1, " "1, " "1, " "1, " "1, " "1, " "1, " "1, " "1, " "1, " "1, " "1, " "1, " "1, " "1, " "1, " "1, " "1, " "1, " "1, " "1, " "1, " "1, " "1, " "1, " "1, " "1, " "1, " "1, " "1, " "1, " "1, " "1, " "1, " "1, " "1, " "1, " "1, " "1, " "1, " "1, " "1, " "1, " "1, " "1, " "1, " "1, " "1, " "1, " "1, " "1, " "1, " "1, " "1, " "1, " "1, " "1, " "1, " "1, " "1, " "1, "0
 "Nei70, 0.196, " "-0.845, " "1, " "1, " "1, " "1, " "1, " "1, " "1, " "1, " "1, " "1, " "1, " "1, " "1, " "1, " "1, " "1, " "1, " "1, " "1, " "1, " "1, " "1, " "1, " "1, " "1, " "1, " "1, " "1, " "1, " "1, " "1, " "1, " "1, " "1, " "1, " "1, " "1, " "1, " "1, " "1, " "1, " "1, " "1, " "1, " "1, " "1, " "1, " "1, " "1, " "1, " "1, " "1, " "1, " "1, " "1, " "1, " "1, " "1, " "1, " "1, " "1, " "1, " "1, " "1, " "1, " "1, " "1, " "1, " "1, " "1, " "0, " "1, " "1, " "1, " "1, " "1, " "1, " "1, " "1, " "1, " "1, " "1, " "1, " "1, " "1, " "1, " "1, " "1, " "1, " "1, " "1, " "1, " "1, " "1, " "1, " "1, " "1, " "1, " "1, " "1, " "1, " "1, " "1, " "1, " "1, " "1, " "1, " "1, " "1, " "1, " "1, " "1, " "1, " "1, " "1, " "1, " "1, " "1, " "1, " "1, " "1, " "1, " "1, " "1, " "1, " "1, " "1, " "1, " "1, " "1, " "1, " "1, " "1, " "1, " "1, " "1, " "1, " "1, " "1, " "1, " "1, " "1, " "1, " "1, " "1, " "1, " "1, " "1, " "1, " "1, " "1, " "1, " "1, " "1, " "1, " "1, " "1, " "1, " "1, " "1, " "1, " "1, " "1, " "1, " "1, " "1, " "1, " "1, " "1, " "1, " "1, " "1, " "1, " "1, " "1, " "1, " "1, " "1, " "1, " "1, " "1, " "1, " "1, " "1, " "1, " "1, " "1, " "1, " "1, " "1, " "1, " "1, " "1, " "1, " "1, " "1, " "1, " "1, " "1, " "1, " "1, " "1, " "1, " "1, " "1, " "1, " "1, " "1, " "1, " "1, " "1, " "1, " "1, " "1, " "1, " "1, " "1, " "1, " "1, " "1, " "1, " "1, " "1, " "1, " "1, " "1, " "1, " "1, " "1, " "1, " "1, " "1, " "1, " "1, " "1, " "1, " "1, " "1, " "1, " "1, " "1, " "1, " "1, " "1, " "1, " "1, " "1, " "1, " "1, " "1, " "1, " "1, " "1, " "1, " "1, " "1, " "1, " "1, " "1, " "1, " "1, " "1, " "1, " "1, " "1, " "1, " "1, " "1, " "1, " "1, " "1, " "1, " "1, " "1, " "1, " "1, " "1, " "1, " "1, " "1, " "1, " "1, " "1, " "1, " "1, " "1, " "1, " "1, " "1, " "1, " "1, " "1, " "1, " "1, " "1, " "1, " "1, " "1, " "1, " "1, " "1, " "1, " "1, " "1, " "1, " "1, " "1, " "1, " "1, " "1, " "1, " "1, " "1, " "1, " "1, " "1, " "1, " "1, " "1, " "1, " "1, " "1, " "1, " "1, " "1, " "1, " "1, " "1, " "1, " "1, " "1, " "1, " "1, " "1, " "1, " "1, " "1, " "1, " "1, " "1, " "1, " "1, " "1, " "1, " "1, " "1, " "1, " "1, " "1, " "1, " "1, " "1, " "1, " "1, " "1, " "1, " "1, " "1, " "1, " "1, " "1, " "1, " "1, " "1, " "1, " "1, " "1, " "1, " "1, " "1, " "1, " "1, " "1, " "1, " "1, " "1, " "1, " "1, " "1, " "1, " "1, " "1, " "1, " "1, " "1, " "1, " "1, " "1, " "1, " "1, " "1, " "1, " "1, " "1, " "1, " "1, " "1, " "1, " "1, " "1, " "1, " "1, " "1, " "1, " "1, " "1, " "1, " "1, " "1, " "1, " "1, " "1, " "1, " "1, " "1, " "1, " "1, " "1, " "1, " "1, " "1, " "1, " "1, " "1, " "1, " "1, " "1, " "1, " "1, " "1, " "1, " "1, " "1, " "1, " "1, " "1, " "1, " "1, " "1, " "1, " "1, " "1, " "1, " "1, " "1, " "1, " "1, " "1, " "1, " "1, " "1, " "1, " "1, " "1, " "1, " "1, " "1, " "1, " "1, " "1, " "1, " "1, " "1, " "1, " "1, " "1, " "1, " "1, " "1, " "1, " "1, " "1, " "1, " "1, " "1, " "1, " "1, " "1, " "1, " "1, " "1, " "1, " "1, " "1, " "1, " "1, " "1, " "1, " "1, " "1, " "1, " "1, " "1, " "1, " "1, " "1, " "1, " "1, " "1, " "1, " "1, " "1, " "1, " "1, " "1, " "1, " "1, " "1, " "1, " "1, " "1, " "1, " "1, "0
 "Nei71, 0.087, " "-0.171, " "1, " "1, " "1, " "1, " "1, " "1, " "1, " "1, " "1, " "1, " "1, " "1, " "1, " "1, " "1, " "1, " "1, " "1, " "1, " "1, " "1, " "1, " "1, " "1, " "1, " "1, " "1, " "1, " "1, " "1, " "1, " "1, " "1, " "1, " "1, " "1, " "1, " "1, " "1, " "1, " "1, " "1, " "1, " "1, " "1, " "1, " "1, " "1, " "1, " "1, " "1, " "1, " "1, " "1, " "1, " "1, " "1, " "1, " "1, " "1, " "1, " "1, " "1, " "1, " "1, " "1, " "1, " "1, " "1, " "1, " "1, " "0, " "1, " "1, " "1, " "1, " "1, " "1, " "1, " "1, " "1, " "1, " "1, " "1, " "1, " "1, " "1, " "1, " "1, " "1, " "1, " "1, " "1, " "1, " "1, " "1, " "1, " "1, " "1, " "1, " "1, " "1, " "1, " "1, " "1, " "1, " "1, " "1, " "1, " "1, " "1, " "1, " "1, " "1, " "1, " "1, " "1, " "1, " "1, " "1, " "1, " "1, " "1, " "1, " "1, " "1, " "1, " "1, " "1, " "1, " "1, " "1, " "1, " "1, " "1, " "1, " "1, " "1, " "1, " "1, " "1, " "1, " "1, " "1, " "1, " "1, " "1, " "1, " "1, " "1, " "1, " "1, " "1, " "1, " "1, " "1, " "1, " "1, " "1, " "1, " "1, " "1, " "1, " "1, " "1, " "1, " "1, " "1, " "1, " "1, " "1, " "1, " "1, " "1, " "1, " "1, " "1, " "1, " "1, " "1, " "1, " "1, " "1, " "1, " "1, " "1, " "1, " "1, " "1, " "1, " "1, " "1, " "1, " "1, " "1, " "1, " "1, " "1, " "1, " "1, " "1, " "1, " "1, " "1, " "1, " "1, " "1, " "1, " "1, " "1, " "1, " "1, " "1, " "1, " "1, " "1, " "1, " "1, " "1, " "1, " "1, " "1, " "1, " "1, " "1, " "1, " "1, " "1, " "1, " "1, " "1, " "1, " "1, " "1, " "1, " "1, " "1, " "1, " "1, " "1, " "1, " "1, " "1, " "1, " "1, " "1, " "1, " "1, " "1, " "1, " "1, " "1, " "1, " "1, " "1, " "1, " "1, " "1, " "1, " "1, " "1, " "1, " "1, " "1, " "1, " "1, " "1, " "1, " "1, " "1, " "1, " "1, " "1, " "1, " "1, " "1, " "1, " "1, " "1, " "1, " "1, " "1, " "1, " "1, " "1, " "1, " "1, " "1, " "1, " "1, " "1, " "1, " "1, " "1, " "1, " "1, " "1, " "1, " "1, " "1, " "1, " "1, " "1, " "1, " "1, " "1, " "1, " "1, " "1, " "1, " "1, " "1, " "1, " "1, " "1, " "1, " "1, " "1, " "1, " "1, " "1, " "1, " "1, " "1, " "1, " "1, " "1, " "1, " "1, " "1, " "1, " "1, " "1, " "1, " "1, " "1, " "1, " "1, " "1, " "1, " "1, " "1, " "1, " "1, " "1, " "1, " "1, " "1, " "1, " "1, " "1, " "1, " "1, " "1, " "1, " "1, " "1, " "1, " "1, " "1, " "1, " "1, " "1, " "1, " "1, " "1, " "1, " "1, " "1, " "1, " "1, " "1, " "1, " "1, " "1, " "1, " "1, " "1, " "1, " "1, " "1, " "1, " "1, " "1, " "1, " "1, " "1, " "1, " "1, " "1, " "1, " "1, " "1, " "1, " "1, " "1, " "1, " "1, " "1, " "1, " "1, " "1, " "1, " "1, " "1, " "1, " "1, " "1, " "1, " "1, " "1, " "1, " "1, " "1, " "1, " "1, " "1, " "1, " "1, " "1, " "1, " "1, " "1, " "1, " "1, " "1, " "1, " "1, " "1, " "1, " "1, " "1, " "1, " "1, " "1, " "1, " "1, " "1, " "1, " "1, " "1, " "1, " "1, " "1, " "1, " "1, " "1, " "1, " "1, " "1, " "1, " "1, " "1, " "1, " "1, " "1, " "1, " "1, " "1, " "1, " "1, " "1, " "1, " "1, " "1, " "1, " "1, " "1, " "1, " "1, " "1, " "1, " "1, " "1, " "1, " "1, " "1, " "1, " "1, " "1, " "1, " "1, " "1, " "1, " "1, " "1, " "1, " "1, " "1, " "1, " "1, " "1, " "1, " "1, " "1, " "1, " "1, " "1, " "1, " "1, " "1, " "1, " "1, " "1, " "1, " "1, " "1, " "1, " "1, " "1, " "1, " "1, " "1, "0
 "Nei72, 0.066, " "-0.268, " "1, " "1, " "1, " "1, " "1, " "1, " "1, " "1, " "1, " "1, " "1, " "1, " "1, " "1, " "1, " "1, " "1, " "1, " "1, " "1, " "1, " "1, " "1, " "1, " "1, " "1, " "1, " "1, " "1, " "1, " "1, " "1, " "1, " "1, " "1, " "1, " "1, " "1, " "1, " "1, " "1, " "1, " "1, " "1, " "1, " "1, " "1, " "1, " "1, " "1, " "1, " "1, " "1, " "1, " "1, " "1, " "1, " "1, " "1, " "1, " "1, " "1, " "1, " "1, " "1, " "1, " "1, " "1, " "1, " "1, " "1, " "1, " "0, " "1, " "1, " "1, " "1, " "1, " "1, " "1, " "1, " "1, " "1, " "1, " "1, " "1, " "1, " "1, " "1, " "1, " "1, " "1, " "1, " "1, " "1, " "1, " "1, " "1, " "1, " "1, " "1, " "1, " "1, " "1, " "1, " "1, " "1, " "1, " "1, " "1, " "1, " "1, " "1, " "1, " "1, " "1, " "1, " "1, " "1, " "1, " "1, " "1, " "1, " "1, " "1, " "1, " "1, " "1, " "1, " "1, " "1, " "1, " "1, " "1, " "1, " "1, " "1, " "1, " "1, " "1, " "1, " "1, " "1, " "1, " "1, " "1, " "1, " "1, " "1, " "1, " "1, " "1, " "1, " "1, " "1, " "1, " "1, " "1, " "1, " "1, " "1, " "1, " "1, " "1, " "1, " "1, " "1, " "1, " "1, " "1, " "1, " "1, " "1, " "1, " "1, " "1, " "1, " "1, " "1, " "1, " "1, " "1, " "1, " "1, " "1, " "1, " "1, " "1, " "1, " "1, " "1, " "1, " "1, " "1, " "1, " "1, " "1, " "1, " "1, " "1, " "1, " "1, " "1, " "1, " "1, " "1, " "1, " "1, " "1, " "1, " "1, " "1, " "1, " "1, " "1, " "1, " "1, " "1, " "1, " "1, " "1, " "1, " "1, " "1, " "1, " "1, " "1, " "1, " "1, " "1, " "1, " "1, " "1, " "1, " "1, " "1, " "1, " "1, " "1, " "1, " "1, " "1, " "1, " "1, " "1, " "1, " "1, " "1, " "1, " "1, " "1, " "1, " "1, " "1, " "1, " "1, " "1, " "1, " "1, " "1, " "1, " "1, " "1, " "1, " "1, " "1, " "1, " "1, " "1, " "1, " "1, " "1, " "1, " "1, " "1, " "1, " "1, " "1, " "1, " "1, " "1, " "1, " "1, " "1, " "1, " "1, " "1, " "1, " "1, " "1, " "1, " "1, " "1, " "1, " "1, " "1, " "1, " "1, " "1, " "1, " "1, " "1, " "1, " "1, " "1, " "1, " "1, " "1, " "1, " "1, " "1, " "1, " "1, " "1, " "1, " "1, " "1, " "1, " "1, " "1, " "1, " "1, " "1, " "1, " "1, " "1, " "1, " "1, " "1, " "1, " "1, " "1, " "1, " "1, " "1, " "1, " "1, " "1, " "1, " "1, " "1, " "1, " "1, " "1, " "1, " "1, " "1, " "1, " "1, " "1, " "1, " "1, " "1, " "1, " "1, " "1, " "1, " "1, " "1, " "1, " "1, " "1, " "1, " "1, " "1, " "1, " "1, " "1, " "1, " "1, " "1, " "1, " "1, " "1, " "1, " "1, " "1, " "1, " "1, " "1, " "1, " "1, " "1, " "1, " "1, " "1, " "1, " "1, " "1, " "1, " "1, " "1, " "1, " "1, " "1, " "1, " "1, " "1, " "1, " "1, " "1, " "1, " "1, " "1, " "1, " "1, " "1, " "1, " "1, " "1, " "1, " "1, " "1, " "1, " "1, " "1, " "1, " "1, " "1, " "1, " "1, " "1, " "1, " "1, " "1, " "1, " "1, " "1, " "1, " "1, " "1, " "1, " "1, " "1, " "1, " "1, " "1, " "1, " "1, " "1, " "1, " "1, " "1, " "1, " "1, " "1, " "1, " "1, " "1, " "1, " "1, " "1, " "1, " "1, " "1, " "1, " "1, " "1, " "1, " "1, " "1, " "1, " "1, " "1, " "1, " "1, " "1, " "1, " "1, " "1, " "1, " "1, " "1, " "1, " "1, " "1, " "1, " "1, " "1, " "1, " "1, " "1, " "1, " "1, " "1, " "1, " "1, " "1, " "1, " "1, " "1, " "1, " "1, " "1, " "1, " "1, " "1, " "1, " "1, " "1, " "1, " "1, " "1, " "1, " "1, " "1, " "1, " "1, " "1, " "1, " "1, " "1, " "1, "0
 "Nei73, 0.225, " "0.711, " "1, " "1, " "1, " "1, " "1, " "1, " "1, " "1, " "1, " "1, " "1, " "1, " "1, " "1, " "1, " "1, " "1, " "1, " "1, " "1, " "1, " "1, " "1, " "1, " "1, " "1, " "1, " "1, " "1, " "1, " "1, " "1, " "1, " "1, " "1, " "1, " "1, " "1, " "1, " "1, " "1, " "1, " "1, " "1, " "1, " "1, " "1, " "1, " "1, " "1, " "1, " "1, " "1, " "1, " "1, " "1, " "1, " "1, " "1, " "1, " "1, " "1, " "1, " "1, " "1, " "1, " "1, " "1, " "1, " "1, " "1, " "1, " "1, " "0, " "1, " "1, " "1, " "1, " "1, " "1, " "1, " "1, " "1, " "1, " "1, " "1, " "1, " "1, " "1, " "1, " "1, " "1, " "1, " "1, " "1, " "1, " "1, " "1, " "1, " "1, " "1, " "1, " "1, " "1, " "1, " "1, " "1, " "1, " "1, " "1, " "1, " "1, " "1, " "1, " "1, " "1, " "1, " "1, " "1, " "1, " "1, " "1, " "1, " "1, " "1, " "1, " "1, " "1, " "1, " "1, " "1, " "1, " "1, " "1, " "1, " "1, " "1, " "1, " "1, " "1, " "1, " "1, " "1, " "1, " "1, " "1, " "1, " "1, " "1, " "1, " "1, " "1, " "1, " "1, " "1, " "1, " "1, " "1, " "1, " "1, " "1, " "1, " "1, " "1, " "1, " "1, " "1, " "1, " "1, " "1, " "1, " "1, " "1, " "1, " "1, " "1, " "1, " "1, " "1, " "1, " "1, " "1, " "1, " "1, " "1, " "1, " "1, " "1, " "1, " "1, " "1, " "1, " "1, " "1, " "1, " "1, " "1, " "1, " "1, " "1, " "1, " "1, " "1, " "1, " "1, " "1, " "1, " "1, " "1, " "1, " "1, " "1, " "1, " "1, " "1, " "1, " "1, " "1, " "1, " "1, " "1, " "1, " "1, " "1, " "1, " "1, " "1, " "1, " "1, " "1, " "1, " "1, " "1, " "1, " "1, " "1, " "1, " "1, " "1, " "1, " "1, " "1, " "1, " "1, " "1, " "1, " "1, " "1, " "1, " "1, " "1, " "1, " "1, " "1, " "1, " "1, " "1, " "1, " "1, " "1, " "1, " "1, " "1, " "1, " "1, " "1, " "1, " "1, " "1, " "1, " "1, " "1, " "1, " "1, " "1, " "1, " "1, " "1, " "1, " "1, " "1, " "1, " "1, " "1, " "1, " "1, " "1, " "1, " "1, " "1, " "1, " "1, " "1, " "1, " "1, " "1, " "1, " "1, " "1, " "1, " "1, " "1, " "1, " "1, " "1, " "1, " "1, " "1, " "1, " "1, " "1, " "1, " "1, " "1, " "1, " "1, " "1, " "1, " "1, " "1, " "1, " "1, " "1, " "1, " "1, " "1, " "1, " "1, " "1, " "1, " "1, " "1, " "1, " "1, " "1, " "1, " "1, " "1, " "1, " "1, " "1, " "1, " "1, " "1, " "1, " "1, " "1, " "1, " "1, " "1, " "1, " "1, " "1, " "1, " "1, " "1, " "1, " "1, " "1, " "1, " "1, " "1, " "1, " "1, " "1, " "1, " "1, " "1, " "1, " "1, " "1, " "1, " "1, " "1, " "1, " "1, " "1, " "1, " "1, " "1, " "1, " "1, " "1, " "1, " "1, " "1, " "1, " "1, " "1, " "1, " "1, " "1, " "1, " "1, " "1, " "1, " "1, " "1, " "1, " "1, " "1, " "1, " "1, " "1, " "1, " "1, " "1, " "1, " "1, " "1, " "1, " "1, " "1, " "1, " "1, " "1, " "1, " "1, " "1, " "1, " "1, " "1, " "1, " "1, " "1, " "1, " "1, " "1, " "1, " "1, " "1, " "1, " "1, " "1, " "1, " "1, " "1, " "1, " "1, " "1, " "1, " "1, " "1, " "1, " "1, " "1, " "1, " "1, " "1, " "1, " "1, " "1, " "1, " "1, " "1, " "1, " "1, " "1, " "1, " "1, " "1, " "1, " "1, " "1, " "1, " "1, " "1, " "1, " "1, " "1, " "1, " "1, " "1, " "1, " "1, " "1, " "1, " "1, " "1, " "1, " "1, " "1, " "1, " "1, " "1, " "1, " "1, " "1, " "1, " "1, " "1, " "1, " "1, " "1, " "1, " "1, " "1, " "1, " "1, " "1, " "1, " "1, " "1, " "1, " "1, " "1, " "1, " "1, " "1, " "1, " "1, " "1, " "1, "0
 "Nei74, 0.132, " "-0.388, " "1, " "1, " "1, " "1, " "1, " "1, " "1, " "1, " "1, " "1, " "1, " "1, " "1, " "1, " "1, " "1, " "1, " "1, " "1, " "1, " "1, " "1, " "1, " "1, " "1, " "1, " "1, " "1, " "1, " "1, " "1, " "1, " "1, " "1, " "1, " "1, " "1, " "1, " "1, " "1, " "1, " "1, " "1, " "1, " "1, " "1, " "1, " "1, " "1, " "1, " "1, " "1, " "1, " "1, " "1, " "1, " "1, " "1, " "1, " "1, " "1, " "1, " "1, " "1, " "1, " "1, " "1, " "1, " "1, " "1, " "1, " "1, " "1, " "1, " "0, " "1, " "1, " "1, " "1, " "1, " "1, " "1, " "1, " "1, " "1, " "1, " "1, " "1, " "1, " "1, " "1, " "1, " "1, " "1, " "1, " "1, " "1, " "1, " "1, " "1, " "1, " "1, " "1, " "1, " "1, " "1, " "1, " "1, " "1, " "1, " "1, " "1, " "1, " "1, " "1, " "1, " "1, " "1, " "1, " "1, " "1, " "1, " "1, " "1, " "1, " "1, " "1, " "1, " "1, " "1, " "1, " "1, " "1, " "1, " "1, " "1, " "1, " "1, " "1, " "1, " "1, " "1, " "1, " "1, " "1, " "1, " "1, " "1, " "1, " "1, " "1, " "1, " "1, " "1, " "1, " "1, " "1, " "1, " "1, " "1, " "1, " "1, " "1, " "1, " "1, " "1, " "1, " "1, " "1, " "1, " "1, " "1, " "1, " "1, " "1, " "1, " "1, " "1, " "1, " "1, " "1, " "1, " "1, " "1, " "1, " "1, " "1, " "1, " "1, " "1, " "1, " "1, " "1, " "1, " "1, " "1, " "1, " "1, " "1, " "1, " "1, " "1, " "1, " "1, " "1, " "1, " "1, " "1, " "1, " "1, " "1, " "1, " "1, " "1, " "1, " "1, " "1, " "1, " "1, " "1, " "1, " "1, " "1, " "1, " "1, " "1, " "1, " "1, " "1, " "1, " "1, " "1, " "1, " "1, " "1, " "1, " "1, " "1, " "1, " "1, " "1, " "1, " "1, " "1, " "1, " "1, " "1, " "1, " "1, " "1, " "1, " "1, " "1, " "1, " "1, " "1, " "1, " "1, " "1, " "1, " "1, " "1, " "1, " "1, " "1, " "1, " "1, " "1, " "1, " "1, " "1, " "1, " "1, " "1, " "1, " "1, " "1, " "1, " "1, " "1, " "1, " "1, " "1, " "1, " "1, " "1, " "1, " "1, " "1, " "1, " "1, " "1, " "1, " "1, " "1, " "1, " "1, " "1, " "1, " "1, " "1, " "1, " "1, " "1, " "1, " "1, " "1, " "1, " "1, " "1, " "1, " "1, " "1, " "1, " "1, " "1, " "1, " "1, " "1, " "1, " "1, " "1, " "1, " "1, " "1, " "1, " "1, " "1, " "1, " "1, " "1, " "1, " "1, " "1, " "1, " "1, " "1, " "1, " "1, " "1, " "1, " "1, " "1, " "1, " "1, " "1, " "1, " "1, " "1, " "1, " "1, " "1, " "1, " "1, " "1, " "1, " "1, " "1, " "1, " "1, " "1, " "1, " "1, " "1, " "1, " "1, " "1, " "1, " "1, " "1, " "1, " "1, " "1, " "1, " "1, " "1, " "1, " "1, " "1, " "1, " "1, " "1, " "1, " "1, " "1, " "1, " "1, " "1, " "1, " "1, " "1, " "1, " "1, " "1, " "1, " "1, " "1, " "1, " "1, " "1, " "1, " "1, " "1, " "1, " "1, " "1, " "1, " "1, " "1, " "1, " "1, " "1, " "1, " "1, " "1, " "1, " "1, " "1, " "1, " "1, " "1, " "1, " "1, " "1, " "1, " "1, " "1, " "1, " "1, " "1, " "1, " "1, " "1, " "1, " "1, " "1, " "1, " "1, " "1, " "1, " "1, " "1, " "1, " "1, " "1, " "1, " "1, " "1, " "1, " "1, " "1, " "1, " "1, " "1, " "1, " "1, " "1, " "1, " "1, " "1, " "1, " "1, " "1, " "1, " "1, " "1, " "1, " "1, " "1, " "1, " "1, " "1, " "1, " "1, " "1, " "1, " "1, " "1, " "1, " "1, " "1, " "1, " "1, " "1, " "1, " "1, " "1, " "1, " "1, " "1, " "1, " "1, " "1, " "1, " "1, " "1, " "1, " "1, " "1, " "1, " "1, " "1, " "1, " "1, " "1, " "1, " "1, " "1, " "1, " "1, " "1, " "1, " "1, "0
 "Nei75, 0.355, " "-0.257, " "1, " "1, " "1, " "1, " "1, " "1, " "1, " "1, " "1, " "1, " "1, " "1, " "1, " "1, " "1, " "1, " "1, " "1, " "1, " "1, " "1, " "1, " "1, " "1, " "1, " "1, " "1, " "1, " "1, " "1, " "1, " "1, " "1, " "1, " "1, " "1, " "1, " "1, " "1, " "1, " "1, " "1, " "1, " "1, " "1, " "1, " "1, " "1, " "1, " "1, " "1, " "1, " "1, " "1, " "1, " "1, " "1, " "1, " "1, " "1, " "1, " "1, " "1, " "1, " "1, " "1, " "1, " "1, " "1, " "1, " "1, " "1, " "1, " "1, " "1, " "0, " "1, " "1, " "1, " "1, " "1, " "1, " "1, " "1, " "1, " "1, " "1, " "1, " "1, " "1, " "1, " "1, " "1, " "1, " "1, " "1, " "1, " "1, " "1, " "1, " "1, " "1, " "1, " "1, " "1, " "1, " "1, " "1, " "1, " "1, " "1, " "1, " "1, " "1, " "1, " "1, " "1, " "1, " "1, " "1, " "1, " "1, " "1, " "1, " "1, " "1, " "1, " "1, " "1, " "1, " "1, " "1, " "1, " "1, " "1, " "1, " "1, " "1, " "1, " "1, " "1, " "1, " "1, " "1, " "1, " "1, " "1, " "1, " "1, " "1, " "1, " "1, " "1, " "1, " "1, " "1, " "1, " "1, " "1, " "1, " "1, " "1, " "1, " "1, " "1, " "1, " "1, " "1, " "1, " "1, " "1, " "1, " "1, " "1, " "1, " "1, " "1, " "1, " "1, " "1, " "1, " "1, " "1, " "1, " "1, " "1, " "1, " "1, " "1, " "1, " "1, " "1, " "1, " "1, " "1, " "1, " "1, " "1, " "1, " "1, " "1, " "1, " "1, " "1, " "1, " "1, " "1, " "1, " "1, " "1, " "1, " "1, " "1, " "1, " "1, " "1, " "1, " "1, " "1, " "1, " "1, " "1, " "1, " "1, " "1, " "1, " "1, " "1, " "1, " "1, " "1, " "1, " "1, " "1, " "1, " "1, " "1, " "1, " "1, " "1, " "1, " "1, " "1, " "1, " "1, " "1, " "1, " "1, " "1, " "1, " "1, " "1, " "1, " "1, " "1, " "1, " "1, " "1, " "1, " "1, " "1, " "1, " "1, " "1, " "1, " "1, " "1, " "1, " "1, " "1, " "1, " "1, " "1, " "1, " "1, " "1, " "1, " "1, " "1, " "1, " "1, " "1, " "1, " "1, " "1, " "1, " "1, " "1, " "1, " "1, " "1, " "1, " "1, " "1, " "1, " "1, " "1, " "1, " "1, " "1, " "1, " "1, " "1, " "1, " "1, " "1, " "1, " "1, " "1, " "1, " "1, " "1, " "1, " "1, " "1, " "1, " "1, " "1, " "1, " "1, " "1, " "1, " "1, " "1, " "1, " "1, " "1, " "1, " "1, " "1, " "1, " "1, " "1, " "1, " "1, " "1, " "1, " "1, " "1, " "1, " "1, " "1, " "1, " "1, " "1, " "1, " "1, " "1, " "1, " "1, " "1, " "1, " "1, " "1, " "1, " "1, " "1, " "1, " "1, " "1, " "1, " "1, " "1, " "1, " "1, " "1, " "1, " "1, " "1, " "1, " "1, " "1, " "1, " "1, " "1, " "1, " "1, " "1, " "1, " "1, " "1, " "1, " "1, " "1, " "1, " "1, " "1, " "1, " "1, " "1, " "1, " "1, " "1, " "1, " "1, " "1, " "1, " "1, " "1, " "1, " "1, " "1, " "1, " "1, " "1, " "1, " "1, " "1, " "1, " "1, " "1, " "1, " "1, " "1, " "1, " "1, " "1, " "1, " "1, " "1, " "1, " "1, " "1, " "1, " "1, " "1, " "1, " "1, " "1, " "1, " "1, " "1, " "1, " "1, " "1, " "1, " "1, " "1, " "1, " "1, " "1, " "1, " "1, " "1, " "1, " "1, " "1, " "1, " "1, " "1, " "1, " "1, " "1, " "1, " "1, " "1, " "1, " "1, " "1, " "1, " "1, " "1, " "1, " "1, " "1, " "1, " "1, " "1, " "1, " "1, " "1, " "1, " "1, " "1, " "1, " "1, " "1, " "1, " "1, " "1, " "1, " "1, " "1, " "1, " "1, " "1, " "1, " "1, " "1, " "1, " "1, " "1, " "1, " "1, " "1, " "1, " "1, " "1, " "1, " "1, " "1, " "1, " "1, " "1, " "1, " "1, " "1, " "1, " "1, " "1, " "1, " "1, " "1, "0
 "Nei76, 0.26, " "-0.573, " "1, " "1, " "1, " "1, " "1, " "1, " "1, " "1, " "1, " "1, " "1, " "1, " "1, " "1, " "1, " "1, " "1, " "1, " "1, " "1, " "1, " "1, " "1, " "1, " "1, " "1, " "1, " "1, " "1, " "1, " "1, " "1, " "1, " "1, " "1, " "1, " "1, " "1, " "1, " "1, " "1, " "1, " "1, " "1, " "1, " "1, " "1, " "1, " "1, " "1, " "1, " "1, " "1, " "1, " "1, " "1, " "1, " "1, " "1, " "1, " "1, " "1, " "1, " "1, " "1, " "1, " "1, " "1, " "1, " "1, " "1, " "1, " "1, " "1, " "1, " "1, " "0, " "1, " "1, " "1, " "1, " "1, " "1, " "1, " "1, " "1, " "1, " "1, " "1, " "1, " "1, " "1, " "1, " "1, " "1, " "1, " "1, " "1, " "1, " "1, " "1, " "1, " "1, " "1, " "1, " "1, " "1, " "1, " "1, " "1, " "1, " "1, " "1, " "1, " "1, " "1, " "1, " "1, " "1, " "1, " "1, " "1, " "1, " "1, " "1, " "1, " "1, " "1, " "1, " "1, " "1, " "1, " "1, " "1, " "1, " "1, " "1, " "1, " "1, " "1, " "1, " "1, " "1, " "1, " "1, " "1, " "1, " "1, " "1, " "1, " "1, " "1, " "1, " "1, " "1, " "1, " "1, " "1, " "1, " "1, " "1, " "1, " "1, " "1, " "1, " "1, " "1, " "1, " "1, " "1, " "1, " "1, " "1, " "1, " "1, " "1, " "1, " "1, " "1, " "1, " "1, " "1, " "1, " "1, " "1, " "1, " "1, " "1, " "1, " "1, " "1, " "1, " "1, " "1, " "1, " "1, " "1, " "1, " "1, " "1, " "1, " "1, " "1, " "1, " "1, " "1, " "1, " "1, " "1, " "1, " "1, " "1, " "1, " "1, " "1, " "1, " "1, " "1, " "1, " "1, " "1, " "1, " "1, " "1, " "1, " "1, " "1, " "1, " "1, " "1, " "1, " "1, " "1, " "1, " "1, " "1, " "1, " "1, " "1, " "1, " "1, " "1, " "1, " "1, " "1, " "1, " "1, " "1, " "1, " "1, " "1, " "1, " "1, " "1, " "1, " "1, " "1, " "1, " "1, " "1, " "1, " "1, " "1, " "1, " "1, " "1, " "1, " "1, " "1, " "1, " "1, " "1, " "1, " "1, " "1, " "1, " "1, " "1, " "1, " "1, " "1, " "1, " "1, " "1, " "1, " "1, " "1, " "1, " "1, " "1, " "1, " "1, " "1, " "1, " "1, " "1, " "1, " "1, " "1, " "1, " "1, " "1, " "1, " "1, " "1, " "1, " "1, " "1, " "1, " "1, " "1, " "1, " "1, " "1, " "1, " "1, " "1, " "1, " "1, " "1, " "1, " "1, " "1, " "1, " "1, " "1, " "1, " "1, " "1, " "1, " "1, " "1, " "1, " "1, " "1, " "1, " "1, " "1, " "1, " "1, " "1, " "1, " "1, " "1, " "1, " "1, " "1, " "1, " "1, " "1, " "1, " "1, " "1, " "1, " "1, " "1, " "1, " "1, " "1, " "1, " "1, " "1, " "1, " "1, " "1, " "1, " "1, " "1, " "1, " "1, " "1, " "1, " "1, " "1, " "1, " "1, " "1, " "1, " "1, " "1, " "1, " "1, " "1, " "1, " "1, " "1, " "1, " "1, " "1, " "1, " "1, " "1, " "1, " "1, " "1, " "1, " "1, " "1, " "1, " "1, " "1, " "1, " "1, " "1, " "1, " "1, " "1, " "1, " "1, " "1, " "1, " "1, " "1, " "1, " "1, " "1, " "1, " "1, " "1, " "1, " "1, " "1, " "1, " "1, " "1, " "1, " "1, " "1, " "1, " "1, " "1, " "1, " "1, " "1, " "1, " "1, " "1, " "1, " "1, " "1, " "1, " "1, " "1, " "1, " "1, " "1, " "1, " "1, " "1, " "1, " "1, " "1, " "1, " "1, " "1, " "1, " "1, " "1, " "1, " "1, " "1, " "1, " "1, " "1, " "1, " "1, " "1, " "1, " "1, " "1, " "1, " "1, " "1, " "1, " "1, " "1, " "1, " "1, " "1, " "1, " "1, " "1, " "1, " "1, " "1, " "1, " "1, " "1, " "1, " "1, " "1, " "1, " "1, " "1, " "1, " "1, " "1, " "1, " "1, " "1, " "1, " "1, " "1, " "1, " "1, " "1, " "1, " "1, " "1, " "1, " "1, " "1, " "1, "0
 "Nei77, 0.164, " "0.28, " "1, " "1, " "1, " "1, " "1, " "1, " "1, " "1, " "1, " "1, " "1, " "1, " "1, " "1, " "1, " "1, " "1, " "1, " "1, " "1, " "1, " "1, " "1, " "1, " "1, " "1, " "1, " "1, " "1, " "1, " "1, " "1, " "1, " "1, " "1, " "1, " "1, " "1, " "1, " "1, " "1, " "1, " "1, " "1, " "1, " "1, " "1, " "1, " "1, " "1, " "1, " "1, " "1, " "1, " "1, " "1, " "1, " "1, " "1, " "1, " "1, " "1, " "1, " "1, " "1, " "1, " "1, " "1, " "1, " "1, " "1, " "1, " "1, " "1, " "1, " "1, " "1, " "0, " "1, " "1, " "1, " "1, " "1, " "1, " "1, " "1, " "1, " "1, " "1, " "1, " "1, " "1, " "1, " "1, " "1, " "1, " "1, " "1, " "1, " "1, " "1, " "1, " "1, " "1, " "1, " "1, " "1, " "1, " "1, " "1, " "1, " "1, " "1, " "1, " "1, " "1, " "1, " "1, " "1, " "1, " "1, " "1, " "1, " "1, " "1, " "1, " "1, " "1, " "1, " "1, " "1, " "1, " "1, " "1, " "1, " "1, " "1, " "1, " "1, " "1, " "1, " "1, " "1, " "1, " "1, " "1, " "1, " "1, " "1, " "1, " "1, " "1, " "1, " "1, " "1, " "1, " "1, " "1, " "1, " "1, " "1, " "1, " "1, " "1, " "1, " "1, " "1, " "1, " "1, " "1, " "1, " "1, " "1, " "1, " "1, " "1, " "1, " "1, " "1, " "1, " "1, " "1, " "1, " "1, " "1, " "1, " "1, " "1, " "1, " "1, " "1, " "1, " "1, " "1, " "1, " "1, " "1, " "1, " "1, " "1, " "1, " "1, " "1, " "1, " "1, " "1, " "1, " "1, " "1, " "1, " "1, " "1, " "1, " "1, " "1, " "1, " "1, " "1, " "1, " "1, " "1, " "1, " "1, " "1, " "1, " "1, " "1, " "1, " "1, " "1, " "1, " "1, " "1, " "1, " "1, " "1, " "1, " "1, " "1, " "1, " "1, " "1, " "1, " "1, " "1, " "1, " "1, " "1, " "1, " "1, " "1, " "1, " "1, " "1, " "1, " "1, " "1, " "1, " "1, " "1, " "1, " "1, " "1, " "1, " "1, " "1, " "1, " "1, " "1, " "1, " "1, " "1, " "1, " "1, " "1, " "1, " "1, " "1, " "1, " "1, " "1, " "1, " "1, " "1, " "1, " "1, " "1, " "1, " "1, " "1, " "1, " "1, " "1, " "1, " "1, " "1, " "1, " "1, " "1, " "1, " "1, " "1, " "1, " "1, " "1, " "1, " "1, " "1, " "1, " "1, " "1, " "1, " "1, " "1, " "1, " "1, " "1, " "1, " "1, " "1, " "1, " "1, " "1, " "1, " "1, " "1, " "1, " "1, " "1, " "1, " "1, " "1, " "1, " "1, " "1, " "1, " "1, " "1, " "1, " "1, " "1, " "1, " "1, " "1, " "1, " "1, " "1, " "1, " "1, " "1, " "1, " "1, " "1, " "1, " "1, " "1, " "1, " "1, " "1, " "1, " "1, " "1, " "1, " "1, " "1, " "1, " "1, " "1, " "1, " "1, " "1, " "1, " "1, " "1, " "1, " "1, " "1, " "1, " "1, " "1, " "1, " "1, " "1, " "1, " "1, " "1, " "1, " "1, " "1, " "1, " "1, " "1, " "1, " "1, " "1, " "1, " "1, " "1, " "1, " "1, " "1, " "1, " "1, " "1, " "1, " "1, " "1, " "1, " "1, " "1, " "1, " "1, " "1, " "1, " "1, " "1, " "1, " "1, " "1, " "1, " "1, " "1, " "1, " "1, " "1, " "1, " "1, " "1, " "1, " "1, " "1, " "1, " "1, " "1, " "1, " "1, " "1, " "1, " "1, " "1, " "1, " "1, " "1, " "1, " "1, " "1, " "1, " "1, " "1, " "1, " "1, " "1, " "1, " "1, " "1, " "1, " "1, " "1, " "1, " "1, " "1, " "1, " "1, " "1, " "1, " "1, " "1, " "1, " "1, " "1, " "1, " "1, " "1, " "1, " "1, " "1, " "1, " "1, " "1, " "1, " "1, " "1, " "1, " "1, " "1, " "1, " "1, " "1, " "1, " "1, " "1, " "1, " "1, " "1, " "1, " "1, " "1, " "1, " "1, " "1, " "1, " "1, " "1, " "1, " "1, " "1, " "1, " "1, " "1, " "1, " "1, " "1, " "1, "0
 "Nei78, 0.168, " "0.972, " "1, " "1, " "1, " "1, " "1, " "1, " "1, " "1, " "1, " "1, " "1, " "1, " "1, " "1, " "1, " "1, " "1, " "1, " "1, " "1, " "1, " "1, " "1, " "1, " "1, " "1, " "1, " "1, " "1, " "1, " "1, " "1, " "1, " "1, " "1, " "1, " "1, " "1, " "1, " "1, " "1, " "1, " "1, " "1, " "1, " "1, " "1, " "1, " "1, " "1, " "1, " "1, " "1, " "1, " "1, " "1, " "1, " "1, " "1, " "1, " "1, " "1, " "1, " "1, " "1, " "1, " "1, " "1, " "1, " "1, " "1, " "1, " "1, " "1, " "1, " "1, " "1, " "1, " "0, " "1, " "1, " "1, " "1, " "1, " "1, " "1, " "1, " "1, " "1, " "1, " "1, " "1, " "1, " "1, " "1, " "1, " "1, " "1, " "1, " "1, " "1, " "1, " "1, " "1, " "1, " "1, " "1, " "1, " "1, " "1, " "1, " "1, " "1, " "1, " "1, " "1, " "1, " "1, " "1, " "1, " "1, " "1, " "1, " "1, " "1, " "1, " "1, " "1, " "1, " "1, " "1, " "1, " "1, " "1, " "1, " "1, " "1, " "1, " "1, " "1, " "1, " "1, " "1, " "1, " "1, " "1, " "1, " "1, " "1, " "1, " "1, " "1, " "1, " "1, " "1, " "1, " "1, " "1, " "1, " "1, " "1, " "1, " "1, " "1, " "1, " "1, " "1, " "1, " "1, " "1, " "1, " "1, " "1, " "1, " "1, " "1, " "1, " "1, " "1, " "1, " "1, " "1, " "1, " "1, " "1, " "1, " "1, " "1, " "1, " "1, " "1, " "1, " "1, " "1, " "1, " "1, " "1, " "1, " "1, " "1, " "1, " "1, " "1, " "1, " "1, " "1, " "1, " "1, " "1, " "1, " "1, " "1, " "1, " "1, " "1, " "1, " "1, " "1, " "1, " "1, " "1, " "1, " "1, " "1, " "1, " "1, " "1, " "1, " "1, " "1, " "1, " "1, " "1, " "1, " "1, " "1, " "1, " "1, " "1, " "1, " "1, " "1, " "1, " "1, " "1, " "1, " "1, " "1, " "1, " "1, " "1, " "1, " "1, " "1, " "1, " "1, " "1, " "1, " "1, " "1, " "1, " "1, " "1, " "1, " "1, " "1, " "1, " "1, " "1, " "1, " "1, " "1, " "1, " "1, " "1, " "1, " "1, " "1, " "1, " "1, " "1, " "1, " "1, " "1, " "1, " "1, " "1, " "1, " "1, " "1, " "1, " "1, " "1, " "1, " "1, " "1, " "1, " "1, " "1, " "1, " "1, " "1, " "1, " "1, " "1, " "1, " "1, " "1, " "1, " "1, " "1, " "1, " "1, " "1, " "1, " "1, " "1, " "1, " "1, " "1, " "1, " "1, " "1, " "1, " "1, " "1, " "1, " "1, " "1, " "1, " "1, " "1, " "1, " "1, " "1, " "1, " "1, " "1, " "1, " "1, " "1, " "1, " "1, " "1, " "1, " "1, " "1, " "1, " "1, " "1, " "1, " "1, " "1, " "1, " "1, " "1, " "1, " "1, " "1, " "1, " "1, " "1, " "1, " "1, " "1, " "1, " "1, " "1, " "1, " "1, " "1, " "1, " "1, " "1, " "1, " "1, " "1, " "1, " "1, " "1, " "1, " "1, " "1, " "1, " "1, " "1, " "1, " "1, " "1, " "1, " "1, " "1, " "1, " "1, " "1, " "1, " "1, " "1, " "1, " "1, " "1, " "1, " "1, " "1, " "1, " "1, " "1, " "1, " "1, " "1, " "1, " "1, " "1, " "1, " "1, " "1, " "1, " "1, " "1, " "1, " "1, " "1, " "1, " "1, " "1, " "1, " "1, " "1, " "1, " "1, " "1, " "1, " "1, " "1, " "1, " "1, " "1, " "1, " "1, " "1, " "1, " "1, " "1, " "1, " "1, " "1, " "1, " "1, " "1, " "1, " "1, " "1, " "1, " "1, " "1, " "1, " "1, " "1, " "1, " "1, " "1, " "1, " "1, " "1, " "1, " "1, " "1, " "1, " "1, " "1, " "1, " "1, " "1, " "1, " "1, " "1, " "1, " "1, " "1, " "1, " "1, " "1, " "1, " "1, " "1, " "1, " "1, " "1, " "1, " "1, " "1, " "1, " "1, " "1, " "1, " "1, " "1, " "1, " "1, " "1, " "1, " "1, " "1, " "1, " "1, " "1, " "1, " "1, " "1, " "1, " "1, " "1, " "1, "0
 "Nei79, 0.128, " "0.675, " "1, " "1, " "1, " "1, " "1, " "1, " "1, " "1, " "1, " "1, " "1, " "1, " "1, " "1, " "1, " "1, " "1, " "1, " "1, " "1, " "1, " "1, " "1, " "1, " "1, " "1, " "1, " "1, " "1, " "1, " "1, " "1, " "1, " "1, " "1, " "1, " "1, " "1, " "1, " "1, " "1, " "1, " "1, " "1, " "1, " "1, " "1, " "1, " "1, " "1, " "1, " "1, " "1, " "1, " "1, " "1, " "1, " "1, " "1, " "1, " "1, " "1, " "1, " "1, " "1, " "1, " "1, " "1, " "1, " "1, " "1, " "1, " "1, " "1, " "1, " "1, " "1, " "1, " "1, " "0, " "1, " "1, " "1, " "1, " "1, " "1, " "1, " "1, " "1, " "1, " "1, " "1, " "1, " "1, " "1, " "1, " "1, " "1, " "1, " "1, " "1, " "1, " "1, " "1, " "1, " "1, " "1, " "1, " "1, " "1, " "1, " "1, " "1, " "1, " "1, " "1, " "1, " "1, " "1, " "1, " "1, " "1, " "1, " "1, " "1, " "1, " "1, " "1, " "1, " "1, " "1, " "1, " "1, " "1, " "1, " "1, " "1, " "1, " "1, " "1, " "1, " "1, " "1, " "1, " "1, " "1, " "1, " "1, " "1, " "1, " "1, " "1, " "1, " "1, " "1, " "1, " "1, " "1, " "1, " "1, " "1, " "1, " "1, " "1, " "1, " "1, " "1, " "1, " "1, " "1, " "1, " "1, " "1, " "1, " "1, " "1, " "1, " "1, " "1, " "1, " "1, " "1, " "1, " "1, " "1, " "1, " "1, " "1, " "1, " "1, " "1, " "1, " "1, " "1, " "1, " "1, " "1, " "1, " "1, " "1, " "1, " "1, " "1, " "1, " "1, " "1, " "1, " "1, " "1, " "1, " "1, " "1, " "1, " "1, " "1, " "1, " "1, " "1, " "1, " "1, " "1, " "1, " "1, " "1, " "1, " "1, " "1, " "1, " "1, " "1, " "1, " "1, " "1, " "1, " "1, " "1, " "1, " "1, " "1, " "1, " "1, " "1, " "1, " "1, " "1, " "1, " "1, " "1, " "1, " "1, " "1, " "1, " "1, " "1, " "1, " "1, " "1, " "1, " "1, " "1, " "1, " "1, " "1, " "1, " "1, " "1, " "1, " "1, " "1, " "1, " "1, " "1, " "1, " "1, " "1, " "1, " "1, " "1, " "1, " "1, " "1, " "1, " "1, " "1, " "1, " "1, " "1, " "1, " "1, " "1, " "1, " "1, " "1, " "1, " "1, " "1, " "1, " "1, " "1, " "1, " "1, " "1, " "1, " "1, " "1, " "1, " "1, " "1, " "1, " "1, " "1, " "1, " "1, " "1, " "1, " "1, " "1, " "1, " "1, " "1, " "1, " "1, " "1, " "1, " "1, " "1, " "1, " "1, " "1, " "1, " "1, " "1, " "1, " "1, " "1, " "1, " "1, " "1, " "1, " "1, " "1, " "1, " "1, " "1, " "1, " "1, " "1, " "1, " "1, " "1, " "1, " "1, " "1, " "1, " "1, " "1, " "1, " "1, " "1, " "1, " "1, " "1, " "1, " "1, " "1, " "1, " "1, " "1, " "1, " "1, " "1, " "1, " "1, " "1, " "1, " "1, " "1, " "1, " "1, " "1, " "1, " "1, " "1, " "1, " "1, " "1, " "1, " "1, " "1, " "1, " "1, " "1, " "1, " "1, " "1, " "1, " "1, " "1, " "1, " "1, " "1, " "1, " "1, " "1, " "1, " "1, " "1, " "1, " "1, " "1, " "1, " "1, " "1, " "1, " "1, " "1, " "1, " "1, " "1, " "1, " "1, " "1, " "1, " "1, " "1, " "1, " "1, " "1, " "1, " "1, " "1, " "1, " "1, " "1, " "1, " "1, " "1, " "1, " "1, " "1, " "1, " "1, " "1, " "1, " "1, " "1, " "1, " "1, " "1, " "1, " "1, " "1, " "1, " "1, " "1, " "1, " "1, " "1, " "1, " "1, " "1, " "1, " "1, " "1, " "1, " "1, " "1, " "1, " "1, " "1, " "1, " "1, " "1, " "1, " "1, " "1, " "1, " "1, " "1, " "1, " "1, " "1, " "1, " "1, " "1, " "1, " "1, " "1, " "1, " "1, " "1, " "1, " "1, " "1, " "1, " "1, " "1, " "1, " "1, " "1, " "1, " "1, " "1, " "1, " "1, " "1, " "1, " "1, " "1, " "1, " "1, " "1, " "1, "0
 "Nei80, 0.018, " "-0.16, " "1, " "1, " "1, " "1, " "1, " "1, " "1, " "1, " "1, " "1, " "1, " "1, " "1, " "1, " "1, " "1, " "1, " "1, " "1, " "1, " "1, " "1, " "1, " "1, " "1, " "1, " "1, " "1, " "1, " "1, " "1, " "1, " "1, " "1, " "1, " "1, " "1, " "1, " "1, " "1, " "1, " "1, " "1, " "1, " "1, " "1, " "1, " "1, " "1, " "1, " "1, " "1, " "1, " "1, " "1, " "1, " "1, " "1, " "1, " "1, " "1, " "1, " "1, " "1, " "1, " "1, " "1, " "1, " "1, " "1, " "1, " "1, " "1, " "1, " "1, " "1, " "1, " "1, " "1, " "1, " "0, " "1, " "1, " "1, " "1, " "1, " "1, " "1, " "1, " "1, " "1, " "1, " "1, " "1, " "1, " "1, " "1, " "1, " "1, " "1, " "1, " "1, " "1, " "1, " "1, " "1, " "1, " "1, " "1, " "1, " "1, " "1, " "1, " "1, " "1, " "1, " "1, " "1, " "1, " "1, " "1, " "1, " "1, " "1, " "1, " "1, " "1, " "1, " "1, " "1, " "1, " "1, " "1, " "1, " "1, " "1, " "1, " "1, " "1, " "1, " "1, " "1, " "1, " "1, " "1, " "1, " "1, " "1, " "1, " "1, " "1, " "1, " "1, " "1, " "1, " "1, " "1, " "1, " "1, " "1, " "1, " "1, " "1, " "1, " "1, " "1, " "1, " "1, " "1, " "1, " "1, " "1, " "1, " "1, " "1, " "1, " "1, " "1, " "1, " "1, " "1, " "1, " "1, " "1, " "1, " "1, " "1, " "1, " "1, " "1, " "1, " "1, " "1, " "1, " "1, " "1, " "1, " "1, " "1, " "1, " "1, " "1, " "1, " "1, " "1, " "1, " "1, " "1, " "1, " "1, " "1, " "1, " "1, " "1, " "1, " "1, " "1, " "1, " "1, " "1, " "1, " "1, " "1, " "1, " "1, " "1, " "1, " "1, " "1, " "1, " "1, " "1, " "1, " "1, " "1, " "1, " "1, " "1, " "1, " "1, " "1, " "1, " "1, " "1, " "1, " "1, " "1, " "1, " "1, " "1, " "1, " "1, " "1, " "1, " "1, " "1, " "1, " "1, " "1, " "1, " "1, " "1, " "1, " "1, " "1, " "1, " "1, " "1, " "1, " "1, " "1, " "1, " "1, " "1, " "1, " "1, " "1, " "1, " "1, " "1, " "1, " "1, " "1, " "1, " "1, " "1, " "1, " "1, " "1, " "1, " "1, " "1, " "1, " "1, " "1, " "1, " "1, " "1, " "1, " "1, " "1, " "1, " "1, " "1, " "1, " "1, " "1, " "1, " "1, " "1, " "1, " "1, " "1, " "1, " "1, " "1, " "1, " "1, " "1, " "1, " "1, " "1, " "1, " "1, " "1, " "1, " "1, " "1, " "1, " "1, " "1, " "1, " "1, " "1, " "1, " "1, " "1, " "1, " "1, " "1, " "1, " "1, " "1, " "1, " "1, " "1, " "1, " "1, " "1, " "1, " "1, " "1, " "1, " "1, " "1, " "1, " "1, " "1, " "1, " "1, " "1, " "1, " "1, " "1, " "1, " "1, " "1, " "1, " "1, " "1, " "1, " "1, " "1, " "1, " "1, " "1, " "1, " "1, " "1, " "1, " "1, " "1, " "1, " "1, " "1, " "1, " "1, " "1, " "1, " "1, " "1, " "1, " "1, " "1, " "1, " "1, " "1, " "1, " "1, " "1, " "1, " "1, " "1, " "1, " "1, " "1, " "1, " "1, " "1, " "1, " "1, " "1, " "1, " "1, " "1, " "1, " "1, " "1, " "1, " "1, " "1, " "1, " "1, " "1, " "1, " "1, " "1, " "1, " "1, " "1, " "1, " "1, " "1, " "1, " "1, " "1, " "1, " "1, " "1, " "1, " "1, " "1, " "1, " "1, " "1, " "1, " "1, " "1, " "1, " "1, " "1, " "1, " "1, " "1, " "1, " "1, " "1, " "1, " "1, " "1, " "1, " "1, " "1, " "1, " "1, " "1, " "1, " "1, " "1, " "1, " "1, " "1, " "1, " "1, " "1, " "1, " "1, " "1, " "1, " "1, " "1, " "1, " "1, " "1, " "1, " "1, " "1, " "1, " "1, " "1, " "1, " "1, " "1, " "1, " "1, " "1, " "1, " "1, " "1, " "1, " "1, " "1, " "1, " "1, " "1, " "1, " "1, " "1, " "1, " "1, " "1, " "1, " "1, "0
 "Nei81, 0.272, " "0.219, " "1, " "1, " "1, " "1, " "1, " "1, " "1, " "1, " "1, " "1, " "1, " "1, " "1, " "1, " "1, " "1, " "1, " "1, " "1, " "1, " "1, " "1, " "1, " "1, " "1, " "1, " "1, " "1, " "1, " "1, " "1, " "1, " "1, " "1, " "1, " "1, " "1, " "1, " "1, " "1, " "1, " "1, " "1, " "1, " "1, " "1, " "1, " "1, " "1, " "1, " "1, " "1, " "1, " "1, " "1, " "1, " "1, " "1, " "1, " "1, " "1, " "1, " "1, " "1, " "1, " "1, " "1, " "1, " "1, " "1, " "1, " "1, " "1, " "1, " "1, " "1, " "1, " "1, " "1, " "1, " "1, " "0, " "1, " "1, " "1, " "1, " "1, " "1, " "1, " "1, " "1, " "1, " "1, " "1, " "1, " "1, " "1, " "1, " "1, " "1, " "1, " "1, " "1, " "1, " "1, " "1, " "1, " "1, " "1, " "1, " "1, " "1, " "1, " "1, " "1, " "1, " "1, " "1, " "1, " "1, " "1, " "1, " "1, " "1, " "1, " "1, " "1, " "1, " "1, " "1, " "1, " "1, " "1, " "1, " "1, " "1, " "1, " "1, " "1, " "1, " "1, " "1, " "1, " "1, " "1, " "1, " "1, " "1, " "1, " "1, " "1, " "1, " "1, " "1, " "1, " "1, " "1, " "1, " "1, " "1, " "1, " "1, " "1, " "1, " "1, " "1, " "1, " "1, " "1, " "1, " "1, " "1, " "1, " "1, " "1, " "1, " "1, " "1, " "1, " "1, " "1, " "1, " "1, " "1, " "1, " "1, " "1, " "1, " "1, " "1, " "1, " "1, " "1, " "1, " "1, " "1, " "1, " "1, " "1, " "1, " "1, " "1, " "1, " "1, " "1, " "1, " "1, " "1, " "1, " "1, " "1, " "1, " "1, " "1, " "1, " "1, " "1, " "1, " "1, " "1, " "1, " "1, " "1, " "1, " "1, " "1, " "1, " "1, " "1, " "1, " "1, " "1, " "1, " "1, " "1, " "1, " "1, " "1, " "1, " "1, " "1, " "1, " "1, " "1, " "1, " "1, " "1, " "1, " "1, " "1, " "1, " "1, " "1, " "1, " "1, " "1, " "1, " "1, " "1, " "1, " "1, " "1, " "1, " "1, " "1, " "1, " "1, " "1, " "1, " "1, " "1, " "1, " "1, " "1, " "1, " "1, " "1, " "1, " "1, " "1, " "1, " "1, " "1, " "1, " "1, " "1, " "1, " "1, " "1, " "1, " "1, " "1, " "1, " "1, " "1, " "1, " "1, " "1, " "1, " "1, " "1, " "1, " "1, " "1, " "1, " "1, " "1, " "1, " "1, " "1, " "1, " "1, " "1, " "1, " "1, " "1, " "1, " "1, " "1, " "1, " "1, " "1, " "1, " "1, " "1, " "1, " "1, " "1, " "1, " "1, " "1, " "1, " "1, " "1, " "1, " "1, " "1, " "1, " "1, " "1, " "1, " "1, " "1, " "1, " "1, " "1, " "1, " "1, " "1, " "1, " "1, " "1, " "1, " "1, " "1, " "1, " "1, " "1, " "1, " "1, " "1, " "1, " "1, " "1, " "1, " "1, " "1, " "1, " "1, " "1, " "1, " "1, " "1, " "1, " "1, " "1, " "1, " "1, " "1, " "1, " "1, " "1, " "1, " "1, " "1, " "1, " "1, " "1, " "1, " "1, " "1, " "1, " "1, " "1, " "1, " "1, " "1, " "1, " "1, " "1, " "1, " "1, " "1, " "1, " "1, " "1, " "1, " "1, " "1, " "1, " "1, " "1, " "1, " "1, " "1, " "1, " "1, " "1, " "1, " "1, " "1, " "1, " "1, " "1, " "1, " "1, " "1, " "1, " "1, " "1, " "1, " "1, " "1, " "1, " "1, " "1, " "1, " "1, " "1, " "1, " "1, " "1, " "1, " "1, " "1, " "1, " "1, " "1, " "1, " "1, " "1, " "1, " "1, " "1, " "1, " "1, " "1, " "1, " "1, " "1, " "1, " "1, " "1, " "1, " "1, " "1, " "1, " "1, " "1, " "1, " "1, " "1, " "1, " "1, " "1, " "1, " "1, " "1, " "1, " "1, " "1, " "1, " "1, " "1, " "1, " "1, " "1, " "1, " "1, " "1, " "1, " "1, " "1, " "1, " "1, " "1, " "1, " "1, " "1, " "1, " "1, " "1, " "1, " "1, " "1, " "1, " "1, " "1, " "1, " "1, " "1, " "1, " "1, "0
 "Nei82, 0.03, " "0.317, " "1, " "1, " "1, " "1, " "1, " "1, " "1, " "1, " "1, " "1, " "1, " "1, " "1, " "1, " "1, " "1, " "1, " "1, " "1, " "1, " "1, " "1, " "1, " "1, " "1, " "1, " "1, " "1, " "1, " "1, " "1, " "1, " "1, " "1, " "1, " "1, " "1, " "1, " "1, " "1, " "1, " "1, " "1, " "1, " "1, " "1, " "1, " "1, " "1, " "1, " "1, " "1, " "1, " "1, " "1, " "1, " "1, " "1, " "1, " "1, " "1, " "1, " "1, " "1, " "1, " "1, " "1, " "1, " "1, " "1, " "1, " "1, " "1, " "1, " "1, " "1, " "1, " "1, " "1, " "1, " "1, " "1, " "0, " "1, " "1, " "1, " "1, " "1, " "1, " "1, " "1, " "1, " "1, " "1, " "1, " "1, " "1, " "1, " "1, " "1, " "1, " "1, " "1, " "1, " "1, " "1, " "1, " "1, " "1, " "1, " "1, " "1, " "1, " "1, " "1, " "1, " "1, " "1, " "1, " "1, " "1, " "1, " "1, " "1, " "1, " "1, " "1, " "1, " "1, " "1, " "1, " "1, " "1, " "1, " "1, " "1, " "1, " "1, " "1, " "1, " "1, " "1, " "1, " "1, " "1, " "1, " "1, " "1, " "1, " "1, " "1, " "1, " "1, " "1, " "1, " "1, " "1, " "1, " "1, " "1, " "1, " "1, " "1, " "1, " "1, " "1, " "1, " "1, " "1, " "1, " "1, " "1, " "1, " "1, " "1, " "1, " "1, " "1, " "1, " "1, " "1, " "1, " "1, " "1, " "1, " "1, " "1, " "1, " "1, " "1, " "1, " "1, " "1, " "1, " "1, " "1, " "1, " "1, " "1, " "1, " "1, " "1, " "1, " "1, " "1, " "1, " "1, " "1, " "1, " "1, " "1, " "1, " "1, " "1, " "1, " "1, " "1, " "1, " "1, " "1, " "1, " "1, " "1, " "1, " "1, " "1, " "1, " "1, " "1, " "1, " "1, " "1, " "1, " "1, " "1, " "1, " "1, " "1, " "1, " "1, " "1, " "1, " "1, " "1, " "1, " "1, " "1, " "1, " "1, " "1, " "1, " "1, " "1, " "1, " "1, " "1, " "1, " "1, " "1, " "1, " "1, " "1, " "1, " "1, " "1, " "1, " "1, " "1, " "1, " "1, " "1, " "1, " "1, " "1, " "1, " "1, " "1, " "1, " "1, " "1, " "1, " "1, " "1, " "1, " "1, " "1, " "1, " "1, " "1, " "1, " "1, " "1, " "1, " "1, " "1, " "1, " "1, " "1, " "1, " "1, " "1, " "1, " "1, " "1, " "1, " "1, " "1, " "1, " "1, " "1, " "1, " "1, " "1, " "1, " "1, " "1, " "1, " "1, " "1, " "1, " "1, " "1, " "1, " "1, " "1, " "1, " "1, " "1, " "1, " "1, " "1, " "1, " "1, " "1, " "1, " "1, " "1, " "1, " "1, " "1, " "1, " "1, " "1, " "1, " "1, " "1, " "1, " "1, " "1, " "1, " "1, " "1, " "1, " "1, " "1, " "1, " "1, " "1, " "1, " "1, " "1, " "1, " "1, " "1, " "1, " "1, " "1, " "1, " "1, " "1, " "1, " "1, " "1, " "1, " "1, " "1, " "1, " "1, " "1, " "1, " "1, " "1, " "1, " "1, " "1, " "1, " "1, " "1, " "1, " "1, " "1, " "1, " "1, " "1, " "1, " "1, " "1, " "1, " "1, " "1, " "1, " "1, " "1, " "1, " "1, " "1, " "1, " "1, " "1, " "1, " "1, " "1, " "1, " "1, " "1, " "1, " "1, " "1, " "1, " "1, " "1, " "1, " "1, " "1, " "1, " "1, " "1, " "1, " "1, " "1, " "1, " "1, " "1, " "1, " "1, " "1, " "1, " "1, " "1, " "1, " "1, " "1, " "1, " "1, " "1, " "1, " "1, " "1, " "1, " "1, " "1, " "1, " "1, " "1, " "1, " "1, " "1, " "1, " "1, " "1, " "1, " "1, " "1, " "1, " "1, " "1, " "1, " "1, " "1, " "1, " "1, " "1, " "1, " "1, " "1, " "1, " "1, " "1, " "1, " "1, " "1, " "1, " "1, " "1, " "1, " "1, " "1, " "1, " "1, " "1, " "1, " "1, " "1, " "1, " "1, " "1, " "1, " "1, " "1, " "1, " "1, " "1, " "1, " "1, " "1, " "1, " "1, " "1, " "1, " "1, " "1, " "1, " "1, "0
 "Nei83, 0.118, " "-0.847, " "1, " "1, " "1, " "1, " "1, " "1, " "1, " "1, " "1, " "1, " "1, " "1, " "1, " "1, " "1, " "1, " "1, " "1, " "1, " "1, " "1, " "1, " "1, " "1, " "1, " "1, " "1, " "1, " "1, " "1, " "1, " "1, " "1, " "1, " "1, " "1, " "1, " "1, " "1, " "1, " "1, " "1, " "1, " "1, " "1, " "1, " "1, " "1, " "1, " "1, " "1, " "1, " "1, " "1, " "1, " "1, " "1, " "1, " "1, " "1, " "1, " "1, " "1, " "1, " "1, " "1, " "1, " "1, " "1, " "1, " "1, " "1, " "1, " "1, " "1, " "1, " "1, " "1, " "1, " "1, " "1, " "1, " "1, " "0, " "1, " "1, " "1, " "1, " "1, " "1, " "1, " "1, " "1, " "1, " "1, " "1, " "1, " "1, " "1, " "1, " "1, " "1, " "1, " "1, " "1, " "1, " "1, " "1, " "1, " "1, " "1, " "1, " "1, " "1, " "1, " "1, " "1, " "1, " "1, " "1, " "1, " "1, " "1, " "1, " "1, " "1, " "1, " "1, " "1, " "1, " "1, " "1, " "1, " "1, " "1, " "1, " "1, " "1, " "1, " "1, " "1, " "1, " "1, " "1, " "1, " "1, " "1, " "1, " "1, " "1, " "1, " "1, " "1, " "1, " "1, " "1, " "1, " "1, " "1, " "1, " "1, " "1, " "1, " "1, " "1, " "1, " "1, " "1, " "1, " "1, " "1, " "1, " "1, " "1, " "1, " "1, " "1, " "1, " "1, " "1, " "1, " "1, " "1, " "1, " "1, " "1, " "1, " "1, " "1, " "1, " "1, " "1, " "1, " "1, " "1, " "1, " "1, " "1, " "1, " "1, " "1, " "1, " "1, " "1, " "1, " "1, " "1, " "1, " "1, " "1, " "1, " "1, " "1, " "1, " "1, " "1, " "1, " "1, " "1, " "1, " "1, " "1, " "1, " "1, " "1, " "1, " "1, " "1, " "1, " "1, " "1, " "1, " "1, " "1, " "1, " "1, " "1, " "1, " "1, " "1, " "1, " "1, " "1, " "1, " "1, " "1, " "1, " "1, " "1, " "1, " "1, " "1, " "1, " "1, " "1, " "1, " "1, " "1, " "1, " "1, " "1, " "1, " "1, " "1, " "1, " "1, " "1, " "1, " "1, " "1, " "1, " "1, " "1, " "1, " "1, " "1, " "1, " "1, " "1, " "1, " "1, " "1, " "1, " "1, " "1, " "1, " "1, " "1, " "1, " "1, " "1, " "1, " "1, " "1, " "1, " "1, " "1, " "1, " "1, " "1, " "1, " "1, " "1, " "1, " "1, " "1, " "1, " "1, " "1, " "1, " "1, " "1, " "1, " "1, " "1, " "1, " "1, " "1, " "1, " "1, " "1, " "1, " "1, " "1, " "1, " "1, " "1, " "1, " "1, " "1, " "1, " "1, " "1, " "1, " "1, " "1, " "1, " "1, " "1, " "1, " "1, " "1, " "1, " "1, " "1, " "1, " "1, " "1, " "1, " "1, " "1, " "1, " "1, " "1, " "1, " "1, " "1, " "1, " "1, " "1, " "1, " "1, " "1, " "1, " "1, " "1, " "1, " "1, " "1, " "1, " "1, " "1, " "1, " "1, " "1, " "1, " "1, " "1, " "1, " "1, " "1, " "1, " "1, " "1, " "1, " "1, " "1, " "1, " "1, " "1, " "1, " "1, " "1, " "1, " "1, " "1, " "1, " "1, " "1, " "1, " "1, " "1, " "1, " "1, " "1, " "1, " "1, " "1, " "1, " "1, " "1, " "1, " "1, " "1, " "1, " "1, " "1, " "1, " "1, " "1, " "1, " "1, " "1, " "1, " "1, " "1, " "1, " "1, " "1, " "1, " "1, " "1, " "1, " "1, " "1, " "1, " "1, " "1, " "1, " "1, " "1, " "1, " "1, " "1, " "1, " "1, " "1, " "1, " "1, " "1, " "1, " "1, " "1, " "1, " "1, " "1, " "1, " "1, " "1, " "1, " "1, " "1, " "1, " "1, " "1, " "1, " "1, " "1, " "1, " "1, " "1, " "1, " "1, " "1, " "1, " "1, " "1, " "1, " "1, " "1, " "1, " "1, " "1, " "1, " "1, " "1, " "1, " "1, " "1, " "1, " "1, " "1, " "1, " "1, " "1, " "1, " "1, " "1, " "1, " "1, " "1, " "1, " "1, " "1, " "1, " "1, " "1, " "1, " "1, " "1, " "1, " "1, " "1, "0
 "Nei84, 0.107, " "0.844, " "1, " "1, " "1, " "1, " "1, " "1, " "1, " "1, " "1, " "1, " "1, " "1, " "1, " "1, " "1, " "1, " "1, " "1, " "1, " "1, " "1, " "1, " "1, " "1, " "1, " "1, " "1, " "1, " "1, " "1, " "1, " "1, " "1, " "1, " "1, " "1, " "1, " "1, " "1, " "1, " "1, " "1, " "1, " "1, " "1, " "1, " "1, " "1, " "1, " "1, " "1, " "1, " "1, " "1, " "1, " "1, " "1, " "1, " "1, " "1, " "1, " "1, " "1, " "1, " "1, " "1, " "1, " "1, " "1, " "1, " "1, " "1, " "1, " "1, " "1, " "1, " "1, " "1, " "1, " "1, " "1, " "1, " "1, " "1, " "0, " "1, " "1, " "1, " "1, " "1, " "1, " "1, " "1, " "1, " "1, " "1, " "1, " "1, " "1, " "1, " "1, " "1, " "1, " "1, " "1, " "1, " "1, " "1, " "1, " "1, " "1, " "1, " "1, " "1, " "1, " "1, " "1, " "1, " "1, " "1, " "1, " "1, " "1, " "1, " "1, " "1, " "1, " "1, " "1, " "1, " "1, " "1, " "1, " "1, " "1, " "1, " "1, " "1, " "1, " "1, " "1, " "1, " "1, " "1, " "1, " "1, " "1, " "1, " "1, " "1, " "1, " "1, " "1, " "1, " "1, " "1, " "1, " "1, " "1, " "1, " "1, " "1, " "1, " "1, " "1, " "1, " "1, " "1, " "1, " "1, " "1, " "1, " "1, " "1, " "1, " "1, " "1, " "1, " "1, " "1, " "1, " "1, " "1, " "1, " "1, " "1, " "1, " "1, " "1, " "1, " "1, " "1, " "1, " "1, " "1, " "1, " "1, " "1, " "1, " "1, " "1, " "1, " "1, " "1, " "1, " "1, " "1, " "1, " "1, " "1, " "1, " "1, " "1, " "1, " "1, " "1, " "1, " "1, " "1, " "1, " "1, " "1, " "1, " "1, " "1, " "1, " "1, " "1, " "1, " "1, " "1, " "1, " "1, " "1, " "1, " "1, " "1, " "1, " "1, " "1, " "1, " "1, " "1, " "1, " "1, " "1, " "1, " "1, " "1, " "1, " "1, " "1, " "1, " "1, " "1, " "1, " "1, " "1, " "1, " "1, " "1, " "1, " "1, " "1, " "1, " "1, " "1, " "1, " "1, " "1, " "1, " "1, " "1, " "1, " "1, " "1, " "1, " "1, " "1, " "1, " "1, " "1, " "1, " "1, " "1, " "1, " "1, " "1, " "1, " "1, " "1, " "1, " "1, " "1, " "1, " "1, " "1, " "1, " "1, " "1, " "1, " "1, " "1, " "1, " "1, " "1, " "1, " "1, " "1, " "1, " "1, " "1, " "1, " "1, " "1, " "1, " "1, " "1, " "1, " "1, " "1, " "1, " "1, " "1, " "1, " "1, " "1, " "1, " "1, " "1, " "1, " "1, " "1, " "1, " "1, " "1, " "1, " "1, " "1, " "1, " "1, " "1, " "1, " "1, " "1, " "1, " "1, " "1, " "1, " "1, " "1, " "1, " "1, " "1, " "1, " "1, " "1, " "1, " "1, " "1, " "1, " "1, " "1, " "1, " "1, " "1, " "1, " "1, " "1, " "1, " "1, " "1, " "1, " "1, " "1, " "1, " "1, " "1, " "1, " "1, " "1, " "1, " "1, " "1, " "1, " "1, " "1, " "1, " "1, " "1, " "1, " "1, " "1, " "1, " "1, " "1, " "1, " "1, " "1, " "1, " "1, " "1, " "1, " "1, " "1, " "1, " "1, " "1, " "1, " "1, " "1, " "1, " "1, " "1, " "1, " "1, " "1, " "1, " "1, " "1, " "1, " "1, " "1, " "1, " "1, " "1, " "1, " "1, " "1, " "1, " "1, " "1, " "1, " "1, " "1, " "1, " "1, " "1, " "1, " "1, " "1, " "1, " "1, " "1, " "1, " "1, " "1, " "1, " "1, " "1, " "1, " "1, " "1, " "1, " "1, " "1, " "1, " "1, " "1, " "1, " "1, " "1, " "1, " "1, " "1, " "1, " "1, " "1, " "1, " "1, " "1, " "1, " "1, " "1, " "1, " "1, " "1, " "1, " "1, " "1, " "1, " "1, " "1, " "1, " "1, " "1, " "1, " "1, " "1, " "1, " "1, " "1, " "1, " "1, " "1, " "1, " "1, " "1, " "1, " "1, " "1, " "1, " "1, " "1, " "1, " "1, " "1, " "1, " "1, " "1, " "1, " "1, " "1, "0
 "Nei85, 0.171, " "0.379, " "1, " "1, " "1, " "1, " "1, " "1, " "1, " "1, " "1, " "1, " "1, " "1, " "1, " "1, " "1, " "1, " "1, " "1, " "1, " "1, " "1, " "1, " "1, " "1, " "1, " "1, " "1, " "1, " "1, " "1, " "1, " "1, " "1, " "1, " "1, " "1, " "1, " "1, " "1, " "1, " "1, " "1, " "1, " "1, " "1, " "1, " "1, " "1, " "1, " "1, " "1, " "1, " "1, " "1, " "1, " "1, " "1, " "1, " "1, " "1, " "1, " "1, " "1, " "1, " "1, " "1, " "1, " "1, " "1, " "1, " "1, " "1, " "1, " "1, " "1, " "1, " "1, " "1, " "1, " "1, " "1, " "1, " "1, " "1, " "1, " "0, " "1, " "1, " "1, " "1, " "1, " "1, " "1, " "1, " "1, " "1, " "1, " "1, " "1, " "1, " "1, " "1, " "1, " "1, " "1, " "1, " "1, " "1, " "1, " "1, " "1, " "1, " "1, " "1, " "1, " "1, " "1, " "1, " "1, " "1, " "1, " "1, " "1, " "1, " "1, " "1, " "1, " "1, " "1, " "1, " "1, " "1, " "1, " "1, " "1, " "1, " "1, " "1, " "1, " "1, " "1, " "1, " "1, " "1, " "1, " "1, " "1, " "1, " "1, " "1, " "1, " "1, " "1, " "1, " "1, " "1, " "1, " "1, " "1, " "1, " "1, " "1, " "1, " "1, " "1, " "1, " "1, " "1, " "1, " "1, " "1, " "1, " "1, " "1, " "1, " "1, " "1, " "1, " "1, " "1, " "1, " "1, " "1, " "1, " "1, " "1, " "1, " "1, " "1, " "1, " "1, " "1, " "1, " "1, " "1, " "1, " "1, " "1, " "1, " "1, " "1, " "1, " "1, " "1, " "1, " "1, " "1, " "1, " "1, " "1, " "1, " "1, " "1, " "1, " "1, " "1, " "1, " "1, " "1, " "1, " "1, " "1, " "1, " "1, " "1, " "1, " "1, " "1, " "1, " "1, " "1, " "1, " "1, " "1, " "1, " "1, " "1, " "1, " "1, " "1, " "1, " "1, " "1, " "1, " "1, " "1, " "1, " "1, " "1, " "1, " "1, " "1, " "1, " "1, " "1, " "1, " "1, " "1, " "1, " "1, " "1, " "1, " "1, " "1, " "1, " "1, " "1, " "1, " "1, " "1, " "1, " "1, " "1, " "1, " "1, " "1, " "1, " "1, " "1, " "1, " "1, " "1, " "1, " "1, " "1, " "1, " "1, " "1, " "1, " "1, " "1, " "1, " "1, " "1, " "1, " "1, " "1, " "1, " "1, " "1, " "1, " "1, " "1, " "1, " "1, " "1, " "1, " "1, " "1, " "1, " "1, " "1, " "1, " "1, " "1, " "1, " "1, " "1, " "1, " "1, " "1, " "1, " "1, " "1, " "1, " "1, " "1, " "1, " "1, " "1, " "1, " "1, " "1, " "1, " "1, " "1, " "1, " "1, " "1, " "1, " "1, " "1, " "1, " "1, " "1, " "1, " "1, " "1, " "1, " "1, " "1, " "1, " "1, " "1, " "1, " "1, " "1, " "1, " "1, " "1, " "1, " "1, " "1, " "1, " "1, " "1, " "1, " "1, " "1, " "1, " "1, " "1, " "1, " "1, " "1, " "1, " "1, " "1, " "1, " "1, " "1, " "1, " "1, " "1, " "1, " "1, " "1, " "1, " "1, " "1, " "1, " "1, " "1, " "1, " "1, " "1, " "1, " "1, " "1, " "1, " "1, " "1, " "1, " "1, " "1, " "1, " "1, " "1, " "1, " "1, " "1, " "1, " "1, " "1, " "1, " "1, " "1, " "1, " "1, " "1, " "1, " "1, " "1, " "1, " "1, " "1, " "1, " "1, " "1, " "1, " "1, " "1, " "1, " "1, " "1, " "1, " "1, " "1, " "1, " "1, " "1, " "1, " "1, " "1, " "1, " "1, " "1, " "1, " "1, " "1, " "1, " "1, " "1, " "1, " "1, " "1, " "1, " "1, " "1, " "1, " "1, " "1, " "1, " "1, " "1, " "1, " "1, " "1, " "1, " "1, " "1, " "1, " "1, " "1, " "1, " "1, " "1, " "1, " "1, " "1, " "1, " "1, " "1, " "1, " "1, " "1, " "1, " "1, " "1, " "1, " "1, " "1, " "1, " "1, " "1, " "1, " "1, " "1, " "1, " "1, " "1, " "1, " "1, " "1, " "1, " "1, " "1, " "1, " "1, " "1, " "1, " "1, " "1, "0
 "Nei86, 0.075, " "0.864, " "1, " "1, " "1, " "1, " "1, " "1, " "1, " "1, " "1, " "1, " "1, " "1, " "1, " "1, " "1, " "1, " "1, " "1, " "1, " "1, " "1, " "1, " "1, " "1, " "1, " "1, " "1, " "1, " "1, " "1, " "1, " "1, " "1, " "1, " "1, " "1, " "1, " "1, " "1, " "1, " "1, " "1, " "1, " "1, " "1, " "1, " "1, " "1, " "1, " "1, " "1, " "1, " "1, " "1, " "1, " "1, " "1, " "1, " "1, " "1, " "1, " "1, " "1, " "1, " "1, " "1, " "1, " "1, " "1, " "1, " "1, " "1, " "1, " "1, " "1, " "1, " "1, " "1, " "1, " "1, " "1, " "1, " "1, " "1, " "1, " "1, " "0, " "1, " "1, " "1, " "1, " "1, " "1, " "1, " "1, " "1, " "1, " "1, " "1, " "1, " "1, " "1, " "1, " "1, " "1, " "1, " "1, " "1, " "1, " "1, " "1, " "1, " "1, " "1, " "1, " "1, " "1, " "1, " "1, " "1, " "1, " "1, " "1, " "1, " "1, " "1, " "1, " "1, " "1, " "1, " "1, " "1, " "1, " "1, " "1, " "1, " "1, " "1, " "1, " "1, " "1, " "1, " "1, " "1, " "1, " "1, " "1, " "1, " "1, " "1, " "1, " "1, " "1, " "1, " "1, " "1, " "1, " "1, " "1, " "1, " "1, " "1, " "1, " "1, " "1, " "1, " "1, " "1, " "1, " "1, " "1, " "1, " "1, " "1, " "1, " "1, " "1, " "1, " "1, " "1, " "1, " "1, " "1, " "1, " "1, " "1, " "1, " "1, " "1, " "1, " "1, " "1, " "1, " "1, " "1, " "1, " "1, " "1, " "1, " "1, " "1, " "1, " "1, " "1, " "1, " "1, " "1, " "1, " "1, " "1, " "1, " "1, " "1, " "1, " "1, " "1, " "1, " "1, " "1, " "1, " "1, " "1, " "1, " "1, " "1, " "1, " "1, " "1, " "1, " "1, " "1, " "1, " "1, " "1, " "1, " "1, " "1, " "1, " "1, " "1, " "1, " "1, " "1, " "1, " "1, " "1, " "1, " "1, " "1, " "1, " "1, " "1, " "1, " "1, " "1, " "1, " "1, " "1, " "1, " "1, " "1, " "1, " "1, " "1, " "1, " "1, " "1, " "1, " "1, " "1, " "1, " "1, " "1, " "1, " "1, " "1, " "1, " "1, " "1, " "1, " "1, " "1, " "1, " "1, " "1, " "1, " "1, " "1, " "1, " "1, " "1, " "1, " "1, " "1, " "1, " "1, " "1, " "1, " "1, " "1, " "1, " "1, " "1, " "1, " "1, " "1, " "1, " "1, " "1, " "1, " "1, " "1, " "1, " "1, " "1, " "1, " "1, " "1, " "1, " "1, " "1, " "1, " "1, " "1, " "1, " "1, " "1, " "1, " "1, " "1, " "1, " "1, " "1, " "1, " "1, " "1, " "1, " "1, " "1, " "1, " "1, " "1, " "1, " "1, " "1, " "1, " "1, " "1, " "1, " "1, " "1, " "1, " "1, " "1, " "1, " "1, " "1, " "1, " "1, " "1, " "1, " "1, " "1, " "1, " "1, " "1, " "1, " "1, " "1, " "1, " "1, " "1, " "1, " "1, " "1, " "1, " "1, " "1, " "1, " "1, " "1, " "1, " "1, " "1, " "1, " "1, " "1, " "1, " "1, " "1, " "1, " "1, " "1, " "1, " "1, " "1, " "1, " "1, " "1, " "1, " "1, " "1, " "1, " "1, " "1, " "1, " "1, " "1, " "1, " "1, " "1, " "1, " "1, " "1, " "1, " "1, " "1, " "1, " "1, " "1, " "1, " "1, " "1, " "1, " "1, " "1, " "1, " "1, " "1, " "1, " "1, " "1, " "1, " "1, " "1, " "1, " "1, " "1, " "1, " "1, " "1, " "1, " "1, " "1, " "1, " "1, " "1, " "1, " "1, " "1, " "1, " "1, " "1, " "1, " "1, " "1, " "1, " "1, " "1, " "1, " "1, " "1, " "1, " "1, " "1, " "1, " "1, " "1, " "1, " "1, " "1, " "1, " "1, " "1, " "1, " "1, " "1, " "1, " "1, " "1, " "1, " "1, " "1, " "1, " "1, " "1, " "1, " "1, " "1, " "1, " "1, " "1, " "1, " "1, " "1, " "1, " "1, " "1, " "1, " "1, " "1, " "1, " "1, " "1, " "1, " "1, " "1, " "1, " "1, " "1, " "1, " "1, " "1, "0
 "Nei87, 0.122, " "-0.523, " "1, " "1, " "1, " "1, " "1, " "1, " "1, " "1, " "1, " "1, " "1, " "1, " "1, " "1, " "1, " "1, " "1, " "1, " "1, " "1, " "1, " "1, " "1, " "1, " "1, " "1, " "1, " "1, " "1, " "1, " "1, " "1, " "1, " "1, " "1, " "1, " "1, " "1, " "1, " "1, " "1, " "1, " "1, " "1, " "1, " "1, " "1, " "1, " "1, " "1, " "1, " "1, " "1, " "1, " "1, " "1, " "1, " "1, " "1, " "1, " "1, " "1, " "1, " "1, " "1, " "1, " "1, " "1, " "1, " "1, " "1, " "1, " "1, " "1, " "1, " "1, " "1, " "1, " "1, " "1, " "1, " "1, " "1, " "1, " "1, " "1, " "1, " "0, " "1, " "1, " "1, " "1, " "1, " "1, " "1, " "1, " "1, " "1, " "1, " "1, " "1, " "1, " "1, " "1, " "1, " "1, " "1, " "1, " "1, " "1, " "1, " "1, " "1, " "1, " "1, " "1, " "1, " "1, " "1, " "1, " "1, " "1, " "1, " "1, " "1, " "1, " "1, " "1, " "1, " "1, " "1, " "1, " "1, " "1, " "1, " "1, " "1, " "1, " "1, " "1, " "1, " "1, " "1, " "1, " "1, " "1, " "1, " "1, " "1, " "1, " "1, " "1, " "1, " "1, " "1, " "1, " "1, " "1, " "1, " "1, " "1, " "1, " "1, " "1, " "1, " "1, " "1, " "1, " "1, " "1, " "1, " "1, " "1, " "1, " "1, " "1, " "1, " "1, " "1, " "1, " "1, " "1, " "1, " "1, " "1, " "1, " "1, " "1, " "1, " "1, " "1, " "1, " "1, " "1, " "1, " "1, " "1, " "1, " "1, " "1, " "1, " "1, " "1, " "1, " "1, " "1, " "1, " "1, " "1, " "1, " "1, " "1, " "1, " "1, " "1, " "1, " "1, " "1, " "1, " "1, " "1, " "1, " "1, " "1, " "1, " "1, " "1, " "1, " "1, " "1, " "1, " "1, " "1, " "1, " "1, " "1, " "1, " "1, " "1, " "1, " "1, " "1, " "1, " "1, " "1, " "1, " "1, " "1, " "1, " "1, " "1, " "1, " "1, " "1, " "1, " "1, " "1, " "1, " "1, " "1, " "1, " "1, " "1, " "1, " "1, " "1, " "1, " "1, " "1, " "1, " "1, " "1, " "1, " "1, " "1, " "1, " "1, " "1, " "1, " "1, " "1, " "1, " "1, " "1, " "1, " "1, " "1, " "1, " "1, " "1, " "1, " "1, " "1, " "1, " "1, " "1, " "1, " "1, " "1, " "1, " "1, " "1, " "1, " "1, " "1, " "1, " "1, " "1, " "1, " "1, " "1, " "1, " "1, " "1, " "1, " "1, " "1, " "1, " "1, " "1, " "1, " "1, " "1, " "1, " "1, " "1, " "1, " "1, " "1, " "1, " "1, " "1, " "1, " "1, " "1, " "1, " "1, " "1, " "1, " "1, " "1, " "1, " "1, " "1, " "1, " "1, " "1, " "1, " "1, " "1, " "1, " "1, " "1, " "1, " "1, " "1, " "1, " "1, " "1, " "1, " "1, " "1, " "1, " "1, " "1, " "1, " "1, " "1, " "1, " "1, " "1, " "1, " "1, " "1, " "1, " "1, " "1, " "1, " "1, " "1, " "1, " "1, " "1, " "1, " "1, " "1, " "1, " "1, " "1, " "1, " "1, " "1, " "1, " "1, " "1, " "1, " "1, " "1, " "1, " "1, " "1, " "1, " "1, " "1, " "1, " "1, " "1, " "1, " "1, " "1, " "1, " "1, " "1, " "1, " "1, " "1, " "1, " "1, " "1, " "1, " "1, " "1, " "1, " "1, " "1, " "1, " "1, " "1, " "1, " "1, " "1, " "1, " "1, " "1, " "1, " "1, " "1, " "1, " "1, " "1, " "1, " "1, " "1, " "1, " "1, " "1, " "1, " "1, " "1, " "1, " "1, " "1, " "1, " "1, " "1, " "1, " "1, " "1, " "1, " "1, " "1, " "1, " "1, " "1, " "1, " "1, " "1, " "1, " "1, " "1, " "1, " "1, " "1, " "1, " "1, " "1, " "1, " "1, " "1, " "1, " "1, " "1, " "1, " "1, " "1, " "1, " "1, " "1, " "1, " "1, " "1, " "1, " "1, " "1, " "1, " "1, " "1, " "1, " "1, " "1, " "1, " "1, " "1, " "1, " "1, " "1, " "1, " "1, " "1, " "1, " "1, " "1, " "1, "0
 "Nei88, 0.123, " "-0.531, " "1, " "1, " "1, " "1, " "1, " "1, " "1, " "1, " "1, " "1, " "1, " "1, " "1, " "1, " "1, " "1, " "1, " "1, " "1, " "1, " "1, " "1, " "1, " "1, " "1, " "1, " "1, " "1, " "1, " "1, " "1, " "1, " "1, " "1, " "1, " "1, " "1, " "1, " "1, " "1, " "1, " "1, " "1, " "1, " "1, " "1, " "1, " "1, " "1, " "1, " "1, " "1, " "1, " "1, " "1, " "1, " "1, " "1, " "1, " "1, " "1, " "1, " "1, " "1, " "1, " "1, " "1, " "1, " "1, " "1, " "1, " "1, " "1, " "1, " "1, " "1, " "1, " "1, " "1, " "1, " "1, " "1, " "1, " "1, " "1, " "1, " "1, " "1, " "0, " "1, " "1, " "1, " "1, " "1, " "1, " "1, " "1, " "1, " "1, " "1, " "1, " "1, " "1, " "1, " "1, " "1, " "1, " "1, " "1, " "1, " "1, " "1, " "1, " "1, " "1, " "1, " "1, " "1, " "1, " "1, " "1, " "1, " "1, " "1, " "1, " "1, " "1, " "1, " "1, " "1, " "1, " "1, " "1, " "1, " "1, " "1, " "1, " "1, " "1, " "1, " "1, " "1, " "1, " "1, " "1, " "1, " "1, " "1, " "1, " "1, " "1, " "1, " "1, " "1, " "1, " "1, " "1, " "1, " "1, " "1, " "1, " "1, " "1, " "1, " "1, " "1, " "1, " "1, " "1, " "1, " "1, " "1, " "1, " "1, " "1, " "1, " "1, " "1, " "1, " "1, " "1, " "1, " "1, " "1, " "1, " "1, " "1, " "1, " "1, " "1, " "1, " "1, " "1, " "1, " "1, " "1, " "1, " "1, " "1, " "1, " "1, " "1, " "1, " "1, " "1, " "1, " "1, " "1, " "1, " "1, " "1, " "1, " "1, " "1, " "1, " "1, " "1, " "1, " "1, " "1, " "1, " "1, " "1, " "1, " "1, " "1, " "1, " "1, " "1, " "1, " "1, " "1, " "1, " "1, " "1, " "1, " "1, " "1, " "1, " "1, " "1, " "1, " "1, " "1, " "1, " "1, " "1, " "1, " "1, " "1, " "1, " "1, " "1, " "1, " "1, " "1, " "1, " "1, " "1, " "1, " "1, " "1, " "1, " "1, " "1, " "1, " "1, " "1, " "1, " "1, " "1, " "1, " "1, " "1, " "1, " "1, " "1, " "1, " "1, " "1, " "1, " "1, " "1, " "1, " "1, " "1, " "1, " "1, " "1, " "1, " "1, " "1, " "1, " "1, " "1, " "1, " "1, " "1, " "1, " "1, " "1, " "1, " "1, " "1, " "1, " "1, " "1, " "1, " "1, " "1, " "1, " "1, " "1, " "1, " "1, " "1, " "1, " "1, " "1, " "1, " "1, " "1, " "1, " "1, " "1, " "1, " "1, " "1, " "1, " "1, " "1, " "1, " "1, " "1, " "1, " "1, " "1, " "1, " "1, " "1, " "1, " "1, " "1, " "1, " "1, " "1, " "1, " "1, " "1, " "1, " "1, " "1, " "1, " "1, " "1, " "1, " "1, " "1, " "1, " "1, " "1, " "1, " "1, " "1, " "1, " "1, " "1, " "1, " "1, " "1, " "1, " "1, " "1, " "1, " "1, " "1, " "1, " "1, " "1, " "1, " "1, " "1, " "1, " "1, " "1, " "1, " "1, " "1, " "1, " "1, " "1, " "1, " "1, " "1, " "1, " "1, " "1, " "1, " "1, " "1, " "1, " "1, " "1, " "1, " "1, " "1, " "1, " "1, " "1, " "1, " "1, " "1, " "1, " "1, " "1, " "1, " "1, " "1, " "1, " "1, " "1, " "1, " "1, " "1, " "1, " "1, " "1, " "1, " "1, " "1, " "1, " "1, " "1, " "1, " "1, " "1, " "1, " "1, " "1, " "1, " "1, " "1, " "1, " "1, " "1, " "1, " "1, " "1, " "1, " "1, " "1, " "1, " "1, " "1, " "1, " "1, " "1, " "1, " "1, " "1, " "1, " "1, " "1, " "1, " "1, " "1, " "1, " "1, " "1, " "1, " "1, " "1, " "1, " "1, " "1, " "1, " "1, " "1, " "1, " "1, " "1, " "1, " "1, " "1, " "1, " "1, " "1, " "1, " "1, " "1, " "1, " "1, " "1, " "1, " "1, " "1, " "1, " "1, " "1, " "1, " "1, " "1, " "1, " "1, " "1, " "1, " "1, " "1, " "1, " "1, " "1, " "1, " "1, "0
 "Nei89, 0.305, " "0.054, " "1, " "1, " "1, " "1, " "1, " "1, " "1, " "1, " "1, " "1, " "1, " "1, " "1, " "1, " "1, " "1, " "1, " "1, " "1, " "1, " "1, " "1, " "1, " "1, " "1, " "1, " "1, " "1, " "1, " "1, " "1, " "1, " "1, " "1, " "1, " "1, " "1, " "1, " "1, " "1, " "1, " "1, " "1, " "1, " "1, " "1, " "1, " "1, " "1, " "1, " "1, " "1, " "1, " "1, " "1, " "1, " "1, " "1, " "1, " "1, " "1, " "1, " "1, " "1, " "1, " "1, " "1, " "1, " "1, " "1, " "1, " "1, " "1, " "1, " "1, " "1, " "1, " "1, " "1, " "1, " "1, " "1, " "1, " "1, " "1, " "1, " "1, " "1, " "1, " "0, " "1, " "1, " "1, " "1, " "1, " "1, " "1, " "1, " "1, " "1, " "1, " "1, " "1, " "1, " "1, " "1, " "1, " "1, " "1, " "1, " "1, " "1, " "1, " "1, " "1, " "1, " "1, " "1, " "1, " "1, " "1, " "1, " "1, " "1, " "1, " "1, " "1, " "1, " "1, " "1, " "1, " "1, " "1, " "1, " "1, " "1, " "1, " "1, " "1, " "1, " "1, " "1, " "1, " "1, " "1, " "1, " "1, " "1, " "1, " "1, " "1, " "1, " "1, " "1, " "1, " "1, " "1, " "1, " "1, " "1, " "1, " "1, " "1, " "1, " "1, " "1, " "1, " "1, " "1, " "1, " "1, " "1, " "1, " "1, " "1, " "1, " "1, " "1, " "1, " "1, " "1, " "1, " "1, " "1, " "1, " "1, " "1, " "1, " "1, " "1, " "1, " "1, " "1, " "1, " "1, " "1, " "1, " "1, " "1, " "1, " "1, " "1, " "1, " "1, " "1, " "1, " "1, " "1, " "1, " "1, " "1, " "1, " "1, " "1, " "1, " "1, " "1, " "1, " "1, " "1, " "1, " "1, " "1, " "1, " "1, " "1, " "1, " "1, " "1, " "1, " "1, " "1, " "1, " "1, " "1, " "1, " "1, " "1, " "1, " "1, " "1, " "1, " "1, " "1, " "1, " "1, " "1, " "1, " "1, " "1, " "1, " "1, " "1, " "1, " "1, " "1, " "1, " "1, " "1, " "1, " "1, " "1, " "1, " "1, " "1, " "1, " "1, " "1, " "1, " "1, " "1, " "1, " "1, " "1, " "1, " "1, " "1, " "1, " "1, " "1, " "1, " "1, " "1, " "1, " "1, " "1, " "1, " "1, " "1, " "1, " "1, " "1, " "1, " "1, " "1, " "1, " "1, " "1, " "1, " "1, " "1, " "1, " "1, " "1, " "1, " "1, " "1, " "1, " "1, " "1, " "1, " "1, " "1, " "1, " "1, " "1, " "1, " "1, " "1, " "1, " "1, " "1, " "1, " "1, " "1, " "1, " "1, " "1, " "1, " "1, " "1, " "1, " "1, " "1, " "1, " "1, " "1, " "1, " "1, " "1, " "1, " "1, " "1, " "1, " "1, " "1, " "1, " "1, " "1, " "1, " "1, " "1, " "1, " "1, " "1, " "1, " "1, " "1, " "1, " "1, " "1, " "1, " "1, " "1, " "1, " "1, " "1, " "1, " "1, " "1, " "1, " "1, " "1, " "1, " "1, " "1, " "1, " "1, " "1, " "1, " "1, " "1, " "1, " "1, " "1, " "1, " "1, " "1, " "1, " "1, " "1, " "1, " "1, " "1, " "1, " "1, " "1, " "1, " "1, " "1, " "1, " "1, " "1, " "1, " "1, " "1, " "1, " "1, " "1, " "1, " "1, " "1, " "1, " "1, " "1, " "1, " "1, " "1, " "1, " "1, " "1, " "1, " "1, " "1, " "1, " "1, " "1, " "1, " "1, " "1, " "1, " "1, " "1, " "1, " "1, " "1, " "1, " "1, " "1, " "1, " "1, " "1, " "1, " "1, " "1, " "1, " "1, " "1, " "1, " "1, " "1, " "1, " "1, " "1, " "1, " "1, " "1, " "1, " "1, " "1, " "1, " "1, " "1, " "1, " "1, " "1, " "1, " "1, " "1, " "1, " "1, " "1, " "1, " "1, " "1, " "1, " "1, " "1, " "1, " "1, " "1, " "1, " "1, " "1, " "1, " "1, " "1, " "1, " "1, " "1, " "1, " "1, " "1, " "1, " "1, " "1, " "1, " "1, " "1, " "1, " "1, " "1, " "1, " "1, " "1, " "1, " "1, " "1, " "1, " "1, " "1, " "1, " "1, "0
 "Nei90, 0.37, " "-0.736, " "1, " "1, " "1, " "1, " "1, " "1, " "1, " "1, " "1, " "1, " "1, " "1, " "1, " "1, " "1, " "1, " "1, " "1, " "1, " "1, " "1, " "1, " "1, " "1, " "1, " "1, " "1, " "1, " "1, " "1, " "1, " "1, " "1, " "1, " "1, " "1, " "1, " "1, " "1, " "1, " "1, " "1, " "1, " "1, " "1, " "1, " "1, " "1, " "1, " "1, " "1, " "1, " "1, " "1, " "1, " "1, " "1, " "1, " "1, " "1, " "1, " "1, " "1, " "1, " "1, " "1, " "1, " "1, " "1, " "1, " "1, " "1, " "1, " "1, " "1, " "1, " "1, " "1, " "1, " "1, " "1, " "1, " "1, " "1, " "1, " "1, " "1, " "1, " "1, " "1, " "0, " "1, " "1, " "1, " "1, " "1, " "1, " "1, " "1, " "1, " "1, " "1, " "1, " "1, " "1, " "1, " "1, " "1, " "1, " "1, " "1, " "1, " "1, " "1, " "1, " "1, " "1, " "1, " "1, " "1, " "1, " "1, " "1, " "1, " "1, " "1, " "1, " "1, " "1, " "1, " "1, " "1, " "1, " "1, " "1, " "1, " "1, " "1, " "1, " "1, " "1, " "1, " "1, " "1, " "1, " "1, " "1, " "1, " "1, " "1, " "1, " "1, " "1, " "1, " "1, " "1, " "1, " "1, " "1, " "1, " "1, " "1, " "1, " "1, " "1, " "1, " "1, " "1, " "1, " "1, " "1, " "1, " "1, " "1, " "1, " "1, " "1, " "1, " "1, " "1, " "1, " "1, " "1, " "1, " "1, " "1, " "1, " "1, " "1, " "1, " "1, " "1, " "1, " "1, " "1, " "1, " "1, " "1, " "1, " "1, " "1, " "1, " "1, " "1, " "1, " "1, " "1, " "1, " "1, " "1, " "1, " "1, " "1, " "1, " "1, " "1, " "1, " "1, " "1, " "1, " "1, " "1, " "1, " "1, " "1, " "1, " "1, " "1, " "1, " "1, " "1, " "1, " "1, " "1, " "1, " "1, " "1, " "1, " "1, " "1, " "1, " "1, " "1, " "1, " "1, " "1, " "1, " "1, " "1, " "1, " "1, " "1, " "1, " "1, " "1, " "1, " "1, " "1, " "1, " "1, " "1, " "1, " "1, " "1, " "1, " "1, " "1, " "1, " "1, " "1, " "1, " "1, " "1, " "1, " "1, " "1, " "1, " "1, " "1, " "1, " "1, " "1, " "1, " "1, " "1, " "1, " "1, " "1, " "1, " "1, " "1, " "1, " "1, " "1, " "1, " "1, " "1, " "1, " "1, " "1, " "1, " "1, " "1, " "1, " "1, " "1, " "1, " "1, " "1, " "1, " "1, " "1, " "1, " "1, " "1, " "1, " "1, " "1, " "1, " "1, " "1, " "1, " "1, " "1, " "1, " "1, " "1, " "1, " "1, " "1, " "1, " "1, " "1, " "1, " "1, " "1, " "1, " "1, " "1, " "1, " "1, " "1, " "1, " "1, " "1, " "1, " "1, " "1, " "1, " "1, " "1, " "1, " "1, " "1, " "1, " "1, " "1, " "1, " "1, " "1, " "1, " "1, " "1, " "1, " "1, " "1, " "1, " "1, " "1, " "1, " "1, " "1, " "1, " "1, " "1, " "1, " "1, " "1, " "1, " "1, " "1, " "1, " "1, " "1, " "1, " "1, " "1, " "1, " "1, " "1, " "1, " "1, " "1, " "1, " "1, " "1, " "1, " "1, " "1, " "1, " "1, " "1, " "1, " "1, " "1, " "1, " "1, " "1, " "1, " "1, " "1, " "1, " "1, " "1, " "1, " "1, " "1, " "1, " "1, " "1, " "1, " "1, " "1, " "1, " "1, " "1, " "1, " "1, " "1, " "1, " "1, " "1, " "1, " "1, " "1, " "1, " "1, " "1, " "1, " "1, " "1, " "1, " "1, " "1, " "1, " "1, " "1, " "1, " "1, " "1, " "1, " "1, " "1, " "1, " "1, " "1, " "1, " "1, " "1, " "1, " "1, " "1, " "1, " "1, " "1, " "1, " "1, " "1, " "1, " "1, " "1, " "1, " "1, " "1, " "1, " "1, " "1, " "1, " "1, " "1, " "1, " "1, " "1, " "1, " "1, " "1, " "1, " "1, " "1, " "1, " "1, " "1, " "1, " "1, " "1, " "1, " "1, " "1, " "1, " "1, " "1, " "1, " "1, " "1, " "1, " "1, " "1, " "1, " "1, " "1, " "1, " "1, " "1, "0
 "Nei91, 0.054, " "0.341, " "1, " "1, " "1, " "1, " "1, " "1, " "1, " "1, " "1, " "1, " "1, " "1, " "1, " "1, " "1, " "1, " "1, " "1, " "1, " "1, " "1, " "1, " "1, " "1, " "1, " "1, " "1, " "1, " "1, " "1, " "1, " "1, " "1, " "1, " "1, " "1, " "1, " "1, " "1, " "1, " "1, " "1, " "1, " "1, " "1, " "1, " "1, " "1, " "1, " "1, " "1, " "1, " "1, " "1, " "1, " "1, " "1, " "1, " "1, " "1, " "1, " "1, " "1, " "1, " "1, " "1, " "1, " "1, " "1, " "1, " "1, " "1, " "1, " "1, " "1, " "1, " "1, " "1, " "1, " "1, " "1, " "1, " "1, " "1, " "1, " "1, " "1, " "1, " "1, " "1, " "1, " "0, " "1, " "1, " "1, " "1, " "1, " "1, " "1, " "1, " "1, " "1, " "1, " "1, " "1, " "1, " "1, " "1, " "1, " "1, " "1, " "1, " "1, " "1, " "1, " "1, " "1, " "1, " "1, " "1, " "1, " "1, " "1, " "1, " "1, " "1, " "1, " "1, " "1, " "1, " "1, " "1, " "1, " "1, " "1, " "1, " "1, " "1, " "1, " "1, " "1, " "1, " "1, " "1, " "1, " "1, " "1, " "1, " "1, " "1, " "1, " "1, " "1, " "1, " "1, " "1, " "1, " "1, " "1, " "1, " "1, " "1, " "1, " "1, " "1, " "1, " "1, " "1, " "1, " "1, " "1, " "1, " "1, " "1, " "1, " "1, " "1, " "1, " "1, " "1, " "1, " "1, " "1, " "1, " "1, " "1, " "1, " "1, " "1, " "1, " "1, " "1, " "1, " "1, " "1, " "1, " "1, " "1, " "1, " "1, " "1, " "1, " "1, " "1, " "1, " "1, " "1, " "1, " "1, " "1, " "1, " "1, " "1, " "1, " "1, " "1, " "1, " "1, " "1, " "1, " "1, " "1, " "1, " "1, " "1, " "1, " "1, " "1, " "1, " "1, " "1, " "1, " "1, " "1, " "1, " "1, " "1, " "1, " "1, " "1, " "1, " "1, " "1, " "1, " "1, " "1, " "1, " "1, " "1, " "1, " "1, " "1, " "1, " "1, " "1, " "1, " "1, " "1, " "1, " "1, " "1, " "1, " "1, " "1, " "1, " "1, " "1, " "1, " "1, " "1, " "1, " "1, " "1, " "1, " "1, " "1, " "1, " "1, " "1, " "1, " "1, " "1, " "1, " "1, " "1, " "1, " "1, " "1, " "1, " "1, " "1, " "1, " "1, " "1, " "1, " "1, " "1, " "1, " "1, " "1, " "1, " "1, " "1, " "1, " "1, " "1, " "1, " "1, " "1, " "1, " "1, " "1, " "1, " "1, " "1, " "1, " "1, " "1, " "1, " "1, " "1, " "1, " "1, " "1, " "1, " "1, " "1, " "1, " "1, " "1, " "1, " "1, " "1, " "1, " "1, " "1, " "1, " "1, " "1, " "1, " "1, " "1, " "1, " "1, " "1, " "1, " "1, " "1, " "1, " "1, " "1, " "1, " "1, " "1, " "1, " "1, " "1, " "1, " "1, " "1, " "1, " "1, " "1, " "1, " "1, " "1, " "1, " "1, " "1, " "1, " "1, " "1, " "1, " "1, " "1, " "1, " "1, " "1, " "1, " "1, " "1, " "1, " "1, " "1, " "1, " "1, " "1, " "1, " "1, " "1, " "1, " "1, " "1, " "1, " "1, " "1, " "1, " "1, " "1, " "1, " "1, " "1, " "1, " "1, " "1, " "1, " "1, " "1, " "1, " "1, " "1, " "1, " "1, " "1, " "1, " "1, " "1, " "1, " "1, " "1, " "1, " "1, " "1, " "1, " "1, " "1, " "1, " "1, " "1, " "1, " "1, " "1, " "1, " "1, " "1, " "1, " "1, " "1, " "1, " "1, " "1, " "1, " "1, " "1, " "1, " "1, " "1, " "1, " "1, " "1, " "1, " "1, " "1, " "1, " "1, " "1, " "1, " "1, " "1, " "1, " "1, " "1, " "1, " "1, " "1, " "1, " "1, " "1, " "1, " "1, " "1, " "1, " "1, " "1, " "1, " "1, " "1, " "1, " "1, " "1, " "1, " "1, " "1, " "1, " "1, " "1, " "1, " "1, " "1, " "1, " "1, " "1, " "1, " "1, " "1, " "1, " "1, " "1, " "1, " "1, " "1, " "1, " "1, " "1, " "1, " "1, " "1, " "1, " "1, " "1, " "1, " "1, " "1, "0
 "Nei92, 0.149, " "-0.241, " "1, " "1, " "1, " "1, " "1, " "1, " "1, " "1, " "1, " "1, " "1, " "1, " "1, " "1, " "1, " "1, " "1, " "1, " "1, " "1, " "1, " "1, " "1, " "1, " "1, " "1, " "1, " "1, " "1, " "1, " "1, " "1, " "1, " "1, " "1, " "1, " "1, " "1, " "1, " "1, " "1, " "1, " "1, " "1, " "1, " "1, " "1, " "1, " "1, " "1, " "1, " "1, " "1, " "1, " "1, " "1, " "1, " "1, " "1, " "1, " "1, " "1, " "1, " "1, " "1, " "1, " "1, " "1, " "1, " "1, " "1, " "1, " "1, " "1, " "1, " "1, " "1, " "1, " "1, " "1, " "1, " "1, " "1, " "1, " "1, " "1, " "1, " "1, " "1, " "1, " "1, " "1, " "0, " "1, " "1, " "1, " "1, " "1, " "1, " "1, " "1, " "1, " "1, " "1, " "1, " "1, " "1, " "1, " "1, " "1, " "1, " "1, " "1, " "1, " "1, " "1, " "1, " "1, " "1, " "1, " "1, " "1, " "1, " "1, " "1, " "1, " "1, " "1, " "1, " "1, " "1, " "1, " "1, " "1, " "1, " "1, " "1, " "1, " "1, " "1, " "1, " "1, " "1, " "1, " "1, " "1, " "1, " "1, " "1, " "1, " "1, " "1, " "1, " "1, " "1, " "1, " "1, " "1, " "1, " "1, " "1, " "1, " "1, " "1, " "1, " "1, " "1, " "1, " "1, " "1, " "1, " "1, " "1, " "1, " "1, " "1, " "1, " "1, " "1, " "1, " "1, " "1, " "1, " "1, " "1, " "1, " "1, " "1, " "1, " "1, " "1, " "1, " "1, " "1, " "1, " "1, " "1, " "1, " "1, " "1, " "1, " "1, " "1, " "1, " "1, " "1, " "1, " "1, " "1, " "1, " "1, " "1, " "1, " "1, " "1, " "1, " "1, " "1, " "1, " "1, " "1, " "1, " "1, " "1, " "1, " "1, " "1, " "1, " "1, " "1, " "1, " "1, " "1, " "1, " "1, " "1, " "1, " "1, " "1, " "1, " "1, " "1, " "1, " "1, " "1, " "1, " "1, " "1, " "1, " "1, " "1, " "1, " "1, " "1, " "1, " "1, " "1, " "1, " "1, " "1, " "1, " "1, " "1, " "1, " "1, " "1, " "1, " "1, " "1, " "1, " "1, " "1, " "1, " "1, " "1, " "1, " "1, " "1, " "1, " "1, " "1, " "1, " "1, " "1, " "1, " "1, " "1, " "1, " "1, " "1, " "1, " "1, " "1, " "1, " "1, " "1, " "1, " "1, " "1, " "1, " "1, " "1, " "1, " "1, " "1, " "1, " "1, " "1, " "1, " "1, " "1, " "1, " "1, " "1, " "1, " "1, " "1, " "1, " "1, " "1, " "1, " "1, " "1, " "1, " "1, " "1, " "1, " "1, " "1, " "1, " "1, " "1, " "1, " "1, " "1, " "1, " "1, " "1, " "1, " "1, " "1, " "1, " "1, " "1, " "1, " "1, " "1, " "1, " "1, " "1, " "1, " "1, " "1, " "1, " "1, " "1, " "1, " "1, " "1, " "1, " "1, " "1, " "1, " "1, " "1, " "1, " "1, " "1, " "1, " "1, " "1, " "1, " "1, " "1, " "1, " "1, " "1, " "1, " "1, " "1, " "1, " "1, " "1, " "1, " "1, " "1, " "1, " "1, " "1, " "1, " "1, " "1, " "1, " "1, " "1, " "1, " "1, " "1, " "1, " "1, " "1, " "1, " "1, " "1, " "1, " "1, " "1, " "1, " "1, " "1, " "1, " "1, " "1, " "1, " "1, " "1, " "1, " "1, " "1, " "1, " "1, " "1, " "1, " "1, " "1, " "1, " "1, " "1, " "1, " "1, " "1, " "1, " "1, " "1, " "1, " "1, " "1, " "1, " "1, " "1, " "1, " "1, " "1, " "1, " "1, " "1, " "1, " "1, " "1, " "1, " "1, " "1, " "1, " "1, " "1, " "1, " "1, " "1, " "1, " "1, " "1, " "1, " "1, " "1, " "1, " "1, " "1, " "1, " "1, " "1, " "1, " "1, " "1, " "1, " "1, " "1, " "1, " "1, " "1, " "1, " "1, " "1, " "1, " "1, " "1, " "1, " "1, " "1, " "1, " "1, " "1, " "1, " "1, " "1, " "1, " "1, " "1, " "1, " "1, " "1, " "1, " "1, " "1, " "1, " "1, " "1, " "1, " "1, " "1, " "1, " "1, " "1, " "1, "0
 "Nei93, 0.321, " "0.705, " "1, " "1, " "1, " "1, " "1, " "1, " "1, " "1, " "1, " "1, " "1, " "1, " "1, " "1, " "1, " "1, " "1, " "1, " "1, " "1, " "1, " "1, " "1, " "1, " "1, " "1, " "1, " "1, " "1, " "1, " "1, " "1, " "1, " "1, " "1, " "1, " "1, " "1, " "1, " "1, " "1, " "1, " "1, " "1, " "1, " "1, " "1, " "1, " "1, " "1, " "1, " "1, " "1, " "1, " "1, " "1, " "1, " "1, " "1, " "1, " "1, " "1, " "1, " "1, " "1, " "1, " "1, " "1, " "1, " "1, " "1, " "1, " "1, " "1, " "1, " "1, " "1, " "1, " "1, " "1, " "1, " "1, " "1, " "1, " "1, " "1, " "1, " "1, " "1, " "1, " "1, " "1, " "1, " "0, " "1, " "1, " "1, " "1, " "1, " "1, " "1, " "1, " "1, " "1, " "1, " "1, " "1, " "1, " "1, " "1, " "1, " "1, " "1, " "1, " "1, " "1, " "1, " "1, " "1, " "1, " "1, " "1, " "1, " "1, " "1, " "1, " "1, " "1, " "1, " "1, " "1, " "1, " "1, " "1, " "1, " "1, " "1, " "1, " "1, " "1, " "1, " "1, " "1, " "1, " "1, " "1, " "1, " "1, " "1, " "1, " "1, " "1, " "1, " "1, " "1, " "1, " "1, " "1, " "1, " "1, " "1, " "1, " "1, " "1, " "1, " "1, " "1, " "1, " "1, " "1, " "1, " "1, " "1, " "1, " "1, " "1, " "1, " "1, " "1, " "1, " "1, " "1, " "1, " "1, " "1, " "1, " "1, " "1, " "1, " "1, " "1, " "1, " "1, " "1, " "1, " "1, " "1, " "1, " "1, " "1, " "1, " "1, " "1, " "1, " "1, " "1, " "1, " "1, " "1, " "1, " "1, " "1, " "1, " "1, " "1, " "1, " "1, " "1, " "1, " "1, " "1, " "1, " "1, " "1, " "1, " "1, " "1, " "1, " "1, " "1, " "1, " "1, " "1, " "1, " "1, " "1, " "1, " "1, " "1, " "1, " "1, " "1, " "1, " "1, " "1, " "1, " "1, " "1, " "1, " "1, " "1, " "1, " "1, " "1, " "1, " "1, " "1, " "1, " "1, " "1, " "1, " "1, " "1, " "1, " "1, " "1, " "1, " "1, " "1, " "1, " "1, " "1, " "1, " "1, " "1, " "1, " "1, " "1, " "1, " "1, " "1, " "1, " "1, " "1, " "1, " "1, " "1, " "1, " "1, " "1, " "1, " "1, " "1, " "1, " "1, " "1, " "1, " "1, " "1, " "1, " "1, " "1, " "1, " "1, " "1, " "1, " "1, " "1, " "1, " "1, " "1, " "1, " "1, " "1, " "1, " "1, " "1, " "1, " "1, " "1, " "1, " "1, " "1, " "1, " "1, " "1, " "1, " "1, " "1, " "1, " "1, " "1, " "1, " "1, " "1, " "1, " "1, " "1, " "1, " "1, " "1, " "1, " "1, " "1, " "1, " "1, " "1, " "1, " "1, " "1, " "1, " "1, " "1, " "1, " "1, " "1, " "1, " "1, " "1, " "1, " "1, " "1, " "1, " "1, " "1, " "1, " "1, " "1, " "1, " "1, " "1, " "1, " "1, " "1, " "1, " "1, " "1, " "1, " "1, " "1, " "1, " "1, " "1, " "1, " "1, " "1, " "1, " "1, " "1, " "1, " "1, " "1, " "1, " "1, " "1, " "1, " "1, " "1, " "1, " "1, " "1, " "1, " "1, " "1, " "1, " "1, " "1, " "1, " "1, " "1, " "1, " "1, " "1, " "1, " "1, " "1, " "1, " "1, " "1, " "1, " "1, " "1, " "1, " "1, " "1, " "1, " "1, " "1, " "1, " "1, " "1, " "1, " "1, " "1, " "1, " "1, " "1, " "1, " "1, " "1, " "1, " "1, " "1, " "1, " "1, " "1, " "1, " "1, " "1, " "1, " "1, " "1, " "1, " "1, " "1, " "1, " "1, " "1, " "1, " "1, " "1, " "1, " "1, " "1, " "1, " "1, " "1, " "1, " "1, " "1, " "1, " "1, " "1, " "1, " "1, " "1, " "1, " "1, " "1, " "1, " "1, " "1, " "1, " "1, " "1, " "1, " "1, " "1, " "1, " "1, " "1, " "1, " "1, " "1, " "1, " "1, " "1, " "1, " "1, " "1, " "1, " "1, " "1, " "1, " "1, " "1, " "1, " "1, " "1, " "1, " "1, " "1, " "1, "0
 "Nei94, 0.356, " "0.338, " "1, " "1, " "1, " "1, " "1, " "1, " "1, " "1, " "1, " "1, " "1, " "1, " "1, " "1, " "1, " "1, " "1, " "1, " "1, " "1, " "1, " "1, " "1, " "1, " "1, " "1, " "1, " "1, " "1, " "1, " "1, " "1, " "1, " "1, " "1, " "1, " "1, " "1, " "1, " "1, " "1, " "1, " "1, " "1, " "1, " "1, " "1, " "1, " "1, " "1, " "1, " "1, " "1, " "1, " "1, " "1, " "1, " "1, " "1, " "1, " "1, " "1, " "1, " "1, " "1, " "1, " "1, " "1, " "1, " "1, " "1, " "1, " "1, " "1, " "1, " "1, " "1, " "1, " "1, " "1, " "1, " "1, " "1, " "1, " "1, " "1, " "1, " "1, " "1, " "1, " "1, " "1, " "1, " "1, " "0, " "1, " "1, " "1, " "1, " "1, " "1, " "1, " "1, " "1, " "1, " "1, " "1, " "1, " "1, " "1, " "1, " "1, " "1, " "1, " "1, " "1, " "1, " "1, " "1, " "1, " "1, " "1, " "1, " "1, " "1, " "1, " "1, " "1, " "1, " "1, " "1, " "1, " "1, " "1, " "1, " "1, " "1, " "1, " "1, " "1, " "1, " "1, " "1, " "1, " "1, " "1, " "1, " "1, " "1, " "1, " "1, " "1, " "1, " "1, " "1, " "1, " "1, " "1, " "1, " "1, " "1, " "1, " "1, " "1, " "1, " "1, " "1, " "1, " "1, " "1, " "1, " "1, " "1, " "1, " "1, " "1, " "1, " "1, " "1, " "1, " "1, " "1, " "1, " "1, " "1, " "1, " "1, " "1, " "1, " "1, " "1, " "1, " "1, " "1, " "1, " "1, " "1, " "1, " "1, " "1, " "1, " "1, " "1, " "1, " "1, " "1, " "1, " "1, " "1, " "1, " "1, " "1, " "1, " "1, " "1, " "1, " "1, " "1, " "1, " "1, " "1, " "1, " "1, " "1, " "1, " "1, " "1, " "1, " "1, " "1, " "1, " "1, " "1, " "1, " "1, " "1, " "1, " "1, " "1, " "1, " "1, " "1, " "1, " "1, " "1, " "1, " "1, " "1, " "1, " "1, " "1, " "1, " "1, " "1, " "1, " "1, " "1, " "1, " "1, " "1, " "1, " "1, " "1, " "1, " "1, " "1, " "1, " "1, " "1, " "1, " "1, " "1, " "1, " "1, " "1, " "1, " "1, " "1, " "1, " "1, " "1, " "1, " "1, " "1, " "1, " "1, " "1, " "1, " "1, " "1, " "1, " "1, " "1, " "1, " "1, " "1, " "1, " "1, " "1, " "1, " "1, " "1, " "1, " "1, " "1, " "1, " "1, " "1, " "1, " "1, " "1, " "1, " "1, " "1, " "1, " "1, " "1, " "1, " "1, " "1, " "1, " "1, " "1, " "1, " "1, " "1, " "1, " "1, " "1, " "1, " "1, " "1, " "1, " "1, " "1, " "1, " "1, " "1, " "1, " "1, " "1, " "1, " "1, " "1, " "1, " "1, " "1, " "1, " "1, " "1, " "1, " "1, " "1, " "1, " "1, " "1, " "1, " "1, " "1, " "1, " "1, " "1, " "1, " "1, " "1, " "1, " "1, " "1, " "1, " "1, " "1, " "1, " "1, " "1, " "1, " "1, " "1, " "1, " "1, " "1, " "1, " "1, " "1, " "1, " "1, " "1, " "1, " "1, " "1, " "1, " "1, " "1, " "1, " "1, " "1, " "1, " "1, " "1, " "1, " "1, " "1, " "1, " "1, " "1, " "1, " "1, " "1, " "1, " "1, " "1, " "1, " "1, " "1, " "1, " "1, " "1, " "1, " "1, " "1, " "1, " "1, " "1, " "1, " "1, " "1, " "1, " "1, " "1, " "1, " "1, " "1, " "1, " "1, " "1, " "1, " "1, " "1, " "1, " "1, " "1, " "1, " "1, " "1, " "1, " "1, " "1, " "1, " "1, " "1, " "1, " "1, " "1, " "1, " "1, " "1, " "1, " "1, " "1, " "1, " "1, " "1, " "1, " "1, " "1, " "1, " "1, " "1, " "1, " "1, " "1, " "1, " "1, " "1, " "1, " "1, " "1, " "1, " "1, " "1, " "1, " "1, " "1, " "1, " "1, " "1, " "1, " "1, " "1, " "1, " "1, " "1, " "1, " "1, " "1, " "1, " "1, " "1, " "1, " "1, " "1, " "1, " "1, " "1, " "1, " "1, " "1, " "1, " "1, " "1, " "1, " "1, " "1, " "1, "0
 "Nei95, 0.234, " "-0.617, " "1, " "1, " "1, " "1, " "1, " "1, " "1, " "1, " "1, " "1, " "1, " "1, " "1, " "1, " "1, " "1, " "1, " "1, " "1, " "1, " "1, " "1, " "1, " "1, " "1, " "1, " "1, " "1, " "1, " "1, " "1, " "1, " "1, " "1, " "1, " "1, " "1, " "1, " "1, " "1, " "1, " "1, " "1, " "1, " "1, " "1, " "1, " "1, " "1, " "1, " "1, " "1, " "1, " "1, " "1, " "1, " "1, " "1, " "1, " "1, " "1, " "1, " "1, " "1, " "1, " "1, " "1, " "1, " "1, " "1, " "1, " "1, " "1, " "1, " "1, " "1, " "1, " "1, " "1, " "1, " "1, " "1, " "1, " "1, " "1, " "1, " "1, " "1, " "1, " "1, " "1, " "1, " "1, " "1, " "1, " "0, " "1, " "1, " "1, " "1, " "1, " "1, " "1, " "1, " "1, " "1, " "1, " "1, " "1, " "1, " "1, " "1, " "1, " "1, " "1, " "1, " "1, " "1, " "1, " "1, " "1, " "1, " "1, " "1, " "1, " "1, " "1, " "1, " "1, " "1, " "1, " "1, " "1, " "1, " "1, " "1, " "1, " "1, " "1, " "1, " "1, " "1, " "1, " "1, " "1, " "1, " "1, " "1, " "1, " "1, " "1, " "1, " "1, " "1, " "1, " "1, " "1, " "1, " "1, " "1, " "1, " "1, " "1, " "1, " "1, " "1, " "1, " "1, " "1, " "1, " "1, " "1, " "1, " "1, " "1, " "1, " "1, " "1, " "1, " "1, " "1, " "1, " "1, " "1, " "1, " "1, " "1, " "1, " "1, " "1, " "1, " "1, " "1, " "1, " "1, " "1, " "1, " "1, " "1, " "1, " "1, " "1, " "1, " "1, " "1, " "1, " "1, " "1, " "1, " "1, " "1, " "1, " "1, " "1, " "1, " "1, " "1, " "1, " "1, " "1, " "1, " "1, " "1, " "1, " "1, " "1, " "1, " "1, " "1, " "1, " "1, " "1, " "1, " "1, " "1, " "1, " "1, " "1, " "1, " "1, " "1, " "1, " "1, " "1, " "1, " "1, " "1, " "1, " "1, " "1, " "1, " "1, " "1, " "1, " "1, " "1, " "1, " "1, " "1, " "1, " "1, " "1, " "1, " "1, " "1, " "1, " "1, " "1, " "1, " "1, " "1, " "1, " "1, " "1, " "1, " "1, " "1, " "1, " "1, " "1, " "1, " "1, " "1, " "1, " "1, " "1, " "1, " "1, " "1, " "1, " "1, " "1, " "1, " "1, " "1, " "1, " "1, " "1, " "1, " "1, " "1, " "1, " "1, " "1, " "1, " "1, " "1, " "1, " "1, " "1, " "1, " "1, " "1, " "1, " "1, " "1, " "1, " "1, " "1, " "1, " "1, " "1, " "1, " "1, " "1, " "1, " "1, " "1, " "1, " "1, " "1, " "1, " "1, " "1, " "1, " "1, " "1, " "1, " "1, " "1, " "1, " "1, " "1, " "1, " "1, " "1, " "1, " "1, " "1, " "1, " "1, " "1, " "1, " "1, " "1, " "1, " "1, " "1, " "1, " "1, " "1, " "1, " "1, " "1, " "1, " "1, " "1, " "1, " "1, " "1, " "1, " "1, " "1, " "1, " "1, " "1, " "1, " "1, " "1, " "1, " "1, " "1, " "1, " "1, " "1, " "1, " "1, " "1, " "1, " "1, " "1, " "1, " "1, " "1, " "1, " "1, " "1, " "1, " "1, " "1, " "1, " "1, " "1, " "1, " "1, " "1, " "1, " "1, " "1, " "1, " "1, " "1, " "1, " "1, " "1, " "1, " "1, " "1, " "1, " "1, " "1, " "1, " "1, " "1, " "1, " "1, " "1, " "1, " "1, " "1, " "1, " "1, " "1, " "1, " "1, " "1, " "1, " "1, " "1, " "1, " "1, " "1, " "1, " "1, " "1, " "1, " "1, " "1, " "1, " "1, " "1, " "1, " "1, " "1, " "1, " "1, " "1, " "1, " "1, " "1, " "1, " "1, " "1, " "1, " "1, " "1, " "1, " "1, " "1, " "1, " "1, " "1, " "1, " "1, " "1, " "1, " "1, " "1, " "1, " "1, " "1, " "1, " "1, " "1, " "1, " "1, " "1, " "1, " "1, " "1, " "1, " "1, " "1, " "1, " "1, " "1, " "1, " "1, " "1, " "1, " "1, " "1, " "1, " "1, " "1, " "1, " "1, " "1, " "1, " "1, " "1, " "1, " "1, "0
 "Nei96, 0.061, " "0.099, " "1, " "1, " "1, " "1, " "1, " "1, " "1, " "1, " "1, " "1, " "1, " "1, " "1, " "1, " "1, " "1, " "1, " "1, " "1, " "1, " "1, " "1, " "1, " "1, " "1, " "1, " "1, " "1, " "1, " "1, " "1, " "1, " "1, " "1, " "1, " "1, " "1, " "1, " "1, " "1, " "1, " "1, " "1, " "1, " "1, " "1, " "1, " "1, " "1, " "1, " "1, " "1, " "1, " "1, " "1, " "1, " "1, " "1, " "1, " "1, " "1, " "1, " "1, " "1, " "1, " "1, " "1, " "1, " "1, " "1, " "1, " "1, " "1, " "1, " "1, " "1, " "1, " "1, " "1, " "1, " "1, " "1, " "1, " "1, " "1, " "1, " "1, " "1, " "1, " "1, " "1, " "1, " "1, " "1, " "1, " "1, " "0, " "1, " "1, " "1, " "1, " "1, " "1, " "1, " "1, " "1, " "1, " "1, " "1, " "1, " "1, " "1, " "1, " "1, " "1, " "1, " "1, " "1, " "1, " "1, " "1, " "1, " "1, " "1, " "1, " "1, " "1, " "1, " "1, " "1, " "1, " "1, " "1, " "1, " "1, " "1, " "1, " "1, " "1, " "1, " "1, " "1, " "1, " "1, " "1, " "1, " "1, " "1, " "1, " "1, " "1, " "1, " "1, " "1, " "1, " "1, " "1, " "1, " "1, " "1, " "1, " "1, " "1, " "1, " "1, " "1, " "1, " "1, " "1, " "1, " "1, " "1, " "1, " "1, " "1, " "1, " "1, " "1, " "1, " "1, " "1, " "1, " "1, " "1, " "1, " "1, " "1, " "1, " "1, " "1, " "1, " "1, " "1, " "1, " "1, " "1, " "1, " "1, " "1, " "1, " "1, " "1, " "1, " "1, " "1, " "1, " "1, " "1, " "1, " "1, " "1, " "1, " "1, " "1, " "1, " "1, " "1, " "1, " "1, " "1, " "1, " "1, " "1, " "1, " "1, " "1, " "1, " "1, " "1, " "1, " "1, " "1, " "1, " "1, " "1, " "1, " "1, " "1, " "1, " "1, " "1, " "1, " "1, " "1, " "1, " "1, " "1, " "1, " "1, " "1, " "1, " "1, " "1, " "1, " "1, " "1, " "1, " "1, " "1, " "1, " "1, " "1, " "1, " "1, " "1, " "1, " "1, " "1, " "1, " "1, " "1, " "1, " "1, " "1, " "1, " "1, " "1, " "1, " "1, " "1, " "1, " "1, " "1, " "1, " "1, " "1, " "1, " "1, " "1, " "1, " "1, " "1, " "1, " "1, " "1, " "1, " "1, " "1, " "1, " "1, " "1, " "1, " "1, " "1, " "1, " "1, " "1, " "1, " "1, " "1, " "1, " "1, " "1, " "1, " "1, " "1, " "1, " "1, " "1, " "1, " "1, " "1, " "1, " "1, " "1, " "1, " "1, " "1, " "1, " "1, " "1, " "1, " "1, " "1, " "1, " "1, " "1, " "1, " "1, " "1, " "1, " "1, " "1, " "1, " "1, " "1, " "1, " "1, " "1, " "1, " "1, " "1, " "1, " "1, " "1, " "1, " "1, " "1, " "1, " "1, " "1, " "1, " "1, " "1, " "1, " "1, " "1, " "1, " "1, " "1, " "1, " "1, " "1, " "1, " "1, " "1, " "1, " "1, " "1, " "1, " "1, " "1, " "1, " "1, " "1, " "1, " "1, " "1, " "1, " "1, " "1, " "1, " "1, " "1, " "1, " "1, " "1, " "1, " "1, " "1, " "1, " "1, " "1, " "1, " "1, " "1, " "1, " "1, " "1, " "1, " "1, " "1, " "1, " "1, " "1, " "1, " "1, " "1, " "1, " "1, " "1, " "1, " "1, " "1, " "1, " "1, " "1, " "1, " "1, " "1, " "1, " "1, " "1, " "1, " "1, " "1, " "1, " "1, " "1, " "1, " "1, " "1, " "1, " "1, " "1, " "1, " "1, " "1, " "1, " "1, " "1, " "1, " "1, " "1, " "1, " "1, " "1, " "1, " "1, " "1, " "1, " "1, " "1, " "1, " "1, " "1, " "1, " "1, " "1, " "1, " "1, " "1, " "1, " "1, " "1, " "1, " "1, " "1, " "1, " "1, " "1, " "1, " "1, " "1, " "1, " "1, " "1, " "1, " "1, " "1, " "1, " "1, " "1, " "1, " "1, " "1, " "1, " "1, " "1, " "1, " "1, " "1, " "1, " "1, " "1, " "1, " "1, " "1, " "1, " "1, " "1, " "1, " "1, "0
 "Nei97, 0.302, " "0.291, " "1, " "1, " "1, " "1, " "1, " "1, " "1, " "1, " "1, " "1, " "1, " "1, " "1, " "1, " "1, " "1, " "1, " "1, " "1, " "1, " "1, " "1, " "1, " "1, " "1, " "1, " "1, " "1, " "1, " "1, " "1, " "1, " "1, " "1, " "1, " "1, " "1, " "1, " "1, " "1, " "1, " "1, " "1, " "1, " "1, " "1, " "1, " "1, " "1, " "1, " "1, " "1, " "1, " "1, " "1, " "1, " "1, " "1, " "1, " "1, " "1, " "1, " "1, " "1, " "1, " "1, " "1, " "1, " "1, " "1, " "1, " "1, " "1, " "1, " "1, " "1, " "1, " "1, " "1, " "1, " "1, " "1, " "1, " "1, " "1, " "1, " "1, " "1, " "1, " "1, " "1, " "1, " "1, " "1, " "1, " "1, " "1, " "0, " "1, " "1, " "1, " "1, " "1, " "1, " "1, " "1, " "1, " "1, " "1, " "1, " "1, " "1, " "1, " "1, " "1, " "1, " "1, " "1, " "1, " "1, " "1, " "1, " "1, " "1, " "1, " "1, " "1, " "1, " "1, " "1, " "1, " "1, " "1, " "1, " "1, " "1, " "1, " "1, " "1, " "1, " "1, " "1, " "1, " "1, " "1, " "1, " "1, " "1, " "1, " "1, " "1, " "1, " "1, " "1, " "1, " "1, " "1, " "1, " "1, " "1, " "1, " "1, " "1, " "1, " "1, " "1, " "1, " "1, " "1, " "1, " "1, " "1, " "1, " "1, " "1, " "1, " "1, " "1, " "1, " "1, " "1, " "1, " "1, " "1, " "1, " "1, " "1, " "1, " "1, " "1, " "1, " "1, " "1, " "1, " "1, " "1, " "1, " "1, " "1, " "1, " "1, " "1, " "1, " "1, " "1, " "1, " "1, " "1, " "1, " "1, " "1, " "1, " "1, " "1, " "1, " "1, " "1, " "1, " "1, " "1, " "1, " "1, " "1, " "1, " "1, " "1, " "1, " "1, " "1, " "1, " "1, " "1, " "1, " "1, " "1, " "1, " "1, " "1, " "1, " "1, " "1, " "1, " "1, " "1, " "1, " "1, " "1, " "1, " "1, " "1, " "1, " "1, " "1, " "1, " "1, " "1, " "1, " "1, " "1, " "1, " "1, " "1, " "1, " "1, " "1, " "1, " "1, " "1, " "1, " "1, " "1, " "1, " "1, " "1, " "1, " "1, " "1, " "1, " "1, " "1, " "1, " "1, " "1, " "1, " "1, " "1, " "1, " "1, " "1, " "1, " "1, " "1, " "1, " "1, " "1, " "1, " "1, " "1, " "1, " "1, " "1, " "1, " "1, " "1, " "1, " "1, " "1, " "1, " "1, " "1, " "1, " "1, " "1, " "1, " "1, " "1, " "1, " "1, " "1, " "1, " "1, " "1, " "1, " "1, " "1, " "1, " "1, " "1, " "1, " "1, " "1, " "1, " "1, " "1, " "1, " "1, " "1, " "1, " "1, " "1, " "1, " "1, " "1, " "1, " "1, " "1, " "1, " "1, " "1, " "1, " "1, " "1, " "1, " "1, " "1, " "1, " "1, " "1, " "1, " "1, " "1, " "1, " "1, " "1, " "1, " "1, " "1, " "1, " "1, " "1, " "1, " "1, " "1, " "1, " "1, " "1, " "1, " "1, " "1, " "1, " "1, " "1, " "1, " "1, " "1, " "1, " "1, " "1, " "1, " "1, " "1, " "1, " "1, " "1, " "1, " "1, " "1, " "1, " "1, " "1, " "1, " "1, " "1, " "1, " "1, " "1, " "1, " "1, " "1, " "1, " "1, " "1, " "1, " "1, " "1, " "1, " "1, " "1, " "1, " "1, " "1, " "1, " "1, " "1, " "1, " "1, " "1, " "1, " "1, " "1, " "1, " "1, " "1, " "1, " "1, " "1, " "1, " "1, " "1, " "1, " "1, " "1, " "1, " "1, " "1, " "1, " "1, " "1, " "1, " "1, " "1, " "1, " "1, " "1, " "1, " "1, " "1, " "1, " "1, " "1, " "1, " "1, " "1, " "1, " "1, " "1, " "1, " "1, " "1, " "1, " "1, " "1, " "1, " "1, " "1, " "1, " "1, " "1, " "1, " "1, " "1, " "1, " "1, " "1, " "1, " "1, " "1, " "1, " "1, " "1, " "1, " "1, " "1, " "1, " "1, " "1, " "1, " "1, " "1, " "1, " "1, " "1, " "1, " "1, " "1, " "1, " "1, " "1, " "1, " "1, " "1, " "1, " "1, "0
 "Nei98, 0.393, " "0.191, " "1, " "1, " "1, " "1, " "1, " "1, " "1, " "1, " "1, " "1, " "1, " "1, " "1, " "1, " "1, " "1, " "1, " "1, " "1, " "1, " "1, " "1, " "1, " "1, " "1, " "1, " "1, " "1, " "1, " "1, " "1, " "1, " "1, " "1, " "1, " "1, " "1, " "1, " "1, " "1, " "1, " "1, " "1, " "1, " "1, " "1, " "1, " "1, " "1, " "1, " "1, " "1, " "1, " "1, " "1, " "1, " "1, " "1, " "1, " "1, " "1, " "1, " "1, " "1, " "1, " "1, " "1, " "1, " "1, " "1, " "1, " "1, " "1, " "1, " "1, " "1, " "1, " "1, " "1, " "1, " "1, " "1, " "1, " "1, " "1, " "1, " "1, " "1, " "1, " "1, " "1, " "1, " "1, " "1, " "1, " "1, " "1, " "1, " "0, " "1, " "1, " "1, " "1, " "1, " "1, " "1, " "1, " "1, " "1, " "1, " "1, " "1, " "1, " "1, " "1, " "1, " "1, " "1, " "1, " "1, " "1, " "1, " "1, " "1, " "1, " "1, " "1, " "1, " "1, " "1, " "1, " "1, " "1, " "1, " "1, " "1, " "1, " "1, " "1, " "1, " "1, " "1, " "1, " "1, " "1, " "1, " "1, " "1, " "1, " "1, " "1, " "1, " "1, " "1, " "1, " "1, " "1, " "1, " "1, " "1, " "1, " "1, " "1, " "1, " "1, " "1, " "1, " "1, " "1, " "1, " "1, " "1, " "1, " "1, " "1, " "1, " "1, " "1, " "1, " "1, " "1, " "1, " "1, " "1, " "1, " "1, " "1, " "1, " "1, " "1, " "1, " "1, " "1, " "1, " "1, " "1, " "1, " "1, " "1, " "1, " "1, " "1, " "1, " "1, " "1, " "1, " "1, " "1, " "1, " "1, " "1, " "1, " "1, " "1, " "1, " "1, " "1, " "1, " "1, " "1, " "1, " "1, " "1, " "1, " "1, " "1, " "1, " "1, " "1, " "1, " "1, " "1, " "1, " "1, " "1, " "1, " "1, " "1, " "1, " "1, " "1, " "1, " "1, " "1, " "1, " "1, " "1, " "1, " "1, " "1, " "1, " "1, " "1, " "1, " "1, " "1, " "1, " "1, " "1, " "1, " "1, " "1, " "1, " "1, " "1, " "1, " "1, " "1, " "1, " "1, " "1, " "1, " "1, " "1, " "1, " "1, " "1, " "1, " "1, " "1, " "1, " "1, " "1, " "1, " "1, " "1, " "1, " "1, " "1, " "1, " "1, " "1, " "1, " "1, " "1, " "1, " "1, " "1, " "1, " "1, " "1, " "1, " "1, " "1, " "1, " "1, " "1, " "1, " "1, " "1, " "1, " "1, " "1, " "1, " "1, " "1, " "1, " "1, " "1, " "1, " "1, " "1, " "1, " "1, " "1, " "1, " "1, " "1, " "1, " "1, " "1, " "1, " "1, " "1, " "1, " "1, " "1, " "1, " "1, " "1, " "1, " "1, " "1, " "1, " "1, " "1, " "1, " "1, " "1, " "1, " "1, " "1, " "1, " "1, " "1, " "1, " "1, " "1, " "1, " "1, " "1, " "1, " "1, " "1, " "1, " "1, " "1, " "1, " "1, " "1, " "1, " "1, " "1, " "1, " "1, " "1, " "1, " "1, " "1, " "1, " "1, " "1, " "1, " "1, " "1, " "1, " "1, " "1, " "1, " "1, " "1, " "1, " "1, " "1, " "1, " "1, " "1, " "1, " "1, " "1, " "1, " "1, " "1, " "1, " "1, " "1, " "1, " "1, " "1, " "1, " "1, " "1, " "1, " "1, " "1, " "1, " "1, " "1, " "1, " "1, " "1, " "1, " "1, " "1, " "1, " "1, " "1, " "1, " "1, " "1, " "1, " "1, " "1, " "1, " "1, " "1, " "1, " "1, " "1, " "1, " "1, " "1, " "1, " "1, " "1, " "1, " "1, " "1, " "1, " "1, " "1, " "1, " "1, " "1, " "1, " "1, " "1, " "1, " "1, " "1, " "1, " "1, " "1, " "1, " "1, " "1, " "1, " "1, " "1, " "1, " "1, " "1, " "1, " "1, " "1, " "1, " "1, " "1, " "1, " "1, " "1, " "1, " "1, " "1, " "1, " "1, " "1, " "1, " "1, " "1, " "1, " "1, " "1, " "1, " "1, " "1, " "1, " "1, " "1, " "1, " "1, " "1, " "1, " "1, " "1, " "1, " "1, " "1, " "1, " "1, " "1, " "1, " "1, "0
 "Nei99, 0.032, " "0.76, " "1, " "1, " "1, " "1, " "1, " "1, " "1, " "1, " "1, " "1, " "1, " "1, " "1, " "1, " "1, " "1, " "1, " "1, " "1, " "1, " "1, " "1, " "1, " "1, " "1, " "1, " "1, " "1, " "1, " "1, " "1, " "1, " "1, " "1, " "1, " "1, " "1, " "1, " "1, " "1, " "1, " "1, " "1, " "1, " "1, " "1, " "1, " "1, " "1, " "1, " "1, " "1, " "1, " "1, " "1, " "1, " "1, " "1, " "1, " "1, " "1, " "1, " "1, " "1, " "1, " "1, " "1, " "1, " "1, " "1, " "1, " "1, " "1, " "1, " "1, " "1, " "1, " "1, " "1, " "1, " "1, " "1, " "1, " "1, " "1, " "1, " "1, " "1, " "1, " "1, " "1, " "1, " "1, " "1, " "1, " "1, " "1, " "1, " "1, " "0, " "1, " "1, " "1, " "1, " "1, " "1, " "1, " "1, " "1, " "1, " "1, " "1, " "1, " "1, " "1, " "1, " "1, " "1, " "1, " "1, " "1, " "1, " "1, " "1, " "1, " "1, " "1, " "1, " "1, " "1, " "1, " "1, " "1, " "1, " "1, " "1, " "1, " "1, " "1, " "1, " "1, " "1, " "1, " "1, " "1, " "1, " "1, " "1, " "1, " "1, " "1, " "1, " "1, " "1, " "1, " "1, " "1, " "1, " "1, " "1, " "1, " "1, " "1, " "1, " "1, " "1, " "1, " "1, " "1, " "1, " "1, " "1, " "1, " "1, " "1, " "1, " "1, " "1, " "1, " "1, " "1, " "1, " "1, " "1, " "1, " "1, " "1, " "1, " "1, " "1, " "1, " "1, " "1, " "1, " "1, " "1, " "1, " "1, " "1, " "1, " "1, " "1, " "1, " "1, " "1, " "1, " "1, " "1, " "1, " "1, " "1, " "1, " "1, " "1, " "1, " "1, " "1, " "1, " "1, " "1, " "1, " "1, " "1, " "1, " "1, " "1, " "1, " "1, " "1, " "1, " "1, " "1, " "1, " "1, " "1, " "1, " "1, " "1, " "1, " "1, " "1, " "1, " "1, " "1, " "1, " "1, " "1, " "1, " "1, " "1, " "1, " "1, " "1, " "1, " "1, " "1, " "1, " "1, " "1, " "1, " "1, " "1, " "1, " "1, " "1, " "1, " "1, " "1, " "1, " "1, " "1, " "1, " "1, " "1, " "1, " "1, " "1, " "1, " "1, " "1, " "1, " "1, " "1, " "1, " "1, " "1, " "1, " "1, " "1, " "1, " "1, " "1, " "1, " "1, " "1, " "1, " "1, " "1, " "1, " "1, " "1, " "1, " "1, " "1, " "1, " "1, " "1, " "1, " "1, " "1, " "1, " "1, " "1, " "1, " "1, " "1, " "1, " "1, " "1, " "1, " "1, " "1, " "1, " "1, " "1, " "1, " "1, " "1, " "1, " "1, " "1, " "1, " "1, " "1, " "1, " "1, " "1, " "1, " "1, " "1, " "1, " "1, " "1, " "1, " "1, " "1, " "1, " "1, " "1, " "1, " "1, " "1, " "1, " "1, " "1, " "1, " "1, " "1, " "1, " "1, " "1, " "1, " "1, " "1, " "1, " "1, " "1, " "1, " "1, " "1, " "1, " "1, " "1, " "1, " "1, " "1, " "1, " "1, " "1, " "1, " "1, " "1, " "1, " "1, " "1, " "1, " "1, " "1, " "1, " "1, " "1, " "1, " "1, " "1, " "1, " "1, " "1, " "1, " "1, " "1, " "1, " "1, " "1, " "1, " "1, " "1, " "1, " "1, " "1, " "1, " "1, " "1, " "1, " "1, " "1, " "1, " "1, " "1, " "1, " "1, " "1, " "1, " "1, " "1, " "1, " "1, " "1, " "1, " "1, " "1, " "1, " "1, " "1, " "1, " "1, " "1, " "1, " "1, " "1, " "1, " "1, " "1, " "1, " "1, " "1, " "1, " "1, " "1, " "1, " "1, " "1, " "1, " "1, " "1, " "1, " "1, " "1, " "1, " "1, " "1, " "1, " "1, " "1, " "1, " "1, " "1, " "1, " "1, " "1, " "1, " "1, " "1, " "1, " "1, " "1, " "1, " "1, " "1, " "1, " "1, " "1, " "1, " "1, " "1, " "1, " "1, " "1, " "1, " "1, " "1, " "1, " "1, " "1, " "1, " "1, " "1, " "1, " "1, " "1, " "1, " "1, " "1, " "1, " "1, " "1, " "1, " "1, " "1, " "1, " "1, " "1, " "1, " "1, "0
 "Nei100, 0.097, " "0.291, " "1, " "1, " "1, " "1, " "1, " "1, " "1, " "1, " "1, " "1, " "1, " "1, " "1, " "1, " "1, " "1, " "1, " "1, " "1, " "1, " "1, " "1, " "1, " "1, " "1, " "1, " "1, " "1, " "1, " "1, " "1, " "1, " "1, " "1, " "1, " "1, " "1, " "1, " "1, " "1, " "1, " "1, " "1, " "1, " "1, " "1, " "1, " "1, " "1, " "1, " "1, " "1, " "1, " "1, " "1, " "1, " "1, " "1, " "1, " "1, " "1, " "1, " "1, " "1, " "1, " "1, " "1, " "1, " "1, " "1, " "1, " "1, " "1, " "1, " "1, " "1, " "1, " "1, " "1, " "1, " "1, " "1, " "1, " "1, " "1, " "1, " "1, " "1, " "1, " "1, " "1, " "1, " "1, " "1, " "1, " "1, " "1, " "1, " "1, " "1, " "0, " "1, " "1, " "1, " "1, " "1, " "1, " "1, " "1, " "1, " "1, " "1, " "1, " "1, " "1, " "1, " "1, " "1, " "1, " "1, " "1, " "1, " "1, " "1, " "1, " "1, " "1, " "1, " "1, " "1, " "1, " "1, " "1, " "1, " "1, " "1, " "1, " "1, " "1, " "1, " "1, " "1, " "1, " "1, " "1, " "1, " "1, " "1, " "1, " "1, " "1, " "1, " "1, " "1, " "1, " "1, " "1, " "1, " "1, " "1, " "1, " "1, " "1, " "1, " "1, " "1, " "1, " "1, " "1, " "1, " "1, " "1, " "1, " "1, " "1, " "1, " "1, " "1, " "1, " "1, " "1, " "1, " "1, " "1, " "1, " "1, " "1, " "1, " "1, " "1, " "1, " "1, " "1, " "1, " "1, " "1, " "1, " "1, " "1, " "1, " "1, " "1, " "1, " "1, " "1, " "1, " "1, " "1, " "1, " "1, " "1, " "1, " "1, " "1, " "1, " "1, " "1, " "1, " "1, " "1, " "1, " "1, " "1, " "1, " "1, " "1, " "1, " "1, " "1, " "1, " "1, " "1, " "1, " "1, " "1, " "1, " "1, " "1, " "1, " "1, " "1, " "1, " "1, " "1, " "1, " "1, " "1, " "1, " "1, " "1, " "1, " "1, " "1, " "1, " "1, " "1, " "1, " "1, " "1, " "1, " "1, " "1, " "1, " "1, " "1, " "1, " "1, " "1, " "1, " "1, " "1, " "1, " "1, " "1, " "1, " "1, " "1, " "1, " "1, " "1, " "1, " "1, " "1, " "1, " "1, " "1, " "1, " "1, " "1, " "1, " "1, " "1, " "1, " "1, " "1, " "1, " "1, " "1, " "1, " "1, " "1, " "1, " "1, " "1, " "1, " "1, " "1, " "1, " "1, " "1, " "1, " "1, " "1, " "1, " "1, " "1, " "1, " "1, " "1, " "1, " "1, " "1, " "1, " "1, " "1, " "1, " "1, " "1, " "1, " "1, " "1, " "1, " "1, " "1, " "1, " "1, " "1, " "1, " "1, " "1, " "1, " "1, " "1, " "1, " "1, " "1, " "1, " "1, " "1, " "1, " "1, " "1, " "1, " "1, " "1, " "1, " "1, " "1, " "1, " "1, " "1, " "1, " "1, " "1, " "1, " "1, " "1, " "1, " "1, " "1, " "1, " "1, " "1, " "1, " "1, " "1, " "1, " "1, " "1, " "1, " "1, " "1, " "1, " "1, " "1, " "1, " "1, " "1, " "1, " "1, " "1, " "1, " "1, " "1, " "1, " "1, " "1, " "1, " "1, " "1, " "1, " "1, " "1, " "1, " "1, " "1, " "1, " "1, " "1, " "1, " "1, " "1, " "1, " "1, " "1, " "1, " "1, " "1, " "1, " "1, " "1, " "1, " "1, " "1, " "1, " "1, " "1, " "1, " "1, " "1, " "1, " "1, " "1, " "1, " "1, " "1, " "1, " "1, " "1, " "1, " "1, " "1, " "1, " "1, " "1, " "1, " "1, " "1, " "1, " "1, " "1, " "1, " "1, " "1, " "1, " "1, " "1, " "1, " "1, " "1, " "1, " "1, " "1, " "1, " "1, " "1, " "1, " "1, " "1, " "1, " "1, " "1, " "1, " "1, " "1, " "1, " "1, " "1, " "1, " "1, " "1, " "1, " "1, " "1, " "1, " "1, " "1, " "1, " "1, " "1, " "1, " "1, " "1, " "1, " "1, " "1, " "1, " "1, " "1, " "1, " "1, " "1, " "1, " "1, " "1, " "1, " "1, " "1, " "1, " "1, " "1, " "1, " "1, "0
 "Nei101, 0.003, " "-0.843, " "1, " "1, " "1, " "1, " "1, " "1, " "1, " "1, " "1, " "1, " "1, " "1, " "1, " "1, " "1, " "1, " "1, " "1, " "1, " "1, " "1, " "1, " "1, " "1, " "1, " "1, " "1, " "1, " "1, " "1, " "1, " "1, " "1, " "1, " "1, " "1, " "1, " "1, " "1, " "1, " "1, " "1, " "1, " "1, " "1, " "1, " "1, " "1, " "1, " "1, " "1, " "1, " "1, " "1, " "1, " "1, " "1, " "1, " "1, " "1, " "1, " "1, " "1, " "1, " "1, " "1, " "1, " "1, " "1, " "1, " "1, " "1, " "1, " "1, " "1, " "1, " "1, " "1, " "1, " "1, " "1, " "1, " "1, " "1, " "1, " "1, " "1, " "1, " "1, " "1, " "1, " "1, " "1, " "1, " "1, " "1, " "1, " "1, " "1, " "1, " "1, " "0, " "1, " "1, " "1, " "1, " "1, " "1, " "1, " "1, " "1, " "1, " "1, " "1, " "1, " "1, " "1, " "1, " "1, " "1, " "1, " "1, " "1, " "1, " "1, " "1, " "1, " "1, " "1, " "1, " "1, " "1, " "1, " "1, " "1, " "1, " "1, " "1, " "1, " "1, " "1, " "1, " "1, " "1, " "1, " "1, " "1, " "1, " "1, " "1, " "1, " "1, " "1, " "1, " "1, " "1, " "1, " "1, " "1, " "1, " "1, " "1, " "1, " "1, " "1, " "1, " "1, " "1, " "1, " "1, " "1, " "1, " "1, " "1, " "1, " "1, " "1, " "1, " "1, " "1, " "1, " "1, " "1, " "1, " "1, " "1, " "1, " "1, " "1, " "1, " "1, " "1, " "1, " "1, " "1, " "1, " "1, " "1, " "1, " "1, " "1, " "1, " "1, " "1, " "1, " "1, " "1, " "1, " "1, " "1, " "1, " "1, " "1, " "1, " "1, " "1, " "1, " "1, " "1, " "1, " "1, " "1, " "1, " "1, " "1, " "1, " "1, " "1, " "1, " "1, " "1, " "1, " "1, " "1, " "1, " "1, " "1, " "1, " "1, " "1, " "1, " "1, " "1, " "1, " "1, " "1, " "1, " "1, " "1, " "1, " "1, " "1, " "1, " "1, " "1, " "1, " "1, " "1, " "1, " "1, " "1, " "1, " "1, " "1, " "1, " "1, " "1, " "1, " "1, " "1, " "1, " "1, " "1, " "1, " "1, " "1, " "1, " "1, " "1, " "1, " "1, " "1, " "1, " "1, " "1, " "1, " "1, " "1, " "1, " "1, " "1, " "1, " "1, " "1, " "1, " "1, " "1, " "1, " "1, " "1, " "1, " "1, " "1, " "1, " "1, " "1, " "1, " "1, " "1, " "1, " "1, " "1, " "1, " "1, " "1, " "1, " "1, " "1, " "1, " "1, " "1, " "1, " "1, " "1, " "1, " "1, " "1, " "1, " "1, " "1, " "1, " "1, " "1, " "1, " "1, " "1, " "1, " "1, " "1, " "1, " "1, " "1, " "1, " "1, " "1, " "1, " "1, " "1, " "1, " "1, " "1, " "1, " "1, " "1, " "1, " "1, " "1, " "1, " "1, " "1, " "1, " "1, " "1, " "1, " "1, " "1, " "1, " "1, " "1, " "1, " "1, " "1, " "1, " "1, " "1, " "1, " "1, " "1, " "1, " "1, " "1, " "1, " "1, " "1, " "1, " "1, " "1, " "1, " "1, " "1, " "1, " "1, " "1, " "1, " "1, " "1, " "1, " "1, " "1, " "1, " "1, " "1, " "1, " "1, " "1, " "1, " "1, " "1, " "1, " "1, " "1, " "1, " "1, " "1, " "1, " "1, " "1, " "1, " "1, " "1, " "1, " "1, " "1, " "1, " "1, " "1, " "1, " "1, " "1, " "1, " "1, " "1, " "1, " "1, " "1, " "1, " "1, " "1, " "1, " "1, " "1, " "1, " "1, " "1, " "1, " "1, " "1, " "1, " "1, " "1, " "1, " "1, " "1, " "1, " "1, " "1, " "1, " "1, " "1, " "1, " "1, " "1, " "1, " "1, " "1, " "1, " "1, " "1, " "1, " "1, " "1, " "1, " "1, " "1, " "1, " "1, " "1, " "1, " "1, " "1, " "1, " "1, " "1, " "1, " "1, " "1, " "1, " "1, " "1, " "1, " "1, " "1, " "1, " "1, " "1, " "1, " "1, " "1, " "1, " "1, " "1, " "1, " "1, " "1, " "1, " "1, " "1, " "1, " "1, " "1, " "1, " "1, " "1, "0
 "Nei102, 0.188, " "0.869, " "1, " "1, " "1, " "1, " "1, " "1, " "1, " "1, " "1, " "1, " "1, " "1, " "1, " "1, " "1, " "1, " "1, " "1, " "1, " "1, " "1, " "1, " "1, " "1, " "1, " "1, " "1, " "1, " "1, " "1, " "1, " "1, " "1, " "1, " "1, " "1, " "1, " "1, " "1, " "1, " "1, " "1, " "1, " "1, " "1, " "1, " "1, " "1, " "1, " "1, " "1, " "1, " "1, " "1, " "1, " "1, " "1, " "1, " "1, " "1, " "1, " "1, " "1, " "1, " "1, " "1, " "1, " "1, " "1, " "1, " "1, " "1, " "1, " "1, " "1, " "1, " "1, " "1, " "1, " "1, " "1, " "1, " "1, " "1, " "1, " "1, " "1, " "1, " "1, " "1, " "1, " "1, " "1, " "1, " "1, " "1, " "1, " "1, " "1, " "1, " "1, " "1, " "0, " "1, " "1, " "1, " "1, " "1, " "1, " "1, " "1, " "1, " "1, " "1, " "1, " "1, " "1, " "1, " "1, " "1, " "1, " "1, " "1, " "1, " "1, " "1, " "1, " "1, " "1, " "1, " "1, " "1, " "1, " "1, " "1, " "1, " "1, " "1, " "1, " "1, " "1, " "1, " "1, " "1, " "1, " "1, " "1, " "1, " "1, " "1, " "1, " "1, " "1, " "1, " "1, " "1, " "1, " "1, " "1, " "1, " "1, " "1, " "1, " "1, " "1, " "1, " "1, " "1, " "1, " "1, " "1, " "1, " "1, " "1, " "1, " "1, " "1, " "1, " "1, " "1, " "1, " "1, " "1, " "1, " "1, " "1, " "1, " "1, " "1, " "1, " "1, " "1, " "1, " "1, " "1, " "1, " "1, " "1, " "1, " "1, " "1, " "1, " "1, " "1, " "1, " "1, " "1, " "1, " "1, " "1, " "1, " "1, " "1, " "1, " "1, " "1, " "1, " "1, " "1, " "1, " "1, " "1, " "1, " "1, " "1, " "1, " "1, " "1, " "1, " "1, " "1, " "1, " "1, " "1, " "1, " "1, " "1, " "1, " "1, " "1, " "1, " "1, " "1, " "1, " "1, " "1, " "1, " "1, " "1, " "1, " "1, " "1, " "1, " "1, " "1, " "1, " "1, " "1, " "1, " "1, " "1, " "1, " "1, " "1, " "1, " "1, " "1, " "1, " "1, " "1, " "1, " "1, " "1, " "1, " "1, " "1, " "1, " "1, " "1, " "1, " "1, " "1, " "1, " "1, " "1, " "1, " "1, " "1, " "1, " "1, " "1, " "1, " "1, " "1, " "1, " "1, " "1, " "1, " "1, " "1, " "1, " "1, " "1, " "1, " "1, " "1, " "1, " "1, " "1, " "1, " "1, " "1, " "1, " "1, " "1, " "1, " "1, " "1, " "1, " "1, " "1, " "1, " "1, " "1, " "1, " "1, " "1, " "1, " "1, " "1, " "1, " "1, " "1, " "1, " "1, " "1, " "1, " "1, " "1, " "1, " "1, " "1, " "1, " "1, " "1, " "1, " "1, " "1, " "1, " "1, " "1, " "1, " "1, " "1, " "1, " "1, " "1, " "1, " "1, " "1, " "1, " "1, " "1, " "1, " "1, " "1, " "1, " "1, " "1, " "1, " "1, " "1, " "1, " "1, " "1, " "1, " "1, " "1, " "1, " "1, " "1, " "1, " "1, " "1, " "1, " "1, " "1, " "1, " "1, " "1, " "1, " "1, " "1, " "1, " "1, " "1, " "1, " "1, " "1, " "1, " "1, " "1, " "1, " "1, " "1, " "1, " "1, " "1, " "1, " "1, " "1, " "1, " "1, " "1, " "1, " "1, " "1, " "1, " "1, " "1, " "1, " "1, " "1, " "1, " "1, " "1, " "1, " "1, " "1, " "1, " "1, " "1, " "1, " "1, " "1, " "1, " "1, " "1, " "1, " "1, " "1, " "1, " "1, " "1, " "1, " "1, " "1, " "1, " "1, " "1, " "1, " "1, " "1, " "1, " "1, " "1, " "1, " "1, " "1, " "1, " "1, " "1, " "1, " "1, " "1, " "1, " "1, " "1, " "1, " "1, " "1, " "1, " "1, " "1, " "1, " "1, " "1, " "1, " "1, " "1, " "1, " "1, " "1, " "1, " "1, " "1, " "1, " "1, " "1, " "1, " "1, " "1, " "1, " "1, " "1, " "1, " "1, " "1, " "1, " "1, " "1, " "1, " "1, " "1, " "1, " "1, " "1, " "1, " "1, " "1, " "1, " "1, " "1, "0
 "Nei103, 0.274, " "0.99, " "1, " "1, " "1, " "1, " "1, " "1, " "1, " "1, " "1, " "1, " "1, " "1, " "1, " "1, " "1, " "1, " "1, " "1, " "1, " "1, " "1, " "1, " "1, " "1, " "1, " "1, " "1, " "1, " "1, " "1, " "1, " "1, " "1, " "1, " "1, " "1, " "1, " "1, " "1, " "1, " "1, " "1, " "1, " "1, " "1, " "1, " "1, " "1, " "1, " "1, " "1, " "1, " "1, " "1, " "1, " "1, " "1, " "1, " "1, " "1, " "1, " "1, " "1, " "1, " "1, " "1, " "1, " "1, " "1, " "1, " "1, " "1, " "1, " "1, " "1, " "1, " "1, " "1, " "1, " "1, " "1, " "1, " "1, " "1, " "1, " "1, " "1, " "1, " "1, " "1, " "1, " "1, " "1, " "1, " "1, " "1, " "1, " "1, " "1, " "1, " "1, " "1, " "1, " "0, " "1, " "1, " "1, " "1, " "1, " "1, " "1, " "1, " "1, " "1, " "1, " "1, " "1, " "1, " "1, " "1, " "1, " "1, " "1, " "1, " "1, " "1, " "1, " "1, " "1, " "1, " "1, " "1, " "1, " "1, " "1, " "1, " "1, " "1, " "1, " "1, " "1, " "1, " "1, " "1, " "1, " "1, " "1, " "1, " "1, " "1, " "1, " "1, " "1, " "1, " "1, " "1, " "1, " "1, " "1, " "1, " "1, " "1, " "1, " "1, " "1, " "1, " "1, " "1, " "1, " "1, " "1, " "1, " "1, " "1, " "1, " "1, " "1, " "1, " "1, " "1, " "1, " "1, " "1, " "1, " "1, " "1, " "1, " "1, " "1, " "1, " "1, " "1, " "1, " "1, " "1, " "1, " "1, " "1, " "1, " "1, " "1, " "1, " "1, " "1, " "1, " "1, " "1, " "1, " "1, " "1, " "1, " "1, " "1, " "1, " "1, " "1, " "1, " "1, " "1, " "1, " "1, " "1, " "1, " "1, " "1, " "1, " "1, " "1, " "1, " "1, " "1, " "1, " "1, " "1, " "1, " "1, " "1, " "1, " "1, " "1, " "1, " "1, " "1, " "1, " "1, " "1, " "1, " "1, " "1, " "1, " "1, " "1, " "1, " "1, " "1, " "1, " "1, " "1, " "1, " "1, " "1, " "1, " "1, " "1, " "1, " "1, " "1, " "1, " "1, " "1, " "1, " "1, " "1, " "1, " "1, " "1, " "1, " "1, " "1, " "1, " "1, " "1, " "1, " "1, " "1, " "1, " "1, " "1, " "1, " "1, " "1, " "1, " "1, " "1, " "1, " "1, " "1, " "1, " "1, " "1, " "1, " "1, " "1, " "1, " "1, " "1, " "1, " "1, " "1, " "1, " "1, " "1, " "1, " "1, " "1, " "1, " "1, " "1, " "1, " "1, " "1, " "1, " "1, " "1, " "1, " "1, " "1, " "1, " "1, " "1, " "1, " "1, " "1, " "1, " "1, " "1, " "1, " "1, " "1, " "1, " "1, " "1, " "1, " "1, " "1, " "1, " "1, " "1, " "1, " "1, " "1, " "1, " "1, " "1, " "1, " "1, " "1, " "1, " "1, " "1, " "1, " "1, " "1, " "1, " "1, " "1, " "1, " "1, " "1, " "1, " "1, " "1, " "1, " "1, " "1, " "1, " "1, " "1, " "1, " "1, " "1, " "1, " "1, " "1, " "1, " "1, " "1, " "1, " "1, " "1, " "1, " "1, " "1, " "1, " "1, " "1, " "1, " "1, " "1, " "1, " "1, " "1, " "1, " "1, " "1, " "1, " "1, " "1, " "1, " "1, " "1, " "1, " "1, " "1, " "1, " "1, " "1, " "1, " "1, " "1, " "1, " "1, " "1, " "1, " "1, " "1, " "1, " "1, " "1, " "1, " "1, " "1, " "1, " "1, " "1, " "1, " "1, " "1, " "1, " "1, " "1, " "1, " "1, " "1, " "1, " "1, " "1, " "1, " "1, " "1, " "1, " "1, " "1, " "1, " "1, " "1, " "1, " "1, " "1, " "1, " "1, " "1, " "1, " "1, " "1, " "1, " "1, " "1, " "1, " "1, " "1, " "1, " "1, " "1, " "1, " "1, " "1, " "1, " "1, " "1, " "1, " "1, " "1, " "1, " "1, " "1, " "1, " "1, " "1, " "1, " "1, " "1, " "1, " "1, " "1, " "1, " "1, " "1, " "1, " "1, " "1, " "1, " "1, " "1, " "1, " "1, " "1, " "1, " "1, " "1, " "1, " "1, " "1, "0
 "Nei104, 0.368, " "0.919, " "1, " "1, " "1, " "1, " "1, " "1, " "1, " "1, " "1, " "1, " "1, " "1, " "1, " "1, " "1, " "1, " "1, " "1, " "1, " "1, " "1, " "1, " "1, " "1, " "1, " "1, " "1, " "1, " "1, " "1, " "1, " "1, " "1, " "1, " "1, " "1, " "1, " "1, " "1, " "1, " "1, " "1, " "1, " "1, " "1, " "1, " "1, " "1, " "1, " "1, " "1, " "1, " "1, " "1, " "1, " "1, " "1, " "1, " "1, " "1, " "1, " "1, " "1, " "1, " "1, " "1, " "1, " "1, " "1, " "1, " "1, " "1, " "1, " "1, " "1, " "1, " "1, " "1, " "1, " "1, " "1, " "1, " "1, " "1, " "1, " "1, " "1, " "1, " "1, " "1, " "1, " "1, " "1, " "1, " "1, " "1, " "1, " "1, " "1, " "1, " "1, " "1, " "1, " "1, " "0, " "1, " "1, " "1, " "1, " "1, " "1, " "1, " "1, " "1, " "1, " "1, " "1, " "1, " "1, " "1, " "1, " "1, " "1, " "1, " "1, " "1, " "1, " "1, " "1, " "1, " "1, " "1, " "1, " "1, " "1, " "1, " "1, " "1, " "1, " "1, " "1, " "1, " "1, " "1, " "1, " "1, " "1, " "1, " "1, " "1, " "1, " "1, " "1, " "1, " "1, " "1, " "1, " "1, " "1, " "1, " "1, " "1, " "1, " "1, " "1, " "1, " "1, " "1, " "1, " "1, " "1, " "1, " "1, " "1, " "1, " "1, " "1, " "1, " "1, " "1, " "1, " "1, " "1, " "1, " "1, " "1, " "1, " "1, " "1, " "1, " "1, " "1, " "1, " "1, " "1, " "1, " "1, " "1, " "1, " "1, " "1, " "1, " "1, " "1, " "1, " "1, " "1, " "1, " "1, " "1, " "1, " "1, " "1, " "1, " "1, " "1, " "1, " "1, " "1, " "1, " "1, " "1, " "1, " "1, " "1, " "1, " "1, " "1, " "1, " "1, " "1, " "1, " "1, " "1, " "1, " "1, " "1, " "1, " "1, " "1, " "1, " "1, " "1, " "1, " "1, " "1, " "1, " "1, " "1, " "1, " "1, " "1, " "1, " "1, " "1, " "1, " "1, " "1, " "1, " "1, " "1, " "1, " "1, " "1, " "1, " "1, " "1, " "1, " "1, " "1, " "1, " "1, " "1, " "1, " "1, " "1, " "1, " "1, " "1, " "1, " "1, " "1, " "1, " "1, " "1, " "1, " "1, " "1, " "1, " "1, " "1, " "1, " "1, " "1, " "1, " "1, " "1, " "1, " "1, " "1, " "1, " "1, " "1, " "1, " "1, " "1, " "1, " "1, " "1, " "1, " "1, " "1, " "1, " "1, " "1, " "1, " "1, " "1, " "1, " "1, " "1, " "1, " "1, " "1, " "1, " "1, " "1, " "1, " "1, " "1, " "1, " "1, " "1, " "1, " "1, " "1, " "1, " "1, " "1, " "1, " "1, " "1, " "1, " "1, " "1, " "1, " "1, " "1, " "1, " "1, " "1, " "1, " "1, " "1, " "1, " "1, " "1, " "1, " "1, " "1, " "1, " "1, " "1, " "1, " "1, " "1, " "1, " "1, " "1, " "1, " "1, " "1, " "1, " "1, " "1, " "1, " "1, " "1, " "1, " "1, " "1, " "1, " "1, " "1, " "1, " "1, " "1, " "1, " "1, " "1, " "1, " "1, " "1, " "1, " "1, " "1, " "1, " "1, " "1, " "1, " "1, " "1, " "1, " "1, " "1, " "1, " "1, " "1, " "1, " "1, " "1, " "1, " "1, " "1, " "1, " "1, " "1, " "1, " "1, " "1, " "1, " "1, " "1, " "1, " "1, " "1, " "1, " "1, " "1, " "1, " "1, " "1, " "1, " "1, " "1, " "1, " "1, " "1, " "1, " "1, " "1, " "1, " "1, " "1, " "1, " "1, " "1, " "1, " "1, " "1, " "1, " "1, " "1, " "1, " "1, " "1, " "1, " "1, " "1, " "1, " "1, " "1, " "1, " "1, " "1, " "1, " "1, " "1, " "1, " "1, " "1, " "1, " "1, " "1, " "1, " "1, " "1, " "1, " "1, " "1, " "1, " "1, " "1, " "1, " "1, " "1, " "1, " "1, " "1, " "1, " "1, " "1, " "1, " "1, " "1, " "1, " "1, " "1, " "1, " "1, " "1, " "1, " "1, " "1, " "1, " "1, " "1, " "1, " "1, " "1, " "1, " "1, " "1, "0
 "Nei105, 0.346, " "-0.845, " "1, " "1, " "1, " "1, " "1, " "1, " "1, " "1, " "1, " "1, " "1, " "1, " "1, " "1, " "1, " "1, " "1, " "1, " "1, " "1, " "1, " "1, " "1, " "1, " "1, " "1, " "1, " "1, " "1, " "1, " "1, " "1, " "1, " "1, " "1, " "1, " "1, " "1, " "1, " "1, " "1, " "1, " "1, " "1, " "1, " "1, " "1, " "1, " "1, " "1, " "1, " "1, " "1, " "1, " "1, " "1, " "1, " "1, " "1, " "1, " "1, " "1, " "1, " "1, " "1, " "1, " "1, " "1, " "1, " "1, " "1, " "1, " "1, " "1, " "1, " "1, " "1, " "1, " "1, " "1, " "1, " "1, " "1, " "1, " "1, " "1, " "1, " "1, " "1, " "1, " "1, " "1, " "1, " "1, " "1, " "1, " "1, " "1, " "1, " "1, " "1, " "1, " "1, " "1, " "1, " "0, " "1, " "1, " "1, " "1, " "1, " "1, " "1, " "1, " "1, " "1, " "1, " "1, " "1, " "1, " "1, " "1, " "1, " "1, " "1, " "1, " "1, " "1, " "1, " "1, " "1, " "1, " "1, " "1, " "1, " "1, " "1, " "1, " "1, " "1, " "1, " "1, " "1, " "1, " "1, " "1, " "1, " "1, " "1, " "1, " "1, " "1, " "1, " "1, " "1, " "1, " "1, " "1, " "1, " "1, " "1, " "1, " "1, " "1, " "1, " "1, " "1, " "1, " "1, " "1, " "1, " "1, " "1, " "1, " "1, " "1, " "1, " "1, " "1, " "1, " "1, " "1, " "1, " "1, " "1, " "1, " "1, " "1, " "1, " "1, " "1, " "1, " "1, " "1, " "1, " "1, " "1, " "1, " "1, " "1, " "1, " "1, " "1, " "1, " "1, " "1, " "1, " "1, " "1, " "1, " "1, " "1, " "1, " "1, " "1, " "1, " "1, " "1, " "1, " "1, " "1, " "1, " "1, " "1, " "1, " "1, " "1, " "1, " "1, " "1, " "1, " "1, " "1, " "1, " "1, " "1, " "1, " "1, " "1, " "1, " "1, " "1, " "1, " "1, " "1, " "1, " "1, " "1, " "1, " "1, " "1, " "1, " "1, " "1, " "1, " "1, " "1, " "1, " "1, " "1, " "1, " "1, " "1, " "1, " "1, " "1, " "1, " "1, " "1, " "1, " "1, " "1, " "1, " "1, " "1, " "1, " "1, " "1, " "1, " "1, " "1, " "1, " "1, " "1, " "1, " "1, " "1, " "1, " "1, " "1, " "1, " "1, " "1, " "1, " "1, " "1, " "1, " "1, " "1, " "1, " "1, " "1, " "1, " "1, " "1, " "1, " "1, " "1, " "1, " "1, " "1, " "1, " "1, " "1, " "1, " "1, " "1, " "1, " "1, " "1, " "1, " "1, " "1, " "1, " "1, " "1, " "1, " "1, " "1, " "1, " "1, " "1, " "1, " "1, " "1, " "1, " "1, " "1, " "1, " "1, " "1, " "1, " "1, " "1, " "1, " "1, " "1, " "1, " "1, " "1, " "1, " "1, " "1, " "1, " "1, " "1, " "1, " "1, " "1, " "1, " "1, " "1, " "1, " "1, " "1, " "1, " "1, " "1, " "1, " "1, " "1, " "1, " "1, " "1, " "1, " "1, " "1, " "1, " "1, " "1, " "1, " "1, " "1, " "1, " "1, " "1, " "1, " "1, " "1, " "1, " "1, " "1, " "1, " "1, " "1, " "1, " "1, " "1, " "1, " "1, " "1, " "1, " "1, " "1, " "1, " "1, " "1, " "1, " "1, " "1, " "1, " "1, " "1, " "1, " "1, " "1, " "1, " "1, " "1, " "1, " "1, " "1, " "1, " "1, " "1, " "1, " "1, " "1, " "1, " "1, " "1, " "1, " "1, " "1, " "1, " "1, " "1, " "1, " "1, " "1, " "1, " "1, " "1, " "1, " "1, " "1, " "1, " "1, " "1, " "1, " "1, " "1, " "1, " "1, " "1, " "1, " "1, " "1, " "1, " "1, " "1, " "1, " "1, " "1, " "1, " "1, " "1, " "1, " "1, " "1, " "1, " "1, " "1, " "1, " "1, " "1, " "1, " "1, " "1, " "1, " "1, " "1, " "1, " "1, " "1, " "1, " "1, " "1, " "1, " "1, " "1, " "1, " "1, " "1, " "1, " "1, " "1, " "1, " "1, " "1, " "1, " "1, " "1, " "1, " "1, " "1, " "1, " "1, " "1, " "1, " "1, " "1, " "1, "0
 "Nei106, 0.393, " "0.768, " "1, " "1, " "1, " "1, " "1, " "1, " "1, " "1, " "1, " "1, " "1, " "1, " "1, " "1, " "1, " "1, " "1, " "1, " "1, " "1, " "1, " "1, " "1, " "1, " "1, " "1, " "1, " "1, " "1, " "1, " "1, " "1, " "1, " "1, " "1, " "1, " "1, " "1, " "1, " "1, " "1, " "1, " "1, " "1, " "1, " "1, " "1, " "1, " "1, " "1, " "1, " "1, " "1, " "1, " "1, " "1, " "1, " "1, " "1, " "1, " "1, " "1, " "1, " "1, " "1, " "1, " "1, " "1, " "1, " "1, " "1, " "1, " "1, " "1, " "1, " "1, " "1, " "1, " "1, " "1, " "1, " "1, " "1, " "1, " "1, " "1, " "1, " "1, " "1, " "1, " "1, " "1, " "1, " "1, " "1, " "1, " "1, " "1, " "1, " "1, " "1, " "1, " "1, " "1, " "1, " "1, " "0, " "1, " "1, " "1, " "1, " "1, " "1, " "1, " "1, " "1, " "1, " "1, " "1, " "1, " "1, " "1, " "1, " "1, " "1, " "1, " "1, " "1, " "1, " "1, " "1, " "1, " "1, " "1, " "1, " "1, " "1, " "1, " "1, " "1, " "1, " "1, " "1, " "1, " "1, " "1, " "1, " "1, " "1, " "1, " "1, " "1, " "1, " "1, " "1, " "1, " "1, " "1, " "1, " "1, " "1, " "1, " "1, " "1, " "1, " "1, " "1, " "1, " "1, " "1, " "1, " "1, " "1, " "1, " "1, " "1, " "1, " "1, " "1, " "1, " "1, " "1, " "1, " "1, " "1, " "1, " "1, " "1, " "1, " "1, " "1, " "1, " "1, " "1, " "1, " "1, " "1, " "1, " "1, " "1, " "1, " "1, " "1, " "1, " "1, " "1, " "1, " "1, " "1, " "1, " "1, " "1, " "1, " "1, " "1, " "1, " "1, " "1, " "1, " "1, " "1, " "1, " "1, " "1, " "1, " "1, " "1, " "1, " "1, " "1, " "1, " "1, " "1, " "1, " "1, " "1, " "1, " "1, " "1, " "1, " "1, " "1, " "1, " "1, " "1, " "1, " "1, " "1, " "1, " "1, " "1, " "1, " "1, " "1, " "1, " "1, " "1, " "1, " "1, " "1, " "1, " "1, " "1, " "1, " "1, " "1, " "1, " "1, " "1, " "1, " "1, " "1, " "1, " "1, " "1, " "1, " "1, " "1, " "1, " "1, " "1, " "1, " "1, " "1, " "1, " "1, " "1, " "1, " "1, " "1, " "1, " "1, " "1, " "1, " "1, " "1, " "1, " "1, " "1, " "1, " "1, " "1, " "1, " "1, " "1, " "1, " "1, " "1, " "1, " "1, " "1, " "1, " "1, " "1, " "1, " "1, " "1, " "1, " "1, " "1, " "1, " "1, " "1, " "1, " "1, " "1, " "1, " "1, " "1, " "1, " "1, " "1, " "1, " "1, " "1, " "1, " "1, " "1, " "1, " "1, " "1, " "1, " "1, " "1, " "1, " "1, " "1, " "1, " "1, " "1, " "1, " "1, " "1, " "1, " "1, " "1, " "1, " "1, " "1, " "1, " "1, " "1, " "1, " "1, " "1, " "1, " "1, " "1, " "1, " "1, " "1, " "1, " "1, " "1, " "1, " "1, " "1, " "1, " "1, " "1, " "1, " "1, " "1, " "1, " "1, " "1, " "1, " "1, " "1, " "1, " "1, " "1, " "1, " "1, " "1, " "1, " "1, " "1, " "1, " "1, " "1, " "1, " "1, " "1, " "1, " "1, " "1, " "1, " "1, " "1, " "1, " "1, " "1, " "1, " "1, " "1, " "1, " "1, " "1, " "1, " "1, " "1, " "1, " "1, " "1, " "1, " "1, " "1, " "1, " "1, " "1, " "1, " "1, " "1, " "1, " "1, " "1, " "1, " "1, " "1, " "1, " "1, " "1, " "1, " "1, " "1, " "1, " "1, " "1, " "1, " "1, " "1, " "1, " "1, " "1, " "1, " "1, " "1, " "1, " "1, " "1, " "1, " "1, " "1, " "1, " "1, " "1, " "1, " "1, " "1, " "1, " "1, " "1, " "1, " "1, " "1, " "1, " "1, " "1, " "1, " "1, " "1, " "1, " "1, " "1, " "1, " "1, " "1, " "1, " "1, " "1, " "1, " "1, " "1, " "1, " "1, " "1, " "1, " "1, " "1, " "1, " "1, " "1, " "1, " "1, " "1, " "1, " "1, " "1, " "1, " "1, " "1, " "1, "0
 "Nei107, 0.294, " "0.995, " "1, " "1, " "1, " "1, " "1, " "1, " "1, " "1, " "1, " "1, " "1, " "1, " "1, " "1, " "1, " "1, " "1, " "1, " "1, " "1, " "1, " "1, " "1, " "1, " "1, " "1, " "1, " "1, " "1, " "1, " "1, " "1, " "1, " "1, " "1, " "1, " "1, " "1, " "1, " "1, " "1, " "1, " "1, " "1, " "1, " "1, " "1, " "1, " "1, " "1, " "1, " "1, " "1, " "1, " "1, " "1, " "1, " "1, " "1, " "1, " "1, " "1, " "1, " "1, " "1, " "1, " "1, " "1, " "1, " "1, " "1, " "1, " "1, " "1, " "1, " "1, " "1, " "1, " "1, " "1, " "1, " "1, " "1, " "1, " "1, " "1, " "1, " "1, " "1, " "1, " "1, " "1, " "1, " "1, " "1, " "1, " "1, " "1, " "1, " "1, " "1, " "1, " "1, " "1, " "1, " "1, " "1, " "0, " "1, " "1, " "1, " "1, " "1, " "1, " "1, " "1, " "1, " "1, " "1, " "1, " "1, " "1, " "1, " "1, " "1, " "1, " "1, " "1, " "1, " "1, " "1, " "1, " "1, " "1, " "1, " "1, " "1, " "1, " "1, " "1, " "1, " "1, " "1, " "1, " "1, " "1, " "1, " "1, " "1, " "1, " "1, " "1, " "1, " "1, " "1, " "1, " "1, " "1, " "1, " "1, " "1, " "1, " "1, " "1, " "1, " "1, " "1, " "1, " "1, " "1, " "1, " "1, " "1, " "1, " "1, " "1, " "1, " "1, " "1, " "1, " "1, " "1, " "1, " "1, " "1, " "1, " "1, " "1, " "1, " "1, " "1, " "1, " "1, " "1, " "1, " "1, " "1, " "1, " "1, " "1, " "1, " "1, " "1, " "1, " "1, " "1, " "1, " "1, " "1, " "1, " "1, " "1, " "1, " "1, " "1, " "1, " "1, " "1, " "1, " "1, " "1, " "1, " "1, " "1, " "1, " "1, " "1, " "1, " "1, " "1, " "1, " "1, " "1, " "1, " "1, " "1, " "1, " "1, " "1, " "1, " "1, " "1, " "1, " "1, " "1, " "1, " "1, " "1, " "1, " "1, " "1, " "1, " "1, " "1, " "1, " "1, " "1, " "1, " "1, " "1, " "1, " "1, " "1, " "1, " "1, " "1, " "1, " "1, " "1, " "1, " "1, " "1, " "1, " "1, " "1, " "1, " "1, " "1, " "1, " "1, " "1, " "1, " "1, " "1, " "1, " "1, " "1, " "1, " "1, " "1, " "1, " "1, " "1, " "1, " "1, " "1, " "1, " "1, " "1, " "1, " "1, " "1, " "1, " "1, " "1, " "1, " "1, " "1, " "1, " "1, " "1, " "1, " "1, " "1, " "1, " "1, " "1, " "1, " "1, " "1, " "1, " "1, " "1, " "1, " "1, " "1, " "1, " "1, " "1, " "1, " "1, " "1, " "1, " "1, " "1, " "1, " "1, " "1, " "1, " "1, " "1, " "1, " "1, " "1, " "1, " "1, " "1, " "1, " "1, " "1, " "1, " "1, " "1, " "1, " "1, " "1, " "1, " "1, " "1, " "1, " "1, " "1, " "1, " "1, " "1, " "1, " "1, " "1, " "1, " "1, " "1, " "1, " "1, " "1, " "1, " "1, " "1, " "1, " "1, " "1, " "1, " "1, " "1, " "1, " "1, " "1, " "1, " "1, " "1, " "1, " "1, " "1, " "1, " "1, " "1, " "1, " "1, " "1, " "1, " "1, " "1, " "1, " "1, " "1, " "1, " "1, " "1, " "1, " "1, " "1, " "1, " "1, " "1, " "1, " "1, " "1, " "1, " "1, " "1, " "1, " "1, " "1, " "1, " "1, " "1, " "1, " "1, " "1, " "1, " "1, " "1, " "1, " "1, " "1, " "1, " "1, " "1, " "1, " "1, " "1, " "1, " "1, " "1, " "1, " "1, " "1, " "1, " "1, " "1, " "1, " "1, " "1, " "1, " "1, " "1, " "1, " "1, " "1, " "1, " "1, " "1, " "1, " "1, " "1, " "1, " "1, " "1, " "1, " "1, " "1, " "1, " "1, " "1, " "1, " "1, " "1, " "1, " "1, " "1, " "1, " "1, " "1, " "1, " "1, " "1, " "1, " "1, " "1, " "1, " "1, " "1, " "1, " "1, " "1, " "1, " "1, " "1, " "1, " "1, " "1, " "1, " "1, " "1, " "1, " "1, " "1, " "1, " "1, " "1, " "1, " "1, " "1, " "1, "0
 "Nei108, 0.155, " "0.123, " "1, " "1, " "1, " "1, " "1, " "1, " "1, " "1, " "1, " "1, " "1, " "1, " "1, " "1, " "1, " "1, " "1, " "1, " "1, " "1, " "1, " "1, " "1, " "1, " "1, " "1, " "1, " "1, " "1, " "1, " "1, " "1, " "1, " "1, " "1, " "1, " "1, " "1, " "1, " "1, " "1, " "1, " "1, " "1, " "1, " "1, " "1, " "1, " "1, " "1, " "1, " "1, " "1, " "1, " "1, " "1, " "1, " "1, " "1, " "1, " "1, " "1, " "1, " "1, " "1, " "1, " "1, " "1, " "1, " "1, " "1, " "1, " "1, " "1, " "1, " "1, " "1, " "1, " "1, " "1, " "1, " "1, " "1, " "1, " "1, " "1, " "1, " "1, " "1, " "1, " "1, " "1, " "1, " "1, " "1, " "1, " "1, " "1, " "1, " "1, " "1, " "1, " "1, " "1, " "1, " "1, " "1, " "1, " "0, " "1, " "1, " "1, " "1, " "1, " "1, " "1, " "1, " "1, " "1, " "1, " "1, " "1, " "1, " "1, " "1, " "1, " "1, " "1, " "1, " "1, " "1, " "1, " "1, " "1, " "1, " "1, " "1, " "1, " "1, " "1, " "1, " "1, " "1, " "1, " "1, " "1, " "1, " "1, " "1, " "1, " "1, " "1, " "1, " "1, " "1, " "1, " "1, " "1, " "1, " "1, " "1, " "1, " "1, " "1, " "1, " "1, " "1, " "1, " "1, " "1, " "1, " "1, " "1, " "1, " "1, " "1, " "1, " "1, " "1, " "1, " "1, " "1, " "1, " "1, " "1, " "1, " "1, " "1, " "1, " "1, " "1, " "1, " "1, " "1, " "1, " "1, " "1, " "1, " "1, " "1, " "1, " "1, " "1, " "1, " "1, " "1, " "1, " "1, " "1, " "1, " "1, " "1, " "1, " "1, " "1, " "1, " "1, " "1, " "1, " "1, " "1, " "1, " "1, " "1, " "1, " "1, " "1, " "1, " "1, " "1, " "1, " "1, " "1, " "1, " "1, " "1, " "1, " "1, " "1, " "1, " "1, " "1, " "1, " "1, " "1, " "1, " "1, " "1, " "1, " "1, " "1, " "1, " "1, " "1, " "1, " "1, " "1, " "1, " "1, " "1, " "1, " "1, " "1, " "1, " "1, " "1, " "1, " "1, " "1, " "1, " "1, " "1, " "1, " "1, " "1, " "1, " "1, " "1, " "1, " "1, " "1, " "1, " "1, " "1, " "1, " "1, " "1, " "1, " "1, " "1, " "1, " "1, " "1, " "1, " "1, " "1, " "1, " "1, " "1, " "1, " "1, " "1, " "1, " "1, " "1, " "1, " "1, " "1, " "1, " "1, " "1, " "1, " "1, " "1, " "1, " "1, " "1, " "1, " "1, " "1, " "1, " "1, " "1, " "1, " "1, " "1, " "1, " "1, " "1, " "1, " "1, " "1, " "1, " "1, " "1, " "1, " "1, " "1, " "1, " "1, " "1, " "1, " "1, " "1, " "1, " "1, " "1, " "1, " "1, " "1, " "1, " "1, " "1, " "1, " "1, " "1, " "1, " "1, " "1, " "1, " "1, " "1, " "1, " "1, " "1, " "1, " "1, " "1, " "1, " "1, " "1, " "1, " "1, " "1, " "1, " "1, " "1, " "1, " "1, " "1, " "1, " "1, " "1, " "1, " "1, " "1, " "1, " "1, " "1, " "1, " "1, " "1, " "1, " "1, " "1, " "1, " "1, " "1, " "1, " "1, " "1, " "1, " "1, " "1, " "1, " "1, " "1, " "1, " "1, " "1, " "1, " "1, " "1, " "1, " "1, " "1, " "1, " "1, " "1, " "1, " "1, " "1, " "1, " "1, " "1, " "1, " "1, " "1, " "1, " "1, " "1, " "1, " "1, " "1, " "1, " "1, " "1, " "1, " "1, " "1, " "1, " "1, " "1, " "1, " "1, " "1, " "1, " "1, " "1, " "1, " "1, " "1, " "1, " "1, " "1, " "1, " "1, " "1, " "1, " "1, " "1, " "1, " "1, " "1, " "1, " "1, " "1, " "1, " "1, " "1, " "1, " "1, " "1, " "1, " "1, " "1, " "1, " "1, " "1, " "1, " "1, " "1, " "1, " "1, " "1, " "1, " "1, " "1, " "1, " "1, " "1, " "1, " "1, " "1, " "1, " "1, " "1, " "1, " "1, " "1, " "1, " "1, " "1, " "1, " "1, " "1, " "1, " "1, " "1, " "1, " "1, " "1, " "1, "0
 "Nei109, 0.174, " "-0.919, " "1, " "1, " "1, " "1, " "1, " "1, " "1, " "1, " "1, " "1, " "1, " "1, " "1, " "1, " "1, " "1, " "1, " "1, " "1, " "1, " "1, " "1, " "1, " "1, " "1, " "1, " "1, " "1, " "1, " "1, " "1, " "1, " "1, " "1, " "1, " "1, " "1, " "1, " "1, " "1, " "1, " "1, " "1, " "1, " "1, " "1, " "1, " "1, " "1, " "1, " "1, " "1, " "1, " "1, " "1, " "1, " "1, " "1, " "1, " "1, " "1, " "1, " "1, " "1, " "1, " "1, " "1, " "1, " "1, " "1, " "1, " "1, " "1, " "1, " "1, " "1, " "1, " "1, " "1, " "1, " "1, " "1, " "1, " "1, " "1, " "1, " "1, " "1, " "1, " "1, " "1, " "1, " "1, " "1, " "1, " "1, " "1, " "1, " "1, " "1, " "1, " "1, " "1, " "1, " "1, " "1, " "1, " "1, " "1, " "0, " "1, " "1, " "1, " "1, " "1, " "1, " "1, " "1, " "1, " "1, " "1, " "1, " "1, " "1, " "1, " "1, " "1, " "1, " "1, " "1, " "1, " "1, " "1, " "1, " "1, " "1, " "1, " "1, " "1, " "1, " "1, " "1, " "1, " "1, " "1, " "1, " "1, " "1, " "1, " "1, " "1, " "1, " "1, " "1, " "1, " "1, " "1, " "1, " "1, " "1, " "1, " "1, " "1, " "1, " "1, " "1, " "1, " "1, " "1, " "1, " "1, " "1, " "1, " "1, " "1, " "1, " "1, " "1, " "1, " "1, " "1, " "1, " "1, " "1, " "1, " "1, " "1, " "1, " "1, " "1, " "1, " "1, " "1, " "1, " "1, " "1, " "1, " "1, " "1, " "1, " "1, " "1, " "1, " "1, " "1, " "1, " "1, " "1, " "1, " "1, " "1, " "1, " "1, " "1, " "1, " "1, " "1, " "1, " "1, " "1, " "1, " "1, " "1, " "1, " "1, " "1, " "1, " "1, " "1, " "1, " "1, " "1, " "1, " "1, " "1, " "1, " "1, " "1, " "1, " "1, " "1, " "1, " "1, " "1, " "1, " "1, " "1, " "1, " "1, " "1, " "1, " "1, " "1, " "1, " "1, " "1, " "1, " "1, " "1, " "1, " "1, " "1, " "1, " "1, " "1, " "1, " "1, " "1, " "1, " "1, " "1, " "1, " "1, " "1, " "1, " "1, " "1, " "1, " "1, " "1, " "1, " "1, " "1, " "1, " "1, " "1, " "1, " "1, " "1, " "1, " "1, " "1, " "1, " "1, " "1, " "1, " "1, " "1, " "1, " "1, " "1, " "1, " "1, " "1, " "1, " "1, " "1, " "1, " "1, " "1, " "1, " "1, " "1, " "1, " "1, " "1, " "1, " "1, " "1, " "1, " "1, " "1, " "1, " "1, " "1, " "1, " "1, " "1, " "1, " "1, " "1, " "1, " "1, " "1, " "1, " "1, " "1, " "1, " "1, " "1, " "1, " "1, " "1, " "1, " "1, " "1, " "1, " "1, " "1, " "1, " "1, " "1, " "1, " "1, " "1, " "1, " "1, " "1, " "1, " "1, " "1, " "1, " "1, " "1, " "1, " "1, " "1, " "1, " "1, " "1, " "1, " "1, " "1, " "1, " "1, " "1, " "1, " "1, " "1, " "1, " "1, " "1, " "1, " "1, " "1, " "1, " "1, " "1, " "1, " "1, " "1, " "1, " "1, " "1, " "1, " "1, " "1, " "1, " "1, " "1, " "1, " "1, " "1, " "1, " "1, " "1, " "1, " "1, " "1, " "1, " "1, " "1, " "1, " "1, " "1, " "1, " "1, " "1, " "1, " "1, " "1, " "1, " "1, " "1, " "1, " "1, " "1, " "1, " "1, " "1, " "1, " "1, " "1, " "1, " "1, " "1, " "1, " "1, " "1, " "1, " "1, " "1, " "1, " "1, " "1, " "1, " "1, " "1, " "1, " "1, " "1, " "1, " "1, " "1, " "1, " "1, " "1, " "1, " "1, " "1, " "1, " "1, " "1, " "1, " "1, " "1, " "1, " "1, " "1, " "1, " "1, " "1, " "1, " "1, " "1, " "1, " "1, " "1, " "1, " "1, " "1, " "1, " "1, " "1, " "1, " "1, " "1, " "1, " "1, " "1, " "1, " "1, " "1, " "1, " "1, " "1, " "1, " "1, " "1, " "1, " "1, " "1, " "1, " "1, " "1, " "1, " "1, " "1, " "1, " "1, " "1, " "1, " "1, "0
 "Nei110, 0.191, " "-0.354, " "1, " "1, " "1, " "1, " "1, " "1, " "1, " "1, " "1, " "1, " "1, " "1, " "1, " "1, " "1, " "1, " "1, " "1, " "1, " "1, " "1, " "1, " "1, " "1, " "1, " "1, " "1, " "1, " "1, " "1, " "1, " "1, " "1, " "1, " "1, " "1, " "1, " "1, " "1, " "1, " "1, " "1, " "1, " "1, " "1, " "1, " "1, " "1, " "1, " "1, " "1, " "1, " "1, " "1, " "1, " "1, " "1, " "1, " "1, " "1, " "1, " "1, " "1, " "1, " "1, " "1, " "1, " "1, " "1, " "1, " "1, " "1, " "1, " "1, " "1, " "1, " "1, " "1, " "1, " "1, " "1, " "1, " "1, " "1, " "1, " "1, " "1, " "1, " "1, " "1, " "1, " "1, " "1, " "1, " "1, " "1, " "1, " "1, " "1, " "1, " "1, " "1, " "1, " "1, " "1, " "1, " "1, " "1, " "1, " "1, " "0, " "1, " "1, " "1, " "1, " "1, " "1, " "1, " "1, " "1, " "1, " "1, " "1, " "1, " "1, " "1, " "1, " "1, " "1, " "1, " "1, " "1, " "1, " "1, " "1, " "1, " "1, " "1, " "1, " "1, " "1, " "1, " "1, " "1, " "1, " "1, " "1, " "1, " "1, " "1, " "1, " "1, " "1, " "1, " "1, " "1, " "1, " "1, " "1, " "1, " "1, " "1, " "1, " "1, " "1, " "1, " "1, " "1, " "1, " "1, " "1, " "1, " "1, " "1, " "1, " "1, " "1, " "1, " "1, " "1, " "1, " "1, " "1, " "1, " "1, " "1, " "1, " "1, " "1, " "1, " "1, " "1, " "1, " "1, " "1, " "1, " "1, " "1, " "1, " "1, " "1, " "1, " "1, " "1, " "1, " "1, " "1, " "1, " "1, " "1, " "1, " "1, " "1, " "1, " "1, " "1, " "1, " "1, " "1, " "1, " "1, " "1, " "1, " "1, " "1, " "1, " "1, " "1, " "1, " "1, " "1, " "1, " "1, " "1, " "1, " "1, " "1, " "1, " "1, " "1, " "1, " "1, " "1, " "1, " "1, " "1, " "1, " "1, " "1, " "1, " "1, " "1, " "1, " "1, " "1, " "1, " "1, " "1, " "1, " "1, " "1, " "1, " "1, " "1, " "1, " "1, " "1, " "1, " "1, " "1, " "1, " "1, " "1, " "1, " "1, " "1, " "1, " "1, " "1, " "1, " "1, " "1, " "1, " "1, " "1, " "1, " "1, " "1, " "1, " "1, " "1, " "1, " "1, " "1, " "1, " "1, " "1, " "1, " "1, " "1, " "1, " "1, " "1, " "1, " "1, " "1, " "1, " "1, " "1, " "1, " "1, " "1, " "1, " "1, " "1, " "1, " "1, " "1, " "1, " "1, " "1, " "1, " "1, " "1, " "1, " "1, " "1, " "1, " "1, " "1, " "1, " "1, " "1, " "1, " "1, " "1, " "1, " "1, " "1, " "1, " "1, " "1, " "1, " "1, " "1, " "1, " "1, " "1, " "1, " "1, " "1, " "1, " "1, " "1, " "1, " "1, " "1, " "1, " "1, " "1, " "1, " "1, " "1, " "1, " "1, " "1, " "1, " "1, " "1, " "1, " "1, " "1, " "1, " "1, " "1, " "1, " "1, " "1, " "1, " "1, " "1, " "1, " "1, " "1, " "1, " "1, " "1, " "1, " "1, " "1, " "1, " "1, " "1, " "1, " "1, " "1, " "1, " "1, " "1, " "1, " "1, " "1, " "1, " "1, " "1, " "1, " "1, " "1, " "1, " "1, " "1, " "1, " "1, " "1, " "1, " "1, " "1, " "1, " "1, " "1, " "1, " "1, " "1, " "1, " "1, " "1, " "1, " "1, " "1, " "1, " "1, " "1, " "1, " "1, " "1, " "1, " "1, " "1, " "1, " "1, " "1, " "1, " "1, " "1, " "1, " "1, " "1, " "1, " "1, " "1, " "1, " "1, " "1, " "1, " "1, " "1, " "1, " "1, " "1, " "1, " "1, " "1, " "1, " "1, " "1, " "1, " "1, " "1, " "1, " "1, " "1, " "1, " "1, " "1, " "1, " "1, " "1, " "1, " "1, " "1, " "1, " "1, " "1, " "1, " "1, " "1, " "1, " "1, " "1, " "1, " "1, " "1, " "1, " "1, " "1, " "1, " "1, " "1, " "1, " "1, " "1, " "1, " "1, " "1, " "1, " "1, " "1, " "1, " "1, " "1, " "1, " "1, " "1, "0
 "Nei111, 0.215, " "-0.487, " "1, " "1, " "1, " "1, " "1, " "1, " "1, " "1, " "1, " "1, " "1, " "1, " "1, " "1, " "1, " "1, " "1, " "1, " "1, " "1, " "1, " "1, " "1, " "1, " "1, " "1, " "1, " "1, " "1, " "1, " "1, " "1, " "1, " "1, " "1, " "1, " "1, " "1, " "1, " "1, " "1, " "1, " "1, " "1, " "1, " "1, " "1, " "1, " "1, " "1, " "1, " "1, " "1, " "1, " "1, " "1, " "1, " "1, " "1, " "1, " "1, " "1, " "1, " "1, " "1, " "1, " "1, " "1, " "1, " "1, " "1, " "1, " "1, " "1, " "1, " "1, " "1, " "1, " "1, " "1, " "1, " "1, " "1, " "1, " "1, " "1, " "1, " "1, " "1, " "1, " "1, " "1, " "1, " "1, " "1, " "1, " "1, " "1, " "1, " "1, " "1, " "1, " "1, " "1, " "1, " "1, " "1, " "1, " "1, " "1, " "1, " "0, " "1, " "1, " "1, " "1, " "1, " "1, " "1, " "1, " "1, " "1, " "1, " "1, " "1, " "1, " "1, " "1, " "1, " "1, " "1, " "1, " "1, " "1, " "1, " "1, " "1, " "1, " "1, " "1, " "1, " "1, " "1, " "1, " "1, " "1, " "1, " "1, " "1, " "1, " "1, " "1, " "1, " "1, " "1, " "1, " "1, " "1, " "1, " "1, " "1, " "1, " "1, " "1, " "1, " "1, " "1, " "1, " "1, " "1, " "1, " "1, " "1, " "1, " "1, " "1, " "1, " "1, " "1, " "1, " "1, " "1, " "1, " "1, " "1, " "1, " "1, " "1, " "1, " "1, " "1, " "1, " "1, " "1, " "1, " "1, " "1, " "1, " "1, " "1, " "1, " "1, " "1, " "1, " "1, " "1, " "1, " "1, " "1, " "1, " "1, " "1, " "1, " "1, " "1, " "1, " "1, " "1, " "1, " "1, " "1, " "1, " "1, " "1, " "1, " "1, " "1, " "1, " "1, " "1, " "1, " "1, " "1, " "1, " "1, " "1, " "1, " "1, " "1, " "1, " "1, " "1, " "1, " "1, " "1, " "1, " "1, " "1, " "1, " "1, " "1, " "1, " "1, " "1, " "1, " "1, " "1, " "1, " "1, " "1, " "1, " "1, " "1, " "1, " "1, " "1, " "1, " "1, " "1, " "1, " "1, " "1, " "1, " "1, " "1, " "1, " "1, " "1, " "1, " "1, " "1, " "1, " "1, " "1, " "1, " "1, " "1, " "1, " "1, " "1, " "1, " "1, " "1, " "1, " "1, " "1, " "1, " "1, " "1, " "1, " "1, " "1, " "1, " "1, " "1, " "1, " "1, " "1, " "1, " "1, " "1, " "1, " "1, " "1, " "1, " "1, " "1, " "1, " "1, " "1, " "1, " "1, " "1, " "1, " "1, " "1, " "1, " "1, " "1, " "1, " "1, " "1, " "1, " "1, " "1, " "1, " "1, " "1, " "1, " "1, " "1, " "1, " "1, " "1, " "1, " "1, " "1, " "1, " "1, " "1, " "1, " "1, " "1, " "1, " "1, " "1, " "1, " "1, " "1, " "1, " "1, " "1, " "1, " "1, " "1, " "1, " "1, " "1, " "1, " "1, " "1, " "1, " "1, " "1, " "1, " "1, " "1, " "1, " "1, " "1, " "1, " "1, " "1, " "1, " "1, " "1, " "1, " "1, " "1, " "1, " "1, " "1, " "1, " "1, " "1, " "1, " "1, " "1, " "1, " "1, " "1, " "1, " "1, " "1, " "1, " "1, " "1, " "1, " "1, " "1, " "1, " "1, " "1, " "1, " "1, " "1, " "1, " "1, " "1, " "1, " "1, " "1, " "1, " "1, " "1, " "1, " "1, " "1, " "1, " "1, " "1, " "1, " "1, " "1, " "1, " "1, " "1, " "1, " "1, " "1, " "1, " "1, " "1, " "1, " "1, " "1, " "1, " "1, " "1, " "1, " "1, " "1, " "1, " "1, " "1, " "1, " "1, " "1, " "1, " "1, " "1, " "1, " "1, " "1, " "1, " "1, " "1, " "1, " "1, " "1, " "1, " "1, " "1, " "1, " "1, " "1, " "1, " "1, " "1, " "1, " "1, " "1, " "1, " "1, " "1, " "1, " "1, " "1, " "1, " "1, " "1, " "1, " "1, " "1, " "1, " "1, " "1, " "1, " "1, " "1, " "1, " "1, " "1, " "1, " "1, " "1, " "1, " "1, " "1, " "1, " "1, " "1, " "1, "0
 "Nei112, 0.072, " "0.786, " "1, " "1, " "1, " "1, " "1, " "1, " "1, " "1, " "1, " "1, " "1, " "1, " "1, " "1, " "1, " "1, " "1, " "1, " "1, " "1, " "1, " "1, " "1, " "1, " "1, " "1, " "1, " "1, " "1, " "1, " "1, " "1, " "1, " "1, " "1, " "1, " "1, " "1, " "1, " "1, " "1, " "1, " "1, " "1, " "1, " "1, " "1, " "1, " "1, " "1, " "1, " "1, " "1, " "1, " "1, " "1, " "1, " "1, " "1, " "1, " "1, " "1, " "1, " "1, " "1, " "1, " "1, " "1, " "1, " "1, " "1, " "1, " "1, " "1, " "1, " "1, " "1, " "1, " "1, " "1, " "1, " "1, " "1, " "1, " "1, " "1, " "1, " "1, " "1, " "1, " "1, " "1, " "1, " "1, " "1, " "1, " "1, " "1, " "1, " "1, " "1, " "1, " "1, " "1, " "1, " "1, " "1, " "1, " "1, " "1, " "1, " "1, " "0, " "1, " "1, " "1, " "1, " "1, " "1, " "1, " "1, " "1, " "1, " "1, " "1, " "1, " "1, " "1, " "1, " "1, " "1, " "1, " "1, " "1, " "1, " "1, " "1, " "1, " "1, " "1, " "1, " "1, " "1, " "1, " "1, " "1, " "1, " "1, " "1, " "1, " "1, " "1, " "1, " "1, " "1, " "1, " "1, " "1, " "1, " "1, " "1, " "1, " "1, " "1, " "1, " "1, " "1, " "1, " "1, " "1, " "1, " "1, " "1, " "1, " "1, " "1, " "1, " "1, " "1, " "1, " "1, " "1, " "1, " "1, " "1, " "1, " "1, " "1, " "1, " "1, " "1, " "1, " "1, " "1, " "1, " "1, " "1, " "1, " "1, " "1, " "1, " "1, " "1, " "1, " "1, " "1, " "1, " "1, " "1, " "1, " "1, " "1, " "1, " "1, " "1, " "1, " "1, " "1, " "1, " "1, " "1, " "1, " "1, " "1, " "1, " "1, " "1, " "1, " "1, " "1, " "1, " "1, " "1, " "1, " "1, " "1, " "1, " "1, " "1, " "1, " "1, " "1, " "1, " "1, " "1, " "1, " "1, " "1, " "1, " "1, " "1, " "1, " "1, " "1, " "1, " "1, " "1, " "1, " "1, " "1, " "1, " "1, " "1, " "1, " "1, " "1, " "1, " "1, " "1, " "1, " "1, " "1, " "1, " "1, " "1, " "1, " "1, " "1, " "1, " "1, " "1, " "1, " "1, " "1, " "1, " "1, " "1, " "1, " "1, " "1, " "1, " "1, " "1, " "1, " "1, " "1, " "1, " "1, " "1, " "1, " "1, " "1, " "1, " "1, " "1, " "1, " "1, " "1, " "1, " "1, " "1, " "1, " "1, " "1, " "1, " "1, " "1, " "1, " "1, " "1, " "1, " "1, " "1, " "1, " "1, " "1, " "1, " "1, " "1, " "1, " "1, " "1, " "1, " "1, " "1, " "1, " "1, " "1, " "1, " "1, " "1, " "1, " "1, " "1, " "1, " "1, " "1, " "1, " "1, " "1, " "1, " "1, " "1, " "1, " "1, " "1, " "1, " "1, " "1, " "1, " "1, " "1, " "1, " "1, " "1, " "1, " "1, " "1, " "1, " "1, " "1, " "1, " "1, " "1, " "1, " "1, " "1, " "1, " "1, " "1, " "1, " "1, " "1, " "1, " "1, " "1, " "1, " "1, " "1, " "1, " "1, " "1, " "1, " "1, " "1, " "1, " "1, " "1, " "1, " "1, " "1, " "1, " "1, " "1, " "1, " "1, " "1, " "1, " "1, " "1, " "1, " "1, " "1, " "1, " "1, " "1, " "1, " "1, " "1, " "1, " "1, " "1, " "1, " "1, " "1, " "1, " "1, " "1, " "1, " "1, " "1, " "1, " "1, " "1, " "1, " "1, " "1, " "1, " "1, " "1, " "1, " "1, " "1, " "1, " "1, " "1, " "1, " "1, " "1, " "1, " "1, " "1, " "1, " "1, " "1, " "1, " "1, " "1, " "1, " "1, " "1, " "1, " "1, " "1, " "1, " "1, " "1, " "1, " "1, " "1, " "1, " "1, " "1, " "1, " "1, " "1, " "1, " "1, " "1, " "1, " "1, " "1, " "1, " "1, " "1, " "1, " "1, " "1, " "1, " "1, " "1, " "1, " "1, " "1, " "1, " "1, " "1, " "1, " "1, " "1, " "1, " "1, " "1, " "1, " "1, " "1, " "1, " "1, " "1, " "1, " "1, " "1, " "1, "0
 "Nei113, 0.004, " "-0.967, " "1, " "1, " "1, " "1, " "1, " "1, " "1, " "1, " "1, " "1, " "1, " "1, " "1, " "1, " "1, " "1, " "1, " "1, " "1, " "1, " "1, " "1, " "1, " "1, " "1, " "1, " "1, " "1, " "1, " "1, " "1, " "1, " "1, " "1, " "1, " "1, " "1, " "1, " "1, " "1, " "1, " "1, " "1, " "1, " "1, " "1, " "1, " "1, " "1, " "1, " "1, " "1, " "1, " "1, " "1, " "1, " "1, " "1, " "1, " "1, " "1, " "1, " "1, " "1, " "1, " "1, " "1, " "1, " "1, " "1, " "1, " "1, " "1, " "1, " "1, " "1, " "1, " "1, " "1, " "1, " "1, " "1, " "1, " "1, " "1, " "1, " "1, " "1, " "1, " "1, " "1, " "1, " "1, " "1, " "1, " "1, " "1, " "1, " "1, " "1, " "1, " "1, " "1, " "1, " "1, " "1, " "1, " "1, " "1, " "1, " "1, " "1, " "1, " "0, " "1, " "1, " "1, " "1, " "1, " "1, " "1, " "1, " "1, " "1, " "1, " "1, " "1, " "1, " "1, " "1, " "1, " "1, " "1, " "1, " "1, " "1, " "1, " "1, " "1, " "1, " "1, " "1, " "1, " "1, " "1, " "1, " "1, " "1, " "1, " "1, " "1, " "1, " "1, " "1, " "1, " "1, " "1, " "1, " "1, " "1, " "1, " "1, " "1, " "1, " "1, " "1, " "1, " "1, " "1, " "1, " "1, " "1, " "1, " "1, " "1, " "1, " "1, " "1, " "1, " "1, " "1, " "1, " "1, " "1, " "1, " "1, " "1, " "1, " "1, " "1, " "1, " "1, " "1, " "1, " "1, " "1, " "1, " "1, " "1, " "1, " "1, " "1, " "1, " "1, " "1, " "1, " "1, " "1, " "1, " "1, " "1, " "1, " "1, " "1, " "1, " "1, " "1, " "1, " "1, " "1, " "1, " "1, " "1, " "1, " "1, " "1, " "1, " "1, " "1, " "1, " "1, " "1, " "1, " "1, " "1, " "1, " "1, " "1, " "1, " "1, " "1, " "1, " "1, " "1, " "1, " "1, " "1, " "1, " "1, " "1, " "1, " "1, " "1, " "1, " "1, " "1, " "1, " "1, " "1, " "1, " "1, " "1, " "1, " "1, " "1, " "1, " "1, " "1, " "1, " "1, " "1, " "1, " "1, " "1, " "1, " "1, " "1, " "1, " "1, " "1, " "1, " "1, " "1, " "1, " "1, " "1, " "1, " "1, " "1, " "1, " "1, " "1, " "1, " "1, " "1, " "1, " "1, " "1, " "1, " "1, " "1, " "1, " "1, " "1, " "1, " "1, " "1, " "1, " "1, " "1, " "1, " "1, " "1, " "1, " "1, " "1, " "1, " "1, " "1, " "1, " "1, " "1, " "1, " "1, " "1, " "1, " "1, " "1, " "1, " "1, " "1, " "1, " "1, " "1, " "1, " "1, " "1, " "1, " "1, " "1, " "1, " "1, " "1, " "1, " "1, " "1, " "1, " "1, " "1, " "1, " "1, " "1, " "1, " "1, " "1, " "1, " "1, " "1, " "1, " "1, " "1, " "1, " "1, " "1, " "1, " "1, " "1, " "1, " "1, " "1, " "1, " "1, " "1, " "1, " "1, " "1, " "1, " "1, " "1, " "1, " "1, " "1, " "1, " "1, " "1, " "1, " "1, " "1, " "1, " "1, " "1, " "1, " "1, " "1, " "1, " "1, " "1, " "1, " "1, " "1, " "1, " "1, " "1, " "1, " "1, " "1, " "1, " "1, " "1, " "1, " "1, " "1, " "1, " "1, " "1, " "1, " "1, " "1, " "1, " "1, " "1, " "1, " "1, " "1, " "1, " "1, " "1, " "1, " "1, " "1, " "1, " "1, " "1, " "1, " "1, " "1, " "1, " "1, " "1, " "1, " "1, " "1, " "1, " "1, " "1, " "1, " "1, " "1, " "1, " "1, " "1, " "1, " "1, " "1, " "1, " "1, " "1, " "1, " "1, " "1, " "1, " "1, " "1, " "1, " "1, " "1, " "1, " "1, " "1, " "1, " "1, " "1, " "1, " "1, " "1, " "1, " "1, " "1, " "1, " "1, " "1, " "1, " "1, " "1, " "1, " "1, " "1, " "1, " "1, " "1, " "1, " "1, " "1, " "1, " "1, " "1, " "1, " "1, " "1, " "1, " "1, " "1, " "1, " "1, " "1, " "1, " "1, " "1, " "1, " "1, " "1, " "1, " "1, "0
 "Nei114, 0.058, " "-0.04, " "1, " "1, " "1, " "1, " "1, " "1, " "1, " "1, " "1, " "1, " "1, " "1, " "1, " "1, " "1, " "1, " "1, " "1, " "1, " "1, " "1, " "1, " "1, " "1, " "1, " "1, " "1, " "1, " "1, " "1, " "1, " "1, " "1, " "1, " "1, " "1, " "1, " "1, " "1, " "1, " "1, " "1, " "1, " "1, " "1, " "1, " "1, " "1, " "1, " "1, " "1, " "1, " "1, " "1, " "1, " "1, " "1, " "1, " "1, " "1, " "1, " "1, " "1, " "1, " "1, " "1, " "1, " "1, " "1, " "1, " "1, " "1, " "1, " "1, " "1, " "1, " "1, " "1, " "1, " "1, " "1, " "1, " "1, " "1, " "1, " "1, " "1, " "1, " "1, " "1, " "1, " "1, " "1, " "1, " "1, " "1, " "1, " "1, " "1, " "1, " "1, " "1, " "1, " "1, " "1, " "1, " "1, " "1, " "1, " "1, " "1, " "1, " "1, " "1, " "0, " "1, " "1, " "1, " "1, " "1, " "1, " "1, " "1, " "1, " "1, " "1, " "1, " "1, " "1, " "1, " "1, " "1, " "1, " "1, " "1, " "1, " "1, " "1, " "1, " "1, " "1, " "1, " "1, " "1, " "1, " "1, " "1, " "1, " "1, " "1, " "1, " "1, " "1, " "1, " "1, " "1, " "1, " "1, " "1, " "1, " "1, " "1, " "1, " "1, " "1, " "1, " "1, " "1, " "1, " "1, " "1, " "1, " "1, " "1, " "1, " "1, " "1, " "1, " "1, " "1, " "1, " "1, " "1, " "1, " "1, " "1, " "1, " "1, " "1, " "1, " "1, " "1, " "1, " "1, " "1, " "1, " "1, " "1, " "1, " "1, " "1, " "1, " "1, " "1, " "1, " "1, " "1, " "1, " "1, " "1, " "1, " "1, " "1, " "1, " "1, " "1, " "1, " "1, " "1, " "1, " "1, " "1, " "1, " "1, " "1, " "1, " "1, " "1, " "1, " "1, " "1, " "1, " "1, " "1, " "1, " "1, " "1, " "1, " "1, " "1, " "1, " "1, " "1, " "1, " "1, " "1, " "1, " "1, " "1, " "1, " "1, " "1, " "1, " "1, " "1, " "1, " "1, " "1, " "1, " "1, " "1, " "1, " "1, " "1, " "1, " "1, " "1, " "1, " "1, " "1, " "1, " "1, " "1, " "1, " "1, " "1, " "1, " "1, " "1, " "1, " "1, " "1, " "1, " "1, " "1, " "1, " "1, " "1, " "1, " "1, " "1, " "1, " "1, " "1, " "1, " "1, " "1, " "1, " "1, " "1, " "1, " "1, " "1, " "1, " "1, " "1, " "1, " "1, " "1, " "1, " "1, " "1, " "1, " "1, " "1, " "1, " "1, " "1, " "1, " "1, " "1, " "1, " "1, " "1, " "1, " "1, " "1, " "1, " "1, " "1, " "1, " "1, " "1, " "1, " "1, " "1, " "1, " "1, " "1, " "1, " "1, " "1, " "1, " "1, " "1, " "1, " "1, " "1, " "1, " "1, " "1, " "1, " "1, " "1, " "1, " "1, " "1, " "1, " "1, " "1, " "1, " "1, " "1, " "1, " "1, " "1, " "1, " "1, " "1, " "1, " "1, " "1, " "1, " "1, " "1, " "1, " "1, " "1, " "1, " "1, " "1, " "1, " "1, " "1, " "1, " "1, " "1, " "1, " "1, " "1, " "1, " "1, " "1, " "1, " "1, " "1, " "1, " "1, " "1, " "1, " "1, " "1, " "1, " "1, " "1, " "1, " "1, " "1, " "1, " "1, " "1, " "1, " "1, " "1, " "1, " "1, " "1, " "1, " "1, " "1, " "1, " "1, " "1, " "1, " "1, " "1, " "1, " "1, " "1, " "1, " "1, " "1, " "1, " "1, " "1, " "1, " "1, " "1, " "1, " "1, " "1, " "1, " "1, " "1, " "1, " "1, " "1, " "1, " "1, " "1, " "1, " "1, " "1, " "1, " "1, " "1, " "1, " "1, " "1, " "1, " "1, " "1, " "1, " "1, " "1, " "1, " "1, " "1, " "1, " "1, " "1, " "1, " "1, " "1, " "1, " "1, " "1, " "1, " "1, " "1, " "1, " "1, " "1, " "1, " "1, " "1, " "1, " "1, " "1, " "1, " "1, " "1, " "1, " "1, " "1, " "1, " "1, " "1, " "1, " "1, " "1, " "1, " "1, " "1, " "1, " "1, " "1, " "1, " "1, " "1, " "1, " "1, " "1, "0
 "Nei115, 0.314, " "0.605, " "1, " "1, " "1, " "1, " "1, " "1, " "1, " "1, " "1, " "1, " "1, " "1, " "1, " "1, " "1, " "1, " "1, " "1, " "1, " "1, " "1, " "1, " "1, " "1, " "1, " "1, " "1, " "1, " "1, " "1, " "1, " "1, " "1, " "1, " "1, " "1, " "1, " "1, " "1, " "1, " "1, " "1, " "1, " "1, " "1, " "1, " "1, " "1, " "1, " "1, " "1, " "1, " "1, " "1, " "1, " "1, " "1, " "1, " "1, " "1, " "1, " "1, " "1, " "1, " "1, " "1, " "1, " "1, " "1, " "1, " "1, " "1, " "1, " "1, " "1, " "1, " "1, " "1, " "1, " "1, " "1, " "1, " "1, " "1, " "1, " "1, " "1, " "1, " "1, " "1, " "1, " "1, " "1, " "1, " "1, " "1, " "1, " "1, " "1, " "1, " "1, " "1, " "1, " "1, " "1, " "1, " "1, " "1, " "1, " "1, " "1, " "1, " "1, " "1, " "1, " "0, " "1, " "1, " "1, " "1, " "1, " "1, " "1, " "1, " "1, " "1, " "1, " "1, " "1, " "1, " "1, " "1, " "1, " "1, " "1, " "1, " "1, " "1, " "1, " "1, " "1, " "1, " "1, " "1, " "1, " "1, " "1, " "1, " "1, " "1, " "1, " "1, " "1, " "1, " "1, " "1, " "1, " "1, " "1, " "1, " "1, " "1, " "1, " "1, " "1, " "1, " "1, " "1, " "1, " "1, " "1, " "1, " "1, " "1, " "1, " "1, " "1, " "1, " "1, " "1, " "1, " "1, " "1, " "1, " "1, " "1, " "1, " "1, " "1, " "1, " "1, " "1, " "1, " "1, " "1, " "1, " "1, " "1, " "1, " "1, " "1, " "1, " "1, " "1, " "1, " "1, " "1, " "1, " "1, " "1, " "1, " "1, " "1, " "1, " "1, " "1, " "1, " "1, " "1, " "1, " "1, " "1, " "1, " "1, " "1, " "1, " "1, " "1, " "1, " "1, " "1, " "1, " "1, " "1, " "1, " "1, " "1, " "1, " "1, " "1, " "1, " "1, " "1, " "1, " "1, " "1, " "1, " "1, " "1, " "1, " "1, " "1, " "1, " "1, " "1, " "1, " "1, " "1, " "1, " "1, " "1, " "1, " "1, " "1, " "1, " "1, " "1, " "1, " "1, " "1, " "1, " "1, " "1, " "1, " "1, " "1, " "1, " "1, " "1, " "1, " "1, " "1, " "1, " "1, " "1, " "1, " "1, " "1, " "1, " "1, " "1, " "1, " "1, " "1, " "1, " "1, " "1, " "1, " "1, " "1, " "1, " "1, " "1, " "1, " "1, " "1, " "1, " "1, " "1, " "1, " "1, " "1, " "1, " "1, " "1, " "1, " "1, " "1, " "1, " "1, " "1, " "1, " "1, " "1, " "1, " "1, " "1, " "1, " "1, " "1, " "1, " "1, " "1, " "1, " "1, " "1, " "1, " "1, " "1, " "1, " "1, " "1, " "1, " "1, " "1, " "1, " "1, " "1, " "1, " "1, " "1, " "1, " "1, " "1, " "1, " "1, " "1, " "1, " "1, " "1, " "1, " "1, " "1, " "1, " "1, " "1, " "1, " "1, " "1, " "1, " "1, " "1, " "1, " "1, " "1, " "1, " "1, " "1, " "1, " "1, " "1, " "1, " "1, " "1, " "1, " "1, " "1, " "1, " "1, " "1, " "1, " "1, " "1, " "1, " "1, " "1, " "1, " "1, " "1, " "1, " "1, " "1, " "1, " "1, " "1, " "1, " "1, " "1, " "1, " "1, " "1, " "1, " "1, " "1, " "1, " "1, " "1, " "1, " "1, " "1, " "1, " "1, " "1, " "1, " "1, " "1, " "1, " "1, " "1, " "1, " "1, " "1, " "1, " "1, " "1, " "1, " "1, " "1, " "1, " "1, " "1, " "1, " "1, " "1, " "1, " "1, " "1, " "1, " "1, " "1, " "1, " "1, " "1, " "1, " "1, " "1, " "1, " "1, " "1, " "1, " "1, " "1, " "1, " "1, " "1, " "1, " "1, " "1, " "1, " "1, " "1, " "1, " "1, " "1, " "1, " "1, " "1, " "1, " "1, " "1, " "1, " "1, " "1, " "1, " "1, " "1, " "1, " "1, " "1, " "1, " "1, " "1, " "1, " "1, " "1, " "1, " "1, " "1, " "1, " "1, " "1, " "1, " "1, " "1, " "1, " "1, " "1, " "1, " "1, " "1, " "1, " "1, " "1, "0
 "Nei116, 0.281, " "0.479, " "1, " "1, " "1, " "1, " "1, " "1, " "1, " "1, " "1, " "1, " "1, " "1, " "1, " "1, " "1, " "1, " "1, " "1, " "1, " "1, " "1, " "1, " "1, " "1, " "1, " "1, " "1, " "1, " "1, " "1, " "1, " "1, " "1, " "1, " "1, " "1, " "1, " "1, " "1, " "1, " "1, " "1, " "1, " "1, " "1, " "1, " "1, " "1, " "1, " "1, " "1, " "1, " "1, " "1, " "1, " "1, " "1, " "1, " "1, " "1, " "1, " "1, " "1, " "1, " "1, " "1, " "1, " "1, " "1, " "1, " "1, " "1, " "1, " "1, " "1, " "1, " "1, " "1, " "1, " "1, " "1, " "1, " "1, " "1, " "1, " "1, " "1, " "1, " "1, " "1, " "1, " "1, " "1, " "1, " "1, " "1, " "1, " "1, " "1, " "1, " "1, " "1, " "1, " "1, " "1, " "1, " "1, " "1, " "1, " "1, " "1, " "1, " "1, " "1, " "1, " "1, " "0, " "1, " "1, " "1, " "1, " "1, " "1, " "1, " "1, " "1, " "1, " "1, " "1, " "1, " "1, " "1, " "1, " "1, " "1, " "1, " "1, " "1, " "1, " "1, " "1, " "1, " "1, " "1, " "1, " "1, " "1, " "1, " "1, " "1, " "1, " "1, " "1, " "1, " "1, " "1, " "1, " "1, " "1, " "1, " "1, " "1, " "1, " "1, " "1, " "1, " "1, " "1, " "1, " "1, " "1, " "1, " "1, " "1, " "1, " "1, " "1, " "1, " "1, " "1, " "1, " "1, " "1, " "1, " "1, " "1, " "1, " "1, " "1, " "1, " "1, " "1, " "1, " "1, " "1, " "1, " "1, " "1, " "1, " "1, " "1, " "1, " "1, " "1, " "1, " "1, " "1, " "1, " "1, " "1, " "1, " "1, " "1, " "1, " "1, " "1, " "1, " "1, " "1, " "1, " "1, " "1, " "1, " "1, " "1, " "1, " "1, " "1, " "1, " "1, " "1, " "1, " "1, " "1, " "1, " "1, " "1, " "1, " "1, " "1, " "1, " "1, " "1, " "1, " "1, " "1, " "1, " "1, " "1, " "1, " "1, " "1, " "1, " "1, " "1, " "1, " "1, " "1, " "1, " "1, " "1, " "1, " "1, " "1, " "1, " "1, " "1, " "1, " "1, " "1, " "1, " "1, " "1, " "1, " "1, " "1, " "1, " "1, " "1, " "1, " "1, " "1, " "1, " "1, " "1, " "1, " "1, " "1, " "1, " "1, " "1, " "1, " "1, " "1, " "1, " "1, " "1, " "1, " "1, " "1, " "1, " "1, " "1, " "1, " "1, " "1, " "1, " "1, " "1, " "1, " "1, " "1, " "1, " "1, " "1, " "1, " "1, " "1, " "1, " "1, " "1, " "1, " "1, " "1, " "1, " "1, " "1, " "1, " "1, " "1, " "1, " "1, " "1, " "1, " "1, " "1, " "1, " "1, " "1, " "1, " "1, " "1, " "1, " "1, " "1, " "1, " "1, " "1, " "1, " "1, " "1, " "1, " "1, " "1, " "1, " "1, " "1, " "1, " "1, " "1, " "1, " "1, " "1, " "1, " "1, " "1, " "1, " "1, " "1, " "1, " "1, " "1, " "1, " "1, " "1, " "1, " "1, " "1, " "1, " "1, " "1, " "1, " "1, " "1, " "1, " "1, " "1, " "1, " "1, " "1, " "1, " "1, " "1, " "1, " "1, " "1, " "1, " "1, " "1, " "1, " "1, " "1, " "1, " "1, " "1, " "1, " "1, " "1, " "1, " "1, " "1, " "1, " "1, " "1, " "1, " "1, " "1, " "1, " "1, " "1, " "1, " "1, " "1, " "1, " "1, " "1, " "1, " "1, " "1, " "1, " "1, " "1, " "1, " "1, " "1, " "1, " "1, " "1, " "1, " "1, " "1, " "1, " "1, " "1, " "1, " "1, " "1, " "1, " "1, " "1, " "1, " "1, " "1, " "1, " "1, " "1, " "1, " "1, " "1, " "1, " "1, " "1, " "1, " "1, " "1, " "1, " "1, " "1, " "1, " "1, " "1, " "1, " "1, " "1, " "1, " "1, " "1, " "1, " "1, " "1, " "1, " "1, " "1, " "1, " "1, " "1, " "1, " "1, " "1, " "1, " "1, " "1, " "1, " "1, " "1, " "1, " "1, " "1, " "1, " "1, " "1, " "1, " "1, " "1, " "1, " "1, " "1, " "1, " "1, " "1, " "1, " "1, " "1, "0
 "Nei117, 0.269, " "-0.759, " "1, " "1, " "1, " "1, " "1, " "1, " "1, " "1, " "1, " "1, " "1, " "1, " "1, " "1, " "1, " "1, " "1, " "1, " "1, " "1, " "1, " "1, " "1, " "1, " "1, " "1, " "1, " "1, " "1, " "1, " "1, " "1, " "1, " "1, " "1, " "1, " "1, " "1, " "1, " "1, " "1, " "1, " "1, " "1, " "1, " "1, " "1, " "1, " "1, " "1, " "1, " "1, " "1, " "1, " "1, " "1, " "1, " "1, " "1, " "1, " "1, " "1, " "1, " "1, " "1, " "1, " "1, " "1, " "1, " "1, " "1, " "1, " "1, " "1, " "1, " "1, " "1, " "1, " "1, " "1, " "1, " "1, " "1, " "1, " "1, " "1, " "1, " "1, " "1, " "1, " "1, " "1, " "1, " "1, " "1, " "1, " "1, " "1, " "1, " "1, " "1, " "1, " "1, " "1, " "1, " "1, " "1, " "1, " "1, " "1, " "1, " "1, " "1, " "1, " "1, " "1, " "1, " "0, " "1, " "1, " "1, " "1, " "1, " "1, " "1, " "1, " "1, " "1, " "1, " "1, " "1, " "1, " "1, " "1, " "1, " "1, " "1, " "1, " "1, " "1, " "1, " "1, " "1, " "1, " "1, " "1, " "1, " "1, " "1, " "1, " "1, " "1, " "1, " "1, " "1, " "1, " "1, " "1, " "1, " "1, " "1, " "1, " "1, " "1, " "1, " "1, " "1, " "1, " "1, " "1, " "1, " "1, " "1, " "1, " "1, " "1, " "1, " "1, " "1, " "1, " "1, " "1, " "1, " "1, " "1, " "1, " "1, " "1, " "1, " "1, " "1, " "1, " "1, " "1, " "1, " "1, " "1, " "1, " "1, " "1, " "1, " "1, " "1, " "1, " "1, " "1, " "1, " "1, " "1, " "1, " "1, " "1, " "1, " "1, " "1, " "1, " "1, " "1, " "1, " "1, " "1, " "1, " "1, " "1, " "1, " "1, " "1, " "1, " "1, " "1, " "1, " "1, " "1, " "1, " "1, " "1, " "1, " "1, " "1, " "1, " "1, " "1, " "1, " "1, " "1, " "1, " "1, " "1, " "1, " "1, " "1, " "1, " "1, " "1, " "1, " "1, " "1, " "1, " "1, " "1, " "1, " "1, " "1, " "1, " "1, " "1, " "1, " "1, " "1, " "1, " "1, " "1, " "1, " "1, " "1, " "1, " "1, " "1, " "1, " "1, " "1, " "1, " "1, " "1, " "1, " "1, " "1, " "1, " "1, " "1, " "1, " "1, " "1, " "1, " "1, " "1, " "1, " "1, " "1, " "1, " "1, " "1, " "1, " "1, " "1, " "1, " "1, " "1, " "1, " "1, " "1, " "1, " "1, " "1, " "1, " "1, " "1, " "1, " "1, " "1, " "1, " "1, " "1, " "1, " "1, " "1, " "1, " "1, " "1, " "1, " "1, " "1, " "1, " "1, " "1, " "1, " "1, " "1, " "1, " "1, " "1, " "1, " "1, " "1, " "1, " "1, " "1, " "1, " "1, " "1, " "1, " "1, " "1, " "1, " "1, " "1, " "1, " "1, " "1, " "1, " "1, " "1, " "1, " "1, " "1, " "1, " "1, " "1, " "1, " "1, " "1, " "1, " "1, " "1, " "1, " "1, " "1, " "1, " "1, " "1, " "1, " "1, " "1, " "1, " "1, " "1, " "1, " "1, " "1, " "1, " "1, " "1, " "1, " "1, " "1, " "1, " "1, " "1, " "1, " "1, " "1, " "1, " "1, " "1, " "1, " "1, " "1, " "1, " "1, " "1, " "1, " "1, " "1, " "1, " "1, " "1, " "1, " "1, " "1, " "1, " "1, " "1, " "1, " "1, " "1, " "1, " "1, " "1, " "1, " "1, " "1, " "1, " "1, " "1, " "1, " "1, " "1, " "1, " "1, " "1, " "1, " "1, " "1, " "1, " "1, " "1, " "1, " "1, " "1, " "1, " "1, " "1, " "1, " "1, " "1, " "1, " "1, " "1, " "1, " "1, " "1, " "1, " "1, " "1, " "1, " "1, " "1, " "1, " "1, " "1, " "1, " "1, " "1, " "1, " "1, " "1, " "1, " "1, " "1, " "1, " "1, " "1, " "1, " "1, " "1, " "1, " "1, " "1, " "1, " "1, " "1, " "1, " "1, " "1, " "1, " "1, " "1, " "1, " "1, " "1, " "1, " "1, " "1, " "1, " "1, " "1, " "1, " "1, " "1, " "1, " "1, " "1, " "1, "0
 "Nei118, 0.339, " "-0.36, " "1, " "1, " "1, " "1, " "1, " "1, " "1, " "1, " "1, " "1, " "1, " "1, " "1, " "1, " "1, " "1, " "1, " "1, " "1, " "1, " "1, " "1, " "1, " "1, " "1, " "1, " "1, " "1, " "1, " "1, " "1, " "1, " "1, " "1, " "1, " "1, " "1, " "1, " "1, " "1, " "1, " "1, " "1, " "1, " "1, " "1, " "1, " "1, " "1, " "1, " "1, " "1, " "1, " "1, " "1, " "1, " "1, " "1, " "1, " "1, " "1, " "1, " "1, " "1, " "1, " "1, " "1, " "1, " "1, " "1, " "1, " "1, " "1, " "1, " "1, " "1, " "1, " "1, " "1, " "1, " "1, " "1, " "1, " "1, " "1, " "1, " "1, " "1, " "1, " "1, " "1, " "1, " "1, " "1, " "1, " "1, " "1, " "1, " "1, " "1, " "1, " "1, " "1, " "1, " "1, " "1, " "1, " "1, " "1, " "1, " "1, " "1, " "1, " "1, " "1, " "1, " "1, " "1, " "0, " "1, " "1, " "1, " "1, " "1, " "1, " "1, " "1, " "1, " "1, " "1, " "1, " "1, " "1, " "1, " "1, " "1, " "1, " "1, " "1, " "1, " "1, " "1, " "1, " "1, " "1, " "1, " "1, " "1, " "1, " "1, " "1, " "1, " "1, " "1, " "1, " "1, " "1, " "1, " "1, " "1, " "1, " "1, " "1, " "1, " "1, " "1, " "1, " "1, " "1, " "1, " "1, " "1, " "1, " "1, " "1, " "1, " "1, " "1, " "1, " "1, " "1, " "1, " "1, " "1, " "1, " "1, " "1, " "1, " "1, " "1, " "1, " "1, " "1, " "1, " "1, " "1, " "1, " "1, " "1, " "1, " "1, " "1, " "1, " "1, " "1, " "1, " "1, " "1, " "1, " "1, " "1, " "1, " "1, " "1, " "1, " "1, " "1, " "1, " "1, " "1, " "1, " "1, " "1, " "1, " "1, " "1, " "1, " "1, " "1, " "1, " "1, " "1, " "1, " "1, " "1, " "1, " "1, " "1, " "1, " "1, " "1, " "1, " "1, " "1, " "1, " "1, " "1, " "1, " "1, " "1, " "1, " "1, " "1, " "1, " "1, " "1, " "1, " "1, " "1, " "1, " "1, " "1, " "1, " "1, " "1, " "1, " "1, " "1, " "1, " "1, " "1, " "1, " "1, " "1, " "1, " "1, " "1, " "1, " "1, " "1, " "1, " "1, " "1, " "1, " "1, " "1, " "1, " "1, " "1, " "1, " "1, " "1, " "1, " "1, " "1, " "1, " "1, " "1, " "1, " "1, " "1, " "1, " "1, " "1, " "1, " "1, " "1, " "1, " "1, " "1, " "1, " "1, " "1, " "1, " "1, " "1, " "1, " "1, " "1, " "1, " "1, " "1, " "1, " "1, " "1, " "1, " "1, " "1, " "1, " "1, " "1, " "1, " "1, " "1, " "1, " "1, " "1, " "1, " "1, " "1, " "1, " "1, " "1, " "1, " "1, " "1, " "1, " "1, " "1, " "1, " "1, " "1, " "1, " "1, " "1, " "1, " "1, " "1, " "1, " "1, " "1, " "1, " "1, " "1, " "1, " "1, " "1, " "1, " "1, " "1, " "1, " "1, " "1, " "1, " "1, " "1, " "1, " "1, " "1, " "1, " "1, " "1, " "1, " "1, " "1, " "1, " "1, " "1, " "1, " "1, " "1, " "1, " "1, " "1, " "1, " "1, " "1, " "1, " "1, " "1, " "1, " "1, " "1, " "1, " "1, " "1, " "1, " "1, " "1, " "1, " "1, " "1, " "1, " "1, " "1, " "1, " "1, " "1, " "1, " "1, " "1, " "1, " "1, " "1, " "1, " "1, " "1, " "1, " "1, " "1, " "1, " "1, " "1, " "1, " "1, " "1, " "1, " "1, " "1, " "1, " "1, " "1, " "1, " "1, " "1, " "1, " "1, " "1, " "1, " "1, " "1, " "1, " "1, " "1, " "1, " "1, " "1, " "1, " "1, " "1, " "1, " "1, " "1, " "1, " "1, " "1, " "1, " "1, " "1, " "1, " "1, " "1, " "1, " "1, " "1, " "1, " "1, " "1, " "1, " "1, " "1, " "1, " "1, " "1, " "1, " "1, " "1, " "1, " "1, " "1, " "1, " "1, " "1, " "1, " "1, " "1, " "1, " "1, " "1, " "1, " "1, " "1, " "1, " "1, " "1, " "1, " "1, " "1, " "1, " "1, " "1, " "1, " "1, "0
 "Nei119, 0.07, " "0.474, " "1, " "1, " "1, " "1, " "1, " "1, " "1, " "1, " "1, " "1, " "1, " "1, " "1, " "1, " "1, " "1, " "1, " "1, " "1, " "1, " "1, " "1, " "1, " "1, " "1, " "1, " "1, " "1, " "1, " "1, " "1, " "1, " "1, " "1, " "1, " "1, " "1, " "1, " "1, " "1, " "1, " "1, " "1, " "1, " "1, " "1, " "1, " "1, " "1, " "1, " "1, " "1, " "1, " "1, " "1, " "1, " "1, " "1, " "1, " "1, " "1, " "1, " "1, " "1, " "1, " "1, " "1, " "1, " "1, " "1, " "1, " "1, " "1, " "1, " "1, " "1, " "1, " "1, " "1, " "1, " "1, " "1, " "1, " "1, " "1, " "1, " "1, " "1, " "1, " "1, " "1, " "1, " "1, " "1, " "1, " "1, " "1, " "1, " "1, " "1, " "1, " "1, " "1, " "1, " "1, " "1, " "1, " "1, " "1, " "1, " "1, " "1, " "1, " "1, " "1, " "1, " "1, " "1, " "1, " "0, " "1, " "1, " "1, " "1, " "1, " "1, " "1, " "1, " "1, " "1, " "1, " "1, " "1, " "1, " "1, " "1, " "1, " "1, " "1, " "1, " "1, " "1, " "1, " "1, " "1, " "1, " "1, " "1, " "1, " "1, " "1, " "1, " "1, " "1, " "1, " "1, " "1, " "1, " "1, " "1, " "1, " "1, " "1, " "1, " "1, " "1, " "1, " "1, " "1, " "1, " "1, " "1, " "1, " "1, " "1, " "1, " "1, " "1, " "1, " "1, " "1, " "1, " "1, " "1, " "1, " "1, " "1, " "1, " "1, " "1, " "1, " "1, " "1, " "1, " "1, " "1, " "1, " "1, " "1, " "1, " "1, " "1, " "1, " "1, " "1, " "1, " "1, " "1, " "1, " "1, " "1, " "1, " "1, " "1, " "1, " "1, " "1, " "1, " "1, " "1, " "1, " "1, " "1, " "1, " "1, " "1, " "1, " "1, " "1, " "1, " "1, " "1, " "1, " "1, " "1, " "1, " "1, " "1, " "1, " "1, " "1, " "1, " "1, " "1, " "1, " "1, " "1, " "1, " "1, " "1, " "1, " "1, " "1, " "1, " "1, " "1, " "1, " "1, " "1, " "1, " "1, " "1, " "1, " "1, " "1, " "1, " "1, " "1, " "1, " "1, " "1, " "1, " "1, " "1, " "1, " "1, " "1, " "1, " "1, " "1, " "1, " "1, " "1, " "1, " "1, " "1, " "1, " "1, " "1, " "1, " "1, " "1, " "1, " "1, " "1, " "1, " "1, " "1, " "1, " "1, " "1, " "1, " "1, " "1, " "1, " "1, " "1, " "1, " "1, " "1, " "1, " "1, " "1, " "1, " "1, " "1, " "1, " "1, " "1, " "1, " "1, " "1, " "1, " "1, " "1, " "1, " "1, " "1, " "1, " "1, " "1, " "1, " "1, " "1, " "1, " "1, " "1, " "1, " "1, " "1, " "1, " "1, " "1, " "1, " "1, " "1, " "1, " "1, " "1, " "1, " "1, " "1, " "1, " "1, " "1, " "1, " "1, " "1, " "1, " "1, " "1, " "1, " "1, " "1, " "1, " "1, " "1, " "1, " "1, " "1, " "1, " "1, " "1, " "1, " "1, " "1, " "1, " "1, " "1, " "1, " "1, " "1, " "1, " "1, " "1, " "1, " "1, " "1, " "1, " "1, " "1, " "1, " "1, " "1, " "1, " "1, " "1, " "1, " "1, " "1, " "1, " "1, " "1, " "1, " "1, " "1, " "1, " "1, " "1, " "1, " "1, " "1, " "1, " "1, " "1, " "1, " "1, " "1, " "1, " "1, " "1, " "1, " "1, " "1, " "1, " "1, " "1, " "1, " "1, " "1, " "1, " "1, " "1, " "1, " "1, " "1, " "1, " "1, " "1, " "1, " "1, " "1, " "1, " "1, " "1, " "1, " "1, " "1, " "1, " "1, " "1, " "1, " "1, " "1, " "1, " "1, " "1, " "1, " "1, " "1, " "1, " "1, " "1, " "1, " "1, " "1, " "1, " "1, " "1, " "1, " "1, " "1, " "1, " "1, " "1, " "1, " "1, " "1, " "1, " "1, " "1, " "1, " "1, " "1, " "1, " "1, " "1, " "1, " "1, " "1, " "1, " "1, " "1, " "1, " "1, " "1, " "1, " "1, " "1, " "1, " "1, " "1, " "1, " "1, " "1, " "1, " "1, " "1, " "1, " "1, " "1, " "1, " "1, "0
 "Nei120, 0.252, " "-0.375, " "1, " "1, " "1, " "1, " "1, " "1, " "1, " "1, " "1, " "1, " "1, " "1, " "1, " "1, " "1, " "1, " "1, " "1, " "1, " "1, " "1, " "1, " "1, " "1, " "1, " "1, " "1, " "1, " "1, " "1, " "1, " "1, " "1, " "1, " "1, " "1, " "1, " "1, " "1, " "1, " "1, " "1, " "1, " "1, " "1, " "1, " "1, " "1, " "1, " "1, " "1, " "1, " "1, " "1, " "1, " "1, " "1, " "1, " "1, " "1, " "1, " "1, " "1, " "1, " "1, " "1, " "1, " "1, " "1, " "1, " "1, " "1, " "1, " "1, " "1, " "1, " "1, " "1, " "1, " "1, " "1, " "1, " "1, " "1, " "1, " "1, " "1, " "1, " "1, " "1, " "1, " "1, " "1, " "1, " "1, " "1, " "1, " "1, " "1, " "1, " "1, " "1, " "1, " "1, " "1, " "1, " "1, " "1, " "1, " "1, " "1, " "1, " "1, " "1, " "1, " "1, " "1, " "1, " "1, " "1, " "0, " "1, " "1, " "1, " "1, " "1, " "1, " "1, " "1, " "1, " "1, " "1, " "1, " "1, " "1, " "1, " "1, " "1, " "1, " "1, " "1, " "1, " "1, " "1, " "1, " "1, " "1, " "1, " "1, " "1, " "1, " "1, " "1, " "1, " "1, " "1, " "1, " "1, " "1, " "1, " "1, " "1, " "1, " "1, " "1, " "1, " "1, " "1, " "1, " "1, " "1, " "1, " "1, " "1, " "1, " "1, " "1, " "1, " "1, " "1, " "1, " "1, " "1, " "1, " "1, " "1, " "1, " "1, " "1, " "1, " "1, " "1, " "1, " "1, " "1, " "1, " "1, " "1, " "1, " "1, " "1, " "1, " "1, " "1, " "1, " "1, " "1, " "1, " "1, " "1, " "1, " "1, " "1, " "1, " "1, " "1, " "1, " "1, " "1, " "1, " "1, " "1, " "1, " "1, " "1, " "1, " "1, " "1, " "1, " "1, " "1, " "1, " "1, " "1, " "1, " "1, " "1, " "1, " "1, " "1, " "1, " "1, " "1, " "1, " "1, " "1, " "1, " "1, " "1, " "1, " "1, " "1, " "1, " "1, " "1, " "1, " "1, " "1, " "1, " "1, " "1, " "1, " "1, " "1, " "1, " "1, " "1, " "1, " "1, " "1, " "1, " "1, " "1, " "1, " "1, " "1, " "1, " "1, " "1, " "1, " "1, " "1, " "1, " "1, " "1, " "1, " "1, " "1, " "1, " "1, " "1, " "1, " "1, " "1, " "1, " "1, " "1, " "1, " "1, " "1, " "1, " "1, " "1, " "1, " "1, " "1, " "1, " "1, " "1, " "1, " "1, " "1, " "1, " "1, " "1, " "1, " "1, " "1, " "1, " "1, " "1, " "1, " "1, " "1, " "1, " "1, " "1, " "1, " "1, " "1, " "1, " "1, " "1, " "1, " "1, " "1, " "1, " "1, " "1, " "1, " "1, " "1, " "1, " "1, " "1, " "1, " "1, " "1, " "1, " "1, " "1, " "1, " "1, " "1, " "1, " "1, " "1, " "1, " "1, " "1, " "1, " "1, " "1, " "1, " "1, " "1, " "1, " "1, " "1, " "1, " "1, " "1, " "1, " "1, " "1, " "1, " "1, " "1, " "1, " "1, " "1, " "1, " "1, " "1, " "1, " "1, " "1, " "1, " "1, " "1, " "1, " "1, " "1, " "1, " "1, " "1, " "1, " "1, " "1, " "1, " "1, " "1, " "1, " "1, " "1, " "1, " "1, " "1, " "1, " "1, " "1, " "1, " "1, " "1, " "1, " "1, " "1, " "1, " "1, " "1, " "1, " "1, " "1, " "1, " "1, " "1, " "1, " "1, " "1, " "1, " "1, " "1, " "1, " "1, " "1, " "1, " "1, " "1, " "1, " "1, " "1, " "1, " "1, " "1, " "1, " "1, " "1, " "1, " "1, " "1, " "1, " "1, " "1, " "1, " "1, " "1, " "1, " "1, " "1, " "1, " "1, " "1, " "1, " "1, " "1, " "1, " "1, " "1, " "1, " "1, " "1, " "1, " "1, " "1, " "1, " "1, " "1, " "1, " "1, " "1, " "1, " "1, " "1, " "1, " "1, " "1, " "1, " "1, " "1, " "1, " "1, " "1, " "1, " "1, " "1, " "1, " "1, " "1, " "1, " "1, " "1, " "1, " "1, " "1, " "1, " "1, " "1, " "1, " "1, " "1, " "1, " "1, " "1, "0
 "Nei121, 0.062, " "-0.606, " "1, " "1, " "1, " "1, " "1, " "1, " "1, " "1, " "1, " "1, " "1, " "1, " "1, " "1, " "1, " "1, " "1, " "1, " "1, " "1, " "1, " "1, " "1, " "1, " "1, " "1, " "1, " "1, " "1, " "1, " "1, " "1, " "1, " "1, " "1, " "1, " "1, " "1, " "1, " "1, " "1, " "1, " "1, " "1, " "1, " "1, " "1, " "1, " "1, " "1, " "1, " "1, " "1, " "1, " "1, " "1, " "1, " "1, " "1, " "1, " "1, " "1, " "1, " "1, " "1, " "1, " "1, " "1, " "1, " "1, " "1, " "1, " "1, " "1, " "1, " "1, " "1, " "1, " "1, " "1, " "1, " "1, " "1, " "1, " "1, " "1, " "1, " "1, " "1, " "1, " "1, " "1, " "1, " "1, " "1, " "1, " "1, " "1, " "1, " "1, " "1, " "1, " "1, " "1, " "1, " "1, " "1, " "1, " "1, " "1, " "1, " "1, " "1, " "1, " "1, " "1, " "1, " "1, " "1, " "1, " "1, " "0, " "1, " "1, " "1, " "1, " "1, " "1, " "1, " "1, " "1, " "1, " "1, " "1, " "1, " "1, " "1, " "1, " "1, " "1, " "1, " "1, " "1, " "1, " "1, " "1, " "1, " "1, " "1, " "1, " "1, " "1, " "1, " "1, " "1, " "1, " "1, " "1, " "1, " "1, " "1, " "1, " "1, " "1, " "1, " "1, " "1, " "1, " "1, " "1, " "1, " "1, " "1, " "1, " "1, " "1, " "1, " "1, " "1, " "1, " "1, " "1, " "1, " "1, " "1, " "1, " "1, " "1, " "1, " "1, " "1, " "1, " "1, " "1, " "1, " "1, " "1, " "1, " "1, " "1, " "1, " "1, " "1, " "1, " "1, " "1, " "1, " "1, " "1, " "1, " "1, " "1, " "1, " "1, " "1, " "1, " "1, " "1, " "1, " "1, " "1, " "1, " "1, " "1, " "1, " "1, " "1, " "1, " "1, " "1, " "1, " "1, " "1, " "1, " "1, " "1, " "1, " "1, " "1, " "1, " "1, " "1, " "1, " "1, " "1, " "1, " "1, " "1, " "1, " "1, " "1, " "1, " "1, " "1, " "1, " "1, " "1, " "1, " "1, " "1, " "1, " "1, " "1, " "1, " "1, " "1, " "1, " "1, " "1, " "1, " "1, " "1, " "1, " "1, " "1, " "1, " "1, " "1, " "1, " "1, " "1, " "1, " "1, " "1, " "1, " "1, " "1, " "1, " "1, " "1, " "1, " "1, " "1, " "1, " "1, " "1, " "1, " "1, " "1, " "1, " "1, " "1, " "1, " "1, " "1, " "1, " "1, " "1, " "1, " "1, " "1, " "1, " "1, " "1, " "1, " "1, " "1, " "1, " "1, " "1, " "1, " "1, " "1, " "1, " "1, " "1, " "1, " "1, " "1, " "1, " "1, " "1, " "1, " "1, " "1, " "1, " "1, " "1, " "1, " "1, " "1, " "1, " "1, " "1, " "1, " "1, " "1, " "1, " "1, " "1, " "1, " "1, " "1, " "1, " "1, " "1, " "1, " "1, " "1, " "1, " "1, " "1, " "1, " "1, " "1, " "1, " "1, " "1, " "1, " "1, " "1, " "1, " "1, " "1, " "1, " "1, " "1, " "1, " "1, " "1, " "1, " "1, " "1, " "1, " "1, " "1, " "1, " "1, " "1, " "1, " "1, " "1, " "1, " "1, " "1, " "1, " "1, " "1, " "1, " "1, " "1, " "1, " "1, " "1, " "1, " "1, " "1, " "1, " "1, " "1, " "1, " "1, " "1, " "1, " "1, " "1, " "1, " "1, " "1, " "1, " "1, " "1, " "1, " "1, " "1, " "1, " "1, " "1, " "1, " "1, " "1, " "1, " "1, " "1, " "1, " "1, " "1, " "1, " "1, " "1, " "1, " "1, " "1, " "1, " "1, " "1, " "1, " "1, " "1, " "1, " "1, " "1, " "1, " "1, " "1, " "1, " "1, " "1, " "1, " "1, " "1, " "1, " "1, " "1, " "1, " "1, " "1, " "1, " "1, " "1, " "1, " "1, " "1, " "1, " "1, " "1, " "1, " "1, " "1, " "1, " "1, " "1, " "1, " "1, " "1, " "1, " "1, " "1, " "1, " "1, " "1, " "1, " "1, " "1, " "1, " "1, " "1, " "1, " "1, " "1, " "1, " "1, " "1, " "1, " "1, " "1, " "1, " "1, " "1, " "1, " "1, " "1, " "1, "0
 "Nei122, 0.006, " "-0.645, " "1, " "1, " "1, " "1, " "1, " "1, " "1, " "1, " "1, " "1, " "1, " "1, " "1, " "1, " "1, " "1, " "1, " "1, " "1, " "1, " "1, " "1, " "1, " "1, " "1, " "1, " "1, " "1, " "1, " "1, " "1, " "1, " "1, " "1, " "1, " "1, " "1, " "1, " "1, " "1, " "1, " "1, " "1, " "1, " "1, " "1, " "1, " "1, " "1, " "1, " "1, " "1, " "1, " "1, " "1, " "1, " "1, " "1, " "1, " "1, " "1, " "1, " "1, " "1, " "1, " "1, " "1, " "1, " "1, " "1, " "1, " "1, " "1, " "1, " "1, " "1, " "1, " "1, " "1, " "1, " "1, " "1, " "1, " "1, " "1, " "1, " "1, " "1, " "1, " "1, " "1, " "1, " "1, " "1, " "1, " "1, " "1, " "1, " "1, " "1, " "1, " "1, " "1, " "1, " "1, " "1, " "1, " "1, " "1, " "1, " "1, " "1, " "1, " "1, " "1, " "1, " "1, " "1, " "1, " "1, " "1, " "1, " "0, " "1, " "1, " "1, " "1, " "1, " "1, " "1, " "1, " "1, " "1, " "1, " "1, " "1, " "1, " "1, " "1, " "1, " "1, " "1, " "1, " "1, " "1, " "1, " "1, " "1, " "1, " "1, " "1, " "1, " "1, " "1, " "1, " "1, " "1, " "1, " "1, " "1, " "1, " "1, " "1, " "1, " "1, " "1, " "1, " "1, " "1, " "1, " "1, " "1, " "1, " "1, " "1, " "1, " "1, " "1, " "1, " "1, " "1, " "1, " "1, " "1, " "1, " "1, " "1, " "1, " "1, " "1, " "1, " "1, " "1, " "1, " "1, " "1, " "1, " "1, " "1, " "1, " "1, " "1, " "1, " "1, " "1, " "1, " "1, " "1, " "1, " "1, " "1, " "1, " "1, " "1, " "1, " "1, " "1, " "1, " "1, " "1, " "1, " "1, " "1, " "1, " "1, " "1, " "1, " "1, " "1, " "1, " "1, " "1, " "1, " "1, " "1, " "1, " "1, " "1, " "1, " "1, " "1, " "1, " "1, " "1, " "1, " "1, " "1, " "1, " "1, " "1, " "1, " "1, " "1, " "1, " "1, " "1, " "1, " "1, " "1, " "1, " "1, " "1, " "1, " "1, " "1, " "1, " "1, " "1, " "1, " "1, " "1, " "1, " "1, " "1, " "1, " "1, " "1, " "1, " "1, " "1, " "1, " "1, " "1, " "1, " "1, " "1, " "1, " "1, " "1, " "1, " "1, " "1, " "1, " "1, " "1, " "1, " "1, " "1, " "1, " "1, " "1, " "1, " "1, " "1, " "1, " "1, " "1, " "1, " "1, " "1, " "1, " "1, " "1, " "1, " "1, " "1, " "1, " "1, " "1, " "1, " "1, " "1, " "1, " "1, " "1, " "1, " "1, " "1, " "1, " "1, " "1, " "1, " "1, " "1, " "1, " "1, " "1, " "1, " "1, " "1, " "1, " "1, " "1, " "1, " "1, " "1, " "1, " "1, " "1, " "1, " "1, " "1, " "1, " "1, " "1, " "1, " "1, " "1, " "1, " "1, " "1, " "1, " "1, " "1, " "1, " "1, " "1, " "1, " "1, " "1, " "1, " "1, " "1, " "1, " "1, " "1, " "1, " "1, " "1, " "1, " "1, " "1, " "1, " "1, " "1, " "1, " "1, " "1, " "1, " "1, " "1, " "1, " "1, " "1, " "1, " "1, " "1, " "1, " "1, " "1, " "1, " "1, " "1, " "1, " "1, " "1, " "1, " "1, " "1, " "1, " "1, " "1, " "1, " "1, " "1, " "1, " "1, " "1, " "1, " "1, " "1, " "1, " "1, " "1, " "1, " "1, " "1, " "1, " "1, " "1, " "1, " "1, " "1, " "1, " "1, " "1, " "1, " "1, " "1, " "1, " "1, " "1, " "1, " "1, " "1, " "1, " "1, " "1, " "1, " "1, " "1, " "1, " "1, " "1, " "1, " "1, " "1, " "1, " "1, " "1, " "1, " "1, " "1, " "1, " "1, " "1, " "1, " "1, " "1, " "1, " "1, " "1, " "1, " "1, " "1, " "1, " "1, " "1, " "1, " "1, " "1, " "1, " "1, " "1, " "1, " "1, " "1, " "1, " "1, " "1, " "1, " "1, " "1, " "1, " "1, " "1, " "1, " "1, " "1, " "1, " "1, " "1, " "1, " "1, " "1, " "1, " "1, " "1, " "1, " "1, " "1, " "1, " "1, "0
 "Nei123, 0.323, " "0.97, " "1, " "1, " "1, " "1, " "1, " "1, " "1, " "1, " "1, " "1, " "1, " "1, " "1, " "1, " "1, " "1, " "1, " "1, " "1, " "1, " "1, " "1, " "1, " "1, " "1, " "1, " "1, " "1, " "1, " "1, " "1, " "1, " "1, " "1, " "1, " "1, " "1, " "1, " "1, " "1, " "1, " "1, " "1, " "1, " "1, " "1, " "1, " "1, " "1, " "1, " "1, " "1, " "1, " "1, " "1, " "1, " "1, " "1, " "1, " "1, " "1, " "1, " "1, " "1, " "1, " "1, " "1, " "1, " "1, " "1, " "1, " "1, " "1, " "1, " "1, " "1, " "1, " "1, " "1, " "1, " "1, " "1, " "1, " "1, " "1, " "1, " "1, " "1, " "1, " "1, " "1, " "1, " "1, " "1, " "1, " "1, " "1, " "1, " "1, " "1, " "1, " "1, " "1, " "1, " "1, " "1, " "1, " "1, " "1, " "1, " "1, " "1, " "1, " "1, " "1, " "1, " "1, " "1, " "1, " "1, " "1, " "1, " "1, " "0, " "1, " "1, " "1, " "1, " "1, " "1, " "1, " "1, " "1, " "1, " "1, " "1, " "1, " "1, " "1, " "1, " "1, " "1, " "1, " "1, " "1, " "1, " "1, " "1, " "1, " "1, " "1, " "1, " "1, " "1, " "1, " "1, " "1, " "1, " "1, " "1, " "1, " "1, " "1, " "1, " "1, " "1, " "1, " "1, " "1, " "1, " "1, " "1, " "1, " "1, " "1, " "1, " "1, " "1, " "1, " "1, " "1, " "1, " "1, " "1, " "1, " "1, " "1, " "1, " "1, " "1, " "1, " "1, " "1, " "1, " "1, " "1, " "1, " "1, " "1, " "1, " "1, " "1, " "1, " "1, " "1, " "1, " "1, " "1, " "1, " "1, " "1, " "1, " "1, " "1, " "1, " "1, " "1, " "1, " "1, " "1, " "1, " "1, " "1, " "1, " "1, " "1, " "1, " "1, " "1, " "1, " "1, " "1, " "1, " "1, " "1, " "1, " "1, " "1, " "1, " "1, " "1, " "1, " "1, " "1, " "1, " "1, " "1, " "1, " "1, " "1, " "1, " "1, " "1, " "1, " "1, " "1, " "1, " "1, " "1, " "1, " "1, " "1, " "1, " "1, " "1, " "1, " "1, " "1, " "1, " "1, " "1, " "1, " "1, " "1, " "1, " "1, " "1, " "1, " "1, " "1, " "1, " "1, " "1, " "1, " "1, " "1, " "1, " "1, " "1, " "1, " "1, " "1, " "1, " "1, " "1, " "1, " "1, " "1, " "1, " "1, " "1, " "1, " "1, " "1, " "1, " "1, " "1, " "1, " "1, " "1, " "1, " "1, " "1, " "1, " "1, " "1, " "1, " "1, " "1, " "1, " "1, " "1, " "1, " "1, " "1, " "1, " "1, " "1, " "1, " "1, " "1, " "1, " "1, " "1, " "1, " "1, " "1, " "1, " "1, " "1, " "1, " "1, " "1, " "1, " "1, " "1, " "1, " "1, " "1, " "1, " "1, " "1, " "1, " "1, " "1, " "1, " "1, " "1, " "1, " "1, " "1, " "1, " "1, " "1, " "1, " "1, " "1, " "1, " "1, " "1, " "1, " "1, " "1, " "1, " "1, " "1, " "1, " "1, " "1, " "1, " "1, " "1, " "1, " "1, " "1, " "1, " "1, " "1, " "1, " "1, " "1, " "1, " "1, " "1, " "1, " "1, " "1, " "1, " "1, " "1, " "1, " "1, " "1, " "1, " "1, " "1, " "1, " "1, " "1, " "1, " "1, " "1, " "1, " "1, " "1, " "1, " "1, " "1, " "1, " "1, " "1, " "1, " "1, " "1, " "1, " "1, " "1, " "1, " "1, " "1, " "1, " "1, " "1, " "1, " "1, " "1, " "1, " "1, " "1, " "1, " "1, " "1, " "1, " "1, " "1, " "1, " "1, " "1, " "1, " "1, " "1, " "1, " "1, " "1, " "1, " "1, " "1, " "1, " "1, " "1, " "1, " "1, " "1, " "1, " "1, " "1, " "1, " "1, " "1, " "1, " "1, " "1, " "1, " "1, " "1, " "1, " "1, " "1, " "1, " "1, " "1, " "1, " "1, " "1, " "1, " "1, " "1, " "1, " "1, " "1, " "1, " "1, " "1, " "1, " "1, " "1, " "1, " "1, " "1, " "1, " "1, " "1, " "1, " "1, " "1, " "1, " "1, " "1, " "1, " "1, " "1, " "1, " "1, "0
 "Nei124, 0.171, " "-0.08, " "1, " "1, " "1, " "1, " "1, " "1, " "1, " "1, " "1, " "1, " "1, " "1, " "1, " "1, " "1, " "1, " "1, " "1, " "1, " "1, " "1, " "1, " "1, " "1, " "1, " "1, " "1, " "1, " "1, " "1, " "1, " "1, " "1, " "1, " "1, " "1, " "1, " "1, " "1, " "1, " "1, " "1, " "1, " "1, " "1, " "1, " "1, " "1, " "1, " "1, " "1, " "1, " "1, " "1, " "1, " "1, " "1, " "1, " "1, " "1, " "1, " "1, " "1, " "1, " "1, " "1, " "1, " "1, " "1, " "1, " "1, " "1, " "1, " "1, " "1, " "1, " "1, " "1, " "1, " "1, " "1, " "1, " "1, " "1, " "1, " "1, " "1, " "1, " "1, " "1, " "1, " "1, " "1, " "1, " "1, " "1, " "1, " "1, " "1, " "1, " "1, " "1, " "1, " "1, " "1, " "1, " "1, " "1, " "1, " "1, " "1, " "1, " "1, " "1, " "1, " "1, " "1, " "1, " "1, " "1, " "1, " "1, " "1, " "1, " "0, " "1, " "1, " "1, " "1, " "1, " "1, " "1, " "1, " "1, " "1, " "1, " "1, " "1, " "1, " "1, " "1, " "1, " "1, " "1, " "1, " "1, " "1, " "1, " "1, " "1, " "1, " "1, " "1, " "1, " "1, " "1, " "1, " "1, " "1, " "1, " "1, " "1, " "1, " "1, " "1, " "1, " "1, " "1, " "1, " "1, " "1, " "1, " "1, " "1, " "1, " "1, " "1, " "1, " "1, " "1, " "1, " "1, " "1, " "1, " "1, " "1, " "1, " "1, " "1, " "1, " "1, " "1, " "1, " "1, " "1, " "1, " "1, " "1, " "1, " "1, " "1, " "1, " "1, " "1, " "1, " "1, " "1, " "1, " "1, " "1, " "1, " "1, " "1, " "1, " "1, " "1, " "1, " "1, " "1, " "1, " "1, " "1, " "1, " "1, " "1, " "1, " "1, " "1, " "1, " "1, " "1, " "1, " "1, " "1, " "1, " "1, " "1, " "1, " "1, " "1, " "1, " "1, " "1, " "1, " "1, " "1, " "1, " "1, " "1, " "1, " "1, " "1, " "1, " "1, " "1, " "1, " "1, " "1, " "1, " "1, " "1, " "1, " "1, " "1, " "1, " "1, " "1, " "1, " "1, " "1, " "1, " "1, " "1, " "1, " "1, " "1, " "1, " "1, " "1, " "1, " "1, " "1, " "1, " "1, " "1, " "1, " "1, " "1, " "1, " "1, " "1, " "1, " "1, " "1, " "1, " "1, " "1, " "1, " "1, " "1, " "1, " "1, " "1, " "1, " "1, " "1, " "1, " "1, " "1, " "1, " "1, " "1, " "1, " "1, " "1, " "1, " "1, " "1, " "1, " "1, " "1, " "1, " "1, " "1, " "1, " "1, " "1, " "1, " "1, " "1, " "1, " "1, " "1, " "1, " "1, " "1, " "1, " "1, " "1, " "1, " "1, " "1, " "1, " "1, " "1, " "1, " "1, " "1, " "1, " "1, " "1, " "1, " "1, " "1, " "1, " "1, " "1, " "1, " "1, " "1, " "1, " "1, " "1, " "1, " "1, " "1, " "1, " "1, " "1, " "1, " "1, " "1, " "1, " "1, " "1, " "1, " "1, " "1, " "1, " "1, " "1, " "1, " "1, " "1, " "1, " "1, " "1, " "1, " "1, " "1, " "1, " "1, " "1, " "1, " "1, " "1, " "1, " "1, " "1, " "1, " "1, " "1, " "1, " "1, " "1, " "1, " "1, " "1, " "1, " "1, " "1, " "1, " "1, " "1, " "1, " "1, " "1, " "1, " "1, " "1, " "1, " "1, " "1, " "1, " "1, " "1, " "1, " "1, " "1, " "1, " "1, " "1, " "1, " "1, " "1, " "1, " "1, " "1, " "1, " "1, " "1, " "1, " "1, " "1, " "1, " "1, " "1, " "1, " "1, " "1, " "1, " "1, " "1, " "1, " "1, " "1, " "1, " "1, " "1, " "1, " "1, " "1, " "1, " "1, " "1, " "1, " "1, " "1, " "1, " "1, " "1, " "1, " "1, " "1, " "1, " "1, " "1, " "1, " "1, " "1, " "1, " "1, " "1, " "1, " "1, " "1, " "1, " "1, " "1, " "1, " "1, " "1, " "1, " "1, " "1, " "1, " "1, " "1, " "1, " "1, " "1, " "1, " "1, " "1, " "1, " "1, " "1, " "1, " "1, " "1, " "1, " "1, " "1, "0
 "Nei125, 0.386, " "-0.677, " "1, " "1, " "1, " "1, " "1, " "1, " "1, " "1, " "1, " "1, " "1, " "1, " "1, " "1, " "1, " "1, " "1, " "1, " "1, " "1, " "1, " "1, " "1, " "1, " "1, " "1, " "1, " "1, " "1, " "1, " "1, " "1, " "1, " "1, " "1, " "1, " "1, " "1, " "1, " "1, " "1, " "1, " "1, " "1, " "1, " "1, " "1, " "1, " "1, " "1, " "1, " "1, " "1, " "1, " "1, " "1, " "1, " "1, " "1, " "1, " "1, " "1, " "1, " "1, " "1, " "1, " "1, " "1, " "1, " "1, " "1, " "1, " "1, " "1, " "1, " "1, " "1, " "1, " "1, " "1, " "1, " "1, " "1, " "1, " "1, " "1, " "1, " "1, " "1, " "1, " "1, " "1, " "1, " "1, " "1, " "1, " "1, " "1, " "1, " "1, " "1, " "1, " "1, " "1, " "1, " "1, " "1, " "1, " "1, " "1, " "1, " "1, " "1, " "1, " "1, " "1, " "1, " "1, " "1, " "1, " "1, " "1, " "1, " "1, " "1, " "0, " "1, " "1, " "1, " "1, " "1, " "1, " "1, " "1, " "1, " "1, " "1, " "1, " "1, " "1, " "1, " "1, " "1, " "1, " "1, " "1, " "1, " "1, " "1, " "1, " "1, " "1, " "1, " "1, " "1, " "1, " "1, " "1, " "1, " "1, " "1, " "1, " "1, " "1, " "1, " "1, " "1, " "1, " "1, " "1, " "1, " "1, " "1, " "1, " "1, " "1, " "1, " "1, " "1, " "1, " "1, " "1, " "1, " "1, " "1, " "1, " "1, " "1, " "1, " "1, " "1, " "1, " "1, " "1, " "1, " "1, " "1, " "1, " "1, " "1, " "1, " "1, " "1, " "1, " "1, " "1, " "1, " "1, " "1, " "1, " "1, " "1, " "1, " "1, " "1, " "1, " "1, " "1, " "1, " "1, " "1, " "1, " "1, " "1, " "1, " "1, " "1, " "1, " "1, " "1, " "1, " "1, " "1, " "1, " "1, " "1, " "1, " "1, " "1, " "1, " "1, " "1, " "1, " "1, " "1, " "1, " "1, " "1, " "1, " "1, " "1, " "1, " "1, " "1, " "1, " "1, " "1, " "1, " "1, " "1, " "1, " "1, " "1, " "1, " "1, " "1, " "1, " "1, " "1, " "1, " "1, " "1, " "1, " "1, " "1, " "1, " "1, " "1, " "1, " "1, " "1, " "1, " "1, " "1, " "1, " "1, " "1, " "1, " "1, " "1, " "1, " "1, " "1, " "1, " "1, " "1, " "1, " "1, " "1, " "1, " "1, " "1, " "1, " "1, " "1, " "1, " "1, " "1, " "1, " "1, " "1, " "1, " "1, " "1, " "1, " "1, " "1, " "1, " "1, " "1, " "1, " "1, " "1, " "1, " "1, " "1, " "1, " "1, " "1, " "1, " "1, " "1, " "1, " "1, " "1, " "1, " "1, " "1, " "1, " "1, " "1, " "1, " "1, " "1, " "1, " "1, " "1, " "1, " "1, " "1, " "1, " "1, " "1, " "1, " "1, " "1, " "1, " "1, " "1, " "1, " "1, " "1, " "1, " "1, " "1, " "1, " "1, " "1, " "1, " "1, " "1, " "1, " "1, " "1, " "1, " "1, " "1, " "1, " "1, " "1, " "1, " "1, " "1, " "1, " "1, " "1, " "1, " "1, " "1, " "1, " "1, " "1, " "1, " "1, " "1, " "1, " "1, " "1, " "1, " "1, " "1, " "1, " "1, " "1, " "1, " "1, " "1, " "1, " "1, " "1, " "1, " "1, " "1, " "1, " "1, " "1, " "1, " "1, " "1, " "1, " "1, " "1, " "1, " "1, " "1, " "1, " "1, " "1, " "1, " "1, " "1, " "1, " "1, " "1, " "1, " "1, " "1, " "1, " "1, " "1, " "1, " "1, " "1, " "1, " "1, " "1, " "1, " "1, " "1, " "1, " "1, " "1, " "1, " "1, " "1, " "1, " "1, " "1, " "1, " "1, " "1, " "1, " "1, " "1, " "1, " "1, " "1, " "1, " "1, " "1, " "1, " "1, " "1, " "1, " "1, " "1, " "1, " "1, " "1, " "1, " "1, " "1, " "1, " "1, " "1, " "1, " "1, " "1, " "1, " "1, " "1, " "1, " "1, " "1, " "1, " "1, " "1, " "1, " "1, " "1, " "1, " "1, " "1, " "1, " "1, " "1, " "1, " "1, " "1, " "1, " "1, " "1, " "1, "0
 "Nei126, 0.36, " "0.286, " "1, " "1, " "1, " "1, " "1, " "1, " "1, " "1, " "1, " "1, " "1, " "1, " "1, " "1, " "1, " "1, " "1, " "1, " "1, " "1, " "1, " "1, " "1, " "1, " "1, " "1, " "1, " "1, " "1, " "1, " "1, " "1, " "1, " "1, " "1, " "1, " "1, " "1, " "1, " "1, " "1, " "1, " "1, " "1, " "1, " "1, " "1, " "1, " "1, " "1, " "1, " "1, " "1, " "1, " "1, " "1, " "1, " "1, " "1, " "1, " "1, " "1, " "1, " "1, " "1, " "1, " "1, " "1, " "1, " "1, " "1, " "1, " "1, " "1, " "1, " "1, " "1, " "1, " "1, " "1, " "1, " "1, " "1, " "1, " "1, " "1, " "1, " "1, " "1, " "1, " "1, " "1, " "1, " "1, " "1, " "1, " "1, " "1, " "1, " "1, " "1, " "1, " "1, " "1, " "1, " "1, " "1, " "1, " "1, " "1, " "1, " "1, " "1, " "1, " "1, " "1, " "1, " "1, " "1, " "1, " "1, " "1, " "1, " "1, " "1, " "1, " "0, " "1, " "1, " "1, " "1, " "1, " "1, " "1, " "1, " "1, " "1, " "1, " "1, " "1, " "1, " "1, " "1, " "1, " "1, " "1, " "1, " "1, " "1, " "1, " "1, " "1, " "1, " "1, " "1, " "1, " "1, " "1, " "1, " "1, " "1, " "1, " "1, " "1, " "1, " "1, " "1, " "1, " "1, " "1, " "1, " "1, " "1, " "1, " "1, " "1, " "1, " "1, " "1, " "1, " "1, " "1, " "1, " "1, " "1, " "1, " "1, " "1, " "1, " "1, " "1, " "1, " "1, " "1, " "1, " "1, " "1, " "1, " "1, " "1, " "1, " "1, " "1, " "1, " "1, " "1, " "1, " "1, " "1, " "1, " "1, " "1, " "1, " "1, " "1, " "1, " "1, " "1, " "1, " "1, " "1, " "1, " "1, " "1, " "1, " "1, " "1, " "1, " "1, " "1, " "1, " "1, " "1, " "1, " "1, " "1, " "1, " "1, " "1, " "1, " "1, " "1, " "1, " "1, " "1, " "1, " "1, " "1, " "1, " "1, " "1, " "1, " "1, " "1, " "1, " "1, " "1, " "1, " "1, " "1, " "1, " "1, " "1, " "1, " "1, " "1, " "1, " "1, " "1, " "1, " "1, " "1, " "1, " "1, " "1, " "1, " "1, " "1, " "1, " "1, " "1, " "1, " "1, " "1, " "1, " "1, " "1, " "1, " "1, " "1, " "1, " "1, " "1, " "1, " "1, " "1, " "1, " "1, " "1, " "1, " "1, " "1, " "1, " "1, " "1, " "1, " "1, " "1, " "1, " "1, " "1, " "1, " "1, " "1, " "1, " "1, " "1, " "1, " "1, " "1, " "1, " "1, " "1, " "1, " "1, " "1, " "1, " "1, " "1, " "1, " "1, " "1, " "1, " "1, " "1, " "1, " "1, " "1, " "1, " "1, " "1, " "1, " "1, " "1, " "1, " "1, " "1, " "1, " "1, " "1, " "1, " "1, " "1, " "1, " "1, " "1, " "1, " "1, " "1, " "1, " "1, " "1, " "1, " "1, " "1, " "1, " "1, " "1, " "1, " "1, " "1, " "1, " "1, " "1, " "1, " "1, " "1, " "1, " "1, " "1, " "1, " "1, " "1, " "1, " "1, " "1, " "1, " "1, " "1, " "1, " "1, " "1, " "1, " "1, " "1, " "1, " "1, " "1, " "1, " "1, " "1, " "1, " "1, " "1, " "1, " "1, " "1, " "1, " "1, " "1, " "1, " "1, " "1, " "1, " "1, " "1, " "1, " "1, " "1, " "1, " "1, " "1, " "1, " "1, " "1, " "1, " "1, " "1, " "1, " "1, " "1, " "1, " "1, " "1, " "1, " "1, " "1, " "1, " "1, " "1, " "1, " "1, " "1, " "1, " "1, " "1, " "1, " "1, " "1, " "1, " "1, " "1, " "1, " "1, " "1, " "1, " "1, " "1, " "1, " "1, " "1, " "1, " "1, " "1, " "1, " "1, " "1, " "1, " "1, " "1, " "1, " "1, " "1, " "1, " "1, " "1, " "1, " "1, " "1, " "1, " "1, " "1, " "1, " "1, " "1, " "1, " "1, " "1, " "1, " "1, " "1, " "1, " "1, " "1, " "1, " "1, " "1, " "1, " "1, " "1, " "1, " "1, " "1, " "1, " "1, " "1, " "1, " "1, " "1, " "1, " "1, " "1, " "1, "0
 "Nei127, 0.012, " "-0.391, " "1, " "1, " "1, " "1, " "1, " "1, " "1, " "1, " "1, " "1, " "1, " "1, " "1, " "1, " "1, " "1, " "1, " "1, " "1, " "1, " "1, " "1, " "1, " "1, " "1, " "1, " "1, " "1, " "1, " "1, " "1, " "1, " "1, " "1, " "1, " "1, " "1, " "1, " "1, " "1, " "1, " "1, " "1, " "1, " "1, " "1, " "1, " "1, " "1, " "1, " "1, " "1, " "1, " "1, " "1, " "1, " "1, " "1, " "1, " "1, " "1, " "1, " "1, " "1, " "1, " "1, " "1, " "1, " "1, " "1, " "1, " "1, " "1, " "1, " "1, " "1, " "1, " "1, " "1, " "1, " "1, " "1, " "1, " "1, " "1, " "1, " "1, " "1, " "1, " "1, " "1, " "1, " "1, " "1, " "1, " "1, " "1, " "1, " "1, " "1, " "1, " "1, " "1, " "1, " "1, " "1, " "1, " "1, " "1, " "1, " "1, " "1, " "1, " "1, " "1, " "1, " "1, " "1, " "1, " "1, " "1, " "1, " "1, " "1, " "1, " "1, " "1, " "0, " "1, " "1, " "1, " "1, " "1, " "1, " "1, " "1, " "1, " "1, " "1, " "1, " "1, " "1, " "1, " "1, " "1, " "1, " "1, " "1, " "1, " "1, " "1, " "1, " "1, " "1, " "1, " "1, " "1, " "1, " "1, " "1, " "1, " "1, " "1, " "1, " "1, " "1, " "1, " "1, " "1, " "1, " "1, " "1, " "1, " "1, " "1, " "1, " "1, " "1, " "1, " "1, " "1, " "1, " "1, " "1, " "1, " "1, " "1, " "1, " "1, " "1, " "1, " "1, " "1, " "1, " "1, " "1, " "1, " "1, " "1, " "1, " "1, " "1, " "1, " "1, " "1, " "1, " "1, " "1, " "1, " "1, " "1, " "1, " "1, " "1, " "1, " "1, " "1, " "1, " "1, " "1, " "1, " "1, " "1, " "1, " "1, " "1, " "1, " "1, " "1, " "1, " "1, " "1, " "1, " "1, " "1, " "1, " "1, " "1, " "1, " "1, " "1, " "1, " "1, " "1, " "1, " "1, " "1, " "1, " "1, " "1, " "1, " "1, " "1, " "1, " "1, " "1, " "1, " "1, " "1, " "1, " "1, " "1, " "1, " "1, " "1, " "1, " "1, " "1, " "1, " "1, " "1, " "1, " "1, " "1, " "1, " "1, " "1, " "1, " "1, " "1, " "1, " "1, " "1, " "1, " "1, " "1, " "1, " "1, " "1, " "1, " "1, " "1, " "1, " "1, " "1, " "1, " "1, " "1, " "1, " "1, " "1, " "1, " "1, " "1, " "1, " "1, " "1, " "1, " "1, " "1, " "1, " "1, " "1, " "1, " "1, " "1, " "1, " "1, " "1, " "1, " "1, " "1, " "1, " "1, " "1, " "1, " "1, " "1, " "1, " "1, " "1, " "1, " "1, " "1, " "1, " "1, " "1, " "1, " "1, " "1, " "1, " "1, " "1, " "1, " "1, " "1, " "1, " "1, " "1, " "1, " "1, " "1, " "1, " "1, " "1, " "1, " "1, " "1, " "1, " "1, " "1, " "1, " "1, " "1, " "1, " "1, " "1, " "1, " "1, " "1, " "1, " "1, " "1, " "1, " "1, " "1, " "1, " "1, " "1, " "1, " "1, " "1, " "1, " "1, " "1, " "1, " "1, " "1, " "1, " "1, " "1, " "1, " "1, " "1, " "1, " "1, " "1, " "1, " "1, " "1, " "1, " "1, " "1, " "1, " "1, " "1, " "1, " "1, " "1, " "1, " "1, " "1, " "1, " "1, " "1, " "1, " "1, " "1, " "1, " "1, " "1, " "1, " "1, " "1, " "1, " "1, " "1, " "1, " "1, " "1, " "1, " "1, " "1, " "1, " "1, " "1, " "1, " "1, " "1, " "1, " "1, " "1, " "1, " "1, " "1, " "1, " "1, " "1, " "1, " "1, " "1, " "1, " "1, " "1, " "1, " "1, " "1, " "1, " "1, " "1, " "1, " "1, " "1, " "1, " "1, " "1, " "1, " "1, " "1, " "1, " "1, " "1, " "1, " "1, " "1, " "1, " "1, " "1, " "1, " "1, " "1, " "1, " "1, " "1, " "1, " "1, " "1, " "1, " "1, " "1, " "1, " "1, " "1, " "1, " "1, " "1, " "1, " "1, " "1, " "1, " "1, " "1, " "1, " "1, " "1, " "1, " "1, " "1, " "1, " "1, " "1, " "1, " "1, "0
 "Nei128, 0.027, " "-0.028, " "1, " "1, " "1, " "1, " "1, " "1, " "1, " "1, " "1, " "1, " "1, " "1, " "1, " "1, " "1, " "1, " "1, " "1, " "1, " "1, " "1, " "1, " "1, " "1, " "1, " "1, " "1, " "1, " "1, " "1, " "1, " "1, " "1, " "1, " "1, " "1, " "1, " "1, " "1, " "1, " "1, " "1, " "1, " "1, " "1, " "1, " "1, " "1, " "1, " "1, " "1, " "1, " "1, " "1, " "1, " "1, " "1, " "1, " "1, " "1, " "1, " "1, " "1, " "1, " "1, " "1, " "1, " "1, " "1, " "1, " "1, " "1, " "1, " "1, " "1, " "1, " "1, " "1, " "1, " "1, " "1, " "1, " "1, " "1, " "1, " "1, " "1, " "1, " "1, " "1, " "1, " "1, " "1, " "1, " "1, " "1, " "1, " "1, " "1, " "1, " "1, " "1, " "1, " "1, " "1, " "1, " "1, " "1, " "1, " "1, " "1, " "1, " "1, " "1, " "1, " "1, " "1, " "1, " "1, " "1, " "1, " "1, " "1, " "1, " "1, " "1, " "1, " "1, " "0, " "1, " "1, " "1, " "1, " "1, " "1, " "1, " "1, " "1, " "1, " "1, " "1, " "1, " "1, " "1, " "1, " "1, " "1, " "1, " "1, " "1, " "1, " "1, " "1, " "1, " "1, " "1, " "1, " "1, " "1, " "1, " "1, " "1, " "1, " "1, " "1, " "1, " "1, " "1, " "1, " "1, " "1, " "1, " "1, " "1, " "1, " "1, " "1, " "1, " "1, " "1, " "1, " "1, " "1, " "1, " "1, " "1, " "1, " "1, " "1, " "1, " "1, " "1, " "1, " "1, " "1, " "1, " "1, " "1, " "1, " "1, " "1, " "1, " "1, " "1, " "1, " "1, " "1, " "1, " "1, " "1, " "1, " "1, " "1, " "1, " "1, " "1, " "1, " "1, " "1, " "1, " "1, " "1, " "1, " "1, " "1, " "1, " "1, " "1, " "1, " "1, " "1, " "1, " "1, " "1, " "1, " "1, " "1, " "1, " "1, " "1, " "1, " "1, " "1, " "1, " "1, " "1, " "1, " "1, " "1, " "1, " "1, " "1, " "1, " "1, " "1, " "1, " "1, " "1, " "1, " "1, " "1, " "1, " "1, " "1, " "1, " "1, " "1, " "1, " "1, " "1, " "1, " "1, " "1, " "1, " "1, " "1, " "1, " "1, " "1, " "1, " "1, " "1, " "1, " "1, " "1, " "1, " "1, " "1, " "1, " "1, " "1, " "1, " "1, " "1, " "1, " "1, " "1, " "1, " "1, " "1, " "1, " "1, " "1, " "1, " "1, " "1, " "1, " "1, " "1, " "1, " "1, " "1, " "1, " "1, " "1, " "1, " "1, " "1, " "1, " "1, " "1, " "1, " "1, " "1, " "1, " "1, " "1, " "1, " "1, " "1, " "1, " "1, " "1, " "1, " "1, " "1, " "1, " "1, " "1, " "1, " "1, " "1, " "1, " "1, " "1, " "1, " "1, " "1, " "1, " "1, " "1, " "1, " "1, " "1, " "1, " "1, " "1, " "1, " "1, " "1, " "1, " "1, " "1, " "1, " "1, " "1, " "1, " "1, " "1, " "1, " "1, " "1, " "1, " "1, " "1, " "1, " "1, " "1, " "1, " "1, " "1, " "1, " "1, " "1, " "1, " "1, " "1, " "1, " "1, " "1, " "1, " "1, " "1, " "1, " "1, " "1, " "1, " "1, " "1, " "1, " "1, " "1, " "1, " "1, " "1, " "1, " "1, " "1, " "1, " "1, " "1, " "1, " "1, " "1, " "1, " "1, " "1, " "1, " "1, " "1, " "1, " "1, " "1, " "1, " "1, " "1, " "1, " "1, " "1, " "1, " "1, " "1, " "1, " "1, " "1, " "1, " "1, " "1, " "1, " "1, " "1, " "1, " "1, " "1, " "1, " "1, " "1, " "1, " "1, " "1, " "1, " "1, " "1, " "1, " "1, " "1, " "1, " "1, " "1, " "1, " "1, " "1, " "1, " "1, " "1, " "1, " "1, " "1, " "1, " "1, " "1, " "1, " "1, " "1, " "1, " "1, " "1, " "1, " "1, " "1, " "1, " "1, " "1, " "1, " "1, " "1, " "1, " "1, " "1, " "1, " "1, " "1, " "1, " "1, " "1, " "1, " "1, " "1, " "1, " "1, " "1, " "1, " "1, " "1, " "1, " "1, " "1, " "1, " "1, " "1, " "1, " "1, " "1, "0
 "Nei129, 0.358, " "0.485, " "1, " "1, " "1, " "1, " "1, " "1, " "1, " "1, " "1, " "1, " "1, " "1, " "1, " "1, " "1, " "1, " "1, " "1, " "1, " "1, " "1, " "1, " "1, " "1, " "1, " "1, " "1, " "1, " "1, " "1, " "1, " "1, " "1, " "1, " "1, " "1, " "1, " "1, " "1, " "1, " "1, " "1, " "1, " "1, " "1, " "1, " "1, " "1, " "1, " "1, " "1, " "1, " "1, " "1, " "1, " "1, " "1, " "1, " "1, " "1, " "1, " "1, " "1, " "1, " "1, " "1, " "1, " "1, " "1, " "1, " "1, " "1, " "1, " "1, " "1, " "1, " "1, " "1, " "1, " "1, " "1, " "1, " "1, " "1, " "1, " "1, " "1, " "1, " "1, " "1, " "1, " "1, " "1, " "1, " "1, " "1, " "1, " "1, " "1, " "1, " "1, " "1, " "1, " "1, " "1, " "1, " "1, " "1, " "1, " "1, " "1, " "1, " "1, " "1, " "1, " "1, " "1, " "1, " "1, " "1, " "1, " "1, " "1, " "1, " "1, " "1, " "1, " "1, " "1, " "0, " "1, " "1, " "1, " "1, " "1, " "1, " "1, " "1, " "1, " "1, " "1, " "1, " "1, " "1, " "1, " "1, " "1, " "1, " "1, " "1, " "1, " "1, " "1, " "1, " "1, " "1, " "1, " "1, " "1, " "1, " "1, " "1, " "1, " "1, " "1, " "1, " "1, " "1, " "1, " "1, " "1, " "1, " "1, " "1, " "1, " "1, " "1, " "1, " "1, " "1, " "1, " "1, " "1, " "1, " "1, " "1, " "1, " "1, " "1, " "1, " "1, " "1, " "1, " "1, " "1, " "1, " "1, " "1, " "1, " "1, " "1, " "1, " "1, " "1, " "1, " "1, " "1, " "1, " "1, " "1, " "1, " "1, " "1, " "1, " "1, " "1, " "1, " "1, " "1, " "1, " "1, " "1, " "1, " "1, " "1, " "1, " "1, " "1, " "1, " "1, " "1, " "1, " "1, " "1, " "1, " "1, " "1, " "1, " "1, " "1, " "1, " "1, " "1, " "1, " "1, " "1, " "1, " "1, " "1, " "1, " "1, " "1, " "1, " "1, " "1, " "1, " "1, " "1, " "1, " "1, " "1, " "1, " "1, " "1, " "1, " "1, " "1, " "1, " "1, " "1, " "1, " "1, " "1, " "1, " "1, " "1, " "1, " "1, " "1, " "1, " "1, " "1, " "1, " "1, " "1, " "1, " "1, " "1, " "1, " "1, " "1, " "1, " "1, " "1, " "1, " "1, " "1, " "1, " "1, " "1, " "1, " "1, " "1, " "1, " "1, " "1, " "1, " "1, " "1, " "1, " "1, " "1, " "1, " "1, " "1, " "1, " "1, " "1, " "1, " "1, " "1, " "1, " "1, " "1, " "1, " "1, " "1, " "1, " "1, " "1, " "1, " "1, " "1, " "1, " "1, " "1, " "1, " "1, " "1, " "1, " "1, " "1, " "1, " "1, " "1, " "1, " "1, " "1, " "1, " "1, " "1, " "1, " "1, " "1, " "1, " "1, " "1, " "1, " "1, " "1, " "1, " "1, " "1, " "1, " "1, " "1, " "1, " "1, " "1, " "1, " "1, " "1, " "1, " "1, " "1, " "1, " "1, " "1, " "1, " "1, " "1, " "1, " "1, " "1, " "1, " "1, " "1, " "1, " "1, " "1, " "1, " "1, " "1, " "1, " "1, " "1, " "1, " "1, " "1, " "1, " "1, " "1, " "1, " "1, " "1, " "1, " "1, " "1, " "1, " "1, " "1, " "1, " "1, " "1, " "1, " "1, " "1, " "1, " "1, " "1, " "1, " "1, " "1, " "1, " "1, " "1, " "1, " "1, " "1, " "1, " "1, " "1, " "1, " "1, " "1, " "1, " "1, " "1, " "1, " "1, " "1, " "1, " "1, " "1, " "1, " "1, " "1, " "1, " "1, " "1, " "1, " "1, " "1, " "1, " "1, " "1, " "1, " "1, " "1, " "1, " "1, " "1, " "1, " "1, " "1, " "1, " "1, " "1, " "1, " "1, " "1, " "1, " "1, " "1, " "1, " "1, " "1, " "1, " "1, " "1, " "1, " "1, " "1, " "1, " "1, " "1, " "1, " "1, " "1, " "1, " "1, " "1, " "1, " "1, " "1, " "1, " "1, " "1, " "1, " "1, " "1, " "1, " "1, " "1, " "1, " "1, " "1, " "1, " "1, " "1, " "1, " "1, " "1, "0
 "Nei130, 0.2, " "-0.483, " "1, " "1, " "1, " "1, " "1, " "1, " "1, " "1, " "1, " "1, " "1, " "1, " "1, " "1, " "1, " "1, " "1, " "1, " "1, " "1, " "1, " "1, " "1, " "1, " "1, " "1, " "1, " "1, " "1, " "1, " "1, " "1, " "1, " "1, " "1, " "1, " "1, " "1, " "1, " "1, " "1, " "1, " "1, " "1, " "1, " "1, " "1, " "1, " "1, " "1, " "1, " "1, " "1, " "1, " "1, " "1, " "1, " "1, " "1, " "1, " "1, " "1, " "1, " "1, " "1, " "1, " "1, " "1, " "1, " "1, " "1, " "1, " "1, " "1, " "1, " "1, " "1, " "1, " "1, " "1, " "1, " "1, " "1, " "1, " "1, " "1, " "1, " "1, " "1, " "1, " "1, " "1, " "1, " "1, " "1, " "1, " "1, " "1, " "1, " "1, " "1, " "1, " "1, " "1, " "1, " "1, " "1, " "1, " "1, " "1, " "1, " "1, " "1, " "1, " "1, " "1, " "1, " "1, " "1, " "1, " "1, " "1, " "1, " "1, " "1, " "1, " "1, " "1, " "1, " "1, " "0, " "1, " "1, " "1, " "1, " "1, " "1, " "1, " "1, " "1, " "1, " "1, " "1, " "1, " "1, " "1, " "1, " "1, " "1, " "1, " "1, " "1, " "1, " "1, " "1, " "1, " "1, " "1, " "1, " "1, " "1, " "1, " "1, " "1, " "1, " "1, " "1, " "1, " "1, " "1, " "1, " "1, " "1, " "1, " "1, " "1, " "1, " "1, " "1, " "1, " "1, " "1, " "1, " "1, " "1, " "1, " "1, " "1, " "1, " "1, " "1, " "1, " "1, " "1, " "1, " "1, " "1, " "1, " "1, " "1, " "1, " "1, " "1, " "1, " "1, " "1, " "1, " "1, " "1, " "1, " "1, " "1, " "1, " "1, " "1, " "1, " "1, " "1, " "1, " "1, " "1, " "1, " "1, " "1, " "1, " "1, " "1, " "1, " "1, " "1, " "1, " "1, " "1, " "1, " "1, " "1, " "1, " "1, " "1, " "1, " "1, " "1, " "1, " "1, " "1, " "1, " "1, " "1, " "1, " "1, " "1, " "1, " "1, " "1, " "1, " "1, " "1, " "1, " "1, " "1, " "1, " "1, " "1, " "1, " "1, " "1, " "1, " "1, " "1, " "1, " "1, " "1, " "1, " "1, " "1, " "1, " "1, " "1, " "1, " "1, " "1, " "1, " "1, " "1, " "1, " "1, " "1, " "1, " "1, " "1, " "1, " "1, " "1, " "1, " "1, " "1, " "1, " "1, " "1, " "1, " "1, " "1, " "1, " "1, " "1, " "1, " "1, " "1, " "1, " "1, " "1, " "1, " "1, " "1, " "1, " "1, " "1, " "1, " "1, " "1, " "1, " "1, " "1, " "1, " "1, " "1, " "1, " "1, " "1, " "1, " "1, " "1, " "1, " "1, " "1, " "1, " "1, " "1, " "1, " "1, " "1, " "1, " "1, " "1, " "1, " "1, " "1, " "1, " "1, " "1, " "1, " "1, " "1, " "1, " "1, " "1, " "1, " "1, " "1, " "1, " "1, " "1, " "1, " "1, " "1, " "1, " "1, " "1, " "1, " "1, " "1, " "1, " "1, " "1, " "1, " "1, " "1, " "1, " "1, " "1, " "1, " "1, " "1, " "1, " "1, " "1, " "1, " "1, " "1, " "1, " "1, " "1, " "1, " "1, " "1, " "1, " "1, " "1, " "1, " "1, " "1, " "1, " "1, " "1, " "1, " "1, " "1, " "1, " "1, " "1, " "1, " "1, " "1, " "1, " "1, " "1, " "1, " "1, " "1, " "1, " "1, " "1, " "1, " "1, " "1, " "1, " "1, " "1, " "1, " "1, " "1, " "1, " "1, " "1, " "1, " "1, " "1, " "1, " "1, " "1, " "1, " "1, " "1, " "1, " "1, " "1, " "1, " "1, " "1, " "1, " "1, " "1, " "1, " "1, " "1, " "1, " "1, " "1, " "1, " "1, " "1, " "1, " "1, " "1, " "1, " "1, " "1, " "1, " "1, " "1, " "1, " "1, " "1, " "1, " "1, " "1, " "1, " "1, " "1, " "1, " "1, " "1, " "1, " "1, " "1, " "1, " "1, " "1, " "1, " "1, " "1, " "1, " "1, " "1, " "1, " "1, " "1, " "1, " "1, " "1, " "1, " "1, " "1, " "1, " "1, " "1, " "1, " "1, " "1, " "1, " "1, " "1, " "1, "0
 "Nei131, 0.316, " "-0.203, " "1, " "1, " "1, " "1, " "1, " "1, " "1, " "1, " "1, " "1, " "1, " "1, " "1, " "1, " "1, " "1, " "1, " "1, " "1, " "1, " "1, " "1, " "1, " "1, " "1, " "1, " "1, " "1, " "1, " "1, " "1, " "1, " "1, " "1, " "1, " "1, " "1, " "1, " "1, " "1, " "1, " "1, " "1, " "1, " "1, " "1, " "1, " "1, " "1, " "1, " "1, " "1, " "1, " "1, " "1, " "1, " "1, " "1, " "1, " "1, " "1, " "1, " "1, " "1, " "1, " "1, " "1, " "1, " "1, " "1, " "1, " "1, " "1, " "1, " "1, " "1, " "1, " "1, " "1, " "1, " "1, " "1, " "1, " "1, " "1, " "1, " "1, " "1, " "1, " "1, " "1, " "1, " "1, " "1, " "1, " "1, " "1, " "1, " "1, " "1, " "1, " "1, " "1, " "1, " "1, " "1, " "1, " "1, " "1, " "1, " "1, " "1, " "1, " "1, " "1, " "1, " "1, " "1, " "1, " "1, " "1, " "1, " "1, " "1, " "1, " "1, " "1, " "1, " "1, " "1, " "1, " "0, " "1, " "1, " "1, " "1, " "1, " "1, " "1, " "1, " "1, " "1, " "1, " "1, " "1, " "1, " "1, " "1, " "1, " "1, " "1, " "1, " "1, " "1, " "1, " "1, " "1, " "1, " "1, " "1, " "1, " "1, " "1, " "1, " "1, " "1, " "1, " "1, " "1, " "1, " "1, " "1, " "1, " "1, " "1, " "1, " "1, " "1, " "1, " "1, " "1, " "1, " "1, " "1, " "1, " "1, " "1, " "1, " "1, " "1, " "1, " "1, " "1, " "1, " "1, " "1, " "1, " "1, " "1, " "1, " "1, " "1, " "1, " "1, " "1, " "1, " "1, " "1, " "1, " "1, " "1, " "1, " "1, " "1, " "1, " "1, " "1, " "1, " "1, " "1, " "1, " "1, " "1, " "1, " "1, " "1, " "1, " "1, " "1, " "1, " "1, " "1, " "1, " "1, " "1, " "1, " "1, " "1, " "1, " "1, " "1, " "1, " "1, " "1, " "1, " "1, " "1, " "1, " "1, " "1, " "1, " "1, " "1, " "1, " "1, " "1, " "1, " "1, " "1, " "1, " "1, " "1, " "1, " "1, " "1, " "1, " "1, " "1, " "1, " "1, " "1, " "1, " "1, " "1, " "1, " "1, " "1, " "1, " "1, " "1, " "1, " "1, " "1, " "1, " "1, " "1, " "1, " "1, " "1, " "1, " "1, " "1, " "1, " "1, " "1, " "1, " "1, " "1, " "1, " "1, " "1, " "1, " "1, " "1, " "1, " "1, " "1, " "1, " "1, " "1, " "1, " "1, " "1, " "1, " "1, " "1, " "1, " "1, " "1, " "1, " "1, " "1, " "1, " "1, " "1, " "1, " "1, " "1, " "1, " "1, " "1, " "1, " "1, " "1, " "1, " "1, " "1, " "1, " "1, " "1, " "1, " "1, " "1, " "1, " "1, " "1, " "1, " "1, " "1, " "1, " "1, " "1, " "1, " "1, " "1, " "1, " "1, " "1, " "1, " "1, " "1, " "1, " "1, " "1, " "1, " "1, " "1, " "1, " "1, " "1, " "1, " "1, " "1, " "1, " "1, " "1, " "1, " "1, " "1, " "1, " "1, " "1, " "1, " "1, " "1, " "1, " "1, " "1, " "1, " "1, " "1, " "1, " "1, " "1, " "1, " "1, " "1, " "1, " "1, " "1, " "1, " "1, " "1, " "1, " "1, " "1, " "1, " "1, " "1, " "1, " "1, " "1, " "1, " "1, " "1, " "1, " "1, " "1, " "1, " "1, " "1, " "1, " "1, " "1, " "1, " "1, " "1, " "1, " "1, " "1, " "1, " "1, " "1, " "1, " "1, " "1, " "1, " "1, " "1, " "1, " "1, " "1, " "1, " "1, " "1, " "1, " "1, " "1, " "1, " "1, " "1, " "1, " "1, " "1, " "1, " "1, " "1, " "1, " "1, " "1, " "1, " "1, " "1, " "1, " "1, " "1, " "1, " "1, " "1, " "1, " "1, " "1, " "1, " "1, " "1, " "1, " "1, " "1, " "1, " "1, " "1, " "1, " "1, " "1, " "1, " "1, " "1, " "1, " "1, " "1, " "1, " "1, " "1, " "1, " "1, " "1, " "1, " "1, " "1, " "1, " "1, " "1, " "1, " "1, " "1, " "1, " "1, " "1, " "1, " "1, " "1, " "1, " "1, "0
 "Nei132, 0.366, " "0.548, " "1, " "1, " "1, " "1, " "1, " "1, " "1, " "1, " "1, " "1, " "1, " "1, " "1, " "1, " "1, " "1, " "1, " "1, " "1, " "1, " "1, " "1, " "1, " "1, " "1, " "1, " "1, " "1, " "1, " "1, " "1, " "1, " "1, " "1, " "1, " "1, " "1, " "1, " "1, " "1, " "1, " "1, " "1, " "1, " "1, " "1, " "1, " "1, " "1, " "1, " "1, " "1, " "1, " "1, " "1, " "1, " "1, " "1, " "1, " "1, " "1, " "1, " "1, " "1, " "1, " "1, " "1, " "1, " "1, " "1, " "1, " "1, " "1, " "1, " "1, " "1, " "1, " "1, " "1, " "1, " "1, " "1, " "1, " "1, " "1, " "1, " "1, " "1, " "1, " "1, " "1, " "1, " "1, " "1, " "1, " "1, " "1, " "1, " "1, " "1, " "1, " "1, " "1, " "1, " "1, " "1, " "1, " "1, " "1, " "1, " "1, " "1, " "1, " "1, " "1, " "1, " "1, " "1, " "1, " "1, " "1, " "1, " "1, " "1, " "1, " "1, " "1, " "1, " "1, " "1, " "1, " "1, " "0, " "1, " "1, " "1, " "1, " "1, " "1, " "1, " "1, " "1, " "1, " "1, " "1, " "1, " "1, " "1, " "1, " "1, " "1, " "1, " "1, " "1, " "1, " "1, " "1, " "1, " "1, " "1, " "1, " "1, " "1, " "1, " "1, " "1, " "1, " "1, " "1, " "1, " "1, " "1, " "1, " "1, " "1, " "1, " "1, " "1, " "1, " "1, " "1, " "1, " "1, " "1, " "1, " "1, " "1, " "1, " "1, " "1, " "1, " "1, " "1, " "1, " "1, " "1, " "1, " "1, " "1, " "1, " "1, " "1, " "1, " "1, " "1, " "1, " "1, " "1, " "1, " "1, " "1, " "1, " "1, " "1, " "1, " "1, " "1, " "1, " "1, " "1, " "1, " "1, " "1, " "1, " "1, " "1, " "1, " "1, " "1, " "1, " "1, " "1, " "1, " "1, " "1, " "1, " "1, " "1, " "1, " "1, " "1, " "1, " "1, " "1, " "1, " "1, " "1, " "1, " "1, " "1, " "1, " "1, " "1, " "1, " "1, " "1, " "1, " "1, " "1, " "1, " "1, " "1, " "1, " "1, " "1, " "1, " "1, " "1, " "1, " "1, " "1, " "1, " "1, " "1, " "1, " "1, " "1, " "1, " "1, " "1, " "1, " "1, " "1, " "1, " "1, " "1, " "1, " "1, " "1, " "1, " "1, " "1, " "1, " "1, " "1, " "1, " "1, " "1, " "1, " "1, " "1, " "1, " "1, " "1, " "1, " "1, " "1, " "1, " "1, " "1, " "1, " "1, " "1, " "1, " "1, " "1, " "1, " "1, " "1, " "1, " "1, " "1, " "1, " "1, " "1, " "1, " "1, " "1, " "1, " "1, " "1, " "1, " "1, " "1, " "1, " "1, " "1, " "1, " "1, " "1, " "1, " "1, " "1, " "1, " "1, " "1, " "1, " "1, " "1, " "1, " "1, " "1, " "1, " "1, " "1, " "1, " "1, " "1, " "1, " "1, " "1, " "1, " "1, " "1, " "1, " "1, " "1, " "1, " "1, " "1, " "1, " "1, " "1, " "1, " "1, " "1, " "1, " "1, " "1, " "1, " "1, " "1, " "1, " "1, " "1, " "1, " "1, " "1, " "1, " "1, " "1, " "1, " "1, " "1, " "1, " "1, " "1, " "1, " "1, " "1, " "1, " "1, " "1, " "1, " "1, " "1, " "1, " "1, " "1, " "1, " "1, " "1, " "1, " "1, " "1, " "1, " "1, " "1, " "1, " "1, " "1, " "1, " "1, " "1, " "1, " "1, " "1, " "1, " "1, " "1, " "1, " "1, " "1, " "1, " "1, " "1, " "1, " "1, " "1, " "1, " "1, " "1, " "1, " "1, " "1, " "1, " "1, " "1, " "1, " "1, " "1, " "1, " "1, " "1, " "1, " "1, " "1, " "1, " "1, " "1, " "1, " "1, " "1, " "1, " "1, " "1, " "1, " "1, " "1, " "1, " "1, " "1, " "1, " "1, " "1, " "1, " "1, " "1, " "1, " "1, " "1, " "1, " "1, " "1, " "1, " "1, " "1, " "1, " "1, " "1, " "1, " "1, " "1, " "1, " "1, " "1, " "1, " "1, " "1, " "1, " "1, " "1, " "1, " "1, " "1, " "1, " "1, " "1, " "1, " "1, " "1, " "1, " "1, "0
 "Nei133, 0.306, " "0.401, " "1, " "1, " "1, " "1, " "1, " "1, " "1, " "1, " "1, " "1, " "1, " "1, " "1, " "1, " "1, " "1, " "1, " "1, " "1, " "1, " "1, " "1, " "1, " "1, " "1, " "1, " "1, " "1, " "1, " "1, " "1, " "1, " "1, " "1, " "1, " "1, " "1, " "1, " "1, " "1, " "1, " "1, " "1, " "1, " "1, " "1, " "1, " "1, " "1, " "1, " "1, " "1, " "1, " "1, " "1, " "1, " "1, " "1, " "1, " "1, " "1, " "1, " "1, " "1, " "1, " "1, " "1, " "1, " "1, " "1, " "1, " "1, " "1, " "1, " "1, " "1, " "1, " "1, " "1, " "1, " "1, " "1, " "1, " "1, " "1, " "1, " "1, " "1, " "1, " "1, " "1, " "1, " "1, " "1, " "1, " "1, " "1, " "1, " "1, " "1, " "1, " "1, " "1, " "1, " "1, " "1, " "1, " "1, " "1, " "1, " "1, " "1, " "1, " "1, " "1, " "1, " "1, " "1, " "1, " "1, " "1, " "1, " "1, " "1, " "1, " "1, " "1, " "1, " "1, " "1, " "1, " "1, " "1, " "0, " "1, " "1, " "1, " "1, " "1, " "1, " "1, " "1, " "1, " "1, " "1, " "1, " "1, " "1, " "1, " "1, " "1, " "1, " "1, " "1, " "1, " "1, " "1, " "1, " "1, " "1, " "1, " "1, " "1, " "1, " "1, " "1, " "1, " "1, " "1, " "1, " "1, " "1, " "1, " "1, " "1, " "1, " "1, " "1, " "1, " "1, " "1, " "1, " "1, " "1, " "1, " "1, " "1, " "1, " "1, " "1, " "1, " "1, " "1, " "1, " "1, " "1, " "1, " "1, " "1, " "1, " "1, " "1, " "1, " "1, " "1, " "1, " "1, " "1, " "1, " "1, " "1, " "1, " "1, " "1, " "1, " "1, " "1, " "1, " "1, " "1, " "1, " "1, " "1, " "1, " "1, " "1, " "1, " "1, " "1, " "1, " "1, " "1, " "1, " "1, " "1, " "1, " "1, " "1, " "1, " "1, " "1, " "1, " "1, " "1, " "1, " "1, " "1, " "1, " "1, " "1, " "1, " "1, " "1, " "1, " "1, " "1, " "1, " "1, " "1, " "1, " "1, " "1, " "1, " "1, " "1, " "1, " "1, " "1, " "1, " "1, " "1, " "1, " "1, " "1, " "1, " "1, " "1, " "1, " "1, " "1, " "1, " "1, " "1, " "1, " "1, " "1, " "1, " "1, " "1, " "1, " "1, " "1, " "1, " "1, " "1, " "1, " "1, " "1, " "1, " "1, " "1, " "1, " "1, " "1, " "1, " "1, " "1, " "1, " "1, " "1, " "1, " "1, " "1, " "1, " "1, " "1, " "1, " "1, " "1, " "1, " "1, " "1, " "1, " "1, " "1, " "1, " "1, " "1, " "1, " "1, " "1, " "1, " "1, " "1, " "1, " "1, " "1, " "1, " "1, " "1, " "1, " "1, " "1, " "1, " "1, " "1, " "1, " "1, " "1, " "1, " "1, " "1, " "1, " "1, " "1, " "1, " "1, " "1, " "1, " "1, " "1, " "1, " "1, " "1, " "1, " "1, " "1, " "1, " "1, " "1, " "1, " "1, " "1, " "1, " "1, " "1, " "1, " "1, " "1, " "1, " "1, " "1, " "1, " "1, " "1, " "1, " "1, " "1, " "1, " "1, " "1, " "1, " "1, " "1, " "1, " "1, " "1, " "1, " "1, " "1, " "1, " "1, " "1, " "1, " "1, " "1, " "1, " "1, " "1, " "1, " "1, " "1, " "1, " "1, " "1, " "1, " "1, " "1, " "1, " "1, " "1, " "1, " "1, " "1, " "1, " "1, " "1, " "1, " "1, " "1, " "1, " "1, " "1, " "1, " "1, " "1, " "1, " "1, " "1, " "1, " "1, " "1, " "1, " "1, " "1, " "1, " "1, " "1, " "1, " "1, " "1, " "1, " "1, " "1, " "1, " "1, " "1, " "1, " "1, " "1, " "1, " "1, " "1, " "1, " "1, " "1, " "1, " "1, " "1, " "1, " "1, " "1, " "1, " "1, " "1, " "1, " "1, " "1, " "1, " "1, " "1, " "1, " "1, " "1, " "1, " "1, " "1, " "1, " "1, " "1, " "1, " "1, " "1, " "1, " "1, " "1, " "1, " "1, " "1, " "1, " "1, " "1, " "1, " "1, " "1, " "1, " "1, " "1, " "1, " "1, " "1, " "1, " "1, "0
 "Nei134, 0.132, " "-0.407, " "1, " "1, " "1, " "1, " "1, " "1, " "1, " "1, " "1, " "1, " "1, " "1, " "1, " "1, " "1, " "1, " "1, " "1, " "1, " "1, " "1, " "1, " "1, " "1, " "1, " "1, " "1, " "1, " "1, " "1, " "1, " "1, " "1, " "1, " "1, " "1, " "1, " "1, " "1, " "1, " "1, " "1, " "1, " "1, " "1, " "1, " "1, " "1, " "1, " "1, " "1, " "1, " "1, " "1, " "1, " "1, " "1, " "1, " "1, " "1, " "1, " "1, " "1, " "1, " "1, " "1, " "1, " "1, " "1, " "1, " "1, " "1, " "1, " "1, " "1, " "1, " "1, " "1, " "1, " "1, " "1, " "1, " "1, " "1, " "1, " "1, " "1, " "1, " "1, " "1, " "1, " "1, " "1, " "1, " "1, " "1, " "1, " "1, " "1, " "1, " "1, " "1, " "1, " "1, " "1, " "1, " "1, " "1, " "1, " "1, " "1, " "1, " "1, " "1, " "1, " "1, " "1, " "1, " "1, " "1, " "1, " "1, " "1, " "1, " "1, " "1, " "1, " "1, " "1, " "1, " "1, " "1, " "1, " "1, " "0, " "1, " "1, " "1, " "1, " "1, " "1, " "1, " "1, " "1, " "1, " "1, " "1, " "1, " "1, " "1, " "1, " "1, " "1, " "1, " "1, " "1, " "1, " "1, " "1, " "1, " "1, " "1, " "1, " "1, " "1, " "1, " "1, " "1, " "1, " "1, " "1, " "1, " "1, " "1, " "1, " "1, " "1, " "1, " "1, " "1, " "1, " "1, " "1, " "1, " "1, " "1, " "1, " "1, " "1, " "1, " "1, " "1, " "1, " "1, " "1, " "1, " "1, " "1, " "1, " "1, " "1, " "1, " "1, " "1, " "1, " "1, " "1, " "1, " "1, " "1, " "1, " "1, " "1, " "1, " "1, " "1, " "1, " "1, " "1, " "1, " "1, " "1, " "1, " "1, " "1, " "1, " "1, " "1, " "1, " "1, " "1, " "1, " "1, " "1, " "1, " "1, " "1, " "1, " "1, " "1, " "1, " "1, " "1, " "1, " "1, " "1, " "1, " "1, " "1, " "1, " "1, " "1, " "1, " "1, " "1, " "1, " "1, " "1, " "1, " "1, " "1, " "1, " "1, " "1, " "1, " "1, " "1, " "1, " "1, " "1, " "1, " "1, " "1, " "1, " "1, " "1, " "1, " "1, " "1, " "1, " "1, " "1, " "1, " "1, " "1, " "1, " "1, " "1, " "1, " "1, " "1, " "1, " "1, " "1, " "1, " "1, " "1, " "1, " "1, " "1, " "1, " "1, " "1, " "1, " "1, " "1, " "1, " "1, " "1, " "1, " "1, " "1, " "1, " "1, " "1, " "1, " "1, " "1, " "1, " "1, " "1, " "1, " "1, " "1, " "1, " "1, " "1, " "1, " "1, " "1, " "1, " "1, " "1, " "1, " "1, " "1, " "1, " "1, " "1, " "1, " "1, " "1, " "1, " "1, " "1, " "1, " "1, " "1, " "1, " "1, " "1, " "1, " "1, " "1, " "1, " "1, " "1, " "1, " "1, " "1, " "1, " "1, " "1, " "1, " "1, " "1, " "1, " "1, " "1, " "1, " "1, " "1, " "1, " "1, " "1, " "1, " "1, " "1, " "1, " "1, " "1, " "1, " "1, " "1, " "1, " "1, " "1, " "1, " "1, " "1, " "1, " "1, " "1, " "1, " "1, " "1, " "1, " "1, " "1, " "1, " "1, " "1, " "1, " "1, " "1, " "1, " "1, " "1, " "1, " "1, " "1, " "1, " "1, " "1, " "1, " "1, " "1, " "1, " "1, " "1, " "1, " "1, " "1, " "1, " "1, " "1, " "1, " "1, " "1, " "1, " "1, " "1, " "1, " "1, " "1, " "1, " "1, " "1, " "1, " "1, " "1, " "1, " "1, " "1, " "1, " "1, " "1, " "1, " "1, " "1, " "1, " "1, " "1, " "1, " "1, " "1, " "1, " "1, " "1, " "1, " "1, " "1, " "1, " "1, " "1, " "1, " "1, " "1, " "1, " "1, " "1, " "1, " "1, " "1, " "1, " "1, " "1, " "1, " "1, " "1, " "1, " "1, " "1, " "1, " "1, " "1, " "1, " "1, " "1, " "1, " "1, " "1, " "1, " "1, " "1, " "1, " "1, " "1, " "1, " "1, " "1, " "1, " "1, " "1, " "1, " "1, " "1, " "1, " "1, " "1, " "1, " "1, " "1, "0
 "Nei135, 0.162, " "0.914, " "1, " "1, " "1, " "1, " "1, " "1, " "1, " "1, " "1, " "1, " "1, " "1, " "1, " "1, " "1, " "1, " "1, " "1, " "1, " "1, " "1, " "1, " "1, " "1, " "1, " "1, " "1, " "1, " "1, " "1, " "1, " "1, " "1, " "1, " "1, " "1, " "1, " "1, " "1, " "1, " "1, " "1, " "1, " "1, " "1, " "1, " "1, " "1, " "1, " "1, " "1, " "1, " "1, " "1, " "1, " "1, " "1, " "1, " "1, " "1, " "1, " "1, " "1, " "1, " "1, " "1, " "1, " "1, " "1, " "1, " "1, " "1, " "1, " "1, " "1, " "1, " "1, " "1, " "1, " "1, " "1, " "1, " "1, " "1, " "1, " "1, " "1, " "1, " "1, " "1, " "1, " "1, " "1, " "1, " "1, " "1, " "1, " "1, " "1, " "1, " "1, " "1, " "1, " "1, " "1, " "1, " "1, " "1, " "1, " "1, " "1, " "1, " "1, " "1, " "1, " "1, " "1, " "1, " "1, " "1, " "1, " "1, " "1, " "1, " "1, " "1, " "1, " "1, " "1, " "1, " "1, " "1, " "1, " "1, " "1, " "0, " "1, " "1, " "1, " "1, " "1, " "1, " "1, " "1, " "1, " "1, " "1, " "1, " "1, " "1, " "1, " "1, " "1, " "1, " "1, " "1, " "1, " "1, " "1, " "1, " "1, " "1, " "1, " "1, " "1, " "1, " "1, " "1, " "1, " "1, " "1, " "1, " "1, " "1, " "1, " "1, " "1, " "1, " "1, " "1, " "1, " "1, " "1, " "1, " "1, " "1, " "1, " "1, " "1, " "1, " "1, " "1, " "1, " "1, " "1, " "1, " "1, " "1, " "1, " "1, " "1, " "1, " "1, " "1, " "1, " "1, " "1, " "1, " "1, " "1, " "1, " "1, " "1, " "1, " "1, " "1, " "1, " "1, " "1, " "1, " "1, " "1, " "1, " "1, " "1, " "1, " "1, " "1, " "1, " "1, " "1, " "1, " "1, " "1, " "1, " "1, " "1, " "1, " "1, " "1, " "1, " "1, " "1, " "1, " "1, " "1, " "1, " "1, " "1, " "1, " "1, " "1, " "1, " "1, " "1, " "1, " "1, " "1, " "1, " "1, " "1, " "1, " "1, " "1, " "1, " "1, " "1, " "1, " "1, " "1, " "1, " "1, " "1, " "1, " "1, " "1, " "1, " "1, " "1, " "1, " "1, " "1, " "1, " "1, " "1, " "1, " "1, " "1, " "1, " "1, " "1, " "1, " "1, " "1, " "1, " "1, " "1, " "1, " "1, " "1, " "1, " "1, " "1, " "1, " "1, " "1, " "1, " "1, " "1, " "1, " "1, " "1, " "1, " "1, " "1, " "1, " "1, " "1, " "1, " "1, " "1, " "1, " "1, " "1, " "1, " "1, " "1, " "1, " "1, " "1, " "1, " "1, " "1, " "1, " "1, " "1, " "1, " "1, " "1, " "1, " "1, " "1, " "1, " "1, " "1, " "1, " "1, " "1, " "1, " "1, " "1, " "1, " "1, " "1, " "1, " "1, " "1, " "1, " "1, " "1, " "1, " "1, " "1, " "1, " "1, " "1, " "1, " "1, " "1, " "1, " "1, " "1, " "1, " "1, " "1, " "1, " "1, " "1, " "1, " "1, " "1, " "1, " "1, " "1, " "1, " "1, " "1, " "1, " "1, " "1, " "1, " "1, " "1, " "1, " "1, " "1, " "1, " "1, " "1, " "1, " "1, " "1, " "1, " "1, " "1, " "1, " "1, " "1, " "1, " "1, " "1, " "1, " "1, " "1, " "1, " "1, " "1, " "1, " "1, " "1, " "1, " "1, " "1, " "1, " "1, " "1, " "1, " "1, " "1, " "1, " "1, " "1, " "1, " "1, " "1, " "1, " "1, " "1, " "1, " "1, " "1, " "1, " "1, " "1, " "1, " "1, " "1, " "1, " "1, " "1, " "1, " "1, " "1, " "1, " "1, " "1, " "1, " "1, " "1, " "1, " "1, " "1, " "1, " "1, " "1, " "1, " "1, " "1, " "1, " "1, " "1, " "1, " "1, " "1, " "1, " "1, " "1, " "1, " "1, " "1, " "1, " "1, " "1, " "1, " "1, " "1, " "1, " "1, " "1, " "1, " "1, " "1, " "1, " "1, " "1, " "1, " "1, " "1, " "1, " "1, " "1, " "1, " "1, " "1, " "1, " "1, " "1, " "1, " "1, " "1, " "1, " "1, " "1, "0
 "Nei136, 0.353, " "0.851, " "1, " "1, " "1, " "1, " "1, " "1, " "1, " "1, " "1, " "1, " "1, " "1, " "1, " "1, " "1, " "1, " "1, " "1, " "1, " "1, " "1, " "1, " "1, " "1, " "1, " "1, " "1, " "1, " "1, " "1, " "1, " "1, " "1, " "1, " "1, " "1, " "1, " "1, " "1, " "1, " "1, " "1, " "1, " "1, " "1, " "1, " "1, " "1, " "1, " "1, " "1, " "1, " "1, " "1, " "1, " "1, " "1, " "1, " "1, " "1, " "1, " "1, " "1, " "1, " "1, " "1, " "1, " "1, " "1, " "1, " "1, " "1, " "1, " "1, " "1, " "1, " "1, " "1, " "1, " "1, " "1, " "1, " "1, " "1, " "1, " "1, " "1, " "1, " "1, " "1, " "1, " "1, " "1, " "1, " "1, " "1, " "1, " "1, " "1, " "1, " "1, " "1, " "1, " "1, " "1, " "1, " "1, " "1, " "1, " "1, " "1, " "1, " "1, " "1, " "1, " "1, " "1, " "1, " "1, " "1, " "1, " "1, " "1, " "1, " "1, " "1, " "1, " "1, " "1, " "1, " "1, " "1, " "1, " "1, " "1, " "1, " "0, " "1, " "1, " "1, " "1, " "1, " "1, " "1, " "1, " "1, " "1, " "1, " "1, " "1, " "1, " "1, " "1, " "1, " "1, " "1, " "1, " "1, " "1, " "1, " "1, " "1, " "1, " "1, " "1, " "1, " "1, " "1, " "1, " "1, " "1, " "1, " "1, " "1, " "1, " "1, " "1, " "1, " "1, " "1, " "1, " "1, " "1, " "1, " "1, " "1, " "1, " "1, " "1, " "1, " "1, " "1, " "1, " "1, " "1, " "1, " "1, " "1, " "1, " "1, " "1, " "1, " "1, " "1, " "1, " "1, " "1, " "1, " "1, " "1, " "1, " "1, " "1, " "1, " "1, " "1, " "1, " "1, " "1, " "1, " "1, " "1, " "1, " "1, " "1, " "1, " "1, " "1, " "1, " "1, " "1, " "1, " "1, " "1, " "1, " "1, " "1, " "1, " "1, " "1, " "1, " "1, " "1, " "1, " "1, " "1, " "1, " "1, " "1, " "1, " "1, " "1, " "1, " "1, " "1, " "1, " "1, " "1, " "1, " "1, " "1, " "1, " "1, " "1, " "1, " "1, " "1, " "1, " "1, " "1, " "1, " "1, " "1, " "1, " "1, " "1, " "1, " "1, " "1, " "1, " "1, " "1, " "1, " "1, " "1, " "1, " "1, " "1, " "1, " "1, " "1, " "1, " "1, " "1, " "1, " "1, " "1, " "1, " "1, " "1, " "1, " "1, " "1, " "1, " "1, " "1, " "1, " "1, " "1, " "1, " "1, " "1, " "1, " "1, " "1, " "1, " "1, " "1, " "1, " "1, " "1, " "1, " "1, " "1, " "1, " "1, " "1, " "1, " "1, " "1, " "1, " "1, " "1, " "1, " "1, " "1, " "1, " "1, " "1, " "1, " "1, " "1, " "1, " "1, " "1, " "1, " "1, " "1, " "1, " "1, " "1, " "1, " "1, " "1, " "1, " "1, " "1, " "1, " "1, " "1, " "1, " "1, " "1, " "1, " "1, " "1, " "1, " "1, " "1, " "1, " "1, " "1, " "1, " "1, " "1, " "1, " "1, " "1, " "1, " "1, " "1, " "1, " "1, " "1, " "1, " "1, " "1, " "1, " "1, " "1, " "1, " "1, " "1, " "1, " "1, " "1, " "1, " "1, " "1, " "1, " "1, " "1, " "1, " "1, " "1, " "1, " "1, " "1, " "1, " "1, " "1, " "1, " "1, " "1, " "1, " "1, " "1, " "1, " "1, " "1, " "1, " "1, " "1, " "1, " "1, " "1, " "1, " "1, " "1, " "1, " "1, " "1, " "1, " "1, " "1, " "1, " "1, " "1, " "1, " "1, " "1, " "1, " "1, " "1, " "1, " "1, " "1, " "1, " "1, " "1, " "1, " "1, " "1, " "1, " "1, " "1, " "1, " "1, " "1, " "1, " "1, " "1, " "1, " "1, " "1, " "1, " "1, " "1, " "1, " "1, " "1, " "1, " "1, " "1, " "1, " "1, " "1, " "1, " "1, " "1, " "1, " "1, " "1, " "1, " "1, " "1, " "1, " "1, " "1, " "1, " "1, " "1, " "1, " "1, " "1, " "1, " "1, " "1, " "1, " "1, " "1, " "1, " "1, " "1, " "1, " "1, " "1, " "1, " "1, " "1, " "1, " "1, " "1, "0
 "Nei137, 0.077, " "-0.889, " "1, " "1, " "1, " "1, " "1, " "1, " "1, " "1, " "1, " "1, " "1, " "1, " "1, " "1, " "1, " "1, " "1, " "1, " "1, " "1, " "1, " "1, " "1, " "1, " "1, " "1, " "1, " "1, " "1, " "1, " "1, " "1, " "1, " "1, " "1, " "1, " "1, " "1, " "1, " "1, " "1, " "1, " "1, " "1, " "1, " "1, " "1, " "1, " "1, " "1, " "1, " "1, " "1, " "1, " "1, " "1, " "1, " "1, " "1, " "1, " "1, " "1, " "1, " "1, " "1, " "1, " "1, " "1, " "1, " "1, " "1, " "1, " "1, " "1, " "1, " "1, " "1, " "1, " "1, " "1, " "1, " "1, " "1, " "1, " "1, " "1, " "1, " "1, " "1, " "1, " "1, " "1, " "1, " "1, " "1, " "1, " "1, " "1, " "1, " "1, " "1, " "1, " "1, " "1, " "1, " "1, " "1, " "1, " "1, " "1, " "1, " "1, " "1, " "1, " "1, " "1, " "1, " "1, " "1, " "1, " "1, " "1, " "1, " "1, " "1, " "1, " "1, " "1, " "1, " "1, " "1, " "1, " "1, " "1, " "1, " "1, " "1, " "0, " "1, " "1, " "1, " "1, " "1, " "1, " "1, " "1, " "1, " "1, " "1, " "1, " "1, " "1, " "1, " "1, " "1, " "1, " "1, " "1, " "1, " "1, " "1, " "1, " "1, " "1, " "1, " "1, " "1, " "1, " "1, " "1, " "1, " "1, " "1, " "1, " "1, " "1, " "1, " "1, " "1, " "1, " "1, " "1, " "1, " "1, " "1, " "1, " "1, " "1, " "1, " "1, " "1, " "1, " "1, " "1, " "1, " "1, " "1, " "1, " "1, " "1, " "1, " "1, " "1, " "1, " "1, " "1, " "1, " "1, " "1, " "1, " "1, " "1, " "1, " "1, " "1, " "1, " "1, " "1, " "1, " "1, " "1, " "1, " "1, " "1, " "1, " "1, " "1, " "1, " "1, " "1, " "1, " "1, " "1, " "1, " "1, " "1, " "1, " "1, " "1, " "1, " "1, " "1, " "1, " "1, " "1, " "1, " "1, " "1, " "1, " "1, " "1, " "1, " "1, " "1, " "1, " "1, " "1, " "1, " "1, " "1, " "1, " "1, " "1, " "1, " "1, " "1, " "1, " "1, " "1, " "1, " "1, " "1, " "1, " "1, " "1, " "1, " "1, " "1, " "1, " "1, " "1, " "1, " "1, " "1, " "1, " "1, " "1, " "1, " "1, " "1, " "1, " "1, " "1, " "1, " "1, " "1, " "1, " "1, " "1, " "1, " "1, " "1, " "1, " "1, " "1, " "1, " "1, " "1, " "1, " "1, " "1, " "1, " "1, " "1, " "1, " "1, " "1, " "1, " "1, " "1, " "1, " "1, " "1, " "1, " "1, " "1, " "1, " "1, " "1, " "1, " "1, " "1, " "1, " "1, " "1, " "1, " "1, " "1, " "1, " "1, " "1, " "1, " "1, " "1, " "1, " "1, " "1, " "1, " "1, " "1, " "1, " "1, " "1, " "1, " "1, " "1, " "1, " "1, " "1, " "1, " "1, " "1, " "1, " "1, " "1, " "1, " "1, " "1, " "1, " "1, " "1, " "1, " "1, " "1, " "1, " "1, " "1, " "1, " "1, " "1, " "1, " "1, " "1, " "1, " "1, " "1, " "1, " "1, " "1, " "1, " "1, " "1, " "1, " "1, " "1, " "1, " "1, " "1, " "1, " "1, " "1, " "1, " "1, " "1, " "1, " "1, " "1, " "1, " "1, " "1, " "1, " "1, " "1, " "1, " "1, " "1, " "1, " "1, " "1, " "1, " "1, " "1, " "1, " "1, " "1, " "1, " "1, " "1, " "1, " "1, " "1, " "1, " "1, " "1, " "1, " "1, " "1, " "1, " "1, " "1, " "1, " "1, " "1, " "1, " "1, " "1, " "1, " "1, " "1, " "1, " "1, " "1, " "1, " "1, " "1, " "1, " "1, " "1, " "1, " "1, " "1, " "1, " "1, " "1, " "1, " "1, " "1, " "1, " "1, " "1, " "1, " "1, " "1, " "1, " "1, " "1, " "1, " "1, " "1, " "1, " "1, " "1, " "1, " "1, " "1, " "1, " "1, " "1, " "1, " "1, " "1, " "1, " "1, " "1, " "1, " "1, " "1, " "1, " "1, " "1, " "1, " "1, " "1, " "1, " "1, " "1, " "1, " "1, " "1, " "1, " "1, " "1, " "1, "0
 "Nei138, 0.308, " "0.832, " "1, " "1, " "1, " "1, " "1, " "1, " "1, " "1, " "1, " "1, " "1, " "1, " "1, " "1, " "1, " "1, " "1, " "1, " "1, " "1, " "1, " "1, " "1, " "1, " "1, " "1, " "1, " "1, " "1, " "1, " "1, " "1, " "1, " "1, " "1, " "1, " "1, " "1, " "1, " "1, " "1, " "1, " "1, " "1, " "1, " "1, " "1, " "1, " "1, " "1, " "1, " "1, " "1, " "1, " "1, " "1, " "1, " "1, " "1, " "1, " "1, " "1, " "1, " "1, " "1, " "1, " "1, " "1, " "1, " "1, " "1, " "1, " "1, " "1, " "1, " "1, " "1, " "1, " "1, " "1, " "1, " "1, " "1, " "1, " "1, " "1, " "1, " "1, " "1, " "1, " "1, " "1, " "1, " "1, " "1, " "1, " "1, " "1, " "1, " "1, " "1, " "1, " "1, " "1, " "1, " "1, " "1, " "1, " "1, " "1, " "1, " "1, " "1, " "1, " "1, " "1, " "1, " "1, " "1, " "1, " "1, " "1, " "1, " "1, " "1, " "1, " "1, " "1, " "1, " "1, " "1, " "1, " "1, " "1, " "1, " "1, " "1, " "1, " "0, " "1, " "1, " "1, " "1, " "1, " "1, " "1, " "1, " "1, " "1, " "1, " "1, " "1, " "1, " "1, " "1, " "1, " "1, " "1, " "1, " "1, " "1, " "1, " "1, " "1, " "1, " "1, " "1, " "1, " "1, " "1, " "1, " "1, " "1, " "1, " "1, " "1, " "1, " "1, " "1, " "1, " "1, " "1, " "1, " "1, " "1, " "1, " "1, " "1, " "1, " "1, " "1, " "1, " "1, " "1, " "1, " "1, " "1, " "1, " "1, " "1, " "1, " "1, " "1, " "1, " "1, " "1, " "1, " "1, " "1, " "1, " "1, " "1, " "1, " "1, " "1, " "1, " "1, " "1, " "1, " "1, " "1, " "1, " "1, " "1, " "1, " "1, " "1, " "1, " "1, " "1, " "1, " "1, " "1, " "1, " "1, " "1, " "1, " "1, " "1, " "1, " "1, " "1, " "1, " "1, " "1, " "1, " "1, " "1, " "1, " "1, " "1, " "1, " "1, " "1, " "1, " "1, " "1, " "1, " "1, " "1, " "1, " "1, " "1, " "1, " "1, " "1, " "1, " "1, " "1, " "1, " "1, " "1, " "1, " "1, " "1, " "1, " "1, " "1, " "1, " "1, " "1, " "1, " "1, " "1, " "1, " "1, " "1, " "1, " "1, " "1, " "1, " "1, " "1, " "1, " "1, " "1, " "1, " "1, " "1, " "1, " "1, " "1, " "1, " "1, " "1, " "1, " "1, " "1, " "1, " "1, " "1, " "1, " "1, " "1, " "1, " "1, " "1, " "1, " "1, " "1, " "1, " "1, " "1, " "1, " "1, " "1, " "1, " "1, " "1, " "1, " "1, " "1, " "1, " "1, " "1, " "1, " "1, " "1, " "1, " "1, " "1, " "1, " "1, " "1, " "1, " "1, " "1, " "1, " "1, " "1, " "1, " "1, " "1, " "1, " "1, " "1, " "1, " "1, " "1, " "1, " "1, " "1, " "1, " "1, " "1, " "1, " "1, " "1, " "1, " "1, " "1, " "1, " "1, " "1, " "1, " "1, " "1, " "1, " "1, " "1, " "1, " "1, " "1, " "1, " "1, " "1, " "1, " "1, " "1, " "1, " "1, " "1, " "1, " "1, " "1, " "1, " "1, " "1, " "1, " "1, " "1, " "1, " "1, " "1, " "1, " "1, " "1, " "1, " "1, " "1, " "1, " "1, " "1, " "1, " "1, " "1, " "1, " "1, " "1, " "1, " "1, " "1, " "1, " "1, " "1, " "1, " "1, " "1, " "1, " "1, " "1, " "1, " "1, " "1, " "1, " "1, " "1, " "1, " "1, " "1, " "1, " "1, " "1, " "1, " "1, " "1, " "1, " "1, " "1, " "1, " "1, " "1, " "1, " "1, " "1, " "1, " "1, " "1, " "1, " "1, " "1, " "1, " "1, " "1, " "1, " "1, " "1, " "1, " "1, " "1, " "1, " "1, " "1, " "1, " "1, " "1, " "1, " "1, " "1, " "1, " "1, " "1, " "1, " "1, " "1, " "1, " "1, " "1, " "1, " "1, " "1, " "1, " "1, " "1, " "1, " "1, " "1, " "1, " "1, " "1, " "1, " "1, " "1, " "1, " "1, " "1, " "1, " "1, " "1, " "1, " "1, " "1, " "1, "0
 "Nei139, 0.18, " "-0.265, " "1, " "1, " "1, " "1, " "1, " "1, " "1, " "1, " "1, " "1, " "1, " "1, " "1, " "1, " "1, " "1, " "1, " "1, " "1, " "1, " "1, " "1, " "1, " "1, " "1, " "1, " "1, " "1, " "1, " "1, " "1, " "1, " "1, " "1, " "1, " "1, " "1, " "1, " "1, " "1, " "1, " "1, " "1, " "1, " "1, " "1, " "1, " "1, " "1, " "1, " "1, " "1, " "1, " "1, " "1, " "1, " "1, " "1, " "1, " "1, " "1, " "1, " "1, " "1, " "1, " "1, " "1, " "1, " "1, " "1, " "1, " "1, " "1, " "1, " "1, " "1, " "1, " "1, " "1, " "1, " "1, " "1, " "1, " "1, " "1, " "1, " "1, " "1, " "1, " "1, " "1, " "1, " "1, " "1, " "1, " "1, " "1, " "1, " "1, " "1, " "1, " "1, " "1, " "1, " "1, " "1, " "1, " "1, " "1, " "1, " "1, " "1, " "1, " "1, " "1, " "1, " "1, " "1, " "1, " "1, " "1, " "1, " "1, " "1, " "1, " "1, " "1, " "1, " "1, " "1, " "1, " "1, " "1, " "1, " "1, " "1, " "1, " "1, " "1, " "0, " "1, " "1, " "1, " "1, " "1, " "1, " "1, " "1, " "1, " "1, " "1, " "1, " "1, " "1, " "1, " "1, " "1, " "1, " "1, " "1, " "1, " "1, " "1, " "1, " "1, " "1, " "1, " "1, " "1, " "1, " "1, " "1, " "1, " "1, " "1, " "1, " "1, " "1, " "1, " "1, " "1, " "1, " "1, " "1, " "1, " "1, " "1, " "1, " "1, " "1, " "1, " "1, " "1, " "1, " "1, " "1, " "1, " "1, " "1, " "1, " "1, " "1, " "1, " "1, " "1, " "1, " "1, " "1, " "1, " "1, " "1, " "1, " "1, " "1, " "1, " "1, " "1, " "1, " "1, " "1, " "1, " "1, " "1, " "1, " "1, " "1, " "1, " "1, " "1, " "1, " "1, " "1, " "1, " "1, " "1, " "1, " "1, " "1, " "1, " "1, " "1, " "1, " "1, " "1, " "1, " "1, " "1, " "1, " "1, " "1, " "1, " "1, " "1, " "1, " "1, " "1, " "1, " "1, " "1, " "1, " "1, " "1, " "1, " "1, " "1, " "1, " "1, " "1, " "1, " "1, " "1, " "1, " "1, " "1, " "1, " "1, " "1, " "1, " "1, " "1, " "1, " "1, " "1, " "1, " "1, " "1, " "1, " "1, " "1, " "1, " "1, " "1, " "1, " "1, " "1, " "1, " "1, " "1, " "1, " "1, " "1, " "1, " "1, " "1, " "1, " "1, " "1, " "1, " "1, " "1, " "1, " "1, " "1, " "1, " "1, " "1, " "1, " "1, " "1, " "1, " "1, " "1, " "1, " "1, " "1, " "1, " "1, " "1, " "1, " "1, " "1, " "1, " "1, " "1, " "1, " "1, " "1, " "1, " "1, " "1, " "1, " "1, " "1, " "1, " "1, " "1, " "1, " "1, " "1, " "1, " "1, " "1, " "1, " "1, " "1, " "1, " "1, " "1, " "1, " "1, " "1, " "1, " "1, " "1, " "1, " "1, " "1, " "1, " "1, " "1, " "1, " "1, " "1, " "1, " "1, " "1, " "1, " "1, " "1, " "1, " "1, " "1, " "1, " "1, " "1, " "1, " "1, " "1, " "1, " "1, " "1, " "1, " "1, " "1, " "1, " "1, " "1, " "1, " "1, " "1, " "1, " "1, " "1, " "1, " "1, " "1, " "1, " "1, " "1, " "1, " "1, " "1, " "1, " "1, " "1, " "1, " "1, " "1, " "1, " "1, " "1, " "1, " "1, " "1, " "1, " "1, " "1, " "1, " "1, " "1, " "1, " "1, " "1, " "1, " "1, " "1, " "1, " "1, " "1, " "1, " "1, " "1, " "1, " "1, " "1, " "1, " "1, " "1, " "1, " "1, " "1, " "1, " "1, " "1, " "1, " "1, " "1, " "1, " "1, " "1, " "1, " "1, " "1, " "1, " "1, " "1, " "1, " "1, " "1, " "1, " "1, " "1, " "1, " "1, " "1, " "1, " "1, " "1, " "1, " "1, " "1, " "1, " "1, " "1, " "1, " "1, " "1, " "1, " "1, " "1, " "1, " "1, " "1, " "1, " "1, " "1, " "1, " "1, " "1, " "1, " "1, " "1, " "1, " "1, " "1, " "1, " "1, " "1, " "1, " "1, " "1, " "1, " "1, "0
 "Nei140, 0.271, " "-0.539, " "1, " "1, " "1, " "1, " "1, " "1, " "1, " "1, " "1, " "1, " "1, " "1, " "1, " "1, " "1, " "1, " "1, " "1, " "1, " "1, " "1, " "1, " "1, " "1, " "1, " "1, " "1, " "1, " "1, " "1, " "1, " "1, " "1, " "1, " "1, " "1, " "1, " "1, " "1, " "1, " "1, " "1, " "1, " "1, " "1, " "1, " "1, " "1, " "1, " "1, " "1, " "1, " "1, " "1, " "1, " "1, " "1, " "1, " "1, " "1, " "1, " "1, " "1, " "1, " "1, " "1, " "1, " "1, " "1, " "1, " "1, " "1, " "1, " "1, " "1, " "1, " "1, " "1, " "1, " "1, " "1, " "1, " "1, " "1, " "1, " "1, " "1, " "1, " "1, " "1, " "1, " "1, " "1, " "1, " "1, " "1, " "1, " "1, " "1, " "1, " "1, " "1, " "1, " "1, " "1, " "1, " "1, " "1, " "1, " "1, " "1, " "1, " "1, " "1, " "1, " "1, " "1, " "1, " "1, " "1, " "1, " "1, " "1, " "1, " "1, " "1, " "1, " "1, " "1, " "1, " "1, " "1, " "1, " "1, " "1, " "1, " "1, " "1, " "1, " "1, " "0, " "1, " "1, " "1, " "1, " "1, " "1, " "1, " "1, " "1, " "1, " "1, " "1, " "1, " "1, " "1, " "1, " "1, " "1, " "1, " "1, " "1, " "1, " "1, " "1, " "1, " "1, " "1, " "1, " "1, " "1, " "1, " "1, " "1, " "1, " "1, " "1, " "1, " "1, " "1, " "1, " "1, " "1, " "1, " "1, " "1, " "1, " "1, " "1, " "1, " "1, " "1, " "1, " "1, " "1, " "1, " "1, " "1, " "1, " "1, " "1, " "1, " "1, " "1, " "1, " "1, " "1, " "1, " "1, " "1, " "1, " "1, " "1, " "1, " "1, " "1, " "1, " "1, " "1, " "1, " "1, " "1, " "1, " "1, " "1, " "1, " "1, " "1, " "1, " "1, " "1, " "1, " "1, " "1, " "1, " "1, " "1, " "1, " "1, " "1, " "1, " "1, " "1, " "1, " "1, " "1, " "1, " "1, " "1, " "1, " "1, " "1, " "1, " "1, " "1, " "1, " "1, " "1, " "1, " "1, " "1, " "1, " "1, " "1, " "1, " "1, " "1, " "1, " "1, " "1, " "1, " "1, " "1, " "1, " "1, " "1, " "1, " "1, " "1, " "1, " "1, " "1, " "1, " "1, " "1, " "1, " "1, " "1, " "1, " "1, " "1, " "1, " "1, " "1, " "1, " "1, " "1, " "1, " "1, " "1, " "1, " "1, " "1, " "1, " "1, " "1, " "1, " "1, " "1, " "1, " "1, " "1, " "1, " "1, " "1, " "1, " "1, " "1, " "1, " "1, " "1, " "1, " "1, " "1, " "1, " "1, " "1, " "1, " "1, " "1, " "1, " "1, " "1, " "1, " "1, " "1, " "1, " "1, " "1, " "1, " "1, " "1, " "1, " "1, " "1, " "1, " "1, " "1, " "1, " "1, " "1, " "1, " "1, " "1, " "1, " "1, " "1, " "1, " "1, " "1, " "1, " "1, " "1, " "1, " "1, " "1, " "1, " "1, " "1, " "1, " "1, " "1, " "1, " "1, " "1, " "1, " "1, " "1, " "1, " "1, " "1, " "1, " "1, " "1, " "1, " "1, " "1, " "1, " "1, " "1, " "1, " "1, " "1, " "1, " "1, " "1, " "1, " "1, " "1, " "1, " "1, " "1, " "1, " "1, " "1, " "1, " "1, " "1, " "1, " "1, " "1, " "1, " "1, " "1, " "1, " "1, " "1, " "1, " "1, " "1, " "1, " "1, " "1, " "1, " "1, " "1, " "1, " "1, " "1, " "1, " "1, " "1, " "1, " "1, " "1, " "1, " "1, " "1, " "1, " "1, " "1, " "1, " "1, " "1, " "1, " "1, " "1, " "1, " "1, " "1, " "1, " "1, " "1, " "1, " "1, " "1, " "1, " "1, " "1, " "1, " "1, " "1, " "1, " "1, " "1, " "1, " "1, " "1, " "1, " "1, " "1, " "1, " "1, " "1, " "1, " "1, " "1, " "1, " "1, " "1, " "1, " "1, " "1, " "1, " "1, " "1, " "1, " "1, " "1, " "1, " "1, " "1, " "1, " "1, " "1, " "1, " "1, " "1, " "1, " "1, " "1, " "1, " "1, " "1, " "1, " "1, " "1, " "1, " "1, " "1, " "1, " "1, " "1, "0
 "Nei141, 0.283, " "-0.493, " "1, " "1, " "1, " "1, " "1, " "1, " "1, " "1, " "1, " "1, " "1, " "1, " "1, " "1, " "1, " "1, " "1, " "1, " "1, " "1, " "1, " "1, " "1, " "1, " "1, " "1, " "1, " "1, " "1, " "1, " "1, " "1, " "1, " "1, " "1, " "1, " "1, " "1, " "1, " "1, " "1, " "1, " "1, " "1, " "1, " "1, " "1, " "1, " "1, " "1, " "1, " "1, " "1, " "1, " "1, " "1, " "1, " "1, " "1, " "1, " "1, " "1, " "1, " "1, " "1, " "1, " "1, " "1, " "1, " "1, " "1, " "1, " "1, " "1, " "1, " "1, " "1, " "1, " "1, " "1, " "1, " "1, " "1, " "1, " "1, " "1, " "1, " "1, " "1, " "1, " "1, " "1, " "1, " "1, " "1, " "1, " "1, " "1, " "1, " "1, " "1, " "1, " "1, " "1, " "1, " "1, " "1, " "1, " "1, " "1, " "1, " "1, " "1, " "1, " "1, " "1, " "1, " "1, " "1, " "1, " "1, " "1, " "1, " "1, " "1, " "1, " "1, " "1, " "1, " "1, " "1, " "1, " "1, " "1, " "1, " "1, " "1, " "1, " "1, " "1, " "1, " "0, " "1, " "1, " "1, " "1, " "1, " "1, " "1, " "1, " "1, " "1, " "1, " "1, " "1, " "1, " "1, " "1, " "1, " "1, " "1, " "1, " "1, " "1, " "1, " "1, " "1, " "1, " "1, " "1, " "1, " "1, " "1, " "1, " "1, " "1, " "1, " "1, " "1, " "1, " "1, " "1, " "1, " "1, " "1, " "1, " "1, " "1, " "1, " "1, " "1, " "1, " "1, " "1, " "1, " "1, " "1, " "1, " "1, " "1, " "1, " "1, " "1, " "1, " "1, " "1, " "1, " "1, " "1, " "1, " "1, " "1, " "1, " "1, " "1, " "1, " "1, " "1, " "1, " "1, " "1, " "1, " "1, " "1, " "1, " "1, " "1, " "1, " "1, " "1, " "1, " "1, " "1, " "1, " "1, " "1, " "1, " "1, " "1, " "1, " "1, " "1, " "1, " "1, " "1, " "1, " "1, " "1, " "1, " "1, " "1, " "1, " "1, " "1, " "1, " "1, " "1, " "1, " "1, " "1, " "1, " "1, " "1, " "1, " "1, " "1, " "1, " "1, " "1, " "1, " "1, " "1, " "1, " "1, " "1, " "1, " "1, " "1, " "1, " "1, " "1, " "1, " "1, " "1, " "1, " "1, " "1, " "1, " "1, " "1, " "1, " "1, " "1, " "1, " "1, " "1, " "1, " "1, " "1, " "1, " "1, " "1, " "1, " "1, " "1, " "1, " "1, " "1, " "1, " "1, " "1, " "1, " "1, " "1, " "1, " "1, " "1, " "1, " "1, " "1, " "1, " "1, " "1, " "1, " "1, " "1, " "1, " "1, " "1, " "1, " "1, " "1, " "1, " "1, " "1, " "1, " "1, " "1, " "1, " "1, " "1, " "1, " "1, " "1, " "1, " "1, " "1, " "1, " "1, " "1, " "1, " "1, " "1, " "1, " "1, " "1, " "1, " "1, " "1, " "1, " "1, " "1, " "1, " "1, " "1, " "1, " "1, " "1, " "1, " "1, " "1, " "1, " "1, " "1, " "1, " "1, " "1, " "1, " "1, " "1, " "1, " "1, " "1, " "1, " "1, " "1, " "1, " "1, " "1, " "1, " "1, " "1, " "1, " "1, " "1, " "1, " "1, " "1, " "1, " "1, " "1, " "1, " "1, " "1, " "1, " "1, " "1, " "1, " "1, " "1, " "1, " "1, " "1, " "1, " "1, " "1, " "1, " "1, " "1, " "1, " "1, " "1, " "1, " "1, " "1, " "1, " "1, " "1, " "1, " "1, " "1, " "1, " "1, " "1, " "1, " "1, " "1, " "1, " "1, " "1, " "1, " "1, " "1, " "1, " "1, " "1, " "1, " "1, " "1, " "1, " "1, " "1, " "1, " "1, " "1, " "1, " "1, " "1, " "1, " "1, " "1, " "1, " "1, " "1, " "1, " "1, " "1, " "1, " "1, " "1, " "1, " "1, " "1, " "1, " "1, " "1, " "1, " "1, " "1, " "1, " "1, " "1, " "1, " "1, " "1, " "1, " "1, " "1, " "1, " "1, " "1, " "1, " "1, " "1, " "1, " "1, " "1, " "1, " "1, " "1, " "1, " "1, " "1, " "1, " "1, " "1, " "1, " "1, " "1, " "1, " "1, " "1, " "1, "0
 "Nei142, 0.009, " "0.749, " "1, " "1, " "1, " "1, " "1, " "1, " "1, " "1, " "1, " "1, " "1, " "1, " "1, " "1, " "1, " "1, " "1, " "1, " "1, " "1, " "1, " "1, " "1, " "1, " "1, " "1, " "1, " "1, " "1, " "1, " "1, " "1, " "1, " "1, " "1, " "1, " "1, " "1, " "1, " "1, " "1, " "1, " "1, " "1, " "1, " "1, " "1, " "1, " "1, " "1, " "1, " "1, " "1, " "1, " "1, " "1, " "1, " "1, " "1, " "1, " "1, " "1, " "1, " "1, " "1, " "1, " "1, " "1, " "1, " "1, " "1, " "1, " "1, " "1, " "1, " "1, " "1, " "1, " "1, " "1, " "1, " "1, " "1, " "1, " "1, " "1, " "1, " "1, " "1, " "1, " "1, " "1, " "1, " "1, " "1, " "1, " "1, " "1, " "1, " "1, " "1, " "1, " "1, " "1, " "1, " "1, " "1, " "1, " "1, " "1, " "1, " "1, " "1, " "1, " "1, " "1, " "1, " "1, " "1, " "1, " "1, " "1, " "1, " "1, " "1, " "1, " "1, " "1, " "1, " "1, " "1, " "1, " "1, " "1, " "1, " "1, " "1, " "1, " "1, " "1, " "1, " "1, " "0, " "1, " "1, " "1, " "1, " "1, " "1, " "1, " "1, " "1, " "1, " "1, " "1, " "1, " "1, " "1, " "1, " "1, " "1, " "1, " "1, " "1, " "1, " "1, " "1, " "1, " "1, " "1, " "1, " "1, " "1, " "1, " "1, " "1, " "1, " "1, " "1, " "1, " "1, " "1, " "1, " "1, " "1, " "1, " "1, " "1, " "1, " "1, " "1, " "1, " "1, " "1, " "1, " "1, " "1, " "1, " "1, " "1, " "1, " "1, " "1, " "1, " "1, " "1, " "1, " "1, " "1, " "1, " "1, " "1, " "1, " "1, " "1, " "1, " "1, " "1, " "1, " "1, " "1, " "1, " "1, " "1, " "1, " "1, " "1, " "1, " "1, " "1, " "1, " "1, " "1, " "1, " "1, " "1, " "1, " "1, " "1, " "1, " "1, " "1, " "1, " "1, " "1, " "1, " "1, " "1, " "1, " "1, " "1, " "1, " "1, " "1, " "1, " "1, " "1, " "1, " "1, " "1, " "1, " "1, " "1, " "1, " "1, " "1, " "1, " "1, " "1, " "1, " "1, " "1, " "1, " "1, " "1, " "1, " "1, " "1, " "1, " "1, " "1, " "1, " "1, " "1, " "1, " "1, " "1, " "1, " "1, " "1, " "1, " "1, " "1, " "1, " "1, " "1, " "1, " "1, " "1, " "1, " "1, " "1, " "1, " "1, " "1, " "1, " "1, " "1, " "1, " "1, " "1, " "1, " "1, " "1, " "1, " "1, " "1, " "1, " "1, " "1, " "1, " "1, " "1, " "1, " "1, " "1, " "1, " "1, " "1, " "1, " "1, " "1, " "1, " "1, " "1, " "1, " "1, " "1, " "1, " "1, " "1, " "1, " "1, " "1, " "1, " "1, " "1, " "1, " "1, " "1, " "1, " "1, " "1, " "1, " "1, " "1, " "1, " "1, " "1, " "1, " "1, " "1, " "1, " "1, " "1, " "1, " "1, " "1, " "1, " "1, " "1, " "1, " "1, " "1, " "1, " "1, " "1, " "1, " "1, " "1, " "1, " "1, " "1, " "1, " "1, " "1, " "1, " "1, " "1, " "1, " "1, " "1, " "1, " "1, " "1, " "1, " "1, " "1, " "1, " "1, " "1, " "1, " "1, " "1, " "1, " "1, " "1, " "1, " "1, " "1, " "1, " "1, " "1, " "1, " "1, " "1, " "1, " "1, " "1, " "1, " "1, " "1, " "1, " "1, " "1, " "1, " "1, " "1, " "1, " "1, " "1, " "1, " "1, " "1, " "1, " "1, " "1, " "1, " "1, " "1, " "1, " "1, " "1, " "1, " "1, " "1, " "1, " "1, " "1, " "1, " "1, " "1, " "1, " "1, " "1, " "1, " "1, " "1, " "1, " "1, " "1, " "1, " "1, " "1, " "1, " "1, " "1, " "1, " "1, " "1, " "1, " "1, " "1, " "1, " "1, " "1, " "1, " "1, " "1, " "1, " "1, " "1, " "1, " "1, " "1, " "1, " "1, " "1, " "1, " "1, " "1, " "1, " "1, " "1, " "1, " "1, " "1, " "1, " "1, " "1, " "1, " "1, " "1, " "1, " "1, " "1, " "1, " "1, " "1, " "1, " "1, " "1, " "1, "0
 "Nei143, 0.097, " "0.669, " "1, " "1, " "1, " "1, " "1, " "1, " "1, " "1, " "1, " "1, " "1, " "1, " "1, " "1, " "1, " "1, " "1, " "1, " "1, " "1, " "1, " "1, " "1, " "1, " "1, " "1, " "1, " "1, " "1, " "1, " "1, " "1, " "1, " "1, " "1, " "1, " "1, " "1, " "1, " "1, " "1, " "1, " "1, " "1, " "1, " "1, " "1, " "1, " "1, " "1, " "1, " "1, " "1, " "1, " "1, " "1, " "1, " "1, " "1, " "1, " "1, " "1, " "1, " "1, " "1, " "1, " "1, " "1, " "1, " "1, " "1, " "1, " "1, " "1, " "1, " "1, " "1, " "1, " "1, " "1, " "1, " "1, " "1, " "1, " "1, " "1, " "1, " "1, " "1, " "1, " "1, " "1, " "1, " "1, " "1, " "1, " "1, " "1, " "1, " "1, " "1, " "1, " "1, " "1, " "1, " "1, " "1, " "1, " "1, " "1, " "1, " "1, " "1, " "1, " "1, " "1, " "1, " "1, " "1, " "1, " "1, " "1, " "1, " "1, " "1, " "1, " "1, " "1, " "1, " "1, " "1, " "1, " "1, " "1, " "1, " "1, " "1, " "1, " "1, " "1, " "1, " "1, " "1, " "0, " "1, " "1, " "1, " "1, " "1, " "1, " "1, " "1, " "1, " "1, " "1, " "1, " "1, " "1, " "1, " "1, " "1, " "1, " "1, " "1, " "1, " "1, " "1, " "1, " "1, " "1, " "1, " "1, " "1, " "1, " "1, " "1, " "1, " "1, " "1, " "1, " "1, " "1, " "1, " "1, " "1, " "1, " "1, " "1, " "1, " "1, " "1, " "1, " "1, " "1, " "1, " "1, " "1, " "1, " "1, " "1, " "1, " "1, " "1, " "1, " "1, " "1, " "1, " "1, " "1, " "1, " "1, " "1, " "1, " "1, " "1, " "1, " "1, " "1, " "1, " "1, " "1, " "1, " "1, " "1, " "1, " "1, " "1, " "1, " "1, " "1, " "1, " "1, " "1, " "1, " "1, " "1, " "1, " "1, " "1, " "1, " "1, " "1, " "1, " "1, " "1, " "1, " "1, " "1, " "1, " "1, " "1, " "1, " "1, " "1, " "1, " "1, " "1, " "1, " "1, " "1, " "1, " "1, " "1, " "1, " "1, " "1, " "1, " "1, " "1, " "1, " "1, " "1, " "1, " "1, " "1, " "1, " "1, " "1, " "1, " "1, " "1, " "1, " "1, " "1, " "1, " "1, " "1, " "1, " "1, " "1, " "1, " "1, " "1, " "1, " "1, " "1, " "1, " "1, " "1, " "1, " "1, " "1, " "1, " "1, " "1, " "1, " "1, " "1, " "1, " "1, " "1, " "1, " "1, " "1, " "1, " "1, " "1, " "1, " "1, " "1, " "1, " "1, " "1, " "1, " "1, " "1, " "1, " "1, " "1, " "1, " "1, " "1, " "1, " "1, " "1, " "1, " "1, " "1, " "1, " "1, " "1, " "1, " "1, " "1, " "1, " "1, " "1, " "1, " "1, " "1, " "1, " "1, " "1, " "1, " "1, " "1, " "1, " "1, " "1, " "1, " "1, " "1, " "1, " "1, " "1, " "1, " "1, " "1, " "1, " "1, " "1, " "1, " "1, " "1, " "1, " "1, " "1, " "1, " "1, " "1, " "1, " "1, " "1, " "1, " "1, " "1, " "1, " "1, " "1, " "1, " "1, " "1, " "1, " "1, " "1, " "1, " "1, " "1, " "1, " "1, " "1, " "1, " "1, " "1, " "1, " "1, " "1, " "1, " "1, " "1, " "1, " "1, " "1, " "1, " "1, " "1, " "1, " "1, " "1, " "1, " "1, " "1, " "1, " "1, " "1, " "1, " "1, " "1, " "1, " "1, " "1, " "1, " "1, " "1, " "1, " "1, " "1, " "1, " "1, " "1, " "1, " "1, " "1, " "1, " "1, " "1, " "1, " "1, " "1, " "1, " "1, " "1, " "1, " "1, " "1, " "1, " "1, " "1, " "1, " "1, " "1, " "1, " "1, " "1, " "1, " "1, " "1, " "1, " "1, " "1, " "1, " "1, " "1, " "1, " "1, " "1, " "1, " "1, " "1, " "1, " "1, " "1, " "1, " "1, " "1, " "1, " "1, " "1, " "1, " "1, " "1, " "1, " "1, " "1, " "1, " "1, " "1, " "1, " "1, " "1, " "1, " "1, " "1, " "1, " "1, " "1, " "1, " "1, " "1, " "1, " "1, " "1, " "1, "0
 "Nei144, 0.294, " "0.264, " "1, " "1, " "1, " "1, " "1, " "1, " "1, " "1, " "1, " "1, " "1, " "1, " "1, " "1, " "1, " "1, " "1, " "1, " "1, " "1, " "1, " "1, " "1, " "1, " "1, " "1, " "1, " "1, " "1, " "1, " "1, " "1, " "1, " "1, " "1, " "1, " "1, " "1, " "1, " "1, " "1, " "1, " "1, " "1, " "1, " "1, " "1, " "1, " "1, " "1, " "1, " "1, " "1, " "1, " "1, " "1, " "1, " "1, " "1, " "1, " "1, " "1, " "1, " "1, " "1, " "1, " "1, " "1, " "1, " "1, " "1, " "1, " "1, " "1, " "1, " "1, " "1, " "1, " "1, " "1, " "1, " "1, " "1, " "1, " "1, " "1, " "1, " "1, " "1, " "1, " "1, " "1, " "1, " "1, " "1, " "1, " "1, " "1, " "1, " "1, " "1, " "1, " "1, " "1, " "1, " "1, " "1, " "1, " "1, " "1, " "1, " "1, " "1, " "1, " "1, " "1, " "1, " "1, " "1, " "1, " "1, " "1, " "1, " "1, " "1, " "1, " "1, " "1, " "1, " "1, " "1, " "1, " "1, " "1, " "1, " "1, " "1, " "1, " "1, " "1, " "1, " "1, " "1, " "1, " "0, " "1, " "1, " "1, " "1, " "1, " "1, " "1, " "1, " "1, " "1, " "1, " "1, " "1, " "1, " "1, " "1, " "1, " "1, " "1, " "1, " "1, " "1, " "1, " "1, " "1, " "1, " "1, " "1, " "1, " "1, " "1, " "1, " "1, " "1, " "1, " "1, " "1, " "1, " "1, " "1, " "1, " "1, " "1, " "1, " "1, " "1, " "1, " "1, " "1, " "1, " "1, " "1, " "1, " "1, " "1, " "1, " "1, " "1, " "1, " "1, " "1, " "1, " "1, " "1, " "1, " "1, " "1, " "1, " "1, " "1, " "1, " "1, " "1, " "1, " "1, " "1, " "1, " "1, " "1, " "1, " "1, " "1, " "1, " "1, " "1, " "1, " "1, " "1, " "1, " "1, " "1, " "1, " "1, " "1, " "1, " "1, " "1, " "1, " "1, " "1, " "1, " "1, " "1, " "1, " "1, " "1, " "1, " "1, " "1, " "1, " "1, " "1, " "1, " "1, " "1, " "1, " "1, " "1, " "1, " "1, " "1, " "1, " "1, " "1, " "1, " "1, " "1, " "1, " "1, " "1, " "1, " "1, " "1, " "1, " "1, " "1, " "1, " "1, " "1, " "1, " "1, " "1, " "1, " "1, " "1, " "1, " "1, " "1, " "1, " "1, " "1, " "1, " "1, " "1, " "1, " "1, " "1, " "1, " "1, " "1, " "1, " "1, " "1, " "1, " "1, " "1, " "1, " "1, " "1, " "1, " "1, " "1, " "1, " "1, " "1, " "1, " "1, " "1, " "1, " "1, " "1, " "1, " "1, " "1, " "1, " "1, " "1, " "1, " "1, " "1, " "1, " "1, " "1, " "1, " "1, " "1, " "1, " "1, " "1, " "1, " "1, " "1, " "1, " "1, " "1, " "1, " "1, " "1, " "1, " "1, " "1, " "1, " "1, " "1, " "1, " "1, " "1, " "1, " "1, " "1, " "1, " "1, " "1, " "1, " "1, " "1, " "1, " "1, " "1, " "1, " "1, " "1, " "1, " "1, " "1, " "1, " "1, " "1, " "1, " "1, " "1, " "1, " "1, " "1, " "1, " "1, " "1, " "1, " "1, " "1, " "1, " "1, " "1, " "1, " "1, " "1, " "1, " "1, " "1, " "1, " "1, " "1, " "1, " "1, " "1, " "1, " "1, " "1, " "1, " "1, " "1, " "1, " "1, " "1, " "1, " "1, " "1, " "1, " "1, " "1, " "1, " "1, " "1, " "1, " "1, " "1, " "1, " "1, " "1, " "1, " "1, " "1, " "1, " "1, " "1, " "1, " "1, " "1, " "1, " "1, " "1, " "1, " "1, " "1, " "1, " "1, " "1, " "1, " "1, " "1, " "1, " "1, " "1, " "1, " "1, " "1, " "1, " "1, " "1, " "1, " "1, " "1, " "1, " "1, " "1, " "1, " "1, " "1, " "1, " "1, " "1, " "1, " "1, " "1, " "1, " "1, " "1, " "1, " "1, " "1, " "1, " "1, " "1, " "1, " "1, " "1, " "1, " "1, " "1, " "1, " "1, " "1, " "1, " "1, " "1, " "1, " "1, " "1, " "1, " "1, " "1, " "1, " "1, " "1, " "1, " "1, " "1, " "1, "0
 "Nei145, 0.383, " "-0.794, " "1, " "1, " "1, " "1, " "1, " "1, " "1, " "1, " "1, " "1, " "1, " "1, " "1, " "1, " "1, " "1, " "1, " "1, " "1, " "1, " "1, " "1, " "1, " "1, " "1, " "1, " "1, " "1, " "1, " "1, " "1, " "1, " "1, " "1, " "1, " "1, " "1, " "1, " "1, " "1, " "1, " "1, " "1, " "1, " "1, " "1, " "1, " "1, " "1, " "1, " "1, " "1, " "1, " "1, " "1, " "1, " "1, " "1, " "1, " "1, " "1, " "1, " "1, " "1, " "1, " "1, " "1, " "1, " "1, " "1, " "1, " "1, " "1, " "1, " "1, " "1, " "1, " "1, " "1, " "1, " "1, " "1, " "1, " "1, " "1, " "1, " "1, " "1, " "1, " "1, " "1, " "1, " "1, " "1, " "1, " "1, " "1, " "1, " "1, " "1, " "1, " "1, " "1, " "1, " "1, " "1, " "1, " "1, " "1, " "1, " "1, " "1, " "1, " "1, " "1, " "1, " "1, " "1, " "1, " "1, " "1, " "1, " "1, " "1, " "1, " "1, " "1, " "1, " "1, " "1, " "1, " "1, " "1, " "1, " "1, " "1, " "1, " "1, " "1, " "1, " "1, " "1, " "1, " "1, " "1, " "0, " "1, " "1, " "1, " "1, " "1, " "1, " "1, " "1, " "1, " "1, " "1, " "1, " "1, " "1, " "1, " "1, " "1, " "1, " "1, " "1, " "1, " "1, " "1, " "1, " "1, " "1, " "1, " "1, " "1, " "1, " "1, " "1, " "1, " "1, " "1, " "1, " "1, " "1, " "1, " "1, " "1, " "1, " "1, " "1, " "1, " "1, " "1, " "1, " "1, " "1, " "1, " "1, " "1, " "1, " "1, " "1, " "1, " "1, " "1, " "1, " "1, " "1, " "1, " "1, " "1, " "1, " "1, " "1, " "1, " "1, " "1, " "1, " "1, " "1, " "1, " "1, " "1, " "1, " "1, " "1, " "1, " "1, " "1, " "1, " "1, " "1, " "1, " "1, " "1, " "1, " "1, " "1, " "1, " "1, " "1, " "1, " "1, " "1, " "1, " "1, " "1, " "1, " "1, " "1, " "1, " "1, " "1, " "1, " "1, " "1, " "1, " "1, " "1, " "1, " "1, " "1, " "1, " "1, " "1, " "1, " "1, " "1, " "1, " "1, " "1, " "1, " "1, " "1, " "1, " "1, " "1, " "1, " "1, " "1, " "1, " "1, " "1, " "1, " "1, " "1, " "1, " "1, " "1, " "1, " "1, " "1, " "1, " "1, " "1, " "1, " "1, " "1, " "1, " "1, " "1, " "1, " "1, " "1, " "1, " "1, " "1, " "1, " "1, " "1, " "1, " "1, " "1, " "1, " "1, " "1, " "1, " "1, " "1, " "1, " "1, " "1, " "1, " "1, " "1, " "1, " "1, " "1, " "1, " "1, " "1, " "1, " "1, " "1, " "1, " "1, " "1, " "1, " "1, " "1, " "1, " "1, " "1, " "1, " "1, " "1, " "1, " "1, " "1, " "1, " "1, " "1, " "1, " "1, " "1, " "1, " "1, " "1, " "1, " "1, " "1, " "1, " "1, " "1, " "1, " "1, " "1, " "1, " "1, " "1, " "1, " "1, " "1, " "1, " "1, " "1, " "1, " "1, " "1, " "1, " "1, " "1, " "1, " "1, " "1, " "1, " "1, " "1, " "1, " "1, " "1, " "1, " "1, " "1, " "1, " "1, " "1, " "1, " "1, " "1, " "1, " "1, " "1, " "1, " "1, " "1, " "1, " "1, " "1, " "1, " "1, " "1, " "1, " "1, " "1, " "1, " "1, " "1, " "1, " "1, " "1, " "1, " "1, " "1, " "1, " "1, " "1, " "1, " "1, " "1, " "1, " "1, " "1, " "1, " "1, " "1, " "1, " "1, " "1, " "1, " "1, " "1, " "1, " "1, " "1, " "1, " "1, " "1, " "1, " "1, " "1, " "1, " "1, " "1, " "1, " "1, " "1, " "1, " "1, " "1, " "1, " "1, " "1, " "1, " "1, " "1, " "1, " "1, " "1, " "1, " "1, " "1, " "1, " "1, " "1, " "1, " "1, " "1, " "1, " "1, " "1, " "1, " "1, " "1, " "1, " "1, " "1, " "1, " "1, " "1, " "1, " "1, " "1, " "1, " "1, " "1, " "1, " "1, " "1, " "1, " "1, " "1, " "1, " "1, " "1, " "1, " "1, " "1, " "1, " "1, " "1, " "1, " "1, "0
 "Nei146, 0.183, " "-0.82, " "1, " "1, " "1, " "1, " "1, " "1, " "1, " "1, " "1, " "1, " "1, " "1, " "1, " "1, " "1, " "1, " "1, " "1, " "1, " "1, " "1, " "1, " "1, " "1, " "1, " "1, " "1, " "1, " "1, " "1, " "1, " "1, " "1, " "1, " "1, " "1, " "1, " "1, " "1, " "1, " "1, " "1, " "1, " "1, " "1, " "1, " "1, " "1, " "1, " "1, " "1, " "1, " "1, " "1, " "1, " "1, " "1, " "1, " "1, " "1, " "1, " "1, " "1, " "1, " "1, " "1, " "1, " "1, " "1, " "1, " "1, " "1, " "1, " "1, " "1, " "1, " "1, " "1, " "1, " "1, " "1, " "1, " "1, " "1, " "1, " "1, " "1, " "1, " "1, " "1, " "1, " "1, " "1, " "1, " "1, " "1, " "1, " "1, " "1, " "1, " "1, " "1, " "1, " "1, " "1, " "1, " "1, " "1, " "1, " "1, " "1, " "1, " "1, " "1, " "1, " "1, " "1, " "1, " "1, " "1, " "1, " "1, " "1, " "1, " "1, " "1, " "1, " "1, " "1, " "1, " "1, " "1, " "1, " "1, " "1, " "1, " "1, " "1, " "1, " "1, " "1, " "1, " "1, " "1, " "1, " "1, " "0, " "1, " "1, " "1, " "1, " "1, " "1, " "1, " "1, " "1, " "1, " "1, " "1, " "1, " "1, " "1, " "1, " "1, " "1, " "1, " "1, " "1, " "1, " "1, " "1, " "1, " "1, " "1, " "1, " "1, " "1, " "1, " "1, " "1, " "1, " "1, " "1, " "1, " "1, " "1, " "1, " "1, " "1, " "1, " "1, " "1, " "1, " "1, " "1, " "1, " "1, " "1, " "1, " "1, " "1, " "1, " "1, " "1, " "1, " "1, " "1, " "1, " "1, " "1, " "1, " "1, " "1, " "1, " "1, " "1, " "1, " "1, " "1, " "1, " "1, " "1, " "1, " "1, " "1, " "1, " "1, " "1, " "1, " "1, " "1, " "1, " "1, " "1, " "1, " "1, " "1, " "1, " "1, " "1, " "1, " "1, " "1, " "1, " "1, " "1, " "1, " "1, " "1, " "1, " "1, " "1, " "1, " "1, " "1, " "1, " "1, " "1, " "1, " "1, " "1, " "1, " "1, " "1, " "1, " "1, " "1, " "1, " "1, " "1, " "1, " "1, " "1, " "1, " "1, " "1, " "1, " "1, " "1, " "1, " "1, " "1, " "1, " "1, " "1, " "1, " "1, " "1, " "1, " "1, " "1, " "1, " "1, " "1, " "1, " "1, " "1, " "1, " "1, " "1, " "1, " "1, " "1, " "1, " "1, " "1, " "1, " "1, " "1, " "1, " "1, " "1, " "1, " "1, " "1, " "1, " "1, " "1, " "1, " "1, " "1, " "1, " "1, " "1, " "1, " "1, " "1, " "1, " "1, " "1, " "1, " "1, " "1, " "1, " "1, " "1, " "1, " "1, " "1, " "1, " "1, " "1, " "1, " "1, " "1, " "1, " "1, " "1, " "1, " "1, " "1, " "1, " "1, " "1, " "1, " "1, " "1, " "1, " "1, " "1, " "1, " "1, " "1, " "1, " "1, " "1, " "1, " "1, " "1, " "1, " "1, " "1, " "1, " "1, " "1, " "1, " "1, " "1, " "1, " "1, " "1, " "1, " "1, " "1, " "1, " "1, " "1, " "1, " "1, " "1, " "1, " "1, " "1, " "1, " "1, " "1, " "1, " "1, " "1, " "1, " "1, " "1, " "1, " "1, " "1, " "1, " "1, " "1, " "1, " "1, " "1, " "1, " "1, " "1, " "1, " "1, " "1, " "1, " "1, " "1, " "1, " "1, " "1, " "1, " "1, " "1, " "1, " "1, " "1, " "1, " "1, " "1, " "1, " "1, " "1, " "1, " "1, " "1, " "1, " "1, " "1, " "1, " "1, " "1, " "1, " "1, " "1, " "1, " "1, " "1, " "1, " "1, " "1, " "1, " "1, " "1, " "1, " "1, " "1, " "1, " "1, " "1, " "1, " "1, " "1, " "1, " "1, " "1, " "1, " "1, " "1, " "1, " "1, " "1, " "1, " "1, " "1, " "1, " "1, " "1, " "1, " "1, " "1, " "1, " "1, " "1, " "1, " "1, " "1, " "1, " "1, " "1, " "1, " "1, " "1, " "1, " "1, " "1, " "1, " "1, " "1, " "1, " "1, " "1, " "1, " "1, " "1, " "1, " "1, " "1, " "1, " "1, " "1, "0
 "Nei147, 0.063, " "0.425, " "1, " "1, " "1, " "1, " "1, " "1, " "1, " "1, " "1, " "1, " "1, " "1, " "1, " "1, " "1, " "1, " "1, " "1, " "1, " "1, " "1, " "1, " "1, " "1, " "1, " "1, " "1, " "1, " "1, " "1, " "1, " "1, " "1, " "1, " "1, " "1, " "1, " "1, " "1, " "1, " "1, " "1, " "1, " "1, " "1, " "1, " "1, " "1, " "1, " "1, " "1, " "1, " "1, " "1, " "1, " "1, " "1, " "1, " "1, " "1, " "1, " "1, " "1, " "1, " "1, " "1, " "1, " "1, " "1, " "1, " "1, " "1, " "1, " "1, " "1, " "1, " "1, " "1, " "1, " "1, " "1, " "1, " "1, " "1, " "1, " "1, " "1, " "1, " "1, " "1, " "1, " "1, " "1, " "1, " "1, " "1, " "1, " "1, " "1, " "1, " "1, " "1, " "1, " "1, " "1, " "1, " "1, " "1, " "1, " "1, " "1, " "1, " "1, " "1, " "1, " "1, " "1, " "1, " "1, " "1, " "1, " "1, " "1, " "1, " "1, " "1, " "1, " "1, " "1, " "1, " "1, " "1, " "1, " "1, " "1, " "1, " "1, " "1, " "1, " "1, " "1, " "1, " "1, " "1, " "1, " "1, " "1, " "0, " "1, " "1, " "1, " "1, " "1, " "1, " "1, " "1, " "1, " "1, " "1, " "1, " "1, " "1, " "1, " "1, " "1, " "1, " "1, " "1, " "1, " "1, " "1, " "1, " "1, " "1, " "1, " "1, " "1, " "1, " "1, " "1, " "1, " "1, " "1, " "1, " "1, " "1, " "1, " "1, " "1, " "1, " "1, " "1, " "1, " "1, " "1, " "1, " "1, " "1, " "1, " "1, " "1, " "1, " "1, " "1, " "1, " "1, " "1, " "1, " "1, " "1, " "1, " "1, " "1, " "1, " "1, " "1, " "1, " "1, " "1, " "1, " "1, " "1, " "1, " "1, " "1, " "1, " "1, " "1, " "1, " "1, " "1, " "1, " "1, " "1, " "1, " "1, " "1, " "1, " "1, " "1, " "1, " "1, " "1, " "1, " "1, " "1, " "1, " "1, " "1, " "1, " "1, " "1, " "1, " "1, " "1, " "1, " "1, " "1, " "1, " "1, " "1, " "1, " "1, " "1, " "1, " "1, " "1, " "1, " "1, " "1, " "1, " "1, " "1, " "1, " "1, " "1, " "1, " "1, " "1, " "1, " "1, " "1, " "1, " "1, " "1, " "1, " "1, " "1, " "1, " "1, " "1, " "1, " "1, " "1, " "1, " "1, " "1, " "1, " "1, " "1, " "1, " "1, " "1, " "1, " "1, " "1, " "1, " "1, " "1, " "1, " "1, " "1, " "1, " "1, " "1, " "1, " "1, " "1, " "1, " "1, " "1, " "1, " "1, " "1, " "1, " "1, " "1, " "1, " "1, " "1, " "1, " "1, " "1, " "1, " "1, " "1, " "1, " "1, " "1, " "1, " "1, " "1, " "1, " "1, " "1, " "1, " "1, " "1, " "1, " "1, " "1, " "1, " "1, " "1, " "1, " "1, " "1, " "1, " "1, " "1, " "1, " "1, " "1, " "1, " "1, " "1, " "1, " "1, " "1, " "1, " "1, " "1, " "1, " "1, " "1, " "1, " "1, " "1, " "1, " "1, " "1, " "1, " "1, " "1, " "1, " "1, " "1, " "1, " "1, " "1, " "1, " "1, " "1, " "1, " "1, " "1, " "1, " "1, " "1, " "1, " "1, " "1, " "1, " "1, " "1, " "1, " "1, " "1, " "1, " "1, " "1, " "1, " "1, " "1, " "1, " "1, " "1, " "1, " "1, " "1, " "1, " "1, " "1, " "1, " "1, " "1, " "1, " "1, " "1, " "1, " "1, " "1, " "1, " "1, " "1, " "1, " "1, " "1, " "1, " "1, " "1, " "1, " "1, " "1, " "1, " "1, " "1, " "1, " "1, " "1, " "1, " "1, " "1, " "1, " "1, " "1, " "1, " "1, " "1, " "1, " "1, " "1, " "1, " "1, " "1, " "1, " "1, " "1, " "1, " "1, " "1, " "1, " "1, " "1, " "1, " "1, " "1, " "1, " "1, " "1, " "1, " "1, " "1, " "1, " "1, " "1, " "1, " "1, " "1, " "1, " "1, " "1, " "1, " "1, " "1, " "1, " "1, " "1, " "1, " "1, " "1, " "1, " "1, " "1, " "1, " "1, " "1, " "1, " "1, " "1, " "1, " "1, " "1, "0
 "Nei148, 0.179, " "-0.492, " "1, " "1, " "1, " "1, " "1, " "1, " "1, " "1, " "1, " "1, " "1, " "1, " "1, " "1, " "1, " "1, " "1, " "1, " "1, " "1, " "1, " "1, " "1, " "1, " "1, " "1, " "1, " "1, " "1, " "1, " "1, " "1, " "1, " "1, " "1, " "1, " "1, " "1, " "1, " "1, " "1, " "1, " "1, " "1, " "1, " "1, " "1, " "1, " "1, " "1, " "1, " "1, " "1, " "1, " "1, " "1, " "1, " "1, " "1, " "1, " "1, " "1, " "1, " "1, " "1, " "1, " "1, " "1, " "1, " "1, " "1, " "1, " "1, " "1, " "1, " "1, " "1, " "1, " "1, " "1, " "1, " "1, " "1, " "1, " "1, " "1, " "1, " "1, " "1, " "1, " "1, " "1, " "1, " "1, " "1, " "1, " "1, " "1, " "1, " "1, " "1, " "1, " "1, " "1, " "1, " "1, " "1, " "1, " "1, " "1, " "1, " "1, " "1, " "1, " "1, " "1, " "1, " "1, " "1, " "1, " "1, " "1, " "1, " "1, " "1, " "1, " "1, " "1, " "1, " "1, " "1, " "1, " "1, " "1, " "1, " "1, " "1, " "1, " "1, " "1, " "1, " "1, " "1, " "1, " "1, " "1, " "1, " "1, " "0, " "1, " "1, " "1, " "1, " "1, " "1, " "1, " "1, " "1, " "1, " "1, " "1, " "1, " "1, " "1, " "1, " "1, " "1, " "1, " "1, " "1, " "1, " "1, " "1, " "1, " "1, " "1, " "1, " "1, " "1, " "1, " "1, " "1, " "1, " "1, " "1, " "1, " "1, " "1, " "1, " "1, " "1, " "1, " "1, " "1, " "1, " "1, " "1, " "1, " "1, " "1, " "1, " "1, " "1, " "1, " "1, " "1, " "1, " "1, " "1, " "1, " "1, " "1, " "1, " "1, " "1, " "1, " "1, " "1, " "1, " "1, " "1, " "1, " "1, " "1, " "1, " "1, " "1, " "1, " "1, " "1, " "1, " "1, " "1, " "1, " "1, " "1, " "1, " "1, " "1, " "1, " "1, " "1, " "1, " "1, " "1, " "1, " "1, " "1, " "1, " "1, " "1, " "1, " "1, " "1, " "1, " "1, " "1, " "1, " "1, " "1, " "1, " "1, " "1, " "1, " "1, " "1, " "1, " "1, " "1, " "1, " "1, " "1, " "1, " "1, " "1, " "1, " "1, " "1, " "1, " "1, " "1, " "1, " "1, " "1, " "1, " "1, " "1, " "1, " "1, " "1, " "1, " "1, " "1, " "1, " "1, " "1, " "1, " "1, " "1, " "1, " "1, " "1, " "1, " "1, " "1, " "1, " "1, " "1, " "1, " "1, " "1, " "1, " "1, " "1, " "1, " "1, " "1, " "1, " "1, " "1, " "1, " "1, " "1, " "1, " "1, " "1, " "1, " "1, " "1, " "1, " "1, " "1, " "1, " "1, " "1, " "1, " "1, " "1, " "1, " "1, " "1, " "1, " "1, " "1, " "1, " "1, " "1, " "1, " "1, " "1, " "1, " "1, " "1, " "1, " "1, " "1, " "1, " "1, " "1, " "1, " "1, " "1, " "1, " "1, " "1, " "1, " "1, " "1, " "1, " "1, " "1, " "1, " "1, " "1, " "1, " "1, " "1, " "1, " "1, " "1, " "1, " "1, " "1, " "1, " "1, " "1, " "1, " "1, " "1, " "1, " "1, " "1, " "1, " "1, " "1, " "1, " "1, " "1, " "1, " "1, " "1, " "1, " "1, " "1, " "1, " "1, " "1, " "1, " "1, " "1, " "1, " "1, " "1, " "1, " "1, " "1, " "1, " "1, " "1, " "1, " "1, " "1, " "1, " "1, " "1, " "1, " "1, " "1, " "1, " "1, " "1, " "1, " "1, " "1, " "1, " "1, " "1, " "1, " "1, " "1, " "1, " "1, " "1, " "1, " "1, " "1, " "1, " "1, " "1, " "1, " "1, " "1, " "1, " "1, " "1, " "1, " "1, " "1, " "1, " "1, " "1, " "1, " "1, " "1, " "1, " "1, " "1, " "1, " "1, " "1, " "1, " "1, " "1, " "1, " "1, " "1, " "1, " "1, " "1, " "1, " "1, " "1, " "1, " "1, " "1, " "1, " "1, " "1, " "1, " "1, " "1, " "1, " "1, " "1, " "1, " "1, " "1, " "1, " "1, " "1, " "1, " "1, " "1, " "1, " "1, " "1, " "1, " "1, " "1, " "1, " "1, " "1, " "1, "0
 "Nei149, 0.382, " "-0.677, " "1, " "1, " "1, " "1, " "1, " "1, " "1, " "1, " "1, " "1, " "1, " "1, " "1, " "1, " "1, " "1, " "1, " "1, " "1, " "1, " "1, " "1, " "1, " "1, " "1, " "1, " "1, " "1, " "1, " "1, " "1, " "1, " "1, " "1, " "1, " "1, " "1, " "1, " "1, " "1, " "1, " "1, " "1, " "1, " "1, " "1, " "1, " "1, " "1, " "1, " "1, " "1, " "1, " "1, " "1, " "1, " "1, " "1, " "1, " "1, " "1, " "1, " "1, " "1, " "1, " "1, " "1, " "1, " "1, " "1, " "1, " "1, " "1, " "1, " "1, " "1, " "1, " "1, " "1, " "1, " "1, " "1, " "1, " "1, " "1, " "1, " "1, " "1, " "1, " "1, " "1, " "1, " "1, " "1, " "1, " "1, " "1, " "1, " "1, " "1, " "1, " "1, " "1, " "1, " "1, " "1, " "1, " "1, " "1, " "1, " "1, " "1, " "1, " "1, " "1, " "1, " "1, " "1, " "1, " "1, " "1, " "1, " "1, " "1, " "1, " "1, " "1, " "1, " "1, " "1, " "1, " "1, " "1, " "1, " "1, " "1, " "1, " "1, " "1, " "1, " "1, " "1, " "1, " "1, " "1, " "1, " "1, " "1, " "1, " "0, " "1, " "1, " "1, " "1, " "1, " "1, " "1, " "1, " "1, " "1, " "1, " "1, " "1, " "1, " "1, " "1, " "1, " "1, " "1, " "1, " "1, " "1, " "1, " "1, " "1, " "1, " "1, " "1, " "1, " "1, " "1, " "1, " "1, " "1, " "1, " "1, " "1, " "1, " "1, " "1, " "1, " "1, " "1, " "1, " "1, " "1, " "1, " "1, " "1, " "1, " "1, " "1, " "1, " "1, " "1, " "1, " "1, " "1, " "1, " "1, " "1, " "1, " "1, " "1, " "1, " "1, " "1, " "1, " "1, " "1, " "1, " "1, " "1, " "1, " "1, " "1, " "1, " "1, " "1, " "1, " "1, " "1, " "1, " "1, " "1, " "1, " "1, " "1, " "1, " "1, " "1, " "1, " "1, " "1, " "1, " "1, " "1, " "1, " "1, " "1, " "1, " "1, " "1, " "1, " "1, " "1, " "1, " "1, " "1, " "1, " "1, " "1, " "1, " "1, " "1, " "1, " "1, " "1, " "1, " "1, " "1, " "1, " "1, " "1, " "1, " "1, " "1, " "1, " "1, " "1, " "1, " "1, " "1, " "1, " "1, " "1, " "1, " "1, " "1, " "1, " "1, " "1, " "1, " "1, " "1, " "1, " "1, " "1, " "1, " "1, " "1, " "1, " "1, " "1, " "1, " "1, " "1, " "1, " "1, " "1, " "1, " "1, " "1, " "1, " "1, " "1, " "1, " "1, " "1, " "1, " "1, " "1, " "1, " "1, " "1, " "1, " "1, " "1, " "1, " "1, " "1, " "1, " "1, " "1, " "1, " "1, " "1, " "1, " "1, " "1, " "1, " "1, " "1, " "1, " "1, " "1, " "1, " "1, " "1, " "1, " "1, " "1, " "1, " "1, " "1, " "1, " "1, " "1, " "1, " "1, " "1, " "1, " "1, " "1, " "1, " "1, " "1, " "1, " "1, " "1, " "1, " "1, " "1, " "1, " "1, " "1, " "1, " "1, " "1, " "1, " "1, " "1, " "1, " "1, " "1, " "1, " "1, " "1, " "1, " "1, " "1, " "1, " "1, " "1, " "1, " "1, " "1, " "1, " "1, " "1, " "1, " "1, " "1, " "1, " "1, " "1, " "1, " "1, " "1, " "1, " "1, " "1, " "1, " "1, " "1, " "1, " "1, " "1, " "1, " "1, " "1, " "1, " "1, " "1, " "1, " "1, " "1, " "1, " "1, " "1, " "1, " "1, " "1, " "1, " "1, " "1, " "1, " "1, " "1, " "1, " "1, " "1, " "1, " "1, " "1, " "1, " "1, " "1, " "1, " "1, " "1, " "1, " "1, " "1, " "1, " "1, " "1, " "1, " "1, " "1, " "1, " "1, " "1, " "1, " "1, " "1, " "1, " "1, " "1, " "1, " "1, " "1, " "1, " "1, " "1, " "1, " "1, " "1, " "1, " "1, " "1, " "1, " "1, " "1, " "1, " "1, " "1, " "1, " "1, " "1, " "1, " "1, " "1, " "1, " "1, " "1, " "1, " "1, " "1, " "1, " "1, " "1, " "1, " "1, " "1, " "1, " "1, " "1, " "1, " "1, " "1, " "1, " "1, "0
 "Nei150, 0.126, " "0.578, " "1, " "1, " "1, " "1, " "1, " "1, " "1, " "1, " "1, " "1, " "1, " "1, " "1, " "1, " "1, " "1, " "1, " "1, " "1, " "1, " "1, " "1, " "1, " "1, " "1, " "1, " "1, " "1, " "1, " "1, " "1, " "1, " "1, " "1, " "1, " "1, " "1, " "1, " "1, " "1, " "1, " "1, " "1, " "1, " "1, " "1, " "1, " "1, " "1, " "1, " "1, " "1, " "1, " "1, " "1, " "1, " "1, " "1, " "1, " "1, " "1, " "1, " "1, " "1, " "1, " "1, " "1, " "1, " "1, " "1, " "1, " "1, " "1, " "1, " "1, " "1, " "1, " "1, " "1, " "1, " "1, " "1, " "1, " "1, " "1, " "1, " "1, " "1, " "1, " "1, " "1, " "1, " "1, " "1, " "1, " "1, " "1, " "1, " "1, " "1, " "1, " "1, " "1, " "1, " "1, " "1, " "1, " "1, " "1, " "1, " "1, " "1, " "1, " "1, " "1, " "1, " "1, " "1, " "1, " "1, " "1, " "1, " "1, " "1, " "1, " "1, " "1, " "1, " "1, " "1, " "1, " "1, " "1, " "1, " "1, " "1, " "1, " "1, " "1, " "1, " "1, " "1, " "1, " "1, " "1, " "1, " "1, " "1, " "1, " "1, " "0, " "1, " "1, " "1, " "1, " "1, " "1, " "1, " "1, " "1, " "1, " "1, " "1, " "1, " "1, " "1, " "1, " "1, " "1, " "1, " "1, " "1, " "1, " "1, " "1, " "1, " "1, " "1, " "1, " "1, " "1, " "1, " "1, " "1, " "1, " "1, " "1, " "1, " "1, " "1, " "1, " "1, " "1, " "1, " "1, " "1, " "1, " "1, " "1, " "1, " "1, " "1, " "1, " "1, " "1, " "1, " "1, " "1, " "1, " "1, " "1, " "1, " "1, " "1, " "1, " "1, " "1, " "1, " "1, " "1, " "1, " "1, " "1, " "1, " "1, " "1, " "1, " "1, " "1, " "1, " "1, " "1, " "1, " "1, " "1, " "1, " "1, " "1, " "1, " "1, " "1, " "1, " "1, " "1, " "1, " "1, " "1, " "1, " "1, " "1, " "1, " "1, " "1, " "1, " "1, " "1, " "1, " "1, " "1, " "1, " "1, " "1, " "1, " "1, " "1, " "1, " "1, " "1, " "1, " "1, " "1, " "1, " "1, " "1, " "1, " "1, " "1, " "1, " "1, " "1, " "1, " "1, " "1, " "1, " "1, " "1, " "1, " "1, " "1, " "1, " "1, " "1, " "1, " "1, " "1, " "1, " "1, " "1, " "1, " "1, " "1, " "1, " "1, " "1, " "1, " "1, " "1, " "1, " "1, " "1, " "1, " "1, " "1, " "1, " "1, " "1, " "1, " "1, " "1, " "1, " "1, " "1, " "1, " "1, " "1, " "1, " "1, " "1, " "1, " "1, " "1, " "1, " "1, " "1, " "1, " "1, " "1, " "1, " "1, " "1, " "1, " "1, " "1, " "1, " "1, " "1, " "1, " "1, " "1, " "1, " "1, " "1, " "1, " "1, " "1, " "1, " "1, " "1, " "1, " "1, " "1, " "1, " "1, " "1, " "1, " "1, " "1, " "1, " "1, " "1, " "1, " "1, " "1, " "1, " "1, " "1, " "1, " "1, " "1, " "1, " "1, " "1, " "1, " "1, " "1, " "1, " "1, " "1, " "1, " "1, " "1, " "1, " "1, " "1, " "1, " "1, " "1, " "1, " "1, " "1, " "1, " "1, " "1, " "1, " "1, " "1, " "1, " "1, " "1, " "1, " "1, " "1, " "1, " "1, " "1, " "1, " "1, " "1, " "1, " "1, " "1, " "1, " "1, " "1, " "1, " "1, " "1, " "1, " "1, " "1, " "1, " "1, " "1, " "1, " "1, " "1, " "1, " "1, " "1, " "1, " "1, " "1, " "1, " "1, " "1, " "1, " "1, " "1, " "1, " "1, " "1, " "1, " "1, " "1, " "1, " "1, " "1, " "1, " "1, " "1, " "1, " "1, " "1, " "1, " "1, " "1, " "1, " "1, " "1, " "1, " "1, " "1, " "1, " "1, " "1, " "1, " "1, " "1, " "1, " "1, " "1, " "1, " "1, " "1, " "1, " "1, " "1, " "1, " "1, " "1, " "1, " "1, " "1, " "1, " "1, " "1, " "1, " "1, " "1, " "1, " "1, " "1, " "1, " "1, " "1, " "1, " "1, " "1, " "1, " "1, " "1, " "1, " "1, "0
 "Nei151, 0.048, " "0.224, " "1, " "1, " "1, " "1, " "1, " "1, " "1, " "1, " "1, " "1, " "1, " "1, " "1, " "1, " "1, " "1, " "1, " "1, " "1, " "1, " "1, " "1, " "1, " "1, " "1, " "1, " "1, " "1, " "1, " "1, " "1, " "1, " "1, " "1, " "1, " "1, " "1, " "1, " "1, " "1, " "1, " "1, " "1, " "1, " "1, " "1, " "1, " "1, " "1, " "1, " "1, " "1, " "1, " "1, " "1, " "1, " "1, " "1, " "1, " "1, " "1, " "1, " "1, " "1, " "1, " "1, " "1, " "1, " "1, " "1, " "1, " "1, " "1, " "1, " "1, " "1, " "1, " "1, " "1, " "1, " "1, " "1, " "1, " "1, " "1, " "1, " "1, " "1, " "1, " "1, " "1, " "1, " "1, " "1, " "1, " "1, " "1, " "1, " "1, " "1, " "1, " "1, " "1, " "1, " "1, " "1, " "1, " "1, " "1, " "1, " "1, " "1, " "1, " "1, " "1, " "1, " "1, " "1, " "1, " "1, " "1, " "1, " "1, " "1, " "1, " "1, " "1, " "1, " "1, " "1, " "1, " "1, " "1, " "1, " "1, " "1, " "1, " "1, " "1, " "1, " "1, " "1, " "1, " "1, " "1, " "1, " "1, " "1, " "1, " "1, " "1, " "0, " "1, " "1, " "1, " "1, " "1, " "1, " "1, " "1, " "1, " "1, " "1, " "1, " "1, " "1, " "1, " "1, " "1, " "1, " "1, " "1, " "1, " "1, " "1, " "1, " "1, " "1, " "1, " "1, " "1, " "1, " "1, " "1, " "1, " "1, " "1, " "1, " "1, " "1, " "1, " "1, " "1, " "1, " "1, " "1, " "1, " "1, " "1, " "1, " "1, " "1, " "1, " "1, " "1, " "1, " "1, " "1, " "1, " "1, " "1, " "1, " "1, " "1, " "1, " "1, " "1, " "1, " "1, " "1, " "1, " "1, " "1, " "1, " "1, " "1, " "1, " "1, " "1, " "1, " "1, " "1, " "1, " "1, " "1, " "1, " "1, " "1, " "1, " "1, " "1, " "1, " "1, " "1, " "1, " "1, " "1, " "1, " "1, " "1, " "1, " "1, " "1, " "1, " "1, " "1, " "1, " "1, " "1, " "1, " "1, " "1, " "1, " "1, " "1, " "1, " "1, " "1, " "1, " "1, " "1, " "1, " "1, " "1, " "1, " "1, " "1, " "1, " "1, " "1, " "1, " "1, " "1, " "1, " "1, " "1, " "1, " "1, " "1, " "1, " "1, " "1, " "1, " "1, " "1, " "1, " "1, " "1, " "1, " "1, " "1, " "1, " "1, " "1, " "1, " "1, " "1, " "1, " "1, " "1, " "1, " "1, " "1, " "1, " "1, " "1, " "1, " "1, " "1, " "1, " "1, " "1, " "1, " "1, " "1, " "1, " "1, " "1, " "1, " "1, " "1, " "1, " "1, " "1, " "1, " "1, " "1, " "1, " "1, " "1, " "1, " "1, " "1, " "1, " "1, " "1, " "1, " "1, " "1, " "1, " "1, " "1, " "1, " "1, " "1, " "1, " "1, " "1, " "1, " "1, " "1, " "1, " "1, " "1, " "1, " "1, " "1, " "1, " "1, " "1, " "1, " "1, " "1, " "1, " "1, " "1, " "1, " "1, " "1, " "1, " "1, " "1, " "1, " "1, " "1, " "1, " "1, " "1, " "1, " "1, " "1, " "1, " "1, " "1, " "1, " "1, " "1, " "1, " "1, " "1, " "1, " "1, " "1, " "1, " "1, " "1, " "1, " "1, " "1, " "1, " "1, " "1, " "1, " "1, " "1, " "1, " "1, " "1, " "1, " "1, " "1, " "1, " "1, " "1, " "1, " "1, " "1, " "1, " "1, " "1, " "1, " "1, " "1, " "1, " "1, " "1, " "1, " "1, " "1, " "1, " "1, " "1, " "1, " "1, " "1, " "1, " "1, " "1, " "1, " "1, " "1, " "1, " "1, " "1, " "1, " "1, " "1, " "1, " "1, " "1, " "1, " "1, " "1, " "1, " "1, " "1, " "1, " "1, " "1, " "1, " "1, " "1, " "1, " "1, " "1, " "1, " "1, " "1, " "1, " "1, " "1, " "1, " "1, " "1, " "1, " "1, " "1, " "1, " "1, " "1, " "1, " "1, " "1, " "1, " "1, " "1, " "1, " "1, " "1, " "1, " "1, " "1, " "1, " "1, " "1, " "1, " "1, " "1, " "1, " "1, " "1, " "1, " "1, "0
 "Nei152, 0.2, " "-0.932, " "1, " "1, " "1, " "1, " "1, " "1, " "1, " "1, " "1, " "1, " "1, " "1, " "1, " "1, " "1, " "1, " "1, " "1, " "1, " "1, " "1, " "1, " "1, " "1, " "1, " "1, " "1, " "1, " "1, " "1, " "1, " "1, " "1, " "1, " "1, " "1, " "1, " "1, " "1, " "1, " "1, " "1, " "1, " "1, " "1, " "1, " "1, " "1, " "1, " "1, " "1, " "1, " "1, " "1, " "1, " "1, " "1, " "1, " "1, " "1, " "1, " "1, " "1, " "1, " "1, " "1, " "1, " "1, " "1, " "1, " "1, " "1, " "1, " "1, " "1, " "1, " "1, " "1, " "1, " "1, " "1, " "1, " "1, " "1, " "1, " "1, " "1, " "1, " "1, " "1, " "1, " "1, " "1, " "1, " "1, " "1, " "1, " "1, " "1, " "1, " "1, " "1, " "1, " "1, " "1, " "1, " "1, " "1, " "1, " "1, " "1, " "1, " "1, " "1, " "1, " "1, " "1, " "1, " "1, " "1, " "1, " "1, " "1, " "1, " "1, " "1, " "1, " "1, " "1, " "1, " "1, " "1, " "1, " "1, " "1, " "1, " "1, " "1, " "1, " "1, " "1, " "1, " "1, " "1, " "1, " "1, " "1, " "1, " "1, " "1, " "1, " "1, " "0, " "1, " "1, " "1, " "1, " "1, " "1, " "1, " "1, " "1, " "1, " "1, " "1, " "1, " "1, " "1, " "1, " "1, " "1, " "1, " "1, " "1, " "1, " "1, " "1, " "1, " "1, " "1, " "1, " "1, " "1, " "1, " "1, " "1, " "1, " "1, " "1, " "1, " "1, " "1, " "1, " "1, " "1, " "1, " "1, " "1, " "1, " "1, " "1, " "1, " "1, " "1, " "1, " "1, " "1, " "1, " "1, " "1, " "1, " "1, " "1, " "1, " "1, " "1, " "1, " "1, " "1, " "1, " "1, " "1, " "1, " "1, " "1, " "1, " "1, " "1, " "1, " "1, " "1, " "1, " "1, " "1, " "1, " "1, " "1, " "1, " "1, " "1, " "1, " "1, " "1, " "1, " "1, " "1, " "1, " "1, " "1, " "1, " "1, " "1, " "1, " "1, " "1, " "1, " "1, " "1, " "1, " "1, " "1, " "1, " "1, " "1, " "1, " "1, " "1, " "1, " "1, " "1, " "1, " "1, " "1, " "1, " "1, " "1, " "1, " "1, " "1, " "1, " "1, " "1, " "1, " "1, " "1, " "1, " "1, " "1, " "1, " "1, " "1, " "1, " "1, " "1, " "1, " "1, " "1, " "1, " "1, " "1, " "1, " "1, " "1, " "1, " "1, " "1, " "1, " "1, " "1, " "1, " "1, " "1, " "1, " "1, " "1, " "1, " "1, " "1, " "1, " "1, " "1, " "1, " "1, " "1, " "1, " "1, " "1, " "1, " "1, " "1, " "1, " "1, " "1, " "1, " "1, " "1, " "1, " "1, " "1, " "1, " "1, " "1, " "1, " "1, " "1, " "1, " "1, " "1, " "1, " "1, " "1, " "1, " "1, " "1, " "1, " "1, " "1, " "1, " "1, " "1, " "1, " "1, " "1, " "1, " "1, " "1, " "1, " "1, " "1, " "1, " "1, " "1, " "1, " "1, " "1, " "1, " "1, " "1, " "1, " "1, " "1, " "1, " "1, " "1, " "1, " "1, " "1, " "1, " "1, " "1, " "1, " "1, " "1, " "1, " "1, " "1, " "1, " "1, " "1, " "1, " "1, " "1, " "1, " "1, " "1, " "1, " "1, " "1, " "1, " "1, " "1, " "1, " "1, " "1, " "1, " "1, " "1, " "1, " "1, " "1, " "1, " "1, " "1, " "1, " "1, " "1, " "1, " "1, " "1, " "1, " "1, " "1, " "1, " "1, " "1, " "1, " "1, " "1, " "1, " "1, " "1, " "1, " "1, " "1, " "1, " "1, " "1, " "1, " "1, " "1, " "1, " "1, " "1, " "1, " "1, " "1, " "1, " "1, " "1, " "1, " "1, " "1, " "1, " "1, " "1, " "1, " "1, " "1, " "1, " "1, " "1, " "1, " "1, " "1, " "1, " "1, " "1, " "1, " "1, " "1, " "1, " "1, " "1, " "1, " "1, " "1, " "1, " "1, " "1, " "1, " "1, " "1, " "1, " "1, " "1, " "1, " "1, " "1, " "1, " "1, " "1, " "1, " "1, " "1, " "1, " "1, " "1, " "1, " "1, " "1, " "1, " "1, " "1, "0
 "Nei153, 0.299, " "-0.615, " "1, " "1, " "1, " "1, " "1, " "1, " "1, " "1, " "1, " "1, " "1, " "1, " "1, " "1, " "1, " "1, " "1, " "1, " "1, " "1, " "1, " "1, " "1, " "1, " "1, " "1, " "1, " "1, " "1, " "1, " "1, " "1, " "1, " "1, " "1, " "1, " "1, " "1, " "1, " "1, " "1, " "1, " "1, " "1, " "1, " "1, " "1, " "1, " "1, " "1, " "1, " "1, " "1, " "1, " "1, " "1, " "1, " "1, " "1, " "1, " "1, " "1, " "1, " "1, " "1, " "1, " "1, " "1, " "1, " "1, " "1, " "1, " "1, " "1, " "1, " "1, " "1, " "1, " "1, " "1, " "1, " "1, " "1, " "1, " "1, " "1, " "1, " "1, " "1, " "1, " "1, " "1, " "1, " "1, " "1, " "1, " "1, " "1, " "1, " "1, " "1, " "1, " "1, " "1, " "1, " "1, " "1, " "1, " "1, " "1, " "1, " "1, " "1, " "1, " "1, " "1, " "1, " "1, " "1, " "1, " "1, " "1, " "1, " "1, " "1, " "1, " "1, " "1, " "1, " "1, " "1, " "1, " "1, " "1, " "1, " "1, " "1, " "1, " "1, " "1, " "1, " "1, " "1, " "1, " "1, " "1, " "1, " "1, " "1, " "1, " "1, " "1, " "1, " "0, " "1, " "1, " "1, " "1, " "1, " "1, " "1, " "1, " "1, " "1, " "1, " "1, " "1, " "1, " "1, " "1, " "1, " "1, " "1, " "1, " "1, " "1, " "1, " "1, " "1, " "1, " "1, " "1, " "1, " "1, " "1, " "1, " "1, " "1, " "1, " "1, " "1, " "1, " "1, " "1, " "1, " "1, " "1, " "1, " "1, " "1, " "1, " "1, " "1, " "1, " "1, " "1, " "1, " "1, " "1, " "1, " "1, " "1, " "1, " "1, " "1, " "1, " "1, " "1, " "1, " "1, " "1, " "1, " "1, " "1, " "1, " "1, " "1, " "1, " "1, " "1, " "1, " "1, " "1, " "1, " "1, " "1, " "1, " "1, " "1, " "1, " "1, " "1, " "1, " "1, " "1, " "1, " "1, " "1, " "1, " "1, " "1, " "1, " "1, " "1, " "1, " "1, " "1, " "1, " "1, " "1, " "1, " "1, " "1, " "1, " "1, " "1, " "1, " "1, " "1, " "1, " "1, " "1, " "1, " "1, " "1, " "1, " "1, " "1, " "1, " "1, " "1, " "1, " "1, " "1, " "1, " "1, " "1, " "1, " "1, " "1, " "1, " "1, " "1, " "1, " "1, " "1, " "1, " "1, " "1, " "1, " "1, " "1, " "1, " "1, " "1, " "1, " "1, " "1, " "1, " "1, " "1, " "1, " "1, " "1, " "1, " "1, " "1, " "1, " "1, " "1, " "1, " "1, " "1, " "1, " "1, " "1, " "1, " "1, " "1, " "1, " "1, " "1, " "1, " "1, " "1, " "1, " "1, " "1, " "1, " "1, " "1, " "1, " "1, " "1, " "1, " "1, " "1, " "1, " "1, " "1, " "1, " "1, " "1, " "1, " "1, " "1, " "1, " "1, " "1, " "1, " "1, " "1, " "1, " "1, " "1, " "1, " "1, " "1, " "1, " "1, " "1, " "1, " "1, " "1, " "1, " "1, " "1, " "1, " "1, " "1, " "1, " "1, " "1, " "1, " "1, " "1, " "1, " "1, " "1, " "1, " "1, " "1, " "1, " "1, " "1, " "1, " "1, " "1, " "1, " "1, " "1, " "1, " "1, " "1, " "1, " "1, " "1, " "1, " "1, " "1, " "1, " "1, " "1, " "1, " "1, " "1, " "1, " "1, " "1, " "1, " "1, " "1, " "1, " "1, " "1, " "1, " "1, " "1, " "1, " "1, " "1, " "1, " "1, " "1, " "1, " "1, " "1, " "1, " "1, " "1, " "1, " "1, " "1, " "1, " "1, " "1, " "1, " "1, " "1, " "1, " "1, " "1, " "1, " "1, " "1, " "1, " "1, " "1, " "1, " "1, " "1, " "1, " "1, " "1, " "1, " "1, " "1, " "1, " "1, " "1, " "1, " "1, " "1, " "1, " "1, " "1, " "1, " "1, " "1, " "1, " "1, " "1, " "1, " "1, " "1, " "1, " "1, " "1, " "1, " "1, " "1, " "1, " "1, " "1, " "1, " "1, " "1, " "1, " "1, " "1, " "1, " "1, " "1, " "1, " "1, " "1, " "1, " "1, " "1, " "1, " "1, " "1, " "1, "0
 "Nei154, 0.021, " "0.256, " "1, " "1, " "1, " "1, " "1, " "1, " "1, " "1, " "1, " "1, " "1, " "1, " "1, " "1, " "1, " "1, " "1, " "1, " "1, " "1, " "1, " "1, " "1, " "1, " "1, " "1, " "1, " "1, " "1, " "1, " "1, " "1, " "1, " "1, " "1, " "1, " "1, " "1, " "1, " "1, " "1, " "1, " "1, " "1, " "1, " "1, " "1, " "1, " "1, " "1, " "1, " "1, " "1, " "1, " "1, " "1, " "1, " "1, " "1, " "1, " "1, " "1, " "1, " "1, " "1, " "1, " "1, " "1, " "1, " "1, " "1, " "1, " "1, " "1, " "1, " "1, " "1, " "1, " "1, " "1, " "1, " "1, " "1, " "1, " "1, " "1, " "1, " "1, " "1, " "1, " "1, " "1, " "1, " "1, " "1, " "1, " "1, " "1, " "1, " "1, " "1, " "1, " "1, " "1, " "1, " "1, " "1, " "1, " "1, " "1, " "1, " "1, " "1, " "1, " "1, " "1, " "1, " "1, " "1, " "1, " "1, " "1, " "1, " "1, " "1, " "1, " "1, " "1, " "1, " "1, " "1, " "1, " "1, " "1, " "1, " "1, " "1, " "1, " "1, " "1, " "1, " "1, " "1, " "1, " "1, " "1, " "1, " "1, " "1, " "1, " "1, " "1, " "1, " "1, " "0, " "1, " "1, " "1, " "1, " "1, " "1, " "1, " "1, " "1, " "1, " "1, " "1, " "1, " "1, " "1, " "1, " "1, " "1, " "1, " "1, " "1, " "1, " "1, " "1, " "1, " "1, " "1, " "1, " "1, " "1, " "1, " "1, " "1, " "1, " "1, " "1, " "1, " "1, " "1, " "1, " "1, " "1, " "1, " "1, " "1, " "1, " "1, " "1, " "1, " "1, " "1, " "1, " "1, " "1, " "1, " "1, " "1, " "1, " "1, " "1, " "1, " "1, " "1, " "1, " "1, " "1, " "1, " "1, " "1, " "1, " "1, " "1, " "1, " "1, " "1, " "1, " "1, " "1, " "1, " "1, " "1, " "1, " "1, " "1, " "1, " "1, " "1, " "1, " "1, " "1, " "1, " "1, " "1, " "1, " "1, " "1, " "1, " "1, " "1, " "1, " "1, " "1, " "1, " "1, " "1, " "1, " "1, " "1, " "1, " "1, " "1, " "1, " "1, " "1, " "1, " "1, " "1, " "1, " "1, " "1, " "1, " "1, " "1, " "1, " "1, " "1, " "1, " "1, " "1, " "1, " "1, " "1, " "1, " "1, " "1, " "1, " "1, " "1, " "1, " "1, " "1, " "1, " "1, " "1, " "1, " "1, " "1, " "1, " "1, " "1, " "1, " "1, " "1, " "1, " "1, " "1, " "1, " "1, " "1, " "1, " "1, " "1, " "1, " "1, " "1, " "1, " "1, " "1, " "1, " "1, " "1, " "1, " "1, " "1, " "1, " "1, " "1, " "1, " "1, " "1, " "1, " "1, " "1, " "1, " "1, " "1, " "1, " "1, " "1, " "1, " "1, " "1, " "1, " "1, " "1, " "1, " "1, " "1, " "1, " "1, " "1, " "1, " "1, " "1, " "1, " "1, " "1, " "1, " "1, " "1, " "1, " "1, " "1, " "1, " "1, " "1, " "1, " "1, " "1, " "1, " "1, " "1, " "1, " "1, " "1, " "1, " "1, " "1, " "1, " "1, " "1, " "1, " "1, " "1, " "1, " "1, " "1, " "1, " "1, " "1, " "1, " "1, " "1, " "1, " "1, " "1, " "1, " "1, " "1, " "1, " "1, " "1, " "1, " "1, " "1, " "1, " "1, " "1, " "1, " "1, " "1, " "1, " "1, " "1, " "1, " "1, " "1, " "1, " "1, " "1, " "1, " "1, " "1, " "1, " "1, " "1, " "1, " "1, " "1, " "1, " "1, " "1, " "1, " "1, " "1, " "1, " "1, " "1, " "1, " "1, " "1, " "1, " "1, " "1, " "1, " "1, " "1, " "1, " "1, " "1, " "1, " "1, " "1, " "1, " "1, " "1, " "1, " "1, " "1, " "1, " "1, " "1, " "1, " "1, " "1, " "1, " "1, " "1, " "1, " "1, " "1, " "1, " "1, " "1, " "1, " "1, " "1, " "1, " "1, " "1, " "1, " "1, " "1, " "1, " "1, " "1, " "1, " "1, " "1, " "1, " "1, " "1, " "1, " "1, " "1, " "1, " "1, " "1, " "1, " "1, " "1, " "1, " "1, " "1, " "1, " "1, " "1, " "1, "0
 "Nei155, 0.372, " "0.118, " "1, " "1, " "1, " "1, " "1, " "1, " "1, " "1, " "1, " "1, " "1, " "1, " "1, " "1, " "1, " "1, " "1, " "1, " "1, " "1, " "1, " "1, " "1, " "1, " "1, " "1, " "1, " "1, " "1, " "1, " "1, " "1, " "1, " "1, " "1, " "1, " "1, " "1, " "1, " "1, " "1, " "1, " "1, " "1, " "1, " "1, " "1, " "1, " "1, " "1, " "1, " "1, " "1, " "1, " "1, " "1, " "1, " "1, " "1, " "1, " "1, " "1, " "1, " "1, " "1, " "1, " "1, " "1, " "1, " "1, " "1, " "1, " "1, " "1, " "1, " "1, " "1, " "1, " "1, " "1, " "1, " "1, " "1, " "1, " "1, " "1, " "1, " "1, " "1, " "1, " "1, " "1, " "1, " "1, " "1, " "1, " "1, " "1, " "1, " "1, " "1, " "1, " "1, " "1, " "1, " "1, " "1, " "1, " "1, " "1, " "1, " "1, " "1, " "1, " "1, " "1, " "1, " "1, " "1, " "1, " "1, " "1, " "1, " "1, " "1, " "1, " "1, " "1, " "1, " "1, " "1, " "1, " "1, " "1, " "1, " "1, " "1, " "1, " "1, " "1, " "1, " "1, " "1, " "1, " "1, " "1, " "1, " "1, " "1, " "1, " "1, " "1, " "1, " "1, " "1, " "0, " "1, " "1, " "1, " "1, " "1, " "1, " "1, " "1, " "1, " "1, " "1, " "1, " "1, " "1, " "1, " "1, " "1, " "1, " "1, " "1, " "1, " "1, " "1, " "1, " "1, " "1, " "1, " "1, " "1, " "1, " "1, " "1, " "1, " "1, " "1, " "1, " "1, " "1, " "1, " "1, " "1, " "1, " "1, " "1, " "1, " "1, " "1, " "1, " "1, " "1, " "1, " "1, " "1, " "1, " "1, " "1, " "1, " "1, " "1, " "1, " "1, " "1, " "1, " "1, " "1, " "1, " "1, " "1, " "1, " "1, " "1, " "1, " "1, " "1, " "1, " "1, " "1, " "1, " "1, " "1, " "1, " "1, " "1, " "1, " "1, " "1, " "1, " "1, " "1, " "1, " "1, " "1, " "1, " "1, " "1, " "1, " "1, " "1, " "1, " "1, " "1, " "1, " "1, " "1, " "1, " "1, " "1, " "1, " "1, " "1, " "1, " "1, " "1, " "1, " "1, " "1, " "1, " "1, " "1, " "1, " "1, " "1, " "1, " "1, " "1, " "1, " "1, " "1, " "1, " "1, " "1, " "1, " "1, " "1, " "1, " "1, " "1, " "1, " "1, " "1, " "1, " "1, " "1, " "1, " "1, " "1, " "1, " "1, " "1, " "1, " "1, " "1, " "1, " "1, " "1, " "1, " "1, " "1, " "1, " "1, " "1, " "1, " "1, " "1, " "1, " "1, " "1, " "1, " "1, " "1, " "1, " "1, " "1, " "1, " "1, " "1, " "1, " "1, " "1, " "1, " "1, " "1, " "1, " "1, " "1, " "1, " "1, " "1, " "1, " "1, " "1, " "1, " "1, " "1, " "1, " "1, " "1, " "1, " "1, " "1, " "1, " "1, " "1, " "1, " "1, " "1, " "1, " "1, " "1, " "1, " "1, " "1, " "1, " "1, " "1, " "1, " "1, " "1, " "1, " "1, " "1, " "1, " "1, " "1, " "1, " "1, " "1, " "1, " "1, " "1, " "1, " "1, " "1, " "1, " "1, " "1, " "1, " "1, " "1, " "1, " "1, " "1, " "1, " "1, " "1, " "1, " "1, " "1, " "1, " "1, " "1, " "1, " "1, " "1, " "1, " "1, " "1, " "1, " "1, " "1, " "1, " "1, " "1, " "1, " "1, " "1, " "1, " "1, " "1, " "1, " "1, " "1, " "1, " "1, " "1, " "1, " "1, " "1, " "1, " "1, " "1, " "1, " "1, " "1, " "1, " "1, " "1, " "1, " "1, " "1, " "1, " "1, " "1, " "1, " "1, " "1, " "1, " "1, " "1, " "1, " "1, " "1, " "1, " "1, " "1, " "1, " "1, " "1, " "1, " "1, " "1, " "1, " "1, " "1, " "1, " "1, " "1, " "1, " "1, " "1, " "1, " "1, " "1, " "1, " "1, " "1, " "1, " "1, " "1, " "1, " "1, " "1, " "1, " "1, " "1, " "1, " "1, " "1, " "1, " "1, " "1, " "1, " "1, " "1, " "1, " "1, " "1, " "1, " "1, " "1, " "1, " "1, " "1, " "1, " "1, " "1, " "1, "0
 "Nei156, 0.054, " "-0.253, " "1, " "1, " "1, " "1, " "1, " "1, " "1, " "1, " "1, " "1, " "1, " "1, " "1, " "1, " "1, " "1, " "1, " "1, " "1, " "1, " "1, " "1, " "1, " "1, " "1, " "1, " "1, " "1, " "1, " "1, " "1, " "1, " "1, " "1, " "1, " "1, " "1, " "1, " "1, " "1, " "1, " "1, " "1, " "1, " "1, " "1, " "1, " "1, " "1, " "1, " "1, " "1, " "1, " "1, " "1, " "1, " "1, " "1, " "1, " "1, " "1, " "1, " "1, " "1, " "1, " "1, " "1, " "1, " "1, " "1, " "1, " "1, " "1, " "1, " "1, " "1, " "1, " "1, " "1, " "1, " "1, " "1, " "1, " "1, " "1, " "1, " "1, " "1, " "1, " "1, " "1, " "1, " "1, " "1, " "1, " "1, " "1, " "1, " "1, " "1, " "1, " "1, " "1, " "1, " "1, " "1, " "1, " "1, " "1, " "1, " "1, " "1, " "1, " "1, " "1, " "1, " "1, " "1, " "1, " "1, " "1, " "1, " "1, " "1, " "1, " "1, " "1, " "1, " "1, " "1, " "1, " "1, " "1, " "1, " "1, " "1, " "1, " "1, " "1, " "1, " "1, " "1, " "1, " "1, " "1, " "1, " "1, " "1, " "1, " "1, " "1, " "1, " "1, " "1, " "1, " "1, " "0, " "1, " "1, " "1, " "1, " "1, " "1, " "1, " "1, " "1, " "1, " "1, " "1, " "1, " "1, " "1, " "1, " "1, " "1, " "1, " "1, " "1, " "1, " "1, " "1, " "1, " "1, " "1, " "1, " "1, " "1, " "1, " "1, " "1, " "1, " "1, " "1, " "1, " "1, " "1, " "1, " "1, " "1, " "1, " "1, " "1, " "1, " "1, " "1, " "1, " "1, " "1, " "1, " "1, " "1, " "1, " "1, " "1, " "1, " "1, " "1, " "1, " "1, " "1, " "1, " "1, " "1, " "1, " "1, " "1, " "1, " "1, " "1, " "1, " "1, " "1, " "1, " "1, " "1, " "1, " "1, " "1, " "1, " "1, " "1, " "1, " "1, " "1, " "1, " "1, " "1, " "1, " "1, " "1, " "1, " "1, " "1, " "1, " "1, " "1, " "1, " "1, " "1, " "1, " "1, " "1, " "1, " "1, " "1, " "1, " "1, " "1, " "1, " "1, " "1, " "1, " "1, " "1, " "1, " "1, " "1, " "1, " "1, " "1, " "1, " "1, " "1, " "1, " "1, " "1, " "1, " "1, " "1, " "1, " "1, " "1, " "1, " "1, " "1, " "1, " "1, " "1, " "1, " "1, " "1, " "1, " "1, " "1, " "1, " "1, " "1, " "1, " "1, " "1, " "1, " "1, " "1, " "1, " "1, " "1, " "1, " "1, " "1, " "1, " "1, " "1, " "1, " "1, " "1, " "1, " "1, " "1, " "1, " "1, " "1, " "1, " "1, " "1, " "1, " "1, " "1, " "1, " "1, " "1, " "1, " "1, " "1, " "1, " "1, " "1, " "1, " "1, " "1, " "1, " "1, " "1, " "1, " "1, " "1, " "1, " "1, " "1, " "1, " "1, " "1, " "1, " "1, " "1, " "1, " "1, " "1, " "1, " "1, " "1, " "1, " "1, " "1, " "1, " "1, " "1, " "1, " "1, " "1, " "1, " "1, " "1, " "1, " "1, " "1, " "1, " "1, " "1, " "1, " "1, " "1, " "1, " "1, " "1, " "1, " "1, " "1, " "1, " "1, " "1, " "1, " "1, " "1, " "1, " "1, " "1, " "1, " "1, " "1, " "1, " "1, " "1, " "1, " "1, " "1, " "1, " "1, " "1, " "1, " "1, " "1, " "1, " "1, " "1, " "1, " "1, " "1, " "1, " "1, " "1, " "1, " "1, " "1, " "1, " "1, " "1, " "1, " "1, " "1, " "1, " "1, " "1, " "1, " "1, " "1, " "1, " "1, " "1, " "1, " "1, " "1, " "1, " "1, " "1, " "1, " "1, " "1, " "1, " "1, " "1, " "1, " "1, " "1, " "1, " "1, " "1, " "1, " "1, " "1, " "1, " "1, " "1, " "1, " "1, " "1, " "1, " "1, " "1, " "1, " "1, " "1, " "1, " "1, " "1, " "1, " "1, " "1, " "1, " "1, " "1, " "1, " "1, " "1, " "1, " "1, " "1, " "1, " "1, " "1, " "1, " "1, " "1, " "1, " "1, " "1, " "1, " "1, " "1, " "1, " "1, " "1, " "1, " "1, "0
 "Nei157, 0.193, " "0.088, " "1, " "1, " "1, " "1, " "1, " "1, " "1, " "1, " "1, " "1, " "1, " "1, " "1, " "1, " "1, " "1, " "1, " "1, " "1, " "1, " "1, " "1, " "1, " "1, " "1, " "1, " "1, " "1, " "1, " "1, " "1, " "1, " "1, " "1, " "1, " "1, " "1, " "1, " "1, " "1, " "1, " "1, " "1, " "1, " "1, " "1, " "1, " "1, " "1, " "1, " "1, " "1, " "1, " "1, " "1, " "1, " "1, " "1, " "1, " "1, " "1, " "1, " "1, " "1, " "1, " "1, " "1, " "1, " "1, " "1, " "1, " "1, " "1, " "1, " "1, " "1, " "1, " "1, " "1, " "1, " "1, " "1, " "1, " "1, " "1, " "1, " "1, " "1, " "1, " "1, " "1, " "1, " "1, " "1, " "1, " "1, " "1, " "1, " "1, " "1, " "1, " "1, " "1, " "1, " "1, " "1, " "1, " "1, " "1, " "1, " "1, " "1, " "1, " "1, " "1, " "1, " "1, " "1, " "1, " "1, " "1, " "1, " "1, " "1, " "1, " "1, " "1, " "1, " "1, " "1, " "1, " "1, " "1, " "1, " "1, " "1, " "1, " "1, " "1, " "1, " "1, " "1, " "1, " "1, " "1, " "1, " "1, " "1, " "1, " "1, " "1, " "1, " "1, " "1, " "1, " "1, " "1, " "0, " "1, " "1, " "1, " "1, " "1, " "1, " "1, " "1, " "1, " "1, " "1, " "1, " "1, " "1, " "1, " "1, " "1, " "1, " "1, " "1, " "1, " "1, " "1, " "1, " "1, " "1, " "1, " "1, " "1, " "1, " "1, " "1, " "1, " "1, " "1, " "1, " "1, " "1, " "1, " "1, " "1, " "1, " "1, " "1, " "1, " "1, " "1, " "1, " "1, " "1, " "1, " "1, " "1, " "1, " "1, " "1, " "1, " "1, " "1, " "1, " "1, " "1, " "1, " "1, " "1, " "1, " "1, " "1, " "1, " "1, " "1, " "1, " "1, " "1, " "1, " "1, " "1, " "1, " "1, " "1, " "1, " "1, " "1, " "1, " "1, " "1, " "1, " "1, " "1, " "1, " "1, " "1, " "1, " "1, " "1, " "1, " "1, " "1, " "1, " "1, " "1, " "1, " "1, " "1, " "1, " "1, " "1, " "1, " "1, " "1, " "1, " "1, " "1, " "1, " "1, " "1, " "1, " "1, " "1, " "1, " "1, " "1, " "1, " "1, " "1, " "1, " "1, " "1, " "1, " "1, " "1, " "1, " "1, " "1, " "1, " "1, " "1, " "1, " "1, " "1, " "1, " "1, " "1, " "1, " "1, " "1, " "1, " "1, " "1, " "1, " "1, " "1, " "1, " "1, " "1, " "1, " "1, " "1, " "1, " "1, " "1, " "1, " "1, " "1, " "1, " "1, " "1, " "1, " "1, " "1, " "1, " "1, " "1, " "1, " "1, " "1, " "1, " "1, " "1, " "1, " "1, " "1, " "1, " "1, " "1, " "1, " "1, " "1, " "1, " "1, " "1, " "1, " "1, " "1, " "1, " "1, " "1, " "1, " "1, " "1, " "1, " "1, " "1, " "1, " "1, " "1, " "1, " "1, " "1, " "1, " "1, " "1, " "1, " "1, " "1, " "1, " "1, " "1, " "1, " "1, " "1, " "1, " "1, " "1, " "1, " "1, " "1, " "1, " "1, " "1, " "1, " "1, " "1, " "1, " "1, " "1, " "1, " "1, " "1, " "1, " "1, " "1, " "1, " "1, " "1, " "1, " "1, " "1, " "1, " "1, " "1, " "1, " "1, " "1, " "1, " "1, " "1, " "1, " "1, " "1, " "1, " "1, " "1, " "1, " "1, " "1, " "1, " "1, " "1, " "1, " "1, " "1, " "1, " "1, " "1, " "1, " "1, " "1, " "1, " "1, " "1, " "1, " "1, " "1, " "1, " "1, " "1, " "1, " "1, " "1, " "1, " "1, " "1, " "1, " "1, " "1, " "1, " "1, " "1, " "1, " "1, " "1, " "1, " "1, " "1, " "1, " "1, " "1, " "1, " "1, " "1, " "1, " "1, " "1, " "1, " "1, " "1, " "1, " "1, " "1, " "1, " "1, " "1, " "1, " "1, " "1, " "1, " "1, " "1, " "1, " "1, " "1, " "1, " "1, " "1, " "1, " "1, " "1, " "1, " "1, " "1, " "1, " "1, " "1, " "1, " "1, " "1, " "1, " "1, " "1, " "1, " "1, " "1, " "1, " "1, "0
 "Nei158, 0.237, " "0.289, " "1, " "1, " "1, " "1, " "1, " "1, " "1, " "1, " "1, " "1, " "1, " "1, " "1, " "1, " "1, " "1, " "1, " "1, " "1, " "1, " "1, " "1, " "1, " "1, " "1, " "1, " "1, " "1, " "1, " "1, " "1, " "1, " "1, " "1, " "1, " "1, " "1, " "1, " "1, " "1, " "1, " "1, " "1, " "1, " "1, " "1, " "1, " "1, " "1, " "1, " "1, " "1, " "1, " "1, " "1, " "1, " "1, " "1, " "1, " "1, " "1, " "1, " "1, " "1, " "1, " "1, " "1, " "1, " "1, " "1, " "1, " "1, " "1, " "1, " "1, " "1, " "1, " "1, " "1, " "1, " "1, " "1, " "1, " "1, " "1, " "1, " "1, " "1, " "1, " "1, " "1, " "1, " "1, " "1, " "1, " "1, " "1, " "1, " "1, " "1, " "1, " "1, " "1, " "1, " "1, " "1, " "1, " "1, " "1, " "1, " "1, " "1, " "1, " "1, " "1, " "1, " "1, " "1, " "1, " "1, " "1, " "1, " "1, " "1, " "1, " "1, " "1, " "1, " "1, " "1, " "1, " "1, " "1, " "1, " "1, " "1, " "1, " "1, " "1, " "1, " "1, " "1, " "1, " "1, " "1, " "1, " "1, " "1, " "1, " "1, " "1, " "1, " "1, " "1, " "1, " "1, " "1, " "1, " "0, " "1, " "1, " "1, " "1, " "1, " "1, " "1, " "1, " "1, " "1, " "1, " "1, " "1, " "1, " "1, " "1, " "1, " "1, " "1, " "1, " "1, " "1, " "1, " "1, " "1, " "1, " "1, " "1, " "1, " "1, " "1, " "1, " "1, " "1, " "1, " "1, " "1, " "1, " "1, " "1, " "1, " "1, " "1, " "1, " "1, " "1, " "1, " "1, " "1, " "1, " "1, " "1, " "1, " "1, " "1, " "1, " "1, " "1, " "1, " "1, " "1, " "1, " "1, " "1, " "1, " "1, " "1, " "1, " "1, " "1, " "1, " "1, " "1, " "1, " "1, " "1, " "1, " "1, " "1, " "1, " "1, " "1, " "1, " "1, " "1, " "1, " "1, " "1, " "1, " "1, " "1, " "1, " "1, " "1, " "1, " "1, " "1, " "1, " "1, " "1, " "1, " "1, " "1, " "1, " "1, " "1, " "1, " "1, " "1, " "1, " "1, " "1, " "1, " "1, " "1, " "1, " "1, " "1, " "1, " "1, " "1, " "1, " "1, " "1, " "1, " "1, " "1, " "1, " "1, " "1, " "1, " "1, " "1, " "1, " "1, " "1, " "1, " "1, " "1, " "1, " "1, " "1, " "1, " "1, " "1, " "1, " "1, " "1, " "1, " "1, " "1, " "1, " "1, " "1, " "1, " "1, " "1, " "1, " "1, " "1, " "1, " "1, " "1, " "1, " "1, " "1, " "1, " "1, " "1, " "1, " "1, " "1, " "1, " "1, " "1, " "1, " "1, " "1, " "1, " "1, " "1, " "1, " "1, " "1, " "1, " "1, " "1, " "1, " "1, " "1, " "1, " "1, " "1, " "1, " "1, " "1, " "1, " "1, " "1, " "1, " "1, " "1, " "1, " "1, " "1, " "1, " "1, " "1, " "1, " "1, " "1, " "1, " "1, " "1, " "1, " "1, " "1, " "1, " "1, " "1, " "1, " "1, " "1, " "1, " "1, " "1, " "1, " "1, " "1, " "1, " "1, " "1, " "1, " "1, " "1, " "1, " "1, " "1, " "1, " "1, " "1, " "1, " "1, " "1, " "1, " "1, " "1, " "1, " "1, " "1, " "1, " "1, " "1, " "1, " "1, " "1, " "1, " "1, " "1, " "1, " "1, " "1, " "1, " "1, " "1, " "1, " "1, " "1, " "1, " "1, " "1, " "1, " "1, " "1, " "1, " "1, " "1, " "1, " "1, " "1, " "1, " "1, " "1, " "1, " "1, " "1, " "1, " "1, " "1, " "1, " "1, " "1, " "1, " "1, " "1, " "1, " "1, " "1, " "1, " "1, " "1, " "1, " "1, " "1, " "1, " "1, " "1, " "1, " "1, " "1, " "1, " "1, " "1, " "1, " "1, " "1, " "1, " "1, " "1, " "1, " "1, " "1, " "1, " "1, " "1, " "1, " "1, " "1, " "1, " "1, " "1, " "1, " "1, " "1, " "1, " "1, " "1, " "1, " "1, " "1, " "1, " "1, " "1, " "1, " "1, " "1, " "1, " "1, " "1, " "1, " "1, " "1, " "1, " "1, "0
 "Nei159, 0.376, " "0.083, " "1, " "1, " "1, " "1, " "1, " "1, " "1, " "1, " "1, " "1, " "1, " "1, " "1, " "1, " "1, " "1, " "1, " "1, " "1, " "1, " "1, " "1, " "1, " "1, " "1, " "1, " "1, " "1, " "1, " "1, " "1, " "1, " "1, " "1, " "1, " "1, " "1, " "1, " "1, " "1, " "1, " "1, " "1, " "1, " "1, " "1, " "1, " "1, " "1, " "1, " "1, " "1, " "1, " "1, " "1, " "1, " "1, " "1, " "1, " "1, " "1, " "1, " "1, " "1, " "1, " "1, " "1, " "1, " "1, " "1, " "1, " "1, " "1, " "1, " "1, " "1, " "1, " "1, " "1, " "1, " "1, " "1, " "1, " "1, " "1, " "1, " "1, " "1, " "1, " "1, " "1, " "1, " "1, " "1, " "1, " "1, " "1, " "1, " "1, " "1, " "1, " "1, " "1, " "1, " "1, " "1, " "1, " "1, " "1, " "1, " "1, " "1, " "1, " "1, " "1, " "1, " "1, " "1, " "1, " "1, " "1, " "1, " "1, " "1, " "1, " "1, " "1, " "1, " "1, " "1, " "1, " "1, " "1, " "1, " "1, " "1, " "1, " "1, " "1, " "1, " "1, " "1, " "1, " "1, " "1, " "1, " "1, " "1, " "1, " "1, " "1, " "1, " "1, " "1, " "1, " "1, " "1, " "1, " "1, " "0, " "1, " "1, " "1, " "1, " "1, " "1, " "1, " "1, " "1, " "1, " "1, " "1, " "1, " "1, " "1, " "1, " "1, " "1, " "1, " "1, " "1, " "1, " "1, " "1, " "1, " "1, " "1, " "1, " "1, " "1, " "1, " "1, " "1, " "1, " "1, " "1, " "1, " "1, " "1, " "1, " "1, " "1, " "1, " "1, " "1, " "1, " "1, " "1, " "1, " "1, " "1, " "1, " "1, " "1, " "1, " "1, " "1, " "1, " "1, " "1, " "1, " "1, " "1, " "1, " "1, " "1, " "1, " "1, " "1, " "1, " "1, " "1, " "1, " "1, " "1, " "1, " "1, " "1, " "1, " "1, " "1, " "1, " "1, " "1, " "1, " "1, " "1, " "1, " "1, " "1, " "1, " "1, " "1, " "1, " "1, " "1, " "1, " "1, " "1, " "1, " "1, " "1, " "1, " "1, " "1, " "1, " "1, " "1, " "1, " "1, " "1, " "1, " "1, " "1, " "1, " "1, " "1, " "1, " "1, " "1, " "1, " "1, " "1, " "1, " "1, " "1, " "1, " "1, " "1, " "1, " "1, " "1, " "1, " "1, " "1, " "1, " "1, " "1, " "1, " "1, " "1, " "1, " "1, " "1, " "1, " "1, " "1, " "1, " "1, " "1, " "1, " "1, " "1, " "1, " "1, " "1, " "1, " "1, " "1, " "1, " "1, " "1, " "1, " "1, " "1, " "1, " "1, " "1, " "1, " "1, " "1, " "1, " "1, " "1, " "1, " "1, " "1, " "1, " "1, " "1, " "1, " "1, " "1, " "1, " "1, " "1, " "1, " "1, " "1, " "1, " "1, " "1, " "1, " "1, " "1, " "1, " "1, " "1, " "1, " "1, " "1, " "1, " "1, " "1, " "1, " "1, " "1, " "1, " "1, " "1, " "1, " "1, " "1, " "1, " "1, " "1, " "1, " "1, " "1, " "1, " "1, " "1, " "1, " "1, " "1, " "1, " "1, " "1, " "1, " "1, " "1, " "1, " "1, " "1, " "1, " "1, " "1, " "1, " "1, " "1, " "1, " "1, " "1, " "1, " "1, " "1, " "1, " "1, " "1, " "1, " "1, " "1, " "1, " "1, " "1, " "1, " "1, " "1, " "1, " "1, " "1, " "1, " "1, " "1, " "1, " "1, " "1, " "1, " "1, " "1, " "1, " "1, " "1, " "1, " "1, " "1, " "1, " "1, " "1, " "1, " "1, " "1, " "1, " "1, " "1, " "1, " "1, " "1, " "1, " "1, " "1, " "1, " "1, " "1, " "1, " "1, " "1, " "1, " "1, " "1, " "1, " "1, " "1, " "1, " "1, " "1, " "1, " "1, " "1, " "1, " "1, " "1, " "1, " "1, " "1, " "1, " "1, " "1, " "1, " "1, " "1, " "1, " "1, " "1, " "1, " "1, " "1, " "1, " "1, " "1, " "1, " "1, " "1, " "1, " "1, " "1, " "1, " "1, " "1, " "1, " "1, " "1, " "1, " "1, " "1, " "1, " "1, " "1, " "1, " "1, " "1, " "1, " "1, "0
 "Nei160, 0.136, " "0.259, " "1, " "1, " "1, " "1, " "1, " "1, " "1, " "1, " "1, " "1, " "1, " "1, " "1, " "1, " "1, " "1, " "1, " "1, " "1, " "1, " "1, " "1, " "1, " "1, " "1, " "1, " "1, " "1, " "1, " "1, " "1, " "1, " "1, " "1, " "1, " "1, " "1, " "1, " "1, " "1, " "1, " "1, " "1, " "1, " "1, " "1, " "1, " "1, " "1, " "1, " "1, " "1, " "1, " "1, " "1, " "1, " "1, " "1, " "1, " "1, " "1, " "1, " "1, " "1, " "1, " "1, " "1, " "1, " "1, " "1, " "1, " "1, " "1, " "1, " "1, " "1, " "1, " "1, " "1, " "1, " "1, " "1, " "1, " "1, " "1, " "1, " "1, " "1, " "1, " "1, " "1, " "1, " "1, " "1, " "1, " "1, " "1, " "1, " "1, " "1, " "1, " "1, " "1, " "1, " "1, " "1, " "1, " "1, " "1, " "1, " "1, " "1, " "1, " "1, " "1, " "1, " "1, " "1, " "1, " "1, " "1, " "1, " "1, " "1, " "1, " "1, " "1, " "1, " "1, " "1, " "1, " "1, " "1, " "1, " "1, " "1, " "1, " "1, " "1, " "1, " "1, " "1, " "1, " "1, " "1, " "1, " "1, " "1, " "1, " "1, " "1, " "1, " "1, " "1, " "1, " "1, " "1, " "1, " "1, " "1, " "0, " "1, " "1, " "1, " "1, " "1, " "1, " "1, " "1, " "1, " "1, " "1, " "1, " "1, " "1, " "1, " "1, " "1, " "1, " "1, " "1, " "1, " "1, " "1, " "1, " "1, " "1, " "1, " "1, " "1, " "1, " "1, " "1, " "1, " "1, " "1, " "1, " "1, " "1, " "1, " "1, " "1, " "1, " "1, " "1, " "1, " "1, " "1, " "1, " "1, " "1, " "1, " "1, " "1, " "1, " "1, " "1, " "1, " "1, " "1, " "1, " "1, " "1, " "1, " "1, " "1, " "1, " "1, " "1, " "1, " "1, " "1, " "1, " "1, " "1, " "1, " "1, " "1, " "1, " "1, " "1, " "1, " "1, " "1, " "1, " "1, " "1, " "1, " "1, " "1, " "1, " "1, " "1, " "1, " "1, " "1, " "1, " "1, " "1, " "1, " "1, " "1, " "1, " "1, " "1, " "1, " "1, " "1, " "1, " "1, " "1, " "1, " "1, " "1, " "1, " "1, " "1, " "1, " "1, " "1, " "1, " "1, " "1, " "1, " "1, " "1, " "1, " "1, " "1, " "1, " "1, " "1, " "1, " "1, " "1, " "1, " "1, " "1, " "1, " "1, " "1, " "1, " "1, " "1, " "1, " "1, " "1, " "1, " "1, " "1, " "1, " "1, " "1, " "1, " "1, " "1, " "1, " "1, " "1, " "1, " "1, " "1, " "1, " "1, " "1, " "1, " "1, " "1, " "1, " "1, " "1, " "1, " "1, " "1, " "1, " "1, " "1, " "1, " "1, " "1, " "1, " "1, " "1, " "1, " "1, " "1, " "1, " "1, " "1, " "1, " "1, " "1, " "1, " "1, " "1, " "1, " "1, " "1, " "1, " "1, " "1, " "1, " "1, " "1, " "1, " "1, " "1, " "1, " "1, " "1, " "1, " "1, " "1, " "1, " "1, " "1, " "1, " "1, " "1, " "1, " "1, " "1, " "1, " "1, " "1, " "1, " "1, " "1, " "1, " "1, " "1, " "1, " "1, " "1, " "1, " "1, " "1, " "1, " "1, " "1, " "1, " "1, " "1, " "1, " "1, " "1, " "1, " "1, " "1, " "1, " "1, " "1, " "1, " "1, " "1, " "1, " "1, " "1, " "1, " "1, " "1, " "1, " "1, " "1, " "1, " "1, " "1, " "1, " "1, " "1, " "1, " "1, " "1, " "1, " "1, " "1, " "1, " "1, " "1, " "1, " "1, " "1, " "1, " "1, " "1, " "1, " "1, " "1, " "1, " "1, " "1, " "1, " "1, " "1, " "1, " "1, " "1, " "1, " "1, " "1, " "1, " "1, " "1, " "1, " "1, " "1, " "1, " "1, " "1, " "1, " "1, " "1, " "1, " "1, " "1, " "1, " "1, " "1, " "1, " "1, " "1, " "1, " "1, " "1, " "1, " "1, " "1, " "1, " "1, " "1, " "1, " "1, " "1, " "1, " "1, " "1, " "1, " "1, " "1, " "1, " "1, " "1, " "1, " "1, " "1, " "1, " "1, " "1, " "1, " "1, " "1, " "1, " "1, "0
 "Nei161, 0.154, " "0.688, " "1, " "1, " "1, " "1, " "1, " "1, " "1, " "1, " "1, " "1, " "1, " "1, " "1, " "1, " "1, " "1, " "1, " "1, " "1, " "1, " "1, " "1, " "1, " "1, " "1, " "1, " "1, " "1, " "1, " "1, " "1, " "1, " "1, " "1, " "1, " "1, " "1, " "1, " "1, " "1, " "1, " "1, " "1, " "1, " "1, " "1, " "1, " "1, " "1, " "1, " "1, " "1, " "1, " "1, " "1, " "1, " "1, " "1, " "1, " "1, " "1, " "1, " "1, " "1, " "1, " "1, " "1, " "1, " "1, " "1, " "1, " "1, " "1, " "1, " "1, " "1, " "1, " "1, " "1, " "1, " "1, " "1, " "1, " "1, " "1, " "1, " "1, " "1, " "1, " "1, " "1, " "1, " "1, " "1, " "1, " "1, " "1, " "1, " "1, " "1, " "1, " "1, " "1, " "1, " "1, " "1, " "1, " "1, " "1, " "1, " "1, " "1, " "1, " "1, " "1, " "1, " "1, " "1, " "1, " "1, " "1, " "1, " "1, " "1, " "1, " "1, " "1, " "1, " "1, " "1, " "1, " "1, " "1, " "1, " "1, " "1, " "1, " "1, " "1, " "1, " "1, " "1, " "1, " "1, " "1, " "1, " "1, " "1, " "1, " "1, " "1, " "1, " "1, " "1, " "1, " "1, " "1, " "1, " "1, " "1, " "1, " "0, " "1, " "1, " "1, " "1, " "1, " "1, " "1, " "1, " "1, " "1, " "1, " "1, " "1, " "1, " "1, " "1, " "1, " "1, " "1, " "1, " "1, " "1, " "1, " "1, " "1, " "1, " "1, " "1, " "1, " "1, " "1, " "1, " "1, " "1, " "1, " "1, " "1, " "1, " "1, " "1, " "1, " "1, " "1, " "1, " "1, " "1, " "1, " "1, " "1, " "1, " "1, " "1, " "1, " "1, " "1, " "1, " "1, " "1, " "1, " "1, " "1, " "1, " "1, " "1, " "1, " "1, " "1, " "1, " "1, " "1, " "1, " "1, " "1, " "1, " "1, " "1, " "1, " "1, " "1, " "1, " "1, " "1, " "1, " "1, " "1, " "1, " "1, " "1, " "1, " "1, " "1, " "1, " "1, " "1, " "1, " "1, " "1, " "1, " "1, " "1, " "1, " "1, " "1, " "1, " "1, " "1, " "1, " "1, " "1, " "1, " "1, " "1, " "1, " "1, " "1, " "1, " "1, " "1, " "1, " "1, " "1, " "1, " "1, " "1, " "1, " "1, " "1, " "1, " "1, " "1, " "1, " "1, " "1, " "1, " "1, " "1, " "1, " "1, " "1, " "1, " "1, " "1, " "1, " "1, " "1, " "1, " "1, " "1, " "1, " "1, " "1, " "1, " "1, " "1, " "1, " "1, " "1, " "1, " "1, " "1, " "1, " "1, " "1, " "1, " "1, " "1, " "1, " "1, " "1, " "1, " "1, " "1, " "1, " "1, " "1, " "1, " "1, " "1, " "1, " "1, " "1, " "1, " "1, " "1, " "1, " "1, " "1, " "1, " "1, " "1, " "1, " "1, " "1, " "1, " "1, " "1, " "1, " "1, " "1, " "1, " "1, " "1, " "1, " "1, " "1, " "1, " "1, " "1, " "1, " "1, " "1, " "1, " "1, " "1, " "1, " "1, " "1, " "1, " "1, " "1, " "1, " "1, " "1, " "1, " "1, " "1, " "1, " "1, " "1, " "1, " "1, " "1, " "1, " "1, " "1, " "1, " "1, " "1, " "1, " "1, " "1, " "1, " "1, " "1, " "1, " "1, " "1, " "1, " "1, " "1, " "1, " "1, " "1, " "1, " "1, " "1, " "1, " "1, " "1, " "1, " "1, " "1, " "1, " "1, " "1, " "1, " "1, " "1, " "1, " "1, " "1, " "1, " "1, " "1, " "1, " "1, " "1, " "1, " "1, " "1, " "1, " "1, " "1, " "1, " "1, " "1, " "1, " "1, " "1, " "1, " "1, " "1, " "1, " "1, " "1, " "1, " "1, " "1, " "1, " "1, " "1, " "1, " "1, " "1, " "1, " "1, " "1, " "1, " "1, " "1, " "1, " "1, " "1, " "1, " "1, " "1, " "1, " "1, " "1, " "1, " "1, " "1, " "1, " "1, " "1, " "1, " "1, " "1, " "1, " "1, " "1, " "1, " "1, " "1, " "1, " "1, " "1, " "1, " "1, " "1, " "1, " "1, " "1, " "1, " "1, " "1, " "1, " "1, " "1, " "1, " "1, "0
 "Nei162, 0.281, " "0.306, " "1, " "1, " "1, " "1, " "1, " "1, " "1, " "1, " "1, " "1, " "1, " "1, " "1, " "1, " "1, " "1, " "1, " "1, " "1, " "1, " "1, " "1, " "1, " "1, " "1, " "1, " "1, " "1, " "1, " "1, " "1, " "1, " "1, " "1, " "1, " "1, " "1, " "1, " "1, " "1, " "1, " "1, " "1, " "1, " "1, " "1, " "1, " "1, " "1, " "1, " "1, " "1, " "1, " "1, " "1, " "1, " "1, " "1, " "1, " "1, " "1, " "1, " "1, " "1, " "1, " "1, " "1, " "1, " "1, " "1, " "1, " "1, " "1, " "1, " "1, " "1, " "1, " "1, " "1, " "1, " "1, " "1, " "1, " "1, " "1, " "1, " "1, " "1, " "1, " "1, " "1, " "1, " "1, " "1, " "1, " "1, " "1, " "1, " "1, " "1, " "1, " "1, " "1, " "1, " "1, " "1, " "1, " "1, " "1, " "1, " "1, " "1, " "1, " "1, " "1, " "1, " "1, " "1, " "1, " "1, " "1, " "1, " "1, " "1, " "1, " "1, " "1, " "1, " "1, " "1, " "1, " "1, " "1, " "1, " "1, " "1, " "1, " "1, " "1, " "1, " "1, " "1, " "1, " "1, " "1, " "1, " "1, " "1, " "1, " "1, " "1, " "1, " "1, " "1, " "1, " "1, " "1, " "1, " "1, " "1, " "1, " "1, " "0, " "1, " "1, " "1, " "1, " "1, " "1, " "1, " "1, " "1, " "1, " "1, " "1, " "1, " "1, " "1, " "1, " "1, " "1, " "1, " "1, " "1, " "1, " "1, " "1, " "1, " "1, " "1, " "1, " "1, " "1, " "1, " "1, " "1, " "1, " "1, " "1, " "1, " "1, " "1, " "1, " "1, " "1, " "1, " "1, " "1, " "1, " "1, " "1, " "1, " "1, " "1, " "1, " "1, " "1, " "1, " "1, " "1, " "1, " "1, " "1, " "1, " "1, " "1, " "1, " "1, " "1, " "1, " "1, " "1, " "1, " "1, " "1, " "1, " "1, " "1, " "1, " "1, " "1, " "1, " "1, " "1, " "1, " "1, " "1, " "1, " "1, " "1, " "1, " "1, " "1, " "1, " "1, " "1, " "1, " "1, " "1, " "1, " "1, " "1, " "1, " "1, " "1, " "1, " "1, " "1, " "1, " "1, " "1, " "1, " "1, " "1, " "1, " "1, " "1, " "1, " "1, " "1, " "1, " "1, " "1, " "1, " "1, " "1, " "1, " "1, " "1, " "1, " "1, " "1, " "1, " "1, " "1, " "1, " "1, " "1, " "1, " "1, " "1, " "1, " "1, " "1, " "1, " "1, " "1, " "1, " "1, " "1, " "1, " "1, " "1, " "1, " "1, " "1, " "1, " "1, " "1, " "1, " "1, " "1, " "1, " "1, " "1, " "1, " "1, " "1, " "1, " "1, " "1, " "1, " "1, " "1, " "1, " "1, " "1, " "1, " "1, " "1, " "1, " "1, " "1, " "1, " "1, " "1, " "1, " "1, " "1, " "1, " "1, " "1, " "1, " "1, " "1, " "1, " "1, " "1, " "1, " "1, " "1, " "1, " "1, " "1, " "1, " "1, " "1, " "1, " "1, " "1, " "1, " "1, " "1, " "1, " "1, " "1, " "1, " "1, " "1, " "1, " "1, " "1, " "1, " "1, " "1, " "1, " "1, " "1, " "1, " "1, " "1, " "1, " "1, " "1, " "1, " "1, " "1, " "1, " "1, " "1, " "1, " "1, " "1, " "1, " "1, " "1, " "1, " "1, " "1, " "1, " "1, " "1, " "1, " "1, " "1, " "1, " "1, " "1, " "1, " "1, " "1, " "1, " "1, " "1, " "1, " "1, " "1, " "1, " "1, " "1, " "1, " "1, " "1, " "1, " "1, " "1, " "1, " "1, " "1, " "1, " "1, " "1, " "1, " "1, " "1, " "1, " "1, " "1, " "1, " "1, " "1, " "1, " "1, " "1, " "1, " "1, " "1, " "1, " "1, " "1, " "1, " "1, " "1, " "1, " "1, " "1, " "1, " "1, " "1, " "1, " "1, " "1, " "1, " "1, " "1, " "1, " "1, " "1, " "1, " "1, " "1, " "1, " "1, " "1, " "1, " "1, " "1, " "1, " "1, " "1, " "1, " "1, " "1, " "1, " "1, " "1, " "1, " "1, " "1, " "1, " "1, " "1, " "1, " "1, " "1, " "1, " "1, " "1, " "1, " "1, " "1, " "1, " "1, "0
 "Nei163, 0.127, " "-0.674, " "1, " "1, " "1, " "1, " "1, " "1, " "1, " "1, " "1, " "1, " "1, " "1, " "1, " "1, " "1, " "1, " "1, " "1, " "1, " "1, " "1, " "1, " "1, " "1, " "1, " "1, " "1, " "1, " "1, " "1, " "1, " "1, " "1, " "1, " "1, " "1, " "1, " "1, " "1, " "1, " "1, " "1, " "1, " "1, " "1, " "1, " "1, " "1, " "1, " "1, " "1, " "1, " "1, " "1, " "1, " "1, " "1, " "1, " "1, " "1, " "1, " "1, " "1, " "1, " "1, " "1, " "1, " "1, " "1, " "1, " "1, " "1, " "1, " "1, " "1, " "1, " "1, " "1, " "1, " "1, " "1, " "1, " "1, " "1, " "1, " "1, " "1, " "1, " "1, " "1, " "1, " "1, " "1, " "1, " "1, " "1, " "1, " "1, " "1, " "1, " "1, " "1, " "1, " "1, " "1, " "1, " "1, " "1, " "1, " "1, " "1, " "1, " "1, " "1, " "1, " "1, " "1, " "1, " "1, " "1, " "1, " "1, " "1, " "1, " "1, " "1, " "1, " "1, " "1, " "1, " "1, " "1, " "1, " "1, " "1, " "1, " "1, " "1, " "1, " "1, " "1, " "1, " "1, " "1, " "1, " "1, " "1, " "1, " "1, " "1, " "1, " "1, " "1, " "1, " "1, " "1, " "1, " "1, " "1, " "1, " "1, " "1, " "1, " "0, " "1, " "1, " "1, " "1, " "1, " "1, " "1, " "1, " "1, " "1, " "1, " "1, " "1, " "1, " "1, " "1, " "1, " "1, " "1, " "1, " "1, " "1, " "1, " "1, " "1, " "1, " "1, " "1, " "1, " "1, " "1, " "1, " "1, " "1, " "1, " "1, " "1, " "1, " "1, " "1, " "1, " "1, " "1, " "1, " "1, " "1, " "1, " "1, " "1, " "1, " "1, " "1, " "1, " "1, " "1, " "1, " "1, " "1, " "1, " "1, " "1, " "1, " "1, " "1, " "1, " "1, " "1, " "1, " "1, " "1, " "1, " "1, " "1, " "1, " "1, " "1, " "1, " "1, " "1, " "1, " "1, " "1, " "1, " "1, " "1, " "1, " "1, " "1, " "1, " "1, " "1, " "1, " "1, " "1, " "1, " "1, " "1, " "1, " "1, " "1, " "1, " "1, " "1, " "1, " "1, " "1, " "1, " "1, " "1, " "1, " "1, " "1, " "1, " "1, " "1, " "1, " "1, " "1, " "1, " "1, " "1, " "1, " "1, " "1, " "1, " "1, " "1, " "1, " "1, " "1, " "1, " "1, " "1, " "1, " "1, " "1, " "1, " "1, " "1, " "1, " "1, " "1, " "1, " "1, " "1, " "1, " "1, " "1, " "1, " "1, " "1, " "1, " "1, " "1, " "1, " "1, " "1, " "1, " "1, " "1, " "1, " "1, " "1, " "1, " "1, " "1, " "1, " "1, " "1, " "1, " "1, " "1, " "1, " "1, " "1, " "1, " "1, " "1, " "1, " "1, " "1, " "1, " "1, " "1, " "1, " "1, " "1, " "1, " "1, " "1, " "1, " "1, " "1, " "1, " "1, " "1, " "1, " "1, " "1, " "1, " "1, " "1, " "1, " "1, " "1, " "1, " "1, " "1, " "1, " "1, " "1, " "1, " "1, " "1, " "1, " "1, " "1, " "1, " "1, " "1, " "1, " "1, " "1, " "1, " "1, " "1, " "1, " "1, " "1, " "1, " "1, " "1, " "1, " "1, " "1, " "1, " "1, " "1, " "1, " "1, " "1, " "1, " "1, " "1, " "1, " "1, " "1, " "1, " "1, " "1, " "1, " "1, " "1, " "1, " "1, " "1, " "1, " "1, " "1, " "1, " "1, " "1, " "1, " "1, " "1, " "1, " "1, " "1, " "1, " "1, " "1, " "1, " "1, " "1, " "1, " "1, " "1, " "1, " "1, " "1, " "1, " "1, " "1, " "1, " "1, " "1, " "1, " "1, " "1, " "1, " "1, " "1, " "1, " "1, " "1, " "1, " "1, " "1, " "1, " "1, " "1, " "1, " "1, " "1, " "1, " "1, " "1, " "1, " "1, " "1, " "1, " "1, " "1, " "1, " "1, " "1, " "1, " "1, " "1, " "1, " "1, " "1, " "1, " "1, " "1, " "1, " "1, " "1, " "1, " "1, " "1, " "1, " "1, " "1, " "1, " "1, " "1, " "1, " "1, " "1, " "1, " "1, " "1, " "1, " "1, " "1, " "1, " "1, " "1, "0
 "Nei164, 0.392, " "0.142, " "1, " "1, " "1, " "1, " "1, " "1, " "1, " "1, " "1, " "1, " "1, " "1, " "1, " "1, " "1, " "1, " "1, " "1, " "1, " "1, " "1, " "1, " "1, " "1, " "1, " "1, " "1, " "1, " "1, " "1, " "1, " "1, " "1, " "1, " "1, " "1, " "1, " "1, " "1, " "1, " "1, " "1, " "1, " "1, " "1, " "1, " "1, " "1, " "1, " "1, " "1, " "1, " "1, " "1, " "1, " "1, " "1, " "1, " "1, " "1, " "1, " "1, " "1, " "1, " "1, " "1, " "1, " "1, " "1, " "1, " "1, " "1, " "1, " "1, " "1, " "1, " "1, " "1, " "1, " "1, " "1, " "1, " "1, " "1, " "1, " "1, " "1, " "1, " "1, " "1, " "1, " "1, " "1, " "1, " "1, " "1, " "1, " "1, " "1, " "1, " "1, " "1, " "1, " "1, " "1, " "1, " "1, " "1, " "1, " "1, " "1, " "1, " "1, " "1, " "1, " "1, " "1, " "1, " "1, " "1, " "1, " "1, " "1, " "1, " "1, " "1, " "1, " "1, " "1, " "1, " "1, " "1, " "1, " "1, " "1, " "1, " "1, " "1, " "1, " "1, " "1, " "1, " "1, " "1, " "1, " "1, " "1, " "1, " "1, " "1, " "1, " "1, " "1, " "1, " "1, " "1, " "1, " "1, " "1, " "1, " "1, " "1, " "1, " "1, " "0, " "1, " "1, " "1, " "1, " "1, " "1, " "1, " "1, " "1, " "1, " "1, " "1, " "1, " "1, " "1, " "1, " "1, " "1, " "1, " "1, " "1, " "1, " "1, " "1, " "1, " "1, " "1, " "1, " "1, " "1, " "1, " "1, " "1, " "1, " "1, " "1, " "1, " "1, " "1, " "1, " "1, " "1, " "1, " "1, " "1, " "1, " "1, " "1, " "1, " "1, " "1, " "1, " "1, " "1, " "1, " "1, " "1, " "1, " "1, " "1, " "1, " "1, " "1, " "1, " "1, " "1, " "1, " "1, " "1, " "1, " "1, " "1, " "1, " "1, " "1, " "1, " "1, " "1, " "1, " "1, " "1, " "1, " "1, " "1, " "1, " "1, " "1, " "1, " "1, " "1, " "1, " "1, " "1, " "1, " "1, " "1, " "1, " "1, " "1, " "1, " "1, " "1, " "1, " "1, " "1, " "1, " "1, " "1, " "1, " "1, " "1, " "1, " "1, " "1, " "1, " "1, " "1, " "1, " "1, " "1, " "1, " "1, " "1, " "1, " "1, " "1, " "1, " "1, " "1, " "1, " "1, " "1, " "1, " "1, " "1, " "1, " "1, " "1, " "1, " "1, " "1, " "1, " "1, " "1, " "1, " "1, " "1, " "1, " "1, " "1, " "1, " "1, " "1, " "1, " "1, " "1, " "1, " "1, " "1, " "1, " "1, " "1, " "1, " "1, " "1, " "1, " "1, " "1, " "1, " "1, " "1, " "1, " "1, " "1, " "1, " "1, " "1, " "1, " "1, " "1, " "1, " "1, " "1, " "1, " "1, " "1, " "1, " "1, " "1, " "1, " "1, " "1, " "1, " "1, " "1, " "1, " "1, " "1, " "1, " "1, " "1, " "1, " "1, " "1, " "1, " "1, " "1, " "1, " "1, " "1, " "1, " "1, " "1, " "1, " "1, " "1, " "1, " "1, " "1, " "1, " "1, " "1, " "1, " "1, " "1, " "1, " "1, " "1, " "1, " "1, " "1, " "1, " "1, " "1, " "1, " "1, " "1, " "1, " "1, " "1, " "1, " "1, " "1, " "1, " "1, " "1, " "1, " "1, " "1, " "1, " "1, " "1, " "1, " "1, " "1, " "1, " "1, " "1, " "1, " "1, " "1, " "1, " "1, " "1, " "1, " "1, " "1, " "1, " "1, " "1, " "1, " "1, " "1, " "1, " "1, " "1, " "1, " "1, " "1, " "1, " "1, " "1, " "1, " "1, " "1, " "1, " "1, " "1, " "1, " "1, " "1, " "1, " "1, " "1, " "1, " "1, " "1, " "1, " "1, " "1, " "1, " "1, " "1, " "1, " "1, " "1, " "1, " "1, " "1, " "1, " "1, " "1, " "1, " "1, " "1, " "1, " "1, " "1, " "1, " "1, " "1, " "1, " "1, " "1, " "1, " "1, " "1, " "1, " "1, " "1, " "1, " "1, " "1, " "1, " "1, " "1, " "1, " "1, " "1, " "1, " "1, " "1, " "1, " "1, " "1, " "1, " "1, " "1, "0
 "Nei165, 0.15, " "-0.3, " "1, " "1, " "1, " "1, " "1, " "1, " "1, " "1, " "1, " "1, " "1, " "1, " "1, " "1, " "1, " "1, " "1, " "1, " "1, " "1, " "1, " "1, " "1, " "1, " "1, " "1, " "1, " "1, " "1, " "1, " "1, " "1, " "1, " "1, " "1, " "1, " "1, " "1, " "1, " "1, " "1, " "1, " "1, " "1, " "1, " "1, " "1, " "1, " "1, " "1, " "1, " "1, " "1, " "1, " "1, " "1, " "1, " "1, " "1, " "1, " "1, " "1, " "1, " "1, " "1, " "1, " "1, " "1, " "1, " "1, " "1, " "1, " "1, " "1, " "1, " "1, " "1, " "1, " "1, " "1, " "1, " "1, " "1, " "1, " "1, " "1, " "1, " "1, " "1, " "1, " "1, " "1, " "1, " "1, " "1, " "1, " "1, " "1, " "1, " "1, " "1, " "1, " "1, " "1, " "1, " "1, " "1, " "1, " "1, " "1, " "1, " "1, " "1, " "1, " "1, " "1, " "1, " "1, " "1, " "1, " "1, " "1, " "1, " "1, " "1, " "1, " "1, " "1, " "1, " "1, " "1, " "1, " "1, " "1, " "1, " "1, " "1, " "1, " "1, " "1, " "1, " "1, " "1, " "1, " "1, " "1, " "1, " "1, " "1, " "1, " "1, " "1, " "1, " "1, " "1, " "1, " "1, " "1, " "1, " "1, " "1, " "1, " "1, " "1, " "1, " "0, " "1, " "1, " "1, " "1, " "1, " "1, " "1, " "1, " "1, " "1, " "1, " "1, " "1, " "1, " "1, " "1, " "1, " "1, " "1, " "1, " "1, " "1, " "1, " "1, " "1, " "1, " "1, " "1, " "1, " "1, " "1, " "1, " "1, " "1, " "1, " "1, " "1, " "1, " "1, " "1, " "1, " "1, " "1, " "1, " "1, " "1, " "1, " "1, " "1, " "1, " "1, " "1, " "1, " "1, " "1, " "1, " "1, " "1, " "1, " "1, " "1, " "1, " "1, " "1, " "1, " "1, " "1, " "1, " "1, " "1, " "1, " "1, " "1, " "1, " "1, " "1, " "1, " "1, " "1, " "1, " "1, " "1, " "1, " "1, " "1, " "1, " "1, " "1, " "1, " "1, " "1, " "1, " "1, " "1, " "1, " "1, " "1, " "1, " "1, " "1, " "1, " "1, " "1, " "1, " "1, " "1, " "1, " "1, " "1, " "1, " "1, " "1, " "1, " "1, " "1, " "1, " "1, " "1, " "1, " "1, " "1, " "1, " "1, " "1, " "1, " "1, " "1, " "1, " "1, " "1, " "1, " "1, " "1, " "1, " "1, " "1, " "1, " "1, " "1, " "1, " "1, " "1, " "1, " "1, " "1, " "1, " "1, " "1, " "1, " "1, " "1, " "1, " "1, " "1, " "1, " "1, " "1, " "1, " "1, " "1, " "1, " "1, " "1, " "1, " "1, " "1, " "1, " "1, " "1, " "1, " "1, " "1, " "1, " "1, " "1, " "1, " "1, " "1, " "1, " "1, " "1, " "1, " "1, " "1, " "1, " "1, " "1, " "1, " "1, " "1, " "1, " "1, " "1, " "1, " "1, " "1, " "1, " "1, " "1, " "1, " "1, " "1, " "1, " "1, " "1, " "1, " "1, " "1, " "1, " "1, " "1, " "1, " "1, " "1, " "1, " "1, " "1, " "1, " "1, " "1, " "1, " "1, " "1, " "1, " "1, " "1, " "1, " "1, " "1, " "1, " "1, " "1, " "1, " "1, " "1, " "1, " "1, " "1, " "1, " "1, " "1, " "1, " "1, " "1, " "1, " "1, " "1, " "1, " "1, " "1, " "1, " "1, " "1, " "1, " "1, " "1, " "1, " "1, " "1, " "1, " "1, " "1, " "1, " "1, " "1, " "1, " "1, " "1, " "1, " "1, " "1, " "1, " "1, " "1, " "1, " "1, " "1, " "1, " "1, " "1, " "1, " "1, " "1, " "1, " "1, " "1, " "1, " "1, " "1, " "1, " "1, " "1, " "1, " "1, " "1, " "1, " "1, " "1, " "1, " "1, " "1, " "1, " "1, " "1, " "1, " "1, " "1, " "1, " "1, " "1, " "1, " "1, " "1, " "1, " "1, " "1, " "1, " "1, " "1, " "1, " "1, " "1, " "1, " "1, " "1, " "1, " "1, " "1, " "1, " "1, " "1, " "1, " "1, " "1, " "1, " "1, " "1, " "1, " "1, " "1, " "1, " "1, " "1, " "1, " "1, " "1, " "1, "0
 "Nei166, 0.054, " "0.13, " "1, " "1, " "1, " "1, " "1, " "1, " "1, " "1, " "1, " "1, " "1, " "1, " "1, " "1, " "1, " "1, " "1, " "1, " "1, " "1, " "1, " "1, " "1, " "1, " "1, " "1, " "1, " "1, " "1, " "1, " "1, " "1, " "1, " "1, " "1, " "1, " "1, " "1, " "1, " "1, " "1, " "1, " "1, " "1, " "1, " "1, " "1, " "1, " "1, " "1, " "1, " "1, " "1, " "1, " "1, " "1, " "1, " "1, " "1, " "1, " "1, " "1, " "1, " "1, " "1, " "1, " "1, " "1, " "1, " "1, " "1, " "1, " "1, " "1, " "1, " "1, " "1, " "1, " "1, " "1, " "1, " "1, " "1, " "1, " "1, " "1, " "1, " "1, " "1, " "1, " "1, " "1, " "1, " "1, " "1, " "1, " "1, " "1, " "1, " "1, " "1, " "1, " "1, " "1, " "1, " "1, " "1, " "1, " "1, " "1, " "1, " "1, " "1, " "1, " "1, " "1, " "1, " "1, " "1, " "1, " "1, " "1, " "1, " "1, " "1, " "1, " "1, " "1, " "1, " "1, " "1, " "1, " "1, " "1, " "1, " "1, " "1, " "1, " "1, " "1, " "1, " "1, " "1, " "1, " "1, " "1, " "1, " "1, " "1, " "1, " "1, " "1, " "1, " "1, " "1, " "1, " "1, " "1, " "1, " "1, " "1, " "1, " "1, " "1, " "1, " "1, " "0, " "1, " "1, " "1, " "1, " "1, " "1, " "1, " "1, " "1, " "1, " "1, " "1, " "1, " "1, " "1, " "1, " "1, " "1, " "1, " "1, " "1, " "1, " "1, " "1, " "1, " "1, " "1, " "1, " "1, " "1, " "1, " "1, " "1, " "1, " "1, " "1, " "1, " "1, " "1, " "1, " "1, " "1, " "1, " "1, " "1, " "1, " "1, " "1, " "1, " "1, " "1, " "1, " "1, " "1, " "1, " "1, " "1, " "1, " "1, " "1, " "1, " "1, " "1, " "1, " "1, " "1, " "1, " "1, " "1, " "1, " "1, " "1, " "1, " "1, " "1, " "1, " "1, " "1, " "1, " "1, " "1, " "1, " "1, " "1, " "1, " "1, " "1, " "1, " "1, " "1, " "1, " "1, " "1, " "1, " "1, " "1, " "1, " "1, " "1, " "1, " "1, " "1, " "1, " "1, " "1, " "1, " "1, " "1, " "1, " "1, " "1, " "1, " "1, " "1, " "1, " "1, " "1, " "1, " "1, " "1, " "1, " "1, " "1, " "1, " "1, " "1, " "1, " "1, " "1, " "1, " "1, " "1, " "1, " "1, " "1, " "1, " "1, " "1, " "1, " "1, " "1, " "1, " "1, " "1, " "1, " "1, " "1, " "1, " "1, " "1, " "1, " "1, " "1, " "1, " "1, " "1, " "1, " "1, " "1, " "1, " "1, " "1, " "1, " "1, " "1, " "1, " "1, " "1, " "1, " "1, " "1, " "1, " "1, " "1, " "1, " "1, " "1, " "1, " "1, " "1, " "1, " "1, " "1, " "1, " "1, " "1, " "1, " "1, " "1, " "1, " "1, " "1, " "1, " "1, " "1, " "1, " "1, " "1, " "1, " "1, " "1, " "1, " "1, " "1, " "1, " "1, " "1, " "1, " "1, " "1, " "1, " "1, " "1, " "1, " "1, " "1, " "1, " "1, " "1, " "1, " "1, " "1, " "1, " "1, " "1, " "1, " "1, " "1, " "1, " "1, " "1, " "1, " "1, " "1, " "1, " "1, " "1, " "1, " "1, " "1, " "1, " "1, " "1, " "1, " "1, " "1, " "1, " "1, " "1, " "1, " "1, " "1, " "1, " "1, " "1, " "1, " "1, " "1, " "1, " "1, " "1, " "1, " "1, " "1, " "1, " "1, " "1, " "1, " "1, " "1, " "1, " "1, " "1, " "1, " "1, " "1, " "1, " "1, " "1, " "1, " "1, " "1, " "1, " "1, " "1, " "1, " "1, " "1, " "1, " "1, " "1, " "1, " "1, " "1, " "1, " "1, " "1, " "1, " "1, " "1, " "1, " "1, " "1, " "1, " "1, " "1, " "1, " "1, " "1, " "1, " "1, " "1, " "1, " "1, " "1, " "1, " "1, " "1, " "1, " "1, " "1, " "1, " "1, " "1, " "1, " "1, " "1, " "1, " "1, " "1, " "1, " "1, " "1, " "1, " "1, " "1, " "1, " "1, " "1, " "1, " "1, " "1, " "1, " "1, " "1, " "1, "0
 "Nei167, 0.155, " "-0.881, " "1, " "1, " "1, " "1, " "1, " "1, " "1, " "1, " "1, " "1, " "1, " "1, " "1, " "1, " "1, " "1, " "1, " "1, " "1, " "1, " "1, " "1, " "1, " "1, " "1, " "1, " "1, " "1, " "1, " "1, " "1, " "1, " "1, " "1, " "1, " "1, " "1, " "1, " "1, " "1, " "1, " "1, " "1, " "1, " "1, " "1, " "1, " "1, " "1, " "1, " "1, " "1, " "1, " "1, " "1, " "1, " "1, " "1, " "1, " "1, " "1, " "1, " "1, " "1, " "1, " "1, " "1, " "1, " "1, " "1, " "1, " "1, " "1, " "1, " "1, " "1, " "1, " "1, " "1, " "1, " "1, " "1, " "1, " "1, " "1, " "1, " "1, " "1, " "1, " "1, " "1, " "1, " "1, " "1, " "1, " "1, " "1, " "1, " "1, " "1, " "1, " "1, " "1, " "1, " "1, " "1, " "1, " "1, " "1, " "1, " "1, " "1, " "1, " "1, " "1, " "1, " "1, " "1, " "1, " "1, " "1, " "1, " "1, " "1, " "1, " "1, " "1, " "1, " "1, " "1, " "1, " "1, " "1, " "1, " "1, " "1, " "1, " "1, " "1, " "1, " "1, " "1, " "1, " "1, " "1, " "1, " "1, " "1, " "1, " "1, " "1, " "1, " "1, " "1, " "1, " "1, " "1, " "1, " "1, " "1, " "1, " "1, " "1, " "1, " "1, " "1, " "1, " "0, " "1, " "1, " "1, " "1, " "1, " "1, " "1, " "1, " "1, " "1, " "1, " "1, " "1, " "1, " "1, " "1, " "1, " "1, " "1, " "1, " "1, " "1, " "1, " "1, " "1, " "1, " "1, " "1, " "1, " "1, " "1, " "1, " "1, " "1, " "1, " "1, " "1, " "1, " "1, " "1, " "1, " "1, " "1, " "1, " "1, " "1, " "1, " "1, " "1, " "1, " "1, " "1, " "1, " "1, " "1, " "1, " "1, " "1, " "1, " "1, " "1, " "1, " "1, " "1, " "1, " "1, " "1, " "1, " "1, " "1, " "1, " "1, " "1, " "1, " "1, " "1, " "1, " "1, " "1, " "1, " "1, " "1, " "1, " "1, " "1, " "1, " "1, " "1, " "1, " "1, " "1, " "1, " "1, " "1, " "1, " "1, " "1, " "1, " "1, " "1, " "1, " "1, " "1, " "1, " "1, " "1, " "1, " "1, " "1, " "1, " "1, " "1, " "1, " "1, " "1, " "1, " "1, " "1, " "1, " "1, " "1, " "1, " "1, " "1, " "1, " "1, " "1, " "1, " "1, " "1, " "1, " "1, " "1, " "1, " "1, " "1, " "1, " "1, " "1, " "1, " "1, " "1, " "1, " "1, " "1, " "1, " "1, " "1, " "1, " "1, " "1, " "1, " "1, " "1, " "1, " "1, " "1, " "1, " "1, " "1, " "1, " "1, " "1, " "1, " "1, " "1, " "1, " "1, " "1, " "1, " "1, " "1, " "1, " "1, " "1, " "1, " "1, " "1, " "1, " "1, " "1, " "1, " "1, " "1, " "1, " "1, " "1, " "1, " "1, " "1, " "1, " "1, " "1, " "1, " "1, " "1, " "1, " "1, " "1, " "1, " "1, " "1, " "1, " "1, " "1, " "1, " "1, " "1, " "1, " "1, " "1, " "1, " "1, " "1, " "1, " "1, " "1, " "1, " "1, " "1, " "1, " "1, " "1, " "1, " "1, " "1, " "1, " "1, " "1, " "1, " "1, " "1, " "1, " "1, " "1, " "1, " "1, " "1, " "1, " "1, " "1, " "1, " "1, " "1, " "1, " "1, " "1, " "1, " "1, " "1, " "1, " "1, " "1, " "1, " "1, " "1, " "1, " "1, " "1, " "1, " "1, " "1, " "1, " "1, " "1, " "1, " "1, " "1, " "1, " "1, " "1, " "1, " "1, " "1, " "1, " "1, " "1, " "1, " "1, " "1, " "1, " "1, " "1, " "1, " "1, " "1, " "1, " "1, " "1, " "1, " "1, " "1, " "1, " "1, " "1, " "1, " "1, " "1, " "1, " "1, " "1, " "1, " "1, " "1, " "1, " "1, " "1, " "1, " "1, " "1, " "1, " "1, " "1, " "1, " "1, " "1, " "1, " "1, " "1, " "1, " "1, " "1, " "1, " "1, " "1, " "1, " "1, " "1, " "1, " "1, " "1, " "1, " "1, " "1, " "1, " "1, " "1, " "1, " "1, " "1, " "1, " "1, " "1, " "1, " "1, "0
 "Nei168, 0.217, " "-0.916, " "1, " "1, " "1, " "1, " "1, " "1, " "1, " "1, " "1, " "1, " "1, " "1, " "1, " "1, " "1, " "1, " "1, " "1, " "1, " "1, " "1, " "1, " "1, " "1, " "1, " "1, " "1, " "1, " "1, " "1, " "1, " "1, " "1, " "1, " "1, " "1, " "1, " "1, " "1, " "1, " "1, " "1, " "1, " "1, " "1, " "1, " "1, " "1, " "1, " "1, " "1, " "1, " "1, " "1, " "1, " "1, " "1, " "1, " "1, " "1, " "1, " "1, " "1, " "1, " "1, " "1, " "1, " "1, " "1, " "1, " "1, " "1, " "1, " "1, " "1, " "1, " "1, " "1, " "1, " "1, " "1, " "1, " "1, " "1, " "1, " "1, " "1, " "1, " "1, " "1, " "1, " "1, " "1, " "1, " "1, " "1, " "1, " "1, " "1, " "1, " "1, " "1, " "1, " "1, " "1, " "1, " "1, " "1, " "1, " "1, " "1, " "1, " "1, " "1, " "1, " "1, " "1, " "1, " "1, " "1, " "1, " "1, " "1, " "1, " "1, " "1, " "1, " "1, " "1, " "1, " "1, " "1, " "1, " "1, " "1, " "1, " "1, " "1, " "1, " "1, " "1, " "1, " "1, " "1, " "1, " "1, " "1, " "1, " "1, " "1, " "1, " "1, " "1, " "1, " "1, " "1, " "1, " "1, " "1, " "1, " "1, " "1, " "1, " "1, " "1, " "1, " "1, " "1, " "0, " "1, " "1, " "1, " "1, " "1, " "1, " "1, " "1, " "1, " "1, " "1, " "1, " "1, " "1, " "1, " "1, " "1, " "1, " "1, " "1, " "1, " "1, " "1, " "1, " "1, " "1, " "1, " "1, " "1, " "1, " "1, " "1, " "1, " "1, " "1, " "1, " "1, " "1, " "1, " "1, " "1, " "1, " "1, " "1, " "1, " "1, " "1, " "1, " "1, " "1, " "1, " "1, " "1, " "1, " "1, " "1, " "1, " "1, " "1, " "1, " "1, " "1, " "1, " "1, " "1, " "1, " "1, " "1, " "1, " "1, " "1, " "1, " "1, " "1, " "1, " "1, " "1, " "1, " "1, " "1, " "1, " "1, " "1, " "1, " "1, " "1, " "1, " "1, " "1, " "1, " "1, " "1, " "1, " "1, " "1, " "1, " "1, " "1, " "1, " "1, " "1, " "1, " "1, " "1, " "1, " "1, " "1, " "1, " "1, " "1, " "1, " "1, " "1, " "1, " "1, " "1, " "1, " "1, " "1, " "1, " "1, " "1, " "1, " "1, " "1, " "1, " "1, " "1, " "1, " "1, " "1, " "1, " "1, " "1, " "1, " "1, " "1, " "1, " "1, " "1, " "1, " "1, " "1, " "1, " "1, " "1, " "1, " "1, " "1, " "1, " "1, " "1, " "1, " "1, " "1, " "1, " "1, " "1, " "1, " "1, " "1, " "1, " "1, " "1, " "1, " "1, " "1, " "1, " "1, " "1, " "1, " "1, " "1, " "1, " "1, " "1, " "1, " "1, " "1, " "1, " "1, " "1, " "1, " "1, " "1, " "1, " "1, " "1, " "1, " "1, " "1, " "1, " "1, " "1, " "1, " "1, " "1, " "1, " "1, " "1, " "1, " "1, " "1, " "1, " "1, " "1, " "1, " "1, " "1, " "1, " "1, " "1, " "1, " "1, " "1, " "1, " "1, " "1, " "1, " "1, " "1, " "1, " "1, " "1, " "1, " "1, " "1, " "1, " "1, " "1, " "1, " "1, " "1, " "1, " "1, " "1, " "1, " "1, " "1, " "1, " "1, " "1, " "1, " "1, " "1, " "1, " "1, " "1, " "1, " "1, " "1, " "1, " "1, " "1, " "1, " "1, " "1, " "1, " "1, " "1, " "1, " "1, " "1, " "1, " "1, " "1, " "1, " "1, " "1, " "1, " "1, " "1, " "1, " "1, " "1, " "1, " "1, " "1, " "1, " "1, " "1, " "1, " "1, " "1, " "1, " "1, " "1, " "1, " "1, " "1, " "1, " "1, " "1, " "1, " "1, " "1, " "1, " "1, " "1, " "1, " "1, " "1, " "1, " "1, " "1, " "1, " "1, " "1, " "1, " "1, " "1, " "1, " "1, " "1, " "1, " "1, " "1, " "1, " "1, " "1, " "1, " "1, " "1, " "1, " "1, " "1, " "1, " "1, " "1, " "1, " "1, " "1, " "1, " "1, " "1, " "1, " "1, " "1, " "1, " "1, " "1, " "1, " "1, " "1, "0
 "Nei169, 0.011, " "-0.037, " "1, " "1, " "1, " "1, " "1, " "1, " "1, " "1, " "1, " "1, " "1, " "1, " "1, " "1, " "1, " "1, " "1, " "1, " "1, " "1, " "1, " "1, " "1, " "1, " "1, " "1, " "1, " "1, " "1, " "1, " "1, " "1, " "1, " "1, " "1, " "1, " "1, " "1, " "1, " "1, " "1, " "1, " "1, " "1, " "1, " "1, " "1, " "1, " "1, " "1, " "1, " "1, " "1, " "1, " "1, " "1, " "1, " "1, " "1, " "1, " "1, " "1, " "1, " "1, " "1, " "1, " "1, " "1, " "1, " "1, " "1, " "1, " "1, " "1, " "1, " "1, " "1, " "1, " "1, " "1, " "1, " "1, " "1, " "1, " "1, " "1, " "1, " "1, " "1, " "1, " "1, " "1, " "1, " "1, " "1, " "1, " "1, " "1, " "1, " "1, " "1, " "1, " "1, " "1, " "1, " "1, " "1, " "1, " "1, " "1, " "1, " "1, " "1, " "1, " "1, " "1, " "1, " "1, " "1, " "1, " "1, " "1, " "1, " "1, " "1, " "1, " "1, " "1, " "1, " "1, " "1, " "1, " "1, " "1, " "1, " "1, " "1, " "1, " "1, " "1, " "1, " "1, " "1, " "1, " "1, " "1, " "1, " "1, " "1, " "1, " "1, " "1, " "1, " "1, " "1, " "1, " "1, " "1, " "1, " "1, " "1, " "1, " "1, " "1, " "1, " "1, " "1, " "1, " "1, " "0, " "1, " "1, " "1, " "1, " "1, " "1, " "1, " "1, " "1, " "1, " "1, " "1, " "1, " "1, " "1, " "1, " "1, " "1, " "1, " "1, " "1, " "1, " "1, " "1, " "1, " "1, " "1, " "1, " "1, " "1, " "1, " "1, " "1, " "1, " "1, " "1, " "1, " "1, " "1, " "1, " "1, " "1, " "1, " "1, " "1, " "1, " "1, " "1, " "1, " "1, " "1, " "1, " "1, " "1, " "1, " "1, " "1, " "1, " "1, " "1, " "1, " "1, " "1, " "1, " "1, " "1, " "1, " "1, " "1, " "1, " "1, " "1, " "1, " "1, " "1, " "1, " "1, " "1, " "1, " "1, " "1, " "1, " "1, " "1, " "1, " "1, " "1, " "1, " "1, " "1, " "1, " "1, " "1, " "1, " "1, " "1, " "1, " "1, " "1, " "1, " "1, " "1, " "1, " "1, " "1, " "1, " "1, " "1, " "1, " "1, " "1, " "1, " "1, " "1, " "1, " "1, " "1, " "1, " "1, " "1, " "1, " "1, " "1, " "1, " "1, " "1, " "1, " "1, " "1, " "1, " "1, " "1, " "1, " "1, " "1, " "1, " "1, " "1, " "1, " "1, " "1, " "1, " "1, " "1, " "1, " "1, " "1, " "1, " "1, " "1, " "1, " "1, " "1, " "1, " "1, " "1, " "1, " "1, " "1, " "1, " "1, " "1, " "1, " "1, " "1, " "1, " "1, " "1, " "1, " "1, " "1, " "1, " "1, " "1, " "1, " "1, " "1, " "1, " "1, " "1, " "1, " "1, " "1, " "1, " "1, " "1, " "1, " "1, " "1, " "1, " "1, " "1, " "1, " "1, " "1, " "1, " "1, " "1, " "1, " "1, " "1, " "1, " "1, " "1, " "1, " "1, " "1, " "1, " "1, " "1, " "1, " "1, " "1, " "1, " "1, " "1, " "1, " "1, " "1, " "1, " "1, " "1, " "1, " "1, " "1, " "1, " "1, " "1, " "1, " "1, " "1, " "1, " "1, " "1, " "1, " "1, " "1, " "1, " "1, " "1, " "1, " "1, " "1, " "1, " "1, " "1, " "1, " "1, " "1, " "1, " "1, " "1, " "1, " "1, " "1, " "1, " "1, " "1, " "1, " "1, " "1, " "1, " "1, " "1, " "1, " "1, " "1, " "1, " "1, " "1, " "1, " "1, " "1, " "1, " "1, " "1, " "1, " "1, " "1, " "1, " "1, " "1, " "1, " "1, " "1, " "1, " "1, " "1, " "1, " "1, " "1, " "1, " "1, " "1, " "1, " "1, " "1, " "1, " "1, " "1, " "1, " "1, " "1, " "1, " "1, " "1, " "1, " "1, " "1, " "1, " "1, " "1, " "1, " "1, " "1, " "1, " "1, " "1, " "1, " "1, " "1, " "1, " "1, " "1, " "1, " "1, " "1, " "1, " "1, " "1, " "1, " "1, " "1, " "1, " "1, " "1, " "1, " "1, " "1, " "1, " "1, " "1, " "1, "0
 "Nei170, 0.114, " "-0.891, " "1, " "1, " "1, " "1, " "1, " "1, " "1, " "1, " "1, " "1, " "1, " "1, " "1, " "1, " "1, " "1, " "1, " "1, " "1, " "1, " "1, " "1, " "1, " "1, " "1, " "1, " "1, " "1, " "1, " "1, " "1, " "1, " "1, " "1, " "1, " "1, " "1, " "1, " "1, " "1, " "1, " "1, " "1, " "1, " "1, " "1, " "1, " "1, " "1, " "1, " "1, " "1, " "1, " "1, " "1, " "1, " "1, " "1, " "1, " "1, " "1, " "1, " "1, " "1, " "1, " "1, " "1, " "1, " "1, " "1, " "1, " "1, " "1, " "1, " "1, " "1, " "1, " "1, " "1, " "1, " "1, " "1, " "1, " "1, " "1, " "1, " "1, " "1, " "1, " "1, " "1, " "1, " "1, " "1, " "1, " "1, " "1, " "1, " "1, " "1, " "1, " "1, " "1, " "1, " "1, " "1, " "1, " "1, " "1, " "1, " "1, " "1, " "1, " "1, " "1, " "1, " "1, " "1, " "1, " "1, " "1, " "1, " "1, " "1, " "1, " "1, " "1, " "1, " "1, " "1, " "1, " "1, " "1, " "1, " "1, " "1, " "1, " "1, " "1, " "1, " "1, " "1, " "1, " "1, " "1, " "1, " "1, " "1, " "1, " "1, " "1, " "1, " "1, " "1, " "1, " "1, " "1, " "1, " "1, " "1, " "1, " "1, " "1, " "1, " "1, " "1, " "1, " "1, " "1, " "1, " "0, " "1, " "1, " "1, " "1, " "1, " "1, " "1, " "1, " "1, " "1, " "1, " "1, " "1, " "1, " "1, " "1, " "1, " "1, " "1, " "1, " "1, " "1, " "1, " "1, " "1, " "1, " "1, " "1, " "1, " "1, " "1, " "1, " "1, " "1, " "1, " "1, " "1, " "1, " "1, " "1, " "1, " "1, " "1, " "1, " "1, " "1, " "1, " "1, " "1, " "1, " "1, " "1, " "1, " "1, " "1, " "1, " "1, " "1, " "1, " "1, " "1, " "1, " "1, " "1, " "1, " "1, " "1, " "1, " "1, " "1, " "1, " "1, " "1, " "1, " "1, " "1, " "1, " "1, " "1, " "1, " "1, " "1, " "1, " "1, " "1, " "1, " "1, " "1, " "1, " "1, " "1, " "1, " "1, " "1, " "1, " "1, " "1, " "1, " "1, " "1, " "1, " "1, " "1, " "1, " "1, " "1, " "1, " "1, " "1, " "1, " "1, " "1, " "1, " "1, " "1, " "1, " "1, " "1, " "1, " "1, " "1, " "1, " "1, " "1, " "1, " "1, " "1, " "1, " "1, " "1, " "1, " "1, " "1, " "1, " "1, " "1, " "1, " "1, " "1, " "1, " "1, " "1, " "1, " "1, " "1, " "1, " "1, " "1, " "1, " "1, " "1, " "1, " "1, " "1, " "1, " "1, " "1, " "1, " "1, " "1, " "1, " "1, " "1, " "1, " "1, " "1, " "1, " "1, " "1, " "1, " "1, " "1, " "1, " "1, " "1, " "1, " "1, " "1, " "1, " "1, " "1, " "1, " "1, " "1, " "1, " "1, " "1, " "1, " "1, " "1, " "1, " "1, " "1, " "1, " "1, " "1, " "1, " "1, " "1, " "1, " "1, " "1, " "1, " "1, " "1, " "1, " "1, " "1, " "1, " "1, " "1, " "1, " "1, " "1, " "1, " "1, " "1, " "1, " "1, " "1, " "1, " "1, " "1, " "1, " "1, " "1, " "1, " "1, " "1, " "1, " "1, " "1, " "1, " "1, " "1, " "1, " "1, " "1, " "1, " "1, " "1, " "1, " "1, " "1, " "1, " "1, " "1, " "1, " "1, " "1, " "1, " "1, " "1, " "1, " "1, " "1, " "1, " "1, " "1, " "1, " "1, " "1, " "1, " "1, " "1, " "1, " "1, " "1, " "1, " "1, " "1, " "1, " "1, " "1, " "1, " "1, " "1, " "1, " "1, " "1, " "1, " "1, " "1, " "1, " "1, " "1, " "1, " "1, " "1, " "1, " "1, " "1, " "1, " "1, " "1, " "1, " "1, " "1, " "1, " "1, " "1, " "1, " "1, " "1, " "1, " "1, " "1, " "1, " "1, " "1, " "1, " "1, " "1, " "1, " "1, " "1, " "1, " "1, " "1, " "1, " "1, " "1, " "1, " "1, " "1, " "1, " "1, " "1, " "1, " "1, " "1, " "1, " "1, " "1, " "1, " "1, " "1, " "1, " "1, " "1, " "1, " "1, "0
 "Nei171, 0.316, " "0.484, " "1, " "1, " "1, " "1, " "1, " "1, " "1, " "1, " "1, " "1, " "1, " "1, " "1, " "1, " "1, " "1, " "1, " "1, " "1, " "1, " "1, " "1, " "1, " "1, " "1, " "1, " "1, " "1, " "1, " "1, " "1, " "1, " "1, " "1, " "1, " "1, " "1, " "1, " "1, " "1, " "1, " "1, " "1, " "1, " "1, " "1, " "1, " "1, " "1, " "1, " "1, " "1, " "1, " "1, " "1, " "1, " "1, " "1, " "1, " "1, " "1, " "1, " "1, " "1, " "1, " "1, " "1, " "1, " "1, " "1, " "1, " "1, " "1, " "1, " "1, " "1, " "1, " "1, " "1, " "1, " "1, " "1, " "1, " "1, " "1, " "1, " "1, " "1, " "1, " "1, " "1, " "1, " "1, " "1, " "1, " "1, " "1, " "1, " "1, " "1, " "1, " "1, " "1, " "1, " "1, " "1, " "1, " "1, " "1, " "1, " "1, " "1, " "1, " "1, " "1, " "1, " "1, " "1, " "1, " "1, " "1, " "1, " "1, " "1, " "1, " "1, " "1, " "1, " "1, " "1, " "1, " "1, " "1, " "1, " "1, " "1, " "1, " "1, " "1, " "1, " "1, " "1, " "1, " "1, " "1, " "1, " "1, " "1, " "1, " "1, " "1, " "1, " "1, " "1, " "1, " "1, " "1, " "1, " "1, " "1, " "1, " "1, " "1, " "1, " "1, " "1, " "1, " "1, " "1, " "1, " "1, " "0, " "1, " "1, " "1, " "1, " "1, " "1, " "1, " "1, " "1, " "1, " "1, " "1, " "1, " "1, " "1, " "1, " "1, " "1, " "1, " "1, " "1, " "1, " "1, " "1, " "1, " "1, " "1, " "1, " "1, " "1, " "1, " "1, " "1, " "1, " "1, " "1, " "1, " "1, " "1, " "1, " "1, " "1, " "1, " "1, " "1, " "1, " "1, " "1, " "1, " "1, " "1, " "1, " "1, " "1, " "1, " "1, " "1, " "1, " "1, " "1, " "1, " "1, " "1, " "1, " "1, " "1, " "1, " "1, " "1, " "1, " "1, " "1, " "1, " "1, " "1, " "1, " "1, " "1, " "1, " "1, " "1, " "1, " "1, " "1, " "1, " "1, " "1, " "1, " "1, " "1, " "1, " "1, " "1, " "1, " "1, " "1, " "1, " "1, " "1, " "1, " "1, " "1, " "1, " "1, " "1, " "1, " "1, " "1, " "1, " "1, " "1, " "1, " "1, " "1, " "1, " "1, " "1, " "1, " "1, " "1, " "1, " "1, " "1, " "1, " "1, " "1, " "1, " "1, " "1, " "1, " "1, " "1, " "1, " "1, " "1, " "1, " "1, " "1, " "1, " "1, " "1, " "1, " "1, " "1, " "1, " "1, " "1, " "1, " "1, " "1, " "1, " "1, " "1, " "1, " "1, " "1, " "1, " "1, " "1, " "1, " "1, " "1, " "1, " "1, " "1, " "1, " "1, " "1, " "1, " "1, " "1, " "1, " "1, " "1, " "1, " "1, " "1, " "1, " "1, " "1, " "1, " "1, " "1, " "1, " "1, " "1, " "1, " "1, " "1, " "1, " "1, " "1, " "1, " "1, " "1, " "1, " "1, " "1, " "1, " "1, " "1, " "1, " "1, " "1, " "1, " "1, " "1, " "1, " "1, " "1, " "1, " "1, " "1, " "1, " "1, " "1, " "1, " "1, " "1, " "1, " "1, " "1, " "1, " "1, " "1, " "1, " "1, " "1, " "1, " "1, " "1, " "1, " "1, " "1, " "1, " "1, " "1, " "1, " "1, " "1, " "1, " "1, " "1, " "1, " "1, " "1, " "1, " "1, " "1, " "1, " "1, " "1, " "1, " "1, " "1, " "1, " "1, " "1, " "1, " "1, " "1, " "1, " "1, " "1, " "1, " "1, " "1, " "1, " "1, " "1, " "1, " "1, " "1, " "1, " "1, " "1, " "1, " "1, " "1, " "1, " "1, " "1, " "1, " "1, " "1, " "1, " "1, " "1, " "1, " "1, " "1, " "1, " "1, " "1, " "1, " "1, " "1, " "1, " "1, " "1, " "1, " "1, " "1, " "1, " "1, " "1, " "1, " "1, " "1, " "1, " "1, " "1, " "1, " "1, " "1, " "1, " "1, " "1, " "1, " "1, " "1, " "1, " "1, " "1, " "1, " "1, " "1, " "1, " "1, " "1, " "1, " "1, " "1, " "1, " "1, " "1, " "1, " "1, " "1, " "1, " "1, "0
 "Nei172, 0.311, " "0.937, " "1, " "1, " "1, " "1, " "1, " "1, " "1, " "1, " "1, " "1, " "1, " "1, " "1, " "1, " "1, " "1, " "1, " "1, " "1, " "1, " "1, " "1, " "1, " "1, " "1, " "1, " "1, " "1, " "1, " "1, " "1, " "1, " "1, " "1, " "1, " "1, " "1, " "1, " "1, " "1, " "1, " "1, " "1, " "1, " "1, " "1, " "1, " "1, " "1, " "1, " "1, " "1, " "1, " "1, " "1, " "1, " "1, " "1, " "1, " "1, " "1, " "1, " "1, " "1, " "1, " "1, " "1, " "1, " "1, " "1, " "1, " "1, " "1, " "1, " "1, " "1, " "1, " "1, " "1, " "1, " "1, " "1, " "1, " "1, " "1, " "1, " "1, " "1, " "1, " "1, " "1, " "1, " "1, " "1, " "1, " "1, " "1, " "1, " "1, " "1, " "1, " "1, " "1, " "1, " "1, " "1, " "1, " "1, " "1, " "1, " "1, " "1, " "1, " "1, " "1, " "1, " "1, " "1, " "1, " "1, " "1, " "1, " "1, " "1, " "1, " "1, " "1, " "1, " "1, " "1, " "1, " "1, " "1, " "1, " "1, " "1, " "1, " "1, " "1, " "1, " "1, " "1, " "1, " "1, " "1, " "1, " "1, " "1, " "1, " "1, " "1, " "1, " "1, " "1, " "1, " "1, " "1, " "1, " "1, " "1, " "1, " "1, " "1, " "1, " "1, " "1, " "1, " "1, " "1, " "1, " "1, " "1, " "0, " "1, " "1, " "1, " "1, " "1, " "1, " "1, " "1, " "1, " "1, " "1, " "1, " "1, " "1, " "1, " "1, " "1, " "1, " "1, " "1, " "1, " "1, " "1, " "1, " "1, " "1, " "1, " "1, " "1, " "1, " "1, " "1, " "1, " "1, " "1, " "1, " "1, " "1, " "1, " "1, " "1, " "1, " "1, " "1, " "1, " "1, " "1, " "1, " "1, " "1, " "1, " "1, " "1, " "1, " "1, " "1, " "1, " "1, " "1, " "1, " "1, " "1, " "1, " "1, " "1, " "1, " "1, " "1, " "1, " "1, " "1, " "1, " "1, " "1, " "1, " "1, " "1, " "1, " "1, " "1, " "1, " "1, " "1, " "1, " "1, " "1, " "1, " "1, " "1, " "1, " "1, " "1, " "1, " "1, " "1, " "1, " "1, " "1, " "1, " "1, " "1, " "1, " "1, " "1, " "1, " "1, " "1, " "1, " "1, " "1, " "1, " "1, " "1, " "1, " "1, " "1, " "1, " "1, " "1, " "1, " "1, " "1, " "1, " "1, " "1, " "1, " "1, " "1, " "1, " "1, " "1, " "1, " "1, " "1, " "1, " "1, " "1, " "1, " "1, " "1, " "1, " "1, " "1, " "1, " "1, " "1, " "1, " "1, " "1, " "1, " "1, " "1, " "1, " "1, " "1, " "1, " "1, " "1, " "1, " "1, " "1, " "1, " "1, " "1, " "1, " "1, " "1, " "1, " "1, " "1, " "1, " "1, " "1, " "1, " "1, " "1, " "1, " "1, " "1, " "1, " "1, " "1, " "1, " "1, " "1, " "1, " "1, " "1, " "1, " "1, " "1, " "1, " "1, " "1, " "1, " "1, " "1, " "1, " "1, " "1, " "1, " "1, " "1, " "1, " "1, " "1, " "1, " "1, " "1, " "1, " "1, " "1, " "1, " "1, " "1, " "1, " "1, " "1, " "1, " "1, " "1, " "1, " "1, " "1, " "1, " "1, " "1, " "1, " "1, " "1, " "1, " "1, " "1, " "1, " "1, " "1, " "1, " "1, " "1, " "1, " "1, " "1, " "1, " "1, " "1, " "1, " "1, " "1, " "1, " "1, " "1, " "1, " "1, " "1, " "1, " "1, " "1, " "1, " "1, " "1, " "1, " "1, " "1, " "1, " "1, " "1, " "1, " "1, " "1, " "1, " "1, " "1, " "1, " "1, " "1, " "1, " "1, " "1, " "1, " "1, " "1, " "1, " "1, " "1, " "1, " "1, " "1, " "1, " "1, " "1, " "1, " "1, " "1, " "1, " "1, " "1, " "1, " "1, " "1, " "1, " "1, " "1, " "1, " "1, " "1, " "1, " "1, " "1, " "1, " "1, " "1, " "1, " "1, " "1, " "1, " "1, " "1, " "1, " "1, " "1, " "1, " "1, " "1, " "1, " "1, " "1, " "1, " "1, " "1, " "1, " "1, " "1, " "1, " "1, " "1, " "1, " "1, " "1, " "1, " "1, "0
 "Nei173, 0.11, " "-0.15, " "1, " "1, " "1, " "1, " "1, " "1, " "1, " "1, " "1, " "1, " "1, " "1, " "1, " "1, " "1, " "1, " "1, " "1, " "1, " "1, " "1, " "1, " "1, " "1, " "1, " "1, " "1, " "1, " "1, " "1, " "1, " "1, " "1, " "1, " "1, " "1, " "1, " "1, " "1, " "1, " "1, " "1, " "1, " "1, " "1, " "1, " "1, " "1, " "1, " "1, " "1, " "1, " "1, " "1, " "1, " "1, " "1, " "1, " "1, " "1, " "1, " "1, " "1, " "1, " "1, " "1, " "1, " "1, " "1, " "1, " "1, " "1, " "1, " "1, " "1, " "1, " "1, " "1, " "1, " "1, " "1, " "1, " "1, " "1, " "1, " "1, " "1, " "1, " "1, " "1, " "1, " "1, " "1, " "1, " "1, " "1, " "1, " "1, " "1, " "1, " "1, " "1, " "1, " "1, " "1, " "1, " "1, " "1, " "1, " "1, " "1, " "1, " "1, " "1, " "1, " "1, " "1, " "1, " "1, " "1, " "1, " "1, " "1, " "1, " "1, " "1, " "1, " "1, " "1, " "1, " "1, " "1, " "1, " "1, " "1, " "1, " "1, " "1, " "1, " "1, " "1, " "1, " "1, " "1, " "1, " "1, " "1, " "1, " "1, " "1, " "1, " "1, " "1, " "1, " "1, " "1, " "1, " "1, " "1, " "1, " "1, " "1, " "1, " "1, " "1, " "1, " "1, " "1, " "1, " "1, " "1, " "1, " "1, " "0, " "1, " "1, " "1, " "1, " "1, " "1, " "1, " "1, " "1, " "1, " "1, " "1, " "1, " "1, " "1, " "1, " "1, " "1, " "1, " "1, " "1, " "1, " "1, " "1, " "1, " "1, " "1, " "1, " "1, " "1, " "1, " "1, " "1, " "1, " "1, " "1, " "1, " "1, " "1, " "1, " "1, " "1, " "1, " "1, " "1, " "1, " "1, " "1, " "1, " "1, " "1, " "1, " "1, " "1, " "1, " "1, " "1, " "1, " "1, " "1, " "1, " "1, " "1, " "1, " "1, " "1, " "1, " "1, " "1, " "1, " "1, " "1, " "1, " "1, " "1, " "1, " "1, " "1, " "1, " "1, " "1, " "1, " "1, " "1, " "1, " "1, " "1, " "1, " "1, " "1, " "1, " "1, " "1, " "1, " "1, " "1, " "1, " "1, " "1, " "1, " "1, " "1, " "1, " "1, " "1, " "1, " "1, " "1, " "1, " "1, " "1, " "1, " "1, " "1, " "1, " "1, " "1, " "1, " "1, " "1, " "1, " "1, " "1, " "1, " "1, " "1, " "1, " "1, " "1, " "1, " "1, " "1, " "1, " "1, " "1, " "1, " "1, " "1, " "1, " "1, " "1, " "1, " "1, " "1, " "1, " "1, " "1, " "1, " "1, " "1, " "1, " "1, " "1, " "1, " "1, " "1, " "1, " "1, " "1, " "1, " "1, " "1, " "1, " "1, " "1, " "1, " "1, " "1, " "1, " "1, " "1, " "1, " "1, " "1, " "1, " "1, " "1, " "1, " "1, " "1, " "1, " "1, " "1, " "1, " "1, " "1, " "1, " "1, " "1, " "1, " "1, " "1, " "1, " "1, " "1, " "1, " "1, " "1, " "1, " "1, " "1, " "1, " "1, " "1, " "1, " "1, " "1, " "1, " "1, " "1, " "1, " "1, " "1, " "1, " "1, " "1, " "1, " "1, " "1, " "1, " "1, " "1, " "1, " "1, " "1, " "1, " "1, " "1, " "1, " "1, " "1, " "1, " "1, " "1, " "1, " "1, " "1, " "1, " "1, " "1, " "1, " "1, " "1, " "1, " "1, " "1, " "1, " "1, " "1, " "1, " "1, " "1, " "1, " "1, " "1, " "1, " "1, " "1, " "1, " "1, " "1, " "1, " "1, " "1, " "1, " "1, " "1, " "1, " "1, " "1, " "1, " "1, " "1, " "1, " "1, " "1, " "1, " "1, " "1, " "1, " "1, " "1, " "1, " "1, " "1, " "1, " "1, " "1, " "1, " "1, " "1, " "1, " "1, " "1, " "1, " "1, " "1, " "1, " "1, " "1, " "1, " "1, " "1, " "1, " "1, " "1, " "1, " "1, " "1, " "1, " "1, " "1, " "1, " "1, " "1, " "1, " "1, " "1, " "1, " "1, " "1, " "1, " "1, " "1, " "1, " "1, " "1, " "1, " "1, " "1, " "1, " "1, " "1, " "1, " "1, " "1, " "1, " "1, " "1, "0
 "Nei174, 0.181, " "0.36, " "1, " "1, " "1, " "1, " "1, " "1, " "1, " "1, " "1, " "1, " "1, " "1, " "1, " "1, " "1, " "1, " "1, " "1, " "1, " "1, " "1, " "1, " "1, " "1, " "1, " "1, " "1, " "1, " "1, " "1, " "1, " "1, " "1, " "1, " "1, " "1, " "1, " "1, " "1, " "1, " "1, " "1, " "1, " "1, " "1, " "1, " "1, " "1, " "1, " "1, " "1, " "1, " "1, " "1, " "1, " "1, " "1, " "1, " "1, " "1, " "1, " "1, " "1, " "1, " "1, " "1, " "1, " "1, " "1, " "1, " "1, " "1, " "1, " "1, " "1, " "1, " "1, " "1, " "1, " "1, " "1, " "1, " "1, " "1, " "1, " "1, " "1, " "1, " "1, " "1, " "1, " "1, " "1, " "1, " "1, " "1, " "1, " "1, " "1, " "1, " "1, " "1, " "1, " "1, " "1, " "1, " "1, " "1, " "1, " "1, " "1, " "1, " "1, " "1, " "1, " "1, " "1, " "1, " "1, " "1, " "1, " "1, " "1, " "1, " "1, " "1, " "1, " "1, " "1, " "1, " "1, " "1, " "1, " "1, " "1, " "1, " "1, " "1, " "1, " "1, " "1, " "1, " "1, " "1, " "1, " "1, " "1, " "1, " "1, " "1, " "1, " "1, " "1, " "1, " "1, " "1, " "1, " "1, " "1, " "1, " "1, " "1, " "1, " "1, " "1, " "1, " "1, " "1, " "1, " "1, " "1, " "1, " "1, " "1, " "0, " "1, " "1, " "1, " "1, " "1, " "1, " "1, " "1, " "1, " "1, " "1, " "1, " "1, " "1, " "1, " "1, " "1, " "1, " "1, " "1, " "1, " "1, " "1, " "1, " "1, " "1, " "1, " "1, " "1, " "1, " "1, " "1, " "1, " "1, " "1, " "1, " "1, " "1, " "1, " "1, " "1, " "1, " "1, " "1, " "1, " "1, " "1, " "1, " "1, " "1, " "1, " "1, " "1, " "1, " "1, " "1, " "1, " "1, " "1, " "1, " "1, " "1, " "1, " "1, " "1, " "1, " "1, " "1, " "1, " "1, " "1, " "1, " "1, " "1, " "1, " "1, " "1, " "1, " "1, " "1, " "1, " "1, " "1, " "1, " "1, " "1, " "1, " "1, " "1, " "1, " "1, " "1, " "1, " "1, " "1, " "1, " "1, " "1, " "1, " "1, " "1, " "1, " "1, " "1, " "1, " "1, " "1, " "1, " "1, " "1, " "1, " "1, " "1, " "1, " "1, " "1, " "1, " "1, " "1, " "1, " "1, " "1, " "1, " "1, " "1, " "1, " "1, " "1, " "1, " "1, " "1, " "1, " "1, " "1, " "1, " "1, " "1, " "1, " "1, " "1, " "1, " "1, " "1, " "1, " "1, " "1, " "1, " "1, " "1, " "1, " "1, " "1, " "1, " "1, " "1, " "1, " "1, " "1, " "1, " "1, " "1, " "1, " "1, " "1, " "1, " "1, " "1, " "1, " "1, " "1, " "1, " "1, " "1, " "1, " "1, " "1, " "1, " "1, " "1, " "1, " "1, " "1, " "1, " "1, " "1, " "1, " "1, " "1, " "1, " "1, " "1, " "1, " "1, " "1, " "1, " "1, " "1, " "1, " "1, " "1, " "1, " "1, " "1, " "1, " "1, " "1, " "1, " "1, " "1, " "1, " "1, " "1, " "1, " "1, " "1, " "1, " "1, " "1, " "1, " "1, " "1, " "1, " "1, " "1, " "1, " "1, " "1, " "1, " "1, " "1, " "1, " "1, " "1, " "1, " "1, " "1, " "1, " "1, " "1, " "1, " "1, " "1, " "1, " "1, " "1, " "1, " "1, " "1, " "1, " "1, " "1, " "1, " "1, " "1, " "1, " "1, " "1, " "1, " "1, " "1, " "1, " "1, " "1, " "1, " "1, " "1, " "1, " "1, " "1, " "1, " "1, " "1, " "1, " "1, " "1, " "1, " "1, " "1, " "1, " "1, " "1, " "1, " "1, " "1, " "1, " "1, " "1, " "1, " "1, " "1, " "1, " "1, " "1, " "1, " "1, " "1, " "1, " "1, " "1, " "1, " "1, " "1, " "1, " "1, " "1, " "1, " "1, " "1, " "1, " "1, " "1, " "1, " "1, " "1, " "1, " "1, " "1, " "1, " "1, " "1, " "1, " "1, " "1, " "1, " "1, " "1, " "1, " "1, " "1, " "1, " "1, " "1, " "1, " "1, " "1, " "1, " "1, " "1, "0
 "Nei175, 0.127, " "-0.473, " "1, " "1, " "1, " "1, " "1, " "1, " "1, " "1, " "1, " "1, " "1, " "1, " "1, " "1, " "1, " "1, " "1, " "1, " "1, " "1, " "1, " "1, " "1, " "1, " "1, " "1, " "1, " "1, " "1, " "1, " "1, " "1, " "1, " "1, " "1, " "1, " "1, " "1, " "1, " "1, " "1, " "1, " "1, " "1, " "1, " "1, " "1, " "1, " "1, " "1, " "1, " "1, " "1, " "1, " "1, " "1, " "1, " "1, " "1, " "1, " "1, " "1, " "1, " "1, " "1, " "1, " "1, " "1, " "1, " "1, " "1, " "1, " "1, " "1, " "1, " "1, " "1, " "1, " "1, " "1, " "1, " "1, " "1, " "1, " "1, " "1, " "1, " "1, " "1, " "1, " "1, " "1, " "1, " "1, " "1, " "1, " "1, " "1, " "1, " "1, " "1, " "1, " "1, " "1, " "1, " "1, " "1, " "1, " "1, " "1, " "1, " "1, " "1, " "1, " "1, " "1, " "1, " "1, " "1, " "1, " "1, " "1, " "1, " "1, " "1, " "1, " "1, " "1, " "1, " "1, " "1, " "1, " "1, " "1, " "1, " "1, " "1, " "1, " "1, " "1, " "1, " "1, " "1, " "1, " "1, " "1, " "1, " "1, " "1, " "1, " "1, " "1, " "1, " "1, " "1, " "1, " "1, " "1, " "1, " "1, " "1, " "1, " "1, " "1, " "1, " "1, " "1, " "1, " "1, " "1, " "1, " "1, " "1, " "1, " "1, " "0, " "1, " "1, " "1, " "1, " "1, " "1, " "1, " "1, " "1, " "1, " "1, " "1, " "1, " "1, " "1, " "1, " "1, " "1, " "1, " "1, " "1, " "1, " "1, " "1, " "1, " "1, " "1, " "1, " "1, " "1, " "1, " "1, " "1, " "1, " "1, " "1, " "1, " "1, " "1, " "1, " "1, " "1, " "1, " "1, " "1, " "1, " "1, " "1, " "1, " "1, " "1, " "1, " "1, " "1, " "1, " "1, " "1, " "1, " "1, " "1, " "1, " "1, " "1, " "1, " "1, " "1, " "1, " "1, " "1, " "1, " "1, " "1, " "1, " "1, " "1, " "1, " "1, " "1, " "1, " "1, " "1, " "1, " "1, " "1, " "1, " "1, " "1, " "1, " "1, " "1, " "1, " "1, " "1, " "1, " "1, " "1, " "1, " "1, " "1, " "1, " "1, " "1, " "1, " "1, " "1, " "1, " "1, " "1, " "1, " "1, " "1, " "1, " "1, " "1, " "1, " "1, " "1, " "1, " "1, " "1, " "1, " "1, " "1, " "1, " "1, " "1, " "1, " "1, " "1, " "1, " "1, " "1, " "1, " "1, " "1, " "1, " "1, " "1, " "1, " "1, " "1, " "1, " "1, " "1, " "1, " "1, " "1, " "1, " "1, " "1, " "1, " "1, " "1, " "1, " "1, " "1, " "1, " "1, " "1, " "1, " "1, " "1, " "1, " "1, " "1, " "1, " "1, " "1, " "1, " "1, " "1, " "1, " "1, " "1, " "1, " "1, " "1, " "1, " "1, " "1, " "1, " "1, " "1, " "1, " "1, " "1, " "1, " "1, " "1, " "1, " "1, " "1, " "1, " "1, " "1, " "1, " "1, " "1, " "1, " "1, " "1, " "1, " "1, " "1, " "1, " "1, " "1, " "1, " "1, " "1, " "1, " "1, " "1, " "1, " "1, " "1, " "1, " "1, " "1, " "1, " "1, " "1, " "1, " "1, " "1, " "1, " "1, " "1, " "1, " "1, " "1, " "1, " "1, " "1, " "1, " "1, " "1, " "1, " "1, " "1, " "1, " "1, " "1, " "1, " "1, " "1, " "1, " "1, " "1, " "1, " "1, " "1, " "1, " "1, " "1, " "1, " "1, " "1, " "1, " "1, " "1, " "1, " "1, " "1, " "1, " "1, " "1, " "1, " "1, " "1, " "1, " "1, " "1, " "1, " "1, " "1, " "1, " "1, " "1, " "1, " "1, " "1, " "1, " "1, " "1, " "1, " "1, " "1, " "1, " "1, " "1, " "1, " "1, " "1, " "1, " "1, " "1, " "1, " "1, " "1, " "1, " "1, " "1, " "1, " "1, " "1, " "1, " "1, " "1, " "1, " "1, " "1, " "1, " "1, " "1, " "1, " "1, " "1, " "1, " "1, " "1, " "1, " "1, " "1, " "1, " "1, " "1, " "1, " "1, " "1, " "1, " "1, " "1, " "1, " "1, " "1, " "1, "0
 "Nei176, 0.097, " "0.055, " "1, " "1, " "1, " "1, " "1, " "1, " "1, " "1, " "1, " "1, " "1, " "1, " "1, " "1, " "1, " "1, " "1, " "1, " "1, " "1, " "1, " "1, " "1, " "1, " "1, " "1, " "1, " "1, " "1, " "1, " "1, " "1, " "1, " "1, " "1, " "1, " "1, " "1, " "1, " "1, " "1, " "1, " "1, " "1, " "1, " "1, " "1, " "1, " "1, " "1, " "1, " "1, " "1, " "1, " "1, " "1, " "1, " "1, " "1, " "1, " "1, " "1, " "1, " "1, " "1, " "1, " "1, " "1, " "1, " "1, " "1, " "1, " "1, " "1, " "1, " "1, " "1, " "1, " "1, " "1, " "1, " "1, " "1, " "1, " "1, " "1, " "1, " "1, " "1, " "1, " "1, " "1, " "1, " "1, " "1, " "1, " "1, " "1, " "1, " "1, " "1, " "1, " "1, " "1, " "1, " "1, " "1, " "1, " "1, " "1, " "1, " "1, " "1, " "1, " "1, " "1, " "1, " "1, " "1, " "1, " "1, " "1, " "1, " "1, " "1, " "1, " "1, " "1, " "1, " "1, " "1, " "1, " "1, " "1, " "1, " "1, " "1, " "1, " "1, " "1, " "1, " "1, " "1, " "1, " "1, " "1, " "1, " "1, " "1, " "1, " "1, " "1, " "1, " "1, " "1, " "1, " "1, " "1, " "1, " "1, " "1, " "1, " "1, " "1, " "1, " "1, " "1, " "1, " "1, " "1, " "1, " "1, " "1, " "1, " "1, " "1, " "0, " "1, " "1, " "1, " "1, " "1, " "1, " "1, " "1, " "1, " "1, " "1, " "1, " "1, " "1, " "1, " "1, " "1, " "1, " "1, " "1, " "1, " "1, " "1, " "1, " "1, " "1, " "1, " "1, " "1, " "1, " "1, " "1, " "1, " "1, " "1, " "1, " "1, " "1, " "1, " "1, " "1, " "1, " "1, " "1, " "1, " "1, " "1, " "1, " "1, " "1, " "1, " "1, " "1, " "1, " "1, " "1, " "1, " "1, " "1, " "1, " "1, " "1, " "1, " "1, " "1, " "1, " "1, " "1, " "1, " "1, " "1, " "1, " "1, " "1, " "1, " "1, " "1, " "1, " "1, " "1, " "1, " "1, " "1, " "1, " "1, " "1, " "1, " "1, " "1, " "1, " "1, " "1, " "1, " "1, " "1, " "1, " "1, " "1, " "1, " "1, " "1, " "1, " "1, " "1, " "1, " "1, " "1, " "1, " "1, " "1, " "1, " "1, " "1, " "1, " "1, " "1, " "1, " "1, " "1, " "1, " "1, " "1, " "1, " "1, " "1, " "1, " "1, " "1, " "1, " "1, " "1, " "1, " "1, " "1, " "1, " "1, " "1, " "1, " "1, " "1, " "1, " "1, " "1, " "1, " "1, " "1, " "1, " "1, " "1, " "1, " "1, " "1, " "1, " "1, " "1, " "1, " "1, " "1, " "1, " "1, " "1, " "1, " "1, " "1, " "1, " "1, " "1, " "1, " "1, " "1, " "1, " "1, " "1, " "1, " "1, " "1, " "1, " "1, " "1, " "1, " "1, " "1, " "1, " "1, " "1, " "1, " "1, " "1, " "1, " "1, " "1, " "1, " "1, " "1, " "1, " "1, " "1, " "1, " "1, " "1, " "1, " "1, " "1, " "1, " "1, " "1, " "1, " "1, " "1, " "1, " "1, " "1, " "1, " "1, " "1, " "1, " "1, " "1, " "1, " "1, " "1, " "1, " "1, " "1, " "1, " "1, " "1, " "1, " "1, " "1, " "1, " "1, " "1, " "1, " "1, " "1, " "1, " "1, " "1, " "1, " "1, " "1, " "1, " "1, " "1, " "1, " "1, " "1, " "1, " "1, " "1, " "1, " "1, " "1, " "1, " "1, " "1, " "1, " "1, " "1, " "1, " "1, " "1, " "1, " "1, " "1, " "1, " "1, " "1, " "1, " "1, " "1, " "1, " "1, " "1, " "1, " "1, " "1, " "1, " "1, " "1, " "1, " "1, " "1, " "1, " "1, " "1, " "1, " "1, " "1, " "1, " "1, " "1, " "1, " "1, " "1, " "1, " "1, " "1, " "1, " "1, " "1, " "1, " "1, " "1, " "1, " "1, " "1, " "1, " "1, " "1, " "1, " "1, " "1, " "1, " "1, " "1, " "1, " "1, " "1, " "1, " "1, " "1, " "1, " "1, " "1, " "1, " "1, " "1, " "1, " "1, " "1, " "1, " "1, " "1, " "1, "0
 "Nei177, 0.29, " "-0.738, " "1, " "1, " "1, " "1, " "1, " "1, " "1, " "1, " "1, " "1, " "1, " "1, " "1, " "1, " "1, " "1, " "1, " "1, " "1, " "1, " "1, " "1, " "1, " "1, " "1, " "1, " "1, " "1, " "1, " "1, " "1, " "1, " "1, " "1, " "1, " "1, " "1, " "1, " "1, " "1, " "1, " "1, " "1, " "1, " "1, " "1, " "1, " "1, " "1, " "1, " "1, " "1, " "1, " "1, " "1, " "1, " "1, " "1, " "1, " "1, " "1, " "1, " "1, " "1, " "1, " "1, " "1, " "1, " "1, " "1, " "1, " "1, " "1, " "1, " "1, " "1, " "1, " "1, " "1, " "1, " "1, " "1, " "1, " "1, " "1, " "1, " "1, " "1, " "1, " "1, " "1, " "1, " "1, " "1, " "1, " "1, " "1, " "1, " "1, " "1, " "1, " "1, " "1, " "1, " "1, " "1, " "1, " "1, " "1, " "1, " "1, " "1, " "1, " "1, " "1, " "1, " "1, " "1, " "1, " "1, " "1, " "1, " "1, " "1, " "1, " "1, " "1, " "1, " "1, " "1, " "1, " "1, " "1, " "1, " "1, " "1, " "1, " "1, " "1, " "1, " "1, " "1, " "1, " "1, " "1, " "1, " "1, " "1, " "1, " "1, " "1, " "1, " "1, " "1, " "1, " "1, " "1, " "1, " "1, " "1, " "1, " "1, " "1, " "1, " "1, " "1, " "1, " "1, " "1, " "1, " "1, " "1, " "1, " "1, " "1, " "1, " "1, " "0, " "1, " "1, " "1, " "1, " "1, " "1, " "1, " "1, " "1, " "1, " "1, " "1, " "1, " "1, " "1, " "1, " "1, " "1, " "1, " "1, " "1, " "1, " "1, " "1, " "1, " "1, " "1, " "1, " "1, " "1, " "1, " "1, " "1, " "1, " "1, " "1, " "1, " "1, " "1, " "1, " "1, " "1, " "1, " "1, " "1, " "1, " "1, " "1, " "1, " "1, " "1, " "1, " "1, " "1, " "1, " "1, " "1, " "1, " "1, " "1, " "1, " "1, " "1, " "1, " "1, " "1, " "1, " "1, " "1, " "1, " "1, " "1, " "1, " "1, " "1, " "1, " "1, " "1, " "1, " "1, " "1, " "1, " "1, " "1, " "1, " "1, " "1, " "1, " "1, " "1, " "1, " "1, " "1, " "1, " "1, " "1, " "1, " "1, " "1, " "1, " "1, " "1, " "1, " "1, " "1, " "1, " "1, " "1, " "1, " "1, " "1, " "1, " "1, " "1, " "1, " "1, " "1, " "1, " "1, " "1, " "1, " "1, " "1, " "1, " "1, " "1, " "1, " "1, " "1, " "1, " "1, " "1, " "1, " "1, " "1, " "1, " "1, " "1, " "1, " "1, " "1, " "1, " "1, " "1, " "1, " "1, " "1, " "1, " "1, " "1, " "1, " "1, " "1, " "1, " "1, " "1, " "1, " "1, " "1, " "1, " "1, " "1, " "1, " "1, " "1, " "1, " "1, " "1, " "1, " "1, " "1, " "1, " "1, " "1, " "1, " "1, " "1, " "1, " "1, " "1, " "1, " "1, " "1, " "1, " "1, " "1, " "1, " "1, " "1, " "1, " "1, " "1, " "1, " "1, " "1, " "1, " "1, " "1, " "1, " "1, " "1, " "1, " "1, " "1, " "1, " "1, " "1, " "1, " "1, " "1, " "1, " "1, " "1, " "1, " "1, " "1, " "1, " "1, " "1, " "1, " "1, " "1, " "1, " "1, " "1, " "1, " "1, " "1, " "1, " "1, " "1, " "1, " "1, " "1, " "1, " "1, " "1, " "1, " "1, " "1, " "1, " "1, " "1, " "1, " "1, " "1, " "1, " "1, " "1, " "1, " "1, " "1, " "1, " "1, " "1, " "1, " "1, " "1, " "1, " "1, " "1, " "1, " "1, " "1, " "1, " "1, " "1, " "1, " "1, " "1, " "1, " "1, " "1, " "1, " "1, " "1, " "1, " "1, " "1, " "1, " "1, " "1, " "1, " "1, " "1, " "1, " "1, " "1, " "1, " "1, " "1, " "1, " "1, " "1, " "1, " "1, " "1, " "1, " "1, " "1, " "1, " "1, " "1, " "1, " "1, " "1, " "1, " "1, " "1, " "1, " "1, " "1, " "1, " "1, " "1, " "1, " "1, " "1, " "1, " "1, " "1, " "1, " "1, " "1, " "1, " "1, " "1, " "1, " "1, " "1, " "1, " "1, " "1, " "1, " "1, "0
 "Nei178, 0.194, " "-0.067, " "1, " "1, " "1, " "1, " "1, " "1, " "1, " "1, " "1, " "1, " "1, " "1, " "1, " "1, " "1, " "1, " "1, " "1, " "1, " "1, " "1, " "1, " "1, " "1, " "1, " "1, " "1, " "1, " "1, " "1, " "1, " "1, " "1, " "1, " "1, " "1, " "1, " "1, " "1, " "1, " "1, " "1, " "1, " "1, " "1, " "1, " "1, " "1, " "1, " "1, " "1, " "1, " "1, " "1, " "1, " "1, " "1, " "1, " "1, " "1, " "1, " "1, " "1, " "1, " "1, " "1, " "1, " "1, " "1, " "1, " "1, " "1, " "1, " "1, " "1, " "1, " "1, " "1, " "1, " "1, " "1, " "1, " "1, " "1, " "1, " "1, " "1, " "1, " "1, " "1, " "1, " "1, " "1, " "1, " "1, " "1, " "1, " "1, " "1, " "1, " "1, " "1, " "1, " "1, " "1, " "1, " "1, " "1, " "1, " "1, " "1, " "1, " "1, " "1, " "1, " "1, " "1, " "1, " "1, " "1, " "1, " "1, " "1, " "1, " "1, " "1, " "1, " "1, " "1, " "1, " "1, " "1, " "1, " "1, " "1, " "1, " "1, " "1, " "1, " "1, " "1, " "1, " "1, " "1, " "1, " "1, " "1, " "1, " "1, " "1, " "1, " "1, " "1, " "1, " "1, " "1, " "1, " "1, " "1, " "1, " "1, " "1, " "1, " "1, " "1, " "1, " "1, " "1, " "1, " "1, " "1, " "1, " "1, " "1, " "1, " "1, " "1, " "1, " "0, " "1, " "1, " "1, " "1, " "1, " "1, " "1, " "1, " "1, " "1, " "1, " "1, " "1, " "1, " "1, " "1, " "1, " "1, " "1, " "1, " "1, " "1, " "1, " "1, " "1, " "1, " "1, " "1, " "1, " "1, " "1, " "1, " "1, " "1, " "1, " "1, " "1, " "1, " "1, " "1, " "1, " "1, " "1, " "1, " "1, " "1, " "1, " "1, " "1, " "1, " "1, " "1, " "1, " "1, " "1, " "1, " "1, " "1, " "1, " "1, " "1, " "1, " "1, " "1, " "1, " "1, " "1, " "1, " "1, " "1, " "1, " "1, " "1, " "1, " "1, " "1, " "1, " "1, " "1, " "1, " "1, " "1, " "1, " "1, " "1, " "1, " "1, " "1, " "1, " "1, " "1, " "1, " "1, " "1, " "1, " "1, " "1, " "1, " "1, " "1, " "1, " "1, " "1, " "1, " "1, " "1, " "1, " "1, " "1, " "1, " "1, " "1, " "1, " "1, " "1, " "1, " "1, " "1, " "1, " "1, " "1, " "1, " "1, " "1, " "1, " "1, " "1, " "1, " "1, " "1, " "1, " "1, " "1, " "1, " "1, " "1, " "1, " "1, " "1, " "1, " "1, " "1, " "1, " "1, " "1, " "1, " "1, " "1, " "1, " "1, " "1, " "1, " "1, " "1, " "1, " "1, " "1, " "1, " "1, " "1, " "1, " "1, " "1, " "1, " "1, " "1, " "1, " "1, " "1, " "1, " "1, " "1, " "1, " "1, " "1, " "1, " "1, " "1, " "1, " "1, " "1, " "1, " "1, " "1, " "1, " "1, " "1, " "1, " "1, " "1, " "1, " "1, " "1, " "1, " "1, " "1, " "1, " "1, " "1, " "1, " "1, " "1, " "1, " "1, " "1, " "1, " "1, " "1, " "1, " "1, " "1, " "1, " "1, " "1, " "1, " "1, " "1, " "1, " "1, " "1, " "1, " "1, " "1, " "1, " "1, " "1, " "1, " "1, " "1, " "1, " "1, " "1, " "1, " "1, " "1, " "1, " "1, " "1, " "1, " "1, " "1, " "1, " "1, " "1, " "1, " "1, " "1, " "1, " "1, " "1, " "1, " "1, " "1, " "1, " "1, " "1, " "1, " "1, " "1, " "1, " "1, " "1, " "1, " "1, " "1, " "1, " "1, " "1, " "1, " "1, " "1, " "1, " "1, " "1, " "1, " "1, " "1, " "1, " "1, " "1, " "1, " "1, " "1, " "1, " "1, " "1, " "1, " "1, " "1, " "1, " "1, " "1, " "1, " "1, " "1, " "1, " "1, " "1, " "1, " "1, " "1, " "1, " "1, " "1, " "1, " "1, " "1, " "1, " "1, " "1, " "1, " "1, " "1, " "1, " "1, " "1, " "1, " "1, " "1, " "1, " "1, " "1, " "1, " "1, " "1, " "1, " "1, " "1, " "1, " "1, " "1, " "1, " "1, " "1, "0
 "Nei179, 0.064, " "0.163, " "1, " "1, " "1, " "1, " "1, " "1, " "1, " "1, " "1, " "1, " "1, " "1, " "1, " "1, " "1, " "1, " "1, " "1, " "1, " "1, " "1, " "1, " "1, " "1, " "1, " "1, " "1, " "1, " "1, " "1, " "1, " "1, " "1, " "1, " "1, " "1, " "1, " "1, " "1, " "1, " "1, " "1, " "1, " "1, " "1, " "1, " "1, " "1, " "1, " "1, " "1, " "1, " "1, " "1, " "1, " "1, " "1, " "1, " "1, " "1, " "1, " "1, " "1, " "1, " "1, " "1, " "1, " "1, " "1, " "1, " "1, " "1, " "1, " "1, " "1, " "1, " "1, " "1, " "1, " "1, " "1, " "1, " "1, " "1, " "1, " "1, " "1, " "1, " "1, " "1, " "1, " "1, " "1, " "1, " "1, " "1, " "1, " "1, " "1, " "1, " "1, " "1, " "1, " "1, " "1, " "1, " "1, " "1, " "1, " "1, " "1, " "1, " "1, " "1, " "1, " "1, " "1, " "1, " "1, " "1, " "1, " "1, " "1, " "1, " "1, " "1, " "1, " "1, " "1, " "1, " "1, " "1, " "1, " "1, " "1, " "1, " "1, " "1, " "1, " "1, " "1, " "1, " "1, " "1, " "1, " "1, " "1, " "1, " "1, " "1, " "1, " "1, " "1, " "1, " "1, " "1, " "1, " "1, " "1, " "1, " "1, " "1, " "1, " "1, " "1, " "1, " "1, " "1, " "1, " "1, " "1, " "1, " "1, " "1, " "1, " "1, " "1, " "1, " "1, " "0, " "1, " "1, " "1, " "1, " "1, " "1, " "1, " "1, " "1, " "1, " "1, " "1, " "1, " "1, " "1, " "1, " "1, " "1, " "1, " "1, " "1, " "1, " "1, " "1, " "1, " "1, " "1, " "1, " "1, " "1, " "1, " "1, " "1, " "1, " "1, " "1, " "1, " "1, " "1, " "1, " "1, " "1, " "1, " "1, " "1, " "1, " "1, " "1, " "1, " "1, " "1, " "1, " "1, " "1, " "1, " "1, " "1, " "1, " "1, " "1, " "1, " "1, " "1, " "1, " "1, " "1, " "1, " "1, " "1, " "1, " "1, " "1, " "1, " "1, " "1, " "1, " "1, " "1, " "1, " "1, " "1, " "1, " "1, " "1, " "1, " "1, " "1, " "1, " "1, " "1, " "1, " "1, " "1, " "1, " "1, " "1, " "1, " "1, " "1, " "1, " "1, " "1, " "1, " "1, " "1, " "1, " "1, " "1, " "1, " "1, " "1, " "1, " "1, " "1, " "1, " "1, " "1, " "1, " "1, " "1, " "1, " "1, " "1, " "1, " "1, " "1, " "1, " "1, " "1, " "1, " "1, " "1, " "1, " "1, " "1, " "1, " "1, " "1, " "1, " "1, " "1, " "1, " "1, " "1, " "1, " "1, " "1, " "1, " "1, " "1, " "1, " "1, " "1, " "1, " "1, " "1, " "1, " "1, " "1, " "1, " "1, " "1, " "1, " "1, " "1, " "1, " "1, " "1, " "1, " "1, " "1, " "1, " "1, " "1, " "1, " "1, " "1, " "1, " "1, " "1, " "1, " "1, " "1, " "1, " "1, " "1, " "1, " "1, " "1, " "1, " "1, " "1, " "1, " "1, " "1, " "1, " "1, " "1, " "1, " "1, " "1, " "1, " "1, " "1, " "1, " "1, " "1, " "1, " "1, " "1, " "1, " "1, " "1, " "1, " "1, " "1, " "1, " "1, " "1, " "1, " "1, " "1, " "1, " "1, " "1, " "1, " "1, " "1, " "1, " "1, " "1, " "1, " "1, " "1, " "1, " "1, " "1, " "1, " "1, " "1, " "1, " "1, " "1, " "1, " "1, " "1, " "1, " "1, " "1, " "1, " "1, " "1, " "1, " "1, " "1, " "1, " "1, " "1, " "1, " "1, " "1, " "1, " "1, " "1, " "1, " "1, " "1, " "1, " "1, " "1, " "1, " "1, " "1, " "1, " "1, " "1, " "1, " "1, " "1, " "1, " "1, " "1, " "1, " "1, " "1, " "1, " "1, " "1, " "1, " "1, " "1, " "1, " "1, " "1, " "1, " "1, " "1, " "1, " "1, " "1, " "1, " "1, " "1, " "1, " "1, " "1, " "1, " "1, " "1, " "1, " "1, " "1, " "1, " "1, " "1, " "1, " "1, " "1, " "1, " "1, " "1, " "1, " "1, " "1, " "1, " "1, " "1, " "1, " "1, " "1, " "1, " "1, " "1, "0
 "Nei180, 0.339, " "-0.935, " "1, " "1, " "1, " "1, " "1, " "1, " "1, " "1, " "1, " "1, " "1, " "1, " "1, " "1, " "1, " "1, " "1, " "1, " "1, " "1, " "1, " "1, " "1, " "1, " "1, " "1, " "1, " "1, " "1, " "1, " "1, " "1, " "1, " "1, " "1, " "1, " "1, " "1, " "1, " "1, " "1, " "1, " "1, " "1, " "1, " "1, " "1, " "1, " "1, " "1, " "1, " "1, " "1, " "1, " "1, " "1, " "1, " "1, " "1, " "1, " "1, " "1, " "1, " "1, " "1, " "1, " "1, " "1, " "1, " "1, " "1, " "1, " "1, " "1, " "1, " "1, " "1, " "1, " "1, " "1, " "1, " "1, " "1, " "1, " "1, " "1, " "1, " "1, " "1, " "1, " "1, " "1, " "1, " "1, " "1, " "1, " "1, " "1, " "1, " "1, " "1, " "1, " "1, " "1, " "1, " "1, " "1, " "1, " "1, " "1, " "1, " "1, " "1, " "1, " "1, " "1, " "1, " "1, " "1, " "1, " "1, " "1, " "1, " "1, " "1, " "1, " "1, " "1, " "1, " "1, " "1, " "1, " "1, " "1, " "1, " "1, " "1, " "1, " "1, " "1, " "1, " "1, " "1, " "1, " "1, " "1, " "1, " "1, " "1, " "1, " "1, " "1, " "1, " "1, " "1, " "1, " "1, " "1, " "1, " "1, " "1, " "1, " "1, " "1, " "1, " "1, " "1, " "1, " "1, " "1, " "1, " "1, " "1, " "1, " "1, " "1, " "1, " "1, " "1, " "1, " "0, " "1, " "1, " "1, " "1, " "1, " "1, " "1, " "1, " "1, " "1, " "1, " "1, " "1, " "1, " "1, " "1, " "1, " "1, " "1, " "1, " "1, " "1, " "1, " "1, " "1, " "1, " "1, " "1, " "1, " "1, " "1, " "1, " "1, " "1, " "1, " "1, " "1, " "1, " "1, " "1, " "1, " "1, " "1, " "1, " "1, " "1, " "1, " "1, " "1, " "1, " "1, " "1, " "1, " "1, " "1, " "1, " "1, " "1, " "1, " "1, " "1, " "1, " "1, " "1, " "1, " "1, " "1, " "1, " "1, " "1, " "1, " "1, " "1, " "1, " "1, " "1, " "1, " "1, " "1, " "1, " "1, " "1, " "1, " "1, " "1, " "1, " "1, " "1, " "1, " "1, " "1, " "1, " "1, " "1, " "1, " "1, " "1, " "1, " "1, " "1, " "1, " "1, " "1, " "1, " "1, " "1, " "1, " "1, " "1, " "1, " "1, " "1, " "1, " "1, " "1, " "1, " "1, " "1, " "1, " "1, " "1, " "1, " "1, " "1, " "1, " "1, " "1, " "1, " "1, " "1, " "1, " "1, " "1, " "1, " "1, " "1, " "1, " "1, " "1, " "1, " "1, " "1, " "1, " "1, " "1, " "1, " "1, " "1, " "1, " "1, " "1, " "1, " "1, " "1, " "1, " "1, " "1, " "1, " "1, " "1, " "1, " "1, " "1, " "1, " "1, " "1, " "1, " "1, " "1, " "1, " "1, " "1, " "1, " "1, " "1, " "1, " "1, " "1, " "1, " "1, " "1, " "1, " "1, " "1, " "1, " "1, " "1, " "1, " "1, " "1, " "1, " "1, " "1, " "1, " "1, " "1, " "1, " "1, " "1, " "1, " "1, " "1, " "1, " "1, " "1, " "1, " "1, " "1, " "1, " "1, " "1, " "1, " "1, " "1, " "1, " "1, " "1, " "1, " "1, " "1, " "1, " "1, " "1, " "1, " "1, " "1, " "1, " "1, " "1, " "1, " "1, " "1, " "1, " "1, " "1, " "1, " "1, " "1, " "1, " "1, " "1, " "1, " "1, " "1, " "1, " "1, " "1, " "1, " "1, " "1, " "1, " "1, " "1, " "1, " "1, " "1, " "1, " "1, " "1, " "1, " "1, " "1, " "1, " "1, " "1, " "1, " "1, " "1, " "1, " "1, " "1, " "1, " "1, " "1, " "1, " "1, " "1, " "1, " "1, " "1, " "1, " "1, " "1, " "1, " "1, " "1, " "1, " "1, " "1, " "1, " "1, " "1, " "1, " "1, " "1, " "1, " "1, " "1, " "1, " "1, " "1, " "1, " "1, " "1, " "1, " "1, " "1, " "1, " "1, " "1, " "1, " "1, " "1, " "1, " "1, " "1, " "1, " "1, " "1, " "1, " "1, " "1, " "1, " "1, " "1, " "1, " "1, " "1, " "1, " "1, " "1, " "1, "0
 "Nei181, 0.181, " "0.394, " "1, " "1, " "1, " "1, " "1, " "1, " "1, " "1, " "1, " "1, " "1, " "1, " "1, " "1, " "1, " "1, " "1, " "1, " "1, " "1, " "1, " "1, " "1, " "1, " "1, " "1, " "1, " "1, " "1, " "1, " "1, " "1, " "1, " "1, " "1, " "1, " "1, " "1, " "1, " "1, " "1, " "1, " "1, " "1, " "1, " "1, " "1, " "1, " "1, " "1, " "1, " "1, " "1, " "1, " "1, " "1, " "1, " "1, " "1, " "1, " "1, " "1, " "1, " "1, " "1, " "1, " "1, " "1, " "1, " "1, " "1, " "1, " "1, " "1, " "1, " "1, " "1, " "1, " "1, " "1, " "1, " "1, " "1, " "1, " "1, " "1, " "1, " "1, " "1, " "1, " "1, " "1, " "1, " "1, " "1, " "1, " "1, " "1, " "1, " "1, " "1, " "1, " "1, " "1, " "1, " "1, " "1, " "1, " "1, " "1, " "1, " "1, " "1, " "1, " "1, " "1, " "1, " "1, " "1, " "1, " "1, " "1, " "1, " "1, " "1, " "1, " "1, " "1, " "1, " "1, " "1, " "1, " "1, " "1, " "1, " "1, " "1, " "1, " "1, " "1, " "1, " "1, " "1, " "1, " "1, " "1, " "1, " "1, " "1, " "1, " "1, " "1, " "1, " "1, " "1, " "1, " "1, " "1, " "1, " "1, " "1, " "1, " "1, " "1, " "1, " "1, " "1, " "1, " "1, " "1, " "1, " "1, " "1, " "1, " "1, " "1, " "1, " "1, " "1, " "1, " "1, " "0, " "1, " "1, " "1, " "1, " "1, " "1, " "1, " "1, " "1, " "1, " "1, " "1, " "1, " "1, " "1, " "1, " "1, " "1, " "1, " "1, " "1, " "1, " "1, " "1, " "1, " "1, " "1, " "1, " "1, " "1, " "1, " "1, " "1, " "1, " "1, " "1, " "1, " "1, " "1, " "1, " "1, " "1, " "1, " "1, " "1, " "1, " "1, " "1, " "1, " "1, " "1, " "1, " "1, " "1, " "1, " "1, " "1, " "1, " "1, " "1, " "1, " "1, " "1, " "1, " "1, " "1, " "1, " "1, " "1, " "1, " "1, " "1, " "1, " "1, " "1, " "1, " "1, " "1, " "1, " "1, " "1, " "1, " "1, " "1, " "1, " "1, " "1, " "1, " "1, " "1, " "1, " "1, " "1, " "1, " "1, " "1, " "1, " "1, " "1, " "1, " "1, " "1, " "1, " "1, " "1, " "1, " "1, " "1, " "1, " "1, " "1, " "1, " "1, " "1, " "1, " "1, " "1, " "1, " "1, " "1, " "1, " "1, " "1, " "1, " "1, " "1, " "1, " "1, " "1, " "1, " "1, " "1, " "1, " "1, " "1, " "1, " "1, " "1, " "1, " "1, " "1, " "1, " "1, " "1, " "1, " "1, " "1, " "1, " "1, " "1, " "1, " "1, " "1, " "1, " "1, " "1, " "1, " "1, " "1, " "1, " "1, " "1, " "1, " "1, " "1, " "1, " "1, " "1, " "1, " "1, " "1, " "1, " "1, " "1, " "1, " "1, " "1, " "1, " "1, " "1, " "1, " "1, " "1, " "1, " "1, " "1, " "1, " "1, " "1, " "1, " "1, " "1, " "1, " "1, " "1, " "1, " "1, " "1, " "1, " "1, " "1, " "1, " "1, " "1, " "1, " "1, " "1, " "1, " "1, " "1, " "1, " "1, " "1, " "1, " "1, " "1, " "1, " "1, " "1, " "1, " "1, " "1, " "1, " "1, " "1, " "1, " "1, " "1, " "1, " "1, " "1, " "1, " "1, " "1, " "1, " "1, " "1, " "1, " "1, " "1, " "1, " "1, " "1, " "1, " "1, " "1, " "1, " "1, " "1, " "1, " "1, " "1, " "1, " "1, " "1, " "1, " "1, " "1, " "1, " "1, " "1, " "1, " "1, " "1, " "1, " "1, " "1, " "1, " "1, " "1, " "1, " "1, " "1, " "1, " "1, " "1, " "1, " "1, " "1, " "1, " "1, " "1, " "1, " "1, " "1, " "1, " "1, " "1, " "1, " "1, " "1, " "1, " "1, " "1, " "1, " "1, " "1, " "1, " "1, " "1, " "1, " "1, " "1, " "1, " "1, " "1, " "1, " "1, " "1, " "1, " "1, " "1, " "1, " "1, " "1, " "1, " "1, " "1, " "1, " "1, " "1, " "1, " "1, " "1, " "1, " "1, " "1, " "1, " "1, " "1, " "1, "0
 "Nei182, 0.105, " "0.201, " "1, " "1, " "1, " "1, " "1, " "1, " "1, " "1, " "1, " "1, " "1, " "1, " "1, " "1, " "1, " "1, " "1, " "1, " "1, " "1, " "1, " "1, " "1, " "1, " "1, " "1, " "1, " "1, " "1, " "1, " "1, " "1, " "1, " "1, " "1, " "1, " "1, " "1, " "1, " "1, " "1, " "1, " "1, " "1, " "1, " "1, " "1, " "1, " "1, " "1, " "1, " "1, " "1, " "1, " "1, " "1, " "1, " "1, " "1, " "1, " "1, " "1, " "1, " "1, " "1, " "1, " "1, " "1, " "1, " "1, " "1, " "1, " "1, " "1, " "1, " "1, " "1, " "1, " "1, " "1, " "1, " "1, " "1, " "1, " "1, " "1, " "1, " "1, " "1, " "1, " "1, " "1, " "1, " "1, " "1, " "1, " "1, " "1, " "1, " "1, " "1, " "1, " "1, " "1, " "1, " "1, " "1, " "1, " "1, " "1, " "1, " "1, " "1, " "1, " "1, " "1, " "1, " "1, " "1, " "1, " "1, " "1, " "1, " "1, " "1, " "1, " "1, " "1, " "1, " "1, " "1, " "1, " "1, " "1, " "1, " "1, " "1, " "1, " "1, " "1, " "1, " "1, " "1, " "1, " "1, " "1, " "1, " "1, " "1, " "1, " "1, " "1, " "1, " "1, " "1, " "1, " "1, " "1, " "1, " "1, " "1, " "1, " "1, " "1, " "1, " "1, " "1, " "1, " "1, " "1, " "1, " "1, " "1, " "1, " "1, " "1, " "1, " "1, " "1, " "1, " "1, " "1, " "0, " "1, " "1, " "1, " "1, " "1, " "1, " "1, " "1, " "1, " "1, " "1, " "1, " "1, " "1, " "1, " "1, " "1, " "1, " "1, " "1, " "1, " "1, " "1, " "1, " "1, " "1, " "1, " "1, " "1, " "1, " "1, " "1, " "1, " "1, " "1, " "1, " "1, " "1, " "1, " "1, " "1, " "1, " "1, " "1, " "1, " "1, " "1, " "1, " "1, " "1, " "1, " "1, " "1, " "1, " "1, " "1, " "1, " "1, " "1, " "1, " "1, " "1, " "1, " "1, " "1, " "1, " "1, " "1, " "1, " "1, " "1, " "1, " "1, " "1, " "1, " "1, " "1, " "1, " "1, " "1, " "1, " "1, " "1, " "1, " "1, " "1, " "1, " "1, " "1, " "1, " "1, " "1, " "1, " "1, " "1, " "1, " "1, " "1, " "1, " "1, " "1, " "1, " "1, " "1, " "1, " "1, " "1, " "1, " "1, " "1, " "1, " "1, " "1, " "1, " "1, " "1, " "1, " "1, " "1, " "1, " "1, " "1, " "1, " "1, " "1, " "1, " "1, " "1, " "1, " "1, " "1, " "1, " "1, " "1, " "1, " "1, " "1, " "1, " "1, " "1, " "1, " "1, " "1, " "1, " "1, " "1, " "1, " "1, " "1, " "1, " "1, " "1, " "1, " "1, " "1, " "1, " "1, " "1, " "1, " "1, " "1, " "1, " "1, " "1, " "1, " "1, " "1, " "1, " "1, " "1, " "1, " "1, " "1, " "1, " "1, " "1, " "1, " "1, " "1, " "1, " "1, " "1, " "1, " "1, " "1, " "1, " "1, " "1, " "1, " "1, " "1, " "1, " "1, " "1, " "1, " "1, " "1, " "1, " "1, " "1, " "1, " "1, " "1, " "1, " "1, " "1, " "1, " "1, " "1, " "1, " "1, " "1, " "1, " "1, " "1, " "1, " "1, " "1, " "1, " "1, " "1, " "1, " "1, " "1, " "1, " "1, " "1, " "1, " "1, " "1, " "1, " "1, " "1, " "1, " "1, " "1, " "1, " "1, " "1, " "1, " "1, " "1, " "1, " "1, " "1, " "1, " "1, " "1, " "1, " "1, " "1, " "1, " "1, " "1, " "1, " "1, " "1, " "1, " "1, " "1, " "1, " "1, " "1, " "1, " "1, " "1, " "1, " "1, " "1, " "1, " "1, " "1, " "1, " "1, " "1, " "1, " "1, " "1, " "1, " "1, " "1, " "1, " "1, " "1, " "1, " "1, " "1, " "1, " "1, " "1, " "1, " "1, " "1, " "1, " "1, " "1, " "1, " "1, " "1, " "1, " "1, " "1, " "1, " "1, " "1, " "1, " "1, " "1, " "1, " "1, " "1, " "1, " "1, " "1, " "1, " "1, " "1, " "1, " "1, " "1, " "1, " "1, " "1, " "1, " "1, " "1, " "1, " "1, " "1, " "1, "0
 "Nei183, 0.249, " "-0.831, " "1, " "1, " "1, " "1, " "1, " "1, " "1, " "1, " "1, " "1, " "1, " "1, " "1, " "1, " "1, " "1, " "1, " "1, " "1, " "1, " "1, " "1, " "1, " "1, " "1, " "1, " "1, " "1, " "1, " "1, " "1, " "1, " "1, " "1, " "1, " "1, " "1, " "1, " "1, " "1, " "1, " "1, " "1, " "1, " "1, " "1, " "1, " "1, " "1, " "1, " "1, " "1, " "1, " "1, " "1, " "1, " "1, " "1, " "1, " "1, " "1, " "1, " "1, " "1, " "1, " "1, " "1, " "1, " "1, " "1, " "1, " "1, " "1, " "1, " "1, " "1, " "1, " "1, " "1, " "1, " "1, " "1, " "1, " "1, " "1, " "1, " "1, " "1, " "1, " "1, " "1, " "1, " "1, " "1, " "1, " "1, " "1, " "1, " "1, " "1, " "1, " "1, " "1, " "1, " "1, " "1, " "1, " "1, " "1, " "1, " "1, " "1, " "1, " "1, " "1, " "1, " "1, " "1, " "1, " "1, " "1, " "1, " "1, " "1, " "1, " "1, " "1, " "1, " "1, " "1, " "1, " "1, " "1, " "1, " "1, " "1, " "1, " "1, " "1, " "1, " "1, " "1, " "1, " "1, " "1, " "1, " "1, " "1, " "1, " "1, " "1, " "1, " "1, " "1, " "1, " "1, " "1, " "1, " "1, " "1, " "1, " "1, " "1, " "1, " "1, " "1, " "1, " "1, " "1, " "1, " "1, " "1, " "1, " "1, " "1, " "1, " "1, " "1, " "1, " "1, " "1, " "1, " "1, " "0, " "1, " "1, " "1, " "1, " "1, " "1, " "1, " "1, " "1, " "1, " "1, " "1, " "1, " "1, " "1, " "1, " "1, " "1, " "1, " "1, " "1, " "1, " "1, " "1, " "1, " "1, " "1, " "1, " "1, " "1, " "1, " "1, " "1, " "1, " "1, " "1, " "1, " "1, " "1, " "1, " "1, " "1, " "1, " "1, " "1, " "1, " "1, " "1, " "1, " "1, " "1, " "1, " "1, " "1, " "1, " "1, " "1, " "1, " "1, " "1, " "1, " "1, " "1, " "1, " "1, " "1, " "1, " "1, " "1, " "1, " "1, " "1, " "1, " "1, " "1, " "1, " "1, " "1, " "1, " "1, " "1, " "1, " "1, " "1, " "1, " "1, " "1, " "1, " "1, " "1, " "1, " "1, " "1, " "1, " "1, " "1, " "1, " "1, " "1, " "1, " "1, " "1, " "1, " "1, " "1, " "1, " "1, " "1, " "1, " "1, " "1, " "1, " "1, " "1, " "1, " "1, " "1, " "1, " "1, " "1, " "1, " "1, " "1, " "1, " "1, " "1, " "1, " "1, " "1, " "1, " "1, " "1, " "1, " "1, " "1, " "1, " "1, " "1, " "1, " "1, " "1, " "1, " "1, " "1, " "1, " "1, " "1, " "1, " "1, " "1, " "1, " "1, " "1, " "1, " "1, " "1, " "1, " "1, " "1, " "1, " "1, " "1, " "1, " "1, " "1, " "1, " "1, " "1, " "1, " "1, " "1, " "1, " "1, " "1, " "1, " "1, " "1, " "1, " "1, " "1, " "1, " "1, " "1, " "1, " "1, " "1, " "1, " "1, " "1, " "1, " "1, " "1, " "1, " "1, " "1, " "1, " "1, " "1, " "1, " "1, " "1, " "1, " "1, " "1, " "1, " "1, " "1, " "1, " "1, " "1, " "1, " "1, " "1, " "1, " "1, " "1, " "1, " "1, " "1, " "1, " "1, " "1, " "1, " "1, " "1, " "1, " "1, " "1, " "1, " "1, " "1, " "1, " "1, " "1, " "1, " "1, " "1, " "1, " "1, " "1, " "1, " "1, " "1, " "1, " "1, " "1, " "1, " "1, " "1, " "1, " "1, " "1, " "1, " "1, " "1, " "1, " "1, " "1, " "1, " "1, " "1, " "1, " "1, " "1, " "1, " "1, " "1, " "1, " "1, " "1, " "1, " "1, " "1, " "1, " "1, " "1, " "1, " "1, " "1, " "1, " "1, " "1, " "1, " "1, " "1, " "1, " "1, " "1, " "1, " "1, " "1, " "1, " "1, " "1, " "1, " "1, " "1, " "1, " "1, " "1, " "1, " "1, " "1, " "1, " "1, " "1, " "1, " "1, " "1, " "1, " "1, " "1, " "1, " "1, " "1, " "1, " "1, " "1, " "1, " "1, " "1, " "1, " "1, " "1, " "1, " "1, " "1, " "1, " "1, "0
 "Nei184, 0.097, " "0.657, " "1, " "1, " "1, " "1, " "1, " "1, " "1, " "1, " "1, " "1, " "1, " "1, " "1, " "1, " "1, " "1, " "1, " "1, " "1, " "1, " "1, " "1, " "1, " "1, " "1, " "1, " "1, " "1, " "1, " "1, " "1, " "1, " "1, " "1, " "1, " "1, " "1, " "1, " "1, " "1, " "1, " "1, " "1, " "1, " "1, " "1, " "1, " "1, " "1, " "1, " "1, " "1, " "1, " "1, " "1, " "1, " "1, " "1, " "1, " "1, " "1, " "1, " "1, " "1, " "1, " "1, " "1, " "1, " "1, " "1, " "1, " "1, " "1, " "1, " "1, " "1, " "1, " "1, " "1, " "1, " "1, " "1, " "1, " "1, " "1, " "1, " "1, " "1, " "1, " "1, " "1, " "1, " "1, " "1, " "1, " "1, " "1, " "1, " "1, " "1, " "1, " "1, " "1, " "1, " "1, " "1, " "1, " "1, " "1, " "1, " "1, " "1, " "1, " "1, " "1, " "1, " "1, " "1, " "1, " "1, " "1, " "1, " "1, " "1, " "1, " "1, " "1, " "1, " "1, " "1, " "1, " "1, " "1, " "1, " "1, " "1, " "1, " "1, " "1, " "1, " "1, " "1, " "1, " "1, " "1, " "1, " "1, " "1, " "1, " "1, " "1, " "1, " "1, " "1, " "1, " "1, " "1, " "1, " "1, " "1, " "1, " "1, " "1, " "1, " "1, " "1, " "1, " "1, " "1, " "1, " "1, " "1, " "1, " "1, " "1, " "1, " "1, " "1, " "1, " "1, " "1, " "1, " "1, " "1, " "0, " "1, " "1, " "1, " "1, " "1, " "1, " "1, " "1, " "1, " "1, " "1, " "1, " "1, " "1, " "1, " "1, " "1, " "1, " "1, " "1, " "1, " "1, " "1, " "1, " "1, " "1, " "1, " "1, " "1, " "1, " "1, " "1, " "1, " "1, " "1, " "1, " "1, " "1, " "1, " "1, " "1, " "1, " "1, " "1, " "1, " "1, " "1, " "1, " "1, " "1, " "1, " "1, " "1, " "1, " "1, " "1, " "1, " "1, " "1, " "1, " "1, " "1, " "1, " "1, " "1, " "1, " "1, " "1, " "1, " "1, " "1, " "1, " "1, " "1, " "1, " "1, " "1, " "1, " "1, " "1, " "1, " "1, " "1, " "1, " "1, " "1, " "1, " "1, " "1, " "1, " "1, " "1, " "1, " "1, " "1, " "1, " "1, " "1, " "1, " "1, " "1, " "1, " "1, " "1, " "1, " "1, " "1, " "1, " "1, " "1, " "1, " "1, " "1, " "1, " "1, " "1, " "1, " "1, " "1, " "1, " "1, " "1, " "1, " "1, " "1, " "1, " "1, " "1, " "1, " "1, " "1, " "1, " "1, " "1, " "1, " "1, " "1, " "1, " "1, " "1, " "1, " "1, " "1, " "1, " "1, " "1, " "1, " "1, " "1, " "1, " "1, " "1, " "1, " "1, " "1, " "1, " "1, " "1, " "1, " "1, " "1, " "1, " "1, " "1, " "1, " "1, " "1, " "1, " "1, " "1, " "1, " "1, " "1, " "1, " "1, " "1, " "1, " "1, " "1, " "1, " "1, " "1, " "1, " "1, " "1, " "1, " "1, " "1, " "1, " "1, " "1, " "1, " "1, " "1, " "1, " "1, " "1, " "1, " "1, " "1, " "1, " "1, " "1, " "1, " "1, " "1, " "1, " "1, " "1, " "1, " "1, " "1, " "1, " "1, " "1, " "1, " "1, " "1, " "1, " "1, " "1, " "1, " "1, " "1, " "1, " "1, " "1, " "1, " "1, " "1, " "1, " "1, " "1, " "1, " "1, " "1, " "1, " "1, " "1, " "1, " "1, " "1, " "1, " "1, " "1, " "1, " "1, " "1, " "1, " "1, " "1, " "1, " "1, " "1, " "1, " "1, " "1, " "1, " "1, " "1, " "1, " "1, " "1, " "1, " "1, " "1, " "1, " "1, " "1, " "1, " "1, " "1, " "1, " "1, " "1, " "1, " "1, " "1, " "1, " "1, " "1, " "1, " "1, " "1, " "1, " "1, " "1, " "1, " "1, " "1, " "1, " "1, " "1, " "1, " "1, " "1, " "1, " "1, " "1, " "1, " "1, " "1, " "1, " "1, " "1, " "1, " "1, " "1, " "1, " "1, " "1, " "1, " "1, " "1, " "1, " "1, " "1, " "1, " "1, " "1, " "1, " "1, " "1, " "1, " "1, " "1, " "1, " "1, "0
 "Nei185, 0.361, " "0.595, " "1, " "1, " "1, " "1, " "1, " "1, " "1, " "1, " "1, " "1, " "1, " "1, " "1, " "1, " "1, " "1, " "1, " "1, " "1, " "1, " "1, " "1, " "1, " "1, " "1, " "1, " "1, " "1, " "1, " "1, " "1, " "1, " "1, " "1, " "1, " "1, " "1, " "1, " "1, " "1, " "1, " "1, " "1, " "1, " "1, " "1, " "1, " "1, " "1, " "1, " "1, " "1, " "1, " "1, " "1, " "1, " "1, " "1, " "1, " "1, " "1, " "1, " "1, " "1, " "1, " "1, " "1, " "1, " "1, " "1, " "1, " "1, " "1, " "1, " "1, " "1, " "1, " "1, " "1, " "1, " "1, " "1, " "1, " "1, " "1, " "1, " "1, " "1, " "1, " "1, " "1, " "1, " "1, " "1, " "1, " "1, " "1, " "1, " "1, " "1, " "1, " "1, " "1, " "1, " "1, " "1, " "1, " "1, " "1, " "1, " "1, " "1, " "1, " "1, " "1, " "1, " "1, " "1, " "1, " "1, " "1, " "1, " "1, " "1, " "1, " "1, " "1, " "1, " "1, " "1, " "1, " "1, " "1, " "1, " "1, " "1, " "1, " "1, " "1, " "1, " "1, " "1, " "1, " "1, " "1, " "1, " "1, " "1, " "1, " "1, " "1, " "1, " "1, " "1, " "1, " "1, " "1, " "1, " "1, " "1, " "1, " "1, " "1, " "1, " "1, " "1, " "1, " "1, " "1, " "1, " "1, " "1, " "1, " "1, " "1, " "1, " "1, " "1, " "1, " "1, " "1, " "1, " "1, " "1, " "1, " "0, " "1, " "1, " "1, " "1, " "1, " "1, " "1, " "1, " "1, " "1, " "1, " "1, " "1, " "1, " "1, " "1, " "1, " "1, " "1, " "1, " "1, " "1, " "1, " "1, " "1, " "1, " "1, " "1, " "1, " "1, " "1, " "1, " "1, " "1, " "1, " "1, " "1, " "1, " "1, " "1, " "1, " "1, " "1, " "1, " "1, " "1, " "1, " "1, " "1, " "1, " "1, " "1, " "1, " "1, " "1, " "1, " "1, " "1, " "1, " "1, " "1, " "1, " "1, " "1, " "1, " "1, " "1, " "1, " "1, " "1, " "1, " "1, " "1, " "1, " "1, " "1, " "1, " "1, " "1, " "1, " "1, " "1, " "1, " "1, " "1, " "1, " "1, " "1, " "1, " "1, " "1, " "1, " "1, " "1, " "1, " "1, " "1, " "1, " "1, " "1, " "1, " "1, " "1, " "1, " "1, " "1, " "1, " "1, " "1, " "1, " "1, " "1, " "1, " "1, " "1, " "1, " "1, " "1, " "1, " "1, " "1, " "1, " "1, " "1, " "1, " "1, " "1, " "1, " "1, " "1, " "1, " "1, " "1, " "1, " "1, " "1, " "1, " "1, " "1, " "1, " "1, " "1, " "1, " "1, " "1, " "1, " "1, " "1, " "1, " "1, " "1, " "1, " "1, " "1, " "1, " "1, " "1, " "1, " "1, " "1, " "1, " "1, " "1, " "1, " "1, " "1, " "1, " "1, " "1, " "1, " "1, " "1, " "1, " "1, " "1, " "1, " "1, " "1, " "1, " "1, " "1, " "1, " "1, " "1, " "1, " "1, " "1, " "1, " "1, " "1, " "1, " "1, " "1, " "1, " "1, " "1, " "1, " "1, " "1, " "1, " "1, " "1, " "1, " "1, " "1, " "1, " "1, " "1, " "1, " "1, " "1, " "1, " "1, " "1, " "1, " "1, " "1, " "1, " "1, " "1, " "1, " "1, " "1, " "1, " "1, " "1, " "1, " "1, " "1, " "1, " "1, " "1, " "1, " "1, " "1, " "1, " "1, " "1, " "1, " "1, " "1, " "1, " "1, " "1, " "1, " "1, " "1, " "1, " "1, " "1, " "1, " "1, " "1, " "1, " "1, " "1, " "1, " "1, " "1, " "1, " "1, " "1, " "1, " "1, " "1, " "1, " "1, " "1, " "1, " "1, " "1, " "1, " "1, " "1, " "1, " "1, " "1, " "1, " "1, " "1, " "1, " "1, " "1, " "1, " "1, " "1, " "1, " "1, " "1, " "1, " "1, " "1, " "1, " "1, " "1, " "1, " "1, " "1, " "1, " "1, " "1, " "1, " "1, " "1, " "1, " "1, " "1, " "1, " "1, " "1, " "1, " "1, " "1, " "1, " "1, " "1, " "1, " "1, " "1, " "1, " "1, " "1, " "1, " "1, " "1, " "1, " "1, "0
 "Nei186, 0.12, " "0.999, " "1, " "1, " "1, " "1, " "1, " "1, " "1, " "1, " "1, " "1, " "1, " "1, " "1, " "1, " "1, " "1, " "1, " "1, " "1, " "1, " "1, " "1, " "1, " "1, " "1, " "1, " "1, " "1, " "1, " "1, " "1, " "1, " "1, " "1, " "1, " "1, " "1, " "1, " "1, " "1, " "1, " "1, " "1, " "1, " "1, " "1, " "1, " "1, " "1, " "1, " "1, " "1, " "1, " "1, " "1, " "1, " "1, " "1, " "1, " "1, " "1, " "1, " "1, " "1, " "1, " "1, " "1, " "1, " "1, " "1, " "1, " "1, " "1, " "1, " "1, " "1, " "1, " "1, " "1, " "1, " "1, " "1, " "1, " "1, " "1, " "1, " "1, " "1, " "1, " "1, " "1, " "1, " "1, " "1, " "1, " "1, " "1, " "1, " "1, " "1, " "1, " "1, " "1, " "1, " "1, " "1, " "1, " "1, " "1, " "1, " "1, " "1, " "1, " "1, " "1, " "1, " "1, " "1, " "1, " "1, " "1, " "1, " "1, " "1, " "1, " "1, " "1, " "1, " "1, " "1, " "1, " "1, " "1, " "1, " "1, " "1, " "1, " "1, " "1, " "1, " "1, " "1, " "1, " "1, " "1, " "1, " "1, " "1, " "1, " "1, " "1, " "1, " "1, " "1, " "1, " "1, " "1, " "1, " "1, " "1, " "1, " "1, " "1, " "1, " "1, " "1, " "1, " "1, " "1, " "1, " "1, " "1, " "1, " "1, " "1, " "1, " "1, " "1, " "1, " "1, " "1, " "1, " "1, " "1, " "1, " "1, " "0, " "1, " "1, " "1, " "1, " "1, " "1, " "1, " "1, " "1, " "1, " "1, " "1, " "1, " "1, " "1, " "1, " "1, " "1, " "1, " "1, " "1, " "1, " "1, " "1, " "1, " "1, " "1, " "1, " "1, " "1, " "1, " "1, " "1, " "1, " "1, " "1, " "1, " "1, " "1, " "1, " "1, " "1, " "1, " "1, " "1, " "1, " "1, " "1, " "1, " "1, " "1, " "1, " "1, " "1, " "1, " "1, " "1, " "1, " "1, " "1, " "1, " "1, " "1, " "1, " "1, " "1, " "1, " "1, " "1, " "1, " "1, " "1, " "1, " "1, " "1, " "1, " "1, " "1, " "1, " "1, " "1, " "1, " "1, " "1, " "1, " "1, " "1, " "1, " "1, " "1, " "1, " "1, " "1, " "1, " "1, " "1, " "1, " "1, " "1, " "1, " "1, " "1, " "1, " "1, " "1, " "1, " "1, " "1, " "1, " "1, " "1, " "1, " "1, " "1, " "1, " "1, " "1, " "1, " "1, " "1, " "1, " "1, " "1, " "1, " "1, " "1, " "1, " "1, " "1, " "1, " "1, " "1, " "1, " "1, " "1, " "1, " "1, " "1, " "1, " "1, " "1, " "1, " "1, " "1, " "1, " "1, " "1, " "1, " "1, " "1, " "1, " "1, " "1, " "1, " "1, " "1, " "1, " "1, " "1, " "1, " "1, " "1, " "1, " "1, " "1, " "1, " "1, " "1, " "1, " "1, " "1, " "1, " "1, " "1, " "1, " "1, " "1, " "1, " "1, " "1, " "1, " "1, " "1, " "1, " "1, " "1, " "1, " "1, " "1, " "1, " "1, " "1, " "1, " "1, " "1, " "1, " "1, " "1, " "1, " "1, " "1, " "1, " "1, " "1, " "1, " "1, " "1, " "1, " "1, " "1, " "1, " "1, " "1, " "1, " "1, " "1, " "1, " "1, " "1, " "1, " "1, " "1, " "1, " "1, " "1, " "1, " "1, " "1, " "1, " "1, " "1, " "1, " "1, " "1, " "1, " "1, " "1, " "1, " "1, " "1, " "1, " "1, " "1, " "1, " "1, " "1, " "1, " "1, " "1, " "1, " "1, " "1, " "1, " "1, " "1, " "1, " "1, " "1, " "1, " "1, " "1, " "1, " "1, " "1, " "1, " "1, " "1, " "1, " "1, " "1, " "1, " "1, " "1, " "1, " "1, " "1, " "1, " "1, " "1, " "1, " "1, " "1, " "1, " "1, " "1, " "1, " "1, " "1, " "1, " "1, " "1, " "1, " "1, " "1, " "1, " "1, " "1, " "1, " "1, " "1, " "1, " "1, " "1, " "1, " "1, " "1, " "1, " "1, " "1, " "1, " "1, " "1, " "1, " "1, " "1, " "1, " "1, " "1, " "1, " "1, " "1, " "1, " "1, " "1, " "1, " "1, "0
 "Nei187, 0.137, " "0.489, " "1, " "1, " "1, " "1, " "1, " "1, " "1, " "1, " "1, " "1, " "1, " "1, " "1, " "1, " "1, " "1, " "1, " "1, " "1, " "1, " "1, " "1, " "1, " "1, " "1, " "1, " "1, " "1, " "1, " "1, " "1, " "1, " "1, " "1, " "1, " "1, " "1, " "1, " "1, " "1, " "1, " "1, " "1, " "1, " "1, " "1, " "1, " "1, " "1, " "1, " "1, " "1, " "1, " "1, " "1, " "1, " "1, " "1, " "1, " "1, " "1, " "1, " "1, " "1, " "1, " "1, " "1, " "1, " "1, " "1, " "1, " "1, " "1, " "1, " "1, " "1, " "1, " "1, " "1, " "1, " "1, " "1, " "1, " "1, " "1, " "1, " "1, " "1, " "1, " "1, " "1, " "1, " "1, " "1, " "1, " "1, " "1, " "1, " "1, " "1, " "1, " "1, " "1, " "1, " "1, " "1, " "1, " "1, " "1, " "1, " "1, " "1, " "1, " "1, " "1, " "1, " "1, " "1, " "1, " "1, " "1, " "1, " "1, " "1, " "1, " "1, " "1, " "1, " "1, " "1, " "1, " "1, " "1, " "1, " "1, " "1, " "1, " "1, " "1, " "1, " "1, " "1, " "1, " "1, " "1, " "1, " "1, " "1, " "1, " "1, " "1, " "1, " "1, " "1, " "1, " "1, " "1, " "1, " "1, " "1, " "1, " "1, " "1, " "1, " "1, " "1, " "1, " "1, " "1, " "1, " "1, " "1, " "1, " "1, " "1, " "1, " "1, " "1, " "1, " "1, " "1, " "1, " "1, " "1, " "1, " "1, " "1, " "0, " "1, " "1, " "1, " "1, " "1, " "1, " "1, " "1, " "1, " "1, " "1, " "1, " "1, " "1, " "1, " "1, " "1, " "1, " "1, " "1, " "1, " "1, " "1, " "1, " "1, " "1, " "1, " "1, " "1, " "1, " "1, " "1, " "1, " "1, " "1, " "1, " "1, " "1, " "1, " "1, " "1, " "1, " "1, " "1, " "1, " "1, " "1, " "1, " "1, " "1, " "1, " "1, " "1, " "1, " "1, " "1, " "1, " "1, " "1, " "1, " "1, " "1, " "1, " "1, " "1, " "1, " "1, " "1, " "1, " "1, " "1, " "1, " "1, " "1, " "1, " "1, " "1, " "1, " "1, " "1, " "1, " "1, " "1, " "1, " "1, " "1, " "1, " "1, " "1, " "1, " "1, " "1, " "1, " "1, " "1, " "1, " "1, " "1, " "1, " "1, " "1, " "1, " "1, " "1, " "1, " "1, " "1, " "1, " "1, " "1, " "1, " "1, " "1, " "1, " "1, " "1, " "1, " "1, " "1, " "1, " "1, " "1, " "1, " "1, " "1, " "1, " "1, " "1, " "1, " "1, " "1, " "1, " "1, " "1, " "1, " "1, " "1, " "1, " "1, " "1, " "1, " "1, " "1, " "1, " "1, " "1, " "1, " "1, " "1, " "1, " "1, " "1, " "1, " "1, " "1, " "1, " "1, " "1, " "1, " "1, " "1, " "1, " "1, " "1, " "1, " "1, " "1, " "1, " "1, " "1, " "1, " "1, " "1, " "1, " "1, " "1, " "1, " "1, " "1, " "1, " "1, " "1, " "1, " "1, " "1, " "1, " "1, " "1, " "1, " "1, " "1, " "1, " "1, " "1, " "1, " "1, " "1, " "1, " "1, " "1, " "1, " "1, " "1, " "1, " "1, " "1, " "1, " "1, " "1, " "1, " "1, " "1, " "1, " "1, " "1, " "1, " "1, " "1, " "1, " "1, " "1, " "1, " "1, " "1, " "1, " "1, " "1, " "1, " "1, " "1, " "1, " "1, " "1, " "1, " "1, " "1, " "1, " "1, " "1, " "1, " "1, " "1, " "1, " "1, " "1, " "1, " "1, " "1, " "1, " "1, " "1, " "1, " "1, " "1, " "1, " "1, " "1, " "1, " "1, " "1, " "1, " "1, " "1, " "1, " "1, " "1, " "1, " "1, " "1, " "1, " "1, " "1, " "1, " "1, " "1, " "1, " "1, " "1, " "1, " "1, " "1, " "1, " "1, " "1, " "1, " "1, " "1, " "1, " "1, " "1, " "1, " "1, " "1, " "1, " "1, " "1, " "1, " "1, " "1, " "1, " "1, " "1, " "1, " "1, " "1, " "1, " "1, " "1, " "1, " "1, " "1, " "1, " "1, " "1, " "1, " "1, " "1, " "1, " "1, " "1, " "1, " "1, " "1, " "1, " "1, "0
 "Nei188, 0.151, " "-0.369, " "1, " "1, " "1, " "1, " "1, " "1, " "1, " "1, " "1, " "1, " "1, " "1, " "1, " "1, " "1, " "1, " "1, " "1, " "1, " "1, " "1, " "1, " "1, " "1, " "1, " "1, " "1, " "1, " "1, " "1, " "1, " "1, " "1, " "1, " "1, " "1, " "1, " "1, " "1, " "1, " "1, " "1, " "1, " "1, " "1, " "1, " "1, " "1, " "1, " "1, " "1, " "1, " "1, " "1, " "1, " "1, " "1, " "1, " "1, " "1, " "1, " "1, " "1, " "1, " "1, " "1, " "1, " "1, " "1, " "1, " "1, " "1, " "1, " "1, " "1, " "1, " "1, " "1, " "1, " "1, " "1, " "1, " "1, " "1, " "1, " "1, " "1, " "1, " "1, " "1, " "1, " "1, " "1, " "1, " "1, " "1, " "1, " "1, " "1, " "1, " "1, " "1, " "1, " "1, " "1, " "1, " "1, " "1, " "1, " "1, " "1, " "1, " "1, " "1, " "1, " "1, " "1, " "1, " "1, " "1, " "1, " "1, " "1, " "1, " "1, " "1, " "1, " "1, " "1, " "1, " "1, " "1, " "1, " "1, " "1, " "1, " "1, " "1, " "1, " "1, " "1, " "1, " "1, " "1, " "1, " "1, " "1, " "1, " "1, " "1, " "1, " "1, " "1, " "1, " "1, " "1, " "1, " "1, " "1, " "1, " "1, " "1, " "1, " "1, " "1, " "1, " "1, " "1, " "1, " "1, " "1, " "1, " "1, " "1, " "1, " "1, " "1, " "1, " "1, " "1, " "1, " "1, " "1, " "1, " "1, " "1, " "1, " "1, " "0, " "1, " "1, " "1, " "1, " "1, " "1, " "1, " "1, " "1, " "1, " "1, " "1, " "1, " "1, " "1, " "1, " "1, " "1, " "1, " "1, " "1, " "1, " "1, " "1, " "1, " "1, " "1, " "1, " "1, " "1, " "1, " "1, " "1, " "1, " "1, " "1, " "1, " "1, " "1, " "1, " "1, " "1, " "1, " "1, " "1, " "1, " "1, " "1, " "1, " "1, " "1, " "1, " "1, " "1, " "1, " "1, " "1, " "1, " "1, " "1, " "1, " "1, " "1, " "1, " "1, " "1, " "1, " "1, " "1, " "1, " "1, " "1, " "1, " "1, " "1, " "1, " "1, " "1, " "1, " "1, " "1, " "1, " "1, " "1, " "1, " "1, " "1, " "1, " "1, " "1, " "1, " "1, " "1, " "1, " "1, " "1, " "1, " "1, " "1, " "1, " "1, " "1, " "1, " "1, " "1, " "1, " "1, " "1, " "1, " "1, " "1, " "1, " "1, " "1, " "1, " "1, " "1, " "1, " "1, " "1, " "1, " "1, " "1, " "1, " "1, " "1, " "1, " "1, " "1, " "1, " "1, " "1, " "1, " "1, " "1, " "1, " "1, " "1, " "1, " "1, " "1, " "1, " "1, " "1, " "1, " "1, " "1, " "1, " "1, " "1, " "1, " "1, " "1, " "1, " "1, " "1, " "1, " "1, " "1, " "1, " "1, " "1, " "1, " "1, " "1, " "1, " "1, " "1, " "1, " "1, " "1, " "1, " "1, " "1, " "1, " "1, " "1, " "1, " "1, " "1, " "1, " "1, " "1, " "1, " "1, " "1, " "1, " "1, " "1, " "1, " "1, " "1, " "1, " "1, " "1, " "1, " "1, " "1, " "1, " "1, " "1, " "1, " "1, " "1, " "1, " "1, " "1, " "1, " "1, " "1, " "1, " "1, " "1, " "1, " "1, " "1, " "1, " "1, " "1, " "1, " "1, " "1, " "1, " "1, " "1, " "1, " "1, " "1, " "1, " "1, " "1, " "1, " "1, " "1, " "1, " "1, " "1, " "1, " "1, " "1, " "1, " "1, " "1, " "1, " "1, " "1, " "1, " "1, " "1, " "1, " "1, " "1, " "1, " "1, " "1, " "1, " "1, " "1, " "1, " "1, " "1, " "1, " "1, " "1, " "1, " "1, " "1, " "1, " "1, " "1, " "1, " "1, " "1, " "1, " "1, " "1, " "1, " "1, " "1, " "1, " "1, " "1, " "1, " "1, " "1, " "1, " "1, " "1, " "1, " "1, " "1, " "1, " "1, " "1, " "1, " "1, " "1, " "1, " "1, " "1, " "1, " "1, " "1, " "1, " "1, " "1, " "1, " "1, " "1, " "1, " "1, " "1, " "1, " "1, " "1, " "1, " "1, " "1, " "1, " "1, " "1, " "1, " "1, " "1, "0
 "Nei189, 0.347, " "-0.206, " "1, " "1, " "1, " "1, " "1, " "1, " "1, " "1, " "1, " "1, " "1, " "1, " "1, " "1, " "1, " "1, " "1, " "1, " "1, " "1, " "1, " "1, " "1, " "1, " "1, " "1, " "1, " "1, " "1, " "1, " "1, " "1, " "1, " "1, " "1, " "1, " "1, " "1, " "1, " "1, " "1, " "1, " "1, " "1, " "1, " "1, " "1, " "1, " "1, " "1, " "1, " "1, " "1, " "1, " "1, " "1, " "1, " "1, " "1, " "1, " "1, " "1, " "1, " "1, " "1, " "1, " "1, " "1, " "1, " "1, " "1, " "1, " "1, " "1, " "1, " "1, " "1, " "1, " "1, " "1, " "1, " "1, " "1, " "1, " "1, " "1, " "1, " "1, " "1, " "1, " "1, " "1, " "1, " "1, " "1, " "1, " "1, " "1, " "1, " "1, " "1, " "1, " "1, " "1, " "1, " "1, " "1, " "1, " "1, " "1, " "1, " "1, " "1, " "1, " "1, " "1, " "1, " "1, " "1, " "1, " "1, " "1, " "1, " "1, " "1, " "1, " "1, " "1, " "1, " "1, " "1, " "1, " "1, " "1, " "1, " "1, " "1, " "1, " "1, " "1, " "1, " "1, " "1, " "1, " "1, " "1, " "1, " "1, " "1, " "1, " "1, " "1, " "1, " "1, " "1, " "1, " "1, " "1, " "1, " "1, " "1, " "1, " "1, " "1, " "1, " "1, " "1, " "1, " "1, " "1, " "1, " "1, " "1, " "1, " "1, " "1, " "1, " "1, " "1, " "1, " "1, " "1, " "1, " "1, " "1, " "1, " "1, " "1, " "1, " "0, " "1, " "1, " "1, " "1, " "1, " "1, " "1, " "1, " "1, " "1, " "1, " "1, " "1, " "1, " "1, " "1, " "1, " "1, " "1, " "1, " "1, " "1, " "1, " "1, " "1, " "1, " "1, " "1, " "1, " "1, " "1, " "1, " "1, " "1, " "1, " "1, " "1, " "1, " "1, " "1, " "1, " "1, " "1, " "1, " "1, " "1, " "1, " "1, " "1, " "1, " "1, " "1, " "1, " "1, " "1, " "1, " "1, " "1, " "1, " "1, " "1, " "1, " "1, " "1, " "1, " "1, " "1, " "1, " "1, " "1, " "1, " "1, " "1, " "1, " "1, " "1, " "1, " "1, " "1, " "1, " "1, " "1, " "1, " "1, " "1, " "1, " "1, " "1, " "1, " "1, " "1, " "1, " "1, " "1, " "1, " "1, " "1, " "1, " "1, " "1, " "1, " "1, " "1, " "1, " "1, " "1, " "1, " "1, " "1, " "1, " "1, " "1, " "1, " "1, " "1, " "1, " "1, " "1, " "1, " "1, " "1, " "1, " "1, " "1, " "1, " "1, " "1, " "1, " "1, " "1, " "1, " "1, " "1, " "1, " "1, " "1, " "1, " "1, " "1, " "1, " "1, " "1, " "1, " "1, " "1, " "1, " "1, " "1, " "1, " "1, " "1, " "1, " "1, " "1, " "1, " "1, " "1, " "1, " "1, " "1, " "1, " "1, " "1, " "1, " "1, " "1, " "1, " "1, " "1, " "1, " "1, " "1, " "1, " "1, " "1, " "1, " "1, " "1, " "1, " "1, " "1, " "1, " "1, " "1, " "1, " "1, " "1, " "1, " "1, " "1, " "1, " "1, " "1, " "1, " "1, " "1, " "1, " "1, " "1, " "1, " "1, " "1, " "1, " "1, " "1, " "1, " "1, " "1, " "1, " "1, " "1, " "1, " "1, " "1, " "1, " "1, " "1, " "1, " "1, " "1, " "1, " "1, " "1, " "1, " "1, " "1, " "1, " "1, " "1, " "1, " "1, " "1, " "1, " "1, " "1, " "1, " "1, " "1, " "1, " "1, " "1, " "1, " "1, " "1, " "1, " "1, " "1, " "1, " "1, " "1, " "1, " "1, " "1, " "1, " "1, " "1, " "1, " "1, " "1, " "1, " "1, " "1, " "1, " "1, " "1, " "1, " "1, " "1, " "1, " "1, " "1, " "1, " "1, " "1, " "1, " "1, " "1, " "1, " "1, " "1, " "1, " "1, " "1, " "1, " "1, " "1, " "1, " "1, " "1, " "1, " "1, " "1, " "1, " "1, " "1, " "1, " "1, " "1, " "1, " "1, " "1, " "1, " "1, " "1, " "1, " "1, " "1, " "1, " "1, " "1, " "1, " "1, " "1, " "1, " "1, " "1, " "1, " "1, " "1, " "1, " "1, " "1, " "1, "0
 "Nei190, 0.209, " "-0.704, " "1, " "1, " "1, " "1, " "1, " "1, " "1, " "1, " "1, " "1, " "1, " "1, " "1, " "1, " "1, " "1, " "1, " "1, " "1, " "1, " "1, " "1, " "1, " "1, " "1, " "1, " "1, " "1, " "1, " "1, " "1, " "1, " "1, " "1, " "1, " "1, " "1, " "1, " "1, " "1, " "1, " "1, " "1, " "1, " "1, " "1, " "1, " "1, " "1, " "1, " "1, " "1, " "1, " "1, " "1, " "1, " "1, " "1, " "1, " "1, " "1, " "1, " "1, " "1, " "1, " "1, " "1, " "1, " "1, " "1, " "1, " "1, " "1, " "1, " "1, " "1, " "1, " "1, " "1, " "1, " "1, " "1, " "1, " "1, " "1, " "1, " "1, " "1, " "1, " "1, " "1, " "1, " "1, " "1, " "1, " "1, " "1, " "1, " "1, " "1, " "1, " "1, " "1, " "1, " "1, " "1, " "1, " "1, " "1, " "1, " "1, " "1, " "1, " "1, " "1, " "1, " "1, " "1, " "1, " "1, " "1, " "1, " "1, " "1, " "1, " "1, " "1, " "1, " "1, " "1, " "1, " "1, " "1, " "1, " "1, " "1, " "1, " "1, " "1, " "1, " "1, " "1, " "1, " "1, " "1, " "1, " "1, " "1, " "1, " "1, " "1, " "1, " "1, " "1, " "1, " "1, " "1, " "1, " "1, " "1, " "1, " "1, " "1, " "1, " "1, " "1, " "1, " "1, " "1, " "1, " "1, " "1, " "1, " "1, " "1, " "1, " "1, " "1, " "1, " "1, " "1, " "1, " "1, " "1, " "1, " "1, " "1, " "1, " "1, " "1, " "0, " "1, " "1, " "1, " "1, " "1, " "1, " "1, " "1, " "1, " "1, " "1, " "1, " "1, " "1, " "1, " "1, " "1, " "1, " "1, " "1, " "1, " "1, " "1, " "1, " "1, " "1, " "1, " "1, " "1, " "1, " "1, " "1, " "1, " "1, " "1, " "1, " "1, " "1, " "1, " "1, " "1, " "1, " "1, " "1, " "1, " "1, " "1, " "1, " "1, " "1, " "1, " "1, " "1, " "1, " "1, " "1, " "1, " "1, " "1, " "1, " "1, " "1, " "1, " "1, " "1, " "1, " "1, " "1, " "1, " "1, " "1, " "1, " "1, " "1, " "1, " "1, " "1, " "1, " "1, " "1, " "1, " "1, " "1, " "1, " "1, " "1, " "1, " "1, " "1, " "1, " "1, " "1, " "1, " "1, " "1, " "1, " "1, " "1, " "1, " "1, " "1, " "1, " "1, " "1, " "1, " "1, " "1, " "1, " "1, " "1, " "1, " "1, " "1, " "1, " "1, " "1, " "1, " "1, " "1, " "1, " "1, " "1, " "1, " "1, " "1, " "1, " "1, " "1, " "1, " "1, " "1, " "1, " "1, " "1, " "1, " "1, " "1, " "1, " "1, " "1, " "1, " "1, " "1, " "1, " "1, " "1, " "1, " "1, " "1, " "1, " "1, " "1, " "1, " "1, " "1, " "1, " "1, " "1, " "1, " "1, " "1, " "1, " "1, " "1, " "1, " "1, " "1, " "1, " "1, " "1, " "1, " "1, " "1, " "1, " "1, " "1, " "1, " "1, " "1, " "1, " "1, " "1, " "1, " "1, " "1, " "1, " "1, " "1, " "1, " "1, " "1, " "1, " "1, " "1, " "1, " "1, " "1, " "1, " "1, " "1, " "1, " "1, " "1, " "1, " "1, " "1, " "1, " "1, " "1, " "1, " "1, " "1, " "1, " "1, " "1, " "1, " "1, " "1, " "1, " "1, " "1, " "1, " "1, " "1, " "1, " "1, " "1, " "1, " "1, " "1, " "1, " "1, " "1, " "1, " "1, " "1, " "1, " "1, " "1, " "1, " "1, " "1, " "1, " "1, " "1, " "1, " "1, " "1, " "1, " "1, " "1, " "1, " "1, " "1, " "1, " "1, " "1, " "1, " "1, " "1, " "1, " "1, " "1, " "1, " "1, " "1, " "1, " "1, " "1, " "1, " "1, " "1, " "1, " "1, " "1, " "1, " "1, " "1, " "1, " "1, " "1, " "1, " "1, " "1, " "1, " "1, " "1, " "1, " "1, " "1, " "1, " "1, " "1, " "1, " "1, " "1, " "1, " "1, " "1, " "1, " "1, " "1, " "1, " "1, " "1, " "1, " "1, " "1, " "1, " "1, " "1, " "1, " "1, " "1, " "1, " "1, " "1, " "1, " "1, " "1, " "1, " "1, "0
 "Nei191, 0.301, " "0.974, " "1, " "1, " "1, " "1, " "1, " "1, " "1, " "1, " "1, " "1, " "1, " "1, " "1, " "1, " "1, " "1, " "1, " "1, " "1, " "1, " "1, " "1, " "1, " "1, " "1, " "1, " "1, " "1, " "1, " "1, " "1, " "1, " "1, " "1, " "1, " "1, " "1, " "1, " "1, " "1, " "1, " "1, " "1, " "1, " "1, " "1, " "1, " "1, " "1, " "1, " "1, " "1, " "1, " "1, " "1, " "1, " "1, " "1, " "1, " "1, " "1, " "1, " "1, " "1, " "1, " "1, " "1, " "1, " "1, " "1, " "1, " "1, " "1, " "1, " "1, " "1, " "1, " "1, " "1, " "1, " "1, " "1, " "1, " "1, " "1, " "1, " "1, " "1, " "1, " "1, " "1, " "1, " "1, " "1, " "1, " "1, " "1, " "1, " "1, " "1, " "1, " "1, " "1, " "1, " "1, " "1, " "1, " "1, " "1, " "1, " "1, " "1, " "1, " "1, " "1, " "1, " "1, " "1, " "1, " "1, " "1, " "1, " "1, " "1, " "1, " "1, " "1, " "1, " "1, " "1, " "1, " "1, " "1, " "1, " "1, " "1, " "1, " "1, " "1, " "1, " "1, " "1, " "1, " "1, " "1, " "1, " "1, " "1, " "1, " "1, " "1, " "1, " "1, " "1, " "1, " "1, " "1, " "1, " "1, " "1, " "1, " "1, " "1, " "1, " "1, " "1, " "1, " "1, " "1, " "1, " "1, " "1, " "1, " "1, " "1, " "1, " "1, " "1, " "1, " "1, " "1, " "1, " "1, " "1, " "1, " "1, " "1, " "1, " "1, " "1, " "1, " "0, " "1, " "1, " "1, " "1, " "1, " "1, " "1, " "1, " "1, " "1, " "1, " "1, " "1, " "1, " "1, " "1, " "1, " "1, " "1, " "1, " "1, " "1, " "1, " "1, " "1, " "1, " "1, " "1, " "1, " "1, " "1, " "1, " "1, " "1, " "1, " "1, " "1, " "1, " "1, " "1, " "1, " "1, " "1, " "1, " "1, " "1, " "1, " "1, " "1, " "1, " "1, " "1, " "1, " "1, " "1, " "1, " "1, " "1, " "1, " "1, " "1, " "1, " "1, " "1, " "1, " "1, " "1, " "1, " "1, " "1, " "1, " "1, " "1, " "1, " "1, " "1, " "1, " "1, " "1, " "1, " "1, " "1, " "1, " "1, " "1, " "1, " "1, " "1, " "1, " "1, " "1, " "1, " "1, " "1, " "1, " "1, " "1, " "1, " "1, " "1, " "1, " "1, " "1, " "1, " "1, " "1, " "1, " "1, " "1, " "1, " "1, " "1, " "1, " "1, " "1, " "1, " "1, " "1, " "1, " "1, " "1, " "1, " "1, " "1, " "1, " "1, " "1, " "1, " "1, " "1, " "1, " "1, " "1, " "1, " "1, " "1, " "1, " "1, " "1, " "1, " "1, " "1, " "1, " "1, " "1, " "1, " "1, " "1, " "1, " "1, " "1, " "1, " "1, " "1, " "1, " "1, " "1, " "1, " "1, " "1, " "1, " "1, " "1, " "1, " "1, " "1, " "1, " "1, " "1, " "1, " "1, " "1, " "1, " "1, " "1, " "1, " "1, " "1, " "1, " "1, " "1, " "1, " "1, " "1, " "1, " "1, " "1, " "1, " "1, " "1, " "1, " "1, " "1, " "1, " "1, " "1, " "1, " "1, " "1, " "1, " "1, " "1, " "1, " "1, " "1, " "1, " "1, " "1, " "1, " "1, " "1, " "1, " "1, " "1, " "1, " "1, " "1, " "1, " "1, " "1, " "1, " "1, " "1, " "1, " "1, " "1, " "1, " "1, " "1, " "1, " "1, " "1, " "1, " "1, " "1, " "1, " "1, " "1, " "1, " "1, " "1, " "1, " "1, " "1, " "1, " "1, " "1, " "1, " "1, " "1, " "1, " "1, " "1, " "1, " "1, " "1, " "1, " "1, " "1, " "1, " "1, " "1, " "1, " "1, " "1, " "1, " "1, " "1, " "1, " "1, " "1, " "1, " "1, " "1, " "1, " "1, " "1, " "1, " "1, " "1, " "1, " "1, " "1, " "1, " "1, " "1, " "1, " "1, " "1, " "1, " "1, " "1, " "1, " "1, " "1, " "1, " "1, " "1, " "1, " "1, " "1, " "1, " "1, " "1, " "1, " "1, " "1, " "1, " "1, " "1, " "1, " "1, " "1, " "1, " "1, " "1, " "1, " "1, " "1, " "1, " "1, "0
 "Nei192, 0.022, " "-0.762, " "1, " "1, " "1, " "1, " "1, " "1, " "1, " "1, " "1, " "1, " "1, " "1, " "1, " "1, " "1, " "1, " "1, " "1, " "1, " "1, " "1, " "1, " "1, " "1, " "1, " "1, " "1, " "1, " "1, " "1, " "1, " "1, " "1, " "1, " "1, " "1, " "1, " "1, " "1, " "1, " "1, " "1, " "1, " "1, " "1, " "1, " "1, " "1, " "1, " "1, " "1, " "1, " "1, " "1, " "1, " "1, " "1, " "1, " "1, " "1, " "1, " "1, " "1, " "1, " "1, " "1, " "1, " "1, " "1, " "1, " "1, " "1, " "1, " "1, " "1, " "1, " "1, " "1, " "1, " "1, " "1, " "1, " "1, " "1, " "1, " "1, " "1, " "1, " "1, " "1, " "1, " "1, " "1, " "1, " "1, " "1, " "1, " "1, " "1, " "1, " "1, " "1, " "1, " "1, " "1, " "1, " "1, " "1, " "1, " "1, " "1, " "1, " "1, " "1, " "1, " "1, " "1, " "1, " "1, " "1, " "1, " "1, " "1, " "1, " "1, " "1, " "1, " "1, " "1, " "1, " "1, " "1, " "1, " "1, " "1, " "1, " "1, " "1, " "1, " "1, " "1, " "1, " "1, " "1, " "1, " "1, " "1, " "1, " "1, " "1, " "1, " "1, " "1, " "1, " "1, " "1, " "1, " "1, " "1, " "1, " "1, " "1, " "1, " "1, " "1, " "1, " "1, " "1, " "1, " "1, " "1, " "1, " "1, " "1, " "1, " "1, " "1, " "1, " "1, " "1, " "1, " "1, " "1, " "1, " "1, " "1, " "1, " "1, " "1, " "1, " "1, " "1, " "0, " "1, " "1, " "1, " "1, " "1, " "1, " "1, " "1, " "1, " "1, " "1, " "1, " "1, " "1, " "1, " "1, " "1, " "1, " "1, " "1, " "1, " "1, " "1, " "1, " "1, " "1, " "1, " "1, " "1, " "1, " "1, " "1, " "1, " "1, " "1, " "1, " "1, " "1, " "1, " "1, " "1, " "1, " "1, " "1, " "1, " "1, " "1, " "1, " "1, " "1, " "1, " "1, " "1, " "1, " "1, " "1, " "1, " "1, " "1, " "1, " "1, " "1, " "1, " "1, " "1, " "1, " "1, " "1, " "1, " "1, " "1, " "1, " "1, " "1, " "1, " "1, " "1, " "1, " "1, " "1, " "1, " "1, " "1, " "1, " "1, " "1, " "1, " "1, " "1, " "1, " "1, " "1, " "1, " "1, " "1, " "1, " "1, " "1, " "1, " "1, " "1, " "1, " "1, " "1, " "1, " "1, " "1, " "1, " "1, " "1, " "1, " "1, " "1, " "1, " "1, " "1, " "1, " "1, " "1, " "1, " "1, " "1, " "1, " "1, " "1, " "1, " "1, " "1, " "1, " "1, " "1, " "1, " "1, " "1, " "1, " "1, " "1, " "1, " "1, " "1, " "1, " "1, " "1, " "1, " "1, " "1, " "1, " "1, " "1, " "1, " "1, " "1, " "1, " "1, " "1, " "1, " "1, " "1, " "1, " "1, " "1, " "1, " "1, " "1, " "1, " "1, " "1, " "1, " "1, " "1, " "1, " "1, " "1, " "1, " "1, " "1, " "1, " "1, " "1, " "1, " "1, " "1, " "1, " "1, " "1, " "1, " "1, " "1, " "1, " "1, " "1, " "1, " "1, " "1, " "1, " "1, " "1, " "1, " "1, " "1, " "1, " "1, " "1, " "1, " "1, " "1, " "1, " "1, " "1, " "1, " "1, " "1, " "1, " "1, " "1, " "1, " "1, " "1, " "1, " "1, " "1, " "1, " "1, " "1, " "1, " "1, " "1, " "1, " "1, " "1, " "1, " "1, " "1, " "1, " "1, " "1, " "1, " "1, " "1, " "1, " "1, " "1, " "1, " "1, " "1, " "1, " "1, " "1, " "1, " "1, " "1, " "1, " "1, " "1, " "1, " "1, " "1, " "1, " "1, " "1, " "1, " "1, " "1, " "1, " "1, " "1, " "1, " "1, " "1, " "1, " "1, " "1, " "1, " "1, " "1, " "1, " "1, " "1, " "1, " "1, " "1, " "1, " "1, " "1, " "1, " "1, " "1, " "1, " "1, " "1, " "1, " "1, " "1, " "1, " "1, " "1, " "1, " "1, " "1, " "1, " "1, " "1, " "1, " "1, " "1, " "1, " "1, " "1, " "1, " "1, " "1, " "1, " "1, " "1, " "1, " "1, " "1, " "1, " "1, " "1, "0
 "Nei193, 0.356, " "-0.06, " "1, " "1, " "1, " "1, " "1, " "1, " "1, " "1, " "1, " "1, " "1, " "1, " "1, " "1, " "1, " "1, " "1, " "1, " "1, " "1, " "1, " "1, " "1, " "1, " "1, " "1, " "1, " "1, " "1, " "1, " "1, " "1, " "1, " "1, " "1, " "1, " "1, " "1, " "1, " "1, " "1, " "1, " "1, " "1, " "1, " "1, " "1, " "1, " "1, " "1, " "1, " "1, " "1, " "1, " "1, " "1, " "1, " "1, " "1, " "1, " "1, " "1, " "1, " "1, " "1, " "1, " "1, " "1, " "1, " "1, " "1, " "1, " "1, " "1, " "1, " "1, " "1, " "1, " "1, " "1, " "1, " "1, " "1, " "1, " "1, " "1, " "1, " "1, " "1, " "1, " "1, " "1, " "1, " "1, " "1, " "1, " "1, " "1, " "1, " "1, " "1, " "1, " "1, " "1, " "1, " "1, " "1, " "1, " "1, " "1, " "1, " "1, " "1, " "1, " "1, " "1, " "1, " "1, " "1, " "1, " "1, " "1, " "1, " "1, " "1, " "1, " "1, " "1, " "1, " "1, " "1, " "1, " "1, " "1, " "1, " "1, " "1, " "1, " "1, " "1, " "1, " "1, " "1, " "1, " "1, " "1, " "1, " "1, " "1, " "1, " "1, " "1, " "1, " "1, " "1, " "1, " "1, " "1, " "1, " "1, " "1, " "1, " "1, " "1, " "1, " "1, " "1, " "1, " "1, " "1, " "1, " "1, " "1, " "1, " "1, " "1, " "1, " "1, " "1, " "1, " "1, " "1, " "1, " "1, " "1, " "1, " "1, " "1, " "1, " "1, " "1, " "1, " "1, " "0, " "1, " "1, " "1, " "1, " "1, " "1, " "1, " "1, " "1, " "1, " "1, " "1, " "1, " "1, " "1, " "1, " "1, " "1, " "1, " "1, " "1, " "1, " "1, " "1, " "1, " "1, " "1, " "1, " "1, " "1, " "1, " "1, " "1, " "1, " "1, " "1, " "1, " "1, " "1, " "1, " "1, " "1, " "1, " "1, " "1, " "1, " "1, " "1, " "1, " "1, " "1, " "1, " "1, " "1, " "1, " "1, " "1, " "1, " "1, " "1, " "1, " "1, " "1, " "1, " "1, " "1, " "1, " "1, " "1, " "1, " "1, " "1, " "1, " "1, " "1, " "1, " "1, " "1, " "1, " "1, " "1, " "1, " "1, " "1, " "1, " "1, " "1, " "1, " "1, " "1, " "1, " "1, " "1, " "1, " "1, " "1, " "1, " "1, " "1, " "1, " "1, " "1, " "1, " "1, " "1, " "1, " "1, " "1, " "1, " "1, " "1, " "1, " "1, " "1, " "1, " "1, " "1, " "1, " "1, " "1, " "1, " "1, " "1, " "1, " "1, " "1, " "1, " "1, " "1, " "1, " "1, " "1, " "1, " "1, " "1, " "1, " "1, " "1, " "1, " "1, " "1, " "1, " "1, " "1, " "1, " "1, " "1, " "1, " "1, " "1, " "1, " "1, " "1, " "1, " "1, " "1, " "1, " "1, " "1, " "1, " "1, " "1, " "1, " "1, " "1, " "1, " "1, " "1, " "1, " "1, " "1, " "1, " "1, " "1, " "1, " "1, " "1, " "1, " "1, " "1, " "1, " "1, " "1, " "1, " "1, " "1, " "1, " "1, " "1, " "1, " "1, " "1, " "1, " "1, " "1, " "1, " "1, " "1, " "1, " "1, " "1, " "1, " "1, " "1, " "1, " "1, " "1, " "1, " "1, " "1, " "1, " "1, " "1, " "1, " "1, " "1, " "1, " "1, " "1, " "1, " "1, " "1, " "1, " "1, " "1, " "1, " "1, " "1, " "1, " "1, " "1, " "1, " "1, " "1, " "1, " "1, " "1, " "1, " "1, " "1, " "1, " "1, " "1, " "1, " "1, " "1, " "1, " "1, " "1, " "1, " "1, " "1, " "1, " "1, " "1, " "1, " "1, " "1, " "1, " "1, " "1, " "1, " "1, " "1, " "1, " "1, " "1, " "1, " "1, " "1, " "1, " "1, " "1, " "1, " "1, " "1, " "1, " "1, " "1, " "1, " "1, " "1, " "1, " "1, " "1, " "1, " "1, " "1, " "1, " "1, " "1, " "1, " "1, " "1, " "1, " "1, " "1, " "1, " "1, " "1, " "1, " "1, " "1, " "1, " "1, " "1, " "1, " "1, " "1, " "1, " "1, " "1, " "1, " "1, " "1, " "1, " "1, " "1, " "1, "0
 "Nei194, 0.187, " "0.647, " "1, " "1, " "1, " "1, " "1, " "1, " "1, " "1, " "1, " "1, " "1, " "1, " "1, " "1, " "1, " "1, " "1, " "1, " "1, " "1, " "1, " "1, " "1, " "1, " "1, " "1, " "1, " "1, " "1, " "1, " "1, " "1, " "1, " "1, " "1, " "1, " "1, " "1, " "1, " "1, " "1, " "1, " "1, " "1, " "1, " "1, " "1, " "1, " "1, " "1, " "1, " "1, " "1, " "1, " "1, " "1, " "1, " "1, " "1, " "1, " "1, " "1, " "1, " "1, " "1, " "1, " "1, " "1, " "1, " "1, " "1, " "1, " "1, " "1, " "1, " "1, " "1, " "1, " "1, " "1, " "1, " "1, " "1, " "1, " "1, " "1, " "1, " "1, " "1, " "1, " "1, " "1, " "1, " "1, " "1, " "1, " "1, " "1, " "1, " "1, " "1, " "1, " "1, " "1, " "1, " "1, " "1, " "1, " "1, " "1, " "1, " "1, " "1, " "1, " "1, " "1, " "1, " "1, " "1, " "1, " "1, " "1, " "1, " "1, " "1, " "1, " "1, " "1, " "1, " "1, " "1, " "1, " "1, " "1, " "1, " "1, " "1, " "1, " "1, " "1, " "1, " "1, " "1, " "1, " "1, " "1, " "1, " "1, " "1, " "1, " "1, " "1, " "1, " "1, " "1, " "1, " "1, " "1, " "1, " "1, " "1, " "1, " "1, " "1, " "1, " "1, " "1, " "1, " "1, " "1, " "1, " "1, " "1, " "1, " "1, " "1, " "1, " "1, " "1, " "1, " "1, " "1, " "1, " "1, " "1, " "1, " "1, " "1, " "1, " "1, " "1, " "1, " "1, " "1, " "0, " "1, " "1, " "1, " "1, " "1, " "1, " "1, " "1, " "1, " "1, " "1, " "1, " "1, " "1, " "1, " "1, " "1, " "1, " "1, " "1, " "1, " "1, " "1, " "1, " "1, " "1, " "1, " "1, " "1, " "1, " "1, " "1, " "1, " "1, " "1, " "1, " "1, " "1, " "1, " "1, " "1, " "1, " "1, " "1, " "1, " "1, " "1, " "1, " "1, " "1, " "1, " "1, " "1, " "1, " "1, " "1, " "1, " "1, " "1, " "1, " "1, " "1, " "1, " "1, " "1, " "1, " "1, " "1, " "1, " "1, " "1, " "1, " "1, " "1, " "1, " "1, " "1, " "1, " "1, " "1, " "1, " "1, " "1, " "1, " "1, " "1, " "1, " "1, " "1, " "1, " "1, " "1, " "1, " "1, " "1, " "1, " "1, " "1, " "1, " "1, " "1, " "1, " "1, " "1, " "1, " "1, " "1, " "1, " "1, " "1, " "1, " "1, " "1, " "1, " "1, " "1, " "1, " "1, " "1, " "1, " "1, " "1, " "1, " "1, " "1, " "1, " "1, " "1, " "1, " "1, " "1, " "1, " "1, " "1, " "1, " "1, " "1, " "1, " "1, " "1, " "1, " "1, " "1, " "1, " "1, " "1, " "1, " "1, " "1, " "1, " "1, " "1, " "1, " "1, " "1, " "1, " "1, " "1, " "1, " "1, " "1, " "1, " "1, " "1, " "1, " "1, " "1, " "1, " "1, " "1, " "1, " "1, " "1, " "1, " "1, " "1, " "1, " "1, " "1, " "1, " "1, " "1, " "1, " "1, " "1, " "1, " "1, " "1, " "1, " "1, " "1, " "1, " "1, " "1, " "1, " "1, " "1, " "1, " "1, " "1, " "1, " "1, " "1, " "1, " "1, " "1, " "1, " "1, " "1, " "1, " "1, " "1, " "1, " "1, " "1, " "1, " "1, " "1, " "1, " "1, " "1, " "1, " "1, " "1, " "1, " "1, " "1, " "1, " "1, " "1, " "1, " "1, " "1, " "1, " "1, " "1, " "1, " "1, " "1, " "1, " "1, " "1, " "1, " "1, " "1, " "1, " "1, " "1, " "1, " "1, " "1, " "1, " "1, " "1, " "1, " "1, " "1, " "1, " "1, " "1, " "1, " "1, " "1, " "1, " "1, " "1, " "1, " "1, " "1, " "1, " "1, " "1, " "1, " "1, " "1, " "1, " "1, " "1, " "1, " "1, " "1, " "1, " "1, " "1, " "1, " "1, " "1, " "1, " "1, " "1, " "1, " "1, " "1, " "1, " "1, " "1, " "1, " "1, " "1, " "1, " "1, " "1, " "1, " "1, " "1, " "1, " "1, " "1, " "1, " "1, " "1, " "1, " "1, " "1, " "1, " "1, " "1, " "1, "0
 "Nei195, 0.137, " "-0.629, " "1, " "1, " "1, " "1, " "1, " "1, " "1, " "1, " "1, " "1, " "1, " "1, " "1, " "1, " "1, " "1, " "1, " "1, " "1, " "1, " "1, " "1, " "1, " "1, " "1, " "1, " "1, " "1, " "1, " "1, " "1, " "1, " "1, " "1, " "1, " "1, " "1, " "1, " "1, " "1, " "1, " "1, " "1, " "1, " "1, " "1, " "1, " "1, " "1, " "1, " "1, " "1, " "1, " "1, " "1, " "1, " "1, " "1, " "1, " "1, " "1, " "1, " "1, " "1, " "1, " "1, " "1, " "1, " "1, " "1, " "1, " "1, " "1, " "1, " "1, " "1, " "1, " "1, " "1, " "1, " "1, " "1, " "1, " "1, " "1, " "1, " "1, " "1, " "1, " "1, " "1, " "1, " "1, " "1, " "1, " "1, " "1, " "1, " "1, " "1, " "1, " "1, " "1, " "1, " "1, " "1, " "1, " "1, " "1, " "1, " "1, " "1, " "1, " "1, " "1, " "1, " "1, " "1, " "1, " "1, " "1, " "1, " "1, " "1, " "1, " "1, " "1, " "1, " "1, " "1, " "1, " "1, " "1, " "1, " "1, " "1, " "1, " "1, " "1, " "1, " "1, " "1, " "1, " "1, " "1, " "1, " "1, " "1, " "1, " "1, " "1, " "1, " "1, " "1, " "1, " "1, " "1, " "1, " "1, " "1, " "1, " "1, " "1, " "1, " "1, " "1, " "1, " "1, " "1, " "1, " "1, " "1, " "1, " "1, " "1, " "1, " "1, " "1, " "1, " "1, " "1, " "1, " "1, " "1, " "1, " "1, " "1, " "1, " "1, " "1, " "1, " "1, " "1, " "1, " "1, " "0, " "1, " "1, " "1, " "1, " "1, " "1, " "1, " "1, " "1, " "1, " "1, " "1, " "1, " "1, " "1, " "1, " "1, " "1, " "1, " "1, " "1, " "1, " "1, " "1, " "1, " "1, " "1, " "1, " "1, " "1, " "1, " "1, " "1, " "1, " "1, " "1, " "1, " "1, " "1, " "1, " "1, " "1, " "1, " "1, " "1, " "1, " "1, " "1, " "1, " "1, " "1, " "1, " "1, " "1, " "1, " "1, " "1, " "1, " "1, " "1, " "1, " "1, " "1, " "1, " "1, " "1, " "1, " "1, " "1, " "1, " "1, " "1, " "1, " "1, " "1, " "1, " "1, " "1, " "1, " "1, " "1, " "1, " "1, " "1, " "1, " "1, " "1, " "1, " "1, " "1, " "1, " "1, " "1, " "1, " "1, " "1, " "1, " "1, " "1, " "1, " "1, " "1, " "1, " "1, " "1, " "1, " "1, " "1, " "1, " "1, " "1, " "1, " "1, " "1, " "1, " "1, " "1, " "1, " "1, " "1, " "1, " "1, " "1, " "1, " "1, " "1, " "1, " "1, " "1, " "1, " "1, " "1, " "1, " "1, " "1, " "1, " "1, " "1, " "1, " "1, " "1, " "1, " "1, " "1, " "1, " "1, " "1, " "1, " "1, " "1, " "1, " "1, " "1, " "1, " "1, " "1, " "1, " "1, " "1, " "1, " "1, " "1, " "1, " "1, " "1, " "1, " "1, " "1, " "1, " "1, " "1, " "1, " "1, " "1, " "1, " "1, " "1, " "1, " "1, " "1, " "1, " "1, " "1, " "1, " "1, " "1, " "1, " "1, " "1, " "1, " "1, " "1, " "1, " "1, " "1, " "1, " "1, " "1, " "1, " "1, " "1, " "1, " "1, " "1, " "1, " "1, " "1, " "1, " "1, " "1, " "1, " "1, " "1, " "1, " "1, " "1, " "1, " "1, " "1, " "1, " "1, " "1, " "1, " "1, " "1, " "1, " "1, " "1, " "1, " "1, " "1, " "1, " "1, " "1, " "1, " "1, " "1, " "1, " "1, " "1, " "1, " "1, " "1, " "1, " "1, " "1, " "1, " "1, " "1, " "1, " "1, " "1, " "1, " "1, " "1, " "1, " "1, " "1, " "1, " "1, " "1, " "1, " "1, " "1, " "1, " "1, " "1, " "1, " "1, " "1, " "1, " "1, " "1, " "1, " "1, " "1, " "1, " "1, " "1, " "1, " "1, " "1, " "1, " "1, " "1, " "1, " "1, " "1, " "1, " "1, " "1, " "1, " "1, " "1, " "1, " "1, " "1, " "1, " "1, " "1, " "1, " "1, " "1, " "1, " "1, " "1, " "1, " "1, " "1, " "1, " "1, " "1, " "1, " "1, " "1, " "1, " "1, "0
 "Nei196, 0.005, " "-0.055, " "1, " "1, " "1, " "1, " "1, " "1, " "1, " "1, " "1, " "1, " "1, " "1, " "1, " "1, " "1, " "1, " "1, " "1, " "1, " "1, " "1, " "1, " "1, " "1, " "1, " "1, " "1, " "1, " "1, " "1, " "1, " "1, " "1, " "1, " "1, " "1, " "1, " "1, " "1, " "1, " "1, " "1, " "1, " "1, " "1, " "1, " "1, " "1, " "1, " "1, " "1, " "1, " "1, " "1, " "1, " "1, " "1, " "1, " "1, " "1, " "1, " "1, " "1, " "1, " "1, " "1, " "1, " "1, " "1, " "1, " "1, " "1, " "1, " "1, " "1, " "1, " "1, " "1, " "1, " "1, " "1, " "1, " "1, " "1, " "1, " "1, " "1, " "1, " "1, " "1, " "1, " "1, " "1, " "1, " "1, " "1, " "1, " "1, " "1, " "1, " "1, " "1, " "1, " "1, " "1, " "1, " "1, " "1, " "1, " "1, " "1, " "1, " "1, " "1, " "1, " "1, " "1, " "1, " "1, " "1, " "1, " "1, " "1, " "1, " "1, " "1, " "1, " "1, " "1, " "1, " "1, " "1, " "1, " "1, " "1, " "1, " "1, " "1, " "1, " "1, " "1, " "1, " "1, " "1, " "1, " "1, " "1, " "1, " "1, " "1, " "1, " "1, " "1, " "1, " "1, " "1, " "1, " "1, " "1, " "1, " "1, " "1, " "1, " "1, " "1, " "1, " "1, " "1, " "1, " "1, " "1, " "1, " "1, " "1, " "1, " "1, " "1, " "1, " "1, " "1, " "1, " "1, " "1, " "1, " "1, " "1, " "1, " "1, " "1, " "1, " "1, " "1, " "1, " "1, " "1, " "1, " "0, " "1, " "1, " "1, " "1, " "1, " "1, " "1, " "1, " "1, " "1, " "1, " "1, " "1, " "1, " "1, " "1, " "1, " "1, " "1, " "1, " "1, " "1, " "1, " "1, " "1, " "1, " "1, " "1, " "1, " "1, " "1, " "1, " "1, " "1, " "1, " "1, " "1, " "1, " "1, " "1, " "1, " "1, " "1, " "1, " "1, " "1, " "1, " "1, " "1, " "1, " "1, " "1, " "1, " "1, " "1, " "1, " "1, " "1, " "1, " "1, " "1, " "1, " "1, " "1, " "1, " "1, " "1, " "1, " "1, " "1, " "1, " "1, " "1, " "1, " "1, " "1, " "1, " "1, " "1, " "1, " "1, " "1, " "1, " "1, " "1, " "1, " "1, " "1, " "1, " "1, " "1, " "1, " "1, " "1, " "1, " "1, " "1, " "1, " "1, " "1, " "1, " "1, " "1, " "1, " "1, " "1, " "1, " "1, " "1, " "1, " "1, " "1, " "1, " "1, " "1, " "1, " "1, " "1, " "1, " "1, " "1, " "1, " "1, " "1, " "1, " "1, " "1, " "1, " "1, " "1, " "1, " "1, " "1, " "1, " "1, " "1, " "1, " "1, " "1, " "1, " "1, " "1, " "1, " "1, " "1, " "1, " "1, " "1, " "1, " "1, " "1, " "1, " "1, " "1, " "1, " "1, " "1, " "1, " "1, " "1, " "1, " "1, " "1, " "1, " "1, " "1, " "1, " "1, " "1, " "1, " "1, " "1, " "1, " "1, " "1, " "1, " "1, " "1, " "1, " "1, " "1, " "1, " "1, " "1, " "1, " "1, " "1, " "1, " "1, " "1, " "1, " "1, " "1, " "1, " "1, " "1, " "1, " "1, " "1, " "1, " "1, " "1, " "1, " "1, " "1, " "1, " "1, " "1, " "1, " "1, " "1, " "1, " "1, " "1, " "1, " "1, " "1, " "1, " "1, " "1, " "1, " "1, " "1, " "1, " "1, " "1, " "1, " "1, " "1, " "1, " "1, " "1, " "1, " "1, " "1, " "1, " "1, " "1, " "1, " "1, " "1, " "1, " "1, " "1, " "1, " "1, " "1, " "1, " "1, " "1, " "1, " "1, " "1, " "1, " "1, " "1, " "1, " "1, " "1, " "1, " "1, " "1, " "1, " "1, " "1, " "1, " "1, " "1, " "1, " "1, " "1, " "1, " "1, " "1, " "1, " "1, " "1, " "1, " "1, " "1, " "1, " "1, " "1, " "1, " "1, " "1, " "1, " "1, " "1, " "1, " "1, " "1, " "1, " "1, " "1, " "1, " "1, " "1, " "1, " "1, " "1, " "1, " "1, " "1, " "1, " "1, " "1, " "1, " "1, " "1, " "1, " "1, " "1, " "1, " "1, " "1, "0
 "Nei197, 0.312, " "-0.991, " "1, " "1, " "1, " "1, " "1, " "1, " "1, " "1, " "1, " "1, " "1, " "1, " "1, " "1, " "1, " "1, " "1, " "1, " "1, " "1, " "1, " "1, " "1, " "1, " "1, " "1, " "1, " "1, " "1, " "1, " "1, " "1, " "1, " "1, " "1, " "1, " "1, " "1, " "1, " "1, " "1, " "1, " "1, " "1, " "1, " "1, " "1, " "1, " "1, " "1, " "1, " "1, " "1, " "1, " "1, " "1, " "1, " "1, " "1, " "1, " "1, " "1, " "1, " "1, " "1, " "1, " "1, " "1, " "1, " "1, " "1, " "1, " "1, " "1, " "1, " "1, " "1, " "1, " "1, " "1, " "1, " "1, " "1, " "1, " "1, " "1, " "1, " "1, " "1, " "1, " "1, " "1, " "1, " "1, " "1, " "1, " "1, " "1, " "1, " "1, " "1, " "1, " "1, " "1, " "1, " "1, " "1, " "1, " "1, " "1, " "1, " "1, " "1, " "1, " "1, " "1, " "1, " "1, " "1, " "1, " "1, " "1, " "1, " "1, " "1, " "1, " "1, " "1, " "1, " "1, " "1, " "1, " "1, " "1, " "1, " "1, " "1, " "1, " "1, " "1, " "1, " "1, " "1, " "1, " "1, " "1, " "1, " "1, " "1, " "1, " "1, " "1, " "1, " "1, " "1, " "1, " "1, " "1, " "1, " "1, " "1, " "1, " "1, " "1, " "1, " "1, " "1, " "1, " "1, " "1, " "1, " "1, " "1, " "1, " "1, " "1, " "1, " "1, " "1, " "1, " "1, " "1, " "1, " "1, " "1, " "1, " "1, " "1, " "1, " "1, " "1, " "1, " "1, " "1, " "1, " "1, " "1, " "0, " "1, " "1, " "1, " "1, " "1, " "1, " "1, " "1, " "1, " "1, " "1, " "1, " "1, " "1, " "1, " "1, " "1, " "1, " "1, " "1, " "1, " "1, " "1, " "1, " "1, " "1, " "1, " "1, " "1, " "1, " "1, " "1, " "1, " "1, " "1, " "1, " "1, " "1, " "1, " "1, " "1, " "1, " "1, " "1, " "1, " "1, " "1, " "1, " "1, " "1, " "1, " "1, " "1, " "1, " "1, " "1, " "1, " "1, " "1, " "1, " "1, " "1, " "1, " "1, " "1, " "1, " "1, " "1, " "1, " "1, " "1, " "1, " "1, " "1, " "1, " "1, " "1, " "1, " "1, " "1, " "1, " "1, " "1, " "1, " "1, " "1, " "1, " "1, " "1, " "1, " "1, " "1, " "1, " "1, " "1, " "1, " "1, " "1, " "1, " "1, " "1, " "1, " "1, " "1, " "1, " "1, " "1, " "1, " "1, " "1, " "1, " "1, " "1, " "1, " "1, " "1, " "1, " "1, " "1, " "1, " "1, " "1, " "1, " "1, " "1, " "1, " "1, " "1, " "1, " "1, " "1, " "1, " "1, " "1, " "1, " "1, " "1, " "1, " "1, " "1, " "1, " "1, " "1, " "1, " "1, " "1, " "1, " "1, " "1, " "1, " "1, " "1, " "1, " "1, " "1, " "1, " "1, " "1, " "1, " "1, " "1, " "1, " "1, " "1, " "1, " "1, " "1, " "1, " "1, " "1, " "1, " "1, " "1, " "1, " "1, " "1, " "1, " "1, " "1, " "1, " "1, " "1, " "1, " "1, " "1, " "1, " "1, " "1, " "1, " "1, " "1, " "1, " "1, " "1, " "1, " "1, " "1, " "1, " "1, " "1, " "1, " "1, " "1, " "1, " "1, " "1, " "1, " "1, " "1, " "1, " "1, " "1, " "1, " "1, " "1, " "1, " "1, " "1, " "1, " "1, " "1, " "1, " "1, " "1, " "1, " "1, " "1, " "1, " "1, " "1, " "1, " "1, " "1, " "1, " "1, " "1, " "1, " "1, " "1, " "1, " "1, " "1, " "1, " "1, " "1, " "1, " "1, " "1, " "1, " "1, " "1, " "1, " "1, " "1, " "1, " "1, " "1, " "1, " "1, " "1, " "1, " "1, " "1, " "1, " "1, " "1, " "1, " "1, " "1, " "1, " "1, " "1, " "1, " "1, " "1, " "1, " "1, " "1, " "1, " "1, " "1, " "1, " "1, " "1, " "1, " "1, " "1, " "1, " "1, " "1, " "1, " "1, " "1, " "1, " "1, " "1, " "1, " "1, " "1, " "1, " "1, " "1, " "1, " "1, " "1, " "1, " "1, " "1, " "1, " "1, " "1, " "1, " "1, " "1, " "1, "0
 "Nei198, 0.243, " "0.466, " "1, " "1, " "1, " "1, " "1, " "1, " "1, " "1, " "1, " "1, " "1, " "1, " "1, " "1, " "1, " "1, " "1, " "1, " "1, " "1, " "1, " "1, " "1, " "1, " "1, " "1, " "1, " "1, " "1, " "1, " "1, " "1, " "1, " "1, " "1, " "1, " "1, " "1, " "1, " "1, " "1, " "1, " "1, " "1, " "1, " "1, " "1, " "1, " "1, " "1, " "1, " "1, " "1, " "1, " "1, " "1, " "1, " "1, " "1, " "1, " "1, " "1, " "1, " "1, " "1, " "1, " "1, " "1, " "1, " "1, " "1, " "1, " "1, " "1, " "1, " "1, " "1, " "1, " "1, " "1, " "1, " "1, " "1, " "1, " "1, " "1, " "1, " "1, " "1, " "1, " "1, " "1, " "1, " "1, " "1, " "1, " "1, " "1, " "1, " "1, " "1, " "1, " "1, " "1, " "1, " "1, " "1, " "1, " "1, " "1, " "1, " "1, " "1, " "1, " "1, " "1, " "1, " "1, " "1, " "1, " "1, " "1, " "1, " "1, " "1, " "1, " "1, " "1, " "1, " "1, " "1, " "1, " "1, " "1, " "1, " "1, " "1, " "1, " "1, " "1, " "1, " "1, " "1, " "1, " "1, " "1, " "1, " "1, " "1, " "1, " "1, " "1, " "1, " "1, " "1, " "1, " "1, " "1, " "1, " "1, " "1, " "1, " "1, " "1, " "1, " "1, " "1, " "1, " "1, " "1, " "1, " "1, " "1, " "1, " "1, " "1, " "1, " "1, " "1, " "1, " "1, " "1, " "1, " "1, " "1, " "1, " "1, " "1, " "1, " "1, " "1, " "1, " "1, " "1, " "1, " "1, " "1, " "1, " "0, " "1, " "1, " "1, " "1, " "1, " "1, " "1, " "1, " "1, " "1, " "1, " "1, " "1, " "1, " "1, " "1, " "1, " "1, " "1, " "1, " "1, " "1, " "1, " "1, " "1, " "1, " "1, " "1, " "1, " "1, " "1, " "1, " "1, " "1, " "1, " "1, " "1, " "1, " "1, " "1, " "1, " "1, " "1, " "1, " "1, " "1, " "1, " "1, " "1, " "1, " "1, " "1, " "1, " "1, " "1, " "1, " "1, " "1, " "1, " "1, " "1, " "1, " "1, " "1, " "1, " "1, " "1, " "1, " "1, " "1, " "1, " "1, " "1, " "1, " "1, " "1, " "1, " "1, " "1, " "1, " "1, " "1, " "1, " "1, " "1, " "1, " "1, " "1, " "1, " "1, " "1, " "1, " "1, " "1, " "1, " "1, " "1, " "1, " "1, " "1, " "1, " "1, " "1, " "1, " "1, " "1, " "1, " "1, " "1, " "1, " "1, " "1, " "1, " "1, " "1, " "1, " "1, " "1, " "1, " "1, " "1, " "1, " "1, " "1, " "1, " "1, " "1, " "1, " "1, " "1, " "1, " "1, " "1, " "1, " "1, " "1, " "1, " "1, " "1, " "1, " "1, " "1, " "1, " "1, " "1, " "1, " "1, " "1, " "1, " "1, " "1, " "1, " "1, " "1, " "1, " "1, " "1, " "1, " "1, " "1, " "1, " "1, " "1, " "1, " "1, " "1, " "1, " "1, " "1, " "1, " "1, " "1, " "1, " "1, " "1, " "1, " "1, " "1, " "1, " "1, " "1, " "1, " "1, " "1, " "1, " "1, " "1, " "1, " "1, " "1, " "1, " "1, " "1, " "1, " "1, " "1, " "1, " "1, " "1, " "1, " "1, " "1, " "1, " "1, " "1, " "1, " "1, " "1, " "1, " "1, " "1, " "1, " "1, " "1, " "1, " "1, " "1, " "1, " "1, " "1, " "1, " "1, " "1, " "1, " "1, " "1, " "1, " "1, " "1, " "1, " "1, " "1, " "1, " "1, " "1, " "1, " "1, " "1, " "1, " "1, " "1, " "1, " "1, " "1, " "1, " "1, " "1, " "1, " "1, " "1, " "1, " "1, " "1, " "1, " "1, " "1, " "1, " "1, " "1, " "1, " "1, " "1, " "1, " "1, " "1, " "1, " "1, " "1, " "1, " "1, " "1, " "1, " "1, " "1, " "1, " "1, " "1, " "1, " "1, " "1, " "1, " "1, " "1, " "1, " "1, " "1, " "1, " "1, " "1, " "1, " "1, " "1, " "1, " "1, " "1, " "1, " "1, " "1, " "1, " "1, " "1, " "1, " "1, " "1, " "1, " "1, " "1, " "1, " "1, " "1, " "1, " "1, " "1, " "1, "0
 "Nei199, 0.396, " "0.996, " "1, " "1, " "1, " "1, " "1, " "1, " "1, " "1, " "1, " "1, " "1, " "1, " "1, " "1, " "1, " "1, " "1, " "1, " "1, " "1, " "1, " "1, " "1, " "1, " "1, " "1, " "1, " "1, " "1, " "1, " "1, " "1, " "1, " "1, " "1, " "1, " "1, " "1, " "1, " "1, " "1, " "1, " "1, " "1, " "1, " "1, " "1, " "1, " "1, " "1, " "1, " "1, " "1, " "1, " "1, " "1, " "1, " "1, " "1, " "1, " "1, " "1, " "1, " "1, " "1, " "1, " "1, " "1, " "1, " "1, " "1, " "1, " "1, " "1, " "1, " "1, " "1, " "1, " "1, " "1, " "1, " "1, " "1, " "1, " "1, " "1, " "1, " "1, " "1, " "1, " "1, " "1, " "1, " "1, " "1, " "1, " "1, " "1, " "1, " "1, " "1, " "1, " "1, " "1, " "1, " "1, " "1, " "1, " "1, " "1, " "1, " "1, " "1, " "1, " "1, " "1, " "1, " "1, " "1, " "1, " "1, " "1, " "1, " "1, " "1, " "1, " "1, " "1, " "1, " "1, " "1, " "1, " "1, " "1, " "1, " "1, " "1, " "1, " "1, " "1, " "1, " "1, " "1, " "1, " "1, " "1, " "1, " "1, " "1, " "1, " "1, " "1, " "1, " "1, " "1, " "1, " "1, " "1, " "1, " "1, " "1, " "1, " "1, " "1, " "1, " "1, " "1, " "1, " "1, " "1, " "1, " "1, " "1, " "1, " "1, " "1, " "1, " "1, " "1, " "1, " "1, " "1, " "1, " "1, " "1, " "1, " "1, " "1, " "1, " "1, " "1, " "1, " "1, " "1, " "1, " "1, " "1, " "1, " "1, " "0, " "1, " "1, " "1, " "1, " "1, " "1, " "1, " "1, " "1, " "1, " "1, " "1, " "1, " "1, " "1, " "1, " "1, " "1, " "1, " "1, " "1, " "1, " "1, " "1, " "1, " "1, " "1, " "1, " "1, " "1, " "1, " "1, " "1, " "1, " "1, " "1, " "1, " "1, " "1, " "1, " "1, " "1, " "1, " "1, " "1, " "1, " "1, " "1, " "1, " "1, " "1, " "1, " "1, " "1, " "1, " "1, " "1, " "1, " "1, " "1, " "1, " "1, " "1, " "1, " "1, " "1, " "1, " "1, " "1, " "1, " "1, " "1, " "1, " "1, " "1, " "1, " "1, " "1, " "1, " "1, " "1, " "1, " "1, " "1, " "1, " "1, " "1, " "1, " "1, " "1, " "1, " "1, " "1, " "1, " "1, " "1, " "1, " "1, " "1, " "1, " "1, " "1, " "1, " "1, " "1, " "1, " "1, " "1, " "1, " "1, " "1, " "1, " "1, " "1, " "1, " "1, " "1, " "1, " "1, " "1, " "1, " "1, " "1, " "1, " "1, " "1, " "1, " "1, " "1, " "1, " "1, " "1, " "1, " "1, " "1, " "1, " "1, " "1, " "1, " "1, " "1, " "1, " "1, " "1, " "1, " "1, " "1, " "1, " "1, " "1, " "1, " "1, " "1, " "1, " "1, " "1, " "1, " "1, " "1, " "1, " "1, " "1, " "1, " "1, " "1, " "1, " "1, " "1, " "1, " "1, " "1, " "1, " "1, " "1, " "1, " "1, " "1, " "1, " "1, " "1, " "1, " "1, " "1, " "1, " "1, " "1, " "1, " "1, " "1, " "1, " "1, " "1, " "1, " "1, " "1, " "1, " "1, " "1, " "1, " "1, " "1, " "1, " "1, " "1, " "1, " "1, " "1, " "1, " "1, " "1, " "1, " "1, " "1, " "1, " "1, " "1, " "1, " "1, " "1, " "1, " "1, " "1, " "1, " "1, " "1, " "1, " "1, " "1, " "1, " "1, " "1, " "1, " "1, " "1, " "1, " "1, " "1, " "1, " "1, " "1, " "1, " "1, " "1, " "1, " "1, " "1, " "1, " "1, " "1, " "1, " "1, " "1, " "1, " "1, " "1, " "1, " "1, " "1, " "1, " "1, " "1, " "1, " "1, " "1, " "1, " "1, " "1, " "1, " "1, " "1, " "1, " "1, " "1, " "1, " "1, " "1, " "1, " "1, " "1, " "1, " "1, " "1, " "1, " "1, " "1, " "1, " "1, " "1, " "1, " "1, " "1, " "1, " "1, " "1, " "1, " "1, " "1, " "1, " "1, " "1, " "1, " "1, " "1, " "1, " "1, " "1, " "1, " "1, " "1, " "1, " "1, " "1, " "1, "0
 "Nei200, 0.186, " "-0.341, " "1, " "1, " "1, " "1, " "1, " "1, " "1, " "1, " "1, " "1, " "1, " "1, " "1, " "1, " "1, " "1, " "1, " "1, " "1, " "1, " "1, " "1, " "1, " "1, " "1, " "1, " "1, " "1, " "1, " "1, " "1, " "1, " "1, " "1, " "1, " "1, " "1, " "1, " "1, " "1, " "1, " "1, " "1, " "1, " "1, " "1, " "1, " "1, " "1, " "1, " "1, " "1, " "1, " "1, " "1, " "1, " "1, " "1, " "1, " "1, " "1, " "1, " "1, " "1, " "1, " "1, " "1, " "1, " "1, " "1, " "1, " "1, " "1, " "1, " "1, " "1, " "1, " "1, " "1, " "1, " "1, " "1, " "1, " "1, " "1, " "1, " "1, " "1, " "1, " "1, " "1, " "1, " "1, " "1, " "1, " "1, " "1, " "1, " "1, " "1, " "1, " "1, " "1, " "1, " "1, " "1, " "1, " "1, " "1, " "1, " "1, " "1, " "1, " "1, " "1, " "1, " "1, " "1, " "1, " "1, " "1, " "1, " "1, " "1, " "1, " "1, " "1, " "1, " "1, " "1, " "1, " "1, " "1, " "1, " "1, " "1, " "1, " "1, " "1, " "1, " "1, " "1, " "1, " "1, " "1, " "1, " "1, " "1, " "1, " "1, " "1, " "1, " "1, " "1, " "1, " "1, " "1, " "1, " "1, " "1, " "1, " "1, " "1, " "1, " "1, " "1, " "1, " "1, " "1, " "1, " "1, " "1, " "1, " "1, " "1, " "1, " "1, " "1, " "1, " "1, " "1, " "1, " "1, " "1, " "1, " "1, " "1, " "1, " "1, " "1, " "1, " "1, " "1, " "1, " "1, " "1, " "1, " "1, " "1, " "1, " "0, " "1, " "1, " "1, " "1, " "1, " "1, " "1, " "1, " "1, " "1, " "1, " "1, " "1, " "1, " "1, " "1, " "1, " "1, " "1, " "1, " "1, " "1, " "1, " "1, " "1, " "1, " "1, " "1, " "1, " "1, " "1, " "1, " "1, " "1, " "1, " "1, " "1, " "1, " "1, " "1, " "1, " "1, " "1, " "1, " "1, " "1, " "1, " "1, " "1, " "1, " "1, " "1, " "1, " "1, " "1, " "1, " "1, " "1, " "1, " "1, " "1, " "1, " "1, " "1, " "1, " "1, " "1, " "1, " "1, " "1, " "1, " "1, " "1, " "1, " "1, " "1, " "1, " "1, " "1, " "1, " "1, " "1, " "1, " "1, " "1, " "1, " "1, " "1, " "1, " "1, " "1, " "1, " "1, " "1, " "1, " "1, " "1, " "1, " "1, " "1, " "1, " "1, " "1, " "1, " "1, " "1, " "1, " "1, " "1, " "1, " "1, " "1, " "1, " "1, " "1, " "1, " "1, " "1, " "1, " "1, " "1, " "1, " "1, " "1, " "1, " "1, " "1, " "1, " "1, " "1, " "1, " "1, " "1, " "1, " "1, " "1, " "1, " "1, " "1, " "1, " "1, " "1, " "1, " "1, " "1, " "1, " "1, " "1, " "1, " "1, " "1, " "1, " "1, " "1, " "1, " "1, " "1, " "1, " "1, " "1, " "1, " "1, " "1, " "1, " "1, " "1, " "1, " "1, " "1, " "1, " "1, " "1, " "1, " "1, " "1, " "1, " "1, " "1, " "1, " "1, " "1, " "1, " "1, " "1, " "1, " "1, " "1, " "1, " "1, " "1, " "1, " "1, " "1, " "1, " "1, " "1, " "1, " "1, " "1, " "1, " "1, " "1, " "1, " "1, " "1, " "1, " "1, " "1, " "1, " "1, " "1, " "1, " "1, " "1, " "1, " "1, " "1, " "1, " "1, " "1, " "1, " "1, " "1, " "1, " "1, " "1, " "1, " "1, " "1, " "1, " "1, " "1, " "1, " "1, " "1, " "1, " "1, " "1, " "1, " "1, " "1, " "1, " "1, " "1, " "1, " "1, " "1, " "1, " "1, " "1, " "1, " "1, " "1, " "1, " "1, " "1, " "1, " "1, " "1, " "1, " "1, " "1, " "1, " "1, " "1, " "1, " "1, " "1, " "1, " "1, " "1, " "1, " "1, " "1, " "1, " "1, " "1, " "1, " "1, " "1, " "1, " "1, " "1, " "1, " "1, " "1, " "1, " "1, " "1, " "1, " "1, " "1, " "1, " "1, " "1, " "1, " "1, " "1, " "1, " "1, " "1, " "1, " "1, " "1, " "1, " "1, " "1, " "1, " "1, " "1, " "1, " "1, "0
 "Nei201, 0.099, " "-0.118, " "1, " "1, " "1, " "1, " "1, " "1, " "1, " "1, " "1, " "1, " "1, " "1, " "1, " "1, " "1, " "1, " "1, " "1, " "1, " "1, " "1, " "1, " "1, " "1, " "1, " "1, " "1, " "1, " "1, " "1, " "1, " "1, " "1, " "1, " "1, " "1, " "1, " "1, " "1, " "1, " "1, " "1, " "1, " "1, " "1, " "1, " "1, " "1, " "1, " "1, " "1, " "1, " "1, " "1, " "1, " "1, " "1, " "1, " "1, " "1, " "1, " "1, " "1, " "1, " "1, " "1, " "1, " "1, " "1, " "1, " "1, " "1, " "1, " "1, " "1, " "1, " "1, " "1, " "1, " "1, " "1, " "1, " "1, " "1, " "1, " "1, " "1, " "1, " "1, " "1, " "1, " "1, " "1, " "1, " "1, " "1, " "1, " "1, " "1, " "1, " "1, " "1, " "1, " "1, " "1, " "1, " "1, " "1, " "1, " "1, " "1, " "1, " "1, " "1, " "1, " "1, " "1, " "1, " "1, " "1, " "1, " "1, " "1, " "1, " "1, " "1, " "1, " "1, " "1, " "1, " "1, " "1, " "1, " "1, " "1, " "1, " "1, " "1, " "1, " "1, " "1, " "1, " "1, " "1, " "1, " "1, " "1, " "1, " "1, " "1, " "1, " "1, " "1, " "1, " "1, " "1, " "1, " "1, " "1, " "1, " "1, " "1, " "1, " "1, " "1, " "1, " "1, " "1, " "1, " "1, " "1, " "1, " "1, " "1, " "1, " "1, " "1, " "1, " "1, " "1, " "1, " "1, " "1, " "1, " "1, " "1, " "1, " "1, " "1, " "1, " "1, " "1, " "1, " "1, " "1, " "1, " "1, " "1, " "1, " "1, " "1, " "0, " "1, " "1, " "1, " "1, " "1, " "1, " "1, " "1, " "1, " "1, " "1, " "1, " "1, " "1, " "1, " "1, " "1, " "1, " "1, " "1, " "1, " "1, " "1, " "1, " "1, " "1, " "1, " "1, " "1, " "1, " "1, " "1, " "1, " "1, " "1, " "1, " "1, " "1, " "1, " "1, " "1, " "1, " "1, " "1, " "1, " "1, " "1, " "1, " "1, " "1, " "1, " "1, " "1, " "1, " "1, " "1, " "1, " "1, " "1, " "1, " "1, " "1, " "1, " "1, " "1, " "1, " "1, " "1, " "1, " "1, " "1, " "1, " "1, " "1, " "1, " "1, " "1, " "1, " "1, " "1, " "1, " "1, " "1, " "1, " "1, " "1, " "1, " "1, " "1, " "1, " "1, " "1, " "1, " "1, " "1, " "1, " "1, " "1, " "1, " "1, " "1, " "1, " "1, " "1, " "1, " "1, " "1, " "1, " "1, " "1, " "1, " "1, " "1, " "1, " "1, " "1, " "1, " "1, " "1, " "1, " "1, " "1, " "1, " "1, " "1, " "1, " "1, " "1, " "1, " "1, " "1, " "1, " "1, " "1, " "1, " "1, " "1, " "1, " "1, " "1, " "1, " "1, " "1, " "1, " "1, " "1, " "1, " "1, " "1, " "1, " "1, " "1, " "1, " "1, " "1, " "1, " "1, " "1, " "1, " "1, " "1, " "1, " "1, " "1, " "1, " "1, " "1, " "1, " "1, " "1, " "1, " "1, " "1, " "1, " "1, " "1, " "1, " "1, " "1, " "1, " "1, " "1, " "1, " "1, " "1, " "1, " "1, " "1, " "1, " "1, " "1, " "1, " "1, " "1, " "1, " "1, " "1, " "1, " "1, " "1, " "1, " "1, " "1, " "1, " "1, " "1, " "1, " "1, " "1, " "1, " "1, " "1, " "1, " "1, " "1, " "1, " "1, " "1, " "1, " "1, " "1, " "1, " "1, " "1, " "1, " "1, " "1, " "1, " "1, " "1, " "1, " "1, " "1, " "1, " "1, " "1, " "1, " "1, " "1, " "1, " "1, " "1, " "1, " "1, " "1, " "1, " "1, " "1, " "1, " "1, " "1, " "1, " "1, " "1, " "1, " "1, " "1, " "1, " "1, " "1, " "1, " "1, " "1, " "1, " "1, " "1, " "1, " "1, " "1, " "1, " "1, " "1, " "1, " "1, " "1, " "1, " "1, " "1, " "1, " "1, " "1, " "1, " "1, " "1, " "1, " "1, " "1, " "1, " "1, " "1, " "1, " "1, " "1, " "1, " "1, " "1, " "1, " "1, " "1, " "1, " "1, " "1, " "1, " "1, " "1, " "1, " "1, " "1, " "1, " "1, " "1, "0
 "Nei202, 0.278, " "-0.711, " "1, " "1, " "1, " "1, " "1, " "1, " "1, " "1, " "1, " "1, " "1, " "1, " "1, " "1, " "1, " "1, " "1, " "1, " "1, " "1, " "1, " "1, " "1, " "1, " "1, " "1, " "1, " "1, " "1, " "1, " "1, " "1, " "1, " "1, " "1, " "1, " "1, " "1, " "1, " "1, " "1, " "1, " "1, " "1, " "1, " "1, " "1, " "1, " "1, " "1, " "1, " "1, " "1, " "1, " "1, " "1, " "1, " "1, " "1, " "1, " "1, " "1, " "1, " "1, " "1, " "1, " "1, " "1, " "1, " "1, " "1, " "1, " "1, " "1, " "1, " "1, " "1, " "1, " "1, " "1, " "1, " "1, " "1, " "1, " "1, " "1, " "1, " "1, " "1, " "1, " "1, " "1, " "1, " "1, " "1, " "1, " "1, " "1, " "1, " "1, " "1, " "1, " "1, " "1, " "1, " "1, " "1, " "1, " "1, " "1, " "1, " "1, " "1, " "1, " "1, " "1, " "1, " "1, " "1, " "1, " "1, " "1, " "1, " "1, " "1, " "1, " "1, " "1, " "1, " "1, " "1, " "1, " "1, " "1, " "1, " "1, " "1, " "1, " "1, " "1, " "1, " "1, " "1, " "1, " "1, " "1, " "1, " "1, " "1, " "1, " "1, " "1, " "1, " "1, " "1, " "1, " "1, " "1, " "1, " "1, " "1, " "1, " "1, " "1, " "1, " "1, " "1, " "1, " "1, " "1, " "1, " "1, " "1, " "1, " "1, " "1, " "1, " "1, " "1, " "1, " "1, " "1, " "1, " "1, " "1, " "1, " "1, " "1, " "1, " "1, " "1, " "1, " "1, " "1, " "1, " "1, " "1, " "1, " "1, " "1, " "1, " "1, " "0, " "1, " "1, " "1, " "1, " "1, " "1, " "1, " "1, " "1, " "1, " "1, " "1, " "1, " "1, " "1, " "1, " "1, " "1, " "1, " "1, " "1, " "1, " "1, " "1, " "1, " "1, " "1, " "1, " "1, " "1, " "1, " "1, " "1, " "1, " "1, " "1, " "1, " "1, " "1, " "1, " "1, " "1, " "1, " "1, " "1, " "1, " "1, " "1, " "1, " "1, " "1, " "1, " "1, " "1, " "1, " "1, " "1, " "1, " "1, " "1, " "1, " "1, " "1, " "1, " "1, " "1, " "1, " "1, " "1, " "1, " "1, " "1, " "1, " "1, " "1, " "1, " "1, " "1, " "1, " "1, " "1, " "1, " "1, " "1, " "1, " "1, " "1, " "1, " "1, " "1, " "1, " "1, " "1, " "1, " "1, " "1, " "1, " "1, " "1, " "1, " "1, " "1, " "1, " "1, " "1, " "1, " "1, " "1, " "1, " "1, " "1, " "1, " "1, " "1, " "1, " "1, " "1, " "1, " "1, " "1, " "1, " "1, " "1, " "1, " "1, " "1, " "1, " "1, " "1, " "1, " "1, " "1, " "1, " "1, " "1, " "1, " "1, " "1, " "1, " "1, " "1, " "1, " "1, " "1, " "1, " "1, " "1, " "1, " "1, " "1, " "1, " "1, " "1, " "1, " "1, " "1, " "1, " "1, " "1, " "1, " "1, " "1, " "1, " "1, " "1, " "1, " "1, " "1, " "1, " "1, " "1, " "1, " "1, " "1, " "1, " "1, " "1, " "1, " "1, " "1, " "1, " "1, " "1, " "1, " "1, " "1, " "1, " "1, " "1, " "1, " "1, " "1, " "1, " "1, " "1, " "1, " "1, " "1, " "1, " "1, " "1, " "1, " "1, " "1, " "1, " "1, " "1, " "1, " "1, " "1, " "1, " "1, " "1, " "1, " "1, " "1, " "1, " "1, " "1, " "1, " "1, " "1, " "1, " "1, " "1, " "1, " "1, " "1, " "1, " "1, " "1, " "1, " "1, " "1, " "1, " "1, " "1, " "1, " "1, " "1, " "1, " "1, " "1, " "1, " "1, " "1, " "1, " "1, " "1, " "1, " "1, " "1, " "1, " "1, " "1, " "1, " "1, " "1, " "1, " "1, " "1, " "1, " "1, " "1, " "1, " "1, " "1, " "1, " "1, " "1, " "1, " "1, " "1, " "1, " "1, " "1, " "1, " "1, " "1, " "1, " "1, " "1, " "1, " "1, " "1, " "1, " "1, " "1, " "1, " "1, " "1, " "1, " "1, " "1, " "1, " "1, " "1, " "1, " "1, " "1, " "1, " "1, " "1, " "1, " "1, " "1, " "1, " "1, " "1, " "1, "0
 "Nei203, 0.025, " "0.452, " "1, " "1, " "1, " "1, " "1, " "1, " "1, " "1, " "1, " "1, " "1, " "1, " "1, " "1, " "1, " "1, " "1, " "1, " "1, " "1, " "1, " "1, " "1, " "1, " "1, " "1, " "1, " "1, " "1, " "1, " "1, " "1, " "1, " "1, " "1, " "1, " "1, " "1, " "1, " "1, " "1, " "1, " "1, " "1, " "1, " "1, " "1, " "1, " "1, " "1, " "1, " "1, " "1, " "1, " "1, " "1, " "1, " "1, " "1, " "1, " "1, " "1, " "1, " "1, " "1, " "1, " "1, " "1, " "1, " "1, " "1, " "1, " "1, " "1, " "1, " "1, " "1, " "1, " "1, " "1, " "1, " "1, " "1, " "1, " "1, " "1, " "1, " "1, " "1, " "1, " "1, " "1, " "1, " "1, " "1, " "1, " "1, " "1, " "1, " "1, " "1, " "1, " "1, " "1, " "1, " "1, " "1, " "1, " "1, " "1, " "1, " "1, " "1, " "1, " "1, " "1, " "1, " "1, " "1, " "1, " "1, " "1, " "1, " "1, " "1, " "1, " "1, " "1, " "1, " "1, " "1, " "1, " "1, " "1, " "1, " "1, " "1, " "1, " "1, " "1, " "1, " "1, " "1, " "1, " "1, " "1, " "1, " "1, " "1, " "1, " "1, " "1, " "1, " "1, " "1, " "1, " "1, " "1, " "1, " "1, " "1, " "1, " "1, " "1, " "1, " "1, " "1, " "1, " "1, " "1, " "1, " "1, " "1, " "1, " "1, " "1, " "1, " "1, " "1, " "1, " "1, " "1, " "1, " "1, " "1, " "1, " "1, " "1, " "1, " "1, " "1, " "1, " "1, " "1, " "1, " "1, " "1, " "1, " "1, " "1, " "1, " "1, " "1, " "0, " "1, " "1, " "1, " "1, " "1, " "1, " "1, " "1, " "1, " "1, " "1, " "1, " "1, " "1, " "1, " "1, " "1, " "1, " "1, " "1, " "1, " "1, " "1, " "1, " "1, " "1, " "1, " "1, " "1, " "1, " "1, " "1, " "1, " "1, " "1, " "1, " "1, " "1, " "1, " "1, " "1, " "1, " "1, " "1, " "1, " "1, " "1, " "1, " "1, " "1, " "1, " "1, " "1, " "1, " "1, " "1, " "1, " "1, " "1, " "1, " "1, " "1, " "1, " "1, " "1, " "1, " "1, " "1, " "1, " "1, " "1, " "1, " "1, " "1, " "1, " "1, " "1, " "1, " "1, " "1, " "1, " "1, " "1, " "1, " "1, " "1, " "1, " "1, " "1, " "1, " "1, " "1, " "1, " "1, " "1, " "1, " "1, " "1, " "1, " "1, " "1, " "1, " "1, " "1, " "1, " "1, " "1, " "1, " "1, " "1, " "1, " "1, " "1, " "1, " "1, " "1, " "1, " "1, " "1, " "1, " "1, " "1, " "1, " "1, " "1, " "1, " "1, " "1, " "1, " "1, " "1, " "1, " "1, " "1, " "1, " "1, " "1, " "1, " "1, " "1, " "1, " "1, " "1, " "1, " "1, " "1, " "1, " "1, " "1, " "1, " "1, " "1, " "1, " "1, " "1, " "1, " "1, " "1, " "1, " "1, " "1, " "1, " "1, " "1, " "1, " "1, " "1, " "1, " "1, " "1, " "1, " "1, " "1, " "1, " "1, " "1, " "1, " "1, " "1, " "1, " "1, " "1, " "1, " "1, " "1, " "1, " "1, " "1, " "1, " "1, " "1, " "1, " "1, " "1, " "1, " "1, " "1, " "1, " "1, " "1, " "1, " "1, " "1, " "1, " "1, " "1, " "1, " "1, " "1, " "1, " "1, " "1, " "1, " "1, " "1, " "1, " "1, " "1, " "1, " "1, " "1, " "1, " "1, " "1, " "1, " "1, " "1, " "1, " "1, " "1, " "1, " "1, " "1, " "1, " "1, " "1, " "1, " "1, " "1, " "1, " "1, " "1, " "1, " "1, " "1, " "1, " "1, " "1, " "1, " "1, " "1, " "1, " "1, " "1, " "1, " "1, " "1, " "1, " "1, " "1, " "1, " "1, " "1, " "1, " "1, " "1, " "1, " "1, " "1, " "1, " "1, " "1, " "1, " "1, " "1, " "1, " "1, " "1, " "1, " "1, " "1, " "1, " "1, " "1, " "1, " "1, " "1, " "1, " "1, " "1, " "1, " "1, " "1, " "1, " "1, " "1, " "1, " "1, " "1, " "1, " "1, " "1, " "1, " "1, " "1, " "1, " "1, " "1, " "1, "0
 "Nei204, 0.377, " "-0.21, " "1, " "1, " "1, " "1, " "1, " "1, " "1, " "1, " "1, " "1, " "1, " "1, " "1, " "1, " "1, " "1, " "1, " "1, " "1, " "1, " "1, " "1, " "1, " "1, " "1, " "1, " "1, " "1, " "1, " "1, " "1, " "1, " "1, " "1, " "1, " "1, " "1, " "1, " "1, " "1, " "1, " "1, " "1, " "1, " "1, " "1, " "1, " "1, " "1, " "1, " "1, " "1, " "1, " "1, " "1, " "1, " "1, " "1, " "1, " "1, " "1, " "1, " "1, " "1, " "1, " "1, " "1, " "1, " "1, " "1, " "1, " "1, " "1, " "1, " "1, " "1, " "1, " "1, " "1, " "1, " "1, " "1, " "1, " "1, " "1, " "1, " "1, " "1, " "1, " "1, " "1, " "1, " "1, " "1, " "1, " "1, " "1, " "1, " "1, " "1, " "1, " "1, " "1, " "1, " "1, " "1, " "1, " "1, " "1, " "1, " "1, " "1, " "1, " "1, " "1, " "1, " "1, " "1, " "1, " "1, " "1, " "1, " "1, " "1, " "1, " "1, " "1, " "1, " "1, " "1, " "1, " "1, " "1, " "1, " "1, " "1, " "1, " "1, " "1, " "1, " "1, " "1, " "1, " "1, " "1, " "1, " "1, " "1, " "1, " "1, " "1, " "1, " "1, " "1, " "1, " "1, " "1, " "1, " "1, " "1, " "1, " "1, " "1, " "1, " "1, " "1, " "1, " "1, " "1, " "1, " "1, " "1, " "1, " "1, " "1, " "1, " "1, " "1, " "1, " "1, " "1, " "1, " "1, " "1, " "1, " "1, " "1, " "1, " "1, " "1, " "1, " "1, " "1, " "1, " "1, " "1, " "1, " "1, " "1, " "1, " "1, " "1, " "1, " "1, " "0, " "1, " "1, " "1, " "1, " "1, " "1, " "1, " "1, " "1, " "1, " "1, " "1, " "1, " "1, " "1, " "1, " "1, " "1, " "1, " "1, " "1, " "1, " "1, " "1, " "1, " "1, " "1, " "1, " "1, " "1, " "1, " "1, " "1, " "1, " "1, " "1, " "1, " "1, " "1, " "1, " "1, " "1, " "1, " "1, " "1, " "1, " "1, " "1, " "1, " "1, " "1, " "1, " "1, " "1, " "1, " "1, " "1, " "1, " "1, " "1, " "1, " "1, " "1, " "1, " "1, " "1, " "1, " "1, " "1, " "1, " "1, " "1, " "1, " "1, " "1, " "1, " "1, " "1, " "1, " "1, " "1, " "1, " "1, " "1, " "1, " "1, " "1, " "1, " "1, " "1, " "1, " "1, " "1, " "1, " "1, " "1, " "1, " "1, " "1, " "1, " "1, " "1, " "1, " "1, " "1, " "1, " "1, " "1, " "1, " "1, " "1, " "1, " "1, " "1, " "1, " "1, " "1, " "1, " "1, " "1, " "1, " "1, " "1, " "1, " "1, " "1, " "1, " "1, " "1, " "1, " "1, " "1, " "1, " "1, " "1, " "1, " "1, " "1, " "1, " "1, " "1, " "1, " "1, " "1, " "1, " "1, " "1, " "1, " "1, " "1, " "1, " "1, " "1, " "1, " "1, " "1, " "1, " "1, " "1, " "1, " "1, " "1, " "1, " "1, " "1, " "1, " "1, " "1, " "1, " "1, " "1, " "1, " "1, " "1, " "1, " "1, " "1, " "1, " "1, " "1, " "1, " "1, " "1, " "1, " "1, " "1, " "1, " "1, " "1, " "1, " "1, " "1, " "1, " "1, " "1, " "1, " "1, " "1, " "1, " "1, " "1, " "1, " "1, " "1, " "1, " "1, " "1, " "1, " "1, " "1, " "1, " "1, " "1, " "1, " "1, " "1, " "1, " "1, " "1, " "1, " "1, " "1, " "1, " "1, " "1, " "1, " "1, " "1, " "1, " "1, " "1, " "1, " "1, " "1, " "1, " "1, " "1, " "1, " "1, " "1, " "1, " "1, " "1, " "1, " "1, " "1, " "1, " "1, " "1, " "1, " "1, " "1, " "1, " "1, " "1, " "1, " "1, " "1, " "1, " "1, " "1, " "1, " "1, " "1, " "1, " "1, " "1, " "1, " "1, " "1, " "1, " "1, " "1, " "1, " "1, " "1, " "1, " "1, " "1, " "1, " "1, " "1, " "1, " "1, " "1, " "1, " "1, " "1, " "1, " "1, " "1, " "1, " "1, " "1, " "1, " "1, " "1, " "1, " "1, " "1, " "1, " "1, " "1, " "1, " "1, " "1, " "1, " "1, "0
 "Nei205, 0.162, " "0.408, " "1, " "1, " "1, " "1, " "1, " "1, " "1, " "1, " "1, " "1, " "1, " "1, " "1, " "1, " "1, " "1, " "1, " "1, " "1, " "1, " "1, " "1, " "1, " "1, " "1, " "1, " "1, " "1, " "1, " "1, " "1, " "1, " "1, " "1, " "1, " "1, " "1, " "1, " "1, " "1, " "1, " "1, " "1, " "1, " "1, " "1, " "1, " "1, " "1, " "1, " "1, " "1, " "1, " "1, " "1, " "1, " "1, " "1, " "1, " "1, " "1, " "1, " "1, " "1, " "1, " "1, " "1, " "1, " "1, " "1, " "1, " "1, " "1, " "1, " "1, " "1, " "1, " "1, " "1, " "1, " "1, " "1, " "1, " "1, " "1, " "1, " "1, " "1, " "1, " "1, " "1, " "1, " "1, " "1, " "1, " "1, " "1, " "1, " "1, " "1, " "1, " "1, " "1, " "1, " "1, " "1, " "1, " "1, " "1, " "1, " "1, " "1, " "1, " "1, " "1, " "1, " "1, " "1, " "1, " "1, " "1, " "1, " "1, " "1, " "1, " "1, " "1, " "1, " "1, " "1, " "1, " "1, " "1, " "1, " "1, " "1, " "1, " "1, " "1, " "1, " "1, " "1, " "1, " "1, " "1, " "1, " "1, " "1, " "1, " "1, " "1, " "1, " "1, " "1, " "1, " "1, " "1, " "1, " "1, " "1, " "1, " "1, " "1, " "1, " "1, " "1, " "1, " "1, " "1, " "1, " "1, " "1, " "1, " "1, " "1, " "1, " "1, " "1, " "1, " "1, " "1, " "1, " "1, " "1, " "1, " "1, " "1, " "1, " "1, " "1, " "1, " "1, " "1, " "1, " "1, " "1, " "1, " "1, " "1, " "1, " "1, " "1, " "1, " "1, " "1, " "0, " "1, " "1, " "1, " "1, " "1, " "1, " "1, " "1, " "1, " "1, " "1, " "1, " "1, " "1, " "1, " "1, " "1, " "1, " "1, " "1, " "1, " "1, " "1, " "1, " "1, " "1, " "1, " "1, " "1, " "1, " "1, " "1, " "1, " "1, " "1, " "1, " "1, " "1, " "1, " "1, " "1, " "1, " "1, " "1, " "1, " "1, " "1, " "1, " "1, " "1, " "1, " "1, " "1, " "1, " "1, " "1, " "1, " "1, " "1, " "1, " "1, " "1, " "1, " "1, " "1, " "1, " "1, " "1, " "1, " "1, " "1, " "1, " "1, " "1, " "1, " "1, " "1, " "1, " "1, " "1, " "1, " "1, " "1, " "1, " "1, " "1, " "1, " "1, " "1, " "1, " "1, " "1, " "1, " "1, " "1, " "1, " "1, " "1, " "1, " "1, " "1, " "1, " "1, " "1, " "1, " "1, " "1, " "1, " "1, " "1, " "1, " "1, " "1, " "1, " "1, " "1, " "1, " "1, " "1, " "1, " "1, " "1, " "1, " "1, " "1, " "1, " "1, " "1, " "1, " "1, " "1, " "1, " "1, " "1, " "1, " "1, " "1, " "1, " "1, " "1, " "1, " "1, " "1, " "1, " "1, " "1, " "1, " "1, " "1, " "1, " "1, " "1, " "1, " "1, " "1, " "1, " "1, " "1, " "1, " "1, " "1, " "1, " "1, " "1, " "1, " "1, " "1, " "1, " "1, " "1, " "1, " "1, " "1, " "1, " "1, " "1, " "1, " "1, " "1, " "1, " "1, " "1, " "1, " "1, " "1, " "1, " "1, " "1, " "1, " "1, " "1, " "1, " "1, " "1, " "1, " "1, " "1, " "1, " "1, " "1, " "1, " "1, " "1, " "1, " "1, " "1, " "1, " "1, " "1, " "1, " "1, " "1, " "1, " "1, " "1, " "1, " "1, " "1, " "1, " "1, " "1, " "1, " "1, " "1, " "1, " "1, " "1, " "1, " "1, " "1, " "1, " "1, " "1, " "1, " "1, " "1, " "1, " "1, " "1, " "1, " "1, " "1, " "1, " "1, " "1, " "1, " "1, " "1, " "1, " "1, " "1, " "1, " "1, " "1, " "1, " "1, " "1, " "1, " "1, " "1, " "1, " "1, " "1, " "1, " "1, " "1, " "1, " "1, " "1, " "1, " "1, " "1, " "1, " "1, " "1, " "1, " "1, " "1, " "1, " "1, " "1, " "1, " "1, " "1, " "1, " "1, " "1, " "1, " "1, " "1, " "1, " "1, " "1, " "1, " "1, " "1, " "1, " "1, " "1, " "1, " "1, " "1, " "1, " "1, " "1, " "1, " "1, "0
 "Nei206, 0.302, " "0.701, " "1, " "1, " "1, " "1, " "1, " "1, " "1, " "1, " "1, " "1, " "1, " "1, " "1, " "1, " "1, " "1, " "1, " "1, " "1, " "1, " "1, " "1, " "1, " "1, " "1, " "1, " "1, " "1, " "1, " "1, " "1, " "1, " "1, " "1, " "1, " "1, " "1, " "1, " "1, " "1, " "1, " "1, " "1, " "1, " "1, " "1, " "1, " "1, " "1, " "1, " "1, " "1, " "1, " "1, " "1, " "1, " "1, " "1, " "1, " "1, " "1, " "1, " "1, " "1, " "1, " "1, " "1, " "1, " "1, " "1, " "1, " "1, " "1, " "1, " "1, " "1, " "1, " "1, " "1, " "1, " "1, " "1, " "1, " "1, " "1, " "1, " "1, " "1, " "1, " "1, " "1, " "1, " "1, " "1, " "1, " "1, " "1, " "1, " "1, " "1, " "1, " "1, " "1, " "1, " "1, " "1, " "1, " "1, " "1, " "1, " "1, " "1, " "1, " "1, " "1, " "1, " "1, " "1, " "1, " "1, " "1, " "1, " "1, " "1, " "1, " "1, " "1, " "1, " "1, " "1, " "1, " "1, " "1, " "1, " "1, " "1, " "1, " "1, " "1, " "1, " "1, " "1, " "1, " "1, " "1, " "1, " "1, " "1, " "1, " "1, " "1, " "1, " "1, " "1, " "1, " "1, " "1, " "1, " "1, " "1, " "1, " "1, " "1, " "1, " "1, " "1, " "1, " "1, " "1, " "1, " "1, " "1, " "1, " "1, " "1, " "1, " "1, " "1, " "1, " "1, " "1, " "1, " "1, " "1, " "1, " "1, " "1, " "1, " "1, " "1, " "1, " "1, " "1, " "1, " "1, " "1, " "1, " "1, " "1, " "1, " "1, " "1, " "1, " "1, " "1, " "1, " "0, " "1, " "1, " "1, " "1, " "1, " "1, " "1, " "1, " "1, " "1, " "1, " "1, " "1, " "1, " "1, " "1, " "1, " "1, " "1, " "1, " "1, " "1, " "1, " "1, " "1, " "1, " "1, " "1, " "1, " "1, " "1, " "1, " "1, " "1, " "1, " "1, " "1, " "1, " "1, " "1, " "1, " "1, " "1, " "1, " "1, " "1, " "1, " "1, " "1, " "1, " "1, " "1, " "1, " "1, " "1, " "1, " "1, " "1, " "1, " "1, " "1, " "1, " "1, " "1, " "1, " "1, " "1, " "1, " "1, " "1, " "1, " "1, " "1, " "1, " "1, " "1, " "1, " "1, " "1, " "1, " "1, " "1, " "1, " "1, " "1, " "1, " "1, " "1, " "1, " "1, " "1, " "1, " "1, " "1, " "1, " "1, " "1, " "1, " "1, " "1, " "1, " "1, " "1, " "1, " "1, " "1, " "1, " "1, " "1, " "1, " "1, " "1, " "1, " "1, " "1, " "1, " "1, " "1, " "1, " "1, " "1, " "1, " "1, " "1, " "1, " "1, " "1, " "1, " "1, " "1, " "1, " "1, " "1, " "1, " "1, " "1, " "1, " "1, " "1, " "1, " "1, " "1, " "1, " "1, " "1, " "1, " "1, " "1, " "1, " "1, " "1, " "1, " "1, " "1, " "1, " "1, " "1, " "1, " "1, " "1, " "1, " "1, " "1, " "1, " "1, " "1, " "1, " "1, " "1, " "1, " "1, " "1, " "1, " "1, " "1, " "1, " "1, " "1, " "1, " "1, " "1, " "1, " "1, " "1, " "1, " "1, " "1, " "1, " "1, " "1, " "1, " "1, " "1, " "1, " "1, " "1, " "1, " "1, " "1, " "1, " "1, " "1, " "1, " "1, " "1, " "1, " "1, " "1, " "1, " "1, " "1, " "1, " "1, " "1, " "1, " "1, " "1, " "1, " "1, " "1, " "1, " "1, " "1, " "1, " "1, " "1, " "1, " "1, " "1, " "1, " "1, " "1, " "1, " "1, " "1, " "1, " "1, " "1, " "1, " "1, " "1, " "1, " "1, " "1, " "1, " "1, " "1, " "1, " "1, " "1, " "1, " "1, " "1, " "1, " "1, " "1, " "1, " "1, " "1, " "1, " "1, " "1, " "1, " "1, " "1, " "1, " "1, " "1, " "1, " "1, " "1, " "1, " "1, " "1, " "1, " "1, " "1, " "1, " "1, " "1, " "1, " "1, " "1, " "1, " "1, " "1, " "1, " "1, " "1, " "1, " "1, " "1, " "1, " "1, " "1, " "1, " "1, " "1, " "1, " "1, " "1, " "1, " "1, " "1, " "1, " "1, "0
 "Nei207, 0.183, " "-0.393, " "1, " "1, " "1, " "1, " "1, " "1, " "1, " "1, " "1, " "1, " "1, " "1, " "1, " "1, " "1, " "1, " "1, " "1, " "1, " "1, " "1, " "1, " "1, " "1, " "1, " "1, " "1, " "1, " "1, " "1, " "1, " "1, " "1, " "1, " "1, " "1, " "1, " "1, " "1, " "1, " "1, " "1, " "1, " "1, " "1, " "1, " "1, " "1, " "1, " "1, " "1, " "1, " "1, " "1, " "1, " "1, " "1, " "1, " "1, " "1, " "1, " "1, " "1, " "1, " "1, " "1, " "1, " "1, " "1, " "1, " "1, " "1, " "1, " "1, " "1, " "1, " "1, " "1, " "1, " "1, " "1, " "1, " "1, " "1, " "1, " "1, " "1, " "1, " "1, " "1, " "1, " "1, " "1, " "1, " "1, " "1, " "1, " "1, " "1, " "1, " "1, " "1, " "1, " "1, " "1, " "1, " "1, " "1, " "1, " "1, " "1, " "1, " "1, " "1, " "1, " "1, " "1, " "1, " "1, " "1, " "1, " "1, " "1, " "1, " "1, " "1, " "1, " "1, " "1, " "1, " "1, " "1, " "1, " "1, " "1, " "1, " "1, " "1, " "1, " "1, " "1, " "1, " "1, " "1, " "1, " "1, " "1, " "1, " "1, " "1, " "1, " "1, " "1, " "1, " "1, " "1, " "1, " "1, " "1, " "1, " "1, " "1, " "1, " "1, " "1, " "1, " "1, " "1, " "1, " "1, " "1, " "1, " "1, " "1, " "1, " "1, " "1, " "1, " "1, " "1, " "1, " "1, " "1, " "1, " "1, " "1, " "1, " "1, " "1, " "1, " "1, " "1, " "1, " "1, " "1, " "1, " "1, " "1, " "1, " "1, " "1, " "1, " "1, " "1, " "1, " "1, " "1, " "0, " "1, " "1, " "1, " "1, " "1, " "1, " "1, " "1, " "1, " "1, " "1, " "1, " "1, " "1, " "1, " "1, " "1, " "1, " "1, " "1, " "1, " "1, " "1, " "1, " "1, " "1, " "1, " "1, " "1, " "1, " "1, " "1, " "1, " "1, " "1, " "1, " "1, " "1, " "1, " "1, " "1, " "1, " "1, " "1, " "1, " "1, " "1, " "1, " "1, " "1, " "1, " "1, " "1, " "1, " "1, " "1, " "1, " "1, " "1, " "1, " "1, " "1, " "1, " "1, " "1, " "1, " "1, " "1, " "1, " "1, " "1, " "1, " "1, " "1, " "1, " "1, " "1, " "1, " "1, " "1, " "1, " "1, " "1, " "1, " "1, " "1, " "1, " "1, " "1, " "1, " "1, " "1, " "1, " "1, " "1, " "1, " "1, " "1, " "1, " "1, " "1, " "1, " "1, " "1, " "1, " "1, " "1, " "1, " "1, " "1, " "1, " "1, " "1, " "1, " "1, " "1, " "1, " "1, " "1, " "1, " "1, " "1, " "1, " "1, " "1, " "1, " "1, " "1, " "1, " "1, " "1, " "1, " "1, " "1, " "1, " "1, " "1, " "1, " "1, " "1, " "1, " "1, " "1, " "1, " "1, " "1, " "1, " "1, " "1, " "1, " "1, " "1, " "1, " "1, " "1, " "1, " "1, " "1, " "1, " "1, " "1, " "1, " "1, " "1, " "1, " "1, " "1, " "1, " "1, " "1, " "1, " "1, " "1, " "1, " "1, " "1, " "1, " "1, " "1, " "1, " "1, " "1, " "1, " "1, " "1, " "1, " "1, " "1, " "1, " "1, " "1, " "1, " "1, " "1, " "1, " "1, " "1, " "1, " "1, " "1, " "1, " "1, " "1, " "1, " "1, " "1, " "1, " "1, " "1, " "1, " "1, " "1, " "1, " "1, " "1, " "1, " "1, " "1, " "1, " "1, " "1, " "1, " "1, " "1, " "1, " "1, " "1, " "1, " "1, " "1, " "1, " "1, " "1, " "1, " "1, " "1, " "1, " "1, " "1, " "1, " "1, " "1, " "1, " "1, " "1, " "1, " "1, " "1, " "1, " "1, " "1, " "1, " "1, " "1, " "1, " "1, " "1, " "1, " "1, " "1, " "1, " "1, " "1, " "1, " "1, " "1, " "1, " "1, " "1, " "1, " "1, " "1, " "1, " "1, " "1, " "1, " "1, " "1, " "1, " "1, " "1, " "1, " "1, " "1, " "1, " "1, " "1, " "1, " "1, " "1, " "1, " "1, " "1, " "1, " "1, " "1, " "1, " "1, " "1, " "1, " "1, " "1, " "1, " "1, " "1, "0
 "Nei208, 0.13, " "0.726, " "1, " "1, " "1, " "1, " "1, " "1, " "1, " "1, " "1, " "1, " "1, " "1, " "1, " "1, " "1, " "1, " "1, " "1, " "1, " "1, " "1, " "1, " "1, " "1, " "1, " "1, " "1, " "1, " "1, " "1, " "1, " "1, " "1, " "1, " "1, " "1, " "1, " "1, " "1, " "1, " "1, " "1, " "1, " "1, " "1, " "1, " "1, " "1, " "1, " "1, " "1, " "1, " "1, " "1, " "1, " "1, " "1, " "1, " "1, " "1, " "1, " "1, " "1, " "1, " "1, " "1, " "1, " "1, " "1, " "1, " "1, " "1, " "1, " "1, " "1, " "1, " "1, " "1, " "1, " "1, " "1, " "1, " "1, " "1, " "1, " "1, " "1, " "1, " "1, " "1, " "1, " "1, " "1, " "1, " "1, " "1, " "1, " "1, " "1, " "1, " "1, " "1, " "1, " "1, " "1, " "1, " "1, " "1, " "1, " "1, " "1, " "1, " "1, " "1, " "1, " "1, " "1, " "1, " "1, " "1, " "1, " "1, " "1, " "1, " "1, " "1, " "1, " "1, " "1, " "1, " "1, " "1, " "1, " "1, " "1, " "1, " "1, " "1, " "1, " "1, " "1, " "1, " "1, " "1, " "1, " "1, " "1, " "1, " "1, " "1, " "1, " "1, " "1, " "1, " "1, " "1, " "1, " "1, " "1, " "1, " "1, " "1, " "1, " "1, " "1, " "1, " "1, " "1, " "1, " "1, " "1, " "1, " "1, " "1, " "1, " "1, " "1, " "1, " "1, " "1, " "1, " "1, " "1, " "1, " "1, " "1, " "1, " "1, " "1, " "1, " "1, " "1, " "1, " "1, " "1, " "1, " "1, " "1, " "1, " "1, " "1, " "1, " "1, " "1, " "1, " "1, " "1, " "1, " "0, " "1, " "1, " "1, " "1, " "1, " "1, " "1, " "1, " "1, " "1, " "1, " "1, " "1, " "1, " "1, " "1, " "1, " "1, " "1, " "1, " "1, " "1, " "1, " "1, " "1, " "1, " "1, " "1, " "1, " "1, " "1, " "1, " "1, " "1, " "1, " "1, " "1, " "1, " "1, " "1, " "1, " "1, " "1, " "1, " "1, " "1, " "1, " "1, " "1, " "1, " "1, " "1, " "1, " "1, " "1, " "1, " "1, " "1, " "1, " "1, " "1, " "1, " "1, " "1, " "1, " "1, " "1, " "1, " "1, " "1, " "1, " "1, " "1, " "1, " "1, " "1, " "1, " "1, " "1, " "1, " "1, " "1, " "1, " "1, " "1, " "1, " "1, " "1, " "1, " "1, " "1, " "1, " "1, " "1, " "1, " "1, " "1, " "1, " "1, " "1, " "1, " "1, " "1, " "1, " "1, " "1, " "1, " "1, " "1, " "1, " "1, " "1, " "1, " "1, " "1, " "1, " "1, " "1, " "1, " "1, " "1, " "1, " "1, " "1, " "1, " "1, " "1, " "1, " "1, " "1, " "1, " "1, " "1, " "1, " "1, " "1, " "1, " "1, " "1, " "1, " "1, " "1, " "1, " "1, " "1, " "1, " "1, " "1, " "1, " "1, " "1, " "1, " "1, " "1, " "1, " "1, " "1, " "1, " "1, " "1, " "1, " "1, " "1, " "1, " "1, " "1, " "1, " "1, " "1, " "1, " "1, " "1, " "1, " "1, " "1, " "1, " "1, " "1, " "1, " "1, " "1, " "1, " "1, " "1, " "1, " "1, " "1, " "1, " "1, " "1, " "1, " "1, " "1, " "1, " "1, " "1, " "1, " "1, " "1, " "1, " "1, " "1, " "1, " "1, " "1, " "1, " "1, " "1, " "1, " "1, " "1, " "1, " "1, " "1, " "1, " "1, " "1, " "1, " "1, " "1, " "1, " "1, " "1, " "1, " "1, " "1, " "1, " "1, " "1, " "1, " "1, " "1, " "1, " "1, " "1, " "1, " "1, " "1, " "1, " "1, " "1, " "1, " "1, " "1, " "1, " "1, " "1, " "1, " "1, " "1, " "1, " "1, " "1, " "1, " "1, " "1, " "1, " "1, " "1, " "1, " "1, " "1, " "1, " "1, " "1, " "1, " "1, " "1, " "1, " "1, " "1, " "1, " "1, " "1, " "1, " "1, " "1, " "1, " "1, " "1, " "1, " "1, " "1, " "1, " "1, " "1, " "1, " "1, " "1, " "1, " "1, " "1, " "1, " "1, " "1, " "1, " "1, " "1, " "1, " "1, " "1, " "1, " "1, " "1, "0
 "Nei209, 0.244, " "-0.39, " "1, " "1, " "1, " "1, " "1, " "1, " "1, " "1, " "1, " "1, " "1, " "1, " "1, " "1, " "1, " "1, " "1, " "1, " "1, " "1, " "1, " "1, " "1, " "1, " "1, " "1, " "1, " "1, " "1, " "1, " "1, " "1, " "1, " "1, " "1, " "1, " "1, " "1, " "1, " "1, " "1, " "1, " "1, " "1, " "1, " "1, " "1, " "1, " "1, " "1, " "1, " "1, " "1, " "1, " "1, " "1, " "1, " "1, " "1, " "1, " "1, " "1, " "1, " "1, " "1, " "1, " "1, " "1, " "1, " "1, " "1, " "1, " "1, " "1, " "1, " "1, " "1, " "1, " "1, " "1, " "1, " "1, " "1, " "1, " "1, " "1, " "1, " "1, " "1, " "1, " "1, " "1, " "1, " "1, " "1, " "1, " "1, " "1, " "1, " "1, " "1, " "1, " "1, " "1, " "1, " "1, " "1, " "1, " "1, " "1, " "1, " "1, " "1, " "1, " "1, " "1, " "1, " "1, " "1, " "1, " "1, " "1, " "1, " "1, " "1, " "1, " "1, " "1, " "1, " "1, " "1, " "1, " "1, " "1, " "1, " "1, " "1, " "1, " "1, " "1, " "1, " "1, " "1, " "1, " "1, " "1, " "1, " "1, " "1, " "1, " "1, " "1, " "1, " "1, " "1, " "1, " "1, " "1, " "1, " "1, " "1, " "1, " "1, " "1, " "1, " "1, " "1, " "1, " "1, " "1, " "1, " "1, " "1, " "1, " "1, " "1, " "1, " "1, " "1, " "1, " "1, " "1, " "1, " "1, " "1, " "1, " "1, " "1, " "1, " "1, " "1, " "1, " "1, " "1, " "1, " "1, " "1, " "1, " "1, " "1, " "1, " "1, " "1, " "1, " "1, " "1, " "1, " "1, " "1, " "0, " "1, " "1, " "1, " "1, " "1, " "1, " "1, " "1, " "1, " "1, " "1, " "1, " "1, " "1, " "1, " "1, " "1, " "1, " "1, " "1, " "1, " "1, " "1, " "1, " "1, " "1, " "1, " "1, " "1, " "1, " "1, " "1, " "1, " "1, " "1, " "1, " "1, " "1, " "1, " "1, " "1, " "1, " "1, " "1, " "1, " "1, " "1, " "1, " "1, " "1, " "1, " "1, " "1, " "1, " "1, " "1, " "1, " "1, " "1, " "1, " "1, " "1, " "1, " "1, " "1, " "1, " "1, " "1, " "1, " "1, " "1, " "1, " "1, " "1, " "1, " "1, " "1, " "1, " "1, " "1, " "1, " "1, " "1, " "1, " "1, " "1, " "1, " "1, " "1, " "1, " "1, " "1, " "1, " "1, " "1, " "1, " "1, " "1, " "1, " "1, " "1, " "1, " "1, " "1, " "1, " "1, " "1, " "1, " "1, " "1, " "1, " "1, " "1, " "1, " "1, " "1, " "1, " "1, " "1, " "1, " "1, " "1, " "1, " "1, " "1, " "1, " "1, " "1, " "1, " "1, " "1, " "1, " "1, " "1, " "1, " "1, " "1, " "1, " "1, " "1, " "1, " "1, " "1, " "1, " "1, " "1, " "1, " "1, " "1, " "1, " "1, " "1, " "1, " "1, " "1, " "1, " "1, " "1, " "1, " "1, " "1, " "1, " "1, " "1, " "1, " "1, " "1, " "1, " "1, " "1, " "1, " "1, " "1, " "1, " "1, " "1, " "1, " "1, " "1, " "1, " "1, " "1, " "1, " "1, " "1, " "1, " "1, " "1, " "1, " "1, " "1, " "1, " "1, " "1, " "1, " "1, " "1, " "1, " "1, " "1, " "1, " "1, " "1, " "1, " "1, " "1, " "1, " "1, " "1, " "1, " "1, " "1, " "1, " "1, " "1, " "1, " "1, " "1, " "1, " "1, " "1, " "1, " "1, " "1, " "1, " "1, " "1, " "1, " "1, " "1, " "1, " "1, " "1, " "1, " "1, " "1, " "1, " "1, " "1, " "1, " "1, " "1, " "1, " "1, " "1, " "1, " "1, " "1, " "1, " "1, " "1, " "1, " "1, " "1, " "1, " "1, " "1, " "1, " "1, " "1, " "1, " "1, " "1, " "1, " "1, " "1, " "1, " "1, " "1, " "1, " "1, " "1, " "1, " "1, " "1, " "1, " "1, " "1, " "1, " "1, " "1, " "1, " "1, " "1, " "1, " "1, " "1, " "1, " "1, " "1, " "1, " "1, " "1, " "1, " "1, " "1, " "1, " "1, " "1, " "1, " "1, " "1, " "1, "0
 "Nei210, 0.209, " "-0.973, " "1, " "1, " "1, " "1, " "1, " "1, " "1, " "1, " "1, " "1, " "1, " "1, " "1, " "1, " "1, " "1, " "1, " "1, " "1, " "1, " "1, " "1, " "1, " "1, " "1, " "1, " "1, " "1, " "1, " "1, " "1, " "1, " "1, " "1, " "1, " "1, " "1, " "1, " "1, " "1, " "1, " "1, " "1, " "1, " "1, " "1, " "1, " "1, " "1, " "1, " "1, " "1, " "1, " "1, " "1, " "1, " "1, " "1, " "1, " "1, " "1, " "1, " "1, " "1, " "1, " "1, " "1, " "1, " "1, " "1, " "1, " "1, " "1, " "1, " "1, " "1, " "1, " "1, " "1, " "1, " "1, " "1, " "1, " "1, " "1, " "1, " "1, " "1, " "1, " "1, " "1, " "1, " "1, " "1, " "1, " "1, " "1, " "1, " "1, " "1, " "1, " "1, " "1, " "1, " "1, " "1, " "1, " "1, " "1, " "1, " "1, " "1, " "1, " "1, " "1, " "1, " "1, " "1, " "1, " "1, " "1, " "1, " "1, " "1, " "1, " "1, " "1, " "1, " "1, " "1, " "1, " "1, " "1, " "1, " "1, " "1, " "1, " "1, " "1, " "1, " "1, " "1, " "1, " "1, " "1, " "1, " "1, " "1, " "1, " "1, " "1, " "1, " "1, " "1, " "1, " "1, " "1, " "1, " "1, " "1, " "1, " "1, " "1, " "1, " "1, " "1, " "1, " "1, " "1, " "1, " "1, " "1, " "1, " "1, " "1, " "1, " "1, " "1, " "1, " "1, " "1, " "1, " "1, " "1, " "1, " "1, " "1, " "1, " "1, " "1, " "1, " "1, " "1, " "1, " "1, " "1, " "1, " "1, " "1, " "1, " "1, " "1, " "1, " "1, " "1, " "1, " "1, " "1, " "1, " "1, " "0, " "1, " "1, " "1, " "1, " "1, " "1, " "1, " "1, " "1, " "1, " "1, " "1, " "1, " "1, " "1, " "1, " "1, " "1, " "1, " "1, " "1, " "1, " "1, " "1, " "1, " "1, " "1, " "1, " "1, " "1, " "1, " "1, " "1, " "1, " "1, " "1, " "1, " "1, " "1, " "1, " "1, " "1, " "1, " "1, " "1, " "1, " "1, " "1, " "1, " "1, " "1, " "1, " "1, " "1, " "1, " "1, " "1, " "1, " "1, " "1, " "1, " "1, " "1, " "1, " "1, " "1, " "1, " "1, " "1, " "1, " "1, " "1, " "1, " "1, " "1, " "1, " "1, " "1, " "1, " "1, " "1, " "1, " "1, " "1, " "1, " "1, " "1, " "1, " "1, " "1, " "1, " "1, " "1, " "1, " "1, " "1, " "1, " "1, " "1, " "1, " "1, " "1, " "1, " "1, " "1, " "1, " "1, " "1, " "1, " "1, " "1, " "1, " "1, " "1, " "1, " "1, " "1, " "1, " "1, " "1, " "1, " "1, " "1, " "1, " "1, " "1, " "1, " "1, " "1, " "1, " "1, " "1, " "1, " "1, " "1, " "1, " "1, " "1, " "1, " "1, " "1, " "1, " "1, " "1, " "1, " "1, " "1, " "1, " "1, " "1, " "1, " "1, " "1, " "1, " "1, " "1, " "1, " "1, " "1, " "1, " "1, " "1, " "1, " "1, " "1, " "1, " "1, " "1, " "1, " "1, " "1, " "1, " "1, " "1, " "1, " "1, " "1, " "1, " "1, " "1, " "1, " "1, " "1, " "1, " "1, " "1, " "1, " "1, " "1, " "1, " "1, " "1, " "1, " "1, " "1, " "1, " "1, " "1, " "1, " "1, " "1, " "1, " "1, " "1, " "1, " "1, " "1, " "1, " "1, " "1, " "1, " "1, " "1, " "1, " "1, " "1, " "1, " "1, " "1, " "1, " "1, " "1, " "1, " "1, " "1, " "1, " "1, " "1, " "1, " "1, " "1, " "1, " "1, " "1, " "1, " "1, " "1, " "1, " "1, " "1, " "1, " "1, " "1, " "1, " "1, " "1, " "1, " "1, " "1, " "1, " "1, " "1, " "1, " "1, " "1, " "1, " "1, " "1, " "1, " "1, " "1, " "1, " "1, " "1, " "1, " "1, " "1, " "1, " "1, " "1, " "1, " "1, " "1, " "1, " "1, " "1, " "1, " "1, " "1, " "1, " "1, " "1, " "1, " "1, " "1, " "1, " "1, " "1, " "1, " "1, " "1, " "1, " "1, " "1, " "1, " "1, " "1, " "1, " "1, " "1, " "1, " "1, "0
 "Nei211, 0.309, " "0.55, " "1, " "1, " "1, " "1, " "1, " "1, " "1, " "1, " "1, " "1, " "1, " "1, " "1, " "1, " "1, " "1, " "1, " "1, " "1, " "1, " "1, " "1, " "1, " "1, " "1, " "1, " "1, " "1, " "1, " "1, " "1, " "1, " "1, " "1, " "1, " "1, " "1, " "1, " "1, " "1, " "1, " "1, " "1, " "1, " "1, " "1, " "1, " "1, " "1, " "1, " "1, " "1, " "1, " "1, " "1, " "1, " "1, " "1, " "1, " "1, " "1, " "1, " "1, " "1, " "1, " "1, " "1, " "1, " "1, " "1, " "1, " "1, " "1, " "1, " "1, " "1, " "1, " "1, " "1, " "1, " "1, " "1, " "1, " "1, " "1, " "1, " "1, " "1, " "1, " "1, " "1, " "1, " "1, " "1, " "1, " "1, " "1, " "1, " "1, " "1, " "1, " "1, " "1, " "1, " "1, " "1, " "1, " "1, " "1, " "1, " "1, " "1, " "1, " "1, " "1, " "1, " "1, " "1, " "1, " "1, " "1, " "1, " "1, " "1, " "1, " "1, " "1, " "1, " "1, " "1, " "1, " "1, " "1, " "1, " "1, " "1, " "1, " "1, " "1, " "1, " "1, " "1, " "1, " "1, " "1, " "1, " "1, " "1, " "1, " "1, " "1, " "1, " "1, " "1, " "1, " "1, " "1, " "1, " "1, " "1, " "1, " "1, " "1, " "1, " "1, " "1, " "1, " "1, " "1, " "1, " "1, " "1, " "1, " "1, " "1, " "1, " "1, " "1, " "1, " "1, " "1, " "1, " "1, " "1, " "1, " "1, " "1, " "1, " "1, " "1, " "1, " "1, " "1, " "1, " "1, " "1, " "1, " "1, " "1, " "1, " "1, " "1, " "1, " "1, " "1, " "1, " "1, " "1, " "1, " "1, " "1, " "0, " "1, " "1, " "1, " "1, " "1, " "1, " "1, " "1, " "1, " "1, " "1, " "1, " "1, " "1, " "1, " "1, " "1, " "1, " "1, " "1, " "1, " "1, " "1, " "1, " "1, " "1, " "1, " "1, " "1, " "1, " "1, " "1, " "1, " "1, " "1, " "1, " "1, " "1, " "1, " "1, " "1, " "1, " "1, " "1, " "1, " "1, " "1, " "1, " "1, " "1, " "1, " "1, " "1, " "1, " "1, " "1, " "1, " "1, " "1, " "1, " "1, " "1, " "1, " "1, " "1, " "1, " "1, " "1, " "1, " "1, " "1, " "1, " "1, " "1, " "1, " "1, " "1, " "1, " "1, " "1, " "1, " "1, " "1, " "1, " "1, " "1, " "1, " "1, " "1, " "1, " "1, " "1, " "1, " "1, " "1, " "1, " "1, " "1, " "1, " "1, " "1, " "1, " "1, " "1, " "1, " "1, " "1, " "1, " "1, " "1, " "1, " "1, " "1, " "1, " "1, " "1, " "1, " "1, " "1, " "1, " "1, " "1, " "1, " "1, " "1, " "1, " "1, " "1, " "1, " "1, " "1, " "1, " "1, " "1, " "1, " "1, " "1, " "1, " "1, " "1, " "1, " "1, " "1, " "1, " "1, " "1, " "1, " "1, " "1, " "1, " "1, " "1, " "1, " "1, " "1, " "1, " "1, " "1, " "1, " "1, " "1, " "1, " "1, " "1, " "1, " "1, " "1, " "1, " "1, " "1, " "1, " "1, " "1, " "1, " "1, " "1, " "1, " "1, " "1, " "1, " "1, " "1, " "1, " "1, " "1, " "1, " "1, " "1, " "1, " "1, " "1, " "1, " "1, " "1, " "1, " "1, " "1, " "1, " "1, " "1, " "1, " "1, " "1, " "1, " "1, " "1, " "1, " "1, " "1, " "1, " "1, " "1, " "1, " "1, " "1, " "1, " "1, " "1, " "1, " "1, " "1, " "1, " "1, " "1, " "1, " "1, " "1, " "1, " "1, " "1, " "1, " "1, " "1, " "1, " "1, " "1, " "1, " "1, " "1, " "1, " "1, " "1, " "1, " "1, " "1, " "1, " "1, " "1, " "1, " "1, " "1, " "1, " "1, " "1, " "1, " "1, " "1, " "1, " "1, " "1, " "1, " "1, " "1, " "1, " "1, " "1, " "1, " "1, " "1, " "1, " "1, " "1, " "1, " "1, " "1, " "1, " "1, " "1, " "1, " "1, " "1, " "1, " "1, " "1, " "1, " "1, " "1, " "1, " "1, " "1, " "1, " "1, " "1, " "1, " "1, " "1, " "1, " "1, " "1, " "1, " "1, "0
 "Nei212, 0.003, " "-0.592, " "1, " "1, " "1, " "1, " "1, " "1, " "1, " "1, " "1, " "1, " "1, " "1, " "1, " "1, " "1, " "1, " "1, " "1, " "1, " "1, " "1, " "1, " "1, " "1, " "1, " "1, " "1, " "1, " "1, " "1, " "1, " "1, " "1, " "1, " "1, " "1, " "1, " "1, " "1, " "1, " "1, " "1, " "1, " "1, " "1, " "1, " "1, " "1, " "1, " "1, " "1, " "1, " "1, " "1, " "1, " "1, " "1, " "1, " "1, " "1, " "1, " "1, " "1, " "1, " "1, " "1, " "1, " "1, " "1, " "1, " "1, " "1, " "1, " "1, " "1, " "1, " "1, " "1, " "1, " "1, " "1, " "1, " "1, " "1, " "1, " "1, " "1, " "1, " "1, " "1, " "1, " "1, " "1, " "1, " "1, " "1, " "1, " "1, " "1, " "1, " "1, " "1, " "1, " "1, " "1, " "1, " "1, " "1, " "1, " "1, " "1, " "1, " "1, " "1, " "1, " "1, " "1, " "1, " "1, " "1, " "1, " "1, " "1, " "1, " "1, " "1, " "1, " "1, " "1, " "1, " "1, " "1, " "1, " "1, " "1, " "1, " "1, " "1, " "1, " "1, " "1, " "1, " "1, " "1, " "1, " "1, " "1, " "1, " "1, " "1, " "1, " "1, " "1, " "1, " "1, " "1, " "1, " "1, " "1, " "1, " "1, " "1, " "1, " "1, " "1, " "1, " "1, " "1, " "1, " "1, " "1, " "1, " "1, " "1, " "1, " "1, " "1, " "1, " "1, " "1, " "1, " "1, " "1, " "1, " "1, " "1, " "1, " "1, " "1, " "1, " "1, " "1, " "1, " "1, " "1, " "1, " "1, " "1, " "1, " "1, " "1, " "1, " "1, " "1, " "1, " "1, " "1, " "1, " "1, " "1, " "1, " "1, " "0, " "1, " "1, " "1, " "1, " "1, " "1, " "1, " "1, " "1, " "1, " "1, " "1, " "1, " "1, " "1, " "1, " "1, " "1, " "1, " "1, " "1, " "1, " "1, " "1, " "1, " "1, " "1, " "1, " "1, " "1, " "1, " "1, " "1, " "1, " "1, " "1, " "1, " "1, " "1, " "1, " "1, " "1, " "1, " "1, " "1, " "1, " "1, " "1, " "1, " "1, " "1, " "1, " "1, " "1, " "1, " "1, " "1, " "1, " "1, " "1, " "1, " "1, " "1, " "1, " "1, " "1, " "1, " "1, " "1, " "1, " "1, " "1, " "1, " "1, " "1, " "1, " "1, " "1, " "1, " "1, " "1, " "1, " "1, " "1, " "1, " "1, " "1, " "1, " "1, " "1, " "1, " "1, " "1, " "1, " "1, " "1, " "1, " "1, " "1, " "1, " "1, " "1, " "1, " "1, " "1, " "1, " "1, " "1, " "1, " "1, " "1, " "1, " "1, " "1, " "1, " "1, " "1, " "1, " "1, " "1, " "1, " "1, " "1, " "1, " "1, " "1, " "1, " "1, " "1, " "1, " "1, " "1, " "1, " "1, " "1, " "1, " "1, " "1, " "1, " "1, " "1, " "1, " "1, " "1, " "1, " "1, " "1, " "1, " "1, " "1, " "1, " "1, " "1, " "1, " "1, " "1, " "1, " "1, " "1, " "1, " "1, " "1, " "1, " "1, " "1, " "1, " "1, " "1, " "1, " "1, " "1, " "1, " "1, " "1, " "1, " "1, " "1, " "1, " "1, " "1, " "1, " "1, " "1, " "1, " "1, " "1, " "1, " "1, " "1, " "1, " "1, " "1, " "1, " "1, " "1, " "1, " "1, " "1, " "1, " "1, " "1, " "1, " "1, " "1, " "1, " "1, " "1, " "1, " "1, " "1, " "1, " "1, " "1, " "1, " "1, " "1, " "1, " "1, " "1, " "1, " "1, " "1, " "1, " "1, " "1, " "1, " "1, " "1, " "1, " "1, " "1, " "1, " "1, " "1, " "1, " "1, " "1, " "1, " "1, " "1, " "1, " "1, " "1, " "1, " "1, " "1, " "1, " "1, " "1, " "1, " "1, " "1, " "1, " "1, " "1, " "1, " "1, " "1, " "1, " "1, " "1, " "1, " "1, " "1, " "1, " "1, " "1, " "1, " "1, " "1, " "1, " "1, " "1, " "1, " "1, " "1, " "1, " "1, " "1, " "1, " "1, " "1, " "1, " "1, " "1, " "1, " "1, " "1, " "1, " "1, " "1, " "1, " "1, " "1, " "1, " "1, " "1, " "1, " "1, " "1, "0
 "Nei213, 0.002, " "0.797, " "1, " "1, " "1, " "1, " "1, " "1, " "1, " "1, " "1, " "1, " "1, " "1, " "1, " "1, " "1, " "1, " "1, " "1, " "1, " "1, " "1, " "1, " "1, " "1, " "1, " "1, " "1, " "1, " "1, " "1, " "1, " "1, " "1, " "1, " "1, " "1, " "1, " "1, " "1, " "1, " "1, " "1, " "1, " "1, " "1, " "1, " "1, " "1, " "1, " "1, " "1, " "1, " "1, " "1, " "1, " "1, " "1, " "1, " "1, " "1, " "1, " "1, " "1, " "1, " "1, " "1, " "1, " "1, " "1, " "1, " "1, " "1, " "1, " "1, " "1, " "1, " "1, " "1, " "1, " "1, " "1, " "1, " "1, " "1, " "1, " "1, " "1, " "1, " "1, " "1, " "1, " "1, " "1, " "1, " "1, " "1, " "1, " "1, " "1, " "1, " "1, " "1, " "1, " "1, " "1, " "1, " "1, " "1, " "1, " "1, " "1, " "1, " "1, " "1, " "1, " "1, " "1, " "1, " "1, " "1, " "1, " "1, " "1, " "1, " "1, " "1, " "1, " "1, " "1, " "1, " "1, " "1, " "1, " "1, " "1, " "1, " "1, " "1, " "1, " "1, " "1, " "1, " "1, " "1, " "1, " "1, " "1, " "1, " "1, " "1, " "1, " "1, " "1, " "1, " "1, " "1, " "1, " "1, " "1, " "1, " "1, " "1, " "1, " "1, " "1, " "1, " "1, " "1, " "1, " "1, " "1, " "1, " "1, " "1, " "1, " "1, " "1, " "1, " "1, " "1, " "1, " "1, " "1, " "1, " "1, " "1, " "1, " "1, " "1, " "1, " "1, " "1, " "1, " "1, " "1, " "1, " "1, " "1, " "1, " "1, " "1, " "1, " "1, " "1, " "1, " "1, " "1, " "1, " "1, " "1, " "1, " "1, " "1, " "0, " "1, " "1, " "1, " "1, " "1, " "1, " "1, " "1, " "1, " "1, " "1, " "1, " "1, " "1, " "1, " "1, " "1, " "1, " "1, " "1, " "1, " "1, " "1, " "1, " "1, " "1, " "1, " "1, " "1, " "1, " "1, " "1, " "1, " "1, " "1, " "1, " "1, " "1, " "1, " "1, " "1, " "1, " "1, " "1, " "1, " "1, " "1, " "1, " "1, " "1, " "1, " "1, " "1, " "1, " "1, " "1, " "1, " "1, " "1, " "1, " "1, " "1, " "1, " "1, " "1, " "1, " "1, " "1, " "1, " "1, " "1, " "1, " "1, " "1, " "1, " "1, " "1, " "1, " "1, " "1, " "1, " "1, " "1, " "1, " "1, " "1, " "1, " "1, " "1, " "1, " "1, " "1, " "1, " "1, " "1, " "1, " "1, " "1, " "1, " "1, " "1, " "1, " "1, " "1, " "1, " "1, " "1, " "1, " "1, " "1, " "1, " "1, " "1, " "1, " "1, " "1, " "1, " "1, " "1, " "1, " "1, " "1, " "1, " "1, " "1, " "1, " "1, " "1, " "1, " "1, " "1, " "1, " "1, " "1, " "1, " "1, " "1, " "1, " "1, " "1, " "1, " "1, " "1, " "1, " "1, " "1, " "1, " "1, " "1, " "1, " "1, " "1, " "1, " "1, " "1, " "1, " "1, " "1, " "1, " "1, " "1, " "1, " "1, " "1, " "1, " "1, " "1, " "1, " "1, " "1, " "1, " "1, " "1, " "1, " "1, " "1, " "1, " "1, " "1, " "1, " "1, " "1, " "1, " "1, " "1, " "1, " "1, " "1, " "1, " "1, " "1, " "1, " "1, " "1, " "1, " "1, " "1, " "1, " "1, " "1, " "1, " "1, " "1, " "1, " "1, " "1, " "1, " "1, " "1, " "1, " "1, " "1, " "1, " "1, " "1, " "1, " "1, " "1, " "1, " "1, " "1, " "1, " "1, " "1, " "1, " "1, " "1, " "1, " "1, " "1, " "1, " "1, " "1, " "1, " "1, " "1, " "1, " "1, " "1, " "1, " "1, " "1, " "1, " "1, " "1, " "1, " "1, " "1, " "1, " "1, " "1, " "1, " "1, " "1, " "1, " "1, " "1, " "1, " "1, " "1, " "1, " "1, " "1, " "1, " "1, " "1, " "1, " "1, " "1, " "1, " "1, " "1, " "1, " "1, " "1, " "1, " "1, " "1, " "1, " "1, " "1, " "1, " "1, " "1, " "1, " "1, " "1, " "1, " "1, " "1, " "1, " "1, " "1, " "1, " "1, " "1, " "1, " "1, " "1, "0
 "Nei214, 0.055, " "0.458, " "1, " "1, " "1, " "1, " "1, " "1, " "1, " "1, " "1, " "1, " "1, " "1, " "1, " "1, " "1, " "1, " "1, " "1, " "1, " "1, " "1, " "1, " "1, " "1, " "1, " "1, " "1, " "1, " "1, " "1, " "1, " "1, " "1, " "1, " "1, " "1, " "1, " "1, " "1, " "1, " "1, " "1, " "1, " "1, " "1, " "1, " "1, " "1, " "1, " "1, " "1, " "1, " "1, " "1, " "1, " "1, " "1, " "1, " "1, " "1, " "1, " "1, " "1, " "1, " "1, " "1, " "1, " "1, " "1, " "1, " "1, " "1, " "1, " "1, " "1, " "1, " "1, " "1, " "1, " "1, " "1, " "1, " "1, " "1, " "1, " "1, " "1, " "1, " "1, " "1, " "1, " "1, " "1, " "1, " "1, " "1, " "1, " "1, " "1, " "1, " "1, " "1, " "1, " "1, " "1, " "1, " "1, " "1, " "1, " "1, " "1, " "1, " "1, " "1, " "1, " "1, " "1, " "1, " "1, " "1, " "1, " "1, " "1, " "1, " "1, " "1, " "1, " "1, " "1, " "1, " "1, " "1, " "1, " "1, " "1, " "1, " "1, " "1, " "1, " "1, " "1, " "1, " "1, " "1, " "1, " "1, " "1, " "1, " "1, " "1, " "1, " "1, " "1, " "1, " "1, " "1, " "1, " "1, " "1, " "1, " "1, " "1, " "1, " "1, " "1, " "1, " "1, " "1, " "1, " "1, " "1, " "1, " "1, " "1, " "1, " "1, " "1, " "1, " "1, " "1, " "1, " "1, " "1, " "1, " "1, " "1, " "1, " "1, " "1, " "1, " "1, " "1, " "1, " "1, " "1, " "1, " "1, " "1, " "1, " "1, " "1, " "1, " "1, " "1, " "1, " "1, " "1, " "1, " "1, " "1, " "1, " "1, " "1, " "1, " "0, " "1, " "1, " "1, " "1, " "1, " "1, " "1, " "1, " "1, " "1, " "1, " "1, " "1, " "1, " "1, " "1, " "1, " "1, " "1, " "1, " "1, " "1, " "1, " "1, " "1, " "1, " "1, " "1, " "1, " "1, " "1, " "1, " "1, " "1, " "1, " "1, " "1, " "1, " "1, " "1, " "1, " "1, " "1, " "1, " "1, " "1, " "1, " "1, " "1, " "1, " "1, " "1, " "1, " "1, " "1, " "1, " "1, " "1, " "1, " "1, " "1, " "1, " "1, " "1, " "1, " "1, " "1, " "1, " "1, " "1, " "1, " "1, " "1, " "1, " "1, " "1, " "1, " "1, " "1, " "1, " "1, " "1, " "1, " "1, " "1, " "1, " "1, " "1, " "1, " "1, " "1, " "1, " "1, " "1, " "1, " "1, " "1, " "1, " "1, " "1, " "1, " "1, " "1, " "1, " "1, " "1, " "1, " "1, " "1, " "1, " "1, " "1, " "1, " "1, " "1, " "1, " "1, " "1, " "1, " "1, " "1, " "1, " "1, " "1, " "1, " "1, " "1, " "1, " "1, " "1, " "1, " "1, " "1, " "1, " "1, " "1, " "1, " "1, " "1, " "1, " "1, " "1, " "1, " "1, " "1, " "1, " "1, " "1, " "1, " "1, " "1, " "1, " "1, " "1, " "1, " "1, " "1, " "1, " "1, " "1, " "1, " "1, " "1, " "1, " "1, " "1, " "1, " "1, " "1, " "1, " "1, " "1, " "1, " "1, " "1, " "1, " "1, " "1, " "1, " "1, " "1, " "1, " "1, " "1, " "1, " "1, " "1, " "1, " "1, " "1, " "1, " "1, " "1, " "1, " "1, " "1, " "1, " "1, " "1, " "1, " "1, " "1, " "1, " "1, " "1, " "1, " "1, " "1, " "1, " "1, " "1, " "1, " "1, " "1, " "1, " "1, " "1, " "1, " "1, " "1, " "1, " "1, " "1, " "1, " "1, " "1, " "1, " "1, " "1, " "1, " "1, " "1, " "1, " "1, " "1, " "1, " "1, " "1, " "1, " "1, " "1, " "1, " "1, " "1, " "1, " "1, " "1, " "1, " "1, " "1, " "1, " "1, " "1, " "1, " "1, " "1, " "1, " "1, " "1, " "1, " "1, " "1, " "1, " "1, " "1, " "1, " "1, " "1, " "1, " "1, " "1, " "1, " "1, " "1, " "1, " "1, " "1, " "1, " "1, " "1, " "1, " "1, " "1, " "1, " "1, " "1, " "1, " "1, " "1, " "1, " "1, " "1, " "1, " "1, " "1, " "1, " "1, " "1, "0
 "Nei215, 0.128, " "0.501, " "1, " "1, " "1, " "1, " "1, " "1, " "1, " "1, " "1, " "1, " "1, " "1, " "1, " "1, " "1, " "1, " "1, " "1, " "1, " "1, " "1, " "1, " "1, " "1, " "1, " "1, " "1, " "1, " "1, " "1, " "1, " "1, " "1, " "1, " "1, " "1, " "1, " "1, " "1, " "1, " "1, " "1, " "1, " "1, " "1, " "1, " "1, " "1, " "1, " "1, " "1, " "1, " "1, " "1, " "1, " "1, " "1, " "1, " "1, " "1, " "1, " "1, " "1, " "1, " "1, " "1, " "1, " "1, " "1, " "1, " "1, " "1, " "1, " "1, " "1, " "1, " "1, " "1, " "1, " "1, " "1, " "1, " "1, " "1, " "1, " "1, " "1, " "1, " "1, " "1, " "1, " "1, " "1, " "1, " "1, " "1, " "1, " "1, " "1, " "1, " "1, " "1, " "1, " "1, " "1, " "1, " "1, " "1, " "1, " "1, " "1, " "1, " "1, " "1, " "1, " "1, " "1, " "1, " "1, " "1, " "1, " "1, " "1, " "1, " "1, " "1, " "1, " "1, " "1, " "1, " "1, " "1, " "1, " "1, " "1, " "1, " "1, " "1, " "1, " "1, " "1, " "1, " "1, " "1, " "1, " "1, " "1, " "1, " "1, " "1, " "1, " "1, " "1, " "1, " "1, " "1, " "1, " "1, " "1, " "1, " "1, " "1, " "1, " "1, " "1, " "1, " "1, " "1, " "1, " "1, " "1, " "1, " "1, " "1, " "1, " "1, " "1, " "1, " "1, " "1, " "1, " "1, " "1, " "1, " "1, " "1, " "1, " "1, " "1, " "1, " "1, " "1, " "1, " "1, " "1, " "1, " "1, " "1, " "1, " "1, " "1, " "1, " "1, " "1, " "1, " "1, " "1, " "1, " "1, " "1, " "1, " "1, " "1, " "1, " "1, " "0, " "1, " "1, " "1, " "1, " "1, " "1, " "1, " "1, " "1, " "1, " "1, " "1, " "1, " "1, " "1, " "1, " "1, " "1, " "1, " "1, " "1, " "1, " "1, " "1, " "1, " "1, " "1, " "1, " "1, " "1, " "1, " "1, " "1, " "1, " "1, " "1, " "1, " "1, " "1, " "1, " "1, " "1, " "1, " "1, " "1, " "1, " "1, " "1, " "1, " "1, " "1, " "1, " "1, " "1, " "1, " "1, " "1, " "1, " "1, " "1, " "1, " "1, " "1, " "1, " "1, " "1, " "1, " "1, " "1, " "1, " "1, " "1, " "1, " "1, " "1, " "1, " "1, " "1, " "1, " "1, " "1, " "1, " "1, " "1, " "1, " "1, " "1, " "1, " "1, " "1, " "1, " "1, " "1, " "1, " "1, " "1, " "1, " "1, " "1, " "1, " "1, " "1, " "1, " "1, " "1, " "1, " "1, " "1, " "1, " "1, " "1, " "1, " "1, " "1, " "1, " "1, " "1, " "1, " "1, " "1, " "1, " "1, " "1, " "1, " "1, " "1, " "1, " "1, " "1, " "1, " "1, " "1, " "1, " "1, " "1, " "1, " "1, " "1, " "1, " "1, " "1, " "1, " "1, " "1, " "1, " "1, " "1, " "1, " "1, " "1, " "1, " "1, " "1, " "1, " "1, " "1, " "1, " "1, " "1, " "1, " "1, " "1, " "1, " "1, " "1, " "1, " "1, " "1, " "1, " "1, " "1, " "1, " "1, " "1, " "1, " "1, " "1, " "1, " "1, " "1, " "1, " "1, " "1, " "1, " "1, " "1, " "1, " "1, " "1, " "1, " "1, " "1, " "1, " "1, " "1, " "1, " "1, " "1, " "1, " "1, " "1, " "1, " "1, " "1, " "1, " "1, " "1, " "1, " "1, " "1, " "1, " "1, " "1, " "1, " "1, " "1, " "1, " "1, " "1, " "1, " "1, " "1, " "1, " "1, " "1, " "1, " "1, " "1, " "1, " "1, " "1, " "1, " "1, " "1, " "1, " "1, " "1, " "1, " "1, " "1, " "1, " "1, " "1, " "1, " "1, " "1, " "1, " "1, " "1, " "1, " "1, " "1, " "1, " "1, " "1, " "1, " "1, " "1, " "1, " "1, " "1, " "1, " "1, " "1, " "1, " "1, " "1, " "1, " "1, " "1, " "1, " "1, " "1, " "1, " "1, " "1, " "1, " "1, " "1, " "1, " "1, " "1, " "1, " "1, " "1, " "1, " "1, " "1, " "1, " "1, " "1, " "1, " "1, " "1, " "1, " "1, " "1, "0
 "Nei216, 0.175, " "-0.933, " "1, " "1, " "1, " "1, " "1, " "1, " "1, " "1, " "1, " "1, " "1, " "1, " "1, " "1, " "1, " "1, " "1, " "1, " "1, " "1, " "1, " "1, " "1, " "1, " "1, " "1, " "1, " "1, " "1, " "1, " "1, " "1, " "1, " "1, " "1, " "1, " "1, " "1, " "1, " "1, " "1, " "1, " "1, " "1, " "1, " "1, " "1, " "1, " "1, " "1, " "1, " "1, " "1, " "1, " "1, " "1, " "1, " "1, " "1, " "1, " "1, " "1, " "1, " "1, " "1, " "1, " "1, " "1, " "1, " "1, " "1, " "1, " "1, " "1, " "1, " "1, " "1, " "1, " "1, " "1, " "1, " "1, " "1, " "1, " "1, " "1, " "1, " "1, " "1, " "1, " "1, " "1, " "1, " "1, " "1, " "1, " "1, " "1, " "1, " "1, " "1, " "1, " "1, " "1, " "1, " "1, " "1, " "1, " "1, " "1, " "1, " "1, " "1, " "1, " "1, " "1, " "1, " "1, " "1, " "1, " "1, " "1, " "1, " "1, " "1, " "1, " "1, " "1, " "1, " "1, " "1, " "1, " "1, " "1, " "1, " "1, " "1, " "1, " "1, " "1, " "1, " "1, " "1, " "1, " "1, " "1, " "1, " "1, " "1, " "1, " "1, " "1, " "1, " "1, " "1, " "1, " "1, " "1, " "1, " "1, " "1, " "1, " "1, " "1, " "1, " "1, " "1, " "1, " "1, " "1, " "1, " "1, " "1, " "1, " "1, " "1, " "1, " "1, " "1, " "1, " "1, " "1, " "1, " "1, " "1, " "1, " "1, " "1, " "1, " "1, " "1, " "1, " "1, " "1, " "1, " "1, " "1, " "1, " "1, " "1, " "1, " "1, " "1, " "1, " "1, " "1, " "1, " "1, " "1, " "1, " "1, " "1, " "1, " "1, " "1, " "1, " "0, " "1, " "1, " "1, " "1, " "1, " "1, " "1, " "1, " "1, " "1, " "1, " "1, " "1, " "1, " "1, " "1, " "1, " "1, " "1, " "1, " "1, " "1, " "1, " "1, " "1, " "1, " "1, " "1, " "1, " "1, " "1, " "1, " "1, " "1, " "1, " "1, " "1, " "1, " "1, " "1, " "1, " "1, " "1, " "1, " "1, " "1, " "1, " "1, " "1, " "1, " "1, " "1, " "1, " "1, " "1, " "1, " "1, " "1, " "1, " "1, " "1, " "1, " "1, " "1, " "1, " "1, " "1, " "1, " "1, " "1, " "1, " "1, " "1, " "1, " "1, " "1, " "1, " "1, " "1, " "1, " "1, " "1, " "1, " "1, " "1, " "1, " "1, " "1, " "1, " "1, " "1, " "1, " "1, " "1, " "1, " "1, " "1, " "1, " "1, " "1, " "1, " "1, " "1, " "1, " "1, " "1, " "1, " "1, " "1, " "1, " "1, " "1, " "1, " "1, " "1, " "1, " "1, " "1, " "1, " "1, " "1, " "1, " "1, " "1, " "1, " "1, " "1, " "1, " "1, " "1, " "1, " "1, " "1, " "1, " "1, " "1, " "1, " "1, " "1, " "1, " "1, " "1, " "1, " "1, " "1, " "1, " "1, " "1, " "1, " "1, " "1, " "1, " "1, " "1, " "1, " "1, " "1, " "1, " "1, " "1, " "1, " "1, " "1, " "1, " "1, " "1, " "1, " "1, " "1, " "1, " "1, " "1, " "1, " "1, " "1, " "1, " "1, " "1, " "1, " "1, " "1, " "1, " "1, " "1, " "1, " "1, " "1, " "1, " "1, " "1, " "1, " "1, " "1, " "1, " "1, " "1, " "1, " "1, " "1, " "1, " "1, " "1, " "1, " "1, " "1, " "1, " "1, " "1, " "1, " "1, " "1, " "1, " "1, " "1, " "1, " "1, " "1, " "1, " "1, " "1, " "1, " "1, " "1, " "1, " "1, " "1, " "1, " "1, " "1, " "1, " "1, " "1, " "1, " "1, " "1, " "1, " "1, " "1, " "1, " "1, " "1, " "1, " "1, " "1, " "1, " "1, " "1, " "1, " "1, " "1, " "1, " "1, " "1, " "1, " "1, " "1, " "1, " "1, " "1, " "1, " "1, " "1, " "1, " "1, " "1, " "1, " "1, " "1, " "1, " "1, " "1, " "1, " "1, " "1, " "1, " "1, " "1, " "1, " "1, " "1, " "1, " "1, " "1, " "1, " "1, " "1, " "1, " "1, " "1, " "1, " "1, " "1, " "1, " "1, " "1, " "1, "0
 "Nei217, 0.238, " "-0.598, " "1, " "1, " "1, " "1, " "1, " "1, " "1, " "1, " "1, " "1, " "1, " "1, " "1, " "1, " "1, " "1, " "1, " "1, " "1, " "1, " "1, " "1, " "1, " "1, " "1, " "1, " "1, " "1, " "1, " "1, " "1, " "1, " "1, " "1, " "1, " "1, " "1, " "1, " "1, " "1, " "1, " "1, " "1, " "1, " "1, " "1, " "1, " "1, " "1, " "1, " "1, " "1, " "1, " "1, " "1, " "1, " "1, " "1, " "1, " "1, " "1, " "1, " "1, " "1, " "1, " "1, " "1, " "1, " "1, " "1, " "1, " "1, " "1, " "1, " "1, " "1, " "1, " "1, " "1, " "1, " "1, " "1, " "1, " "1, " "1, " "1, " "1, " "1, " "1, " "1, " "1, " "1, " "1, " "1, " "1, " "1, " "1, " "1, " "1, " "1, " "1, " "1, " "1, " "1, " "1, " "1, " "1, " "1, " "1, " "1, " "1, " "1, " "1, " "1, " "1, " "1, " "1, " "1, " "1, " "1, " "1, " "1, " "1, " "1, " "1, " "1, " "1, " "1, " "1, " "1, " "1, " "1, " "1, " "1, " "1, " "1, " "1, " "1, " "1, " "1, " "1, " "1, " "1, " "1, " "1, " "1, " "1, " "1, " "1, " "1, " "1, " "1, " "1, " "1, " "1, " "1, " "1, " "1, " "1, " "1, " "1, " "1, " "1, " "1, " "1, " "1, " "1, " "1, " "1, " "1, " "1, " "1, " "1, " "1, " "1, " "1, " "1, " "1, " "1, " "1, " "1, " "1, " "1, " "1, " "1, " "1, " "1, " "1, " "1, " "1, " "1, " "1, " "1, " "1, " "1, " "1, " "1, " "1, " "1, " "1, " "1, " "1, " "1, " "1, " "1, " "1, " "1, " "1, " "1, " "1, " "1, " "1, " "1, " "1, " "1, " "1, " "1, " "0, " "1, " "1, " "1, " "1, " "1, " "1, " "1, " "1, " "1, " "1, " "1, " "1, " "1, " "1, " "1, " "1, " "1, " "1, " "1, " "1, " "1, " "1, " "1, " "1, " "1, " "1, " "1, " "1, " "1, " "1, " "1, " "1, " "1, " "1, " "1, " "1, " "1, " "1, " "1, " "1, " "1, " "1, " "1, " "1, " "1, " "1, " "1, " "1, " "1, " "1, " "1, " "1, " "1, " "1, " "1, " "1, " "1, " "1, " "1, " "1, " "1, " "1, " "1, " "1, " "1, " "1, " "1, " "1, " "1, " "1, " "1, " "1, " "1, " "1, " "1, " "1, " "1, " "1, " "1, " "1, " "1, " "1, " "1, " "1, " "1, " "1, " "1, " "1, " "1, " "1, " "1, " "1, " "1, " "1, " "1, " "1, " "1, " "1, " "1, " "1, " "1, " "1, " "1, " "1, " "1, " "1, " "1, " "1, " "1, " "1, " "1, " "1, " "1, " "1, " "1, " "1, " "1, " "1, " "1, " "1, " "1, " "1, " "1, " "1, " "1, " "1, " "1, " "1, " "1, " "1, " "1, " "1, " "1, " "1, " "1, " "1, " "1, " "1, " "1, " "1, " "1, " "1, " "1, " "1, " "1, " "1, " "1, " "1, " "1, " "1, " "1, " "1, " "1, " "1, " "1, " "1, " "1, " "1, " "1, " "1, " "1, " "1, " "1, " "1, " "1, " "1, " "1, " "1, " "1, " "1, " "1, " "1, " "1, " "1, " "1, " "1, " "1, " "1, " "1, " "1, " "1, " "1, " "1, " "1, " "1, " "1, " "1, " "1, " "1, " "1, " "1, " "1, " "1, " "1, " "1, " "1, " "1, " "1, " "1, " "1, " "1, " "1, " "1, " "1, " "1, " "1, " "1, " "1, " "1, " "1, " "1, " "1, " "1, " "1, " "1, " "1, " "1, " "1, " "1, " "1, " "1, " "1, " "1, " "1, " "1, " "1, " "1, " "1, " "1, " "1, " "1, " "1, " "1, " "1, " "1, " "1, " "1, " "1, " "1, " "1, " "1, " "1, " "1, " "1, " "1, " "1, " "1, " "1, " "1, " "1, " "1, " "1, " "1, " "1, " "1, " "1, " "1, " "1, " "1, " "1, " "1, " "1, " "1, " "1, " "1, " "1, " "1, " "1, " "1, " "1, " "1, " "1, " "1, " "1, " "1, " "1, " "1, " "1, " "1, " "1, " "1, " "1, " "1, " "1, " "1, " "1, " "1, " "1, " "1, " "1, " "1, " "1, " "1, " "1, " "1, "0
 "Nei218, 0.135, " "0.912, " "1, " "1, " "1, " "1, " "1, " "1, " "1, " "1, " "1, " "1, " "1, " "1, " "1, " "1, " "1, " "1, " "1, " "1, " "1, " "1, " "1, " "1, " "1, " "1, " "1, " "1, " "1, " "1, " "1, " "1, " "1, " "1, " "1, " "1, " "1, " "1, " "1, " "1, " "1, " "1, " "1, " "1, " "1, " "1, " "1, " "1, " "1, " "1, " "1, " "1, " "1, " "1, " "1, " "1, " "1, " "1, " "1, " "1, " "1, " "1, " "1, " "1, " "1, " "1, " "1, " "1, " "1, " "1, " "1, " "1, " "1, " "1, " "1, " "1, " "1, " "1, " "1, " "1, " "1, " "1, " "1, " "1, " "1, " "1, " "1, " "1, " "1, " "1, " "1, " "1, " "1, " "1, " "1, " "1, " "1, " "1, " "1, " "1, " "1, " "1, " "1, " "1, " "1, " "1, " "1, " "1, " "1, " "1, " "1, " "1, " "1, " "1, " "1, " "1, " "1, " "1, " "1, " "1, " "1, " "1, " "1, " "1, " "1, " "1, " "1, " "1, " "1, " "1, " "1, " "1, " "1, " "1, " "1, " "1, " "1, " "1, " "1, " "1, " "1, " "1, " "1, " "1, " "1, " "1, " "1, " "1, " "1, " "1, " "1, " "1, " "1, " "1, " "1, " "1, " "1, " "1, " "1, " "1, " "1, " "1, " "1, " "1, " "1, " "1, " "1, " "1, " "1, " "1, " "1, " "1, " "1, " "1, " "1, " "1, " "1, " "1, " "1, " "1, " "1, " "1, " "1, " "1, " "1, " "1, " "1, " "1, " "1, " "1, " "1, " "1, " "1, " "1, " "1, " "1, " "1, " "1, " "1, " "1, " "1, " "1, " "1, " "1, " "1, " "1, " "1, " "1, " "1, " "1, " "1, " "1, " "1, " "1, " "1, " "1, " "1, " "1, " "1, " "1, " "0, " "1, " "1, " "1, " "1, " "1, " "1, " "1, " "1, " "1, " "1, " "1, " "1, " "1, " "1, " "1, " "1, " "1, " "1, " "1, " "1, " "1, " "1, " "1, " "1, " "1, " "1, " "1, " "1, " "1, " "1, " "1, " "1, " "1, " "1, " "1, " "1, " "1, " "1, " "1, " "1, " "1, " "1, " "1, " "1, " "1, " "1, " "1, " "1, " "1, " "1, " "1, " "1, " "1, " "1, " "1, " "1, " "1, " "1, " "1, " "1, " "1, " "1, " "1, " "1, " "1, " "1, " "1, " "1, " "1, " "1, " "1, " "1, " "1, " "1, " "1, " "1, " "1, " "1, " "1, " "1, " "1, " "1, " "1, " "1, " "1, " "1, " "1, " "1, " "1, " "1, " "1, " "1, " "1, " "1, " "1, " "1, " "1, " "1, " "1, " "1, " "1, " "1, " "1, " "1, " "1, " "1, " "1, " "1, " "1, " "1, " "1, " "1, " "1, " "1, " "1, " "1, " "1, " "1, " "1, " "1, " "1, " "1, " "1, " "1, " "1, " "1, " "1, " "1, " "1, " "1, " "1, " "1, " "1, " "1, " "1, " "1, " "1, " "1, " "1, " "1, " "1, " "1, " "1, " "1, " "1, " "1, " "1, " "1, " "1, " "1, " "1, " "1, " "1, " "1, " "1, " "1, " "1, " "1, " "1, " "1, " "1, " "1, " "1, " "1, " "1, " "1, " "1, " "1, " "1, " "1, " "1, " "1, " "1, " "1, " "1, " "1, " "1, " "1, " "1, " "1, " "1, " "1, " "1, " "1, " "1, " "1, " "1, " "1, " "1, " "1, " "1, " "1, " "1, " "1, " "1, " "1, " "1, " "1, " "1, " "1, " "1, " "1, " "1, " "1, " "1, " "1, " "1, " "1, " "1, " "1, " "1, " "1, " "1, " "1, " "1, " "1, " "1, " "1, " "1, " "1, " "1, " "1, " "1, " "1, " "1, " "1, " "1, " "1, " "1, " "1, " "1, " "1, " "1, " "1, " "1, " "1, " "1, " "1, " "1, " "1, " "1, " "1, " "1, " "1, " "1, " "1, " "1, " "1, " "1, " "1, " "1, " "1, " "1, " "1, " "1, " "1, " "1, " "1, " "1, " "1, " "1, " "1, " "1, " "1, " "1, " "1, " "1, " "1, " "1, " "1, " "1, " "1, " "1, " "1, " "1, " "1, " "1, " "1, " "1, " "1, " "1, " "1, " "1, " "1, " "1, " "1, " "1, " "1, " "1, " "1, " "1, " "1, " "1, " "1, "0
 "Nei219, 0.366, " "0.194, " "1, " "1, " "1, " "1, " "1, " "1, " "1, " "1, " "1, " "1, " "1, " "1, " "1, " "1, " "1, " "1, " "1, " "1, " "1, " "1, " "1, " "1, " "1, " "1, " "1, " "1, " "1, " "1, " "1, " "1, " "1, " "1, " "1, " "1, " "1, " "1, " "1, " "1, " "1, " "1, " "1, " "1, " "1, " "1, " "1, " "1, " "1, " "1, " "1, " "1, " "1, " "1, " "1, " "1, " "1, " "1, " "1, " "1, " "1, " "1, " "1, " "1, " "1, " "1, " "1, " "1, " "1, " "1, " "1, " "1, " "1, " "1, " "1, " "1, " "1, " "1, " "1, " "1, " "1, " "1, " "1, " "1, " "1, " "1, " "1, " "1, " "1, " "1, " "1, " "1, " "1, " "1, " "1, " "1, " "1, " "1, " "1, " "1, " "1, " "1, " "1, " "1, " "1, " "1, " "1, " "1, " "1, " "1, " "1, " "1, " "1, " "1, " "1, " "1, " "1, " "1, " "1, " "1, " "1, " "1, " "1, " "1, " "1, " "1, " "1, " "1, " "1, " "1, " "1, " "1, " "1, " "1, " "1, " "1, " "1, " "1, " "1, " "1, " "1, " "1, " "1, " "1, " "1, " "1, " "1, " "1, " "1, " "1, " "1, " "1, " "1, " "1, " "1, " "1, " "1, " "1, " "1, " "1, " "1, " "1, " "1, " "1, " "1, " "1, " "1, " "1, " "1, " "1, " "1, " "1, " "1, " "1, " "1, " "1, " "1, " "1, " "1, " "1, " "1, " "1, " "1, " "1, " "1, " "1, " "1, " "1, " "1, " "1, " "1, " "1, " "1, " "1, " "1, " "1, " "1, " "1, " "1, " "1, " "1, " "1, " "1, " "1, " "1, " "1, " "1, " "1, " "1, " "1, " "1, " "1, " "1, " "1, " "1, " "1, " "1, " "1, " "1, " "1, " "1, " "0, " "1, " "1, " "1, " "1, " "1, " "1, " "1, " "1, " "1, " "1, " "1, " "1, " "1, " "1, " "1, " "1, " "1, " "1, " "1, " "1, " "1, " "1, " "1, " "1, " "1, " "1, " "1, " "1, " "1, " "1, " "1, " "1, " "1, " "1, " "1, " "1, " "1, " "1, " "1, " "1, " "1, " "1, " "1, " "1, " "1, " "1, " "1, " "1, " "1, " "1, " "1, " "1, " "1, " "1, " "1, " "1, " "1, " "1, " "1, " "1, " "1, " "1, " "1, " "1, " "1, " "1, " "1, " "1, " "1, " "1, " "1, " "1, " "1, " "1, " "1, " "1, " "1, " "1, " "1, " "1, " "1, " "1, " "1, " "1, " "1, " "1, " "1, " "1, " "1, " "1, " "1, " "1, " "1, " "1, " "1, " "1, " "1, " "1, " "1, " "1, " "1, " "1, " "1, " "1, " "1, " "1, " "1, " "1, " "1, " "1, " "1, " "1, " "1, " "1, " "1, " "1, " "1, " "1, " "1, " "1, " "1, " "1, " "1, " "1, " "1, " "1, " "1, " "1, " "1, " "1, " "1, " "1, " "1, " "1, " "1, " "1, " "1, " "1, " "1, " "1, " "1, " "1, " "1, " "1, " "1, " "1, " "1, " "1, " "1, " "1, " "1, " "1, " "1, " "1, " "1, " "1, " "1, " "1, " "1, " "1, " "1, " "1, " "1, " "1, " "1, " "1, " "1, " "1, " "1, " "1, " "1, " "1, " "1, " "1, " "1, " "1, " "1, " "1, " "1, " "1, " "1, " "1, " "1, " "1, " "1, " "1, " "1, " "1, " "1, " "1, " "1, " "1, " "1, " "1, " "1, " "1, " "1, " "1, " "1, " "1, " "1, " "1, " "1, " "1, " "1, " "1, " "1, " "1, " "1, " "1, " "1, " "1, " "1, " "1, " "1, " "1, " "1, " "1, " "1, " "1, " "1, " "1, " "1, " "1, " "1, " "1, " "1, " "1, " "1, " "1, " "1, " "1, " "1, " "1, " "1, " "1, " "1, " "1, " "1, " "1, " "1, " "1, " "1, " "1, " "1, " "1, " "1, " "1, " "1, " "1, " "1, " "1, " "1, " "1, " "1, " "1, " "1, " "1, " "1, " "1, " "1, " "1, " "1, " "1, " "1, " "1, " "1, " "1, " "1, " "1, " "1, " "1, " "1, " "1, " "1, " "1, " "1, " "1, " "1, " "1, " "1, " "1, " "1, " "1, " "1, " "1, " "1, " "1, " "1, " "1, " "1, " "1, " "1, "0
 "Nei220, 0.325, " "-0.568, " "1, " "1, " "1, " "1, " "1, " "1, " "1, " "1, " "1, " "1, " "1, " "1, " "1, " "1, " "1, " "1, " "1, " "1, " "1, " "1, " "1, " "1, " "1, " "1, " "1, " "1, " "1, " "1, " "1, " "1, " "1, " "1, " "1, " "1, " "1, " "1, " "1, " "1, " "1, " "1, " "1, " "1, " "1, " "1, " "1, " "1, " "1, " "1, " "1, " "1, " "1, " "1, " "1, " "1, " "1, " "1, " "1, " "1, " "1, " "1, " "1, " "1, " "1, " "1, " "1, " "1, " "1, " "1, " "1, " "1, " "1, " "1, " "1, " "1, " "1, " "1, " "1, " "1, " "1, " "1, " "1, " "1, " "1, " "1, " "1, " "1, " "1, " "1, " "1, " "1, " "1, " "1, " "1, " "1, " "1, " "1, " "1, " "1, " "1, " "1, " "1, " "1, " "1, " "1, " "1, " "1, " "1, " "1, " "1, " "1, " "1, " "1, " "1, " "1, " "1, " "1, " "1, " "1, " "1, " "1, " "1, " "1, " "1, " "1, " "1, " "1, " "1, " "1, " "1, " "1, " "1, " "1, " "1, " "1, " "1, " "1, " "1, " "1, " "1, " "1, " "1, " "1, " "1, " "1, " "1, " "1, " "1, " "1, " "1, " "1, " "1, " "1, " "1, " "1, " "1, " "1, " "1, " "1, " "1, " "1, " "1, " "1, " "1, " "1, " "1, " "1, " "1, " "1, " "1, " "1, " "1, " "1, " "1, " "1, " "1, " "1, " "1, " "1, " "1, " "1, " "1, " "1, " "1, " "1, " "1, " "1, " "1, " "1, " "1, " "1, " "1, " "1, " "1, " "1, " "1, " "1, " "1, " "1, " "1, " "1, " "1, " "1, " "1, " "1, " "1, " "1, " "1, " "1, " "1, " "1, " "1, " "1, " "1, " "1, " "1, " "1, " "1, " "1, " "1, " "1, " "0, " "1, " "1, " "1, " "1, " "1, " "1, " "1, " "1, " "1, " "1, " "1, " "1, " "1, " "1, " "1, " "1, " "1, " "1, " "1, " "1, " "1, " "1, " "1, " "1, " "1, " "1, " "1, " "1, " "1, " "1, " "1, " "1, " "1, " "1, " "1, " "1, " "1, " "1, " "1, " "1, " "1, " "1, " "1, " "1, " "1, " "1, " "1, " "1, " "1, " "1, " "1, " "1, " "1, " "1, " "1, " "1, " "1, " "1, " "1, " "1, " "1, " "1, " "1, " "1, " "1, " "1, " "1, " "1, " "1, " "1, " "1, " "1, " "1, " "1, " "1, " "1, " "1, " "1, " "1, " "1, " "1, " "1, " "1, " "1, " "1, " "1, " "1, " "1, " "1, " "1, " "1, " "1, " "1, " "1, " "1, " "1, " "1, " "1, " "1, " "1, " "1, " "1, " "1, " "1, " "1, " "1, " "1, " "1, " "1, " "1, " "1, " "1, " "1, " "1, " "1, " "1, " "1, " "1, " "1, " "1, " "1, " "1, " "1, " "1, " "1, " "1, " "1, " "1, " "1, " "1, " "1, " "1, " "1, " "1, " "1, " "1, " "1, " "1, " "1, " "1, " "1, " "1, " "1, " "1, " "1, " "1, " "1, " "1, " "1, " "1, " "1, " "1, " "1, " "1, " "1, " "1, " "1, " "1, " "1, " "1, " "1, " "1, " "1, " "1, " "1, " "1, " "1, " "1, " "1, " "1, " "1, " "1, " "1, " "1, " "1, " "1, " "1, " "1, " "1, " "1, " "1, " "1, " "1, " "1, " "1, " "1, " "1, " "1, " "1, " "1, " "1, " "1, " "1, " "1, " "1, " "1, " "1, " "1, " "1, " "1, " "1, " "1, " "1, " "1, " "1, " "1, " "1, " "1, " "1, " "1, " "1, " "1, " "1, " "1, " "1, " "1, " "1, " "1, " "1, " "1, " "1, " "1, " "1, " "1, " "1, " "1, " "1, " "1, " "1, " "1, " "1, " "1, " "1, " "1, " "1, " "1, " "1, " "1, " "1, " "1, " "1, " "1, " "1, " "1, " "1, " "1, " "1, " "1, " "1, " "1, " "1, " "1, " "1, " "1, " "1, " "1, " "1, " "1, " "1, " "1, " "1, " "1, " "1, " "1, " "1, " "1, " "1, " "1, " "1, " "1, " "1, " "1, " "1, " "1, " "1, " "1, " "1, " "1, " "1, " "1, " "1, " "1, " "1, " "1, " "1, " "1, " "1, " "1, " "1, " "1, " "1, " "1, "0
 "Nei221, 0.182, " "0.956, " "1, " "1, " "1, " "1, " "1, " "1, " "1, " "1, " "1, " "1, " "1, " "1, " "1, " "1, " "1, " "1, " "1, " "1, " "1, " "1, " "1, " "1, " "1, " "1, " "1, " "1, " "1, " "1, " "1, " "1, " "1, " "1, " "1, " "1, " "1, " "1, " "1, " "1, " "1, " "1, " "1, " "1, " "1, " "1, " "1, " "1, " "1, " "1, " "1, " "1, " "1, " "1, " "1, " "1, " "1, " "1, " "1, " "1, " "1, " "1, " "1, " "1, " "1, " "1, " "1, " "1, " "1, " "1, " "1, " "1, " "1, " "1, " "1, " "1, " "1, " "1, " "1, " "1, " "1, " "1, " "1, " "1, " "1, " "1, " "1, " "1, " "1, " "1, " "1, " "1, " "1, " "1, " "1, " "1, " "1, " "1, " "1, " "1, " "1, " "1, " "1, " "1, " "1, " "1, " "1, " "1, " "1, " "1, " "1, " "1, " "1, " "1, " "1, " "1, " "1, " "1, " "1, " "1, " "1, " "1, " "1, " "1, " "1, " "1, " "1, " "1, " "1, " "1, " "1, " "1, " "1, " "1, " "1, " "1, " "1, " "1, " "1, " "1, " "1, " "1, " "1, " "1, " "1, " "1, " "1, " "1, " "1, " "1, " "1, " "1, " "1, " "1, " "1, " "1, " "1, " "1, " "1, " "1, " "1, " "1, " "1, " "1, " "1, " "1, " "1, " "1, " "1, " "1, " "1, " "1, " "1, " "1, " "1, " "1, " "1, " "1, " "1, " "1, " "1, " "1, " "1, " "1, " "1, " "1, " "1, " "1, " "1, " "1, " "1, " "1, " "1, " "1, " "1, " "1, " "1, " "1, " "1, " "1, " "1, " "1, " "1, " "1, " "1, " "1, " "1, " "1, " "1, " "1, " "1, " "1, " "1, " "1, " "1, " "1, " "1, " "1, " "1, " "1, " "1, " "1, " "1, " "0, " "1, " "1, " "1, " "1, " "1, " "1, " "1, " "1, " "1, " "1, " "1, " "1, " "1, " "1, " "1, " "1, " "1, " "1, " "1, " "1, " "1, " "1, " "1, " "1, " "1, " "1, " "1, " "1, " "1, " "1, " "1, " "1, " "1, " "1, " "1, " "1, " "1, " "1, " "1, " "1, " "1, " "1, " "1, " "1, " "1, " "1, " "1, " "1, " "1, " "1, " "1, " "1, " "1, " "1, " "1, " "1, " "1, " "1, " "1, " "1, " "1, " "1, " "1, " "1, " "1, " "1, " "1, " "1, " "1, " "1, " "1, " "1, " "1, " "1, " "1, " "1, " "1, " "1, " "1, " "1, " "1, " "1, " "1, " "1, " "1, " "1, " "1, " "1, " "1, " "1, " "1, " "1, " "1, " "1, " "1, " "1, " "1, " "1, " "1, " "1, " "1, " "1, " "1, " "1, " "1, " "1, " "1, " "1, " "1, " "1, " "1, " "1, " "1, " "1, " "1, " "1, " "1, " "1, " "1, " "1, " "1, " "1, " "1, " "1, " "1, " "1, " "1, " "1, " "1, " "1, " "1, " "1, " "1, " "1, " "1, " "1, " "1, " "1, " "1, " "1, " "1, " "1, " "1, " "1, " "1, " "1, " "1, " "1, " "1, " "1, " "1, " "1, " "1, " "1, " "1, " "1, " "1, " "1, " "1, " "1, " "1, " "1, " "1, " "1, " "1, " "1, " "1, " "1, " "1, " "1, " "1, " "1, " "1, " "1, " "1, " "1, " "1, " "1, " "1, " "1, " "1, " "1, " "1, " "1, " "1, " "1, " "1, " "1, " "1, " "1, " "1, " "1, " "1, " "1, " "1, " "1, " "1, " "1, " "1, " "1, " "1, " "1, " "1, " "1, " "1, " "1, " "1, " "1, " "1, " "1, " "1, " "1, " "1, " "1, " "1, " "1, " "1, " "1, " "1, " "1, " "1, " "1, " "1, " "1, " "1, " "1, " "1, " "1, " "1, " "1, " "1, " "1, " "1, " "1, " "1, " "1, " "1, " "1, " "1, " "1, " "1, " "1, " "1, " "1, " "1, " "1, " "1, " "1, " "1, " "1, " "1, " "1, " "1, " "1, " "1, " "1, " "1, " "1, " "1, " "1, " "1, " "1, " "1, " "1, " "1, " "1, " "1, " "1, " "1, " "1, " "1, " "1, " "1, " "1, " "1, " "1, " "1, " "1, " "1, " "1, " "1, " "1, " "1, " "1, " "1, " "1, " "1, " "1, " "1, " "1, " "1, "0
 "Nei222, 0.29, " "-0.451, " "1, " "1, " "1, " "1, " "1, " "1, " "1, " "1, " "1, " "1, " "1, " "1, " "1, " "1, " "1, " "1, " "1, " "1, " "1, " "1, " "1, " "1, " "1, " "1, " "1, " "1, " "1, " "1, " "1, " "1, " "1, " "1, " "1, " "1, " "1, " "1, " "1, " "1, " "1, " "1, " "1, " "1, " "1, " "1, " "1, " "1, " "1, " "1, " "1, " "1, " "1, " "1, " "1, " "1, " "1, " "1, " "1, " "1, " "1, " "1, " "1, " "1, " "1, " "1, " "1, " "1, " "1, " "1, " "1, " "1, " "1, " "1, " "1, " "1, " "1, " "1, " "1, " "1, " "1, " "1, " "1, " "1, " "1, " "1, " "1, " "1, " "1, " "1, " "1, " "1, " "1, " "1, " "1, " "1, " "1, " "1, " "1, " "1, " "1, " "1, " "1, " "1, " "1, " "1, " "1, " "1, " "1, " "1, " "1, " "1, " "1, " "1, " "1, " "1, " "1, " "1, " "1, " "1, " "1, " "1, " "1, " "1, " "1, " "1, " "1, " "1, " "1, " "1, " "1, " "1, " "1, " "1, " "1, " "1, " "1, " "1, " "1, " "1, " "1, " "1, " "1, " "1, " "1, " "1, " "1, " "1, " "1, " "1, " "1, " "1, " "1, " "1, " "1, " "1, " "1, " "1, " "1, " "1, " "1, " "1, " "1, " "1, " "1, " "1, " "1, " "1, " "1, " "1, " "1, " "1, " "1, " "1, " "1, " "1, " "1, " "1, " "1, " "1, " "1, " "1, " "1, " "1, " "1, " "1, " "1, " "1, " "1, " "1, " "1, " "1, " "1, " "1, " "1, " "1, " "1, " "1, " "1, " "1, " "1, " "1, " "1, " "1, " "1, " "1, " "1, " "1, " "1, " "1, " "1, " "1, " "1, " "1, " "1, " "1, " "1, " "1, " "1, " "1, " "1, " "1, " "1, " "1, " "0, " "1, " "1, " "1, " "1, " "1, " "1, " "1, " "1, " "1, " "1, " "1, " "1, " "1, " "1, " "1, " "1, " "1, " "1, " "1, " "1, " "1, " "1, " "1, " "1, " "1, " "1, " "1, " "1, " "1, " "1, " "1, " "1, " "1, " "1, " "1, " "1, " "1, " "1, " "1, " "1, " "1, " "1, " "1, " "1, " "1, " "1, " "1, " "1, " "1, " "1, " "1, " "1, " "1, " "1, " "1, " "1, " "1, " "1, " "1, " "1, " "1, " "1, " "1, " "1, " "1, " "1, " "1, " "1, " "1, " "1, " "1, " "1, " "1, " "1, " "1, " "1, " "1, " "1, " "1, " "1, " "1, " "1, " "1, " "1, " "1, " "1, " "1, " "1, " "1, " "1, " "1, " "1, " "1, " "1, " "1, " "1, " "1, " "1, " "1, " "1, " "1, " "1, " "1, " "1, " "1, " "1, " "1, " "1, " "1, " "1, " "1, " "1, " "1, " "1, " "1, " "1, " "1, " "1, " "1, " "1, " "1, " "1, " "1, " "1, " "1, " "1, " "1, " "1, " "1, " "1, " "1, " "1, " "1, " "1, " "1, " "1, " "1, " "1, " "1, " "1, " "1, " "1, " "1, " "1, " "1, " "1, " "1, " "1, " "1, " "1, " "1, " "1, " "1, " "1, " "1, " "1, " "1, " "1, " "1, " "1, " "1, " "1, " "1, " "1, " "1, " "1, " "1, " "1, " "1, " "1, " "1, " "1, " "1, " "1, " "1, " "1, " "1, " "1, " "1, " "1, " "1, " "1, " "1, " "1, " "1, " "1, " "1, " "1, " "1, " "1, " "1, " "1, " "1, " "1, " "1, " "1, " "1, " "1, " "1, " "1, " "1, " "1, " "1, " "1, " "1, " "1, " "1, " "1, " "1, " "1, " "1, " "1, " "1, " "1, " "1, " "1, " "1, " "1, " "1, " "1, " "1, " "1, " "1, " "1, " "1, " "1, " "1, " "1, " "1, " "1, " "1, " "1, " "1, " "1, " "1, " "1, " "1, " "1, " "1, " "1, " "1, " "1, " "1, " "1, " "1, " "1, " "1, " "1, " "1, " "1, " "1, " "1, " "1, " "1, " "1, " "1, " "1, " "1, " "1, " "1, " "1, " "1, " "1, " "1, " "1, " "1, " "1, " "1, " "1, " "1, " "1, " "1, " "1, " "1, " "1, " "1, " "1, " "1, " "1, " "1, " "1, " "1, " "1, " "1, " "1, " "1, " "1, " "1, " "1, " "1, "0
 "Nei223, 0.032, " "-0.187, " "1, " "1, " "1, " "1, " "1, " "1, " "1, " "1, " "1, " "1, " "1, " "1, " "1, " "1, " "1, " "1, " "1, " "1, " "1, " "1, " "1, " "1, " "1, " "1, " "1, " "1, " "1, " "1, " "1, " "1, " "1, " "1, " "1, " "1, " "1, " "1, " "1, " "1, " "1, " "1, " "1, " "1, " "1, " "1, " "1, " "1, " "1, " "1, " "1, " "1, " "1, " "1, " "1, " "1, " "1, " "1, " "1, " "1, " "1, " "1, " "1, " "1, " "1, " "1, " "1, " "1, " "1, " "1, " "1, " "1, " "1, " "1, " "1, " "1, " "1, " "1, " "1, " "1, " "1, " "1, " "1, " "1, " "1, " "1, " "1, " "1, " "1, " "1, " "1, " "1, " "1, " "1, " "1, " "1, " "1, " "1, " "1, " "1, " "1, " "1, " "1, " "1, " "1, " "1, " "1, " "1, " "1, " "1, " "1, " "1, " "1, " "1, " "1, " "1, " "1, " "1, " "1, " "1, " "1, " "1, " "1, " "1, " "1, " "1, " "1, " "1, " "1, " "1, " "1, " "1, " "1, " "1, " "1, " "1, " "1, " "1, " "1, " "1, " "1, " "1, " "1, " "1, " "1, " "1, " "1, " "1, " "1, " "1, " "1, " "1, " "1, " "1, " "1, " "1, " "1, " "1, " "1, " "1, " "1, " "1, " "1, " "1, " "1, " "1, " "1, " "1, " "1, " "1, " "1, " "1, " "1, " "1, " "1, " "1, " "1, " "1, " "1, " "1, " "1, " "1, " "1, " "1, " "1, " "1, " "1, " "1, " "1, " "1, " "1, " "1, " "1, " "1, " "1, " "1, " "1, " "1, " "1, " "1, " "1, " "1, " "1, " "1, " "1, " "1, " "1, " "1, " "1, " "1, " "1, " "1, " "1, " "1, " "1, " "1, " "1, " "1, " "1, " "1, " "1, " "1, " "1, " "1, " "1, " "0, " "1, " "1, " "1, " "1, " "1, " "1, " "1, " "1, " "1, " "1, " "1, " "1, " "1, " "1, " "1, " "1, " "1, " "1, " "1, " "1, " "1, " "1, " "1, " "1, " "1, " "1, " "1, " "1, " "1, " "1, " "1, " "1, " "1, " "1, " "1, " "1, " "1, " "1, " "1, " "1, " "1, " "1, " "1, " "1, " "1, " "1, " "1, " "1, " "1, " "1, " "1, " "1, " "1, " "1, " "1, " "1, " "1, " "1, " "1, " "1, " "1, " "1, " "1, " "1, " "1, " "1, " "1, " "1, " "1, " "1, " "1, " "1, " "1, " "1, " "1, " "1, " "1, " "1, " "1, " "1, " "1, " "1, " "1, " "1, " "1, " "1, " "1, " "1, " "1, " "1, " "1, " "1, " "1, " "1, " "1, " "1, " "1, " "1, " "1, " "1, " "1, " "1, " "1, " "1, " "1, " "1, " "1, " "1, " "1, " "1, " "1, " "1, " "1, " "1, " "1, " "1, " "1, " "1, " "1, " "1, " "1, " "1, " "1, " "1, " "1, " "1, " "1, " "1, " "1, " "1, " "1, " "1, " "1, " "1, " "1, " "1, " "1, " "1, " "1, " "1, " "1, " "1, " "1, " "1, " "1, " "1, " "1, " "1, " "1, " "1, " "1, " "1, " "1, " "1, " "1, " "1, " "1, " "1, " "1, " "1, " "1, " "1, " "1, " "1, " "1, " "1, " "1, " "1, " "1, " "1, " "1, " "1, " "1, " "1, " "1, " "1, " "1, " "1, " "1, " "1, " "1, " "1, " "1, " "1, " "1, " "1, " "1, " "1, " "1, " "1, " "1, " "1, " "1, " "1, " "1, " "1, " "1, " "1, " "1, " "1, " "1, " "1, " "1, " "1, " "1, " "1, " "1, " "1, " "1, " "1, " "1, " "1, " "1, " "1, " "1, " "1, " "1, " "1, " "1, " "1, " "1, " "1, " "1, " "1, " "1, " "1, " "1, " "1, " "1, " "1, " "1, " "1, " "1, " "1, " "1, " "1, " "1, " "1, " "1, " "1, " "1, " "1, " "1, " "1, " "1, " "1, " "1, " "1, " "1, " "1, " "1, " "1, " "1, " "1, " "1, " "1, " "1, " "1, " "1, " "1, " "1, " "1, " "1, " "1, " "1, " "1, " "1, " "1, " "1, " "1, " "1, " "1, " "1, " "1, " "1, " "1, " "1, " "1, " "1, " "1, " "1, " "1, " "1, " "1, " "1, " "1, " "1, " "1, " "1, "0
 "Nei224, 0.245, " "0.458, " "1, " "1, " "1, " "1, " "1, " "1, " "1, " "1, " "1, " "1, " "1, " "1, " "1, " "1, " "1, " "1, " "1, " "1, " "1, " "1, " "1, " "1, " "1, " "1, " "1, " "1, " "1, " "1, " "1, " "1, " "1, " "1, " "1, " "1, " "1, " "1, " "1, " "1, " "1, " "1, " "1, " "1, " "1, " "1, " "1, " "1, " "1, " "1, " "1, " "1, " "1, " "1, " "1, " "1, " "1, " "1, " "1, " "1, " "1, " "1, " "1, " "1, " "1, " "1, " "1, " "1, " "1, " "1, " "1, " "1, " "1, " "1, " "1, " "1, " "1, " "1, " "1, " "1, " "1, " "1, " "1, " "1, " "1, " "1, " "1, " "1, " "1, " "1, " "1, " "1, " "1, " "1, " "1, " "1, " "1, " "1, " "1, " "1, " "1, " "1, " "1, " "1, " "1, " "1, " "1, " "1, " "1, " "1, " "1, " "1, " "1, " "1, " "1, " "1, " "1, " "1, " "1, " "1, " "1, " "1, " "1, " "1, " "1, " "1, " "1, " "1, " "1, " "1, " "1, " "1, " "1, " "1, " "1, " "1, " "1, " "1, " "1, " "1, " "1, " "1, " "1, " "1, " "1, " "1, " "1, " "1, " "1, " "1, " "1, " "1, " "1, " "1, " "1, " "1, " "1, " "1, " "1, " "1, " "1, " "1, " "1, " "1, " "1, " "1, " "1, " "1, " "1, " "1, " "1, " "1, " "1, " "1, " "1, " "1, " "1, " "1, " "1, " "1, " "1, " "1, " "1, " "1, " "1, " "1, " "1, " "1, " "1, " "1, " "1, " "1, " "1, " "1, " "1, " "1, " "1, " "1, " "1, " "1, " "1, " "1, " "1, " "1, " "1, " "1, " "1, " "1, " "1, " "1, " "1, " "1, " "1, " "1, " "1, " "1, " "1, " "1, " "1, " "1, " "1, " "1, " "1, " "1, " "1, " "1, " "0, " "1, " "1, " "1, " "1, " "1, " "1, " "1, " "1, " "1, " "1, " "1, " "1, " "1, " "1, " "1, " "1, " "1, " "1, " "1, " "1, " "1, " "1, " "1, " "1, " "1, " "1, " "1, " "1, " "1, " "1, " "1, " "1, " "1, " "1, " "1, " "1, " "1, " "1, " "1, " "1, " "1, " "1, " "1, " "1, " "1, " "1, " "1, " "1, " "1, " "1, " "1, " "1, " "1, " "1, " "1, " "1, " "1, " "1, " "1, " "1, " "1, " "1, " "1, " "1, " "1, " "1, " "1, " "1, " "1, " "1, " "1, " "1, " "1, " "1, " "1, " "1, " "1, " "1, " "1, " "1, " "1, " "1, " "1, " "1, " "1, " "1, " "1, " "1, " "1, " "1, " "1, " "1, " "1, " "1, " "1, " "1, " "1, " "1, " "1, " "1, " "1, " "1, " "1, " "1, " "1, " "1, " "1, " "1, " "1, " "1, " "1, " "1, " "1, " "1, " "1, " "1, " "1, " "1, " "1, " "1, " "1, " "1, " "1, " "1, " "1, " "1, " "1, " "1, " "1, " "1, " "1, " "1, " "1, " "1, " "1, " "1, " "1, " "1, " "1, " "1, " "1, " "1, " "1, " "1, " "1, " "1, " "1, " "1, " "1, " "1, " "1, " "1, " "1, " "1, " "1, " "1, " "1, " "1, " "1, " "1, " "1, " "1, " "1, " "1, " "1, " "1, " "1, " "1, " "1, " "1, " "1, " "1, " "1, " "1, " "1, " "1, " "1, " "1, " "1, " "1, " "1, " "1, " "1, " "1, " "1, " "1, " "1, " "1, " "1, " "1, " "1, " "1, " "1, " "1, " "1, " "1, " "1, " "1, " "1, " "1, " "1, " "1, " "1, " "1, " "1, " "1, " "1, " "1, " "1, " "1, " "1, " "1, " "1, " "1, " "1, " "1, " "1, " "1, " "1, " "1, " "1, " "1, " "1, " "1, " "1, " "1, " "1, " "1, " "1, " "1, " "1, " "1, " "1, " "1, " "1, " "1, " "1, " "1, " "1, " "1, " "1, " "1, " "1, " "1, " "1, " "1, " "1, " "1, " "1, " "1, " "1, " "1, " "1, " "1, " "1, " "1, " "1, " "1, " "1, " "1, " "1, " "1, " "1, " "1, " "1, " "1, " "1, " "1, " "1, " "1, " "1, " "1, " "1, " "1, " "1, " "1, " "1, " "1, " "1, " "1, " "1, " "1, " "1, " "1, " "1, " "1, " "1, " "1, "0
 "Nei225, 0.156, " "0.22, " "1, " "1, " "1, " "1, " "1, " "1, " "1, " "1, " "1, " "1, " "1, " "1, " "1, " "1, " "1, " "1, " "1, " "1, " "1, " "1, " "1, " "1, " "1, " "1, " "1, " "1, " "1, " "1, " "1, " "1, " "1, " "1, " "1, " "1, " "1, " "1, " "1, " "1, " "1, " "1, " "1, " "1, " "1, " "1, " "1, " "1, " "1, " "1, " "1, " "1, " "1, " "1, " "1, " "1, " "1, " "1, " "1, " "1, " "1, " "1, " "1, " "1, " "1, " "1, " "1, " "1, " "1, " "1, " "1, " "1, " "1, " "1, " "1, " "1, " "1, " "1, " "1, " "1, " "1, " "1, " "1, " "1, " "1, " "1, " "1, " "1, " "1, " "1, " "1, " "1, " "1, " "1, " "1, " "1, " "1, " "1, " "1, " "1, " "1, " "1, " "1, " "1, " "1, " "1, " "1, " "1, " "1, " "1, " "1, " "1, " "1, " "1, " "1, " "1, " "1, " "1, " "1, " "1, " "1, " "1, " "1, " "1, " "1, " "1, " "1, " "1, " "1, " "1, " "1, " "1, " "1, " "1, " "1, " "1, " "1, " "1, " "1, " "1, " "1, " "1, " "1, " "1, " "1, " "1, " "1, " "1, " "1, " "1, " "1, " "1, " "1, " "1, " "1, " "1, " "1, " "1, " "1, " "1, " "1, " "1, " "1, " "1, " "1, " "1, " "1, " "1, " "1, " "1, " "1, " "1, " "1, " "1, " "1, " "1, " "1, " "1, " "1, " "1, " "1, " "1, " "1, " "1, " "1, " "1, " "1, " "1, " "1, " "1, " "1, " "1, " "1, " "1, " "1, " "1, " "1, " "1, " "1, " "1, " "1, " "1, " "1, " "1, " "1, " "1, " "1, " "1, " "1, " "1, " "1, " "1, " "1, " "1, " "1, " "1, " "1, " "1, " "1, " "1, " "1, " "1, " "1, " "1, " "1, " "1, " "1, " "0, " "1, " "1, " "1, " "1, " "1, " "1, " "1, " "1, " "1, " "1, " "1, " "1, " "1, " "1, " "1, " "1, " "1, " "1, " "1, " "1, " "1, " "1, " "1, " "1, " "1, " "1, " "1, " "1, " "1, " "1, " "1, " "1, " "1, " "1, " "1, " "1, " "1, " "1, " "1, " "1, " "1, " "1, " "1, " "1, " "1, " "1, " "1, " "1, " "1, " "1, " "1, " "1, " "1, " "1, " "1, " "1, " "1, " "1, " "1, " "1, " "1, " "1, " "1, " "1, " "1, " "1, " "1, " "1, " "1, " "1, " "1, " "1, " "1, " "1, " "1, " "1, " "1, " "1, " "1, " "1, " "1, " "1, " "1, " "1, " "1, " "1, " "1, " "1, " "1, " "1, " "1, " "1, " "1, " "1, " "1, " "1, " "1, " "1, " "1, " "1, " "1, " "1, " "1, " "1, " "1, " "1, " "1, " "1, " "1, " "1, " "1, " "1, " "1, " "1, " "1, " "1, " "1, " "1, " "1, " "1, " "1, " "1, " "1, " "1, " "1, " "1, " "1, " "1, " "1, " "1, " "1, " "1, " "1, " "1, " "1, " "1, " "1, " "1, " "1, " "1, " "1, " "1, " "1, " "1, " "1, " "1, " "1, " "1, " "1, " "1, " "1, " "1, " "1, " "1, " "1, " "1, " "1, " "1, " "1, " "1, " "1, " "1, " "1, " "1, " "1, " "1, " "1, " "1, " "1, " "1, " "1, " "1, " "1, " "1, " "1, " "1, " "1, " "1, " "1, " "1, " "1, " "1, " "1, " "1, " "1, " "1, " "1, " "1, " "1, " "1, " "1, " "1, " "1, " "1, " "1, " "1, " "1, " "1, " "1, " "1, " "1, " "1, " "1, " "1, " "1, " "1, " "1, " "1, " "1, " "1, " "1, " "1, " "1, " "1, " "1, " "1, " "1, " "1, " "1, " "1, " "1, " "1, " "1, " "1, " "1, " "1, " "1, " "1, " "1, " "1, " "1, " "1, " "1, " "1, " "1, " "1, " "1, " "1, " "1, " "1, " "1, " "1, " "1, " "1, " "1, " "1, " "1, " "1, " "1, " "1, " "1, " "1, " "1, " "1, " "1, " "1, " "1, " "1, " "1, " "1, " "1, " "1, " "1, " "1, " "1, " "1, " "1, " "1, " "1, " "1, " "1, " "1, " "1, " "1, " "1, " "1, " "1, " "1, " "1, " "1, " "1, " "1, " "1, " "1, " "1, " "1, " "1, "0
 "Nei226, 0.138, " "-0.175, " "1, " "1, " "1, " "1, " "1, " "1, " "1, " "1, " "1, " "1, " "1, " "1, " "1, " "1, " "1, " "1, " "1, " "1, " "1, " "1, " "1, " "1, " "1, " "1, " "1, " "1, " "1, " "1, " "1, " "1, " "1, " "1, " "1, " "1, " "1, " "1, " "1, " "1, " "1, " "1, " "1, " "1, " "1, " "1, " "1, " "1, " "1, " "1, " "1, " "1, " "1, " "1, " "1, " "1, " "1, " "1, " "1, " "1, " "1, " "1, " "1, " "1, " "1, " "1, " "1, " "1, " "1, " "1, " "1, " "1, " "1, " "1, " "1, " "1, " "1, " "1, " "1, " "1, " "1, " "1, " "1, " "1, " "1, " "1, " "1, " "1, " "1, " "1, " "1, " "1, " "1, " "1, " "1, " "1, " "1, " "1, " "1, " "1, " "1, " "1, " "1, " "1, " "1, " "1, " "1, " "1, " "1, " "1, " "1, " "1, " "1, " "1, " "1, " "1, " "1, " "1, " "1, " "1, " "1, " "1, " "1, " "1, " "1, " "1, " "1, " "1, " "1, " "1, " "1, " "1, " "1, " "1, " "1, " "1, " "1, " "1, " "1, " "1, " "1, " "1, " "1, " "1, " "1, " "1, " "1, " "1, " "1, " "1, " "1, " "1, " "1, " "1, " "1, " "1, " "1, " "1, " "1, " "1, " "1, " "1, " "1, " "1, " "1, " "1, " "1, " "1, " "1, " "1, " "1, " "1, " "1, " "1, " "1, " "1, " "1, " "1, " "1, " "1, " "1, " "1, " "1, " "1, " "1, " "1, " "1, " "1, " "1, " "1, " "1, " "1, " "1, " "1, " "1, " "1, " "1, " "1, " "1, " "1, " "1, " "1, " "1, " "1, " "1, " "1, " "1, " "1, " "1, " "1, " "1, " "1, " "1, " "1, " "1, " "1, " "1, " "1, " "1, " "1, " "1, " "1, " "1, " "1, " "1, " "1, " "1, " "1, " "0, " "1, " "1, " "1, " "1, " "1, " "1, " "1, " "1, " "1, " "1, " "1, " "1, " "1, " "1, " "1, " "1, " "1, " "1, " "1, " "1, " "1, " "1, " "1, " "1, " "1, " "1, " "1, " "1, " "1, " "1, " "1, " "1, " "1, " "1, " "1, " "1, " "1, " "1, " "1, " "1, " "1, " "1, " "1, " "1, " "1, " "1, " "1, " "1, " "1, " "1, " "1, " "1, " "1, " "1, " "1, " "1, " "1, " "1, " "1, " "1, " "1, " "1, " "1, " "1, " "1, " "1, " "1, " "1, " "1, " "1, " "1, " "1, " "1, " "1, " "1, " "1, " "1, " "1, " "1, " "1, " "1, " "1, " "1, " "1, " "1, " "1, " "1, " "1, " "1, " "1, " "1, " "1, " "1, " "1, " "1, " "1, " "1, " "1, " "1, " "1, " "1, " "1, " "1, " "1, " "1, " "1, " "1, " "1, " "1, " "1, " "1, " "1, " "1, " "1, " "1, " "1, " "1, " "1, " "1, " "1, " "1, " "1, " "1, " "1, " "1, " "1, " "1, " "1, " "1, " "1, " "1, " "1, " "1, " "1, " "1, " "1, " "1, " "1, " "1, " "1, " "1, " "1, " "1, " "1, " "1, " "1, " "1, " "1, " "1, " "1, " "1, " "1, " "1, " "1, " "1, " "1, " "1, " "1, " "1, " "1, " "1, " "1, " "1, " "1, " "1, " "1, " "1, " "1, " "1, " "1, " "1, " "1, " "1, " "1, " "1, " "1, " "1, " "1, " "1, " "1, " "1, " "1, " "1, " "1, " "1, " "1, " "1, " "1, " "1, " "1, " "1, " "1, " "1, " "1, " "1, " "1, " "1, " "1, " "1, " "1, " "1, " "1, " "1, " "1, " "1, " "1, " "1, " "1, " "1, " "1, " "1, " "1, " "1, " "1, " "1, " "1, " "1, " "1, " "1, " "1, " "1, " "1, " "1, " "1, " "1, " "1, " "1, " "1, " "1, " "1, " "1, " "1, " "1, " "1, " "1, " "1, " "1, " "1, " "1, " "1, " "1, " "1, " "1, " "1, " "1, " "1, " "1, " "1, " "1, " "1, " "1, " "1, " "1, " "1, " "1, " "1, " "1, " "1, " "1, " "1, " "1, " "1, " "1, " "1, " "1, " "1, " "1, " "1, " "1, " "1, " "1, " "1, " "1, " "1, " "1, " "1, " "1, " "1, " "1, " "1, " "1, " "1, " "1, " "1, " "1, " "1, "0
 "Nei227, 0.224, " "0.622, " "1, " "1, " "1, " "1, " "1, " "1, " "1, " "1, " "1, " "1, " "1, " "1, " "1, " "1, " "1, " "1, " "1, " "1, " "1, " "1, " "1, " "1, " "1, " "1, " "1, " "1, " "1, " "1, " "1, " "1, " "1, " "1, " "1, " "1, " "1, " "1, " "1, " "1, " "1, " "1, " "1, " "1, " "1, " "1, " "1, " "1, " "1, " "1, " "1, " "1, " "1, " "1, " "1, " "1, " "1, " "1, " "1, " "1, " "1, " "1, " "1, " "1, " "1, " "1, " "1, " "1, " "1, " "1, " "1, " "1, " "1, " "1, " "1, " "1, " "1, " "1, " "1, " "1, " "1, " "1, " "1, " "1, " "1, " "1, " "1, " "1, " "1, " "1, " "1, " "1, " "1, " "1, " "1, " "1, " "1, " "1, " "1, " "1, " "1, " "1, " "1, " "1, " "1, " "1, " "1, " "1, " "1, " "1, " "1, " "1, " "1, " "1, " "1, " "1, " "1, " "1, " "1, " "1, " "1, " "1, " "1, " "1, " "1, " "1, " "1, " "1, " "1, " "1, " "1, " "1, " "1, " "1, " "1, " "1, " "1, " "1, " "1, " "1, " "1, " "1, " "1, " "1, " "1, " "1, " "1, " "1, " "1, " "1, " "1, " "1, " "1, " "1, " "1, " "1, " "1, " "1, " "1, " "1, " "1, " "1, " "1, " "1, " "1, " "1, " "1, " "1, " "1, " "1, " "1, " "1, " "1, " "1, " "1, " "1, " "1, " "1, " "1, " "1, " "1, " "1, " "1, " "1, " "1, " "1, " "1, " "1, " "1, " "1, " "1, " "1, " "1, " "1, " "1, " "1, " "1, " "1, " "1, " "1, " "1, " "1, " "1, " "1, " "1, " "1, " "1, " "1, " "1, " "1, " "1, " "1, " "1, " "1, " "1, " "1, " "1, " "1, " "1, " "1, " "1, " "1, " "1, " "1, " "1, " "1, " "1, " "1, " "1, " "0, " "1, " "1, " "1, " "1, " "1, " "1, " "1, " "1, " "1, " "1, " "1, " "1, " "1, " "1, " "1, " "1, " "1, " "1, " "1, " "1, " "1, " "1, " "1, " "1, " "1, " "1, " "1, " "1, " "1, " "1, " "1, " "1, " "1, " "1, " "1, " "1, " "1, " "1, " "1, " "1, " "1, " "1, " "1, " "1, " "1, " "1, " "1, " "1, " "1, " "1, " "1, " "1, " "1, " "1, " "1, " "1, " "1, " "1, " "1, " "1, " "1, " "1, " "1, " "1, " "1, " "1, " "1, " "1, " "1, " "1, " "1, " "1, " "1, " "1, " "1, " "1, " "1, " "1, " "1, " "1, " "1, " "1, " "1, " "1, " "1, " "1, " "1, " "1, " "1, " "1, " "1, " "1, " "1, " "1, " "1, " "1, " "1, " "1, " "1, " "1, " "1, " "1, " "1, " "1, " "1, " "1, " "1, " "1, " "1, " "1, " "1, " "1, " "1, " "1, " "1, " "1, " "1, " "1, " "1, " "1, " "1, " "1, " "1, " "1, " "1, " "1, " "1, " "1, " "1, " "1, " "1, " "1, " "1, " "1, " "1, " "1, " "1, " "1, " "1, " "1, " "1, " "1, " "1, " "1, " "1, " "1, " "1, " "1, " "1, " "1, " "1, " "1, " "1, " "1, " "1, " "1, " "1, " "1, " "1, " "1, " "1, " "1, " "1, " "1, " "1, " "1, " "1, " "1, " "1, " "1, " "1, " "1, " "1, " "1, " "1, " "1, " "1, " "1, " "1, " "1, " "1, " "1, " "1, " "1, " "1, " "1, " "1, " "1, " "1, " "1, " "1, " "1, " "1, " "1, " "1, " "1, " "1, " "1, " "1, " "1, " "1, " "1, " "1, " "1, " "1, " "1, " "1, " "1, " "1, " "1, " "1, " "1, " "1, " "1, " "1, " "1, " "1, " "1, " "1, " "1, " "1, " "1, " "1, " "1, " "1, " "1, " "1, " "1, " "1, " "1, " "1, " "1, " "1, " "1, " "1, " "1, " "1, " "1, " "1, " "1, " "1, " "1, " "1, " "1, " "1, " "1, " "1, " "1, " "1, " "1, " "1, " "1, " "1, " "1, " "1, " "1, " "1, " "1, " "1, " "1, " "1, " "1, " "1, " "1, " "1, " "1, " "1, " "1, " "1, " "1, " "1, " "1, " "1, " "1, " "1, " "1, " "1, " "1, " "1, " "1, " "1, " "1, " "1, " "1, " "1, "0
 "Nei228, 0.114, " "-0.384, " "1, " "1, " "1, " "1, " "1, " "1, " "1, " "1, " "1, " "1, " "1, " "1, " "1, " "1, " "1, " "1, " "1, " "1, " "1, " "1, " "1, " "1, " "1, " "1, " "1, " "1, " "1, " "1, " "1, " "1, " "1, " "1, " "1, " "1, " "1, " "1, " "1, " "1, " "1, " "1, " "1, " "1, " "1, " "1, " "1, " "1, " "1, " "1, " "1, " "1, " "1, " "1, " "1, " "1, " "1, " "1, " "1, " "1, " "1, " "1, " "1, " "1, " "1, " "1, " "1, " "1, " "1, " "1, " "1, " "1, " "1, " "1, " "1, " "1, " "1, " "1, " "1, " "1, " "1, " "1, " "1, " "1, " "1, " "1, " "1, " "1, " "1, " "1, " "1, " "1, " "1, " "1, " "1, " "1, " "1, " "1, " "1, " "1, " "1, " "1, " "1, " "1, " "1, " "1, " "1, " "1, " "1, " "1, " "1, " "1, " "1, " "1, " "1, " "1, " "1, " "1, " "1, " "1, " "1, " "1, " "1, " "1, " "1, " "1, " "1, " "1, " "1, " "1, " "1, " "1, " "1, " "1, " "1, " "1, " "1, " "1, " "1, " "1, " "1, " "1, " "1, " "1, " "1, " "1, " "1, " "1, " "1, " "1, " "1, " "1, " "1, " "1, " "1, " "1, " "1, " "1, " "1, " "1, " "1, " "1, " "1, " "1, " "1, " "1, " "1, " "1, " "1, " "1, " "1, " "1, " "1, " "1, " "1, " "1, " "1, " "1, " "1, " "1, " "1, " "1, " "1, " "1, " "1, " "1, " "1, " "1, " "1, " "1, " "1, " "1, " "1, " "1, " "1, " "1, " "1, " "1, " "1, " "1, " "1, " "1, " "1, " "1, " "1, " "1, " "1, " "1, " "1, " "1, " "1, " "1, " "1, " "1, " "1, " "1, " "1, " "1, " "1, " "1, " "1, " "1, " "1, " "1, " "1, " "1, " "1, " "1, " "1, " "1, " "0, " "1, " "1, " "1, " "1, " "1, " "1, " "1, " "1, " "1, " "1, " "1, " "1, " "1, " "1, " "1, " "1, " "1, " "1, " "1, " "1, " "1, " "1, " "1, " "1, " "1, " "1, " "1, " "1, " "1, " "1, " "1, " "1, " "1, " "1, " "1, " "1, " "1, " "1, " "1, " "1, " "1, " "1, " "1, " "1, " "1, " "1, " "1, " "1, " "1, " "1, " "1, " "1, " "1, " "1, " "1, " "1, " "1, " "1, " "1, " "1, " "1, " "1, " "1, " "1, " "1, " "1, " "1, " "1, " "1, " "1, " "1, " "1, " "1, " "1, " "1, " "1, " "1, " "1, " "1, " "1, " "1, " "1, " "1, " "1, " "1, " "1, " "1, " "1, " "1, " "1, " "1, " "1, " "1, " "1, " "1, " "1, " "1, " "1, " "1, " "1, " "1, " "1, " "1, " "1, " "1, " "1, " "1, " "1, " "1, " "1, " "1, " "1, " "1, " "1, " "1, " "1, " "1, " "1, " "1, " "1, " "1, " "1, " "1, " "1, " "1, " "1, " "1, " "1, " "1, " "1, " "1, " "1, " "1, " "1, " "1, " "1, " "1, " "1, " "1, " "1, " "1, " "1, " "1, " "1, " "1, " "1, " "1, " "1, " "1, " "1, " "1, " "1, " "1, " "1, " "1, " "1, " "1, " "1, " "1, " "1, " "1, " "1, " "1, " "1, " "1, " "1, " "1, " "1, " "1, " "1, " "1, " "1, " "1, " "1, " "1, " "1, " "1, " "1, " "1, " "1, " "1, " "1, " "1, " "1, " "1, " "1, " "1, " "1, " "1, " "1, " "1, " "1, " "1, " "1, " "1, " "1, " "1, " "1, " "1, " "1, " "1, " "1, " "1, " "1, " "1, " "1, " "1, " "1, " "1, " "1, " "1, " "1, " "1, " "1, " "1, " "1, " "1, " "1, " "1, " "1, " "1, " "1, " "1, " "1, " "1, " "1, " "1, " "1, " "1, " "1, " "1, " "1, " "1, " "1, " "1, " "1, " "1, " "1, " "1, " "1, " "1, " "1, " "1, " "1, " "1, " "1, " "1, " "1, " "1, " "1, " "1, " "1, " "1, " "1, " "1, " "1, " "1, " "1, " "1, " "1, " "1, " "1, " "1, " "1, " "1, " "1, " "1, " "1, " "1, " "1, " "1, " "1, " "1, " "1, " "1, " "1, " "1, " "1, " "1, " "1, " "1, " "1, " "1, " "1, "0
 "Nei229, 0.325, " "0.538, " "1, " "1, " "1, " "1, " "1, " "1, " "1, " "1, " "1, " "1, " "1, " "1, " "1, " "1, " "1, " "1, " "1, " "1, " "1, " "1, " "1, " "1, " "1, " "1, " "1, " "1, " "1, " "1, " "1, " "1, " "1, " "1, " "1, " "1, " "1, " "1, " "1, " "1, " "1, " "1, " "1, " "1, " "1, " "1, " "1, " "1, " "1, " "1, " "1, " "1, " "1, " "1, " "1, " "1, " "1, " "1, " "1, " "1, " "1, " "1, " "1, " "1, " "1, " "1, " "1, " "1, " "1, " "1, " "1, " "1, " "1, " "1, " "1, " "1, " "1, " "1, " "1, " "1, " "1, " "1, " "1, " "1, " "1, " "1, " "1, " "1, " "1, " "1, " "1, " "1, " "1, " "1, " "1, " "1, " "1, " "1, " "1, " "1, " "1, " "1, " "1, " "1, " "1, " "1, " "1, " "1, " "1, " "1, " "1, " "1, " "1, " "1, " "1, " "1, " "1, " "1, " "1, " "1, " "1, " "1, " "1, " "1, " "1, " "1, " "1, " "1, " "1, " "1, " "1, " "1, " "1, " "1, " "1, " "1, " "1, " "1, " "1, " "1, " "1, " "1, " "1, " "1, " "1, " "1, " "1, " "1, " "1, " "1, " "1, " "1, " "1, " "1, " "1, " "1, " "1, " "1, " "1, " "1, " "1, " "1, " "1, " "1, " "1, " "1, " "1, " "1, " "1, " "1, " "1, " "1, " "1, " "1, " "1, " "1, " "1, " "1, " "1, " "1, " "1, " "1, " "1, " "1, " "1, " "1, " "1, " "1, " "1, " "1, " "1, " "1, " "1, " "1, " "1, " "1, " "1, " "1, " "1, " "1, " "1, " "1, " "1, " "1, " "1, " "1, " "1, " "1, " "1, " "1, " "1, " "1, " "1, " "1, " "1, " "1, " "1, " "1, " "1, " "1, " "1, " "1, " "1, " "1, " "1, " "1, " "1, " "1, " "1, " "1, " "1, " "0, " "1, " "1, " "1, " "1, " "1, " "1, " "1, " "1, " "1, " "1, " "1, " "1, " "1, " "1, " "1, " "1, " "1, " "1, " "1, " "1, " "1, " "1, " "1, " "1, " "1, " "1, " "1, " "1, " "1, " "1, " "1, " "1, " "1, " "1, " "1, " "1, " "1, " "1, " "1, " "1, " "1, " "1, " "1, " "1, " "1, " "1, " "1, " "1, " "1, " "1, " "1, " "1, " "1, " "1, " "1, " "1, " "1, " "1, " "1, " "1, " "1, " "1, " "1, " "1, " "1, " "1, " "1, " "1, " "1, " "1, " "1, " "1, " "1, " "1, " "1, " "1, " "1, " "1, " "1, " "1, " "1, " "1, " "1, " "1, " "1, " "1, " "1, " "1, " "1, " "1, " "1, " "1, " "1, " "1, " "1, " "1, " "1, " "1, " "1, " "1, " "1, " "1, " "1, " "1, " "1, " "1, " "1, " "1, " "1, " "1, " "1, " "1, " "1, " "1, " "1, " "1, " "1, " "1, " "1, " "1, " "1, " "1, " "1, " "1, " "1, " "1, " "1, " "1, " "1, " "1, " "1, " "1, " "1, " "1, " "1, " "1, " "1, " "1, " "1, " "1, " "1, " "1, " "1, " "1, " "1, " "1, " "1, " "1, " "1, " "1, " "1, " "1, " "1, " "1, " "1, " "1, " "1, " "1, " "1, " "1, " "1, " "1, " "1, " "1, " "1, " "1, " "1, " "1, " "1, " "1, " "1, " "1, " "1, " "1, " "1, " "1, " "1, " "1, " "1, " "1, " "1, " "1, " "1, " "1, " "1, " "1, " "1, " "1, " "1, " "1, " "1, " "1, " "1, " "1, " "1, " "1, " "1, " "1, " "1, " "1, " "1, " "1, " "1, " "1, " "1, " "1, " "1, " "1, " "1, " "1, " "1, " "1, " "1, " "1, " "1, " "1, " "1, " "1, " "1, " "1, " "1, " "1, " "1, " "1, " "1, " "1, " "1, " "1, " "1, " "1, " "1, " "1, " "1, " "1, " "1, " "1, " "1, " "1, " "1, " "1, " "1, " "1, " "1, " "1, " "1, " "1, " "1, " "1, " "1, " "1, " "1, " "1, " "1, " "1, " "1, " "1, " "1, " "1, " "1, " "1, " "1, " "1, " "1, " "1, " "1, " "1, " "1, " "1, " "1, " "1, " "1, " "1, " "1, " "1, " "1, " "1, " "1, " "1, " "1, " "1, " "1, " "1, " "1, "0
 "Nei230, 0.396, " "0.583, " "1, " "1, " "1, " "1, " "1, " "1, " "1, " "1, " "1, " "1, " "1, " "1, " "1, " "1, " "1, " "1, " "1, " "1, " "1, " "1, " "1, " "1, " "1, " "1, " "1, " "1, " "1, " "1, " "1, " "1, " "1, " "1, " "1, " "1, " "1, " "1, " "1, " "1, " "1, " "1, " "1, " "1, " "1, " "1, " "1, " "1, " "1, " "1, " "1, " "1, " "1, " "1, " "1, " "1, " "1, " "1, " "1, " "1, " "1, " "1, " "1, " "1, " "1, " "1, " "1, " "1, " "1, " "1, " "1, " "1, " "1, " "1, " "1, " "1, " "1, " "1, " "1, " "1, " "1, " "1, " "1, " "1, " "1, " "1, " "1, " "1, " "1, " "1, " "1, " "1, " "1, " "1, " "1, " "1, " "1, " "1, " "1, " "1, " "1, " "1, " "1, " "1, " "1, " "1, " "1, " "1, " "1, " "1, " "1, " "1, " "1, " "1, " "1, " "1, " "1, " "1, " "1, " "1, " "1, " "1, " "1, " "1, " "1, " "1, " "1, " "1, " "1, " "1, " "1, " "1, " "1, " "1, " "1, " "1, " "1, " "1, " "1, " "1, " "1, " "1, " "1, " "1, " "1, " "1, " "1, " "1, " "1, " "1, " "1, " "1, " "1, " "1, " "1, " "1, " "1, " "1, " "1, " "1, " "1, " "1, " "1, " "1, " "1, " "1, " "1, " "1, " "1, " "1, " "1, " "1, " "1, " "1, " "1, " "1, " "1, " "1, " "1, " "1, " "1, " "1, " "1, " "1, " "1, " "1, " "1, " "1, " "1, " "1, " "1, " "1, " "1, " "1, " "1, " "1, " "1, " "1, " "1, " "1, " "1, " "1, " "1, " "1, " "1, " "1, " "1, " "1, " "1, " "1, " "1, " "1, " "1, " "1, " "1, " "1, " "1, " "1, " "1, " "1, " "1, " "1, " "1, " "1, " "1, " "1, " "1, " "1, " "1, " "1, " "1, " "1, " "0, " "1, " "1, " "1, " "1, " "1, " "1, " "1, " "1, " "1, " "1, " "1, " "1, " "1, " "1, " "1, " "1, " "1, " "1, " "1, " "1, " "1, " "1, " "1, " "1, " "1, " "1, " "1, " "1, " "1, " "1, " "1, " "1, " "1, " "1, " "1, " "1, " "1, " "1, " "1, " "1, " "1, " "1, " "1, " "1, " "1, " "1, " "1, " "1, " "1, " "1, " "1, " "1, " "1, " "1, " "1, " "1, " "1, " "1, " "1, " "1, " "1, " "1, " "1, " "1, " "1, " "1, " "1, " "1, " "1, " "1, " "1, " "1, " "1, " "1, " "1, " "1, " "1, " "1, " "1, " "1, " "1, " "1, " "1, " "1, " "1, " "1, " "1, " "1, " "1, " "1, " "1, " "1, " "1, " "1, " "1, " "1, " "1, " "1, " "1, " "1, " "1, " "1, " "1, " "1, " "1, " "1, " "1, " "1, " "1, " "1, " "1, " "1, " "1, " "1, " "1, " "1, " "1, " "1, " "1, " "1, " "1, " "1, " "1, " "1, " "1, " "1, " "1, " "1, " "1, " "1, " "1, " "1, " "1, " "1, " "1, " "1, " "1, " "1, " "1, " "1, " "1, " "1, " "1, " "1, " "1, " "1, " "1, " "1, " "1, " "1, " "1, " "1, " "1, " "1, " "1, " "1, " "1, " "1, " "1, " "1, " "1, " "1, " "1, " "1, " "1, " "1, " "1, " "1, " "1, " "1, " "1, " "1, " "1, " "1, " "1, " "1, " "1, " "1, " "1, " "1, " "1, " "1, " "1, " "1, " "1, " "1, " "1, " "1, " "1, " "1, " "1, " "1, " "1, " "1, " "1, " "1, " "1, " "1, " "1, " "1, " "1, " "1, " "1, " "1, " "1, " "1, " "1, " "1, " "1, " "1, " "1, " "1, " "1, " "1, " "1, " "1, " "1, " "1, " "1, " "1, " "1, " "1, " "1, " "1, " "1, " "1, " "1, " "1, " "1, " "1, " "1, " "1, " "1, " "1, " "1, " "1, " "1, " "1, " "1, " "1, " "1, " "1, " "1, " "1, " "1, " "1, " "1, " "1, " "1, " "1, " "1, " "1, " "1, " "1, " "1, " "1, " "1, " "1, " "1, " "1, " "1, " "1, " "1, " "1, " "1, " "1, " "1, " "1, " "1, " "1, " "1, " "1, " "1, " "1, " "1, " "1, " "1, " "1, " "1, " "1, " "1, " "1, "0
 "Nei231, 0.196, " "-0.722, " "1, " "1, " "1, " "1, " "1, " "1, " "1, " "1, " "1, " "1, " "1, " "1, " "1, " "1, " "1, " "1, " "1, " "1, " "1, " "1, " "1, " "1, " "1, " "1, " "1, " "1, " "1, " "1, " "1, " "1, " "1, " "1, " "1, " "1, " "1, " "1, " "1, " "1, " "1, " "1, " "1, " "1, " "1, " "1, " "1, " "1, " "1, " "1, " "1, " "1, " "1, " "1, " "1, " "1, " "1, " "1, " "1, " "1, " "1, " "1, " "1, " "1, " "1, " "1, " "1, " "1, " "1, " "1, " "1, " "1, " "1, " "1, " "1, " "1, " "1, " "1, " "1, " "1, " "1, " "1, " "1, " "1, " "1, " "1, " "1, " "1, " "1, " "1, " "1, " "1, " "1, " "1, " "1, " "1, " "1, " "1, " "1, " "1, " "1, " "1, " "1, " "1, " "1, " "1, " "1, " "1, " "1, " "1, " "1, " "1, " "1, " "1, " "1, " "1, " "1, " "1, " "1, " "1, " "1, " "1, " "1, " "1, " "1, " "1, " "1, " "1, " "1, " "1, " "1, " "1, " "1, " "1, " "1, " "1, " "1, " "1, " "1, " "1, " "1, " "1, " "1, " "1, " "1, " "1, " "1, " "1, " "1, " "1, " "1, " "1, " "1, " "1, " "1, " "1, " "1, " "1, " "1, " "1, " "1, " "1, " "1, " "1, " "1, " "1, " "1, " "1, " "1, " "1, " "1, " "1, " "1, " "1, " "1, " "1, " "1, " "1, " "1, " "1, " "1, " "1, " "1, " "1, " "1, " "1, " "1, " "1, " "1, " "1, " "1, " "1, " "1, " "1, " "1, " "1, " "1, " "1, " "1, " "1, " "1, " "1, " "1, " "1, " "1, " "1, " "1, " "1, " "1, " "1, " "1, " "1, " "1, " "1, " "1, " "1, " "1, " "1, " "1, " "1, " "1, " "1, " "1, " "1, " "1, " "1, " "1, " "1, " "1, " "1, " "1, " "1, " "1, " "0, " "1, " "1, " "1, " "1, " "1, " "1, " "1, " "1, " "1, " "1, " "1, " "1, " "1, " "1, " "1, " "1, " "1, " "1, " "1, " "1, " "1, " "1, " "1, " "1, " "1, " "1, " "1, " "1, " "1, " "1, " "1, " "1, " "1, " "1, " "1, " "1, " "1, " "1, " "1, " "1, " "1, " "1, " "1, " "1, " "1, " "1, " "1, " "1, " "1, " "1, " "1, " "1, " "1, " "1, " "1, " "1, " "1, " "1, " "1, " "1, " "1, " "1, " "1, " "1, " "1, " "1, " "1, " "1, " "1, " "1, " "1, " "1, " "1, " "1, " "1, " "1, " "1, " "1, " "1, " "1, " "1, " "1, " "1, " "1, " "1, " "1, " "1, " "1, " "1, " "1, " "1, " "1, " "1, " "1, " "1, " "1, " "1, " "1, " "1, " "1, " "1, " "1, " "1, " "1, " "1, " "1, " "1, " "1, " "1, " "1, " "1, " "1, " "1, " "1, " "1, " "1, " "1, " "1, " "1, " "1, " "1, " "1, " "1, " "1, " "1, " "1, " "1, " "1, " "1, " "1, " "1, " "1, " "1, " "1, " "1, " "1, " "1, " "1, " "1, " "1, " "1, " "1, " "1, " "1, " "1, " "1, " "1, " "1, " "1, " "1, " "1, " "1, " "1, " "1, " "1, " "1, " "1, " "1, " "1, " "1, " "1, " "1, " "1, " "1, " "1, " "1, " "1, " "1, " "1, " "1, " "1, " "1, " "1, " "1, " "1, " "1, " "1, " "1, " "1, " "1, " "1, " "1, " "1, " "1, " "1, " "1, " "1, " "1, " "1, " "1, " "1, " "1, " "1, " "1, " "1, " "1, " "1, " "1, " "1, " "1, " "1, " "1, " "1, " "1, " "1, " "1, " "1, " "1, " "1, " "1, " "1, " "1, " "1, " "1, " "1, " "1, " "1, " "1, " "1, " "1, " "1, " "1, " "1, " "1, " "1, " "1, " "1, " "1, " "1, " "1, " "1, " "1, " "1, " "1, " "1, " "1, " "1, " "1, " "1, " "1, " "1, " "1, " "1, " "1, " "1, " "1, " "1, " "1, " "1, " "1, " "1, " "1, " "1, " "1, " "1, " "1, " "1, " "1, " "1, " "1, " "1, " "1, " "1, " "1, " "1, " "1, " "1, " "1, " "1, " "1, " "1, " "1, " "1, " "1, " "1, " "1, " "1, " "1, " "1, " "1, " "1, "0
 "Nei232, 0.333, " "0.736, " "1, " "1, " "1, " "1, " "1, " "1, " "1, " "1, " "1, " "1, " "1, " "1, " "1, " "1, " "1, " "1, " "1, " "1, " "1, " "1, " "1, " "1, " "1, " "1, " "1, " "1, " "1, " "1, " "1, " "1, " "1, " "1, " "1, " "1, " "1, " "1, " "1, " "1, " "1, " "1, " "1, " "1, " "1, " "1, " "1, " "1, " "1, " "1, " "1, " "1, " "1, " "1, " "1, " "1, " "1, " "1, " "1, " "1, " "1, " "1, " "1, " "1, " "1, " "1, " "1, " "1, " "1, " "1, " "1, " "1, " "1, " "1, " "1, " "1, " "1, " "1, " "1, " "1, " "1, " "1, " "1, " "1, " "1, " "1, " "1, " "1, " "1, " "1, " "1, " "1, " "1, " "1, " "1, " "1, " "1, " "1, " "1, " "1, " "1, " "1, " "1, " "1, " "1, " "1, " "1, " "1, " "1, " "1, " "1, " "1, " "1, " "1, " "1, " "1, " "1, " "1, " "1, " "1, " "1, " "1, " "1, " "1, " "1, " "1, " "1, " "1, " "1, " "1, " "1, " "1, " "1, " "1, " "1, " "1, " "1, " "1, " "1, " "1, " "1, " "1, " "1, " "1, " "1, " "1, " "1, " "1, " "1, " "1, " "1, " "1, " "1, " "1, " "1, " "1, " "1, " "1, " "1, " "1, " "1, " "1, " "1, " "1, " "1, " "1, " "1, " "1, " "1, " "1, " "1, " "1, " "1, " "1, " "1, " "1, " "1, " "1, " "1, " "1, " "1, " "1, " "1, " "1, " "1, " "1, " "1, " "1, " "1, " "1, " "1, " "1, " "1, " "1, " "1, " "1, " "1, " "1, " "1, " "1, " "1, " "1, " "1, " "1, " "1, " "1, " "1, " "1, " "1, " "1, " "1, " "1, " "1, " "1, " "1, " "1, " "1, " "1, " "1, " "1, " "1, " "1, " "1, " "1, " "1, " "1, " "1, " "1, " "1, " "1, " "1, " "1, " "1, " "1, " "0, " "1, " "1, " "1, " "1, " "1, " "1, " "1, " "1, " "1, " "1, " "1, " "1, " "1, " "1, " "1, " "1, " "1, " "1, " "1, " "1, " "1, " "1, " "1, " "1, " "1, " "1, " "1, " "1, " "1, " "1, " "1, " "1, " "1, " "1, " "1, " "1, " "1, " "1, " "1, " "1, " "1, " "1, " "1, " "1, " "1, " "1, " "1, " "1, " "1, " "1, " "1, " "1, " "1, " "1, " "1, " "1, " "1, " "1, " "1, " "1, " "1, " "1, " "1, " "1, " "1, " "1, " "1, " "1, " "1, " "1, " "1, " "1, " "1, " "1, " "1, " "1, " "1, " "1, " "1, " "1, " "1, " "1, " "1, " "1, " "1, " "1, " "1, " "1, " "1, " "1, " "1, " "1, " "1, " "1, " "1, " "1, " "1, " "1, " "1, " "1, " "1, " "1, " "1, " "1, " "1, " "1, " "1, " "1, " "1, " "1, " "1, " "1, " "1, " "1, " "1, " "1, " "1, " "1, " "1, " "1, " "1, " "1, " "1, " "1, " "1, " "1, " "1, " "1, " "1, " "1, " "1, " "1, " "1, " "1, " "1, " "1, " "1, " "1, " "1, " "1, " "1, " "1, " "1, " "1, " "1, " "1, " "1, " "1, " "1, " "1, " "1, " "1, " "1, " "1, " "1, " "1, " "1, " "1, " "1, " "1, " "1, " "1, " "1, " "1, " "1, " "1, " "1, " "1, " "1, " "1, " "1, " "1, " "1, " "1, " "1, " "1, " "1, " "1, " "1, " "1, " "1, " "1, " "1, " "1, " "1, " "1, " "1, " "1, " "1, " "1, " "1, " "1, " "1, " "1, " "1, " "1, " "1, " "1, " "1, " "1, " "1, " "1, " "1, " "1, " "1, " "1, " "1, " "1, " "1, " "1, " "1, " "1, " "1, " "1, " "1, " "1, " "1, " "1, " "1, " "1, " "1, " "1, " "1, " "1, " "1, " "1, " "1, " "1, " "1, " "1, " "1, " "1, " "1, " "1, " "1, " "1, " "1, " "1, " "1, " "1, " "1, " "1, " "1, " "1, " "1, " "1, " "1, " "1, " "1, " "1, " "1, " "1, " "1, " "1, " "1, " "1, " "1, " "1, " "1, " "1, " "1, " "1, " "1, " "1, " "1, " "1, " "1, " "1, " "1, " "1, " "1, " "1, " "1, " "1, " "1, " "1, " "1, " "1, " "1, " "1, "0
 "Nei233, 0.088, " "0.068, " "1, " "1, " "1, " "1, " "1, " "1, " "1, " "1, " "1, " "1, " "1, " "1, " "1, " "1, " "1, " "1, " "1, " "1, " "1, " "1, " "1, " "1, " "1, " "1, " "1, " "1, " "1, " "1, " "1, " "1, " "1, " "1, " "1, " "1, " "1, " "1, " "1, " "1, " "1, " "1, " "1, " "1, " "1, " "1, " "1, " "1, " "1, " "1, " "1, " "1, " "1, " "1, " "1, " "1, " "1, " "1, " "1, " "1, " "1, " "1, " "1, " "1, " "1, " "1, " "1, " "1, " "1, " "1, " "1, " "1, " "1, " "1, " "1, " "1, " "1, " "1, " "1, " "1, " "1, " "1, " "1, " "1, " "1, " "1, " "1, " "1, " "1, " "1, " "1, " "1, " "1, " "1, " "1, " "1, " "1, " "1, " "1, " "1, " "1, " "1, " "1, " "1, " "1, " "1, " "1, " "1, " "1, " "1, " "1, " "1, " "1, " "1, " "1, " "1, " "1, " "1, " "1, " "1, " "1, " "1, " "1, " "1, " "1, " "1, " "1, " "1, " "1, " "1, " "1, " "1, " "1, " "1, " "1, " "1, " "1, " "1, " "1, " "1, " "1, " "1, " "1, " "1, " "1, " "1, " "1, " "1, " "1, " "1, " "1, " "1, " "1, " "1, " "1, " "1, " "1, " "1, " "1, " "1, " "1, " "1, " "1, " "1, " "1, " "1, " "1, " "1, " "1, " "1, " "1, " "1, " "1, " "1, " "1, " "1, " "1, " "1, " "1, " "1, " "1, " "1, " "1, " "1, " "1, " "1, " "1, " "1, " "1, " "1, " "1, " "1, " "1, " "1, " "1, " "1, " "1, " "1, " "1, " "1, " "1, " "1, " "1, " "1, " "1, " "1, " "1, " "1, " "1, " "1, " "1, " "1, " "1, " "1, " "1, " "1, " "1, " "1, " "1, " "1, " "1, " "1, " "1, " "1, " "1, " "1, " "1, " "1, " "1, " "1, " "1, " "1, " "1, " "1, " "1, " "0, " "1, " "1, " "1, " "1, " "1, " "1, " "1, " "1, " "1, " "1, " "1, " "1, " "1, " "1, " "1, " "1, " "1, " "1, " "1, " "1, " "1, " "1, " "1, " "1, " "1, " "1, " "1, " "1, " "1, " "1, " "1, " "1, " "1, " "1, " "1, " "1, " "1, " "1, " "1, " "1, " "1, " "1, " "1, " "1, " "1, " "1, " "1, " "1, " "1, " "1, " "1, " "1, " "1, " "1, " "1, " "1, " "1, " "1, " "1, " "1, " "1, " "1, " "1, " "1, " "1, " "1, " "1, " "1, " "1, " "1, " "1, " "1, " "1, " "1, " "1, " "1, " "1, " "1, " "1, " "1, " "1, " "1, " "1, " "1, " "1, " "1, " "1, " "1, " "1, " "1, " "1, " "1, " "1, " "1, " "1, " "1, " "1, " "1, " "1, " "1, " "1, " "1, " "1, " "1, " "1, " "1, " "1, " "1, " "1, " "1, " "1, " "1, " "1, " "1, " "1, " "1, " "1, " "1, " "1, " "1, " "1, " "1, " "1, " "1, " "1, " "1, " "1, " "1, " "1, " "1, " "1, " "1, " "1, " "1, " "1, " "1, " "1, " "1, " "1, " "1, " "1, " "1, " "1, " "1, " "1, " "1, " "1, " "1, " "1, " "1, " "1, " "1, " "1, " "1, " "1, " "1, " "1, " "1, " "1, " "1, " "1, " "1, " "1, " "1, " "1, " "1, " "1, " "1, " "1, " "1, " "1, " "1, " "1, " "1, " "1, " "1, " "1, " "1, " "1, " "1, " "1, " "1, " "1, " "1, " "1, " "1, " "1, " "1, " "1, " "1, " "1, " "1, " "1, " "1, " "1, " "1, " "1, " "1, " "1, " "1, " "1, " "1, " "1, " "1, " "1, " "1, " "1, " "1, " "1, " "1, " "1, " "1, " "1, " "1, " "1, " "1, " "1, " "1, " "1, " "1, " "1, " "1, " "1, " "1, " "1, " "1, " "1, " "1, " "1, " "1, " "1, " "1, " "1, " "1, " "1, " "1, " "1, " "1, " "1, " "1, " "1, " "1, " "1, " "1, " "1, " "1, " "1, " "1, " "1, " "1, " "1, " "1, " "1, " "1, " "1, " "1, " "1, " "1, " "1, " "1, " "1, " "1, " "1, " "1, " "1, " "1, " "1, " "1, " "1, " "1, " "1, " "1, " "1, " "1, " "1, " "1, " "1, " "1, " "1, "0
 "Nei234, 0.24, " "-0.489, " "1, " "1, " "1, " "1, " "1, " "1, " "1, " "1, " "1, " "1, " "1, " "1, " "1, " "1, " "1, " "1, " "1, " "1, " "1, " "1, " "1, " "1, " "1, " "1, " "1, " "1, " "1, " "1, " "1, " "1, " "1, " "1, " "1, " "1, " "1, " "1, " "1, " "1, " "1, " "1, " "1, " "1, " "1, " "1, " "1, " "1, " "1, " "1, " "1, " "1, " "1, " "1, " "1, " "1, " "1, " "1, " "1, " "1, " "1, " "1, " "1, " "1, " "1, " "1, " "1, " "1, " "1, " "1, " "1, " "1, " "1, " "1, " "1, " "1, " "1, " "1, " "1, " "1, " "1, " "1, " "1, " "1, " "1, " "1, " "1, " "1, " "1, " "1, " "1, " "1, " "1, " "1, " "1, " "1, " "1, " "1, " "1, " "1, " "1, " "1, " "1, " "1, " "1, " "1, " "1, " "1, " "1, " "1, " "1, " "1, " "1, " "1, " "1, " "1, " "1, " "1, " "1, " "1, " "1, " "1, " "1, " "1, " "1, " "1, " "1, " "1, " "1, " "1, " "1, " "1, " "1, " "1, " "1, " "1, " "1, " "1, " "1, " "1, " "1, " "1, " "1, " "1, " "1, " "1, " "1, " "1, " "1, " "1, " "1, " "1, " "1, " "1, " "1, " "1, " "1, " "1, " "1, " "1, " "1, " "1, " "1, " "1, " "1, " "1, " "1, " "1, " "1, " "1, " "1, " "1, " "1, " "1, " "1, " "1, " "1, " "1, " "1, " "1, " "1, " "1, " "1, " "1, " "1, " "1, " "1, " "1, " "1, " "1, " "1, " "1, " "1, " "1, " "1, " "1, " "1, " "1, " "1, " "1, " "1, " "1, " "1, " "1, " "1, " "1, " "1, " "1, " "1, " "1, " "1, " "1, " "1, " "1, " "1, " "1, " "1, " "1, " "1, " "1, " "1, " "1, " "1, " "1, " "1, " "1, " "1, " "1, " "1, " "1, " "1, " "1, " "1, " "1, " "1, " "1, " "0, " "1, " "1, " "1, " "1, " "1, " "1, " "1, " "1, " "1, " "1, " "1, " "1, " "1, " "1, " "1, " "1, " "1, " "1, " "1, " "1, " "1, " "1, " "1, " "1, " "1, " "1, " "1, " "1, " "1, " "1, " "1, " "1, " "1, " "1, " "1, " "1, " "1, " "1, " "1, " "1, " "1, " "1, " "1, " "1, " "1, " "1, " "1, " "1, " "1, " "1, " "1, " "1, " "1, " "1, " "1, " "1, " "1, " "1, " "1, " "1, " "1, " "1, " "1, " "1, " "1, " "1, " "1, " "1, " "1, " "1, " "1, " "1, " "1, " "1, " "1, " "1, " "1, " "1, " "1, " "1, " "1, " "1, " "1, " "1, " "1, " "1, " "1, " "1, " "1, " "1, " "1, " "1, " "1, " "1, " "1, " "1, " "1, " "1, " "1, " "1, " "1, " "1, " "1, " "1, " "1, " "1, " "1, " "1, " "1, " "1, " "1, " "1, " "1, " "1, " "1, " "1, " "1, " "1, " "1, " "1, " "1, " "1, " "1, " "1, " "1, " "1, " "1, " "1, " "1, " "1, " "1, " "1, " "1, " "1, " "1, " "1, " "1, " "1, " "1, " "1, " "1, " "1, " "1, " "1, " "1, " "1, " "1, " "1, " "1, " "1, " "1, " "1, " "1, " "1, " "1, " "1, " "1, " "1, " "1, " "1, " "1, " "1, " "1, " "1, " "1, " "1, " "1, " "1, " "1, " "1, " "1, " "1, " "1, " "1, " "1, " "1, " "1, " "1, " "1, " "1, " "1, " "1, " "1, " "1, " "1, " "1, " "1, " "1, " "1, " "1, " "1, " "1, " "1, " "1, " "1, " "1, " "1, " "1, " "1, " "1, " "1, " "1, " "1, " "1, " "1, " "1, " "1, " "1, " "1, " "1, " "1, " "1, " "1, " "1, " "1, " "1, " "1, " "1, " "1, " "1, " "1, " "1, " "1, " "1, " "1, " "1, " "1, " "1, " "1, " "1, " "1, " "1, " "1, " "1, " "1, " "1, " "1, " "1, " "1, " "1, " "1, " "1, " "1, " "1, " "1, " "1, " "1, " "1, " "1, " "1, " "1, " "1, " "1, " "1, " "1, " "1, " "1, " "1, " "1, " "1, " "1, " "1, " "1, " "1, " "1, " "1, " "1, " "1, " "1, " "1, " "1, " "1, " "1, " "1, " "1, " "1, " "1, " "1, "0
 "Nei235, 0.229, " "0.372, " "1, " "1, " "1, " "1, " "1, " "1, " "1, " "1, " "1, " "1, " "1, " "1, " "1, " "1, " "1, " "1, " "1, " "1, " "1, " "1, " "1, " "1, " "1, " "1, " "1, " "1, " "1, " "1, " "1, " "1, " "1, " "1, " "1, " "1, " "1, " "1, " "1, " "1, " "1, " "1, " "1, " "1, " "1, " "1, " "1, " "1, " "1, " "1, " "1, " "1, " "1, " "1, " "1, " "1, " "1, " "1, " "1, " "1, " "1, " "1, " "1, " "1, " "1, " "1, " "1, " "1, " "1, " "1, " "1, " "1, " "1, " "1, " "1, " "1, " "1, " "1, " "1, " "1, " "1, " "1, " "1, " "1, " "1, " "1, " "1, " "1, " "1, " "1, " "1, " "1, " "1, " "1, " "1, " "1, " "1, " "1, " "1, " "1, " "1, " "1, " "1, " "1, " "1, " "1, " "1, " "1, " "1, " "1, " "1, " "1, " "1, " "1, " "1, " "1, " "1, " "1, " "1, " "1, " "1, " "1, " "1, " "1, " "1, " "1, " "1, " "1, " "1, " "1, " "1, " "1, " "1, " "1, " "1, " "1, " "1, " "1, " "1, " "1, " "1, " "1, " "1, " "1, " "1, " "1, " "1, " "1, " "1, " "1, " "1, " "1, " "1, " "1, " "1, " "1, " "1, " "1, " "1, " "1, " "1, " "1, " "1, " "1, " "1, " "1, " "1, " "1, " "1, " "1, " "1, " "1, " "1, " "1, " "1, " "1, " "1, " "1, " "1, " "1, " "1, " "1, " "1, " "1, " "1, " "1, " "1, " "1, " "1, " "1, " "1, " "1, " "1, " "1, " "1, " "1, " "1, " "1, " "1, " "1, " "1, " "1, " "1, " "1, " "1, " "1, " "1, " "1, " "1, " "1, " "1, " "1, " "1, " "1, " "1, " "1, " "1, " "1, " "1, " "1, " "1, " "1, " "1, " "1, " "1, " "1, " "1, " "1, " "1, " "1, " "1, " "1, " "1, " "1, " "1, " "1, " "1, " "0, " "1, " "1, " "1, " "1, " "1, " "1, " "1, " "1, " "1, " "1, " "1, " "1, " "1, " "1, " "1, " "1, " "1, " "1, " "1, " "1, " "1, " "1, " "1, " "1, " "1, " "1, " "1, " "1, " "1, " "1, " "1, " "1, " "1, " "1, " "1, " "1, " "1, " "1, " "1, " "1, " "1, " "1, " "1, " "1, " "1, " "1, " "1, " "1, " "1, " "1, " "1, " "1, " "1, " "1, " "1, " "1, " "1, " "1, " "1, " "1, " "1, " "1, " "1, " "1, " "1, " "1, " "1, " "1, " "1, " "1, " "1, " "1, " "1, " "1, " "1, " "1, " "1, " "1, " "1, " "1, " "1, " "1, " "1, " "1, " "1, " "1, " "1, " "1, " "1, " "1, " "1, " "1, " "1, " "1, " "1, " "1, " "1, " "1, " "1, " "1, " "1, " "1, " "1, " "1, " "1, " "1, " "1, " "1, " "1, " "1, " "1, " "1, " "1, " "1, " "1, " "1, " "1, " "1, " "1, " "1, " "1, " "1, " "1, " "1, " "1, " "1, " "1, " "1, " "1, " "1, " "1, " "1, " "1, " "1, " "1, " "1, " "1, " "1, " "1, " "1, " "1, " "1, " "1, " "1, " "1, " "1, " "1, " "1, " "1, " "1, " "1, " "1, " "1, " "1, " "1, " "1, " "1, " "1, " "1, " "1, " "1, " "1, " "1, " "1, " "1, " "1, " "1, " "1, " "1, " "1, " "1, " "1, " "1, " "1, " "1, " "1, " "1, " "1, " "1, " "1, " "1, " "1, " "1, " "1, " "1, " "1, " "1, " "1, " "1, " "1, " "1, " "1, " "1, " "1, " "1, " "1, " "1, " "1, " "1, " "1, " "1, " "1, " "1, " "1, " "1, " "1, " "1, " "1, " "1, " "1, " "1, " "1, " "1, " "1, " "1, " "1, " "1, " "1, " "1, " "1, " "1, " "1, " "1, " "1, " "1, " "1, " "1, " "1, " "1, " "1, " "1, " "1, " "1, " "1, " "1, " "1, " "1, " "1, " "1, " "1, " "1, " "1, " "1, " "1, " "1, " "1, " "1, " "1, " "1, " "1, " "1, " "1, " "1, " "1, " "1, " "1, " "1, " "1, " "1, " "1, " "1, " "1, " "1, " "1, " "1, " "1, " "1, " "1, " "1, " "1, " "1, " "1, " "1, " "1, " "1, " "1, " "1, "0
 "Nei236, 0.394, " "0.808, " "1, " "1, " "1, " "1, " "1, " "1, " "1, " "1, " "1, " "1, " "1, " "1, " "1, " "1, " "1, " "1, " "1, " "1, " "1, " "1, " "1, " "1, " "1, " "1, " "1, " "1, " "1, " "1, " "1, " "1, " "1, " "1, " "1, " "1, " "1, " "1, " "1, " "1, " "1, " "1, " "1, " "1, " "1, " "1, " "1, " "1, " "1, " "1, " "1, " "1, " "1, " "1, " "1, " "1, " "1, " "1, " "1, " "1, " "1, " "1, " "1, " "1, " "1, " "1, " "1, " "1, " "1, " "1, " "1, " "1, " "1, " "1, " "1, " "1, " "1, " "1, " "1, " "1, " "1, " "1, " "1, " "1, " "1, " "1, " "1, " "1, " "1, " "1, " "1, " "1, " "1, " "1, " "1, " "1, " "1, " "1, " "1, " "1, " "1, " "1, " "1, " "1, " "1, " "1, " "1, " "1, " "1, " "1, " "1, " "1, " "1, " "1, " "1, " "1, " "1, " "1, " "1, " "1, " "1, " "1, " "1, " "1, " "1, " "1, " "1, " "1, " "1, " "1, " "1, " "1, " "1, " "1, " "1, " "1, " "1, " "1, " "1, " "1, " "1, " "1, " "1, " "1, " "1, " "1, " "1, " "1, " "1, " "1, " "1, " "1, " "1, " "1, " "1, " "1, " "1, " "1, " "1, " "1, " "1, " "1, " "1, " "1, " "1, " "1, " "1, " "1, " "1, " "1, " "1, " "1, " "1, " "1, " "1, " "1, " "1, " "1, " "1, " "1, " "1, " "1, " "1, " "1, " "1, " "1, " "1, " "1, " "1, " "1, " "1, " "1, " "1, " "1, " "1, " "1, " "1, " "1, " "1, " "1, " "1, " "1, " "1, " "1, " "1, " "1, " "1, " "1, " "1, " "1, " "1, " "1, " "1, " "1, " "1, " "1, " "1, " "1, " "1, " "1, " "1, " "1, " "1, " "1, " "1, " "1, " "1, " "1, " "1, " "1, " "1, " "1, " "1, " "1, " "1, " "1, " "1, " "1, " "0, " "1, " "1, " "1, " "1, " "1, " "1, " "1, " "1, " "1, " "1, " "1, " "1, " "1, " "1, " "1, " "1, " "1, " "1, " "1, " "1, " "1, " "1, " "1, " "1, " "1, " "1, " "1, " "1, " "1, " "1, " "1, " "1, " "1, " "1, " "1, " "1, " "1, " "1, " "1, " "1, " "1, " "1, " "1, " "1, " "1, " "1, " "1, " "1, " "1, " "1, " "1, " "1, " "1, " "1, " "1, " "1, " "1, " "1, " "1, " "1, " "1, " "1, " "1, " "1, " "1, " "1, " "1, " "1, " "1, " "1, " "1, " "1, " "1, " "1, " "1, " "1, " "1, " "1, " "1, " "1, " "1, " "1, " "1, " "1, " "1, " "1, " "1, " "1, " "1, " "1, " "1, " "1, " "1, " "1, " "1, " "1, " "1, " "1, " "1, " "1, " "1, " "1, " "1, " "1, " "1, " "1, " "1, " "1, " "1, " "1, " "1, " "1, " "1, " "1, " "1, " "1, " "1, " "1, " "1, " "1, " "1, " "1, " "1, " "1, " "1, " "1, " "1, " "1, " "1, " "1, " "1, " "1, " "1, " "1, " "1, " "1, " "1, " "1, " "1, " "1, " "1, " "1, " "1, " "1, " "1, " "1, " "1, " "1, " "1, " "1, " "1, " "1, " "1, " "1, " "1, " "1, " "1, " "1, " "1, " "1, " "1, " "1, " "1, " "1, " "1, " "1, " "1, " "1, " "1, " "1, " "1, " "1, " "1, " "1, " "1, " "1, " "1, " "1, " "1, " "1, " "1, " "1, " "1, " "1, " "1, " "1, " "1, " "1, " "1, " "1, " "1, " "1, " "1, " "1, " "1, " "1, " "1, " "1, " "1, " "1, " "1, " "1, " "1, " "1, " "1, " "1, " "1, " "1, " "1, " "1, " "1, " "1, " "1, " "1, " "1, " "1, " "1, " "1, " "1, " "1, " "1, " "1, " "1, " "1, " "1, " "1, " "1, " "1, " "1, " "1, " "1, " "1, " "1, " "1, " "1, " "1, " "1, " "1, " "1, " "1, " "1, " "1, " "1, " "1, " "1, " "1, " "1, " "1, " "1, " "1, " "1, " "1, " "1, " "1, " "1, " "1, " "1, " "1, " "1, " "1, " "1, " "1, " "1, " "1, " "1, " "1, " "1, " "1, " "1, " "1, " "1, " "1, " "1, " "1, " "1, " "1, "0
 "Nei237, 0.398, " "0.455, " "1, " "1, " "1, " "1, " "1, " "1, " "1, " "1, " "1, " "1, " "1, " "1, " "1, " "1, " "1, " "1, " "1, " "1, " "1, " "1, " "1, " "1, " "1, " "1, " "1, " "1, " "1, " "1, " "1, " "1, " "1, " "1, " "1, " "1, " "1, " "1, " "1, " "1, " "1, " "1, " "1, " "1, " "1, " "1, " "1, " "1, " "1, " "1, " "1, " "1, " "1, " "1, " "1, " "1, " "1, " "1, " "1, " "1, " "1, " "1, " "1, " "1, " "1, " "1, " "1, " "1, " "1, " "1, " "1, " "1, " "1, " "1, " "1, " "1, " "1, " "1, " "1, " "1, " "1, " "1, " "1, " "1, " "1, " "1, " "1, " "1, " "1, " "1, " "1, " "1, " "1, " "1, " "1, " "1, " "1, " "1, " "1, " "1, " "1, " "1, " "1, " "1, " "1, " "1, " "1, " "1, " "1, " "1, " "1, " "1, " "1, " "1, " "1, " "1, " "1, " "1, " "1, " "1, " "1, " "1, " "1, " "1, " "1, " "1, " "1, " "1, " "1, " "1, " "1, " "1, " "1, " "1, " "1, " "1, " "1, " "1, " "1, " "1, " "1, " "1, " "1, " "1, " "1, " "1, " "1, " "1, " "1, " "1, " "1, " "1, " "1, " "1, " "1, " "1, " "1, " "1, " "1, " "1, " "1, " "1, " "1, " "1, " "1, " "1, " "1, " "1, " "1, " "1, " "1, " "1, " "1, " "1, " "1, " "1, " "1, " "1, " "1, " "1, " "1, " "1, " "1, " "1, " "1, " "1, " "1, " "1, " "1, " "1, " "1, " "1, " "1, " "1, " "1, " "1, " "1, " "1, " "1, " "1, " "1, " "1, " "1, " "1, " "1, " "1, " "1, " "1, " "1, " "1, " "1, " "1, " "1, " "1, " "1, " "1, " "1, " "1, " "1, " "1, " "1, " "1, " "1, " "1, " "1, " "1, " "1, " "1, " "1, " "1, " "1, " "1, " "1, " "1, " "1, " "1, " "1, " "1, " "1, " "0, " "1, " "1, " "1, " "1, " "1, " "1, " "1, " "1, " "1, " "1, " "1, " "1, " "1, " "1, " "1, " "1, " "1, " "1, " "1, " "1, " "1, " "1, " "1, " "1, " "1, " "1, " "1, " "1, " "1, " "1, " "1, " "1, " "1, " "1, " "1, " "1, " "1, " "1, " "1, " "1, " "1, " "1, " "1, " "1, " "1, " "1, " "1, " "1, " "1, " "1, " "1, " "1, " "1, " "1, " "1, " "1, " "1, " "1, " "1, " "1, " "1, " "1, " "1, " "1, " "1, " "1, " "1, " "1, " "1, " "1, " "1, " "1, " "1, " "1, " "1, " "1, " "1, " "1, " "1, " "1, " "1, " "1, " "1, " "1, " "1, " "1, " "1, " "1, " "1, " "1, " "1, " "1, " "1, " "1, " "1, " "1, " "1, " "1, " "1, " "1, " "1, " "1, " "1, " "1, " "1, " "1, " "1, " "1, " "1, " "1, " "1, " "1, " "1, " "1, " "1, " "1, " "1, " "1, " "1, " "1, " "1, " "1, " "1, " "1, " "1, " "1, " "1, " "1, " "1, " "1, " "1, " "1, " "1, " "1, " "1, " "1, " "1, " "1, " "1, " "1, " "1, " "1, " "1, " "1, " "1, " "1, " "1, " "1, " "1, " "1, " "1, " "1, " "1, " "1, " "1, " "1, " "1, " "1, " "1, " "1, " "1, " "1, " "1, " "1, " "1, " "1, " "1, " "1, " "1, " "1, " "1, " "1, " "1, " "1, " "1, " "1, " "1, " "1, " "1, " "1, " "1, " "1, " "1, " "1, " "1, " "1, " "1, " "1, " "1, " "1, " "1, " "1, " "1, " "1, " "1, " "1, " "1, " "1, " "1, " "1, " "1, " "1, " "1, " "1, " "1, " "1, " "1, " "1, " "1, " "1, " "1, " "1, " "1, " "1, " "1, " "1, " "1, " "1, " "1, " "1, " "1, " "1, " "1, " "1, " "1, " "1, " "1, " "1, " "1, " "1, " "1, " "1, " "1, " "1, " "1, " "1, " "1, " "1, " "1, " "1, " "1, " "1, " "1, " "1, " "1, " "1, " "1, " "1, " "1, " "1, " "1, " "1, " "1, " "1, " "1, " "1, " "1, " "1, " "1, " "1, " "1, " "1, " "1, " "1, " "1, " "1, " "1, " "1, " "1, " "1, " "1, " "1, " "1, " "1, " "1, "0
 "Nei238, 0.029, " "0.657, " "1, " "1, " "1, " "1, " "1, " "1, " "1, " "1, " "1, " "1, " "1, " "1, " "1, " "1, " "1, " "1, " "1, " "1, " "1, " "1, " "1, " "1, " "1, " "1, " "1, " "1, " "1, " "1, " "1, " "1, " "1, " "1, " "1, " "1, " "1, " "1, " "1, " "1, " "1, " "1, " "1, " "1, " "1, " "1, " "1, " "1, " "1, " "1, " "1, " "1, " "1, " "1, " "1, " "1, " "1, " "1, " "1, " "1, " "1, " "1, " "1, " "1, " "1, " "1, " "1, " "1, " "1, " "1, " "1, " "1, " "1, " "1, " "1, " "1, " "1, " "1, " "1, " "1, " "1, " "1, " "1, " "1, " "1, " "1, " "1, " "1, " "1, " "1, " "1, " "1, " "1, " "1, " "1, " "1, " "1, " "1, " "1, " "1, " "1, " "1, " "1, " "1, " "1, " "1, " "1, " "1, " "1, " "1, " "1, " "1, " "1, " "1, " "1, " "1, " "1, " "1, " "1, " "1, " "1, " "1, " "1, " "1, " "1, " "1, " "1, " "1, " "1, " "1, " "1, " "1, " "1, " "1, " "1, " "1, " "1, " "1, " "1, " "1, " "1, " "1, " "1, " "1, " "1, " "1, " "1, " "1, " "1, " "1, " "1, " "1, " "1, " "1, " "1, " "1, " "1, " "1, " "1, " "1, " "1, " "1, " "1, " "1, " "1, " "1, " "1, " "1, " "1, " "1, " "1, " "1, " "1, " "1, " "1, " "1, " "1, " "1, " "1, " "1, " "1, " "1, " "1, " "1, " "1, " "1, " "1, " "1, " "1, " "1, " "1, " "1, " "1, " "1, " "1, " "1, " "1, " "1, " "1, " "1, " "1, " "1, " "1, " "1, " "1, " "1, " "1, " "1, " "1, " "1, " "1, " "1, " "1, " "1, " "1, " "1, " "1, " "1, " "1, " "1, " "1, " "1, " "1, " "1, " "1, " "1, " "1, " "1, " "1, " "1, " "1, " "1, " "1, " "1, " "1, " "1, " "1, " "1, " "1, " "1, " "0, " "1, " "1, " "1, " "1, " "1, " "1, " "1, " "1, " "1, " "1, " "1, " "1, " "1, " "1, " "1, " "1, " "1, " "1, " "1, " "1, " "1, " "1, " "1, " "1, " "1, " "1, " "1, " "1, " "1, " "1, " "1, " "1, " "1, " "1, " "1, " "1, " "1, " "1, " "1, " "1, " "1, " "1, " "1, " "1, " "1, " "1, " "1, " "1, " "1, " "1, " "1, " "1, " "1, " "1, " "1, " "1, " "1, " "1, " "1, " "1, " "1, " "1, " "1, " "1, " "1, " "1, " "1, " "1, " "1, " "1, " "1, " "1, " "1, " "1, " "1, " "1, " "1, " "1, " "1, " "1, " "1, " "1, " "1, " "1, " "1, " "1, " "1, " "1, " "1, " "1, " "1, " "1, " "1, " "1, " "1, " "1, " "1, " "1, " "1, " "1, " "1, " "1, " "1, " "1, " "1, " "1, " "1, " "1, " "1, " "1, " "1, " "1, " "1, " "1, " "1, " "1, " "1, " "1, " "1, " "1, " "1, " "1, " "1, " "1, " "1, " "1, " "1, " "1, " "1, " "1, " "1, " "1, " "1, " "1, " "1, " "1, " "1, " "1, " "1, " "1, " "1, " "1, " "1, " "1, " "1, " "1, " "1, " "1, " "1, " "1, " "1, " "1, " "1, " "1, " "1, " "1, " "1, " "1, " "1, " "1, " "1, " "1, " "1, " "1, " "1, " "1, " "1, " "1, " "1, " "1, " "1, " "1, " "1, " "1, " "1, " "1, " "1, " "1, " "1, " "1, " "1, " "1, " "1, " "1, " "1, " "1, " "1, " "1, " "1, " "1, " "1, " "1, " "1, " "1, " "1, " "1, " "1, " "1, " "1, " "1, " "1, " "1, " "1, " "1, " "1, " "1, " "1, " "1, " "1, " "1, " "1, " "1, " "1, " "1, " "1, " "1, " "1, " "1, " "1, " "1, " "1, " "1, " "1, " "1, " "1, " "1, " "1, " "1, " "1, " "1, " "1, " "1, " "1, " "1, " "1, " "1, " "1, " "1, " "1, " "1, " "1, " "1, " "1, " "1, " "1, " "1, " "1, " "1, " "1, " "1, " "1, " "1, " "1, " "1, " "1, " "1, " "1, " "1, " "1, " "1, " "1, " "1, " "1, " "1, " "1, " "1, " "1, " "1, " "1, " "1, " "1, " "1, " "1, " "1, "0
 "Nei239, 0.287, " "0.16, " "1, " "1, " "1, " "1, " "1, " "1, " "1, " "1, " "1, " "1, " "1, " "1, " "1, " "1, " "1, " "1, " "1, " "1, " "1, " "1, " "1, " "1, " "1, " "1, " "1, " "1, " "1, " "1, " "1, " "1, " "1, " "1, " "1, " "1, " "1, " "1, " "1, " "1, " "1, " "1, " "1, " "1, " "1, " "1, " "1, " "1, " "1, " "1, " "1, " "1, " "1, " "1, " "1, " "1, " "1, " "1, " "1, " "1, " "1, " "1, " "1, " "1, " "1, " "1, " "1, " "1, " "1, " "1, " "1, " "1, " "1, " "1, " "1, " "1, " "1, " "1, " "1, " "1, " "1, " "1, " "1, " "1, " "1, " "1, " "1, " "1, " "1, " "1, " "1, " "1, " "1, " "1, " "1, " "1, " "1, " "1, " "1, " "1, " "1, " "1, " "1, " "1, " "1, " "1, " "1, " "1, " "1, " "1, " "1, " "1, " "1, " "1, " "1, " "1, " "1, " "1, " "1, " "1, " "1, " "1, " "1, " "1, " "1, " "1, " "1, " "1, " "1, " "1, " "1, " "1, " "1, " "1, " "1, " "1, " "1, " "1, " "1, " "1, " "1, " "1, " "1, " "1, " "1, " "1, " "1, " "1, " "1, " "1, " "1, " "1, " "1, " "1, " "1, " "1, " "1, " "1, " "1, " "1, " "1, " "1, " "1, " "1, " "1, " "1, " "1, " "1, " "1, " "1, " "1, " "1, " "1, " "1, " "1, " "1, " "1, " "1, " "1, " "1, " "1, " "1, " "1, " "1, " "1, " "1, " "1, " "1, " "1, " "1, " "1, " "1, " "1, " "1, " "1, " "1, " "1, " "1, " "1, " "1, " "1, " "1, " "1, " "1, " "1, " "1, " "1, " "1, " "1, " "1, " "1, " "1, " "1, " "1, " "1, " "1, " "1, " "1, " "1, " "1, " "1, " "1, " "1, " "1, " "1, " "1, " "1, " "1, " "1, " "1, " "1, " "1, " "1, " "1, " "1, " "1, " "1, " "1, " "1, " "1, " "1, " "0, " "1, " "1, " "1, " "1, " "1, " "1, " "1, " "1, " "1, " "1, " "1, " "1, " "1, " "1, " "1, " "1, " "1, " "1, " "1, " "1, " "1, " "1, " "1, " "1, " "1, " "1, " "1, " "1, " "1, " "1, " "1, " "1, " "1, " "1, " "1, " "1, " "1, " "1, " "1, " "1, " "1, " "1, " "1, " "1, " "1, " "1, " "1, " "1, " "1, " "1, " "1, " "1, " "1, " "1, " "1, " "1, " "1, " "1, " "1, " "1, " "1, " "1, " "1, " "1, " "1, " "1, " "1, " "1, " "1, " "1, " "1, " "1, " "1, " "1, " "1, " "1, " "1, " "1, " "1, " "1, " "1, " "1, " "1, " "1, " "1, " "1, " "1, " "1, " "1, " "1, " "1, " "1, " "1, " "1, " "1, " "1, " "1, " "1, " "1, " "1, " "1, " "1, " "1, " "1, " "1, " "1, " "1, " "1, " "1, " "1, " "1, " "1, " "1, " "1, " "1, " "1, " "1, " "1, " "1, " "1, " "1, " "1, " "1, " "1, " "1, " "1, " "1, " "1, " "1, " "1, " "1, " "1, " "1, " "1, " "1, " "1, " "1, " "1, " "1, " "1, " "1, " "1, " "1, " "1, " "1, " "1, " "1, " "1, " "1, " "1, " "1, " "1, " "1, " "1, " "1, " "1, " "1, " "1, " "1, " "1, " "1, " "1, " "1, " "1, " "1, " "1, " "1, " "1, " "1, " "1, " "1, " "1, " "1, " "1, " "1, " "1, " "1, " "1, " "1, " "1, " "1, " "1, " "1, " "1, " "1, " "1, " "1, " "1, " "1, " "1, " "1, " "1, " "1, " "1, " "1, " "1, " "1, " "1, " "1, " "1, " "1, " "1, " "1, " "1, " "1, " "1, " "1, " "1, " "1, " "1, " "1, " "1, " "1, " "1, " "1, " "1, " "1, " "1, " "1, " "1, " "1, " "1, " "1, " "1, " "1, " "1, " "1, " "1, " "1, " "1, " "1, " "1, " "1, " "1, " "1, " "1, " "1, " "1, " "1, " "1, " "1, " "1, " "1, " "1, " "1, " "1, " "1, " "1, " "1, " "1, " "1, " "1, " "1, " "1, " "1, " "1, " "1, " "1, " "1, " "1, " "1, " "1, " "1, " "1, " "1, " "1, " "1, " "1, " "1, " "1, " "1, " "1, " "1, "0
 "Nei240, 0.304, " "0.623, " "1, " "1, " "1, " "1, " "1, " "1, " "1, " "1, " "1, " "1, " "1, " "1, " "1, " "1, " "1, " "1, " "1, " "1, " "1, " "1, " "1, " "1, " "1, " "1, " "1, " "1, " "1, " "1, " "1, " "1, " "1, " "1, " "1, " "1, " "1, " "1, " "1, " "1, " "1, " "1, " "1, " "1, " "1, " "1, " "1, " "1, " "1, " "1, " "1, " "1, " "1, " "1, " "1, " "1, " "1, " "1, " "1, " "1, " "1, " "1, " "1, " "1, " "1, " "1, " "1, " "1, " "1, " "1, " "1, " "1, " "1, " "1, " "1, " "1, " "1, " "1, " "1, " "1, " "1, " "1, " "1, " "1, " "1, " "1, " "1, " "1, " "1, " "1, " "1, " "1, " "1, " "1, " "1, " "1, " "1, " "1, " "1, " "1, " "1, " "1, " "1, " "1, " "1, " "1, " "1, " "1, " "1, " "1, " "1, " "1, " "1, " "1, " "1, " "1, " "1, " "1, " "1, " "1, " "1, " "1, " "1, " "1, " "1, " "1, " "1, " "1, " "1, " "1, " "1, " "1, " "1, " "1, " "1, " "1, " "1, " "1, " "1, " "1, " "1, " "1, " "1, " "1, " "1, " "1, " "1, " "1, " "1, " "1, " "1, " "1, " "1, " "1, " "1, " "1, " "1, " "1, " "1, " "1, " "1, " "1, " "1, " "1, " "1, " "1, " "1, " "1, " "1, " "1, " "1, " "1, " "1, " "1, " "1, " "1, " "1, " "1, " "1, " "1, " "1, " "1, " "1, " "1, " "1, " "1, " "1, " "1, " "1, " "1, " "1, " "1, " "1, " "1, " "1, " "1, " "1, " "1, " "1, " "1, " "1, " "1, " "1, " "1, " "1, " "1, " "1, " "1, " "1, " "1, " "1, " "1, " "1, " "1, " "1, " "1, " "1, " "1, " "1, " "1, " "1, " "1, " "1, " "1, " "1, " "1, " "1, " "1, " "1, " "1, " "1, " "1, " "1, " "1, " "1, " "1, " "1, " "1, " "1, " "1, " "1, " "1, " "0, " "1, " "1, " "1, " "1, " "1, " "1, " "1, " "1, " "1, " "1, " "1, " "1, " "1, " "1, " "1, " "1, " "1, " "1, " "1, " "1, " "1, " "1, " "1, " "1, " "1, " "1, " "1, " "1, " "1, " "1, " "1, " "1, " "1, " "1, " "1, " "1, " "1, " "1, " "1, " "1, " "1, " "1, " "1, " "1, " "1, " "1, " "1, " "1, " "1, " "1, " "1, " "1, " "1, " "1, " "1, " "1, " "1, " "1, " "1, " "1, " "1, " "1, " "1, " "1, " "1, " "1, " "1, " "1, " "1, " "1, " "1, " "1, " "1, " "1, " "1, " "1, " "1, " "1, " "1, " "1, " "1, " "1, " "1, " "1, " "1, " "1, " "1, " "1, " "1, " "1, " "1, " "1, " "1, " "1, " "1, " "1, " "1, " "1, " "1, " "1, " "1, " "1, " "1, " "1, " "1, " "1, " "1, " "1, " "1, " "1, " "1, " "1, " "1, " "1, " "1, " "1, " "1, " "1, " "1, " "1, " "1, " "1, " "1, " "1, " "1, " "1, " "1, " "1, " "1, " "1, " "1, " "1, " "1, " "1, " "1, " "1, " "1, " "1, " "1, " "1, " "1, " "1, " "1, " "1, " "1, " "1, " "1, " "1, " "1, " "1, " "1, " "1, " "1, " "1, " "1, " "1, " "1, " "1, " "1, " "1, " "1, " "1, " "1, " "1, " "1, " "1, " "1, " "1, " "1, " "1, " "1, " "1, " "1, " "1, " "1, " "1, " "1, " "1, " "1, " "1, " "1, " "1, " "1, " "1, " "1, " "1, " "1, " "1, " "1, " "1, " "1, " "1, " "1, " "1, " "1, " "1, " "1, " "1, " "1, " "1, " "1, " "1, " "1, " "1, " "1, " "1, " "1, " "1, " "1, " "1, " "1, " "1, " "1, " "1, " "1, " "1, " "1, " "1, " "1, " "1, " "1, " "1, " "1, " "1, " "1, " "1, " "1, " "1, " "1, " "1, " "1, " "1, " "1, " "1, " "1, " "1, " "1, " "1, " "1, " "1, " "1, " "1, " "1, " "1, " "1, " "1, " "1, " "1, " "1, " "1, " "1, " "1, " "1, " "1, " "1, " "1, " "1, " "1, " "1, " "1, " "1, " "1, " "1, " "1, " "1, " "1, " "1, " "1, " "1, " "1, " "1, " "1, "0
 "Nei241, 0.087, " "-0.757, " "1, " "1, " "1, " "1, " "1, " "1, " "1, " "1, " "1, " "1, " "1, " "1, " "1, " "1, " "1, " "1, " "1, " "1, " "1, " "1, " "1, " "1, " "1, " "1, " "1, " "1, " "1, " "1, " "1, " "1, " "1, " "1, " "1, " "1, " "1, " "1, " "1, " "1, " "1, " "1, " "1, " "1, " "1, " "1, " "1, " "1, " "1, " "1, " "1, " "1, " "1, " "1, " "1, " "1, " "1, " "1, " "1, " "1, " "1, " "1, " "1, " "1, " "1, " "1, " "1, " "1, " "1, " "1, " "1, " "1, " "1, " "1, " "1, " "1, " "1, " "1, " "1, " "1, " "1, " "1, " "1, " "1, " "1, " "1, " "1, " "1, " "1, " "1, " "1, " "1, " "1, " "1, " "1, " "1, " "1, " "1, " "1, " "1, " "1, " "1, " "1, " "1, " "1, " "1, " "1, " "1, " "1, " "1, " "1, " "1, " "1, " "1, " "1, " "1, " "1, " "1, " "1, " "1, " "1, " "1, " "1, " "1, " "1, " "1, " "1, " "1, " "1, " "1, " "1, " "1, " "1, " "1, " "1, " "1, " "1, " "1, " "1, " "1, " "1, " "1, " "1, " "1, " "1, " "1, " "1, " "1, " "1, " "1, " "1, " "1, " "1, " "1, " "1, " "1, " "1, " "1, " "1, " "1, " "1, " "1, " "1, " "1, " "1, " "1, " "1, " "1, " "1, " "1, " "1, " "1, " "1, " "1, " "1, " "1, " "1, " "1, " "1, " "1, " "1, " "1, " "1, " "1, " "1, " "1, " "1, " "1, " "1, " "1, " "1, " "1, " "1, " "1, " "1, " "1, " "1, " "1, " "1, " "1, " "1, " "1, " "1, " "1, " "1, " "1, " "1, " "1, " "1, " "1, " "1, " "1, " "1, " "1, " "1, " "1, " "1, " "1, " "1, " "1, " "1, " "1, " "1, " "1, " "1, " "1, " "1, " "1, " "1, " "1, " "1, " "1, " "1, " "1, " "1, " "1, " "1, " "1, " "1, " "1, " "1, " "1, " "1, " "0, " "1, " "1, " "1, " "1, " "1, " "1, " "1, " "1, " "1, " "1, " "1, " "1, " "1, " "1, " "1, " "1, " "1, " "1, " "1, " "1, " "1, " "1, " "1, " "1, " "1, " "1, " "1, " "1, " "1, " "1, " "1, " "1, " "1, " "1, " "1, " "1, " "1, " "1, " "1, " "1, " "1, " "1, " "1, " "1, " "1, " "1, " "1, " "1, " "1, " "1, " "1, " "1, " "1, " "1, " "1, " "1, " "1, " "1, " "1, " "1, " "1, " "1, " "1, " "1, " "1, " "1, " "1, " "1, " "1, " "1, " "1, " "1, " "1, " "1, " "1, " "1, " "1, " "1, " "1, " "1, " "1, " "1, " "1, " "1, " "1, " "1, " "1, " "1, " "1, " "1, " "1, " "1, " "1, " "1, " "1, " "1, " "1, " "1, " "1, " "1, " "1, " "1, " "1, " "1, " "1, " "1, " "1, " "1, " "1, " "1, " "1, " "1, " "1, " "1, " "1, " "1, " "1, " "1, " "1, " "1, " "1, " "1, " "1, " "1, " "1, " "1, " "1, " "1, " "1, " "1, " "1, " "1, " "1, " "1, " "1, " "1, " "1, " "1, " "1, " "1, " "1, " "1, " "1, " "1, " "1, " "1, " "1, " "1, " "1, " "1, " "1, " "1, " "1, " "1, " "1, " "1, " "1, " "1, " "1, " "1, " "1, " "1, " "1, " "1, " "1, " "1, " "1, " "1, " "1, " "1, " "1, " "1, " "1, " "1, " "1, " "1, " "1, " "1, " "1, " "1, " "1, " "1, " "1, " "1, " "1, " "1, " "1, " "1, " "1, " "1, " "1, " "1, " "1, " "1, " "1, " "1, " "1, " "1, " "1, " "1, " "1, " "1, " "1, " "1, " "1, " "1, " "1, " "1, " "1, " "1, " "1, " "1, " "1, " "1, " "1, " "1, " "1, " "1, " "1, " "1, " "1, " "1, " "1, " "1, " "1, " "1, " "1, " "1, " "1, " "1, " "1, " "1, " "1, " "1, " "1, " "1, " "1, " "1, " "1, " "1, " "1, " "1, " "1, " "1, " "1, " "1, " "1, " "1, " "1, " "1, " "1, " "1, " "1, " "1, " "1, " "1, " "1, " "1, " "1, " "1, " "1, " "1, " "1, " "1, " "1, " "1, " "1, " "1, " "1, " "1, " "1, "0
 "Nei242, 0.374, " "0.18, " "1, " "1, " "1, " "1, " "1, " "1, " "1, " "1, " "1, " "1, " "1, " "1, " "1, " "1, " "1, " "1, " "1, " "1, " "1, " "1, " "1, " "1, " "1, " "1, " "1, " "1, " "1, " "1, " "1, " "1, " "1, " "1, " "1, " "1, " "1, " "1, " "1, " "1, " "1, " "1, " "1, " "1, " "1, " "1, " "1, " "1, " "1, " "1, " "1, " "1, " "1, " "1, " "1, " "1, " "1, " "1, " "1, " "1, " "1, " "1, " "1, " "1, " "1, " "1, " "1, " "1, " "1, " "1, " "1, " "1, " "1, " "1, " "1, " "1, " "1, " "1, " "1, " "1, " "1, " "1, " "1, " "1, " "1, " "1, " "1, " "1, " "1, " "1, " "1, " "1, " "1, " "1, " "1, " "1, " "1, " "1, " "1, " "1, " "1, " "1, " "1, " "1, " "1, " "1, " "1, " "1, " "1, " "1, " "1, " "1, " "1, " "1, " "1, " "1, " "1, " "1, " "1, " "1, " "1, " "1, " "1, " "1, " "1, " "1, " "1, " "1, " "1, " "1, " "1, " "1, " "1, " "1, " "1, " "1, " "1, " "1, " "1, " "1, " "1, " "1, " "1, " "1, " "1, " "1, " "1, " "1, " "1, " "1, " "1, " "1, " "1, " "1, " "1, " "1, " "1, " "1, " "1, " "1, " "1, " "1, " "1, " "1, " "1, " "1, " "1, " "1, " "1, " "1, " "1, " "1, " "1, " "1, " "1, " "1, " "1, " "1, " "1, " "1, " "1, " "1, " "1, " "1, " "1, " "1, " "1, " "1, " "1, " "1, " "1, " "1, " "1, " "1, " "1, " "1, " "1, " "1, " "1, " "1, " "1, " "1, " "1, " "1, " "1, " "1, " "1, " "1, " "1, " "1, " "1, " "1, " "1, " "1, " "1, " "1, " "1, " "1, " "1, " "1, " "1, " "1, " "1, " "1, " "1, " "1, " "1, " "1, " "1, " "1, " "1, " "1, " "1, " "1, " "1, " "1, " "1, " "1, " "1, " "1, " "1, " "1, " "1, " "1, " "0, " "1, " "1, " "1, " "1, " "1, " "1, " "1, " "1, " "1, " "1, " "1, " "1, " "1, " "1, " "1, " "1, " "1, " "1, " "1, " "1, " "1, " "1, " "1, " "1, " "1, " "1, " "1, " "1, " "1, " "1, " "1, " "1, " "1, " "1, " "1, " "1, " "1, " "1, " "1, " "1, " "1, " "1, " "1, " "1, " "1, " "1, " "1, " "1, " "1, " "1, " "1, " "1, " "1, " "1, " "1, " "1, " "1, " "1, " "1, " "1, " "1, " "1, " "1, " "1, " "1, " "1, " "1, " "1, " "1, " "1, " "1, " "1, " "1, " "1, " "1, " "1, " "1, " "1, " "1, " "1, " "1, " "1, " "1, " "1, " "1, " "1, " "1, " "1, " "1, " "1, " "1, " "1, " "1, " "1, " "1, " "1, " "1, " "1, " "1, " "1, " "1, " "1, " "1, " "1, " "1, " "1, " "1, " "1, " "1, " "1, " "1, " "1, " "1, " "1, " "1, " "1, " "1, " "1, " "1, " "1, " "1, " "1, " "1, " "1, " "1, " "1, " "1, " "1, " "1, " "1, " "1, " "1, " "1, " "1, " "1, " "1, " "1, " "1, " "1, " "1, " "1, " "1, " "1, " "1, " "1, " "1, " "1, " "1, " "1, " "1, " "1, " "1, " "1, " "1, " "1, " "1, " "1, " "1, " "1, " "1, " "1, " "1, " "1, " "1, " "1, " "1, " "1, " "1, " "1, " "1, " "1, " "1, " "1, " "1, " "1, " "1, " "1, " "1, " "1, " "1, " "1, " "1, " "1, " "1, " "1, " "1, " "1, " "1, " "1, " "1, " "1, " "1, " "1, " "1, " "1, " "1, " "1, " "1, " "1, " "1, " "1, " "1, " "1, " "1, " "1, " "1, " "1, " "1, " "1, " "1, " "1, " "1, " "1, " "1, " "1, " "1, " "1, " "1, " "1, " "1, " "1, " "1, " "1, " "1, " "1, " "1, " "1, " "1, " "1, " "1, " "1, " "1, " "1, " "1, " "1, " "1, " "1, " "1, " "1, " "1, " "1, " "1, " "1, " "1, " "1, " "1, " "1, " "1, " "1, " "1, " "1, " "1, " "1, " "1, " "1, " "1, " "1, " "1, " "1, " "1, " "1, " "1, " "1, " "1, " "1, " "1, " "1, " "1, " "1, " "1, "0
 "Nei243, 0.108, " "0.516, " "1, " "1, " "1, " "1, " "1, " "1, " "1, " "1, " "1, " "1, " "1, " "1, " "1, " "1, " "1, " "1, " "1, " "1, " "1, " "1, " "1, " "1, " "1, " "1, " "1, " "1, " "1, " "1, " "1, " "1, " "1, " "1, " "1, " "1, " "1, " "1, " "1, " "1, " "1, " "1, " "1, " "1, " "1, " "1, " "1, " "1, " "1, " "1, " "1, " "1, " "1, " "1, " "1, " "1, " "1, " "1, " "1, " "1, " "1, " "1, " "1, " "1, " "1, " "1, " "1, " "1, " "1, " "1, " "1, " "1, " "1, " "1, " "1, " "1, " "1, " "1, " "1, " "1, " "1, " "1, " "1, " "1, " "1, " "1, " "1, " "1, " "1, " "1, " "1, " "1, " "1, " "1, " "1, " "1, " "1, " "1, " "1, " "1, " "1, " "1, " "1, " "1, " "1, " "1, " "1, " "1, " "1, " "1, " "1, " "1, " "1, " "1, " "1, " "1, " "1, " "1, " "1, " "1, " "1, " "1, " "1, " "1, " "1, " "1, " "1, " "1, " "1, " "1, " "1, " "1, " "1, " "1, " "1, " "1, " "1, " "1, " "1, " "1, " "1, " "1, " "1, " "1, " "1, " "1, " "1, " "1, " "1, " "1, " "1, " "1, " "1, " "1, " "1, " "1, " "1, " "1, " "1, " "1, " "1, " "1, " "1, " "1, " "1, " "1, " "1, " "1, " "1, " "1, " "1, " "1, " "1, " "1, " "1, " "1, " "1, " "1, " "1, " "1, " "1, " "1, " "1, " "1, " "1, " "1, " "1, " "1, " "1, " "1, " "1, " "1, " "1, " "1, " "1, " "1, " "1, " "1, " "1, " "1, " "1, " "1, " "1, " "1, " "1, " "1, " "1, " "1, " "1, " "1, " "1, " "1, " "1, " "1, " "1, " "1, " "1, " "1, " "1, " "1, " "1, " "1, " "1, " "1, " "1, " "1, " "1, " "1, " "1, " "1, " "1, " "1, " "1, " "1, " "1, " "1, " "1, " "1, " "1, " "1, " "1, " "1, " "1, " "1, " "1, " "0, " "1, " "1, " "1, " "1, " "1, " "1, " "1, " "1, " "1, " "1, " "1, " "1, " "1, " "1, " "1, " "1, " "1, " "1, " "1, " "1, " "1, " "1, " "1, " "1, " "1, " "1, " "1, " "1, " "1, " "1, " "1, " "1, " "1, " "1, " "1, " "1, " "1, " "1, " "1, " "1, " "1, " "1, " "1, " "1, " "1, " "1, " "1, " "1, " "1, " "1, " "1, " "1, " "1, " "1, " "1, " "1, " "1, " "1, " "1, " "1, " "1, " "1, " "1, " "1, " "1, " "1, " "1, " "1, " "1, " "1, " "1, " "1, " "1, " "1, " "1, " "1, " "1, " "1, " "1, " "1, " "1, " "1, " "1, " "1, " "1, " "1, " "1, " "1, " "1, " "1, " "1, " "1, " "1, " "1, " "1, " "1, " "1, " "1, " "1, " "1, " "1, " "1, " "1, " "1, " "1, " "1, " "1, " "1, " "1, " "1, " "1, " "1, " "1, " "1, " "1, " "1, " "1, " "1, " "1, " "1, " "1, " "1, " "1, " "1, " "1, " "1, " "1, " "1, " "1, " "1, " "1, " "1, " "1, " "1, " "1, " "1, " "1, " "1, " "1, " "1, " "1, " "1, " "1, " "1, " "1, " "1, " "1, " "1, " "1, " "1, " "1, " "1, " "1, " "1, " "1, " "1, " "1, " "1, " "1, " "1, " "1, " "1, " "1, " "1, " "1, " "1, " "1, " "1, " "1, " "1, " "1, " "1, " "1, " "1, " "1, " "1, " "1, " "1, " "1, " "1, " "1, " "1, " "1, " "1, " "1, " "1, " "1, " "1, " "1, " "1, " "1, " "1, " "1, " "1, " "1, " "1, " "1, " "1, " "1, " "1, " "1, " "1, " "1, " "1, " "1, " "1, " "1, " "1, " "1, " "1, " "1, " "1, " "1, " "1, " "1, " "1, " "1, " "1, " "1, " "1, " "1, " "1, " "1, " "1, " "1, " "1, " "1, " "1, " "1, " "1, " "1, " "1, " "1, " "1, " "1, " "1, " "1, " "1, " "1, " "1, " "1, " "1, " "1, " "1, " "1, " "1, " "1, " "1, " "1, " "1, " "1, " "1, " "1, " "1, " "1, " "1, " "1, " "1, " "1, " "1, " "1, " "1, " "1, " "1, " "1, " "1, " "1, " "1, " "1, "0
 "Nei244, 0.205, " "0.921, " "1, " "1, " "1, " "1, " "1, " "1, " "1, " "1, " "1, " "1, " "1, " "1, " "1, " "1, " "1, " "1, " "1, " "1, " "1, " "1, " "1, " "1, " "1, " "1, " "1, " "1, " "1, " "1, " "1, " "1, " "1, " "1, " "1, " "1, " "1, " "1, " "1, " "1, " "1, " "1, " "1, " "1, " "1, " "1, " "1, " "1, " "1, " "1, " "1, " "1, " "1, " "1, " "1, " "1, " "1, " "1, " "1, " "1, " "1, " "1, " "1, " "1, " "1, " "1, " "1, " "1, " "1, " "1, " "1, " "1, " "1, " "1, " "1, " "1, " "1, " "1, " "1, " "1, " "1, " "1, " "1, " "1, " "1, " "1, " "1, " "1, " "1, " "1, " "1, " "1, " "1, " "1, " "1, " "1, " "1, " "1, " "1, " "1, " "1, " "1, " "1, " "1, " "1, " "1, " "1, " "1, " "1, " "1, " "1, " "1, " "1, " "1, " "1, " "1, " "1, " "1, " "1, " "1, " "1, " "1, " "1, " "1, " "1, " "1, " "1, " "1, " "1, " "1, " "1, " "1, " "1, " "1, " "1, " "1, " "1, " "1, " "1, " "1, " "1, " "1, " "1, " "1, " "1, " "1, " "1, " "1, " "1, " "1, " "1, " "1, " "1, " "1, " "1, " "1, " "1, " "1, " "1, " "1, " "1, " "1, " "1, " "1, " "1, " "1, " "1, " "1, " "1, " "1, " "1, " "1, " "1, " "1, " "1, " "1, " "1, " "1, " "1, " "1, " "1, " "1, " "1, " "1, " "1, " "1, " "1, " "1, " "1, " "1, " "1, " "1, " "1, " "1, " "1, " "1, " "1, " "1, " "1, " "1, " "1, " "1, " "1, " "1, " "1, " "1, " "1, " "1, " "1, " "1, " "1, " "1, " "1, " "1, " "1, " "1, " "1, " "1, " "1, " "1, " "1, " "1, " "1, " "1, " "1, " "1, " "1, " "1, " "1, " "1, " "1, " "1, " "1, " "1, " "1, " "1, " "1, " "1, " "1, " "1, " "1, " "1, " "1, " "1, " "1, " "1, " "0, " "1, " "1, " "1, " "1, " "1, " "1, " "1, " "1, " "1, " "1, " "1, " "1, " "1, " "1, " "1, " "1, " "1, " "1, " "1, " "1, " "1, " "1, " "1, " "1, " "1, " "1, " "1, " "1, " "1, " "1, " "1, " "1, " "1, " "1, " "1, " "1, " "1, " "1, " "1, " "1, " "1, " "1, " "1, " "1, " "1, " "1, " "1, " "1, " "1, " "1, " "1, " "1, " "1, " "1, " "1, " "1, " "1, " "1, " "1, " "1, " "1, " "1, " "1, " "1, " "1, " "1, " "1, " "1, " "1, " "1, " "1, " "1, " "1, " "1, " "1, " "1, " "1, " "1, " "1, " "1, " "1, " "1, " "1, " "1, " "1, " "1, " "1, " "1, " "1, " "1, " "1, " "1, " "1, " "1, " "1, " "1, " "1, " "1, " "1, " "1, " "1, " "1, " "1, " "1, " "1, " "1, " "1, " "1, " "1, " "1, " "1, " "1, " "1, " "1, " "1, " "1, " "1, " "1, " "1, " "1, " "1, " "1, " "1, " "1, " "1, " "1, " "1, " "1, " "1, " "1, " "1, " "1, " "1, " "1, " "1, " "1, " "1, " "1, " "1, " "1, " "1, " "1, " "1, " "1, " "1, " "1, " "1, " "1, " "1, " "1, " "1, " "1, " "1, " "1, " "1, " "1, " "1, " "1, " "1, " "1, " "1, " "1, " "1, " "1, " "1, " "1, " "1, " "1, " "1, " "1, " "1, " "1, " "1, " "1, " "1, " "1, " "1, " "1, " "1, " "1, " "1, " "1, " "1, " "1, " "1, " "1, " "1, " "1, " "1, " "1, " "1, " "1, " "1, " "1, " "1, " "1, " "1, " "1, " "1, " "1, " "1, " "1, " "1, " "1, " "1, " "1, " "1, " "1, " "1, " "1, " "1, " "1, " "1, " "1, " "1, " "1, " "1, " "1, " "1, " "1, " "1, " "1, " "1, " "1, " "1, " "1, " "1, " "1, " "1, " "1, " "1, " "1, " "1, " "1, " "1, " "1, " "1, " "1, " "1, " "1, " "1, " "1, " "1, " "1, " "1, " "1, " "1, " "1, " "1, " "1, " "1, " "1, " "1, " "1, " "1, " "1, " "1, " "1, " "1, " "1, " "1, " "1, " "1, " "1, " "1, " "1, " "1, " "1, "0
 "Nei245, 0.254, " "0.056, " "1, " "1, " "1, " "1, " "1, " "1, " "1, " "1, " "1, " "1, " "1, " "1, " "1, " "1, " "1, " "1, " "1, " "1, " "1, " "1, " "1, " "1, " "1, " "1, " "1, " "1, " "1, " "1, " "1, " "1, " "1, " "1, " "1, " "1, " "1, " "1, " "1, " "1, " "1, " "1, " "1, " "1, " "1, " "1, " "1, " "1, " "1, " "1, " "1, " "1, " "1, " "1, " "1, " "1, " "1, " "1, " "1, " "1, " "1, " "1, " "1, " "1, " "1, " "1, " "1, " "1, " "1, " "1, " "1, " "1, " "1, " "1, " "1, " "1, " "1, " "1, " "1, " "1, " "1, " "1, " "1, " "1, " "1, " "1, " "1, " "1, " "1, " "1, " "1, " "1, " "1, " "1, " "1, " "1, " "1, " "1, " "1, " "1, " "1, " "1, " "1, " "1, " "1, " "1, " "1, " "1, " "1, " "1, " "1, " "1, " "1, " "1, " "1, " "1, " "1, " "1, " "1, " "1, " "1, " "1, " "1, " "1, " "1, " "1, " "1, " "1, " "1, " "1, " "1, " "1, " "1, " "1, " "1, " "1, " "1, " "1, " "1, " "1, " "1, " "1, " "1, " "1, " "1, " "1, " "1, " "1, " "1, " "1, " "1, " "1, " "1, " "1, " "1, " "1, " "1, " "1, " "1, " "1, " "1, " "1, " "1, " "1, " "1, " "1, " "1, " "1, " "1, " "1, " "1, " "1, " "1, " "1, " "1, " "1, " "1, " "1, " "1, " "1, " "1, " "1, " "1, " "1, " "1, " "1, " "1, " "1, " "1, " "1, " "1, " "1, " "1, " "1, " "1, " "1, " "1, " "1, " "1, " "1, " "1, " "1, " "1, " "1, " "1, " "1, " "1, " "1, " "1, " "1, " "1, " "1, " "1, " "1, " "1, " "1, " "1, " "1, " "1, " "1, " "1, " "1, " "1, " "1, " "1, " "1, " "1, " "1, " "1, " "1, " "1, " "1, " "1, " "1, " "1, " "1, " "1, " "1, " "1, " "1, " "1, " "1, " "1, " "1, " "1, " "1, " "1, " "0, " "1, " "1, " "1, " "1, " "1, " "1, " "1, " "1, " "1, " "1, " "1, " "1, " "1, " "1, " "1, " "1, " "1, " "1, " "1, " "1, " "1, " "1, " "1, " "1, " "1, " "1, " "1, " "1, " "1, " "1, " "1, " "1, " "1, " "1, " "1, " "1, " "1, " "1, " "1, " "1, " "1, " "1, " "1, " "1, " "1, " "1, " "1, " "1, " "1, " "1, " "1, " "1, " "1, " "1, " "1, " "1, " "1, " "1, " "1, " "1, " "1, " "1, " "1, " "1, " "1, " "1, " "1, " "1, " "1, " "1, " "1, " "1, " "1, " "1, " "1, " "1, " "1, " "1, " "1, " "1, " "1, " "1, " "1, " "1, " "1, " "1, " "1, " "1, " "1, " "1, " "1, " "1, " "1, " "1, " "1, " "1, " "1, " "1, " "1, " "1, " "1, " "1, " "1, " "1, " "1, " "1, " "1, " "1, " "1, " "1, " "1, " "1, " "1, " "1, " "1, " "1, " "1, " "1, " "1, " "1, " "1, " "1, " "1, " "1, " "1, " "1, " "1, " "1, " "1, " "1, " "1, " "1, " "1, " "1, " "1, " "1, " "1, " "1, " "1, " "1, " "1, " "1, " "1, " "1, " "1, " "1, " "1, " "1, " "1, " "1, " "1, " "1, " "1, " "1, " "1, " "1, " "1, " "1, " "1, " "1, " "1, " "1, " "1, " "1, " "1, " "1, " "1, " "1, " "1, " "1, " "1, " "1, " "1, " "1, " "1, " "1, " "1, " "1, " "1, " "1, " "1, " "1, " "1, " "1, " "1, " "1, " "1, " "1, " "1, " "1, " "1, " "1, " "1, " "1, " "1, " "1, " "1, " "1, " "1, " "1, " "1, " "1, " "1, " "1, " "1, " "1, " "1, " "1, " "1, " "1, " "1, " "1, " "1, " "1, " "1, " "1, " "1, " "1, " "1, " "1, " "1, " "1, " "1, " "1, " "1, " "1, " "1, " "1, " "1, " "1, " "1, " "1, " "1, " "1, " "1, " "1, " "1, " "1, " "1, " "1, " "1, " "1, " "1, " "1, " "1, " "1, " "1, " "1, " "1, " "1, " "1, " "1, " "1, " "1, " "1, " "1, " "1, " "1, " "1, " "1, " "1, " "1, " "1, " "1, " "1, " "1, " "1, "0
 "Nei246, 0.324, " "0.417, " "1, " "1, " "1, " "1, " "1, " "1, " "1, " "1, " "1, " "1, " "1, " "1, " "1, " "1, " "1, " "1, " "1, " "1, " "1, " "1, " "1, " "1, " "1, " "1, " "1, " "1, " "1, " "1, " "1, " "1, " "1, " "1, " "1, " "1, " "1, " "1, " "1, " "1, " "1, " "1, " "1, " "1, " "1, " "1, " "1, " "1, " "1, " "1, " "1, " "1, " "1, " "1, " "1, " "1, " "1, " "1, " "1, " "1, " "1, " "1, " "1, " "1, " "1, " "1, " "1, " "1, " "1, " "1, " "1, " "1, " "1, " "1, " "1, " "1, " "1, " "1, " "1, " "1, " "1, " "1, " "1, " "1, " "1, " "1, " "1, " "1, " "1, " "1, " "1, " "1, " "1, " "1, " "1, " "1, " "1, " "1, " "1, " "1, " "1, " "1, " "1, " "1, " "1, " "1, " "1, " "1, " "1, " "1, " "1, " "1, " "1, " "1, " "1, " "1, " "1, " "1, " "1, " "1, " "1, " "1, " "1, " "1, " "1, " "1, " "1, " "1, " "1, " "1, " "1, " "1, " "1, " "1, " "1, " "1, " "1, " "1, " "1, " "1, " "1, " "1, " "1, " "1, " "1, " "1, " "1, " "1, " "1, " "1, " "1, " "1, " "1, " "1, " "1, " "1, " "1, " "1, " "1, " "1, " "1, " "1, " "1, " "1, " "1, " "1, " "1, " "1, " "1, " "1, " "1, " "1, " "1, " "1, " "1, " "1, " "1, " "1, " "1, " "1, " "1, " "1, " "1, " "1, " "1, " "1, " "1, " "1, " "1, " "1, " "1, " "1, " "1, " "1, " "1, " "1, " "1, " "1, " "1, " "1, " "1, " "1, " "1, " "1, " "1, " "1, " "1, " "1, " "1, " "1, " "1, " "1, " "1, " "1, " "1, " "1, " "1, " "1, " "1, " "1, " "1, " "1, " "1, " "1, " "1, " "1, " "1, " "1, " "1, " "1, " "1, " "1, " "1, " "1, " "1, " "1, " "1, " "1, " "1, " "1, " "1, " "1, " "1, " "1, " "1, " "1, " "1, " "1, " "0, " "1, " "1, " "1, " "1, " "1, " "1, " "1, " "1, " "1, " "1, " "1, " "1, " "1, " "1, " "1, " "1, " "1, " "1, " "1, " "1, " "1, " "1, " "1, " "1, " "1, " "1, " "1, " "1, " "1, " "1, " "1, " "1, " "1, " "1, " "1, " "1, " "1, " "1, " "1, " "1, " "1, " "1, " "1, " "1, " "1, " "1, " "1, " "1, " "1, " "1, " "1, " "1, " "1, " "1, " "1, " "1, " "1, " "1, " "1, " "1, " "1, " "1, " "1, " "1, " "1, " "1, " "1, " "1, " "1, " "1, " "1, " "1, " "1, " "1, " "1, " "1, " "1, " "1, " "1, " "1, " "1, " "1, " "1, " "1, " "1, " "1, " "1, " "1, " "1, " "1, " "1, " "1, " "1, " "1, " "1, " "1, " "1, " "1, " "1, " "1, " "1, " "1, " "1, " "1, " "1, " "1, " "1, " "1, " "1, " "1, " "1, " "1, " "1, " "1, " "1, " "1, " "1, " "1, " "1, " "1, " "1, " "1, " "1, " "1, " "1, " "1, " "1, " "1, " "1, " "1, " "1, " "1, " "1, " "1, " "1, " "1, " "1, " "1, " "1, " "1, " "1, " "1, " "1, " "1, " "1, " "1, " "1, " "1, " "1, " "1, " "1, " "1, " "1, " "1, " "1, " "1, " "1, " "1, " "1, " "1, " "1, " "1, " "1, " "1, " "1, " "1, " "1, " "1, " "1, " "1, " "1, " "1, " "1, " "1, " "1, " "1, " "1, " "1, " "1, " "1, " "1, " "1, " "1, " "1, " "1, " "1, " "1, " "1, " "1, " "1, " "1, " "1, " "1, " "1, " "1, " "1, " "1, " "1, " "1, " "1, " "1, " "1, " "1, " "1, " "1, " "1, " "1, " "1, " "1, " "1, " "1, " "1, " "1, " "1, " "1, " "1, " "1, " "1, " "1, " "1, " "1, " "1, " "1, " "1, " "1, " "1, " "1, " "1, " "1, " "1, " "1, " "1, " "1, " "1, " "1, " "1, " "1, " "1, " "1, " "1, " "1, " "1, " "1, " "1, " "1, " "1, " "1, " "1, " "1, " "1, " "1, " "1, " "1, " "1, " "1, " "1, " "1, " "1, " "1, " "1, " "1, " "1, " "1, " "1, " "1, " "1, "0
 "Nei247, 0, " "-0.401, " "1, " "1, " "1, " "1, " "1, " "1, " "1, " "1, " "1, " "1, " "1, " "1, " "1, " "1, " "1, " "1, " "1, " "1, " "1, " "1, " "1, " "1, " "1, " "1, " "1, " "1, " "1, " "1, " "1, " "1, " "1, " "1, " "1, " "1, " "1, " "1, " "1, " "1, " "1, " "1, " "1, " "1, " "1, " "1, " "1, " "1, " "1, " "1, " "1, " "1, " "1, " "1, " "1, " "1, " "1, " "1, " "1, " "1, " "1, " "1, " "1, " "1, " "1, " "1, " "1, " "1, " "1, " "1, " "1, " "1, " "1, " "1, " "1, " "1, " "1, " "1, " "1, " "1, " "1, " "1, " "1, " "1, " "1, " "1, " "1, " "1, " "1, " "1, " "1, " "1, " "1, " "1, " "1, " "1, " "1, " "1, " "1, " "1, " "1, " "1, " "1, " "1, " "1, " "1, " "1, " "1, " "1, " "1, " "1, " "1, " "1, " "1, " "1, " "1, " "1, " "1, " "1, " "1, " "1, " "1, " "1, " "1, " "1, " "1, " "1, " "1, " "1, " "1, " "1, " "1, " "1, " "1, " "1, " "1, " "1, " "1, " "1, " "1, " "1, " "1, " "1, " "1, " "1, " "1, " "1, " "1, " "1, " "1, " "1, " "1, " "1, " "1, " "1, " "1, " "1, " "1, " "1, " "1, " "1, " "1, " "1, " "1, " "1, " "1, " "1, " "1, " "1, " "1, " "1, " "1, " "1, " "1, " "1, " "1, " "1, " "1, " "1, " "1, " "1, " "1, " "1, " "1, " "1, " "1, " "1, " "1, " "1, " "1, " "1, " "1, " "1, " "1, " "1, " "1, " "1, " "1, " "1, " "1, " "1, " "1, " "1, " "1, " "1, " "1, " "1, " "1, " "1, " "1, " "1, " "1, " "1, " "1, " "1, " "1, " "1, " "1, " "1, " "1, " "1, " "1, " "1, " "1, " "1, " "1, " "1, " "1, " "1, " "1, " "1, " "1, " "1, " "1, " "1, " "1, " "1, " "1, " "1, " "1, " "1, " "1, " "1, " "1, " "1, " "1, " "1, " "1, " "1, " "0, " "1, " "1, " "1, " "1, " "1, " "1, " "1, " "1, " "1, " "1, " "1, " "1, " "1, " "1, " "1, " "1, " "1, " "1, " "1, " "1, " "1, " "1, " "1, " "1, " "1, " "1, " "1, " "1, " "1, " "1, " "1, " "1, " "1, " "1, " "1, " "1, " "1, " "1, " "1, " "1, " "1, " "1, " "1, " "1, " "1, " "1, " "1, " "1, " "1, " "1, " "1, " "1, " "1, " "1, " "1, " "1, " "1, " "1, " "1, " "1, " "1, " "1, " "1, " "1, " "1, " "1, " "1, " "1, " "1, " "1, " "1, " "1, " "1, " "1, " "1, " "1, " "1, " "1, " "1, " "1, " "1, " "1, " "1, " "1, " "1, " "1, " "1, " "1, " "1, " "1, " "1, " "1, " "1, " "1, " "1, " "1, " "1, " "1, " "1, " "1, " "1, " "1, " "1, " "1, " "1, " "1, " "1, " "1, " "1, " "1, " "1, " "1, " "1, " "1, " "1, " "1, " "1, " "1, " "1, " "1, " "1, " "1, " "1, " "1, " "1, " "1, " "1, " "1, " "1, " "1, " "1, " "1, " "1, " "1, " "1, " "1, " "1, " "1, " "1, " "1, " "1, " "1, " "1, " "1, " "1, " "1, " "1, " "1, " "1, " "1, " "1, " "1, " "1, " "1, " "1, " "1, " "1, " "1, " "1, " "1, " "1, " "1, " "1, " "1, " "1, " "1, " "1, " "1, " "1, " "1, " "1, " "1, " "1, " "1, " "1, " "1, " "1, " "1, " "1, " "1, " "1, " "1, " "1, " "1, " "1, " "1, " "1, " "1, " "1, " "1, " "1, " "1, " "1, " "1, " "1, " "1, " "1, " "1, " "1, " "1, " "1, " "1, " "1, " "1, " "1, " "1, " "1, " "1, " "1, " "1, " "1, " "1, " "1, " "1, " "1, " "1, " "1, " "1, " "1, " "1, " "1, " "1, " "1, " "1, " "1, " "1, " "1, " "1, " "1, " "1, " "1, " "1, " "1, " "1, " "1, " "1, " "1, " "1, " "1, " "1, " "1, " "1, " "1, " "1, " "1, " "1, " "1, " "1, " "1, " "1, " "1, " "1, " "1, " "1, " "1, " "1, " "1, " "1, " "1, " "1, " "1, " "1, " "1, " "1, " "1, "0
 "Nei248, 0.302, " "-0.256, " "1, " "1, " "1, " "1, " "1, " "1, " "1, " "1, " "1, " "1, " "1, " "1, " "1, " "1, " "1, " "1, " "1, " "1, " "1, " "1, " "1, " "1, " "1, " "1, " "1, " "1, " "1, " "1, " "1, " "1, " "1, " "1, " "1, " "1, " "1, " "1, " "1, " "1, " "1, " "1, " "1, " "1, " "1, " "1, " "1, " "1, " "1, " "1, " "1, " "1, " "1, " "1, " "1, " "1, " "1, " "1, " "1, " "1, " "1, " "1, " "1, " "1, " "1, " "1, " "1, " "1, " "1, " "1, " "1, " "1, " "1, " "1, " "1, " "1, " "1, " "1, " "1, " "1, " "1, " "1, " "1, " "1, " "1, " "1, " "1, " "1, " "1, " "1, " "1, " "1, " "1, " "1, " "1, " "1, " "1, " "1, " "1, " "1, " "1, " "1, " "1, " "1, " "1, " "1, " "1, " "1, " "1, " "1, " "1, " "1, " "1, " "1, " "1, " "1, " "1, " "1, " "1, " "1, " "1, " "1, " "1, " "1, " "1, " "1, " "1, " "1, " "1, " "1, " "1, " "1, " "1, " "1, " "1, " "1, " "1, " "1, " "1, " "1, " "1, " "1, " "1, " "1, " "1, " "1, " "1, " "1, " "1, " "1, " "1, " "1, " "1, " "1, " "1, " "1, " "1, " "1, " "1, " "1, " "1, " "1, " "1, " "1, " "1, " "1, " "1, " "1, " "1, " "1, " "1, " "1, " "1, " "1, " "1, " "1, " "1, " "1, " "1, " "1, " "1, " "1, " "1, " "1, " "1, " "1, " "1, " "1, " "1, " "1, " "1, " "1, " "1, " "1, " "1, " "1, " "1, " "1, " "1, " "1, " "1, " "1, " "1, " "1, " "1, " "1, " "1, " "1, " "1, " "1, " "1, " "1, " "1, " "1, " "1, " "1, " "1, " "1, " "1, " "1, " "1, " "1, " "1, " "1, " "1, " "1, " "1, " "1, " "1, " "1, " "1, " "1, " "1, " "1, " "1, " "1, " "1, " "1, " "1, " "1, " "1, " "1, " "1, " "1, " "1, " "1, " "1, " "1, " "1, " "1, " "0, " "1, " "1, " "1, " "1, " "1, " "1, " "1, " "1, " "1, " "1, " "1, " "1, " "1, " "1, " "1, " "1, " "1, " "1, " "1, " "1, " "1, " "1, " "1, " "1, " "1, " "1, " "1, " "1, " "1, " "1, " "1, " "1, " "1, " "1, " "1, " "1, " "1, " "1, " "1, " "1, " "1, " "1, " "1, " "1, " "1, " "1, " "1, " "1, " "1, " "1, " "1, " "1, " "1, " "1, " "1, " "1, " "1, " "1, " "1, " "1, " "1, " "1, " "1, " "1, " "1, " "1, " "1, " "1, " "1, " "1, " "1, " "1, " "1, " "1, " "1, " "1, " "1, " "1, " "1, " "1, " "1, " "1, " "1, " "1, " "1, " "1, " "1, " "1, " "1, " "1, " "1, " "1, " "1, " "1, " "1, " "1, " "1, " "1, " "1, " "1, " "1, " "1, " "1, " "1, " "1, " "1, " "1, " "1, " "1, " "1, " "1, " "1, " "1, " "1, " "1, " "1, " "1, " "1, " "1, " "1, " "1, " "1, " "1, " "1, " "1, " "1, " "1, " "1, " "1, " "1, " "1, " "1, " "1, " "1, " "1, " "1, " "1, " "1, " "1, " "1, " "1, " "1, " "1, " "1, " "1, " "1, " "1, " "1, " "1, " "1, " "1, " "1, " "1, " "1, " "1, " "1, " "1, " "1, " "1, " "1, " "1, " "1, " "1, " "1, " "1, " "1, " "1, " "1, " "1, " "1, " "1, " "1, " "1, " "1, " "1, " "1, " "1, " "1, " "1, " "1, " "1, " "1, " "1, " "1, " "1, " "1, " "1, " "1, " "1, " "1, " "1, " "1, " "1, " "1, " "1, " "1, " "1, " "1, " "1, " "1, " "1, " "1, " "1, " "1, " "1, " "1, " "1, " "1, " "1, " "1, " "1, " "1, " "1, " "1, " "1, " "1, " "1, " "1, " "1, " "1, " "1, " "1, " "1, " "1, " "1, " "1, " "1, " "1, " "1, " "1, " "1, " "1, " "1, " "1, " "1, " "1, " "1, " "1, " "1, " "1, " "1, " "1, " "1, " "1, " "1, " "1, " "1, " "1, " "1, " "1, " "1, " "1, " "1, " "1, " "1, " "1, " "1, " "1, " "1, " "1, " "1, " "1, " "1, " "1, "0
 "Nei249, 0.013, " "0.13, " "1, " "1, " "1, " "1, " "1, " "1, " "1, " "1, " "1, " "1, " "1, " "1, " "1, " "1, " "1, " "1, " "1, " "1, " "1, " "1, " "1, " "1, " "1, " "1, " "1, " "1, " "1, " "1, " "1, " "1, " "1, " "1, " "1, " "1, " "1, " "1, " "1, " "1, " "1, " "1, " "1, " "1, " "1, " "1, " "1, " "1, " "1, " "1, " "1, " "1, " "1, " "1, " "1, " "1, " "1, " "1, " "1, " "1, " "1, " "1, " "1, " "1, " "1, " "1, " "1, " "1, " "1, " "1, " "1, " "1, " "1, " "1, " "1, " "1, " "1, " "1, " "1, " "1, " "1, " "1, " "1, " "1, " "1, " "1, " "1, " "1, " "1, " "1, " "1, " "1, " "1, " "1, " "1, " "1, " "1, " "1, " "1, " "1, " "1, " "1, " "1, " "1, " "1, " "1, " "1, " "1, " "1, " "1, " "1, " "1, " "1, " "1, " "1, " "1, " "1, " "1, " "1, " "1, " "1, " "1, " "1, " "1, " "1, " "1, " "1, " "1, " "1, " "1, " "1, " "1, " "1, " "1, " "1, " "1, " "1, " "1, " "1, " "1, " "1, " "1, " "1, " "1, " "1, " "1, " "1, " "1, " "1, " "1, " "1, " "1, " "1, " "1, " "1, " "1, " "1, " "1, " "1, " "1, " "1, " "1, " "1, " "1, " "1, " "1, " "1, " "1, " "1, " "1, " "1, " "1, " "1, " "1, " "1, " "1, " "1, " "1, " "1, " "1, " "1, " "1, " "1, " "1, " "1, " "1, " "1, " "1, " "1, " "1, " "1, " "1, " "1, " "1, " "1, " "1, " "1, " "1, " "1, " "1, " "1, " "1, " "1, " "1, " "1, " "1, " "1, " "1, " "1, " "1, " "1, " "1, " "1, " "1, " "1, " "1, " "1, " "1, " "1, " "1, " "1, " "1, " "1, " "1, " "1, " "1, " "1, " "1, " "1, " "1, " "1, " "1, " "1, " "1, " "1, " "1, " "1, " "1, " "1, " "1, " "1, " "1, " "1, " "1, " "1, " "1, " "1, " "1, " "1, " "1, " "1, " "0, " "1, " "1, " "1, " "1, " "1, " "1, " "1, " "1, " "1, " "1, " "1, " "1, " "1, " "1, " "1, " "1, " "1, " "1, " "1, " "1, " "1, " "1, " "1, " "1, " "1, " "1, " "1, " "1, " "1, " "1, " "1, " "1, " "1, " "1, " "1, " "1, " "1, " "1, " "1, " "1, " "1, " "1, " "1, " "1, " "1, " "1, " "1, " "1, " "1, " "1, " "1, " "1, " "1, " "1, " "1, " "1, " "1, " "1, " "1, " "1, " "1, " "1, " "1, " "1, " "1, " "1, " "1, " "1, " "1, " "1, " "1, " "1, " "1, " "1, " "1, " "1, " "1, " "1, " "1, " "1, " "1, " "1, " "1, " "1, " "1, " "1, " "1, " "1, " "1, " "1, " "1, " "1, " "1, " "1, " "1, " "1, " "1, " "1, " "1, " "1, " "1, " "1, " "1, " "1, " "1, " "1, " "1, " "1, " "1, " "1, " "1, " "1, " "1, " "1, " "1, " "1, " "1, " "1, " "1, " "1, " "1, " "1, " "1, " "1, " "1, " "1, " "1, " "1, " "1, " "1, " "1, " "1, " "1, " "1, " "1, " "1, " "1, " "1, " "1, " "1, " "1, " "1, " "1, " "1, " "1, " "1, " "1, " "1, " "1, " "1, " "1, " "1, " "1, " "1, " "1, " "1, " "1, " "1, " "1, " "1, " "1, " "1, " "1, " "1, " "1, " "1, " "1, " "1, " "1, " "1, " "1, " "1, " "1, " "1, " "1, " "1, " "1, " "1, " "1, " "1, " "1, " "1, " "1, " "1, " "1, " "1, " "1, " "1, " "1, " "1, " "1, " "1, " "1, " "1, " "1, " "1, " "1, " "1, " "1, " "1, " "1, " "1, " "1, " "1, " "1, " "1, " "1, " "1, " "1, " "1, " "1, " "1, " "1, " "1, " "1, " "1, " "1, " "1, " "1, " "1, " "1, " "1, " "1, " "1, " "1, " "1, " "1, " "1, " "1, " "1, " "1, " "1, " "1, " "1, " "1, " "1, " "1, " "1, " "1, " "1, " "1, " "1, " "1, " "1, " "1, " "1, " "1, " "1, " "1, " "1, " "1, " "1, " "1, " "1, " "1, " "1, " "1, " "1, " "1, " "1, " "1, " "1, " "1, "0
 "Nei250, 0.267, " "0.349, " "1, " "1, " "1, " "1, " "1, " "1, " "1, " "1, " "1, " "1, " "1, " "1, " "1, " "1, " "1, " "1, " "1, " "1, " "1, " "1, " "1, " "1, " "1, " "1, " "1, " "1, " "1, " "1, " "1, " "1, " "1, " "1, " "1, " "1, " "1, " "1, " "1, " "1, " "1, " "1, " "1, " "1, " "1, " "1, " "1, " "1, " "1, " "1, " "1, " "1, " "1, " "1, " "1, " "1, " "1, " "1, " "1, " "1, " "1, " "1, " "1, " "1, " "1, " "1, " "1, " "1, " "1, " "1, " "1, " "1, " "1, " "1, " "1, " "1, " "1, " "1, " "1, " "1, " "1, " "1, " "1, " "1, " "1, " "1, " "1, " "1, " "1, " "1, " "1, " "1, " "1, " "1, " "1, " "1, " "1, " "1, " "1, " "1, " "1, " "1, " "1, " "1, " "1, " "1, " "1, " "1, " "1, " "1, " "1, " "1, " "1, " "1, " "1, " "1, " "1, " "1, " "1, " "1, " "1, " "1, " "1, " "1, " "1, " "1, " "1, " "1, " "1, " "1, " "1, " "1, " "1, " "1, " "1, " "1, " "1, " "1, " "1, " "1, " "1, " "1, " "1, " "1, " "1, " "1, " "1, " "1, " "1, " "1, " "1, " "1, " "1, " "1, " "1, " "1, " "1, " "1, " "1, " "1, " "1, " "1, " "1, " "1, " "1, " "1, " "1, " "1, " "1, " "1, " "1, " "1, " "1, " "1, " "1, " "1, " "1, " "1, " "1, " "1, " "1, " "1, " "1, " "1, " "1, " "1, " "1, " "1, " "1, " "1, " "1, " "1, " "1, " "1, " "1, " "1, " "1, " "1, " "1, " "1, " "1, " "1, " "1, " "1, " "1, " "1, " "1, " "1, " "1, " "1, " "1, " "1, " "1, " "1, " "1, " "1, " "1, " "1, " "1, " "1, " "1, " "1, " "1, " "1, " "1, " "1, " "1, " "1, " "1, " "1, " "1, " "1, " "1, " "1, " "1, " "1, " "1, " "1, " "1, " "1, " "1, " "1, " "1, " "1, " "1, " "1, " "1, " "1, " "1, " "1, " "1, " "1, " "0, " "1, " "1, " "1, " "1, " "1, " "1, " "1, " "1, " "1, " "1, " "1, " "1, " "1, " "1, " "1, " "1, " "1, " "1, " "1, " "1, " "1, " "1, " "1, " "1, " "1, " "1, " "1, " "1, " "1, " "1, " "1, " "1, " "1, " "1, " "1, " "1, " "1, " "1, " "1, " "1, " "1, " "1, " "1, " "1, " "1, " "1, " "1, " "1, " "1, " "1, " "1, " "1, " "1, " "1, " "1, " "1, " "1, " "1, " "1, " "1, " "1, " "1, " "1, " "1, " "1, " "1, " "1, " "1, " "1, " "1, " "1, " "1, " "1, " "1, " "1, " "1, " "1, " "1, " "1, " "1, " "1, " "1, " "1, " "1, " "1, " "1, " "1, " "1, " "1, " "1, " "1, " "1, " "1, " "1, " "1, " "1, " "1, " "1, " "1, " "1, " "1, " "1, " "1, " "1, " "1, " "1, " "1, " "1, " "1, " "1, " "1, " "1, " "1, " "1, " "1, " "1, " "1, " "1, " "1, " "1, " "1, " "1, " "1, " "1, " "1, " "1, " "1, " "1, " "1, " "1, " "1, " "1, " "1, " "1, " "1, " "1, " "1, " "1, " "1, " "1, " "1, " "1, " "1, " "1, " "1, " "1, " "1, " "1, " "1, " "1, " "1, " "1, " "1, " "1, " "1, " "1, " "1, " "1, " "1, " "1, " "1, " "1, " "1, " "1, " "1, " "1, " "1, " "1, " "1, " "1, " "1, " "1, " "1, " "1, " "1, " "1, " "1, " "1, " "1, " "1, " "1, " "1, " "1, " "1, " "1, " "1, " "1, " "1, " "1, " "1, " "1, " "1, " "1, " "1, " "1, " "1, " "1, " "1, " "1, " "1, " "1, " "1, " "1, " "1, " "1, " "1, " "1, " "1, " "1, " "1, " "1, " "1, " "1, " "1, " "1, " "1, " "1, " "1, " "1, " "1, " "1, " "1, " "1, " "1, " "1, " "1, " "1, " "1, " "1, " "1, " "1, " "1, " "1, " "1, " "1, " "1, " "1, " "1, " "1, " "1, " "1, " "1, " "1, " "1, " "1, " "1, " "1, " "1, " "1, " "1, " "1, " "1, " "1, " "1, " "1, " "1, " "1, " "1, " "1, " "1, " "1, " "1, "0
 "Nei251, 0.155, " "0.409, " "1, " "1, " "1, " "1, " "1, " "1, " "1, " "1, " "1, " "1, " "1, " "1, " "1, " "1, " "1, " "1, " "1, " "1, " "1, " "1, " "1, " "1, " "1, " "1, " "1, " "1, " "1, " "1, " "1, " "1, " "1, " "1, " "1, " "1, " "1, " "1, " "1, " "1, " "1, " "1, " "1, " "1, " "1, " "1, " "1, " "1, " "1, " "1, " "1, " "1, " "1, " "1, " "1, " "1, " "1, " "1, " "1, " "1, " "1, " "1, " "1, " "1, " "1, " "1, " "1, " "1, " "1, " "1, " "1, " "1, " "1, " "1, " "1, " "1, " "1, " "1, " "1, " "1, " "1, " "1, " "1, " "1, " "1, " "1, " "1, " "1, " "1, " "1, " "1, " "1, " "1, " "1, " "1, " "1, " "1, " "1, " "1, " "1, " "1, " "1, " "1, " "1, " "1, " "1, " "1, " "1, " "1, " "1, " "1, " "1, " "1, " "1, " "1, " "1, " "1, " "1, " "1, " "1, " "1, " "1, " "1, " "1, " "1, " "1, " "1, " "1, " "1, " "1, " "1, " "1, " "1, " "1, " "1, " "1, " "1, " "1, " "1, " "1, " "1, " "1, " "1, " "1, " "1, " "1, " "1, " "1, " "1, " "1, " "1, " "1, " "1, " "1, " "1, " "1, " "1, " "1, " "1, " "1, " "1, " "1, " "1, " "1, " "1, " "1, " "1, " "1, " "1, " "1, " "1, " "1, " "1, " "1, " "1, " "1, " "1, " "1, " "1, " "1, " "1, " "1, " "1, " "1, " "1, " "1, " "1, " "1, " "1, " "1, " "1, " "1, " "1, " "1, " "1, " "1, " "1, " "1, " "1, " "1, " "1, " "1, " "1, " "1, " "1, " "1, " "1, " "1, " "1, " "1, " "1, " "1, " "1, " "1, " "1, " "1, " "1, " "1, " "1, " "1, " "1, " "1, " "1, " "1, " "1, " "1, " "1, " "1, " "1, " "1, " "1, " "1, " "1, " "1, " "1, " "1, " "1, " "1, " "1, " "1, " "1, " "1, " "1, " "1, " "1, " "1, " "1, " "1, " "1, " "1, " "1, " "1, " "1, " "0, " "1, " "1, " "1, " "1, " "1, " "1, " "1, " "1, " "1, " "1, " "1, " "1, " "1, " "1, " "1, " "1, " "1, " "1, " "1, " "1, " "1, " "1, " "1, " "1, " "1, " "1, " "1, " "1, " "1, " "1, " "1, " "1, " "1, " "1, " "1, " "1, " "1, " "1, " "1, " "1, " "1, " "1, " "1, " "1, " "1, " "1, " "1, " "1, " "1, " "1, " "1, " "1, " "1, " "1, " "1, " "1, " "1, " "1, " "1, " "1, " "1, " "1, " "1, " "1, " "1, " "1, " "1, " "1, " "1, " "1, " "1, " "1, " "1, " "1, " "1, " "1, " "1, " "1, " "1, " "1, " "1, " "1, " "1, " "1, " "1, " "1, " "1, " "1, " "1, " "1, " "1, " "1, " "1, " "1, " "1, " "1, " "1, " "1, " "1, " "1, " "1, " "1, " "1, " "1, " "1, " "1, " "1, " "1, " "1, " "1, " "1, " "1, " "1, " "1, " "1, " "1, " "1, " "1, " "1, " "1, " "1, " "1, " "1, " "1, " "1, " "1, " "1, " "1, " "1, " "1, " "1, " "1, " "1, " "1, " "1, " "1, " "1, " "1, " "1, " "1, " "1, " "1, " "1, " "1, " "1, " "1, " "1, " "1, " "1, " "1, " "1, " "1, " "1, " "1, " "1, " "1, " "1, " "1, " "1, " "1, " "1, " "1, " "1, " "1, " "1, " "1, " "1, " "1, " "1, " "1, " "1, " "1, " "1, " "1, " "1, " "1, " "1, " "1, " "1, " "1, " "1, " "1, " "1, " "1, " "1, " "1, " "1, " "1, " "1, " "1, " "1, " "1, " "1, " "1, " "1, " "1, " "1, " "1, " "1, " "1, " "1, " "1, " "1, " "1, " "1, " "1, " "1, " "1, " "1, " "1, " "1, " "1, " "1, " "1, " "1, " "1, " "1, " "1, " "1, " "1, " "1, " "1, " "1, " "1, " "1, " "1, " "1, " "1, " "1, " "1, " "1, " "1, " "1, " "1, " "1, " "1, " "1, " "1, " "1, " "1, " "1, " "1, " "1, " "1, " "1, " "1, " "1, " "1, " "1, " "1, " "1, " "1, " "1, " "1, " "1, " "1, " "1, " "1, " "1, " "1, " "1, "0
 "Nei252, 0.397, " "-0.603, " "1, " "1, " "1, " "1, " "1, " "1, " "1, " "1, " "1, " "1, " "1, " "1, " "1, " "1, " "1, " "1, " "1, " "1, " "1, " "1, " "1, " "1, " "1, " "1, " "1, " "1, " "1, " "1, " "1, " "1, " "1, " "1, " "1, " "1, " "1, " "1, " "1, " "1, " "1, " "1, " "1, " "1, " "1, " "1, " "1, " "1, " "1, " "1, " "1, " "1, " "1, " "1, " "1, " "1, " "1, " "1, " "1, " "1, " "1, " "1, " "1, " "1, " "1, " "1, " "1, " "1, " "1, " "1, " "1, " "1, " "1, " "1, " "1, " "1, " "1, " "1, " "1, " "1, " "1, " "1, " "1, " "1, " "1, " "1, " "1, " "1, " "1, " "1, " "1, " "1, " "1, " "1, " "1, " "1, " "1, " "1, " "1, " "1, " "1, " "1, " "1, " "1, " "1, " "1, " "1, " "1, " "1, " "1, " "1, " "1, " "1, " "1, " "1, " "1, " "1, " "1, " "1, " "1, " "1, " "1, " "1, " "1, " "1, " "1, " "1, " "1, " "1, " "1, " "1, " "1, " "1, " "1, " "1, " "1, " "1, " "1, " "1, " "1, " "1, " "1, " "1, " "1, " "1, " "1, " "1, " "1, " "1, " "1, " "1, " "1, " "1, " "1, " "1, " "1, " "1, " "1, " "1, " "1, " "1, " "1, " "1, " "1, " "1, " "1, " "1, " "1, " "1, " "1, " "1, " "1, " "1, " "1, " "1, " "1, " "1, " "1, " "1, " "1, " "1, " "1, " "1, " "1, " "1, " "1, " "1, " "1, " "1, " "1, " "1, " "1, " "1, " "1, " "1, " "1, " "1, " "1, " "1, " "1, " "1, " "1, " "1, " "1, " "1, " "1, " "1, " "1, " "1, " "1, " "1, " "1, " "1, " "1, " "1, " "1, " "1, " "1, " "1, " "1, " "1, " "1, " "1, " "1, " "1, " "1, " "1, " "1, " "1, " "1, " "1, " "1, " "1, " "1, " "1, " "1, " "1, " "1, " "1, " "1, " "1, " "1, " "1, " "1, " "1, " "1, " "1, " "1, " "1, " "1, " "1, " "1, " "1, " "1, " "0, " "1, " "1, " "1, " "1, " "1, " "1, " "1, " "1, " "1, " "1, " "1, " "1, " "1, " "1, " "1, " "1, " "1, " "1, " "1, " "1, " "1, " "1, " "1, " "1, " "1, " "1, " "1, " "1, " "1, " "1, " "1, " "1, " "1, " "1, " "1, " "1, " "1, " "1, " "1, " "1, " "1, " "1, " "1, " "1, " "1, " "1, " "1, " "1, " "1, " "1, " "1, " "1, " "1, " "1, " "1, " "1, " "1, " "1, " "1, " "1, " "1, " "1, " "1, " "1, " "1, " "1, " "1, " "1, " "1, " "1, " "1, " "1, " "1, " "1, " "1, " "1, " "1, " "1, " "1, " "1, " "1, " "1, " "1, " "1, " "1, " "1, " "1, " "1, " "1, " "1, " "1, " "1, " "1, " "1, " "1, " "1, " "1, " "1, " "1, " "1, " "1, " "1, " "1, " "1, " "1, " "1, " "1, " "1, " "1, " "1, " "1, " "1, " "1, " "1, " "1, " "1, " "1, " "1, " "1, " "1, " "1, " "1, " "1, " "1, " "1, " "1, " "1, " "1, " "1, " "1, " "1, " "1, " "1, " "1, " "1, " "1, " "1, " "1, " "1, " "1, " "1, " "1, " "1, " "1, " "1, " "1, " "1, " "1, " "1, " "1, " "1, " "1, " "1, " "1, " "1, " "1, " "1, " "1, " "1, " "1, " "1, " "1, " "1, " "1, " "1, " "1, " "1, " "1, " "1, " "1, " "1, " "1, " "1, " "1, " "1, " "1, " "1, " "1, " "1, " "1, " "1, " "1, " "1, " "1, " "1, " "1, " "1, " "1, " "1, " "1, " "1, " "1, " "1, " "1, " "1, " "1, " "1, " "1, " "1, " "1, " "1, " "1, " "1, " "1, " "1, " "1, " "1, " "1, " "1, " "1, " "1, " "1, " "1, " "1, " "1, " "1, " "1, " "1, " "1, " "1, " "1, " "1, " "1, " "1, " "1, " "1, " "1, " "1, " "1, " "1, " "1, " "1, " "1, " "1, " "1, " "1, " "1, " "1, " "1, " "1, " "1, " "1, " "1, " "1, " "1, " "1, " "1, " "1, " "1, " "1, " "1, " "1, " "1, " "1, " "1, " "1, " "1, " "1, " "1, " "1, "0
 "Nei253, 0.259, " "0.469, " "1, " "1, " "1, " "1, " "1, " "1, " "1, " "1, " "1, " "1, " "1, " "1, " "1, " "1, " "1, " "1, " "1, " "1, " "1, " "1, " "1, " "1, " "1, " "1, " "1, " "1, " "1, " "1, " "1, " "1, " "1, " "1, " "1, " "1, " "1, " "1, " "1, " "1, " "1, " "1, " "1, " "1, " "1, " "1, " "1, " "1, " "1, " "1, " "1, " "1, " "1, " "1, " "1, " "1, " "1, " "1, " "1, " "1, " "1, " "1, " "1, " "1, " "1, " "1, " "1, " "1, " "1, " "1, " "1, " "1, " "1, " "1, " "1, " "1, " "1, " "1, " "1, " "1, " "1, " "1, " "1, " "1, " "1, " "1, " "1, " "1, " "1, " "1, " "1, " "1, " "1, " "1, " "1, " "1, " "1, " "1, " "1, " "1, " "1, " "1, " "1, " "1, " "1, " "1, " "1, " "1, " "1, " "1, " "1, " "1, " "1, " "1, " "1, " "1, " "1, " "1, " "1, " "1, " "1, " "1, " "1, " "1, " "1, " "1, " "1, " "1, " "1, " "1, " "1, " "1, " "1, " "1, " "1, " "1, " "1, " "1, " "1, " "1, " "1, " "1, " "1, " "1, " "1, " "1, " "1, " "1, " "1, " "1, " "1, " "1, " "1, " "1, " "1, " "1, " "1, " "1, " "1, " "1, " "1, " "1, " "1, " "1, " "1, " "1, " "1, " "1, " "1, " "1, " "1, " "1, " "1, " "1, " "1, " "1, " "1, " "1, " "1, " "1, " "1, " "1, " "1, " "1, " "1, " "1, " "1, " "1, " "1, " "1, " "1, " "1, " "1, " "1, " "1, " "1, " "1, " "1, " "1, " "1, " "1, " "1, " "1, " "1, " "1, " "1, " "1, " "1, " "1, " "1, " "1, " "1, " "1, " "1, " "1, " "1, " "1, " "1, " "1, " "1, " "1, " "1, " "1, " "1, " "1, " "1, " "1, " "1, " "1, " "1, " "1, " "1, " "1, " "1, " "1, " "1, " "1, " "1, " "1, " "1, " "1, " "1, " "1, " "1, " "1, " "1, " "1, " "1, " "1, " "1, " "1, " "1, " "1, " "1, " "1, " "0, " "1, " "1, " "1, " "1, " "1, " "1, " "1, " "1, " "1, " "1, " "1, " "1, " "1, " "1, " "1, " "1, " "1, " "1, " "1, " "1, " "1, " "1, " "1, " "1, " "1, " "1, " "1, " "1, " "1, " "1, " "1, " "1, " "1, " "1, " "1, " "1, " "1, " "1, " "1, " "1, " "1, " "1, " "1, " "1, " "1, " "1, " "1, " "1, " "1, " "1, " "1, " "1, " "1, " "1, " "1, " "1, " "1, " "1, " "1, " "1, " "1, " "1, " "1, " "1, " "1, " "1, " "1, " "1, " "1, " "1, " "1, " "1, " "1, " "1, " "1, " "1, " "1, " "1, " "1, " "1, " "1, " "1, " "1, " "1, " "1, " "1, " "1, " "1, " "1, " "1, " "1, " "1, " "1, " "1, " "1, " "1, " "1, " "1, " "1, " "1, " "1, " "1, " "1, " "1, " "1, " "1, " "1, " "1, " "1, " "1, " "1, " "1, " "1, " "1, " "1, " "1, " "1, " "1, " "1, " "1, " "1, " "1, " "1, " "1, " "1, " "1, " "1, " "1, " "1, " "1, " "1, " "1, " "1, " "1, " "1, " "1, " "1, " "1, " "1, " "1, " "1, " "1, " "1, " "1, " "1, " "1, " "1, " "1, " "1, " "1, " "1, " "1, " "1, " "1, " "1, " "1, " "1, " "1, " "1, " "1, " "1, " "1, " "1, " "1, " "1, " "1, " "1, " "1, " "1, " "1, " "1, " "1, " "1, " "1, " "1, " "1, " "1, " "1, " "1, " "1, " "1, " "1, " "1, " "1, " "1, " "1, " "1, " "1, " "1, " "1, " "1, " "1, " "1, " "1, " "1, " "1, " "1, " "1, " "1, " "1, " "1, " "1, " "1, " "1, " "1, " "1, " "1, " "1, " "1, " "1, " "1, " "1, " "1, " "1, " "1, " "1, " "1, " "1, " "1, " "1, " "1, " "1, " "1, " "1, " "1, " "1, " "1, " "1, " "1, " "1, " "1, " "1, " "1, " "1, " "1, " "1, " "1, " "1, " "1, " "1, " "1, " "1, " "1, " "1, " "1, " "1, " "1, " "1, " "1, " "1, " "1, " "1, " "1, " "1, " "1, " "1, " "1, " "1, " "1, "0
 "Nei254, 0.358, " "0.552, " "1, " "1, " "1, " "1, " "1, " "1, " "1, " "1, " "1, " "1, " "1, " "1, " "1, " "1, " "1, " "1, " "1, " "1, " "1, " "1, " "1, " "1, " "1, " "1, " "1, " "1, " "1, " "1, " "1, " "1, " "1, " "1, " "1, " "1, " "1, " "1, " "1, " "1, " "1, " "1, " "1, " "1, " "1, " "1, " "1, " "1, " "1, " "1, " "1, " "1, " "1, " "1, " "1, " "1, " "1, " "1, " "1, " "1, " "1, " "1, " "1, " "1, " "1, " "1, " "1, " "1, " "1, " "1, " "1, " "1, " "1, " "1, " "1, " "1, " "1, " "1, " "1, " "1, " "1, " "1, " "1, " "1, " "1, " "1, " "1, " "1, " "1, " "1, " "1, " "1, " "1, " "1, " "1, " "1, " "1, " "1, " "1, " "1, " "1, " "1, " "1, " "1, " "1, " "1, " "1, " "1, " "1, " "1, " "1, " "1, " "1, " "1, " "1, " "1, " "1, " "1, " "1, " "1, " "1, " "1, " "1, " "1, " "1, " "1, " "1, " "1, " "1, " "1, " "1, " "1, " "1, " "1, " "1, " "1, " "1, " "1, " "1, " "1, " "1, " "1, " "1, " "1, " "1, " "1, " "1, " "1, " "1, " "1, " "1, " "1, " "1, " "1, " "1, " "1, " "1, " "1, " "1, " "1, " "1, " "1, " "1, " "1, " "1, " "1, " "1, " "1, " "1, " "1, " "1, " "1, " "1, " "1, " "1, " "1, " "1, " "1, " "1, " "1, " "1, " "1, " "1, " "1, " "1, " "1, " "1, " "1, " "1, " "1, " "1, " "1, " "1, " "1, " "1, " "1, " "1, " "1, " "1, " "1, " "1, " "1, " "1, " "1, " "1, " "1, " "1, " "1, " "1, " "1, " "1, " "1, " "1, " "1, " "1, " "1, " "1, " "1, " "1, " "1, " "1, " "1, " "1, " "1, " "1, " "1, " "1, " "1, " "1, " "1, " "1, " "1, " "1, " "1, " "1, " "1, " "1, " "1, " "1, " "1, " "1, " "1, " "1, " "1, " "1, " "1, " "1, " "1, " "1, " "1, " "1, " "1, " "1, " "1, " "1, " "1, " "0, " "1, " "1, " "1, " "1, " "1, " "1, " "1, " "1, " "1, " "1, " "1, " "1, " "1, " "1, " "1, " "1, " "1, " "1, " "1, " "1, " "1, " "1, " "1, " "1, " "1, " "1, " "1, " "1, " "1, " "1, " "1, " "1, " "1, " "1, " "1, " "1, " "1, " "1, " "1, " "1, " "1, " "1, " "1, " "1, " "1, " "1, " "1, " "1, " "1, " "1, " "1, " "1, " "1, " "1, " "1, " "1, " "1, " "1, " "1, " "1, " "1, " "1, " "1, " "1, " "1, " "1, " "1, " "1, " "1, " "1, " "1, " "1, " "1, " "1, " "1, " "1, " "1, " "1, " "1, " "1, " "1, " "1, " "1, " "1, " "1, " "1, " "1, " "1, " "1, " "1, " "1, " "1, " "1, " "1, " "1, " "1, " "1, " "1, " "1, " "1, " "1, " "1, " "1, " "1, " "1, " "1, " "1, " "1, " "1, " "1, " "1, " "1, " "1, " "1, " "1, " "1, " "1, " "1, " "1, " "1, " "1, " "1, " "1, " "1, " "1, " "1, " "1, " "1, " "1, " "1, " "1, " "1, " "1, " "1, " "1, " "1, " "1, " "1, " "1, " "1, " "1, " "1, " "1, " "1, " "1, " "1, " "1, " "1, " "1, " "1, " "1, " "1, " "1, " "1, " "1, " "1, " "1, " "1, " "1, " "1, " "1, " "1, " "1, " "1, " "1, " "1, " "1, " "1, " "1, " "1, " "1, " "1, " "1, " "1, " "1, " "1, " "1, " "1, " "1, " "1, " "1, " "1, " "1, " "1, " "1, " "1, " "1, " "1, " "1, " "1, " "1, " "1, " "1, " "1, " "1, " "1, " "1, " "1, " "1, " "1, " "1, " "1, " "1, " "1, " "1, " "1, " "1, " "1, " "1, " "1, " "1, " "1, " "1, " "1, " "1, " "1, " "1, " "1, " "1, " "1, " "1, " "1, " "1, " "1, " "1, " "1, " "1, " "1, " "1, " "1, " "1, " "1, " "1, " "1, " "1, " "1, " "1, " "1, " "1, " "1, " "1, " "1, " "1, " "1, " "1, " "1, " "1, " "1, " "1, " "1, " "1, " "1, " "1, " "1, " "1, " "1, " "1, " "1, "0
 "Nei255, 0.266, " "0.54, " "1, " "1, " "1, " "1, " "1, " "1, " "1, " "1, " "1, " "1, " "1, " "1, " "1, " "1, " "1, " "1, " "1, " "1, " "1, " "1, " "1, " "1, " "1, " "1, " "1, " "1, " "1, " "1, " "1, " "1, " "1, " "1, " "1, " "1, " "1, " "1, " "1, " "1, " "1, " "1, " "1, " "1, " "1, " "1, " "1, " "1, " "1, " "1, " "1, " "1, " "1, " "1, " "1, " "1, " "1, " "1, " "1, " "1, " "1, " "1, " "1, " "1, " "1, " "1, " "1, " "1, " "1, " "1, " "1, " "1, " "1, " "1, " "1, " "1, " "1, " "1, " "1, " "1, " "1, " "1, " "1, " "1, " "1, " "1, " "1, " "1, " "1, " "1, " "1, " "1, " "1, " "1, " "1, " "1, " "1, " "1, " "1, " "1, " "1, " "1, " "1, " "1, " "1, " "1, " "1, " "1, " "1, " "1, " "1, " "1, " "1, " "1, " "1, " "1, " "1, " "1, " "1, " "1, " "1, " "1, " "1, " "1, " "1, " "1, " "1, " "1, " "1, " "1, " "1, " "1, " "1, " "1, " "1, " "1, " "1, " "1, " "1, " "1, " "1, " "1, " "1, " "1, " "1, " "1, " "1, " "1, " "1, " "1, " "1, " "1, " "1, " "1, " "1, " "1, " "1, " "1, " "1, " "1, " "1, " "1, " "1, " "1, " "1, " "1, " "1, " "1, " "1, " "1, " "1, " "1, " "1, " "1, " "1, " "1, " "1, " "1, " "1, " "1, " "1, " "1, " "1, " "1, " "1, " "1, " "1, " "1, " "1, " "1, " "1, " "1, " "1, " "1, " "1, " "1, " "1, " "1, " "1, " "1, " "1, " "1, " "1, " "1, " "1, " "1, " "1, " "1, " "1, " "1, " "1, " "1, " "1, " "1, " "1, " "1, " "1, " "1, " "1, " "1, " "1, " "1, " "1, " "1, " "1, " "1, " "1, " "1, " "1, " "1, " "1, " "1, " "1, " "1, " "1, " "1, " "1, " "1, " "1, " "1, " "1, " "1, " "1, " "1, " "1, " "1, " "1, " "1, " "1, " "1, " "1, " "1, " "1, " "1, " "1, " "1, " "1, " "0, " "1, " "1, " "1, " "1, " "1, " "1, " "1, " "1, " "1, " "1, " "1, " "1, " "1, " "1, " "1, " "1, " "1, " "1, " "1, " "1, " "1, " "1, " "1, " "1, " "1, " "1, " "1, " "1, " "1, " "1, " "1, " "1, " "1, " "1, " "1, " "1, " "1, " "1, " "1, " "1, " "1, " "1, " "1, " "1, " "1, " "1, " "1, " "1, " "1, " "1, " "1, " "1, " "1, " "1, " "1, " "1, " "1, " "1, " "1, " "1, " "1, " "1, " "1, " "1, " "1, " "1, " "1, " "1, " "1, " "1, " "1, " "1, " "1, " "1, " "1, " "1, " "1, " "1, " "1, " "1, " "1, " "1, " "1, " "1, " "1, " "1, " "1, " "1, " "1, " "1, " "1, " "1, " "1, " "1, " "1, " "1, " "1, " "1, " "1, " "1, " "1, " "1, " "1, " "1, " "1, " "1, " "1, " "1, " "1, " "1, " "1, " "1, " "1, " "1, " "1, " "1, " "1, " "1, " "1, " "1, " "1, " "1, " "1, " "1, " "1, " "1, " "1, " "1, " "1, " "1, " "1, " "1, " "1, " "1, " "1, " "1, " "1, " "1, " "1, " "1, " "1, " "1, " "1, " "1, " "1, " "1, " "1, " "1, " "1, " "1, " "1, " "1, " "1, " "1, " "1, " "1, " "1, " "1, " "1, " "1, " "1, " "1, " "1, " "1, " "1, " "1, " "1, " "1, " "1, " "1, " "1, " "1, " "1, " "1, " "1, " "1, " "1, " "1, " "1, " "1, " "1, " "1, " "1, " "1, " "1, " "1, " "1, " "1, " "1, " "1, " "1, " "1, " "1, " "1, " "1, " "1, " "1, " "1, " "1, " "1, " "1, " "1, " "1, " "1, " "1, " "1, " "1, " "1, " "1, " "1, " "1, " "1, " "1, " "1, " "1, " "1, " "1, " "1, " "1, " "1, " "1, " "1, " "1, " "1, " "1, " "1, " "1, " "1, " "1, " "1, " "1, " "1, " "1, " "1, " "1, " "1, " "1, " "1, " "1, " "1, " "1, " "1, " "1, " "1, " "1, " "1, " "1, " "1, " "1, " "1, " "1, " "1, " "1, " "1, " "1, " "1, " "1, "0
 "Nei256, 0.009, " "0.01, " "1, " "1, " "1, " "1, " "1, " "1, " "1, " "1, " "1, " "1, " "1, " "1, " "1, " "1, " "1, " "1, " "1, " "1, " "1, " "1, " "1, " "1, " "1, " "1, " "1, " "1, " "1, " "1, " "1, " "1, " "1, " "1, " "1, " "1, " "1, " "1, " "1, " "1, " "1, " "1, " "1, " "1, " "1, " "1, " "1, " "1, " "1, " "1, " "1, " "1, " "1, " "1, " "1, " "1, " "1, " "1, " "1, " "1, " "1, " "1, " "1, " "1, " "1, " "1, " "1, " "1, " "1, " "1, " "1, " "1, " "1, " "1, " "1, " "1, " "1, " "1, " "1, " "1, " "1, " "1, " "1, " "1, " "1, " "1, " "1, " "1, " "1, " "1, " "1, " "1, " "1, " "1, " "1, " "1, " "1, " "1, " "1, " "1, " "1, " "1, " "1, " "1, " "1, " "1, " "1, " "1, " "1, " "1, " "1, " "1, " "1, " "1, " "1, " "1, " "1, " "1, " "1, " "1, " "1, " "1, " "1, " "1, " "1, " "1, " "1, " "1, " "1, " "1, " "1, " "1, " "1, " "1, " "1, " "1, " "1, " "1, " "1, " "1, " "1, " "1, " "1, " "1, " "1, " "1, " "1, " "1, " "1, " "1, " "1, " "1, " "1, " "1, " "1, " "1, " "1, " "1, " "1, " "1, " "1, " "1, " "1, " "1, " "1, " "1, " "1, " "1, " "1, " "1, " "1, " "1, " "1, " "1, " "1, " "1, " "1, " "1, " "1, " "1, " "1, " "1, " "1, " "1, " "1, " "1, " "1, " "1, " "1, " "1, " "1, " "1, " "1, " "1, " "1, " "1, " "1, " "1, " "1, " "1, " "1, " "1, " "1, " "1, " "1, " "1, " "1, " "1, " "1, " "1, " "1, " "1, " "1, " "1, " "1, " "1, " "1, " "1, " "1, " "1, " "1, " "1, " "1, " "1, " "1, " "1, " "1, " "1, " "1, " "1, " "1, " "1, " "1, " "1, " "1, " "1, " "1, " "1, " "1, " "1, " "1, " "1, " "1, " "1, " "1, " "1, " "1, " "1, " "1, " "1, " "1, " "1, " "1, " "1, " "1, " "1, " "1, " "1, " "0, " "1, " "1, " "1, " "1, " "1, " "1, " "1, " "1, " "1, " "1, " "1, " "1, " "1, " "1, " "1, " "1, " "1, " "1, " "1, " "1, " "1, " "1, " "1, " "1, " "1, " "1, " "1, " "1, " "1, " "1, " "1, " "1, " "1, " "1, " "1, " "1, " "1, " "1, " "1, " "1, " "1, " "1, " "1, " "1, " "1, " "1, " "1, " "1, " "1, " "1, " "1, " "1, " "1, " "1, " "1, " "1, " "1, " "1, " "1, " "1, " "1, " "1, " "1, " "1, " "1, " "1, " "1, " "1, " "1, " "1, " "1, " "1, " "1, " "1, " "1, " "1, " "1, " "1, " "1, " "1, " "1, " "1, " "1, " "1, " "1, " "1, " "1, " "1, " "1, " "1, " "1, " "1, " "1, " "1, " "1, " "1, " "1, " "1, " "1, " "1, " "1, " "1, " "1, " "1, " "1, " "1, " "1, " "1, " "1, " "1, " "1, " "1, " "1, " "1, " "1, " "1, " "1, " "1, " "1, " "1, " "1, " "1, " "1, " "1, " "1, " "1, " "1, " "1, " "1, " "1, " "1, " "1, " "1, " "1, " "1, " "1, " "1, " "1, " "1, " "1, " "1, " "1, " "1, " "1, " "1, " "1, " "1, " "1, " "1, " "1, " "1, " "1, " "1, " "1, " "1, " "1, " "1, " "1, " "1, " "1, " "1, " "1, " "1, " "1, " "1, " "1, " "1, " "1, " "1, " "1, " "1, " "1, " "1, " "1, " "1, " "1, " "1, " "1, " "1, " "1, " "1, " "1, " "1, " "1, " "1, " "1, " "1, " "1, " "1, " "1, " "1, " "1, " "1, " "1, " "1, " "1, " "1, " "1, " "1, " "1, " "1, " "1, " "1, " "1, " "1, " "1, " "1, " "1, " "1, " "1, " "1, " "1, " "1, " "1, " "1, " "1, " "1, " "1, " "1, " "1, " "1, " "1, " "1, " "1, " "1, " "1, " "1, " "1, " "1, " "1, " "1, " "1, " "1, " "1, " "1, " "1, " "1, " "1, " "1, " "1, " "1, " "1, " "1, " "1, " "1, " "1, " "1, " "1, " "1, " "1, " "1, " "1, " "1, " "1, " "1, " "1, "0
 "Nei257, 0.018, " "0.269, " "1, " "1, " "1, " "1, " "1, " "1, " "1, " "1, " "1, " "1, " "1, " "1, " "1, " "1, " "1, " "1, " "1, " "1, " "1, " "1, " "1, " "1, " "1, " "1, " "1, " "1, " "1, " "1, " "1, " "1, " "1, " "1, " "1, " "1, " "1, " "1, " "1, " "1, " "1, " "1, " "1, " "1, " "1, " "1, " "1, " "1, " "1, " "1, " "1, " "1, " "1, " "1, " "1, " "1, " "1, " "1, " "1, " "1, " "1, " "1, " "1, " "1, " "1, " "1, " "1, " "1, " "1, " "1, " "1, " "1, " "1, " "1, " "1, " "1, " "1, " "1, " "1, " "1, " "1, " "1, " "1, " "1, " "1, " "1, " "1, " "1, " "1, " "1, " "1, " "1, " "1, " "1, " "1, " "1, " "1, " "1, " "1, " "1, " "1, " "1, " "1, " "1, " "1, " "1, " "1, " "1, " "1, " "1, " "1, " "1, " "1, " "1, " "1, " "1, " "1, " "1, " "1, " "1, " "1, " "1, " "1, " "1, " "1, " "1, " "1, " "1, " "1, " "1, " "1, " "1, " "1, " "1, " "1, " "1, " "1, " "1, " "1, " "1, " "1, " "1, " "1, " "1, " "1, " "1, " "1, " "1, " "1, " "1, " "1, " "1, " "1, " "1, " "1, " "1, " "1, " "1, " "1, " "1, " "1, " "1, " "1, " "1, " "1, " "1, " "1, " "1, " "1, " "1, " "1, " "1, " "1, " "1, " "1, " "1, " "1, " "1, " "1, " "1, " "1, " "1, " "1, " "1, " "1, " "1, " "1, " "1, " "1, " "1, " "1, " "1, " "1, " "1, " "1, " "1, " "1, " "1, " "1, " "1, " "1, " "1, " "1, " "1, " "1, " "1, " "1, " "1, " "1, " "1, " "1, " "1, " "1, " "1, " "1, " "1, " "1, " "1, " "1, " "1, " "1, " "1, " "1, " "1, " "1, " "1, " "1, " "1, " "1, " "1, " "1, " "1, " "1, " "1, " "1, " "1, " "1, " "1, " "1, " "1, " "1, " "1, " "1, " "1, " "1, " "1, " "1, " "1, " "1, " "1, " "1, " "1, " "1, " "1, " "1, " "1, " "1, " "1, " "1, " "0, " "1, " "1, " "1, " "1, " "1, " "1, " "1, " "1, " "1, " "1, " "1, " "1, " "1, " "1, " "1, " "1, " "1, " "1, " "1, " "1, " "1, " "1, " "1, " "1, " "1, " "1, " "1, " "1, " "1, " "1, " "1, " "1, " "1, " "1, " "1, " "1, " "1, " "1, " "1, " "1, " "1, " "1, " "1, " "1, " "1, " "1, " "1, " "1, " "1, " "1, " "1, " "1, " "1, " "1, " "1, " "1, " "1, " "1, " "1, " "1, " "1, " "1, " "1, " "1, " "1, " "1, " "1, " "1, " "1, " "1, " "1, " "1, " "1, " "1, " "1, " "1, " "1, " "1, " "1, " "1, " "1, " "1, " "1, " "1, " "1, " "1, " "1, " "1, " "1, " "1, " "1, " "1, " "1, " "1, " "1, " "1, " "1, " "1, " "1, " "1, " "1, " "1, " "1, " "1, " "1, " "1, " "1, " "1, " "1, " "1, " "1, " "1, " "1, " "1, " "1, " "1, " "1, " "1, " "1, " "1, " "1, " "1, " "1, " "1, " "1, " "1, " "1, " "1, " "1, " "1, " "1, " "1, " "1, " "1, " "1, " "1, " "1, " "1, " "1, " "1, " "1, " "1, " "1, " "1, " "1, " "1, " "1, " "1, " "1, " "1, " "1, " "1, " "1, " "1, " "1, " "1, " "1, " "1, " "1, " "1, " "1, " "1, " "1, " "1, " "1, " "1, " "1, " "1, " "1, " "1, " "1, " "1, " "1, " "1, " "1, " "1, " "1, " "1, " "1, " "1, " "1, " "1, " "1, " "1, " "1, " "1, " "1, " "1, " "1, " "1, " "1, " "1, " "1, " "1, " "1, " "1, " "1, " "1, " "1, " "1, " "1, " "1, " "1, " "1, " "1, " "1, " "1, " "1, " "1, " "1, " "1, " "1, " "1, " "1, " "1, " "1, " "1, " "1, " "1, " "1, " "1, " "1, " "1, " "1, " "1, " "1, " "1, " "1, " "1, " "1, " "1, " "1, " "1, " "1, " "1, " "1, " "1, " "1, " "1, " "1, " "1, " "1, " "1, " "1, " "1, " "1, " "1, " "1, " "1, " "1, " "1, " "1, " "1, " "1, " "1, "0
 "Nei258, 0.328, " "0.972, " "1, " "1, " "1, " "1, " "1, " "1, " "1, " "1, " "1, " "1, " "1, " "1, " "1, " "1, " "1, " "1, " "1, " "1, " "1, " "1, " "1, " "1, " "1, " "1, " "1, " "1, " "1, " "1, " "1, " "1, " "1, " "1, " "1, " "1, " "1, " "1, " "1, " "1, " "1, " "1, " "1, " "1, " "1, " "1, " "1, " "1, " "1, " "1, " "1, " "1, " "1, " "1, " "1, " "1, " "1, " "1, " "1, " "1, " "1, " "1, " "1, " "1, " "1, " "1, " "1, " "1, " "1, " "1, " "1, " "1, " "1, " "1, " "1, " "1, " "1, " "1, " "1, " "1, " "1, " "1, " "1, " "1, " "1, " "1, " "1, " "1, " "1, " "1, " "1, " "1, " "1, " "1, " "1, " "1, " "1, " "1, " "1, " "1, " "1, " "1, " "1, " "1, " "1, " "1, " "1, " "1, " "1, " "1, " "1, " "1, " "1, " "1, " "1, " "1, " "1, " "1, " "1, " "1, " "1, " "1, " "1, " "1, " "1, " "1, " "1, " "1, " "1, " "1, " "1, " "1, " "1, " "1, " "1, " "1, " "1, " "1, " "1, " "1, " "1, " "1, " "1, " "1, " "1, " "1, " "1, " "1, " "1, " "1, " "1, " "1, " "1, " "1, " "1, " "1, " "1, " "1, " "1, " "1, " "1, " "1, " "1, " "1, " "1, " "1, " "1, " "1, " "1, " "1, " "1, " "1, " "1, " "1, " "1, " "1, " "1, " "1, " "1, " "1, " "1, " "1, " "1, " "1, " "1, " "1, " "1, " "1, " "1, " "1, " "1, " "1, " "1, " "1, " "1, " "1, " "1, " "1, " "1, " "1, " "1, " "1, " "1, " "1, " "1, " "1, " "1, " "1, " "1, " "1, " "1, " "1, " "1, " "1, " "1, " "1, " "1, " "1, " "1, " "1, " "1, " "1, " "1, " "1, " "1, " "1, " "1, " "1, " "1, " "1, " "1, " "1, " "1, " "1, " "1, " "1, " "1, " "1, " "1, " "1, " "1, " "1, " "1, " "1, " "1, " "1, " "1, " "1, " "1, " "1, " "1, " "1, " "1, " "1, " "1, " "1, " "1, " "1, " "1, " "1, " "0, " "1, " "1, " "1, " "1, " "1, " "1, " "1, " "1, " "1, " "1, " "1, " "1, " "1, " "1, " "1, " "1, " "1, " "1, " "1, " "1, " "1, " "1, " "1, " "1, " "1, " "1, " "1, " "1, " "1, " "1, " "1, " "1, " "1, " "1, " "1, " "1, " "1, " "1, " "1, " "1, " "1, " "1, " "1, " "1, " "1, " "1, " "1, " "1, " "1, " "1, " "1, " "1, " "1, " "1, " "1, " "1, " "1, " "1, " "1, " "1, " "1, " "1, " "1, " "1, " "1, " "1, " "1, " "1, " "1, " "1, " "1, " "1, " "1, " "1, " "1, " "1, " "1, " "1, " "1, " "1, " "1, " "1, " "1, " "1, " "1, " "1, " "1, " "1, " "1, " "1, " "1, " "1, " "1, " "1, " "1, " "1, " "1, " "1, " "1, " "1, " "1, " "1, " "1, " "1, " "1, " "1, " "1, " "1, " "1, " "1, " "1, " "1, " "1, " "1, " "1, " "1, " "1, " "1, " "1, " "1, " "1, " "1, " "1, " "1, " "1, " "1, " "1, " "1, " "1, " "1, " "1, " "1, " "1, " "1, " "1, " "1, " "1, " "1, " "1, " "1, " "1, " "1, " "1, " "1, " "1, " "1, " "1, " "1, " "1, " "1, " "1, " "1, " "1, " "1, " "1, " "1, " "1, " "1, " "1, " "1, " "1, " "1, " "1, " "1, " "1, " "1, " "1, " "1, " "1, " "1, " "1, " "1, " "1, " "1, " "1, " "1, " "1, " "1, " "1, " "1, " "1, " "1, " "1, " "1, " "1, " "1, " "1, " "1, " "1, " "1, " "1, " "1, " "1, " "1, " "1, " "1, " "1, " "1, " "1, " "1, " "1, " "1, " "1, " "1, " "1, " "1, " "1, " "1, " "1, " "1, " "1, " "1, " "1, " "1, " "1, " "1, " "1, " "1, " "1, " "1, " "1, " "1, " "1, " "1, " "1, " "1, " "1, " "1, " "1, " "1, " "1, " "1, " "1, " "1, " "1, " "1, " "1, " "1, " "1, " "1, " "1, " "1, " "1, " "1, " "1, " "1, " "1, " "1, " "1, " "1, " "1, " "1, " "1, " "1, "0
 "Nei259, 0.119, " "-0.424, " "1, " "1, " "1, " "1, " "1, " "1, " "1, " "1, " "1, " "1, " "1, " "1, " "1, " "1, " "1, " "1, " "1, " "1, " "1, " "1, " "1, " "1, " "1, " "1, " "1, " "1, " "1, " "1, " "1, " "1, " "1, " "1, " "1, " "1, " "1, " "1, " "1, " "1, " "1, " "1, " "1, " "1, " "1, " "1, " "1, " "1, " "1, " "1, " "1, " "1, " "1, " "1, " "1, " "1, " "1, " "1, " "1, " "1, " "1, " "1, " "1, " "1, " "1, " "1, " "1, " "1, " "1, " "1, " "1, " "1, " "1, " "1, " "1, " "1, " "1, " "1, " "1, " "1, " "1, " "1, " "1, " "1, " "1, " "1, " "1, " "1, " "1, " "1, " "1, " "1, " "1, " "1, " "1, " "1, " "1, " "1, " "1, " "1, " "1, " "1, " "1, " "1, " "1, " "1, " "1, " "1, " "1, " "1, " "1, " "1, " "1, " "1, " "1, " "1, " "1, " "1, " "1, " "1, " "1, " "1, " "1, " "1, " "1, " "1, " "1, " "1, " "1, " "1, " "1, " "1, " "1, " "1, " "1, " "1, " "1, " "1, " "1, " "1, " "1, " "1, " "1, " "1, " "1, " "1, " "1, " "1, " "1, " "1, " "1, " "1, " "1, " "1, " "1, " "1, " "1, " "1, " "1, " "1, " "1, " "1, " "1, " "1, " "1, " "1, " "1, " "1, " "1, " "1, " "1, " "1, " "1, " "1, " "1, " "1, " "1, " "1, " "1, " "1, " "1, " "1, " "1, " "1, " "1, " "1, " "1, " "1, " "1, " "1, " "1, " "1, " "1, " "1, " "1, " "1, " "1, " "1, " "1, " "1, " "1, " "1, " "1, " "1, " "1, " "1, " "1, " "1, " "1, " "1, " "1, " "1, " "1, " "1, " "1, " "1, " "1, " "1, " "1, " "1, " "1, " "1, " "1, " "1, " "1, " "1, " "1, " "1, " "1, " "1, " "1, " "1, " "1, " "1, " "1, " "1, " "1, " "1, " "1, " "1, " "1, " "1, " "1, " "1, " "1, " "1, " "1, " "1, " "1, " "1, " "1, " "1, " "1, " "1, " "1, " "1, " "1, " "1, " "1, " "1, " "1, " "0, " "1, " "1, " "1, " "1, " "1, " "1, " "1, " "1, " "1, " "1, " "1, " "1, " "1, " "1, " "1, " "1, " "1, " "1, " "1, " "1, " "1, " "1, " "1, " "1, " "1, " "1, " "1, " "1, " "1, " "1, " "1, " "1, " "1, " "1, " "1, " "1, " "1, " "1, " "1, " "1, " "1, " "1, " "1, " "1, " "1, " "1, " "1, " "1, " "1, " "1, " "1, " "1, " "1, " "1, " "1, " "1, " "1, " "1, " "1, " "1, " "1, " "1, " "1, " "1, " "1, " "1, " "1, " "1, " "1, " "1, " "1, " "1, " "1, " "1, " "1, " "1, " "1, " "1, " "1, " "1, " "1, " "1, " "1, " "1, " "1, " "1, " "1, " "1, " "1, " "1, " "1, " "1, " "1, " "1, " "1, " "1, " "1, " "1, " "1, " "1, " "1, " "1, " "1, " "1, " "1, " "1, " "1, " "1, " "1, " "1, " "1, " "1, " "1, " "1, " "1, " "1, " "1, " "1, " "1, " "1, " "1, " "1, " "1, " "1, " "1, " "1, " "1, " "1, " "1, " "1, " "1, " "1, " "1, " "1, " "1, " "1, " "1, " "1, " "1, " "1, " "1, " "1, " "1, " "1, " "1, " "1, " "1, " "1, " "1, " "1, " "1, " "1, " "1, " "1, " "1, " "1, " "1, " "1, " "1, " "1, " "1, " "1, " "1, " "1, " "1, " "1, " "1, " "1, " "1, " "1, " "1, " "1, " "1, " "1, " "1, " "1, " "1, " "1, " "1, " "1, " "1, " "1, " "1, " "1, " "1, " "1, " "1, " "1, " "1, " "1, " "1, " "1, " "1, " "1, " "1, " "1, " "1, " "1, " "1, " "1, " "1, " "1, " "1, " "1, " "1, " "1, " "1, " "1, " "1, " "1, " "1, " "1, " "1, " "1, " "1, " "1, " "1, " "1, " "1, " "1, " "1, " "1, " "1, " "1, " "1, " "1, " "1, " "1, " "1, " "1, " "1, " "1, " "1, " "1, " "1, " "1, " "1, " "1, " "1, " "1, " "1, " "1, " "1, " "1, " "1, " "1, " "1, " "1, " "1, " "1, " "1, " "1, " "1, "0
 "Nei260, 0.363, " "0.042, " "1, " "1, " "1, " "1, " "1, " "1, " "1, " "1, " "1, " "1, " "1, " "1, " "1, " "1, " "1, " "1, " "1, " "1, " "1, " "1, " "1, " "1, " "1, " "1, " "1, " "1, " "1, " "1, " "1, " "1, " "1, " "1, " "1, " "1, " "1, " "1, " "1, " "1, " "1, " "1, " "1, " "1, " "1, " "1, " "1, " "1, " "1, " "1, " "1, " "1, " "1, " "1, " "1, " "1, " "1, " "1, " "1, " "1, " "1, " "1, " "1, " "1, " "1, " "1, " "1, " "1, " "1, " "1, " "1, " "1, " "1, " "1, " "1, " "1, " "1, " "1, " "1, " "1, " "1, " "1, " "1, " "1, " "1, " "1, " "1, " "1, " "1, " "1, " "1, " "1, " "1, " "1, " "1, " "1, " "1, " "1, " "1, " "1, " "1, " "1, " "1, " "1, " "1, " "1, " "1, " "1, " "1, " "1, " "1, " "1, " "1, " "1, " "1, " "1, " "1, " "1, " "1, " "1, " "1, " "1, " "1, " "1, " "1, " "1, " "1, " "1, " "1, " "1, " "1, " "1, " "1, " "1, " "1, " "1, " "1, " "1, " "1, " "1, " "1, " "1, " "1, " "1, " "1, " "1, " "1, " "1, " "1, " "1, " "1, " "1, " "1, " "1, " "1, " "1, " "1, " "1, " "1, " "1, " "1, " "1, " "1, " "1, " "1, " "1, " "1, " "1, " "1, " "1, " "1, " "1, " "1, " "1, " "1, " "1, " "1, " "1, " "1, " "1, " "1, " "1, " "1, " "1, " "1, " "1, " "1, " "1, " "1, " "1, " "1, " "1, " "1, " "1, " "1, " "1, " "1, " "1, " "1, " "1, " "1, " "1, " "1, " "1, " "1, " "1, " "1, " "1, " "1, " "1, " "1, " "1, " "1, " "1, " "1, " "1, " "1, " "1, " "1, " "1, " "1, " "1, " "1, " "1, " "1, " "1, " "1, " "1, " "1, " "1, " "1, " "1, " "1, " "1, " "1, " "1, " "1, " "1, " "1, " "1, " "1, " "1, " "1, " "1, " "1, " "1, " "1, " "1, " "1, " "1, " "1, " "1, " "1, " "1, " "1, " "1, " "1, " "1, " "1, " "1, " "1, " "1, " "0, " "1, " "1, " "1, " "1, " "1, " "1, " "1, " "1, " "1, " "1, " "1, " "1, " "1, " "1, " "1, " "1, " "1, " "1, " "1, " "1, " "1, " "1, " "1, " "1, " "1, " "1, " "1, " "1, " "1, " "1, " "1, " "1, " "1, " "1, " "1, " "1, " "1, " "1, " "1, " "1, " "1, " "1, " "1, " "1, " "1, " "1, " "1, " "1, " "1, " "1, " "1, " "1, " "1, " "1, " "1, " "1, " "1, " "1, " "1, " "1, " "1, " "1, " "1, " "1, " "1, " "1, " "1, " "1, " "1, " "1, " "1, " "1, " "1, " "1, " "1, " "1, " "1, " "1, " "1, " "1, " "1, " "1, " "1, " "1, " "1, " "1, " "1, " "1, " "1, " "1, " "1, " "1, " "1, " "1, " "1, " "1, " "1, " "1, " "1, " "1, " "1, " "1, " "1, " "1, " "1, " "1, " "1, " "1, " "1, " "1, " "1, " "1, " "1, " "1, " "1, " "1, " "1, " "1, " "1, " "1, " "1, " "1, " "1, " "1, " "1, " "1, " "1, " "1, " "1, " "1, " "1, " "1, " "1, " "1, " "1, " "1, " "1, " "1, " "1, " "1, " "1, " "1, " "1, " "1, " "1, " "1, " "1, " "1, " "1, " "1, " "1, " "1, " "1, " "1, " "1, " "1, " "1, " "1, " "1, " "1, " "1, " "1, " "1, " "1, " "1, " "1, " "1, " "1, " "1, " "1, " "1, " "1, " "1, " "1, " "1, " "1, " "1, " "1, " "1, " "1, " "1, " "1, " "1, " "1, " "1, " "1, " "1, " "1, " "1, " "1, " "1, " "1, " "1, " "1, " "1, " "1, " "1, " "1, " "1, " "1, " "1, " "1, " "1, " "1, " "1, " "1, " "1, " "1, " "1, " "1, " "1, " "1, " "1, " "1, " "1, " "1, " "1, " "1, " "1, " "1, " "1, " "1, " "1, " "1, " "1, " "1, " "1, " "1, " "1, " "1, " "1, " "1, " "1, " "1, " "1, " "1, " "1, " "1, " "1, " "1, " "1, " "1, " "1, " "1, " "1, " "1, " "1, " "1, " "1, " "1, " "1, " "1, "0
 "Nei261, 0.39, " "-0.133, " "1, " "1, " "1, " "1, " "1, " "1, " "1, " "1, " "1, " "1, " "1, " "1, " "1, " "1, " "1, " "1, " "1, " "1, " "1, " "1, " "1, " "1, " "1, " "1, " "1, " "1, " "1, " "1, " "1, " "1, " "1, " "1, " "1, " "1, " "1, " "1, " "1, " "1, " "1, " "1, " "1, " "1, " "1, " "1, " "1, " "1, " "1, " "1, " "1, " "1, " "1, " "1, " "1, " "1, " "1, " "1, " "1, " "1, " "1, " "1, " "1, " "1, " "1, " "1, " "1, " "1, " "1, " "1, " "1, " "1, " "1, " "1, " "1, " "1, " "1, " "1, " "1, " "1, " "1, " "1, " "1, " "1, " "1, " "1, " "1, " "1, " "1, " "1, " "1, " "1, " "1, " "1, " "1, " "1, " "1, " "1, " "1, " "1, " "1, " "1, " "1, " "1, " "1, " "1, " "1, " "1, " "1, " "1, " "1, " "1, " "1, " "1, " "1, " "1, " "1, " "1, " "1, " "1, " "1, " "1, " "1, " "1, " "1, " "1, " "1, " "1, " "1, " "1, " "1, " "1, " "1, " "1, " "1, " "1, " "1, " "1, " "1, " "1, " "1, " "1, " "1, " "1, " "1, " "1, " "1, " "1, " "1, " "1, " "1, " "1, " "1, " "1, " "1, " "1, " "1, " "1, " "1, " "1, " "1, " "1, " "1, " "1, " "1, " "1, " "1, " "1, " "1, " "1, " "1, " "1, " "1, " "1, " "1, " "1, " "1, " "1, " "1, " "1, " "1, " "1, " "1, " "1, " "1, " "1, " "1, " "1, " "1, " "1, " "1, " "1, " "1, " "1, " "1, " "1, " "1, " "1, " "1, " "1, " "1, " "1, " "1, " "1, " "1, " "1, " "1, " "1, " "1, " "1, " "1, " "1, " "1, " "1, " "1, " "1, " "1, " "1, " "1, " "1, " "1, " "1, " "1, " "1, " "1, " "1, " "1, " "1, " "1, " "1, " "1, " "1, " "1, " "1, " "1, " "1, " "1, " "1, " "1, " "1, " "1, " "1, " "1, " "1, " "1, " "1, " "1, " "1, " "1, " "1, " "1, " "1, " "1, " "1, " "1, " "1, " "1, " "1, " "1, " "1, " "1, " "1, " "1, " "0, " "1, " "1, " "1, " "1, " "1, " "1, " "1, " "1, " "1, " "1, " "1, " "1, " "1, " "1, " "1, " "1, " "1, " "1, " "1, " "1, " "1, " "1, " "1, " "1, " "1, " "1, " "1, " "1, " "1, " "1, " "1, " "1, " "1, " "1, " "1, " "1, " "1, " "1, " "1, " "1, " "1, " "1, " "1, " "1, " "1, " "1, " "1, " "1, " "1, " "1, " "1, " "1, " "1, " "1, " "1, " "1, " "1, " "1, " "1, " "1, " "1, " "1, " "1, " "1, " "1, " "1, " "1, " "1, " "1, " "1, " "1, " "1, " "1, " "1, " "1, " "1, " "1, " "1, " "1, " "1, " "1, " "1, " "1, " "1, " "1, " "1, " "1, " "1, " "1, " "1, " "1, " "1, " "1, " "1, " "1, " "1, " "1, " "1, " "1, " "1, " "1, " "1, " "1, " "1, " "1, " "1, " "1, " "1, " "1, " "1, " "1, " "1, " "1, " "1, " "1, " "1, " "1, " "1, " "1, " "1, " "1, " "1, " "1, " "1, " "1, " "1, " "1, " "1, " "1, " "1, " "1, " "1, " "1, " "1, " "1, " "1, " "1, " "1, " "1, " "1, " "1, " "1, " "1, " "1, " "1, " "1, " "1, " "1, " "1, " "1, " "1, " "1, " "1, " "1, " "1, " "1, " "1, " "1, " "1, " "1, " "1, " "1, " "1, " "1, " "1, " "1, " "1, " "1, " "1, " "1, " "1, " "1, " "1, " "1, " "1, " "1, " "1, " "1, " "1, " "1, " "1, " "1, " "1, " "1, " "1, " "1, " "1, " "1, " "1, " "1, " "1, " "1, " "1, " "1, " "1, " "1, " "1, " "1, " "1, " "1, " "1, " "1, " "1, " "1, " "1, " "1, " "1, " "1, " "1, " "1, " "1, " "1, " "1, " "1, " "1, " "1, " "1, " "1, " "1, " "1, " "1, " "1, " "1, " "1, " "1, " "1, " "1, " "1, " "1, " "1, " "1, " "1, " "1, " "1, " "1, " "1, " "1, " "1, " "1, " "1, " "1, " "1, " "1, " "1, " "1, " "1, " "1, " "1, " "1, " "1, " "1, "0
 "Nei262, 0.049, " "-0.464, " "1, " "1, " "1, " "1, " "1, " "1, " "1, " "1, " "1, " "1, " "1, " "1, " "1, " "1, " "1, " "1, " "1, " "1, " "1, " "1, " "1, " "1, " "1, " "1, " "1, " "1, " "1, " "1, " "1, " "1, " "1, " "1, " "1, " "1, " "1, " "1, " "1, " "1, " "1, " "1, " "1, " "1, " "1, " "1, " "1, " "1, " "1, " "1, " "1, " "1, " "1, " "1, " "1, " "1, " "1, " "1, " "1, " "1, " "1, " "1, " "1, " "1, " "1, " "1, " "1, " "1, " "1, " "1, " "1, " "1, " "1, " "1, " "1, " "1, " "1, " "1, " "1, " "1, " "1, " "1, " "1, " "1, " "1, " "1, " "1, " "1, " "1, " "1, " "1, " "1, " "1, " "1, " "1, " "1, " "1, " "1, " "1, " "1, " "1, " "1, " "1, " "1, " "1, " "1, " "1, " "1, " "1, " "1, " "1, " "1, " "1, " "1, " "1, " "1, " "1, " "1, " "1, " "1, " "1, " "1, " "1, " "1, " "1, " "1, " "1, " "1, " "1, " "1, " "1, " "1, " "1, " "1, " "1, " "1, " "1, " "1, " "1, " "1, " "1, " "1, " "1, " "1, " "1, " "1, " "1, " "1, " "1, " "1, " "1, " "1, " "1, " "1, " "1, " "1, " "1, " "1, " "1, " "1, " "1, " "1, " "1, " "1, " "1, " "1, " "1, " "1, " "1, " "1, " "1, " "1, " "1, " "1, " "1, " "1, " "1, " "1, " "1, " "1, " "1, " "1, " "1, " "1, " "1, " "1, " "1, " "1, " "1, " "1, " "1, " "1, " "1, " "1, " "1, " "1, " "1, " "1, " "1, " "1, " "1, " "1, " "1, " "1, " "1, " "1, " "1, " "1, " "1, " "1, " "1, " "1, " "1, " "1, " "1, " "1, " "1, " "1, " "1, " "1, " "1, " "1, " "1, " "1, " "1, " "1, " "1, " "1, " "1, " "1, " "1, " "1, " "1, " "1, " "1, " "1, " "1, " "1, " "1, " "1, " "1, " "1, " "1, " "1, " "1, " "1, " "1, " "1, " "1, " "1, " "1, " "1, " "1, " "1, " "1, " "1, " "1, " "1, " "1, " "1, " "1, " "1, " "1, " "1, " "0, " "1, " "1, " "1, " "1, " "1, " "1, " "1, " "1, " "1, " "1, " "1, " "1, " "1, " "1, " "1, " "1, " "1, " "1, " "1, " "1, " "1, " "1, " "1, " "1, " "1, " "1, " "1, " "1, " "1, " "1, " "1, " "1, " "1, " "1, " "1, " "1, " "1, " "1, " "1, " "1, " "1, " "1, " "1, " "1, " "1, " "1, " "1, " "1, " "1, " "1, " "1, " "1, " "1, " "1, " "1, " "1, " "1, " "1, " "1, " "1, " "1, " "1, " "1, " "1, " "1, " "1, " "1, " "1, " "1, " "1, " "1, " "1, " "1, " "1, " "1, " "1, " "1, " "1, " "1, " "1, " "1, " "1, " "1, " "1, " "1, " "1, " "1, " "1, " "1, " "1, " "1, " "1, " "1, " "1, " "1, " "1, " "1, " "1, " "1, " "1, " "1, " "1, " "1, " "1, " "1, " "1, " "1, " "1, " "1, " "1, " "1, " "1, " "1, " "1, " "1, " "1, " "1, " "1, " "1, " "1, " "1, " "1, " "1, " "1, " "1, " "1, " "1, " "1, " "1, " "1, " "1, " "1, " "1, " "1, " "1, " "1, " "1, " "1, " "1, " "1, " "1, " "1, " "1, " "1, " "1, " "1, " "1, " "1, " "1, " "1, " "1, " "1, " "1, " "1, " "1, " "1, " "1, " "1, " "1, " "1, " "1, " "1, " "1, " "1, " "1, " "1, " "1, " "1, " "1, " "1, " "1, " "1, " "1, " "1, " "1, " "1, " "1, " "1, " "1, " "1, " "1, " "1, " "1, " "1, " "1, " "1, " "1, " "1, " "1, " "1, " "1, " "1, " "1, " "1, " "1, " "1, " "1, " "1, " "1, " "1, " "1, " "1, " "1, " "1, " "1, " "1, " "1, " "1, " "1, " "1, " "1, " "1, " "1, " "1, " "1, " "1, " "1, " "1, " "1, " "1, " "1, " "1, " "1, " "1, " "1, " "1, " "1, " "1, " "1, " "1, " "1, " "1, " "1, " "1, " "1, " "1, " "1, " "1, " "1, " "1, " "1, " "1, " "1, " "1, " "1, " "1, " "1, " "1, " "1, " "1, "0
 "Nei263, 0.106, " "-0.434, " "1, " "1, " "1, " "1, " "1, " "1, " "1, " "1, " "1, " "1, " "1, " "1, " "1, " "1, " "1, " "1, " "1, " "1, " "1, " "1, " "1, " "1, " "1, " "1, " "1, " "1, " "1, " "1, " "1, " "1, " "1, " "1, " "1, " "1, " "1, " "1, " "1, " "1, " "1, " "1, " "1, " "1, " "1, " "1, " "1, " "1, " "1, " "1, " "1, " "1, " "1, " "1, " "1, " "1, " "1, " "1, " "1, " "1, " "1, " "1, " "1, " "1, " "1, " "1, " "1, " "1, " "1, " "1, " "1, " "1, " "1, " "1, " "1, " "1, " "1, " "1, " "1, " "1, " "1, " "1, " "1, " "1, " "1, " "1, " "1, " "1, " "1, " "1, " "1, " "1, " "1, " "1, " "1, " "1, " "1, " "1, " "1, " "1, " "1, " "1, " "1, " "1, " "1, " "1, " "1, " "1, " "1, " "1, " "1, " "1, " "1, " "1, " "1, " "1, " "1, " "1, " "1, " "1, " "1, " "1, " "1, " "1, " "1, " "1, " "1, " "1, " "1, " "1, " "1, " "1, " "1, " "1, " "1, " "1, " "1, " "1, " "1, " "1, " "1, " "1, " "1, " "1, " "1, " "1, " "1, " "1, " "1, " "1, " "1, " "1, " "1, " "1, " "1, " "1, " "1, " "1, " "1, " "1, " "1, " "1, " "1, " "1, " "1, " "1, " "1, " "1, " "1, " "1, " "1, " "1, " "1, " "1, " "1, " "1, " "1, " "1, " "1, " "1, " "1, " "1, " "1, " "1, " "1, " "1, " "1, " "1, " "1, " "1, " "1, " "1, " "1, " "1, " "1, " "1, " "1, " "1, " "1, " "1, " "1, " "1, " "1, " "1, " "1, " "1, " "1, " "1, " "1, " "1, " "1, " "1, " "1, " "1, " "1, " "1, " "1, " "1, " "1, " "1, " "1, " "1, " "1, " "1, " "1, " "1, " "1, " "1, " "1, " "1, " "1, " "1, " "1, " "1, " "1, " "1, " "1, " "1, " "1, " "1, " "1, " "1, " "1, " "1, " "1, " "1, " "1, " "1, " "1, " "1, " "1, " "1, " "1, " "1, " "1, " "1, " "1, " "1, " "1, " "1, " "1, " "1, " "1, " "1, " "1, " "0, " "1, " "1, " "1, " "1, " "1, " "1, " "1, " "1, " "1, " "1, " "1, " "1, " "1, " "1, " "1, " "1, " "1, " "1, " "1, " "1, " "1, " "1, " "1, " "1, " "1, " "1, " "1, " "1, " "1, " "1, " "1, " "1, " "1, " "1, " "1, " "1, " "1, " "1, " "1, " "1, " "1, " "1, " "1, " "1, " "1, " "1, " "1, " "1, " "1, " "1, " "1, " "1, " "1, " "1, " "1, " "1, " "1, " "1, " "1, " "1, " "1, " "1, " "1, " "1, " "1, " "1, " "1, " "1, " "1, " "1, " "1, " "1, " "1, " "1, " "1, " "1, " "1, " "1, " "1, " "1, " "1, " "1, " "1, " "1, " "1, " "1, " "1, " "1, " "1, " "1, " "1, " "1, " "1, " "1, " "1, " "1, " "1, " "1, " "1, " "1, " "1, " "1, " "1, " "1, " "1, " "1, " "1, " "1, " "1, " "1, " "1, " "1, " "1, " "1, " "1, " "1, " "1, " "1, " "1, " "1, " "1, " "1, " "1, " "1, " "1, " "1, " "1, " "1, " "1, " "1, " "1, " "1, " "1, " "1, " "1, " "1, " "1, " "1, " "1, " "1, " "1, " "1, " "1, " "1, " "1, " "1, " "1, " "1, " "1, " "1, " "1, " "1, " "1, " "1, " "1, " "1, " "1, " "1, " "1, " "1, " "1, " "1, " "1, " "1, " "1, " "1, " "1, " "1, " "1, " "1, " "1, " "1, " "1, " "1, " "1, " "1, " "1, " "1, " "1, " "1, " "1, " "1, " "1, " "1, " "1, " "1, " "1, " "1, " "1, " "1, " "1, " "1, " "1, " "1, " "1, " "1, " "1, " "1, " "1, " "1, " "1, " "1, " "1, " "1, " "1, " "1, " "1, " "1, " "1, " "1, " "1, " "1, " "1, " "1, " "1, " "1, " "1, " "1, " "1, " "1, " "1, " "1, " "1, " "1, " "1, " "1, " "1, " "1, " "1, " "1, " "1, " "1, " "1, " "1, " "1, " "1, " "1, " "1, " "1, " "1, " "1, " "1, " "1, " "1, " "1, " "1, " "1, " "1, " "1, "0
 "Nei264, 0.165, " "0.038, " "1, " "1, " "1, " "1, " "1, " "1, " "1, " "1, " "1, " "1, " "1, " "1, " "1, " "1, " "1, " "1, " "1, " "1, " "1, " "1, " "1, " "1, " "1, " "1, " "1, " "1, " "1, " "1, " "1, " "1, " "1, " "1, " "1, " "1, " "1, " "1, " "1, " "1, " "1, " "1, " "1, " "1, " "1, " "1, " "1, " "1, " "1, " "1, " "1, " "1, " "1, " "1, " "1, " "1, " "1, " "1, " "1, " "1, " "1, " "1, " "1, " "1, " "1, " "1, " "1, " "1, " "1, " "1, " "1, " "1, " "1, " "1, " "1, " "1, " "1, " "1, " "1, " "1, " "1, " "1, " "1, " "1, " "1, " "1, " "1, " "1, " "1, " "1, " "1, " "1, " "1, " "1, " "1, " "1, " "1, " "1, " "1, " "1, " "1, " "1, " "1, " "1, " "1, " "1, " "1, " "1, " "1, " "1, " "1, " "1, " "1, " "1, " "1, " "1, " "1, " "1, " "1, " "1, " "1, " "1, " "1, " "1, " "1, " "1, " "1, " "1, " "1, " "1, " "1, " "1, " "1, " "1, " "1, " "1, " "1, " "1, " "1, " "1, " "1, " "1, " "1, " "1, " "1, " "1, " "1, " "1, " "1, " "1, " "1, " "1, " "1, " "1, " "1, " "1, " "1, " "1, " "1, " "1, " "1, " "1, " "1, " "1, " "1, " "1, " "1, " "1, " "1, " "1, " "1, " "1, " "1, " "1, " "1, " "1, " "1, " "1, " "1, " "1, " "1, " "1, " "1, " "1, " "1, " "1, " "1, " "1, " "1, " "1, " "1, " "1, " "1, " "1, " "1, " "1, " "1, " "1, " "1, " "1, " "1, " "1, " "1, " "1, " "1, " "1, " "1, " "1, " "1, " "1, " "1, " "1, " "1, " "1, " "1, " "1, " "1, " "1, " "1, " "1, " "1, " "1, " "1, " "1, " "1, " "1, " "1, " "1, " "1, " "1, " "1, " "1, " "1, " "1, " "1, " "1, " "1, " "1, " "1, " "1, " "1, " "1, " "1, " "1, " "1, " "1, " "1, " "1, " "1, " "1, " "1, " "1, " "1, " "1, " "1, " "1, " "1, " "1, " "1, " "1, " "1, " "1, " "1, " "1, " "1, " "1, " "0, " "1, " "1, " "1, " "1, " "1, " "1, " "1, " "1, " "1, " "1, " "1, " "1, " "1, " "1, " "1, " "1, " "1, " "1, " "1, " "1, " "1, " "1, " "1, " "1, " "1, " "1, " "1, " "1, " "1, " "1, " "1, " "1, " "1, " "1, " "1, " "1, " "1, " "1, " "1, " "1, " "1, " "1, " "1, " "1, " "1, " "1, " "1, " "1, " "1, " "1, " "1, " "1, " "1, " "1, " "1, " "1, " "1, " "1, " "1, " "1, " "1, " "1, " "1, " "1, " "1, " "1, " "1, " "1, " "1, " "1, " "1, " "1, " "1, " "1, " "1, " "1, " "1, " "1, " "1, " "1, " "1, " "1, " "1, " "1, " "1, " "1, " "1, " "1, " "1, " "1, " "1, " "1, " "1, " "1, " "1, " "1, " "1, " "1, " "1, " "1, " "1, " "1, " "1, " "1, " "1, " "1, " "1, " "1, " "1, " "1, " "1, " "1, " "1, " "1, " "1, " "1, " "1, " "1, " "1, " "1, " "1, " "1, " "1, " "1, " "1, " "1, " "1, " "1, " "1, " "1, " "1, " "1, " "1, " "1, " "1, " "1, " "1, " "1, " "1, " "1, " "1, " "1, " "1, " "1, " "1, " "1, " "1, " "1, " "1, " "1, " "1, " "1, " "1, " "1, " "1, " "1, " "1, " "1, " "1, " "1, " "1, " "1, " "1, " "1, " "1, " "1, " "1, " "1, " "1, " "1, " "1, " "1, " "1, " "1, " "1, " "1, " "1, " "1, " "1, " "1, " "1, " "1, " "1, " "1, " "1, " "1, " "1, " "1, " "1, " "1, " "1, " "1, " "1, " "1, " "1, " "1, " "1, " "1, " "1, " "1, " "1, " "1, " "1, " "1, " "1, " "1, " "1, " "1, " "1, " "1, " "1, " "1, " "1, " "1, " "1, " "1, " "1, " "1, " "1, " "1, " "1, " "1, " "1, " "1, " "1, " "1, " "1, " "1, " "1, " "1, " "1, " "1, " "1, " "1, " "1, " "1, " "1, " "1, " "1, " "1, " "1, " "1, " "1, " "1, " "1, " "1, " "1, " "1, "0
 "Nei265, 0.05, " "0.83, " "1, " "1, " "1, " "1, " "1, " "1, " "1, " "1, " "1, " "1, " "1, " "1, " "1, " "1, " "1, " "1, " "1, " "1, " "1, " "1, " "1, " "1, " "1, " "1, " "1, " "1, " "1, " "1, " "1, " "1, " "1, " "1, " "1, " "1, " "1, " "1, " "1, " "1, " "1, " "1, " "1, " "1, " "1, " "1, " "1, " "1, " "1, " "1, " "1, " "1, " "1, " "1, " "1, " "1, " "1, " "1, " "1, " "1, " "1, " "1, " "1, " "1, " "1, " "1, " "1, " "1, " "1, " "1, " "1, " "1, " "1, " "1, " "1, " "1, " "1, " "1, " "1, " "1, " "1, " "1, " "1, " "1, " "1, " "1, " "1, " "1, " "1, " "1, " "1, " "1, " "1, " "1, " "1, " "1, " "1, " "1, " "1, " "1, " "1, " "1, " "1, " "1, " "1, " "1, " "1, " "1, " "1, " "1, " "1, " "1, " "1, " "1, " "1, " "1, " "1, " "1, " "1, " "1, " "1, " "1, " "1, " "1, " "1, " "1, " "1, " "1, " "1, " "1, " "1, " "1, " "1, " "1, " "1, " "1, " "1, " "1, " "1, " "1, " "1, " "1, " "1, " "1, " "1, " "1, " "1, " "1, " "1, " "1, " "1, " "1, " "1, " "1, " "1, " "1, " "1, " "1, " "1, " "1, " "1, " "1, " "1, " "1, " "1, " "1, " "1, " "1, " "1, " "1, " "1, " "1, " "1, " "1, " "1, " "1, " "1, " "1, " "1, " "1, " "1, " "1, " "1, " "1, " "1, " "1, " "1, " "1, " "1, " "1, " "1, " "1, " "1, " "1, " "1, " "1, " "1, " "1, " "1, " "1, " "1, " "1, " "1, " "1, " "1, " "1, " "1, " "1, " "1, " "1, " "1, " "1, " "1, " "1, " "1, " "1, " "1, " "1, " "1, " "1, " "1, " "1, " "1, " "1, " "1, " "1, " "1, " "1, " "1, " "1, " "1, " "1, " "1, " "1, " "1, " "1, " "1, " "1, " "1, " "1, " "1, " "1, " "1, " "1, " "1, " "1, " "1, " "1, " "1, " "1, " "1, " "1, " "1, " "1, " "1, " "1, " "1, " "1, " "1, " "1, " "1, " "1, " "1, " "1, " "1, " "1, " "1, " "0, " "1, " "1, " "1, " "1, " "1, " "1, " "1, " "1, " "1, " "1, " "1, " "1, " "1, " "1, " "1, " "1, " "1, " "1, " "1, " "1, " "1, " "1, " "1, " "1, " "1, " "1, " "1, " "1, " "1, " "1, " "1, " "1, " "1, " "1, " "1, " "1, " "1, " "1, " "1, " "1, " "1, " "1, " "1, " "1, " "1, " "1, " "1, " "1, " "1, " "1, " "1, " "1, " "1, " "1, " "1, " "1, " "1, " "1, " "1, " "1, " "1, " "1, " "1, " "1, " "1, " "1, " "1, " "1, " "1, " "1, " "1, " "1, " "1, " "1, " "1, " "1, " "1, " "1, " "1, " "1, " "1, " "1, " "1, " "1, " "1, " "1, " "1, " "1, " "1, " "1, " "1, " "1, " "1, " "1, " "1, " "1, " "1, " "1, " "1, " "1, " "1, " "1, " "1, " "1, " "1, " "1, " "1, " "1, " "1, " "1, " "1, " "1, " "1, " "1, " "1, " "1, " "1, " "1, " "1, " "1, " "1, " "1, " "1, " "1, " "1, " "1, " "1, " "1, " "1, " "1, " "1, " "1, " "1, " "1, " "1, " "1, " "1, " "1, " "1, " "1, " "1, " "1, " "1, " "1, " "1, " "1, " "1, " "1, " "1, " "1, " "1, " "1, " "1, " "1, " "1, " "1, " "1, " "1, " "1, " "1, " "1, " "1, " "1, " "1, " "1, " "1, " "1, " "1, " "1, " "1, " "1, " "1, " "1, " "1, " "1, " "1, " "1, " "1, " "1, " "1, " "1, " "1, " "1, " "1, " "1, " "1, " "1, " "1, " "1, " "1, " "1, " "1, " "1, " "1, " "1, " "1, " "1, " "1, " "1, " "1, " "1, " "1, " "1, " "1, " "1, " "1, " "1, " "1, " "1, " "1, " "1, " "1, " "1, " "1, " "1, " "1, " "1, " "1, " "1, " "1, " "1, " "1, " "1, " "1, " "1, " "1, " "1, " "1, " "1, " "1, " "1, " "1, " "1, " "1, " "1, " "1, " "1, " "1, " "1, " "1, " "1, " "1, " "1, " "1, " "1, " "1, " "1, "0
 "Nei266, 0.118, " "-0.534, " "1, " "1, " "1, " "1, " "1, " "1, " "1, " "1, " "1, " "1, " "1, " "1, " "1, " "1, " "1, " "1, " "1, " "1, " "1, " "1, " "1, " "1, " "1, " "1, " "1, " "1, " "1, " "1, " "1, " "1, " "1, " "1, " "1, " "1, " "1, " "1, " "1, " "1, " "1, " "1, " "1, " "1, " "1, " "1, " "1, " "1, " "1, " "1, " "1, " "1, " "1, " "1, " "1, " "1, " "1, " "1, " "1, " "1, " "1, " "1, " "1, " "1, " "1, " "1, " "1, " "1, " "1, " "1, " "1, " "1, " "1, " "1, " "1, " "1, " "1, " "1, " "1, " "1, " "1, " "1, " "1, " "1, " "1, " "1, " "1, " "1, " "1, " "1, " "1, " "1, " "1, " "1, " "1, " "1, " "1, " "1, " "1, " "1, " "1, " "1, " "1, " "1, " "1, " "1, " "1, " "1, " "1, " "1, " "1, " "1, " "1, " "1, " "1, " "1, " "1, " "1, " "1, " "1, " "1, " "1, " "1, " "1, " "1, " "1, " "1, " "1, " "1, " "1, " "1, " "1, " "1, " "1, " "1, " "1, " "1, " "1, " "1, " "1, " "1, " "1, " "1, " "1, " "1, " "1, " "1, " "1, " "1, " "1, " "1, " "1, " "1, " "1, " "1, " "1, " "1, " "1, " "1, " "1, " "1, " "1, " "1, " "1, " "1, " "1, " "1, " "1, " "1, " "1, " "1, " "1, " "1, " "1, " "1, " "1, " "1, " "1, " "1, " "1, " "1, " "1, " "1, " "1, " "1, " "1, " "1, " "1, " "1, " "1, " "1, " "1, " "1, " "1, " "1, " "1, " "1, " "1, " "1, " "1, " "1, " "1, " "1, " "1, " "1, " "1, " "1, " "1, " "1, " "1, " "1, " "1, " "1, " "1, " "1, " "1, " "1, " "1, " "1, " "1, " "1, " "1, " "1, " "1, " "1, " "1, " "1, " "1, " "1, " "1, " "1, " "1, " "1, " "1, " "1, " "1, " "1, " "1, " "1, " "1, " "1, " "1, " "1, " "1, " "1, " "1, " "1, " "1, " "1, " "1, " "1, " "1, " "1, " "1, " "1, " "1, " "1, " "1, " "1, " "1, " "1, " "1, " "1, " "1, " "1, " "1, " "1, " "1, " "0, " "1, " "1, " "1, " "1, " "1, " "1, " "1, " "1, " "1, " "1, " "1, " "1, " "1, " "1, " "1, " "1, " "1, " "1, " "1, " "1, " "1, " "1, " "1, " "1, " "1, " "1, " "1, " "1, " "1, " "1, " "1, " "1, " "1, " "1, " "1, " "1, " "1, " "1, " "1, " "1, " "1, " "1, " "1, " "1, " "1, " "1, " "1, " "1, " "1, " "1, " "1, " "1, " "1, " "1, " "1, " "1, " "1, " "1, " "1, " "1, " "1, " "1, " "1, " "1, " "1, " "1, " "1, " "1, " "1, " "1, " "1, " "1, " "1, " "1, " "1, " "1, " "1, " "1, " "1, " "1, " "1, " "1, " "1, " "1, " "1, " "1, " "1, " "1, " "1, " "1, " "1, " "1, " "1, " "1, " "1, " "1, " "1, " "1, " "1, " "1, " "1, " "1, " "1, " "1, " "1, " "1, " "1, " "1, " "1, " "1, " "1, " "1, " "1, " "1, " "1, " "1, " "1, " "1, " "1, " "1, " "1, " "1, " "1, " "1, " "1, " "1, " "1, " "1, " "1, " "1, " "1, " "1, " "1, " "1, " "1, " "1, " "1, " "1, " "1, " "1, " "1, " "1, " "1, " "1, " "1, " "1, " "1, " "1, " "1, " "1, " "1, " "1, " "1, " "1, " "1, " "1, " "1, " "1, " "1, " "1, " "1, " "1, " "1, " "1, " "1, " "1, " "1, " "1, " "1, " "1, " "1, " "1, " "1, " "1, " "1, " "1, " "1, " "1, " "1, " "1, " "1, " "1, " "1, " "1, " "1, " "1, " "1, " "1, " "1, " "1, " "1, " "1, " "1, " "1, " "1, " "1, " "1, " "1, " "1, " "1, " "1, " "1, " "1, " "1, " "1, " "1, " "1, " "1, " "1, " "1, " "1, " "1, " "1, " "1, " "1, " "1, " "1, " "1, " "1, " "1, " "1, " "1, " "1, " "1, " "1, " "1, " "1, " "1, " "1, " "1, " "1, " "1, " "1, " "1, " "1, " "1, " "1, " "1, " "1, " "1, " "1, " "1, " "1, " "1, " "1, " "1, "0
 "Nei267, 0.388, " "0.87, " "1, " "1, " "1, " "1, " "1, " "1, " "1, " "1, " "1, " "1, " "1, " "1, " "1, " "1, " "1, " "1, " "1, " "1, " "1, " "1, " "1, " "1, " "1, " "1, " "1, " "1, " "1, " "1, " "1, " "1, " "1, " "1, " "1, " "1, " "1, " "1, " "1, " "1, " "1, " "1, " "1, " "1, " "1, " "1, " "1, " "1, " "1, " "1, " "1, " "1, " "1, " "1, " "1, " "1, " "1, " "1, " "1, " "1, " "1, " "1, " "1, " "1, " "1, " "1, " "1, " "1, " "1, " "1, " "1, " "1, " "1, " "1, " "1, " "1, " "1, " "1, " "1, " "1, " "1, " "1, " "1, " "1, " "1, " "1, " "1, " "1, " "1, " "1, " "1, " "1, " "1, " "1, " "1, " "1, " "1, " "1, " "1, " "1, " "1, " "1, " "1, " "1, " "1, " "1, " "1, " "1, " "1, " "1, " "1, " "1, " "1, " "1, " "1, " "1, " "1, " "1, " "1, " "1, " "1, " "1, " "1, " "1, " "1, " "1, " "1, " "1, " "1, " "1, " "1, " "1, " "1, " "1, " "1, " "1, " "1, " "1, " "1, " "1, " "1, " "1, " "1, " "1, " "1, " "1, " "1, " "1, " "1, " "1, " "1, " "1, " "1, " "1, " "1, " "1, " "1, " "1, " "1, " "1, " "1, " "1, " "1, " "1, " "1, " "1, " "1, " "1, " "1, " "1, " "1, " "1, " "1, " "1, " "1, " "1, " "1, " "1, " "1, " "1, " "1, " "1, " "1, " "1, " "1, " "1, " "1, " "1, " "1, " "1, " "1, " "1, " "1, " "1, " "1, " "1, " "1, " "1, " "1, " "1, " "1, " "1, " "1, " "1, " "1, " "1, " "1, " "1, " "1, " "1, " "1, " "1, " "1, " "1, " "1, " "1, " "1, " "1, " "1, " "1, " "1, " "1, " "1, " "1, " "1, " "1, " "1, " "1, " "1, " "1, " "1, " "1, " "1, " "1, " "1, " "1, " "1, " "1, " "1, " "1, " "1, " "1, " "1, " "1, " "1, " "1, " "1, " "1, " "1, " "1, " "1, " "1, " "1, " "1, " "1, " "1, " "1, " "1, " "1, " "1, " "1, " "1, " "1, " "1, " "1, " "1, " "1, " "1, " "1, " "0, " "1, " "1, " "1, " "1, " "1, " "1, " "1, " "1, " "1, " "1, " "1, " "1, " "1, " "1, " "1, " "1, " "1, " "1, " "1, " "1, " "1, " "1, " "1, " "1, " "1, " "1, " "1, " "1, " "1, " "1, " "1, " "1, " "1, " "1, " "1, " "1, " "1, " "1, " "1, " "1, " "1, " "1, " "1, " "1, " "1, " "1, " "1, " "1, " "1, " "1, " "1, " "1, " "1, " "1, " "1, " "1, " "1, " "1, " "1, " "1, " "1, " "1, " "1, " "1, " "1, " "1, " "1, " "1, " "1, " "1, " "1, " "1, " "1, " "1, " "1, " "1, " "1, " "1, " "1, " "1, " "1, " "1, " "1, " "1, " "1, " "1, " "1, " "1, " "1, " "1, " "1, " "1, " "1, " "1, " "1, " "1, " "1, " "1, " "1, " "1, " "1, " "1, " "1, " "1, " "1, " "1, " "1, " "1, " "1, " "1, " "1, " "1, " "1, " "1, " "1, " "1, " "1, " "1, " "1, " "1, " "1, " "1, " "1, " "1, " "1, " "1, " "1, " "1, " "1, " "1, " "1, " "1, " "1, " "1, " "1, " "1, " "1, " "1, " "1, " "1, " "1, " "1, " "1, " "1, " "1, " "1, " "1, " "1, " "1, " "1, " "1, " "1, " "1, " "1, " "1, " "1, " "1, " "1, " "1, " "1, " "1, " "1, " "1, " "1, " "1, " "1, " "1, " "1, " "1, " "1, " "1, " "1, " "1, " "1, " "1, " "1, " "1, " "1, " "1, " "1, " "1, " "1, " "1, " "1, " "1, " "1, " "1, " "1, " "1, " "1, " "1, " "1, " "1, " "1, " "1, " "1, " "1, " "1, " "1, " "1, " "1, " "1, " "1, " "1, " "1, " "1, " "1, " "1, " "1, " "1, " "1, " "1, " "1, " "1, " "1, " "1, " "1, " "1, " "1, " "1, " "1, " "1, " "1, " "1, " "1, " "1, " "1, " "1, " "1, " "1, " "1, " "1, " "1, " "1, " "1, " "1, " "1, " "1, " "1, " "1, " "1, " "1, " "1, " "1, " "1, "0
 "Nei268, 0.374, " "-0.543, " "1, " "1, " "1, " "1, " "1, " "1, " "1, " "1, " "1, " "1, " "1, " "1, " "1, " "1, " "1, " "1, " "1, " "1, " "1, " "1, " "1, " "1, " "1, " "1, " "1, " "1, " "1, " "1, " "1, " "1, " "1, " "1, " "1, " "1, " "1, " "1, " "1, " "1, " "1, " "1, " "1, " "1, " "1, " "1, " "1, " "1, " "1, " "1, " "1, " "1, " "1, " "1, " "1, " "1, " "1, " "1, " "1, " "1, " "1, " "1, " "1, " "1, " "1, " "1, " "1, " "1, " "1, " "1, " "1, " "1, " "1, " "1, " "1, " "1, " "1, " "1, " "1, " "1, " "1, " "1, " "1, " "1, " "1, " "1, " "1, " "1, " "1, " "1, " "1, " "1, " "1, " "1, " "1, " "1, " "1, " "1, " "1, " "1, " "1, " "1, " "1, " "1, " "1, " "1, " "1, " "1, " "1, " "1, " "1, " "1, " "1, " "1, " "1, " "1, " "1, " "1, " "1, " "1, " "1, " "1, " "1, " "1, " "1, " "1, " "1, " "1, " "1, " "1, " "1, " "1, " "1, " "1, " "1, " "1, " "1, " "1, " "1, " "1, " "1, " "1, " "1, " "1, " "1, " "1, " "1, " "1, " "1, " "1, " "1, " "1, " "1, " "1, " "1, " "1, " "1, " "1, " "1, " "1, " "1, " "1, " "1, " "1, " "1, " "1, " "1, " "1, " "1, " "1, " "1, " "1, " "1, " "1, " "1, " "1, " "1, " "1, " "1, " "1, " "1, " "1, " "1, " "1, " "1, " "1, " "1, " "1, " "1, " "1, " "1, " "1, " "1, " "1, " "1, " "1, " "1, " "1, " "1, " "1, " "1, " "1, " "1, " "1, " "1, " "1, " "1, " "1, " "1, " "1, " "1, " "1, " "1, " "1, " "1, " "1, " "1, " "1, " "1, " "1, " "1, " "1, " "1, " "1, " "1, " "1, " "1, " "1, " "1, " "1, " "1, " "1, " "1, " "1, " "1, " "1, " "1, " "1, " "1, " "1, " "1, " "1, " "1, " "1, " "1, " "1, " "1, " "1, " "1, " "1, " "1, " "1, " "1, " "1, " "1, " "1, " "1, " "1, " "1, " "1, " "1, " "1, " "1, " "1, " "1, " "1, " "1, " "1, " "1, " "1, " "0, " "1, " "1, " "1, " "1, " "1, " "1, " "1, " "1, " "1, " "1, " "1, " "1, " "1, " "1, " "1, " "1, " "1, " "1, " "1, " "1, " "1, " "1, " "1, " "1, " "1, " "1, " "1, " "1, " "1, " "1, " "1, " "1, " "1, " "1, " "1, " "1, " "1, " "1, " "1, " "1, " "1, " "1, " "1, " "1, " "1, " "1, " "1, " "1, " "1, " "1, " "1, " "1, " "1, " "1, " "1, " "1, " "1, " "1, " "1, " "1, " "1, " "1, " "1, " "1, " "1, " "1, " "1, " "1, " "1, " "1, " "1, " "1, " "1, " "1, " "1, " "1, " "1, " "1, " "1, " "1, " "1, " "1, " "1, " "1, " "1, " "1, " "1, " "1, " "1, " "1, " "1, " "1, " "1, " "1, " "1, " "1, " "1, " "1, " "1, " "1, " "1, " "1, " "1, " "1, " "1, " "1, " "1, " "1, " "1, " "1, " "1, " "1, " "1, " "1, " "1, " "1, " "1, " "1, " "1, " "1, " "1, " "1, " "1, " "1, " "1, " "1, " "1, " "1, " "1, " "1, " "1, " "1, " "1, " "1, " "1, " "1, " "1, " "1, " "1, " "1, " "1, " "1, " "1, " "1, " "1, " "1, " "1, " "1, " "1, " "1, " "1, " "1, " "1, " "1, " "1, " "1, " "1, " "1, " "1, " "1, " "1, " "1, " "1, " "1, " "1, " "1, " "1, " "1, " "1, " "1, " "1, " "1, " "1, " "1, " "1, " "1, " "1, " "1, " "1, " "1, " "1, " "1, " "1, " "1, " "1, " "1, " "1, " "1, " "1, " "1, " "1, " "1, " "1, " "1, " "1, " "1, " "1, " "1, " "1, " "1, " "1, " "1, " "1, " "1, " "1, " "1, " "1, " "1, " "1, " "1, " "1, " "1, " "1, " "1, " "1, " "1, " "1, " "1, " "1, " "1, " "1, " "1, " "1, " "1, " "1, " "1, " "1, " "1, " "1, " "1, " "1, " "1, " "1, " "1, " "1, " "1, " "1, " "1, " "1, " "1, " "1, " "1, " "1, " "1, "0
 "Nei269, 0.163, " "0.708, " "1, " "1, " "1, " "1, " "1, " "1, " "1, " "1, " "1, " "1, " "1, " "1, " "1, " "1, " "1, " "1, " "1, " "1, " "1, " "1, " "1, " "1, " "1, " "1, " "1, " "1, " "1, " "1, " "1, " "1, " "1, " "1, " "1, " "1, " "1, " "1, " "1, " "1, " "1, " "1, " "1, " "1, " "1, " "1, " "1, " "1, " "1, " "1, " "1, " "1, " "1, " "1, " "1, " "1, " "1, " "1, " "1, " "1, " "1, " "1, " "1, " "1, " "1, " "1, " "1, " "1, " "1, " "1, " "1, " "1, " "1, " "1, " "1, " "1, " "1, " "1, " "1, " "1, " "1, " "1, " "1, " "1, " "1, " "1, " "1, " "1, " "1, " "1, " "1, " "1, " "1, " "1, " "1, " "1, " "1, " "1, " "1, " "1, " "1, " "1, " "1, " "1, " "1, " "1, " "1, " "1, " "1, " "1, " "1, " "1, " "1, " "1, " "1, " "1, " "1, " "1, " "1, " "1, " "1, " "1, " "1, " "1, " "1, " "1, " "1, " "1, " "1, " "1, " "1, " "1, " "1, " "1, " "1, " "1, " "1, " "1, " "1, " "1, " "1, " "1, " "1, " "1, " "1, " "1, " "1, " "1, " "1, " "1, " "1, " "1, " "1, " "1, " "1, " "1, " "1, " "1, " "1, " "1, " "1, " "1, " "1, " "1, " "1, " "1, " "1, " "1, " "1, " "1, " "1, " "1, " "1, " "1, " "1, " "1, " "1, " "1, " "1, " "1, " "1, " "1, " "1, " "1, " "1, " "1, " "1, " "1, " "1, " "1, " "1, " "1, " "1, " "1, " "1, " "1, " "1, " "1, " "1, " "1, " "1, " "1, " "1, " "1, " "1, " "1, " "1, " "1, " "1, " "1, " "1, " "1, " "1, " "1, " "1, " "1, " "1, " "1, " "1, " "1, " "1, " "1, " "1, " "1, " "1, " "1, " "1, " "1, " "1, " "1, " "1, " "1, " "1, " "1, " "1, " "1, " "1, " "1, " "1, " "1, " "1, " "1, " "1, " "1, " "1, " "1, " "1, " "1, " "1, " "1, " "1, " "1, " "1, " "1, " "1, " "1, " "1, " "1, " "1, " "1, " "1, " "1, " "1, " "1, " "1, " "1, " "1, " "1, " "1, " "1, " "1, " "0, " "1, " "1, " "1, " "1, " "1, " "1, " "1, " "1, " "1, " "1, " "1, " "1, " "1, " "1, " "1, " "1, " "1, " "1, " "1, " "1, " "1, " "1, " "1, " "1, " "1, " "1, " "1, " "1, " "1, " "1, " "1, " "1, " "1, " "1, " "1, " "1, " "1, " "1, " "1, " "1, " "1, " "1, " "1, " "1, " "1, " "1, " "1, " "1, " "1, " "1, " "1, " "1, " "1, " "1, " "1, " "1, " "1, " "1, " "1, " "1, " "1, " "1, " "1, " "1, " "1, " "1, " "1, " "1, " "1, " "1, " "1, " "1, " "1, " "1, " "1, " "1, " "1, " "1, " "1, " "1, " "1, " "1, " "1, " "1, " "1, " "1, " "1, " "1, " "1, " "1, " "1, " "1, " "1, " "1, " "1, " "1, " "1, " "1, " "1, " "1, " "1, " "1, " "1, " "1, " "1, " "1, " "1, " "1, " "1, " "1, " "1, " "1, " "1, " "1, " "1, " "1, " "1, " "1, " "1, " "1, " "1, " "1, " "1, " "1, " "1, " "1, " "1, " "1, " "1, " "1, " "1, " "1, " "1, " "1, " "1, " "1, " "1, " "1, " "1, " "1, " "1, " "1, " "1, " "1, " "1, " "1, " "1, " "1, " "1, " "1, " "1, " "1, " "1, " "1, " "1, " "1, " "1, " "1, " "1, " "1, " "1, " "1, " "1, " "1, " "1, " "1, " "1, " "1, " "1, " "1, " "1, " "1, " "1, " "1, " "1, " "1, " "1, " "1, " "1, " "1, " "1, " "1, " "1, " "1, " "1, " "1, " "1, " "1, " "1, " "1, " "1, " "1, " "1, " "1, " "1, " "1, " "1, " "1, " "1, " "1, " "1, " "1, " "1, " "1, " "1, " "1, " "1, " "1, " "1, " "1, " "1, " "1, " "1, " "1, " "1, " "1, " "1, " "1, " "1, " "1, " "1, " "1, " "1, " "1, " "1, " "1, " "1, " "1, " "1, " "1, " "1, " "1, " "1, " "1, " "1, " "1, " "1, " "1, " "1, " "1, " "1, " "1, " "1, "0
 "Nei270, 0.217, " "0.073, " "1, " "1, " "1, " "1, " "1, " "1, " "1, " "1, " "1, " "1, " "1, " "1, " "1, " "1, " "1, " "1, " "1, " "1, " "1, " "1, " "1, " "1, " "1, " "1, " "1, " "1, " "1, " "1, " "1, " "1, " "1, " "1, " "1, " "1, " "1, " "1, " "1, " "1, " "1, " "1, " "1, " "1, " "1, " "1, " "1, " "1, " "1, " "1, " "1, " "1, " "1, " "1, " "1, " "1, " "1, " "1, " "1, " "1, " "1, " "1, " "1, " "1, " "1, " "1, " "1, " "1, " "1, " "1, " "1, " "1, " "1, " "1, " "1, " "1, " "1, " "1, " "1, " "1, " "1, " "1, " "1, " "1, " "1, " "1, " "1, " "1, " "1, " "1, " "1, " "1, " "1, " "1, " "1, " "1, " "1, " "1, " "1, " "1, " "1, " "1, " "1, " "1, " "1, " "1, " "1, " "1, " "1, " "1, " "1, " "1, " "1, " "1, " "1, " "1, " "1, " "1, " "1, " "1, " "1, " "1, " "1, " "1, " "1, " "1, " "1, " "1, " "1, " "1, " "1, " "1, " "1, " "1, " "1, " "1, " "1, " "1, " "1, " "1, " "1, " "1, " "1, " "1, " "1, " "1, " "1, " "1, " "1, " "1, " "1, " "1, " "1, " "1, " "1, " "1, " "1, " "1, " "1, " "1, " "1, " "1, " "1, " "1, " "1, " "1, " "1, " "1, " "1, " "1, " "1, " "1, " "1, " "1, " "1, " "1, " "1, " "1, " "1, " "1, " "1, " "1, " "1, " "1, " "1, " "1, " "1, " "1, " "1, " "1, " "1, " "1, " "1, " "1, " "1, " "1, " "1, " "1, " "1, " "1, " "1, " "1, " "1, " "1, " "1, " "1, " "1, " "1, " "1, " "1, " "1, " "1, " "1, " "1, " "1, " "1, " "1, " "1, " "1, " "1, " "1, " "1, " "1, " "1, " "1, " "1, " "1, " "1, " "1, " "1, " "1, " "1, " "1, " "1, " "1, " "1, " "1, " "1, " "1, " "1, " "1, " "1, " "1, " "1, " "1, " "1, " "1, " "1, " "1, " "1, " "1, " "1, " "1, " "1, " "1, " "1, " "1, " "1, " "1, " "1, " "1, " "1, " "1, " "1, " "1, " "1, " "1, " "1, " "1, " "1, " "1, " "1, " "0, " "1, " "1, " "1, " "1, " "1, " "1, " "1, " "1, " "1, " "1, " "1, " "1, " "1, " "1, " "1, " "1, " "1, " "1, " "1, " "1, " "1, " "1, " "1, " "1, " "1, " "1, " "1, " "1, " "1, " "1, " "1, " "1, " "1, " "1, " "1, " "1, " "1, " "1, " "1, " "1, " "1, " "1, " "1, " "1, " "1, " "1, " "1, " "1, " "1, " "1, " "1, " "1, " "1, " "1, " "1, " "1, " "1, " "1, " "1, " "1, " "1, " "1, " "1, " "1, " "1, " "1, " "1, " "1, " "1, " "1, " "1, " "1, " "1, " "1, " "1, " "1, " "1, " "1, " "1, " "1, " "1, " "1, " "1, " "1, " "1, " "1, " "1, " "1, " "1, " "1, " "1, " "1, " "1, " "1, " "1, " "1, " "1, " "1, " "1, " "1, " "1, " "1, " "1, " "1, " "1, " "1, " "1, " "1, " "1, " "1, " "1, " "1, " "1, " "1, " "1, " "1, " "1, " "1, " "1, " "1, " "1, " "1, " "1, " "1, " "1, " "1, " "1, " "1, " "1, " "1, " "1, " "1, " "1, " "1, " "1, " "1, " "1, " "1, " "1, " "1, " "1, " "1, " "1, " "1, " "1, " "1, " "1, " "1, " "1, " "1, " "1, " "1, " "1, " "1, " "1, " "1, " "1, " "1, " "1, " "1, " "1, " "1, " "1, " "1, " "1, " "1, " "1, " "1, " "1, " "1, " "1, " "1, " "1, " "1, " "1, " "1, " "1, " "1, " "1, " "1, " "1, " "1, " "1, " "1, " "1, " "1, " "1, " "1, " "1, " "1, " "1, " "1, " "1, " "1, " "1, " "1, " "1, " "1, " "1, " "1, " "1, " "1, " "1, " "1, " "1, " "1, " "1, " "1, " "1, " "1, " "1, " "1, " "1, " "1, " "1, " "1, " "1, " "1, " "1, " "1, " "1, " "1, " "1, " "1, " "1, " "1, " "1, " "1, " "1, " "1, " "1, " "1, " "1, " "1, " "1, " "1, " "1, " "1, " "1, " "1, " "1, " "1, "0
 "Nei271, 0.219, " "0.382, " "1, " "1, " "1, " "1, " "1, " "1, " "1, " "1, " "1, " "1, " "1, " "1, " "1, " "1, " "1, " "1, " "1, " "1, " "1, " "1, " "1, " "1, " "1, " "1, " "1, " "1, " "1, " "1, " "1, " "1, " "1, " "1, " "1, " "1, " "1, " "1, " "1, " "1, " "1, " "1, " "1, " "1, " "1, " "1, " "1, " "1, " "1, " "1, " "1, " "1, " "1, " "1, " "1, " "1, " "1, " "1, " "1, " "1, " "1, " "1, " "1, " "1, " "1, " "1, " "1, " "1, " "1, " "1, " "1, " "1, " "1, " "1, " "1, " "1, " "1, " "1, " "1, " "1, " "1, " "1, " "1, " "1, " "1, " "1, " "1, " "1, " "1, " "1, " "1, " "1, " "1, " "1, " "1, " "1, " "1, " "1, " "1, " "1, " "1, " "1, " "1, " "1, " "1, " "1, " "1, " "1, " "1, " "1, " "1, " "1, " "1, " "1, " "1, " "1, " "1, " "1, " "1, " "1, " "1, " "1, " "1, " "1, " "1, " "1, " "1, " "1, " "1, " "1, " "1, " "1, " "1, " "1, " "1, " "1, " "1, " "1, " "1, " "1, " "1, " "1, " "1, " "1, " "1, " "1, " "1, " "1, " "1, " "1, " "1, " "1, " "1, " "1, " "1, " "1, " "1, " "1, " "1, " "1, " "1, " "1, " "1, " "1, " "1, " "1, " "1, " "1, " "1, " "1, " "1, " "1, " "1, " "1, " "1, " "1, " "1, " "1, " "1, " "1, " "1, " "1, " "1, " "1, " "1, " "1, " "1, " "1, " "1, " "1, " "1, " "1, " "1, " "1, " "1, " "1, " "1, " "1, " "1, " "1, " "1, " "1, " "1, " "1, " "1, " "1, " "1, " "1, " "1, " "1, " "1, " "1, " "1, " "1, " "1, " "1, " "1, " "1, " "1, " "1, " "1, " "1, " "1, " "1, " "1, " "1, " "1, " "1, " "1, " "1, " "1, " "1, " "1, " "1, " "1, " "1, " "1, " "1, " "1, " "1, " "1, " "1, " "1, " "1, " "1, " "1, " "1, " "1, " "1, " "1, " "1, " "1, " "1, " "1, " "1, " "1, " "1, " "1, " "1, " "1, " "1, " "1, " "1, " "1, " "1, " "1, " "1, " "1, " "1, " "1, " "1, " "1, " "1, " "0, " "1, " "1, " "1, " "1, " "1, " "1, " "1, " "1, " "1, " "1, " "1, " "1, " "1, " "1, " "1, " "1, " "1, " "1, " "1, " "1, " "1, " "1, " "1, " "1, " "1, " "1, " "1, " "1, " "1, " "1, " "1, " "1, " "1, " "1, " "1, " "1, " "1, " "1, " "1, " "1, " "1, " "1, " "1, " "1, " "1, " "1, " "1, " "1, " "1, " "1, " "1, " "1, " "1, " "1, " "1, " "1, " "1, " "1, " "1, " "1, " "1, " "1, " "1, " "1, " "1, " "1, " "1, " "1, " "1, " "1, " "1, " "1, " "1, " "1, " "1, " "1, " "1, " "1, " "1, " "1, " "1, " "1, " "1, " "1, " "1, " "1, " "1, " "1, " "1, " "1, " "1, " "1, " "1, " "1, " "1, " "1, " "1, " "1, " "1, " "1, " "1, " "1, " "1, " "1, " "1, " "1, " "1, " "1, " "1, " "1, " "1, " "1, " "1, " "1, " "1, " "1, " "1, " "1, " "1, " "1, " "1, " "1, " "1, " "1, " "1, " "1, " "1, " "1, " "1, " "1, " "1, " "1, " "1, " "1, " "1, " "1, " "1, " "1, " "1, " "1, " "1, " "1, " "1, " "1, " "1, " "1, " "1, " "1, " "1, " "1, " "1, " "1, " "1, " "1, " "1, " "1, " "1, " "1, " "1, " "1, " "1, " "1, " "1, " "1, " "1, " "1, " "1, " "1, " "1, " "1, " "1, " "1, " "1, " "1, " "1, " "1, " "1, " "1, " "1, " "1, " "1, " "1, " "1, " "1, " "1, " "1, " "1, " "1, " "1, " "1, " "1, " "1, " "1, " "1, " "1, " "1, " "1, " "1, " "1, " "1, " "1, " "1, " "1, " "1, " "1, " "1, " "1, " "1, " "1, " "1, " "1, " "1, " "1, " "1, " "1, " "1, " "1, " "1, " "1, " "1, " "1, " "1, " "1, " "1, " "1, " "1, " "1, " "1, " "1, " "1, " "1, " "1, " "1, " "1, " "1, " "1, " "1, " "1, " "1, " "1, " "1, "0
 "Nei272, 0.042, " "-0.679, " "1, " "1, " "1, " "1, " "1, " "1, " "1, " "1, " "1, " "1, " "1, " "1, " "1, " "1, " "1, " "1, " "1, " "1, " "1, " "1, " "1, " "1, " "1, " "1, " "1, " "1, " "1, " "1, " "1, " "1, " "1, " "1, " "1, " "1, " "1, " "1, " "1, " "1, " "1, " "1, " "1, " "1, " "1, " "1, " "1, " "1, " "1, " "1, " "1, " "1, " "1, " "1, " "1, " "1, " "1, " "1, " "1, " "1, " "1, " "1, " "1, " "1, " "1, " "1, " "1, " "1, " "1, " "1, " "1, " "1, " "1, " "1, " "1, " "1, " "1, " "1, " "1, " "1, " "1, " "1, " "1, " "1, " "1, " "1, " "1, " "1, " "1, " "1, " "1, " "1, " "1, " "1, " "1, " "1, " "1, " "1, " "1, " "1, " "1, " "1, " "1, " "1, " "1, " "1, " "1, " "1, " "1, " "1, " "1, " "1, " "1, " "1, " "1, " "1, " "1, " "1, " "1, " "1, " "1, " "1, " "1, " "1, " "1, " "1, " "1, " "1, " "1, " "1, " "1, " "1, " "1, " "1, " "1, " "1, " "1, " "1, " "1, " "1, " "1, " "1, " "1, " "1, " "1, " "1, " "1, " "1, " "1, " "1, " "1, " "1, " "1, " "1, " "1, " "1, " "1, " "1, " "1, " "1, " "1, " "1, " "1, " "1, " "1, " "1, " "1, " "1, " "1, " "1, " "1, " "1, " "1, " "1, " "1, " "1, " "1, " "1, " "1, " "1, " "1, " "1, " "1, " "1, " "1, " "1, " "1, " "1, " "1, " "1, " "1, " "1, " "1, " "1, " "1, " "1, " "1, " "1, " "1, " "1, " "1, " "1, " "1, " "1, " "1, " "1, " "1, " "1, " "1, " "1, " "1, " "1, " "1, " "1, " "1, " "1, " "1, " "1, " "1, " "1, " "1, " "1, " "1, " "1, " "1, " "1, " "1, " "1, " "1, " "1, " "1, " "1, " "1, " "1, " "1, " "1, " "1, " "1, " "1, " "1, " "1, " "1, " "1, " "1, " "1, " "1, " "1, " "1, " "1, " "1, " "1, " "1, " "1, " "1, " "1, " "1, " "1, " "1, " "1, " "1, " "1, " "1, " "1, " "1, " "1, " "1, " "1, " "1, " "1, " "1, " "1, " "1, " "1, " "1, " "0, " "1, " "1, " "1, " "1, " "1, " "1, " "1, " "1, " "1, " "1, " "1, " "1, " "1, " "1, " "1, " "1, " "1, " "1, " "1, " "1, " "1, " "1, " "1, " "1, " "1, " "1, " "1, " "1, " "1, " "1, " "1, " "1, " "1, " "1, " "1, " "1, " "1, " "1, " "1, " "1, " "1, " "1, " "1, " "1, " "1, " "1, " "1, " "1, " "1, " "1, " "1, " "1, " "1, " "1, " "1, " "1, " "1, " "1, " "1, " "1, " "1, " "1, " "1, " "1, " "1, " "1, " "1, " "1, " "1, " "1, " "1, " "1, " "1, " "1, " "1, " "1, " "1, " "1, " "1, " "1, " "1, " "1, " "1, " "1, " "1, " "1, " "1, " "1, " "1, " "1, " "1, " "1, " "1, " "1, " "1, " "1, " "1, " "1, " "1, " "1, " "1, " "1, " "1, " "1, " "1, " "1, " "1, " "1, " "1, " "1, " "1, " "1, " "1, " "1, " "1, " "1, " "1, " "1, " "1, " "1, " "1, " "1, " "1, " "1, " "1, " "1, " "1, " "1, " "1, " "1, " "1, " "1, " "1, " "1, " "1, " "1, " "1, " "1, " "1, " "1, " "1, " "1, " "1, " "1, " "1, " "1, " "1, " "1, " "1, " "1, " "1, " "1, " "1, " "1, " "1, " "1, " "1, " "1, " "1, " "1, " "1, " "1, " "1, " "1, " "1, " "1, " "1, " "1, " "1, " "1, " "1, " "1, " "1, " "1, " "1, " "1, " "1, " "1, " "1, " "1, " "1, " "1, " "1, " "1, " "1, " "1, " "1, " "1, " "1, " "1, " "1, " "1, " "1, " "1, " "1, " "1, " "1, " "1, " "1, " "1, " "1, " "1, " "1, " "1, " "1, " "1, " "1, " "1, " "1, " "1, " "1, " "1, " "1, " "1, " "1, " "1, " "1, " "1, " "1, " "1, " "1, " "1, " "1, " "1, " "1, " "1, " "1, " "1, " "1, " "1, " "1, " "1, " "1, " "1, " "1, " "1, " "1, " "1, " "1, " "1, "0
 "Nei273, 0.247, " "-0.188, " "1, " "1, " "1, " "1, " "1, " "1, " "1, " "1, " "1, " "1, " "1, " "1, " "1, " "1, " "1, " "1, " "1, " "1, " "1, " "1, " "1, " "1, " "1, " "1, " "1, " "1, " "1, " "1, " "1, " "1, " "1, " "1, " "1, " "1, " "1, " "1, " "1, " "1, " "1, " "1, " "1, " "1, " "1, " "1, " "1, " "1, " "1, " "1, " "1, " "1, " "1, " "1, " "1, " "1, " "1, " "1, " "1, " "1, " "1, " "1, " "1, " "1, " "1, " "1, " "1, " "1, " "1, " "1, " "1, " "1, " "1, " "1, " "1, " "1, " "1, " "1, " "1, " "1, " "1, " "1, " "1, " "1, " "1, " "1, " "1, " "1, " "1, " "1, " "1, " "1, " "1, " "1, " "1, " "1, " "1, " "1, " "1, " "1, " "1, " "1, " "1, " "1, " "1, " "1, " "1, " "1, " "1, " "1, " "1, " "1, " "1, " "1, " "1, " "1, " "1, " "1, " "1, " "1, " "1, " "1, " "1, " "1, " "1, " "1, " "1, " "1, " "1, " "1, " "1, " "1, " "1, " "1, " "1, " "1, " "1, " "1, " "1, " "1, " "1, " "1, " "1, " "1, " "1, " "1, " "1, " "1, " "1, " "1, " "1, " "1, " "1, " "1, " "1, " "1, " "1, " "1, " "1, " "1, " "1, " "1, " "1, " "1, " "1, " "1, " "1, " "1, " "1, " "1, " "1, " "1, " "1, " "1, " "1, " "1, " "1, " "1, " "1, " "1, " "1, " "1, " "1, " "1, " "1, " "1, " "1, " "1, " "1, " "1, " "1, " "1, " "1, " "1, " "1, " "1, " "1, " "1, " "1, " "1, " "1, " "1, " "1, " "1, " "1, " "1, " "1, " "1, " "1, " "1, " "1, " "1, " "1, " "1, " "1, " "1, " "1, " "1, " "1, " "1, " "1, " "1, " "1, " "1, " "1, " "1, " "1, " "1, " "1, " "1, " "1, " "1, " "1, " "1, " "1, " "1, " "1, " "1, " "1, " "1, " "1, " "1, " "1, " "1, " "1, " "1, " "1, " "1, " "1, " "1, " "1, " "1, " "1, " "1, " "1, " "1, " "1, " "1, " "1, " "1, " "1, " "1, " "1, " "1, " "1, " "1, " "1, " "1, " "1, " "1, " "1, " "1, " "1, " "1, " "1, " "0, " "1, " "1, " "1, " "1, " "1, " "1, " "1, " "1, " "1, " "1, " "1, " "1, " "1, " "1, " "1, " "1, " "1, " "1, " "1, " "1, " "1, " "1, " "1, " "1, " "1, " "1, " "1, " "1, " "1, " "1, " "1, " "1, " "1, " "1, " "1, " "1, " "1, " "1, " "1, " "1, " "1, " "1, " "1, " "1, " "1, " "1, " "1, " "1, " "1, " "1, " "1, " "1, " "1, " "1, " "1, " "1, " "1, " "1, " "1, " "1, " "1, " "1, " "1, " "1, " "1, " "1, " "1, " "1, " "1, " "1, " "1, " "1, " "1, " "1, " "1, " "1, " "1, " "1, " "1, " "1, " "1, " "1, " "1, " "1, " "1, " "1, " "1, " "1, " "1, " "1, " "1, " "1, " "1, " "1, " "1, " "1, " "1, " "1, " "1, " "1, " "1, " "1, " "1, " "1, " "1, " "1, " "1, " "1, " "1, " "1, " "1, " "1, " "1, " "1, " "1, " "1, " "1, " "1, " "1, " "1, " "1, " "1, " "1, " "1, " "1, " "1, " "1, " "1, " "1, " "1, " "1, " "1, " "1, " "1, " "1, " "1, " "1, " "1, " "1, " "1, " "1, " "1, " "1, " "1, " "1, " "1, " "1, " "1, " "1, " "1, " "1, " "1, " "1, " "1, " "1, " "1, " "1, " "1, " "1, " "1, " "1, " "1, " "1, " "1, " "1, " "1, " "1, " "1, " "1, " "1, " "1, " "1, " "1, " "1, " "1, " "1, " "1, " "1, " "1, " "1, " "1, " "1, " "1, " "1, " "1, " "1, " "1, " "1, " "1, " "1, " "1, " "1, " "1, " "1, " "1, " "1, " "1, " "1, " "1, " "1, " "1, " "1, " "1, " "1, " "1, " "1, " "1, " "1, " "1, " "1, " "1, " "1, " "1, " "1, " "1, " "1, " "1, " "1, " "1, " "1, " "1, " "1, " "1, " "1, " "1, " "1, " "1, " "1, " "1, " "1, " "1, " "1, " "1, " "1, " "1, " "1, " "1, " "1, " "1, "0
 "Nei274, 0.384, " "0.909, " "1, " "1, " "1, " "1, " "1, " "1, " "1, " "1, " "1, " "1, " "1, " "1, " "1, " "1, " "1, " "1, " "1, " "1, " "1, " "1, " "1, " "1, " "1, " "1, " "1, " "1, " "1, " "1, " "1, " "1, " "1, " "1, " "1, " "1, " "1, " "1, " "1, " "1, " "1, " "1, " "1, " "1, " "1, " "1, " "1, " "1, " "1, " "1, " "1, " "1, " "1, " "1, " "1, " "1, " "1, " "1, " "1, " "1, " "1, " "1, " "1, " "1, " "1, " "1, " "1, " "1, " "1, " "1, " "1, " "1, " "1, " "1, " "1, " "1, " "1, " "1, " "1, " "1, " "1, " "1, " "1, " "1, " "1, " "1, " "1, " "1, " "1, " "1, " "1, " "1, " "1, " "1, " "1, " "1, " "1, " "1, " "1, " "1, " "1, " "1, " "1, " "1, " "1, " "1, " "1, " "1, " "1, " "1, " "1, " "1, " "1, " "1, " "1, " "1, " "1, " "1, " "1, " "1, " "1, " "1, " "1, " "1, " "1, " "1, " "1, " "1, " "1, " "1, " "1, " "1, " "1, " "1, " "1, " "1, " "1, " "1, " "1, " "1, " "1, " "1, " "1, " "1, " "1, " "1, " "1, " "1, " "1, " "1, " "1, " "1, " "1, " "1, " "1, " "1, " "1, " "1, " "1, " "1, " "1, " "1, " "1, " "1, " "1, " "1, " "1, " "1, " "1, " "1, " "1, " "1, " "1, " "1, " "1, " "1, " "1, " "1, " "1, " "1, " "1, " "1, " "1, " "1, " "1, " "1, " "1, " "1, " "1, " "1, " "1, " "1, " "1, " "1, " "1, " "1, " "1, " "1, " "1, " "1, " "1, " "1, " "1, " "1, " "1, " "1, " "1, " "1, " "1, " "1, " "1, " "1, " "1, " "1, " "1, " "1, " "1, " "1, " "1, " "1, " "1, " "1, " "1, " "1, " "1, " "1, " "1, " "1, " "1, " "1, " "1, " "1, " "1, " "1, " "1, " "1, " "1, " "1, " "1, " "1, " "1, " "1, " "1, " "1, " "1, " "1, " "1, " "1, " "1, " "1, " "1, " "1, " "1, " "1, " "1, " "1, " "1, " "1, " "1, " "1, " "1, " "1, " "1, " "1, " "1, " "1, " "1, " "1, " "1, " "1, " "1, " "1, " "1, " "1, " "1, " "1, " "0, " "1, " "1, " "1, " "1, " "1, " "1, " "1, " "1, " "1, " "1, " "1, " "1, " "1, " "1, " "1, " "1, " "1, " "1, " "1, " "1, " "1, " "1, " "1, " "1, " "1, " "1, " "1, " "1, " "1, " "1, " "1, " "1, " "1, " "1, " "1, " "1, " "1, " "1, " "1, " "1, " "1, " "1, " "1, " "1, " "1, " "1, " "1, " "1, " "1, " "1, " "1, " "1, " "1, " "1, " "1, " "1, " "1, " "1, " "1, " "1, " "1, " "1, " "1, " "1, " "1, " "1, " "1, " "1, " "1, " "1, " "1, " "1, " "1, " "1, " "1, " "1, " "1, " "1, " "1, " "1, " "1, " "1, " "1, " "1, " "1, " "1, " "1, " "1, " "1, " "1, " "1, " "1, " "1, " "1, " "1, " "1, " "1, " "1, " "1, " "1, " "1, " "1, " "1, " "1, " "1, " "1, " "1, " "1, " "1, " "1, " "1, " "1, " "1, " "1, " "1, " "1, " "1, " "1, " "1, " "1, " "1, " "1, " "1, " "1, " "1, " "1, " "1, " "1, " "1, " "1, " "1, " "1, " "1, " "1, " "1, " "1, " "1, " "1, " "1, " "1, " "1, " "1, " "1, " "1, " "1, " "1, " "1, " "1, " "1, " "1, " "1, " "1, " "1, " "1, " "1, " "1, " "1, " "1, " "1, " "1, " "1, " "1, " "1, " "1, " "1, " "1, " "1, " "1, " "1, " "1, " "1, " "1, " "1, " "1, " "1, " "1, " "1, " "1, " "1, " "1, " "1, " "1, " "1, " "1, " "1, " "1, " "1, " "1, " "1, " "1, " "1, " "1, " "1, " "1, " "1, " "1, " "1, " "1, " "1, " "1, " "1, " "1, " "1, " "1, " "1, " "1, " "1, " "1, " "1, " "1, " "1, " "1, " "1, " "1, " "1, " "1, " "1, " "1, " "1, " "1, " "1, " "1, " "1, " "1, " "1, " "1, " "1, " "1, " "1, " "1, " "1, " "1, " "1, " "1, " "1, " "1, " "1, " "1, "0
 "Nei275, 0.252, " "-0.956, " "1, " "1, " "1, " "1, " "1, " "1, " "1, " "1, " "1, " "1, " "1, " "1, " "1, " "1, " "1, " "1, " "1, " "1, " "1, " "1, " "1, " "1, " "1, " "1, " "1, " "1, " "1, " "1, " "1, " "1, " "1, " "1, " "1, " "1, " "1, " "1, " "1, " "1, " "1, " "1, " "1, " "1, " "1, " "1, " "1, " "1, " "1, " "1, " "1, " "1, " "1, " "1, " "1, " "1, " "1, " "1, " "1, " "1, " "1, " "1, " "1, " "1, " "1, " "1, " "1, " "1, " "1, " "1, " "1, " "1, " "1, " "1, " "1, " "1, " "1, " "1, " "1, " "1, " "1, " "1, " "1, " "1, " "1, " "1, " "1, " "1, " "1, " "1, " "1, " "1, " "1, " "1, " "1, " "1, " "1, " "1, " "1, " "1, " "1, " "1, " "1, " "1, " "1, " "1, " "1, " "1, " "1, " "1, " "1, " "1, " "1, " "1, " "1, " "1, " "1, " "1, " "1, " "1, " "1, " "1, " "1, " "1, " "1, " "1, " "1, " "1, " "1, " "1, " "1, " "1, " "1, " "1, " "1, " "1, " "1, " "1, " "1, " "1, " "1, " "1, " "1, " "1, " "1, " "1, " "1, " "1, " "1, " "1, " "1, " "1, " "1, " "1, " "1, " "1, " "1, " "1, " "1, " "1, " "1, " "1, " "1, " "1, " "1, " "1, " "1, " "1, " "1, " "1, " "1, " "1, " "1, " "1, " "1, " "1, " "1, " "1, " "1, " "1, " "1, " "1, " "1, " "1, " "1, " "1, " "1, " "1, " "1, " "1, " "1, " "1, " "1, " "1, " "1, " "1, " "1, " "1, " "1, " "1, " "1, " "1, " "1, " "1, " "1, " "1, " "1, " "1, " "1, " "1, " "1, " "1, " "1, " "1, " "1, " "1, " "1, " "1, " "1, " "1, " "1, " "1, " "1, " "1, " "1, " "1, " "1, " "1, " "1, " "1, " "1, " "1, " "1, " "1, " "1, " "1, " "1, " "1, " "1, " "1, " "1, " "1, " "1, " "1, " "1, " "1, " "1, " "1, " "1, " "1, " "1, " "1, " "1, " "1, " "1, " "1, " "1, " "1, " "1, " "1, " "1, " "1, " "1, " "1, " "1, " "1, " "1, " "1, " "1, " "1, " "1, " "1, " "1, " "1, " "1, " "1, " "1, " "0, " "1, " "1, " "1, " "1, " "1, " "1, " "1, " "1, " "1, " "1, " "1, " "1, " "1, " "1, " "1, " "1, " "1, " "1, " "1, " "1, " "1, " "1, " "1, " "1, " "1, " "1, " "1, " "1, " "1, " "1, " "1, " "1, " "1, " "1, " "1, " "1, " "1, " "1, " "1, " "1, " "1, " "1, " "1, " "1, " "1, " "1, " "1, " "1, " "1, " "1, " "1, " "1, " "1, " "1, " "1, " "1, " "1, " "1, " "1, " "1, " "1, " "1, " "1, " "1, " "1, " "1, " "1, " "1, " "1, " "1, " "1, " "1, " "1, " "1, " "1, " "1, " "1, " "1, " "1, " "1, " "1, " "1, " "1, " "1, " "1, " "1, " "1, " "1, " "1, " "1, " "1, " "1, " "1, " "1, " "1, " "1, " "1, " "1, " "1, " "1, " "1, " "1, " "1, " "1, " "1, " "1, " "1, " "1, " "1, " "1, " "1, " "1, " "1, " "1, " "1, " "1, " "1, " "1, " "1, " "1, " "1, " "1, " "1, " "1, " "1, " "1, " "1, " "1, " "1, " "1, " "1, " "1, " "1, " "1, " "1, " "1, " "1, " "1, " "1, " "1, " "1, " "1, " "1, " "1, " "1, " "1, " "1, " "1, " "1, " "1, " "1, " "1, " "1, " "1, " "1, " "1, " "1, " "1, " "1, " "1, " "1, " "1, " "1, " "1, " "1, " "1, " "1, " "1, " "1, " "1, " "1, " "1, " "1, " "1, " "1, " "1, " "1, " "1, " "1, " "1, " "1, " "1, " "1, " "1, " "1, " "1, " "1, " "1, " "1, " "1, " "1, " "1, " "1, " "1, " "1, " "1, " "1, " "1, " "1, " "1, " "1, " "1, " "1, " "1, " "1, " "1, " "1, " "1, " "1, " "1, " "1, " "1, " "1, " "1, " "1, " "1, " "1, " "1, " "1, " "1, " "1, " "1, " "1, " "1, " "1, " "1, " "1, " "1, " "1, " "1, " "1, " "1, " "1, " "1, " "1, " "1, " "1, "0
 "Nei276, 0.12, " "-0.977, " "1, " "1, " "1, " "1, " "1, " "1, " "1, " "1, " "1, " "1, " "1, " "1, " "1, " "1, " "1, " "1, " "1, " "1, " "1, " "1, " "1, " "1, " "1, " "1, " "1, " "1, " "1, " "1, " "1, " "1, " "1, " "1, " "1, " "1, " "1, " "1, " "1, " "1, " "1, " "1, " "1, " "1, " "1, " "1, " "1, " "1, " "1, " "1, " "1, " "1, " "1, " "1, " "1, " "1, " "1, " "1, " "1, " "1, " "1, " "1, " "1, " "1, " "1, " "1, " "1, " "1, " "1, " "1, " "1, " "1, " "1, " "1, " "1, " "1, " "1, " "1, " "1, " "1, " "1, " "1, " "1, " "1, " "1, " "1, " "1, " "1, " "1, " "1, " "1, " "1, " "1, " "1, " "1, " "1, " "1, " "1, " "1, " "1, " "1, " "1, " "1, " "1, " "1, " "1, " "1, " "1, " "1, " "1, " "1, " "1, " "1, " "1, " "1, " "1, " "1, " "1, " "1, " "1, " "1, " "1, " "1, " "1, " "1, " "1, " "1, " "1, " "1, " "1, " "1, " "1, " "1, " "1, " "1, " "1, " "1, " "1, " "1, " "1, " "1, " "1, " "1, " "1, " "1, " "1, " "1, " "1, " "1, " "1, " "1, " "1, " "1, " "1, " "1, " "1, " "1, " "1, " "1, " "1, " "1, " "1, " "1, " "1, " "1, " "1, " "1, " "1, " "1, " "1, " "1, " "1, " "1, " "1, " "1, " "1, " "1, " "1, " "1, " "1, " "1, " "1, " "1, " "1, " "1, " "1, " "1, " "1, " "1, " "1, " "1, " "1, " "1, " "1, " "1, " "1, " "1, " "1, " "1, " "1, " "1, " "1, " "1, " "1, " "1, " "1, " "1, " "1, " "1, " "1, " "1, " "1, " "1, " "1, " "1, " "1, " "1, " "1, " "1, " "1, " "1, " "1, " "1, " "1, " "1, " "1, " "1, " "1, " "1, " "1, " "1, " "1, " "1, " "1, " "1, " "1, " "1, " "1, " "1, " "1, " "1, " "1, " "1, " "1, " "1, " "1, " "1, " "1, " "1, " "1, " "1, " "1, " "1, " "1, " "1, " "1, " "1, " "1, " "1, " "1, " "1, " "1, " "1, " "1, " "1, " "1, " "1, " "1, " "1, " "1, " "1, " "1, " "1, " "1, " "1, " "1, " "1, " "1, " "0, " "1, " "1, " "1, " "1, " "1, " "1, " "1, " "1, " "1, " "1, " "1, " "1, " "1, " "1, " "1, " "1, " "1, " "1, " "1, " "1, " "1, " "1, " "1, " "1, " "1, " "1, " "1, " "1, " "1, " "1, " "1, " "1, " "1, " "1, " "1, " "1, " "1, " "1, " "1, " "1, " "1, " "1, " "1, " "1, " "1, " "1, " "1, " "1, " "1, " "1, " "1, " "1, " "1, " "1, " "1, " "1, " "1, " "1, " "1, " "1, " "1, " "1, " "1, " "1, " "1, " "1, " "1, " "1, " "1, " "1, " "1, " "1, " "1, " "1, " "1, " "1, " "1, " "1, " "1, " "1, " "1, " "1, " "1, " "1, " "1, " "1, " "1, " "1, " "1, " "1, " "1, " "1, " "1, " "1, " "1, " "1, " "1, " "1, " "1, " "1, " "1, " "1, " "1, " "1, " "1, " "1, " "1, " "1, " "1, " "1, " "1, " "1, " "1, " "1, " "1, " "1, " "1, " "1, " "1, " "1, " "1, " "1, " "1, " "1, " "1, " "1, " "1, " "1, " "1, " "1, " "1, " "1, " "1, " "1, " "1, " "1, " "1, " "1, " "1, " "1, " "1, " "1, " "1, " "1, " "1, " "1, " "1, " "1, " "1, " "1, " "1, " "1, " "1, " "1, " "1, " "1, " "1, " "1, " "1, " "1, " "1, " "1, " "1, " "1, " "1, " "1, " "1, " "1, " "1, " "1, " "1, " "1, " "1, " "1, " "1, " "1, " "1, " "1, " "1, " "1, " "1, " "1, " "1, " "1, " "1, " "1, " "1, " "1, " "1, " "1, " "1, " "1, " "1, " "1, " "1, " "1, " "1, " "1, " "1, " "1, " "1, " "1, " "1, " "1, " "1, " "1, " "1, " "1, " "1, " "1, " "1, " "1, " "1, " "1, " "1, " "1, " "1, " "1, " "1, " "1, " "1, " "1, " "1, " "1, " "1, " "1, " "1, " "1, " "1, " "1, " "1, " "1, " "1, " "1, " "1, " "1, "0
 "Nei277, 0.214, " "0.144, " "1, " "1, " "1, " "1, " "1, " "1, " "1, " "1, " "1, " "1, " "1, " "1, " "1, " "1, " "1, " "1, " "1, " "1, " "1, " "1, " "1, " "1, " "1, " "1, " "1, " "1, " "1, " "1, " "1, " "1, " "1, " "1, " "1, " "1, " "1, " "1, " "1, " "1, " "1, " "1, " "1, " "1, " "1, " "1, " "1, " "1, " "1, " "1, " "1, " "1, " "1, " "1, " "1, " "1, " "1, " "1, " "1, " "1, " "1, " "1, " "1, " "1, " "1, " "1, " "1, " "1, " "1, " "1, " "1, " "1, " "1, " "1, " "1, " "1, " "1, " "1, " "1, " "1, " "1, " "1, " "1, " "1, " "1, " "1, " "1, " "1, " "1, " "1, " "1, " "1, " "1, " "1, " "1, " "1, " "1, " "1, " "1, " "1, " "1, " "1, " "1, " "1, " "1, " "1, " "1, " "1, " "1, " "1, " "1, " "1, " "1, " "1, " "1, " "1, " "1, " "1, " "1, " "1, " "1, " "1, " "1, " "1, " "1, " "1, " "1, " "1, " "1, " "1, " "1, " "1, " "1, " "1, " "1, " "1, " "1, " "1, " "1, " "1, " "1, " "1, " "1, " "1, " "1, " "1, " "1, " "1, " "1, " "1, " "1, " "1, " "1, " "1, " "1, " "1, " "1, " "1, " "1, " "1, " "1, " "1, " "1, " "1, " "1, " "1, " "1, " "1, " "1, " "1, " "1, " "1, " "1, " "1, " "1, " "1, " "1, " "1, " "1, " "1, " "1, " "1, " "1, " "1, " "1, " "1, " "1, " "1, " "1, " "1, " "1, " "1, " "1, " "1, " "1, " "1, " "1, " "1, " "1, " "1, " "1, " "1, " "1, " "1, " "1, " "1, " "1, " "1, " "1, " "1, " "1, " "1, " "1, " "1, " "1, " "1, " "1, " "1, " "1, " "1, " "1, " "1, " "1, " "1, " "1, " "1, " "1, " "1, " "1, " "1, " "1, " "1, " "1, " "1, " "1, " "1, " "1, " "1, " "1, " "1, " "1, " "1, " "1, " "1, " "1, " "1, " "1, " "1, " "1, " "1, " "1, " "1, " "1, " "1, " "1, " "1, " "1, " "1, " "1, " "1, " "1, " "1, " "1, " "1, " "1, " "1, " "1, " "1, " "1, " "1, " "1, " "1, " "1, " "1, " "1, " "1, " "1, " "1, " "1, " "0, " "1, " "1, " "1, " "1, " "1, " "1, " "1, " "1, " "1, " "1, " "1, " "1, " "1, " "1, " "1, " "1, " "1, " "1, " "1, " "1, " "1, " "1, " "1, " "1, " "1, " "1, " "1, " "1, " "1, " "1, " "1, " "1, " "1, " "1, " "1, " "1, " "1, " "1, " "1, " "1, " "1, " "1, " "1, " "1, " "1, " "1, " "1, " "1, " "1, " "1, " "1, " "1, " "1, " "1, " "1, " "1, " "1, " "1, " "1, " "1, " "1, " "1, " "1, " "1, " "1, " "1, " "1, " "1, " "1, " "1, " "1, " "1, " "1, " "1, " "1, " "1, " "1, " "1, " "1, " "1, " "1, " "1, " "1, " "1, " "1, " "1, " "1, " "1, " "1, " "1, " "1, " "1, " "1, " "1, " "1, " "1, " "1, " "1, " "1, " "1, " "1, " "1, " "1, " "1, " "1, " "1, " "1, " "1, " "1, " "1, " "1, " "1, " "1, " "1, " "1, " "1, " "1, " "1, " "1, " "1, " "1, " "1, " "1, " "1, " "1, " "1, " "1, " "1, " "1, " "1, " "1, " "1, " "1, " "1, " "1, " "1, " "1, " "1, " "1, " "1, " "1, " "1, " "1, " "1, " "1, " "1, " "1, " "1, " "1, " "1, " "1, " "1, " "1, " "1, " "1, " "1, " "1, " "1, " "1, " "1, " "1, " "1, " "1, " "1, " "1, " "1, " "1, " "1, " "1, " "1, " "1, " "1, " "1, " "1, " "1, " "1, " "1, " "1, " "1, " "1, " "1, " "1, " "1, " "1, " "1, " "1, " "1, " "1, " "1, " "1, " "1, " "1, " "1, " "1, " "1, " "1, " "1, " "1, " "1, " "1, " "1, " "1, " "1, " "1, " "1, " "1, " "1, " "1, " "1, " "1, " "1, " "1, " "1, " "1, " "1, " "1, " "1, " "1, " "1, " "1, " "1, " "1, " "1, " "1, " "1, " "1, " "1, " "1, " "1, " "1, " "1, " "1, " "1, " "1, " "1, "0
 "Nei278, 0.378, " "-0.262, " "1, " "1, " "1, " "1, " "1, " "1, " "1, " "1, " "1, " "1, " "1, " "1, " "1, " "1, " "1, " "1, " "1, " "1, " "1, " "1, " "1, " "1, " "1, " "1, " "1, " "1, " "1, " "1, " "1, " "1, " "1, " "1, " "1, " "1, " "1, " "1, " "1, " "1, " "1, " "1, " "1, " "1, " "1, " "1, " "1, " "1, " "1, " "1, " "1, " "1, " "1, " "1, " "1, " "1, " "1, " "1, " "1, " "1, " "1, " "1, " "1, " "1, " "1, " "1, " "1, " "1, " "1, " "1, " "1, " "1, " "1, " "1, " "1, " "1, " "1, " "1, " "1, " "1, " "1, " "1, " "1, " "1, " "1, " "1, " "1, " "1, " "1, " "1, " "1, " "1, " "1, " "1, " "1, " "1, " "1, " "1, " "1, " "1, " "1, " "1, " "1, " "1, " "1, " "1, " "1, " "1, " "1, " "1, " "1, " "1, " "1, " "1, " "1, " "1, " "1, " "1, " "1, " "1, " "1, " "1, " "1, " "1, " "1, " "1, " "1, " "1, " "1, " "1, " "1, " "1, " "1, " "1, " "1, " "1, " "1, " "1, " "1, " "1, " "1, " "1, " "1, " "1, " "1, " "1, " "1, " "1, " "1, " "1, " "1, " "1, " "1, " "1, " "1, " "1, " "1, " "1, " "1, " "1, " "1, " "1, " "1, " "1, " "1, " "1, " "1, " "1, " "1, " "1, " "1, " "1, " "1, " "1, " "1, " "1, " "1, " "1, " "1, " "1, " "1, " "1, " "1, " "1, " "1, " "1, " "1, " "1, " "1, " "1, " "1, " "1, " "1, " "1, " "1, " "1, " "1, " "1, " "1, " "1, " "1, " "1, " "1, " "1, " "1, " "1, " "1, " "1, " "1, " "1, " "1, " "1, " "1, " "1, " "1, " "1, " "1, " "1, " "1, " "1, " "1, " "1, " "1, " "1, " "1, " "1, " "1, " "1, " "1, " "1, " "1, " "1, " "1, " "1, " "1, " "1, " "1, " "1, " "1, " "1, " "1, " "1, " "1, " "1, " "1, " "1, " "1, " "1, " "1, " "1, " "1, " "1, " "1, " "1, " "1, " "1, " "1, " "1, " "1, " "1, " "1, " "1, " "1, " "1, " "1, " "1, " "1, " "1, " "1, " "1, " "1, " "1, " "1, " "1, " "1, " "1, " "1, " "1, " "1, " "1, " "0, " "1, " "1, " "1, " "1, " "1, " "1, " "1, " "1, " "1, " "1, " "1, " "1, " "1, " "1, " "1, " "1, " "1, " "1, " "1, " "1, " "1, " "1, " "1, " "1, " "1, " "1, " "1, " "1, " "1, " "1, " "1, " "1, " "1, " "1, " "1, " "1, " "1, " "1, " "1, " "1, " "1, " "1, " "1, " "1, " "1, " "1, " "1, " "1, " "1, " "1, " "1, " "1, " "1, " "1, " "1, " "1, " "1, " "1, " "1, " "1, " "1, " "1, " "1, " "1, " "1, " "1, " "1, " "1, " "1, " "1, " "1, " "1, " "1, " "1, " "1, " "1, " "1, " "1, " "1, " "1, " "1, " "1, " "1, " "1, " "1, " "1, " "1, " "1, " "1, " "1, " "1, " "1, " "1, " "1, " "1, " "1, " "1, " "1, " "1, " "1, " "1, " "1, " "1, " "1, " "1, " "1, " "1, " "1, " "1, " "1, " "1, " "1, " "1, " "1, " "1, " "1, " "1, " "1, " "1, " "1, " "1, " "1, " "1, " "1, " "1, " "1, " "1, " "1, " "1, " "1, " "1, " "1, " "1, " "1, " "1, " "1, " "1, " "1, " "1, " "1, " "1, " "1, " "1, " "1, " "1, " "1, " "1, " "1, " "1, " "1, " "1, " "1, " "1, " "1, " "1, " "1, " "1, " "1, " "1, " "1, " "1, " "1, " "1, " "1, " "1, " "1, " "1, " "1, " "1, " "1, " "1, " "1, " "1, " "1, " "1, " "1, " "1, " "1, " "1, " "1, " "1, " "1, " "1, " "1, " "1, " "1, " "1, " "1, " "1, " "1, " "1, " "1, " "1, " "1, " "1, " "1, " "1, " "1, " "1, " "1, " "1, " "1, " "1, " "1, " "1, " "1, " "1, " "1, " "1, " "1, " "1, " "1, " "1, " "1, " "1, " "1, " "1, " "1, " "1, " "1, " "1, " "1, " "1, " "1, " "1, " "1, " "1, " "1, " "1, " "1, " "1, " "1, " "1, " "1, "0
 "Nei279, 0.132, " "0.335, " "1, " "1, " "1, " "1, " "1, " "1, " "1, " "1, " "1, " "1, " "1, " "1, " "1, " "1, " "1, " "1, " "1, " "1, " "1, " "1, " "1, " "1, " "1, " "1, " "1, " "1, " "1, " "1, " "1, " "1, " "1, " "1, " "1, " "1, " "1, " "1, " "1, " "1, " "1, " "1, " "1, " "1, " "1, " "1, " "1, " "1, " "1, " "1, " "1, " "1, " "1, " "1, " "1, " "1, " "1, " "1, " "1, " "1, " "1, " "1, " "1, " "1, " "1, " "1, " "1, " "1, " "1, " "1, " "1, " "1, " "1, " "1, " "1, " "1, " "1, " "1, " "1, " "1, " "1, " "1, " "1, " "1, " "1, " "1, " "1, " "1, " "1, " "1, " "1, " "1, " "1, " "1, " "1, " "1, " "1, " "1, " "1, " "1, " "1, " "1, " "1, " "1, " "1, " "1, " "1, " "1, " "1, " "1, " "1, " "1, " "1, " "1, " "1, " "1, " "1, " "1, " "1, " "1, " "1, " "1, " "1, " "1, " "1, " "1, " "1, " "1, " "1, " "1, " "1, " "1, " "1, " "1, " "1, " "1, " "1, " "1, " "1, " "1, " "1, " "1, " "1, " "1, " "1, " "1, " "1, " "1, " "1, " "1, " "1, " "1, " "1, " "1, " "1, " "1, " "1, " "1, " "1, " "1, " "1, " "1, " "1, " "1, " "1, " "1, " "1, " "1, " "1, " "1, " "1, " "1, " "1, " "1, " "1, " "1, " "1, " "1, " "1, " "1, " "1, " "1, " "1, " "1, " "1, " "1, " "1, " "1, " "1, " "1, " "1, " "1, " "1, " "1, " "1, " "1, " "1, " "1, " "1, " "1, " "1, " "1, " "1, " "1, " "1, " "1, " "1, " "1, " "1, " "1, " "1, " "1, " "1, " "1, " "1, " "1, " "1, " "1, " "1, " "1, " "1, " "1, " "1, " "1, " "1, " "1, " "1, " "1, " "1, " "1, " "1, " "1, " "1, " "1, " "1, " "1, " "1, " "1, " "1, " "1, " "1, " "1, " "1, " "1, " "1, " "1, " "1, " "1, " "1, " "1, " "1, " "1, " "1, " "1, " "1, " "1, " "1, " "1, " "1, " "1, " "1, " "1, " "1, " "1, " "1, " "1, " "1, " "1, " "1, " "1, " "1, " "1, " "1, " "1, " "1, " "1, " "1, " "1, " "1, " "1, " "1, " "0, " "1, " "1, " "1, " "1, " "1, " "1, " "1, " "1, " "1, " "1, " "1, " "1, " "1, " "1, " "1, " "1, " "1, " "1, " "1, " "1, " "1, " "1, " "1, " "1, " "1, " "1, " "1, " "1, " "1, " "1, " "1, " "1, " "1, " "1, " "1, " "1, " "1, " "1, " "1, " "1, " "1, " "1, " "1, " "1, " "1, " "1, " "1, " "1, " "1, " "1, " "1, " "1, " "1, " "1, " "1, " "1, " "1, " "1, " "1, " "1, " "1, " "1, " "1, " "1, " "1, " "1, " "1, " "1, " "1, " "1, " "1, " "1, " "1, " "1, " "1, " "1, " "1, " "1, " "1, " "1, " "1, " "1, " "1, " "1, " "1, " "1, " "1, " "1, " "1, " "1, " "1, " "1, " "1, " "1, " "1, " "1, " "1, " "1, " "1, " "1, " "1, " "1, " "1, " "1, " "1, " "1, " "1, " "1, " "1, " "1, " "1, " "1, " "1, " "1, " "1, " "1, " "1, " "1, " "1, " "1, " "1, " "1, " "1, " "1, " "1, " "1, " "1, " "1, " "1, " "1, " "1, " "1, " "1, " "1, " "1, " "1, " "1, " "1, " "1, " "1, " "1, " "1, " "1, " "1, " "1, " "1, " "1, " "1, " "1, " "1, " "1, " "1, " "1, " "1, " "1, " "1, " "1, " "1, " "1, " "1, " "1, " "1, " "1, " "1, " "1, " "1, " "1, " "1, " "1, " "1, " "1, " "1, " "1, " "1, " "1, " "1, " "1, " "1, " "1, " "1, " "1, " "1, " "1, " "1, " "1, " "1, " "1, " "1, " "1, " "1, " "1, " "1, " "1, " "1, " "1, " "1, " "1, " "1, " "1, " "1, " "1, " "1, " "1, " "1, " "1, " "1, " "1, " "1, " "1, " "1, " "1, " "1, " "1, " "1, " "1, " "1, " "1, " "1, " "1, " "1, " "1, " "1, " "1, " "1, " "1, " "1, " "1, " "1, " "1, " "1, " "1, " "1, " "1, "0
 "Nei280, 0.107, " "0.557, " "1, " "1, " "1, " "1, " "1, " "1, " "1, " "1, " "1, " "1, " "1, " "1, " "1, " "1, " "1, " "1, " "1, " "1, " "1, " "1, " "1, " "1, " "1, " "1, " "1, " "1, " "1, " "1, " "1, " "1, " "1, " "1, " "1, " "1, " "1, " "1, " "1, " "1, " "1, " "1, " "1, " "1, " "1, " "1, " "1, " "1, " "1, " "1, " "1, " "1, " "1, " "1, " "1, " "1, " "1, " "1, " "1, " "1, " "1, " "1, " "1, " "1, " "1, " "1, " "1, " "1, " "1, " "1, " "1, " "1, " "1, " "1, " "1, " "1, " "1, " "1, " "1, " "1, " "1, " "1, " "1, " "1, " "1, " "1, " "1, " "1, " "1, " "1, " "1, " "1, " "1, " "1, " "1, " "1, " "1, " "1, " "1, " "1, " "1, " "1, " "1, " "1, " "1, " "1, " "1, " "1, " "1, " "1, " "1, " "1, " "1, " "1, " "1, " "1, " "1, " "1, " "1, " "1, " "1, " "1, " "1, " "1, " "1, " "1, " "1, " "1, " "1, " "1, " "1, " "1, " "1, " "1, " "1, " "1, " "1, " "1, " "1, " "1, " "1, " "1, " "1, " "1, " "1, " "1, " "1, " "1, " "1, " "1, " "1, " "1, " "1, " "1, " "1, " "1, " "1, " "1, " "1, " "1, " "1, " "1, " "1, " "1, " "1, " "1, " "1, " "1, " "1, " "1, " "1, " "1, " "1, " "1, " "1, " "1, " "1, " "1, " "1, " "1, " "1, " "1, " "1, " "1, " "1, " "1, " "1, " "1, " "1, " "1, " "1, " "1, " "1, " "1, " "1, " "1, " "1, " "1, " "1, " "1, " "1, " "1, " "1, " "1, " "1, " "1, " "1, " "1, " "1, " "1, " "1, " "1, " "1, " "1, " "1, " "1, " "1, " "1, " "1, " "1, " "1, " "1, " "1, " "1, " "1, " "1, " "1, " "1, " "1, " "1, " "1, " "1, " "1, " "1, " "1, " "1, " "1, " "1, " "1, " "1, " "1, " "1, " "1, " "1, " "1, " "1, " "1, " "1, " "1, " "1, " "1, " "1, " "1, " "1, " "1, " "1, " "1, " "1, " "1, " "1, " "1, " "1, " "1, " "1, " "1, " "1, " "1, " "1, " "1, " "1, " "1, " "1, " "1, " "1, " "1, " "1, " "1, " "1, " "1, " "1, " "1, " "1, " "0, " "1, " "1, " "1, " "1, " "1, " "1, " "1, " "1, " "1, " "1, " "1, " "1, " "1, " "1, " "1, " "1, " "1, " "1, " "1, " "1, " "1, " "1, " "1, " "1, " "1, " "1, " "1, " "1, " "1, " "1, " "1, " "1, " "1, " "1, " "1, " "1, " "1, " "1, " "1, " "1, " "1, " "1, " "1, " "1, " "1, " "1, " "1, " "1, " "1, " "1, " "1, " "1, " "1, " "1, " "1, " "1, " "1, " "1, " "1, " "1, " "1, " "1, " "1, " "1, " "1, " "1, " "1, " "1, " "1, " "1, " "1, " "1, " "1, " "1, " "1, " "1, " "1, " "1, " "1, " "1, " "1, " "1, " "1, " "1, " "1, " "1, " "1, " "1, " "1, " "1, " "1, " "1, " "1, " "1, " "1, " "1, " "1, " "1, " "1, " "1, " "1, " "1, " "1, " "1, " "1, " "1, " "1, " "1, " "1, " "1, " "1, " "1, " "1, " "1, " "1, " "1, " "1, " "1, " "1, " "1, " "1, " "1, " "1, " "1, " "1, " "1, " "1, " "1, " "1, " "1, " "1, " "1, " "1, " "1, " "1, " "1, " "1, " "1, " "1, " "1, " "1, " "1, " "1, " "1, " "1, " "1, " "1, " "1, " "1, " "1, " "1, " "1, " "1, " "1, " "1, " "1, " "1, " "1, " "1, " "1, " "1, " "1, " "1, " "1, " "1, " "1, " "1, " "1, " "1, " "1, " "1, " "1, " "1, " "1, " "1, " "1, " "1, " "1, " "1, " "1, " "1, " "1, " "1, " "1, " "1, " "1, " "1, " "1, " "1, " "1, " "1, " "1, " "1, " "1, " "1, " "1, " "1, " "1, " "1, " "1, " "1, " "1, " "1, " "1, " "1, " "1, " "1, " "1, " "1, " "1, " "1, " "1, " "1, " "1, " "1, " "1, " "1, " "1, " "1, " "1, " "1, " "1, " "1, " "1, " "1, " "1, " "1, " "1, " "1, " "1, " "1, " "1, "0
 "Nei281, 0.173, " "-0.882, " "1, " "1, " "1, " "1, " "1, " "1, " "1, " "1, " "1, " "1, " "1, " "1, " "1, " "1, " "1, " "1, " "1, " "1, " "1, " "1, " "1, " "1, " "1, " "1, " "1, " "1, " "1, " "1, " "1, " "1, " "1, " "1, " "1, " "1, " "1, " "1, " "1, " "1, " "1, " "1, " "1, " "1, " "1, " "1, " "1, " "1, " "1, " "1, " "1, " "1, " "1, " "1, " "1, " "1, " "1, " "1, " "1, " "1, " "1, " "1, " "1, " "1, " "1, " "1, " "1, " "1, " "1, " "1, " "1, " "1, " "1, " "1, " "1, " "1, " "1, " "1, " "1, " "1, " "1, " "1, " "1, " "1, " "1, " "1, " "1, " "1, " "1, " "1, " "1, " "1, " "1, " "1, " "1, " "1, " "1, " "1, " "1, " "1, " "1, " "1, " "1, " "1, " "1, " "1, " "1, " "1, " "1, " "1, " "1, " "1, " "1, " "1, " "1, " "1, " "1, " "1, " "1, " "1, " "1, " "1, " "1, " "1, " "1, " "1, " "1, " "1, " "1, " "1, " "1, " "1, " "1, " "1, " "1, " "1, " "1, " "1, " "1, " "1, " "1, " "1, " "1, " "1, " "1, " "1, " "1, " "1, " "1, " "1, " "1, " "1, " "1, " "1, " "1, " "1, " "1, " "1, " "1, " "1, " "1, " "1, " "1, " "1, " "1, " "1, " "1, " "1, " "1, " "1, " "1, " "1, " "1, " "1, " "1, " "1, " "1, " "1, " "1, " "1, " "1, " "1, " "1, " "1, " "1, " "1, " "1, " "1, " "1, " "1, " "1, " "1, " "1, " "1, " "1, " "1, " "1, " "1, " "1, " "1, " "1, " "1, " "1, " "1, " "1, " "1, " "1, " "1, " "1, " "1, " "1, " "1, " "1, " "1, " "1, " "1, " "1, " "1, " "1, " "1, " "1, " "1, " "1, " "1, " "1, " "1, " "1, " "1, " "1, " "1, " "1, " "1, " "1, " "1, " "1, " "1, " "1, " "1, " "1, " "1, " "1, " "1, " "1, " "1, " "1, " "1, " "1, " "1, " "1, " "1, " "1, " "1, " "1, " "1, " "1, " "1, " "1, " "1, " "1, " "1, " "1, " "1, " "1, " "1, " "1, " "1, " "1, " "1, " "1, " "1, " "1, " "1, " "1, " "1, " "1, " "1, " "1, " "1, " "1, " "1, " "1, " "1, " "1, " "0, " "1, " "1, " "1, " "1, " "1, " "1, " "1, " "1, " "1, " "1, " "1, " "1, " "1, " "1, " "1, " "1, " "1, " "1, " "1, " "1, " "1, " "1, " "1, " "1, " "1, " "1, " "1, " "1, " "1, " "1, " "1, " "1, " "1, " "1, " "1, " "1, " "1, " "1, " "1, " "1, " "1, " "1, " "1, " "1, " "1, " "1, " "1, " "1, " "1, " "1, " "1, " "1, " "1, " "1, " "1, " "1, " "1, " "1, " "1, " "1, " "1, " "1, " "1, " "1, " "1, " "1, " "1, " "1, " "1, " "1, " "1, " "1, " "1, " "1, " "1, " "1, " "1, " "1, " "1, " "1, " "1, " "1, " "1, " "1, " "1, " "1, " "1, " "1, " "1, " "1, " "1, " "1, " "1, " "1, " "1, " "1, " "1, " "1, " "1, " "1, " "1, " "1, " "1, " "1, " "1, " "1, " "1, " "1, " "1, " "1, " "1, " "1, " "1, " "1, " "1, " "1, " "1, " "1, " "1, " "1, " "1, " "1, " "1, " "1, " "1, " "1, " "1, " "1, " "1, " "1, " "1, " "1, " "1, " "1, " "1, " "1, " "1, " "1, " "1, " "1, " "1, " "1, " "1, " "1, " "1, " "1, " "1, " "1, " "1, " "1, " "1, " "1, " "1, " "1, " "1, " "1, " "1, " "1, " "1, " "1, " "1, " "1, " "1, " "1, " "1, " "1, " "1, " "1, " "1, " "1, " "1, " "1, " "1, " "1, " "1, " "1, " "1, " "1, " "1, " "1, " "1, " "1, " "1, " "1, " "1, " "1, " "1, " "1, " "1, " "1, " "1, " "1, " "1, " "1, " "1, " "1, " "1, " "1, " "1, " "1, " "1, " "1, " "1, " "1, " "1, " "1, " "1, " "1, " "1, " "1, " "1, " "1, " "1, " "1, " "1, " "1, " "1, " "1, " "1, " "1, " "1, " "1, " "1, " "1, " "1, " "1, " "1, " "1, " "1, " "1, " "1, "0
 "Nei282, 0.145, " "-0.692, " "1, " "1, " "1, " "1, " "1, " "1, " "1, " "1, " "1, " "1, " "1, " "1, " "1, " "1, " "1, " "1, " "1, " "1, " "1, " "1, " "1, " "1, " "1, " "1, " "1, " "1, " "1, " "1, " "1, " "1, " "1, " "1, " "1, " "1, " "1, " "1, " "1, " "1, " "1, " "1, " "1, " "1, " "1, " "1, " "1, " "1, " "1, " "1, " "1, " "1, " "1, " "1, " "1, " "1, " "1, " "1, " "1, " "1, " "1, " "1, " "1, " "1, " "1, " "1, " "1, " "1, " "1, " "1, " "1, " "1, " "1, " "1, " "1, " "1, " "1, " "1, " "1, " "1, " "1, " "1, " "1, " "1, " "1, " "1, " "1, " "1, " "1, " "1, " "1, " "1, " "1, " "1, " "1, " "1, " "1, " "1, " "1, " "1, " "1, " "1, " "1, " "1, " "1, " "1, " "1, " "1, " "1, " "1, " "1, " "1, " "1, " "1, " "1, " "1, " "1, " "1, " "1, " "1, " "1, " "1, " "1, " "1, " "1, " "1, " "1, " "1, " "1, " "1, " "1, " "1, " "1, " "1, " "1, " "1, " "1, " "1, " "1, " "1, " "1, " "1, " "1, " "1, " "1, " "1, " "1, " "1, " "1, " "1, " "1, " "1, " "1, " "1, " "1, " "1, " "1, " "1, " "1, " "1, " "1, " "1, " "1, " "1, " "1, " "1, " "1, " "1, " "1, " "1, " "1, " "1, " "1, " "1, " "1, " "1, " "1, " "1, " "1, " "1, " "1, " "1, " "1, " "1, " "1, " "1, " "1, " "1, " "1, " "1, " "1, " "1, " "1, " "1, " "1, " "1, " "1, " "1, " "1, " "1, " "1, " "1, " "1, " "1, " "1, " "1, " "1, " "1, " "1, " "1, " "1, " "1, " "1, " "1, " "1, " "1, " "1, " "1, " "1, " "1, " "1, " "1, " "1, " "1, " "1, " "1, " "1, " "1, " "1, " "1, " "1, " "1, " "1, " "1, " "1, " "1, " "1, " "1, " "1, " "1, " "1, " "1, " "1, " "1, " "1, " "1, " "1, " "1, " "1, " "1, " "1, " "1, " "1, " "1, " "1, " "1, " "1, " "1, " "1, " "1, " "1, " "1, " "1, " "1, " "1, " "1, " "1, " "1, " "1, " "1, " "1, " "1, " "1, " "1, " "1, " "1, " "1, " "1, " "1, " "1, " "1, " "1, " "1, " "1, " "0, " "1, " "1, " "1, " "1, " "1, " "1, " "1, " "1, " "1, " "1, " "1, " "1, " "1, " "1, " "1, " "1, " "1, " "1, " "1, " "1, " "1, " "1, " "1, " "1, " "1, " "1, " "1, " "1, " "1, " "1, " "1, " "1, " "1, " "1, " "1, " "1, " "1, " "1, " "1, " "1, " "1, " "1, " "1, " "1, " "1, " "1, " "1, " "1, " "1, " "1, " "1, " "1, " "1, " "1, " "1, " "1, " "1, " "1, " "1, " "1, " "1, " "1, " "1, " "1, " "1, " "1, " "1, " "1, " "1, " "1, " "1, " "1, " "1, " "1, " "1, " "1, " "1, " "1, " "1, " "1, " "1, " "1, " "1, " "1, " "1, " "1, " "1, " "1, " "1, " "1, " "1, " "1, " "1, " "1, " "1, " "1, " "1, " "1, " "1, " "1, " "1, " "1, " "1, " "1, " "1, " "1, " "1, " "1, " "1, " "1, " "1, " "1, " "1, " "1, " "1, " "1, " "1, " "1, " "1, " "1, " "1, " "1, " "1, " "1, " "1, " "1, " "1, " "1, " "1, " "1, " "1, " "1, " "1, " "1, " "1, " "1, " "1, " "1, " "1, " "1, " "1, " "1, " "1, " "1, " "1, " "1, " "1, " "1, " "1, " "1, " "1, " "1, " "1, " "1, " "1, " "1, " "1, " "1, " "1, " "1, " "1, " "1, " "1, " "1, " "1, " "1, " "1, " "1, " "1, " "1, " "1, " "1, " "1, " "1, " "1, " "1, " "1, " "1, " "1, " "1, " "1, " "1, " "1, " "1, " "1, " "1, " "1, " "1, " "1, " "1, " "1, " "1, " "1, " "1, " "1, " "1, " "1, " "1, " "1, " "1, " "1, " "1, " "1, " "1, " "1, " "1, " "1, " "1, " "1, " "1, " "1, " "1, " "1, " "1, " "1, " "1, " "1, " "1, " "1, " "1, " "1, " "1, " "1, " "1, " "1, " "1, " "1, " "1, " "1, " "1, "0
 "Nei283, 0.354, " "0.007, " "1, " "1, " "1, " "1, " "1, " "1, " "1, " "1, " "1, " "1, " "1, " "1, " "1, " "1, " "1, " "1, " "1, " "1, " "1, " "1, " "1, " "1, " "1, " "1, " "1, " "1, " "1, " "1, " "1, " "1, " "1, " "1, " "1, " "1, " "1, " "1, " "1, " "1, " "1, " "1, " "1, " "1, " "1, " "1, " "1, " "1, " "1, " "1, " "1, " "1, " "1, " "1, " "1, " "1, " "1, " "1, " "1, " "1, " "1, " "1, " "1, " "1, " "1, " "1, " "1, " "1, " "1, " "1, " "1, " "1, " "1, " "1, " "1, " "1, " "1, " "1, " "1, " "1, " "1, " "1, " "1, " "1, " "1, " "1, " "1, " "1, " "1, " "1, " "1, " "1, " "1, " "1, " "1, " "1, " "1, " "1, " "1, " "1, " "1, " "1, " "1, " "1, " "1, " "1, " "1, " "1, " "1, " "1, " "1, " "1, " "1, " "1, " "1, " "1, " "1, " "1, " "1, " "1, " "1, " "1, " "1, " "1, " "1, " "1, " "1, " "1, " "1, " "1, " "1, " "1, " "1, " "1, " "1, " "1, " "1, " "1, " "1, " "1, " "1, " "1, " "1, " "1, " "1, " "1, " "1, " "1, " "1, " "1, " "1, " "1, " "1, " "1, " "1, " "1, " "1, " "1, " "1, " "1, " "1, " "1, " "1, " "1, " "1, " "1, " "1, " "1, " "1, " "1, " "1, " "1, " "1, " "1, " "1, " "1, " "1, " "1, " "1, " "1, " "1, " "1, " "1, " "1, " "1, " "1, " "1, " "1, " "1, " "1, " "1, " "1, " "1, " "1, " "1, " "1, " "1, " "1, " "1, " "1, " "1, " "1, " "1, " "1, " "1, " "1, " "1, " "1, " "1, " "1, " "1, " "1, " "1, " "1, " "1, " "1, " "1, " "1, " "1, " "1, " "1, " "1, " "1, " "1, " "1, " "1, " "1, " "1, " "1, " "1, " "1, " "1, " "1, " "1, " "1, " "1, " "1, " "1, " "1, " "1, " "1, " "1, " "1, " "1, " "1, " "1, " "1, " "1, " "1, " "1, " "1, " "1, " "1, " "1, " "1, " "1, " "1, " "1, " "1, " "1, " "1, " "1, " "1, " "1, " "1, " "1, " "1, " "1, " "1, " "1, " "1, " "1, " "1, " "1, " "1, " "1, " "1, " "1, " "1, " "1, " "1, " "1, " "1, " "1, " "1, " "0, " "1, " "1, " "1, " "1, " "1, " "1, " "1, " "1, " "1, " "1, " "1, " "1, " "1, " "1, " "1, " "1, " "1, " "1, " "1, " "1, " "1, " "1, " "1, " "1, " "1, " "1, " "1, " "1, " "1, " "1, " "1, " "1, " "1, " "1, " "1, " "1, " "1, " "1, " "1, " "1, " "1, " "1, " "1, " "1, " "1, " "1, " "1, " "1, " "1, " "1, " "1, " "1, " "1, " "1, " "1, " "1, " "1, " "1, " "1, " "1, " "1, " "1, " "1, " "1, " "1, " "1, " "1, " "1, " "1, " "1, " "1, " "1, " "1, " "1, " "1, " "1, " "1, " "1, " "1, " "1, " "1, " "1, " "1, " "1, " "1, " "1, " "1, " "1, " "1, " "1, " "1, " "1, " "1, " "1, " "1, " "1, " "1, " "1, " "1, " "1, " "1, " "1, " "1, " "1, " "1, " "1, " "1, " "1, " "1, " "1, " "1, " "1, " "1, " "1, " "1, " "1, " "1, " "1, " "1, " "1, " "1, " "1, " "1, " "1, " "1, " "1, " "1, " "1, " "1, " "1, " "1, " "1, " "1, " "1, " "1, " "1, " "1, " "1, " "1, " "1, " "1, " "1, " "1, " "1, " "1, " "1, " "1, " "1, " "1, " "1, " "1, " "1, " "1, " "1, " "1, " "1, " "1, " "1, " "1, " "1, " "1, " "1, " "1, " "1, " "1, " "1, " "1, " "1, " "1, " "1, " "1, " "1, " "1, " "1, " "1, " "1, " "1, " "1, " "1, " "1, " "1, " "1, " "1, " "1, " "1, " "1, " "1, " "1, " "1, " "1, " "1, " "1, " "1, " "1, " "1, " "1, " "1, " "1, " "1, " "1, " "1, " "1, " "1, " "1, " "1, " "1, " "1, " "1, " "1, " "1, " "1, " "1, " "1, " "1, " "1, " "1, " "1, " "1, " "1, " "1, " "1, " "1, " "1, " "1, " "1, " "1, " "1, " "1, " "1, "0
 "Nei284, 0.332, " "0.698, " "1, " "1, " "1, " "1, " "1, " "1, " "1, " "1, " "1, " "1, " "1, " "1, " "1, " "1, " "1, " "1, " "1, " "1, " "1, " "1, " "1, " "1, " "1, " "1, " "1, " "1, " "1, " "1, " "1, " "1, " "1, " "1, " "1, " "1, " "1, " "1, " "1, " "1, " "1, " "1, " "1, " "1, " "1, " "1, " "1, " "1, " "1, " "1, " "1, " "1, " "1, " "1, " "1, " "1, " "1, " "1, " "1, " "1, " "1, " "1, " "1, " "1, " "1, " "1, " "1, " "1, " "1, " "1, " "1, " "1, " "1, " "1, " "1, " "1, " "1, " "1, " "1, " "1, " "1, " "1, " "1, " "1, " "1, " "1, " "1, " "1, " "1, " "1, " "1, " "1, " "1, " "1, " "1, " "1, " "1, " "1, " "1, " "1, " "1, " "1, " "1, " "1, " "1, " "1, " "1, " "1, " "1, " "1, " "1, " "1, " "1, " "1, " "1, " "1, " "1, " "1, " "1, " "1, " "1, " "1, " "1, " "1, " "1, " "1, " "1, " "1, " "1, " "1, " "1, " "1, " "1, " "1, " "1, " "1, " "1, " "1, " "1, " "1, " "1, " "1, " "1, " "1, " "1, " "1, " "1, " "1, " "1, " "1, " "1, " "1, " "1, " "1, " "1, " "1, " "1, " "1, " "1, " "1, " "1, " "1, " "1, " "1, " "1, " "1, " "1, " "1, " "1, " "1, " "1, " "1, " "1, " "1, " "1, " "1, " "1, " "1, " "1, " "1, " "1, " "1, " "1, " "1, " "1, " "1, " "1, " "1, " "1, " "1, " "1, " "1, " "1, " "1, " "1, " "1, " "1, " "1, " "1, " "1, " "1, " "1, " "1, " "1, " "1, " "1, " "1, " "1, " "1, " "1, " "1, " "1, " "1, " "1, " "1, " "1, " "1, " "1, " "1, " "1, " "1, " "1, " "1, " "1, " "1, " "1, " "1, " "1, " "1, " "1, " "1, " "1, " "1, " "1, " "1, " "1, " "1, " "1, " "1, " "1, " "1, " "1, " "1, " "1, " "1, " "1, " "1, " "1, " "1, " "1, " "1, " "1, " "1, " "1, " "1, " "1, " "1, " "1, " "1, " "1, " "1, " "1, " "1, " "1, " "1, " "1, " "1, " "1, " "1, " "1, " "1, " "1, " "1, " "1, " "1, " "1, " "1, " "1, " "1, " "1, " "1, " "1, " "1, " "1, " "1, " "1, " "0, " "1, " "1, " "1, " "1, " "1, " "1, " "1, " "1, " "1, " "1, " "1, " "1, " "1, " "1, " "1, " "1, " "1, " "1, " "1, " "1, " "1, " "1, " "1, " "1, " "1, " "1, " "1, " "1, " "1, " "1, " "1, " "1, " "1, " "1, " "1, " "1, " "1, " "1, " "1, " "1, " "1, " "1, " "1, " "1, " "1, " "1, " "1, " "1, " "1, " "1, " "1, " "1, " "1, " "1, " "1, " "1, " "1, " "1, " "1, " "1, " "1, " "1, " "1, " "1, " "1, " "1, " "1, " "1, " "1, " "1, " "1, " "1, " "1, " "1, " "1, " "1, " "1, " "1, " "1, " "1, " "1, " "1, " "1, " "1, " "1, " "1, " "1, " "1, " "1, " "1, " "1, " "1, " "1, " "1, " "1, " "1, " "1, " "1, " "1, " "1, " "1, " "1, " "1, " "1, " "1, " "1, " "1, " "1, " "1, " "1, " "1, " "1, " "1, " "1, " "1, " "1, " "1, " "1, " "1, " "1, " "1, " "1, " "1, " "1, " "1, " "1, " "1, " "1, " "1, " "1, " "1, " "1, " "1, " "1, " "1, " "1, " "1, " "1, " "1, " "1, " "1, " "1, " "1, " "1, " "1, " "1, " "1, " "1, " "1, " "1, " "1, " "1, " "1, " "1, " "1, " "1, " "1, " "1, " "1, " "1, " "1, " "1, " "1, " "1, " "1, " "1, " "1, " "1, " "1, " "1, " "1, " "1, " "1, " "1, " "1, " "1, " "1, " "1, " "1, " "1, " "1, " "1, " "1, " "1, " "1, " "1, " "1, " "1, " "1, " "1, " "1, " "1, " "1, " "1, " "1, " "1, " "1, " "1, " "1, " "1, " "1, " "1, " "1, " "1, " "1, " "1, " "1, " "1, " "1, " "1, " "1, " "1, " "1, " "1, " "1, " "1, " "1, " "1, " "1, " "1, " "1, " "1, " "1, " "1, " "1, " "1, " "1, " "1, "0
 "Nei285, 0.179, " "-0.592, " "1, " "1, " "1, " "1, " "1, " "1, " "1, " "1, " "1, " "1, " "1, " "1, " "1, " "1, " "1, " "1, " "1, " "1, " "1, " "1, " "1, " "1, " "1, " "1, " "1, " "1, " "1, " "1, " "1, " "1, " "1, " "1, " "1, " "1, " "1, " "1, " "1, " "1, " "1, " "1, " "1, " "1, " "1, " "1, " "1, " "1, " "1, " "1, " "1, " "1, " "1, " "1, " "1, " "1, " "1, " "1, " "1, " "1, " "1, " "1, " "1, " "1, " "1, " "1, " "1, " "1, " "1, " "1, " "1, " "1, " "1, " "1, " "1, " "1, " "1, " "1, " "1, " "1, " "1, " "1, " "1, " "1, " "1, " "1, " "1, " "1, " "1, " "1, " "1, " "1, " "1, " "1, " "1, " "1, " "1, " "1, " "1, " "1, " "1, " "1, " "1, " "1, " "1, " "1, " "1, " "1, " "1, " "1, " "1, " "1, " "1, " "1, " "1, " "1, " "1, " "1, " "1, " "1, " "1, " "1, " "1, " "1, " "1, " "1, " "1, " "1, " "1, " "1, " "1, " "1, " "1, " "1, " "1, " "1, " "1, " "1, " "1, " "1, " "1, " "1, " "1, " "1, " "1, " "1, " "1, " "1, " "1, " "1, " "1, " "1, " "1, " "1, " "1, " "1, " "1, " "1, " "1, " "1, " "1, " "1, " "1, " "1, " "1, " "1, " "1, " "1, " "1, " "1, " "1, " "1, " "1, " "1, " "1, " "1, " "1, " "1, " "1, " "1, " "1, " "1, " "1, " "1, " "1, " "1, " "1, " "1, " "1, " "1, " "1, " "1, " "1, " "1, " "1, " "1, " "1, " "1, " "1, " "1, " "1, " "1, " "1, " "1, " "1, " "1, " "1, " "1, " "1, " "1, " "1, " "1, " "1, " "1, " "1, " "1, " "1, " "1, " "1, " "1, " "1, " "1, " "1, " "1, " "1, " "1, " "1, " "1, " "1, " "1, " "1, " "1, " "1, " "1, " "1, " "1, " "1, " "1, " "1, " "1, " "1, " "1, " "1, " "1, " "1, " "1, " "1, " "1, " "1, " "1, " "1, " "1, " "1, " "1, " "1, " "1, " "1, " "1, " "1, " "1, " "1, " "1, " "1, " "1, " "1, " "1, " "1, " "1, " "1, " "1, " "1, " "1, " "1, " "1, " "1, " "1, " "1, " "1, " "1, " "1, " "1, " "1, " "1, " "1, " "1, " "1, " "1, " "0, " "1, " "1, " "1, " "1, " "1, " "1, " "1, " "1, " "1, " "1, " "1, " "1, " "1, " "1, " "1, " "1, " "1, " "1, " "1, " "1, " "1, " "1, " "1, " "1, " "1, " "1, " "1, " "1, " "1, " "1, " "1, " "1, " "1, " "1, " "1, " "1, " "1, " "1, " "1, " "1, " "1, " "1, " "1, " "1, " "1, " "1, " "1, " "1, " "1, " "1, " "1, " "1, " "1, " "1, " "1, " "1, " "1, " "1, " "1, " "1, " "1, " "1, " "1, " "1, " "1, " "1, " "1, " "1, " "1, " "1, " "1, " "1, " "1, " "1, " "1, " "1, " "1, " "1, " "1, " "1, " "1, " "1, " "1, " "1, " "1, " "1, " "1, " "1, " "1, " "1, " "1, " "1, " "1, " "1, " "1, " "1, " "1, " "1, " "1, " "1, " "1, " "1, " "1, " "1, " "1, " "1, " "1, " "1, " "1, " "1, " "1, " "1, " "1, " "1, " "1, " "1, " "1, " "1, " "1, " "1, " "1, " "1, " "1, " "1, " "1, " "1, " "1, " "1, " "1, " "1, " "1, " "1, " "1, " "1, " "1, " "1, " "1, " "1, " "1, " "1, " "1, " "1, " "1, " "1, " "1, " "1, " "1, " "1, " "1, " "1, " "1, " "1, " "1, " "1, " "1, " "1, " "1, " "1, " "1, " "1, " "1, " "1, " "1, " "1, " "1, " "1, " "1, " "1, " "1, " "1, " "1, " "1, " "1, " "1, " "1, " "1, " "1, " "1, " "1, " "1, " "1, " "1, " "1, " "1, " "1, " "1, " "1, " "1, " "1, " "1, " "1, " "1, " "1, " "1, " "1, " "1, " "1, " "1, " "1, " "1, " "1, " "1, " "1, " "1, " "1, " "1, " "1, " "1, " "1, " "1, " "1, " "1, " "1, " "1, " "1, " "1, " "1, " "1, " "1, " "1, " "1, " "1, " "1, " "1, " "1, " "1, " "1, "0
 "Nei286, 0.024, " "-0.507, " "1, " "1, " "1, " "1, " "1, " "1, " "1, " "1, " "1, " "1, " "1, " "1, " "1, " "1, " "1, " "1, " "1, " "1, " "1, " "1, " "1, " "1, " "1, " "1, " "1, " "1, " "1, " "1, " "1, " "1, " "1, " "1, " "1, " "1, " "1, " "1, " "1, " "1, " "1, " "1, " "1, " "1, " "1, " "1, " "1, " "1, " "1, " "1, " "1, " "1, " "1, " "1, " "1, " "1, " "1, " "1, " "1, " "1, " "1, " "1, " "1, " "1, " "1, " "1, " "1, " "1, " "1, " "1, " "1, " "1, " "1, " "1, " "1, " "1, " "1, " "1, " "1, " "1, " "1, " "1, " "1, " "1, " "1, " "1, " "1, " "1, " "1, " "1, " "1, " "1, " "1, " "1, " "1, " "1, " "1, " "1, " "1, " "1, " "1, " "1, " "1, " "1, " "1, " "1, " "1, " "1, " "1, " "1, " "1, " "1, " "1, " "1, " "1, " "1, " "1, " "1, " "1, " "1, " "1, " "1, " "1, " "1, " "1, " "1, " "1, " "1, " "1, " "1, " "1, " "1, " "1, " "1, " "1, " "1, " "1, " "1, " "1, " "1, " "1, " "1, " "1, " "1, " "1, " "1, " "1, " "1, " "1, " "1, " "1, " "1, " "1, " "1, " "1, " "1, " "1, " "1, " "1, " "1, " "1, " "1, " "1, " "1, " "1, " "1, " "1, " "1, " "1, " "1, " "1, " "1, " "1, " "1, " "1, " "1, " "1, " "1, " "1, " "1, " "1, " "1, " "1, " "1, " "1, " "1, " "1, " "1, " "1, " "1, " "1, " "1, " "1, " "1, " "1, " "1, " "1, " "1, " "1, " "1, " "1, " "1, " "1, " "1, " "1, " "1, " "1, " "1, " "1, " "1, " "1, " "1, " "1, " "1, " "1, " "1, " "1, " "1, " "1, " "1, " "1, " "1, " "1, " "1, " "1, " "1, " "1, " "1, " "1, " "1, " "1, " "1, " "1, " "1, " "1, " "1, " "1, " "1, " "1, " "1, " "1, " "1, " "1, " "1, " "1, " "1, " "1, " "1, " "1, " "1, " "1, " "1, " "1, " "1, " "1, " "1, " "1, " "1, " "1, " "1, " "1, " "1, " "1, " "1, " "1, " "1, " "1, " "1, " "1, " "1, " "1, " "1, " "1, " "1, " "1, " "1, " "1, " "1, " "1, " "1, " "1, " "1, " "1, " "1, " "1, " "1, " "1, " "1, " "0, " "1, " "1, " "1, " "1, " "1, " "1, " "1, " "1, " "1, " "1, " "1, " "1, " "1, " "1, " "1, " "1, " "1, " "1, " "1, " "1, " "1, " "1, " "1, " "1, " "1, " "1, " "1, " "1, " "1, " "1, " "1, " "1, " "1, " "1, " "1, " "1, " "1, " "1, " "1, " "1, " "1, " "1, " "1, " "1, " "1, " "1, " "1, " "1, " "1, " "1, " "1, " "1, " "1, " "1, " "1, " "1, " "1, " "1, " "1, " "1, " "1, " "1, " "1, " "1, " "1, " "1, " "1, " "1, " "1, " "1, " "1, " "1, " "1, " "1, " "1, " "1, " "1, " "1, " "1, " "1, " "1, " "1, " "1, " "1, " "1, " "1, " "1, " "1, " "1, " "1, " "1, " "1, " "1, " "1, " "1, " "1, " "1, " "1, " "1, " "1, " "1, " "1, " "1, " "1, " "1, " "1, " "1, " "1, " "1, " "1, " "1, " "1, " "1, " "1, " "1, " "1, " "1, " "1, " "1, " "1, " "1, " "1, " "1, " "1, " "1, " "1, " "1, " "1, " "1, " "1, " "1, " "1, " "1, " "1, " "1, " "1, " "1, " "1, " "1, " "1, " "1, " "1, " "1, " "1, " "1, " "1, " "1, " "1, " "1, " "1, " "1, " "1, " "1, " "1, " "1, " "1, " "1, " "1, " "1, " "1, " "1, " "1, " "1, " "1, " "1, " "1, " "1, " "1, " "1, " "1, " "1, " "1, " "1, " "1, " "1, " "1, " "1, " "1, " "1, " "1, " "1, " "1, " "1, " "1, " "1, " "1, " "1, " "1, " "1, " "1, " "1, " "1, " "1, " "1, " "1, " "1, " "1, " "1, " "1, " "1, " "1, " "1, " "1, " "1, " "1, " "1, " "1, " "1, " "1, " "1, " "1, " "1, " "1, " "1, " "1, " "1, " "1, " "1, " "1, " "1, " "1, " "1, " "1, " "1, " "1, " "1, "0
 "Nei287, 0.078, " "0.733, " "1, " "1, " "1, " "1, " "1, " "1, " "1, " "1, " "1, " "1, " "1, " "1, " "1, " "1, " "1, " "1, " "1, " "1, " "1, " "1, " "1, " "1, " "1, " "1, " "1, " "1, " "1, " "1, " "1, " "1, " "1, " "1, " "1, " "1, " "1, " "1, " "1, " "1, " "1, " "1, " "1, " "1, " "1, " "1, " "1, " "1, " "1, " "1, " "1, " "1, " "1, " "1, " "1, " "1, " "1, " "1, " "1, " "1, " "1, " "1, " "1, " "1, " "1, " "1, " "1, " "1, " "1, " "1, " "1, " "1, " "1, " "1, " "1, " "1, " "1, " "1, " "1, " "1, " "1, " "1, " "1, " "1, " "1, " "1, " "1, " "1, " "1, " "1, " "1, " "1, " "1, " "1, " "1, " "1, " "1, " "1, " "1, " "1, " "1, " "1, " "1, " "1, " "1, " "1, " "1, " "1, " "1, " "1, " "1, " "1, " "1, " "1, " "1, " "1, " "1, " "1, " "1, " "1, " "1, " "1, " "1, " "1, " "1, " "1, " "1, " "1, " "1, " "1, " "1, " "1, " "1, " "1, " "1, " "1, " "1, " "1, " "1, " "1, " "1, " "1, " "1, " "1, " "1, " "1, " "1, " "1, " "1, " "1, " "1, " "1, " "1, " "1, " "1, " "1, " "1, " "1, " "1, " "1, " "1, " "1, " "1, " "1, " "1, " "1, " "1, " "1, " "1, " "1, " "1, " "1, " "1, " "1, " "1, " "1, " "1, " "1, " "1, " "1, " "1, " "1, " "1, " "1, " "1, " "1, " "1, " "1, " "1, " "1, " "1, " "1, " "1, " "1, " "1, " "1, " "1, " "1, " "1, " "1, " "1, " "1, " "1, " "1, " "1, " "1, " "1, " "1, " "1, " "1, " "1, " "1, " "1, " "1, " "1, " "1, " "1, " "1, " "1, " "1, " "1, " "1, " "1, " "1, " "1, " "1, " "1, " "1, " "1, " "1, " "1, " "1, " "1, " "1, " "1, " "1, " "1, " "1, " "1, " "1, " "1, " "1, " "1, " "1, " "1, " "1, " "1, " "1, " "1, " "1, " "1, " "1, " "1, " "1, " "1, " "1, " "1, " "1, " "1, " "1, " "1, " "1, " "1, " "1, " "1, " "1, " "1, " "1, " "1, " "1, " "1, " "1, " "1, " "1, " "1, " "1, " "1, " "1, " "1, " "1, " "1, " "1, " "1, " "1, " "1, " "1, " "1, " "1, " "1, " "0, " "1, " "1, " "1, " "1, " "1, " "1, " "1, " "1, " "1, " "1, " "1, " "1, " "1, " "1, " "1, " "1, " "1, " "1, " "1, " "1, " "1, " "1, " "1, " "1, " "1, " "1, " "1, " "1, " "1, " "1, " "1, " "1, " "1, " "1, " "1, " "1, " "1, " "1, " "1, " "1, " "1, " "1, " "1, " "1, " "1, " "1, " "1, " "1, " "1, " "1, " "1, " "1, " "1, " "1, " "1, " "1, " "1, " "1, " "1, " "1, " "1, " "1, " "1, " "1, " "1, " "1, " "1, " "1, " "1, " "1, " "1, " "1, " "1, " "1, " "1, " "1, " "1, " "1, " "1, " "1, " "1, " "1, " "1, " "1, " "1, " "1, " "1, " "1, " "1, " "1, " "1, " "1, " "1, " "1, " "1, " "1, " "1, " "1, " "1, " "1, " "1, " "1, " "1, " "1, " "1, " "1, " "1, " "1, " "1, " "1, " "1, " "1, " "1, " "1, " "1, " "1, " "1, " "1, " "1, " "1, " "1, " "1, " "1, " "1, " "1, " "1, " "1, " "1, " "1, " "1, " "1, " "1, " "1, " "1, " "1, " "1, " "1, " "1, " "1, " "1, " "1, " "1, " "1, " "1, " "1, " "1, " "1, " "1, " "1, " "1, " "1, " "1, " "1, " "1, " "1, " "1, " "1, " "1, " "1, " "1, " "1, " "1, " "1, " "1, " "1, " "1, " "1, " "1, " "1, " "1, " "1, " "1, " "1, " "1, " "1, " "1, " "1, " "1, " "1, " "1, " "1, " "1, " "1, " "1, " "1, " "1, " "1, " "1, " "1, " "1, " "1, " "1, " "1, " "1, " "1, " "1, " "1, " "1, " "1, " "1, " "1, " "1, " "1, " "1, " "1, " "1, " "1, " "1, " "1, " "1, " "1, " "1, " "1, " "1, " "1, " "1, " "1, " "1, " "1, " "1, " "1, " "1, " "1, " "1, " "1, "0
 "Nei288, 0.387, " "-0.55, " "1, " "1, " "1, " "1, " "1, " "1, " "1, " "1, " "1, " "1, " "1, " "1, " "1, " "1, " "1, " "1, " "1, " "1, " "1, " "1, " "1, " "1, " "1, " "1, " "1, " "1, " "1, " "1, " "1, " "1, " "1, " "1, " "1, " "1, " "1, " "1, " "1, " "1, " "1, " "1, " "1, " "1, " "1, " "1, " "1, " "1, " "1, " "1, " "1, " "1, " "1, " "1, " "1, " "1, " "1, " "1, " "1, " "1, " "1, " "1, " "1, " "1, " "1, " "1, " "1, " "1, " "1, " "1, " "1, " "1, " "1, " "1, " "1, " "1, " "1, " "1, " "1, " "1, " "1, " "1, " "1, " "1, " "1, " "1, " "1, " "1, " "1, " "1, " "1, " "1, " "1, " "1, " "1, " "1, " "1, " "1, " "1, " "1, " "1, " "1, " "1, " "1, " "1, " "1, " "1, " "1, " "1, " "1, " "1, " "1, " "1, " "1, " "1, " "1, " "1, " "1, " "1, " "1, " "1, " "1, " "1, " "1, " "1, " "1, " "1, " "1, " "1, " "1, " "1, " "1, " "1, " "1, " "1, " "1, " "1, " "1, " "1, " "1, " "1, " "1, " "1, " "1, " "1, " "1, " "1, " "1, " "1, " "1, " "1, " "1, " "1, " "1, " "1, " "1, " "1, " "1, " "1, " "1, " "1, " "1, " "1, " "1, " "1, " "1, " "1, " "1, " "1, " "1, " "1, " "1, " "1, " "1, " "1, " "1, " "1, " "1, " "1, " "1, " "1, " "1, " "1, " "1, " "1, " "1, " "1, " "1, " "1, " "1, " "1, " "1, " "1, " "1, " "1, " "1, " "1, " "1, " "1, " "1, " "1, " "1, " "1, " "1, " "1, " "1, " "1, " "1, " "1, " "1, " "1, " "1, " "1, " "1, " "1, " "1, " "1, " "1, " "1, " "1, " "1, " "1, " "1, " "1, " "1, " "1, " "1, " "1, " "1, " "1, " "1, " "1, " "1, " "1, " "1, " "1, " "1, " "1, " "1, " "1, " "1, " "1, " "1, " "1, " "1, " "1, " "1, " "1, " "1, " "1, " "1, " "1, " "1, " "1, " "1, " "1, " "1, " "1, " "1, " "1, " "1, " "1, " "1, " "1, " "1, " "1, " "1, " "1, " "1, " "1, " "1, " "1, " "1, " "1, " "1, " "1, " "1, " "1, " "1, " "1, " "1, " "1, " "1, " "1, " "1, " "1, " "1, " "1, " "1, " "1, " "0, " "1, " "1, " "1, " "1, " "1, " "1, " "1, " "1, " "1, " "1, " "1, " "1, " "1, " "1, " "1, " "1, " "1, " "1, " "1, " "1, " "1, " "1, " "1, " "1, " "1, " "1, " "1, " "1, " "1, " "1, " "1, " "1, " "1, " "1, " "1, " "1, " "1, " "1, " "1, " "1, " "1, " "1, " "1, " "1, " "1, " "1, " "1, " "1, " "1, " "1, " "1, " "1, " "1, " "1, " "1, " "1, " "1, " "1, " "1, " "1, " "1, " "1, " "1, " "1, " "1, " "1, " "1, " "1, " "1, " "1, " "1, " "1, " "1, " "1, " "1, " "1, " "1, " "1, " "1, " "1, " "1, " "1, " "1, " "1, " "1, " "1, " "1, " "1, " "1, " "1, " "1, " "1, " "1, " "1, " "1, " "1, " "1, " "1, " "1, " "1, " "1, " "1, " "1, " "1, " "1, " "1, " "1, " "1, " "1, " "1, " "1, " "1, " "1, " "1, " "1, " "1, " "1, " "1, " "1, " "1, " "1, " "1, " "1, " "1, " "1, " "1, " "1, " "1, " "1, " "1, " "1, " "1, " "1, " "1, " "1, " "1, " "1, " "1, " "1, " "1, " "1, " "1, " "1, " "1, " "1, " "1, " "1, " "1, " "1, " "1, " "1, " "1, " "1, " "1, " "1, " "1, " "1, " "1, " "1, " "1, " "1, " "1, " "1, " "1, " "1, " "1, " "1, " "1, " "1, " "1, " "1, " "1, " "1, " "1, " "1, " "1, " "1, " "1, " "1, " "1, " "1, " "1, " "1, " "1, " "1, " "1, " "1, " "1, " "1, " "1, " "1, " "1, " "1, " "1, " "1, " "1, " "1, " "1, " "1, " "1, " "1, " "1, " "1, " "1, " "1, " "1, " "1, " "1, " "1, " "1, " "1, " "1, " "1, " "1, " "1, " "1, " "1, " "1, " "1, " "1, " "1, " "1, " "1, " "1, "0
 "Nei289, 0.389, " "-0.197, " "1, " "1, " "1, " "1, " "1, " "1, " "1, " "1, " "1, " "1, " "1, " "1, " "1, " "1, " "1, " "1, " "1, " "1, " "1, " "1, " "1, " "1, " "1, " "1, " "1, " "1, " "1, " "1, " "1, " "1, " "1, " "1, " "1, " "1, " "1, " "1, " "1, " "1, " "1, " "1, " "1, " "1, " "1, " "1, " "1, " "1, " "1, " "1, " "1, " "1, " "1, " "1, " "1, " "1, " "1, " "1, " "1, " "1, " "1, " "1, " "1, " "1, " "1, " "1, " "1, " "1, " "1, " "1, " "1, " "1, " "1, " "1, " "1, " "1, " "1, " "1, " "1, " "1, " "1, " "1, " "1, " "1, " "1, " "1, " "1, " "1, " "1, " "1, " "1, " "1, " "1, " "1, " "1, " "1, " "1, " "1, " "1, " "1, " "1, " "1, " "1, " "1, " "1, " "1, " "1, " "1, " "1, " "1, " "1, " "1, " "1, " "1, " "1, " "1, " "1, " "1, " "1, " "1, " "1, " "1, " "1, " "1, " "1, " "1, " "1, " "1, " "1, " "1, " "1, " "1, " "1, " "1, " "1, " "1, " "1, " "1, " "1, " "1, " "1, " "1, " "1, " "1, " "1, " "1, " "1, " "1, " "1, " "1, " "1, " "1, " "1, " "1, " "1, " "1, " "1, " "1, " "1, " "1, " "1, " "1, " "1, " "1, " "1, " "1, " "1, " "1, " "1, " "1, " "1, " "1, " "1, " "1, " "1, " "1, " "1, " "1, " "1, " "1, " "1, " "1, " "1, " "1, " "1, " "1, " "1, " "1, " "1, " "1, " "1, " "1, " "1, " "1, " "1, " "1, " "1, " "1, " "1, " "1, " "1, " "1, " "1, " "1, " "1, " "1, " "1, " "1, " "1, " "1, " "1, " "1, " "1, " "1, " "1, " "1, " "1, " "1, " "1, " "1, " "1, " "1, " "1, " "1, " "1, " "1, " "1, " "1, " "1, " "1, " "1, " "1, " "1, " "1, " "1, " "1, " "1, " "1, " "1, " "1, " "1, " "1, " "1, " "1, " "1, " "1, " "1, " "1, " "1, " "1, " "1, " "1, " "1, " "1, " "1, " "1, " "1, " "1, " "1, " "1, " "1, " "1, " "1, " "1, " "1, " "1, " "1, " "1, " "1, " "1, " "1, " "1, " "1, " "1, " "1, " "1, " "1, " "1, " "1, " "1, " "1, " "1, " "1, " "1, " "1, " "1, " "1, " "1, " "1, " "1, " "1, " "0, " "1, " "1, " "1, " "1, " "1, " "1, " "1, " "1, " "1, " "1, " "1, " "1, " "1, " "1, " "1, " "1, " "1, " "1, " "1, " "1, " "1, " "1, " "1, " "1, " "1, " "1, " "1, " "1, " "1, " "1, " "1, " "1, " "1, " "1, " "1, " "1, " "1, " "1, " "1, " "1, " "1, " "1, " "1, " "1, " "1, " "1, " "1, " "1, " "1, " "1, " "1, " "1, " "1, " "1, " "1, " "1, " "1, " "1, " "1, " "1, " "1, " "1, " "1, " "1, " "1, " "1, " "1, " "1, " "1, " "1, " "1, " "1, " "1, " "1, " "1, " "1, " "1, " "1, " "1, " "1, " "1, " "1, " "1, " "1, " "1, " "1, " "1, " "1, " "1, " "1, " "1, " "1, " "1, " "1, " "1, " "1, " "1, " "1, " "1, " "1, " "1, " "1, " "1, " "1, " "1, " "1, " "1, " "1, " "1, " "1, " "1, " "1, " "1, " "1, " "1, " "1, " "1, " "1, " "1, " "1, " "1, " "1, " "1, " "1, " "1, " "1, " "1, " "1, " "1, " "1, " "1, " "1, " "1, " "1, " "1, " "1, " "1, " "1, " "1, " "1, " "1, " "1, " "1, " "1, " "1, " "1, " "1, " "1, " "1, " "1, " "1, " "1, " "1, " "1, " "1, " "1, " "1, " "1, " "1, " "1, " "1, " "1, " "1, " "1, " "1, " "1, " "1, " "1, " "1, " "1, " "1, " "1, " "1, " "1, " "1, " "1, " "1, " "1, " "1, " "1, " "1, " "1, " "1, " "1, " "1, " "1, " "1, " "1, " "1, " "1, " "1, " "1, " "1, " "1, " "1, " "1, " "1, " "1, " "1, " "1, " "1, " "1, " "1, " "1, " "1, " "1, " "1, " "1, " "1, " "1, " "1, " "1, " "1, " "1, " "1, " "1, " "1, " "1, " "1, " "1, " "1, " "1, " "1, "0
 "Nei290, 0.171, " "0.746, " "1, " "1, " "1, " "1, " "1, " "1, " "1, " "1, " "1, " "1, " "1, " "1, " "1, " "1, " "1, " "1, " "1, " "1, " "1, " "1, " "1, " "1, " "1, " "1, " "1, " "1, " "1, " "1, " "1, " "1, " "1, " "1, " "1, " "1, " "1, " "1, " "1, " "1, " "1, " "1, " "1, " "1, " "1, " "1, " "1, " "1, " "1, " "1, " "1, " "1, " "1, " "1, " "1, " "1, " "1, " "1, " "1, " "1, " "1, " "1, " "1, " "1, " "1, " "1, " "1, " "1, " "1, " "1, " "1, " "1, " "1, " "1, " "1, " "1, " "1, " "1, " "1, " "1, " "1, " "1, " "1, " "1, " "1, " "1, " "1, " "1, " "1, " "1, " "1, " "1, " "1, " "1, " "1, " "1, " "1, " "1, " "1, " "1, " "1, " "1, " "1, " "1, " "1, " "1, " "1, " "1, " "1, " "1, " "1, " "1, " "1, " "1, " "1, " "1, " "1, " "1, " "1, " "1, " "1, " "1, " "1, " "1, " "1, " "1, " "1, " "1, " "1, " "1, " "1, " "1, " "1, " "1, " "1, " "1, " "1, " "1, " "1, " "1, " "1, " "1, " "1, " "1, " "1, " "1, " "1, " "1, " "1, " "1, " "1, " "1, " "1, " "1, " "1, " "1, " "1, " "1, " "1, " "1, " "1, " "1, " "1, " "1, " "1, " "1, " "1, " "1, " "1, " "1, " "1, " "1, " "1, " "1, " "1, " "1, " "1, " "1, " "1, " "1, " "1, " "1, " "1, " "1, " "1, " "1, " "1, " "1, " "1, " "1, " "1, " "1, " "1, " "1, " "1, " "1, " "1, " "1, " "1, " "1, " "1, " "1, " "1, " "1, " "1, " "1, " "1, " "1, " "1, " "1, " "1, " "1, " "1, " "1, " "1, " "1, " "1, " "1, " "1, " "1, " "1, " "1, " "1, " "1, " "1, " "1, " "1, " "1, " "1, " "1, " "1, " "1, " "1, " "1, " "1, " "1, " "1, " "1, " "1, " "1, " "1, " "1, " "1, " "1, " "1, " "1, " "1, " "1, " "1, " "1, " "1, " "1, " "1, " "1, " "1, " "1, " "1, " "1, " "1, " "1, " "1, " "1, " "1, " "1, " "1, " "1, " "1, " "1, " "1, " "1, " "1, " "1, " "1, " "1, " "1, " "1, " "1, " "1, " "1, " "1, " "1, " "1, " "1, " "1, " "1, " "1, " "1, " "1, " "1, " "1, " "1, " "1, " "0, " "1, " "1, " "1, " "1, " "1, " "1, " "1, " "1, " "1, " "1, " "1, " "1, " "1, " "1, " "1, " "1, " "1, " "1, " "1, " "1, " "1, " "1, " "1, " "1, " "1, " "1, " "1, " "1, " "1, " "1, " "1, " "1, " "1, " "1, " "1, " "1, " "1, " "1, " "1, " "1, " "1, " "1, " "1, " "1, " "1, " "1, " "1, " "1, " "1, " "1, " "1, " "1, " "1, " "1, " "1, " "1, " "1, " "1, " "1, " "1, " "1, " "1, " "1, " "1, " "1, " "1, " "1, " "1, " "1, " "1, " "1, " "1, " "1, " "1, " "1, " "1, " "1, " "1, " "1, " "1, " "1, " "1, " "1, " "1, " "1, " "1, " "1, " "1, " "1, " "1, " "1, " "1, " "1, " "1, " "1, " "1, " "1, " "1, " "1, " "1, " "1, " "1, " "1, " "1, " "1, " "1, " "1, " "1, " "1, " "1, " "1, " "1, " "1, " "1, " "1, " "1, " "1, " "1, " "1, " "1, " "1, " "1, " "1, " "1, " "1, " "1, " "1, " "1, " "1, " "1, " "1, " "1, " "1, " "1, " "1, " "1, " "1, " "1, " "1, " "1, " "1, " "1, " "1, " "1, " "1, " "1, " "1, " "1, " "1, " "1, " "1, " "1, " "1, " "1, " "1, " "1, " "1, " "1, " "1, " "1, " "1, " "1, " "1, " "1, " "1, " "1, " "1, " "1, " "1, " "1, " "1, " "1, " "1, " "1, " "1, " "1, " "1, " "1, " "1, " "1, " "1, " "1, " "1, " "1, " "1, " "1, " "1, " "1, " "1, " "1, " "1, " "1, " "1, " "1, " "1, " "1, " "1, " "1, " "1, " "1, " "1, " "1, " "1, " "1, " "1, " "1, " "1, " "1, " "1, " "1, " "1, " "1, " "1, " "1, " "1, " "1, " "1, " "1, " "1, " "1, " "1, " "1, "0
 "Nei291, 0.383, " "0.346, " "1, " "1, " "1, " "1, " "1, " "1, " "1, " "1, " "1, " "1, " "1, " "1, " "1, " "1, " "1, " "1, " "1, " "1, " "1, " "1, " "1, " "1, " "1, " "1, " "1, " "1, " "1, " "1, " "1, " "1, " "1, " "1, " "1, " "1, " "1, " "1, " "1, " "1, " "1, " "1, " "1, " "1, " "1, " "1, " "1, " "1, " "1, " "1, " "1, " "1, " "1, " "1, " "1, " "1, " "1, " "1, " "1, " "1, " "1, " "1, " "1, " "1, " "1, " "1, " "1, " "1, " "1, " "1, " "1, " "1, " "1, " "1, " "1, " "1, " "1, " "1, " "1, " "1, " "1, " "1, " "1, " "1, " "1, " "1, " "1, " "1, " "1, " "1, " "1, " "1, " "1, " "1, " "1, " "1, " "1, " "1, " "1, " "1, " "1, " "1, " "1, " "1, " "1, " "1, " "1, " "1, " "1, " "1, " "1, " "1, " "1, " "1, " "1, " "1, " "1, " "1, " "1, " "1, " "1, " "1, " "1, " "1, " "1, " "1, " "1, " "1, " "1, " "1, " "1, " "1, " "1, " "1, " "1, " "1, " "1, " "1, " "1, " "1, " "1, " "1, " "1, " "1, " "1, " "1, " "1, " "1, " "1, " "1, " "1, " "1, " "1, " "1, " "1, " "1, " "1, " "1, " "1, " "1, " "1, " "1, " "1, " "1, " "1, " "1, " "1, " "1, " "1, " "1, " "1, " "1, " "1, " "1, " "1, " "1, " "1, " "1, " "1, " "1, " "1, " "1, " "1, " "1, " "1, " "1, " "1, " "1, " "1, " "1, " "1, " "1, " "1, " "1, " "1, " "1, " "1, " "1, " "1, " "1, " "1, " "1, " "1, " "1, " "1, " "1, " "1, " "1, " "1, " "1, " "1, " "1, " "1, " "1, " "1, " "1, " "1, " "1, " "1, " "1, " "1, " "1, " "1, " "1, " "1, " "1, " "1, " "1, " "1, " "1, " "1, " "1, " "1, " "1, " "1, " "1, " "1, " "1, " "1, " "1, " "1, " "1, " "1, " "1, " "1, " "1, " "1, " "1, " "1, " "1, " "1, " "1, " "1, " "1, " "1, " "1, " "1, " "1, " "1, " "1, " "1, " "1, " "1, " "1, " "1, " "1, " "1, " "1, " "1, " "1, " "1, " "1, " "1, " "1, " "1, " "1, " "1, " "1, " "1, " "1, " "1, " "1, " "1, " "1, " "1, " "1, " "1, " "1, " "1, " "1, " "1, " "1, " "1, " "0, " "1, " "1, " "1, " "1, " "1, " "1, " "1, " "1, " "1, " "1, " "1, " "1, " "1, " "1, " "1, " "1, " "1, " "1, " "1, " "1, " "1, " "1, " "1, " "1, " "1, " "1, " "1, " "1, " "1, " "1, " "1, " "1, " "1, " "1, " "1, " "1, " "1, " "1, " "1, " "1, " "1, " "1, " "1, " "1, " "1, " "1, " "1, " "1, " "1, " "1, " "1, " "1, " "1, " "1, " "1, " "1, " "1, " "1, " "1, " "1, " "1, " "1, " "1, " "1, " "1, " "1, " "1, " "1, " "1, " "1, " "1, " "1, " "1, " "1, " "1, " "1, " "1, " "1, " "1, " "1, " "1, " "1, " "1, " "1, " "1, " "1, " "1, " "1, " "1, " "1, " "1, " "1, " "1, " "1, " "1, " "1, " "1, " "1, " "1, " "1, " "1, " "1, " "1, " "1, " "1, " "1, " "1, " "1, " "1, " "1, " "1, " "1, " "1, " "1, " "1, " "1, " "1, " "1, " "1, " "1, " "1, " "1, " "1, " "1, " "1, " "1, " "1, " "1, " "1, " "1, " "1, " "1, " "1, " "1, " "1, " "1, " "1, " "1, " "1, " "1, " "1, " "1, " "1, " "1, " "1, " "1, " "1, " "1, " "1, " "1, " "1, " "1, " "1, " "1, " "1, " "1, " "1, " "1, " "1, " "1, " "1, " "1, " "1, " "1, " "1, " "1, " "1, " "1, " "1, " "1, " "1, " "1, " "1, " "1, " "1, " "1, " "1, " "1, " "1, " "1, " "1, " "1, " "1, " "1, " "1, " "1, " "1, " "1, " "1, " "1, " "1, " "1, " "1, " "1, " "1, " "1, " "1, " "1, " "1, " "1, " "1, " "1, " "1, " "1, " "1, " "1, " "1, " "1, " "1, " "1, " "1, " "1, " "1, " "1, " "1, " "1, " "1, " "1, " "1, " "1, " "1, "0
 "Nei292, 0.099, " "-0.675, " "1, " "1, " "1, " "1, " "1, " "1, " "1, " "1, " "1, " "1, " "1, " "1, " "1, " "1, " "1, " "1, " "1, " "1, " "1, " "1, " "1, " "1, " "1, " "1, " "1, " "1, " "1, " "1, " "1, " "1, " "1, " "1, " "1, " "1, " "1, " "1, " "1, " "1, " "1, " "1, " "1, " "1, " "1, " "1, " "1, " "1, " "1, " "1, " "1, " "1, " "1, " "1, " "1, " "1, " "1, " "1, " "1, " "1, " "1, " "1, " "1, " "1, " "1, " "1, " "1, " "1, " "1, " "1, " "1, " "1, " "1, " "1, " "1, " "1, " "1, " "1, " "1, " "1, " "1, " "1, " "1, " "1, " "1, " "1, " "1, " "1, " "1, " "1, " "1, " "1, " "1, " "1, " "1, " "1, " "1, " "1, " "1, " "1, " "1, " "1, " "1, " "1, " "1, " "1, " "1, " "1, " "1, " "1, " "1, " "1, " "1, " "1, " "1, " "1, " "1, " "1, " "1, " "1, " "1, " "1, " "1, " "1, " "1, " "1, " "1, " "1, " "1, " "1, " "1, " "1, " "1, " "1, " "1, " "1, " "1, " "1, " "1, " "1, " "1, " "1, " "1, " "1, " "1, " "1, " "1, " "1, " "1, " "1, " "1, " "1, " "1, " "1, " "1, " "1, " "1, " "1, " "1, " "1, " "1, " "1, " "1, " "1, " "1, " "1, " "1, " "1, " "1, " "1, " "1, " "1, " "1, " "1, " "1, " "1, " "1, " "1, " "1, " "1, " "1, " "1, " "1, " "1, " "1, " "1, " "1, " "1, " "1, " "1, " "1, " "1, " "1, " "1, " "1, " "1, " "1, " "1, " "1, " "1, " "1, " "1, " "1, " "1, " "1, " "1, " "1, " "1, " "1, " "1, " "1, " "1, " "1, " "1, " "1, " "1, " "1, " "1, " "1, " "1, " "1, " "1, " "1, " "1, " "1, " "1, " "1, " "1, " "1, " "1, " "1, " "1, " "1, " "1, " "1, " "1, " "1, " "1, " "1, " "1, " "1, " "1, " "1, " "1, " "1, " "1, " "1, " "1, " "1, " "1, " "1, " "1, " "1, " "1, " "1, " "1, " "1, " "1, " "1, " "1, " "1, " "1, " "1, " "1, " "1, " "1, " "1, " "1, " "1, " "1, " "1, " "1, " "1, " "1, " "1, " "1, " "1, " "1, " "1, " "1, " "1, " "1, " "1, " "1, " "1, " "1, " "1, " "1, " "1, " "1, " "1, " "1, " "1, " "1, " "0, " "1, " "1, " "1, " "1, " "1, " "1, " "1, " "1, " "1, " "1, " "1, " "1, " "1, " "1, " "1, " "1, " "1, " "1, " "1, " "1, " "1, " "1, " "1, " "1, " "1, " "1, " "1, " "1, " "1, " "1, " "1, " "1, " "1, " "1, " "1, " "1, " "1, " "1, " "1, " "1, " "1, " "1, " "1, " "1, " "1, " "1, " "1, " "1, " "1, " "1, " "1, " "1, " "1, " "1, " "1, " "1, " "1, " "1, " "1, " "1, " "1, " "1, " "1, " "1, " "1, " "1, " "1, " "1, " "1, " "1, " "1, " "1, " "1, " "1, " "1, " "1, " "1, " "1, " "1, " "1, " "1, " "1, " "1, " "1, " "1, " "1, " "1, " "1, " "1, " "1, " "1, " "1, " "1, " "1, " "1, " "1, " "1, " "1, " "1, " "1, " "1, " "1, " "1, " "1, " "1, " "1, " "1, " "1, " "1, " "1, " "1, " "1, " "1, " "1, " "1, " "1, " "1, " "1, " "1, " "1, " "1, " "1, " "1, " "1, " "1, " "1, " "1, " "1, " "1, " "1, " "1, " "1, " "1, " "1, " "1, " "1, " "1, " "1, " "1, " "1, " "1, " "1, " "1, " "1, " "1, " "1, " "1, " "1, " "1, " "1, " "1, " "1, " "1, " "1, " "1, " "1, " "1, " "1, " "1, " "1, " "1, " "1, " "1, " "1, " "1, " "1, " "1, " "1, " "1, " "1, " "1, " "1, " "1, " "1, " "1, " "1, " "1, " "1, " "1, " "1, " "1, " "1, " "1, " "1, " "1, " "1, " "1, " "1, " "1, " "1, " "1, " "1, " "1, " "1, " "1, " "1, " "1, " "1, " "1, " "1, " "1, " "1, " "1, " "1, " "1, " "1, " "1, " "1, " "1, " "1, " "1, " "1, " "1, " "1, " "1, " "1, " "1, " "1, " "1, " "1, "0
 "Nei293, 0.179, " "0.219, " "1, " "1, " "1, " "1, " "1, " "1, " "1, " "1, " "1, " "1, " "1, " "1, " "1, " "1, " "1, " "1, " "1, " "1, " "1, " "1, " "1, " "1, " "1, " "1, " "1, " "1, " "1, " "1, " "1, " "1, " "1, " "1, " "1, " "1, " "1, " "1, " "1, " "1, " "1, " "1, " "1, " "1, " "1, " "1, " "1, " "1, " "1, " "1, " "1, " "1, " "1, " "1, " "1, " "1, " "1, " "1, " "1, " "1, " "1, " "1, " "1, " "1, " "1, " "1, " "1, " "1, " "1, " "1, " "1, " "1, " "1, " "1, " "1, " "1, " "1, " "1, " "1, " "1, " "1, " "1, " "1, " "1, " "1, " "1, " "1, " "1, " "1, " "1, " "1, " "1, " "1, " "1, " "1, " "1, " "1, " "1, " "1, " "1, " "1, " "1, " "1, " "1, " "1, " "1, " "1, " "1, " "1, " "1, " "1, " "1, " "1, " "1, " "1, " "1, " "1, " "1, " "1, " "1, " "1, " "1, " "1, " "1, " "1, " "1, " "1, " "1, " "1, " "1, " "1, " "1, " "1, " "1, " "1, " "1, " "1, " "1, " "1, " "1, " "1, " "1, " "1, " "1, " "1, " "1, " "1, " "1, " "1, " "1, " "1, " "1, " "1, " "1, " "1, " "1, " "1, " "1, " "1, " "1, " "1, " "1, " "1, " "1, " "1, " "1, " "1, " "1, " "1, " "1, " "1, " "1, " "1, " "1, " "1, " "1, " "1, " "1, " "1, " "1, " "1, " "1, " "1, " "1, " "1, " "1, " "1, " "1, " "1, " "1, " "1, " "1, " "1, " "1, " "1, " "1, " "1, " "1, " "1, " "1, " "1, " "1, " "1, " "1, " "1, " "1, " "1, " "1, " "1, " "1, " "1, " "1, " "1, " "1, " "1, " "1, " "1, " "1, " "1, " "1, " "1, " "1, " "1, " "1, " "1, " "1, " "1, " "1, " "1, " "1, " "1, " "1, " "1, " "1, " "1, " "1, " "1, " "1, " "1, " "1, " "1, " "1, " "1, " "1, " "1, " "1, " "1, " "1, " "1, " "1, " "1, " "1, " "1, " "1, " "1, " "1, " "1, " "1, " "1, " "1, " "1, " "1, " "1, " "1, " "1, " "1, " "1, " "1, " "1, " "1, " "1, " "1, " "1, " "1, " "1, " "1, " "1, " "1, " "1, " "1, " "1, " "1, " "1, " "1, " "1, " "1, " "1, " "1, " "1, " "1, " "1, " "1, " "1, " "1, " "1, " "0, " "1, " "1, " "1, " "1, " "1, " "1, " "1, " "1, " "1, " "1, " "1, " "1, " "1, " "1, " "1, " "1, " "1, " "1, " "1, " "1, " "1, " "1, " "1, " "1, " "1, " "1, " "1, " "1, " "1, " "1, " "1, " "1, " "1, " "1, " "1, " "1, " "1, " "1, " "1, " "1, " "1, " "1, " "1, " "1, " "1, " "1, " "1, " "1, " "1, " "1, " "1, " "1, " "1, " "1, " "1, " "1, " "1, " "1, " "1, " "1, " "1, " "1, " "1, " "1, " "1, " "1, " "1, " "1, " "1, " "1, " "1, " "1, " "1, " "1, " "1, " "1, " "1, " "1, " "1, " "1, " "1, " "1, " "1, " "1, " "1, " "1, " "1, " "1, " "1, " "1, " "1, " "1, " "1, " "1, " "1, " "1, " "1, " "1, " "1, " "1, " "1, " "1, " "1, " "1, " "1, " "1, " "1, " "1, " "1, " "1, " "1, " "1, " "1, " "1, " "1, " "1, " "1, " "1, " "1, " "1, " "1, " "1, " "1, " "1, " "1, " "1, " "1, " "1, " "1, " "1, " "1, " "1, " "1, " "1, " "1, " "1, " "1, " "1, " "1, " "1, " "1, " "1, " "1, " "1, " "1, " "1, " "1, " "1, " "1, " "1, " "1, " "1, " "1, " "1, " "1, " "1, " "1, " "1, " "1, " "1, " "1, " "1, " "1, " "1, " "1, " "1, " "1, " "1, " "1, " "1, " "1, " "1, " "1, " "1, " "1, " "1, " "1, " "1, " "1, " "1, " "1, " "1, " "1, " "1, " "1, " "1, " "1, " "1, " "1, " "1, " "1, " "1, " "1, " "1, " "1, " "1, " "1, " "1, " "1, " "1, " "1, " "1, " "1, " "1, " "1, " "1, " "1, " "1, " "1, " "1, " "1, " "1, " "1, " "1, " "1, " "1, " "1, " "1, " "1, "0
 "Nei294, 0.066, " "0.703, " "1, " "1, " "1, " "1, " "1, " "1, " "1, " "1, " "1, " "1, " "1, " "1, " "1, " "1, " "1, " "1, " "1, " "1, " "1, " "1, " "1, " "1, " "1, " "1, " "1, " "1, " "1, " "1, " "1, " "1, " "1, " "1, " "1, " "1, " "1, " "1, " "1, " "1, " "1, " "1, " "1, " "1, " "1, " "1, " "1, " "1, " "1, " "1, " "1, " "1, " "1, " "1, " "1, " "1, " "1, " "1, " "1, " "1, " "1, " "1, " "1, " "1, " "1, " "1, " "1, " "1, " "1, " "1, " "1, " "1, " "1, " "1, " "1, " "1, " "1, " "1, " "1, " "1, " "1, " "1, " "1, " "1, " "1, " "1, " "1, " "1, " "1, " "1, " "1, " "1, " "1, " "1, " "1, " "1, " "1, " "1, " "1, " "1, " "1, " "1, " "1, " "1, " "1, " "1, " "1, " "1, " "1, " "1, " "1, " "1, " "1, " "1, " "1, " "1, " "1, " "1, " "1, " "1, " "1, " "1, " "1, " "1, " "1, " "1, " "1, " "1, " "1, " "1, " "1, " "1, " "1, " "1, " "1, " "1, " "1, " "1, " "1, " "1, " "1, " "1, " "1, " "1, " "1, " "1, " "1, " "1, " "1, " "1, " "1, " "1, " "1, " "1, " "1, " "1, " "1, " "1, " "1, " "1, " "1, " "1, " "1, " "1, " "1, " "1, " "1, " "1, " "1, " "1, " "1, " "1, " "1, " "1, " "1, " "1, " "1, " "1, " "1, " "1, " "1, " "1, " "1, " "1, " "1, " "1, " "1, " "1, " "1, " "1, " "1, " "1, " "1, " "1, " "1, " "1, " "1, " "1, " "1, " "1, " "1, " "1, " "1, " "1, " "1, " "1, " "1, " "1, " "1, " "1, " "1, " "1, " "1, " "1, " "1, " "1, " "1, " "1, " "1, " "1, " "1, " "1, " "1, " "1, " "1, " "1, " "1, " "1, " "1, " "1, " "1, " "1, " "1, " "1, " "1, " "1, " "1, " "1, " "1, " "1, " "1, " "1, " "1, " "1, " "1, " "1, " "1, " "1, " "1, " "1, " "1, " "1, " "1, " "1, " "1, " "1, " "1, " "1, " "1, " "1, " "1, " "1, " "1, " "1, " "1, " "1, " "1, " "1, " "1, " "1, " "1, " "1, " "1, " "1, " "1, " "1, " "1, " "1, " "1, " "1, " "1, " "1, " "1, " "1, " "1, " "1, " "1, " "1, " "1, " "1, " "1, " "1, " "1, " "1, " "1, " "1, " "0, " "1, " "1, " "1, " "1, " "1, " "1, " "1, " "1, " "1, " "1, " "1, " "1, " "1, " "1, " "1, " "1, " "1, " "1, " "1, " "1, " "1, " "1, " "1, " "1, " "1, " "1, " "1, " "1, " "1, " "1, " "1, " "1, " "1, " "1, " "1, " "1, " "1, " "1, " "1, " "1, " "1, " "1, " "1, " "1, " "1, " "1, " "1, " "1, " "1, " "1, " "1, " "1, " "1, " "1, " "1, " "1, " "1, " "1, " "1, " "1, " "1, " "1, " "1, " "1, " "1, " "1, " "1, " "1, " "1, " "1, " "1, " "1, " "1, " "1, " "1, " "1, " "1, " "1, " "1, " "1, " "1, " "1, " "1, " "1, " "1, " "1, " "1, " "1, " "1, " "1, " "1, " "1, " "1, " "1, " "1, " "1, " "1, " "1, " "1, " "1, " "1, " "1, " "1, " "1, " "1, " "1, " "1, " "1, " "1, " "1, " "1, " "1, " "1, " "1, " "1, " "1, " "1, " "1, " "1, " "1, " "1, " "1, " "1, " "1, " "1, " "1, " "1, " "1, " "1, " "1, " "1, " "1, " "1, " "1, " "1, " "1, " "1, " "1, " "1, " "1, " "1, " "1, " "1, " "1, " "1, " "1, " "1, " "1, " "1, " "1, " "1, " "1, " "1, " "1, " "1, " "1, " "1, " "1, " "1, " "1, " "1, " "1, " "1, " "1, " "1, " "1, " "1, " "1, " "1, " "1, " "1, " "1, " "1, " "1, " "1, " "1, " "1, " "1, " "1, " "1, " "1, " "1, " "1, " "1, " "1, " "1, " "1, " "1, " "1, " "1, " "1, " "1, " "1, " "1, " "1, " "1, " "1, " "1, " "1, " "1, " "1, " "1, " "1, " "1, " "1, " "1, " "1, " "1, " "1, " "1, " "1, " "1, " "1, " "1, " "1, " "1, " "1, " "1, "0
 "Nei295, 0.322, " "0.87, " "1, " "1, " "1, " "1, " "1, " "1, " "1, " "1, " "1, " "1, " "1, " "1, " "1, " "1, " "1, " "1, " "1, " "1, " "1, " "1, " "1, " "1, " "1, " "1, " "1, " "1, " "1, " "1, " "1, " "1, " "1, " "1, " "1, " "1, " "1, " "1, " "1, " "1, " "1, " "1, " "1, " "1, " "1, " "1, " "1, " "1, " "1, " "1, " "1, " "1, " "1, " "1, " "1, " "1, " "1, " "1, " "1, " "1, " "1, " "1, " "1, " "1, " "1, " "1, " "1, " "1, " "1, " "1, " "1, " "1, " "1, " "1, " "1, " "1, " "1, " "1, " "1, " "1, " "1, " "1, " "1, " "1, " "1, " "1, " "1, " "1, " "1, " "1, " "1, " "1, " "1, " "1, " "1, " "1, " "1, " "1, " "1, " "1, " "1, " "1, " "1, " "1, " "1, " "1, " "1, " "1, " "1, " "1, " "1, " "1, " "1, " "1, " "1, " "1, " "1, " "1, " "1, " "1, " "1, " "1, " "1, " "1, " "1, " "1, " "1, " "1, " "1, " "1, " "1, " "1, " "1, " "1, " "1, " "1, " "1, " "1, " "1, " "1, " "1, " "1, " "1, " "1, " "1, " "1, " "1, " "1, " "1, " "1, " "1, " "1, " "1, " "1, " "1, " "1, " "1, " "1, " "1, " "1, " "1, " "1, " "1, " "1, " "1, " "1, " "1, " "1, " "1, " "1, " "1, " "1, " "1, " "1, " "1, " "1, " "1, " "1, " "1, " "1, " "1, " "1, " "1, " "1, " "1, " "1, " "1, " "1, " "1, " "1, " "1, " "1, " "1, " "1, " "1, " "1, " "1, " "1, " "1, " "1, " "1, " "1, " "1, " "1, " "1, " "1, " "1, " "1, " "1, " "1, " "1, " "1, " "1, " "1, " "1, " "1, " "1, " "1, " "1, " "1, " "1, " "1, " "1, " "1, " "1, " "1, " "1, " "1, " "1, " "1, " "1, " "1, " "1, " "1, " "1, " "1, " "1, " "1, " "1, " "1, " "1, " "1, " "1, " "1, " "1, " "1, " "1, " "1, " "1, " "1, " "1, " "1, " "1, " "1, " "1, " "1, " "1, " "1, " "1, " "1, " "1, " "1, " "1, " "1, " "1, " "1, " "1, " "1, " "1, " "1, " "1, " "1, " "1, " "1, " "1, " "1, " "1, " "1, " "1, " "1, " "1, " "1, " "1, " "1, " "1, " "1, " "1, " "1, " "1, " "1, " "1, " "1, " "1, " "1, " "1, " "1, " "1, " "0, " "1, " "1, " "1, " "1, " "1, " "1, " "1, " "1, " "1, " "1, " "1, " "1, " "1, " "1, " "1, " "1, " "1, " "1, " "1, " "1, " "1, " "1, " "1, " "1, " "1, " "1, " "1, " "1, " "1, " "1, " "1, " "1, " "1, " "1, " "1, " "1, " "1, " "1, " "1, " "1, " "1, " "1, " "1, " "1, " "1, " "1, " "1, " "1, " "1, " "1, " "1, " "1, " "1, " "1, " "1, " "1, " "1, " "1, " "1, " "1, " "1, " "1, " "1, " "1, " "1, " "1, " "1, " "1, " "1, " "1, " "1, " "1, " "1, " "1, " "1, " "1, " "1, " "1, " "1, " "1, " "1, " "1, " "1, " "1, " "1, " "1, " "1, " "1, " "1, " "1, " "1, " "1, " "1, " "1, " "1, " "1, " "1, " "1, " "1, " "1, " "1, " "1, " "1, " "1, " "1, " "1, " "1, " "1, " "1, " "1, " "1, " "1, " "1, " "1, " "1, " "1, " "1, " "1, " "1, " "1, " "1, " "1, " "1, " "1, " "1, " "1, " "1, " "1, " "1, " "1, " "1, " "1, " "1, " "1, " "1, " "1, " "1, " "1, " "1, " "1, " "1, " "1, " "1, " "1, " "1, " "1, " "1, " "1, " "1, " "1, " "1, " "1, " "1, " "1, " "1, " "1, " "1, " "1, " "1, " "1, " "1, " "1, " "1, " "1, " "1, " "1, " "1, " "1, " "1, " "1, " "1, " "1, " "1, " "1, " "1, " "1, " "1, " "1, " "1, " "1, " "1, " "1, " "1, " "1, " "1, " "1, " "1, " "1, " "1, " "1, " "1, " "1, " "1, " "1, " "1, " "1, " "1, " "1, " "1, " "1, " "1, " "1, " "1, " "1, " "1, " "1, " "1, " "1, " "1, " "1, " "1, " "1, " "1, " "1, " "1, " "1, " "1, "0
 "Nei296, 0.387, " "-0.842, " "1, " "1, " "1, " "1, " "1, " "1, " "1, " "1, " "1, " "1, " "1, " "1, " "1, " "1, " "1, " "1, " "1, " "1, " "1, " "1, " "1, " "1, " "1, " "1, " "1, " "1, " "1, " "1, " "1, " "1, " "1, " "1, " "1, " "1, " "1, " "1, " "1, " "1, " "1, " "1, " "1, " "1, " "1, " "1, " "1, " "1, " "1, " "1, " "1, " "1, " "1, " "1, " "1, " "1, " "1, " "1, " "1, " "1, " "1, " "1, " "1, " "1, " "1, " "1, " "1, " "1, " "1, " "1, " "1, " "1, " "1, " "1, " "1, " "1, " "1, " "1, " "1, " "1, " "1, " "1, " "1, " "1, " "1, " "1, " "1, " "1, " "1, " "1, " "1, " "1, " "1, " "1, " "1, " "1, " "1, " "1, " "1, " "1, " "1, " "1, " "1, " "1, " "1, " "1, " "1, " "1, " "1, " "1, " "1, " "1, " "1, " "1, " "1, " "1, " "1, " "1, " "1, " "1, " "1, " "1, " "1, " "1, " "1, " "1, " "1, " "1, " "1, " "1, " "1, " "1, " "1, " "1, " "1, " "1, " "1, " "1, " "1, " "1, " "1, " "1, " "1, " "1, " "1, " "1, " "1, " "1, " "1, " "1, " "1, " "1, " "1, " "1, " "1, " "1, " "1, " "1, " "1, " "1, " "1, " "1, " "1, " "1, " "1, " "1, " "1, " "1, " "1, " "1, " "1, " "1, " "1, " "1, " "1, " "1, " "1, " "1, " "1, " "1, " "1, " "1, " "1, " "1, " "1, " "1, " "1, " "1, " "1, " "1, " "1, " "1, " "1, " "1, " "1, " "1, " "1, " "1, " "1, " "1, " "1, " "1, " "1, " "1, " "1, " "1, " "1, " "1, " "1, " "1, " "1, " "1, " "1, " "1, " "1, " "1, " "1, " "1, " "1, " "1, " "1, " "1, " "1, " "1, " "1, " "1, " "1, " "1, " "1, " "1, " "1, " "1, " "1, " "1, " "1, " "1, " "1, " "1, " "1, " "1, " "1, " "1, " "1, " "1, " "1, " "1, " "1, " "1, " "1, " "1, " "1, " "1, " "1, " "1, " "1, " "1, " "1, " "1, " "1, " "1, " "1, " "1, " "1, " "1, " "1, " "1, " "1, " "1, " "1, " "1, " "1, " "1, " "1, " "1, " "1, " "1, " "1, " "1, " "1, " "1, " "1, " "1, " "1, " "1, " "1, " "1, " "1, " "1, " "1, " "1, " "1, " "1, " "1, " "1, " "1, " "1, " "1, " "1, " "0, " "1, " "1, " "1, " "1, " "1, " "1, " "1, " "1, " "1, " "1, " "1, " "1, " "1, " "1, " "1, " "1, " "1, " "1, " "1, " "1, " "1, " "1, " "1, " "1, " "1, " "1, " "1, " "1, " "1, " "1, " "1, " "1, " "1, " "1, " "1, " "1, " "1, " "1, " "1, " "1, " "1, " "1, " "1, " "1, " "1, " "1, " "1, " "1, " "1, " "1, " "1, " "1, " "1, " "1, " "1, " "1, " "1, " "1, " "1, " "1, " "1, " "1, " "1, " "1, " "1, " "1, " "1, " "1, " "1, " "1, " "1, " "1, " "1, " "1, " "1, " "1, " "1, " "1, " "1, " "1, " "1, " "1, " "1, " "1, " "1, " "1, " "1, " "1, " "1, " "1, " "1, " "1, " "1, " "1, " "1, " "1, " "1, " "1, " "1, " "1, " "1, " "1, " "1, " "1, " "1, " "1, " "1, " "1, " "1, " "1, " "1, " "1, " "1, " "1, " "1, " "1, " "1, " "1, " "1, " "1, " "1, " "1, " "1, " "1, " "1, " "1, " "1, " "1, " "1, " "1, " "1, " "1, " "1, " "1, " "1, " "1, " "1, " "1, " "1, " "1, " "1, " "1, " "1, " "1, " "1, " "1, " "1, " "1, " "1, " "1, " "1, " "1, " "1, " "1, " "1, " "1, " "1, " "1, " "1, " "1, " "1, " "1, " "1, " "1, " "1, " "1, " "1, " "1, " "1, " "1, " "1, " "1, " "1, " "1, " "1, " "1, " "1, " "1, " "1, " "1, " "1, " "1, " "1, " "1, " "1, " "1, " "1, " "1, " "1, " "1, " "1, " "1, " "1, " "1, " "1, " "1, " "1, " "1, " "1, " "1, " "1, " "1, " "1, " "1, " "1, " "1, " "1, " "1, " "1, " "1, " "1, " "1, " "1, " "1, " "1, " "1, "0
 "Nei297, 0.248, " "0.112, " "1, " "1, " "1, " "1, " "1, " "1, " "1, " "1, " "1, " "1, " "1, " "1, " "1, " "1, " "1, " "1, " "1, " "1, " "1, " "1, " "1, " "1, " "1, " "1, " "1, " "1, " "1, " "1, " "1, " "1, " "1, " "1, " "1, " "1, " "1, " "1, " "1, " "1, " "1, " "1, " "1, " "1, " "1, " "1, " "1, " "1, " "1, " "1, " "1, " "1, " "1, " "1, " "1, " "1, " "1, " "1, " "1, " "1, " "1, " "1, " "1, " "1, " "1, " "1, " "1, " "1, " "1, " "1, " "1, " "1, " "1, " "1, " "1, " "1, " "1, " "1, " "1, " "1, " "1, " "1, " "1, " "1, " "1, " "1, " "1, " "1, " "1, " "1, " "1, " "1, " "1, " "1, " "1, " "1, " "1, " "1, " "1, " "1, " "1, " "1, " "1, " "1, " "1, " "1, " "1, " "1, " "1, " "1, " "1, " "1, " "1, " "1, " "1, " "1, " "1, " "1, " "1, " "1, " "1, " "1, " "1, " "1, " "1, " "1, " "1, " "1, " "1, " "1, " "1, " "1, " "1, " "1, " "1, " "1, " "1, " "1, " "1, " "1, " "1, " "1, " "1, " "1, " "1, " "1, " "1, " "1, " "1, " "1, " "1, " "1, " "1, " "1, " "1, " "1, " "1, " "1, " "1, " "1, " "1, " "1, " "1, " "1, " "1, " "1, " "1, " "1, " "1, " "1, " "1, " "1, " "1, " "1, " "1, " "1, " "1, " "1, " "1, " "1, " "1, " "1, " "1, " "1, " "1, " "1, " "1, " "1, " "1, " "1, " "1, " "1, " "1, " "1, " "1, " "1, " "1, " "1, " "1, " "1, " "1, " "1, " "1, " "1, " "1, " "1, " "1, " "1, " "1, " "1, " "1, " "1, " "1, " "1, " "1, " "1, " "1, " "1, " "1, " "1, " "1, " "1, " "1, " "1, " "1, " "1, " "1, " "1, " "1, " "1, " "1, " "1, " "1, " "1, " "1, " "1, " "1, " "1, " "1, " "1, " "1, " "1, " "1, " "1, " "1, " "1, " "1, " "1, " "1, " "1, " "1, " "1, " "1, " "1, " "1, " "1, " "1, " "1, " "1, " "1, " "1, " "1, " "1, " "1, " "1, " "1, " "1, " "1, " "1, " "1, " "1, " "1, " "1, " "1, " "1, " "1, " "1, " "1, " "1, " "1, " "1, " "1, " "1, " "1, " "1, " "1, " "1, " "1, " "1, " "1, " "1, " "1, " "1, " "1, " "1, " "1, " "1, " "1, " "1, " "0, " "1, " "1, " "1, " "1, " "1, " "1, " "1, " "1, " "1, " "1, " "1, " "1, " "1, " "1, " "1, " "1, " "1, " "1, " "1, " "1, " "1, " "1, " "1, " "1, " "1, " "1, " "1, " "1, " "1, " "1, " "1, " "1, " "1, " "1, " "1, " "1, " "1, " "1, " "1, " "1, " "1, " "1, " "1, " "1, " "1, " "1, " "1, " "1, " "1, " "1, " "1, " "1, " "1, " "1, " "1, " "1, " "1, " "1, " "1, " "1, " "1, " "1, " "1, " "1, " "1, " "1, " "1, " "1, " "1, " "1, " "1, " "1, " "1, " "1, " "1, " "1, " "1, " "1, " "1, " "1, " "1, " "1, " "1, " "1, " "1, " "1, " "1, " "1, " "1, " "1, " "1, " "1, " "1, " "1, " "1, " "1, " "1, " "1, " "1, " "1, " "1, " "1, " "1, " "1, " "1, " "1, " "1, " "1, " "1, " "1, " "1, " "1, " "1, " "1, " "1, " "1, " "1, " "1, " "1, " "1, " "1, " "1, " "1, " "1, " "1, " "1, " "1, " "1, " "1, " "1, " "1, " "1, " "1, " "1, " "1, " "1, " "1, " "1, " "1, " "1, " "1, " "1, " "1, " "1, " "1, " "1, " "1, " "1, " "1, " "1, " "1, " "1, " "1, " "1, " "1, " "1, " "1, " "1, " "1, " "1, " "1, " "1, " "1, " "1, " "1, " "1, " "1, " "1, " "1, " "1, " "1, " "1, " "1, " "1, " "1, " "1, " "1, " "1, " "1, " "1, " "1, " "1, " "1, " "1, " "1, " "1, " "1, " "1, " "1, " "1, " "1, " "1, " "1, " "1, " "1, " "1, " "1, " "1, " "1, " "1, " "1, " "1, " "1, " "1, " "1, " "1, " "1, " "1, " "1, " "1, " "1, " "1, " "1, " "1, " "1, "0
 "Nei298, 0.041, " "-0.494, " "1, " "1, " "1, " "1, " "1, " "1, " "1, " "1, " "1, " "1, " "1, " "1, " "1, " "1, " "1, " "1, " "1, " "1, " "1, " "1, " "1, " "1, " "1, " "1, " "1, " "1, " "1, " "1, " "1, " "1, " "1, " "1, " "1, " "1, " "1, " "1, " "1, " "1, " "1, " "1, " "1, " "1, " "1, " "1, " "1, " "1, " "1, " "1, " "1, " "1, " "1, " "1, " "1, " "1, " "1, " "1, " "1, " "1, " "1, " "1, " "1, " "1, " "1, " "1, " "1, " "1, " "1, " "1, " "1, " "1, " "1, " "1, " "1, " "1, " "1, " "1, " "1, " "1, " "1, " "1, " "1, " "1, " "1, " "1, " "1, " "1, " "1, " "1, " "1, " "1, " "1, " "1, " "1, " "1, " "1, " "1, " "1, " "1, " "1, " "1, " "1, " "1, " "1, " "1, " "1, " "1, " "1, " "1, " "1, " "1, " "1, " "1, " "1, " "1, " "1, " "1, " "1, " "1, " "1, " "1, " "1, " "1, " "1, " "1, " "1, " "1, " "1, " "1, " "1, " "1, " "1, " "1, " "1, " "1, " "1, " "1, " "1, " "1, " "1, " "1, " "1, " "1, " "1, " "1, " "1, " "1, " "1, " "1, " "1, " "1, " "1, " "1, " "1, " "1, " "1, " "1, " "1, " "1, " "1, " "1, " "1, " "1, " "1, " "1, " "1, " "1, " "1, " "1, " "1, " "1, " "1, " "1, " "1, " "1, " "1, " "1, " "1, " "1, " "1, " "1, " "1, " "1, " "1, " "1, " "1, " "1, " "1, " "1, " "1, " "1, " "1, " "1, " "1, " "1, " "1, " "1, " "1, " "1, " "1, " "1, " "1, " "1, " "1, " "1, " "1, " "1, " "1, " "1, " "1, " "1, " "1, " "1, " "1, " "1, " "1, " "1, " "1, " "1, " "1, " "1, " "1, " "1, " "1, " "1, " "1, " "1, " "1, " "1, " "1, " "1, " "1, " "1, " "1, " "1, " "1, " "1, " "1, " "1, " "1, " "1, " "1, " "1, " "1, " "1, " "1, " "1, " "1, " "1, " "1, " "1, " "1, " "1, " "1, " "1, " "1, " "1, " "1, " "1, " "1, " "1, " "1, " "1, " "1, " "1, " "1, " "1, " "1, " "1, " "1, " "1, " "1, " "1, " "1, " "1, " "1, " "1, " "1, " "1, " "1, " "1, " "1, " "1, " "1, " "1, " "1, " "1, " "1, " "1, " "1, " "1, " "1, " "1, " "1, " "1, " "1, " "1, " "1, " "1, " "0, " "1, " "1, " "1, " "1, " "1, " "1, " "1, " "1, " "1, " "1, " "1, " "1, " "1, " "1, " "1, " "1, " "1, " "1, " "1, " "1, " "1, " "1, " "1, " "1, " "1, " "1, " "1, " "1, " "1, " "1, " "1, " "1, " "1, " "1, " "1, " "1, " "1, " "1, " "1, " "1, " "1, " "1, " "1, " "1, " "1, " "1, " "1, " "1, " "1, " "1, " "1, " "1, " "1, " "1, " "1, " "1, " "1, " "1, " "1, " "1, " "1, " "1, " "1, " "1, " "1, " "1, " "1, " "1, " "1, " "1, " "1, " "1, " "1, " "1, " "1, " "1, " "1, " "1, " "1, " "1, " "1, " "1, " "1, " "1, " "1, " "1, " "1, " "1, " "1, " "1, " "1, " "1, " "1, " "1, " "1, " "1, " "1, " "1, " "1, " "1, " "1, " "1, " "1, " "1, " "1, " "1, " "1, " "1, " "1, " "1, " "1, " "1, " "1, " "1, " "1, " "1, " "1, " "1, " "1, " "1, " "1, " "1, " "1, " "1, " "1, " "1, " "1, " "1, " "1, " "1, " "1, " "1, " "1, " "1, " "1, " "1, " "1, " "1, " "1, " "1, " "1, " "1, " "1, " "1, " "1, " "1, " "1, " "1, " "1, " "1, " "1, " "1, " "1, " "1, " "1, " "1, " "1, " "1, " "1, " "1, " "1, " "1, " "1, " "1, " "1, " "1, " "1, " "1, " "1, " "1, " "1, " "1, " "1, " "1, " "1, " "1, " "1, " "1, " "1, " "1, " "1, " "1, " "1, " "1, " "1, " "1, " "1, " "1, " "1, " "1, " "1, " "1, " "1, " "1, " "1, " "1, " "1, " "1, " "1, " "1, " "1, " "1, " "1, " "1, " "1, " "1, " "1, " "1, " "1, " "1, " "1, " "1, " "1, " "1, "0
 "Nei299, 0.156, " "-0.295, " "1, " "1, " "1, " "1, " "1, " "1, " "1, " "1, " "1, " "1, " "1, " "1, " "1, " "1, " "1, " "1, " "1, " "1, " "1, " "1, " "1, " "1, " "1, " "1, " "1, " "1, " "1, " "1, " "1, " "1, " "1, " "1, " "1, " "1, " "1, " "1, " "1, " "1, " "1, " "1, " "1, " "1, " "1, " "1, " "1, " "1, " "1, " "1, " "1, " "1, " "1, " "1, " "1, " "1, " "1, " "1, " "1, " "1, " "1, " "1, " "1, " "1, " "1, " "1, " "1, " "1, " "1, " "1, " "1, " "1, " "1, " "1, " "1, " "1, " "1, " "1, " "1, " "1, " "1, " "1, " "1, " "1, " "1, " "1, " "1, " "1, " "1, " "1, " "1, " "1, " "1, " "1, " "1, " "1, " "1, " "1, " "1, " "1, " "1, " "1, " "1, " "1, " "1, " "1, " "1, " "1, " "1, " "1, " "1, " "1, " "1, " "1, " "1, " "1, " "1, " "1, " "1, " "1, " "1, " "1, " "1, " "1, " "1, " "1, " "1, " "1, " "1, " "1, " "1, " "1, " "1, " "1, " "1, " "1, " "1, " "1, " "1, " "1, " "1, " "1, " "1, " "1, " "1, " "1, " "1, " "1, " "1, " "1, " "1, " "1, " "1, " "1, " "1, " "1, " "1, " "1, " "1, " "1, " "1, " "1, " "1, " "1, " "1, " "1, " "1, " "1, " "1, " "1, " "1, " "1, " "1, " "1, " "1, " "1, " "1, " "1, " "1, " "1, " "1, " "1, " "1, " "1, " "1, " "1, " "1, " "1, " "1, " "1, " "1, " "1, " "1, " "1, " "1, " "1, " "1, " "1, " "1, " "1, " "1, " "1, " "1, " "1, " "1, " "1, " "1, " "1, " "1, " "1, " "1, " "1, " "1, " "1, " "1, " "1, " "1, " "1, " "1, " "1, " "1, " "1, " "1, " "1, " "1, " "1, " "1, " "1, " "1, " "1, " "1, " "1, " "1, " "1, " "1, " "1, " "1, " "1, " "1, " "1, " "1, " "1, " "1, " "1, " "1, " "1, " "1, " "1, " "1, " "1, " "1, " "1, " "1, " "1, " "1, " "1, " "1, " "1, " "1, " "1, " "1, " "1, " "1, " "1, " "1, " "1, " "1, " "1, " "1, " "1, " "1, " "1, " "1, " "1, " "1, " "1, " "1, " "1, " "1, " "1, " "1, " "1, " "1, " "1, " "1, " "1, " "1, " "1, " "1, " "1, " "1, " "1, " "1, " "1, " "1, " "1, " "1, " "1, " "1, " "1, " "1, " "0, " "1, " "1, " "1, " "1, " "1, " "1, " "1, " "1, " "1, " "1, " "1, " "1, " "1, " "1, " "1, " "1, " "1, " "1, " "1, " "1, " "1, " "1, " "1, " "1, " "1, " "1, " "1, " "1, " "1, " "1, " "1, " "1, " "1, " "1, " "1, " "1, " "1, " "1, " "1, " "1, " "1, " "1, " "1, " "1, " "1, " "1, " "1, " "1, " "1, " "1, " "1, " "1, " "1, " "1, " "1, " "1, " "1, " "1, " "1, " "1, " "1, " "1, " "1, " "1, " "1, " "1, " "1, " "1, " "1, " "1, " "1, " "1, " "1, " "1, " "1, " "1, " "1, " "1, " "1, " "1, " "1, " "1, " "1, " "1, " "1, " "1, " "1, " "1, " "1, " "1, " "1, " "1, " "1, " "1, " "1, " "1, " "1, " "1, " "1, " "1, " "1, " "1, " "1, " "1, " "1, " "1, " "1, " "1, " "1, " "1, " "1, " "1, " "1, " "1, " "1, " "1, " "1, " "1, " "1, " "1, " "1, " "1, " "1, " "1, " "1, " "1, " "1, " "1, " "1, " "1, " "1, " "1, " "1, " "1, " "1, " "1, " "1, " "1, " "1, " "1, " "1, " "1, " "1, " "1, " "1, " "1, " "1, " "1, " "1, " "1, " "1, " "1, " "1, " "1, " "1, " "1, " "1, " "1, " "1, " "1, " "1, " "1, " "1, " "1, " "1, " "1, " "1, " "1, " "1, " "1, " "1, " "1, " "1, " "1, " "1, " "1, " "1, " "1, " "1, " "1, " "1, " "1, " "1, " "1, " "1, " "1, " "1, " "1, " "1, " "1, " "1, " "1, " "1, " "1, " "1, " "1, " "1, " "1, " "1, " "1, " "1, " "1, " "1, " "1, " "1, " "1, " "1, " "1, " "1, " "1, " "1, " "1, " "1, "0
 "Nei300, 0.332, " "0.793, " "1, " "1, " "1, " "1, " "1, " "1, " "1, " "1, " "1, " "1, " "1, " "1, " "1, " "1, " "1, " "1, " "1, " "1, " "1, " "1, " "1, " "1, " "1, " "1, " "1, " "1, " "1, " "1, " "1, " "1, " "1, " "1, " "1, " "1, " "1, " "1, " "1, " "1, " "1, " "1, " "1, " "1, " "1, " "1, " "1, " "1, " "1, " "1, " "1, " "1, " "1, " "1, " "1, " "1, " "1, " "1, " "1, " "1, " "1, " "1, " "1, " "1, " "1, " "1, " "1, " "1, " "1, " "1, " "1, " "1, " "1, " "1, " "1, " "1, " "1, " "1, " "1, " "1, " "1, " "1, " "1, " "1, " "1, " "1, " "1, " "1, " "1, " "1, " "1, " "1, " "1, " "1, " "1, " "1, " "1, " "1, " "1, " "1, " "1, " "1, " "1, " "1, " "1, " "1, " "1, " "1, " "1, " "1, " "1, " "1, " "1, " "1, " "1, " "1, " "1, " "1, " "1, " "1, " "1, " "1, " "1, " "1, " "1, " "1, " "1, " "1, " "1, " "1, " "1, " "1, " "1, " "1, " "1, " "1, " "1, " "1, " "1, " "1, " "1, " "1, " "1, " "1, " "1, " "1, " "1, " "1, " "1, " "1, " "1, " "1, " "1, " "1, " "1, " "1, " "1, " "1, " "1, " "1, " "1, " "1, " "1, " "1, " "1, " "1, " "1, " "1, " "1, " "1, " "1, " "1, " "1, " "1, " "1, " "1, " "1, " "1, " "1, " "1, " "1, " "1, " "1, " "1, " "1, " "1, " "1, " "1, " "1, " "1, " "1, " "1, " "1, " "1, " "1, " "1, " "1, " "1, " "1, " "1, " "1, " "1, " "1, " "1, " "1, " "1, " "1, " "1, " "1, " "1, " "1, " "1, " "1, " "1, " "1, " "1, " "1, " "1, " "1, " "1, " "1, " "1, " "1, " "1, " "1, " "1, " "1, " "1, " "1, " "1, " "1, " "1, " "1, " "1, " "1, " "1, " "1, " "1, " "1, " "1, " "1, " "1, " "1, " "1, " "1, " "1, " "1, " "1, " "1, " "1, " "1, " "1, " "1, " "1, " "1, " "1, " "1, " "1, " "1, " "1, " "1, " "1, " "1, " "1, " "1, " "1, " "1, " "1, " "1, " "1, " "1, " "1, " "1, " "1, " "1, " "1, " "1, " "1, " "1, " "1, " "1, " "1, " "1, " "1, " "1, " "1, " "1, " "1, " "1, " "1, " "1, " "1, " "1, " "1, " "1, " "1, " "1, " "1, " "1, " "1, " "1, " "1, " "0, " "1, " "1, " "1, " "1, " "1, " "1, " "1, " "1, " "1, " "1, " "1, " "1, " "1, " "1, " "1, " "1, " "1, " "1, " "1, " "1, " "1, " "1, " "1, " "1, " "1, " "1, " "1, " "1, " "1, " "1, " "1, " "1, " "1, " "1, " "1, " "1, " "1, " "1, " "1, " "1, " "1, " "1, " "1, " "1, " "1, " "1, " "1, " "1, " "1, " "1, " "1, " "1, " "1, " "1, " "1, " "1, " "1, " "1, " "1, " "1, " "1, " "1, " "1, " "1, " "1, " "1, " "1, " "1, " "1, " "1, " "1, " "1, " "1, " "1, " "1, " "1, " "1, " "1, " "1, " "1, " "1, " "1, " "1, " "1, " "1, " "1, " "1, " "1, " "1, " "1, " "1, " "1, " "1, " "1, " "1, " "1, " "1, " "1, " "1, " "1, " "1, " "1, " "1, " "1, " "1, " "1, " "1, " "1, " "1, " "1, " "1, " "1, " "1, " "1, " "1, " "1, " "1, " "1, " "1, " "1, " "1, " "1, " "1, " "1, " "1, " "1, " "1, " "1, " "1, " "1, " "1, " "1, " "1, " "1, " "1, " "1, " "1, " "1, " "1, " "1, " "1, " "1, " "1, " "1, " "1, " "1, " "1, " "1, " "1, " "1, " "1, " "1, " "1, " "1, " "1, " "1, " "1, " "1, " "1, " "1, " "1, " "1, " "1, " "1, " "1, " "1, " "1, " "1, " "1, " "1, " "1, " "1, " "1, " "1, " "1, " "1, " "1, " "1, " "1, " "1, " "1, " "1, " "1, " "1, " "1, " "1, " "1, " "1, " "1, " "1, " "1, " "1, " "1, " "1, " "1, " "1, " "1, " "1, " "1, " "1, " "1, " "1, " "1, " "1, " "1, " "1, " "1, " "1, " "1, " "1, " "1, " "1, "0
 "Nei301, 0.139, " "-0.923, " "1, " "1, " "1, " "1, " "1, " "1, " "1, " "1, " "1, " "1, " "1, " "1, " "1, " "1, " "1, " "1, " "1, " "1, " "1, " "1, " "1, " "1, " "1, " "1, " "1, " "1, " "1, " "1, " "1, " "1, " "1, " "1, " "1, " "1, " "1, " "1, " "1, " "1, " "1, " "1, " "1, " "1, " "1, " "1, " "1, " "1, " "1, " "1, " "1, " "1, " "1, " "1, " "1, " "1, " "1, " "1, " "1, " "1, " "1, " "1, " "1, " "1, " "1, " "1, " "1, " "1, " "1, " "1, " "1, " "1, " "1, " "1, " "1, " "1, " "1, " "1, " "1, " "1, " "1, " "1, " "1, " "1, " "1, " "1, " "1, " "1, " "1, " "1, " "1, " "1, " "1, " "1, " "1, " "1, " "1, " "1, " "1, " "1, " "1, " "1, " "1, " "1, " "1, " "1, " "1, " "1, " "1, " "1, " "1, " "1, " "1, " "1, " "1, " "1, " "1, " "1, " "1, " "1, " "1, " "1, " "1, " "1, " "1, " "1, " "1, " "1, " "1, " "1, " "1, " "1, " "1, " "1, " "1, " "1, " "1, " "1, " "1, " "1, " "1, " "1, " "1, " "1, " "1, " "1, " "1, " "1, " "1, " "1, " "1, " "1, " "1, " "1, " "1, " "1, " "1, " "1, " "1, " "1, " "1, " "1, " "1, " "1, " "1, " "1, " "1, " "1, " "1, " "1, " "1, " "1, " "1, " "1, " "1, " "1, " "1, " "1, " "1, " "1, " "1, " "1, " "1, " "1, " "1, " "1, " "1, " "1, " "1, " "1, " "1, " "1, " "1, " "1, " "1, " "1, " "1, " "1, " "1, " "1, " "1, " "1, " "1, " "1, " "1, " "1, " "1, " "1, " "1, " "1, " "1, " "1, " "1, " "1, " "1, " "1, " "1, " "1, " "1, " "1, " "1, " "1, " "1, " "1, " "1, " "1, " "1, " "1, " "1, " "1, " "1, " "1, " "1, " "1, " "1, " "1, " "1, " "1, " "1, " "1, " "1, " "1, " "1, " "1, " "1, " "1, " "1, " "1, " "1, " "1, " "1, " "1, " "1, " "1, " "1, " "1, " "1, " "1, " "1, " "1, " "1, " "1, " "1, " "1, " "1, " "1, " "1, " "1, " "1, " "1, " "1, " "1, " "1, " "1, " "1, " "1, " "1, " "1, " "1, " "1, " "1, " "1, " "1, " "1, " "1, " "1, " "1, " "1, " "1, " "1, " "1, " "1, " "1, " "1, " "1, " "1, " "1, " "1, " "1, " "1, " "1, " "1, " "1, " "0, " "1, " "1, " "1, " "1, " "1, " "1, " "1, " "1, " "1, " "1, " "1, " "1, " "1, " "1, " "1, " "1, " "1, " "1, " "1, " "1, " "1, " "1, " "1, " "1, " "1, " "1, " "1, " "1, " "1, " "1, " "1, " "1, " "1, " "1, " "1, " "1, " "1, " "1, " "1, " "1, " "1, " "1, " "1, " "1, " "1, " "1, " "1, " "1, " "1, " "1, " "1, " "1, " "1, " "1, " "1, " "1, " "1, " "1, " "1, " "1, " "1, " "1, " "1, " "1, " "1, " "1, " "1, " "1, " "1, " "1, " "1, " "1, " "1, " "1, " "1, " "1, " "1, " "1, " "1, " "1, " "1, " "1, " "1, " "1, " "1, " "1, " "1, " "1, " "1, " "1, " "1, " "1, " "1, " "1, " "1, " "1, " "1, " "1, " "1, " "1, " "1, " "1, " "1, " "1, " "1, " "1, " "1, " "1, " "1, " "1, " "1, " "1, " "1, " "1, " "1, " "1, " "1, " "1, " "1, " "1, " "1, " "1, " "1, " "1, " "1, " "1, " "1, " "1, " "1, " "1, " "1, " "1, " "1, " "1, " "1, " "1, " "1, " "1, " "1, " "1, " "1, " "1, " "1, " "1, " "1, " "1, " "1, " "1, " "1, " "1, " "1, " "1, " "1, " "1, " "1, " "1, " "1, " "1, " "1, " "1, " "1, " "1, " "1, " "1, " "1, " "1, " "1, " "1, " "1, " "1, " "1, " "1, " "1, " "1, " "1, " "1, " "1, " "1, " "1, " "1, " "1, " "1, " "1, " "1, " "1, " "1, " "1, " "1, " "1, " "1, " "1, " "1, " "1, " "1, " "1, " "1, " "1, " "1, " "1, " "1, " "1, " "1, " "1, " "1, " "1, " "1, " "1, " "1, " "1, " "1, " "1, "0
 "Nei302, 0.004, " "0.676, " "1, " "1, " "1, " "1, " "1, " "1, " "1, " "1, " "1, " "1, " "1, " "1, " "1, " "1, " "1, " "1, " "1, " "1, " "1, " "1, " "1, " "1, " "1, " "1, " "1, " "1, " "1, " "1, " "1, " "1, " "1, " "1, " "1, " "1, " "1, " "1, " "1, " "1, " "1, " "1, " "1, " "1, " "1, " "1, " "1, " "1, " "1, " "1, " "1, " "1, " "1, " "1, " "1, " "1, " "1, " "1, " "1, " "1, " "1, " "1, " "1, " "1, " "1, " "1, " "1, " "1, " "1, " "1, " "1, " "1, " "1, " "1, " "1, " "1, " "1, " "1, " "1, " "1, " "1, " "1, " "1, " "1, " "1, " "1, " "1, " "1, " "1, " "1, " "1, " "1, " "1, " "1, " "1, " "1, " "1, " "1, " "1, " "1, " "1, " "1, " "1, " "1, " "1, " "1, " "1, " "1, " "1, " "1, " "1, " "1, " "1, " "1, " "1, " "1, " "1, " "1, " "1, " "1, " "1, " "1, " "1, " "1, " "1, " "1, " "1, " "1, " "1, " "1, " "1, " "1, " "1, " "1, " "1, " "1, " "1, " "1, " "1, " "1, " "1, " "1, " "1, " "1, " "1, " "1, " "1, " "1, " "1, " "1, " "1, " "1, " "1, " "1, " "1, " "1, " "1, " "1, " "1, " "1, " "1, " "1, " "1, " "1, " "1, " "1, " "1, " "1, " "1, " "1, " "1, " "1, " "1, " "1, " "1, " "1, " "1, " "1, " "1, " "1, " "1, " "1, " "1, " "1, " "1, " "1, " "1, " "1, " "1, " "1, " "1, " "1, " "1, " "1, " "1, " "1, " "1, " "1, " "1, " "1, " "1, " "1, " "1, " "1, " "1, " "1, " "1, " "1, " "1, " "1, " "1, " "1, " "1, " "1, " "1, " "1, " "1, " "1, " "1, " "1, " "1, " "1, " "1, " "1, " "1, " "1, " "1, " "1, " "1, " "1, " "1, " "1, " "1, " "1, " "1, " "1, " "1, " "1, " "1, " "1, " "1, " "1, " "1, " "1, " "1, " "1, " "1, " "1, " "1, " "1, " "1, " "1, " "1, " "1, " "1, " "1, " "1, " "1, " "1, " "1, " "1, " "1, " "1, " "1, " "1, " "1, " "1, " "1, " "1, " "1, " "1, " "1, " "1, " "1, " "1, " "1, " "1, " "1, " "1, " "1, " "1, " "1, " "1, " "1, " "1, " "1, " "1, " "1, " "1, " "1, " "1, " "1, " "1, " "1, " "1, " "1, " "1, " "1, " "1, " "1, " "1, " "1, " "1, " "1, " "0, " "1, " "1, " "1, " "1, " "1, " "1, " "1, " "1, " "1, " "1, " "1, " "1, " "1, " "1, " "1, " "1, " "1, " "1, " "1, " "1, " "1, " "1, " "1, " "1, " "1, " "1, " "1, " "1, " "1, " "1, " "1, " "1, " "1, " "1, " "1, " "1, " "1, " "1, " "1, " "1, " "1, " "1, " "1, " "1, " "1, " "1, " "1, " "1, " "1, " "1, " "1, " "1, " "1, " "1, " "1, " "1, " "1, " "1, " "1, " "1, " "1, " "1, " "1, " "1, " "1, " "1, " "1, " "1, " "1, " "1, " "1, " "1, " "1, " "1, " "1, " "1, " "1, " "1, " "1, " "1, " "1, " "1, " "1, " "1, " "1, " "1, " "1, " "1, " "1, " "1, " "1, " "1, " "1, " "1, " "1, " "1, " "1, " "1, " "1, " "1, " "1, " "1, " "1, " "1, " "1, " "1, " "1, " "1, " "1, " "1, " "1, " "1, " "1, " "1, " "1, " "1, " "1, " "1, " "1, " "1, " "1, " "1, " "1, " "1, " "1, " "1, " "1, " "1, " "1, " "1, " "1, " "1, " "1, " "1, " "1, " "1, " "1, " "1, " "1, " "1, " "1, " "1, " "1, " "1, " "1, " "1, " "1, " "1, " "1, " "1, " "1, " "1, " "1, " "1, " "1, " "1, " "1, " "1, " "1, " "1, " "1, " "1, " "1, " "1, " "1, " "1, " "1, " "1, " "1, " "1, " "1, " "1, " "1, " "1, " "1, " "1, " "1, " "1, " "1, " "1, " "1, " "1, " "1, " "1, " "1, " "1, " "1, " "1, " "1, " "1, " "1, " "1, " "1, " "1, " "1, " "1, " "1, " "1, " "1, " "1, " "1, " "1, " "1, " "1, " "1, " "1, " "1, " "1, " "1, " "1, "0
 "Nei303, 0.163, " "0.172, " "1, " "1, " "1, " "1, " "1, " "1, " "1, " "1, " "1, " "1, " "1, " "1, " "1, " "1, " "1, " "1, " "1, " "1, " "1, " "1, " "1, " "1, " "1, " "1, " "1, " "1, " "1, " "1, " "1, " "1, " "1, " "1, " "1, " "1, " "1, " "1, " "1, " "1, " "1, " "1, " "1, " "1, " "1, " "1, " "1, " "1, " "1, " "1, " "1, " "1, " "1, " "1, " "1, " "1, " "1, " "1, " "1, " "1, " "1, " "1, " "1, " "1, " "1, " "1, " "1, " "1, " "1, " "1, " "1, " "1, " "1, " "1, " "1, " "1, " "1, " "1, " "1, " "1, " "1, " "1, " "1, " "1, " "1, " "1, " "1, " "1, " "1, " "1, " "1, " "1, " "1, " "1, " "1, " "1, " "1, " "1, " "1, " "1, " "1, " "1, " "1, " "1, " "1, " "1, " "1, " "1, " "1, " "1, " "1, " "1, " "1, " "1, " "1, " "1, " "1, " "1, " "1, " "1, " "1, " "1, " "1, " "1, " "1, " "1, " "1, " "1, " "1, " "1, " "1, " "1, " "1, " "1, " "1, " "1, " "1, " "1, " "1, " "1, " "1, " "1, " "1, " "1, " "1, " "1, " "1, " "1, " "1, " "1, " "1, " "1, " "1, " "1, " "1, " "1, " "1, " "1, " "1, " "1, " "1, " "1, " "1, " "1, " "1, " "1, " "1, " "1, " "1, " "1, " "1, " "1, " "1, " "1, " "1, " "1, " "1, " "1, " "1, " "1, " "1, " "1, " "1, " "1, " "1, " "1, " "1, " "1, " "1, " "1, " "1, " "1, " "1, " "1, " "1, " "1, " "1, " "1, " "1, " "1, " "1, " "1, " "1, " "1, " "1, " "1, " "1, " "1, " "1, " "1, " "1, " "1, " "1, " "1, " "1, " "1, " "1, " "1, " "1, " "1, " "1, " "1, " "1, " "1, " "1, " "1, " "1, " "1, " "1, " "1, " "1, " "1, " "1, " "1, " "1, " "1, " "1, " "1, " "1, " "1, " "1, " "1, " "1, " "1, " "1, " "1, " "1, " "1, " "1, " "1, " "1, " "1, " "1, " "1, " "1, " "1, " "1, " "1, " "1, " "1, " "1, " "1, " "1, " "1, " "1, " "1, " "1, " "1, " "1, " "1, " "1, " "1, " "1, " "1, " "1, " "1, " "1, " "1, " "1, " "1, " "1, " "1, " "1, " "1, " "1, " "1, " "1, " "1, " "1, " "1, " "1, " "1, " "1, " "1, " "1, " "1, " "1, " "1, " "1, " "1, " "1, " "1, " "1, " "1, " "1, " "0, " "1, " "1, " "1, " "1, " "1, " "1, " "1, " "1, " "1, " "1, " "1, " "1, " "1, " "1, " "1, " "1, " "1, " "1, " "1, " "1, " "1, " "1, " "1, " "1, " "1, " "1, " "1, " "1, " "1, " "1, " "1, " "1, " "1, " "1, " "1, " "1, " "1, " "1, " "1, " "1, " "1, " "1, " "1, " "1, " "1, " "1, " "1, " "1, " "1, " "1, " "1, " "1, " "1, " "1, " "1, " "1, " "1, " "1, " "1, " "1, " "1, " "1, " "1, " "1, " "1, " "1, " "1, " "1, " "1, " "1, " "1, " "1, " "1, " "1, " "1, " "1, " "1, " "1, " "1, " "1, " "1, " "1, " "1, " "1, " "1, " "1, " "1, " "1, " "1, " "1, " "1, " "1, " "1, " "1, " "1, " "1, " "1, " "1, " "1, " "1, " "1, " "1, " "1, " "1, " "1, " "1, " "1, " "1, " "1, " "1, " "1, " "1, " "1, " "1, " "1, " "1, " "1, " "1, " "1, " "1, " "1, " "1, " "1, " "1, " "1, " "1, " "1, " "1, " "1, " "1, " "1, " "1, " "1, " "1, " "1, " "1, " "1, " "1, " "1, " "1, " "1, " "1, " "1, " "1, " "1, " "1, " "1, " "1, " "1, " "1, " "1, " "1, " "1, " "1, " "1, " "1, " "1, " "1, " "1, " "1, " "1, " "1, " "1, " "1, " "1, " "1, " "1, " "1, " "1, " "1, " "1, " "1, " "1, " "1, " "1, " "1, " "1, " "1, " "1, " "1, " "1, " "1, " "1, " "1, " "1, " "1, " "1, " "1, " "1, " "1, " "1, " "1, " "1, " "1, " "1, " "1, " "1, " "1, " "1, " "1, " "1, " "1, " "1, " "1, " "1, " "1, " "1, " "1, " "1, "0
 "Nei304, 0.041, " "0.673, " "1, " "1, " "1, " "1, " "1, " "1, " "1, " "1, " "1, " "1, " "1, " "1, " "1, " "1, " "1, " "1, " "1, " "1, " "1, " "1, " "1, " "1, " "1, " "1, " "1, " "1, " "1, " "1, " "1, " "1, " "1, " "1, " "1, " "1, " "1, " "1, " "1, " "1, " "1, " "1, " "1, " "1, " "1, " "1, " "1, " "1, " "1, " "1, " "1, " "1, " "1, " "1, " "1, " "1, " "1, " "1, " "1, " "1, " "1, " "1, " "1, " "1, " "1, " "1, " "1, " "1, " "1, " "1, " "1, " "1, " "1, " "1, " "1, " "1, " "1, " "1, " "1, " "1, " "1, " "1, " "1, " "1, " "1, " "1, " "1, " "1, " "1, " "1, " "1, " "1, " "1, " "1, " "1, " "1, " "1, " "1, " "1, " "1, " "1, " "1, " "1, " "1, " "1, " "1, " "1, " "1, " "1, " "1, " "1, " "1, " "1, " "1, " "1, " "1, " "1, " "1, " "1, " "1, " "1, " "1, " "1, " "1, " "1, " "1, " "1, " "1, " "1, " "1, " "1, " "1, " "1, " "1, " "1, " "1, " "1, " "1, " "1, " "1, " "1, " "1, " "1, " "1, " "1, " "1, " "1, " "1, " "1, " "1, " "1, " "1, " "1, " "1, " "1, " "1, " "1, " "1, " "1, " "1, " "1, " "1, " "1, " "1, " "1, " "1, " "1, " "1, " "1, " "1, " "1, " "1, " "1, " "1, " "1, " "1, " "1, " "1, " "1, " "1, " "1, " "1, " "1, " "1, " "1, " "1, " "1, " "1, " "1, " "1, " "1, " "1, " "1, " "1, " "1, " "1, " "1, " "1, " "1, " "1, " "1, " "1, " "1, " "1, " "1, " "1, " "1, " "1, " "1, " "1, " "1, " "1, " "1, " "1, " "1, " "1, " "1, " "1, " "1, " "1, " "1, " "1, " "1, " "1, " "1, " "1, " "1, " "1, " "1, " "1, " "1, " "1, " "1, " "1, " "1, " "1, " "1, " "1, " "1, " "1, " "1, " "1, " "1, " "1, " "1, " "1, " "1, " "1, " "1, " "1, " "1, " "1, " "1, " "1, " "1, " "1, " "1, " "1, " "1, " "1, " "1, " "1, " "1, " "1, " "1, " "1, " "1, " "1, " "1, " "1, " "1, " "1, " "1, " "1, " "1, " "1, " "1, " "1, " "1, " "1, " "1, " "1, " "1, " "1, " "1, " "1, " "1, " "1, " "1, " "1, " "1, " "1, " "1, " "1, " "1, " "1, " "1, " "1, " "1, " "1, " "1, " "1, " "1, " "1, " "1, " "1, " "0, " "1, " "1, " "1, " "1, " "1, " "1, " "1, " "1, " "1, " "1, " "1, " "1, " "1, " "1, " "1, " "1, " "1, " "1, " "1, " "1, " "1, " "1, " "1, " "1, " "1, " "1, " "1, " "1, " "1, " "1, " "1, " "1, " "1, " "1, " "1, " "1, " "1, " "1, " "1, " "1, " "1, " "1, " "1, " "1, " "1, " "1, " "1, " "1, " "1, " "1, " "1, " "1, " "1, " "1, " "1, " "1, " "1, " "1, " "1, " "1, " "1, " "1, " "1, " "1, " "1, " "1, " "1, " "1, " "1, " "1, " "1, " "1, " "1, " "1, " "1, " "1, " "1, " "1, " "1, " "1, " "1, " "1, " "1, " "1, " "1, " "1, " "1, " "1, " "1, " "1, " "1, " "1, " "1, " "1, " "1, " "1, " "1, " "1, " "1, " "1, " "1, " "1, " "1, " "1, " "1, " "1, " "1, " "1, " "1, " "1, " "1, " "1, " "1, " "1, " "1, " "1, " "1, " "1, " "1, " "1, " "1, " "1, " "1, " "1, " "1, " "1, " "1, " "1, " "1, " "1, " "1, " "1, " "1, " "1, " "1, " "1, " "1, " "1, " "1, " "1, " "1, " "1, " "1, " "1, " "1, " "1, " "1, " "1, " "1, " "1, " "1, " "1, " "1, " "1, " "1, " "1, " "1, " "1, " "1, " "1, " "1, " "1, " "1, " "1, " "1, " "1, " "1, " "1, " "1, " "1, " "1, " "1, " "1, " "1, " "1, " "1, " "1, " "1, " "1, " "1, " "1, " "1, " "1, " "1, " "1, " "1, " "1, " "1, " "1, " "1, " "1, " "1, " "1, " "1, " "1, " "1, " "1, " "1, " "1, " "1, " "1, " "1, " "1, " "1, " "1, " "1, " "1, " "1, "0
 "Nei305, 0.298, " "0.327, " "1, " "1, " "1, " "1, " "1, " "1, " "1, " "1, " "1, " "1, " "1, " "1, " "1, " "1, " "1, " "1, " "1, " "1, " "1, " "1, " "1, " "1, " "1, " "1, " "1, " "1, " "1, " "1, " "1, " "1, " "1, " "1, " "1, " "1, " "1, " "1, " "1, " "1, " "1, " "1, " "1, " "1, " "1, " "1, " "1, " "1, " "1, " "1, " "1, " "1, " "1, " "1, " "1, " "1, " "1, " "1, " "1, " "1, " "1, " "1, " "1, " "1, " "1, " "1, " "1, " "1, " "1, " "1, " "1, " "1, " "1, " "1, " "1, " "1, " "1, " "1, " "1, " "1, " "1, " "1, " "1, " "1, " "1, " "1, " "1, " "1, " "1, " "1, " "1, " "1, " "1, " "1, " "1, " "1, " "1, " "1, " "1, " "1, " "1, " "1, " "1, " "1, " "1, " "1, " "1, " "1, " "1, " "1, " "1, " "1, " "1, " "1, " "1, " "1, " "1, " "1, " "1, " "1, " "1, " "1, " "1, " "1, " "1, " "1, " "1, " "1, " "1, " "1, " "1, " "1, " "1, " "1, " "1, " "1, " "1, " "1, " "1, " "1, " "1, " "1, " "1, " "1, " "1, " "1, " "1, " "1, " "1, " "1, " "1, " "1, " "1, " "1, " "1, " "1, " "1, " "1, " "1, " "1, " "1, " "1, " "1, " "1, " "1, " "1, " "1, " "1, " "1, " "1, " "1, " "1, " "1, " "1, " "1, " "1, " "1, " "1, " "1, " "1, " "1, " "1, " "1, " "1, " "1, " "1, " "1, " "1, " "1, " "1, " "1, " "1, " "1, " "1, " "1, " "1, " "1, " "1, " "1, " "1, " "1, " "1, " "1, " "1, " "1, " "1, " "1, " "1, " "1, " "1, " "1, " "1, " "1, " "1, " "1, " "1, " "1, " "1, " "1, " "1, " "1, " "1, " "1, " "1, " "1, " "1, " "1, " "1, " "1, " "1, " "1, " "1, " "1, " "1, " "1, " "1, " "1, " "1, " "1, " "1, " "1, " "1, " "1, " "1, " "1, " "1, " "1, " "1, " "1, " "1, " "1, " "1, " "1, " "1, " "1, " "1, " "1, " "1, " "1, " "1, " "1, " "1, " "1, " "1, " "1, " "1, " "1, " "1, " "1, " "1, " "1, " "1, " "1, " "1, " "1, " "1, " "1, " "1, " "1, " "1, " "1, " "1, " "1, " "1, " "1, " "1, " "1, " "1, " "1, " "1, " "1, " "1, " "1, " "1, " "1, " "1, " "1, " "1, " "1, " "1, " "1, " "1, " "1, " "1, " "1, " "1, " "1, " "0, " "1, " "1, " "1, " "1, " "1, " "1, " "1, " "1, " "1, " "1, " "1, " "1, " "1, " "1, " "1, " "1, " "1, " "1, " "1, " "1, " "1, " "1, " "1, " "1, " "1, " "1, " "1, " "1, " "1, " "1, " "1, " "1, " "1, " "1, " "1, " "1, " "1, " "1, " "1, " "1, " "1, " "1, " "1, " "1, " "1, " "1, " "1, " "1, " "1, " "1, " "1, " "1, " "1, " "1, " "1, " "1, " "1, " "1, " "1, " "1, " "1, " "1, " "1, " "1, " "1, " "1, " "1, " "1, " "1, " "1, " "1, " "1, " "1, " "1, " "1, " "1, " "1, " "1, " "1, " "1, " "1, " "1, " "1, " "1, " "1, " "1, " "1, " "1, " "1, " "1, " "1, " "1, " "1, " "1, " "1, " "1, " "1, " "1, " "1, " "1, " "1, " "1, " "1, " "1, " "1, " "1, " "1, " "1, " "1, " "1, " "1, " "1, " "1, " "1, " "1, " "1, " "1, " "1, " "1, " "1, " "1, " "1, " "1, " "1, " "1, " "1, " "1, " "1, " "1, " "1, " "1, " "1, " "1, " "1, " "1, " "1, " "1, " "1, " "1, " "1, " "1, " "1, " "1, " "1, " "1, " "1, " "1, " "1, " "1, " "1, " "1, " "1, " "1, " "1, " "1, " "1, " "1, " "1, " "1, " "1, " "1, " "1, " "1, " "1, " "1, " "1, " "1, " "1, " "1, " "1, " "1, " "1, " "1, " "1, " "1, " "1, " "1, " "1, " "1, " "1, " "1, " "1, " "1, " "1, " "1, " "1, " "1, " "1, " "1, " "1, " "1, " "1, " "1, " "1, " "1, " "1, " "1, " "1, " "1, " "1, " "1, " "1, " "1, " "1, " "1, " "1, " "1, "0
 "Nei306, 0.231, " "0.974, " "1, " "1, " "1, " "1, " "1, " "1, " "1, " "1, " "1, " "1, " "1, " "1, " "1, " "1, " "1, " "1, " "1, " "1, " "1, " "1, " "1, " "1, " "1, " "1, " "1, " "1, " "1, " "1, " "1, " "1, " "1, " "1, " "1, " "1, " "1, " "1, " "1, " "1, " "1, " "1, " "1, " "1, " "1, " "1, " "1, " "1, " "1, " "1, " "1, " "1, " "1, " "1, " "1, " "1, " "1, " "1, " "1, " "1, " "1, " "1, " "1, " "1, " "1, " "1, " "1, " "1, " "1, " "1, " "1, " "1, " "1, " "1, " "1, " "1, " "1, " "1, " "1, " "1, " "1, " "1, " "1, " "1, " "1, " "1, " "1, " "1, " "1, " "1, " "1, " "1, " "1, " "1, " "1, " "1, " "1, " "1, " "1, " "1, " "1, " "1, " "1, " "1, " "1, " "1, " "1, " "1, " "1, " "1, " "1, " "1, " "1, " "1, " "1, " "1, " "1, " "1, " "1, " "1, " "1, " "1, " "1, " "1, " "1, " "1, " "1, " "1, " "1, " "1, " "1, " "1, " "1, " "1, " "1, " "1, " "1, " "1, " "1, " "1, " "1, " "1, " "1, " "1, " "1, " "1, " "1, " "1, " "1, " "1, " "1, " "1, " "1, " "1, " "1, " "1, " "1, " "1, " "1, " "1, " "1, " "1, " "1, " "1, " "1, " "1, " "1, " "1, " "1, " "1, " "1, " "1, " "1, " "1, " "1, " "1, " "1, " "1, " "1, " "1, " "1, " "1, " "1, " "1, " "1, " "1, " "1, " "1, " "1, " "1, " "1, " "1, " "1, " "1, " "1, " "1, " "1, " "1, " "1, " "1, " "1, " "1, " "1, " "1, " "1, " "1, " "1, " "1, " "1, " "1, " "1, " "1, " "1, " "1, " "1, " "1, " "1, " "1, " "1, " "1, " "1, " "1, " "1, " "1, " "1, " "1, " "1, " "1, " "1, " "1, " "1, " "1, " "1, " "1, " "1, " "1, " "1, " "1, " "1, " "1, " "1, " "1, " "1, " "1, " "1, " "1, " "1, " "1, " "1, " "1, " "1, " "1, " "1, " "1, " "1, " "1, " "1, " "1, " "1, " "1, " "1, " "1, " "1, " "1, " "1, " "1, " "1, " "1, " "1, " "1, " "1, " "1, " "1, " "1, " "1, " "1, " "1, " "1, " "1, " "1, " "1, " "1, " "1, " "1, " "1, " "1, " "1, " "1, " "1, " "1, " "1, " "1, " "1, " "1, " "1, " "1, " "1, " "1, " "1, " "1, " "1, " "1, " "1, " "1, " "1, " "1, " "1, " "1, " "0, " "1, " "1, " "1, " "1, " "1, " "1, " "1, " "1, " "1, " "1, " "1, " "1, " "1, " "1, " "1, " "1, " "1, " "1, " "1, " "1, " "1, " "1, " "1, " "1, " "1, " "1, " "1, " "1, " "1, " "1, " "1, " "1, " "1, " "1, " "1, " "1, " "1, " "1, " "1, " "1, " "1, " "1, " "1, " "1, " "1, " "1, " "1, " "1, " "1, " "1, " "1, " "1, " "1, " "1, " "1, " "1, " "1, " "1, " "1, " "1, " "1, " "1, " "1, " "1, " "1, " "1, " "1, " "1, " "1, " "1, " "1, " "1, " "1, " "1, " "1, " "1, " "1, " "1, " "1, " "1, " "1, " "1, " "1, " "1, " "1, " "1, " "1, " "1, " "1, " "1, " "1, " "1, " "1, " "1, " "1, " "1, " "1, " "1, " "1, " "1, " "1, " "1, " "1, " "1, " "1, " "1, " "1, " "1, " "1, " "1, " "1, " "1, " "1, " "1, " "1, " "1, " "1, " "1, " "1, " "1, " "1, " "1, " "1, " "1, " "1, " "1, " "1, " "1, " "1, " "1, " "1, " "1, " "1, " "1, " "1, " "1, " "1, " "1, " "1, " "1, " "1, " "1, " "1, " "1, " "1, " "1, " "1, " "1, " "1, " "1, " "1, " "1, " "1, " "1, " "1, " "1, " "1, " "1, " "1, " "1, " "1, " "1, " "1, " "1, " "1, " "1, " "1, " "1, " "1, " "1, " "1, " "1, " "1, " "1, " "1, " "1, " "1, " "1, " "1, " "1, " "1, " "1, " "1, " "1, " "1, " "1, " "1, " "1, " "1, " "1, " "1, " "1, " "1, " "1, " "1, " "1, " "1, " "1, " "1, " "1, " "1, " "1, " "1, " "1, " "1, " "1, "0
 "Nei307, 0.39, " "0.897, " "1, " "1, " "1, " "1, " "1, " "1, " "1, " "1, " "1, " "1, " "1, " "1, " "1, " "1, " "1, " "1, " "1, " "1, " "1, " "1, " "1, " "1, " "1, " "1, " "1, " "1, " "1, " "1, " "1, " "1, " "1, " "1, " "1, " "1, " "1, " "1, " "1, " "1, " "1, " "1, " "1, " "1, " "1, " "1, " "1, " "1, " "1, " "1, " "1, " "1, " "1, " "1, " "1, " "1, " "1, " "1, " "1, " "1, " "1, " "1, " "1, " "1, " "1, " "1, " "1, " "1, " "1, " "1, " "1, " "1, " "1, " "1, " "1, " "1, " "1, " "1, " "1, " "1, " "1, " "1, " "1, " "1, " "1, " "1, " "1, " "1, " "1, " "1, " "1, " "1, " "1, " "1, " "1, " "1, " "1, " "1, " "1, " "1, " "1, " "1, " "1, " "1, " "1, " "1, " "1, " "1, " "1, " "1, " "1, " "1, " "1, " "1, " "1, " "1, " "1, " "1, " "1, " "1, " "1, " "1, " "1, " "1, " "1, " "1, " "1, " "1, " "1, " "1, " "1, " "1, " "1, " "1, " "1, " "1, " "1, " "1, " "1, " "1, " "1, " "1, " "1, " "1, " "1, " "1, " "1, " "1, " "1, " "1, " "1, " "1, " "1, " "1, " "1, " "1, " "1, " "1, " "1, " "1, " "1, " "1, " "1, " "1, " "1, " "1, " "1, " "1, " "1, " "1, " "1, " "1, " "1, " "1, " "1, " "1, " "1, " "1, " "1, " "1, " "1, " "1, " "1, " "1, " "1, " "1, " "1, " "1, " "1, " "1, " "1, " "1, " "1, " "1, " "1, " "1, " "1, " "1, " "1, " "1, " "1, " "1, " "1, " "1, " "1, " "1, " "1, " "1, " "1, " "1, " "1, " "1, " "1, " "1, " "1, " "1, " "1, " "1, " "1, " "1, " "1, " "1, " "1, " "1, " "1, " "1, " "1, " "1, " "1, " "1, " "1, " "1, " "1, " "1, " "1, " "1, " "1, " "1, " "1, " "1, " "1, " "1, " "1, " "1, " "1, " "1, " "1, " "1, " "1, " "1, " "1, " "1, " "1, " "1, " "1, " "1, " "1, " "1, " "1, " "1, " "1, " "1, " "1, " "1, " "1, " "1, " "1, " "1, " "1, " "1, " "1, " "1, " "1, " "1, " "1, " "1, " "1, " "1, " "1, " "1, " "1, " "1, " "1, " "1, " "1, " "1, " "1, " "1, " "1, " "1, " "1, " "1, " "1, " "1, " "1, " "1, " "1, " "1, " "1, " "1, " "1, " "1, " "1, " "1, " "1, " "1, " "1, " "1, " "1, " "0, " "1, " "1, " "1, " "1, " "1, " "1, " "1, " "1, " "1, " "1, " "1, " "1, " "1, " "1, " "1, " "1, " "1, " "1, " "1, " "1, " "1, " "1, " "1, " "1, " "1, " "1, " "1, " "1, " "1, " "1, " "1, " "1, " "1, " "1, " "1, " "1, " "1, " "1, " "1, " "1, " "1, " "1, " "1, " "1, " "1, " "1, " "1, " "1, " "1, " "1, " "1, " "1, " "1, " "1, " "1, " "1, " "1, " "1, " "1, " "1, " "1, " "1, " "1, " "1, " "1, " "1, " "1, " "1, " "1, " "1, " "1, " "1, " "1, " "1, " "1, " "1, " "1, " "1, " "1, " "1, " "1, " "1, " "1, " "1, " "1, " "1, " "1, " "1, " "1, " "1, " "1, " "1, " "1, " "1, " "1, " "1, " "1, " "1, " "1, " "1, " "1, " "1, " "1, " "1, " "1, " "1, " "1, " "1, " "1, " "1, " "1, " "1, " "1, " "1, " "1, " "1, " "1, " "1, " "1, " "1, " "1, " "1, " "1, " "1, " "1, " "1, " "1, " "1, " "1, " "1, " "1, " "1, " "1, " "1, " "1, " "1, " "1, " "1, " "1, " "1, " "1, " "1, " "1, " "1, " "1, " "1, " "1, " "1, " "1, " "1, " "1, " "1, " "1, " "1, " "1, " "1, " "1, " "1, " "1, " "1, " "1, " "1, " "1, " "1, " "1, " "1, " "1, " "1, " "1, " "1, " "1, " "1, " "1, " "1, " "1, " "1, " "1, " "1, " "1, " "1, " "1, " "1, " "1, " "1, " "1, " "1, " "1, " "1, " "1, " "1, " "1, " "1, " "1, " "1, " "1, " "1, " "1, " "1, " "1, " "1, " "1, " "1, " "1, " "1, " "1, "0
 "Nei308, 0.236, " "0.921, " "1, " "1, " "1, " "1, " "1, " "1, " "1, " "1, " "1, " "1, " "1, " "1, " "1, " "1, " "1, " "1, " "1, " "1, " "1, " "1, " "1, " "1, " "1, " "1, " "1, " "1, " "1, " "1, " "1, " "1, " "1, " "1, " "1, " "1, " "1, " "1, " "1, " "1, " "1, " "1, " "1, " "1, " "1, " "1, " "1, " "1, " "1, " "1, " "1, " "1, " "1, " "1, " "1, " "1, " "1, " "1, " "1, " "1, " "1, " "1, " "1, " "1, " "1, " "1, " "1, " "1, " "1, " "1, " "1, " "1, " "1, " "1, " "1, " "1, " "1, " "1, " "1, " "1, " "1, " "1, " "1, " "1, " "1, " "1, " "1, " "1, " "1, " "1, " "1, " "1, " "1, " "1, " "1, " "1, " "1, " "1, " "1, " "1, " "1, " "1, " "1, " "1, " "1, " "1, " "1, " "1, " "1, " "1, " "1, " "1, " "1, " "1, " "1, " "1, " "1, " "1, " "1, " "1, " "1, " "1, " "1, " "1, " "1, " "1, " "1, " "1, " "1, " "1, " "1, " "1, " "1, " "1, " "1, " "1, " "1, " "1, " "1, " "1, " "1, " "1, " "1, " "1, " "1, " "1, " "1, " "1, " "1, " "1, " "1, " "1, " "1, " "1, " "1, " "1, " "1, " "1, " "1, " "1, " "1, " "1, " "1, " "1, " "1, " "1, " "1, " "1, " "1, " "1, " "1, " "1, " "1, " "1, " "1, " "1, " "1, " "1, " "1, " "1, " "1, " "1, " "1, " "1, " "1, " "1, " "1, " "1, " "1, " "1, " "1, " "1, " "1, " "1, " "1, " "1, " "1, " "1, " "1, " "1, " "1, " "1, " "1, " "1, " "1, " "1, " "1, " "1, " "1, " "1, " "1, " "1, " "1, " "1, " "1, " "1, " "1, " "1, " "1, " "1, " "1, " "1, " "1, " "1, " "1, " "1, " "1, " "1, " "1, " "1, " "1, " "1, " "1, " "1, " "1, " "1, " "1, " "1, " "1, " "1, " "1, " "1, " "1, " "1, " "1, " "1, " "1, " "1, " "1, " "1, " "1, " "1, " "1, " "1, " "1, " "1, " "1, " "1, " "1, " "1, " "1, " "1, " "1, " "1, " "1, " "1, " "1, " "1, " "1, " "1, " "1, " "1, " "1, " "1, " "1, " "1, " "1, " "1, " "1, " "1, " "1, " "1, " "1, " "1, " "1, " "1, " "1, " "1, " "1, " "1, " "1, " "1, " "1, " "1, " "1, " "1, " "1, " "1, " "1, " "1, " "1, " "1, " "1, " "1, " "1, " "1, " "1, " "1, " "1, " "1, " "0, " "1, " "1, " "1, " "1, " "1, " "1, " "1, " "1, " "1, " "1, " "1, " "1, " "1, " "1, " "1, " "1, " "1, " "1, " "1, " "1, " "1, " "1, " "1, " "1, " "1, " "1, " "1, " "1, " "1, " "1, " "1, " "1, " "1, " "1, " "1, " "1, " "1, " "1, " "1, " "1, " "1, " "1, " "1, " "1, " "1, " "1, " "1, " "1, " "1, " "1, " "1, " "1, " "1, " "1, " "1, " "1, " "1, " "1, " "1, " "1, " "1, " "1, " "1, " "1, " "1, " "1, " "1, " "1, " "1, " "1, " "1, " "1, " "1, " "1, " "1, " "1, " "1, " "1, " "1, " "1, " "1, " "1, " "1, " "1, " "1, " "1, " "1, " "1, " "1, " "1, " "1, " "1, " "1, " "1, " "1, " "1, " "1, " "1, " "1, " "1, " "1, " "1, " "1, " "1, " "1, " "1, " "1, " "1, " "1, " "1, " "1, " "1, " "1, " "1, " "1, " "1, " "1, " "1, " "1, " "1, " "1, " "1, " "1, " "1, " "1, " "1, " "1, " "1, " "1, " "1, " "1, " "1, " "1, " "1, " "1, " "1, " "1, " "1, " "1, " "1, " "1, " "1, " "1, " "1, " "1, " "1, " "1, " "1, " "1, " "1, " "1, " "1, " "1, " "1, " "1, " "1, " "1, " "1, " "1, " "1, " "1, " "1, " "1, " "1, " "1, " "1, " "1, " "1, " "1, " "1, " "1, " "1, " "1, " "1, " "1, " "1, " "1, " "1, " "1, " "1, " "1, " "1, " "1, " "1, " "1, " "1, " "1, " "1, " "1, " "1, " "1, " "1, " "1, " "1, " "1, " "1, " "1, " "1, " "1, " "1, " "1, " "1, " "1, " "1, "0
 "Nei309, 0.099, " "-0.513, " "1, " "1, " "1, " "1, " "1, " "1, " "1, " "1, " "1, " "1, " "1, " "1, " "1, " "1, " "1, " "1, " "1, " "1, " "1, " "1, " "1, " "1, " "1, " "1, " "1, " "1, " "1, " "1, " "1, " "1, " "1, " "1, " "1, " "1, " "1, " "1, " "1, " "1, " "1, " "1, " "1, " "1, " "1, " "1, " "1, " "1, " "1, " "1, " "1, " "1, " "1, " "1, " "1, " "1, " "1, " "1, " "1, " "1, " "1, " "1, " "1, " "1, " "1, " "1, " "1, " "1, " "1, " "1, " "1, " "1, " "1, " "1, " "1, " "1, " "1, " "1, " "1, " "1, " "1, " "1, " "1, " "1, " "1, " "1, " "1, " "1, " "1, " "1, " "1, " "1, " "1, " "1, " "1, " "1, " "1, " "1, " "1, " "1, " "1, " "1, " "1, " "1, " "1, " "1, " "1, " "1, " "1, " "1, " "1, " "1, " "1, " "1, " "1, " "1, " "1, " "1, " "1, " "1, " "1, " "1, " "1, " "1, " "1, " "1, " "1, " "1, " "1, " "1, " "1, " "1, " "1, " "1, " "1, " "1, " "1, " "1, " "1, " "1, " "1, " "1, " "1, " "1, " "1, " "1, " "1, " "1, " "1, " "1, " "1, " "1, " "1, " "1, " "1, " "1, " "1, " "1, " "1, " "1, " "1, " "1, " "1, " "1, " "1, " "1, " "1, " "1, " "1, " "1, " "1, " "1, " "1, " "1, " "1, " "1, " "1, " "1, " "1, " "1, " "1, " "1, " "1, " "1, " "1, " "1, " "1, " "1, " "1, " "1, " "1, " "1, " "1, " "1, " "1, " "1, " "1, " "1, " "1, " "1, " "1, " "1, " "1, " "1, " "1, " "1, " "1, " "1, " "1, " "1, " "1, " "1, " "1, " "1, " "1, " "1, " "1, " "1, " "1, " "1, " "1, " "1, " "1, " "1, " "1, " "1, " "1, " "1, " "1, " "1, " "1, " "1, " "1, " "1, " "1, " "1, " "1, " "1, " "1, " "1, " "1, " "1, " "1, " "1, " "1, " "1, " "1, " "1, " "1, " "1, " "1, " "1, " "1, " "1, " "1, " "1, " "1, " "1, " "1, " "1, " "1, " "1, " "1, " "1, " "1, " "1, " "1, " "1, " "1, " "1, " "1, " "1, " "1, " "1, " "1, " "1, " "1, " "1, " "1, " "1, " "1, " "1, " "1, " "1, " "1, " "1, " "1, " "1, " "1, " "1, " "1, " "1, " "1, " "1, " "1, " "1, " "1, " "1, " "1, " "1, " "1, " "1, " "1, " "1, " "1, " "1, " "1, " "1, " "1, " "1, " "1, " "0, " "1, " "1, " "1, " "1, " "1, " "1, " "1, " "1, " "1, " "1, " "1, " "1, " "1, " "1, " "1, " "1, " "1, " "1, " "1, " "1, " "1, " "1, " "1, " "1, " "1, " "1, " "1, " "1, " "1, " "1, " "1, " "1, " "1, " "1, " "1, " "1, " "1, " "1, " "1, " "1, " "1, " "1, " "1, " "1, " "1, " "1, " "1, " "1, " "1, " "1, " "1, " "1, " "1, " "1, " "1, " "1, " "1, " "1, " "1, " "1, " "1, " "1, " "1, " "1, " "1, " "1, " "1, " "1, " "1, " "1, " "1, " "1, " "1, " "1, " "1, " "1, " "1, " "1, " "1, " "1, " "1, " "1, " "1, " "1, " "1, " "1, " "1, " "1, " "1, " "1, " "1, " "1, " "1, " "1, " "1, " "1, " "1, " "1, " "1, " "1, " "1, " "1, " "1, " "1, " "1, " "1, " "1, " "1, " "1, " "1, " "1, " "1, " "1, " "1, " "1, " "1, " "1, " "1, " "1, " "1, " "1, " "1, " "1, " "1, " "1, " "1, " "1, " "1, " "1, " "1, " "1, " "1, " "1, " "1, " "1, " "1, " "1, " "1, " "1, " "1, " "1, " "1, " "1, " "1, " "1, " "1, " "1, " "1, " "1, " "1, " "1, " "1, " "1, " "1, " "1, " "1, " "1, " "1, " "1, " "1, " "1, " "1, " "1, " "1, " "1, " "1, " "1, " "1, " "1, " "1, " "1, " "1, " "1, " "1, " "1, " "1, " "1, " "1, " "1, " "1, " "1, " "1, " "1, " "1, " "1, " "1, " "1, " "1, " "1, " "1, " "1, " "1, " "1, " "1, " "1, " "1, " "1, " "1, " "1, " "1, " "1, " "1, " "1, "0
 "Nei310, 0.049, " "-0.407, " "1, " "1, " "1, " "1, " "1, " "1, " "1, " "1, " "1, " "1, " "1, " "1, " "1, " "1, " "1, " "1, " "1, " "1, " "1, " "1, " "1, " "1, " "1, " "1, " "1, " "1, " "1, " "1, " "1, " "1, " "1, " "1, " "1, " "1, " "1, " "1, " "1, " "1, " "1, " "1, " "1, " "1, " "1, " "1, " "1, " "1, " "1, " "1, " "1, " "1, " "1, " "1, " "1, " "1, " "1, " "1, " "1, " "1, " "1, " "1, " "1, " "1, " "1, " "1, " "1, " "1, " "1, " "1, " "1, " "1, " "1, " "1, " "1, " "1, " "1, " "1, " "1, " "1, " "1, " "1, " "1, " "1, " "1, " "1, " "1, " "1, " "1, " "1, " "1, " "1, " "1, " "1, " "1, " "1, " "1, " "1, " "1, " "1, " "1, " "1, " "1, " "1, " "1, " "1, " "1, " "1, " "1, " "1, " "1, " "1, " "1, " "1, " "1, " "1, " "1, " "1, " "1, " "1, " "1, " "1, " "1, " "1, " "1, " "1, " "1, " "1, " "1, " "1, " "1, " "1, " "1, " "1, " "1, " "1, " "1, " "1, " "1, " "1, " "1, " "1, " "1, " "1, " "1, " "1, " "1, " "1, " "1, " "1, " "1, " "1, " "1, " "1, " "1, " "1, " "1, " "1, " "1, " "1, " "1, " "1, " "1, " "1, " "1, " "1, " "1, " "1, " "1, " "1, " "1, " "1, " "1, " "1, " "1, " "1, " "1, " "1, " "1, " "1, " "1, " "1, " "1, " "1, " "1, " "1, " "1, " "1, " "1, " "1, " "1, " "1, " "1, " "1, " "1, " "1, " "1, " "1, " "1, " "1, " "1, " "1, " "1, " "1, " "1, " "1, " "1, " "1, " "1, " "1, " "1, " "1, " "1, " "1, " "1, " "1, " "1, " "1, " "1, " "1, " "1, " "1, " "1, " "1, " "1, " "1, " "1, " "1, " "1, " "1, " "1, " "1, " "1, " "1, " "1, " "1, " "1, " "1, " "1, " "1, " "1, " "1, " "1, " "1, " "1, " "1, " "1, " "1, " "1, " "1, " "1, " "1, " "1, " "1, " "1, " "1, " "1, " "1, " "1, " "1, " "1, " "1, " "1, " "1, " "1, " "1, " "1, " "1, " "1, " "1, " "1, " "1, " "1, " "1, " "1, " "1, " "1, " "1, " "1, " "1, " "1, " "1, " "1, " "1, " "1, " "1, " "1, " "1, " "1, " "1, " "1, " "1, " "1, " "1, " "1, " "1, " "1, " "1, " "1, " "1, " "1, " "1, " "1, " "1, " "1, " "1, " "1, " "1, " "1, " "1, " "1, " "1, " "0, " "1, " "1, " "1, " "1, " "1, " "1, " "1, " "1, " "1, " "1, " "1, " "1, " "1, " "1, " "1, " "1, " "1, " "1, " "1, " "1, " "1, " "1, " "1, " "1, " "1, " "1, " "1, " "1, " "1, " "1, " "1, " "1, " "1, " "1, " "1, " "1, " "1, " "1, " "1, " "1, " "1, " "1, " "1, " "1, " "1, " "1, " "1, " "1, " "1, " "1, " "1, " "1, " "1, " "1, " "1, " "1, " "1, " "1, " "1, " "1, " "1, " "1, " "1, " "1, " "1, " "1, " "1, " "1, " "1, " "1, " "1, " "1, " "1, " "1, " "1, " "1, " "1, " "1, " "1, " "1, " "1, " "1, " "1, " "1, " "1, " "1, " "1, " "1, " "1, " "1, " "1, " "1, " "1, " "1, " "1, " "1, " "1, " "1, " "1, " "1, " "1, " "1, " "1, " "1, " "1, " "1, " "1, " "1, " "1, " "1, " "1, " "1, " "1, " "1, " "1, " "1, " "1, " "1, " "1, " "1, " "1, " "1, " "1, " "1, " "1, " "1, " "1, " "1, " "1, " "1, " "1, " "1, " "1, " "1, " "1, " "1, " "1, " "1, " "1, " "1, " "1, " "1, " "1, " "1, " "1, " "1, " "1, " "1, " "1, " "1, " "1, " "1, " "1, " "1, " "1, " "1, " "1, " "1, " "1, " "1, " "1, " "1, " "1, " "1, " "1, " "1, " "1, " "1, " "1, " "1, " "1, " "1, " "1, " "1, " "1, " "1, " "1, " "1, " "1, " "1, " "1, " "1, " "1, " "1, " "1, " "1, " "1, " "1, " "1, " "1, " "1, " "1, " "1, " "1, " "1, " "1, " "1, " "1, " "1, " "1, " "1, " "1, "0
 "Nei311, 0.093, " "-0.541, " "1, " "1, " "1, " "1, " "1, " "1, " "1, " "1, " "1, " "1, " "1, " "1, " "1, " "1, " "1, " "1, " "1, " "1, " "1, " "1, " "1, " "1, " "1, " "1, " "1, " "1, " "1, " "1, " "1, " "1, " "1, " "1, " "1, " "1, " "1, " "1, " "1, " "1, " "1, " "1, " "1, " "1, " "1, " "1, " "1, " "1, " "1, " "1, " "1, " "1, " "1, " "1, " "1, " "1, " "1, " "1, " "1, " "1, " "1, " "1, " "1, " "1, " "1, " "1, " "1, " "1, " "1, " "1, " "1, " "1, " "1, " "1, " "1, " "1, " "1, " "1, " "1, " "1, " "1, " "1, " "1, " "1, " "1, " "1, " "1, " "1, " "1, " "1, " "1, " "1, " "1, " "1, " "1, " "1, " "1, " "1, " "1, " "1, " "1, " "1, " "1, " "1, " "1, " "1, " "1, " "1, " "1, " "1, " "1, " "1, " "1, " "1, " "1, " "1, " "1, " "1, " "1, " "1, " "1, " "1, " "1, " "1, " "1, " "1, " "1, " "1, " "1, " "1, " "1, " "1, " "1, " "1, " "1, " "1, " "1, " "1, " "1, " "1, " "1, " "1, " "1, " "1, " "1, " "1, " "1, " "1, " "1, " "1, " "1, " "1, " "1, " "1, " "1, " "1, " "1, " "1, " "1, " "1, " "1, " "1, " "1, " "1, " "1, " "1, " "1, " "1, " "1, " "1, " "1, " "1, " "1, " "1, " "1, " "1, " "1, " "1, " "1, " "1, " "1, " "1, " "1, " "1, " "1, " "1, " "1, " "1, " "1, " "1, " "1, " "1, " "1, " "1, " "1, " "1, " "1, " "1, " "1, " "1, " "1, " "1, " "1, " "1, " "1, " "1, " "1, " "1, " "1, " "1, " "1, " "1, " "1, " "1, " "1, " "1, " "1, " "1, " "1, " "1, " "1, " "1, " "1, " "1, " "1, " "1, " "1, " "1, " "1, " "1, " "1, " "1, " "1, " "1, " "1, " "1, " "1, " "1, " "1, " "1, " "1, " "1, " "1, " "1, " "1, " "1, " "1, " "1, " "1, " "1, " "1, " "1, " "1, " "1, " "1, " "1, " "1, " "1, " "1, " "1, " "1, " "1, " "1, " "1, " "1, " "1, " "1, " "1, " "1, " "1, " "1, " "1, " "1, " "1, " "1, " "1, " "1, " "1, " "1, " "1, " "1, " "1, " "1, " "1, " "1, " "1, " "1, " "1, " "1, " "1, " "1, " "1, " "1, " "1, " "1, " "1, " "1, " "1, " "1, " "1, " "1, " "1, " "1, " "1, " "1, " "1, " "1, " "1, " "1, " "1, " "1, " "1, " "1, " "0, " "1, " "1, " "1, " "1, " "1, " "1, " "1, " "1, " "1, " "1, " "1, " "1, " "1, " "1, " "1, " "1, " "1, " "1, " "1, " "1, " "1, " "1, " "1, " "1, " "1, " "1, " "1, " "1, " "1, " "1, " "1, " "1, " "1, " "1, " "1, " "1, " "1, " "1, " "1, " "1, " "1, " "1, " "1, " "1, " "1, " "1, " "1, " "1, " "1, " "1, " "1, " "1, " "1, " "1, " "1, " "1, " "1, " "1, " "1, " "1, " "1, " "1, " "1, " "1, " "1, " "1, " "1, " "1, " "1, " "1, " "1, " "1, " "1, " "1, " "1, " "1, " "1, " "1, " "1, " "1, " "1, " "1, " "1, " "1, " "1, " "1, " "1, " "1, " "1, " "1, " "1, " "1, " "1, " "1, " "1, " "1, " "1, " "1, " "1, " "1, " "1, " "1, " "1, " "1, " "1, " "1, " "1, " "1, " "1, " "1, " "1, " "1, " "1, " "1, " "1, " "1, " "1, " "1, " "1, " "1, " "1, " "1, " "1, " "1, " "1, " "1, " "1, " "1, " "1, " "1, " "1, " "1, " "1, " "1, " "1, " "1, " "1, " "1, " "1, " "1, " "1, " "1, " "1, " "1, " "1, " "1, " "1, " "1, " "1, " "1, " "1, " "1, " "1, " "1, " "1, " "1, " "1, " "1, " "1, " "1, " "1, " "1, " "1, " "1, " "1, " "1, " "1, " "1, " "1, " "1, " "1, " "1, " "1, " "1, " "1, " "1, " "1, " "1, " "1, " "1, " "1, " "1, " "1, " "1, " "1, " "1, " "1, " "1, " "1, " "1, " "1, " "1, " "1, " "1, " "1, " "1, " "1, " "1, " "1, " "1, " "1, "0
 "Nei312, 0.226, " "0.39, " "1, " "1, " "1, " "1, " "1, " "1, " "1, " "1, " "1, " "1, " "1, " "1, " "1, " "1, " "1, " "1, " "1, " "1, " "1, " "1, " "1, " "1, " "1, " "1, " "1, " "1, " "1, " "1, " "1, " "1, " "1, " "1, " "1, " "1, " "1, " "1, " "1, " "1, " "1, " "1, " "1, " "1, " "1, " "1, " "1, " "1, " "1, " "1, " "1, " "1, " "1, " "1, " "1, " "1, " "1, " "1, " "1, " "1, " "1, " "1, " "1, " "1, " "1, " "1, " "1, " "1, " "1, " "1, " "1, " "1, " "1, " "1, " "1, " "1, " "1, " "1, " "1, " "1, " "1, " "1, " "1, " "1, " "1, " "1, " "1, " "1, " "1, " "1, " "1, " "1, " "1, " "1, " "1, " "1, " "1, " "1, " "1, " "1, " "1, " "1, " "1, " "1, " "1, " "1, " "1, " "1, " "1, " "1, " "1, " "1, " "1, " "1, " "1, " "1, " "1, " "1, " "1, " "1, " "1, " "1, " "1, " "1, " "1, " "1, " "1, " "1, " "1, " "1, " "1, " "1, " "1, " "1, " "1, " "1, " "1, " "1, " "1, " "1, " "1, " "1, " "1, " "1, " "1, " "1, " "1, " "1, " "1, " "1, " "1, " "1, " "1, " "1, " "1, " "1, " "1, " "1, " "1, " "1, " "1, " "1, " "1, " "1, " "1, " "1, " "1, " "1, " "1, " "1, " "1, " "1, " "1, " "1, " "1, " "1, " "1, " "1, " "1, " "1, " "1, " "1, " "1, " "1, " "1, " "1, " "1, " "1, " "1, " "1, " "1, " "1, " "1, " "1, " "1, " "1, " "1, " "1, " "1, " "1, " "1, " "1, " "1, " "1, " "1, " "1, " "1, " "1, " "1, " "1, " "1, " "1, " "1, " "1, " "1, " "1, " "1, " "1, " "1, " "1, " "1, " "1, " "1, " "1, " "1, " "1, " "1, " "1, " "1, " "1, " "1, " "1, " "1, " "1, " "1, " "1, " "1, " "1, " "1, " "1, " "1, " "1, " "1, " "1, " "1, " "1, " "1, " "1, " "1, " "1, " "1, " "1, " "1, " "1, " "1, " "1, " "1, " "1, " "1, " "1, " "1, " "1, " "1, " "1, " "1, " "1, " "1, " "1, " "1, " "1, " "1, " "1, " "1, " "1, " "1, " "1, " "1, " "1, " "1, " "1, " "1, " "1, " "1, " "1, " "1, " "1, " "1, " "1, " "1, " "1, " "1, " "1, " "1, " "1, " "1, " "1, " "1, " "1, " "1, " "1, " "1, " "1, " "1, " "1, " "1, " "1, " "1, " "1, " "1, " "1, " "1, " "1, " "1, " "1, " "0, " "1, " "1, " "1, " "1, " "1, " "1, " "1, " "1, " "1, " "1, " "1, " "1, " "1, " "1, " "1, " "1, " "1, " "1, " "1, " "1, " "1, " "1, " "1, " "1, " "1, " "1, " "1, " "1, " "1, " "1, " "1, " "1, " "1, " "1, " "1, " "1, " "1, " "1, " "1, " "1, " "1, " "1, " "1, " "1, " "1, " "1, " "1, " "1, " "1, " "1, " "1, " "1, " "1, " "1, " "1, " "1, " "1, " "1, " "1, " "1, " "1, " "1, " "1, " "1, " "1, " "1, " "1, " "1, " "1, " "1, " "1, " "1, " "1, " "1, " "1, " "1, " "1, " "1, " "1, " "1, " "1, " "1, " "1, " "1, " "1, " "1, " "1, " "1, " "1, " "1, " "1, " "1, " "1, " "1, " "1, " "1, " "1, " "1, " "1, " "1, " "1, " "1, " "1, " "1, " "1, " "1, " "1, " "1, " "1, " "1, " "1, " "1, " "1, " "1, " "1, " "1, " "1, " "1, " "1, " "1, " "1, " "1, " "1, " "1, " "1, " "1, " "1, " "1, " "1, " "1, " "1, " "1, " "1, " "1, " "1, " "1, " "1, " "1, " "1, " "1, " "1, " "1, " "1, " "1, " "1, " "1, " "1, " "1, " "1, " "1, " "1, " "1, " "1, " "1, " "1, " "1, " "1, " "1, " "1, " "1, " "1, " "1, " "1, " "1, " "1, " "1, " "1, " "1, " "1, " "1, " "1, " "1, " "1, " "1, " "1, " "1, " "1, " "1, " "1, " "1, " "1, " "1, " "1, " "1, " "1, " "1, " "1, " "1, " "1, " "1, " "1, " "1, " "1, " "1, " "1, " "1, " "1, " "1, " "1, " "1, "0
 "Nei313, 0.312, " "-0.852, " "1, " "1, " "1, " "1, " "1, " "1, " "1, " "1, " "1, " "1, " "1, " "1, " "1, " "1, " "1, " "1, " "1, " "1, " "1, " "1, " "1, " "1, " "1, " "1, " "1, " "1, " "1, " "1, " "1, " "1, " "1, " "1, " "1, " "1, " "1, " "1, " "1, " "1, " "1, " "1, " "1, " "1, " "1, " "1, " "1, " "1, " "1, " "1, " "1, " "1, " "1, " "1, " "1, " "1, " "1, " "1, " "1, " "1, " "1, " "1, " "1, " "1, " "1, " "1, " "1, " "1, " "1, " "1, " "1, " "1, " "1, " "1, " "1, " "1, " "1, " "1, " "1, " "1, " "1, " "1, " "1, " "1, " "1, " "1, " "1, " "1, " "1, " "1, " "1, " "1, " "1, " "1, " "1, " "1, " "1, " "1, " "1, " "1, " "1, " "1, " "1, " "1, " "1, " "1, " "1, " "1, " "1, " "1, " "1, " "1, " "1, " "1, " "1, " "1, " "1, " "1, " "1, " "1, " "1, " "1, " "1, " "1, " "1, " "1, " "1, " "1, " "1, " "1, " "1, " "1, " "1, " "1, " "1, " "1, " "1, " "1, " "1, " "1, " "1, " "1, " "1, " "1, " "1, " "1, " "1, " "1, " "1, " "1, " "1, " "1, " "1, " "1, " "1, " "1, " "1, " "1, " "1, " "1, " "1, " "1, " "1, " "1, " "1, " "1, " "1, " "1, " "1, " "1, " "1, " "1, " "1, " "1, " "1, " "1, " "1, " "1, " "1, " "1, " "1, " "1, " "1, " "1, " "1, " "1, " "1, " "1, " "1, " "1, " "1, " "1, " "1, " "1, " "1, " "1, " "1, " "1, " "1, " "1, " "1, " "1, " "1, " "1, " "1, " "1, " "1, " "1, " "1, " "1, " "1, " "1, " "1, " "1, " "1, " "1, " "1, " "1, " "1, " "1, " "1, " "1, " "1, " "1, " "1, " "1, " "1, " "1, " "1, " "1, " "1, " "1, " "1, " "1, " "1, " "1, " "1, " "1, " "1, " "1, " "1, " "1, " "1, " "1, " "1, " "1, " "1, " "1, " "1, " "1, " "1, " "1, " "1, " "1, " "1, " "1, " "1, " "1, " "1, " "1, " "1, " "1, " "1, " "1, " "1, " "1, " "1, " "1, " "1, " "1, " "1, " "1, " "1, " "1, " "1, " "1, " "1, " "1, " "1, " "1, " "1, " "1, " "1, " "1, " "1, " "1, " "1, " "1, " "1, " "1, " "1, " "1, " "1, " "1, " "1, " "1, " "1, " "1, " "1, " "1, " "1, " "1, " "1, " "1, " "1, " "1, " "1, " "1, " "1, " "1, " "1, " "1, " "1, " "1, " "1, " "0, " "1, " "1, " "1, " "1, " "1, " "1, " "1, " "1, " "1, " "1, " "1, " "1, " "1, " "1, " "1, " "1, " "1, " "1, " "1, " "1, " "1, " "1, " "1, " "1, " "1, " "1, " "1, " "1, " "1, " "1, " "1, " "1, " "1, " "1, " "1, " "1, " "1, " "1, " "1, " "1, " "1, " "1, " "1, " "1, " "1, " "1, " "1, " "1, " "1, " "1, " "1, " "1, " "1, " "1, " "1, " "1, " "1, " "1, " "1, " "1, " "1, " "1, " "1, " "1, " "1, " "1, " "1, " "1, " "1, " "1, " "1, " "1, " "1, " "1, " "1, " "1, " "1, " "1, " "1, " "1, " "1, " "1, " "1, " "1, " "1, " "1, " "1, " "1, " "1, " "1, " "1, " "1, " "1, " "1, " "1, " "1, " "1, " "1, " "1, " "1, " "1, " "1, " "1, " "1, " "1, " "1, " "1, " "1, " "1, " "1, " "1, " "1, " "1, " "1, " "1, " "1, " "1, " "1, " "1, " "1, " "1, " "1, " "1, " "1, " "1, " "1, " "1, " "1, " "1, " "1, " "1, " "1, " "1, " "1, " "1, " "1, " "1, " "1, " "1, " "1, " "1, " "1, " "1, " "1, " "1, " "1, " "1, " "1, " "1, " "1, " "1, " "1, " "1, " "1, " "1, " "1, " "1, " "1, " "1, " "1, " "1, " "1, " "1, " "1, " "1, " "1, " "1, " "1, " "1, " "1, " "1, " "1, " "1, " "1, " "1, " "1, " "1, " "1, " "1, " "1, " "1, " "1, " "1, " "1, " "1, " "1, " "1, " "1, " "1, " "1, " "1, " "1, " "1, " "1, " "1, " "1, " "1, " "1, " "1, "0
 "Nei314, 0.072, " "0.632, " "1, " "1, " "1, " "1, " "1, " "1, " "1, " "1, " "1, " "1, " "1, " "1, " "1, " "1, " "1, " "1, " "1, " "1, " "1, " "1, " "1, " "1, " "1, " "1, " "1, " "1, " "1, " "1, " "1, " "1, " "1, " "1, " "1, " "1, " "1, " "1, " "1, " "1, " "1, " "1, " "1, " "1, " "1, " "1, " "1, " "1, " "1, " "1, " "1, " "1, " "1, " "1, " "1, " "1, " "1, " "1, " "1, " "1, " "1, " "1, " "1, " "1, " "1, " "1, " "1, " "1, " "1, " "1, " "1, " "1, " "1, " "1, " "1, " "1, " "1, " "1, " "1, " "1, " "1, " "1, " "1, " "1, " "1, " "1, " "1, " "1, " "1, " "1, " "1, " "1, " "1, " "1, " "1, " "1, " "1, " "1, " "1, " "1, " "1, " "1, " "1, " "1, " "1, " "1, " "1, " "1, " "1, " "1, " "1, " "1, " "1, " "1, " "1, " "1, " "1, " "1, " "1, " "1, " "1, " "1, " "1, " "1, " "1, " "1, " "1, " "1, " "1, " "1, " "1, " "1, " "1, " "1, " "1, " "1, " "1, " "1, " "1, " "1, " "1, " "1, " "1, " "1, " "1, " "1, " "1, " "1, " "1, " "1, " "1, " "1, " "1, " "1, " "1, " "1, " "1, " "1, " "1, " "1, " "1, " "1, " "1, " "1, " "1, " "1, " "1, " "1, " "1, " "1, " "1, " "1, " "1, " "1, " "1, " "1, " "1, " "1, " "1, " "1, " "1, " "1, " "1, " "1, " "1, " "1, " "1, " "1, " "1, " "1, " "1, " "1, " "1, " "1, " "1, " "1, " "1, " "1, " "1, " "1, " "1, " "1, " "1, " "1, " "1, " "1, " "1, " "1, " "1, " "1, " "1, " "1, " "1, " "1, " "1, " "1, " "1, " "1, " "1, " "1, " "1, " "1, " "1, " "1, " "1, " "1, " "1, " "1, " "1, " "1, " "1, " "1, " "1, " "1, " "1, " "1, " "1, " "1, " "1, " "1, " "1, " "1, " "1, " "1, " "1, " "1, " "1, " "1, " "1, " "1, " "1, " "1, " "1, " "1, " "1, " "1, " "1, " "1, " "1, " "1, " "1, " "1, " "1, " "1, " "1, " "1, " "1, " "1, " "1, " "1, " "1, " "1, " "1, " "1, " "1, " "1, " "1, " "1, " "1, " "1, " "1, " "1, " "1, " "1, " "1, " "1, " "1, " "1, " "1, " "1, " "1, " "1, " "1, " "1, " "1, " "1, " "1, " "1, " "1, " "1, " "1, " "1, " "1, " "1, " "1, " "1, " "1, " "1, " "1, " "1, " "1, " "1, " "1, " "1, " "1, " "1, " "0, " "1, " "1, " "1, " "1, " "1, " "1, " "1, " "1, " "1, " "1, " "1, " "1, " "1, " "1, " "1, " "1, " "1, " "1, " "1, " "1, " "1, " "1, " "1, " "1, " "1, " "1, " "1, " "1, " "1, " "1, " "1, " "1, " "1, " "1, " "1, " "1, " "1, " "1, " "1, " "1, " "1, " "1, " "1, " "1, " "1, " "1, " "1, " "1, " "1, " "1, " "1, " "1, " "1, " "1, " "1, " "1, " "1, " "1, " "1, " "1, " "1, " "1, " "1, " "1, " "1, " "1, " "1, " "1, " "1, " "1, " "1, " "1, " "1, " "1, " "1, " "1, " "1, " "1, " "1, " "1, " "1, " "1, " "1, " "1, " "1, " "1, " "1, " "1, " "1, " "1, " "1, " "1, " "1, " "1, " "1, " "1, " "1, " "1, " "1, " "1, " "1, " "1, " "1, " "1, " "1, " "1, " "1, " "1, " "1, " "1, " "1, " "1, " "1, " "1, " "1, " "1, " "1, " "1, " "1, " "1, " "1, " "1, " "1, " "1, " "1, " "1, " "1, " "1, " "1, " "1, " "1, " "1, " "1, " "1, " "1, " "1, " "1, " "1, " "1, " "1, " "1, " "1, " "1, " "1, " "1, " "1, " "1, " "1, " "1, " "1, " "1, " "1, " "1, " "1, " "1, " "1, " "1, " "1, " "1, " "1, " "1, " "1, " "1, " "1, " "1, " "1, " "1, " "1, " "1, " "1, " "1, " "1, " "1, " "1, " "1, " "1, " "1, " "1, " "1, " "1, " "1, " "1, " "1, " "1, " "1, " "1, " "1, " "1, " "1, " "1, " "1, " "1, " "1, " "1, " "1, " "1, " "1, " "1, "0
 "Nei315, 0.288, " "0.209, " "1, " "1, " "1, " "1, " "1, " "1, " "1, " "1, " "1, " "1, " "1, " "1, " "1, " "1, " "1, " "1, " "1, " "1, " "1, " "1, " "1, " "1, " "1, " "1, " "1, " "1, " "1, " "1, " "1, " "1, " "1, " "1, " "1, " "1, " "1, " "1, " "1, " "1, " "1, " "1, " "1, " "1, " "1, " "1, " "1, " "1, " "1, " "1, " "1, " "1, " "1, " "1, " "1, " "1, " "1, " "1, " "1, " "1, " "1, " "1, " "1, " "1, " "1, " "1, " "1, " "1, " "1, " "1, " "1, " "1, " "1, " "1, " "1, " "1, " "1, " "1, " "1, " "1, " "1, " "1, " "1, " "1, " "1, " "1, " "1, " "1, " "1, " "1, " "1, " "1, " "1, " "1, " "1, " "1, " "1, " "1, " "1, " "1, " "1, " "1, " "1, " "1, " "1, " "1, " "1, " "1, " "1, " "1, " "1, " "1, " "1, " "1, " "1, " "1, " "1, " "1, " "1, " "1, " "1, " "1, " "1, " "1, " "1, " "1, " "1, " "1, " "1, " "1, " "1, " "1, " "1, " "1, " "1, " "1, " "1, " "1, " "1, " "1, " "1, " "1, " "1, " "1, " "1, " "1, " "1, " "1, " "1, " "1, " "1, " "1, " "1, " "1, " "1, " "1, " "1, " "1, " "1, " "1, " "1, " "1, " "1, " "1, " "1, " "1, " "1, " "1, " "1, " "1, " "1, " "1, " "1, " "1, " "1, " "1, " "1, " "1, " "1, " "1, " "1, " "1, " "1, " "1, " "1, " "1, " "1, " "1, " "1, " "1, " "1, " "1, " "1, " "1, " "1, " "1, " "1, " "1, " "1, " "1, " "1, " "1, " "1, " "1, " "1, " "1, " "1, " "1, " "1, " "1, " "1, " "1, " "1, " "1, " "1, " "1, " "1, " "1, " "1, " "1, " "1, " "1, " "1, " "1, " "1, " "1, " "1, " "1, " "1, " "1, " "1, " "1, " "1, " "1, " "1, " "1, " "1, " "1, " "1, " "1, " "1, " "1, " "1, " "1, " "1, " "1, " "1, " "1, " "1, " "1, " "1, " "1, " "1, " "1, " "1, " "1, " "1, " "1, " "1, " "1, " "1, " "1, " "1, " "1, " "1, " "1, " "1, " "1, " "1, " "1, " "1, " "1, " "1, " "1, " "1, " "1, " "1, " "1, " "1, " "1, " "1, " "1, " "1, " "1, " "1, " "1, " "1, " "1, " "1, " "1, " "1, " "1, " "1, " "1, " "1, " "1, " "1, " "1, " "1, " "1, " "1, " "1, " "1, " "1, " "1, " "1, " "1, " "1, " "1, " "1, " "1, " "1, " "1, " "1, " "1, " "1, " "1, " "0, " "1, " "1, " "1, " "1, " "1, " "1, " "1, " "1, " "1, " "1, " "1, " "1, " "1, " "1, " "1, " "1, " "1, " "1, " "1, " "1, " "1, " "1, " "1, " "1, " "1, " "1, " "1, " "1, " "1, " "1, " "1, " "1, " "1, " "1, " "1, " "1, " "1, " "1, " "1, " "1, " "1, " "1, " "1, " "1, " "1, " "1, " "1, " "1, " "1, " "1, " "1, " "1, " "1, " "1, " "1, " "1, " "1, " "1, " "1, " "1, " "1, " "1, " "1, " "1, " "1, " "1, " "1, " "1, " "1, " "1, " "1, " "1, " "1, " "1, " "1, " "1, " "1, " "1, " "1, " "1, " "1, " "1, " "1, " "1, " "1, " "1, " "1, " "1, " "1, " "1, " "1, " "1, " "1, " "1, " "1, " "1, " "1, " "1, " "1, " "1, " "1, " "1, " "1, " "1, " "1, " "1, " "1, " "1, " "1, " "1, " "1, " "1, " "1, " "1, " "1, " "1, " "1, " "1, " "1, " "1, " "1, " "1, " "1, " "1, " "1, " "1, " "1, " "1, " "1, " "1, " "1, " "1, " "1, " "1, " "1, " "1, " "1, " "1, " "1, " "1, " "1, " "1, " "1, " "1, " "1, " "1, " "1, " "1, " "1, " "1, " "1, " "1, " "1, " "1, " "1, " "1, " "1, " "1, " "1, " "1, " "1, " "1, " "1, " "1, " "1, " "1, " "1, " "1, " "1, " "1, " "1, " "1, " "1, " "1, " "1, " "1, " "1, " "1, " "1, " "1, " "1, " "1, " "1, " "1, " "1, " "1, " "1, " "1, " "1, " "1, " "1, " "1, " "1, " "1, " "1, " "1, " "1, "0
 "Nei316, 0.398, " "-0.809, " "1, " "1, " "1, " "1, " "1, " "1, " "1, " "1, " "1, " "1, " "1, " "1, " "1, " "1, " "1, " "1, " "1, " "1, " "1, " "1, " "1, " "1, " "1, " "1, " "1, " "1, " "1, " "1, " "1, " "1, " "1, " "1, " "1, " "1, " "1, " "1, " "1, " "1, " "1, " "1, " "1, " "1, " "1, " "1, " "1, " "1, " "1, " "1, " "1, " "1, " "1, " "1, " "1, " "1, " "1, " "1, " "1, " "1, " "1, " "1, " "1, " "1, " "1, " "1, " "1, " "1, " "1, " "1, " "1, " "1, " "1, " "1, " "1, " "1, " "1, " "1, " "1, " "1, " "1, " "1, " "1, " "1, " "1, " "1, " "1, " "1, " "1, " "1, " "1, " "1, " "1, " "1, " "1, " "1, " "1, " "1, " "1, " "1, " "1, " "1, " "1, " "1, " "1, " "1, " "1, " "1, " "1, " "1, " "1, " "1, " "1, " "1, " "1, " "1, " "1, " "1, " "1, " "1, " "1, " "1, " "1, " "1, " "1, " "1, " "1, " "1, " "1, " "1, " "1, " "1, " "1, " "1, " "1, " "1, " "1, " "1, " "1, " "1, " "1, " "1, " "1, " "1, " "1, " "1, " "1, " "1, " "1, " "1, " "1, " "1, " "1, " "1, " "1, " "1, " "1, " "1, " "1, " "1, " "1, " "1, " "1, " "1, " "1, " "1, " "1, " "1, " "1, " "1, " "1, " "1, " "1, " "1, " "1, " "1, " "1, " "1, " "1, " "1, " "1, " "1, " "1, " "1, " "1, " "1, " "1, " "1, " "1, " "1, " "1, " "1, " "1, " "1, " "1, " "1, " "1, " "1, " "1, " "1, " "1, " "1, " "1, " "1, " "1, " "1, " "1, " "1, " "1, " "1, " "1, " "1, " "1, " "1, " "1, " "1, " "1, " "1, " "1, " "1, " "1, " "1, " "1, " "1, " "1, " "1, " "1, " "1, " "1, " "1, " "1, " "1, " "1, " "1, " "1, " "1, " "1, " "1, " "1, " "1, " "1, " "1, " "1, " "1, " "1, " "1, " "1, " "1, " "1, " "1, " "1, " "1, " "1, " "1, " "1, " "1, " "1, " "1, " "1, " "1, " "1, " "1, " "1, " "1, " "1, " "1, " "1, " "1, " "1, " "1, " "1, " "1, " "1, " "1, " "1, " "1, " "1, " "1, " "1, " "1, " "1, " "1, " "1, " "1, " "1, " "1, " "1, " "1, " "1, " "1, " "1, " "1, " "1, " "1, " "1, " "1, " "1, " "1, " "1, " "1, " "1, " "1, " "1, " "1, " "1, " "1, " "1, " "1, " "1, " "1, " "1, " "1, " "1, " "1, " "1, " "1, " "1, " "1, " "0, " "1, " "1, " "1, " "1, " "1, " "1, " "1, " "1, " "1, " "1, " "1, " "1, " "1, " "1, " "1, " "1, " "1, " "1, " "1, " "1, " "1, " "1, " "1, " "1, " "1, " "1, " "1, " "1, " "1, " "1, " "1, " "1, " "1, " "1, " "1, " "1, " "1, " "1, " "1, " "1, " "1, " "1, " "1, " "1, " "1, " "1, " "1, " "1, " "1, " "1, " "1, " "1, " "1, " "1, " "1, " "1, " "1, " "1, " "1, " "1, " "1, " "1, " "1, " "1, " "1, " "1, " "1, " "1, " "1, " "1, " "1, " "1, " "1, " "1, " "1, " "1, " "1, " "1, " "1, " "1, " "1, " "1, " "1, " "1, " "1, " "1, " "1, " "1, " "1, " "1, " "1, " "1, " "1, " "1, " "1, " "1, " "1, " "1, " "1, " "1, " "1, " "1, " "1, " "1, " "1, " "1, " "1, " "1, " "1, " "1, " "1, " "1, " "1, " "1, " "1, " "1, " "1, " "1, " "1, " "1, " "1, " "1, " "1, " "1, " "1, " "1, " "1, " "1, " "1, " "1, " "1, " "1, " "1, " "1, " "1, " "1, " "1, " "1, " "1, " "1, " "1, " "1, " "1, " "1, " "1, " "1, " "1, " "1, " "1, " "1, " "1, " "1, " "1, " "1, " "1, " "1, " "1, " "1, " "1, " "1, " "1, " "1, " "1, " "1, " "1, " "1, " "1, " "1, " "1, " "1, " "1, " "1, " "1, " "1, " "1, " "1, " "1, " "1, " "1, " "1, " "1, " "1, " "1, " "1, " "1, " "1, " "1, " "1, " "1, " "1, " "1, " "1, " "1, " "1, " "1, " "1, "0
 "Nei317, 0.19, " "-0.433, " "1, " "1, " "1, " "1, " "1, " "1, " "1, " "1, " "1, " "1, " "1, " "1, " "1, " "1, " "1, " "1, " "1, " "1, " "1, " "1, " "1, " "1, " "1, " "1, " "1, " "1, " "1, " "1, " "1, " "1, " "1, " "1, " "1, " "1, " "1, " "1, " "1, " "1, " "1, " "1, " "1, " "1, " "1, " "1, " "1, " "1, " "1, " "1, " "1, " "1, " "1, " "1, " "1, " "1, " "1, " "1, " "1, " "1, " "1, " "1, " "1, " "1, " "1, " "1, " "1, " "1, " "1, " "1, " "1, " "1, " "1, " "1, " "1, " "1, " "1, " "1, " "1, " "1, " "1, " "1, " "1, " "1, " "1, " "1, " "1, " "1, " "1, " "1, " "1, " "1, " "1, " "1, " "1, " "1, " "1, " "1, " "1, " "1, " "1, " "1, " "1, " "1, " "1, " "1, " "1, " "1, " "1, " "1, " "1, " "1, " "1, " "1, " "1, " "1, " "1, " "1, " "1, " "1, " "1, " "1, " "1, " "1, " "1, " "1, " "1, " "1, " "1, " "1, " "1, " "1, " "1, " "1, " "1, " "1, " "1, " "1, " "1, " "1, " "1, " "1, " "1, " "1, " "1, " "1, " "1, " "1, " "1, " "1, " "1, " "1, " "1, " "1, " "1, " "1, " "1, " "1, " "1, " "1, " "1, " "1, " "1, " "1, " "1, " "1, " "1, " "1, " "1, " "1, " "1, " "1, " "1, " "1, " "1, " "1, " "1, " "1, " "1, " "1, " "1, " "1, " "1, " "1, " "1, " "1, " "1, " "1, " "1, " "1, " "1, " "1, " "1, " "1, " "1, " "1, " "1, " "1, " "1, " "1, " "1, " "1, " "1, " "1, " "1, " "1, " "1, " "1, " "1, " "1, " "1, " "1, " "1, " "1, " "1, " "1, " "1, " "1, " "1, " "1, " "1, " "1, " "1, " "1, " "1, " "1, " "1, " "1, " "1, " "1, " "1, " "1, " "1, " "1, " "1, " "1, " "1, " "1, " "1, " "1, " "1, " "1, " "1, " "1, " "1, " "1, " "1, " "1, " "1, " "1, " "1, " "1, " "1, " "1, " "1, " "1, " "1, " "1, " "1, " "1, " "1, " "1, " "1, " "1, " "1, " "1, " "1, " "1, " "1, " "1, " "1, " "1, " "1, " "1, " "1, " "1, " "1, " "1, " "1, " "1, " "1, " "1, " "1, " "1, " "1, " "1, " "1, " "1, " "1, " "1, " "1, " "1, " "1, " "1, " "1, " "1, " "1, " "1, " "1, " "1, " "1, " "1, " "1, " "1, " "1, " "1, " "1, " "1, " "1, " "1, " "1, " "1, " "1, " "1, " "1, " "1, " "1, " "1, " "1, " "0, " "1, " "1, " "1, " "1, " "1, " "1, " "1, " "1, " "1, " "1, " "1, " "1, " "1, " "1, " "1, " "1, " "1, " "1, " "1, " "1, " "1, " "1, " "1, " "1, " "1, " "1, " "1, " "1, " "1, " "1, " "1, " "1, " "1, " "1, " "1, " "1, " "1, " "1, " "1, " "1, " "1, " "1, " "1, " "1, " "1, " "1, " "1, " "1, " "1, " "1, " "1, " "1, " "1, " "1, " "1, " "1, " "1, " "1, " "1, " "1, " "1, " "1, " "1, " "1, " "1, " "1, " "1, " "1, " "1, " "1, " "1, " "1, " "1, " "1, " "1, " "1, " "1, " "1, " "1, " "1, " "1, " "1, " "1, " "1, " "1, " "1, " "1, " "1, " "1, " "1, " "1, " "1, " "1, " "1, " "1, " "1, " "1, " "1, " "1, " "1, " "1, " "1, " "1, " "1, " "1, " "1, " "1, " "1, " "1, " "1, " "1, " "1, " "1, " "1, " "1, " "1, " "1, " "1, " "1, " "1, " "1, " "1, " "1, " "1, " "1, " "1, " "1, " "1, " "1, " "1, " "1, " "1, " "1, " "1, " "1, " "1, " "1, " "1, " "1, " "1, " "1, " "1, " "1, " "1, " "1, " "1, " "1, " "1, " "1, " "1, " "1, " "1, " "1, " "1, " "1, " "1, " "1, " "1, " "1, " "1, " "1, " "1, " "1, " "1, " "1, " "1, " "1, " "1, " "1, " "1, " "1, " "1, " "1, " "1, " "1, " "1, " "1, " "1, " "1, " "1, " "1, " "1, " "1, " "1, " "1, " "1, " "1, " "1, " "1, " "1, " "1, " "1, " "1, " "1, " "1, "0
 "Nei318, 0.294, " "-0.623, " "1, " "1, " "1, " "1, " "1, " "1, " "1, " "1, " "1, " "1, " "1, " "1, " "1, " "1, " "1, " "1, " "1, " "1, " "1, " "1, " "1, " "1, " "1, " "1, " "1, " "1, " "1, " "1, " "1, " "1, " "1, " "1, " "1, " "1, " "1, " "1, " "1, " "1, " "1, " "1, " "1, " "1, " "1, " "1, " "1, " "1, " "1, " "1, " "1, " "1, " "1, " "1, " "1, " "1, " "1, " "1, " "1, " "1, " "1, " "1, " "1, " "1, " "1, " "1, " "1, " "1, " "1, " "1, " "1, " "1, " "1, " "1, " "1, " "1, " "1, " "1, " "1, " "1, " "1, " "1, " "1, " "1, " "1, " "1, " "1, " "1, " "1, " "1, " "1, " "1, " "1, " "1, " "1, " "1, " "1, " "1, " "1, " "1, " "1, " "1, " "1, " "1, " "1, " "1, " "1, " "1, " "1, " "1, " "1, " "1, " "1, " "1, " "1, " "1, " "1, " "1, " "1, " "1, " "1, " "1, " "1, " "1, " "1, " "1, " "1, " "1, " "1, " "1, " "1, " "1, " "1, " "1, " "1, " "1, " "1, " "1, " "1, " "1, " "1, " "1, " "1, " "1, " "1, " "1, " "1, " "1, " "1, " "1, " "1, " "1, " "1, " "1, " "1, " "1, " "1, " "1, " "1, " "1, " "1, " "1, " "1, " "1, " "1, " "1, " "1, " "1, " "1, " "1, " "1, " "1, " "1, " "1, " "1, " "1, " "1, " "1, " "1, " "1, " "1, " "1, " "1, " "1, " "1, " "1, " "1, " "1, " "1, " "1, " "1, " "1, " "1, " "1, " "1, " "1, " "1, " "1, " "1, " "1, " "1, " "1, " "1, " "1, " "1, " "1, " "1, " "1, " "1, " "1, " "1, " "1, " "1, " "1, " "1, " "1, " "1, " "1, " "1, " "1, " "1, " "1, " "1, " "1, " "1, " "1, " "1, " "1, " "1, " "1, " "1, " "1, " "1, " "1, " "1, " "1, " "1, " "1, " "1, " "1, " "1, " "1, " "1, " "1, " "1, " "1, " "1, " "1, " "1, " "1, " "1, " "1, " "1, " "1, " "1, " "1, " "1, " "1, " "1, " "1, " "1, " "1, " "1, " "1, " "1, " "1, " "1, " "1, " "1, " "1, " "1, " "1, " "1, " "1, " "1, " "1, " "1, " "1, " "1, " "1, " "1, " "1, " "1, " "1, " "1, " "1, " "1, " "1, " "1, " "1, " "1, " "1, " "1, " "1, " "1, " "1, " "1, " "1, " "1, " "1, " "1, " "1, " "1, " "1, " "1, " "1, " "1, " "1, " "1, " "1, " "1, " "1, " "1, " "1, " "1, " "1, " "1, " "1, " "1, " "1, " "0, " "1, " "1, " "1, " "1, " "1, " "1, " "1, " "1, " "1, " "1, " "1, " "1, " "1, " "1, " "1, " "1, " "1, " "1, " "1, " "1, " "1, " "1, " "1, " "1, " "1, " "1, " "1, " "1, " "1, " "1, " "1, " "1, " "1, " "1, " "1, " "1, " "1, " "1, " "1, " "1, " "1, " "1, " "1, " "1, " "1, " "1, " "1, " "1, " "1, " "1, " "1, " "1, " "1, " "1, " "1, " "1, " "1, " "1, " "1, " "1, " "1, " "1, " "1, " "1, " "1, " "1, " "1, " "1, " "1, " "1, " "1, " "1, " "1, " "1, " "1, " "1, " "1, " "1, " "1, " "1, " "1, " "1, " "1, " "1, " "1, " "1, " "1, " "1, " "1, " "1, " "1, " "1, " "1, " "1, " "1, " "1, " "1, " "1, " "1, " "1, " "1, " "1, " "1, " "1, " "1, " "1, " "1, " "1, " "1, " "1, " "1, " "1, " "1, " "1, " "1, " "1, " "1, " "1, " "1, " "1, " "1, " "1, " "1, " "1, " "1, " "1, " "1, " "1, " "1, " "1, " "1, " "1, " "1, " "1, " "1, " "1, " "1, " "1, " "1, " "1, " "1, " "1, " "1, " "1, " "1, " "1, " "1, " "1, " "1, " "1, " "1, " "1, " "1, " "1, " "1, " "1, " "1, " "1, " "1, " "1, " "1, " "1, " "1, " "1, " "1, " "1, " "1, " "1, " "1, " "1, " "1, " "1, " "1, " "1, " "1, " "1, " "1, " "1, " "1, " "1, " "1, " "1, " "1, " "1, " "1, " "1, " "1, " "1, " "1, " "1, " "1, " "1, " "1, " "1, "0
 "Nei319, 0.049, " "-0.963, " "1, " "1, " "1, " "1, " "1, " "1, " "1, " "1, " "1, " "1, " "1, " "1, " "1, " "1, " "1, " "1, " "1, " "1, " "1, " "1, " "1, " "1, " "1, " "1, " "1, " "1, " "1, " "1, " "1, " "1, " "1, " "1, " "1, " "1, " "1, " "1, " "1, " "1, " "1, " "1, " "1, " "1, " "1, " "1, " "1, " "1, " "1, " "1, " "1, " "1, " "1, " "1, " "1, " "1, " "1, " "1, " "1, " "1, " "1, " "1, " "1, " "1, " "1, " "1, " "1, " "1, " "1, " "1, " "1, " "1, " "1, " "1, " "1, " "1, " "1, " "1, " "1, " "1, " "1, " "1, " "1, " "1, " "1, " "1, " "1, " "1, " "1, " "1, " "1, " "1, " "1, " "1, " "1, " "1, " "1, " "1, " "1, " "1, " "1, " "1, " "1, " "1, " "1, " "1, " "1, " "1, " "1, " "1, " "1, " "1, " "1, " "1, " "1, " "1, " "1, " "1, " "1, " "1, " "1, " "1, " "1, " "1, " "1, " "1, " "1, " "1, " "1, " "1, " "1, " "1, " "1, " "1, " "1, " "1, " "1, " "1, " "1, " "1, " "1, " "1, " "1, " "1, " "1, " "1, " "1, " "1, " "1, " "1, " "1, " "1, " "1, " "1, " "1, " "1, " "1, " "1, " "1, " "1, " "1, " "1, " "1, " "1, " "1, " "1, " "1, " "1, " "1, " "1, " "1, " "1, " "1, " "1, " "1, " "1, " "1, " "1, " "1, " "1, " "1, " "1, " "1, " "1, " "1, " "1, " "1, " "1, " "1, " "1, " "1, " "1, " "1, " "1, " "1, " "1, " "1, " "1, " "1, " "1, " "1, " "1, " "1, " "1, " "1, " "1, " "1, " "1, " "1, " "1, " "1, " "1, " "1, " "1, " "1, " "1, " "1, " "1, " "1, " "1, " "1, " "1, " "1, " "1, " "1, " "1, " "1, " "1, " "1, " "1, " "1, " "1, " "1, " "1, " "1, " "1, " "1, " "1, " "1, " "1, " "1, " "1, " "1, " "1, " "1, " "1, " "1, " "1, " "1, " "1, " "1, " "1, " "1, " "1, " "1, " "1, " "1, " "1, " "1, " "1, " "1, " "1, " "1, " "1, " "1, " "1, " "1, " "1, " "1, " "1, " "1, " "1, " "1, " "1, " "1, " "1, " "1, " "1, " "1, " "1, " "1, " "1, " "1, " "1, " "1, " "1, " "1, " "1, " "1, " "1, " "1, " "1, " "1, " "1, " "1, " "1, " "1, " "1, " "1, " "1, " "1, " "1, " "1, " "1, " "1, " "1, " "1, " "1, " "1, " "1, " "1, " "1, " "1, " "1, " "1, " "1, " "1, " "1, " "1, " "1, " "1, " "0, " "1, " "1, " "1, " "1, " "1, " "1, " "1, " "1, " "1, " "1, " "1, " "1, " "1, " "1, " "1, " "1, " "1, " "1, " "1, " "1, " "1, " "1, " "1, " "1, " "1, " "1, " "1, " "1, " "1, " "1, " "1, " "1, " "1, " "1, " "1, " "1, " "1, " "1, " "1, " "1, " "1, " "1, " "1, " "1, " "1, " "1, " "1, " "1, " "1, " "1, " "1, " "1, " "1, " "1, " "1, " "1, " "1, " "1, " "1, " "1, " "1, " "1, " "1, " "1, " "1, " "1, " "1, " "1, " "1, " "1, " "1, " "1, " "1, " "1, " "1, " "1, " "1, " "1, " "1, " "1, " "1, " "1, " "1, " "1, " "1, " "1, " "1, " "1, " "1, " "1, " "1, " "1, " "1, " "1, " "1, " "1, " "1, " "1, " "1, " "1, " "1, " "1, " "1, " "1, " "1, " "1, " "1, " "1, " "1, " "1, " "1, " "1, " "1, " "1, " "1, " "1, " "1, " "1, " "1, " "1, " "1, " "1, " "1, " "1, " "1, " "1, " "1, " "1, " "1, " "1, " "1, " "1, " "1, " "1, " "1, " "1, " "1, " "1, " "1, " "1, " "1, " "1, " "1, " "1, " "1, " "1, " "1, " "1, " "1, " "1, " "1, " "1, " "1, " "1, " "1, " "1, " "1, " "1, " "1, " "1, " "1, " "1, " "1, " "1, " "1, " "1, " "1, " "1, " "1, " "1, " "1, " "1, " "1, " "1, " "1, " "1, " "1, " "1, " "1, " "1, " "1, " "1, " "1, " "1, " "1, " "1, " "1, " "1, " "1, " "1, " "1, " "1, " "1, "0
 "Nei320, 0.06, " "0.942, " "1, " "1, " "1, " "1, " "1, " "1, " "1, " "1, " "1, " "1, " "1, " "1, " "1, " "1, " "1, " "1, " "1, " "1, " "1, " "1, " "1, " "1, " "1, " "1, " "1, " "1, " "1, " "1, " "1, " "1, " "1, " "1, " "1, " "1, " "1, " "1, " "1, " "1, " "1, " "1, " "1, " "1, " "1, " "1, " "1, " "1, " "1, " "1, " "1, " "1, " "1, " "1, " "1, " "1, " "1, " "1, " "1, " "1, " "1, " "1, " "1, " "1, " "1, " "1, " "1, " "1, " "1, " "1, " "1, " "1, " "1, " "1, " "1, " "1, " "1, " "1, " "1, " "1, " "1, " "1, " "1, " "1, " "1, " "1, " "1, " "1, " "1, " "1, " "1, " "1, " "1, " "1, " "1, " "1, " "1, " "1, " "1, " "1, " "1, " "1, " "1, " "1, " "1, " "1, " "1, " "1, " "1, " "1, " "1, " "1, " "1, " "1, " "1, " "1, " "1, " "1, " "1, " "1, " "1, " "1, " "1, " "1, " "1, " "1, " "1, " "1, " "1, " "1, " "1, " "1, " "1, " "1, " "1, " "1, " "1, " "1, " "1, " "1, " "1, " "1, " "1, " "1, " "1, " "1, " "1, " "1, " "1, " "1, " "1, " "1, " "1, " "1, " "1, " "1, " "1, " "1, " "1, " "1, " "1, " "1, " "1, " "1, " "1, " "1, " "1, " "1, " "1, " "1, " "1, " "1, " "1, " "1, " "1, " "1, " "1, " "1, " "1, " "1, " "1, " "1, " "1, " "1, " "1, " "1, " "1, " "1, " "1, " "1, " "1, " "1, " "1, " "1, " "1, " "1, " "1, " "1, " "1, " "1, " "1, " "1, " "1, " "1, " "1, " "1, " "1, " "1, " "1, " "1, " "1, " "1, " "1, " "1, " "1, " "1, " "1, " "1, " "1, " "1, " "1, " "1, " "1, " "1, " "1, " "1, " "1, " "1, " "1, " "1, " "1, " "1, " "1, " "1, " "1, " "1, " "1, " "1, " "1, " "1, " "1, " "1, " "1, " "1, " "1, " "1, " "1, " "1, " "1, " "1, " "1, " "1, " "1, " "1, " "1, " "1, " "1, " "1, " "1, " "1, " "1, " "1, " "1, " "1, " "1, " "1, " "1, " "1, " "1, " "1, " "1, " "1, " "1, " "1, " "1, " "1, " "1, " "1, " "1, " "1, " "1, " "1, " "1, " "1, " "1, " "1, " "1, " "1, " "1, " "1, " "1, " "1, " "1, " "1, " "1, " "1, " "1, " "1, " "1, " "1, " "1, " "1, " "1, " "1, " "1, " "1, " "1, " "1, " "1, " "1, " "1, " "1, " "1, " "1, " "1, " "1, " "1, " "1, " "1, " "1, " "1, " "1, " "0, " "1, " "1, " "1, " "1, " "1, " "1, " "1, " "1, " "1, " "1, " "1, " "1, " "1, " "1, " "1, " "1, " "1, " "1, " "1, " "1, " "1, " "1, " "1, " "1, " "1, " "1, " "1, " "1, " "1, " "1, " "1, " "1, " "1, " "1, " "1, " "1, " "1, " "1, " "1, " "1, " "1, " "1, " "1, " "1, " "1, " "1, " "1, " "1, " "1, " "1, " "1, " "1, " "1, " "1, " "1, " "1, " "1, " "1, " "1, " "1, " "1, " "1, " "1, " "1, " "1, " "1, " "1, " "1, " "1, " "1, " "1, " "1, " "1, " "1, " "1, " "1, " "1, " "1, " "1, " "1, " "1, " "1, " "1, " "1, " "1, " "1, " "1, " "1, " "1, " "1, " "1, " "1, " "1, " "1, " "1, " "1, " "1, " "1, " "1, " "1, " "1, " "1, " "1, " "1, " "1, " "1, " "1, " "1, " "1, " "1, " "1, " "1, " "1, " "1, " "1, " "1, " "1, " "1, " "1, " "1, " "1, " "1, " "1, " "1, " "1, " "1, " "1, " "1, " "1, " "1, " "1, " "1, " "1, " "1, " "1, " "1, " "1, " "1, " "1, " "1, " "1, " "1, " "1, " "1, " "1, " "1, " "1, " "1, " "1, " "1, " "1, " "1, " "1, " "1, " "1, " "1, " "1, " "1, " "1, " "1, " "1, " "1, " "1, " "1, " "1, " "1, " "1, " "1, " "1, " "1, " "1, " "1, " "1, " "1, " "1, " "1, " "1, " "1, " "1, " "1, " "1, " "1, " "1, " "1, " "1, " "1, " "1, " "1, " "1, " "1, " "1, " "1, "0
 "Nei321, 0.165, " "-0.106, " "1, " "1, " "1, " "1, " "1, " "1, " "1, " "1, " "1, " "1, " "1, " "1, " "1, " "1, " "1, " "1, " "1, " "1, " "1, " "1, " "1, " "1, " "1, " "1, " "1, " "1, " "1, " "1, " "1, " "1, " "1, " "1, " "1, " "1, " "1, " "1, " "1, " "1, " "1, " "1, " "1, " "1, " "1, " "1, " "1, " "1, " "1, " "1, " "1, " "1, " "1, " "1, " "1, " "1, " "1, " "1, " "1, " "1, " "1, " "1, " "1, " "1, " "1, " "1, " "1, " "1, " "1, " "1, " "1, " "1, " "1, " "1, " "1, " "1, " "1, " "1, " "1, " "1, " "1, " "1, " "1, " "1, " "1, " "1, " "1, " "1, " "1, " "1, " "1, " "1, " "1, " "1, " "1, " "1, " "1, " "1, " "1, " "1, " "1, " "1, " "1, " "1, " "1, " "1, " "1, " "1, " "1, " "1, " "1, " "1, " "1, " "1, " "1, " "1, " "1, " "1, " "1, " "1, " "1, " "1, " "1, " "1, " "1, " "1, " "1, " "1, " "1, " "1, " "1, " "1, " "1, " "1, " "1, " "1, " "1, " "1, " "1, " "1, " "1, " "1, " "1, " "1, " "1, " "1, " "1, " "1, " "1, " "1, " "1, " "1, " "1, " "1, " "1, " "1, " "1, " "1, " "1, " "1, " "1, " "1, " "1, " "1, " "1, " "1, " "1, " "1, " "1, " "1, " "1, " "1, " "1, " "1, " "1, " "1, " "1, " "1, " "1, " "1, " "1, " "1, " "1, " "1, " "1, " "1, " "1, " "1, " "1, " "1, " "1, " "1, " "1, " "1, " "1, " "1, " "1, " "1, " "1, " "1, " "1, " "1, " "1, " "1, " "1, " "1, " "1, " "1, " "1, " "1, " "1, " "1, " "1, " "1, " "1, " "1, " "1, " "1, " "1, " "1, " "1, " "1, " "1, " "1, " "1, " "1, " "1, " "1, " "1, " "1, " "1, " "1, " "1, " "1, " "1, " "1, " "1, " "1, " "1, " "1, " "1, " "1, " "1, " "1, " "1, " "1, " "1, " "1, " "1, " "1, " "1, " "1, " "1, " "1, " "1, " "1, " "1, " "1, " "1, " "1, " "1, " "1, " "1, " "1, " "1, " "1, " "1, " "1, " "1, " "1, " "1, " "1, " "1, " "1, " "1, " "1, " "1, " "1, " "1, " "1, " "1, " "1, " "1, " "1, " "1, " "1, " "1, " "1, " "1, " "1, " "1, " "1, " "1, " "1, " "1, " "1, " "1, " "1, " "1, " "1, " "1, " "1, " "1, " "1, " "1, " "1, " "1, " "1, " "1, " "1, " "1, " "1, " "1, " "1, " "1, " "1, " "1, " "1, " "1, " "1, " "1, " "1, " "1, " "0, " "1, " "1, " "1, " "1, " "1, " "1, " "1, " "1, " "1, " "1, " "1, " "1, " "1, " "1, " "1, " "1, " "1, " "1, " "1, " "1, " "1, " "1, " "1, " "1, " "1, " "1, " "1, " "1, " "1, " "1, " "1, " "1, " "1, " "1, " "1, " "1, " "1, " "1, " "1, " "1, " "1, " "1, " "1, " "1, " "1, " "1, " "1, " "1, " "1, " "1, " "1, " "1, " "1, " "1, " "1, " "1, " "1, " "1, " "1, " "1, " "1, " "1, " "1, " "1, " "1, " "1, " "1, " "1, " "1, " "1, " "1, " "1, " "1, " "1, " "1, " "1, " "1, " "1, " "1, " "1, " "1, " "1, " "1, " "1, " "1, " "1, " "1, " "1, " "1, " "1, " "1, " "1, " "1, " "1, " "1, " "1, " "1, " "1, " "1, " "1, " "1, " "1, " "1, " "1, " "1, " "1, " "1, " "1, " "1, " "1, " "1, " "1, " "1, " "1, " "1, " "1, " "1, " "1, " "1, " "1, " "1, " "1, " "1, " "1, " "1, " "1, " "1, " "1, " "1, " "1, " "1, " "1, " "1, " "1, " "1, " "1, " "1, " "1, " "1, " "1, " "1, " "1, " "1, " "1, " "1, " "1, " "1, " "1, " "1, " "1, " "1, " "1, " "1, " "1, " "1, " "1, " "1, " "1, " "1, " "1, " "1, " "1, " "1, " "1, " "1, " "1, " "1, " "1, " "1, " "1, " "1, " "1, " "1, " "1, " "1, " "1, " "1, " "1, " "1, " "1, " "1, " "1, " "1, " "1, " "1, " "1, " "1, " "1, " "1, " "1, " "1, "0
 "Nei322, 0.263, " "0.861, " "1, " "1, " "1, " "1, " "1, " "1, " "1, " "1, " "1, " "1, " "1, " "1, " "1, " "1, " "1, " "1, " "1, " "1, " "1, " "1, " "1, " "1, " "1, " "1, " "1, " "1, " "1, " "1, " "1, " "1, " "1, " "1, " "1, " "1, " "1, " "1, " "1, " "1, " "1, " "1, " "1, " "1, " "1, " "1, " "1, " "1, " "1, " "1, " "1, " "1, " "1, " "1, " "1, " "1, " "1, " "1, " "1, " "1, " "1, " "1, " "1, " "1, " "1, " "1, " "1, " "1, " "1, " "1, " "1, " "1, " "1, " "1, " "1, " "1, " "1, " "1, " "1, " "1, " "1, " "1, " "1, " "1, " "1, " "1, " "1, " "1, " "1, " "1, " "1, " "1, " "1, " "1, " "1, " "1, " "1, " "1, " "1, " "1, " "1, " "1, " "1, " "1, " "1, " "1, " "1, " "1, " "1, " "1, " "1, " "1, " "1, " "1, " "1, " "1, " "1, " "1, " "1, " "1, " "1, " "1, " "1, " "1, " "1, " "1, " "1, " "1, " "1, " "1, " "1, " "1, " "1, " "1, " "1, " "1, " "1, " "1, " "1, " "1, " "1, " "1, " "1, " "1, " "1, " "1, " "1, " "1, " "1, " "1, " "1, " "1, " "1, " "1, " "1, " "1, " "1, " "1, " "1, " "1, " "1, " "1, " "1, " "1, " "1, " "1, " "1, " "1, " "1, " "1, " "1, " "1, " "1, " "1, " "1, " "1, " "1, " "1, " "1, " "1, " "1, " "1, " "1, " "1, " "1, " "1, " "1, " "1, " "1, " "1, " "1, " "1, " "1, " "1, " "1, " "1, " "1, " "1, " "1, " "1, " "1, " "1, " "1, " "1, " "1, " "1, " "1, " "1, " "1, " "1, " "1, " "1, " "1, " "1, " "1, " "1, " "1, " "1, " "1, " "1, " "1, " "1, " "1, " "1, " "1, " "1, " "1, " "1, " "1, " "1, " "1, " "1, " "1, " "1, " "1, " "1, " "1, " "1, " "1, " "1, " "1, " "1, " "1, " "1, " "1, " "1, " "1, " "1, " "1, " "1, " "1, " "1, " "1, " "1, " "1, " "1, " "1, " "1, " "1, " "1, " "1, " "1, " "1, " "1, " "1, " "1, " "1, " "1, " "1, " "1, " "1, " "1, " "1, " "1, " "1, " "1, " "1, " "1, " "1, " "1, " "1, " "1, " "1, " "1, " "1, " "1, " "1, " "1, " "1, " "1, " "1, " "1, " "1, " "1, " "1, " "1, " "1, " "1, " "1, " "1, " "1, " "1, " "1, " "1, " "1, " "1, " "1, " "1, " "1, " "1, " "1, " "1, " "1, " "1, " "1, " "1, " "1, " "1, " "1, " "1, " "1, " "1, " "1, " "1, " "0, " "1, " "1, " "1, " "1, " "1, " "1, " "1, " "1, " "1, " "1, " "1, " "1, " "1, " "1, " "1, " "1, " "1, " "1, " "1, " "1, " "1, " "1, " "1, " "1, " "1, " "1, " "1, " "1, " "1, " "1, " "1, " "1, " "1, " "1, " "1, " "1, " "1, " "1, " "1, " "1, " "1, " "1, " "1, " "1, " "1, " "1, " "1, " "1, " "1, " "1, " "1, " "1, " "1, " "1, " "1, " "1, " "1, " "1, " "1, " "1, " "1, " "1, " "1, " "1, " "1, " "1, " "1, " "1, " "1, " "1, " "1, " "1, " "1, " "1, " "1, " "1, " "1, " "1, " "1, " "1, " "1, " "1, " "1, " "1, " "1, " "1, " "1, " "1, " "1, " "1, " "1, " "1, " "1, " "1, " "1, " "1, " "1, " "1, " "1, " "1, " "1, " "1, " "1, " "1, " "1, " "1, " "1, " "1, " "1, " "1, " "1, " "1, " "1, " "1, " "1, " "1, " "1, " "1, " "1, " "1, " "1, " "1, " "1, " "1, " "1, " "1, " "1, " "1, " "1, " "1, " "1, " "1, " "1, " "1, " "1, " "1, " "1, " "1, " "1, " "1, " "1, " "1, " "1, " "1, " "1, " "1, " "1, " "1, " "1, " "1, " "1, " "1, " "1, " "1, " "1, " "1, " "1, " "1, " "1, " "1, " "1, " "1, " "1, " "1, " "1, " "1, " "1, " "1, " "1, " "1, " "1, " "1, " "1, " "1, " "1, " "1, " "1, " "1, " "1, " "1, " "1, " "1, " "1, " "1, " "1, " "1, " "1, " "1, " "1, " "1, "0
 "Nei323, 0.253, " "0.265, " "1, " "1, " "1, " "1, " "1, " "1, " "1, " "1, " "1, " "1, " "1, " "1, " "1, " "1, " "1, " "1, " "1, " "1, " "1, " "1, " "1, " "1, " "1, " "1, " "1, " "1, " "1, " "1, " "1, " "1, " "1, " "1, " "1, " "1, " "1, " "1, " "1, " "1, " "1, " "1, " "1, " "1, " "1, " "1, " "1, " "1, " "1, " "1, " "1, " "1, " "1, " "1, " "1, " "1, " "1, " "1, " "1, " "1, " "1, " "1, " "1, " "1, " "1, " "1, " "1, " "1, " "1, " "1, " "1, " "1, " "1, " "1, " "1, " "1, " "1, " "1, " "1, " "1, " "1, " "1, " "1, " "1, " "1, " "1, " "1, " "1, " "1, " "1, " "1, " "1, " "1, " "1, " "1, " "1, " "1, " "1, " "1, " "1, " "1, " "1, " "1, " "1, " "1, " "1, " "1, " "1, " "1, " "1, " "1, " "1, " "1, " "1, " "1, " "1, " "1, " "1, " "1, " "1, " "1, " "1, " "1, " "1, " "1, " "1, " "1, " "1, " "1, " "1, " "1, " "1, " "1, " "1, " "1, " "1, " "1, " "1, " "1, " "1, " "1, " "1, " "1, " "1, " "1, " "1, " "1, " "1, " "1, " "1, " "1, " "1, " "1, " "1, " "1, " "1, " "1, " "1, " "1, " "1, " "1, " "1, " "1, " "1, " "1, " "1, " "1, " "1, " "1, " "1, " "1, " "1, " "1, " "1, " "1, " "1, " "1, " "1, " "1, " "1, " "1, " "1, " "1, " "1, " "1, " "1, " "1, " "1, " "1, " "1, " "1, " "1, " "1, " "1, " "1, " "1, " "1, " "1, " "1, " "1, " "1, " "1, " "1, " "1, " "1, " "1, " "1, " "1, " "1, " "1, " "1, " "1, " "1, " "1, " "1, " "1, " "1, " "1, " "1, " "1, " "1, " "1, " "1, " "1, " "1, " "1, " "1, " "1, " "1, " "1, " "1, " "1, " "1, " "1, " "1, " "1, " "1, " "1, " "1, " "1, " "1, " "1, " "1, " "1, " "1, " "1, " "1, " "1, " "1, " "1, " "1, " "1, " "1, " "1, " "1, " "1, " "1, " "1, " "1, " "1, " "1, " "1, " "1, " "1, " "1, " "1, " "1, " "1, " "1, " "1, " "1, " "1, " "1, " "1, " "1, " "1, " "1, " "1, " "1, " "1, " "1, " "1, " "1, " "1, " "1, " "1, " "1, " "1, " "1, " "1, " "1, " "1, " "1, " "1, " "1, " "1, " "1, " "1, " "1, " "1, " "1, " "1, " "1, " "1, " "1, " "1, " "1, " "1, " "1, " "1, " "1, " "1, " "1, " "1, " "1, " "1, " "1, " "1, " "1, " "1, " "1, " "1, " "1, " "1, " "1, " "0, " "1, " "1, " "1, " "1, " "1, " "1, " "1, " "1, " "1, " "1, " "1, " "1, " "1, " "1, " "1, " "1, " "1, " "1, " "1, " "1, " "1, " "1, " "1, " "1, " "1, " "1, " "1, " "1, " "1, " "1, " "1, " "1, " "1, " "1, " "1, " "1, " "1, " "1, " "1, " "1, " "1, " "1, " "1, " "1, " "1, " "1, " "1, " "1, " "1, " "1, " "1, " "1, " "1, " "1, " "1, " "1, " "1, " "1, " "1, " "1, " "1, " "1, " "1, " "1, " "1, " "1, " "1, " "1, " "1, " "1, " "1, " "1, " "1, " "1, " "1, " "1, " "1, " "1, " "1, " "1, " "1, " "1, " "1, " "1, " "1, " "1, " "1, " "1, " "1, " "1, " "1, " "1, " "1, " "1, " "1, " "1, " "1, " "1, " "1, " "1, " "1, " "1, " "1, " "1, " "1, " "1, " "1, " "1, " "1, " "1, " "1, " "1, " "1, " "1, " "1, " "1, " "1, " "1, " "1, " "1, " "1, " "1, " "1, " "1, " "1, " "1, " "1, " "1, " "1, " "1, " "1, " "1, " "1, " "1, " "1, " "1, " "1, " "1, " "1, " "1, " "1, " "1, " "1, " "1, " "1, " "1, " "1, " "1, " "1, " "1, " "1, " "1, " "1, " "1, " "1, " "1, " "1, " "1, " "1, " "1, " "1, " "1, " "1, " "1, " "1, " "1, " "1, " "1, " "1, " "1, " "1, " "1, " "1, " "1, " "1, " "1, " "1, " "1, " "1, " "1, " "1, " "1, " "1, " "1, " "1, " "1, " "1, " "1, " "1, "0
 "Nei324, 0.355, " "0.295, " "1, " "1, " "1, " "1, " "1, " "1, " "1, " "1, " "1, " "1, " "1, " "1, " "1, " "1, " "1, " "1, " "1, " "1, " "1, " "1, " "1, " "1, " "1, " "1, " "1, " "1, " "1, " "1, " "1, " "1, " "1, " "1, " "1, " "1, " "1, " "1, " "1, " "1, " "1, " "1, " "1, " "1, " "1, " "1, " "1, " "1, " "1, " "1, " "1, " "1, " "1, " "1, " "1, " "1, " "1, " "1, " "1, " "1, " "1, " "1, " "1, " "1, " "1, " "1, " "1, " "1, " "1, " "1, " "1, " "1, " "1, " "1, " "1, " "1, " "1, " "1, " "1, " "1, " "1, " "1, " "1, " "1, " "1, " "1, " "1, " "1, " "1, " "1, " "1, " "1, " "1, " "1, " "1, " "1, " "1, " "1, " "1, " "1, " "1, " "1, " "1, " "1, " "1, " "1, " "1, " "1, " "1, " "1, " "1, " "1, " "1, " "1, " "1, " "1, " "1, " "1, " "1, " "1, " "1, " "1, " "1, " "1, " "1, " "1, " "1, " "1, " "1, " "1, " "1, " "1, " "1, " "1, " "1, " "1, " "1, " "1, " "1, " "1, " "1, " "1, " "1, " "1, " "1, " "1, " "1, " "1, " "1, " "1, " "1, " "1, " "1, " "1, " "1, " "1, " "1, " "1, " "1, " "1, " "1, " "1, " "1, " "1, " "1, " "1, " "1, " "1, " "1, " "1, " "1, " "1, " "1, " "1, " "1, " "1, " "1, " "1, " "1, " "1, " "1, " "1, " "1, " "1, " "1, " "1, " "1, " "1, " "1, " "1, " "1, " "1, " "1, " "1, " "1, " "1, " "1, " "1, " "1, " "1, " "1, " "1, " "1, " "1, " "1, " "1, " "1, " "1, " "1, " "1, " "1, " "1, " "1, " "1, " "1, " "1, " "1, " "1, " "1, " "1, " "1, " "1, " "1, " "1, " "1, " "1, " "1, " "1, " "1, " "1, " "1, " "1, " "1, " "1, " "1, " "1, " "1, " "1, " "1, " "1, " "1, " "1, " "1, " "1, " "1, " "1, " "1, " "1, " "1, " "1, " "1, " "1, " "1, " "1, " "1, " "1, " "1, " "1, " "1, " "1, " "1, " "1, " "1, " "1, " "1, " "1, " "1, " "1, " "1, " "1, " "1, " "1, " "1, " "1, " "1, " "1, " "1, " "1, " "1, " "1, " "1, " "1, " "1, " "1, " "1, " "1, " "1, " "1, " "1, " "1, " "1, " "1, " "1, " "1, " "1, " "1, " "1, " "1, " "1, " "1, " "1, " "1, " "1, " "1, " "1, " "1, " "1, " "1, " "1, " "1, " "1, " "1, " "1, " "1, " "1, " "1, " "1, " "1, " "1, " "1, " "1, " "1, " "1, " "1, " "1, " "1, " "0, " "1, " "1, " "1, " "1, " "1, " "1, " "1, " "1, " "1, " "1, " "1, " "1, " "1, " "1, " "1, " "1, " "1, " "1, " "1, " "1, " "1, " "1, " "1, " "1, " "1, " "1, " "1, " "1, " "1, " "1, " "1, " "1, " "1, " "1, " "1, " "1, " "1, " "1, " "1, " "1, " "1, " "1, " "1, " "1, " "1, " "1, " "1, " "1, " "1, " "1, " "1, " "1, " "1, " "1, " "1, " "1, " "1, " "1, " "1, " "1, " "1, " "1, " "1, " "1, " "1, " "1, " "1, " "1, " "1, " "1, " "1, " "1, " "1, " "1, " "1, " "1, " "1, " "1, " "1, " "1, " "1, " "1, " "1, " "1, " "1, " "1, " "1, " "1, " "1, " "1, " "1, " "1, " "1, " "1, " "1, " "1, " "1, " "1, " "1, " "1, " "1, " "1, " "1, " "1, " "1, " "1, " "1, " "1, " "1, " "1, " "1, " "1, " "1, " "1, " "1, " "1, " "1, " "1, " "1, " "1, " "1, " "1, " "1, " "1, " "1, " "1, " "1, " "1, " "1, " "1, " "1, " "1, " "1, " "1, " "1, " "1, " "1, " "1, " "1, " "1, " "1, " "1, " "1, " "1, " "1, " "1, " "1, " "1, " "1, " "1, " "1, " "1, " "1, " "1, " "1, " "1, " "1, " "1, " "1, " "1, " "1, " "1, " "1, " "1, " "1, " "1, " "1, " "1, " "1, " "1, " "1, " "1, " "1, " "1, " "1, " "1, " "1, " "1, " "1, " "1, " "1, " "1, " "1, " "1, " "1, " "1, " "1, " "1, "0
 "Nei325, 0.274, " "0.307, " "1, " "1, " "1, " "1, " "1, " "1, " "1, " "1, " "1, " "1, " "1, " "1, " "1, " "1, " "1, " "1, " "1, " "1, " "1, " "1, " "1, " "1, " "1, " "1, " "1, " "1, " "1, " "1, " "1, " "1, " "1, " "1, " "1, " "1, " "1, " "1, " "1, " "1, " "1, " "1, " "1, " "1, " "1, " "1, " "1, " "1, " "1, " "1, " "1, " "1, " "1, " "1, " "1, " "1, " "1, " "1, " "1, " "1, " "1, " "1, " "1, " "1, " "1, " "1, " "1, " "1, " "1, " "1, " "1, " "1, " "1, " "1, " "1, " "1, " "1, " "1, " "1, " "1, " "1, " "1, " "1, " "1, " "1, " "1, " "1, " "1, " "1, " "1, " "1, " "1, " "1, " "1, " "1, " "1, " "1, " "1, " "1, " "1, " "1, " "1, " "1, " "1, " "1, " "1, " "1, " "1, " "1, " "1, " "1, " "1, " "1, " "1, " "1, " "1, " "1, " "1, " "1, " "1, " "1, " "1, " "1, " "1, " "1, " "1, " "1, " "1, " "1, " "1, " "1, " "1, " "1, " "1, " "1, " "1, " "1, " "1, " "1, " "1, " "1, " "1, " "1, " "1, " "1, " "1, " "1, " "1, " "1, " "1, " "1, " "1, " "1, " "1, " "1, " "1, " "1, " "1, " "1, " "1, " "1, " "1, " "1, " "1, " "1, " "1, " "1, " "1, " "1, " "1, " "1, " "1, " "1, " "1, " "1, " "1, " "1, " "1, " "1, " "1, " "1, " "1, " "1, " "1, " "1, " "1, " "1, " "1, " "1, " "1, " "1, " "1, " "1, " "1, " "1, " "1, " "1, " "1, " "1, " "1, " "1, " "1, " "1, " "1, " "1, " "1, " "1, " "1, " "1, " "1, " "1, " "1, " "1, " "1, " "1, " "1, " "1, " "1, " "1, " "1, " "1, " "1, " "1, " "1, " "1, " "1, " "1, " "1, " "1, " "1, " "1, " "1, " "1, " "1, " "1, " "1, " "1, " "1, " "1, " "1, " "1, " "1, " "1, " "1, " "1, " "1, " "1, " "1, " "1, " "1, " "1, " "1, " "1, " "1, " "1, " "1, " "1, " "1, " "1, " "1, " "1, " "1, " "1, " "1, " "1, " "1, " "1, " "1, " "1, " "1, " "1, " "1, " "1, " "1, " "1, " "1, " "1, " "1, " "1, " "1, " "1, " "1, " "1, " "1, " "1, " "1, " "1, " "1, " "1, " "1, " "1, " "1, " "1, " "1, " "1, " "1, " "1, " "1, " "1, " "1, " "1, " "1, " "1, " "1, " "1, " "1, " "1, " "1, " "1, " "1, " "1, " "1, " "1, " "1, " "1, " "1, " "1, " "1, " "1, " "1, " "1, " "1, " "1, " "1, " "1, " "1, " "1, " "0, " "1, " "1, " "1, " "1, " "1, " "1, " "1, " "1, " "1, " "1, " "1, " "1, " "1, " "1, " "1, " "1, " "1, " "1, " "1, " "1, " "1, " "1, " "1, " "1, " "1, " "1, " "1, " "1, " "1, " "1, " "1, " "1, " "1, " "1, " "1, " "1, " "1, " "1, " "1, " "1, " "1, " "1, " "1, " "1, " "1, " "1, " "1, " "1, " "1, " "1, " "1, " "1, " "1, " "1, " "1, " "1, " "1, " "1, " "1, " "1, " "1, " "1, " "1, " "1, " "1, " "1, " "1, " "1, " "1, " "1, " "1, " "1, " "1, " "1, " "1, " "1, " "1, " "1, " "1, " "1, " "1, " "1, " "1, " "1, " "1, " "1, " "1, " "1, " "1, " "1, " "1, " "1, " "1, " "1, " "1, " "1, " "1, " "1, " "1, " "1, " "1, " "1, " "1, " "1, " "1, " "1, " "1, " "1, " "1, " "1, " "1, " "1, " "1, " "1, " "1, " "1, " "1, " "1, " "1, " "1, " "1, " "1, " "1, " "1, " "1, " "1, " "1, " "1, " "1, " "1, " "1, " "1, " "1, " "1, " "1, " "1, " "1, " "1, " "1, " "1, " "1, " "1, " "1, " "1, " "1, " "1, " "1, " "1, " "1, " "1, " "1, " "1, " "1, " "1, " "1, " "1, " "1, " "1, " "1, " "1, " "1, " "1, " "1, " "1, " "1, " "1, " "1, " "1, " "1, " "1, " "1, " "1, " "1, " "1, " "1, " "1, " "1, " "1, " "1, " "1, " "1, " "1, " "1, " "1, " "1, " "1, " "1, "0
 "Nei326, 0.073, " "0.354, " "1, " "1, " "1, " "1, " "1, " "1, " "1, " "1, " "1, " "1, " "1, " "1, " "1, " "1, " "1, " "1, " "1, " "1, " "1, " "1, " "1, " "1, " "1, " "1, " "1, " "1, " "1, " "1, " "1, " "1, " "1, " "1, " "1, " "1, " "1, " "1, " "1, " "1, " "1, " "1, " "1, " "1, " "1, " "1, " "1, " "1, " "1, " "1, " "1, " "1, " "1, " "1, " "1, " "1, " "1, " "1, " "1, " "1, " "1, " "1, " "1, " "1, " "1, " "1, " "1, " "1, " "1, " "1, " "1, " "1, " "1, " "1, " "1, " "1, " "1, " "1, " "1, " "1, " "1, " "1, " "1, " "1, " "1, " "1, " "1, " "1, " "1, " "1, " "1, " "1, " "1, " "1, " "1, " "1, " "1, " "1, " "1, " "1, " "1, " "1, " "1, " "1, " "1, " "1, " "1, " "1, " "1, " "1, " "1, " "1, " "1, " "1, " "1, " "1, " "1, " "1, " "1, " "1, " "1, " "1, " "1, " "1, " "1, " "1, " "1, " "1, " "1, " "1, " "1, " "1, " "1, " "1, " "1, " "1, " "1, " "1, " "1, " "1, " "1, " "1, " "1, " "1, " "1, " "1, " "1, " "1, " "1, " "1, " "1, " "1, " "1, " "1, " "1, " "1, " "1, " "1, " "1, " "1, " "1, " "1, " "1, " "1, " "1, " "1, " "1, " "1, " "1, " "1, " "1, " "1, " "1, " "1, " "1, " "1, " "1, " "1, " "1, " "1, " "1, " "1, " "1, " "1, " "1, " "1, " "1, " "1, " "1, " "1, " "1, " "1, " "1, " "1, " "1, " "1, " "1, " "1, " "1, " "1, " "1, " "1, " "1, " "1, " "1, " "1, " "1, " "1, " "1, " "1, " "1, " "1, " "1, " "1, " "1, " "1, " "1, " "1, " "1, " "1, " "1, " "1, " "1, " "1, " "1, " "1, " "1, " "1, " "1, " "1, " "1, " "1, " "1, " "1, " "1, " "1, " "1, " "1, " "1, " "1, " "1, " "1, " "1, " "1, " "1, " "1, " "1, " "1, " "1, " "1, " "1, " "1, " "1, " "1, " "1, " "1, " "1, " "1, " "1, " "1, " "1, " "1, " "1, " "1, " "1, " "1, " "1, " "1, " "1, " "1, " "1, " "1, " "1, " "1, " "1, " "1, " "1, " "1, " "1, " "1, " "1, " "1, " "1, " "1, " "1, " "1, " "1, " "1, " "1, " "1, " "1, " "1, " "1, " "1, " "1, " "1, " "1, " "1, " "1, " "1, " "1, " "1, " "1, " "1, " "1, " "1, " "1, " "1, " "1, " "1, " "1, " "1, " "1, " "1, " "1, " "1, " "1, " "1, " "1, " "1, " "1, " "1, " "1, " "1, " "1, " "1, " "1, " "1, " "0, " "1, " "1, " "1, " "1, " "1, " "1, " "1, " "1, " "1, " "1, " "1, " "1, " "1, " "1, " "1, " "1, " "1, " "1, " "1, " "1, " "1, " "1, " "1, " "1, " "1, " "1, " "1, " "1, " "1, " "1, " "1, " "1, " "1, " "1, " "1, " "1, " "1, " "1, " "1, " "1, " "1, " "1, " "1, " "1, " "1, " "1, " "1, " "1, " "1, " "1, " "1, " "1, " "1, " "1, " "1, " "1, " "1, " "1, " "1, " "1, " "1, " "1, " "1, " "1, " "1, " "1, " "1, " "1, " "1, " "1, " "1, " "1, " "1, " "1, " "1, " "1, " "1, " "1, " "1, " "1, " "1, " "1, " "1, " "1, " "1, " "1, " "1, " "1, " "1, " "1, " "1, " "1, " "1, " "1, " "1, " "1, " "1, " "1, " "1, " "1, " "1, " "1, " "1, " "1, " "1, " "1, " "1, " "1, " "1, " "1, " "1, " "1, " "1, " "1, " "1, " "1, " "1, " "1, " "1, " "1, " "1, " "1, " "1, " "1, " "1, " "1, " "1, " "1, " "1, " "1, " "1, " "1, " "1, " "1, " "1, " "1, " "1, " "1, " "1, " "1, " "1, " "1, " "1, " "1, " "1, " "1, " "1, " "1, " "1, " "1, " "1, " "1, " "1, " "1, " "1, " "1, " "1, " "1, " "1, " "1, " "1, " "1, " "1, " "1, " "1, " "1, " "1, " "1, " "1, " "1, " "1, " "1, " "1, " "1, " "1, " "1, " "1, " "1, " "1, " "1, " "1, " "1, " "1, " "1, " "1, " "1, "0
 "Nei327, 0.217, " "0.117, " "1, " "1, " "1, " "1, " "1, " "1, " "1, " "1, " "1, " "1, " "1, " "1, " "1, " "1, " "1, " "1, " "1, " "1, " "1, " "1, " "1, " "1, " "1, " "1, " "1, " "1, " "1, " "1, " "1, " "1, " "1, " "1, " "1, " "1, " "1, " "1, " "1, " "1, " "1, " "1, " "1, " "1, " "1, " "1, " "1, " "1, " "1, " "1, " "1, " "1, " "1, " "1, " "1, " "1, " "1, " "1, " "1, " "1, " "1, " "1, " "1, " "1, " "1, " "1, " "1, " "1, " "1, " "1, " "1, " "1, " "1, " "1, " "1, " "1, " "1, " "1, " "1, " "1, " "1, " "1, " "1, " "1, " "1, " "1, " "1, " "1, " "1, " "1, " "1, " "1, " "1, " "1, " "1, " "1, " "1, " "1, " "1, " "1, " "1, " "1, " "1, " "1, " "1, " "1, " "1, " "1, " "1, " "1, " "1, " "1, " "1, " "1, " "1, " "1, " "1, " "1, " "1, " "1, " "1, " "1, " "1, " "1, " "1, " "1, " "1, " "1, " "1, " "1, " "1, " "1, " "1, " "1, " "1, " "1, " "1, " "1, " "1, " "1, " "1, " "1, " "1, " "1, " "1, " "1, " "1, " "1, " "1, " "1, " "1, " "1, " "1, " "1, " "1, " "1, " "1, " "1, " "1, " "1, " "1, " "1, " "1, " "1, " "1, " "1, " "1, " "1, " "1, " "1, " "1, " "1, " "1, " "1, " "1, " "1, " "1, " "1, " "1, " "1, " "1, " "1, " "1, " "1, " "1, " "1, " "1, " "1, " "1, " "1, " "1, " "1, " "1, " "1, " "1, " "1, " "1, " "1, " "1, " "1, " "1, " "1, " "1, " "1, " "1, " "1, " "1, " "1, " "1, " "1, " "1, " "1, " "1, " "1, " "1, " "1, " "1, " "1, " "1, " "1, " "1, " "1, " "1, " "1, " "1, " "1, " "1, " "1, " "1, " "1, " "1, " "1, " "1, " "1, " "1, " "1, " "1, " "1, " "1, " "1, " "1, " "1, " "1, " "1, " "1, " "1, " "1, " "1, " "1, " "1, " "1, " "1, " "1, " "1, " "1, " "1, " "1, " "1, " "1, " "1, " "1, " "1, " "1, " "1, " "1, " "1, " "1, " "1, " "1, " "1, " "1, " "1, " "1, " "1, " "1, " "1, " "1, " "1, " "1, " "1, " "1, " "1, " "1, " "1, " "1, " "1, " "1, " "1, " "1, " "1, " "1, " "1, " "1, " "1, " "1, " "1, " "1, " "1, " "1, " "1, " "1, " "1, " "1, " "1, " "1, " "1, " "1, " "1, " "1, " "1, " "1, " "1, " "1, " "1, " "1, " "1, " "1, " "1, " "1, " "1, " "1, " "1, " "1, " "1, " "1, " "1, " "1, " "1, " "1, " "0, " "1, " "1, " "1, " "1, " "1, " "1, " "1, " "1, " "1, " "1, " "1, " "1, " "1, " "1, " "1, " "1, " "1, " "1, " "1, " "1, " "1, " "1, " "1, " "1, " "1, " "1, " "1, " "1, " "1, " "1, " "1, " "1, " "1, " "1, " "1, " "1, " "1, " "1, " "1, " "1, " "1, " "1, " "1, " "1, " "1, " "1, " "1, " "1, " "1, " "1, " "1, " "1, " "1, " "1, " "1, " "1, " "1, " "1, " "1, " "1, " "1, " "1, " "1, " "1, " "1, " "1, " "1, " "1, " "1, " "1, " "1, " "1, " "1, " "1, " "1, " "1, " "1, " "1, " "1, " "1, " "1, " "1, " "1, " "1, " "1, " "1, " "1, " "1, " "1, " "1, " "1, " "1, " "1, " "1, " "1, " "1, " "1, " "1, " "1, " "1, " "1, " "1, " "1, " "1, " "1, " "1, " "1, " "1, " "1, " "1, " "1, " "1, " "1, " "1, " "1, " "1, " "1, " "1, " "1, " "1, " "1, " "1, " "1, " "1, " "1, " "1, " "1, " "1, " "1, " "1, " "1, " "1, " "1, " "1, " "1, " "1, " "1, " "1, " "1, " "1, " "1, " "1, " "1, " "1, " "1, " "1, " "1, " "1, " "1, " "1, " "1, " "1, " "1, " "1, " "1, " "1, " "1, " "1, " "1, " "1, " "1, " "1, " "1, " "1, " "1, " "1, " "1, " "1, " "1, " "1, " "1, " "1, " "1, " "1, " "1, " "1, " "1, " "1, " "1, " "1, " "1, " "1, " "1, " "1, " "1, "0
 "Nei328, 0.078, " "-0.538, " "1, " "1, " "1, " "1, " "1, " "1, " "1, " "1, " "1, " "1, " "1, " "1, " "1, " "1, " "1, " "1, " "1, " "1, " "1, " "1, " "1, " "1, " "1, " "1, " "1, " "1, " "1, " "1, " "1, " "1, " "1, " "1, " "1, " "1, " "1, " "1, " "1, " "1, " "1, " "1, " "1, " "1, " "1, " "1, " "1, " "1, " "1, " "1, " "1, " "1, " "1, " "1, " "1, " "1, " "1, " "1, " "1, " "1, " "1, " "1, " "1, " "1, " "1, " "1, " "1, " "1, " "1, " "1, " "1, " "1, " "1, " "1, " "1, " "1, " "1, " "1, " "1, " "1, " "1, " "1, " "1, " "1, " "1, " "1, " "1, " "1, " "1, " "1, " "1, " "1, " "1, " "1, " "1, " "1, " "1, " "1, " "1, " "1, " "1, " "1, " "1, " "1, " "1, " "1, " "1, " "1, " "1, " "1, " "1, " "1, " "1, " "1, " "1, " "1, " "1, " "1, " "1, " "1, " "1, " "1, " "1, " "1, " "1, " "1, " "1, " "1, " "1, " "1, " "1, " "1, " "1, " "1, " "1, " "1, " "1, " "1, " "1, " "1, " "1, " "1, " "1, " "1, " "1, " "1, " "1, " "1, " "1, " "1, " "1, " "1, " "1, " "1, " "1, " "1, " "1, " "1, " "1, " "1, " "1, " "1, " "1, " "1, " "1, " "1, " "1, " "1, " "1, " "1, " "1, " "1, " "1, " "1, " "1, " "1, " "1, " "1, " "1, " "1, " "1, " "1, " "1, " "1, " "1, " "1, " "1, " "1, " "1, " "1, " "1, " "1, " "1, " "1, " "1, " "1, " "1, " "1, " "1, " "1, " "1, " "1, " "1, " "1, " "1, " "1, " "1, " "1, " "1, " "1, " "1, " "1, " "1, " "1, " "1, " "1, " "1, " "1, " "1, " "1, " "1, " "1, " "1, " "1, " "1, " "1, " "1, " "1, " "1, " "1, " "1, " "1, " "1, " "1, " "1, " "1, " "1, " "1, " "1, " "1, " "1, " "1, " "1, " "1, " "1, " "1, " "1, " "1, " "1, " "1, " "1, " "1, " "1, " "1, " "1, " "1, " "1, " "1, " "1, " "1, " "1, " "1, " "1, " "1, " "1, " "1, " "1, " "1, " "1, " "1, " "1, " "1, " "1, " "1, " "1, " "1, " "1, " "1, " "1, " "1, " "1, " "1, " "1, " "1, " "1, " "1, " "1, " "1, " "1, " "1, " "1, " "1, " "1, " "1, " "1, " "1, " "1, " "1, " "1, " "1, " "1, " "1, " "1, " "1, " "1, " "1, " "1, " "1, " "1, " "1, " "1, " "1, " "1, " "1, " "1, " "1, " "1, " "1, " "1, " "1, " "1, " "1, " "1, " "1, " "1, " "1, " "1, " "1, " "1, " "1, " "0, " "1, " "1, " "1, " "1, " "1, " "1, " "1, " "1, " "1, " "1, " "1, " "1, " "1, " "1, " "1, " "1, " "1, " "1, " "1, " "1, " "1, " "1, " "1, " "1, " "1, " "1, " "1, " "1, " "1, " "1, " "1, " "1, " "1, " "1, " "1, " "1, " "1, " "1, " "1, " "1, " "1, " "1, " "1, " "1, " "1, " "1, " "1, " "1, " "1, " "1, " "1, " "1, " "1, " "1, " "1, " "1, " "1, " "1, " "1, " "1, " "1, " "1, " "1, " "1, " "1, " "1, " "1, " "1, " "1, " "1, " "1, " "1, " "1, " "1, " "1, " "1, " "1, " "1, " "1, " "1, " "1, " "1, " "1, " "1, " "1, " "1, " "1, " "1, " "1, " "1, " "1, " "1, " "1, " "1, " "1, " "1, " "1, " "1, " "1, " "1, " "1, " "1, " "1, " "1, " "1, " "1, " "1, " "1, " "1, " "1, " "1, " "1, " "1, " "1, " "1, " "1, " "1, " "1, " "1, " "1, " "1, " "1, " "1, " "1, " "1, " "1, " "1, " "1, " "1, " "1, " "1, " "1, " "1, " "1, " "1, " "1, " "1, " "1, " "1, " "1, " "1, " "1, " "1, " "1, " "1, " "1, " "1, " "1, " "1, " "1, " "1, " "1, " "1, " "1, " "1, " "1, " "1, " "1, " "1, " "1, " "1, " "1, " "1, " "1, " "1, " "1, " "1, " "1, " "1, " "1, " "1, " "1, " "1, " "1, " "1, " "1, " "1, " "1, " "1, " "1, " "1, " "1, " "1, " "1, "0
 "Nei329, 0.013, " "0.826, " "1, " "1, " "1, " "1, " "1, " "1, " "1, " "1, " "1, " "1, " "1, " "1, " "1, " "1, " "1, " "1, " "1, " "1, " "1, " "1, " "1, " "1, " "1, " "1, " "1, " "1, " "1, " "1, " "1, " "1, " "1, " "1, " "1, " "1, " "1, " "1, " "1, " "1, " "1, " "1, " "1, " "1, " "1, " "1, " "1, " "1, " "1, " "1, " "1, " "1, " "1, " "1, " "1, " "1, " "1, " "1, " "1, " "1, " "1, " "1, " "1, " "1, " "1, " "1, " "1, " "1, " "1, " "1, " "1, " "1, " "1, " "1, " "1, " "1, " "1, " "1, " "1, " "1, " "1, " "1, " "1, " "1, " "1, " "1, " "1, " "1, " "1, " "1, " "1, " "1, " "1, " "1, " "1, " "1, " "1, " "1, " "1, " "1, " "1, " "1, " "1, " "1, " "1, " "1, " "1, " "1, " "1, " "1, " "1, " "1, " "1, " "1, " "1, " "1, " "1, " "1, " "1, " "1, " "1, " "1, " "1, " "1, " "1, " "1, " "1, " "1, " "1, " "1, " "1, " "1, " "1, " "1, " "1, " "1, " "1, " "1, " "1, " "1, " "1, " "1, " "1, " "1, " "1, " "1, " "1, " "1, " "1, " "1, " "1, " "1, " "1, " "1, " "1, " "1, " "1, " "1, " "1, " "1, " "1, " "1, " "1, " "1, " "1, " "1, " "1, " "1, " "1, " "1, " "1, " "1, " "1, " "1, " "1, " "1, " "1, " "1, " "1, " "1, " "1, " "1, " "1, " "1, " "1, " "1, " "1, " "1, " "1, " "1, " "1, " "1, " "1, " "1, " "1, " "1, " "1, " "1, " "1, " "1, " "1, " "1, " "1, " "1, " "1, " "1, " "1, " "1, " "1, " "1, " "1, " "1, " "1, " "1, " "1, " "1, " "1, " "1, " "1, " "1, " "1, " "1, " "1, " "1, " "1, " "1, " "1, " "1, " "1, " "1, " "1, " "1, " "1, " "1, " "1, " "1, " "1, " "1, " "1, " "1, " "1, " "1, " "1, " "1, " "1, " "1, " "1, " "1, " "1, " "1, " "1, " "1, " "1, " "1, " "1, " "1, " "1, " "1, " "1, " "1, " "1, " "1, " "1, " "1, " "1, " "1, " "1, " "1, " "1, " "1, " "1, " "1, " "1, " "1, " "1, " "1, " "1, " "1, " "1, " "1, " "1, " "1, " "1, " "1, " "1, " "1, " "1, " "1, " "1, " "1, " "1, " "1, " "1, " "1, " "1, " "1, " "1, " "1, " "1, " "1, " "1, " "1, " "1, " "1, " "1, " "1, " "1, " "1, " "1, " "1, " "1, " "1, " "1, " "1, " "1, " "1, " "1, " "1, " "1, " "1, " "1, " "1, " "1, " "1, " "1, " "1, " "1, " "1, " "1, " "1, " "1, " "0, " "1, " "1, " "1, " "1, " "1, " "1, " "1, " "1, " "1, " "1, " "1, " "1, " "1, " "1, " "1, " "1, " "1, " "1, " "1, " "1, " "1, " "1, " "1, " "1, " "1, " "1, " "1, " "1, " "1, " "1, " "1, " "1, " "1, " "1, " "1, " "1, " "1, " "1, " "1, " "1, " "1, " "1, " "1, " "1, " "1, " "1, " "1, " "1, " "1, " "1, " "1, " "1, " "1, " "1, " "1, " "1, " "1, " "1, " "1, " "1, " "1, " "1, " "1, " "1, " "1, " "1, " "1, " "1, " "1, " "1, " "1, " "1, " "1, " "1, " "1, " "1, " "1, " "1, " "1, " "1, " "1, " "1, " "1, " "1, " "1, " "1, " "1, " "1, " "1, " "1, " "1, " "1, " "1, " "1, " "1, " "1, " "1, " "1, " "1, " "1, " "1, " "1, " "1, " "1, " "1, " "1, " "1, " "1, " "1, " "1, " "1, " "1, " "1, " "1, " "1, " "1, " "1, " "1, " "1, " "1, " "1, " "1, " "1, " "1, " "1, " "1, " "1, " "1, " "1, " "1, " "1, " "1, " "1, " "1, " "1, " "1, " "1, " "1, " "1, " "1, " "1, " "1, " "1, " "1, " "1, " "1, " "1, " "1, " "1, " "1, " "1, " "1, " "1, " "1, " "1, " "1, " "1, " "1, " "1, " "1, " "1, " "1, " "1, " "1, " "1, " "1, " "1, " "1, " "1, " "1, " "1, " "1, " "1, " "1, " "1, " "1, " "1, " "1, " "1, " "1, " "1, " "1, " "1, "0
 "Nei330, 0.1, " "-0.214, " "1, " "1, " "1, " "1, " "1, " "1, " "1, " "1, " "1, " "1, " "1, " "1, " "1, " "1, " "1, " "1, " "1, " "1, " "1, " "1, " "1, " "1, " "1, " "1, " "1, " "1, " "1, " "1, " "1, " "1, " "1, " "1, " "1, " "1, " "1, " "1, " "1, " "1, " "1, " "1, " "1, " "1, " "1, " "1, " "1, " "1, " "1, " "1, " "1, " "1, " "1, " "1, " "1, " "1, " "1, " "1, " "1, " "1, " "1, " "1, " "1, " "1, " "1, " "1, " "1, " "1, " "1, " "1, " "1, " "1, " "1, " "1, " "1, " "1, " "1, " "1, " "1, " "1, " "1, " "1, " "1, " "1, " "1, " "1, " "1, " "1, " "1, " "1, " "1, " "1, " "1, " "1, " "1, " "1, " "1, " "1, " "1, " "1, " "1, " "1, " "1, " "1, " "1, " "1, " "1, " "1, " "1, " "1, " "1, " "1, " "1, " "1, " "1, " "1, " "1, " "1, " "1, " "1, " "1, " "1, " "1, " "1, " "1, " "1, " "1, " "1, " "1, " "1, " "1, " "1, " "1, " "1, " "1, " "1, " "1, " "1, " "1, " "1, " "1, " "1, " "1, " "1, " "1, " "1, " "1, " "1, " "1, " "1, " "1, " "1, " "1, " "1, " "1, " "1, " "1, " "1, " "1, " "1, " "1, " "1, " "1, " "1, " "1, " "1, " "1, " "1, " "1, " "1, " "1, " "1, " "1, " "1, " "1, " "1, " "1, " "1, " "1, " "1, " "1, " "1, " "1, " "1, " "1, " "1, " "1, " "1, " "1, " "1, " "1, " "1, " "1, " "1, " "1, " "1, " "1, " "1, " "1, " "1, " "1, " "1, " "1, " "1, " "1, " "1, " "1, " "1, " "1, " "1, " "1, " "1, " "1, " "1, " "1, " "1, " "1, " "1, " "1, " "1, " "1, " "1, " "1, " "1, " "1, " "1, " "1, " "1, " "1, " "1, " "1, " "1, " "1, " "1, " "1, " "1, " "1, " "1, " "1, " "1, " "1, " "1, " "1, " "1, " "1, " "1, " "1, " "1, " "1, " "1, " "1, " "1, " "1, " "1, " "1, " "1, " "1, " "1, " "1, " "1, " "1, " "1, " "1, " "1, " "1, " "1, " "1, " "1, " "1, " "1, " "1, " "1, " "1, " "1, " "1, " "1, " "1, " "1, " "1, " "1, " "1, " "1, " "1, " "1, " "1, " "1, " "1, " "1, " "1, " "1, " "1, " "1, " "1, " "1, " "1, " "1, " "1, " "1, " "1, " "1, " "1, " "1, " "1, " "1, " "1, " "1, " "1, " "1, " "1, " "1, " "1, " "1, " "1, " "1, " "1, " "1, " "1, " "1, " "1, " "1, " "1, " "1, " "1, " "1, " "1, " "1, " "1, " "1, " "1, " "1, " "1, " "1, " "0, " "1, " "1, " "1, " "1, " "1, " "1, " "1, " "1, " "1, " "1, " "1, " "1, " "1, " "1, " "1, " "1, " "1, " "1, " "1, " "1, " "1, " "1, " "1, " "1, " "1, " "1, " "1, " "1, " "1, " "1, " "1, " "1, " "1, " "1, " "1, " "1, " "1, " "1, " "1, " "1, " "1, " "1, " "1, " "1, " "1, " "1, " "1, " "1, " "1, " "1, " "1, " "1, " "1, " "1, " "1, " "1, " "1, " "1, " "1, " "1, " "1, " "1, " "1, " "1, " "1, " "1, " "1, " "1, " "1, " "1, " "1, " "1, " "1, " "1, " "1, " "1, " "1, " "1, " "1, " "1, " "1, " "1, " "1, " "1, " "1, " "1, " "1, " "1, " "1, " "1, " "1, " "1, " "1, " "1, " "1, " "1, " "1, " "1, " "1, " "1, " "1, " "1, " "1, " "1, " "1, " "1, " "1, " "1, " "1, " "1, " "1, " "1, " "1, " "1, " "1, " "1, " "1, " "1, " "1, " "1, " "1, " "1, " "1, " "1, " "1, " "1, " "1, " "1, " "1, " "1, " "1, " "1, " "1, " "1, " "1, " "1, " "1, " "1, " "1, " "1, " "1, " "1, " "1, " "1, " "1, " "1, " "1, " "1, " "1, " "1, " "1, " "1, " "1, " "1, " "1, " "1, " "1, " "1, " "1, " "1, " "1, " "1, " "1, " "1, " "1, " "1, " "1, " "1, " "1, " "1, " "1, " "1, " "1, " "1, " "1, " "1, " "1, " "1, " "1, " "1, " "1, " "1, "0
 "Nei331, 0.202, " "0.036, " "1, " "1, " "1, " "1, " "1, " "1, " "1, " "1, " "1, " "1, " "1, " "1, " "1, " "1, " "1, " "1, " "1, " "1, " "1, " "1, " "1, " "1, " "1, " "1, " "1, " "1, " "1, " "1, " "1, " "1, " "1, " "1, " "1, " "1, " "1, " "1, " "1, " "1, " "1, " "1, " "1, " "1, " "1, " "1, " "1, " "1, " "1, " "1, " "1, " "1, " "1, " "1, " "1, " "1, " "1, " "1, " "1, " "1, " "1, " "1, " "1, " "1, " "1, " "1, " "1, " "1, " "1, " "1, " "1, " "1, " "1, " "1, " "1, " "1, " "1, " "1, " "1, " "1, " "1, " "1, " "1, " "1, " "1, " "1, " "1, " "1, " "1, " "1, " "1, " "1, " "1, " "1, " "1, " "1, " "1, " "1, " "1, " "1, " "1, " "1, " "1, " "1, " "1, " "1, " "1, " "1, " "1, " "1, " "1, " "1, " "1, " "1, " "1, " "1, " "1, " "1, " "1, " "1, " "1, " "1, " "1, " "1, " "1, " "1, " "1, " "1, " "1, " "1, " "1, " "1, " "1, " "1, " "1, " "1, " "1, " "1, " "1, " "1, " "1, " "1, " "1, " "1, " "1, " "1, " "1, " "1, " "1, " "1, " "1, " "1, " "1, " "1, " "1, " "1, " "1, " "1, " "1, " "1, " "1, " "1, " "1, " "1, " "1, " "1, " "1, " "1, " "1, " "1, " "1, " "1, " "1, " "1, " "1, " "1, " "1, " "1, " "1, " "1, " "1, " "1, " "1, " "1, " "1, " "1, " "1, " "1, " "1, " "1, " "1, " "1, " "1, " "1, " "1, " "1, " "1, " "1, " "1, " "1, " "1, " "1, " "1, " "1, " "1, " "1, " "1, " "1, " "1, " "1, " "1, " "1, " "1, " "1, " "1, " "1, " "1, " "1, " "1, " "1, " "1, " "1, " "1, " "1, " "1, " "1, " "1, " "1, " "1, " "1, " "1, " "1, " "1, " "1, " "1, " "1, " "1, " "1, " "1, " "1, " "1, " "1, " "1, " "1, " "1, " "1, " "1, " "1, " "1, " "1, " "1, " "1, " "1, " "1, " "1, " "1, " "1, " "1, " "1, " "1, " "1, " "1, " "1, " "1, " "1, " "1, " "1, " "1, " "1, " "1, " "1, " "1, " "1, " "1, " "1, " "1, " "1, " "1, " "1, " "1, " "1, " "1, " "1, " "1, " "1, " "1, " "1, " "1, " "1, " "1, " "1, " "1, " "1, " "1, " "1, " "1, " "1, " "1, " "1, " "1, " "1, " "1, " "1, " "1, " "1, " "1, " "1, " "1, " "1, " "1, " "1, " "1, " "1, " "1, " "1, " "1, " "1, " "1, " "1, " "1, " "1, " "1, " "1, " "1, " "1, " "1, " "1, " "1, " "1, " "1, " "1, " "1, " "1, " "0, " "1, " "1, " "1, " "1, " "1, " "1, " "1, " "1, " "1, " "1, " "1, " "1, " "1, " "1, " "1, " "1, " "1, " "1, " "1, " "1, " "1, " "1, " "1, " "1, " "1, " "1, " "1, " "1, " "1, " "1, " "1, " "1, " "1, " "1, " "1, " "1, " "1, " "1, " "1, " "1, " "1, " "1, " "1, " "1, " "1, " "1, " "1, " "1, " "1, " "1, " "1, " "1, " "1, " "1, " "1, " "1, " "1, " "1, " "1, " "1, " "1, " "1, " "1, " "1, " "1, " "1, " "1, " "1, " "1, " "1, " "1, " "1, " "1, " "1, " "1, " "1, " "1, " "1, " "1, " "1, " "1, " "1, " "1, " "1, " "1, " "1, " "1, " "1, " "1, " "1, " "1, " "1, " "1, " "1, " "1, " "1, " "1, " "1, " "1, " "1, " "1, " "1, " "1, " "1, " "1, " "1, " "1, " "1, " "1, " "1, " "1, " "1, " "1, " "1, " "1, " "1, " "1, " "1, " "1, " "1, " "1, " "1, " "1, " "1, " "1, " "1, " "1, " "1, " "1, " "1, " "1, " "1, " "1, " "1, " "1, " "1, " "1, " "1, " "1, " "1, " "1, " "1, " "1, " "1, " "1, " "1, " "1, " "1, " "1, " "1, " "1, " "1, " "1, " "1, " "1, " "1, " "1, " "1, " "1, " "1, " "1, " "1, " "1, " "1, " "1, " "1, " "1, " "1, " "1, " "1, " "1, " "1, " "1, " "1, " "1, " "1, " "1, " "1, " "1, " "1, " "1, "0
 "Nei332, 0.052, " "0.473, " "1, " "1, " "1, " "1, " "1, " "1, " "1, " "1, " "1, " "1, " "1, " "1, " "1, " "1, " "1, " "1, " "1, " "1, " "1, " "1, " "1, " "1, " "1, " "1, " "1, " "1, " "1, " "1, " "1, " "1, " "1, " "1, " "1, " "1, " "1, " "1, " "1, " "1, " "1, " "1, " "1, " "1, " "1, " "1, " "1, " "1, " "1, " "1, " "1, " "1, " "1, " "1, " "1, " "1, " "1, " "1, " "1, " "1, " "1, " "1, " "1, " "1, " "1, " "1, " "1, " "1, " "1, " "1, " "1, " "1, " "1, " "1, " "1, " "1, " "1, " "1, " "1, " "1, " "1, " "1, " "1, " "1, " "1, " "1, " "1, " "1, " "1, " "1, " "1, " "1, " "1, " "1, " "1, " "1, " "1, " "1, " "1, " "1, " "1, " "1, " "1, " "1, " "1, " "1, " "1, " "1, " "1, " "1, " "1, " "1, " "1, " "1, " "1, " "1, " "1, " "1, " "1, " "1, " "1, " "1, " "1, " "1, " "1, " "1, " "1, " "1, " "1, " "1, " "1, " "1, " "1, " "1, " "1, " "1, " "1, " "1, " "1, " "1, " "1, " "1, " "1, " "1, " "1, " "1, " "1, " "1, " "1, " "1, " "1, " "1, " "1, " "1, " "1, " "1, " "1, " "1, " "1, " "1, " "1, " "1, " "1, " "1, " "1, " "1, " "1, " "1, " "1, " "1, " "1, " "1, " "1, " "1, " "1, " "1, " "1, " "1, " "1, " "1, " "1, " "1, " "1, " "1, " "1, " "1, " "1, " "1, " "1, " "1, " "1, " "1, " "1, " "1, " "1, " "1, " "1, " "1, " "1, " "1, " "1, " "1, " "1, " "1, " "1, " "1, " "1, " "1, " "1, " "1, " "1, " "1, " "1, " "1, " "1, " "1, " "1, " "1, " "1, " "1, " "1, " "1, " "1, " "1, " "1, " "1, " "1, " "1, " "1, " "1, " "1, " "1, " "1, " "1, " "1, " "1, " "1, " "1, " "1, " "1, " "1, " "1, " "1, " "1, " "1, " "1, " "1, " "1, " "1, " "1, " "1, " "1, " "1, " "1, " "1, " "1, " "1, " "1, " "1, " "1, " "1, " "1, " "1, " "1, " "1, " "1, " "1, " "1, " "1, " "1, " "1, " "1, " "1, " "1, " "1, " "1, " "1, " "1, " "1, " "1, " "1, " "1, " "1, " "1, " "1, " "1, " "1, " "1, " "1, " "1, " "1, " "1, " "1, " "1, " "1, " "1, " "1, " "1, " "1, " "1, " "1, " "1, " "1, " "1, " "1, " "1, " "1, " "1, " "1, " "1, " "1, " "1, " "1, " "1, " "1, " "1, " "1, " "1, " "1, " "1, " "1, " "1, " "1, " "1, " "1, " "1, " "1, " "1, " "1, " "1, " "1, " "1, " "1, " "1, " "0, " "1, " "1, " "1, " "1, " "1, " "1, " "1, " "1, " "1, " "1, " "1, " "1, " "1, " "1, " "1, " "1, " "1, " "1, " "1, " "1, " "1, " "1, " "1, " "1, " "1, " "1, " "1, " "1, " "1, " "1, " "1, " "1, " "1, " "1, " "1, " "1, " "1, " "1, " "1, " "1, " "1, " "1, " "1, " "1, " "1, " "1, " "1, " "1, " "1, " "1, " "1, " "1, " "1, " "1, " "1, " "1, " "1, " "1, " "1, " "1, " "1, " "1, " "1, " "1, " "1, " "1, " "1, " "1, " "1, " "1, " "1, " "1, " "1, " "1, " "1, " "1, " "1, " "1, " "1, " "1, " "1, " "1, " "1, " "1, " "1, " "1, " "1, " "1, " "1, " "1, " "1, " "1, " "1, " "1, " "1, " "1, " "1, " "1, " "1, " "1, " "1, " "1, " "1, " "1, " "1, " "1, " "1, " "1, " "1, " "1, " "1, " "1, " "1, " "1, " "1, " "1, " "1, " "1, " "1, " "1, " "1, " "1, " "1, " "1, " "1, " "1, " "1, " "1, " "1, " "1, " "1, " "1, " "1, " "1, " "1, " "1, " "1, " "1, " "1, " "1, " "1, " "1, " "1, " "1, " "1, " "1, " "1, " "1, " "1, " "1, " "1, " "1, " "1, " "1, " "1, " "1, " "1, " "1, " "1, " "1, " "1, " "1, " "1, " "1, " "1, " "1, " "1, " "1, " "1, " "1, " "1, " "1, " "1, " "1, " "1, " "1, " "1, " "1, " "1, " "1, "0
 "Nei333, 0.185, " "-0.14, " "1, " "1, " "1, " "1, " "1, " "1, " "1, " "1, " "1, " "1, " "1, " "1, " "1, " "1, " "1, " "1, " "1, " "1, " "1, " "1, " "1, " "1, " "1, " "1, " "1, " "1, " "1, " "1, " "1, " "1, " "1, " "1, " "1, " "1, " "1, " "1, " "1, " "1, " "1, " "1, " "1, " "1, " "1, " "1, " "1, " "1, " "1, " "1, " "1, " "1, " "1, " "1, " "1, " "1, " "1, " "1, " "1, " "1, " "1, " "1, " "1, " "1, " "1, " "1, " "1, " "1, " "1, " "1, " "1, " "1, " "1, " "1, " "1, " "1, " "1, " "1, " "1, " "1, " "1, " "1, " "1, " "1, " "1, " "1, " "1, " "1, " "1, " "1, " "1, " "1, " "1, " "1, " "1, " "1, " "1, " "1, " "1, " "1, " "1, " "1, " "1, " "1, " "1, " "1, " "1, " "1, " "1, " "1, " "1, " "1, " "1, " "1, " "1, " "1, " "1, " "1, " "1, " "1, " "1, " "1, " "1, " "1, " "1, " "1, " "1, " "1, " "1, " "1, " "1, " "1, " "1, " "1, " "1, " "1, " "1, " "1, " "1, " "1, " "1, " "1, " "1, " "1, " "1, " "1, " "1, " "1, " "1, " "1, " "1, " "1, " "1, " "1, " "1, " "1, " "1, " "1, " "1, " "1, " "1, " "1, " "1, " "1, " "1, " "1, " "1, " "1, " "1, " "1, " "1, " "1, " "1, " "1, " "1, " "1, " "1, " "1, " "1, " "1, " "1, " "1, " "1, " "1, " "1, " "1, " "1, " "1, " "1, " "1, " "1, " "1, " "1, " "1, " "1, " "1, " "1, " "1, " "1, " "1, " "1, " "1, " "1, " "1, " "1, " "1, " "1, " "1, " "1, " "1, " "1, " "1, " "1, " "1, " "1, " "1, " "1, " "1, " "1, " "1, " "1, " "1, " "1, " "1, " "1, " "1, " "1, " "1, " "1, " "1, " "1, " "1, " "1, " "1, " "1, " "1, " "1, " "1, " "1, " "1, " "1, " "1, " "1, " "1, " "1, " "1, " "1, " "1, " "1, " "1, " "1, " "1, " "1, " "1, " "1, " "1, " "1, " "1, " "1, " "1, " "1, " "1, " "1, " "1, " "1, " "1, " "1, " "1, " "1, " "1, " "1, " "1, " "1, " "1, " "1, " "1, " "1, " "1, " "1, " "1, " "1, " "1, " "1, " "1, " "1, " "1, " "1, " "1, " "1, " "1, " "1, " "1, " "1, " "1, " "1, " "1, " "1, " "1, " "1, " "1, " "1, " "1, " "1, " "1, " "1, " "1, " "1, " "1, " "1, " "1, " "1, " "1, " "1, " "1, " "1, " "1, " "1, " "1, " "1, " "1, " "1, " "1, " "1, " "1, " "1, " "1, " "1, " "1, " "1, " "1, " "1, " "1, " "1, " "1, " "1, " "0, " "1, " "1, " "1, " "1, " "1, " "1, " "1, " "1, " "1, " "1, " "1, " "1, " "1, " "1, " "1, " "1, " "1, " "1, " "1, " "1, " "1, " "1, " "1, " "1, " "1, " "1, " "1, " "1, " "1, " "1, " "1, " "1, " "1, " "1, " "1, " "1, " "1, " "1, " "1, " "1, " "1, " "1, " "1, " "1, " "1, " "1, " "1, " "1, " "1, " "1, " "1, " "1, " "1, " "1, " "1, " "1, " "1, " "1, " "1, " "1, " "1, " "1, " "1, " "1, " "1, " "1, " "1, " "1, " "1, " "1, " "1, " "1, " "1, " "1, " "1, " "1, " "1, " "1, " "1, " "1, " "1, " "1, " "1, " "1, " "1, " "1, " "1, " "1, " "1, " "1, " "1, " "1, " "1, " "1, " "1, " "1, " "1, " "1, " "1, " "1, " "1, " "1, " "1, " "1, " "1, " "1, " "1, " "1, " "1, " "1, " "1, " "1, " "1, " "1, " "1, " "1, " "1, " "1, " "1, " "1, " "1, " "1, " "1, " "1, " "1, " "1, " "1, " "1, " "1, " "1, " "1, " "1, " "1, " "1, " "1, " "1, " "1, " "1, " "1, " "1, " "1, " "1, " "1, " "1, " "1, " "1, " "1, " "1, " "1, " "1, " "1, " "1, " "1, " "1, " "1, " "1, " "1, " "1, " "1, " "1, " "1, " "1, " "1, " "1, " "1, " "1, " "1, " "1, " "1, " "1, " "1, " "1, " "1, " "1, " "1, " "1, " "1, " "1, " "1, "0
 "Nei334, 0.146, " "0.102, " "1, " "1, " "1, " "1, " "1, " "1, " "1, " "1, " "1, " "1, " "1, " "1, " "1, " "1, " "1, " "1, " "1, " "1, " "1, " "1, " "1, " "1, " "1, " "1, " "1, " "1, " "1, " "1, " "1, " "1, " "1, " "1, " "1, " "1, " "1, " "1, " "1, " "1, " "1, " "1, " "1, " "1, " "1, " "1, " "1, " "1, " "1, " "1, " "1, " "1, " "1, " "1, " "1, " "1, " "1, " "1, " "1, " "1, " "1, " "1, " "1, " "1, " "1, " "1, " "1, " "1, " "1, " "1, " "1, " "1, " "1, " "1, " "1, " "1, " "1, " "1, " "1, " "1, " "1, " "1, " "1, " "1, " "1, " "1, " "1, " "1, " "1, " "1, " "1, " "1, " "1, " "1, " "1, " "1, " "1, " "1, " "1, " "1, " "1, " "1, " "1, " "1, " "1, " "1, " "1, " "1, " "1, " "1, " "1, " "1, " "1, " "1, " "1, " "1, " "1, " "1, " "1, " "1, " "1, " "1, " "1, " "1, " "1, " "1, " "1, " "1, " "1, " "1, " "1, " "1, " "1, " "1, " "1, " "1, " "1, " "1, " "1, " "1, " "1, " "1, " "1, " "1, " "1, " "1, " "1, " "1, " "1, " "1, " "1, " "1, " "1, " "1, " "1, " "1, " "1, " "1, " "1, " "1, " "1, " "1, " "1, " "1, " "1, " "1, " "1, " "1, " "1, " "1, " "1, " "1, " "1, " "1, " "1, " "1, " "1, " "1, " "1, " "1, " "1, " "1, " "1, " "1, " "1, " "1, " "1, " "1, " "1, " "1, " "1, " "1, " "1, " "1, " "1, " "1, " "1, " "1, " "1, " "1, " "1, " "1, " "1, " "1, " "1, " "1, " "1, " "1, " "1, " "1, " "1, " "1, " "1, " "1, " "1, " "1, " "1, " "1, " "1, " "1, " "1, " "1, " "1, " "1, " "1, " "1, " "1, " "1, " "1, " "1, " "1, " "1, " "1, " "1, " "1, " "1, " "1, " "1, " "1, " "1, " "1, " "1, " "1, " "1, " "1, " "1, " "1, " "1, " "1, " "1, " "1, " "1, " "1, " "1, " "1, " "1, " "1, " "1, " "1, " "1, " "1, " "1, " "1, " "1, " "1, " "1, " "1, " "1, " "1, " "1, " "1, " "1, " "1, " "1, " "1, " "1, " "1, " "1, " "1, " "1, " "1, " "1, " "1, " "1, " "1, " "1, " "1, " "1, " "1, " "1, " "1, " "1, " "1, " "1, " "1, " "1, " "1, " "1, " "1, " "1, " "1, " "1, " "1, " "1, " "1, " "1, " "1, " "1, " "1, " "1, " "1, " "1, " "1, " "1, " "1, " "1, " "1, " "1, " "1, " "1, " "1, " "1, " "1, " "1, " "1, " "1, " "1, " "1, " "1, " "1, " "1, " "1, " "1, " "1, " "1, " "1, " "0, " "1, " "1, " "1, " "1, " "1, " "1, " "1, " "1, " "1, " "1, " "1, " "1, " "1, " "1, " "1, " "1, " "1, " "1, " "1, " "1, " "1, " "1, " "1, " "1, " "1, " "1, " "1, " "1, " "1, " "1, " "1, " "1, " "1, " "1, " "1, " "1, " "1, " "1, " "1, " "1, " "1, " "1, " "1, " "1, " "1, " "1, " "1, " "1, " "1, " "1, " "1, " "1, " "1, " "1, " "1, " "1, " "1, " "1, " "1, " "1, " "1, " "1, " "1, " "1, " "1, " "1, " "1, " "1, " "1, " "1, " "1, " "1, " "1, " "1, " "1, " "1, " "1, " "1, " "1, " "1, " "1, " "1, " "1, " "1, " "1, " "1, " "1, " "1, " "1, " "1, " "1, " "1, " "1, " "1, " "1, " "1, " "1, " "1, " "1, " "1, " "1, " "1, " "1, " "1, " "1, " "1, " "1, " "1, " "1, " "1, " "1, " "1, " "1, " "1, " "1, " "1, " "1, " "1, " "1, " "1, " "1, " "1, " "1, " "1, " "1, " "1, " "1, " "1, " "1, " "1, " "1, " "1, " "1, " "1, " "1, " "1, " "1, " "1, " "1, " "1, " "1, " "1, " "1, " "1, " "1, " "1, " "1, " "1, " "1, " "1, " "1, " "1, " "1, " "1, " "1, " "1, " "1, " "1, " "1, " "1, " "1, " "1, " "1, " "1, " "1, " "1, " "1, " "1, " "1, " "1, " "1, " "1, " "1, " "1, " "1, " "1, " "1, " "1, "0
 "Nei335, 0.14, " "-0.853, " "1, " "1, " "1, " "1, " "1, " "1, " "1, " "1, " "1, " "1, " "1, " "1, " "1, " "1, " "1, " "1, " "1, " "1, " "1, " "1, " "1, " "1, " "1, " "1, " "1, " "1, " "1, " "1, " "1, " "1, " "1, " "1, " "1, " "1, " "1, " "1, " "1, " "1, " "1, " "1, " "1, " "1, " "1, " "1, " "1, " "1, " "1, " "1, " "1, " "1, " "1, " "1, " "1, " "1, " "1, " "1, " "1, " "1, " "1, " "1, " "1, " "1, " "1, " "1, " "1, " "1, " "1, " "1, " "1, " "1, " "1, " "1, " "1, " "1, " "1, " "1, " "1, " "1, " "1, " "1, " "1, " "1, " "1, " "1, " "1, " "1, " "1, " "1, " "1, " "1, " "1, " "1, " "1, " "1, " "1, " "1, " "1, " "1, " "1, " "1, " "1, " "1, " "1, " "1, " "1, " "1, " "1, " "1, " "1, " "1, " "1, " "1, " "1, " "1, " "1, " "1, " "1, " "1, " "1, " "1, " "1, " "1, " "1, " "1, " "1, " "1, " "1, " "1, " "1, " "1, " "1, " "1, " "1, " "1, " "1, " "1, " "1, " "1, " "1, " "1, " "1, " "1, " "1, " "1, " "1, " "1, " "1, " "1, " "1, " "1, " "1, " "1, " "1, " "1, " "1, " "1, " "1, " "1, " "1, " "1, " "1, " "1, " "1, " "1, " "1, " "1, " "1, " "1, " "1, " "1, " "1, " "1, " "1, " "1, " "1, " "1, " "1, " "1, " "1, " "1, " "1, " "1, " "1, " "1, " "1, " "1, " "1, " "1, " "1, " "1, " "1, " "1, " "1, " "1, " "1, " "1, " "1, " "1, " "1, " "1, " "1, " "1, " "1, " "1, " "1, " "1, " "1, " "1, " "1, " "1, " "1, " "1, " "1, " "1, " "1, " "1, " "1, " "1, " "1, " "1, " "1, " "1, " "1, " "1, " "1, " "1, " "1, " "1, " "1, " "1, " "1, " "1, " "1, " "1, " "1, " "1, " "1, " "1, " "1, " "1, " "1, " "1, " "1, " "1, " "1, " "1, " "1, " "1, " "1, " "1, " "1, " "1, " "1, " "1, " "1, " "1, " "1, " "1, " "1, " "1, " "1, " "1, " "1, " "1, " "1, " "1, " "1, " "1, " "1, " "1, " "1, " "1, " "1, " "1, " "1, " "1, " "1, " "1, " "1, " "1, " "1, " "1, " "1, " "1, " "1, " "1, " "1, " "1, " "1, " "1, " "1, " "1, " "1, " "1, " "1, " "1, " "1, " "1, " "1, " "1, " "1, " "1, " "1, " "1, " "1, " "1, " "1, " "1, " "1, " "1, " "1, " "1, " "1, " "1, " "1, " "1, " "1, " "1, " "1, " "1, " "1, " "1, " "1, " "1, " "1, " "1, " "1, " "1, " "1, " "1, " "1, " "1, " "1, " "1, " "1, " "0, " "1, " "1, " "1, " "1, " "1, " "1, " "1, " "1, " "1, " "1, " "1, " "1, " "1, " "1, " "1, " "1, " "1, " "1, " "1, " "1, " "1, " "1, " "1, " "1, " "1, " "1, " "1, " "1, " "1, " "1, " "1, " "1, " "1, " "1, " "1, " "1, " "1, " "1, " "1, " "1, " "1, " "1, " "1, " "1, " "1, " "1, " "1, " "1, " "1, " "1, " "1, " "1, " "1, " "1, " "1, " "1, " "1, " "1, " "1, " "1, " "1, " "1, " "1, " "1, " "1, " "1, " "1, " "1, " "1, " "1, " "1, " "1, " "1, " "1, " "1, " "1, " "1, " "1, " "1, " "1, " "1, " "1, " "1, " "1, " "1, " "1, " "1, " "1, " "1, " "1, " "1, " "1, " "1, " "1, " "1, " "1, " "1, " "1, " "1, " "1, " "1, " "1, " "1, " "1, " "1, " "1, " "1, " "1, " "1, " "1, " "1, " "1, " "1, " "1, " "1, " "1, " "1, " "1, " "1, " "1, " "1, " "1, " "1, " "1, " "1, " "1, " "1, " "1, " "1, " "1, " "1, " "1, " "1, " "1, " "1, " "1, " "1, " "1, " "1, " "1, " "1, " "1, " "1, " "1, " "1, " "1, " "1, " "1, " "1, " "1, " "1, " "1, " "1, " "1, " "1, " "1, " "1, " "1, " "1, " "1, " "1, " "1, " "1, " "1, " "1, " "1, " "1, " "1, " "1, " "1, " "1, " "1, " "1, " "1, " "1, " "1, " "1, "0
 "Nei336, 0.082, " "-0.627, " "1, " "1, " "1, " "1, " "1, " "1, " "1, " "1, " "1, " "1, " "1, " "1, " "1, " "1, " "1, " "1, " "1, " "1, " "1, " "1, " "1, " "1, " "1, " "1, " "1, " "1, " "1, " "1, " "1, " "1, " "1, " "1, " "1, " "1, " "1, " "1, " "1, " "1, " "1, " "1, " "1, " "1, " "1, " "1, " "1, " "1, " "1, " "1, " "1, " "1, " "1, " "1, " "1, " "1, " "1, " "1, " "1, " "1, " "1, " "1, " "1, " "1, " "1, " "1, " "1, " "1, " "1, " "1, " "1, " "1, " "1, " "1, " "1, " "1, " "1, " "1, " "1, " "1, " "1, " "1, " "1, " "1, " "1, " "1, " "1, " "1, " "1, " "1, " "1, " "1, " "1, " "1, " "1, " "1, " "1, " "1, " "1, " "1, " "1, " "1, " "1, " "1, " "1, " "1, " "1, " "1, " "1, " "1, " "1, " "1, " "1, " "1, " "1, " "1, " "1, " "1, " "1, " "1, " "1, " "1, " "1, " "1, " "1, " "1, " "1, " "1, " "1, " "1, " "1, " "1, " "1, " "1, " "1, " "1, " "1, " "1, " "1, " "1, " "1, " "1, " "1, " "1, " "1, " "1, " "1, " "1, " "1, " "1, " "1, " "1, " "1, " "1, " "1, " "1, " "1, " "1, " "1, " "1, " "1, " "1, " "1, " "1, " "1, " "1, " "1, " "1, " "1, " "1, " "1, " "1, " "1, " "1, " "1, " "1, " "1, " "1, " "1, " "1, " "1, " "1, " "1, " "1, " "1, " "1, " "1, " "1, " "1, " "1, " "1, " "1, " "1, " "1, " "1, " "1, " "1, " "1, " "1, " "1, " "1, " "1, " "1, " "1, " "1, " "1, " "1, " "1, " "1, " "1, " "1, " "1, " "1, " "1, " "1, " "1, " "1, " "1, " "1, " "1, " "1, " "1, " "1, " "1, " "1, " "1, " "1, " "1, " "1, " "1, " "1, " "1, " "1, " "1, " "1, " "1, " "1, " "1, " "1, " "1, " "1, " "1, " "1, " "1, " "1, " "1, " "1, " "1, " "1, " "1, " "1, " "1, " "1, " "1, " "1, " "1, " "1, " "1, " "1, " "1, " "1, " "1, " "1, " "1, " "1, " "1, " "1, " "1, " "1, " "1, " "1, " "1, " "1, " "1, " "1, " "1, " "1, " "1, " "1, " "1, " "1, " "1, " "1, " "1, " "1, " "1, " "1, " "1, " "1, " "1, " "1, " "1, " "1, " "1, " "1, " "1, " "1, " "1, " "1, " "1, " "1, " "1, " "1, " "1, " "1, " "1, " "1, " "1, " "1, " "1, " "1, " "1, " "1, " "1, " "1, " "1, " "1, " "1, " "1, " "1, " "1, " "1, " "1, " "1, " "1, " "1, " "1, " "1, " "1, " "1, " "1, " "1, " "1, " "1, " "1, " "1, " "1, " "1, " "0, " "1, " "1, " "1, " "1, " "1, " "1, " "1, " "1, " "1, " "1, " "1, " "1, " "1, " "1, " "1, " "1, " "1, " "1, " "1, " "1, " "1, " "1, " "1, " "1, " "1, " "1, " "1, " "1, " "1, " "1, " "1, " "1, " "1, " "1, " "1, " "1, " "1, " "1, " "1, " "1, " "1, " "1, " "1, " "1, " "1, " "1, " "1, " "1, " "1, " "1, " "1, " "1, " "1, " "1, " "1, " "1, " "1, " "1, " "1, " "1, " "1, " "1, " "1, " "1, " "1, " "1, " "1, " "1, " "1, " "1, " "1, " "1, " "1, " "1, " "1, " "1, " "1, " "1, " "1, " "1, " "1, " "1, " "1, " "1, " "1, " "1, " "1, " "1, " "1, " "1, " "1, " "1, " "1, " "1, " "1, " "1, " "1, " "1, " "1, " "1, " "1, " "1, " "1, " "1, " "1, " "1, " "1, " "1, " "1, " "1, " "1, " "1, " "1, " "1, " "1, " "1, " "1, " "1, " "1, " "1, " "1, " "1, " "1, " "1, " "1, " "1, " "1, " "1, " "1, " "1, " "1, " "1, " "1, " "1, " "1, " "1, " "1, " "1, " "1, " "1, " "1, " "1, " "1, " "1, " "1, " "1, " "1, " "1, " "1, " "1, " "1, " "1, " "1, " "1, " "1, " "1, " "1, " "1, " "1, " "1, " "1, " "1, " "1, " "1, " "1, " "1, " "1, " "1, " "1, " "1, " "1, " "1, " "1, " "1, " "1, " "1, "0
 "Nei337, 0.038, " "-0.701, " "1, " "1, " "1, " "1, " "1, " "1, " "1, " "1, " "1, " "1, " "1, " "1, " "1, " "1, " "1, " "1, " "1, " "1, " "1, " "1, " "1, " "1, " "1, " "1, " "1, " "1, " "1, " "1, " "1, " "1, " "1, " "1, " "1, " "1, " "1, " "1, " "1, " "1, " "1, " "1, " "1, " "1, " "1, " "1, " "1, " "1, " "1, " "1, " "1, " "1, " "1, " "1, " "1, " "1, " "1, " "1, " "1, " "1, " "1, " "1, " "1, " "1, " "1, " "1, " "1, " "1, " "1, " "1, " "1, " "1, " "1, " "1, " "1, " "1, " "1, " "1, " "1, " "1, " "1, " "1, " "1, " "1, " "1, " "1, " "1, " "1, " "1, " "1, " "1, " "1, " "1, " "1, " "1, " "1, " "1, " "1, " "1, " "1, " "1, " "1, " "1, " "1, " "1, " "1, " "1, " "1, " "1, " "1, " "1, " "1, " "1, " "1, " "1, " "1, " "1, " "1, " "1, " "1, " "1, " "1, " "1, " "1, " "1, " "1, " "1, " "1, " "1, " "1, " "1, " "1, " "1, " "1, " "1, " "1, " "1, " "1, " "1, " "1, " "1, " "1, " "1, " "1, " "1, " "1, " "1, " "1, " "1, " "1, " "1, " "1, " "1, " "1, " "1, " "1, " "1, " "1, " "1, " "1, " "1, " "1, " "1, " "1, " "1, " "1, " "1, " "1, " "1, " "1, " "1, " "1, " "1, " "1, " "1, " "1, " "1, " "1, " "1, " "1, " "1, " "1, " "1, " "1, " "1, " "1, " "1, " "1, " "1, " "1, " "1, " "1, " "1, " "1, " "1, " "1, " "1, " "1, " "1, " "1, " "1, " "1, " "1, " "1, " "1, " "1, " "1, " "1, " "1, " "1, " "1, " "1, " "1, " "1, " "1, " "1, " "1, " "1, " "1, " "1, " "1, " "1, " "1, " "1, " "1, " "1, " "1, " "1, " "1, " "1, " "1, " "1, " "1, " "1, " "1, " "1, " "1, " "1, " "1, " "1, " "1, " "1, " "1, " "1, " "1, " "1, " "1, " "1, " "1, " "1, " "1, " "1, " "1, " "1, " "1, " "1, " "1, " "1, " "1, " "1, " "1, " "1, " "1, " "1, " "1, " "1, " "1, " "1, " "1, " "1, " "1, " "1, " "1, " "1, " "1, " "1, " "1, " "1, " "1, " "1, " "1, " "1, " "1, " "1, " "1, " "1, " "1, " "1, " "1, " "1, " "1, " "1, " "1, " "1, " "1, " "1, " "1, " "1, " "1, " "1, " "1, " "1, " "1, " "1, " "1, " "1, " "1, " "1, " "1, " "1, " "1, " "1, " "1, " "1, " "1, " "1, " "1, " "1, " "1, " "1, " "1, " "1, " "1, " "1, " "1, " "1, " "1, " "1, " "1, " "1, " "1, " "1, " "1, " "1, " "1, " "1, " "1, " "1, " "1, " "0, " "1, " "1, " "1, " "1, " "1, " "1, " "1, " "1, " "1, " "1, " "1, " "1, " "1, " "1, " "1, " "1, " "1, " "1, " "1, " "1, " "1, " "1, " "1, " "1, " "1, " "1, " "1, " "1, " "1, " "1, " "1, " "1, " "1, " "1, " "1, " "1, " "1, " "1, " "1, " "1, " "1, " "1, " "1, " "1, " "1, " "1, " "1, " "1, " "1, " "1, " "1, " "1, " "1, " "1, " "1, " "1, " "1, " "1, " "1, " "1, " "1, " "1, " "1, " "1, " "1, " "1, " "1, " "1, " "1, " "1, " "1, " "1, " "1, " "1, " "1, " "1, " "1, " "1, " "1, " "1, " "1, " "1, " "1, " "1, " "1, " "1, " "1, " "1, " "1, " "1, " "1, " "1, " "1, " "1, " "1, " "1, " "1, " "1, " "1, " "1, " "1, " "1, " "1, " "1, " "1, " "1, " "1, " "1, " "1, " "1, " "1, " "1, " "1, " "1, " "1, " "1, " "1, " "1, " "1, " "1, " "1, " "1, " "1, " "1, " "1, " "1, " "1, " "1, " "1, " "1, " "1, " "1, " "1, " "1, " "1, " "1, " "1, " "1, " "1, " "1, " "1, " "1, " "1, " "1, " "1, " "1, " "1, " "1, " "1, " "1, " "1, " "1, " "1, " "1, " "1, " "1, " "1, " "1, " "1, " "1, " "1, " "1, " "1, " "1, " "1, " "1, " "1, " "1, " "1, " "1, " "1, " "1, " "1, " "1, " "1, "0
 "Nei338, 0.362, " "0.536, " "1, " "1, " "1, " "1, " "1, " "1, " "1, " "1, " "1, " "1, " "1, " "1, " "1, " "1, " "1, " "1, " "1, " "1, " "1, " "1, " "1, " "1, " "1, " "1, " "1, " "1, " "1, " "1, " "1, " "1, " "1, " "1, " "1, " "1, " "1, " "1, " "1, " "1, " "1, " "1, " "1, " "1, " "1, " "1, " "1, " "1, " "1, " "1, " "1, " "1, " "1, " "1, " "1, " "1, " "1, " "1, " "1, " "1, " "1, " "1, " "1, " "1, " "1, " "1, " "1, " "1, " "1, " "1, " "1, " "1, " "1, " "1, " "1, " "1, " "1, " "1, " "1, " "1, " "1, " "1, " "1, " "1, " "1, " "1, " "1, " "1, " "1, " "1, " "1, " "1, " "1, " "1, " "1, " "1, " "1, " "1, " "1, " "1, " "1, " "1, " "1, " "1, " "1, " "1, " "1, " "1, " "1, " "1, " "1, " "1, " "1, " "1, " "1, " "1, " "1, " "1, " "1, " "1, " "1, " "1, " "1, " "1, " "1, " "1, " "1, " "1, " "1, " "1, " "1, " "1, " "1, " "1, " "1, " "1, " "1, " "1, " "1, " "1, " "1, " "1, " "1, " "1, " "1, " "1, " "1, " "1, " "1, " "1, " "1, " "1, " "1, " "1, " "1, " "1, " "1, " "1, " "1, " "1, " "1, " "1, " "1, " "1, " "1, " "1, " "1, " "1, " "1, " "1, " "1, " "1, " "1, " "1, " "1, " "1, " "1, " "1, " "1, " "1, " "1, " "1, " "1, " "1, " "1, " "1, " "1, " "1, " "1, " "1, " "1, " "1, " "1, " "1, " "1, " "1, " "1, " "1, " "1, " "1, " "1, " "1, " "1, " "1, " "1, " "1, " "1, " "1, " "1, " "1, " "1, " "1, " "1, " "1, " "1, " "1, " "1, " "1, " "1, " "1, " "1, " "1, " "1, " "1, " "1, " "1, " "1, " "1, " "1, " "1, " "1, " "1, " "1, " "1, " "1, " "1, " "1, " "1, " "1, " "1, " "1, " "1, " "1, " "1, " "1, " "1, " "1, " "1, " "1, " "1, " "1, " "1, " "1, " "1, " "1, " "1, " "1, " "1, " "1, " "1, " "1, " "1, " "1, " "1, " "1, " "1, " "1, " "1, " "1, " "1, " "1, " "1, " "1, " "1, " "1, " "1, " "1, " "1, " "1, " "1, " "1, " "1, " "1, " "1, " "1, " "1, " "1, " "1, " "1, " "1, " "1, " "1, " "1, " "1, " "1, " "1, " "1, " "1, " "1, " "1, " "1, " "1, " "1, " "1, " "1, " "1, " "1, " "1, " "1, " "1, " "1, " "1, " "1, " "1, " "1, " "1, " "1, " "1, " "1, " "1, " "1, " "1, " "1, " "1, " "1, " "1, " "1, " "1, " "1, " "1, " "1, " "1, " "1, " "1, " "1, " "1, " "1, " "1, " "1, " "1, " "0, " "1, " "1, " "1, " "1, " "1, " "1, " "1, " "1, " "1, " "1, " "1, " "1, " "1, " "1, " "1, " "1, " "1, " "1, " "1, " "1, " "1, " "1, " "1, " "1, " "1, " "1, " "1, " "1, " "1, " "1, " "1, " "1, " "1, " "1, " "1, " "1, " "1, " "1, " "1, " "1, " "1, " "1, " "1, " "1, " "1, " "1, " "1, " "1, " "1, " "1, " "1, " "1, " "1, " "1, " "1, " "1, " "1, " "1, " "1, " "1, " "1, " "1, " "1, " "1, " "1, " "1, " "1, " "1, " "1, " "1, " "1, " "1, " "1, " "1, " "1, " "1, " "1, " "1, " "1, " "1, " "1, " "1, " "1, " "1, " "1, " "1, " "1, " "1, " "1, " "1, " "1, " "1, " "1, " "1, " "1, " "1, " "1, " "1, " "1, " "1, " "1, " "1, " "1, " "1, " "1, " "1, " "1, " "1, " "1, " "1, " "1, " "1, " "1, " "1, " "1, " "1, " "1, " "1, " "1, " "1, " "1, " "1, " "1, " "1, " "1, " "1, " "1, " "1, " "1, " "1, " "1, " "1, " "1, " "1, " "1, " "1, " "1, " "1, " "1, " "1, " "1, " "1, " "1, " "1, " "1, " "1, " "1, " "1, " "1, " "1, " "1, " "1, " "1, " "1, " "1, " "1, " "1, " "1, " "1, " "1, " "1, " "1, " "1, " "1, " "1, " "1, " "1, " "1, " "1, " "1, " "1, " "1, " "1, " "1, "0
 "Nei339, 0.304, " "-0.563, " "1, " "1, " "1, " "1, " "1, " "1, " "1, " "1, " "1, " "1, " "1, " "1, " "1, " "1, " "1, " "1, " "1, " "1, " "1, " "1, " "1, " "1, " "1, " "1, " "1, " "1, " "1, " "1, " "1, " "1, " "1, " "1, " "1, " "1, " "1, " "1, " "1, " "1, " "1, " "1, " "1, " "1, " "1, " "1, " "1, " "1, " "1, " "1, " "1, " "1, " "1, " "1, " "1, " "1, " "1, " "1, " "1, " "1, " "1, " "1, " "1, " "1, " "1, " "1, " "1, " "1, " "1, " "1, " "1, " "1, " "1, " "1, " "1, " "1, " "1, " "1, " "1, " "1, " "1, " "1, " "1, " "1, " "1, " "1, " "1, " "1, " "1, " "1, " "1, " "1, " "1, " "1, " "1, " "1, " "1, " "1, " "1, " "1, " "1, " "1, " "1, " "1, " "1, " "1, " "1, " "1, " "1, " "1, " "1, " "1, " "1, " "1, " "1, " "1, " "1, " "1, " "1, " "1, " "1, " "1, " "1, " "1, " "1, " "1, " "1, " "1, " "1, " "1, " "1, " "1, " "1, " "1, " "1, " "1, " "1, " "1, " "1, " "1, " "1, " "1, " "1, " "1, " "1, " "1, " "1, " "1, " "1, " "1, " "1, " "1, " "1, " "1, " "1, " "1, " "1, " "1, " "1, " "1, " "1, " "1, " "1, " "1, " "1, " "1, " "1, " "1, " "1, " "1, " "1, " "1, " "1, " "1, " "1, " "1, " "1, " "1, " "1, " "1, " "1, " "1, " "1, " "1, " "1, " "1, " "1, " "1, " "1, " "1, " "1, " "1, " "1, " "1, " "1, " "1, " "1, " "1, " "1, " "1, " "1, " "1, " "1, " "1, " "1, " "1, " "1, " "1, " "1, " "1, " "1, " "1, " "1, " "1, " "1, " "1, " "1, " "1, " "1, " "1, " "1, " "1, " "1, " "1, " "1, " "1, " "1, " "1, " "1, " "1, " "1, " "1, " "1, " "1, " "1, " "1, " "1, " "1, " "1, " "1, " "1, " "1, " "1, " "1, " "1, " "1, " "1, " "1, " "1, " "1, " "1, " "1, " "1, " "1, " "1, " "1, " "1, " "1, " "1, " "1, " "1, " "1, " "1, " "1, " "1, " "1, " "1, " "1, " "1, " "1, " "1, " "1, " "1, " "1, " "1, " "1, " "1, " "1, " "1, " "1, " "1, " "1, " "1, " "1, " "1, " "1, " "1, " "1, " "1, " "1, " "1, " "1, " "1, " "1, " "1, " "1, " "1, " "1, " "1, " "1, " "1, " "1, " "1, " "1, " "1, " "1, " "1, " "1, " "1, " "1, " "1, " "1, " "1, " "1, " "1, " "1, " "1, " "1, " "1, " "1, " "1, " "1, " "1, " "1, " "1, " "1, " "1, " "1, " "1, " "1, " "1, " "1, " "1, " "1, " "1, " "1, " "1, " "1, " "1, " "1, " "1, " "0, " "1, " "1, " "1, " "1, " "1, " "1, " "1, " "1, " "1, " "1, " "1, " "1, " "1, " "1, " "1, " "1, " "1, " "1, " "1, " "1, " "1, " "1, " "1, " "1, " "1, " "1, " "1, " "1, " "1, " "1, " "1, " "1, " "1, " "1, " "1, " "1, " "1, " "1, " "1, " "1, " "1, " "1, " "1, " "1, " "1, " "1, " "1, " "1, " "1, " "1, " "1, " "1, " "1, " "1, " "1, " "1, " "1, " "1, " "1, " "1, " "1, " "1, " "1, " "1, " "1, " "1, " "1, " "1, " "1, " "1, " "1, " "1, " "1, " "1, " "1, " "1, " "1, " "1, " "1, " "1, " "1, " "1, " "1, " "1, " "1, " "1, " "1, " "1, " "1, " "1, " "1, " "1, " "1, " "1, " "1, " "1, " "1, " "1, " "1, " "1, " "1, " "1, " "1, " "1, " "1, " "1, " "1, " "1, " "1, " "1, " "1, " "1, " "1, " "1, " "1, " "1, " "1, " "1, " "1, " "1, " "1, " "1, " "1, " "1, " "1, " "1, " "1, " "1, " "1, " "1, " "1, " "1, " "1, " "1, " "1, " "1, " "1, " "1, " "1, " "1, " "1, " "1, " "1, " "1, " "1, " "1, " "1, " "1, " "1, " "1, " "1, " "1, " "1, " "1, " "1, " "1, " "1, " "1, " "1, " "1, " "1, " "1, " "1, " "1, " "1, " "1, " "1, " "1, " "1, " "1, " "1, " "1, " "1, "0
 "Nei340, 0.18, " "-0.576, " "1, " "1, " "1, " "1, " "1, " "1, " "1, " "1, " "1, " "1, " "1, " "1, " "1, " "1, " "1, " "1, " "1, " "1, " "1, " "1, " "1, " "1, " "1, " "1, " "1, " "1, " "1, " "1, " "1, " "1, " "1, " "1, " "1, " "1, " "1, " "1, " "1, " "1, " "1, " "1, " "1, " "1, " "1, " "1, " "1, " "1, " "1, " "1, " "1, " "1, " "1, " "1, " "1, " "1, " "1, " "1, " "1, " "1, " "1, " "1, " "1, " "1, " "1, " "1, " "1, " "1, " "1, " "1, " "1, " "1, " "1, " "1, " "1, " "1, " "1, " "1, " "1, " "1, " "1, " "1, " "1, " "1, " "1, " "1, " "1, " "1, " "1, " "1, " "1, " "1, " "1, " "1, " "1, " "1, " "1, " "1, " "1, " "1, " "1, " "1, " "1, " "1, " "1, " "1, " "1, " "1, " "1, " "1, " "1, " "1, " "1, " "1, " "1, " "1, " "1, " "1, " "1, " "1, " "1, " "1, " "1, " "1, " "1, " "1, " "1, " "1, " "1, " "1, " "1, " "1, " "1, " "1, " "1, " "1, " "1, " "1, " "1, " "1, " "1, " "1, " "1, " "1, " "1, " "1, " "1, " "1, " "1, " "1, " "1, " "1, " "1, " "1, " "1, " "1, " "1, " "1, " "1, " "1, " "1, " "1, " "1, " "1, " "1, " "1, " "1, " "1, " "1, " "1, " "1, " "1, " "1, " "1, " "1, " "1, " "1, " "1, " "1, " "1, " "1, " "1, " "1, " "1, " "1, " "1, " "1, " "1, " "1, " "1, " "1, " "1, " "1, " "1, " "1, " "1, " "1, " "1, " "1, " "1, " "1, " "1, " "1, " "1, " "1, " "1, " "1, " "1, " "1, " "1, " "1, " "1, " "1, " "1, " "1, " "1, " "1, " "1, " "1, " "1, " "1, " "1, " "1, " "1, " "1, " "1, " "1, " "1, " "1, " "1, " "1, " "1, " "1, " "1, " "1, " "1, " "1, " "1, " "1, " "1, " "1, " "1, " "1, " "1, " "1, " "1, " "1, " "1, " "1, " "1, " "1, " "1, " "1, " "1, " "1, " "1, " "1, " "1, " "1, " "1, " "1, " "1, " "1, " "1, " "1, " "1, " "1, " "1, " "1, " "1, " "1, " "1, " "1, " "1, " "1, " "1, " "1, " "1, " "1, " "1, " "1, " "1, " "1, " "1, " "1, " "1, " "1, " "1, " "1, " "1, " "1, " "1, " "1, " "1, " "1, " "1, " "1, " "1, " "1, " "1, " "1, " "1, " "1, " "1, " "1, " "1, " "1, " "1, " "1, " "1, " "1, " "1, " "1, " "1, " "1, " "1, " "1, " "1, " "1, " "1, " "1, " "1, " "1, " "1, " "1, " "1, " "1, " "1, " "1, " "1, " "1, " "1, " "1, " "1, " "1, " "1, " "1, " "1, " "1, " "1, " "1, " "1, " "0, " "1, " "1, " "1, " "1, " "1, " "1, " "1, " "1, " "1, " "1, " "1, " "1, " "1, " "1, " "1, " "1, " "1, " "1, " "1, " "1, " "1, " "1, " "1, " "1, " "1, " "1, " "1, " "1, " "1, " "1, " "1, " "1, " "1, " "1, " "1, " "1, " "1, " "1, " "1, " "1, " "1, " "1, " "1, " "1, " "1, " "1, " "1, " "1, " "1, " "1, " "1, " "1, " "1, " "1, " "1, " "1, " "1, " "1, " "1, " "1, " "1, " "1, " "1, " "1, " "1, " "1, " "1, " "1, " "1, " "1, " "1, " "1, " "1, " "1, " "1, " "1, " "1, " "1, " "1, " "1, " "1, " "1, " "1, " "1, " "1, " "1, " "1, " "1, " "1, " "1, " "1, " "1, " "1, " "1, " "1, " "1, " "1, " "1, " "1, " "1, " "1, " "1, " "1, " "1, " "1, " "1, " "1, " "1, " "1, " "1, " "1, " "1, " "1, " "1, " "1, " "1, " "1, " "1, " "1, " "1, " "1, " "1, " "1, " "1, " "1, " "1, " "1, " "1, " "1, " "1, " "1, " "1, " "1, " "1, " "1, " "1, " "1, " "1, " "1, " "1, " "1, " "1, " "1, " "1, " "1, " "1, " "1, " "1, " "1, " "1, " "1, " "1, " "1, " "1, " "1, " "1, " "1, " "1, " "1, " "1, " "1, " "1, " "1, " "1, " "1, " "1, " "1, " "1, " "1, " "1, " "1, " "1, "0
 "Nei341, 0.326, " "-0.402, " "1, " "1, " "1, " "1, " "1, " "1, " "1, " "1, " "1, " "1, " "1, " "1, " "1, " "1, " "1, " "1, " "1, " "1, " "1, " "1, " "1, " "1, " "1, " "1, " "1, " "1, " "1, " "1, " "1, " "1, " "1, " "1, " "1, " "1, " "1, " "1, " "1, " "1, " "1, " "1, " "1, " "1, " "1, " "1, " "1, " "1, " "1, " "1, " "1, " "1, " "1, " "1, " "1, " "1, " "1, " "1, " "1, " "1, " "1, " "1, " "1, " "1, " "1, " "1, " "1, " "1, " "1, " "1, " "1, " "1, " "1, " "1, " "1, " "1, " "1, " "1, " "1, " "1, " "1, " "1, " "1, " "1, " "1, " "1, " "1, " "1, " "1, " "1, " "1, " "1, " "1, " "1, " "1, " "1, " "1, " "1, " "1, " "1, " "1, " "1, " "1, " "1, " "1, " "1, " "1, " "1, " "1, " "1, " "1, " "1, " "1, " "1, " "1, " "1, " "1, " "1, " "1, " "1, " "1, " "1, " "1, " "1, " "1, " "1, " "1, " "1, " "1, " "1, " "1, " "1, " "1, " "1, " "1, " "1, " "1, " "1, " "1, " "1, " "1, " "1, " "1, " "1, " "1, " "1, " "1, " "1, " "1, " "1, " "1, " "1, " "1, " "1, " "1, " "1, " "1, " "1, " "1, " "1, " "1, " "1, " "1, " "1, " "1, " "1, " "1, " "1, " "1, " "1, " "1, " "1, " "1, " "1, " "1, " "1, " "1, " "1, " "1, " "1, " "1, " "1, " "1, " "1, " "1, " "1, " "1, " "1, " "1, " "1, " "1, " "1, " "1, " "1, " "1, " "1, " "1, " "1, " "1, " "1, " "1, " "1, " "1, " "1, " "1, " "1, " "1, " "1, " "1, " "1, " "1, " "1, " "1, " "1, " "1, " "1, " "1, " "1, " "1, " "1, " "1, " "1, " "1, " "1, " "1, " "1, " "1, " "1, " "1, " "1, " "1, " "1, " "1, " "1, " "1, " "1, " "1, " "1, " "1, " "1, " "1, " "1, " "1, " "1, " "1, " "1, " "1, " "1, " "1, " "1, " "1, " "1, " "1, " "1, " "1, " "1, " "1, " "1, " "1, " "1, " "1, " "1, " "1, " "1, " "1, " "1, " "1, " "1, " "1, " "1, " "1, " "1, " "1, " "1, " "1, " "1, " "1, " "1, " "1, " "1, " "1, " "1, " "1, " "1, " "1, " "1, " "1, " "1, " "1, " "1, " "1, " "1, " "1, " "1, " "1, " "1, " "1, " "1, " "1, " "1, " "1, " "1, " "1, " "1, " "1, " "1, " "1, " "1, " "1, " "1, " "1, " "1, " "1, " "1, " "1, " "1, " "1, " "1, " "1, " "1, " "1, " "1, " "1, " "1, " "1, " "1, " "1, " "1, " "1, " "1, " "1, " "1, " "1, " "1, " "1, " "1, " "1, " "1, " "1, " "1, " "1, " "1, " "1, " "0, " "1, " "1, " "1, " "1, " "1, " "1, " "1, " "1, " "1, " "1, " "1, " "1, " "1, " "1, " "1, " "1, " "1, " "1, " "1, " "1, " "1, " "1, " "1, " "1, " "1, " "1, " "1, " "1, " "1, " "1, " "1, " "1, " "1, " "1, " "1, " "1, " "1, " "1, " "1, " "1, " "1, " "1, " "1, " "1, " "1, " "1, " "1, " "1, " "1, " "1, " "1, " "1, " "1, " "1, " "1, " "1, " "1, " "1, " "1, " "1, " "1, " "1, " "1, " "1, " "1, " "1, " "1, " "1, " "1, " "1, " "1, " "1, " "1, " "1, " "1, " "1, " "1, " "1, " "1, " "1, " "1, " "1, " "1, " "1, " "1, " "1, " "1, " "1, " "1, " "1, " "1, " "1, " "1, " "1, " "1, " "1, " "1, " "1, " "1, " "1, " "1, " "1, " "1, " "1, " "1, " "1, " "1, " "1, " "1, " "1, " "1, " "1, " "1, " "1, " "1, " "1, " "1, " "1, " "1, " "1, " "1, " "1, " "1, " "1, " "1, " "1, " "1, " "1, " "1, " "1, " "1, " "1, " "1, " "1, " "1, " "1, " "1, " "1, " "1, " "1, " "1, " "1, " "1, " "1, " "1, " "1, " "1, " "1, " "1, " "1, " "1, " "1, " "1, " "1, " "1, " "1, " "1, " "1, " "1, " "1, " "1, " "1, " "1, " "1, " "1, " "1, " "1, " "1, " "1, " "1, " "1, "0
 "Nei342, 0.134, " "-0.427, " "1, " "1, " "1, " "1, " "1, " "1, " "1, " "1, " "1, " "1, " "1, " "1, " "1, " "1, " "1, " "1, " "1, " "1, " "1, " "1, " "1, " "1, " "1, " "1, " "1, " "1, " "1, " "1, " "1, " "1, " "1, " "1, " "1, " "1, " "1, " "1, " "1, " "1, " "1, " "1, " "1, " "1, " "1, " "1, " "1, " "1, " "1, " "1, " "1, " "1, " "1, " "1, " "1, " "1, " "1, " "1, " "1, " "1, " "1, " "1, " "1, " "1, " "1, " "1, " "1, " "1, " "1, " "1, " "1, " "1, " "1, " "1, " "1, " "1, " "1, " "1, " "1, " "1, " "1, " "1, " "1, " "1, " "1, " "1, " "1, " "1, " "1, " "1, " "1, " "1, " "1, " "1, " "1, " "1, " "1, " "1, " "1, " "1, " "1, " "1, " "1, " "1, " "1, " "1, " "1, " "1, " "1, " "1, " "1, " "1, " "1, " "1, " "1, " "1, " "1, " "1, " "1, " "1, " "1, " "1, " "1, " "1, " "1, " "1, " "1, " "1, " "1, " "1, " "1, " "1, " "1, " "1, " "1, " "1, " "1, " "1, " "1, " "1, " "1, " "1, " "1, " "1, " "1, " "1, " "1, " "1, " "1, " "1, " "1, " "1, " "1, " "1, " "1, " "1, " "1, " "1, " "1, " "1, " "1, " "1, " "1, " "1, " "1, " "1, " "1, " "1, " "1, " "1, " "1, " "1, " "1, " "1, " "1, " "1, " "1, " "1, " "1, " "1, " "1, " "1, " "1, " "1, " "1, " "1, " "1, " "1, " "1, " "1, " "1, " "1, " "1, " "1, " "1, " "1, " "1, " "1, " "1, " "1, " "1, " "1, " "1, " "1, " "1, " "1, " "1, " "1, " "1, " "1, " "1, " "1, " "1, " "1, " "1, " "1, " "1, " "1, " "1, " "1, " "1, " "1, " "1, " "1, " "1, " "1, " "1, " "1, " "1, " "1, " "1, " "1, " "1, " "1, " "1, " "1, " "1, " "1, " "1, " "1, " "1, " "1, " "1, " "1, " "1, " "1, " "1, " "1, " "1, " "1, " "1, " "1, " "1, " "1, " "1, " "1, " "1, " "1, " "1, " "1, " "1, " "1, " "1, " "1, " "1, " "1, " "1, " "1, " "1, " "1, " "1, " "1, " "1, " "1, " "1, " "1, " "1, " "1, " "1, " "1, " "1, " "1, " "1, " "1, " "1, " "1, " "1, " "1, " "1, " "1, " "1, " "1, " "1, " "1, " "1, " "1, " "1, " "1, " "1, " "1, " "1, " "1, " "1, " "1, " "1, " "1, " "1, " "1, " "1, " "1, " "1, " "1, " "1, " "1, " "1, " "1, " "1, " "1, " "1, " "1, " "1, " "1, " "1, " "1, " "1, " "1, " "1, " "1, " "1, " "1, " "1, " "1, " "1, " "1, " "1, " "1, " "1, " "1, " "1, " "1, " "1, " "1, " "1, " "1, " "0, " "1, " "1, " "1, " "1, " "1, " "1, " "1, " "1, " "1, " "1, " "1, " "1, " "1, " "1, " "1, " "1, " "1, " "1, " "1, " "1, " "1, " "1, " "1, " "1, " "1, " "1, " "1, " "1, " "1, " "1, " "1, " "1, " "1, " "1, " "1, " "1, " "1, " "1, " "1, " "1, " "1, " "1, " "1, " "1, " "1, " "1, " "1, " "1, " "1, " "1, " "1, " "1, " "1, " "1, " "1, " "1, " "1, " "1, " "1, " "1, " "1, " "1, " "1, " "1, " "1, " "1, " "1, " "1, " "1, " "1, " "1, " "1, " "1, " "1, " "1, " "1, " "1, " "1, " "1, " "1, " "1, " "1, " "1, " "1, " "1, " "1, " "1, " "1, " "1, " "1, " "1, " "1, " "1, " "1, " "1, " "1, " "1, " "1, " "1, " "1, " "1, " "1, " "1, " "1, " "1, " "1, " "1, " "1, " "1, " "1, " "1, " "1, " "1, " "1, " "1, " "1, " "1, " "1, " "1, " "1, " "1, " "1, " "1, " "1, " "1, " "1, " "1, " "1, " "1, " "1, " "1, " "1, " "1, " "1, " "1, " "1, " "1, " "1, " "1, " "1, " "1, " "1, " "1, " "1, " "1, " "1, " "1, " "1, " "1, " "1, " "1, " "1, " "1, " "1, " "1, " "1, " "1, " "1, " "1, " "1, " "1, " "1, " "1, " "1, " "1, " "1, " "1, " "1, " "1, " "1, "0
 "Nei343, 0.33, " "-0.154, " "1, " "1, " "1, " "1, " "1, " "1, " "1, " "1, " "1, " "1, " "1, " "1, " "1, " "1, " "1, " "1, " "1, " "1, " "1, " "1, " "1, " "1, " "1, " "1, " "1, " "1, " "1, " "1, " "1, " "1, " "1, " "1, " "1, " "1, " "1, " "1, " "1, " "1, " "1, " "1, " "1, " "1, " "1, " "1, " "1, " "1, " "1, " "1, " "1, " "1, " "1, " "1, " "1, " "1, " "1, " "1, " "1, " "1, " "1, " "1, " "1, " "1, " "1, " "1, " "1, " "1, " "1, " "1, " "1, " "1, " "1, " "1, " "1, " "1, " "1, " "1, " "1, " "1, " "1, " "1, " "1, " "1, " "1, " "1, " "1, " "1, " "1, " "1, " "1, " "1, " "1, " "1, " "1, " "1, " "1, " "1, " "1, " "1, " "1, " "1, " "1, " "1, " "1, " "1, " "1, " "1, " "1, " "1, " "1, " "1, " "1, " "1, " "1, " "1, " "1, " "1, " "1, " "1, " "1, " "1, " "1, " "1, " "1, " "1, " "1, " "1, " "1, " "1, " "1, " "1, " "1, " "1, " "1, " "1, " "1, " "1, " "1, " "1, " "1, " "1, " "1, " "1, " "1, " "1, " "1, " "1, " "1, " "1, " "1, " "1, " "1, " "1, " "1, " "1, " "1, " "1, " "1, " "1, " "1, " "1, " "1, " "1, " "1, " "1, " "1, " "1, " "1, " "1, " "1, " "1, " "1, " "1, " "1, " "1, " "1, " "1, " "1, " "1, " "1, " "1, " "1, " "1, " "1, " "1, " "1, " "1, " "1, " "1, " "1, " "1, " "1, " "1, " "1, " "1, " "1, " "1, " "1, " "1, " "1, " "1, " "1, " "1, " "1, " "1, " "1, " "1, " "1, " "1, " "1, " "1, " "1, " "1, " "1, " "1, " "1, " "1, " "1, " "1, " "1, " "1, " "1, " "1, " "1, " "1, " "1, " "1, " "1, " "1, " "1, " "1, " "1, " "1, " "1, " "1, " "1, " "1, " "1, " "1, " "1, " "1, " "1, " "1, " "1, " "1, " "1, " "1, " "1, " "1, " "1, " "1, " "1, " "1, " "1, " "1, " "1, " "1, " "1, " "1, " "1, " "1, " "1, " "1, " "1, " "1, " "1, " "1, " "1, " "1, " "1, " "1, " "1, " "1, " "1, " "1, " "1, " "1, " "1, " "1, " "1, " "1, " "1, " "1, " "1, " "1, " "1, " "1, " "1, " "1, " "1, " "1, " "1, " "1, " "1, " "1, " "1, " "1, " "1, " "1, " "1, " "1, " "1, " "1, " "1, " "1, " "1, " "1, " "1, " "1, " "1, " "1, " "1, " "1, " "1, " "1, " "1, " "1, " "1, " "1, " "1, " "1, " "1, " "1, " "1, " "1, " "1, " "1, " "1, " "1, " "1, " "1, " "1, " "1, " "1, " "1, " "1, " "1, " "1, " "1, " "1, " "1, " "1, " "1, " "1, " "0, " "1, " "1, " "1, " "1, " "1, " "1, " "1, " "1, " "1, " "1, " "1, " "1, " "1, " "1, " "1, " "1, " "1, " "1, " "1, " "1, " "1, " "1, " "1, " "1, " "1, " "1, " "1, " "1, " "1, " "1, " "1, " "1, " "1, " "1, " "1, " "1, " "1, " "1, " "1, " "1, " "1, " "1, " "1, " "1, " "1, " "1, " "1, " "1, " "1, " "1, " "1, " "1, " "1, " "1, " "1, " "1, " "1, " "1, " "1, " "1, " "1, " "1, " "1, " "1, " "1, " "1, " "1, " "1, " "1, " "1, " "1, " "1, " "1, " "1, " "1, " "1, " "1, " "1, " "1, " "1, " "1, " "1, " "1, " "1, " "1, " "1, " "1, " "1, " "1, " "1, " "1, " "1, " "1, " "1, " "1, " "1, " "1, " "1, " "1, " "1, " "1, " "1, " "1, " "1, " "1, " "1, " "1, " "1, " "1, " "1, " "1, " "1, " "1, " "1, " "1, " "1, " "1, " "1, " "1, " "1, " "1, " "1, " "1, " "1, " "1, " "1, " "1, " "1, " "1, " "1, " "1, " "1, " "1, " "1, " "1, " "1, " "1, " "1, " "1, " "1, " "1, " "1, " "1, " "1, " "1, " "1, " "1, " "1, " "1, " "1, " "1, " "1, " "1, " "1, " "1, " "1, " "1, " "1, " "1, " "1, " "1, " "1, " "1, " "1, " "1, " "1, " "1, " "1, " "1, "0
 "Nei344, 0.067, " "-0.03, " "1, " "1, " "1, " "1, " "1, " "1, " "1, " "1, " "1, " "1, " "1, " "1, " "1, " "1, " "1, " "1, " "1, " "1, " "1, " "1, " "1, " "1, " "1, " "1, " "1, " "1, " "1, " "1, " "1, " "1, " "1, " "1, " "1, " "1, " "1, " "1, " "1, " "1, " "1, " "1, " "1, " "1, " "1, " "1, " "1, " "1, " "1, " "1, " "1, " "1, " "1, " "1, " "1, " "1, " "1, " "1, " "1, " "1, " "1, " "1, " "1, " "1, " "1, " "1, " "1, " "1, " "1, " "1, " "1, " "1, " "1, " "1, " "1, " "1, " "1, " "1, " "1, " "1, " "1, " "1, " "1, " "1, " "1, " "1, " "1, " "1, " "1, " "1, " "1, " "1, " "1, " "1, " "1, " "1, " "1, " "1, " "1, " "1, " "1, " "1, " "1, " "1, " "1, " "1, " "1, " "1, " "1, " "1, " "1, " "1, " "1, " "1, " "1, " "1, " "1, " "1, " "1, " "1, " "1, " "1, " "1, " "1, " "1, " "1, " "1, " "1, " "1, " "1, " "1, " "1, " "1, " "1, " "1, " "1, " "1, " "1, " "1, " "1, " "1, " "1, " "1, " "1, " "1, " "1, " "1, " "1, " "1, " "1, " "1, " "1, " "1, " "1, " "1, " "1, " "1, " "1, " "1, " "1, " "1, " "1, " "1, " "1, " "1, " "1, " "1, " "1, " "1, " "1, " "1, " "1, " "1, " "1, " "1, " "1, " "1, " "1, " "1, " "1, " "1, " "1, " "1, " "1, " "1, " "1, " "1, " "1, " "1, " "1, " "1, " "1, " "1, " "1, " "1, " "1, " "1, " "1, " "1, " "1, " "1, " "1, " "1, " "1, " "1, " "1, " "1, " "1, " "1, " "1, " "1, " "1, " "1, " "1, " "1, " "1, " "1, " "1, " "1, " "1, " "1, " "1, " "1, " "1, " "1, " "1, " "1, " "1, " "1, " "1, " "1, " "1, " "1, " "1, " "1, " "1, " "1, " "1, " "1, " "1, " "1, " "1, " "1, " "1, " "1, " "1, " "1, " "1, " "1, " "1, " "1, " "1, " "1, " "1, " "1, " "1, " "1, " "1, " "1, " "1, " "1, " "1, " "1, " "1, " "1, " "1, " "1, " "1, " "1, " "1, " "1, " "1, " "1, " "1, " "1, " "1, " "1, " "1, " "1, " "1, " "1, " "1, " "1, " "1, " "1, " "1, " "1, " "1, " "1, " "1, " "1, " "1, " "1, " "1, " "1, " "1, " "1, " "1, " "1, " "1, " "1, " "1, " "1, " "1, " "1, " "1, " "1, " "1, " "1, " "1, " "1, " "1, " "1, " "1, " "1, " "1, " "1, " "1, " "1, " "1, " "1, " "1, " "1, " "1, " "1, " "1, " "1, " "1, " "1, " "1, " "1, " "1, " "1, " "1, " "1, " "1, " "1, " "1, " "1, " "1, " "1, " "1, " "1, " "1, " "1, " "1, " "0, " "1, " "1, " "1, " "1, " "1, " "1, " "1, " "1, " "1, " "1, " "1, " "1, " "1, " "1, " "1, " "1, " "1, " "1, " "1, " "1, " "1, " "1, " "1, " "1, " "1, " "1, " "1, " "1, " "1, " "1, " "1, " "1, " "1, " "1, " "1, " "1, " "1, " "1, " "1, " "1, " "1, " "1, " "1, " "1, " "1, " "1, " "1, " "1, " "1, " "1, " "1, " "1, " "1, " "1, " "1, " "1, " "1, " "1, " "1, " "1, " "1, " "1, " "1, " "1, " "1, " "1, " "1, " "1, " "1, " "1, " "1, " "1, " "1, " "1, " "1, " "1, " "1, " "1, " "1, " "1, " "1, " "1, " "1, " "1, " "1, " "1, " "1, " "1, " "1, " "1, " "1, " "1, " "1, " "1, " "1, " "1, " "1, " "1, " "1, " "1, " "1, " "1, " "1, " "1, " "1, " "1, " "1, " "1, " "1, " "1, " "1, " "1, " "1, " "1, " "1, " "1, " "1, " "1, " "1, " "1, " "1, " "1, " "1, " "1, " "1, " "1, " "1, " "1, " "1, " "1, " "1, " "1, " "1, " "1, " "1, " "1, " "1, " "1, " "1, " "1, " "1, " "1, " "1, " "1, " "1, " "1, " "1, " "1, " "1, " "1, " "1, " "1, " "1, " "1, " "1, " "1, " "1, " "1, " "1, " "1, " "1, " "1, " "1, " "1, " "1, " "1, " "1, " "1, "0
 "Nei345, 0.305, " "-0.591, " "1, " "1, " "1, " "1, " "1, " "1, " "1, " "1, " "1, " "1, " "1, " "1, " "1, " "1, " "1, " "1, " "1, " "1, " "1, " "1, " "1, " "1, " "1, " "1, " "1, " "1, " "1, " "1, " "1, " "1, " "1, " "1, " "1, " "1, " "1, " "1, " "1, " "1, " "1, " "1, " "1, " "1, " "1, " "1, " "1, " "1, " "1, " "1, " "1, " "1, " "1, " "1, " "1, " "1, " "1, " "1, " "1, " "1, " "1, " "1, " "1, " "1, " "1, " "1, " "1, " "1, " "1, " "1, " "1, " "1, " "1, " "1, " "1, " "1, " "1, " "1, " "1, " "1, " "1, " "1, " "1, " "1, " "1, " "1, " "1, " "1, " "1, " "1, " "1, " "1, " "1, " "1, " "1, " "1, " "1, " "1, " "1, " "1, " "1, " "1, " "1, " "1, " "1, " "1, " "1, " "1, " "1, " "1, " "1, " "1, " "1, " "1, " "1, " "1, " "1, " "1, " "1, " "1, " "1, " "1, " "1, " "1, " "1, " "1, " "1, " "1, " "1, " "1, " "1, " "1, " "1, " "1, " "1, " "1, " "1, " "1, " "1, " "1, " "1, " "1, " "1, " "1, " "1, " "1, " "1, " "1, " "1, " "1, " "1, " "1, " "1, " "1, " "1, " "1, " "1, " "1, " "1, " "1, " "1, " "1, " "1, " "1, " "1, " "1, " "1, " "1, " "1, " "1, " "1, " "1, " "1, " "1, " "1, " "1, " "1, " "1, " "1, " "1, " "1, " "1, " "1, " "1, " "1, " "1, " "1, " "1, " "1, " "1, " "1, " "1, " "1, " "1, " "1, " "1, " "1, " "1, " "1, " "1, " "1, " "1, " "1, " "1, " "1, " "1, " "1, " "1, " "1, " "1, " "1, " "1, " "1, " "1, " "1, " "1, " "1, " "1, " "1, " "1, " "1, " "1, " "1, " "1, " "1, " "1, " "1, " "1, " "1, " "1, " "1, " "1, " "1, " "1, " "1, " "1, " "1, " "1, " "1, " "1, " "1, " "1, " "1, " "1, " "1, " "1, " "1, " "1, " "1, " "1, " "1, " "1, " "1, " "1, " "1, " "1, " "1, " "1, " "1, " "1, " "1, " "1, " "1, " "1, " "1, " "1, " "1, " "1, " "1, " "1, " "1, " "1, " "1, " "1, " "1, " "1, " "1, " "1, " "1, " "1, " "1, " "1, " "1, " "1, " "1, " "1, " "1, " "1, " "1, " "1, " "1, " "1, " "1, " "1, " "1, " "1, " "1, " "1, " "1, " "1, " "1, " "1, " "1, " "1, " "1, " "1, " "1, " "1, " "1, " "1, " "1, " "1, " "1, " "1, " "1, " "1, " "1, " "1, " "1, " "1, " "1, " "1, " "1, " "1, " "1, " "1, " "1, " "1, " "1, " "1, " "1, " "1, " "1, " "1, " "1, " "1, " "1, " "1, " "1, " "1, " "1, " "1, " "1, " "1, " "1, " "1, " "1, " "0, " "1, " "1, " "1, " "1, " "1, " "1, " "1, " "1, " "1, " "1, " "1, " "1, " "1, " "1, " "1, " "1, " "1, " "1, " "1, " "1, " "1, " "1, " "1, " "1, " "1, " "1, " "1, " "1, " "1, " "1, " "1, " "1, " "1, " "1, " "1, " "1, " "1, " "1, " "1, " "1, " "1, " "1, " "1, " "1, " "1, " "1, " "1, " "1, " "1, " "1, " "1, " "1, " "1, " "1, " "1, " "1, " "1, " "1, " "1, " "1, " "1, " "1, " "1, " "1, " "1, " "1, " "1, " "1, " "1, " "1, " "1, " "1, " "1, " "1, " "1, " "1, " "1, " "1, " "1, " "1, " "1, " "1, " "1, " "1, " "1, " "1, " "1, " "1, " "1, " "1, " "1, " "1, " "1, " "1, " "1, " "1, " "1, " "1, " "1, " "1, " "1, " "1, " "1, " "1, " "1, " "1, " "1, " "1, " "1, " "1, " "1, " "1, " "1, " "1, " "1, " "1, " "1, " "1, " "1, " "1, " "1, " "1, " "1, " "1, " "1, " "1, " "1, " "1, " "1, " "1, " "1, " "1, " "1, " "1, " "1, " "1, " "1, " "1, " "1, " "1, " "1, " "1, " "1, " "1, " "1, " "1, " "1, " "1, " "1, " "1, " "1, " "1, " "1, " "1, " "1, " "1, " "1, " "1, " "1, " "1, " "1, " "1, " "1, " "1, " "1, " "1, " "1, "0
 "Nei346, 0.104, " "-0.87, " "1, " "1, " "1, " "1, " "1, " "1, " "1, " "1, " "1, " "1, " "1, " "1, " "1, " "1, " "1, " "1, " "1, " "1, " "1, " "1, " "1, " "1, " "1, " "1, " "1, " "1, " "1, " "1, " "1, " "1, " "1, " "1, " "1, " "1, " "1, " "1, " "1, " "1, " "1, " "1, " "1, " "1, " "1, " "1, " "1, " "1, " "1, " "1, " "1, " "1, " "1, " "1, " "1, " "1, " "1, " "1, " "1, " "1, " "1, " "1, " "1, " "1, " "1, " "1, " "1, " "1, " "1, " "1, " "1, " "1, " "1, " "1, " "1, " "1, " "1, " "1, " "1, " "1, " "1, " "1, " "1, " "1, " "1, " "1, " "1, " "1, " "1, " "1, " "1, " "1, " "1, " "1, " "1, " "1, " "1, " "1, " "1, " "1, " "1, " "1, " "1, " "1, " "1, " "1, " "1, " "1, " "1, " "1, " "1, " "1, " "1, " "1, " "1, " "1, " "1, " "1, " "1, " "1, " "1, " "1, " "1, " "1, " "1, " "1, " "1, " "1, " "1, " "1, " "1, " "1, " "1, " "1, " "1, " "1, " "1, " "1, " "1, " "1, " "1, " "1, " "1, " "1, " "1, " "1, " "1, " "1, " "1, " "1, " "1, " "1, " "1, " "1, " "1, " "1, " "1, " "1, " "1, " "1, " "1, " "1, " "1, " "1, " "1, " "1, " "1, " "1, " "1, " "1, " "1, " "1, " "1, " "1, " "1, " "1, " "1, " "1, " "1, " "1, " "1, " "1, " "1, " "1, " "1, " "1, " "1, " "1, " "1, " "1, " "1, " "1, " "1, " "1, " "1, " "1, " "1, " "1, " "1, " "1, " "1, " "1, " "1, " "1, " "1, " "1, " "1, " "1, " "1, " "1, " "1, " "1, " "1, " "1, " "1, " "1, " "1, " "1, " "1, " "1, " "1, " "1, " "1, " "1, " "1, " "1, " "1, " "1, " "1, " "1, " "1, " "1, " "1, " "1, " "1, " "1, " "1, " "1, " "1, " "1, " "1, " "1, " "1, " "1, " "1, " "1, " "1, " "1, " "1, " "1, " "1, " "1, " "1, " "1, " "1, " "1, " "1, " "1, " "1, " "1, " "1, " "1, " "1, " "1, " "1, " "1, " "1, " "1, " "1, " "1, " "1, " "1, " "1, " "1, " "1, " "1, " "1, " "1, " "1, " "1, " "1, " "1, " "1, " "1, " "1, " "1, " "1, " "1, " "1, " "1, " "1, " "1, " "1, " "1, " "1, " "1, " "1, " "1, " "1, " "1, " "1, " "1, " "1, " "1, " "1, " "1, " "1, " "1, " "1, " "1, " "1, " "1, " "1, " "1, " "1, " "1, " "1, " "1, " "1, " "1, " "1, " "1, " "1, " "1, " "1, " "1, " "1, " "1, " "1, " "1, " "1, " "1, " "1, " "1, " "1, " "1, " "1, " "1, " "1, " "1, " "1, " "1, " "1, " "1, " "1, " "1, " "1, " "1, " "0, " "1, " "1, " "1, " "1, " "1, " "1, " "1, " "1, " "1, " "1, " "1, " "1, " "1, " "1, " "1, " "1, " "1, " "1, " "1, " "1, " "1, " "1, " "1, " "1, " "1, " "1, " "1, " "1, " "1, " "1, " "1, " "1, " "1, " "1, " "1, " "1, " "1, " "1, " "1, " "1, " "1, " "1, " "1, " "1, " "1, " "1, " "1, " "1, " "1, " "1, " "1, " "1, " "1, " "1, " "1, " "1, " "1, " "1, " "1, " "1, " "1, " "1, " "1, " "1, " "1, " "1, " "1, " "1, " "1, " "1, " "1, " "1, " "1, " "1, " "1, " "1, " "1, " "1, " "1, " "1, " "1, " "1, " "1, " "1, " "1, " "1, " "1, " "1, " "1, " "1, " "1, " "1, " "1, " "1, " "1, " "1, " "1, " "1, " "1, " "1, " "1, " "1, " "1, " "1, " "1, " "1, " "1, " "1, " "1, " "1, " "1, " "1, " "1, " "1, " "1, " "1, " "1, " "1, " "1, " "1, " "1, " "1, " "1, " "1, " "1, " "1, " "1, " "1, " "1, " "1, " "1, " "1, " "1, " "1, " "1, " "1, " "1, " "1, " "1, " "1, " "1, " "1, " "1, " "1, " "1, " "1, " "1, " "1, " "1, " "1, " "1, " "1, " "1, " "1, " "1, " "1, " "1, " "1, " "1, " "1, " "1, " "1, " "1, " "1, " "1, " "1, "0
 "Nei347, 0.113, " "-0.721, " "1, " "1, " "1, " "1, " "1, " "1, " "1, " "1, " "1, " "1, " "1, " "1, " "1, " "1, " "1, " "1, " "1, " "1, " "1, " "1, " "1, " "1, " "1, " "1, " "1, " "1, " "1, " "1, " "1, " "1, " "1, " "1, " "1, " "1, " "1, " "1, " "1, " "1, " "1, " "1, " "1, " "1, " "1, " "1, " "1, " "1, " "1, " "1, " "1, " "1, " "1, " "1, " "1, " "1, " "1, " "1, " "1, " "1, " "1, " "1, " "1, " "1, " "1, " "1, " "1, " "1, " "1, " "1, " "1, " "1, " "1, " "1, " "1, " "1, " "1, " "1, " "1, " "1, " "1, " "1, " "1, " "1, " "1, " "1, " "1, " "1, " "1, " "1, " "1, " "1, " "1, " "1, " "1, " "1, " "1, " "1, " "1, " "1, " "1, " "1, " "1, " "1, " "1, " "1, " "1, " "1, " "1, " "1, " "1, " "1, " "1, " "1, " "1, " "1, " "1, " "1, " "1, " "1, " "1, " "1, " "1, " "1, " "1, " "1, " "1, " "1, " "1, " "1, " "1, " "1, " "1, " "1, " "1, " "1, " "1, " "1, " "1, " "1, " "1, " "1, " "1, " "1, " "1, " "1, " "1, " "1, " "1, " "1, " "1, " "1, " "1, " "1, " "1, " "1, " "1, " "1, " "1, " "1, " "1, " "1, " "1, " "1, " "1, " "1, " "1, " "1, " "1, " "1, " "1, " "1, " "1, " "1, " "1, " "1, " "1, " "1, " "1, " "1, " "1, " "1, " "1, " "1, " "1, " "1, " "1, " "1, " "1, " "1, " "1, " "1, " "1, " "1, " "1, " "1, " "1, " "1, " "1, " "1, " "1, " "1, " "1, " "1, " "1, " "1, " "1, " "1, " "1, " "1, " "1, " "1, " "1, " "1, " "1, " "1, " "1, " "1, " "1, " "1, " "1, " "1, " "1, " "1, " "1, " "1, " "1, " "1, " "1, " "1, " "1, " "1, " "1, " "1, " "1, " "1, " "1, " "1, " "1, " "1, " "1, " "1, " "1, " "1, " "1, " "1, " "1, " "1, " "1, " "1, " "1, " "1, " "1, " "1, " "1, " "1, " "1, " "1, " "1, " "1, " "1, " "1, " "1, " "1, " "1, " "1, " "1, " "1, " "1, " "1, " "1, " "1, " "1, " "1, " "1, " "1, " "1, " "1, " "1, " "1, " "1, " "1, " "1, " "1, " "1, " "1, " "1, " "1, " "1, " "1, " "1, " "1, " "1, " "1, " "1, " "1, " "1, " "1, " "1, " "1, " "1, " "1, " "1, " "1, " "1, " "1, " "1, " "1, " "1, " "1, " "1, " "1, " "1, " "1, " "1, " "1, " "1, " "1, " "1, " "1, " "1, " "1, " "1, " "1, " "1, " "1, " "1, " "1, " "1, " "1, " "1, " "1, " "1, " "1, " "1, " "1, " "1, " "1, " "1, " "1, " "1, " "1, " "1, " "1, " "1, " "1, " "1, " "1, " "1, " "0, " "1, " "1, " "1, " "1, " "1, " "1, " "1, " "1, " "1, " "1, " "1, " "1, " "1, " "1, " "1, " "1, " "1, " "1, " "1, " "1, " "1, " "1, " "1, " "1, " "1, " "1, " "1, " "1, " "1, " "1, " "1, " "1, " "1, " "1, " "1, " "1, " "1, " "1, " "1, " "1, " "1, " "1, " "1, " "1, " "1, " "1, " "1, " "1, " "1, " "1, " "1, " "1, " "1, " "1, " "1, " "1, " "1, " "1, " "1, " "1, " "1, " "1, " "1, " "1, " "1, " "1, " "1, " "1, " "1, " "1, " "1, " "1, " "1, " "1, " "1, " "1, " "1, " "1, " "1, " "1, " "1, " "1, " "1, " "1, " "1, " "1, " "1, " "1, " "1, " "1, " "1, " "1, " "1, " "1, " "1, " "1, " "1, " "1, " "1, " "1, " "1, " "1, " "1, " "1, " "1, " "1, " "1, " "1, " "1, " "1, " "1, " "1, " "1, " "1, " "1, " "1, " "1, " "1, " "1, " "1, " "1, " "1, " "1, " "1, " "1, " "1, " "1, " "1, " "1, " "1, " "1, " "1, " "1, " "1, " "1, " "1, " "1, " "1, " "1, " "1, " "1, " "1, " "1, " "1, " "1, " "1, " "1, " "1, " "1, " "1, " "1, " "1, " "1, " "1, " "1, " "1, " "1, " "1, " "1, " "1, " "1, " "1, " "1, " "1, " "1, "0
 "Nei348, 0.308, " "0.972, " "1, " "1, " "1, " "1, " "1, " "1, " "1, " "1, " "1, " "1, " "1, " "1, " "1, " "1, " "1, " "1, " "1, " "1, " "1, " "1, " "1, " "1, " "1, " "1, " "1, " "1, " "1, " "1, " "1, " "1, " "1, " "1, " "1, " "1, " "1, " "1, " "1, " "1, " "1, " "1, " "1, " "1, " "1, " "1, " "1, " "1, " "1, " "1, " "1, " "1, " "1, " "1, " "1, " "1, " "1, " "1, " "1, " "1, " "1, " "1, " "1, " "1, " "1, " "1, " "1, " "1, " "1, " "1, " "1, " "1, " "1, " "1, " "1, " "1, " "1, " "1, " "1, " "1, " "1, " "1, " "1, " "1, " "1, " "1, " "1, " "1, " "1, " "1, " "1, " "1, " "1, " "1, " "1, " "1, " "1, " "1, " "1, " "1, " "1, " "1, " "1, " "1, " "1, " "1, " "1, " "1, " "1, " "1, " "1, " "1, " "1, " "1, " "1, " "1, " "1, " "1, " "1, " "1, " "1, " "1, " "1, " "1, " "1, " "1, " "1, " "1, " "1, " "1, " "1, " "1, " "1, " "1, " "1, " "1, " "1, " "1, " "1, " "1, " "1, " "1, " "1, " "1, " "1, " "1, " "1, " "1, " "1, " "1, " "1, " "1, " "1, " "1, " "1, " "1, " "1, " "1, " "1, " "1, " "1, " "1, " "1, " "1, " "1, " "1, " "1, " "1, " "1, " "1, " "1, " "1, " "1, " "1, " "1, " "1, " "1, " "1, " "1, " "1, " "1, " "1, " "1, " "1, " "1, " "1, " "1, " "1, " "1, " "1, " "1, " "1, " "1, " "1, " "1, " "1, " "1, " "1, " "1, " "1, " "1, " "1, " "1, " "1, " "1, " "1, " "1, " "1, " "1, " "1, " "1, " "1, " "1, " "1, " "1, " "1, " "1, " "1, " "1, " "1, " "1, " "1, " "1, " "1, " "1, " "1, " "1, " "1, " "1, " "1, " "1, " "1, " "1, " "1, " "1, " "1, " "1, " "1, " "1, " "1, " "1, " "1, " "1, " "1, " "1, " "1, " "1, " "1, " "1, " "1, " "1, " "1, " "1, " "1, " "1, " "1, " "1, " "1, " "1, " "1, " "1, " "1, " "1, " "1, " "1, " "1, " "1, " "1, " "1, " "1, " "1, " "1, " "1, " "1, " "1, " "1, " "1, " "1, " "1, " "1, " "1, " "1, " "1, " "1, " "1, " "1, " "1, " "1, " "1, " "1, " "1, " "1, " "1, " "1, " "1, " "1, " "1, " "1, " "1, " "1, " "1, " "1, " "1, " "1, " "1, " "1, " "1, " "1, " "1, " "1, " "1, " "1, " "1, " "1, " "1, " "1, " "1, " "1, " "1, " "1, " "1, " "1, " "1, " "1, " "1, " "1, " "1, " "1, " "1, " "1, " "1, " "1, " "1, " "1, " "1, " "1, " "1, " "1, " "1, " "1, " "1, " "1, " "1, " "1, " "1, " "1, " "1, " "1, " "1, " "1, " "0, " "1, " "1, " "1, " "1, " "1, " "1, " "1, " "1, " "1, " "1, " "1, " "1, " "1, " "1, " "1, " "1, " "1, " "1, " "1, " "1, " "1, " "1, " "1, " "1, " "1, " "1, " "1, " "1, " "1, " "1, " "1, " "1, " "1, " "1, " "1, " "1, " "1, " "1, " "1, " "1, " "1, " "1, " "1, " "1, " "1, " "1, " "1, " "1, " "1, " "1, " "1, " "1, " "1, " "1, " "1, " "1, " "1, " "1, " "1, " "1, " "1, " "1, " "1, " "1, " "1, " "1, " "1, " "1, " "1, " "1, " "1, " "1, " "1, " "1, " "1, " "1, " "1, " "1, " "1, " "1, " "1, " "1, " "1, " "1, " "1, " "1, " "1, " "1, " "1, " "1, " "1, " "1, " "1, " "1, " "1, " "1, " "1, " "1, " "1, " "1, " "1, " "1, " "1, " "1, " "1, " "1, " "1, " "1, " "1, " "1, " "1, " "1, " "1, " "1, " "1, " "1, " "1, " "1, " "1, " "1, " "1, " "1, " "1, " "1, " "1, " "1, " "1, " "1, " "1, " "1, " "1, " "1, " "1, " "1, " "1, " "1, " "1, " "1, " "1, " "1, " "1, " "1, " "1, " "1, " "1, " "1, " "1, " "1, " "1, " "1, " "1, " "1, " "1, " "1, " "1, " "1, " "1, " "1, " "1, " "1, " "1, " "1, " "1, " "1, "0
 "Nei349, 0.377, " "0.228, " "1, " "1, " "1, " "1, " "1, " "1, " "1, " "1, " "1, " "1, " "1, " "1, " "1, " "1, " "1, " "1, " "1, " "1, " "1, " "1, " "1, " "1, " "1, " "1, " "1, " "1, " "1, " "1, " "1, " "1, " "1, " "1, " "1, " "1, " "1, " "1, " "1, " "1, " "1, " "1, " "1, " "1, " "1, " "1, " "1, " "1, " "1, " "1, " "1, " "1, " "1, " "1, " "1, " "1, " "1, " "1, " "1, " "1, " "1, " "1, " "1, " "1, " "1, " "1, " "1, " "1, " "1, " "1, " "1, " "1, " "1, " "1, " "1, " "1, " "1, " "1, " "1, " "1, " "1, " "1, " "1, " "1, " "1, " "1, " "1, " "1, " "1, " "1, " "1, " "1, " "1, " "1, " "1, " "1, " "1, " "1, " "1, " "1, " "1, " "1, " "1, " "1, " "1, " "1, " "1, " "1, " "1, " "1, " "1, " "1, " "1, " "1, " "1, " "1, " "1, " "1, " "1, " "1, " "1, " "1, " "1, " "1, " "1, " "1, " "1, " "1, " "1, " "1, " "1, " "1, " "1, " "1, " "1, " "1, " "1, " "1, " "1, " "1, " "1, " "1, " "1, " "1, " "1, " "1, " "1, " "1, " "1, " "1, " "1, " "1, " "1, " "1, " "1, " "1, " "1, " "1, " "1, " "1, " "1, " "1, " "1, " "1, " "1, " "1, " "1, " "1, " "1, " "1, " "1, " "1, " "1, " "1, " "1, " "1, " "1, " "1, " "1, " "1, " "1, " "1, " "1, " "1, " "1, " "1, " "1, " "1, " "1, " "1, " "1, " "1, " "1, " "1, " "1, " "1, " "1, " "1, " "1, " "1, " "1, " "1, " "1, " "1, " "1, " "1, " "1, " "1, " "1, " "1, " "1, " "1, " "1, " "1, " "1, " "1, " "1, " "1, " "1, " "1, " "1, " "1, " "1, " "1, " "1, " "1, " "1, " "1, " "1, " "1, " "1, " "1, " "1, " "1, " "1, " "1, " "1, " "1, " "1, " "1, " "1, " "1, " "1, " "1, " "1, " "1, " "1, " "1, " "1, " "1, " "1, " "1, " "1, " "1, " "1, " "1, " "1, " "1, " "1, " "1, " "1, " "1, " "1, " "1, " "1, " "1, " "1, " "1, " "1, " "1, " "1, " "1, " "1, " "1, " "1, " "1, " "1, " "1, " "1, " "1, " "1, " "1, " "1, " "1, " "1, " "1, " "1, " "1, " "1, " "1, " "1, " "1, " "1, " "1, " "1, " "1, " "1, " "1, " "1, " "1, " "1, " "1, " "1, " "1, " "1, " "1, " "1, " "1, " "1, " "1, " "1, " "1, " "1, " "1, " "1, " "1, " "1, " "1, " "1, " "1, " "1, " "1, " "1, " "1, " "1, " "1, " "1, " "1, " "1, " "1, " "1, " "1, " "1, " "1, " "1, " "1, " "1, " "1, " "1, " "1, " "1, " "1, " "1, " "1, " "1, " "1, " "1, " "1, " "1, " "1, " "1, " "0, " "1, " "1, " "1, " "1, " "1, " "1, " "1, " "1, " "1, " "1, " "1, " "1, " "1, " "1, " "1, " "1, " "1, " "1, " "1, " "1, " "1, " "1, " "1, " "1, " "1, " "1, " "1, " "1, " "1, " "1, " "1, " "1, " "1, " "1, " "1, " "1, " "1, " "1, " "1, " "1, " "1, " "1, " "1, " "1, " "1, " "1, " "1, " "1, " "1, " "1, " "1, " "1, " "1, " "1, " "1, " "1, " "1, " "1, " "1, " "1, " "1, " "1, " "1, " "1, " "1, " "1, " "1, " "1, " "1, " "1, " "1, " "1, " "1, " "1, " "1, " "1, " "1, " "1, " "1, " "1, " "1, " "1, " "1, " "1, " "1, " "1, " "1, " "1, " "1, " "1, " "1, " "1, " "1, " "1, " "1, " "1, " "1, " "1, " "1, " "1, " "1, " "1, " "1, " "1, " "1, " "1, " "1, " "1, " "1, " "1, " "1, " "1, " "1, " "1, " "1, " "1, " "1, " "1, " "1, " "1, " "1, " "1, " "1, " "1, " "1, " "1, " "1, " "1, " "1, " "1, " "1, " "1, " "1, " "1, " "1, " "1, " "1, " "1, " "1, " "1, " "1, " "1, " "1, " "1, " "1, " "1, " "1, " "1, " "1, " "1, " "1, " "1, " "1, " "1, " "1, " "1, " "1, " "1, " "1, " "1, " "1, " "1, " "1, "0
 "Nei350, 0.231, " "-0.73, " "1, " "1, " "1, " "1, " "1, " "1, " "1, " "1, " "1, " "1, " "1, " "1, " "1, " "1, " "1, " "1, " "1, " "1, " "1, " "1, " "1, " "1, " "1, " "1, " "1, " "1, " "1, " "1, " "1, " "1, " "1, " "1, " "1, " "1, " "1, " "1, " "1, " "1, " "1, " "1, " "1, " "1, " "1, " "1, " "1, " "1, " "1, " "1, " "1, " "1, " "1, " "1, " "1, " "1, " "1, " "1, " "1, " "1, " "1, " "1, " "1, " "1, " "1, " "1, " "1, " "1, " "1, " "1, " "1, " "1, " "1, " "1, " "1, " "1, " "1, " "1, " "1, " "1, " "1, " "1, " "1, " "1, " "1, " "1, " "1, " "1, " "1, " "1, " "1, " "1, " "1, " "1, " "1, " "1, " "1, " "1, " "1, " "1, " "1, " "1, " "1, " "1, " "1, " "1, " "1, " "1, " "1, " "1, " "1, " "1, " "1, " "1, " "1, " "1, " "1, " "1, " "1, " "1, " "1, " "1, " "1, " "1, " "1, " "1, " "1, " "1, " "1, " "1, " "1, " "1, " "1, " "1, " "1, " "1, " "1, " "1, " "1, " "1, " "1, " "1, " "1, " "1, " "1, " "1, " "1, " "1, " "1, " "1, " "1, " "1, " "1, " "1, " "1, " "1, " "1, " "1, " "1, " "1, " "1, " "1, " "1, " "1, " "1, " "1, " "1, " "1, " "1, " "1, " "1, " "1, " "1, " "1, " "1, " "1, " "1, " "1, " "1, " "1, " "1, " "1, " "1, " "1, " "1, " "1, " "1, " "1, " "1, " "1, " "1, " "1, " "1, " "1, " "1, " "1, " "1, " "1, " "1, " "1, " "1, " "1, " "1, " "1, " "1, " "1, " "1, " "1, " "1, " "1, " "1, " "1, " "1, " "1, " "1, " "1, " "1, " "1, " "1, " "1, " "1, " "1, " "1, " "1, " "1, " "1, " "1, " "1, " "1, " "1, " "1, " "1, " "1, " "1, " "1, " "1, " "1, " "1, " "1, " "1, " "1, " "1, " "1, " "1, " "1, " "1, " "1, " "1, " "1, " "1, " "1, " "1, " "1, " "1, " "1, " "1, " "1, " "1, " "1, " "1, " "1, " "1, " "1, " "1, " "1, " "1, " "1, " "1, " "1, " "1, " "1, " "1, " "1, " "1, " "1, " "1, " "1, " "1, " "1, " "1, " "1, " "1, " "1, " "1, " "1, " "1, " "1, " "1, " "1, " "1, " "1, " "1, " "1, " "1, " "1, " "1, " "1, " "1, " "1, " "1, " "1, " "1, " "1, " "1, " "1, " "1, " "1, " "1, " "1, " "1, " "1, " "1, " "1, " "1, " "1, " "1, " "1, " "1, " "1, " "1, " "1, " "1, " "1, " "1, " "1, " "1, " "1, " "1, " "1, " "1, " "1, " "1, " "1, " "1, " "1, " "1, " "1, " "1, " "1, " "1, " "1, " "1, " "1, " "1, " "1, " "1, " "1, " "1, " "1, " "1, " "1, " "1, " "0, " "1, " "1, " "1, " "1, " "1, " "1, " "1, " "1, " "1, " "1, " "1, " "1, " "1, " "1, " "1, " "1, " "1, " "1, " "1, " "1, " "1, " "1, " "1, " "1, " "1, " "1, " "1, " "1, " "1, " "1, " "1, " "1, " "1, " "1, " "1, " "1, " "1, " "1, " "1, " "1, " "1, " "1, " "1, " "1, " "1, " "1, " "1, " "1, " "1, " "1, " "1, " "1, " "1, " "1, " "1, " "1, " "1, " "1, " "1, " "1, " "1, " "1, " "1, " "1, " "1, " "1, " "1, " "1, " "1, " "1, " "1, " "1, " "1, " "1, " "1, " "1, " "1, " "1, " "1, " "1, " "1, " "1, " "1, " "1, " "1, " "1, " "1, " "1, " "1, " "1, " "1, " "1, " "1, " "1, " "1, " "1, " "1, " "1, " "1, " "1, " "1, " "1, " "1, " "1, " "1, " "1, " "1, " "1, " "1, " "1, " "1, " "1, " "1, " "1, " "1, " "1, " "1, " "1, " "1, " "1, " "1, " "1, " "1, " "1, " "1, " "1, " "1, " "1, " "1, " "1, " "1, " "1, " "1, " "1, " "1, " "1, " "1, " "1, " "1, " "1, " "1, " "1, " "1, " "1, " "1, " "1, " "1, " "1, " "1, " "1, " "1, " "1, " "1, " "1, " "1, " "1, " "1, " "1, " "1, " "1, " "1, " "1, "0
 "Nei351, 0.137, " "0.651, " "1, " "1, " "1, " "1, " "1, " "1, " "1, " "1, " "1, " "1, " "1, " "1, " "1, " "1, " "1, " "1, " "1, " "1, " "1, " "1, " "1, " "1, " "1, " "1, " "1, " "1, " "1, " "1, " "1, " "1, " "1, " "1, " "1, " "1, " "1, " "1, " "1, " "1, " "1, " "1, " "1, " "1, " "1, " "1, " "1, " "1, " "1, " "1, " "1, " "1, " "1, " "1, " "1, " "1, " "1, " "1, " "1, " "1, " "1, " "1, " "1, " "1, " "1, " "1, " "1, " "1, " "1, " "1, " "1, " "1, " "1, " "1, " "1, " "1, " "1, " "1, " "1, " "1, " "1, " "1, " "1, " "1, " "1, " "1, " "1, " "1, " "1, " "1, " "1, " "1, " "1, " "1, " "1, " "1, " "1, " "1, " "1, " "1, " "1, " "1, " "1, " "1, " "1, " "1, " "1, " "1, " "1, " "1, " "1, " "1, " "1, " "1, " "1, " "1, " "1, " "1, " "1, " "1, " "1, " "1, " "1, " "1, " "1, " "1, " "1, " "1, " "1, " "1, " "1, " "1, " "1, " "1, " "1, " "1, " "1, " "1, " "1, " "1, " "1, " "1, " "1, " "1, " "1, " "1, " "1, " "1, " "1, " "1, " "1, " "1, " "1, " "1, " "1, " "1, " "1, " "1, " "1, " "1, " "1, " "1, " "1, " "1, " "1, " "1, " "1, " "1, " "1, " "1, " "1, " "1, " "1, " "1, " "1, " "1, " "1, " "1, " "1, " "1, " "1, " "1, " "1, " "1, " "1, " "1, " "1, " "1, " "1, " "1, " "1, " "1, " "1, " "1, " "1, " "1, " "1, " "1, " "1, " "1, " "1, " "1, " "1, " "1, " "1, " "1, " "1, " "1, " "1, " "1, " "1, " "1, " "1, " "1, " "1, " "1, " "1, " "1, " "1, " "1, " "1, " "1, " "1, " "1, " "1, " "1, " "1, " "1, " "1, " "1, " "1, " "1, " "1, " "1, " "1, " "1, " "1, " "1, " "1, " "1, " "1, " "1, " "1, " "1, " "1, " "1, " "1, " "1, " "1, " "1, " "1, " "1, " "1, " "1, " "1, " "1, " "1, " "1, " "1, " "1, " "1, " "1, " "1, " "1, " "1, " "1, " "1, " "1, " "1, " "1, " "1, " "1, " "1, " "1, " "1, " "1, " "1, " "1, " "1, " "1, " "1, " "1, " "1, " "1, " "1, " "1, " "1, " "1, " "1, " "1, " "1, " "1, " "1, " "1, " "1, " "1, " "1, " "1, " "1, " "1, " "1, " "1, " "1, " "1, " "1, " "1, " "1, " "1, " "1, " "1, " "1, " "1, " "1, " "1, " "1, " "1, " "1, " "1, " "1, " "1, " "1, " "1, " "1, " "1, " "1, " "1, " "1, " "1, " "1, " "1, " "1, " "1, " "1, " "1, " "1, " "1, " "1, " "1, " "1, " "1, " "1, " "1, " "1, " "1, " "1, " "1, " "1, " "1, " "1, " "1, " "1, " "1, " "1, " "0, " "1, " "1, " "1, " "1, " "1, " "1, " "1, " "1, " "1, " "1, " "1, " "1, " "1, " "1, " "1, " "1, " "1, " "1, " "1, " "1, " "1, " "1, " "1, " "1, " "1, " "1, " "1, " "1, " "1, " "1, " "1, " "1, " "1, " "1, " "1, " "1, " "1, " "1, " "1, " "1, " "1, " "1, " "1, " "1, " "1, " "1, " "1, " "1, " "1, " "1, " "1, " "1, " "1, " "1, " "1, " "1, " "1, " "1, " "1, " "1, " "1, " "1, " "1, " "1, " "1, " "1, " "1, " "1, " "1, " "1, " "1, " "1, " "1, " "1, " "1, " "1, " "1, " "1, " "1, " "1, " "1, " "1, " "1, " "1, " "1, " "1, " "1, " "1, " "1, " "1, " "1, " "1, " "1, " "1, " "1, " "1, " "1, " "1, " "1, " "1, " "1, " "1, " "1, " "1, " "1, " "1, " "1, " "1, " "1, " "1, " "1, " "1, " "1, " "1, " "1, " "1, " "1, " "1, " "1, " "1, " "1, " "1, " "1, " "1, " "1, " "1, " "1, " "1, " "1, " "1, " "1, " "1, " "1, " "1, " "1, " "1, " "1, " "1, " "1, " "1, " "1, " "1, " "1, " "1, " "1, " "1, " "1, " "1, " "1, " "1, " "1, " "1, " "1, " "1, " "1, " "1, " "1, " "1, " "1, " "1, " "1, "0
 "Nei352, 0.04, " "0.854, " "1, " "1, " "1, " "1, " "1, " "1, " "1, " "1, " "1, " "1, " "1, " "1, " "1, " "1, " "1, " "1, " "1, " "1, " "1, " "1, " "1, " "1, " "1, " "1, " "1, " "1, " "1, " "1, " "1, " "1, " "1, " "1, " "1, " "1, " "1, " "1, " "1, " "1, " "1, " "1, " "1, " "1, " "1, " "1, " "1, " "1, " "1, " "1, " "1, " "1, " "1, " "1, " "1, " "1, " "1, " "1, " "1, " "1, " "1, " "1, " "1, " "1, " "1, " "1, " "1, " "1, " "1, " "1, " "1, " "1, " "1, " "1, " "1, " "1, " "1, " "1, " "1, " "1, " "1, " "1, " "1, " "1, " "1, " "1, " "1, " "1, " "1, " "1, " "1, " "1, " "1, " "1, " "1, " "1, " "1, " "1, " "1, " "1, " "1, " "1, " "1, " "1, " "1, " "1, " "1, " "1, " "1, " "1, " "1, " "1, " "1, " "1, " "1, " "1, " "1, " "1, " "1, " "1, " "1, " "1, " "1, " "1, " "1, " "1, " "1, " "1, " "1, " "1, " "1, " "1, " "1, " "1, " "1, " "1, " "1, " "1, " "1, " "1, " "1, " "1, " "1, " "1, " "1, " "1, " "1, " "1, " "1, " "1, " "1, " "1, " "1, " "1, " "1, " "1, " "1, " "1, " "1, " "1, " "1, " "1, " "1, " "1, " "1, " "1, " "1, " "1, " "1, " "1, " "1, " "1, " "1, " "1, " "1, " "1, " "1, " "1, " "1, " "1, " "1, " "1, " "1, " "1, " "1, " "1, " "1, " "1, " "1, " "1, " "1, " "1, " "1, " "1, " "1, " "1, " "1, " "1, " "1, " "1, " "1, " "1, " "1, " "1, " "1, " "1, " "1, " "1, " "1, " "1, " "1, " "1, " "1, " "1, " "1, " "1, " "1, " "1, " "1, " "1, " "1, " "1, " "1, " "1, " "1, " "1, " "1, " "1, " "1, " "1, " "1, " "1, " "1, " "1, " "1, " "1, " "1, " "1, " "1, " "1, " "1, " "1, " "1, " "1, " "1, " "1, " "1, " "1, " "1, " "1, " "1, " "1, " "1, " "1, " "1, " "1, " "1, " "1, " "1, " "1, " "1, " "1, " "1, " "1, " "1, " "1, " "1, " "1, " "1, " "1, " "1, " "1, " "1, " "1, " "1, " "1, " "1, " "1, " "1, " "1, " "1, " "1, " "1, " "1, " "1, " "1, " "1, " "1, " "1, " "1, " "1, " "1, " "1, " "1, " "1, " "1, " "1, " "1, " "1, " "1, " "1, " "1, " "1, " "1, " "1, " "1, " "1, " "1, " "1, " "1, " "1, " "1, " "1, " "1, " "1, " "1, " "1, " "1, " "1, " "1, " "1, " "1, " "1, " "1, " "1, " "1, " "1, " "1, " "1, " "1, " "1, " "1, " "1, " "1, " "1, " "1, " "1, " "1, " "1, " "1, " "1, " "1, " "1, " "1, " "1, " "1, " "1, " "1, " "1, " "1, " "1, " "1, " "1, " "1, " "0, " "1, " "1, " "1, " "1, " "1, " "1, " "1, " "1, " "1, " "1, " "1, " "1, " "1, " "1, " "1, " "1, " "1, " "1, " "1, " "1, " "1, " "1, " "1, " "1, " "1, " "1, " "1, " "1, " "1, " "1, " "1, " "1, " "1, " "1, " "1, " "1, " "1, " "1, " "1, " "1, " "1, " "1, " "1, " "1, " "1, " "1, " "1, " "1, " "1, " "1, " "1, " "1, " "1, " "1, " "1, " "1, " "1, " "1, " "1, " "1, " "1, " "1, " "1, " "1, " "1, " "1, " "1, " "1, " "1, " "1, " "1, " "1, " "1, " "1, " "1, " "1, " "1, " "1, " "1, " "1, " "1, " "1, " "1, " "1, " "1, " "1, " "1, " "1, " "1, " "1, " "1, " "1, " "1, " "1, " "1, " "1, " "1, " "1, " "1, " "1, " "1, " "1, " "1, " "1, " "1, " "1, " "1, " "1, " "1, " "1, " "1, " "1, " "1, " "1, " "1, " "1, " "1, " "1, " "1, " "1, " "1, " "1, " "1, " "1, " "1, " "1, " "1, " "1, " "1, " "1, " "1, " "1, " "1, " "1, " "1, " "1, " "1, " "1, " "1, " "1, " "1, " "1, " "1, " "1, " "1, " "1, " "1, " "1, " "1, " "1, " "1, " "1, " "1, " "1, " "1, " "1, " "1, " "1, " "1, " "1, "0
 "Nei353, 0.327, " "-0.365, " "1, " "1, " "1, " "1, " "1, " "1, " "1, " "1, " "1, " "1, " "1, " "1, " "1, " "1, " "1, " "1, " "1, " "1, " "1, " "1, " "1, " "1, " "1, " "1, " "1, " "1, " "1, " "1, " "1, " "1, " "1, " "1, " "1, " "1, " "1, " "1, " "1, " "1, " "1, " "1, " "1, " "1, " "1, " "1, " "1, " "1, " "1, " "1, " "1, " "1, " "1, " "1, " "1, " "1, " "1, " "1, " "1, " "1, " "1, " "1, " "1, " "1, " "1, " "1, " "1, " "1, " "1, " "1, " "1, " "1, " "1, " "1, " "1, " "1, " "1, " "1, " "1, " "1, " "1, " "1, " "1, " "1, " "1, " "1, " "1, " "1, " "1, " "1, " "1, " "1, " "1, " "1, " "1, " "1, " "1, " "1, " "1, " "1, " "1, " "1, " "1, " "1, " "1, " "1, " "1, " "1, " "1, " "1, " "1, " "1, " "1, " "1, " "1, " "1, " "1, " "1, " "1, " "1, " "1, " "1, " "1, " "1, " "1, " "1, " "1, " "1, " "1, " "1, " "1, " "1, " "1, " "1, " "1, " "1, " "1, " "1, " "1, " "1, " "1, " "1, " "1, " "1, " "1, " "1, " "1, " "1, " "1, " "1, " "1, " "1, " "1, " "1, " "1, " "1, " "1, " "1, " "1, " "1, " "1, " "1, " "1, " "1, " "1, " "1, " "1, " "1, " "1, " "1, " "1, " "1, " "1, " "1, " "1, " "1, " "1, " "1, " "1, " "1, " "1, " "1, " "1, " "1, " "1, " "1, " "1, " "1, " "1, " "1, " "1, " "1, " "1, " "1, " "1, " "1, " "1, " "1, " "1, " "1, " "1, " "1, " "1, " "1, " "1, " "1, " "1, " "1, " "1, " "1, " "1, " "1, " "1, " "1, " "1, " "1, " "1, " "1, " "1, " "1, " "1, " "1, " "1, " "1, " "1, " "1, " "1, " "1, " "1, " "1, " "1, " "1, " "1, " "1, " "1, " "1, " "1, " "1, " "1, " "1, " "1, " "1, " "1, " "1, " "1, " "1, " "1, " "1, " "1, " "1, " "1, " "1, " "1, " "1, " "1, " "1, " "1, " "1, " "1, " "1, " "1, " "1, " "1, " "1, " "1, " "1, " "1, " "1, " "1, " "1, " "1, " "1, " "1, " "1, " "1, " "1, " "1, " "1, " "1, " "1, " "1, " "1, " "1, " "1, " "1, " "1, " "1, " "1, " "1, " "1, " "1, " "1, " "1, " "1, " "1, " "1, " "1, " "1, " "1, " "1, " "1, " "1, " "1, " "1, " "1, " "1, " "1, " "1, " "1, " "1, " "1, " "1, " "1, " "1, " "1, " "1, " "1, " "1, " "1, " "1, " "1, " "1, " "1, " "1, " "1, " "1, " "1, " "1, " "1, " "1, " "1, " "1, " "1, " "1, " "1, " "1, " "1, " "1, " "1, " "1, " "1, " "1, " "1, " "1, " "1, " "1, " "1, " "1, " "1, " "1, " "1, " "1, " "1, " "1, " "1, " "0, " "1, " "1, " "1, " "1, " "1, " "1, " "1, " "1, " "1, " "1, " "1, " "1, " "1, " "1, " "1, " "1, " "1, " "1, " "1, " "1, " "1, " "1, " "1, " "1, " "1, " "1, " "1, " "1, " "1, " "1, " "1, " "1, " "1, " "1, " "1, " "1, " "1, " "1, " "1, " "1, " "1, " "1, " "1, " "1, " "1, " "1, " "1, " "1, " "1, " "1, " "1, " "1, " "1, " "1, " "1, " "1, " "1, " "1, " "1, " "1, " "1, " "1, " "1, " "1, " "1, " "1, " "1, " "1, " "1, " "1, " "1, " "1, " "1, " "1, " "1, " "1, " "1, " "1, " "1, " "1, " "1, " "1, " "1, " "1, " "1, " "1, " "1, " "1, " "1, " "1, " "1, " "1, " "1, " "1, " "1, " "1, " "1, " "1, " "1, " "1, " "1, " "1, " "1, " "1, " "1, " "1, " "1, " "1, " "1, " "1, " "1, " "1, " "1, " "1, " "1, " "1, " "1, " "1, " "1, " "1, " "1, " "1, " "1, " "1, " "1, " "1, " "1, " "1, " "1, " "1, " "1, " "1, " "1, " "1, " "1, " "1, " "1, " "1, " "1, " "1, " "1, " "1, " "1, " "1, " "1, " "1, " "1, " "1, " "1, " "1, " "1, " "1, " "1, " "1, " "1, " "1, " "1, " "1, " "1, "0
 "Nei354, 0.249, " "0.135, " "1, " "1, " "1, " "1, " "1, " "1, " "1, " "1, " "1, " "1, " "1, " "1, " "1, " "1, " "1, " "1, " "1, " "1, " "1, " "1, " "1, " "1, " "1, " "1, " "1, " "1, " "1, " "1, " "1, " "1, " "1, " "1, " "1, " "1, " "1, " "1, " "1, " "1, " "1, " "1, " "1, " "1, " "1, " "1, " "1, " "1, " "1, " "1, " "1, " "1, " "1, " "1, " "1, " "1, " "1, " "1, " "1, " "1, " "1, " "1, " "1, " "1, " "1, " "1, " "1, " "1, " "1, " "1, " "1, " "1, " "1, " "1, " "1, " "1, " "1, " "1, " "1, " "1, " "1, " "1, " "1, " "1, " "1, " "1, " "1, " "1, " "1, " "1, " "1, " "1, " "1, " "1, " "1, " "1, " "1, " "1, " "1, " "1, " "1, " "1, " "1, " "1, " "1, " "1, " "1, " "1, " "1, " "1, " "1, " "1, " "1, " "1, " "1, " "1, " "1, " "1, " "1, " "1, " "1, " "1, " "1, " "1, " "1, " "1, " "1, " "1, " "1, " "1, " "1, " "1, " "1, " "1, " "1, " "1, " "1, " "1, " "1, " "1, " "1, " "1, " "1, " "1, " "1, " "1, " "1, " "1, " "1, " "1, " "1, " "1, " "1, " "1, " "1, " "1, " "1, " "1, " "1, " "1, " "1, " "1, " "1, " "1, " "1, " "1, " "1, " "1, " "1, " "1, " "1, " "1, " "1, " "1, " "1, " "1, " "1, " "1, " "1, " "1, " "1, " "1, " "1, " "1, " "1, " "1, " "1, " "1, " "1, " "1, " "1, " "1, " "1, " "1, " "1, " "1, " "1, " "1, " "1, " "1, " "1, " "1, " "1, " "1, " "1, " "1, " "1, " "1, " "1, " "1, " "1, " "1, " "1, " "1, " "1, " "1, " "1, " "1, " "1, " "1, " "1, " "1, " "1, " "1, " "1, " "1, " "1, " "1, " "1, " "1, " "1, " "1, " "1, " "1, " "1, " "1, " "1, " "1, " "1, " "1, " "1, " "1, " "1, " "1, " "1, " "1, " "1, " "1, " "1, " "1, " "1, " "1, " "1, " "1, " "1, " "1, " "1, " "1, " "1, " "1, " "1, " "1, " "1, " "1, " "1, " "1, " "1, " "1, " "1, " "1, " "1, " "1, " "1, " "1, " "1, " "1, " "1, " "1, " "1, " "1, " "1, " "1, " "1, " "1, " "1, " "1, " "1, " "1, " "1, " "1, " "1, " "1, " "1, " "1, " "1, " "1, " "1, " "1, " "1, " "1, " "1, " "1, " "1, " "1, " "1, " "1, " "1, " "1, " "1, " "1, " "1, " "1, " "1, " "1, " "1, " "1, " "1, " "1, " "1, " "1, " "1, " "1, " "1, " "1, " "1, " "1, " "1, " "1, " "1, " "1, " "1, " "1, " "1, " "1, " "1, " "1, " "1, " "1, " "1, " "1, " "1, " "1, " "1, " "1, " "1, " "1, " "1, " "1, " "1, " "1, " "1, " "1, " "1, " "1, " "1, " "1, " "0, " "1, " "1, " "1, " "1, " "1, " "1, " "1, " "1, " "1, " "1, " "1, " "1, " "1, " "1, " "1, " "1, " "1, " "1, " "1, " "1, " "1, " "1, " "1, " "1, " "1, " "1, " "1, " "1, " "1, " "1, " "1, " "1, " "1, " "1, " "1, " "1, " "1, " "1, " "1, " "1, " "1, " "1, " "1, " "1, " "1, " "1, " "1, " "1, " "1, " "1, " "1, " "1, " "1, " "1, " "1, " "1, " "1, " "1, " "1, " "1, " "1, " "1, " "1, " "1, " "1, " "1, " "1, " "1, " "1, " "1, " "1, " "1, " "1, " "1, " "1, " "1, " "1, " "1, " "1, " "1, " "1, " "1, " "1, " "1, " "1, " "1, " "1, " "1, " "1, " "1, " "1, " "1, " "1, " "1, " "1, " "1, " "1, " "1, " "1, " "1, " "1, " "1, " "1, " "1, " "1, " "1, " "1, " "1, " "1, " "1, " "1, " "1, " "1, " "1, " "1, " "1, " "1, " "1, " "1, " "1, " "1, " "1, " "1, " "1, " "1, " "1, " "1, " "1, " "1, " "1, " "1, " "1, " "1, " "1, " "1, " "1, " "1, " "1, " "1, " "1, " "1, " "1, " "1, " "1, " "1, " "1, " "1, " "1, " "1, " "1, " "1, " "1, " "1, " "1, " "1, " "1, " "1, " "1, "0
 "Nei355, 0.374, " "-0.854, " "1, " "1, " "1, " "1, " "1, " "1, " "1, " "1, " "1, " "1, " "1, " "1, " "1, " "1, " "1, " "1, " "1, " "1, " "1, " "1, " "1, " "1, " "1, " "1, " "1, " "1, " "1, " "1, " "1, " "1, " "1, " "1, " "1, " "1, " "1, " "1, " "1, " "1, " "1, " "1, " "1, " "1, " "1, " "1, " "1, " "1, " "1, " "1, " "1, " "1, " "1, " "1, " "1, " "1, " "1, " "1, " "1, " "1, " "1, " "1, " "1, " "1, " "1, " "1, " "1, " "1, " "1, " "1, " "1, " "1, " "1, " "1, " "1, " "1, " "1, " "1, " "1, " "1, " "1, " "1, " "1, " "1, " "1, " "1, " "1, " "1, " "1, " "1, " "1, " "1, " "1, " "1, " "1, " "1, " "1, " "1, " "1, " "1, " "1, " "1, " "1, " "1, " "1, " "1, " "1, " "1, " "1, " "1, " "1, " "1, " "1, " "1, " "1, " "1, " "1, " "1, " "1, " "1, " "1, " "1, " "1, " "1, " "1, " "1, " "1, " "1, " "1, " "1, " "1, " "1, " "1, " "1, " "1, " "1, " "1, " "1, " "1, " "1, " "1, " "1, " "1, " "1, " "1, " "1, " "1, " "1, " "1, " "1, " "1, " "1, " "1, " "1, " "1, " "1, " "1, " "1, " "1, " "1, " "1, " "1, " "1, " "1, " "1, " "1, " "1, " "1, " "1, " "1, " "1, " "1, " "1, " "1, " "1, " "1, " "1, " "1, " "1, " "1, " "1, " "1, " "1, " "1, " "1, " "1, " "1, " "1, " "1, " "1, " "1, " "1, " "1, " "1, " "1, " "1, " "1, " "1, " "1, " "1, " "1, " "1, " "1, " "1, " "1, " "1, " "1, " "1, " "1, " "1, " "1, " "1, " "1, " "1, " "1, " "1, " "1, " "1, " "1, " "1, " "1, " "1, " "1, " "1, " "1, " "1, " "1, " "1, " "1, " "1, " "1, " "1, " "1, " "1, " "1, " "1, " "1, " "1, " "1, " "1, " "1, " "1, " "1, " "1, " "1, " "1, " "1, " "1, " "1, " "1, " "1, " "1, " "1, " "1, " "1, " "1, " "1, " "1, " "1, " "1, " "1, " "1, " "1, " "1, " "1, " "1, " "1, " "1, " "1, " "1, " "1, " "1, " "1, " "1, " "1, " "1, " "1, " "1, " "1, " "1, " "1, " "1, " "1, " "1, " "1, " "1, " "1, " "1, " "1, " "1, " "1, " "1, " "1, " "1, " "1, " "1, " "1, " "1, " "1, " "1, " "1, " "1, " "1, " "1, " "1, " "1, " "1, " "1, " "1, " "1, " "1, " "1, " "1, " "1, " "1, " "1, " "1, " "1, " "1, " "1, " "1, " "1, " "1, " "1, " "1, " "1, " "1, " "1, " "1, " "1, " "1, " "1, " "1, " "1, " "1, " "1, " "1, " "1, " "1, " "1, " "1, " "1, " "1, " "1, " "1, " "1, " "1, " "1, " "1, " "1, " "1, " "1, " "1, " "1, " "1, " "1, " "1, " "0, " "1, " "1, " "1, " "1, " "1, " "1, " "1, " "1, " "1, " "1, " "1, " "1, " "1, " "1, " "1, " "1, " "1, " "1, " "1, " "1, " "1, " "1, " "1, " "1, " "1, " "1, " "1, " "1, " "1, " "1, " "1, " "1, " "1, " "1, " "1, " "1, " "1, " "1, " "1, " "1, " "1, " "1, " "1, " "1, " "1, " "1, " "1, " "1, " "1, " "1, " "1, " "1, " "1, " "1, " "1, " "1, " "1, " "1, " "1, " "1, " "1, " "1, " "1, " "1, " "1, " "1, " "1, " "1, " "1, " "1, " "1, " "1, " "1, " "1, " "1, " "1, " "1, " "1, " "1, " "1, " "1, " "1, " "1, " "1, " "1, " "1, " "1, " "1, " "1, " "1, " "1, " "1, " "1, " "1, " "1, " "1, " "1, " "1, " "1, " "1, " "1, " "1, " "1, " "1, " "1, " "1, " "1, " "1, " "1, " "1, " "1, " "1, " "1, " "1, " "1, " "1, " "1, " "1, " "1, " "1, " "1, " "1, " "1, " "1, " "1, " "1, " "1, " "1, " "1, " "1, " "1, " "1, " "1, " "1, " "1, " "1, " "1, " "1, " "1, " "1, " "1, " "1, " "1, " "1, " "1, " "1, " "1, " "1, " "1, " "1, " "1, " "1, " "1, " "1, " "1, " "1, " "1, "0
 "Nei356, 0.091, " "-0.098, " "1, " "1, " "1, " "1, " "1, " "1, " "1, " "1, " "1, " "1, " "1, " "1, " "1, " "1, " "1, " "1, " "1, " "1, " "1, " "1, " "1, " "1, " "1, " "1, " "1, " "1, " "1, " "1, " "1, " "1, " "1, " "1, " "1, " "1, " "1, " "1, " "1, " "1, " "1, " "1, " "1, " "1, " "1, " "1, " "1, " "1, " "1, " "1, " "1, " "1, " "1, " "1, " "1, " "1, " "1, " "1, " "1, " "1, " "1, " "1, " "1, " "1, " "1, " "1, " "1, " "1, " "1, " "1, " "1, " "1, " "1, " "1, " "1, " "1, " "1, " "1, " "1, " "1, " "1, " "1, " "1, " "1, " "1, " "1, " "1, " "1, " "1, " "1, " "1, " "1, " "1, " "1, " "1, " "1, " "1, " "1, " "1, " "1, " "1, " "1, " "1, " "1, " "1, " "1, " "1, " "1, " "1, " "1, " "1, " "1, " "1, " "1, " "1, " "1, " "1, " "1, " "1, " "1, " "1, " "1, " "1, " "1, " "1, " "1, " "1, " "1, " "1, " "1, " "1, " "1, " "1, " "1, " "1, " "1, " "1, " "1, " "1, " "1, " "1, " "1, " "1, " "1, " "1, " "1, " "1, " "1, " "1, " "1, " "1, " "1, " "1, " "1, " "1, " "1, " "1, " "1, " "1, " "1, " "1, " "1, " "1, " "1, " "1, " "1, " "1, " "1, " "1, " "1, " "1, " "1, " "1, " "1, " "1, " "1, " "1, " "1, " "1, " "1, " "1, " "1, " "1, " "1, " "1, " "1, " "1, " "1, " "1, " "1, " "1, " "1, " "1, " "1, " "1, " "1, " "1, " "1, " "1, " "1, " "1, " "1, " "1, " "1, " "1, " "1, " "1, " "1, " "1, " "1, " "1, " "1, " "1, " "1, " "1, " "1, " "1, " "1, " "1, " "1, " "1, " "1, " "1, " "1, " "1, " "1, " "1, " "1, " "1, " "1, " "1, " "1, " "1, " "1, " "1, " "1, " "1, " "1, " "1, " "1, " "1, " "1, " "1, " "1, " "1, " "1, " "1, " "1, " "1, " "1, " "1, " "1, " "1, " "1, " "1, " "1, " "1, " "1, " "1, " "1, " "1, " "1, " "1, " "1, " "1, " "1, " "1, " "1, " "1, " "1, " "1, " "1, " "1, " "1, " "1, " "1, " "1, " "1, " "1, " "1, " "1, " "1, " "1, " "1, " "1, " "1, " "1, " "1, " "1, " "1, " "1, " "1, " "1, " "1, " "1, " "1, " "1, " "1, " "1, " "1, " "1, " "1, " "1, " "1, " "1, " "1, " "1, " "1, " "1, " "1, " "1, " "1, " "1, " "1, " "1, " "1, " "1, " "1, " "1, " "1, " "1, " "1, " "1, " "1, " "1, " "1, " "1, " "1, " "1, " "1, " "1, " "1, " "1, " "1, " "1, " "1, " "1, " "1, " "1, " "1, " "1, " "1, " "1, " "1, " "1, " "1, " "1, " "1, " "1, " "1, " "1, " "1, " "1, " "1, " "1, " "1, " "1, " "1, " "0, " "1, " "1, " "1, " "1, " "1, " "1, " "1, " "1, " "1, " "1, " "1, " "1, " "1, " "1, " "1, " "1, " "1, " "1, " "1, " "1, " "1, " "1, " "1, " "1, " "1, " "1, " "1, " "1, " "1, " "1, " "1, " "1, " "1, " "1, " "1, " "1, " "1, " "1, " "1, " "1, " "1, " "1, " "1, " "1, " "1, " "1, " "1, " "1, " "1, " "1, " "1, " "1, " "1, " "1, " "1, " "1, " "1, " "1, " "1, " "1, " "1, " "1, " "1, " "1, " "1, " "1, " "1, " "1, " "1, " "1, " "1, " "1, " "1, " "1, " "1, " "1, " "1, " "1, " "1, " "1, " "1, " "1, " "1, " "1, " "1, " "1, " "1, " "1, " "1, " "1, " "1, " "1, " "1, " "1, " "1, " "1, " "1, " "1, " "1, " "1, " "1, " "1, " "1, " "1, " "1, " "1, " "1, " "1, " "1, " "1, " "1, " "1, " "1, " "1, " "1, " "1, " "1, " "1, " "1, " "1, " "1, " "1, " "1, " "1, " "1, " "1, " "1, " "1, " "1, " "1, " "1, " "1, " "1, " "1, " "1, " "1, " "1, " "1, " "1, " "1, " "1, " "1, " "1, " "1, " "1, " "1, " "1, " "1, " "1, " "1, " "1, " "1, " "1, " "1, " "1, " "1, "0
 "Nei357, 0.18, " "-0.052, " "1, " "1, " "1, " "1, " "1, " "1, " "1, " "1, " "1, " "1, " "1, " "1, " "1, " "1, " "1, " "1, " "1, " "1, " "1, " "1, " "1, " "1, " "1, " "1, " "1, " "1, " "1, " "1, " "1, " "1, " "1, " "1, " "1, " "1, " "1, " "1, " "1, " "1, " "1, " "1, " "1, " "1, " "1, " "1, " "1, " "1, " "1, " "1, " "1, " "1, " "1, " "1, " "1, " "1, " "1, " "1, " "1, " "1, " "1, " "1, " "1, " "1, " "1, " "1, " "1, " "1, " "1, " "1, " "1, " "1, " "1, " "1, " "1, " "1, " "1, " "1, " "1, " "1, " "1, " "1, " "1, " "1, " "1, " "1, " "1, " "1, " "1, " "1, " "1, " "1, " "1, " "1, " "1, " "1, " "1, " "1, " "1, " "1, " "1, " "1, " "1, " "1, " "1, " "1, " "1, " "1, " "1, " "1, " "1, " "1, " "1, " "1, " "1, " "1, " "1, " "1, " "1, " "1, " "1, " "1, " "1, " "1, " "1, " "1, " "1, " "1, " "1, " "1, " "1, " "1, " "1, " "1, " "1, " "1, " "1, " "1, " "1, " "1, " "1, " "1, " "1, " "1, " "1, " "1, " "1, " "1, " "1, " "1, " "1, " "1, " "1, " "1, " "1, " "1, " "1, " "1, " "1, " "1, " "1, " "1, " "1, " "1, " "1, " "1, " "1, " "1, " "1, " "1, " "1, " "1, " "1, " "1, " "1, " "1, " "1, " "1, " "1, " "1, " "1, " "1, " "1, " "1, " "1, " "1, " "1, " "1, " "1, " "1, " "1, " "1, " "1, " "1, " "1, " "1, " "1, " "1, " "1, " "1, " "1, " "1, " "1, " "1, " "1, " "1, " "1, " "1, " "1, " "1, " "1, " "1, " "1, " "1, " "1, " "1, " "1, " "1, " "1, " "1, " "1, " "1, " "1, " "1, " "1, " "1, " "1, " "1, " "1, " "1, " "1, " "1, " "1, " "1, " "1, " "1, " "1, " "1, " "1, " "1, " "1, " "1, " "1, " "1, " "1, " "1, " "1, " "1, " "1, " "1, " "1, " "1, " "1, " "1, " "1, " "1, " "1, " "1, " "1, " "1, " "1, " "1, " "1, " "1, " "1, " "1, " "1, " "1, " "1, " "1, " "1, " "1, " "1, " "1, " "1, " "1, " "1, " "1, " "1, " "1, " "1, " "1, " "1, " "1, " "1, " "1, " "1, " "1, " "1, " "1, " "1, " "1, " "1, " "1, " "1, " "1, " "1, " "1, " "1, " "1, " "1, " "1, " "1, " "1, " "1, " "1, " "1, " "1, " "1, " "1, " "1, " "1, " "1, " "1, " "1, " "1, " "1, " "1, " "1, " "1, " "1, " "1, " "1, " "1, " "1, " "1, " "1, " "1, " "1, " "1, " "1, " "1, " "1, " "1, " "1, " "1, " "1, " "1, " "1, " "1, " "1, " "1, " "1, " "1, " "1, " "1, " "1, " "1, " "1, " "1, " "1, " "1, " "1, " "1, " "1, " "1, " "1, " "1, " "1, " "0, " "1, " "1, " "1, " "1, " "1, " "1, " "1, " "1, " "1, " "1, " "1, " "1, " "1, " "1, " "1, " "1, " "1, " "1, " "1, " "1, " "1, " "1, " "1, " "1, " "1, " "1, " "1, " "1, " "1, " "1, " "1, " "1, " "1, " "1, " "1, " "1, " "1, " "1, " "1, " "1, " "1, " "1, " "1, " "1, " "1, " "1, " "1, " "1, " "1, " "1, " "1, " "1, " "1, " "1, " "1, " "1, " "1, " "1, " "1, " "1, " "1, " "1, " "1, " "1, " "1, " "1, " "1, " "1, " "1, " "1, " "1, " "1, " "1, " "1, " "1, " "1, " "1, " "1, " "1, " "1, " "1, " "1, " "1, " "1, " "1, " "1, " "1, " "1, " "1, " "1, " "1, " "1, " "1, " "1, " "1, " "1, " "1, " "1, " "1, " "1, " "1, " "1, " "1, " "1, " "1, " "1, " "1, " "1, " "1, " "1, " "1, " "1, " "1, " "1, " "1, " "1, " "1, " "1, " "1, " "1, " "1, " "1, " "1, " "1, " "1, " "1, " "1, " "1, " "1, " "1, " "1, " "1, " "1, " "1, " "1, " "1, " "1, " "1, " "1, " "1, " "1, " "1, " "1, " "1, " "1, " "1, " "1, " "1, " "1, " "1, " "1, " "1, " "1, " "1, " "1, "0
 "Nei358, 0.082, " "0.897, " "1, " "1, " "1, " "1, " "1, " "1, " "1, " "1, " "1, " "1, " "1, " "1, " "1, " "1, " "1, " "1, " "1, " "1, " "1, " "1, " "1, " "1, " "1, " "1, " "1, " "1, " "1, " "1, " "1, " "1, " "1, " "1, " "1, " "1, " "1, " "1, " "1, " "1, " "1, " "1, " "1, " "1, " "1, " "1, " "1, " "1, " "1, " "1, " "1, " "1, " "1, " "1, " "1, " "1, " "1, " "1, " "1, " "1, " "1, " "1, " "1, " "1, " "1, " "1, " "1, " "1, " "1, " "1, " "1, " "1, " "1, " "1, " "1, " "1, " "1, " "1, " "1, " "1, " "1, " "1, " "1, " "1, " "1, " "1, " "1, " "1, " "1, " "1, " "1, " "1, " "1, " "1, " "1, " "1, " "1, " "1, " "1, " "1, " "1, " "1, " "1, " "1, " "1, " "1, " "1, " "1, " "1, " "1, " "1, " "1, " "1, " "1, " "1, " "1, " "1, " "1, " "1, " "1, " "1, " "1, " "1, " "1, " "1, " "1, " "1, " "1, " "1, " "1, " "1, " "1, " "1, " "1, " "1, " "1, " "1, " "1, " "1, " "1, " "1, " "1, " "1, " "1, " "1, " "1, " "1, " "1, " "1, " "1, " "1, " "1, " "1, " "1, " "1, " "1, " "1, " "1, " "1, " "1, " "1, " "1, " "1, " "1, " "1, " "1, " "1, " "1, " "1, " "1, " "1, " "1, " "1, " "1, " "1, " "1, " "1, " "1, " "1, " "1, " "1, " "1, " "1, " "1, " "1, " "1, " "1, " "1, " "1, " "1, " "1, " "1, " "1, " "1, " "1, " "1, " "1, " "1, " "1, " "1, " "1, " "1, " "1, " "1, " "1, " "1, " "1, " "1, " "1, " "1, " "1, " "1, " "1, " "1, " "1, " "1, " "1, " "1, " "1, " "1, " "1, " "1, " "1, " "1, " "1, " "1, " "1, " "1, " "1, " "1, " "1, " "1, " "1, " "1, " "1, " "1, " "1, " "1, " "1, " "1, " "1, " "1, " "1, " "1, " "1, " "1, " "1, " "1, " "1, " "1, " "1, " "1, " "1, " "1, " "1, " "1, " "1, " "1, " "1, " "1, " "1, " "1, " "1, " "1, " "1, " "1, " "1, " "1, " "1, " "1, " "1, " "1, " "1, " "1, " "1, " "1, " "1, " "1, " "1, " "1, " "1, " "1, " "1, " "1, " "1, " "1, " "1, " "1, " "1, " "1, " "1, " "1, " "1, " "1, " "1, " "1, " "1, " "1, " "1, " "1, " "1, " "1, " "1, " "1, " "1, " "1, " "1, " "1, " "1, " "1, " "1, " "1, " "1, " "1, " "1, " "1, " "1, " "1, " "1, " "1, " "1, " "1, " "1, " "1, " "1, " "1, " "1, " "1, " "1, " "1, " "1, " "1, " "1, " "1, " "1, " "1, " "1, " "1, " "1, " "1, " "1, " "1, " "1, " "1, " "1, " "1, " "1, " "1, " "1, " "1, " "1, " "1, " "1, " "1, " "1, " "1, " "1, " "1, " "1, " "1, " "0, " "1, " "1, " "1, " "1, " "1, " "1, " "1, " "1, " "1, " "1, " "1, " "1, " "1, " "1, " "1, " "1, " "1, " "1, " "1, " "1, " "1, " "1, " "1, " "1, " "1, " "1, " "1, " "1, " "1, " "1, " "1, " "1, " "1, " "1, " "1, " "1, " "1, " "1, " "1, " "1, " "1, " "1, " "1, " "1, " "1, " "1, " "1, " "1, " "1, " "1, " "1, " "1, " "1, " "1, " "1, " "1, " "1, " "1, " "1, " "1, " "1, " "1, " "1, " "1, " "1, " "1, " "1, " "1, " "1, " "1, " "1, " "1, " "1, " "1, " "1, " "1, " "1, " "1, " "1, " "1, " "1, " "1, " "1, " "1, " "1, " "1, " "1, " "1, " "1, " "1, " "1, " "1, " "1, " "1, " "1, " "1, " "1, " "1, " "1, " "1, " "1, " "1, " "1, " "1, " "1, " "1, " "1, " "1, " "1, " "1, " "1, " "1, " "1, " "1, " "1, " "1, " "1, " "1, " "1, " "1, " "1, " "1, " "1, " "1, " "1, " "1, " "1, " "1, " "1, " "1, " "1, " "1, " "1, " "1, " "1, " "1, " "1, " "1, " "1, " "1, " "1, " "1, " "1, " "1, " "1, " "1, " "1, " "1, " "1, " "1, " "1, " "1, " "1, " "1, "0
 "Nei359, 0.202, " "0.852, " "1, " "1, " "1, " "1, " "1, " "1, " "1, " "1, " "1, " "1, " "1, " "1, " "1, " "1, " "1, " "1, " "1, " "1, " "1, " "1, " "1, " "1, " "1, " "1, " "1, " "1, " "1, " "1, " "1, " "1, " "1, " "1, " "1, " "1, " "1, " "1, " "1, " "1, " "1, " "1, " "1, " "1, " "1, " "1, " "1, " "1, " "1, " "1, " "1, " "1, " "1, " "1, " "1, " "1, " "1, " "1, " "1, " "1, " "1, " "1, " "1, " "1, " "1, " "1, " "1, " "1, " "1, " "1, " "1, " "1, " "1, " "1, " "1, " "1, " "1, " "1, " "1, " "1, " "1, " "1, " "1, " "1, " "1, " "1, " "1, " "1, " "1, " "1, " "1, " "1, " "1, " "1, " "1, " "1, " "1, " "1, " "1, " "1, " "1, " "1, " "1, " "1, " "1, " "1, " "1, " "1, " "1, " "1, " "1, " "1, " "1, " "1, " "1, " "1, " "1, " "1, " "1, " "1, " "1, " "1, " "1, " "1, " "1, " "1, " "1, " "1, " "1, " "1, " "1, " "1, " "1, " "1, " "1, " "1, " "1, " "1, " "1, " "1, " "1, " "1, " "1, " "1, " "1, " "1, " "1, " "1, " "1, " "1, " "1, " "1, " "1, " "1, " "1, " "1, " "1, " "1, " "1, " "1, " "1, " "1, " "1, " "1, " "1, " "1, " "1, " "1, " "1, " "1, " "1, " "1, " "1, " "1, " "1, " "1, " "1, " "1, " "1, " "1, " "1, " "1, " "1, " "1, " "1, " "1, " "1, " "1, " "1, " "1, " "1, " "1, " "1, " "1, " "1, " "1, " "1, " "1, " "1, " "1, " "1, " "1, " "1, " "1, " "1, " "1, " "1, " "1, " "1, " "1, " "1, " "1, " "1, " "1, " "1, " "1, " "1, " "1, " "1, " "1, " "1, " "1, " "1, " "1, " "1, " "1, " "1, " "1, " "1, " "1, " "1, " "1, " "1, " "1, " "1, " "1, " "1, " "1, " "1, " "1, " "1, " "1, " "1, " "1, " "1, " "1, " "1, " "1, " "1, " "1, " "1, " "1, " "1, " "1, " "1, " "1, " "1, " "1, " "1, " "1, " "1, " "1, " "1, " "1, " "1, " "1, " "1, " "1, " "1, " "1, " "1, " "1, " "1, " "1, " "1, " "1, " "1, " "1, " "1, " "1, " "1, " "1, " "1, " "1, " "1, " "1, " "1, " "1, " "1, " "1, " "1, " "1, " "1, " "1, " "1, " "1, " "1, " "1, " "1, " "1, " "1, " "1, " "1, " "1, " "1, " "1, " "1, " "1, " "1, " "1, " "1, " "1, " "1, " "1, " "1, " "1, " "1, " "1, " "1, " "1, " "1, " "1, " "1, " "1, " "1, " "1, " "1, " "1, " "1, " "1, " "1, " "1, " "1, " "1, " "1, " "1, " "1, " "1, " "1, " "1, " "1, " "1, " "1, " "1, " "1, " "1, " "1, " "1, " "1, " "1, " "1, " "1, " "1, " "1, " "1, " "1, " "1, " "1, " "1, " "1, " "1, " "0, " "1, " "1, " "1, " "1, " "1, " "1, " "1, " "1, " "1, " "1, " "1, " "1, " "1, " "1, " "1, " "1, " "1, " "1, " "1, " "1, " "1, " "1, " "1, " "1, " "1, " "1, " "1, " "1, " "1, " "1, " "1, " "1, " "1, " "1, " "1, " "1, " "1, " "1, " "1, " "1, " "1, " "1, " "1, " "1, " "1, " "1, " "1, " "1, " "1, " "1, " "1, " "1, " "1, " "1, " "1, " "1, " "1, " "1, " "1, " "1, " "1, " "1, " "1, " "1, " "1, " "1, " "1, " "1, " "1, " "1, " "1, " "1, " "1, " "1, " "1, " "1, " "1, " "1, " "1, " "1, " "1, " "1, " "1, " "1, " "1, " "1, " "1, " "1, " "1, " "1, " "1, " "1, " "1, " "1, " "1, " "1, " "1, " "1, " "1, " "1, " "1, " "1, " "1, " "1, " "1, " "1, " "1, " "1, " "1, " "1, " "1, " "1, " "1, " "1, " "1, " "1, " "1, " "1, " "1, " "1, " "1, " "1, " "1, " "1, " "1, " "1, " "1, " "1, " "1, " "1, " "1, " "1, " "1, " "1, " "1, " "1, " "1, " "1, " "1, " "1, " "1, " "1, " "1, " "1, " "1, " "1, " "1, " "1, " "1, " "1, " "1, " "1, " "1, "0
 "Nei360, 0.234, " "0.527, " "1, " "1, " "1, " "1, " "1, " "1, " "1, " "1, " "1, " "1, " "1, " "1, " "1, " "1, " "1, " "1, " "1, " "1, " "1, " "1, " "1, " "1, " "1, " "1, " "1, " "1, " "1, " "1, " "1, " "1, " "1, " "1, " "1, " "1, " "1, " "1, " "1, " "1, " "1, " "1, " "1, " "1, " "1, " "1, " "1, " "1, " "1, " "1, " "1, " "1, " "1, " "1, " "1, " "1, " "1, " "1, " "1, " "1, " "1, " "1, " "1, " "1, " "1, " "1, " "1, " "1, " "1, " "1, " "1, " "1, " "1, " "1, " "1, " "1, " "1, " "1, " "1, " "1, " "1, " "1, " "1, " "1, " "1, " "1, " "1, " "1, " "1, " "1, " "1, " "1, " "1, " "1, " "1, " "1, " "1, " "1, " "1, " "1, " "1, " "1, " "1, " "1, " "1, " "1, " "1, " "1, " "1, " "1, " "1, " "1, " "1, " "1, " "1, " "1, " "1, " "1, " "1, " "1, " "1, " "1, " "1, " "1, " "1, " "1, " "1, " "1, " "1, " "1, " "1, " "1, " "1, " "1, " "1, " "1, " "1, " "1, " "1, " "1, " "1, " "1, " "1, " "1, " "1, " "1, " "1, " "1, " "1, " "1, " "1, " "1, " "1, " "1, " "1, " "1, " "1, " "1, " "1, " "1, " "1, " "1, " "1, " "1, " "1, " "1, " "1, " "1, " "1, " "1, " "1, " "1, " "1, " "1, " "1, " "1, " "1, " "1, " "1, " "1, " "1, " "1, " "1, " "1, " "1, " "1, " "1, " "1, " "1, " "1, " "1, " "1, " "1, " "1, " "1, " "1, " "1, " "1, " "1, " "1, " "1, " "1, " "1, " "1, " "1, " "1, " "1, " "1, " "1, " "1, " "1, " "1, " "1, " "1, " "1, " "1, " "1, " "1, " "1, " "1, " "1, " "1, " "1, " "1, " "1, " "1, " "1, " "1, " "1, " "1, " "1, " "1, " "1, " "1, " "1, " "1, " "1, " "1, " "1, " "1, " "1, " "1, " "1, " "1, " "1, " "1, " "1, " "1, " "1, " "1, " "1, " "1, " "1, " "1, " "1, " "1, " "1, " "1, " "1, " "1, " "1, " "1, " "1, " "1, " "1, " "1, " "1, " "1, " "1, " "1, " "1, " "1, " "1, " "1, " "1, " "1, " "1, " "1, " "1, " "1, " "1, " "1, " "1, " "1, " "1, " "1, " "1, " "1, " "1, " "1, " "1, " "1, " "1, " "1, " "1, " "1, " "1, " "1, " "1, " "1, " "1, " "1, " "1, " "1, " "1, " "1, " "1, " "1, " "1, " "1, " "1, " "1, " "1, " "1, " "1, " "1, " "1, " "1, " "1, " "1, " "1, " "1, " "1, " "1, " "1, " "1, " "1, " "1, " "1, " "1, " "1, " "1, " "1, " "1, " "1, " "1, " "1, " "1, " "1, " "1, " "1, " "1, " "1, " "1, " "1, " "1, " "1, " "1, " "1, " "1, " "1, " "1, " "1, " "1, " "1, " "1, " "1, " "1, " "1, " "1, " "1, " "1, " "0, " "1, " "1, " "1, " "1, " "1, " "1, " "1, " "1, " "1, " "1, " "1, " "1, " "1, " "1, " "1, " "1, " "1, " "1, " "1, " "1, " "1, " "1, " "1, " "1, " "1, " "1, " "1, " "1, " "1, " "1, " "1, " "1, " "1, " "1, " "1, " "1, " "1, " "1, " "1, " "1, " "1, " "1, " "1, " "1, " "1, " "1, " "1, " "1, " "1, " "1, " "1, " "1, " "1, " "1, " "1, " "1, " "1, " "1, " "1, " "1, " "1, " "1, " "1, " "1, " "1, " "1, " "1, " "1, " "1, " "1, " "1, " "1, " "1, " "1, " "1, " "1, " "1, " "1, " "1, " "1, " "1, " "1, " "1, " "1, " "1, " "1, " "1, " "1, " "1, " "1, " "1, " "1, " "1, " "1, " "1, " "1, " "1, " "1, " "1, " "1, " "1, " "1, " "1, " "1, " "1, " "1, " "1, " "1, " "1, " "1, " "1, " "1, " "1, " "1, " "1, " "1, " "1, " "1, " "1, " "1, " "1, " "1, " "1, " "1, " "1, " "1, " "1, " "1, " "1, " "1, " "1, " "1, " "1, " "1, " "1, " "1, " "1, " "1, " "1, " "1, " "1, " "1, " "1, " "1, " "1, " "1, " "1, " "1, " "1, " "1, " "1, " "1, "0
 "Nei361, 0.211, " "0.172, " "1, " "1, " "1, " "1, " "1, " "1, " "1, " "1, " "1, " "1, " "1, " "1, " "1, " "1, " "1, " "1, " "1, " "1, " "1, " "1, " "1, " "1, " "1, " "1, " "1, " "1, " "1, " "1, " "1, " "1, " "1, " "1, " "1, " "1, " "1, " "1, " "1, " "1, " "1, " "1, " "1, " "1, " "1, " "1, " "1, " "1, " "1, " "1, " "1, " "1, " "1, " "1, " "1, " "1, " "1, " "1, " "1, " "1, " "1, " "1, " "1, " "1, " "1, " "1, " "1, " "1, " "1, " "1, " "1, " "1, " "1, " "1, " "1, " "1, " "1, " "1, " "1, " "1, " "1, " "1, " "1, " "1, " "1, " "1, " "1, " "1, " "1, " "1, " "1, " "1, " "1, " "1, " "1, " "1, " "1, " "1, " "1, " "1, " "1, " "1, " "1, " "1, " "1, " "1, " "1, " "1, " "1, " "1, " "1, " "1, " "1, " "1, " "1, " "1, " "1, " "1, " "1, " "1, " "1, " "1, " "1, " "1, " "1, " "1, " "1, " "1, " "1, " "1, " "1, " "1, " "1, " "1, " "1, " "1, " "1, " "1, " "1, " "1, " "1, " "1, " "1, " "1, " "1, " "1, " "1, " "1, " "1, " "1, " "1, " "1, " "1, " "1, " "1, " "1, " "1, " "1, " "1, " "1, " "1, " "1, " "1, " "1, " "1, " "1, " "1, " "1, " "1, " "1, " "1, " "1, " "1, " "1, " "1, " "1, " "1, " "1, " "1, " "1, " "1, " "1, " "1, " "1, " "1, " "1, " "1, " "1, " "1, " "1, " "1, " "1, " "1, " "1, " "1, " "1, " "1, " "1, " "1, " "1, " "1, " "1, " "1, " "1, " "1, " "1, " "1, " "1, " "1, " "1, " "1, " "1, " "1, " "1, " "1, " "1, " "1, " "1, " "1, " "1, " "1, " "1, " "1, " "1, " "1, " "1, " "1, " "1, " "1, " "1, " "1, " "1, " "1, " "1, " "1, " "1, " "1, " "1, " "1, " "1, " "1, " "1, " "1, " "1, " "1, " "1, " "1, " "1, " "1, " "1, " "1, " "1, " "1, " "1, " "1, " "1, " "1, " "1, " "1, " "1, " "1, " "1, " "1, " "1, " "1, " "1, " "1, " "1, " "1, " "1, " "1, " "1, " "1, " "1, " "1, " "1, " "1, " "1, " "1, " "1, " "1, " "1, " "1, " "1, " "1, " "1, " "1, " "1, " "1, " "1, " "1, " "1, " "1, " "1, " "1, " "1, " "1, " "1, " "1, " "1, " "1, " "1, " "1, " "1, " "1, " "1, " "1, " "1, " "1, " "1, " "1, " "1, " "1, " "1, " "1, " "1, " "1, " "1, " "1, " "1, " "1, " "1, " "1, " "1, " "1, " "1, " "1, " "1, " "1, " "1, " "1, " "1, " "1, " "1, " "1, " "1, " "1, " "1, " "1, " "1, " "1, " "1, " "1, " "1, " "1, " "1, " "1, " "1, " "1, " "1, " "1, " "1, " "1, " "1, " "1, " "1, " "1, " "1, " "1, " "1, " "1, " "1, " "1, " "0, " "1, " "1, " "1, " "1, " "1, " "1, " "1, " "1, " "1, " "1, " "1, " "1, " "1, " "1, " "1, " "1, " "1, " "1, " "1, " "1, " "1, " "1, " "1, " "1, " "1, " "1, " "1, " "1, " "1, " "1, " "1, " "1, " "1, " "1, " "1, " "1, " "1, " "1, " "1, " "1, " "1, " "1, " "1, " "1, " "1, " "1, " "1, " "1, " "1, " "1, " "1, " "1, " "1, " "1, " "1, " "1, " "1, " "1, " "1, " "1, " "1, " "1, " "1, " "1, " "1, " "1, " "1, " "1, " "1, " "1, " "1, " "1, " "1, " "1, " "1, " "1, " "1, " "1, " "1, " "1, " "1, " "1, " "1, " "1, " "1, " "1, " "1, " "1, " "1, " "1, " "1, " "1, " "1, " "1, " "1, " "1, " "1, " "1, " "1, " "1, " "1, " "1, " "1, " "1, " "1, " "1, " "1, " "1, " "1, " "1, " "1, " "1, " "1, " "1, " "1, " "1, " "1, " "1, " "1, " "1, " "1, " "1, " "1, " "1, " "1, " "1, " "1, " "1, " "1, " "1, " "1, " "1, " "1, " "1, " "1, " "1, " "1, " "1, " "1, " "1, " "1, " "1, " "1, " "1, " "1, " "1, " "1, " "1, " "1, " "1, " "1, "0
 "Nei362, 0.179, " "-0.368, " "1, " "1, " "1, " "1, " "1, " "1, " "1, " "1, " "1, " "1, " "1, " "1, " "1, " "1, " "1, " "1, " "1, " "1, " "1, " "1, " "1, " "1, " "1, " "1, " "1, " "1, " "1, " "1, " "1, " "1, " "1, " "1, " "1, " "1, " "1, " "1, " "1, " "1, " "1, " "1, " "1, " "1, " "1, " "1, " "1, " "1, " "1, " "1, " "1, " "1, " "1, " "1, " "1, " "1, " "1, " "1, " "1, " "1, " "1, " "1, " "1, " "1, " "1, " "1, " "1, " "1, " "1, " "1, " "1, " "1, " "1, " "1, " "1, " "1, " "1, " "1, " "1, " "1, " "1, " "1, " "1, " "1, " "1, " "1, " "1, " "1, " "1, " "1, " "1, " "1, " "1, " "1, " "1, " "1, " "1, " "1, " "1, " "1, " "1, " "1, " "1, " "1, " "1, " "1, " "1, " "1, " "1, " "1, " "1, " "1, " "1, " "1, " "1, " "1, " "1, " "1, " "1, " "1, " "1, " "1, " "1, " "1, " "1, " "1, " "1, " "1, " "1, " "1, " "1, " "1, " "1, " "1, " "1, " "1, " "1, " "1, " "1, " "1, " "1, " "1, " "1, " "1, " "1, " "1, " "1, " "1, " "1, " "1, " "1, " "1, " "1, " "1, " "1, " "1, " "1, " "1, " "1, " "1, " "1, " "1, " "1, " "1, " "1, " "1, " "1, " "1, " "1, " "1, " "1, " "1, " "1, " "1, " "1, " "1, " "1, " "1, " "1, " "1, " "1, " "1, " "1, " "1, " "1, " "1, " "1, " "1, " "1, " "1, " "1, " "1, " "1, " "1, " "1, " "1, " "1, " "1, " "1, " "1, " "1, " "1, " "1, " "1, " "1, " "1, " "1, " "1, " "1, " "1, " "1, " "1, " "1, " "1, " "1, " "1, " "1, " "1, " "1, " "1, " "1, " "1, " "1, " "1, " "1, " "1, " "1, " "1, " "1, " "1, " "1, " "1, " "1, " "1, " "1, " "1, " "1, " "1, " "1, " "1, " "1, " "1, " "1, " "1, " "1, " "1, " "1, " "1, " "1, " "1, " "1, " "1, " "1, " "1, " "1, " "1, " "1, " "1, " "1, " "1, " "1, " "1, " "1, " "1, " "1, " "1, " "1, " "1, " "1, " "1, " "1, " "1, " "1, " "1, " "1, " "1, " "1, " "1, " "1, " "1, " "1, " "1, " "1, " "1, " "1, " "1, " "1, " "1, " "1, " "1, " "1, " "1, " "1, " "1, " "1, " "1, " "1, " "1, " "1, " "1, " "1, " "1, " "1, " "1, " "1, " "1, " "1, " "1, " "1, " "1, " "1, " "1, " "1, " "1, " "1, " "1, " "1, " "1, " "1, " "1, " "1, " "1, " "1, " "1, " "1, " "1, " "1, " "1, " "1, " "1, " "1, " "1, " "1, " "1, " "1, " "1, " "1, " "1, " "1, " "1, " "1, " "1, " "1, " "1, " "1, " "1, " "1, " "1, " "1, " "1, " "1, " "1, " "1, " "1, " "1, " "1, " "1, " "1, " "1, " "1, " "1, " "1, " "1, " "1, " "0, " "1, " "1, " "1, " "1, " "1, " "1, " "1, " "1, " "1, " "1, " "1, " "1, " "1, " "1, " "1, " "1, " "1, " "1, " "1, " "1, " "1, " "1, " "1, " "1, " "1, " "1, " "1, " "1, " "1, " "1, " "1, " "1, " "1, " "1, " "1, " "1, " "1, " "1, " "1, " "1, " "1, " "1, " "1, " "1, " "1, " "1, " "1, " "1, " "1, " "1, " "1, " "1, " "1, " "1, " "1, " "1, " "1, " "1, " "1, " "1, " "1, " "1, " "1, " "1, " "1, " "1, " "1, " "1, " "1, " "1, " "1, " "1, " "1, " "1, " "1, " "1, " "1, " "1, " "1, " "1, " "1, " "1, " "1, " "1, " "1, " "1, " "1, " "1, " "1, " "1, " "1, " "1, " "1, " "1, " "1, " "1, " "1, " "1, " "1, " "1, " "1, " "1, " "1, " "1, " "1, " "1, " "1, " "1, " "1, " "1, " "1, " "1, " "1, " "1, " "1, " "1, " "1, " "1, " "1, " "1, " "1, " "1, " "1, " "1, " "1, " "1, " "1, " "1, " "1, " "1, " "1, " "1, " "1, " "1, " "1, " "1, " "1, " "1, " "1, " "1, " "1, " "1, " "1, " "1, " "1, " "1, " "1, " "1, " "1, " "1, "0
 "Nei363, 0.387, " "0.008, " "1, " "1, " "1, " "1, " "1, " "1, " "1, " "1, " "1, " "1, " "1, " "1, " "1, " "1, " "1, " "1, " "1, " "1, " "1, " "1, " "1, " "1, " "1, " "1, " "1, " "1, " "1, " "1, " "1, " "1, " "1, " "1, " "1, " "1, " "1, " "1, " "1, " "1, " "1, " "1, " "1, " "1, " "1, " "1, " "1, " "1, " "1, " "1, " "1, " "1, " "1, " "1, " "1, " "1, " "1, " "1, " "1, " "1, " "1, " "1, " "1, " "1, " "1, " "1, " "1, " "1, " "1, " "1, " "1, " "1, " "1, " "1, " "1, " "1, " "1, " "1, " "1, " "1, " "1, " "1, " "1, " "1, " "1, " "1, " "1, " "1, " "1, " "1, " "1, " "1, " "1, " "1, " "1, " "1, " "1, " "1, " "1, " "1, " "1, " "1, " "1, " "1, " "1, " "1, " "1, " "1, " "1, " "1, " "1, " "1, " "1, " "1, " "1, " "1, " "1, " "1, " "1, " "1, " "1, " "1, " "1, " "1, " "1, " "1, " "1, " "1, " "1, " "1, " "1, " "1, " "1, " "1, " "1, " "1, " "1, " "1, " "1, " "1, " "1, " "1, " "1, " "1, " "1, " "1, " "1, " "1, " "1, " "1, " "1, " "1, " "1, " "1, " "1, " "1, " "1, " "1, " "1, " "1, " "1, " "1, " "1, " "1, " "1, " "1, " "1, " "1, " "1, " "1, " "1, " "1, " "1, " "1, " "1, " "1, " "1, " "1, " "1, " "1, " "1, " "1, " "1, " "1, " "1, " "1, " "1, " "1, " "1, " "1, " "1, " "1, " "1, " "1, " "1, " "1, " "1, " "1, " "1, " "1, " "1, " "1, " "1, " "1, " "1, " "1, " "1, " "1, " "1, " "1, " "1, " "1, " "1, " "1, " "1, " "1, " "1, " "1, " "1, " "1, " "1, " "1, " "1, " "1, " "1, " "1, " "1, " "1, " "1, " "1, " "1, " "1, " "1, " "1, " "1, " "1, " "1, " "1, " "1, " "1, " "1, " "1, " "1, " "1, " "1, " "1, " "1, " "1, " "1, " "1, " "1, " "1, " "1, " "1, " "1, " "1, " "1, " "1, " "1, " "1, " "1, " "1, " "1, " "1, " "1, " "1, " "1, " "1, " "1, " "1, " "1, " "1, " "1, " "1, " "1, " "1, " "1, " "1, " "1, " "1, " "1, " "1, " "1, " "1, " "1, " "1, " "1, " "1, " "1, " "1, " "1, " "1, " "1, " "1, " "1, " "1, " "1, " "1, " "1, " "1, " "1, " "1, " "1, " "1, " "1, " "1, " "1, " "1, " "1, " "1, " "1, " "1, " "1, " "1, " "1, " "1, " "1, " "1, " "1, " "1, " "1, " "1, " "1, " "1, " "1, " "1, " "1, " "1, " "1, " "1, " "1, " "1, " "1, " "1, " "1, " "1, " "1, " "1, " "1, " "1, " "1, " "1, " "1, " "1, " "1, " "1, " "1, " "1, " "1, " "1, " "1, " "1, " "1, " "1, " "1, " "1, " "1, " "1, " "1, " "1, " "1, " "1, " "1, " "1, " "1, " "0, " "1, " "1, " "1, " "1, " "1, " "1, " "1, " "1, " "1, " "1, " "1, " "1, " "1, " "1, " "1, " "1, " "1, " "1, " "1, " "1, " "1, " "1, " "1, " "1, " "1, " "1, " "1, " "1, " "1, " "1, " "1, " "1, " "1, " "1, " "1, " "1, " "1, " "1, " "1, " "1, " "1, " "1, " "1, " "1, " "1, " "1, " "1, " "1, " "1, " "1, " "1, " "1, " "1, " "1, " "1, " "1, " "1, " "1, " "1, " "1, " "1, " "1, " "1, " "1, " "1, " "1, " "1, " "1, " "1, " "1, " "1, " "1, " "1, " "1, " "1, " "1, " "1, " "1, " "1, " "1, " "1, " "1, " "1, " "1, " "1, " "1, " "1, " "1, " "1, " "1, " "1, " "1, " "1, " "1, " "1, " "1, " "1, " "1, " "1, " "1, " "1, " "1, " "1, " "1, " "1, " "1, " "1, " "1, " "1, " "1, " "1, " "1, " "1, " "1, " "1, " "1, " "1, " "1, " "1, " "1, " "1, " "1, " "1, " "1, " "1, " "1, " "1, " "1, " "1, " "1, " "1, " "1, " "1, " "1, " "1, " "1, " "1, " "1, " "1, " "1, " "1, " "1, " "1, " "1, " "1, " "1, " "1, " "1, " "1, "0
 "Nei364, 0.353, " "-0.779, " "1, " "1, " "1, " "1, " "1, " "1, " "1, " "1, " "1, " "1, " "1, " "1, " "1, " "1, " "1, " "1, " "1, " "1, " "1, " "1, " "1, " "1, " "1, " "1, " "1, " "1, " "1, " "1, " "1, " "1, " "1, " "1, " "1, " "1, " "1, " "1, " "1, " "1, " "1, " "1, " "1, " "1, " "1, " "1, " "1, " "1, " "1, " "1, " "1, " "1, " "1, " "1, " "1, " "1, " "1, " "1, " "1, " "1, " "1, " "1, " "1, " "1, " "1, " "1, " "1, " "1, " "1, " "1, " "1, " "1, " "1, " "1, " "1, " "1, " "1, " "1, " "1, " "1, " "1, " "1, " "1, " "1, " "1, " "1, " "1, " "1, " "1, " "1, " "1, " "1, " "1, " "1, " "1, " "1, " "1, " "1, " "1, " "1, " "1, " "1, " "1, " "1, " "1, " "1, " "1, " "1, " "1, " "1, " "1, " "1, " "1, " "1, " "1, " "1, " "1, " "1, " "1, " "1, " "1, " "1, " "1, " "1, " "1, " "1, " "1, " "1, " "1, " "1, " "1, " "1, " "1, " "1, " "1, " "1, " "1, " "1, " "1, " "1, " "1, " "1, " "1, " "1, " "1, " "1, " "1, " "1, " "1, " "1, " "1, " "1, " "1, " "1, " "1, " "1, " "1, " "1, " "1, " "1, " "1, " "1, " "1, " "1, " "1, " "1, " "1, " "1, " "1, " "1, " "1, " "1, " "1, " "1, " "1, " "1, " "1, " "1, " "1, " "1, " "1, " "1, " "1, " "1, " "1, " "1, " "1, " "1, " "1, " "1, " "1, " "1, " "1, " "1, " "1, " "1, " "1, " "1, " "1, " "1, " "1, " "1, " "1, " "1, " "1, " "1, " "1, " "1, " "1, " "1, " "1, " "1, " "1, " "1, " "1, " "1, " "1, " "1, " "1, " "1, " "1, " "1, " "1, " "1, " "1, " "1, " "1, " "1, " "1, " "1, " "1, " "1, " "1, " "1, " "1, " "1, " "1, " "1, " "1, " "1, " "1, " "1, " "1, " "1, " "1, " "1, " "1, " "1, " "1, " "1, " "1, " "1, " "1, " "1, " "1, " "1, " "1, " "1, " "1, " "1, " "1, " "1, " "1, " "1, " "1, " "1, " "1, " "1, " "1, " "1, " "1, " "1, " "1, " "1, " "1, " "1, " "1, " "1, " "1, " "1, " "1, " "1, " "1, " "1, " "1, " "1, " "1, " "1, " "1, " "1, " "1, " "1, " "1, " "1, " "1, " "1, " "1, " "1, " "1, " "1, " "1, " "1, " "1, " "1, " "1, " "1, " "1, " "1, " "1, " "1, " "1, " "1, " "1, " "1, " "1, " "1, " "1, " "1, " "1, " "1, " "1, " "1, " "1, " "1, " "1, " "1, " "1, " "1, " "1, " "1, " "1, " "1, " "1, " "1, " "1, " "1, " "1, " "1, " "1, " "1, " "1, " "1, " "1, " "1, " "1, " "1, " "1, " "1, " "1, " "1, " "1, " "1, " "1, " "1, " "1, " "1, " "1, " "1, " "1, " "1, " "1, " "1, " "1, " "1, " "1, " "1, " "0, " "1, " "1, " "1, " "1, " "1, " "1, " "1, " "1, " "1, " "1, " "1, " "1, " "1, " "1, " "1, " "1, " "1, " "1, " "1, " "1, " "1, " "1, " "1, " "1, " "1, " "1, " "1, " "1, " "1, " "1, " "1, " "1, " "1, " "1, " "1, " "1, " "1, " "1, " "1, " "1, " "1, " "1, " "1, " "1, " "1, " "1, " "1, " "1, " "1, " "1, " "1, " "1, " "1, " "1, " "1, " "1, " "1, " "1, " "1, " "1, " "1, " "1, " "1, " "1, " "1, " "1, " "1, " "1, " "1, " "1, " "1, " "1, " "1, " "1, " "1, " "1, " "1, " "1, " "1, " "1, " "1, " "1, " "1, " "1, " "1, " "1, " "1, " "1, " "1, " "1, " "1, " "1, " "1, " "1, " "1, " "1, " "1, " "1, " "1, " "1, " "1, " "1, " "1, " "1, " "1, " "1, " "1, " "1, " "1, " "1, " "1, " "1, " "1, " "1, " "1, " "1, " "1, " "1, " "1, " "1, " "1, " "1, " "1, " "1, " "1, " "1, " "1, " "1, " "1, " "1, " "1, " "1, " "1, " "1, " "1, " "1, " "1, " "1, " "1, " "1, " "1, " "1, " "1, " "1, " "1, " "1, " "1, " "1, "0
 "Nei365, 0.135, " "-0.9, " "1, " "1, " "1, " "1, " "1, " "1, " "1, " "1, " "1, " "1, " "1, " "1, " "1, " "1, " "1, " "1, " "1, " "1, " "1, " "1, " "1, " "1, " "1, " "1, " "1, " "1, " "1, " "1, " "1, " "1, " "1, " "1, " "1, " "1, " "1, " "1, " "1, " "1, " "1, " "1, " "1, " "1, " "1, " "1, " "1, " "1, " "1, " "1, " "1, " "1, " "1, " "1, " "1, " "1, " "1, " "1, " "1, " "1, " "1, " "1, " "1, " "1, " "1, " "1, " "1, " "1, " "1, " "1, " "1, " "1, " "1, " "1, " "1, " "1, " "1, " "1, " "1, " "1, " "1, " "1, " "1, " "1, " "1, " "1, " "1, " "1, " "1, " "1, " "1, " "1, " "1, " "1, " "1, " "1, " "1, " "1, " "1, " "1, " "1, " "1, " "1, " "1, " "1, " "1, " "1, " "1, " "1, " "1, " "1, " "1, " "1, " "1, " "1, " "1, " "1, " "1, " "1, " "1, " "1, " "1, " "1, " "1, " "1, " "1, " "1, " "1, " "1, " "1, " "1, " "1, " "1, " "1, " "1, " "1, " "1, " "1, " "1, " "1, " "1, " "1, " "1, " "1, " "1, " "1, " "1, " "1, " "1, " "1, " "1, " "1, " "1, " "1, " "1, " "1, " "1, " "1, " "1, " "1, " "1, " "1, " "1, " "1, " "1, " "1, " "1, " "1, " "1, " "1, " "1, " "1, " "1, " "1, " "1, " "1, " "1, " "1, " "1, " "1, " "1, " "1, " "1, " "1, " "1, " "1, " "1, " "1, " "1, " "1, " "1, " "1, " "1, " "1, " "1, " "1, " "1, " "1, " "1, " "1, " "1, " "1, " "1, " "1, " "1, " "1, " "1, " "1, " "1, " "1, " "1, " "1, " "1, " "1, " "1, " "1, " "1, " "1, " "1, " "1, " "1, " "1, " "1, " "1, " "1, " "1, " "1, " "1, " "1, " "1, " "1, " "1, " "1, " "1, " "1, " "1, " "1, " "1, " "1, " "1, " "1, " "1, " "1, " "1, " "1, " "1, " "1, " "1, " "1, " "1, " "1, " "1, " "1, " "1, " "1, " "1, " "1, " "1, " "1, " "1, " "1, " "1, " "1, " "1, " "1, " "1, " "1, " "1, " "1, " "1, " "1, " "1, " "1, " "1, " "1, " "1, " "1, " "1, " "1, " "1, " "1, " "1, " "1, " "1, " "1, " "1, " "1, " "1, " "1, " "1, " "1, " "1, " "1, " "1, " "1, " "1, " "1, " "1, " "1, " "1, " "1, " "1, " "1, " "1, " "1, " "1, " "1, " "1, " "1, " "1, " "1, " "1, " "1, " "1, " "1, " "1, " "1, " "1, " "1, " "1, " "1, " "1, " "1, " "1, " "1, " "1, " "1, " "1, " "1, " "1, " "1, " "1, " "1, " "1, " "1, " "1, " "1, " "1, " "1, " "1, " "1, " "1, " "1, " "1, " "1, " "1, " "1, " "1, " "1, " "1, " "1, " "1, " "1, " "1, " "1, " "1, " "1, " "1, " "1, " "1, " "1, " "1, " "1, " "1, " "1, " "1, " "1, " "0, " "1, " "1, " "1, " "1, " "1, " "1, " "1, " "1, " "1, " "1, " "1, " "1, " "1, " "1, " "1, " "1, " "1, " "1, " "1, " "1, " "1, " "1, " "1, " "1, " "1, " "1, " "1, " "1, " "1, " "1, " "1, " "1, " "1, " "1, " "1, " "1, " "1, " "1, " "1, " "1, " "1, " "1, " "1, " "1, " "1, " "1, " "1, " "1, " "1, " "1, " "1, " "1, " "1, " "1, " "1, " "1, " "1, " "1, " "1, " "1, " "1, " "1, " "1, " "1, " "1, " "1, " "1, " "1, " "1, " "1, " "1, " "1, " "1, " "1, " "1, " "1, " "1, " "1, " "1, " "1, " "1, " "1, " "1, " "1, " "1, " "1, " "1, " "1, " "1, " "1, " "1, " "1, " "1, " "1, " "1, " "1, " "1, " "1, " "1, " "1, " "1, " "1, " "1, " "1, " "1, " "1, " "1, " "1, " "1, " "1, " "1, " "1, " "1, " "1, " "1, " "1, " "1, " "1, " "1, " "1, " "1, " "1, " "1, " "1, " "1, " "1, " "1, " "1, " "1, " "1, " "1, " "1, " "1, " "1, " "1, " "1, " "1, " "1, " "1, " "1, " "1, " "1, " "1, " "1, " "1, " "1, " "1, "0
 "Nei366, 0.173, " "-0.65, " "1, " "1, " "1, " "1, " "1, " "1, " "1, " "1, " "1, " "1, " "1, " "1, " "1, " "1, " "1, " "1, " "1, " "1, " "1, " "1, " "1, " "1, " "1, " "1, " "1, " "1, " "1, " "1, " "1, " "1, " "1, " "1, " "1, " "1, " "1, " "1, " "1, " "1, " "1, " "1, " "1, " "1, " "1, " "1, " "1, " "1, " "1, " "1, " "1, " "1, " "1, " "1, " "1, " "1, " "1, " "1, " "1, " "1, " "1, " "1, " "1, " "1, " "1, " "1, " "1, " "1, " "1, " "1, " "1, " "1, " "1, " "1, " "1, " "1, " "1, " "1, " "1, " "1, " "1, " "1, " "1, " "1, " "1, " "1, " "1, " "1, " "1, " "1, " "1, " "1, " "1, " "1, " "1, " "1, " "1, " "1, " "1, " "1, " "1, " "1, " "1, " "1, " "1, " "1, " "1, " "1, " "1, " "1, " "1, " "1, " "1, " "1, " "1, " "1, " "1, " "1, " "1, " "1, " "1, " "1, " "1, " "1, " "1, " "1, " "1, " "1, " "1, " "1, " "1, " "1, " "1, " "1, " "1, " "1, " "1, " "1, " "1, " "1, " "1, " "1, " "1, " "1, " "1, " "1, " "1, " "1, " "1, " "1, " "1, " "1, " "1, " "1, " "1, " "1, " "1, " "1, " "1, " "1, " "1, " "1, " "1, " "1, " "1, " "1, " "1, " "1, " "1, " "1, " "1, " "1, " "1, " "1, " "1, " "1, " "1, " "1, " "1, " "1, " "1, " "1, " "1, " "1, " "1, " "1, " "1, " "1, " "1, " "1, " "1, " "1, " "1, " "1, " "1, " "1, " "1, " "1, " "1, " "1, " "1, " "1, " "1, " "1, " "1, " "1, " "1, " "1, " "1, " "1, " "1, " "1, " "1, " "1, " "1, " "1, " "1, " "1, " "1, " "1, " "1, " "1, " "1, " "1, " "1, " "1, " "1, " "1, " "1, " "1, " "1, " "1, " "1, " "1, " "1, " "1, " "1, " "1, " "1, " "1, " "1, " "1, " "1, " "1, " "1, " "1, " "1, " "1, " "1, " "1, " "1, " "1, " "1, " "1, " "1, " "1, " "1, " "1, " "1, " "1, " "1, " "1, " "1, " "1, " "1, " "1, " "1, " "1, " "1, " "1, " "1, " "1, " "1, " "1, " "1, " "1, " "1, " "1, " "1, " "1, " "1, " "1, " "1, " "1, " "1, " "1, " "1, " "1, " "1, " "1, " "1, " "1, " "1, " "1, " "1, " "1, " "1, " "1, " "1, " "1, " "1, " "1, " "1, " "1, " "1, " "1, " "1, " "1, " "1, " "1, " "1, " "1, " "1, " "1, " "1, " "1, " "1, " "1, " "1, " "1, " "1, " "1, " "1, " "1, " "1, " "1, " "1, " "1, " "1, " "1, " "1, " "1, " "1, " "1, " "1, " "1, " "1, " "1, " "1, " "1, " "1, " "1, " "1, " "1, " "1, " "1, " "1, " "1, " "1, " "1, " "1, " "1, " "1, " "1, " "1, " "1, " "1, " "1, " "1, " "1, " "1, " "1, " "1, " "1, " "1, " "1, " "1, " "1, " "0, " "1, " "1, " "1, " "1, " "1, " "1, " "1, " "1, " "1, " "1, " "1, " "1, " "1, " "1, " "1, " "1, " "1, " "1, " "1, " "1, " "1, " "1, " "1, " "1, " "1, " "1, " "1, " "1, " "1, " "1, " "1, " "1, " "1, " "1, " "1, " "1, " "1, " "1, " "1, " "1, " "1, " "1, " "1, " "1, " "1, " "1, " "1, " "1, " "1, " "1, " "1, " "1, " "1, " "1, " "1, " "1, " "1, " "1, " "1, " "1, " "1, " "1, " "1, " "1, " "1, " "1, " "1, " "1, " "1, " "1, " "1, " "1, " "1, " "1, " "1, " "1, " "1, " "1, " "1, " "1, " "1, " "1, " "1, " "1, " "1, " "1, " "1, " "1, " "1, " "1, " "1, " "1, " "1, " "1, " "1, " "1, " "1, " "1, " "1, " "1, " "1, " "1, " "1, " "1, " "1, " "1, " "1, " "1, " "1, " "1, " "1, " "1, " "1, " "1, " "1, " "1, " "1, " "1, " "1, " "1, " "1, " "1, " "1, " "1, " "1, " "1, " "1, " "1, " "1, " "1, " "1, " "1, " "1, " "1, " "1, " "1, " "1, " "1, " "1, " "1, " "1, " "1, " "1, " "1, " "1, " "1, "0
 "Nei367, 0.366, " "0.215, " "1, " "1, " "1, " "1, " "1, " "1, " "1, " "1, " "1, " "1, " "1, " "1, " "1, " "1, " "1, " "1, " "1, " "1, " "1, " "1, " "1, " "1, " "1, " "1, " "1, " "1, " "1, " "1, " "1, " "1, " "1, " "1, " "1, " "1, " "1, " "1, " "1, " "1, " "1, " "1, " "1, " "1, " "1, " "1, " "1, " "1, " "1, " "1, " "1, " "1, " "1, " "1, " "1, " "1, " "1, " "1, " "1, " "1, " "1, " "1, " "1, " "1, " "1, " "1, " "1, " "1, " "1, " "1, " "1, " "1, " "1, " "1, " "1, " "1, " "1, " "1, " "1, " "1, " "1, " "1, " "1, " "1, " "1, " "1, " "1, " "1, " "1, " "1, " "1, " "1, " "1, " "1, " "1, " "1, " "1, " "1, " "1, " "1, " "1, " "1, " "1, " "1, " "1, " "1, " "1, " "1, " "1, " "1, " "1, " "1, " "1, " "1, " "1, " "1, " "1, " "1, " "1, " "1, " "1, " "1, " "1, " "1, " "1, " "1, " "1, " "1, " "1, " "1, " "1, " "1, " "1, " "1, " "1, " "1, " "1, " "1, " "1, " "1, " "1, " "1, " "1, " "1, " "1, " "1, " "1, " "1, " "1, " "1, " "1, " "1, " "1, " "1, " "1, " "1, " "1, " "1, " "1, " "1, " "1, " "1, " "1, " "1, " "1, " "1, " "1, " "1, " "1, " "1, " "1, " "1, " "1, " "1, " "1, " "1, " "1, " "1, " "1, " "1, " "1, " "1, " "1, " "1, " "1, " "1, " "1, " "1, " "1, " "1, " "1, " "1, " "1, " "1, " "1, " "1, " "1, " "1, " "1, " "1, " "1, " "1, " "1, " "1, " "1, " "1, " "1, " "1, " "1, " "1, " "1, " "1, " "1, " "1, " "1, " "1, " "1, " "1, " "1, " "1, " "1, " "1, " "1, " "1, " "1, " "1, " "1, " "1, " "1, " "1, " "1, " "1, " "1, " "1, " "1, " "1, " "1, " "1, " "1, " "1, " "1, " "1, " "1, " "1, " "1, " "1, " "1, " "1, " "1, " "1, " "1, " "1, " "1, " "1, " "1, " "1, " "1, " "1, " "1, " "1, " "1, " "1, " "1, " "1, " "1, " "1, " "1, " "1, " "1, " "1, " "1, " "1, " "1, " "1, " "1, " "1, " "1, " "1, " "1, " "1, " "1, " "1, " "1, " "1, " "1, " "1, " "1, " "1, " "1, " "1, " "1, " "1, " "1, " "1, " "1, " "1, " "1, " "1, " "1, " "1, " "1, " "1, " "1, " "1, " "1, " "1, " "1, " "1, " "1, " "1, " "1, " "1, " "1, " "1, " "1, " "1, " "1, " "1, " "1, " "1, " "1, " "1, " "1, " "1, " "1, " "1, " "1, " "1, " "1, " "1, " "1, " "1, " "1, " "1, " "1, " "1, " "1, " "1, " "1, " "1, " "1, " "1, " "1, " "1, " "1, " "1, " "1, " "1, " "1, " "1, " "1, " "1, " "1, " "1, " "1, " "1, " "1, " "1, " "1, " "1, " "1, " "1, " "1, " "1, " "1, " "1, " "1, " "1, " "1, " "0, " "1, " "1, " "1, " "1, " "1, " "1, " "1, " "1, " "1, " "1, " "1, " "1, " "1, " "1, " "1, " "1, " "1, " "1, " "1, " "1, " "1, " "1, " "1, " "1, " "1, " "1, " "1, " "1, " "1, " "1, " "1, " "1, " "1, " "1, " "1, " "1, " "1, " "1, " "1, " "1, " "1, " "1, " "1, " "1, " "1, " "1, " "1, " "1, " "1, " "1, " "1, " "1, " "1, " "1, " "1, " "1, " "1, " "1, " "1, " "1, " "1, " "1, " "1, " "1, " "1, " "1, " "1, " "1, " "1, " "1, " "1, " "1, " "1, " "1, " "1, " "1, " "1, " "1, " "1, " "1, " "1, " "1, " "1, " "1, " "1, " "1, " "1, " "1, " "1, " "1, " "1, " "1, " "1, " "1, " "1, " "1, " "1, " "1, " "1, " "1, " "1, " "1, " "1, " "1, " "1, " "1, " "1, " "1, " "1, " "1, " "1, " "1, " "1, " "1, " "1, " "1, " "1, " "1, " "1, " "1, " "1, " "1, " "1, " "1, " "1, " "1, " "1, " "1, " "1, " "1, " "1, " "1, " "1, " "1, " "1, " "1, " "1, " "1, " "1, " "1, " "1, " "1, " "1, " "1, " "1, "0
 "Nei368, 0.226, " "0.69, " "1, " "1, " "1, " "1, " "1, " "1, " "1, " "1, " "1, " "1, " "1, " "1, " "1, " "1, " "1, " "1, " "1, " "1, " "1, " "1, " "1, " "1, " "1, " "1, " "1, " "1, " "1, " "1, " "1, " "1, " "1, " "1, " "1, " "1, " "1, " "1, " "1, " "1, " "1, " "1, " "1, " "1, " "1, " "1, " "1, " "1, " "1, " "1, " "1, " "1, " "1, " "1, " "1, " "1, " "1, " "1, " "1, " "1, " "1, " "1, " "1, " "1, " "1, " "1, " "1, " "1, " "1, " "1, " "1, " "1, " "1, " "1, " "1, " "1, " "1, " "1, " "1, " "1, " "1, " "1, " "1, " "1, " "1, " "1, " "1, " "1, " "1, " "1, " "1, " "1, " "1, " "1, " "1, " "1, " "1, " "1, " "1, " "1, " "1, " "1, " "1, " "1, " "1, " "1, " "1, " "1, " "1, " "1, " "1, " "1, " "1, " "1, " "1, " "1, " "1, " "1, " "1, " "1, " "1, " "1, " "1, " "1, " "1, " "1, " "1, " "1, " "1, " "1, " "1, " "1, " "1, " "1, " "1, " "1, " "1, " "1, " "1, " "1, " "1, " "1, " "1, " "1, " "1, " "1, " "1, " "1, " "1, " "1, " "1, " "1, " "1, " "1, " "1, " "1, " "1, " "1, " "1, " "1, " "1, " "1, " "1, " "1, " "1, " "1, " "1, " "1, " "1, " "1, " "1, " "1, " "1, " "1, " "1, " "1, " "1, " "1, " "1, " "1, " "1, " "1, " "1, " "1, " "1, " "1, " "1, " "1, " "1, " "1, " "1, " "1, " "1, " "1, " "1, " "1, " "1, " "1, " "1, " "1, " "1, " "1, " "1, " "1, " "1, " "1, " "1, " "1, " "1, " "1, " "1, " "1, " "1, " "1, " "1, " "1, " "1, " "1, " "1, " "1, " "1, " "1, " "1, " "1, " "1, " "1, " "1, " "1, " "1, " "1, " "1, " "1, " "1, " "1, " "1, " "1, " "1, " "1, " "1, " "1, " "1, " "1, " "1, " "1, " "1, " "1, " "1, " "1, " "1, " "1, " "1, " "1, " "1, " "1, " "1, " "1, " "1, " "1, " "1, " "1, " "1, " "1, " "1, " "1, " "1, " "1, " "1, " "1, " "1, " "1, " "1, " "1, " "1, " "1, " "1, " "1, " "1, " "1, " "1, " "1, " "1, " "1, " "1, " "1, " "1, " "1, " "1, " "1, " "1, " "1, " "1, " "1, " "1, " "1, " "1, " "1, " "1, " "1, " "1, " "1, " "1, " "1, " "1, " "1, " "1, " "1, " "1, " "1, " "1, " "1, " "1, " "1, " "1, " "1, " "1, " "1, " "1, " "1, " "1, " "1, " "1, " "1, " "1, " "1, " "1, " "1, " "1, " "1, " "1, " "1, " "1, " "1, " "1, " "1, " "1, " "1, " "1, " "1, " "1, " "1, " "1, " "1, " "1, " "1, " "1, " "1, " "1, " "1, " "1, " "1, " "1, " "1, " "1, " "1, " "1, " "1, " "1, " "1, " "1, " "1, " "1, " "1, " "1, " "1, " "1, " "1, " "1, " "1, " "1, " "1, " "0, " "1, " "1, " "1, " "1, " "1, " "1, " "1, " "1, " "1, " "1, " "1, " "1, " "1, " "1, " "1, " "1, " "1, " "1, " "1, " "1, " "1, " "1, " "1, " "1, " "1, " "1, " "1, " "1, " "1, " "1, " "1, " "1, " "1, " "1, " "1, " "1, " "1, " "1, " "1, " "1, " "1, " "1, " "1, " "1, " "1, " "1, " "1, " "1, " "1, " "1, " "1, " "1, " "1, " "1, " "1, " "1, " "1, " "1, " "1, " "1, " "1, " "1, " "1, " "1, " "1, " "1, " "1, " "1, " "1, " "1, " "1, " "1, " "1, " "1, " "1, " "1, " "1, " "1, " "1, " "1, " "1, " "1, " "1, " "1, " "1, " "1, " "1, " "1, " "1, " "1, " "1, " "1, " "1, " "1, " "1, " "1, " "1, " "1, " "1, " "1, " "1, " "1, " "1, " "1, " "1, " "1, " "1, " "1, " "1, " "1, " "1, " "1, " "1, " "1, " "1, " "1, " "1, " "1, " "1, " "1, " "1, " "1, " "1, " "1, " "1, " "1, " "1, " "1, " "1, " "1, " "1, " "1, " "1, " "1, " "1, " "1, " "1, " "1, " "1, " "1, " "1, " "1, " "1, " "1, "0
 "Nei369, 0.291, " "-0.557, " "1, " "1, " "1, " "1, " "1, " "1, " "1, " "1, " "1, " "1, " "1, " "1, " "1, " "1, " "1, " "1, " "1, " "1, " "1, " "1, " "1, " "1, " "1, " "1, " "1, " "1, " "1, " "1, " "1, " "1, " "1, " "1, " "1, " "1, " "1, " "1, " "1, " "1, " "1, " "1, " "1, " "1, " "1, " "1, " "1, " "1, " "1, " "1, " "1, " "1, " "1, " "1, " "1, " "1, " "1, " "1, " "1, " "1, " "1, " "1, " "1, " "1, " "1, " "1, " "1, " "1, " "1, " "1, " "1, " "1, " "1, " "1, " "1, " "1, " "1, " "1, " "1, " "1, " "1, " "1, " "1, " "1, " "1, " "1, " "1, " "1, " "1, " "1, " "1, " "1, " "1, " "1, " "1, " "1, " "1, " "1, " "1, " "1, " "1, " "1, " "1, " "1, " "1, " "1, " "1, " "1, " "1, " "1, " "1, " "1, " "1, " "1, " "1, " "1, " "1, " "1, " "1, " "1, " "1, " "1, " "1, " "1, " "1, " "1, " "1, " "1, " "1, " "1, " "1, " "1, " "1, " "1, " "1, " "1, " "1, " "1, " "1, " "1, " "1, " "1, " "1, " "1, " "1, " "1, " "1, " "1, " "1, " "1, " "1, " "1, " "1, " "1, " "1, " "1, " "1, " "1, " "1, " "1, " "1, " "1, " "1, " "1, " "1, " "1, " "1, " "1, " "1, " "1, " "1, " "1, " "1, " "1, " "1, " "1, " "1, " "1, " "1, " "1, " "1, " "1, " "1, " "1, " "1, " "1, " "1, " "1, " "1, " "1, " "1, " "1, " "1, " "1, " "1, " "1, " "1, " "1, " "1, " "1, " "1, " "1, " "1, " "1, " "1, " "1, " "1, " "1, " "1, " "1, " "1, " "1, " "1, " "1, " "1, " "1, " "1, " "1, " "1, " "1, " "1, " "1, " "1, " "1, " "1, " "1, " "1, " "1, " "1, " "1, " "1, " "1, " "1, " "1, " "1, " "1, " "1, " "1, " "1, " "1, " "1, " "1, " "1, " "1, " "1, " "1, " "1, " "1, " "1, " "1, " "1, " "1, " "1, " "1, " "1, " "1, " "1, " "1, " "1, " "1, " "1, " "1, " "1, " "1, " "1, " "1, " "1, " "1, " "1, " "1, " "1, " "1, " "1, " "1, " "1, " "1, " "1, " "1, " "1, " "1, " "1, " "1, " "1, " "1, " "1, " "1, " "1, " "1, " "1, " "1, " "1, " "1, " "1, " "1, " "1, " "1, " "1, " "1, " "1, " "1, " "1, " "1, " "1, " "1, " "1, " "1, " "1, " "1, " "1, " "1, " "1, " "1, " "1, " "1, " "1, " "1, " "1, " "1, " "1, " "1, " "1, " "1, " "1, " "1, " "1, " "1, " "1, " "1, " "1, " "1, " "1, " "1, " "1, " "1, " "1, " "1, " "1, " "1, " "1, " "1, " "1, " "1, " "1, " "1, " "1, " "1, " "1, " "1, " "1, " "1, " "1, " "1, " "1, " "1, " "1, " "1, " "1, " "1, " "1, " "1, " "1, " "1, " "1, " "1, " "1, " "1, " "1, " "1, " "1, " "1, " "1, " "0, " "1, " "1, " "1, " "1, " "1, " "1, " "1, " "1, " "1, " "1, " "1, " "1, " "1, " "1, " "1, " "1, " "1, " "1, " "1, " "1, " "1, " "1, " "1, " "1, " "1, " "1, " "1, " "1, " "1, " "1, " "1, " "1, " "1, " "1, " "1, " "1, " "1, " "1, " "1, " "1, " "1, " "1, " "1, " "1, " "1, " "1, " "1, " "1, " "1, " "1, " "1, " "1, " "1, " "1, " "1, " "1, " "1, " "1, " "1, " "1, " "1, " "1, " "1, " "1, " "1, " "1, " "1, " "1, " "1, " "1, " "1, " "1, " "1, " "1, " "1, " "1, " "1, " "1, " "1, " "1, " "1, " "1, " "1, " "1, " "1, " "1, " "1, " "1, " "1, " "1, " "1, " "1, " "1, " "1, " "1, " "1, " "1, " "1, " "1, " "1, " "1, " "1, " "1, " "1, " "1, " "1, " "1, " "1, " "1, " "1, " "1, " "1, " "1, " "1, " "1, " "1, " "1, " "1, " "1, " "1, " "1, " "1, " "1, " "1, " "1, " "1, " "1, " "1, " "1, " "1, " "1, " "1, " "1, " "1, " "1, " "1, " "1, " "1, " "1, " "1, " "1, " "1, " "1, "0
 "Nei370, 0.251, " "0.29, " "1, " "1, " "1, " "1, " "1, " "1, " "1, " "1, " "1, " "1, " "1, " "1, " "1, " "1, " "1, " "1, " "1, " "1, " "1, " "1, " "1, " "1, " "1, " "1, " "1, " "1, " "1, " "1, " "1, " "1, " "1, " "1, " "1, " "1, " "1, " "1, " "1, " "1, " "1, " "1, " "1, " "1, " "1, " "1, " "1, " "1, " "1, " "1, " "1, " "1, " "1, " "1, " "1, " "1, " "1, " "1, " "1, " "1, " "1, " "1, " "1, " "1, " "1, " "1, " "1, " "1, " "1, " "1, " "1, " "1, " "1, " "1, " "1, " "1, " "1, " "1, " "1, " "1, " "1, " "1, " "1, " "1, " "1, " "1, " "1, " "1, " "1, " "1, " "1, " "1, " "1, " "1, " "1, " "1, " "1, " "1, " "1, " "1, " "1, " "1, " "1, " "1, " "1, " "1, " "1, " "1, " "1, " "1, " "1, " "1, " "1, " "1, " "1, " "1, " "1, " "1, " "1, " "1, " "1, " "1, " "1, " "1, " "1, " "1, " "1, " "1, " "1, " "1, " "1, " "1, " "1, " "1, " "1, " "1, " "1, " "1, " "1, " "1, " "1, " "1, " "1, " "1, " "1, " "1, " "1, " "1, " "1, " "1, " "1, " "1, " "1, " "1, " "1, " "1, " "1, " "1, " "1, " "1, " "1, " "1, " "1, " "1, " "1, " "1, " "1, " "1, " "1, " "1, " "1, " "1, " "1, " "1, " "1, " "1, " "1, " "1, " "1, " "1, " "1, " "1, " "1, " "1, " "1, " "1, " "1, " "1, " "1, " "1, " "1, " "1, " "1, " "1, " "1, " "1, " "1, " "1, " "1, " "1, " "1, " "1, " "1, " "1, " "1, " "1, " "1, " "1, " "1, " "1, " "1, " "1, " "1, " "1, " "1, " "1, " "1, " "1, " "1, " "1, " "1, " "1, " "1, " "1, " "1, " "1, " "1, " "1, " "1, " "1, " "1, " "1, " "1, " "1, " "1, " "1, " "1, " "1, " "1, " "1, " "1, " "1, " "1, " "1, " "1, " "1, " "1, " "1, " "1, " "1, " "1, " "1, " "1, " "1, " "1, " "1, " "1, " "1, " "1, " "1, " "1, " "1, " "1, " "1, " "1, " "1, " "1, " "1, " "1, " "1, " "1, " "1, " "1, " "1, " "1, " "1, " "1, " "1, " "1, " "1, " "1, " "1, " "1, " "1, " "1, " "1, " "1, " "1, " "1, " "1, " "1, " "1, " "1, " "1, " "1, " "1, " "1, " "1, " "1, " "1, " "1, " "1, " "1, " "1, " "1, " "1, " "1, " "1, " "1, " "1, " "1, " "1, " "1, " "1, " "1, " "1, " "1, " "1, " "1, " "1, " "1, " "1, " "1, " "1, " "1, " "1, " "1, " "1, " "1, " "1, " "1, " "1, " "1, " "1, " "1, " "1, " "1, " "1, " "1, " "1, " "1, " "1, " "1, " "1, " "1, " "1, " "1, " "1, " "1, " "1, " "1, " "1, " "1, " "1, " "1, " "1, " "1, " "1, " "1, " "1, " "1, " "1, " "1, " "1, " "1, " "1, " "1, " "1, " "1, " "1, " "1, " "1, " "0, " "1, " "1, " "1, " "1, " "1, " "1, " "1, " "1, " "1, " "1, " "1, " "1, " "1, " "1, " "1, " "1, " "1, " "1, " "1, " "1, " "1, " "1, " "1, " "1, " "1, " "1, " "1, " "1, " "1, " "1, " "1, " "1, " "1, " "1, " "1, " "1, " "1, " "1, " "1, " "1, " "1, " "1, " "1, " "1, " "1, " "1, " "1, " "1, " "1, " "1, " "1, " "1, " "1, " "1, " "1, " "1, " "1, " "1, " "1, " "1, " "1, " "1, " "1, " "1, " "1, " "1, " "1, " "1, " "1, " "1, " "1, " "1, " "1, " "1, " "1, " "1, " "1, " "1, " "1, " "1, " "1, " "1, " "1, " "1, " "1, " "1, " "1, " "1, " "1, " "1, " "1, " "1, " "1, " "1, " "1, " "1, " "1, " "1, " "1, " "1, " "1, " "1, " "1, " "1, " "1, " "1, " "1, " "1, " "1, " "1, " "1, " "1, " "1, " "1, " "1, " "1, " "1, " "1, " "1, " "1, " "1, " "1, " "1, " "1, " "1, " "1, " "1, " "1, " "1, " "1, " "1, " "1, " "1, " "1, " "1, " "1, " "1, " "1, " "1, " "1, " "1, " "1, "0
 "Nei371, 0.383, " "-0.818, " "1, " "1, " "1, " "1, " "1, " "1, " "1, " "1, " "1, " "1, " "1, " "1, " "1, " "1, " "1, " "1, " "1, " "1, " "1, " "1, " "1, " "1, " "1, " "1, " "1, " "1, " "1, " "1, " "1, " "1, " "1, " "1, " "1, " "1, " "1, " "1, " "1, " "1, " "1, " "1, " "1, " "1, " "1, " "1, " "1, " "1, " "1, " "1, " "1, " "1, " "1, " "1, " "1, " "1, " "1, " "1, " "1, " "1, " "1, " "1, " "1, " "1, " "1, " "1, " "1, " "1, " "1, " "1, " "1, " "1, " "1, " "1, " "1, " "1, " "1, " "1, " "1, " "1, " "1, " "1, " "1, " "1, " "1, " "1, " "1, " "1, " "1, " "1, " "1, " "1, " "1, " "1, " "1, " "1, " "1, " "1, " "1, " "1, " "1, " "1, " "1, " "1, " "1, " "1, " "1, " "1, " "1, " "1, " "1, " "1, " "1, " "1, " "1, " "1, " "1, " "1, " "1, " "1, " "1, " "1, " "1, " "1, " "1, " "1, " "1, " "1, " "1, " "1, " "1, " "1, " "1, " "1, " "1, " "1, " "1, " "1, " "1, " "1, " "1, " "1, " "1, " "1, " "1, " "1, " "1, " "1, " "1, " "1, " "1, " "1, " "1, " "1, " "1, " "1, " "1, " "1, " "1, " "1, " "1, " "1, " "1, " "1, " "1, " "1, " "1, " "1, " "1, " "1, " "1, " "1, " "1, " "1, " "1, " "1, " "1, " "1, " "1, " "1, " "1, " "1, " "1, " "1, " "1, " "1, " "1, " "1, " "1, " "1, " "1, " "1, " "1, " "1, " "1, " "1, " "1, " "1, " "1, " "1, " "1, " "1, " "1, " "1, " "1, " "1, " "1, " "1, " "1, " "1, " "1, " "1, " "1, " "1, " "1, " "1, " "1, " "1, " "1, " "1, " "1, " "1, " "1, " "1, " "1, " "1, " "1, " "1, " "1, " "1, " "1, " "1, " "1, " "1, " "1, " "1, " "1, " "1, " "1, " "1, " "1, " "1, " "1, " "1, " "1, " "1, " "1, " "1, " "1, " "1, " "1, " "1, " "1, " "1, " "1, " "1, " "1, " "1, " "1, " "1, " "1, " "1, " "1, " "1, " "1, " "1, " "1, " "1, " "1, " "1, " "1, " "1, " "1, " "1, " "1, " "1, " "1, " "1, " "1, " "1, " "1, " "1, " "1, " "1, " "1, " "1, " "1, " "1, " "1, " "1, " "1, " "1, " "1, " "1, " "1, " "1, " "1, " "1, " "1, " "1, " "1, " "1, " "1, " "1, " "1, " "1, " "1, " "1, " "1, " "1, " "1, " "1, " "1, " "1, " "1, " "1, " "1, " "1, " "1, " "1, " "1, " "1, " "1, " "1, " "1, " "1, " "1, " "1, " "1, " "1, " "1, " "1, " "1, " "1, " "1, " "1, " "1, " "1, " "1, " "1, " "1, " "1, " "1, " "1, " "1, " "1, " "1, " "1, " "1, " "1, " "1, " "1, " "1, " "1, " "1, " "1, " "1, " "1, " "1, " "1, " "1, " "1, " "1, " "1, " "1, " "1, " "1, " "1, " "1, " "1, " "1, " "1, " "1, " "0, " "1, " "1, " "1, " "1, " "1, " "1, " "1, " "1, " "1, " "1, " "1, " "1, " "1, " "1, " "1, " "1, " "1, " "1, " "1, " "1, " "1, " "1, " "1, " "1, " "1, " "1, " "1, " "1, " "1, " "1, " "1, " "1, " "1, " "1, " "1, " "1, " "1, " "1, " "1, " "1, " "1, " "1, " "1, " "1, " "1, " "1, " "1, " "1, " "1, " "1, " "1, " "1, " "1, " "1, " "1, " "1, " "1, " "1, " "1, " "1, " "1, " "1, " "1, " "1, " "1, " "1, " "1, " "1, " "1, " "1, " "1, " "1, " "1, " "1, " "1, " "1, " "1, " "1, " "1, " "1, " "1, " "1, " "1, " "1, " "1, " "1, " "1, " "1, " "1, " "1, " "1, " "1, " "1, " "1, " "1, " "1, " "1, " "1, " "1, " "1, " "1, " "1, " "1, " "1, " "1, " "1, " "1, " "1, " "1, " "1, " "1, " "1, " "1, " "1, " "1, " "1, " "1, " "1, " "1, " "1, " "1, " "1, " "1, " "1, " "1, " "1, " "1, " "1, " "1, " "1, " "1, " "1, " "1, " "1, " "1, " "1, " "1, " "1, " "1, " "1, " "1, "0
 "Nei372, 0.384, " "0.703, " "1, " "1, " "1, " "1, " "1, " "1, " "1, " "1, " "1, " "1, " "1, " "1, " "1, " "1, " "1, " "1, " "1, " "1, " "1, " "1, " "1, " "1, " "1, " "1, " "1, " "1, " "1, " "1, " "1, " "1, " "1, " "1, " "1, " "1, " "1, " "1, " "1, " "1, " "1, " "1, " "1, " "1, " "1, " "1, " "1, " "1, " "1, " "1, " "1, " "1, " "1, " "1, " "1, " "1, " "1, " "1, " "1, " "1, " "1, " "1, " "1, " "1, " "1, " "1, " "1, " "1, " "1, " "1, " "1, " "1, " "1, " "1, " "1, " "1, " "1, " "1, " "1, " "1, " "1, " "1, " "1, " "1, " "1, " "1, " "1, " "1, " "1, " "1, " "1, " "1, " "1, " "1, " "1, " "1, " "1, " "1, " "1, " "1, " "1, " "1, " "1, " "1, " "1, " "1, " "1, " "1, " "1, " "1, " "1, " "1, " "1, " "1, " "1, " "1, " "1, " "1, " "1, " "1, " "1, " "1, " "1, " "1, " "1, " "1, " "1, " "1, " "1, " "1, " "1, " "1, " "1, " "1, " "1, " "1, " "1, " "1, " "1, " "1, " "1, " "1, " "1, " "1, " "1, " "1, " "1, " "1, " "1, " "1, " "1, " "1, " "1, " "1, " "1, " "1, " "1, " "1, " "1, " "1, " "1, " "1, " "1, " "1, " "1, " "1, " "1, " "1, " "1, " "1, " "1, " "1, " "1, " "1, " "1, " "1, " "1, " "1, " "1, " "1, " "1, " "1, " "1, " "1, " "1, " "1, " "1, " "1, " "1, " "1, " "1, " "1, " "1, " "1, " "1, " "1, " "1, " "1, " "1, " "1, " "1, " "1, " "1, " "1, " "1, " "1, " "1, " "1, " "1, " "1, " "1, " "1, " "1, " "1, " "1, " "1, " "1, " "1, " "1, " "1, " "1, " "1, " "1, " "1, " "1, " "1, " "1, " "1, " "1, " "1, " "1, " "1, " "1, " "1, " "1, " "1, " "1, " "1, " "1, " "1, " "1, " "1, " "1, " "1, " "1, " "1, " "1, " "1, " "1, " "1, " "1, " "1, " "1, " "1, " "1, " "1, " "1, " "1, " "1, " "1, " "1, " "1, " "1, " "1, " "1, " "1, " "1, " "1, " "1, " "1, " "1, " "1, " "1, " "1, " "1, " "1, " "1, " "1, " "1, " "1, " "1, " "1, " "1, " "1, " "1, " "1, " "1, " "1, " "1, " "1, " "1, " "1, " "1, " "1, " "1, " "1, " "1, " "1, " "1, " "1, " "1, " "1, " "1, " "1, " "1, " "1, " "1, " "1, " "1, " "1, " "1, " "1, " "1, " "1, " "1, " "1, " "1, " "1, " "1, " "1, " "1, " "1, " "1, " "1, " "1, " "1, " "1, " "1, " "1, " "1, " "1, " "1, " "1, " "1, " "1, " "1, " "1, " "1, " "1, " "1, " "1, " "1, " "1, " "1, " "1, " "1, " "1, " "1, " "1, " "1, " "1, " "1, " "1, " "1, " "1, " "1, " "1, " "1, " "1, " "1, " "1, " "1, " "1, " "1, " "1, " "1, " "1, " "1, " "1, " "1, " "1, " "1, " "1, " "1, " "0, " "1, " "1, " "1, " "1, " "1, " "1, " "1, " "1, " "1, " "1, " "1, " "1, " "1, " "1, " "1, " "1, " "1, " "1, " "1, " "1, " "1, " "1, " "1, " "1, " "1, " "1, " "1, " "1, " "1, " "1, " "1, " "1, " "1, " "1, " "1, " "1, " "1, " "1, " "1, " "1, " "1, " "1, " "1, " "1, " "1, " "1, " "1, " "1, " "1, " "1, " "1, " "1, " "1, " "1, " "1, " "1, " "1, " "1, " "1, " "1, " "1, " "1, " "1, " "1, " "1, " "1, " "1, " "1, " "1, " "1, " "1, " "1, " "1, " "1, " "1, " "1, " "1, " "1, " "1, " "1, " "1, " "1, " "1, " "1, " "1, " "1, " "1, " "1, " "1, " "1, " "1, " "1, " "1, " "1, " "1, " "1, " "1, " "1, " "1, " "1, " "1, " "1, " "1, " "1, " "1, " "1, " "1, " "1, " "1, " "1, " "1, " "1, " "1, " "1, " "1, " "1, " "1, " "1, " "1, " "1, " "1, " "1, " "1, " "1, " "1, " "1, " "1, " "1, " "1, " "1, " "1, " "1, " "1, " "1, " "1, " "1, " "1, " "1, " "1, " "1, "0
 "Nei373, 0.158, " "0.62, " "1, " "1, " "1, " "1, " "1, " "1, " "1, " "1, " "1, " "1, " "1, " "1, " "1, " "1, " "1, " "1, " "1, " "1, " "1, " "1, " "1, " "1, " "1, " "1, " "1, " "1, " "1, " "1, " "1, " "1, " "1, " "1, " "1, " "1, " "1, " "1, " "1, " "1, " "1, " "1, " "1, " "1, " "1, " "1, " "1, " "1, " "1, " "1, " "1, " "1, " "1, " "1, " "1, " "1, " "1, " "1, " "1, " "1, " "1, " "1, " "1, " "1, " "1, " "1, " "1, " "1, " "1, " "1, " "1, " "1, " "1, " "1, " "1, " "1, " "1, " "1, " "1, " "1, " "1, " "1, " "1, " "1, " "1, " "1, " "1, " "1, " "1, " "1, " "1, " "1, " "1, " "1, " "1, " "1, " "1, " "1, " "1, " "1, " "1, " "1, " "1, " "1, " "1, " "1, " "1, " "1, " "1, " "1, " "1, " "1, " "1, " "1, " "1, " "1, " "1, " "1, " "1, " "1, " "1, " "1, " "1, " "1, " "1, " "1, " "1, " "1, " "1, " "1, " "1, " "1, " "1, " "1, " "1, " "1, " "1, " "1, " "1, " "1, " "1, " "1, " "1, " "1, " "1, " "1, " "1, " "1, " "1, " "1, " "1, " "1, " "1, " "1, " "1, " "1, " "1, " "1, " "1, " "1, " "1, " "1, " "1, " "1, " "1, " "1, " "1, " "1, " "1, " "1, " "1, " "1, " "1, " "1, " "1, " "1, " "1, " "1, " "1, " "1, " "1, " "1, " "1, " "1, " "1, " "1, " "1, " "1, " "1, " "1, " "1, " "1, " "1, " "1, " "1, " "1, " "1, " "1, " "1, " "1, " "1, " "1, " "1, " "1, " "1, " "1, " "1, " "1, " "1, " "1, " "1, " "1, " "1, " "1, " "1, " "1, " "1, " "1, " "1, " "1, " "1, " "1, " "1, " "1, " "1, " "1, " "1, " "1, " "1, " "1, " "1, " "1, " "1, " "1, " "1, " "1, " "1, " "1, " "1, " "1, " "1, " "1, " "1, " "1, " "1, " "1, " "1, " "1, " "1, " "1, " "1, " "1, " "1, " "1, " "1, " "1, " "1, " "1, " "1, " "1, " "1, " "1, " "1, " "1, " "1, " "1, " "1, " "1, " "1, " "1, " "1, " "1, " "1, " "1, " "1, " "1, " "1, " "1, " "1, " "1, " "1, " "1, " "1, " "1, " "1, " "1, " "1, " "1, " "1, " "1, " "1, " "1, " "1, " "1, " "1, " "1, " "1, " "1, " "1, " "1, " "1, " "1, " "1, " "1, " "1, " "1, " "1, " "1, " "1, " "1, " "1, " "1, " "1, " "1, " "1, " "1, " "1, " "1, " "1, " "1, " "1, " "1, " "1, " "1, " "1, " "1, " "1, " "1, " "1, " "1, " "1, " "1, " "1, " "1, " "1, " "1, " "1, " "1, " "1, " "1, " "1, " "1, " "1, " "1, " "1, " "1, " "1, " "1, " "1, " "1, " "1, " "1, " "1, " "1, " "1, " "1, " "1, " "1, " "1, " "1, " "1, " "1, " "1, " "1, " "1, " "1, " "1, " "1, " "1, " "1, " "1, " "1, " "1, " "1, " "1, " "0, " "1, " "1, " "1, " "1, " "1, " "1, " "1, " "1, " "1, " "1, " "1, " "1, " "1, " "1, " "1, " "1, " "1, " "1, " "1, " "1, " "1, " "1, " "1, " "1, " "1, " "1, " "1, " "1, " "1, " "1, " "1, " "1, " "1, " "1, " "1, " "1, " "1, " "1, " "1, " "1, " "1, " "1, " "1, " "1, " "1, " "1, " "1, " "1, " "1, " "1, " "1, " "1, " "1, " "1, " "1, " "1, " "1, " "1, " "1, " "1, " "1, " "1, " "1, " "1, " "1, " "1, " "1, " "1, " "1, " "1, " "1, " "1, " "1, " "1, " "1, " "1, " "1, " "1, " "1, " "1, " "1, " "1, " "1, " "1, " "1, " "1, " "1, " "1, " "1, " "1, " "1, " "1, " "1, " "1, " "1, " "1, " "1, " "1, " "1, " "1, " "1, " "1, " "1, " "1, " "1, " "1, " "1, " "1, " "1, " "1, " "1, " "1, " "1, " "1, " "1, " "1, " "1, " "1, " "1, " "1, " "1, " "1, " "1, " "1, " "1, " "1, " "1, " "1, " "1, " "1, " "1, " "1, " "1, " "1, " "1, " "1, " "1, " "1, " "1, "0
 "Nei374, 0.004, " "-0.579, " "1, " "1, " "1, " "1, " "1, " "1, " "1, " "1, " "1, " "1, " "1, " "1, " "1, " "1, " "1, " "1, " "1, " "1, " "1, " "1, " "1, " "1, " "1, " "1, " "1, " "1, " "1, " "1, " "1, " "1, " "1, " "1, " "1, " "1, " "1, " "1, " "1, " "1, " "1, " "1, " "1, " "1, " "1, " "1, " "1, " "1, " "1, " "1, " "1, " "1, " "1, " "1, " "1, " "1, " "1, " "1, " "1, " "1, " "1, " "1, " "1, " "1, " "1, " "1, " "1, " "1, " "1, " "1, " "1, " "1, " "1, " "1, " "1, " "1, " "1, " "1, " "1, " "1, " "1, " "1, " "1, " "1, " "1, " "1, " "1, " "1, " "1, " "1, " "1, " "1, " "1, " "1, " "1, " "1, " "1, " "1, " "1, " "1, " "1, " "1, " "1, " "1, " "1, " "1, " "1, " "1, " "1, " "1, " "1, " "1, " "1, " "1, " "1, " "1, " "1, " "1, " "1, " "1, " "1, " "1, " "1, " "1, " "1, " "1, " "1, " "1, " "1, " "1, " "1, " "1, " "1, " "1, " "1, " "1, " "1, " "1, " "1, " "1, " "1, " "1, " "1, " "1, " "1, " "1, " "1, " "1, " "1, " "1, " "1, " "1, " "1, " "1, " "1, " "1, " "1, " "1, " "1, " "1, " "1, " "1, " "1, " "1, " "1, " "1, " "1, " "1, " "1, " "1, " "1, " "1, " "1, " "1, " "1, " "1, " "1, " "1, " "1, " "1, " "1, " "1, " "1, " "1, " "1, " "1, " "1, " "1, " "1, " "1, " "1, " "1, " "1, " "1, " "1, " "1, " "1, " "1, " "1, " "1, " "1, " "1, " "1, " "1, " "1, " "1, " "1, " "1, " "1, " "1, " "1, " "1, " "1, " "1, " "1, " "1, " "1, " "1, " "1, " "1, " "1, " "1, " "1, " "1, " "1, " "1, " "1, " "1, " "1, " "1, " "1, " "1, " "1, " "1, " "1, " "1, " "1, " "1, " "1, " "1, " "1, " "1, " "1, " "1, " "1, " "1, " "1, " "1, " "1, " "1, " "1, " "1, " "1, " "1, " "1, " "1, " "1, " "1, " "1, " "1, " "1, " "1, " "1, " "1, " "1, " "1, " "1, " "1, " "1, " "1, " "1, " "1, " "1, " "1, " "1, " "1, " "1, " "1, " "1, " "1, " "1, " "1, " "1, " "1, " "1, " "1, " "1, " "1, " "1, " "1, " "1, " "1, " "1, " "1, " "1, " "1, " "1, " "1, " "1, " "1, " "1, " "1, " "1, " "1, " "1, " "1, " "1, " "1, " "1, " "1, " "1, " "1, " "1, " "1, " "1, " "1, " "1, " "1, " "1, " "1, " "1, " "1, " "1, " "1, " "1, " "1, " "1, " "1, " "1, " "1, " "1, " "1, " "1, " "1, " "1, " "1, " "1, " "1, " "1, " "1, " "1, " "1, " "1, " "1, " "1, " "1, " "1, " "1, " "1, " "1, " "1, " "1, " "1, " "1, " "1, " "1, " "1, " "1, " "1, " "1, " "1, " "1, " "1, " "1, " "1, " "1, " "1, " "1, " "1, " "1, " "1, " "1, " "1, " "1, " "1, " "1, " "0, " "1, " "1, " "1, " "1, " "1, " "1, " "1, " "1, " "1, " "1, " "1, " "1, " "1, " "1, " "1, " "1, " "1, " "1, " "1, " "1, " "1, " "1, " "1, " "1, " "1, " "1, " "1, " "1, " "1, " "1, " "1, " "1, " "1, " "1, " "1, " "1, " "1, " "1, " "1, " "1, " "1, " "1, " "1, " "1, " "1, " "1, " "1, " "1, " "1, " "1, " "1, " "1, " "1, " "1, " "1, " "1, " "1, " "1, " "1, " "1, " "1, " "1, " "1, " "1, " "1, " "1, " "1, " "1, " "1, " "1, " "1, " "1, " "1, " "1, " "1, " "1, " "1, " "1, " "1, " "1, " "1, " "1, " "1, " "1, " "1, " "1, " "1, " "1, " "1, " "1, " "1, " "1, " "1, " "1, " "1, " "1, " "1, " "1, " "1, " "1, " "1, " "1, " "1, " "1, " "1, " "1, " "1, " "1, " "1, " "1, " "1, " "1, " "1, " "1, " "1, " "1, " "1, " "1, " "1, " "1, " "1, " "1, " "1, " "1, " "1, " "1, " "1, " "1, " "1, " "1, " "1, " "1, " "1, " "1, " "1, " "1, " "1, " "1, "0
 "Nei375, 0.329, " "-0.9, " "1, " "1, " "1, " "1, " "1, " "1, " "1, " "1, " "1, " "1, " "1, " "1, " "1, " "1, " "1, " "1, " "1, " "1, " "1, " "1, " "1, " "1, " "1, " "1, " "1, " "1, " "1, " "1, " "1, " "1, " "1, " "1, " "1, " "1, " "1, " "1, " "1, " "1, " "1, " "1, " "1, " "1, " "1, " "1, " "1, " "1, " "1, " "1, " "1, " "1, " "1, " "1, " "1, " "1, " "1, " "1, " "1, " "1, " "1, " "1, " "1, " "1, " "1, " "1, " "1, " "1, " "1, " "1, " "1, " "1, " "1, " "1, " "1, " "1, " "1, " "1, " "1, " "1, " "1, " "1, " "1, " "1, " "1, " "1, " "1, " "1, " "1, " "1, " "1, " "1, " "1, " "1, " "1, " "1, " "1, " "1, " "1, " "1, " "1, " "1, " "1, " "1, " "1, " "1, " "1, " "1, " "1, " "1, " "1, " "1, " "1, " "1, " "1, " "1, " "1, " "1, " "1, " "1, " "1, " "1, " "1, " "1, " "1, " "1, " "1, " "1, " "1, " "1, " "1, " "1, " "1, " "1, " "1, " "1, " "1, " "1, " "1, " "1, " "1, " "1, " "1, " "1, " "1, " "1, " "1, " "1, " "1, " "1, " "1, " "1, " "1, " "1, " "1, " "1, " "1, " "1, " "1, " "1, " "1, " "1, " "1, " "1, " "1, " "1, " "1, " "1, " "1, " "1, " "1, " "1, " "1, " "1, " "1, " "1, " "1, " "1, " "1, " "1, " "1, " "1, " "1, " "1, " "1, " "1, " "1, " "1, " "1, " "1, " "1, " "1, " "1, " "1, " "1, " "1, " "1, " "1, " "1, " "1, " "1, " "1, " "1, " "1, " "1, " "1, " "1, " "1, " "1, " "1, " "1, " "1, " "1, " "1, " "1, " "1, " "1, " "1, " "1, " "1, " "1, " "1, " "1, " "1, " "1, " "1, " "1, " "1, " "1, " "1, " "1, " "1, " "1, " "1, " "1, " "1, " "1, " "1, " "1, " "1, " "1, " "1, " "1, " "1, " "1, " "1, " "1, " "1, " "1, " "1, " "1, " "1, " "1, " "1, " "1, " "1, " "1, " "1, " "1, " "1, " "1, " "1, " "1, " "1, " "1, " "1, " "1, " "1, " "1, " "1, " "1, " "1, " "1, " "1, " "1, " "1, " "1, " "1, " "1, " "1, " "1, " "1, " "1, " "1, " "1, " "1, " "1, " "1, " "1, " "1, " "1, " "1, " "1, " "1, " "1, " "1, " "1, " "1, " "1, " "1, " "1, " "1, " "1, " "1, " "1, " "1, " "1, " "1, " "1, " "1, " "1, " "1, " "1, " "1, " "1, " "1, " "1, " "1, " "1, " "1, " "1, " "1, " "1, " "1, " "1, " "1, " "1, " "1, " "1, " "1, " "1, " "1, " "1, " "1, " "1, " "1, " "1, " "1, " "1, " "1, " "1, " "1, " "1, " "1, " "1, " "1, " "1, " "1, " "1, " "1, " "1, " "1, " "1, " "1, " "1, " "1, " "1, " "1, " "1, " "1, " "1, " "1, " "1, " "1, " "1, " "1, " "1, " "1, " "1, " "1, " "1, " "1, " "1, " "1, " "1, " "1, " "1, " "0, " "1, " "1, " "1, " "1, " "1, " "1, " "1, " "1, " "1, " "1, " "1, " "1, " "1, " "1, " "1, " "1, " "1, " "1, " "1, " "1, " "1, " "1, " "1, " "1, " "1, " "1, " "1, " "1, " "1, " "1, " "1, " "1, " "1, " "1, " "1, " "1, " "1, " "1, " "1, " "1, " "1, " "1, " "1, " "1, " "1, " "1, " "1, " "1, " "1, " "1, " "1, " "1, " "1, " "1, " "1, " "1, " "1, " "1, " "1, " "1, " "1, " "1, " "1, " "1, " "1, " "1, " "1, " "1, " "1, " "1, " "1, " "1, " "1, " "1, " "1, " "1, " "1, " "1, " "1, " "1, " "1, " "1, " "1, " "1, " "1, " "1, " "1, " "1, " "1, " "1, " "1, " "1, " "1, " "1, " "1, " "1, " "1, " "1, " "1, " "1, " "1, " "1, " "1, " "1, " "1, " "1, " "1, " "1, " "1, " "1, " "1, " "1, " "1, " "1, " "1, " "1, " "1, " "1, " "1, " "1, " "1, " "1, " "1, " "1, " "1, " "1, " "1, " "1, " "1, " "1, " "1, " "1, " "1, " "1, " "1, " "1, " "1, "0
 "Nei376, 0.193, " "-0.35, " "1, " "1, " "1, " "1, " "1, " "1, " "1, " "1, " "1, " "1, " "1, " "1, " "1, " "1, " "1, " "1, " "1, " "1, " "1, " "1, " "1, " "1, " "1, " "1, " "1, " "1, " "1, " "1, " "1, " "1, " "1, " "1, " "1, " "1, " "1, " "1, " "1, " "1, " "1, " "1, " "1, " "1, " "1, " "1, " "1, " "1, " "1, " "1, " "1, " "1, " "1, " "1, " "1, " "1, " "1, " "1, " "1, " "1, " "1, " "1, " "1, " "1, " "1, " "1, " "1, " "1, " "1, " "1, " "1, " "1, " "1, " "1, " "1, " "1, " "1, " "1, " "1, " "1, " "1, " "1, " "1, " "1, " "1, " "1, " "1, " "1, " "1, " "1, " "1, " "1, " "1, " "1, " "1, " "1, " "1, " "1, " "1, " "1, " "1, " "1, " "1, " "1, " "1, " "1, " "1, " "1, " "1, " "1, " "1, " "1, " "1, " "1, " "1, " "1, " "1, " "1, " "1, " "1, " "1, " "1, " "1, " "1, " "1, " "1, " "1, " "1, " "1, " "1, " "1, " "1, " "1, " "1, " "1, " "1, " "1, " "1, " "1, " "1, " "1, " "1, " "1, " "1, " "1, " "1, " "1, " "1, " "1, " "1, " "1, " "1, " "1, " "1, " "1, " "1, " "1, " "1, " "1, " "1, " "1, " "1, " "1, " "1, " "1, " "1, " "1, " "1, " "1, " "1, " "1, " "1, " "1, " "1, " "1, " "1, " "1, " "1, " "1, " "1, " "1, " "1, " "1, " "1, " "1, " "1, " "1, " "1, " "1, " "1, " "1, " "1, " "1, " "1, " "1, " "1, " "1, " "1, " "1, " "1, " "1, " "1, " "1, " "1, " "1, " "1, " "1, " "1, " "1, " "1, " "1, " "1, " "1, " "1, " "1, " "1, " "1, " "1, " "1, " "1, " "1, " "1, " "1, " "1, " "1, " "1, " "1, " "1, " "1, " "1, " "1, " "1, " "1, " "1, " "1, " "1, " "1, " "1, " "1, " "1, " "1, " "1, " "1, " "1, " "1, " "1, " "1, " "1, " "1, " "1, " "1, " "1, " "1, " "1, " "1, " "1, " "1, " "1, " "1, " "1, " "1, " "1, " "1, " "1, " "1, " "1, " "1, " "1, " "1, " "1, " "1, " "1, " "1, " "1, " "1, " "1, " "1, " "1, " "1, " "1, " "1, " "1, " "1, " "1, " "1, " "1, " "1, " "1, " "1, " "1, " "1, " "1, " "1, " "1, " "1, " "1, " "1, " "1, " "1, " "1, " "1, " "1, " "1, " "1, " "1, " "1, " "1, " "1, " "1, " "1, " "1, " "1, " "1, " "1, " "1, " "1, " "1, " "1, " "1, " "1, " "1, " "1, " "1, " "1, " "1, " "1, " "1, " "1, " "1, " "1, " "1, " "1, " "1, " "1, " "1, " "1, " "1, " "1, " "1, " "1, " "1, " "1, " "1, " "1, " "1, " "1, " "1, " "1, " "1, " "1, " "1, " "1, " "1, " "1, " "1, " "1, " "1, " "1, " "1, " "1, " "1, " "1, " "1, " "1, " "1, " "1, " "1, " "1, " "1, " "1, " "1, " "1, " "1, " "1, " "1, " "1, " "1, " "1, " "0, " "1, " "1, " "1, " "1, " "1, " "1, " "1, " "1, " "1, " "1, " "1, " "1, " "1, " "1, " "1, " "1, " "1, " "1, " "1, " "1, " "1, " "1, " "1, " "1, " "1, " "1, " "1, " "1, " "1, " "1, " "1, " "1, " "1, " "1, " "1, " "1, " "1, " "1, " "1, " "1, " "1, " "1, " "1, " "1, " "1, " "1, " "1, " "1, " "1, " "1, " "1, " "1, " "1, " "1, " "1, " "1, " "1, " "1, " "1, " "1, " "1, " "1, " "1, " "1, " "1, " "1, " "1, " "1, " "1, " "1, " "1, " "1, " "1, " "1, " "1, " "1, " "1, " "1, " "1, " "1, " "1, " "1, " "1, " "1, " "1, " "1, " "1, " "1, " "1, " "1, " "1, " "1, " "1, " "1, " "1, " "1, " "1, " "1, " "1, " "1, " "1, " "1, " "1, " "1, " "1, " "1, " "1, " "1, " "1, " "1, " "1, " "1, " "1, " "1, " "1, " "1, " "1, " "1, " "1, " "1, " "1, " "1, " "1, " "1, " "1, " "1, " "1, " "1, " "1, " "1, " "1, " "1, " "1, " "1, " "1, " "1, "0
 "Nei377, 0.256, " "0.982, " "1, " "1, " "1, " "1, " "1, " "1, " "1, " "1, " "1, " "1, " "1, " "1, " "1, " "1, " "1, " "1, " "1, " "1, " "1, " "1, " "1, " "1, " "1, " "1, " "1, " "1, " "1, " "1, " "1, " "1, " "1, " "1, " "1, " "1, " "1, " "1, " "1, " "1, " "1, " "1, " "1, " "1, " "1, " "1, " "1, " "1, " "1, " "1, " "1, " "1, " "1, " "1, " "1, " "1, " "1, " "1, " "1, " "1, " "1, " "1, " "1, " "1, " "1, " "1, " "1, " "1, " "1, " "1, " "1, " "1, " "1, " "1, " "1, " "1, " "1, " "1, " "1, " "1, " "1, " "1, " "1, " "1, " "1, " "1, " "1, " "1, " "1, " "1, " "1, " "1, " "1, " "1, " "1, " "1, " "1, " "1, " "1, " "1, " "1, " "1, " "1, " "1, " "1, " "1, " "1, " "1, " "1, " "1, " "1, " "1, " "1, " "1, " "1, " "1, " "1, " "1, " "1, " "1, " "1, " "1, " "1, " "1, " "1, " "1, " "1, " "1, " "1, " "1, " "1, " "1, " "1, " "1, " "1, " "1, " "1, " "1, " "1, " "1, " "1, " "1, " "1, " "1, " "1, " "1, " "1, " "1, " "1, " "1, " "1, " "1, " "1, " "1, " "1, " "1, " "1, " "1, " "1, " "1, " "1, " "1, " "1, " "1, " "1, " "1, " "1, " "1, " "1, " "1, " "1, " "1, " "1, " "1, " "1, " "1, " "1, " "1, " "1, " "1, " "1, " "1, " "1, " "1, " "1, " "1, " "1, " "1, " "1, " "1, " "1, " "1, " "1, " "1, " "1, " "1, " "1, " "1, " "1, " "1, " "1, " "1, " "1, " "1, " "1, " "1, " "1, " "1, " "1, " "1, " "1, " "1, " "1, " "1, " "1, " "1, " "1, " "1, " "1, " "1, " "1, " "1, " "1, " "1, " "1, " "1, " "1, " "1, " "1, " "1, " "1, " "1, " "1, " "1, " "1, " "1, " "1, " "1, " "1, " "1, " "1, " "1, " "1, " "1, " "1, " "1, " "1, " "1, " "1, " "1, " "1, " "1, " "1, " "1, " "1, " "1, " "1, " "1, " "1, " "1, " "1, " "1, " "1, " "1, " "1, " "1, " "1, " "1, " "1, " "1, " "1, " "1, " "1, " "1, " "1, " "1, " "1, " "1, " "1, " "1, " "1, " "1, " "1, " "1, " "1, " "1, " "1, " "1, " "1, " "1, " "1, " "1, " "1, " "1, " "1, " "1, " "1, " "1, " "1, " "1, " "1, " "1, " "1, " "1, " "1, " "1, " "1, " "1, " "1, " "1, " "1, " "1, " "1, " "1, " "1, " "1, " "1, " "1, " "1, " "1, " "1, " "1, " "1, " "1, " "1, " "1, " "1, " "1, " "1, " "1, " "1, " "1, " "1, " "1, " "1, " "1, " "1, " "1, " "1, " "1, " "1, " "1, " "1, " "1, " "1, " "1, " "1, " "1, " "1, " "1, " "1, " "1, " "1, " "1, " "1, " "1, " "1, " "1, " "1, " "1, " "1, " "1, " "1, " "1, " "1, " "1, " "1, " "1, " "1, " "1, " "1, " "1, " "1, " "1, " "1, " "1, " "1, " "1, " "1, " "0, " "1, " "1, " "1, " "1, " "1, " "1, " "1, " "1, " "1, " "1, " "1, " "1, " "1, " "1, " "1, " "1, " "1, " "1, " "1, " "1, " "1, " "1, " "1, " "1, " "1, " "1, " "1, " "1, " "1, " "1, " "1, " "1, " "1, " "1, " "1, " "1, " "1, " "1, " "1, " "1, " "1, " "1, " "1, " "1, " "1, " "1, " "1, " "1, " "1, " "1, " "1, " "1, " "1, " "1, " "1, " "1, " "1, " "1, " "1, " "1, " "1, " "1, " "1, " "1, " "1, " "1, " "1, " "1, " "1, " "1, " "1, " "1, " "1, " "1, " "1, " "1, " "1, " "1, " "1, " "1, " "1, " "1, " "1, " "1, " "1, " "1, " "1, " "1, " "1, " "1, " "1, " "1, " "1, " "1, " "1, " "1, " "1, " "1, " "1, " "1, " "1, " "1, " "1, " "1, " "1, " "1, " "1, " "1, " "1, " "1, " "1, " "1, " "1, " "1, " "1, " "1, " "1, " "1, " "1, " "1, " "1, " "1, " "1, " "1, " "1, " "1, " "1, " "1, " "1, " "1, " "1, " "1, " "1, " "1, " "1, "0
 "Nei378, 0.245, " "-0.294, " "1, " "1, " "1, " "1, " "1, " "1, " "1, " "1, " "1, " "1, " "1, " "1, " "1, " "1, " "1, " "1, " "1, " "1, " "1, " "1, " "1, " "1, " "1, " "1, " "1, " "1, " "1, " "1, " "1, " "1, " "1, " "1, " "1, " "1, " "1, " "1, " "1, " "1, " "1, " "1, " "1, " "1, " "1, " "1, " "1, " "1, " "1, " "1, " "1, " "1, " "1, " "1, " "1, " "1, " "1, " "1, " "1, " "1, " "1, " "1, " "1, " "1, " "1, " "1, " "1, " "1, " "1, " "1, " "1, " "1, " "1, " "1, " "1, " "1, " "1, " "1, " "1, " "1, " "1, " "1, " "1, " "1, " "1, " "1, " "1, " "1, " "1, " "1, " "1, " "1, " "1, " "1, " "1, " "1, " "1, " "1, " "1, " "1, " "1, " "1, " "1, " "1, " "1, " "1, " "1, " "1, " "1, " "1, " "1, " "1, " "1, " "1, " "1, " "1, " "1, " "1, " "1, " "1, " "1, " "1, " "1, " "1, " "1, " "1, " "1, " "1, " "1, " "1, " "1, " "1, " "1, " "1, " "1, " "1, " "1, " "1, " "1, " "1, " "1, " "1, " "1, " "1, " "1, " "1, " "1, " "1, " "1, " "1, " "1, " "1, " "1, " "1, " "1, " "1, " "1, " "1, " "1, " "1, " "1, " "1, " "1, " "1, " "1, " "1, " "1, " "1, " "1, " "1, " "1, " "1, " "1, " "1, " "1, " "1, " "1, " "1, " "1, " "1, " "1, " "1, " "1, " "1, " "1, " "1, " "1, " "1, " "1, " "1, " "1, " "1, " "1, " "1, " "1, " "1, " "1, " "1, " "1, " "1, " "1, " "1, " "1, " "1, " "1, " "1, " "1, " "1, " "1, " "1, " "1, " "1, " "1, " "1, " "1, " "1, " "1, " "1, " "1, " "1, " "1, " "1, " "1, " "1, " "1, " "1, " "1, " "1, " "1, " "1, " "1, " "1, " "1, " "1, " "1, " "1, " "1, " "1, " "1, " "1, " "1, " "1, " "1, " "1, " "1, " "1, " "1, " "1, " "1, " "1, " "1, " "1, " "1, " "1, " "1, " "1, " "1, " "1, " "1, " "1, " "1, " "1, " "1, " "1, " "1, " "1, " "1, " "1, " "1, " "1, " "1, " "1, " "1, " "1, " "1, " "1, " "1, " "1, " "1, " "1, " "1, " "1, " "1, " "1, " "1, " "1, " "1, " "1, " "1, " "1, " "1, " "1, " "1, " "1, " "1, " "1, " "1, " "1, " "1, " "1, " "1, " "1, " "1, " "1, " "1, " "1, " "1, " "1, " "1, " "1, " "1, " "1, " "1, " "1, " "1, " "1, " "1, " "1, " "1, " "1, " "1, " "1, " "1, " "1, " "1, " "1, " "1, " "1, " "1, " "1, " "1, " "1, " "1, " "1, " "1, " "1, " "1, " "1, " "1, " "1, " "1, " "1, " "1, " "1, " "1, " "1, " "1, " "1, " "1, " "1, " "1, " "1, " "1, " "1, " "1, " "1, " "1, " "1, " "1, " "1, " "1, " "1, " "1, " "1, " "1, " "1, " "1, " "1, " "1, " "1, " "1, " "1, " "1, " "1, " "1, " "1, " "1, " "1, " "1, " "1, " "0, " "1, " "1, " "1, " "1, " "1, " "1, " "1, " "1, " "1, " "1, " "1, " "1, " "1, " "1, " "1, " "1, " "1, " "1, " "1, " "1, " "1, " "1, " "1, " "1, " "1, " "1, " "1, " "1, " "1, " "1, " "1, " "1, " "1, " "1, " "1, " "1, " "1, " "1, " "1, " "1, " "1, " "1, " "1, " "1, " "1, " "1, " "1, " "1, " "1, " "1, " "1, " "1, " "1, " "1, " "1, " "1, " "1, " "1, " "1, " "1, " "1, " "1, " "1, " "1, " "1, " "1, " "1, " "1, " "1, " "1, " "1, " "1, " "1, " "1, " "1, " "1, " "1, " "1, " "1, " "1, " "1, " "1, " "1, " "1, " "1, " "1, " "1, " "1, " "1, " "1, " "1, " "1, " "1, " "1, " "1, " "1, " "1, " "1, " "1, " "1, " "1, " "1, " "1, " "1, " "1, " "1, " "1, " "1, " "1, " "1, " "1, " "1, " "1, " "1, " "1, " "1, " "1, " "1, " "1, " "1, " "1, " "1, " "1, " "1, " "1, " "1, " "1, " "1, " "1, " "1, " "1, " "1, " "1, " "1, "0
 "Nei379, 0.059, " "0.934, " "1, " "1, " "1, " "1, " "1, " "1, " "1, " "1, " "1, " "1, " "1, " "1, " "1, " "1, " "1, " "1, " "1, " "1, " "1, " "1, " "1, " "1, " "1, " "1, " "1, " "1, " "1, " "1, " "1, " "1, " "1, " "1, " "1, " "1, " "1, " "1, " "1, " "1, " "1, " "1, " "1, " "1, " "1, " "1, " "1, " "1, " "1, " "1, " "1, " "1, " "1, " "1, " "1, " "1, " "1, " "1, " "1, " "1, " "1, " "1, " "1, " "1, " "1, " "1, " "1, " "1, " "1, " "1, " "1, " "1, " "1, " "1, " "1, " "1, " "1, " "1, " "1, " "1, " "1, " "1, " "1, " "1, " "1, " "1, " "1, " "1, " "1, " "1, " "1, " "1, " "1, " "1, " "1, " "1, " "1, " "1, " "1, " "1, " "1, " "1, " "1, " "1, " "1, " "1, " "1, " "1, " "1, " "1, " "1, " "1, " "1, " "1, " "1, " "1, " "1, " "1, " "1, " "1, " "1, " "1, " "1, " "1, " "1, " "1, " "1, " "1, " "1, " "1, " "1, " "1, " "1, " "1, " "1, " "1, " "1, " "1, " "1, " "1, " "1, " "1, " "1, " "1, " "1, " "1, " "1, " "1, " "1, " "1, " "1, " "1, " "1, " "1, " "1, " "1, " "1, " "1, " "1, " "1, " "1, " "1, " "1, " "1, " "1, " "1, " "1, " "1, " "1, " "1, " "1, " "1, " "1, " "1, " "1, " "1, " "1, " "1, " "1, " "1, " "1, " "1, " "1, " "1, " "1, " "1, " "1, " "1, " "1, " "1, " "1, " "1, " "1, " "1, " "1, " "1, " "1, " "1, " "1, " "1, " "1, " "1, " "1, " "1, " "1, " "1, " "1, " "1, " "1, " "1, " "1, " "1, " "1, " "1, " "1, " "1, " "1, " "1, " "1, " "1, " "1, " "1, " "1, " "1, " "1, " "1, " "1, " "1, " "1, " "1, " "1, " "1, " "1, " "1, " "1, " "1, " "1, " "1, " "1, " "1, " "1, " "1, " "1, " "1, " "1, " "1, " "1, " "1, " "1, " "1, " "1, " "1, " "1, " "1, " "1, " "1, " "1, " "1, " "1, " "1, " "1, " "1, " "1, " "1, " "1, " "1, " "1, " "1, " "1, " "1, " "1, " "1, " "1, " "1, " "1, " "1, " "1, " "1, " "1, " "1, " "1, " "1, " "1, " "1, " "1, " "1, " "1, " "1, " "1, " "1, " "1, " "1, " "1, " "1, " "1, " "1, " "1, " "1, " "1, " "1, " "1, " "1, " "1, " "1, " "1, " "1, " "1, " "1, " "1, " "1, " "1, " "1, " "1, " "1, " "1, " "1, " "1, " "1, " "1, " "1, " "1, " "1, " "1, " "1, " "1, " "1, " "1, " "1, " "1, " "1, " "1, " "1, " "1, " "1, " "1, " "1, " "1, " "1, " "1, " "1, " "1, " "1, " "1, " "1, " "1, " "1, " "1, " "1, " "1, " "1, " "1, " "1, " "1, " "1, " "1, " "1, " "1, " "1, " "1, " "1, " "1, " "1, " "1, " "1, " "1, " "1, " "1, " "1, " "1, " "1, " "1, " "1, " "1, " "1, " "1, " "1, " "1, " "1, " "1, " "1, " "1, " "0, " "1, " "1, " "1, " "1, " "1, " "1, " "1, " "1, " "1, " "1, " "1, " "1, " "1, " "1, " "1, " "1, " "1, " "1, " "1, " "1, " "1, " "1, " "1, " "1, " "1, " "1, " "1, " "1, " "1, " "1, " "1, " "1, " "1, " "1, " "1, " "1, " "1, " "1, " "1, " "1, " "1, " "1, " "1, " "1, " "1, " "1, " "1, " "1, " "1, " "1, " "1, " "1, " "1, " "1, " "1, " "1, " "1, " "1, " "1, " "1, " "1, " "1, " "1, " "1, " "1, " "1, " "1, " "1, " "1, " "1, " "1, " "1, " "1, " "1, " "1, " "1, " "1, " "1, " "1, " "1, " "1, " "1, " "1, " "1, " "1, " "1, " "1, " "1, " "1, " "1, " "1, " "1, " "1, " "1, " "1, " "1, " "1, " "1, " "1, " "1, " "1, " "1, " "1, " "1, " "1, " "1, " "1, " "1, " "1, " "1, " "1, " "1, " "1, " "1, " "1, " "1, " "1, " "1, " "1, " "1, " "1, " "1, " "1, " "1, " "1, " "1, " "1, " "1, " "1, " "1, " "1, " "1, " "1, "0
 "Nei380, 0.008, " "-0.59, " "1, " "1, " "1, " "1, " "1, " "1, " "1, " "1, " "1, " "1, " "1, " "1, " "1, " "1, " "1, " "1, " "1, " "1, " "1, " "1, " "1, " "1, " "1, " "1, " "1, " "1, " "1, " "1, " "1, " "1, " "1, " "1, " "1, " "1, " "1, " "1, " "1, " "1, " "1, " "1, " "1, " "1, " "1, " "1, " "1, " "1, " "1, " "1, " "1, " "1, " "1, " "1, " "1, " "1, " "1, " "1, " "1, " "1, " "1, " "1, " "1, " "1, " "1, " "1, " "1, " "1, " "1, " "1, " "1, " "1, " "1, " "1, " "1, " "1, " "1, " "1, " "1, " "1, " "1, " "1, " "1, " "1, " "1, " "1, " "1, " "1, " "1, " "1, " "1, " "1, " "1, " "1, " "1, " "1, " "1, " "1, " "1, " "1, " "1, " "1, " "1, " "1, " "1, " "1, " "1, " "1, " "1, " "1, " "1, " "1, " "1, " "1, " "1, " "1, " "1, " "1, " "1, " "1, " "1, " "1, " "1, " "1, " "1, " "1, " "1, " "1, " "1, " "1, " "1, " "1, " "1, " "1, " "1, " "1, " "1, " "1, " "1, " "1, " "1, " "1, " "1, " "1, " "1, " "1, " "1, " "1, " "1, " "1, " "1, " "1, " "1, " "1, " "1, " "1, " "1, " "1, " "1, " "1, " "1, " "1, " "1, " "1, " "1, " "1, " "1, " "1, " "1, " "1, " "1, " "1, " "1, " "1, " "1, " "1, " "1, " "1, " "1, " "1, " "1, " "1, " "1, " "1, " "1, " "1, " "1, " "1, " "1, " "1, " "1, " "1, " "1, " "1, " "1, " "1, " "1, " "1, " "1, " "1, " "1, " "1, " "1, " "1, " "1, " "1, " "1, " "1, " "1, " "1, " "1, " "1, " "1, " "1, " "1, " "1, " "1, " "1, " "1, " "1, " "1, " "1, " "1, " "1, " "1, " "1, " "1, " "1, " "1, " "1, " "1, " "1, " "1, " "1, " "1, " "1, " "1, " "1, " "1, " "1, " "1, " "1, " "1, " "1, " "1, " "1, " "1, " "1, " "1, " "1, " "1, " "1, " "1, " "1, " "1, " "1, " "1, " "1, " "1, " "1, " "1, " "1, " "1, " "1, " "1, " "1, " "1, " "1, " "1, " "1, " "1, " "1, " "1, " "1, " "1, " "1, " "1, " "1, " "1, " "1, " "1, " "1, " "1, " "1, " "1, " "1, " "1, " "1, " "1, " "1, " "1, " "1, " "1, " "1, " "1, " "1, " "1, " "1, " "1, " "1, " "1, " "1, " "1, " "1, " "1, " "1, " "1, " "1, " "1, " "1, " "1, " "1, " "1, " "1, " "1, " "1, " "1, " "1, " "1, " "1, " "1, " "1, " "1, " "1, " "1, " "1, " "1, " "1, " "1, " "1, " "1, " "1, " "1, " "1, " "1, " "1, " "1, " "1, " "1, " "1, " "1, " "1, " "1, " "1, " "1, " "1, " "1, " "1, " "1, " "1, " "1, " "1, " "1, " "1, " "1, " "1, " "1, " "1, " "1, " "1, " "1, " "1, " "1, " "1, " "1, " "1, " "1, " "1, " "1, " "1, " "1, " "1, " "1, " "1, " "1, " "1, " "1, " "1, " "1, " "1, " "1, " "1, " "0, " "1, " "1, " "1, " "1, " "1, " "1, " "1, " "1, " "1, " "1, " "1, " "1, " "1, " "1, " "1, " "1, " "1, " "1, " "1, " "1, " "1, " "1, " "1, " "1, " "1, " "1, " "1, " "1, " "1, " "1, " "1, " "1, " "1, " "1, " "1, " "1, " "1, " "1, " "1, " "1, " "1, " "1, " "1, " "1, " "1, " "1, " "1, " "1, " "1, " "1, " "1, " "1, " "1, " "1, " "1, " "1, " "1, " "1, " "1, " "1, " "1, " "1, " "1, " "1, " "1, " "1, " "1, " "1, " "1, " "1, " "1, " "1, " "1, " "1, " "1, " "1, " "1, " "1, " "1, " "1, " "1, " "1, " "1, " "1, " "1, " "1, " "1, " "1, " "1, " "1, " "1, " "1, " "1, " "1, " "1, " "1, " "1, " "1, " "1, " "1, " "1, " "1, " "1, " "1, " "1, " "1, " "1, " "1, " "1, " "1, " "1, " "1, " "1, " "1, " "1, " "1, " "1, " "1, " "1, " "1, " "1, " "1, " "1, " "1, " "1, " "1, " "1, " "1, " "1, " "1, " "1, " "1, "0
 "Nei381, 0.077, " "-0.213, " "1, " "1, " "1, " "1, " "1, " "1, " "1, " "1, " "1, " "1, " "1, " "1, " "1, " "1, " "1, " "1, " "1, " "1, " "1, " "1, " "1, " "1, " "1, " "1, " "1, " "1, " "1, " "1, " "1, " "1, " "1, " "1, " "1, " "1, " "1, " "1, " "1, " "1, " "1, " "1, " "1, " "1, " "1, " "1, " "1, " "1, " "1, " "1, " "1, " "1, " "1, " "1, " "1, " "1, " "1, " "1, " "1, " "1, " "1, " "1, " "1, " "1, " "1, " "1, " "1, " "1, " "1, " "1, " "1, " "1, " "1, " "1, " "1, " "1, " "1, " "1, " "1, " "1, " "1, " "1, " "1, " "1, " "1, " "1, " "1, " "1, " "1, " "1, " "1, " "1, " "1, " "1, " "1, " "1, " "1, " "1, " "1, " "1, " "1, " "1, " "1, " "1, " "1, " "1, " "1, " "1, " "1, " "1, " "1, " "1, " "1, " "1, " "1, " "1, " "1, " "1, " "1, " "1, " "1, " "1, " "1, " "1, " "1, " "1, " "1, " "1, " "1, " "1, " "1, " "1, " "1, " "1, " "1, " "1, " "1, " "1, " "1, " "1, " "1, " "1, " "1, " "1, " "1, " "1, " "1, " "1, " "1, " "1, " "1, " "1, " "1, " "1, " "1, " "1, " "1, " "1, " "1, " "1, " "1, " "1, " "1, " "1, " "1, " "1, " "1, " "1, " "1, " "1, " "1, " "1, " "1, " "1, " "1, " "1, " "1, " "1, " "1, " "1, " "1, " "1, " "1, " "1, " "1, " "1, " "1, " "1, " "1, " "1, " "1, " "1, " "1, " "1, " "1, " "1, " "1, " "1, " "1, " "1, " "1, " "1, " "1, " "1, " "1, " "1, " "1, " "1, " "1, " "1, " "1, " "1, " "1, " "1, " "1, " "1, " "1, " "1, " "1, " "1, " "1, " "1, " "1, " "1, " "1, " "1, " "1, " "1, " "1, " "1, " "1, " "1, " "1, " "1, " "1, " "1, " "1, " "1, " "1, " "1, " "1, " "1, " "1, " "1, " "1, " "1, " "1, " "1, " "1, " "1, " "1, " "1, " "1, " "1, " "1, " "1, " "1, " "1, " "1, " "1, " "1, " "1, " "1, " "1, " "1, " "1, " "1, " "1, " "1, " "1, " "1, " "1, " "1, " "1, " "1, " "1, " "1, " "1, " "1, " "1, " "1, " "1, " "1, " "1, " "1, " "1, " "1, " "1, " "1, " "1, " "1, " "1, " "1, " "1, " "1, " "1, " "1, " "1, " "1, " "1, " "1, " "1, " "1, " "1, " "1, " "1, " "1, " "1, " "1, " "1, " "1, " "1, " "1, " "1, " "1, " "1, " "1, " "1, " "1, " "1, " "1, " "1, " "1, " "1, " "1, " "1, " "1, " "1, " "1, " "1, " "1, " "1, " "1, " "1, " "1, " "1, " "1, " "1, " "1, " "1, " "1, " "1, " "1, " "1, " "1, " "1, " "1, " "1, " "1, " "1, " "1, " "1, " "1, " "1, " "1, " "1, " "1, " "1, " "1, " "1, " "1, " "1, " "1, " "1, " "1, " "1, " "1, " "1, " "1, " "1, " "1, " "1, " "1, " "1, " "1, " "1, " "1, " "1, " "1, " "1, " "1, " "1, " "1, " "0, " "1, " "1, " "1, " "1, " "1, " "1, " "1, " "1, " "1, " "1, " "1, " "1, " "1, " "1, " "1, " "1, " "1, " "1, " "1, " "1, " "1, " "1, " "1, " "1, " "1, " "1, " "1, " "1, " "1, " "1, " "1, " "1, " "1, " "1, " "1, " "1, " "1, " "1, " "1, " "1, " "1, " "1, " "1, " "1, " "1, " "1, " "1, " "1, " "1, " "1, " "1, " "1, " "1, " "1, " "1, " "1, " "1, " "1, " "1, " "1, " "1, " "1, " "1, " "1, " "1, " "1, " "1, " "1, " "1, " "1, " "1, " "1, " "1, " "1, " "1, " "1, " "1, " "1, " "1, " "1, " "1, " "1, " "1, " "1, " "1, " "1, " "1, " "1, " "1, " "1, " "1, " "1, " "1, " "1, " "1, " "1, " "1, " "1, " "1, " "1, " "1, " "1, " "1, " "1, " "1, " "1, " "1, " "1, " "1, " "1, " "1, " "1, " "1, " "1, " "1, " "1, " "1, " "1, " "1, " "1, " "1, " "1, " "1, " "1, " "1, " "1, " "1, " "1, " "1, " "1, " "1, "0
 "Nei382, 0.013, " "-0.269, " "1, " "1, " "1, " "1, " "1, " "1, " "1, " "1, " "1, " "1, " "1, " "1, " "1, " "1, " "1, " "1, " "1, " "1, " "1, " "1, " "1, " "1, " "1, " "1, " "1, " "1, " "1, " "1, " "1, " "1, " "1, " "1, " "1, " "1, " "1, " "1, " "1, " "1, " "1, " "1, " "1, " "1, " "1, " "1, " "1, " "1, " "1, " "1, " "1, " "1, " "1, " "1, " "1, " "1, " "1, " "1, " "1, " "1, " "1, " "1, " "1, " "1, " "1, " "1, " "1, " "1, " "1, " "1, " "1, " "1, " "1, " "1, " "1, " "1, " "1, " "1, " "1, " "1, " "1, " "1, " "1, " "1, " "1, " "1, " "1, " "1, " "1, " "1, " "1, " "1, " "1, " "1, " "1, " "1, " "1, " "1, " "1, " "1, " "1, " "1, " "1, " "1, " "1, " "1, " "1, " "1, " "1, " "1, " "1, " "1, " "1, " "1, " "1, " "1, " "1, " "1, " "1, " "1, " "1, " "1, " "1, " "1, " "1, " "1, " "1, " "1, " "1, " "1, " "1, " "1, " "1, " "1, " "1, " "1, " "1, " "1, " "1, " "1, " "1, " "1, " "1, " "1, " "1, " "1, " "1, " "1, " "1, " "1, " "1, " "1, " "1, " "1, " "1, " "1, " "1, " "1, " "1, " "1, " "1, " "1, " "1, " "1, " "1, " "1, " "1, " "1, " "1, " "1, " "1, " "1, " "1, " "1, " "1, " "1, " "1, " "1, " "1, " "1, " "1, " "1, " "1, " "1, " "1, " "1, " "1, " "1, " "1, " "1, " "1, " "1, " "1, " "1, " "1, " "1, " "1, " "1, " "1, " "1, " "1, " "1, " "1, " "1, " "1, " "1, " "1, " "1, " "1, " "1, " "1, " "1, " "1, " "1, " "1, " "1, " "1, " "1, " "1, " "1, " "1, " "1, " "1, " "1, " "1, " "1, " "1, " "1, " "1, " "1, " "1, " "1, " "1, " "1, " "1, " "1, " "1, " "1, " "1, " "1, " "1, " "1, " "1, " "1, " "1, " "1, " "1, " "1, " "1, " "1, " "1, " "1, " "1, " "1, " "1, " "1, " "1, " "1, " "1, " "1, " "1, " "1, " "1, " "1, " "1, " "1, " "1, " "1, " "1, " "1, " "1, " "1, " "1, " "1, " "1, " "1, " "1, " "1, " "1, " "1, " "1, " "1, " "1, " "1, " "1, " "1, " "1, " "1, " "1, " "1, " "1, " "1, " "1, " "1, " "1, " "1, " "1, " "1, " "1, " "1, " "1, " "1, " "1, " "1, " "1, " "1, " "1, " "1, " "1, " "1, " "1, " "1, " "1, " "1, " "1, " "1, " "1, " "1, " "1, " "1, " "1, " "1, " "1, " "1, " "1, " "1, " "1, " "1, " "1, " "1, " "1, " "1, " "1, " "1, " "1, " "1, " "1, " "1, " "1, " "1, " "1, " "1, " "1, " "1, " "1, " "1, " "1, " "1, " "1, " "1, " "1, " "1, " "1, " "1, " "1, " "1, " "1, " "1, " "1, " "1, " "1, " "1, " "1, " "1, " "1, " "1, " "1, " "1, " "1, " "1, " "1, " "1, " "1, " "1, " "1, " "1, " "1, " "1, " "1, " "1, " "1, " "1, " "1, " "1, " "0, " "1, " "1, " "1, " "1, " "1, " "1, " "1, " "1, " "1, " "1, " "1, " "1, " "1, " "1, " "1, " "1, " "1, " "1, " "1, " "1, " "1, " "1, " "1, " "1, " "1, " "1, " "1, " "1, " "1, " "1, " "1, " "1, " "1, " "1, " "1, " "1, " "1, " "1, " "1, " "1, " "1, " "1, " "1, " "1, " "1, " "1, " "1, " "1, " "1, " "1, " "1, " "1, " "1, " "1, " "1, " "1, " "1, " "1, " "1, " "1, " "1, " "1, " "1, " "1, " "1, " "1, " "1, " "1, " "1, " "1, " "1, " "1, " "1, " "1, " "1, " "1, " "1, " "1, " "1, " "1, " "1, " "1, " "1, " "1, " "1, " "1, " "1, " "1, " "1, " "1, " "1, " "1, " "1, " "1, " "1, " "1, " "1, " "1, " "1, " "1, " "1, " "1, " "1, " "1, " "1, " "1, " "1, " "1, " "1, " "1, " "1, " "1, " "1, " "1, " "1, " "1, " "1, " "1, " "1, " "1, " "1, " "1, " "1, " "1, " "1, " "1, " "1, " "1, " "1, " "1, "0
 "Nei383, 0.168, " "-0.843, " "1, " "1, " "1, " "1, " "1, " "1, " "1, " "1, " "1, " "1, " "1, " "1, " "1, " "1, " "1, " "1, " "1, " "1, " "1, " "1, " "1, " "1, " "1, " "1, " "1, " "1, " "1, " "1, " "1, " "1, " "1, " "1, " "1, " "1, " "1, " "1, " "1, " "1, " "1, " "1, " "1, " "1, " "1, " "1, " "1, " "1, " "1, " "1, " "1, " "1, " "1, " "1, " "1, " "1, " "1, " "1, " "1, " "1, " "1, " "1, " "1, " "1, " "1, " "1, " "1, " "1, " "1, " "1, " "1, " "1, " "1, " "1, " "1, " "1, " "1, " "1, " "1, " "1, " "1, " "1, " "1, " "1, " "1, " "1, " "1, " "1, " "1, " "1, " "1, " "1, " "1, " "1, " "1, " "1, " "1, " "1, " "1, " "1, " "1, " "1, " "1, " "1, " "1, " "1, " "1, " "1, " "1, " "1, " "1, " "1, " "1, " "1, " "1, " "1, " "1, " "1, " "1, " "1, " "1, " "1, " "1, " "1, " "1, " "1, " "1, " "1, " "1, " "1, " "1, " "1, " "1, " "1, " "1, " "1, " "1, " "1, " "1, " "1, " "1, " "1, " "1, " "1, " "1, " "1, " "1, " "1, " "1, " "1, " "1, " "1, " "1, " "1, " "1, " "1, " "1, " "1, " "1, " "1, " "1, " "1, " "1, " "1, " "1, " "1, " "1, " "1, " "1, " "1, " "1, " "1, " "1, " "1, " "1, " "1, " "1, " "1, " "1, " "1, " "1, " "1, " "1, " "1, " "1, " "1, " "1, " "1, " "1, " "1, " "1, " "1, " "1, " "1, " "1, " "1, " "1, " "1, " "1, " "1, " "1, " "1, " "1, " "1, " "1, " "1, " "1, " "1, " "1, " "1, " "1, " "1, " "1, " "1, " "1, " "1, " "1, " "1, " "1, " "1, " "1, " "1, " "1, " "1, " "1, " "1, " "1, " "1, " "1, " "1, " "1, " "1, " "1, " "1, " "1, " "1, " "1, " "1, " "1, " "1, " "1, " "1, " "1, " "1, " "1, " "1, " "1, " "1, " "1, " "1, " "1, " "1, " "1, " "1, " "1, " "1, " "1, " "1, " "1, " "1, " "1, " "1, " "1, " "1, " "1, " "1, " "1, " "1, " "1, " "1, " "1, " "1, " "1, " "1, " "1, " "1, " "1, " "1, " "1, " "1, " "1, " "1, " "1, " "1, " "1, " "1, " "1, " "1, " "1, " "1, " "1, " "1, " "1, " "1, " "1, " "1, " "1, " "1, " "1, " "1, " "1, " "1, " "1, " "1, " "1, " "1, " "1, " "1, " "1, " "1, " "1, " "1, " "1, " "1, " "1, " "1, " "1, " "1, " "1, " "1, " "1, " "1, " "1, " "1, " "1, " "1, " "1, " "1, " "1, " "1, " "1, " "1, " "1, " "1, " "1, " "1, " "1, " "1, " "1, " "1, " "1, " "1, " "1, " "1, " "1, " "1, " "1, " "1, " "1, " "1, " "1, " "1, " "1, " "1, " "1, " "1, " "1, " "1, " "1, " "1, " "1, " "1, " "1, " "1, " "1, " "1, " "1, " "1, " "1, " "1, " "1, " "1, " "1, " "1, " "1, " "1, " "1, " "1, " "1, " "1, " "1, " "1, " "1, " "1, " "1, " "0, " "1, " "1, " "1, " "1, " "1, " "1, " "1, " "1, " "1, " "1, " "1, " "1, " "1, " "1, " "1, " "1, " "1, " "1, " "1, " "1, " "1, " "1, " "1, " "1, " "1, " "1, " "1, " "1, " "1, " "1, " "1, " "1, " "1, " "1, " "1, " "1, " "1, " "1, " "1, " "1, " "1, " "1, " "1, " "1, " "1, " "1, " "1, " "1, " "1, " "1, " "1, " "1, " "1, " "1, " "1, " "1, " "1, " "1, " "1, " "1, " "1, " "1, " "1, " "1, " "1, " "1, " "1, " "1, " "1, " "1, " "1, " "1, " "1, " "1, " "1, " "1, " "1, " "1, " "1, " "1, " "1, " "1, " "1, " "1, " "1, " "1, " "1, " "1, " "1, " "1, " "1, " "1, " "1, " "1, " "1, " "1, " "1, " "1, " "1, " "1, " "1, " "1, " "1, " "1, " "1, " "1, " "1, " "1, " "1, " "1, " "1, " "1, " "1, " "1, " "1, " "1, " "1, " "1, " "1, " "1, " "1, " "1, " "1, " "1, " "1, " "1, " "1, " "1, " "1, "0
 "Nei384, 0.024, " "0.613, " "1, " "1, " "1, " "1, " "1, " "1, " "1, " "1, " "1, " "1, " "1, " "1, " "1, " "1, " "1, " "1, " "1, " "1, " "1, " "1, " "1, " "1, " "1, " "1, " "1, " "1, " "1, " "1, " "1, " "1, " "1, " "1, " "1, " "1, " "1, " "1, " "1, " "1, " "1, " "1, " "1, " "1, " "1, " "1, " "1, " "1, " "1, " "1, " "1, " "1, " "1, " "1, " "1, " "1, " "1, " "1, " "1, " "1, " "1, " "1, " "1, " "1, " "1, " "1, " "1, " "1, " "1, " "1, " "1, " "1, " "1, " "1, " "1, " "1, " "1, " "1, " "1, " "1, " "1, " "1, " "1, " "1, " "1, " "1, " "1, " "1, " "1, " "1, " "1, " "1, " "1, " "1, " "1, " "1, " "1, " "1, " "1, " "1, " "1, " "1, " "1, " "1, " "1, " "1, " "1, " "1, " "1, " "1, " "1, " "1, " "1, " "1, " "1, " "1, " "1, " "1, " "1, " "1, " "1, " "1, " "1, " "1, " "1, " "1, " "1, " "1, " "1, " "1, " "1, " "1, " "1, " "1, " "1, " "1, " "1, " "1, " "1, " "1, " "1, " "1, " "1, " "1, " "1, " "1, " "1, " "1, " "1, " "1, " "1, " "1, " "1, " "1, " "1, " "1, " "1, " "1, " "1, " "1, " "1, " "1, " "1, " "1, " "1, " "1, " "1, " "1, " "1, " "1, " "1, " "1, " "1, " "1, " "1, " "1, " "1, " "1, " "1, " "1, " "1, " "1, " "1, " "1, " "1, " "1, " "1, " "1, " "1, " "1, " "1, " "1, " "1, " "1, " "1, " "1, " "1, " "1, " "1, " "1, " "1, " "1, " "1, " "1, " "1, " "1, " "1, " "1, " "1, " "1, " "1, " "1, " "1, " "1, " "1, " "1, " "1, " "1, " "1, " "1, " "1, " "1, " "1, " "1, " "1, " "1, " "1, " "1, " "1, " "1, " "1, " "1, " "1, " "1, " "1, " "1, " "1, " "1, " "1, " "1, " "1, " "1, " "1, " "1, " "1, " "1, " "1, " "1, " "1, " "1, " "1, " "1, " "1, " "1, " "1, " "1, " "1, " "1, " "1, " "1, " "1, " "1, " "1, " "1, " "1, " "1, " "1, " "1, " "1, " "1, " "1, " "1, " "1, " "1, " "1, " "1, " "1, " "1, " "1, " "1, " "1, " "1, " "1, " "1, " "1, " "1, " "1, " "1, " "1, " "1, " "1, " "1, " "1, " "1, " "1, " "1, " "1, " "1, " "1, " "1, " "1, " "1, " "1, " "1, " "1, " "1, " "1, " "1, " "1, " "1, " "1, " "1, " "1, " "1, " "1, " "1, " "1, " "1, " "1, " "1, " "1, " "1, " "1, " "1, " "1, " "1, " "1, " "1, " "1, " "1, " "1, " "1, " "1, " "1, " "1, " "1, " "1, " "1, " "1, " "1, " "1, " "1, " "1, " "1, " "1, " "1, " "1, " "1, " "1, " "1, " "1, " "1, " "1, " "1, " "1, " "1, " "1, " "1, " "1, " "1, " "1, " "1, " "1, " "1, " "1, " "1, " "1, " "1, " "1, " "1, " "1, " "1, " "1, " "1, " "1, " "1, " "1, " "1, " "1, " "1, " "1, " "1, " "1, " "1, " "1, " "1, " "0, " "1, " "1, " "1, " "1, " "1, " "1, " "1, " "1, " "1, " "1, " "1, " "1, " "1, " "1, " "1, " "1, " "1, " "1, " "1, " "1, " "1, " "1, " "1, " "1, " "1, " "1, " "1, " "1, " "1, " "1, " "1, " "1, " "1, " "1, " "1, " "1, " "1, " "1, " "1, " "1, " "1, " "1, " "1, " "1, " "1, " "1, " "1, " "1, " "1, " "1, " "1, " "1, " "1, " "1, " "1, " "1, " "1, " "1, " "1, " "1, " "1, " "1, " "1, " "1, " "1, " "1, " "1, " "1, " "1, " "1, " "1, " "1, " "1, " "1, " "1, " "1, " "1, " "1, " "1, " "1, " "1, " "1, " "1, " "1, " "1, " "1, " "1, " "1, " "1, " "1, " "1, " "1, " "1, " "1, " "1, " "1, " "1, " "1, " "1, " "1, " "1, " "1, " "1, " "1, " "1, " "1, " "1, " "1, " "1, " "1, " "1, " "1, " "1, " "1, " "1, " "1, " "1, " "1, " "1, " "1, " "1, " "1, " "1, " "1, " "1, " "1, " "1, " "1, "0
 "Nei385, 0.319, " "-0.849, " "1, " "1, " "1, " "1, " "1, " "1, " "1, " "1, " "1, " "1, " "1, " "1, " "1, " "1, " "1, " "1, " "1, " "1, " "1, " "1, " "1, " "1, " "1, " "1, " "1, " "1, " "1, " "1, " "1, " "1, " "1, " "1, " "1, " "1, " "1, " "1, " "1, " "1, " "1, " "1, " "1, " "1, " "1, " "1, " "1, " "1, " "1, " "1, " "1, " "1, " "1, " "1, " "1, " "1, " "1, " "1, " "1, " "1, " "1, " "1, " "1, " "1, " "1, " "1, " "1, " "1, " "1, " "1, " "1, " "1, " "1, " "1, " "1, " "1, " "1, " "1, " "1, " "1, " "1, " "1, " "1, " "1, " "1, " "1, " "1, " "1, " "1, " "1, " "1, " "1, " "1, " "1, " "1, " "1, " "1, " "1, " "1, " "1, " "1, " "1, " "1, " "1, " "1, " "1, " "1, " "1, " "1, " "1, " "1, " "1, " "1, " "1, " "1, " "1, " "1, " "1, " "1, " "1, " "1, " "1, " "1, " "1, " "1, " "1, " "1, " "1, " "1, " "1, " "1, " "1, " "1, " "1, " "1, " "1, " "1, " "1, " "1, " "1, " "1, " "1, " "1, " "1, " "1, " "1, " "1, " "1, " "1, " "1, " "1, " "1, " "1, " "1, " "1, " "1, " "1, " "1, " "1, " "1, " "1, " "1, " "1, " "1, " "1, " "1, " "1, " "1, " "1, " "1, " "1, " "1, " "1, " "1, " "1, " "1, " "1, " "1, " "1, " "1, " "1, " "1, " "1, " "1, " "1, " "1, " "1, " "1, " "1, " "1, " "1, " "1, " "1, " "1, " "1, " "1, " "1, " "1, " "1, " "1, " "1, " "1, " "1, " "1, " "1, " "1, " "1, " "1, " "1, " "1, " "1, " "1, " "1, " "1, " "1, " "1, " "1, " "1, " "1, " "1, " "1, " "1, " "1, " "1, " "1, " "1, " "1, " "1, " "1, " "1, " "1, " "1, " "1, " "1, " "1, " "1, " "1, " "1, " "1, " "1, " "1, " "1, " "1, " "1, " "1, " "1, " "1, " "1, " "1, " "1, " "1, " "1, " "1, " "1, " "1, " "1, " "1, " "1, " "1, " "1, " "1, " "1, " "1, " "1, " "1, " "1, " "1, " "1, " "1, " "1, " "1, " "1, " "1, " "1, " "1, " "1, " "1, " "1, " "1, " "1, " "1, " "1, " "1, " "1, " "1, " "1, " "1, " "1, " "1, " "1, " "1, " "1, " "1, " "1, " "1, " "1, " "1, " "1, " "1, " "1, " "1, " "1, " "1, " "1, " "1, " "1, " "1, " "1, " "1, " "1, " "1, " "1, " "1, " "1, " "1, " "1, " "1, " "1, " "1, " "1, " "1, " "1, " "1, " "1, " "1, " "1, " "1, " "1, " "1, " "1, " "1, " "1, " "1, " "1, " "1, " "1, " "1, " "1, " "1, " "1, " "1, " "1, " "1, " "1, " "1, " "1, " "1, " "1, " "1, " "1, " "1, " "1, " "1, " "1, " "1, " "1, " "1, " "1, " "1, " "1, " "1, " "1, " "1, " "1, " "1, " "1, " "1, " "1, " "1, " "1, " "1, " "1, " "1, " "1, " "1, " "1, " "1, " "1, " "1, " "1, " "1, " "1, " "1, " "1, " "1, " "1, " "1, " "0, " "1, " "1, " "1, " "1, " "1, " "1, " "1, " "1, " "1, " "1, " "1, " "1, " "1, " "1, " "1, " "1, " "1, " "1, " "1, " "1, " "1, " "1, " "1, " "1, " "1, " "1, " "1, " "1, " "1, " "1, " "1, " "1, " "1, " "1, " "1, " "1, " "1, " "1, " "1, " "1, " "1, " "1, " "1, " "1, " "1, " "1, " "1, " "1, " "1, " "1, " "1, " "1, " "1, " "1, " "1, " "1, " "1, " "1, " "1, " "1, " "1, " "1, " "1, " "1, " "1, " "1, " "1, " "1, " "1, " "1, " "1, " "1, " "1, " "1, " "1, " "1, " "1, " "1, " "1, " "1, " "1, " "1, " "1, " "1, " "1, " "1, " "1, " "1, " "1, " "1, " "1, " "1, " "1, " "1, " "1, " "1, " "1, " "1, " "1, " "1, " "1, " "1, " "1, " "1, " "1, " "1, " "1, " "1, " "1, " "1, " "1, " "1, " "1, " "1, " "1, " "1, " "1, " "1, " "1, " "1, " "1, " "1, " "1, " "1, " "1, " "1, " "1, "0
 "Nei386, 0.165, " "0.294, " "1, " "1, " "1, " "1, " "1, " "1, " "1, " "1, " "1, " "1, " "1, " "1, " "1, " "1, " "1, " "1, " "1, " "1, " "1, " "1, " "1, " "1, " "1, " "1, " "1, " "1, " "1, " "1, " "1, " "1, " "1, " "1, " "1, " "1, " "1, " "1, " "1, " "1, " "1, " "1, " "1, " "1, " "1, " "1, " "1, " "1, " "1, " "1, " "1, " "1, " "1, " "1, " "1, " "1, " "1, " "1, " "1, " "1, " "1, " "1, " "1, " "1, " "1, " "1, " "1, " "1, " "1, " "1, " "1, " "1, " "1, " "1, " "1, " "1, " "1, " "1, " "1, " "1, " "1, " "1, " "1, " "1, " "1, " "1, " "1, " "1, " "1, " "1, " "1, " "1, " "1, " "1, " "1, " "1, " "1, " "1, " "1, " "1, " "1, " "1, " "1, " "1, " "1, " "1, " "1, " "1, " "1, " "1, " "1, " "1, " "1, " "1, " "1, " "1, " "1, " "1, " "1, " "1, " "1, " "1, " "1, " "1, " "1, " "1, " "1, " "1, " "1, " "1, " "1, " "1, " "1, " "1, " "1, " "1, " "1, " "1, " "1, " "1, " "1, " "1, " "1, " "1, " "1, " "1, " "1, " "1, " "1, " "1, " "1, " "1, " "1, " "1, " "1, " "1, " "1, " "1, " "1, " "1, " "1, " "1, " "1, " "1, " "1, " "1, " "1, " "1, " "1, " "1, " "1, " "1, " "1, " "1, " "1, " "1, " "1, " "1, " "1, " "1, " "1, " "1, " "1, " "1, " "1, " "1, " "1, " "1, " "1, " "1, " "1, " "1, " "1, " "1, " "1, " "1, " "1, " "1, " "1, " "1, " "1, " "1, " "1, " "1, " "1, " "1, " "1, " "1, " "1, " "1, " "1, " "1, " "1, " "1, " "1, " "1, " "1, " "1, " "1, " "1, " "1, " "1, " "1, " "1, " "1, " "1, " "1, " "1, " "1, " "1, " "1, " "1, " "1, " "1, " "1, " "1, " "1, " "1, " "1, " "1, " "1, " "1, " "1, " "1, " "1, " "1, " "1, " "1, " "1, " "1, " "1, " "1, " "1, " "1, " "1, " "1, " "1, " "1, " "1, " "1, " "1, " "1, " "1, " "1, " "1, " "1, " "1, " "1, " "1, " "1, " "1, " "1, " "1, " "1, " "1, " "1, " "1, " "1, " "1, " "1, " "1, " "1, " "1, " "1, " "1, " "1, " "1, " "1, " "1, " "1, " "1, " "1, " "1, " "1, " "1, " "1, " "1, " "1, " "1, " "1, " "1, " "1, " "1, " "1, " "1, " "1, " "1, " "1, " "1, " "1, " "1, " "1, " "1, " "1, " "1, " "1, " "1, " "1, " "1, " "1, " "1, " "1, " "1, " "1, " "1, " "1, " "1, " "1, " "1, " "1, " "1, " "1, " "1, " "1, " "1, " "1, " "1, " "1, " "1, " "1, " "1, " "1, " "1, " "1, " "1, " "1, " "1, " "1, " "1, " "1, " "1, " "1, " "1, " "1, " "1, " "1, " "1, " "1, " "1, " "1, " "1, " "1, " "1, " "1, " "1, " "1, " "1, " "1, " "1, " "1, " "1, " "1, " "1, " "1, " "1, " "1, " "1, " "1, " "1, " "1, " "1, " "1, " "1, " "1, " "1, " "1, " "1, " "1, " "0, " "1, " "1, " "1, " "1, " "1, " "1, " "1, " "1, " "1, " "1, " "1, " "1, " "1, " "1, " "1, " "1, " "1, " "1, " "1, " "1, " "1, " "1, " "1, " "1, " "1, " "1, " "1, " "1, " "1, " "1, " "1, " "1, " "1, " "1, " "1, " "1, " "1, " "1, " "1, " "1, " "1, " "1, " "1, " "1, " "1, " "1, " "1, " "1, " "1, " "1, " "1, " "1, " "1, " "1, " "1, " "1, " "1, " "1, " "1, " "1, " "1, " "1, " "1, " "1, " "1, " "1, " "1, " "1, " "1, " "1, " "1, " "1, " "1, " "1, " "1, " "1, " "1, " "1, " "1, " "1, " "1, " "1, " "1, " "1, " "1, " "1, " "1, " "1, " "1, " "1, " "1, " "1, " "1, " "1, " "1, " "1, " "1, " "1, " "1, " "1, " "1, " "1, " "1, " "1, " "1, " "1, " "1, " "1, " "1, " "1, " "1, " "1, " "1, " "1, " "1, " "1, " "1, " "1, " "1, " "1, " "1, " "1, " "1, " "1, " "1, " "1, "0
 "Nei387, 0.376, " "0.611, " "1, " "1, " "1, " "1, " "1, " "1, " "1, " "1, " "1, " "1, " "1, " "1, " "1, " "1, " "1, " "1, " "1, " "1, " "1, " "1, " "1, " "1, " "1, " "1, " "1, " "1, " "1, " "1, " "1, " "1, " "1, " "1, " "1, " "1, " "1, " "1, " "1, " "1, " "1, " "1, " "1, " "1, " "1, " "1, " "1, " "1, " "1, " "1, " "1, " "1, " "1, " "1, " "1, " "1, " "1, " "1, " "1, " "1, " "1, " "1, " "1, " "1, " "1, " "1, " "1, " "1, " "1, " "1, " "1, " "1, " "1, " "1, " "1, " "1, " "1, " "1, " "1, " "1, " "1, " "1, " "1, " "1, " "1, " "1, " "1, " "1, " "1, " "1, " "1, " "1, " "1, " "1, " "1, " "1, " "1, " "1, " "1, " "1, " "1, " "1, " "1, " "1, " "1, " "1, " "1, " "1, " "1, " "1, " "1, " "1, " "1, " "1, " "1, " "1, " "1, " "1, " "1, " "1, " "1, " "1, " "1, " "1, " "1, " "1, " "1, " "1, " "1, " "1, " "1, " "1, " "1, " "1, " "1, " "1, " "1, " "1, " "1, " "1, " "1, " "1, " "1, " "1, " "1, " "1, " "1, " "1, " "1, " "1, " "1, " "1, " "1, " "1, " "1, " "1, " "1, " "1, " "1, " "1, " "1, " "1, " "1, " "1, " "1, " "1, " "1, " "1, " "1, " "1, " "1, " "1, " "1, " "1, " "1, " "1, " "1, " "1, " "1, " "1, " "1, " "1, " "1, " "1, " "1, " "1, " "1, " "1, " "1, " "1, " "1, " "1, " "1, " "1, " "1, " "1, " "1, " "1, " "1, " "1, " "1, " "1, " "1, " "1, " "1, " "1, " "1, " "1, " "1, " "1, " "1, " "1, " "1, " "1, " "1, " "1, " "1, " "1, " "1, " "1, " "1, " "1, " "1, " "1, " "1, " "1, " "1, " "1, " "1, " "1, " "1, " "1, " "1, " "1, " "1, " "1, " "1, " "1, " "1, " "1, " "1, " "1, " "1, " "1, " "1, " "1, " "1, " "1, " "1, " "1, " "1, " "1, " "1, " "1, " "1, " "1, " "1, " "1, " "1, " "1, " "1, " "1, " "1, " "1, " "1, " "1, " "1, " "1, " "1, " "1, " "1, " "1, " "1, " "1, " "1, " "1, " "1, " "1, " "1, " "1, " "1, " "1, " "1, " "1, " "1, " "1, " "1, " "1, " "1, " "1, " "1, " "1, " "1, " "1, " "1, " "1, " "1, " "1, " "1, " "1, " "1, " "1, " "1, " "1, " "1, " "1, " "1, " "1, " "1, " "1, " "1, " "1, " "1, " "1, " "1, " "1, " "1, " "1, " "1, " "1, " "1, " "1, " "1, " "1, " "1, " "1, " "1, " "1, " "1, " "1, " "1, " "1, " "1, " "1, " "1, " "1, " "1, " "1, " "1, " "1, " "1, " "1, " "1, " "1, " "1, " "1, " "1, " "1, " "1, " "1, " "1, " "1, " "1, " "1, " "1, " "1, " "1, " "1, " "1, " "1, " "1, " "1, " "1, " "1, " "1, " "1, " "1, " "1, " "1, " "1, " "1, " "1, " "1, " "1, " "1, " "1, " "1, " "1, " "1, " "1, " "1, " "1, " "1, " "1, " "1, " "1, " "1, " "1, " "1, " "0, " "1, " "1, " "1, " "1, " "1, " "1, " "1, " "1, " "1, " "1, " "1, " "1, " "1, " "1, " "1, " "1, " "1, " "1, " "1, " "1, " "1, " "1, " "1, " "1, " "1, " "1, " "1, " "1, " "1, " "1, " "1, " "1, " "1, " "1, " "1, " "1, " "1, " "1, " "1, " "1, " "1, " "1, " "1, " "1, " "1, " "1, " "1, " "1, " "1, " "1, " "1, " "1, " "1, " "1, " "1, " "1, " "1, " "1, " "1, " "1, " "1, " "1, " "1, " "1, " "1, " "1, " "1, " "1, " "1, " "1, " "1, " "1, " "1, " "1, " "1, " "1, " "1, " "1, " "1, " "1, " "1, " "1, " "1, " "1, " "1, " "1, " "1, " "1, " "1, " "1, " "1, " "1, " "1, " "1, " "1, " "1, " "1, " "1, " "1, " "1, " "1, " "1, " "1, " "1, " "1, " "1, " "1, " "1, " "1, " "1, " "1, " "1, " "1, " "1, " "1, " "1, " "1, " "1, " "1, " "1, " "1, " "1, " "1, " "1, " "1, "0
 "Nei388, 0.364, " "0.653, " "1, " "1, " "1, " "1, " "1, " "1, " "1, " "1, " "1, " "1, " "1, " "1, " "1, " "1, " "1, " "1, " "1, " "1, " "1, " "1, " "1, " "1, " "1, " "1, " "1, " "1, " "1, " "1, " "1, " "1, " "1, " "1, " "1, " "1, " "1, " "1, " "1, " "1, " "1, " "1, " "1, " "1, " "1, " "1, " "1, " "1, " "1, " "1, " "1, " "1, " "1, " "1, " "1, " "1, " "1, " "1, " "1, " "1, " "1, " "1, " "1, " "1, " "1, " "1, " "1, " "1, " "1, " "1, " "1, " "1, " "1, " "1, " "1, " "1, " "1, " "1, " "1, " "1, " "1, " "1, " "1, " "1, " "1, " "1, " "1, " "1, " "1, " "1, " "1, " "1, " "1, " "1, " "1, " "1, " "1, " "1, " "1, " "1, " "1, " "1, " "1, " "1, " "1, " "1, " "1, " "1, " "1, " "1, " "1, " "1, " "1, " "1, " "1, " "1, " "1, " "1, " "1, " "1, " "1, " "1, " "1, " "1, " "1, " "1, " "1, " "1, " "1, " "1, " "1, " "1, " "1, " "1, " "1, " "1, " "1, " "1, " "1, " "1, " "1, " "1, " "1, " "1, " "1, " "1, " "1, " "1, " "1, " "1, " "1, " "1, " "1, " "1, " "1, " "1, " "1, " "1, " "1, " "1, " "1, " "1, " "1, " "1, " "1, " "1, " "1, " "1, " "1, " "1, " "1, " "1, " "1, " "1, " "1, " "1, " "1, " "1, " "1, " "1, " "1, " "1, " "1, " "1, " "1, " "1, " "1, " "1, " "1, " "1, " "1, " "1, " "1, " "1, " "1, " "1, " "1, " "1, " "1, " "1, " "1, " "1, " "1, " "1, " "1, " "1, " "1, " "1, " "1, " "1, " "1, " "1, " "1, " "1, " "1, " "1, " "1, " "1, " "1, " "1, " "1, " "1, " "1, " "1, " "1, " "1, " "1, " "1, " "1, " "1, " "1, " "1, " "1, " "1, " "1, " "1, " "1, " "1, " "1, " "1, " "1, " "1, " "1, " "1, " "1, " "1, " "1, " "1, " "1, " "1, " "1, " "1, " "1, " "1, " "1, " "1, " "1, " "1, " "1, " "1, " "1, " "1, " "1, " "1, " "1, " "1, " "1, " "1, " "1, " "1, " "1, " "1, " "1, " "1, " "1, " "1, " "1, " "1, " "1, " "1, " "1, " "1, " "1, " "1, " "1, " "1, " "1, " "1, " "1, " "1, " "1, " "1, " "1, " "1, " "1, " "1, " "1, " "1, " "1, " "1, " "1, " "1, " "1, " "1, " "1, " "1, " "1, " "1, " "1, " "1, " "1, " "1, " "1, " "1, " "1, " "1, " "1, " "1, " "1, " "1, " "1, " "1, " "1, " "1, " "1, " "1, " "1, " "1, " "1, " "1, " "1, " "1, " "1, " "1, " "1, " "1, " "1, " "1, " "1, " "1, " "1, " "1, " "1, " "1, " "1, " "1, " "1, " "1, " "1, " "1, " "1, " "1, " "1, " "1, " "1, " "1, " "1, " "1, " "1, " "1, " "1, " "1, " "1, " "1, " "1, " "1, " "1, " "1, " "1, " "1, " "1, " "1, " "1, " "1, " "1, " "1, " "1, " "1, " "1, " "1, " "1, " "1, " "1, " "1, " "1, " "1, " "1, " "1, " "1, " "1, " "0, " "1, " "1, " "1, " "1, " "1, " "1, " "1, " "1, " "1, " "1, " "1, " "1, " "1, " "1, " "1, " "1, " "1, " "1, " "1, " "1, " "1, " "1, " "1, " "1, " "1, " "1, " "1, " "1, " "1, " "1, " "1, " "1, " "1, " "1, " "1, " "1, " "1, " "1, " "1, " "1, " "1, " "1, " "1, " "1, " "1, " "1, " "1, " "1, " "1, " "1, " "1, " "1, " "1, " "1, " "1, " "1, " "1, " "1, " "1, " "1, " "1, " "1, " "1, " "1, " "1, " "1, " "1, " "1, " "1, " "1, " "1, " "1, " "1, " "1, " "1, " "1, " "1, " "1, " "1, " "1, " "1, " "1, " "1, " "1, " "1, " "1, " "1, " "1, " "1, " "1, " "1, " "1, " "1, " "1, " "1, " "1, " "1, " "1, " "1, " "1, " "1, " "1, " "1, " "1, " "1, " "1, " "1, " "1, " "1, " "1, " "1, " "1, " "1, " "1, " "1, " "1, " "1, " "1, " "1, " "1, " "1, " "1, " "1, " "1, "0
 "Nei389, 0.294, " "0.746, " "1, " "1, " "1, " "1, " "1, " "1, " "1, " "1, " "1, " "1, " "1, " "1, " "1, " "1, " "1, " "1, " "1, " "1, " "1, " "1, " "1, " "1, " "1, " "1, " "1, " "1, " "1, " "1, " "1, " "1, " "1, " "1, " "1, " "1, " "1, " "1, " "1, " "1, " "1, " "1, " "1, " "1, " "1, " "1, " "1, " "1, " "1, " "1, " "1, " "1, " "1, " "1, " "1, " "1, " "1, " "1, " "1, " "1, " "1, " "1, " "1, " "1, " "1, " "1, " "1, " "1, " "1, " "1, " "1, " "1, " "1, " "1, " "1, " "1, " "1, " "1, " "1, " "1, " "1, " "1, " "1, " "1, " "1, " "1, " "1, " "1, " "1, " "1, " "1, " "1, " "1, " "1, " "1, " "1, " "1, " "1, " "1, " "1, " "1, " "1, " "1, " "1, " "1, " "1, " "1, " "1, " "1, " "1, " "1, " "1, " "1, " "1, " "1, " "1, " "1, " "1, " "1, " "1, " "1, " "1, " "1, " "1, " "1, " "1, " "1, " "1, " "1, " "1, " "1, " "1, " "1, " "1, " "1, " "1, " "1, " "1, " "1, " "1, " "1, " "1, " "1, " "1, " "1, " "1, " "1, " "1, " "1, " "1, " "1, " "1, " "1, " "1, " "1, " "1, " "1, " "1, " "1, " "1, " "1, " "1, " "1, " "1, " "1, " "1, " "1, " "1, " "1, " "1, " "1, " "1, " "1, " "1, " "1, " "1, " "1, " "1, " "1, " "1, " "1, " "1, " "1, " "1, " "1, " "1, " "1, " "1, " "1, " "1, " "1, " "1, " "1, " "1, " "1, " "1, " "1, " "1, " "1, " "1, " "1, " "1, " "1, " "1, " "1, " "1, " "1, " "1, " "1, " "1, " "1, " "1, " "1, " "1, " "1, " "1, " "1, " "1, " "1, " "1, " "1, " "1, " "1, " "1, " "1, " "1, " "1, " "1, " "1, " "1, " "1, " "1, " "1, " "1, " "1, " "1, " "1, " "1, " "1, " "1, " "1, " "1, " "1, " "1, " "1, " "1, " "1, " "1, " "1, " "1, " "1, " "1, " "1, " "1, " "1, " "1, " "1, " "1, " "1, " "1, " "1, " "1, " "1, " "1, " "1, " "1, " "1, " "1, " "1, " "1, " "1, " "1, " "1, " "1, " "1, " "1, " "1, " "1, " "1, " "1, " "1, " "1, " "1, " "1, " "1, " "1, " "1, " "1, " "1, " "1, " "1, " "1, " "1, " "1, " "1, " "1, " "1, " "1, " "1, " "1, " "1, " "1, " "1, " "1, " "1, " "1, " "1, " "1, " "1, " "1, " "1, " "1, " "1, " "1, " "1, " "1, " "1, " "1, " "1, " "1, " "1, " "1, " "1, " "1, " "1, " "1, " "1, " "1, " "1, " "1, " "1, " "1, " "1, " "1, " "1, " "1, " "1, " "1, " "1, " "1, " "1, " "1, " "1, " "1, " "1, " "1, " "1, " "1, " "1, " "1, " "1, " "1, " "1, " "1, " "1, " "1, " "1, " "1, " "1, " "1, " "1, " "1, " "1, " "1, " "1, " "1, " "1, " "1, " "1, " "1, " "1, " "1, " "1, " "1, " "1, " "1, " "1, " "1, " "1, " "1, " "1, " "1, " "1, " "1, " "1, " "1, " "1, " "1, " "1, " "1, " "1, " "0, " "1, " "1, " "1, " "1, " "1, " "1, " "1, " "1, " "1, " "1, " "1, " "1, " "1, " "1, " "1, " "1, " "1, " "1, " "1, " "1, " "1, " "1, " "1, " "1, " "1, " "1, " "1, " "1, " "1, " "1, " "1, " "1, " "1, " "1, " "1, " "1, " "1, " "1, " "1, " "1, " "1, " "1, " "1, " "1, " "1, " "1, " "1, " "1, " "1, " "1, " "1, " "1, " "1, " "1, " "1, " "1, " "1, " "1, " "1, " "1, " "1, " "1, " "1, " "1, " "1, " "1, " "1, " "1, " "1, " "1, " "1, " "1, " "1, " "1, " "1, " "1, " "1, " "1, " "1, " "1, " "1, " "1, " "1, " "1, " "1, " "1, " "1, " "1, " "1, " "1, " "1, " "1, " "1, " "1, " "1, " "1, " "1, " "1, " "1, " "1, " "1, " "1, " "1, " "1, " "1, " "1, " "1, " "1, " "1, " "1, " "1, " "1, " "1, " "1, " "1, " "1, " "1, " "1, " "1, " "1, " "1, " "1, " "1, "0
 "Nei390, 0.206, " "-0.605, " "1, " "1, " "1, " "1, " "1, " "1, " "1, " "1, " "1, " "1, " "1, " "1, " "1, " "1, " "1, " "1, " "1, " "1, " "1, " "1, " "1, " "1, " "1, " "1, " "1, " "1, " "1, " "1, " "1, " "1, " "1, " "1, " "1, " "1, " "1, " "1, " "1, " "1, " "1, " "1, " "1, " "1, " "1, " "1, " "1, " "1, " "1, " "1, " "1, " "1, " "1, " "1, " "1, " "1, " "1, " "1, " "1, " "1, " "1, " "1, " "1, " "1, " "1, " "1, " "1, " "1, " "1, " "1, " "1, " "1, " "1, " "1, " "1, " "1, " "1, " "1, " "1, " "1, " "1, " "1, " "1, " "1, " "1, " "1, " "1, " "1, " "1, " "1, " "1, " "1, " "1, " "1, " "1, " "1, " "1, " "1, " "1, " "1, " "1, " "1, " "1, " "1, " "1, " "1, " "1, " "1, " "1, " "1, " "1, " "1, " "1, " "1, " "1, " "1, " "1, " "1, " "1, " "1, " "1, " "1, " "1, " "1, " "1, " "1, " "1, " "1, " "1, " "1, " "1, " "1, " "1, " "1, " "1, " "1, " "1, " "1, " "1, " "1, " "1, " "1, " "1, " "1, " "1, " "1, " "1, " "1, " "1, " "1, " "1, " "1, " "1, " "1, " "1, " "1, " "1, " "1, " "1, " "1, " "1, " "1, " "1, " "1, " "1, " "1, " "1, " "1, " "1, " "1, " "1, " "1, " "1, " "1, " "1, " "1, " "1, " "1, " "1, " "1, " "1, " "1, " "1, " "1, " "1, " "1, " "1, " "1, " "1, " "1, " "1, " "1, " "1, " "1, " "1, " "1, " "1, " "1, " "1, " "1, " "1, " "1, " "1, " "1, " "1, " "1, " "1, " "1, " "1, " "1, " "1, " "1, " "1, " "1, " "1, " "1, " "1, " "1, " "1, " "1, " "1, " "1, " "1, " "1, " "1, " "1, " "1, " "1, " "1, " "1, " "1, " "1, " "1, " "1, " "1, " "1, " "1, " "1, " "1, " "1, " "1, " "1, " "1, " "1, " "1, " "1, " "1, " "1, " "1, " "1, " "1, " "1, " "1, " "1, " "1, " "1, " "1, " "1, " "1, " "1, " "1, " "1, " "1, " "1, " "1, " "1, " "1, " "1, " "1, " "1, " "1, " "1, " "1, " "1, " "1, " "1, " "1, " "1, " "1, " "1, " "1, " "1, " "1, " "1, " "1, " "1, " "1, " "1, " "1, " "1, " "1, " "1, " "1, " "1, " "1, " "1, " "1, " "1, " "1, " "1, " "1, " "1, " "1, " "1, " "1, " "1, " "1, " "1, " "1, " "1, " "1, " "1, " "1, " "1, " "1, " "1, " "1, " "1, " "1, " "1, " "1, " "1, " "1, " "1, " "1, " "1, " "1, " "1, " "1, " "1, " "1, " "1, " "1, " "1, " "1, " "1, " "1, " "1, " "1, " "1, " "1, " "1, " "1, " "1, " "1, " "1, " "1, " "1, " "1, " "1, " "1, " "1, " "1, " "1, " "1, " "1, " "1, " "1, " "1, " "1, " "1, " "1, " "1, " "1, " "1, " "1, " "1, " "1, " "1, " "1, " "1, " "1, " "1, " "1, " "1, " "1, " "1, " "1, " "1, " "1, " "1, " "1, " "1, " "1, " "1, " "1, " "1, " "1, " "1, " "1, " "1, " "1, " "0, " "1, " "1, " "1, " "1, " "1, " "1, " "1, " "1, " "1, " "1, " "1, " "1, " "1, " "1, " "1, " "1, " "1, " "1, " "1, " "1, " "1, " "1, " "1, " "1, " "1, " "1, " "1, " "1, " "1, " "1, " "1, " "1, " "1, " "1, " "1, " "1, " "1, " "1, " "1, " "1, " "1, " "1, " "1, " "1, " "1, " "1, " "1, " "1, " "1, " "1, " "1, " "1, " "1, " "1, " "1, " "1, " "1, " "1, " "1, " "1, " "1, " "1, " "1, " "1, " "1, " "1, " "1, " "1, " "1, " "1, " "1, " "1, " "1, " "1, " "1, " "1, " "1, " "1, " "1, " "1, " "1, " "1, " "1, " "1, " "1, " "1, " "1, " "1, " "1, " "1, " "1, " "1, " "1, " "1, " "1, " "1, " "1, " "1, " "1, " "1, " "1, " "1, " "1, " "1, " "1, " "1, " "1, " "1, " "1, " "1, " "1, " "1, " "1, " "1, " "1, " "1, " "1, " "1, " "1, " "1, " "1, " "1, "0
 "Nei391, 0.33, " "-0.001, " "1, " "1, " "1, " "1, " "1, " "1, " "1, " "1, " "1, " "1, " "1, " "1, " "1, " "1, " "1, " "1, " "1, " "1, " "1, " "1, " "1, " "1, " "1, " "1, " "1, " "1, " "1, " "1, " "1, " "1, " "1, " "1, " "1, " "1, " "1, " "1, " "1, " "1, " "1, " "1, " "1, " "1, " "1, " "1, " "1, " "1, " "1, " "1, " "1, " "1, " "1, " "1, " "1, " "1, " "1, " "1, " "1, " "1, " "1, " "1, " "1, " "1, " "1, " "1, " "1, " "1, " "1, " "1, " "1, " "1, " "1, " "1, " "1, " "1, " "1, " "1, " "1, " "1, " "1, " "1, " "1, " "1, " "1, " "1, " "1, " "1, " "1, " "1, " "1, " "1, " "1, " "1, " "1, " "1, " "1, " "1, " "1, " "1, " "1, " "1, " "1, " "1, " "1, " "1, " "1, " "1, " "1, " "1, " "1, " "1, " "1, " "1, " "1, " "1, " "1, " "1, " "1, " "1, " "1, " "1, " "1, " "1, " "1, " "1, " "1, " "1, " "1, " "1, " "1, " "1, " "1, " "1, " "1, " "1, " "1, " "1, " "1, " "1, " "1, " "1, " "1, " "1, " "1, " "1, " "1, " "1, " "1, " "1, " "1, " "1, " "1, " "1, " "1, " "1, " "1, " "1, " "1, " "1, " "1, " "1, " "1, " "1, " "1, " "1, " "1, " "1, " "1, " "1, " "1, " "1, " "1, " "1, " "1, " "1, " "1, " "1, " "1, " "1, " "1, " "1, " "1, " "1, " "1, " "1, " "1, " "1, " "1, " "1, " "1, " "1, " "1, " "1, " "1, " "1, " "1, " "1, " "1, " "1, " "1, " "1, " "1, " "1, " "1, " "1, " "1, " "1, " "1, " "1, " "1, " "1, " "1, " "1, " "1, " "1, " "1, " "1, " "1, " "1, " "1, " "1, " "1, " "1, " "1, " "1, " "1, " "1, " "1, " "1, " "1, " "1, " "1, " "1, " "1, " "1, " "1, " "1, " "1, " "1, " "1, " "1, " "1, " "1, " "1, " "1, " "1, " "1, " "1, " "1, " "1, " "1, " "1, " "1, " "1, " "1, " "1, " "1, " "1, " "1, " "1, " "1, " "1, " "1, " "1, " "1, " "1, " "1, " "1, " "1, " "1, " "1, " "1, " "1, " "1, " "1, " "1, " "1, " "1, " "1, " "1, " "1, " "1, " "1, " "1, " "1, " "1, " "1, " "1, " "1, " "1, " "1, " "1, " "1, " "1, " "1, " "1, " "1, " "1, " "1, " "1, " "1, " "1, " "1, " "1, " "1, " "1, " "1, " "1, " "1, " "1, " "1, " "1, " "1, " "1, " "1, " "1, " "1, " "1, " "1, " "1, " "1, " "1, " "1, " "1, " "1, " "1, " "1, " "1, " "1, " "1, " "1, " "1, " "1, " "1, " "1, " "1, " "1, " "1, " "1, " "1, " "1, " "1, " "1, " "1, " "1, " "1, " "1, " "1, " "1, " "1, " "1, " "1, " "1, " "1, " "1, " "1, " "1, " "1, " "1, " "1, " "1, " "1, " "1, " "1, " "1, " "1, " "1, " "1, " "1, " "1, " "1, " "1, " "1, " "1, " "1, " "1, " "1, " "1, " "1, " "1, " "1, " "1, " "1, " "1, " "1, " "1, " "1, " "1, " "1, " "1, " "1, " "1, " "0, " "1, " "1, " "1, " "1, " "1, " "1, " "1, " "1, " "1, " "1, " "1, " "1, " "1, " "1, " "1, " "1, " "1, " "1, " "1, " "1, " "1, " "1, " "1, " "1, " "1, " "1, " "1, " "1, " "1, " "1, " "1, " "1, " "1, " "1, " "1, " "1, " "1, " "1, " "1, " "1, " "1, " "1, " "1, " "1, " "1, " "1, " "1, " "1, " "1, " "1, " "1, " "1, " "1, " "1, " "1, " "1, " "1, " "1, " "1, " "1, " "1, " "1, " "1, " "1, " "1, " "1, " "1, " "1, " "1, " "1, " "1, " "1, " "1, " "1, " "1, " "1, " "1, " "1, " "1, " "1, " "1, " "1, " "1, " "1, " "1, " "1, " "1, " "1, " "1, " "1, " "1, " "1, " "1, " "1, " "1, " "1, " "1, " "1, " "1, " "1, " "1, " "1, " "1, " "1, " "1, " "1, " "1, " "1, " "1, " "1, " "1, " "1, " "1, " "1, " "1, " "1, " "1, " "1, " "1, " "1, " "1, "0
 "Nei392, 0.27, " "-0.641, " "1, " "1, " "1, " "1, " "1, " "1, " "1, " "1, " "1, " "1, " "1, " "1, " "1, " "1, " "1, " "1, " "1, " "1, " "1, " "1, " "1, " "1, " "1, " "1, " "1, " "1, " "1, " "1, " "1, " "1, " "1, " "1, " "1, " "1, " "1, " "1, " "1, " "1, " "1, " "1, " "1, " "1, " "1, " "1, " "1, " "1, " "1, " "1, " "1, " "1, " "1, " "1, " "1, " "1, " "1, " "1, " "1, " "1, " "1, " "1, " "1, " "1, " "1, " "1, " "1, " "1, " "1, " "1, " "1, " "1, " "1, " "1, " "1, " "1, " "1, " "1, " "1, " "1, " "1, " "1, " "1, " "1, " "1, " "1, " "1, " "1, " "1, " "1, " "1, " "1, " "1, " "1, " "1, " "1, " "1, " "1, " "1, " "1, " "1, " "1, " "1, " "1, " "1, " "1, " "1, " "1, " "1, " "1, " "1, " "1, " "1, " "1, " "1, " "1, " "1, " "1, " "1, " "1, " "1, " "1, " "1, " "1, " "1, " "1, " "1, " "1, " "1, " "1, " "1, " "1, " "1, " "1, " "1, " "1, " "1, " "1, " "1, " "1, " "1, " "1, " "1, " "1, " "1, " "1, " "1, " "1, " "1, " "1, " "1, " "1, " "1, " "1, " "1, " "1, " "1, " "1, " "1, " "1, " "1, " "1, " "1, " "1, " "1, " "1, " "1, " "1, " "1, " "1, " "1, " "1, " "1, " "1, " "1, " "1, " "1, " "1, " "1, " "1, " "1, " "1, " "1, " "1, " "1, " "1, " "1, " "1, " "1, " "1, " "1, " "1, " "1, " "1, " "1, " "1, " "1, " "1, " "1, " "1, " "1, " "1, " "1, " "1, " "1, " "1, " "1, " "1, " "1, " "1, " "1, " "1, " "1, " "1, " "1, " "1, " "1, " "1, " "1, " "1, " "1, " "1, " "1, " "1, " "1, " "1, " "1, " "1, " "1, " "1, " "1, " "1, " "1, " "1, " "1, " "1, " "1, " "1, " "1, " "1, " "1, " "1, " "1, " "1, " "1, " "1, " "1, " "1, " "1, " "1, " "1, " "1, " "1, " "1, " "1, " "1, " "1, " "1, " "1, " "1, " "1, " "1, " "1, " "1, " "1, " "1, " "1, " "1, " "1, " "1, " "1, " "1, " "1, " "1, " "1, " "1, " "1, " "1, " "1, " "1, " "1, " "1, " "1, " "1, " "1, " "1, " "1, " "1, " "1, " "1, " "1, " "1, " "1, " "1, " "1, " "1, " "1, " "1, " "1, " "1, " "1, " "1, " "1, " "1, " "1, " "1, " "1, " "1, " "1, " "1, " "1, " "1, " "1, " "1, " "1, " "1, " "1, " "1, " "1, " "1, " "1, " "1, " "1, " "1, " "1, " "1, " "1, " "1, " "1, " "1, " "1, " "1, " "1, " "1, " "1, " "1, " "1, " "1, " "1, " "1, " "1, " "1, " "1, " "1, " "1, " "1, " "1, " "1, " "1, " "1, " "1, " "1, " "1, " "1, " "1, " "1, " "1, " "1, " "1, " "1, " "1, " "1, " "1, " "1, " "1, " "1, " "1, " "1, " "1, " "1, " "1, " "1, " "1, " "1, " "1, " "1, " "1, " "1, " "1, " "1, " "1, " "1, " "1, " "1, " "1, " "1, " "1, " "1, " "1, " "1, " "1, " "1, " "1, " "1, " "0, " "1, " "1, " "1, " "1, " "1, " "1, " "1, " "1, " "1, " "1, " "1, " "1, " "1, " "1, " "1, " "1, " "1, " "1, " "1, " "1, " "1, " "1, " "1, " "1, " "1, " "1, " "1, " "1, " "1, " "1, " "1, " "1, " "1, " "1, " "1, " "1, " "1, " "1, " "1, " "1, " "1, " "1, " "1, " "1, " "1, " "1, " "1, " "1, " "1, " "1, " "1, " "1, " "1, " "1, " "1, " "1, " "1, " "1, " "1, " "1, " "1, " "1, " "1, " "1, " "1, " "1, " "1, " "1, " "1, " "1, " "1, " "1, " "1, " "1, " "1, " "1, " "1, " "1, " "1, " "1, " "1, " "1, " "1, " "1, " "1, " "1, " "1, " "1, " "1, " "1, " "1, " "1, " "1, " "1, " "1, " "1, " "1, " "1, " "1, " "1, " "1, " "1, " "1, " "1, " "1, " "1, " "1, " "1, " "1, " "1, " "1, " "1, " "1, " "1, " "1, " "1, " "1, " "1, " "1, " "1, "0
 "Nei393, 0.356, " "-0.163, " "1, " "1, " "1, " "1, " "1, " "1, " "1, " "1, " "1, " "1, " "1, " "1, " "1, " "1, " "1, " "1, " "1, " "1, " "1, " "1, " "1, " "1, " "1, " "1, " "1, " "1, " "1, " "1, " "1, " "1, " "1, " "1, " "1, " "1, " "1, " "1, " "1, " "1, " "1, " "1, " "1, " "1, " "1, " "1, " "1, " "1, " "1, " "1, " "1, " "1, " "1, " "1, " "1, " "1, " "1, " "1, " "1, " "1, " "1, " "1, " "1, " "1, " "1, " "1, " "1, " "1, " "1, " "1, " "1, " "1, " "1, " "1, " "1, " "1, " "1, " "1, " "1, " "1, " "1, " "1, " "1, " "1, " "1, " "1, " "1, " "1, " "1, " "1, " "1, " "1, " "1, " "1, " "1, " "1, " "1, " "1, " "1, " "1, " "1, " "1, " "1, " "1, " "1, " "1, " "1, " "1, " "1, " "1, " "1, " "1, " "1, " "1, " "1, " "1, " "1, " "1, " "1, " "1, " "1, " "1, " "1, " "1, " "1, " "1, " "1, " "1, " "1, " "1, " "1, " "1, " "1, " "1, " "1, " "1, " "1, " "1, " "1, " "1, " "1, " "1, " "1, " "1, " "1, " "1, " "1, " "1, " "1, " "1, " "1, " "1, " "1, " "1, " "1, " "1, " "1, " "1, " "1, " "1, " "1, " "1, " "1, " "1, " "1, " "1, " "1, " "1, " "1, " "1, " "1, " "1, " "1, " "1, " "1, " "1, " "1, " "1, " "1, " "1, " "1, " "1, " "1, " "1, " "1, " "1, " "1, " "1, " "1, " "1, " "1, " "1, " "1, " "1, " "1, " "1, " "1, " "1, " "1, " "1, " "1, " "1, " "1, " "1, " "1, " "1, " "1, " "1, " "1, " "1, " "1, " "1, " "1, " "1, " "1, " "1, " "1, " "1, " "1, " "1, " "1, " "1, " "1, " "1, " "1, " "1, " "1, " "1, " "1, " "1, " "1, " "1, " "1, " "1, " "1, " "1, " "1, " "1, " "1, " "1, " "1, " "1, " "1, " "1, " "1, " "1, " "1, " "1, " "1, " "1, " "1, " "1, " "1, " "1, " "1, " "1, " "1, " "1, " "1, " "1, " "1, " "1, " "1, " "1, " "1, " "1, " "1, " "1, " "1, " "1, " "1, " "1, " "1, " "1, " "1, " "1, " "1, " "1, " "1, " "1, " "1, " "1, " "1, " "1, " "1, " "1, " "1, " "1, " "1, " "1, " "1, " "1, " "1, " "1, " "1, " "1, " "1, " "1, " "1, " "1, " "1, " "1, " "1, " "1, " "1, " "1, " "1, " "1, " "1, " "1, " "1, " "1, " "1, " "1, " "1, " "1, " "1, " "1, " "1, " "1, " "1, " "1, " "1, " "1, " "1, " "1, " "1, " "1, " "1, " "1, " "1, " "1, " "1, " "1, " "1, " "1, " "1, " "1, " "1, " "1, " "1, " "1, " "1, " "1, " "1, " "1, " "1, " "1, " "1, " "1, " "1, " "1, " "1, " "1, " "1, " "1, " "1, " "1, " "1, " "1, " "1, " "1, " "1, " "1, " "1, " "1, " "1, " "1, " "1, " "1, " "1, " "1, " "1, " "1, " "1, " "1, " "1, " "1, " "1, " "1, " "1, " "1, " "1, " "1, " "1, " "1, " "1, " "1, " "1, " "1, " "1, " "1, " "1, " "1, " "1, " "0, " "1, " "1, " "1, " "1, " "1, " "1, " "1, " "1, " "1, " "1, " "1, " "1, " "1, " "1, " "1, " "1, " "1, " "1, " "1, " "1, " "1, " "1, " "1, " "1, " "1, " "1, " "1, " "1, " "1, " "1, " "1, " "1, " "1, " "1, " "1, " "1, " "1, " "1, " "1, " "1, " "1, " "1, " "1, " "1, " "1, " "1, " "1, " "1, " "1, " "1, " "1, " "1, " "1, " "1, " "1, " "1, " "1, " "1, " "1, " "1, " "1, " "1, " "1, " "1, " "1, " "1, " "1, " "1, " "1, " "1, " "1, " "1, " "1, " "1, " "1, " "1, " "1, " "1, " "1, " "1, " "1, " "1, " "1, " "1, " "1, " "1, " "1, " "1, " "1, " "1, " "1, " "1, " "1, " "1, " "1, " "1, " "1, " "1, " "1, " "1, " "1, " "1, " "1, " "1, " "1, " "1, " "1, " "1, " "1, " "1, " "1, " "1, " "1, " "1, " "1, " "1, " "1, " "1, " "1, "0
 "Nei394, 0.233, " "-0.352, " "1, " "1, " "1, " "1, " "1, " "1, " "1, " "1, " "1, " "1, " "1, " "1, " "1, " "1, " "1, " "1, " "1, " "1, " "1, " "1, " "1, " "1, " "1, " "1, " "1, " "1, " "1, " "1, " "1, " "1, " "1, " "1, " "1, " "1, " "1, " "1, " "1, " "1, " "1, " "1, " "1, " "1, " "1, " "1, " "1, " "1, " "1, " "1, " "1, " "1, " "1, " "1, " "1, " "1, " "1, " "1, " "1, " "1, " "1, " "1, " "1, " "1, " "1, " "1, " "1, " "1, " "1, " "1, " "1, " "1, " "1, " "1, " "1, " "1, " "1, " "1, " "1, " "1, " "1, " "1, " "1, " "1, " "1, " "1, " "1, " "1, " "1, " "1, " "1, " "1, " "1, " "1, " "1, " "1, " "1, " "1, " "1, " "1, " "1, " "1, " "1, " "1, " "1, " "1, " "1, " "1, " "1, " "1, " "1, " "1, " "1, " "1, " "1, " "1, " "1, " "1, " "1, " "1, " "1, " "1, " "1, " "1, " "1, " "1, " "1, " "1, " "1, " "1, " "1, " "1, " "1, " "1, " "1, " "1, " "1, " "1, " "1, " "1, " "1, " "1, " "1, " "1, " "1, " "1, " "1, " "1, " "1, " "1, " "1, " "1, " "1, " "1, " "1, " "1, " "1, " "1, " "1, " "1, " "1, " "1, " "1, " "1, " "1, " "1, " "1, " "1, " "1, " "1, " "1, " "1, " "1, " "1, " "1, " "1, " "1, " "1, " "1, " "1, " "1, " "1, " "1, " "1, " "1, " "1, " "1, " "1, " "1, " "1, " "1, " "1, " "1, " "1, " "1, " "1, " "1, " "1, " "1, " "1, " "1, " "1, " "1, " "1, " "1, " "1, " "1, " "1, " "1, " "1, " "1, " "1, " "1, " "1, " "1, " "1, " "1, " "1, " "1, " "1, " "1, " "1, " "1, " "1, " "1, " "1, " "1, " "1, " "1, " "1, " "1, " "1, " "1, " "1, " "1, " "1, " "1, " "1, " "1, " "1, " "1, " "1, " "1, " "1, " "1, " "1, " "1, " "1, " "1, " "1, " "1, " "1, " "1, " "1, " "1, " "1, " "1, " "1, " "1, " "1, " "1, " "1, " "1, " "1, " "1, " "1, " "1, " "1, " "1, " "1, " "1, " "1, " "1, " "1, " "1, " "1, " "1, " "1, " "1, " "1, " "1, " "1, " "1, " "1, " "1, " "1, " "1, " "1, " "1, " "1, " "1, " "1, " "1, " "1, " "1, " "1, " "1, " "1, " "1, " "1, " "1, " "1, " "1, " "1, " "1, " "1, " "1, " "1, " "1, " "1, " "1, " "1, " "1, " "1, " "1, " "1, " "1, " "1, " "1, " "1, " "1, " "1, " "1, " "1, " "1, " "1, " "1, " "1, " "1, " "1, " "1, " "1, " "1, " "1, " "1, " "1, " "1, " "1, " "1, " "1, " "1, " "1, " "1, " "1, " "1, " "1, " "1, " "1, " "1, " "1, " "1, " "1, " "1, " "1, " "1, " "1, " "1, " "1, " "1, " "1, " "1, " "1, " "1, " "1, " "1, " "1, " "1, " "1, " "1, " "1, " "1, " "1, " "1, " "1, " "1, " "1, " "1, " "1, " "1, " "1, " "1, " "1, " "1, " "1, " "1, " "1, " "1, " "1, " "1, " "1, " "1, " "1, " "1, " "1, " "1, " "1, " "0, " "1, " "1, " "1, " "1, " "1, " "1, " "1, " "1, " "1, " "1, " "1, " "1, " "1, " "1, " "1, " "1, " "1, " "1, " "1, " "1, " "1, " "1, " "1, " "1, " "1, " "1, " "1, " "1, " "1, " "1, " "1, " "1, " "1, " "1, " "1, " "1, " "1, " "1, " "1, " "1, " "1, " "1, " "1, " "1, " "1, " "1, " "1, " "1, " "1, " "1, " "1, " "1, " "1, " "1, " "1, " "1, " "1, " "1, " "1, " "1, " "1, " "1, " "1, " "1, " "1, " "1, " "1, " "1, " "1, " "1, " "1, " "1, " "1, " "1, " "1, " "1, " "1, " "1, " "1, " "1, " "1, " "1, " "1, " "1, " "1, " "1, " "1, " "1, " "1, " "1, " "1, " "1, " "1, " "1, " "1, " "1, " "1, " "1, " "1, " "1, " "1, " "1, " "1, " "1, " "1, " "1, " "1, " "1, " "1, " "1, " "1, " "1, " "1, " "1, " "1, " "1, " "1, " "1, "0
 "Nei395, 0.28, " "-0.715, " "1, " "1, " "1, " "1, " "1, " "1, " "1, " "1, " "1, " "1, " "1, " "1, " "1, " "1, " "1, " "1, " "1, " "1, " "1, " "1, " "1, " "1, " "1, " "1, " "1, " "1, " "1, " "1, " "1, " "1, " "1, " "1, " "1, " "1, " "1, " "1, " "1, " "1, " "1, " "1, " "1, " "1, " "1, " "1, " "1, " "1, " "1, " "1, " "1, " "1, " "1, " "1, " "1, " "1, " "1, " "1, " "1, " "1, " "1, " "1, " "1, " "1, " "1, " "1, " "1, " "1, " "1, " "1, " "1, " "1, " "1, " "1, " "1, " "1, " "1, " "1, " "1, " "1, " "1, " "1, " "1, " "1, " "1, " "1, " "1, " "1, " "1, " "1, " "1, " "1, " "1, " "1, " "1, " "1, " "1, " "1, " "1, " "1, " "1, " "1, " "1, " "1, " "1, " "1, " "1, " "1, " "1, " "1, " "1, " "1, " "1, " "1, " "1, " "1, " "1, " "1, " "1, " "1, " "1, " "1, " "1, " "1, " "1, " "1, " "1, " "1, " "1, " "1, " "1, " "1, " "1, " "1, " "1, " "1, " "1, " "1, " "1, " "1, " "1, " "1, " "1, " "1, " "1, " "1, " "1, " "1, " "1, " "1, " "1, " "1, " "1, " "1, " "1, " "1, " "1, " "1, " "1, " "1, " "1, " "1, " "1, " "1, " "1, " "1, " "1, " "1, " "1, " "1, " "1, " "1, " "1, " "1, " "1, " "1, " "1, " "1, " "1, " "1, " "1, " "1, " "1, " "1, " "1, " "1, " "1, " "1, " "1, " "1, " "1, " "1, " "1, " "1, " "1, " "1, " "1, " "1, " "1, " "1, " "1, " "1, " "1, " "1, " "1, " "1, " "1, " "1, " "1, " "1, " "1, " "1, " "1, " "1, " "1, " "1, " "1, " "1, " "1, " "1, " "1, " "1, " "1, " "1, " "1, " "1, " "1, " "1, " "1, " "1, " "1, " "1, " "1, " "1, " "1, " "1, " "1, " "1, " "1, " "1, " "1, " "1, " "1, " "1, " "1, " "1, " "1, " "1, " "1, " "1, " "1, " "1, " "1, " "1, " "1, " "1, " "1, " "1, " "1, " "1, " "1, " "1, " "1, " "1, " "1, " "1, " "1, " "1, " "1, " "1, " "1, " "1, " "1, " "1, " "1, " "1, " "1, " "1, " "1, " "1, " "1, " "1, " "1, " "1, " "1, " "1, " "1, " "1, " "1, " "1, " "1, " "1, " "1, " "1, " "1, " "1, " "1, " "1, " "1, " "1, " "1, " "1, " "1, " "1, " "1, " "1, " "1, " "1, " "1, " "1, " "1, " "1, " "1, " "1, " "1, " "1, " "1, " "1, " "1, " "1, " "1, " "1, " "1, " "1, " "1, " "1, " "1, " "1, " "1, " "1, " "1, " "1, " "1, " "1, " "1, " "1, " "1, " "1, " "1, " "1, " "1, " "1, " "1, " "1, " "1, " "1, " "1, " "1, " "1, " "1, " "1, " "1, " "1, " "1, " "1, " "1, " "1, " "1, " "1, " "1, " "1, " "1, " "1, " "1, " "1, " "1, " "1, " "1, " "1, " "1, " "1, " "1, " "1, " "1, " "1, " "1, " "1, " "1, " "1, " "1, " "1, " "1, " "1, " "1, " "1, " "1, " "1, " "1, " "1, " "1, " "1, " "1, " "1, " "1, " "1, " "1, " "1, " "0, " "1, " "1, " "1, " "1, " "1, " "1, " "1, " "1, " "1, " "1, " "1, " "1, " "1, " "1, " "1, " "1, " "1, " "1, " "1, " "1, " "1, " "1, " "1, " "1, " "1, " "1, " "1, " "1, " "1, " "1, " "1, " "1, " "1, " "1, " "1, " "1, " "1, " "1, " "1, " "1, " "1, " "1, " "1, " "1, " "1, " "1, " "1, " "1, " "1, " "1, " "1, " "1, " "1, " "1, " "1, " "1, " "1, " "1, " "1, " "1, " "1, " "1, " "1, " "1, " "1, " "1, " "1, " "1, " "1, " "1, " "1, " "1, " "1, " "1, " "1, " "1, " "1, " "1, " "1, " "1, " "1, " "1, " "1, " "1, " "1, " "1, " "1, " "1, " "1, " "1, " "1, " "1, " "1, " "1, " "1, " "1, " "1, " "1, " "1, " "1, " "1, " "1, " "1, " "1, " "1, " "1, " "1, " "1, " "1, " "1, " "1, " "1, " "1, " "1, " "1, " "1, " "1, "0
 "Nei396, 0.37, " "-0.363, " "1, " "1, " "1, " "1, " "1, " "1, " "1, " "1, " "1, " "1, " "1, " "1, " "1, " "1, " "1, " "1, " "1, " "1, " "1, " "1, " "1, " "1, " "1, " "1, " "1, " "1, " "1, " "1, " "1, " "1, " "1, " "1, " "1, " "1, " "1, " "1, " "1, " "1, " "1, " "1, " "1, " "1, " "1, " "1, " "1, " "1, " "1, " "1, " "1, " "1, " "1, " "1, " "1, " "1, " "1, " "1, " "1, " "1, " "1, " "1, " "1, " "1, " "1, " "1, " "1, " "1, " "1, " "1, " "1, " "1, " "1, " "1, " "1, " "1, " "1, " "1, " "1, " "1, " "1, " "1, " "1, " "1, " "1, " "1, " "1, " "1, " "1, " "1, " "1, " "1, " "1, " "1, " "1, " "1, " "1, " "1, " "1, " "1, " "1, " "1, " "1, " "1, " "1, " "1, " "1, " "1, " "1, " "1, " "1, " "1, " "1, " "1, " "1, " "1, " "1, " "1, " "1, " "1, " "1, " "1, " "1, " "1, " "1, " "1, " "1, " "1, " "1, " "1, " "1, " "1, " "1, " "1, " "1, " "1, " "1, " "1, " "1, " "1, " "1, " "1, " "1, " "1, " "1, " "1, " "1, " "1, " "1, " "1, " "1, " "1, " "1, " "1, " "1, " "1, " "1, " "1, " "1, " "1, " "1, " "1, " "1, " "1, " "1, " "1, " "1, " "1, " "1, " "1, " "1, " "1, " "1, " "1, " "1, " "1, " "1, " "1, " "1, " "1, " "1, " "1, " "1, " "1, " "1, " "1, " "1, " "1, " "1, " "1, " "1, " "1, " "1, " "1, " "1, " "1, " "1, " "1, " "1, " "1, " "1, " "1, " "1, " "1, " "1, " "1, " "1, " "1, " "1, " "1, " "1, " "1, " "1, " "1, " "1, " "1, " "1, " "1, " "1, " "1, " "1, " "1, " "1, " "1, " "1, " "1, " "1, " "1, " "1, " "1, " "1, " "1, " "1, " "1, " "1, " "1, " "1, " "1, " "1, " "1, " "1, " "1, " "1, " "1, " "1, " "1, " "1, " "1, " "1, " "1, " "1, " "1, " "1, " "1, " "1, " "1, " "1, " "1, " "1, " "1, " "1, " "1, " "1, " "1, " "1, " "1, " "1, " "1, " "1, " "1, " "1, " "1, " "1, " "1, " "1, " "1, " "1, " "1, " "1, " "1, " "1, " "1, " "1, " "1, " "1, " "1, " "1, " "1, " "1, " "1, " "1, " "1, " "1, " "1, " "1, " "1, " "1, " "1, " "1, " "1, " "1, " "1, " "1, " "1, " "1, " "1, " "1, " "1, " "1, " "1, " "1, " "1, " "1, " "1, " "1, " "1, " "1, " "1, " "1, " "1, " "1, " "1, " "1, " "1, " "1, " "1, " "1, " "1, " "1, " "1, " "1, " "1, " "1, " "1, " "1, " "1, " "1, " "1, " "1, " "1, " "1, " "1, " "1, " "1, " "1, " "1, " "1, " "1, " "1, " "1, " "1, " "1, " "1, " "1, " "1, " "1, " "1, " "1, " "1, " "1, " "1, " "1, " "1, " "1, " "1, " "1, " "1, " "1, " "1, " "1, " "1, " "1, " "1, " "1, " "1, " "1, " "1, " "1, " "1, " "1, " "1, " "1, " "1, " "1, " "1, " "1, " "1, " "1, " "1, " "1, " "1, " "1, " "1, " "1, " "1, " "1, " "1, " "1, " "0, " "1, " "1, " "1, " "1, " "1, " "1, " "1, " "1, " "1, " "1, " "1, " "1, " "1, " "1, " "1, " "1, " "1, " "1, " "1, " "1, " "1, " "1, " "1, " "1, " "1, " "1, " "1, " "1, " "1, " "1, " "1, " "1, " "1, " "1, " "1, " "1, " "1, " "1, " "1, " "1, " "1, " "1, " "1, " "1, " "1, " "1, " "1, " "1, " "1, " "1, " "1, " "1, " "1, " "1, " "1, " "1, " "1, " "1, " "1, " "1, " "1, " "1, " "1, " "1, " "1, " "1, " "1, " "1, " "1, " "1, " "1, " "1, " "1, " "1, " "1, " "1, " "1, " "1, " "1, " "1, " "1, " "1, " "1, " "1, " "1, " "1, " "1, " "1, " "1, " "1, " "1, " "1, " "1, " "1, " "1, " "1, " "1, " "1, " "1, " "1, " "1, " "1, " "1, " "1, " "1, " "1, " "1, " "1, " "1, " "1, " "1, " "1, " "1, " "1, " "1, " "1, "0
 "Nei397, 0.271, " "0.528, " "1, " "1, " "1, " "1, " "1, " "1, " "1, " "1, " "1, " "1, " "1, " "1, " "1, " "1, " "1, " "1, " "1, " "1, " "1, " "1, " "1, " "1, " "1, " "1, " "1, " "1, " "1, " "1, " "1, " "1, " "1, " "1, " "1, " "1, " "1, " "1, " "1, " "1, " "1, " "1, " "1, " "1, " "1, " "1, " "1, " "1, " "1, " "1, " "1, " "1, " "1, " "1, " "1, " "1, " "1, " "1, " "1, " "1, " "1, " "1, " "1, " "1, " "1, " "1, " "1, " "1, " "1, " "1, " "1, " "1, " "1, " "1, " "1, " "1, " "1, " "1, " "1, " "1, " "1, " "1, " "1, " "1, " "1, " "1, " "1, " "1, " "1, " "1, " "1, " "1, " "1, " "1, " "1, " "1, " "1, " "1, " "1, " "1, " "1, " "1, " "1, " "1, " "1, " "1, " "1, " "1, " "1, " "1, " "1, " "1, " "1, " "1, " "1, " "1, " "1, " "1, " "1, " "1, " "1, " "1, " "1, " "1, " "1, " "1, " "1, " "1, " "1, " "1, " "1, " "1, " "1, " "1, " "1, " "1, " "1, " "1, " "1, " "1, " "1, " "1, " "1, " "1, " "1, " "1, " "1, " "1, " "1, " "1, " "1, " "1, " "1, " "1, " "1, " "1, " "1, " "1, " "1, " "1, " "1, " "1, " "1, " "1, " "1, " "1, " "1, " "1, " "1, " "1, " "1, " "1, " "1, " "1, " "1, " "1, " "1, " "1, " "1, " "1, " "1, " "1, " "1, " "1, " "1, " "1, " "1, " "1, " "1, " "1, " "1, " "1, " "1, " "1, " "1, " "1, " "1, " "1, " "1, " "1, " "1, " "1, " "1, " "1, " "1, " "1, " "1, " "1, " "1, " "1, " "1, " "1, " "1, " "1, " "1, " "1, " "1, " "1, " "1, " "1, " "1, " "1, " "1, " "1, " "1, " "1, " "1, " "1, " "1, " "1, " "1, " "1, " "1, " "1, " "1, " "1, " "1, " "1, " "1, " "1, " "1, " "1, " "1, " "1, " "1, " "1, " "1, " "1, " "1, " "1, " "1, " "1, " "1, " "1, " "1, " "1, " "1, " "1, " "1, " "1, " "1, " "1, " "1, " "1, " "1, " "1, " "1, " "1, " "1, " "1, " "1, " "1, " "1, " "1, " "1, " "1, " "1, " "1, " "1, " "1, " "1, " "1, " "1, " "1, " "1, " "1, " "1, " "1, " "1, " "1, " "1, " "1, " "1, " "1, " "1, " "1, " "1, " "1, " "1, " "1, " "1, " "1, " "1, " "1, " "1, " "1, " "1, " "1, " "1, " "1, " "1, " "1, " "1, " "1, " "1, " "1, " "1, " "1, " "1, " "1, " "1, " "1, " "1, " "1, " "1, " "1, " "1, " "1, " "1, " "1, " "1, " "1, " "1, " "1, " "1, " "1, " "1, " "1, " "1, " "1, " "1, " "1, " "1, " "1, " "1, " "1, " "1, " "1, " "1, " "1, " "1, " "1, " "1, " "1, " "1, " "1, " "1, " "1, " "1, " "1, " "1, " "1, " "1, " "1, " "1, " "1, " "1, " "1, " "1, " "1, " "1, " "1, " "1, " "1, " "1, " "1, " "1, " "1, " "1, " "1, " "1, " "1, " "1, " "1, " "1, " "1, " "1, " "1, " "1, " "1, " "1, " "1, " "1, " "1, " "1, " "1, " "1, " "1, " "1, " "0, " "1, " "1, " "1, " "1, " "1, " "1, " "1, " "1, " "1, " "1, " "1, " "1, " "1, " "1, " "1, " "1, " "1, " "1, " "1, " "1, " "1, " "1, " "1, " "1, " "1, " "1, " "1, " "1, " "1, " "1, " "1, " "1, " "1, " "1, " "1, " "1, " "1, " "1, " "1, " "1, " "1, " "1, " "1, " "1, " "1, " "1, " "1, " "1, " "1, " "1, " "1, " "1, " "1, " "1, " "1, " "1, " "1, " "1, " "1, " "1, " "1, " "1, " "1, " "1, " "1, " "1, " "1, " "1, " "1, " "1, " "1, " "1, " "1, " "1, " "1, " "1, " "1, " "1, " "1, " "1, " "1, " "1, " "1, " "1, " "1, " "1, " "1, " "1, " "1, " "1, " "1, " "1, " "1, " "1, " "1, " "1, " "1, " "1, " "1, " "1, " "1, " "1, " "1, " "1, " "1, " "1, " "1, " "1, " "1, " "1, " "1, " "1, " "1, " "1, " "1, "0
 "Nei398, 0.192, " "0.782, " "1, " "1, " "1, " "1, " "1, " "1, " "1, " "1, " "1, " "1, " "1, " "1, " "1, " "1, " "1, " "1, " "1, " "1, " "1, " "1, " "1, " "1, " "1, " "1, " "1, " "1, " "1, " "1, " "1, " "1, " "1, " "1, " "1, " "1, " "1, " "1, " "1, " "1, " "1, " "1, " "1, " "1, " "1, " "1, " "1, " "1, " "1, " "1, " "1, " "1, " "1, " "1, " "1, " "1, " "1, " "1, " "1, " "1, " "1, " "1, " "1, " "1, " "1, " "1, " "1, " "1, " "1, " "1, " "1, " "1, " "1, " "1, " "1, " "1, " "1, " "1, " "1, " "1, " "1, " "1, " "1, " "1, " "1, " "1, " "1, " "1, " "1, " "1, " "1, " "1, " "1, " "1, " "1, " "1, " "1, " "1, " "1, " "1, " "1, " "1, " "1, " "1, " "1, " "1, " "1, " "1, " "1, " "1, " "1, " "1, " "1, " "1, " "1, " "1, " "1, " "1, " "1, " "1, " "1, " "1, " "1, " "1, " "1, " "1, " "1, " "1, " "1, " "1, " "1, " "1, " "1, " "1, " "1, " "1, " "1, " "1, " "1, " "1, " "1, " "1, " "1, " "1, " "1, " "1, " "1, " "1, " "1, " "1, " "1, " "1, " "1, " "1, " "1, " "1, " "1, " "1, " "1, " "1, " "1, " "1, " "1, " "1, " "1, " "1, " "1, " "1, " "1, " "1, " "1, " "1, " "1, " "1, " "1, " "1, " "1, " "1, " "1, " "1, " "1, " "1, " "1, " "1, " "1, " "1, " "1, " "1, " "1, " "1, " "1, " "1, " "1, " "1, " "1, " "1, " "1, " "1, " "1, " "1, " "1, " "1, " "1, " "1, " "1, " "1, " "1, " "1, " "1, " "1, " "1, " "1, " "1, " "1, " "1, " "1, " "1, " "1, " "1, " "1, " "1, " "1, " "1, " "1, " "1, " "1, " "1, " "1, " "1, " "1, " "1, " "1, " "1, " "1, " "1, " "1, " "1, " "1, " "1, " "1, " "1, " "1, " "1, " "1, " "1, " "1, " "1, " "1, " "1, " "1, " "1, " "1, " "1, " "1, " "1, " "1, " "1, " "1, " "1, " "1, " "1, " "1, " "1, " "1, " "1, " "1, " "1, " "1, " "1, " "1, " "1, " "1, " "1, " "1, " "1, " "1, " "1, " "1, " "1, " "1, " "1, " "1, " "1, " "1, " "1, " "1, " "1, " "1, " "1, " "1, " "1, " "1, " "1, " "1, " "1, " "1, " "1, " "1, " "1, " "1, " "1, " "1, " "1, " "1, " "1, " "1, " "1, " "1, " "1, " "1, " "1, " "1, " "1, " "1, " "1, " "1, " "1, " "1, " "1, " "1, " "1, " "1, " "1, " "1, " "1, " "1, " "1, " "1, " "1, " "1, " "1, " "1, " "1, " "1, " "1, " "1, " "1, " "1, " "1, " "1, " "1, " "1, " "1, " "1, " "1, " "1, " "1, " "1, " "1, " "1, " "1, " "1, " "1, " "1, " "1, " "1, " "1, " "1, " "1, " "1, " "1, " "1, " "1, " "1, " "1, " "1, " "1, " "1, " "1, " "1, " "1, " "1, " "1, " "1, " "1, " "1, " "1, " "1, " "1, " "1, " "1, " "1, " "1, " "1, " "1, " "1, " "1, " "1, " "1, " "1, " "1, " "1, " "1, " "1, " "1, " "1, " "1, " "1, " "1, " "1, " "0, " "1, " "1, " "1, " "1, " "1, " "1, " "1, " "1, " "1, " "1, " "1, " "1, " "1, " "1, " "1, " "1, " "1, " "1, " "1, " "1, " "1, " "1, " "1, " "1, " "1, " "1, " "1, " "1, " "1, " "1, " "1, " "1, " "1, " "1, " "1, " "1, " "1, " "1, " "1, " "1, " "1, " "1, " "1, " "1, " "1, " "1, " "1, " "1, " "1, " "1, " "1, " "1, " "1, " "1, " "1, " "1, " "1, " "1, " "1, " "1, " "1, " "1, " "1, " "1, " "1, " "1, " "1, " "1, " "1, " "1, " "1, " "1, " "1, " "1, " "1, " "1, " "1, " "1, " "1, " "1, " "1, " "1, " "1, " "1, " "1, " "1, " "1, " "1, " "1, " "1, " "1, " "1, " "1, " "1, " "1, " "1, " "1, " "1, " "1, " "1, " "1, " "1, " "1, " "1, " "1, " "1, " "1, " "1, " "1, " "1, " "1, " "1, " "1, " "1, "0
 "Nei399, 0.375, " "0.086, " "1, " "1, " "1, " "1, " "1, " "1, " "1, " "1, " "1, " "1, " "1, " "1, " "1, " "1, " "1, " "1, " "1, " "1, " "1, " "1, " "1, " "1, " "1, " "1, " "1, " "1, " "1, " "1, " "1, " "1, " "1, " "1, " "1, " "1, " "1, " "1, " "1, " "1, " "1, " "1, " "1, " "1, " "1, " "1, " "1, " "1, " "1, " "1, " "1, " "1, " "1, " "1, " "1, " "1, " "1, " "1, " "1, " "1, " "1, " "1, " "1, " "1, " "1, " "1, " "1, " "1, " "1, " "1, " "1, " "1, " "1, " "1, " "1, " "1, " "1, " "1, " "1, " "1, " "1, " "1, " "1, " "1, " "1, " "1, " "1, " "1, " "1, " "1, " "1, " "1, " "1, " "1, " "1, " "1, " "1, " "1, " "1, " "1, " "1, " "1, " "1, " "1, " "1, " "1, " "1, " "1, " "1, " "1, " "1, " "1, " "1, " "1, " "1, " "1, " "1, " "1, " "1, " "1, " "1, " "1, " "1, " "1, " "1, " "1, " "1, " "1, " "1, " "1, " "1, " "1, " "1, " "1, " "1, " "1, " "1, " "1, " "1, " "1, " "1, " "1, " "1, " "1, " "1, " "1, " "1, " "1, " "1, " "1, " "1, " "1, " "1, " "1, " "1, " "1, " "1, " "1, " "1, " "1, " "1, " "1, " "1, " "1, " "1, " "1, " "1, " "1, " "1, " "1, " "1, " "1, " "1, " "1, " "1, " "1, " "1, " "1, " "1, " "1, " "1, " "1, " "1, " "1, " "1, " "1, " "1, " "1, " "1, " "1, " "1, " "1, " "1, " "1, " "1, " "1, " "1, " "1, " "1, " "1, " "1, " "1, " "1, " "1, " "1, " "1, " "1, " "1, " "1, " "1, " "1, " "1, " "1, " "1, " "1, " "1, " "1, " "1, " "1, " "1, " "1, " "1, " "1, " "1, " "1, " "1, " "1, " "1, " "1, " "1, " "1, " "1, " "1, " "1, " "1, " "1, " "1, " "1, " "1, " "1, " "1, " "1, " "1, " "1, " "1, " "1, " "1, " "1, " "1, " "1, " "1, " "1, " "1, " "1, " "1, " "1, " "1, " "1, " "1, " "1, " "1, " "1, " "1, " "1, " "1, " "1, " "1, " "1, " "1, " "1, " "1, " "1, " "1, " "1, " "1, " "1, " "1, " "1, " "1, " "1, " "1, " "1, " "1, " "1, " "1, " "1, " "1, " "1, " "1, " "1, " "1, " "1, " "1, " "1, " "1, " "1, " "1, " "1, " "1, " "1, " "1, " "1, " "1, " "1, " "1, " "1, " "1, " "1, " "1, " "1, " "1, " "1, " "1, " "1, " "1, " "1, " "1, " "1, " "1, " "1, " "1, " "1, " "1, " "1, " "1, " "1, " "1, " "1, " "1, " "1, " "1, " "1, " "1, " "1, " "1, " "1, " "1, " "1, " "1, " "1, " "1, " "1, " "1, " "1, " "1, " "1, " "1, " "1, " "1, " "1, " "1, " "1, " "1, " "1, " "1, " "1, " "1, " "1, " "1, " "1, " "1, " "1, " "1, " "1, " "1, " "1, " "1, " "1, " "1, " "1, " "1, " "1, " "1, " "1, " "1, " "1, " "1, " "1, " "1, " "1, " "1, " "1, " "1, " "1, " "1, " "1, " "1, " "1, " "1, " "1, " "1, " "1, " "1, " "1, " "1, " "1, " "1, " "1, " "1, " "1, " "1, " "0, " "1, " "1, " "1, " "1, " "1, " "1, " "1, " "1, " "1, " "1, " "1, " "1, " "1, " "1, " "1, " "1, " "1, " "1, " "1, " "1, " "1, " "1, " "1, " "1, " "1, " "1, " "1, " "1, " "1, " "1, " "1, " "1, " "1, " "1, " "1, " "1, " "1, " "1, " "1, " "1, " "1, " "1, " "1, " "1, " "1, " "1, " "1, " "1, " "1, " "1, " "1, " "1, " "1, " "1, " "1, " "1, " "1, " "1, " "1, " "1, " "1, " "1, " "1, " "1, " "1, " "1, " "1, " "1, " "1, " "1, " "1, " "1, " "1, " "1, " "1, " "1, " "1, " "1, " "1, " "1, " "1, " "1, " "1, " "1, " "1, " "1, " "1, " "1, " "1, " "1, " "1, " "1, " "1, " "1, " "1, " "1, " "1, " "1, " "1, " "1, " "1, " "1, " "1, " "1, " "1, " "1, " "1, " "1, " "1, " "1, " "1, " "1, " "1, "0
 "Nei400, 0.313, " "-0.647, " "1, " "1, " "1, " "1, " "1, " "1, " "1, " "1, " "1, " "1, " "1, " "1, " "1, " "1, " "1, " "1, " "1, " "1, " "1, " "1, " "1, " "1, " "1, " "1, " "1, " "1, " "1, " "1, " "1, " "1, " "1, " "1, " "1, " "1, " "1, " "1, " "1, " "1, " "1, " "1, " "1, " "1, " "1, " "1, " "1, " "1, " "1, " "1, " "1, " "1, " "1, " "1, " "1, " "1, " "1, " "1, " "1, " "1, " "1, " "1, " "1, " "1, " "1, " "1, " "1, " "1, " "1, " "1, " "1, " "1, " "1, " "1, " "1, " "1, " "1, " "1, " "1, " "1, " "1, " "1, " "1, " "1, " "1, " "1, " "1, " "1, " "1, " "1, " "1, " "1, " "1, " "1, " "1, " "1, " "1, " "1, " "1, " "1, " "1, " "1, " "1, " "1, " "1, " "1, " "1, " "1, " "1, " "1, " "1, " "1, " "1, " "1, " "1, " "1, " "1, " "1, " "1, " "1, " "1, " "1, " "1, " "1, " "1, " "1, " "1, " "1, " "1, " "1, " "1, " "1, " "1, " "1, " "1, " "1, " "1, " "1, " "1, " "1, " "1, " "1, " "1, " "1, " "1, " "1, " "1, " "1, " "1, " "1, " "1, " "1, " "1, " "1, " "1, " "1, " "1, " "1, " "1, " "1, " "1, " "1, " "1, " "1, " "1, " "1, " "1, " "1, " "1, " "1, " "1, " "1, " "1, " "1, " "1, " "1, " "1, " "1, " "1, " "1, " "1, " "1, " "1, " "1, " "1, " "1, " "1, " "1, " "1, " "1, " "1, " "1, " "1, " "1, " "1, " "1, " "1, " "1, " "1, " "1, " "1, " "1, " "1, " "1, " "1, " "1, " "1, " "1, " "1, " "1, " "1, " "1, " "1, " "1, " "1, " "1, " "1, " "1, " "1, " "1, " "1, " "1, " "1, " "1, " "1, " "1, " "1, " "1, " "1, " "1, " "1, " "1, " "1, " "1, " "1, " "1, " "1, " "1, " "1, " "1, " "1, " "1, " "1, " "1, " "1, " "1, " "1, " "1, " "1, " "1, " "1, " "1, " "1, " "1, " "1, " "1, " "1, " "1, " "1, " "1, " "1, " "1, " "1, " "1, " "1, " "1, " "1, " "1, " "1, " "1, " "1, " "1, " "1, " "1, " "1, " "1, " "1, " "1, " "1, " "1, " "1, " "1, " "1, " "1, " "1, " "1, " "1, " "1, " "1, " "1, " "1, " "1, " "1, " "1, " "1, " "1, " "1, " "1, " "1, " "1, " "1, " "1, " "1, " "1, " "1, " "1, " "1, " "1, " "1, " "1, " "1, " "1, " "1, " "1, " "1, " "1, " "1, " "1, " "1, " "1, " "1, " "1, " "1, " "1, " "1, " "1, " "1, " "1, " "1, " "1, " "1, " "1, " "1, " "1, " "1, " "1, " "1, " "1, " "1, " "1, " "1, " "1, " "1, " "1, " "1, " "1, " "1, " "1, " "1, " "1, " "1, " "1, " "1, " "1, " "1, " "1, " "1, " "1, " "1, " "1, " "1, " "1, " "1, " "1, " "1, " "1, " "1, " "1, " "1, " "1, " "1, " "1, " "1, " "1, " "1, " "1, " "1, " "1, " "1, " "1, " "1, " "1, " "1, " "1, " "1, " "1, " "1, " "1, " "1, " "1, " "1, " "1, " "1, " "1, " "1, " "1, " "1, " "1, " "1, " "1, " "1, " "1, " "0, " "1, " "1, " "1, " "1, " "1, " "1, " "1, " "1, " "1, " "1, " "1, " "1, " "1, " "1, " "1, " "1, " "1, " "1, " "1, " "1, " "1, " "1, " "1, " "1, " "1, " "1, " "1, " "1, " "1, " "1, " "1, " "1, " "1, " "1, " "1, " "1, " "1, " "1, " "1, " "1, " "1, " "1, " "1, " "1, " "1, " "1, " "1, " "1, " "1, " "1, " "1, " "1, " "1, " "1, " "1, " "1, " "1, " "1, " "1, " "1, " "1, " "1, " "1, " "1, " "1, " "1, " "1, " "1, " "1, " "1, " "1, " "1, " "1, " "1, " "1, " "1, " "1, " "1, " "1, " "1, " "1, " "1, " "1, " "1, " "1, " "1, " "1, " "1, " "1, " "1, " "1, " "1, " "1, " "1, " "1, " "1, " "1, " "1, " "1, " "1, " "1, " "1, " "1, " "1, " "1, " "1, " "1, " "1, " "1, " "1, " "1, " "1, "0
 "Nei401, 0.004, " "0.785, " "1, " "1, " "1, " "1, " "1, " "1, " "1, " "1, " "1, " "1, " "1, " "1, " "1, " "1, " "1, " "1, " "1, " "1, " "1, " "1, " "1, " "1, " "1, " "1, " "1, " "1, " "1, " "1, " "1, " "1, " "1, " "1, " "1, " "1, " "1, " "1, " "1, " "1, " "1, " "1, " "1, " "1, " "1, " "1, " "1, " "1, " "1, " "1, " "1, " "1, " "1, " "1, " "1, " "1, " "1, " "1, " "1, " "1, " "1, " "1, " "1, " "1, " "1, " "1, " "1, " "1, " "1, " "1, " "1, " "1, " "1, " "1, " "1, " "1, " "1, " "1, " "1, " "1, " "1, " "1, " "1, " "1, " "1, " "1, " "1, " "1, " "1, " "1, " "1, " "1, " "1, " "1, " "1, " "1, " "1, " "1, " "1, " "1, " "1, " "1, " "1, " "1, " "1, " "1, " "1, " "1, " "1, " "1, " "1, " "1, " "1, " "1, " "1, " "1, " "1, " "1, " "1, " "1, " "1, " "1, " "1, " "1, " "1, " "1, " "1, " "1, " "1, " "1, " "1, " "1, " "1, " "1, " "1, " "1, " "1, " "1, " "1, " "1, " "1, " "1, " "1, " "1, " "1, " "1, " "1, " "1, " "1, " "1, " "1, " "1, " "1, " "1, " "1, " "1, " "1, " "1, " "1, " "1, " "1, " "1, " "1, " "1, " "1, " "1, " "1, " "1, " "1, " "1, " "1, " "1, " "1, " "1, " "1, " "1, " "1, " "1, " "1, " "1, " "1, " "1, " "1, " "1, " "1, " "1, " "1, " "1, " "1, " "1, " "1, " "1, " "1, " "1, " "1, " "1, " "1, " "1, " "1, " "1, " "1, " "1, " "1, " "1, " "1, " "1, " "1, " "1, " "1, " "1, " "1, " "1, " "1, " "1, " "1, " "1, " "1, " "1, " "1, " "1, " "1, " "1, " "1, " "1, " "1, " "1, " "1, " "1, " "1, " "1, " "1, " "1, " "1, " "1, " "1, " "1, " "1, " "1, " "1, " "1, " "1, " "1, " "1, " "1, " "1, " "1, " "1, " "1, " "1, " "1, " "1, " "1, " "1, " "1, " "1, " "1, " "1, " "1, " "1, " "1, " "1, " "1, " "1, " "1, " "1, " "1, " "1, " "1, " "1, " "1, " "1, " "1, " "1, " "1, " "1, " "1, " "1, " "1, " "1, " "1, " "1, " "1, " "1, " "1, " "1, " "1, " "1, " "1, " "1, " "1, " "1, " "1, " "1, " "1, " "1, " "1, " "1, " "1, " "1, " "1, " "1, " "1, " "1, " "1, " "1, " "1, " "1, " "1, " "1, " "1, " "1, " "1, " "1, " "1, " "1, " "1, " "1, " "1, " "1, " "1, " "1, " "1, " "1, " "1, " "1, " "1, " "1, " "1, " "1, " "1, " "1, " "1, " "1, " "1, " "1, " "1, " "1, " "1, " "1, " "1, " "1, " "1, " "1, " "1, " "1, " "1, " "1, " "1, " "1, " "1, " "1, " "1, " "1, " "1, " "1, " "1, " "1, " "1, " "1, " "1, " "1, " "1, " "1, " "1, " "1, " "1, " "1, " "1, " "1, " "1, " "1, " "1, " "1, " "1, " "1, " "1, " "1, " "1, " "1, " "1, " "1, " "1, " "1, " "1, " "1, " "1, " "1, " "1, " "1, " "1, " "1, " "1, " "1, " "1, " "1, " "1, " "1, " "1, " "1, " "1, " "1, " "1, " "1, " "0, " "1, " "1, " "1, " "1, " "1, " "1, " "1, " "1, " "1, " "1, " "1, " "1, " "1, " "1, " "1, " "1, " "1, " "1, " "1, " "1, " "1, " "1, " "1, " "1, " "1, " "1, " "1, " "1, " "1, " "1, " "1, " "1, " "1, " "1, " "1, " "1, " "1, " "1, " "1, " "1, " "1, " "1, " "1, " "1, " "1, " "1, " "1, " "1, " "1, " "1, " "1, " "1, " "1, " "1, " "1, " "1, " "1, " "1, " "1, " "1, " "1, " "1, " "1, " "1, " "1, " "1, " "1, " "1, " "1, " "1, " "1, " "1, " "1, " "1, " "1, " "1, " "1, " "1, " "1, " "1, " "1, " "1, " "1, " "1, " "1, " "1, " "1, " "1, " "1, " "1, " "1, " "1, " "1, " "1, " "1, " "1, " "1, " "1, " "1, " "1, " "1, " "1, " "1, " "1, " "1, " "1, " "1, " "1, " "1, " "1, " "1, "0
 "Nei402, 0.112, " "0.229, " "1, " "1, " "1, " "1, " "1, " "1, " "1, " "1, " "1, " "1, " "1, " "1, " "1, " "1, " "1, " "1, " "1, " "1, " "1, " "1, " "1, " "1, " "1, " "1, " "1, " "1, " "1, " "1, " "1, " "1, " "1, " "1, " "1, " "1, " "1, " "1, " "1, " "1, " "1, " "1, " "1, " "1, " "1, " "1, " "1, " "1, " "1, " "1, " "1, " "1, " "1, " "1, " "1, " "1, " "1, " "1, " "1, " "1, " "1, " "1, " "1, " "1, " "1, " "1, " "1, " "1, " "1, " "1, " "1, " "1, " "1, " "1, " "1, " "1, " "1, " "1, " "1, " "1, " "1, " "1, " "1, " "1, " "1, " "1, " "1, " "1, " "1, " "1, " "1, " "1, " "1, " "1, " "1, " "1, " "1, " "1, " "1, " "1, " "1, " "1, " "1, " "1, " "1, " "1, " "1, " "1, " "1, " "1, " "1, " "1, " "1, " "1, " "1, " "1, " "1, " "1, " "1, " "1, " "1, " "1, " "1, " "1, " "1, " "1, " "1, " "1, " "1, " "1, " "1, " "1, " "1, " "1, " "1, " "1, " "1, " "1, " "1, " "1, " "1, " "1, " "1, " "1, " "1, " "1, " "1, " "1, " "1, " "1, " "1, " "1, " "1, " "1, " "1, " "1, " "1, " "1, " "1, " "1, " "1, " "1, " "1, " "1, " "1, " "1, " "1, " "1, " "1, " "1, " "1, " "1, " "1, " "1, " "1, " "1, " "1, " "1, " "1, " "1, " "1, " "1, " "1, " "1, " "1, " "1, " "1, " "1, " "1, " "1, " "1, " "1, " "1, " "1, " "1, " "1, " "1, " "1, " "1, " "1, " "1, " "1, " "1, " "1, " "1, " "1, " "1, " "1, " "1, " "1, " "1, " "1, " "1, " "1, " "1, " "1, " "1, " "1, " "1, " "1, " "1, " "1, " "1, " "1, " "1, " "1, " "1, " "1, " "1, " "1, " "1, " "1, " "1, " "1, " "1, " "1, " "1, " "1, " "1, " "1, " "1, " "1, " "1, " "1, " "1, " "1, " "1, " "1, " "1, " "1, " "1, " "1, " "1, " "1, " "1, " "1, " "1, " "1, " "1, " "1, " "1, " "1, " "1, " "1, " "1, " "1, " "1, " "1, " "1, " "1, " "1, " "1, " "1, " "1, " "1, " "1, " "1, " "1, " "1, " "1, " "1, " "1, " "1, " "1, " "1, " "1, " "1, " "1, " "1, " "1, " "1, " "1, " "1, " "1, " "1, " "1, " "1, " "1, " "1, " "1, " "1, " "1, " "1, " "1, " "1, " "1, " "1, " "1, " "1, " "1, " "1, " "1, " "1, " "1, " "1, " "1, " "1, " "1, " "1, " "1, " "1, " "1, " "1, " "1, " "1, " "1, " "1, " "1, " "1, " "1, " "1, " "1, " "1, " "1, " "1, " "1, " "1, " "1, " "1, " "1, " "1, " "1, " "1, " "1, " "1, " "1, " "1, " "1, " "1, " "1, " "1, " "1, " "1, " "1, " "1, " "1, " "1, " "1, " "1, " "1, " "1, " "1, " "1, " "1, " "1, " "1, " "1, " "1, " "1, " "1, " "1, " "1, " "1, " "1, " "1, " "1, " "1, " "1, " "1, " "1, " "1, " "1, " "1, " "1, " "1, " "1, " "1, " "1, " "1, " "1, " "1, " "1, " "1, " "1, " "1, " "1, " "1, " "1, " "1, " "1, " "1, " "1, " "1, " "1, " "0, " "1, " "1, " "1, " "1, " "1, " "1, " "1, " "1, " "1, " "1, " "1, " "1, " "1, " "1, " "1, " "1, " "1, " "1, " "1, " "1, " "1, " "1, " "1, " "1, " "1, " "1, " "1, " "1, " "1, " "1, " "1, " "1, " "1, " "1, " "1, " "1, " "1, " "1, " "1, " "1, " "1, " "1, " "1, " "1, " "1, " "1, " "1, " "1, " "1, " "1, " "1, " "1, " "1, " "1, " "1, " "1, " "1, " "1, " "1, " "1, " "1, " "1, " "1, " "1, " "1, " "1, " "1, " "1, " "1, " "1, " "1, " "1, " "1, " "1, " "1, " "1, " "1, " "1, " "1, " "1, " "1, " "1, " "1, " "1, " "1, " "1, " "1, " "1, " "1, " "1, " "1, " "1, " "1, " "1, " "1, " "1, " "1, " "1, " "1, " "1, " "1, " "1, " "1, " "1, " "1, " "1, " "1, " "1, " "1, " "1, "0
 "Nei403, 0.297, " "-0.562, " "1, " "1, " "1, " "1, " "1, " "1, " "1, " "1, " "1, " "1, " "1, " "1, " "1, " "1, " "1, " "1, " "1, " "1, " "1, " "1, " "1, " "1, " "1, " "1, " "1, " "1, " "1, " "1, " "1, " "1, " "1, " "1, " "1, " "1, " "1, " "1, " "1, " "1, " "1, " "1, " "1, " "1, " "1, " "1, " "1, " "1, " "1, " "1, " "1, " "1, " "1, " "1, " "1, " "1, " "1, " "1, " "1, " "1, " "1, " "1, " "1, " "1, " "1, " "1, " "1, " "1, " "1, " "1, " "1, " "1, " "1, " "1, " "1, " "1, " "1, " "1, " "1, " "1, " "1, " "1, " "1, " "1, " "1, " "1, " "1, " "1, " "1, " "1, " "1, " "1, " "1, " "1, " "1, " "1, " "1, " "1, " "1, " "1, " "1, " "1, " "1, " "1, " "1, " "1, " "1, " "1, " "1, " "1, " "1, " "1, " "1, " "1, " "1, " "1, " "1, " "1, " "1, " "1, " "1, " "1, " "1, " "1, " "1, " "1, " "1, " "1, " "1, " "1, " "1, " "1, " "1, " "1, " "1, " "1, " "1, " "1, " "1, " "1, " "1, " "1, " "1, " "1, " "1, " "1, " "1, " "1, " "1, " "1, " "1, " "1, " "1, " "1, " "1, " "1, " "1, " "1, " "1, " "1, " "1, " "1, " "1, " "1, " "1, " "1, " "1, " "1, " "1, " "1, " "1, " "1, " "1, " "1, " "1, " "1, " "1, " "1, " "1, " "1, " "1, " "1, " "1, " "1, " "1, " "1, " "1, " "1, " "1, " "1, " "1, " "1, " "1, " "1, " "1, " "1, " "1, " "1, " "1, " "1, " "1, " "1, " "1, " "1, " "1, " "1, " "1, " "1, " "1, " "1, " "1, " "1, " "1, " "1, " "1, " "1, " "1, " "1, " "1, " "1, " "1, " "1, " "1, " "1, " "1, " "1, " "1, " "1, " "1, " "1, " "1, " "1, " "1, " "1, " "1, " "1, " "1, " "1, " "1, " "1, " "1, " "1, " "1, " "1, " "1, " "1, " "1, " "1, " "1, " "1, " "1, " "1, " "1, " "1, " "1, " "1, " "1, " "1, " "1, " "1, " "1, " "1, " "1, " "1, " "1, " "1, " "1, " "1, " "1, " "1, " "1, " "1, " "1, " "1, " "1, " "1, " "1, " "1, " "1, " "1, " "1, " "1, " "1, " "1, " "1, " "1, " "1, " "1, " "1, " "1, " "1, " "1, " "1, " "1, " "1, " "1, " "1, " "1, " "1, " "1, " "1, " "1, " "1, " "1, " "1, " "1, " "1, " "1, " "1, " "1, " "1, " "1, " "1, " "1, " "1, " "1, " "1, " "1, " "1, " "1, " "1, " "1, " "1, " "1, " "1, " "1, " "1, " "1, " "1, " "1, " "1, " "1, " "1, " "1, " "1, " "1, " "1, " "1, " "1, " "1, " "1, " "1, " "1, " "1, " "1, " "1, " "1, " "1, " "1, " "1, " "1, " "1, " "1, " "1, " "1, " "1, " "1, " "1, " "1, " "1, " "1, " "1, " "1, " "1, " "1, " "1, " "1, " "1, " "1, " "1, " "1, " "1, " "1, " "1, " "1, " "1, " "1, " "1, " "1, " "1, " "1, " "1, " "1, " "1, " "1, " "1, " "1, " "1, " "1, " "1, " "1, " "1, " "1, " "1, " "1, " "1, " "1, " "1, " "1, " "1, " "1, " "1, " "1, " "1, " "1, " "0, " "1, " "1, " "1, " "1, " "1, " "1, " "1, " "1, " "1, " "1, " "1, " "1, " "1, " "1, " "1, " "1, " "1, " "1, " "1, " "1, " "1, " "1, " "1, " "1, " "1, " "1, " "1, " "1, " "1, " "1, " "1, " "1, " "1, " "1, " "1, " "1, " "1, " "1, " "1, " "1, " "1, " "1, " "1, " "1, " "1, " "1, " "1, " "1, " "1, " "1, " "1, " "1, " "1, " "1, " "1, " "1, " "1, " "1, " "1, " "1, " "1, " "1, " "1, " "1, " "1, " "1, " "1, " "1, " "1, " "1, " "1, " "1, " "1, " "1, " "1, " "1, " "1, " "1, " "1, " "1, " "1, " "1, " "1, " "1, " "1, " "1, " "1, " "1, " "1, " "1, " "1, " "1, " "1, " "1, " "1, " "1, " "1, " "1, " "1, " "1, " "1, " "1, " "1, " "1, " "1, " "1, " "1, " "1, " "1, "0
 "Nei404, 0.296, " "-0.415, " "1, " "1, " "1, " "1, " "1, " "1, " "1, " "1, " "1, " "1, " "1, " "1, " "1, " "1, " "1, " "1, " "1, " "1, " "1, " "1, " "1, " "1, " "1, " "1, " "1, " "1, " "1, " "1, " "1, " "1, " "1, " "1, " "1, " "1, " "1, " "1, " "1, " "1, " "1, " "1, " "1, " "1, " "1, " "1, " "1, " "1, " "1, " "1, " "1, " "1, " "1, " "1, " "1, " "1, " "1, " "1, " "1, " "1, " "1, " "1, " "1, " "1, " "1, " "1, " "1, " "1, " "1, " "1, " "1, " "1, " "1, " "1, " "1, " "1, " "1, " "1, " "1, " "1, " "1, " "1, " "1, " "1, " "1, " "1, " "1, " "1, " "1, " "1, " "1, " "1, " "1, " "1, " "1, " "1, " "1, " "1, " "1, " "1, " "1, " "1, " "1, " "1, " "1, " "1, " "1, " "1, " "1, " "1, " "1, " "1, " "1, " "1, " "1, " "1, " "1, " "1, " "1, " "1, " "1, " "1, " "1, " "1, " "1, " "1, " "1, " "1, " "1, " "1, " "1, " "1, " "1, " "1, " "1, " "1, " "1, " "1, " "1, " "1, " "1, " "1, " "1, " "1, " "1, " "1, " "1, " "1, " "1, " "1, " "1, " "1, " "1, " "1, " "1, " "1, " "1, " "1, " "1, " "1, " "1, " "1, " "1, " "1, " "1, " "1, " "1, " "1, " "1, " "1, " "1, " "1, " "1, " "1, " "1, " "1, " "1, " "1, " "1, " "1, " "1, " "1, " "1, " "1, " "1, " "1, " "1, " "1, " "1, " "1, " "1, " "1, " "1, " "1, " "1, " "1, " "1, " "1, " "1, " "1, " "1, " "1, " "1, " "1, " "1, " "1, " "1, " "1, " "1, " "1, " "1, " "1, " "1, " "1, " "1, " "1, " "1, " "1, " "1, " "1, " "1, " "1, " "1, " "1, " "1, " "1, " "1, " "1, " "1, " "1, " "1, " "1, " "1, " "1, " "1, " "1, " "1, " "1, " "1, " "1, " "1, " "1, " "1, " "1, " "1, " "1, " "1, " "1, " "1, " "1, " "1, " "1, " "1, " "1, " "1, " "1, " "1, " "1, " "1, " "1, " "1, " "1, " "1, " "1, " "1, " "1, " "1, " "1, " "1, " "1, " "1, " "1, " "1, " "1, " "1, " "1, " "1, " "1, " "1, " "1, " "1, " "1, " "1, " "1, " "1, " "1, " "1, " "1, " "1, " "1, " "1, " "1, " "1, " "1, " "1, " "1, " "1, " "1, " "1, " "1, " "1, " "1, " "1, " "1, " "1, " "1, " "1, " "1, " "1, " "1, " "1, " "1, " "1, " "1, " "1, " "1, " "1, " "1, " "1, " "1, " "1, " "1, " "1, " "1, " "1, " "1, " "1, " "1, " "1, " "1, " "1, " "1, " "1, " "1, " "1, " "1, " "1, " "1, " "1, " "1, " "1, " "1, " "1, " "1, " "1, " "1, " "1, " "1, " "1, " "1, " "1, " "1, " "1, " "1, " "1, " "1, " "1, " "1, " "1, " "1, " "1, " "1, " "1, " "1, " "1, " "1, " "1, " "1, " "1, " "1, " "1, " "1, " "1, " "1, " "1, " "1, " "1, " "1, " "1, " "1, " "1, " "1, " "1, " "1, " "1, " "1, " "1, " "1, " "1, " "1, " "1, " "1, " "1, " "1, " "1, " "1, " "1, " "1, " "1, " "1, " "1, " "1, " "1, " "1, " "1, " "1, " "0, " "1, " "1, " "1, " "1, " "1, " "1, " "1, " "1, " "1, " "1, " "1, " "1, " "1, " "1, " "1, " "1, " "1, " "1, " "1, " "1, " "1, " "1, " "1, " "1, " "1, " "1, " "1, " "1, " "1, " "1, " "1, " "1, " "1, " "1, " "1, " "1, " "1, " "1, " "1, " "1, " "1, " "1, " "1, " "1, " "1, " "1, " "1, " "1, " "1, " "1, " "1, " "1, " "1, " "1, " "1, " "1, " "1, " "1, " "1, " "1, " "1, " "1, " "1, " "1, " "1, " "1, " "1, " "1, " "1, " "1, " "1, " "1, " "1, " "1, " "1, " "1, " "1, " "1, " "1, " "1, " "1, " "1, " "1, " "1, " "1, " "1, " "1, " "1, " "1, " "1, " "1, " "1, " "1, " "1, " "1, " "1, " "1, " "1, " "1, " "1, " "1, " "1, " "1, " "1, " "1, " "1, " "1, " "1, "0
 "Nei405, 0.191, " "-0.961, " "1, " "1, " "1, " "1, " "1, " "1, " "1, " "1, " "1, " "1, " "1, " "1, " "1, " "1, " "1, " "1, " "1, " "1, " "1, " "1, " "1, " "1, " "1, " "1, " "1, " "1, " "1, " "1, " "1, " "1, " "1, " "1, " "1, " "1, " "1, " "1, " "1, " "1, " "1, " "1, " "1, " "1, " "1, " "1, " "1, " "1, " "1, " "1, " "1, " "1, " "1, " "1, " "1, " "1, " "1, " "1, " "1, " "1, " "1, " "1, " "1, " "1, " "1, " "1, " "1, " "1, " "1, " "1, " "1, " "1, " "1, " "1, " "1, " "1, " "1, " "1, " "1, " "1, " "1, " "1, " "1, " "1, " "1, " "1, " "1, " "1, " "1, " "1, " "1, " "1, " "1, " "1, " "1, " "1, " "1, " "1, " "1, " "1, " "1, " "1, " "1, " "1, " "1, " "1, " "1, " "1, " "1, " "1, " "1, " "1, " "1, " "1, " "1, " "1, " "1, " "1, " "1, " "1, " "1, " "1, " "1, " "1, " "1, " "1, " "1, " "1, " "1, " "1, " "1, " "1, " "1, " "1, " "1, " "1, " "1, " "1, " "1, " "1, " "1, " "1, " "1, " "1, " "1, " "1, " "1, " "1, " "1, " "1, " "1, " "1, " "1, " "1, " "1, " "1, " "1, " "1, " "1, " "1, " "1, " "1, " "1, " "1, " "1, " "1, " "1, " "1, " "1, " "1, " "1, " "1, " "1, " "1, " "1, " "1, " "1, " "1, " "1, " "1, " "1, " "1, " "1, " "1, " "1, " "1, " "1, " "1, " "1, " "1, " "1, " "1, " "1, " "1, " "1, " "1, " "1, " "1, " "1, " "1, " "1, " "1, " "1, " "1, " "1, " "1, " "1, " "1, " "1, " "1, " "1, " "1, " "1, " "1, " "1, " "1, " "1, " "1, " "1, " "1, " "1, " "1, " "1, " "1, " "1, " "1, " "1, " "1, " "1, " "1, " "1, " "1, " "1, " "1, " "1, " "1, " "1, " "1, " "1, " "1, " "1, " "1, " "1, " "1, " "1, " "1, " "1, " "1, " "1, " "1, " "1, " "1, " "1, " "1, " "1, " "1, " "1, " "1, " "1, " "1, " "1, " "1, " "1, " "1, " "1, " "1, " "1, " "1, " "1, " "1, " "1, " "1, " "1, " "1, " "1, " "1, " "1, " "1, " "1, " "1, " "1, " "1, " "1, " "1, " "1, " "1, " "1, " "1, " "1, " "1, " "1, " "1, " "1, " "1, " "1, " "1, " "1, " "1, " "1, " "1, " "1, " "1, " "1, " "1, " "1, " "1, " "1, " "1, " "1, " "1, " "1, " "1, " "1, " "1, " "1, " "1, " "1, " "1, " "1, " "1, " "1, " "1, " "1, " "1, " "1, " "1, " "1, " "1, " "1, " "1, " "1, " "1, " "1, " "1, " "1, " "1, " "1, " "1, " "1, " "1, " "1, " "1, " "1, " "1, " "1, " "1, " "1, " "1, " "1, " "1, " "1, " "1, " "1, " "1, " "1, " "1, " "1, " "1, " "1, " "1, " "1, " "1, " "1, " "1, " "1, " "1, " "1, " "1, " "1, " "1, " "1, " "1, " "1, " "1, " "1, " "1, " "1, " "1, " "1, " "1, " "1, " "1, " "1, " "1, " "1, " "1, " "1, " "1, " "1, " "1, " "1, " "1, " "1, " "1, " "1, " "1, " "1, " "1, " "1, " "1, " "1, " "1, " "1, " "1, " "1, " "1, " "1, " "0, " "1, " "1, " "1, " "1, " "1, " "1, " "1, " "1, " "1, " "1, " "1, " "1, " "1, " "1, " "1, " "1, " "1, " "1, " "1, " "1, " "1, " "1, " "1, " "1, " "1, " "1, " "1, " "1, " "1, " "1, " "1, " "1, " "1, " "1, " "1, " "1, " "1, " "1, " "1, " "1, " "1, " "1, " "1, " "1, " "1, " "1, " "1, " "1, " "1, " "1, " "1, " "1, " "1, " "1, " "1, " "1, " "1, " "1, " "1, " "1, " "1, " "1, " "1, " "1, " "1, " "1, " "1, " "1, " "1, " "1, " "1, " "1, " "1, " "1, " "1, " "1, " "1, " "1, " "1, " "1, " "1, " "1, " "1, " "1, " "1, " "1, " "1, " "1, " "1, " "1, " "1, " "1, " "1, " "1, " "1, " "1, " "1, " "1, " "1, " "1, " "1, " "1, " "1, " "1, " "1, " "1, " "1, "0
 "Nei406, 0.216, " "0.964, " "1, " "1, " "1, " "1, " "1, " "1, " "1, " "1, " "1, " "1, " "1, " "1, " "1, " "1, " "1, " "1, " "1, " "1, " "1, " "1, " "1, " "1, " "1, " "1, " "1, " "1, " "1, " "1, " "1, " "1, " "1, " "1, " "1, " "1, " "1, " "1, " "1, " "1, " "1, " "1, " "1, " "1, " "1, " "1, " "1, " "1, " "1, " "1, " "1, " "1, " "1, " "1, " "1, " "1, " "1, " "1, " "1, " "1, " "1, " "1, " "1, " "1, " "1, " "1, " "1, " "1, " "1, " "1, " "1, " "1, " "1, " "1, " "1, " "1, " "1, " "1, " "1, " "1, " "1, " "1, " "1, " "1, " "1, " "1, " "1, " "1, " "1, " "1, " "1, " "1, " "1, " "1, " "1, " "1, " "1, " "1, " "1, " "1, " "1, " "1, " "1, " "1, " "1, " "1, " "1, " "1, " "1, " "1, " "1, " "1, " "1, " "1, " "1, " "1, " "1, " "1, " "1, " "1, " "1, " "1, " "1, " "1, " "1, " "1, " "1, " "1, " "1, " "1, " "1, " "1, " "1, " "1, " "1, " "1, " "1, " "1, " "1, " "1, " "1, " "1, " "1, " "1, " "1, " "1, " "1, " "1, " "1, " "1, " "1, " "1, " "1, " "1, " "1, " "1, " "1, " "1, " "1, " "1, " "1, " "1, " "1, " "1, " "1, " "1, " "1, " "1, " "1, " "1, " "1, " "1, " "1, " "1, " "1, " "1, " "1, " "1, " "1, " "1, " "1, " "1, " "1, " "1, " "1, " "1, " "1, " "1, " "1, " "1, " "1, " "1, " "1, " "1, " "1, " "1, " "1, " "1, " "1, " "1, " "1, " "1, " "1, " "1, " "1, " "1, " "1, " "1, " "1, " "1, " "1, " "1, " "1, " "1, " "1, " "1, " "1, " "1, " "1, " "1, " "1, " "1, " "1, " "1, " "1, " "1, " "1, " "1, " "1, " "1, " "1, " "1, " "1, " "1, " "1, " "1, " "1, " "1, " "1, " "1, " "1, " "1, " "1, " "1, " "1, " "1, " "1, " "1, " "1, " "1, " "1, " "1, " "1, " "1, " "1, " "1, " "1, " "1, " "1, " "1, " "1, " "1, " "1, " "1, " "1, " "1, " "1, " "1, " "1, " "1, " "1, " "1, " "1, " "1, " "1, " "1, " "1, " "1, " "1, " "1, " "1, " "1, " "1, " "1, " "1, " "1, " "1, " "1, " "1, " "1, " "1, " "1, " "1, " "1, " "1, " "1, " "1, " "1, " "1, " "1, " "1, " "1, " "1, " "1, " "1, " "1, " "1, " "1, " "1, " "1, " "1, " "1, " "1, " "1, " "1, " "1, " "1, " "1, " "1, " "1, " "1, " "1, " "1, " "1, " "1, " "1, " "1, " "1, " "1, " "1, " "1, " "1, " "1, " "1, " "1, " "1, " "1, " "1, " "1, " "1, " "1, " "1, " "1, " "1, " "1, " "1, " "1, " "1, " "1, " "1, " "1, " "1, " "1, " "1, " "1, " "1, " "1, " "1, " "1, " "1, " "1, " "1, " "1, " "1, " "1, " "1, " "1, " "1, " "1, " "1, " "1, " "1, " "1, " "1, " "1, " "1, " "1, " "1, " "1, " "1, " "1, " "1, " "1, " "1, " "1, " "1, " "1, " "1, " "1, " "1, " "1, " "1, " "1, " "1, " "1, " "1, " "1, " "1, " "1, " "1, " "1, " "1, " "1, " "1, " "1, " "1, " "1, " "1, " "0, " "1, " "1, " "1, " "1, " "1, " "1, " "1, " "1, " "1, " "1, " "1, " "1, " "1, " "1, " "1, " "1, " "1, " "1, " "1, " "1, " "1, " "1, " "1, " "1, " "1, " "1, " "1, " "1, " "1, " "1, " "1, " "1, " "1, " "1, " "1, " "1, " "1, " "1, " "1, " "1, " "1, " "1, " "1, " "1, " "1, " "1, " "1, " "1, " "1, " "1, " "1, " "1, " "1, " "1, " "1, " "1, " "1, " "1, " "1, " "1, " "1, " "1, " "1, " "1, " "1, " "1, " "1, " "1, " "1, " "1, " "1, " "1, " "1, " "1, " "1, " "1, " "1, " "1, " "1, " "1, " "1, " "1, " "1, " "1, " "1, " "1, " "1, " "1, " "1, " "1, " "1, " "1, " "1, " "1, " "1, " "1, " "1, " "1, " "1, " "1, " "1, " "1, " "1, " "1, " "1, " "1, "0
 "Nei407, 0.286, " "0.219, " "1, " "1, " "1, " "1, " "1, " "1, " "1, " "1, " "1, " "1, " "1, " "1, " "1, " "1, " "1, " "1, " "1, " "1, " "1, " "1, " "1, " "1, " "1, " "1, " "1, " "1, " "1, " "1, " "1, " "1, " "1, " "1, " "1, " "1, " "1, " "1, " "1, " "1, " "1, " "1, " "1, " "1, " "1, " "1, " "1, " "1, " "1, " "1, " "1, " "1, " "1, " "1, " "1, " "1, " "1, " "1, " "1, " "1, " "1, " "1, " "1, " "1, " "1, " "1, " "1, " "1, " "1, " "1, " "1, " "1, " "1, " "1, " "1, " "1, " "1, " "1, " "1, " "1, " "1, " "1, " "1, " "1, " "1, " "1, " "1, " "1, " "1, " "1, " "1, " "1, " "1, " "1, " "1, " "1, " "1, " "1, " "1, " "1, " "1, " "1, " "1, " "1, " "1, " "1, " "1, " "1, " "1, " "1, " "1, " "1, " "1, " "1, " "1, " "1, " "1, " "1, " "1, " "1, " "1, " "1, " "1, " "1, " "1, " "1, " "1, " "1, " "1, " "1, " "1, " "1, " "1, " "1, " "1, " "1, " "1, " "1, " "1, " "1, " "1, " "1, " "1, " "1, " "1, " "1, " "1, " "1, " "1, " "1, " "1, " "1, " "1, " "1, " "1, " "1, " "1, " "1, " "1, " "1, " "1, " "1, " "1, " "1, " "1, " "1, " "1, " "1, " "1, " "1, " "1, " "1, " "1, " "1, " "1, " "1, " "1, " "1, " "1, " "1, " "1, " "1, " "1, " "1, " "1, " "1, " "1, " "1, " "1, " "1, " "1, " "1, " "1, " "1, " "1, " "1, " "1, " "1, " "1, " "1, " "1, " "1, " "1, " "1, " "1, " "1, " "1, " "1, " "1, " "1, " "1, " "1, " "1, " "1, " "1, " "1, " "1, " "1, " "1, " "1, " "1, " "1, " "1, " "1, " "1, " "1, " "1, " "1, " "1, " "1, " "1, " "1, " "1, " "1, " "1, " "1, " "1, " "1, " "1, " "1, " "1, " "1, " "1, " "1, " "1, " "1, " "1, " "1, " "1, " "1, " "1, " "1, " "1, " "1, " "1, " "1, " "1, " "1, " "1, " "1, " "1, " "1, " "1, " "1, " "1, " "1, " "1, " "1, " "1, " "1, " "1, " "1, " "1, " "1, " "1, " "1, " "1, " "1, " "1, " "1, " "1, " "1, " "1, " "1, " "1, " "1, " "1, " "1, " "1, " "1, " "1, " "1, " "1, " "1, " "1, " "1, " "1, " "1, " "1, " "1, " "1, " "1, " "1, " "1, " "1, " "1, " "1, " "1, " "1, " "1, " "1, " "1, " "1, " "1, " "1, " "1, " "1, " "1, " "1, " "1, " "1, " "1, " "1, " "1, " "1, " "1, " "1, " "1, " "1, " "1, " "1, " "1, " "1, " "1, " "1, " "1, " "1, " "1, " "1, " "1, " "1, " "1, " "1, " "1, " "1, " "1, " "1, " "1, " "1, " "1, " "1, " "1, " "1, " "1, " "1, " "1, " "1, " "1, " "1, " "1, " "1, " "1, " "1, " "1, " "1, " "1, " "1, " "1, " "1, " "1, " "1, " "1, " "1, " "1, " "1, " "1, " "1, " "1, " "1, " "1, " "1, " "1, " "1, " "1, " "1, " "1, " "1, " "1, " "1, " "1, " "1, " "1, " "1, " "1, " "1, " "1, " "1, " "1, " "1, " "1, " "1, " "1, " "1, " "1, " "1, " "1, " "1, " "1, " "1, " "0, " "1, " "1, " "1, " "1, " "1, " "1, " "1, " "1, " "1, " "1, " "1, " "1, " "1, " "1, " "1, " "1, " "1, " "1, " "1, " "1, " "1, " "1, " "1, " "1, " "1, " "1, " "1, " "1, " "1, " "1, " "1, " "1, " "1, " "1, " "1, " "1, " "1, " "1, " "1, " "1, " "1, " "1, " "1, " "1, " "1, " "1, " "1, " "1, " "1, " "1, " "1, " "1, " "1, " "1, " "1, " "1, " "1, " "1, " "1, " "1, " "1, " "1, " "1, " "1, " "1, " "1, " "1, " "1, " "1, " "1, " "1, " "1, " "1, " "1, " "1, " "1, " "1, " "1, " "1, " "1, " "1, " "1, " "1, " "1, " "1, " "1, " "1, " "1, " "1, " "1, " "1, " "1, " "1, " "1, " "1, " "1, " "1, " "1, " "1, " "1, " "1, " "1, " "1, " "1, " "1, "0
 "Nei408, 0.006, " "0.543, " "1, " "1, " "1, " "1, " "1, " "1, " "1, " "1, " "1, " "1, " "1, " "1, " "1, " "1, " "1, " "1, " "1, " "1, " "1, " "1, " "1, " "1, " "1, " "1, " "1, " "1, " "1, " "1, " "1, " "1, " "1, " "1, " "1, " "1, " "1, " "1, " "1, " "1, " "1, " "1, " "1, " "1, " "1, " "1, " "1, " "1, " "1, " "1, " "1, " "1, " "1, " "1, " "1, " "1, " "1, " "1, " "1, " "1, " "1, " "1, " "1, " "1, " "1, " "1, " "1, " "1, " "1, " "1, " "1, " "1, " "1, " "1, " "1, " "1, " "1, " "1, " "1, " "1, " "1, " "1, " "1, " "1, " "1, " "1, " "1, " "1, " "1, " "1, " "1, " "1, " "1, " "1, " "1, " "1, " "1, " "1, " "1, " "1, " "1, " "1, " "1, " "1, " "1, " "1, " "1, " "1, " "1, " "1, " "1, " "1, " "1, " "1, " "1, " "1, " "1, " "1, " "1, " "1, " "1, " "1, " "1, " "1, " "1, " "1, " "1, " "1, " "1, " "1, " "1, " "1, " "1, " "1, " "1, " "1, " "1, " "1, " "1, " "1, " "1, " "1, " "1, " "1, " "1, " "1, " "1, " "1, " "1, " "1, " "1, " "1, " "1, " "1, " "1, " "1, " "1, " "1, " "1, " "1, " "1, " "1, " "1, " "1, " "1, " "1, " "1, " "1, " "1, " "1, " "1, " "1, " "1, " "1, " "1, " "1, " "1, " "1, " "1, " "1, " "1, " "1, " "1, " "1, " "1, " "1, " "1, " "1, " "1, " "1, " "1, " "1, " "1, " "1, " "1, " "1, " "1, " "1, " "1, " "1, " "1, " "1, " "1, " "1, " "1, " "1, " "1, " "1, " "1, " "1, " "1, " "1, " "1, " "1, " "1, " "1, " "1, " "1, " "1, " "1, " "1, " "1, " "1, " "1, " "1, " "1, " "1, " "1, " "1, " "1, " "1, " "1, " "1, " "1, " "1, " "1, " "1, " "1, " "1, " "1, " "1, " "1, " "1, " "1, " "1, " "1, " "1, " "1, " "1, " "1, " "1, " "1, " "1, " "1, " "1, " "1, " "1, " "1, " "1, " "1, " "1, " "1, " "1, " "1, " "1, " "1, " "1, " "1, " "1, " "1, " "1, " "1, " "1, " "1, " "1, " "1, " "1, " "1, " "1, " "1, " "1, " "1, " "1, " "1, " "1, " "1, " "1, " "1, " "1, " "1, " "1, " "1, " "1, " "1, " "1, " "1, " "1, " "1, " "1, " "1, " "1, " "1, " "1, " "1, " "1, " "1, " "1, " "1, " "1, " "1, " "1, " "1, " "1, " "1, " "1, " "1, " "1, " "1, " "1, " "1, " "1, " "1, " "1, " "1, " "1, " "1, " "1, " "1, " "1, " "1, " "1, " "1, " "1, " "1, " "1, " "1, " "1, " "1, " "1, " "1, " "1, " "1, " "1, " "1, " "1, " "1, " "1, " "1, " "1, " "1, " "1, " "1, " "1, " "1, " "1, " "1, " "1, " "1, " "1, " "1, " "1, " "1, " "1, " "1, " "1, " "1, " "1, " "1, " "1, " "1, " "1, " "1, " "1, " "1, " "1, " "1, " "1, " "1, " "1, " "1, " "1, " "1, " "1, " "1, " "1, " "1, " "1, " "1, " "1, " "1, " "1, " "1, " "1, " "1, " "1, " "1, " "1, " "1, " "1, " "1, " "1, " "1, " "1, " "1, " "1, " "1, " "1, " "1, " "1, " "1, " "0, " "1, " "1, " "1, " "1, " "1, " "1, " "1, " "1, " "1, " "1, " "1, " "1, " "1, " "1, " "1, " "1, " "1, " "1, " "1, " "1, " "1, " "1, " "1, " "1, " "1, " "1, " "1, " "1, " "1, " "1, " "1, " "1, " "1, " "1, " "1, " "1, " "1, " "1, " "1, " "1, " "1, " "1, " "1, " "1, " "1, " "1, " "1, " "1, " "1, " "1, " "1, " "1, " "1, " "1, " "1, " "1, " "1, " "1, " "1, " "1, " "1, " "1, " "1, " "1, " "1, " "1, " "1, " "1, " "1, " "1, " "1, " "1, " "1, " "1, " "1, " "1, " "1, " "1, " "1, " "1, " "1, " "1, " "1, " "1, " "1, " "1, " "1, " "1, " "1, " "1, " "1, " "1, " "1, " "1, " "1, " "1, " "1, " "1, " "1, " "1, " "1, " "1, " "1, " "1, "0
 "Nei409, 0.338, " "-0.155, " "1, " "1, " "1, " "1, " "1, " "1, " "1, " "1, " "1, " "1, " "1, " "1, " "1, " "1, " "1, " "1, " "1, " "1, " "1, " "1, " "1, " "1, " "1, " "1, " "1, " "1, " "1, " "1, " "1, " "1, " "1, " "1, " "1, " "1, " "1, " "1, " "1, " "1, " "1, " "1, " "1, " "1, " "1, " "1, " "1, " "1, " "1, " "1, " "1, " "1, " "1, " "1, " "1, " "1, " "1, " "1, " "1, " "1, " "1, " "1, " "1, " "1, " "1, " "1, " "1, " "1, " "1, " "1, " "1, " "1, " "1, " "1, " "1, " "1, " "1, " "1, " "1, " "1, " "1, " "1, " "1, " "1, " "1, " "1, " "1, " "1, " "1, " "1, " "1, " "1, " "1, " "1, " "1, " "1, " "1, " "1, " "1, " "1, " "1, " "1, " "1, " "1, " "1, " "1, " "1, " "1, " "1, " "1, " "1, " "1, " "1, " "1, " "1, " "1, " "1, " "1, " "1, " "1, " "1, " "1, " "1, " "1, " "1, " "1, " "1, " "1, " "1, " "1, " "1, " "1, " "1, " "1, " "1, " "1, " "1, " "1, " "1, " "1, " "1, " "1, " "1, " "1, " "1, " "1, " "1, " "1, " "1, " "1, " "1, " "1, " "1, " "1, " "1, " "1, " "1, " "1, " "1, " "1, " "1, " "1, " "1, " "1, " "1, " "1, " "1, " "1, " "1, " "1, " "1, " "1, " "1, " "1, " "1, " "1, " "1, " "1, " "1, " "1, " "1, " "1, " "1, " "1, " "1, " "1, " "1, " "1, " "1, " "1, " "1, " "1, " "1, " "1, " "1, " "1, " "1, " "1, " "1, " "1, " "1, " "1, " "1, " "1, " "1, " "1, " "1, " "1, " "1, " "1, " "1, " "1, " "1, " "1, " "1, " "1, " "1, " "1, " "1, " "1, " "1, " "1, " "1, " "1, " "1, " "1, " "1, " "1, " "1, " "1, " "1, " "1, " "1, " "1, " "1, " "1, " "1, " "1, " "1, " "1, " "1, " "1, " "1, " "1, " "1, " "1, " "1, " "1, " "1, " "1, " "1, " "1, " "1, " "1, " "1, " "1, " "1, " "1, " "1, " "1, " "1, " "1, " "1, " "1, " "1, " "1, " "1, " "1, " "1, " "1, " "1, " "1, " "1, " "1, " "1, " "1, " "1, " "1, " "1, " "1, " "1, " "1, " "1, " "1, " "1, " "1, " "1, " "1, " "1, " "1, " "1, " "1, " "1, " "1, " "1, " "1, " "1, " "1, " "1, " "1, " "1, " "1, " "1, " "1, " "1, " "1, " "1, " "1, " "1, " "1, " "1, " "1, " "1, " "1, " "1, " "1, " "1, " "1, " "1, " "1, " "1, " "1, " "1, " "1, " "1, " "1, " "1, " "1, " "1, " "1, " "1, " "1, " "1, " "1, " "1, " "1, " "1, " "1, " "1, " "1, " "1, " "1, " "1, " "1, " "1, " "1, " "1, " "1, " "1, " "1, " "1, " "1, " "1, " "1, " "1, " "1, " "1, " "1, " "1, " "1, " "1, " "1, " "1, " "1, " "1, " "1, " "1, " "1, " "1, " "1, " "1, " "1, " "1, " "1, " "1, " "1, " "1, " "1, " "1, " "1, " "1, " "1, " "1, " "1, " "1, " "1, " "1, " "1, " "1, " "1, " "1, " "1, " "1, " "1, " "1, " "1, " "1, " "1, " "1, " "1, " "1, " "1, " "1, " "1, " "1, " "1, " "1, " "1, " "1, " "1, " "1, " "0, " "1, " "1, " "1, " "1, " "1, " "1, " "1, " "1, " "1, " "1, " "1, " "1, " "1, " "1, " "1, " "1, " "1, " "1, " "1, " "1, " "1, " "1, " "1, " "1, " "1, " "1, " "1, " "1, " "1, " "1, " "1, " "1, " "1, " "1, " "1, " "1, " "1, " "1, " "1, " "1, " "1, " "1, " "1, " "1, " "1, " "1, " "1, " "1, " "1, " "1, " "1, " "1, " "1, " "1, " "1, " "1, " "1, " "1, " "1, " "1, " "1, " "1, " "1, " "1, " "1, " "1, " "1, " "1, " "1, " "1, " "1, " "1, " "1, " "1, " "1, " "1, " "1, " "1, " "1, " "1, " "1, " "1, " "1, " "1, " "1, " "1, " "1, " "1, " "1, " "1, " "1, " "1, " "1, " "1, " "1, " "1, " "1, " "1, " "1, " "1, " "1, " "1, " "1, "0
 "Nei410, 0.31, " "0.236, " "1, " "1, " "1, " "1, " "1, " "1, " "1, " "1, " "1, " "1, " "1, " "1, " "1, " "1, " "1, " "1, " "1, " "1, " "1, " "1, " "1, " "1, " "1, " "1, " "1, " "1, " "1, " "1, " "1, " "1, " "1, " "1, " "1, " "1, " "1, " "1, " "1, " "1, " "1, " "1, " "1, " "1, " "1, " "1, " "1, " "1, " "1, " "1, " "1, " "1, " "1, " "1, " "1, " "1, " "1, " "1, " "1, " "1, " "1, " "1, " "1, " "1, " "1, " "1, " "1, " "1, " "1, " "1, " "1, " "1, " "1, " "1, " "1, " "1, " "1, " "1, " "1, " "1, " "1, " "1, " "1, " "1, " "1, " "1, " "1, " "1, " "1, " "1, " "1, " "1, " "1, " "1, " "1, " "1, " "1, " "1, " "1, " "1, " "1, " "1, " "1, " "1, " "1, " "1, " "1, " "1, " "1, " "1, " "1, " "1, " "1, " "1, " "1, " "1, " "1, " "1, " "1, " "1, " "1, " "1, " "1, " "1, " "1, " "1, " "1, " "1, " "1, " "1, " "1, " "1, " "1, " "1, " "1, " "1, " "1, " "1, " "1, " "1, " "1, " "1, " "1, " "1, " "1, " "1, " "1, " "1, " "1, " "1, " "1, " "1, " "1, " "1, " "1, " "1, " "1, " "1, " "1, " "1, " "1, " "1, " "1, " "1, " "1, " "1, " "1, " "1, " "1, " "1, " "1, " "1, " "1, " "1, " "1, " "1, " "1, " "1, " "1, " "1, " "1, " "1, " "1, " "1, " "1, " "1, " "1, " "1, " "1, " "1, " "1, " "1, " "1, " "1, " "1, " "1, " "1, " "1, " "1, " "1, " "1, " "1, " "1, " "1, " "1, " "1, " "1, " "1, " "1, " "1, " "1, " "1, " "1, " "1, " "1, " "1, " "1, " "1, " "1, " "1, " "1, " "1, " "1, " "1, " "1, " "1, " "1, " "1, " "1, " "1, " "1, " "1, " "1, " "1, " "1, " "1, " "1, " "1, " "1, " "1, " "1, " "1, " "1, " "1, " "1, " "1, " "1, " "1, " "1, " "1, " "1, " "1, " "1, " "1, " "1, " "1, " "1, " "1, " "1, " "1, " "1, " "1, " "1, " "1, " "1, " "1, " "1, " "1, " "1, " "1, " "1, " "1, " "1, " "1, " "1, " "1, " "1, " "1, " "1, " "1, " "1, " "1, " "1, " "1, " "1, " "1, " "1, " "1, " "1, " "1, " "1, " "1, " "1, " "1, " "1, " "1, " "1, " "1, " "1, " "1, " "1, " "1, " "1, " "1, " "1, " "1, " "1, " "1, " "1, " "1, " "1, " "1, " "1, " "1, " "1, " "1, " "1, " "1, " "1, " "1, " "1, " "1, " "1, " "1, " "1, " "1, " "1, " "1, " "1, " "1, " "1, " "1, " "1, " "1, " "1, " "1, " "1, " "1, " "1, " "1, " "1, " "1, " "1, " "1, " "1, " "1, " "1, " "1, " "1, " "1, " "1, " "1, " "1, " "1, " "1, " "1, " "1, " "1, " "1, " "1, " "1, " "1, " "1, " "1, " "1, " "1, " "1, " "1, " "1, " "1, " "1, " "1, " "1, " "1, " "1, " "1, " "1, " "1, " "1, " "1, " "1, " "1, " "1, " "1, " "1, " "1, " "1, " "1, " "1, " "1, " "1, " "1, " "1, " "1, " "1, " "1, " "1, " "1, " "1, " "1, " "1, " "1, " "1, " "1, " "1, " "1, " "1, " "1, " "1, " "1, " "1, " "1, " "0, " "1, " "1, " "1, " "1, " "1, " "1, " "1, " "1, " "1, " "1, " "1, " "1, " "1, " "1, " "1, " "1, " "1, " "1, " "1, " "1, " "1, " "1, " "1, " "1, " "1, " "1, " "1, " "1, " "1, " "1, " "1, " "1, " "1, " "1, " "1, " "1, " "1, " "1, " "1, " "1, " "1, " "1, " "1, " "1, " "1, " "1, " "1, " "1, " "1, " "1, " "1, " "1, " "1, " "1, " "1, " "1, " "1, " "1, " "1, " "1, " "1, " "1, " "1, " "1, " "1, " "1, " "1, " "1, " "1, " "1, " "1, " "1, " "1, " "1, " "1, " "1, " "1, " "1, " "1, " "1, " "1, " "1, " "1, " "1, " "1, " "1, " "1, " "1, " "1, " "1, " "1, " "1, " "1, " "1, " "1, " "1, " "1, " "1, " "1, " "1, " "1, " "1, "0
 "Nei411, 0.198, " "0.531, " "1, " "1, " "1, " "1, " "1, " "1, " "1, " "1, " "1, " "1, " "1, " "1, " "1, " "1, " "1, " "1, " "1, " "1, " "1, " "1, " "1, " "1, " "1, " "1, " "1, " "1, " "1, " "1, " "1, " "1, " "1, " "1, " "1, " "1, " "1, " "1, " "1, " "1, " "1, " "1, " "1, " "1, " "1, " "1, " "1, " "1, " "1, " "1, " "1, " "1, " "1, " "1, " "1, " "1, " "1, " "1, " "1, " "1, " "1, " "1, " "1, " "1, " "1, " "1, " "1, " "1, " "1, " "1, " "1, " "1, " "1, " "1, " "1, " "1, " "1, " "1, " "1, " "1, " "1, " "1, " "1, " "1, " "1, " "1, " "1, " "1, " "1, " "1, " "1, " "1, " "1, " "1, " "1, " "1, " "1, " "1, " "1, " "1, " "1, " "1, " "1, " "1, " "1, " "1, " "1, " "1, " "1, " "1, " "1, " "1, " "1, " "1, " "1, " "1, " "1, " "1, " "1, " "1, " "1, " "1, " "1, " "1, " "1, " "1, " "1, " "1, " "1, " "1, " "1, " "1, " "1, " "1, " "1, " "1, " "1, " "1, " "1, " "1, " "1, " "1, " "1, " "1, " "1, " "1, " "1, " "1, " "1, " "1, " "1, " "1, " "1, " "1, " "1, " "1, " "1, " "1, " "1, " "1, " "1, " "1, " "1, " "1, " "1, " "1, " "1, " "1, " "1, " "1, " "1, " "1, " "1, " "1, " "1, " "1, " "1, " "1, " "1, " "1, " "1, " "1, " "1, " "1, " "1, " "1, " "1, " "1, " "1, " "1, " "1, " "1, " "1, " "1, " "1, " "1, " "1, " "1, " "1, " "1, " "1, " "1, " "1, " "1, " "1, " "1, " "1, " "1, " "1, " "1, " "1, " "1, " "1, " "1, " "1, " "1, " "1, " "1, " "1, " "1, " "1, " "1, " "1, " "1, " "1, " "1, " "1, " "1, " "1, " "1, " "1, " "1, " "1, " "1, " "1, " "1, " "1, " "1, " "1, " "1, " "1, " "1, " "1, " "1, " "1, " "1, " "1, " "1, " "1, " "1, " "1, " "1, " "1, " "1, " "1, " "1, " "1, " "1, " "1, " "1, " "1, " "1, " "1, " "1, " "1, " "1, " "1, " "1, " "1, " "1, " "1, " "1, " "1, " "1, " "1, " "1, " "1, " "1, " "1, " "1, " "1, " "1, " "1, " "1, " "1, " "1, " "1, " "1, " "1, " "1, " "1, " "1, " "1, " "1, " "1, " "1, " "1, " "1, " "1, " "1, " "1, " "1, " "1, " "1, " "1, " "1, " "1, " "1, " "1, " "1, " "1, " "1, " "1, " "1, " "1, " "1, " "1, " "1, " "1, " "1, " "1, " "1, " "1, " "1, " "1, " "1, " "1, " "1, " "1, " "1, " "1, " "1, " "1, " "1, " "1, " "1, " "1, " "1, " "1, " "1, " "1, " "1, " "1, " "1, " "1, " "1, " "1, " "1, " "1, " "1, " "1, " "1, " "1, " "1, " "1, " "1, " "1, " "1, " "1, " "1, " "1, " "1, " "1, " "1, " "1, " "1, " "1, " "1, " "1, " "1, " "1, " "1, " "1, " "1, " "1, " "1, " "1, " "1, " "1, " "1, " "1, " "1, " "1, " "1, " "1, " "1, " "1, " "1, " "1, " "1, " "1, " "1, " "1, " "1, " "1, " "1, " "1, " "1, " "1, " "1, " "1, " "1, " "1, " "1, " "1, " "1, " "1, " "1, " "1, " "1, " "1, " "1, " "1, " "0, " "1, " "1, " "1, " "1, " "1, " "1, " "1, " "1, " "1, " "1, " "1, " "1, " "1, " "1, " "1, " "1, " "1, " "1, " "1, " "1, " "1, " "1, " "1, " "1, " "1, " "1, " "1, " "1, " "1, " "1, " "1, " "1, " "1, " "1, " "1, " "1, " "1, " "1, " "1, " "1, " "1, " "1, " "1, " "1, " "1, " "1, " "1, " "1, " "1, " "1, " "1, " "1, " "1, " "1, " "1, " "1, " "1, " "1, " "1, " "1, " "1, " "1, " "1, " "1, " "1, " "1, " "1, " "1, " "1, " "1, " "1, " "1, " "1, " "1, " "1, " "1, " "1, " "1, " "1, " "1, " "1, " "1, " "1, " "1, " "1, " "1, " "1, " "1, " "1, " "1, " "1, " "1, " "1, " "1, " "1, " "1, " "1, " "1, " "1, " "1, " "1, "0
 "Nei412, 0.249, " "-0.276, " "1, " "1, " "1, " "1, " "1, " "1, " "1, " "1, " "1, " "1, " "1, " "1, " "1, " "1, " "1, " "1, " "1, " "1, " "1, " "1, " "1, " "1, " "1, " "1, " "1, " "1, " "1, " "1, " "1, " "1, " "1, " "1, " "1, " "1, " "1, " "1, " "1, " "1, " "1, " "1, " "1, " "1, " "1, " "1, " "1, " "1, " "1, " "1, " "1, " "1, " "1, " "1, " "1, " "1, " "1, " "1, " "1, " "1, " "1, " "1, " "1, " "1, " "1, " "1, " "1, " "1, " "1, " "1, " "1, " "1, " "1, " "1, " "1, " "1, " "1, " "1, " "1, " "1, " "1, " "1, " "1, " "1, " "1, " "1, " "1, " "1, " "1, " "1, " "1, " "1, " "1, " "1, " "1, " "1, " "1, " "1, " "1, " "1, " "1, " "1, " "1, " "1, " "1, " "1, " "1, " "1, " "1, " "1, " "1, " "1, " "1, " "1, " "1, " "1, " "1, " "1, " "1, " "1, " "1, " "1, " "1, " "1, " "1, " "1, " "1, " "1, " "1, " "1, " "1, " "1, " "1, " "1, " "1, " "1, " "1, " "1, " "1, " "1, " "1, " "1, " "1, " "1, " "1, " "1, " "1, " "1, " "1, " "1, " "1, " "1, " "1, " "1, " "1, " "1, " "1, " "1, " "1, " "1, " "1, " "1, " "1, " "1, " "1, " "1, " "1, " "1, " "1, " "1, " "1, " "1, " "1, " "1, " "1, " "1, " "1, " "1, " "1, " "1, " "1, " "1, " "1, " "1, " "1, " "1, " "1, " "1, " "1, " "1, " "1, " "1, " "1, " "1, " "1, " "1, " "1, " "1, " "1, " "1, " "1, " "1, " "1, " "1, " "1, " "1, " "1, " "1, " "1, " "1, " "1, " "1, " "1, " "1, " "1, " "1, " "1, " "1, " "1, " "1, " "1, " "1, " "1, " "1, " "1, " "1, " "1, " "1, " "1, " "1, " "1, " "1, " "1, " "1, " "1, " "1, " "1, " "1, " "1, " "1, " "1, " "1, " "1, " "1, " "1, " "1, " "1, " "1, " "1, " "1, " "1, " "1, " "1, " "1, " "1, " "1, " "1, " "1, " "1, " "1, " "1, " "1, " "1, " "1, " "1, " "1, " "1, " "1, " "1, " "1, " "1, " "1, " "1, " "1, " "1, " "1, " "1, " "1, " "1, " "1, " "1, " "1, " "1, " "1, " "1, " "1, " "1, " "1, " "1, " "1, " "1, " "1, " "1, " "1, " "1, " "1, " "1, " "1, " "1, " "1, " "1, " "1, " "1, " "1, " "1, " "1, " "1, " "1, " "1, " "1, " "1, " "1, " "1, " "1, " "1, " "1, " "1, " "1, " "1, " "1, " "1, " "1, " "1, " "1, " "1, " "1, " "1, " "1, " "1, " "1, " "1, " "1, " "1, " "1, " "1, " "1, " "1, " "1, " "1, " "1, " "1, " "1, " "1, " "1, " "1, " "1, " "1, " "1, " "1, " "1, " "1, " "1, " "1, " "1, " "1, " "1, " "1, " "1, " "1, " "1, " "1, " "1, " "1, " "1, " "1, " "1, " "1, " "1, " "1, " "1, " "1, " "1, " "1, " "1, " "1, " "1, " "1, " "1, " "1, " "1, " "1, " "1, " "1, " "1, " "1, " "1, " "1, " "1, " "1, " "1, " "1, " "1, " "1, " "1, " "1, " "1, " "1, " "1, " "1, " "1, " "1, " "1, " "1, " "1, " "1, " "1, " "1, " "1, " "1, " "1, " "1, " "1, " "1, " "1, " "0, " "1, " "1, " "1, " "1, " "1, " "1, " "1, " "1, " "1, " "1, " "1, " "1, " "1, " "1, " "1, " "1, " "1, " "1, " "1, " "1, " "1, " "1, " "1, " "1, " "1, " "1, " "1, " "1, " "1, " "1, " "1, " "1, " "1, " "1, " "1, " "1, " "1, " "1, " "1, " "1, " "1, " "1, " "1, " "1, " "1, " "1, " "1, " "1, " "1, " "1, " "1, " "1, " "1, " "1, " "1, " "1, " "1, " "1, " "1, " "1, " "1, " "1, " "1, " "1, " "1, " "1, " "1, " "1, " "1, " "1, " "1, " "1, " "1, " "1, " "1, " "1, " "1, " "1, " "1, " "1, " "1, " "1, " "1, " "1, " "1, " "1, " "1, " "1, " "1, " "1, " "1, " "1, " "1, " "1, " "1, " "1, " "1, " "1, " "1, " "1, "0
 "Nei413, 0.11, " "-0.468, " "1, " "1, " "1, " "1, " "1, " "1, " "1, " "1, " "1, " "1, " "1, " "1, " "1, " "1, " "1, " "1, " "1, " "1, " "1, " "1, " "1, " "1, " "1, " "1, " "1, " "1, " "1, " "1, " "1, " "1, " "1, " "1, " "1, " "1, " "1, " "1, " "1, " "1, " "1, " "1, " "1, " "1, " "1, " "1, " "1, " "1, " "1, " "1, " "1, " "1, " "1, " "1, " "1, " "1, " "1, " "1, " "1, " "1, " "1, " "1, " "1, " "1, " "1, " "1, " "1, " "1, " "1, " "1, " "1, " "1, " "1, " "1, " "1, " "1, " "1, " "1, " "1, " "1, " "1, " "1, " "1, " "1, " "1, " "1, " "1, " "1, " "1, " "1, " "1, " "1, " "1, " "1, " "1, " "1, " "1, " "1, " "1, " "1, " "1, " "1, " "1, " "1, " "1, " "1, " "1, " "1, " "1, " "1, " "1, " "1, " "1, " "1, " "1, " "1, " "1, " "1, " "1, " "1, " "1, " "1, " "1, " "1, " "1, " "1, " "1, " "1, " "1, " "1, " "1, " "1, " "1, " "1, " "1, " "1, " "1, " "1, " "1, " "1, " "1, " "1, " "1, " "1, " "1, " "1, " "1, " "1, " "1, " "1, " "1, " "1, " "1, " "1, " "1, " "1, " "1, " "1, " "1, " "1, " "1, " "1, " "1, " "1, " "1, " "1, " "1, " "1, " "1, " "1, " "1, " "1, " "1, " "1, " "1, " "1, " "1, " "1, " "1, " "1, " "1, " "1, " "1, " "1, " "1, " "1, " "1, " "1, " "1, " "1, " "1, " "1, " "1, " "1, " "1, " "1, " "1, " "1, " "1, " "1, " "1, " "1, " "1, " "1, " "1, " "1, " "1, " "1, " "1, " "1, " "1, " "1, " "1, " "1, " "1, " "1, " "1, " "1, " "1, " "1, " "1, " "1, " "1, " "1, " "1, " "1, " "1, " "1, " "1, " "1, " "1, " "1, " "1, " "1, " "1, " "1, " "1, " "1, " "1, " "1, " "1, " "1, " "1, " "1, " "1, " "1, " "1, " "1, " "1, " "1, " "1, " "1, " "1, " "1, " "1, " "1, " "1, " "1, " "1, " "1, " "1, " "1, " "1, " "1, " "1, " "1, " "1, " "1, " "1, " "1, " "1, " "1, " "1, " "1, " "1, " "1, " "1, " "1, " "1, " "1, " "1, " "1, " "1, " "1, " "1, " "1, " "1, " "1, " "1, " "1, " "1, " "1, " "1, " "1, " "1, " "1, " "1, " "1, " "1, " "1, " "1, " "1, " "1, " "1, " "1, " "1, " "1, " "1, " "1, " "1, " "1, " "1, " "1, " "1, " "1, " "1, " "1, " "1, " "1, " "1, " "1, " "1, " "1, " "1, " "1, " "1, " "1, " "1, " "1, " "1, " "1, " "1, " "1, " "1, " "1, " "1, " "1, " "1, " "1, " "1, " "1, " "1, " "1, " "1, " "1, " "1, " "1, " "1, " "1, " "1, " "1, " "1, " "1, " "1, " "1, " "1, " "1, " "1, " "1, " "1, " "1, " "1, " "1, " "1, " "1, " "1, " "1, " "1, " "1, " "1, " "1, " "1, " "1, " "1, " "1, " "1, " "1, " "1, " "1, " "1, " "1, " "1, " "1, " "1, " "1, " "1, " "1, " "1, " "1, " "1, " "1, " "1, " "1, " "1, " "1, " "1, " "1, " "1, " "1, " "1, " "1, " "1, " "1, " "1, " "1, " "1, " "1, " "1, " "1, " "1, " "1, " "1, " "1, " "1, " "1, " "0, " "1, " "1, " "1, " "1, " "1, " "1, " "1, " "1, " "1, " "1, " "1, " "1, " "1, " "1, " "1, " "1, " "1, " "1, " "1, " "1, " "1, " "1, " "1, " "1, " "1, " "1, " "1, " "1, " "1, " "1, " "1, " "1, " "1, " "1, " "1, " "1, " "1, " "1, " "1, " "1, " "1, " "1, " "1, " "1, " "1, " "1, " "1, " "1, " "1, " "1, " "1, " "1, " "1, " "1, " "1, " "1, " "1, " "1, " "1, " "1, " "1, " "1, " "1, " "1, " "1, " "1, " "1, " "1, " "1, " "1, " "1, " "1, " "1, " "1, " "1, " "1, " "1, " "1, " "1, " "1, " "1, " "1, " "1, " "1, " "1, " "1, " "1, " "1, " "1, " "1, " "1, " "1, " "1, " "1, " "1, " "1, " "1, " "1, " "1, "0
 "Nei414, 0.033, " "0.808, " "1, " "1, " "1, " "1, " "1, " "1, " "1, " "1, " "1, " "1, " "1, " "1, " "1, " "1, " "1, " "1, " "1, " "1, " "1, " "1, " "1, " "1, " "1, " "1, " "1, " "1, " "1, " "1, " "1, " "1, " "1, " "1, " "1, " "1, " "1, " "1, " "1, " "1, " "1, " "1, " "1, " "1, " "1, " "1, " "1, " "1, " "1, " "1, " "1, " "1, " "1, " "1, " "1, " "1, " "1, " "1, " "1, " "1, " "1, " "1, " "1, " "1, " "1, " "1, " "1, " "1, " "1, " "1, " "1, " "1, " "1, " "1, " "1, " "1, " "1, " "1, " "1, " "1, " "1, " "1, " "1, " "1, " "1, " "1, " "1, " "1, " "1, " "1, " "1, " "1, " "1, " "1, " "1, " "1, " "1, " "1, " "1, " "1, " "1, " "1, " "1, " "1, " "1, " "1, " "1, " "1, " "1, " "1, " "1, " "1, " "1, " "1, " "1, " "1, " "1, " "1, " "1, " "1, " "1, " "1, " "1, " "1, " "1, " "1, " "1, " "1, " "1, " "1, " "1, " "1, " "1, " "1, " "1, " "1, " "1, " "1, " "1, " "1, " "1, " "1, " "1, " "1, " "1, " "1, " "1, " "1, " "1, " "1, " "1, " "1, " "1, " "1, " "1, " "1, " "1, " "1, " "1, " "1, " "1, " "1, " "1, " "1, " "1, " "1, " "1, " "1, " "1, " "1, " "1, " "1, " "1, " "1, " "1, " "1, " "1, " "1, " "1, " "1, " "1, " "1, " "1, " "1, " "1, " "1, " "1, " "1, " "1, " "1, " "1, " "1, " "1, " "1, " "1, " "1, " "1, " "1, " "1, " "1, " "1, " "1, " "1, " "1, " "1, " "1, " "1, " "1, " "1, " "1, " "1, " "1, " "1, " "1, " "1, " "1, " "1, " "1, " "1, " "1, " "1, " "1, " "1, " "1, " "1, " "1, " "1, " "1, " "1, " "1, " "1, " "1, " "1, " "1, " "1, " "1, " "1, " "1, " "1, " "1, " "1, " "1, " "1, " "1, " "1, " "1, " "1, " "1, " "1, " "1, " "1, " "1, " "1, " "1, " "1, " "1, " "1, " "1, " "1, " "1, " "1, " "1, " "1, " "1, " "1, " "1, " "1, " "1, " "1, " "1, " "1, " "1, " "1, " "1, " "1, " "1, " "1, " "1, " "1, " "1, " "1, " "1, " "1, " "1, " "1, " "1, " "1, " "1, " "1, " "1, " "1, " "1, " "1, " "1, " "1, " "1, " "1, " "1, " "1, " "1, " "1, " "1, " "1, " "1, " "1, " "1, " "1, " "1, " "1, " "1, " "1, " "1, " "1, " "1, " "1, " "1, " "1, " "1, " "1, " "1, " "1, " "1, " "1, " "1, " "1, " "1, " "1, " "1, " "1, " "1, " "1, " "1, " "1, " "1, " "1, " "1, " "1, " "1, " "1, " "1, " "1, " "1, " "1, " "1, " "1, " "1, " "1, " "1, " "1, " "1, " "1, " "1, " "1, " "1, " "1, " "1, " "1, " "1, " "1, " "1, " "1, " "1, " "1, " "1, " "1, " "1, " "1, " "1, " "1, " "1, " "1, " "1, " "1, " "1, " "1, " "1, " "1, " "1, " "1, " "1, " "1, " "1, " "1, " "1, " "1, " "1, " "1, " "1, " "1, " "1, " "1, " "1, " "1, " "1, " "1, " "1, " "1, " "1, " "1, " "1, " "1, " "1, " "1, " "1, " "1, " "1, " "1, " "1, " "1, " "1, " "1, " "1, " "1, " "1, " "1, " "1, " "0, " "1, " "1, " "1, " "1, " "1, " "1, " "1, " "1, " "1, " "1, " "1, " "1, " "1, " "1, " "1, " "1, " "1, " "1, " "1, " "1, " "1, " "1, " "1, " "1, " "1, " "1, " "1, " "1, " "1, " "1, " "1, " "1, " "1, " "1, " "1, " "1, " "1, " "1, " "1, " "1, " "1, " "1, " "1, " "1, " "1, " "1, " "1, " "1, " "1, " "1, " "1, " "1, " "1, " "1, " "1, " "1, " "1, " "1, " "1, " "1, " "1, " "1, " "1, " "1, " "1, " "1, " "1, " "1, " "1, " "1, " "1, " "1, " "1, " "1, " "1, " "1, " "1, " "1, " "1, " "1, " "1, " "1, " "1, " "1, " "1, " "1, " "1, " "1, " "1, " "1, " "1, " "1, " "1, " "1, " "1, " "1, " "1, " "1, "0
 "Nei415, 0.322, " "-0.684, " "1, " "1, " "1, " "1, " "1, " "1, " "1, " "1, " "1, " "1, " "1, " "1, " "1, " "1, " "1, " "1, " "1, " "1, " "1, " "1, " "1, " "1, " "1, " "1, " "1, " "1, " "1, " "1, " "1, " "1, " "1, " "1, " "1, " "1, " "1, " "1, " "1, " "1, " "1, " "1, " "1, " "1, " "1, " "1, " "1, " "1, " "1, " "1, " "1, " "1, " "1, " "1, " "1, " "1, " "1, " "1, " "1, " "1, " "1, " "1, " "1, " "1, " "1, " "1, " "1, " "1, " "1, " "1, " "1, " "1, " "1, " "1, " "1, " "1, " "1, " "1, " "1, " "1, " "1, " "1, " "1, " "1, " "1, " "1, " "1, " "1, " "1, " "1, " "1, " "1, " "1, " "1, " "1, " "1, " "1, " "1, " "1, " "1, " "1, " "1, " "1, " "1, " "1, " "1, " "1, " "1, " "1, " "1, " "1, " "1, " "1, " "1, " "1, " "1, " "1, " "1, " "1, " "1, " "1, " "1, " "1, " "1, " "1, " "1, " "1, " "1, " "1, " "1, " "1, " "1, " "1, " "1, " "1, " "1, " "1, " "1, " "1, " "1, " "1, " "1, " "1, " "1, " "1, " "1, " "1, " "1, " "1, " "1, " "1, " "1, " "1, " "1, " "1, " "1, " "1, " "1, " "1, " "1, " "1, " "1, " "1, " "1, " "1, " "1, " "1, " "1, " "1, " "1, " "1, " "1, " "1, " "1, " "1, " "1, " "1, " "1, " "1, " "1, " "1, " "1, " "1, " "1, " "1, " "1, " "1, " "1, " "1, " "1, " "1, " "1, " "1, " "1, " "1, " "1, " "1, " "1, " "1, " "1, " "1, " "1, " "1, " "1, " "1, " "1, " "1, " "1, " "1, " "1, " "1, " "1, " "1, " "1, " "1, " "1, " "1, " "1, " "1, " "1, " "1, " "1, " "1, " "1, " "1, " "1, " "1, " "1, " "1, " "1, " "1, " "1, " "1, " "1, " "1, " "1, " "1, " "1, " "1, " "1, " "1, " "1, " "1, " "1, " "1, " "1, " "1, " "1, " "1, " "1, " "1, " "1, " "1, " "1, " "1, " "1, " "1, " "1, " "1, " "1, " "1, " "1, " "1, " "1, " "1, " "1, " "1, " "1, " "1, " "1, " "1, " "1, " "1, " "1, " "1, " "1, " "1, " "1, " "1, " "1, " "1, " "1, " "1, " "1, " "1, " "1, " "1, " "1, " "1, " "1, " "1, " "1, " "1, " "1, " "1, " "1, " "1, " "1, " "1, " "1, " "1, " "1, " "1, " "1, " "1, " "1, " "1, " "1, " "1, " "1, " "1, " "1, " "1, " "1, " "1, " "1, " "1, " "1, " "1, " "1, " "1, " "1, " "1, " "1, " "1, " "1, " "1, " "1, " "1, " "1, " "1, " "1, " "1, " "1, " "1, " "1, " "1, " "1, " "1, " "1, " "1, " "1, " "1, " "1, " "1, " "1, " "1, " "1, " "1, " "1, " "1, " "1, " "1, " "1, " "1, " "1, " "1, " "1, " "1, " "1, " "1, " "1, " "1, " "1, " "1, " "1, " "1, " "1, " "1, " "1, " "1, " "1, " "1, " "1, " "1, " "1, " "1, " "1, " "1, " "1, " "1, " "1, " "1, " "1, " "1, " "1, " "1, " "1, " "1, " "1, " "1, " "1, " "1, " "1, " "1, " "1, " "1, " "1, " "1, " "1, " "1, " "1, " "1, " "1, " "1, " "1, " "1, " "1, " "1, " "1, " "1, " "1, " "1, " "1, " "1, " "1, " "1, " "0, " "1, " "1, " "1, " "1, " "1, " "1, " "1, " "1, " "1, " "1, " "1, " "1, " "1, " "1, " "1, " "1, " "1, " "1, " "1, " "1, " "1, " "1, " "1, " "1, " "1, " "1, " "1, " "1, " "1, " "1, " "1, " "1, " "1, " "1, " "1, " "1, " "1, " "1, " "1, " "1, " "1, " "1, " "1, " "1, " "1, " "1, " "1, " "1, " "1, " "1, " "1, " "1, " "1, " "1, " "1, " "1, " "1, " "1, " "1, " "1, " "1, " "1, " "1, " "1, " "1, " "1, " "1, " "1, " "1, " "1, " "1, " "1, " "1, " "1, " "1, " "1, " "1, " "1, " "1, " "1, " "1, " "1, " "1, " "1, " "1, " "1, " "1, " "1, " "1, " "1, " "1, " "1, " "1, " "1, " "1, " "1, " "1, "0
 "Nei416, 0.325, " "0.459, " "1, " "1, " "1, " "1, " "1, " "1, " "1, " "1, " "1, " "1, " "1, " "1, " "1, " "1, " "1, " "1, " "1, " "1, " "1, " "1, " "1, " "1, " "1, " "1, " "1, " "1, " "1, " "1, " "1, " "1, " "1, " "1, " "1, " "1, " "1, " "1, " "1, " "1, " "1, " "1, " "1, " "1, " "1, " "1, " "1, " "1, " "1, " "1, " "1, " "1, " "1, " "1, " "1, " "1, " "1, " "1, " "1, " "1, " "1, " "1, " "1, " "1, " "1, " "1, " "1, " "1, " "1, " "1, " "1, " "1, " "1, " "1, " "1, " "1, " "1, " "1, " "1, " "1, " "1, " "1, " "1, " "1, " "1, " "1, " "1, " "1, " "1, " "1, " "1, " "1, " "1, " "1, " "1, " "1, " "1, " "1, " "1, " "1, " "1, " "1, " "1, " "1, " "1, " "1, " "1, " "1, " "1, " "1, " "1, " "1, " "1, " "1, " "1, " "1, " "1, " "1, " "1, " "1, " "1, " "1, " "1, " "1, " "1, " "1, " "1, " "1, " "1, " "1, " "1, " "1, " "1, " "1, " "1, " "1, " "1, " "1, " "1, " "1, " "1, " "1, " "1, " "1, " "1, " "1, " "1, " "1, " "1, " "1, " "1, " "1, " "1, " "1, " "1, " "1, " "1, " "1, " "1, " "1, " "1, " "1, " "1, " "1, " "1, " "1, " "1, " "1, " "1, " "1, " "1, " "1, " "1, " "1, " "1, " "1, " "1, " "1, " "1, " "1, " "1, " "1, " "1, " "1, " "1, " "1, " "1, " "1, " "1, " "1, " "1, " "1, " "1, " "1, " "1, " "1, " "1, " "1, " "1, " "1, " "1, " "1, " "1, " "1, " "1, " "1, " "1, " "1, " "1, " "1, " "1, " "1, " "1, " "1, " "1, " "1, " "1, " "1, " "1, " "1, " "1, " "1, " "1, " "1, " "1, " "1, " "1, " "1, " "1, " "1, " "1, " "1, " "1, " "1, " "1, " "1, " "1, " "1, " "1, " "1, " "1, " "1, " "1, " "1, " "1, " "1, " "1, " "1, " "1, " "1, " "1, " "1, " "1, " "1, " "1, " "1, " "1, " "1, " "1, " "1, " "1, " "1, " "1, " "1, " "1, " "1, " "1, " "1, " "1, " "1, " "1, " "1, " "1, " "1, " "1, " "1, " "1, " "1, " "1, " "1, " "1, " "1, " "1, " "1, " "1, " "1, " "1, " "1, " "1, " "1, " "1, " "1, " "1, " "1, " "1, " "1, " "1, " "1, " "1, " "1, " "1, " "1, " "1, " "1, " "1, " "1, " "1, " "1, " "1, " "1, " "1, " "1, " "1, " "1, " "1, " "1, " "1, " "1, " "1, " "1, " "1, " "1, " "1, " "1, " "1, " "1, " "1, " "1, " "1, " "1, " "1, " "1, " "1, " "1, " "1, " "1, " "1, " "1, " "1, " "1, " "1, " "1, " "1, " "1, " "1, " "1, " "1, " "1, " "1, " "1, " "1, " "1, " "1, " "1, " "1, " "1, " "1, " "1, " "1, " "1, " "1, " "1, " "1, " "1, " "1, " "1, " "1, " "1, " "1, " "1, " "1, " "1, " "1, " "1, " "1, " "1, " "1, " "1, " "1, " "1, " "1, " "1, " "1, " "1, " "1, " "1, " "1, " "1, " "1, " "1, " "1, " "1, " "1, " "1, " "1, " "1, " "1, " "1, " "1, " "1, " "1, " "1, " "1, " "1, " "1, " "1, " "1, " "1, " "1, " "1, " "1, " "1, " "1, " "1, " "1, " "1, " "1, " "1, " "0, " "1, " "1, " "1, " "1, " "1, " "1, " "1, " "1, " "1, " "1, " "1, " "1, " "1, " "1, " "1, " "1, " "1, " "1, " "1, " "1, " "1, " "1, " "1, " "1, " "1, " "1, " "1, " "1, " "1, " "1, " "1, " "1, " "1, " "1, " "1, " "1, " "1, " "1, " "1, " "1, " "1, " "1, " "1, " "1, " "1, " "1, " "1, " "1, " "1, " "1, " "1, " "1, " "1, " "1, " "1, " "1, " "1, " "1, " "1, " "1, " "1, " "1, " "1, " "1, " "1, " "1, " "1, " "1, " "1, " "1, " "1, " "1, " "1, " "1, " "1, " "1, " "1, " "1, " "1, " "1, " "1, " "1, " "1, " "1, " "1, " "1, " "1, " "1, " "1, " "1, " "1, " "1, " "1, " "1, " "1, " "1, "0
 "Nei417, 0.076, " "-0.309, " "1, " "1, " "1, " "1, " "1, " "1, " "1, " "1, " "1, " "1, " "1, " "1, " "1, " "1, " "1, " "1, " "1, " "1, " "1, " "1, " "1, " "1, " "1, " "1, " "1, " "1, " "1, " "1, " "1, " "1, " "1, " "1, " "1, " "1, " "1, " "1, " "1, " "1, " "1, " "1, " "1, " "1, " "1, " "1, " "1, " "1, " "1, " "1, " "1, " "1, " "1, " "1, " "1, " "1, " "1, " "1, " "1, " "1, " "1, " "1, " "1, " "1, " "1, " "1, " "1, " "1, " "1, " "1, " "1, " "1, " "1, " "1, " "1, " "1, " "1, " "1, " "1, " "1, " "1, " "1, " "1, " "1, " "1, " "1, " "1, " "1, " "1, " "1, " "1, " "1, " "1, " "1, " "1, " "1, " "1, " "1, " "1, " "1, " "1, " "1, " "1, " "1, " "1, " "1, " "1, " "1, " "1, " "1, " "1, " "1, " "1, " "1, " "1, " "1, " "1, " "1, " "1, " "1, " "1, " "1, " "1, " "1, " "1, " "1, " "1, " "1, " "1, " "1, " "1, " "1, " "1, " "1, " "1, " "1, " "1, " "1, " "1, " "1, " "1, " "1, " "1, " "1, " "1, " "1, " "1, " "1, " "1, " "1, " "1, " "1, " "1, " "1, " "1, " "1, " "1, " "1, " "1, " "1, " "1, " "1, " "1, " "1, " "1, " "1, " "1, " "1, " "1, " "1, " "1, " "1, " "1, " "1, " "1, " "1, " "1, " "1, " "1, " "1, " "1, " "1, " "1, " "1, " "1, " "1, " "1, " "1, " "1, " "1, " "1, " "1, " "1, " "1, " "1, " "1, " "1, " "1, " "1, " "1, " "1, " "1, " "1, " "1, " "1, " "1, " "1, " "1, " "1, " "1, " "1, " "1, " "1, " "1, " "1, " "1, " "1, " "1, " "1, " "1, " "1, " "1, " "1, " "1, " "1, " "1, " "1, " "1, " "1, " "1, " "1, " "1, " "1, " "1, " "1, " "1, " "1, " "1, " "1, " "1, " "1, " "1, " "1, " "1, " "1, " "1, " "1, " "1, " "1, " "1, " "1, " "1, " "1, " "1, " "1, " "1, " "1, " "1, " "1, " "1, " "1, " "1, " "1, " "1, " "1, " "1, " "1, " "1, " "1, " "1, " "1, " "1, " "1, " "1, " "1, " "1, " "1, " "1, " "1, " "1, " "1, " "1, " "1, " "1, " "1, " "1, " "1, " "1, " "1, " "1, " "1, " "1, " "1, " "1, " "1, " "1, " "1, " "1, " "1, " "1, " "1, " "1, " "1, " "1, " "1, " "1, " "1, " "1, " "1, " "1, " "1, " "1, " "1, " "1, " "1, " "1, " "1, " "1, " "1, " "1, " "1, " "1, " "1, " "1, " "1, " "1, " "1, " "1, " "1, " "1, " "1, " "1, " "1, " "1, " "1, " "1, " "1, " "1, " "1, " "1, " "1, " "1, " "1, " "1, " "1, " "1, " "1, " "1, " "1, " "1, " "1, " "1, " "1, " "1, " "1, " "1, " "1, " "1, " "1, " "1, " "1, " "1, " "1, " "1, " "1, " "1, " "1, " "1, " "1, " "1, " "1, " "1, " "1, " "1, " "1, " "1, " "1, " "1, " "1, " "1, " "1, " "1, " "1, " "1, " "1, " "1, " "1, " "1, " "1, " "1, " "1, " "1, " "1, " "1, " "1, " "1, " "1, " "1, " "1, " "1, " "1, " "1, " "1, " "1, " "1, " "1, " "1, " "1, " "1, " "1, " "1, " "1, " "1, " "1, " "1, " "1, " "1, " "1, " "1, " "0, " "1, " "1, " "1, " "1, " "1, " "1, " "1, " "1, " "1, " "1, " "1, " "1, " "1, " "1, " "1, " "1, " "1, " "1, " "1, " "1, " "1, " "1, " "1, " "1, " "1, " "1, " "1, " "1, " "1, " "1, " "1, " "1, " "1, " "1, " "1, " "1, " "1, " "1, " "1, " "1, " "1, " "1, " "1, " "1, " "1, " "1, " "1, " "1, " "1, " "1, " "1, " "1, " "1, " "1, " "1, " "1, " "1, " "1, " "1, " "1, " "1, " "1, " "1, " "1, " "1, " "1, " "1, " "1, " "1, " "1, " "1, " "1, " "1, " "1, " "1, " "1, " "1, " "1, " "1, " "1, " "1, " "1, " "1, " "1, " "1, " "1, " "1, " "1, " "1, " "1, " "1, " "1, " "1, " "1, " "1, "0
 "Nei418, 0.115, " "0.578, " "1, " "1, " "1, " "1, " "1, " "1, " "1, " "1, " "1, " "1, " "1, " "1, " "1, " "1, " "1, " "1, " "1, " "1, " "1, " "1, " "1, " "1, " "1, " "1, " "1, " "1, " "1, " "1, " "1, " "1, " "1, " "1, " "1, " "1, " "1, " "1, " "1, " "1, " "1, " "1, " "1, " "1, " "1, " "1, " "1, " "1, " "1, " "1, " "1, " "1, " "1, " "1, " "1, " "1, " "1, " "1, " "1, " "1, " "1, " "1, " "1, " "1, " "1, " "1, " "1, " "1, " "1, " "1, " "1, " "1, " "1, " "1, " "1, " "1, " "1, " "1, " "1, " "1, " "1, " "1, " "1, " "1, " "1, " "1, " "1, " "1, " "1, " "1, " "1, " "1, " "1, " "1, " "1, " "1, " "1, " "1, " "1, " "1, " "1, " "1, " "1, " "1, " "1, " "1, " "1, " "1, " "1, " "1, " "1, " "1, " "1, " "1, " "1, " "1, " "1, " "1, " "1, " "1, " "1, " "1, " "1, " "1, " "1, " "1, " "1, " "1, " "1, " "1, " "1, " "1, " "1, " "1, " "1, " "1, " "1, " "1, " "1, " "1, " "1, " "1, " "1, " "1, " "1, " "1, " "1, " "1, " "1, " "1, " "1, " "1, " "1, " "1, " "1, " "1, " "1, " "1, " "1, " "1, " "1, " "1, " "1, " "1, " "1, " "1, " "1, " "1, " "1, " "1, " "1, " "1, " "1, " "1, " "1, " "1, " "1, " "1, " "1, " "1, " "1, " "1, " "1, " "1, " "1, " "1, " "1, " "1, " "1, " "1, " "1, " "1, " "1, " "1, " "1, " "1, " "1, " "1, " "1, " "1, " "1, " "1, " "1, " "1, " "1, " "1, " "1, " "1, " "1, " "1, " "1, " "1, " "1, " "1, " "1, " "1, " "1, " "1, " "1, " "1, " "1, " "1, " "1, " "1, " "1, " "1, " "1, " "1, " "1, " "1, " "1, " "1, " "1, " "1, " "1, " "1, " "1, " "1, " "1, " "1, " "1, " "1, " "1, " "1, " "1, " "1, " "1, " "1, " "1, " "1, " "1, " "1, " "1, " "1, " "1, " "1, " "1, " "1, " "1, " "1, " "1, " "1, " "1, " "1, " "1, " "1, " "1, " "1, " "1, " "1, " "1, " "1, " "1, " "1, " "1, " "1, " "1, " "1, " "1, " "1, " "1, " "1, " "1, " "1, " "1, " "1, " "1, " "1, " "1, " "1, " "1, " "1, " "1, " "1, " "1, " "1, " "1, " "1, " "1, " "1, " "1, " "1, " "1, " "1, " "1, " "1, " "1, " "1, " "1, " "1, " "1, " "1, " "1, " "1, " "1, " "1, " "1, " "1, " "1, " "1, " "1, " "1, " "1, " "1, " "1, " "1, " "1, " "1, " "1, " "1, " "1, " "1, " "1, " "1, " "1, " "1, " "1, " "1, " "1, " "1, " "1, " "1, " "1, " "1, " "1, " "1, " "1, " "1, " "1, " "1, " "1, " "1, " "1, " "1, " "1, " "1, " "1, " "1, " "1, " "1, " "1, " "1, " "1, " "1, " "1, " "1, " "1, " "1, " "1, " "1, " "1, " "1, " "1, " "1, " "1, " "1, " "1, " "1, " "1, " "1, " "1, " "1, " "1, " "1, " "1, " "1, " "1, " "1, " "1, " "1, " "1, " "1, " "1, " "1, " "1, " "1, " "1, " "1, " "1, " "1, " "1, " "1, " "1, " "1, " "1, " "1, " "1, " "1, " "1, " "1, " "1, " "1, " "1, " "1, " "1, " "1, " "1, " "1, " "1, " "1, " "0, " "1, " "1, " "1, " "1, " "1, " "1, " "1, " "1, " "1, " "1, " "1, " "1, " "1, " "1, " "1, " "1, " "1, " "1, " "1, " "1, " "1, " "1, " "1, " "1, " "1, " "1, " "1, " "1, " "1, " "1, " "1, " "1, " "1, " "1, " "1, " "1, " "1, " "1, " "1, " "1, " "1, " "1, " "1, " "1, " "1, " "1, " "1, " "1, " "1, " "1, " "1, " "1, " "1, " "1, " "1, " "1, " "1, " "1, " "1, " "1, " "1, " "1, " "1, " "1, " "1, " "1, " "1, " "1, " "1, " "1, " "1, " "1, " "1, " "1, " "1, " "1, " "1, " "1, " "1, " "1, " "1, " "1, " "1, " "1, " "1, " "1, " "1, " "1, " "1, " "1, " "1, " "1, " "1, " "1, "0
 "Nei419, 0.058, " "0.085, " "1, " "1, " "1, " "1, " "1, " "1, " "1, " "1, " "1, " "1, " "1, " "1, " "1, " "1, " "1, " "1, " "1, " "1, " "1, " "1, " "1, " "1, " "1, " "1, " "1, " "1, " "1, " "1, " "1, " "1, " "1, " "1, " "1, " "1, " "1, " "1, " "1, " "1, " "1, " "1, " "1, " "1, " "1, " "1, " "1, " "1, " "1, " "1, " "1, " "1, " "1, " "1, " "1, " "1, " "1, " "1, " "1, " "1, " "1, " "1, " "1, " "1, " "1, " "1, " "1, " "1, " "1, " "1, " "1, " "1, " "1, " "1, " "1, " "1, " "1, " "1, " "1, " "1, " "1, " "1, " "1, " "1, " "1, " "1, " "1, " "1, " "1, " "1, " "1, " "1, " "1, " "1, " "1, " "1, " "1, " "1, " "1, " "1, " "1, " "1, " "1, " "1, " "1, " "1, " "1, " "1, " "1, " "1, " "1, " "1, " "1, " "1, " "1, " "1, " "1, " "1, " "1, " "1, " "1, " "1, " "1, " "1, " "1, " "1, " "1, " "1, " "1, " "1, " "1, " "1, " "1, " "1, " "1, " "1, " "1, " "1, " "1, " "1, " "1, " "1, " "1, " "1, " "1, " "1, " "1, " "1, " "1, " "1, " "1, " "1, " "1, " "1, " "1, " "1, " "1, " "1, " "1, " "1, " "1, " "1, " "1, " "1, " "1, " "1, " "1, " "1, " "1, " "1, " "1, " "1, " "1, " "1, " "1, " "1, " "1, " "1, " "1, " "1, " "1, " "1, " "1, " "1, " "1, " "1, " "1, " "1, " "1, " "1, " "1, " "1, " "1, " "1, " "1, " "1, " "1, " "1, " "1, " "1, " "1, " "1, " "1, " "1, " "1, " "1, " "1, " "1, " "1, " "1, " "1, " "1, " "1, " "1, " "1, " "1, " "1, " "1, " "1, " "1, " "1, " "1, " "1, " "1, " "1, " "1, " "1, " "1, " "1, " "1, " "1, " "1, " "1, " "1, " "1, " "1, " "1, " "1, " "1, " "1, " "1, " "1, " "1, " "1, " "1, " "1, " "1, " "1, " "1, " "1, " "1, " "1, " "1, " "1, " "1, " "1, " "1, " "1, " "1, " "1, " "1, " "1, " "1, " "1, " "1, " "1, " "1, " "1, " "1, " "1, " "1, " "1, " "1, " "1, " "1, " "1, " "1, " "1, " "1, " "1, " "1, " "1, " "1, " "1, " "1, " "1, " "1, " "1, " "1, " "1, " "1, " "1, " "1, " "1, " "1, " "1, " "1, " "1, " "1, " "1, " "1, " "1, " "1, " "1, " "1, " "1, " "1, " "1, " "1, " "1, " "1, " "1, " "1, " "1, " "1, " "1, " "1, " "1, " "1, " "1, " "1, " "1, " "1, " "1, " "1, " "1, " "1, " "1, " "1, " "1, " "1, " "1, " "1, " "1, " "1, " "1, " "1, " "1, " "1, " "1, " "1, " "1, " "1, " "1, " "1, " "1, " "1, " "1, " "1, " "1, " "1, " "1, " "1, " "1, " "1, " "1, " "1, " "1, " "1, " "1, " "1, " "1, " "1, " "1, " "1, " "1, " "1, " "1, " "1, " "1, " "1, " "1, " "1, " "1, " "1, " "1, " "1, " "1, " "1, " "1, " "1, " "1, " "1, " "1, " "1, " "1, " "1, " "1, " "1, " "1, " "1, " "1, " "1, " "1, " "1, " "1, " "1, " "1, " "1, " "1, " "1, " "1, " "1, " "1, " "1, " "1, " "1, " "1, " "1, " "1, " "1, " "1, " "1, " "1, " "1, " "1, " "1, " "1, " "1, " "1, " "1, " "0, " "1, " "1, " "1, " "1, " "1, " "1, " "1, " "1, " "1, " "1, " "1, " "1, " "1, " "1, " "1, " "1, " "1, " "1, " "1, " "1, " "1, " "1, " "1, " "1, " "1, " "1, " "1, " "1, " "1, " "1, " "1, " "1, " "1, " "1, " "1, " "1, " "1, " "1, " "1, " "1, " "1, " "1, " "1, " "1, " "1, " "1, " "1, " "1, " "1, " "1, " "1, " "1, " "1, " "1, " "1, " "1, " "1, " "1, " "1, " "1, " "1, " "1, " "1, " "1, " "1, " "1, " "1, " "1, " "1, " "1, " "1, " "1, " "1, " "1, " "1, " "1, " "1, " "1, " "1, " "1, " "1, " "1, " "1, " "1, " "1, " "1, " "1, " "1, " "1, " "1, " "1, " "1, " "1, "0
 "Nei420, 0.266, " "-0.165, " "1, " "1, " "1, " "1, " "1, " "1, " "1, " "1, " "1, " "1, " "1, " "1, " "1, " "1, " "1, " "1, " "1, " "1, " "1, " "1, " "1, " "1, " "1, " "1, " "1, " "1, " "1, " "1, " "1, " "1, " "1, " "1, " "1, " "1, " "1, " "1, " "1, " "1, " "1, " "1, " "1, " "1, " "1, " "1, " "1, " "1, " "1, " "1, " "1, " "1, " "1, " "1, " "1, " "1, " "1, " "1, " "1, " "1, " "1, " "1, " "1, " "1, " "1, " "1, " "1, " "1, " "1, " "1, " "1, " "1, " "1, " "1, " "1, " "1, " "1, " "1, " "1, " "1, " "1, " "1, " "1, " "1, " "1, " "1, " "1, " "1, " "1, " "1, " "1, " "1, " "1, " "1, " "1, " "1, " "1, " "1, " "1, " "1, " "1, " "1, " "1, " "1, " "1, " "1, " "1, " "1, " "1, " "1, " "1, " "1, " "1, " "1, " "1, " "1, " "1, " "1, " "1, " "1, " "1, " "1, " "1, " "1, " "1, " "1, " "1, " "1, " "1, " "1, " "1, " "1, " "1, " "1, " "1, " "1, " "1, " "1, " "1, " "1, " "1, " "1, " "1, " "1, " "1, " "1, " "1, " "1, " "1, " "1, " "1, " "1, " "1, " "1, " "1, " "1, " "1, " "1, " "1, " "1, " "1, " "1, " "1, " "1, " "1, " "1, " "1, " "1, " "1, " "1, " "1, " "1, " "1, " "1, " "1, " "1, " "1, " "1, " "1, " "1, " "1, " "1, " "1, " "1, " "1, " "1, " "1, " "1, " "1, " "1, " "1, " "1, " "1, " "1, " "1, " "1, " "1, " "1, " "1, " "1, " "1, " "1, " "1, " "1, " "1, " "1, " "1, " "1, " "1, " "1, " "1, " "1, " "1, " "1, " "1, " "1, " "1, " "1, " "1, " "1, " "1, " "1, " "1, " "1, " "1, " "1, " "1, " "1, " "1, " "1, " "1, " "1, " "1, " "1, " "1, " "1, " "1, " "1, " "1, " "1, " "1, " "1, " "1, " "1, " "1, " "1, " "1, " "1, " "1, " "1, " "1, " "1, " "1, " "1, " "1, " "1, " "1, " "1, " "1, " "1, " "1, " "1, " "1, " "1, " "1, " "1, " "1, " "1, " "1, " "1, " "1, " "1, " "1, " "1, " "1, " "1, " "1, " "1, " "1, " "1, " "1, " "1, " "1, " "1, " "1, " "1, " "1, " "1, " "1, " "1, " "1, " "1, " "1, " "1, " "1, " "1, " "1, " "1, " "1, " "1, " "1, " "1, " "1, " "1, " "1, " "1, " "1, " "1, " "1, " "1, " "1, " "1, " "1, " "1, " "1, " "1, " "1, " "1, " "1, " "1, " "1, " "1, " "1, " "1, " "1, " "1, " "1, " "1, " "1, " "1, " "1, " "1, " "1, " "1, " "1, " "1, " "1, " "1, " "1, " "1, " "1, " "1, " "1, " "1, " "1, " "1, " "1, " "1, " "1, " "1, " "1, " "1, " "1, " "1, " "1, " "1, " "1, " "1, " "1, " "1, " "1, " "1, " "1, " "1, " "1, " "1, " "1, " "1, " "1, " "1, " "1, " "1, " "1, " "1, " "1, " "1, " "1, " "1, " "1, " "1, " "1, " "1, " "1, " "1, " "1, " "1, " "1, " "1, " "1, " "1, " "1, " "1, " "1, " "1, " "1, " "1, " "1, " "1, " "1, " "1, " "1, " "1, " "1, " "1, " "1, " "1, " "1, " "1, " "1, " "1, " "1, " "1, " "1, " "1, " "1, " "1, " "1, " "1, " "1, " "1, " "1, " "1, " "0, " "1, " "1, " "1, " "1, " "1, " "1, " "1, " "1, " "1, " "1, " "1, " "1, " "1, " "1, " "1, " "1, " "1, " "1, " "1, " "1, " "1, " "1, " "1, " "1, " "1, " "1, " "1, " "1, " "1, " "1, " "1, " "1, " "1, " "1, " "1, " "1, " "1, " "1, " "1, " "1, " "1, " "1, " "1, " "1, " "1, " "1, " "1, " "1, " "1, " "1, " "1, " "1, " "1, " "1, " "1, " "1, " "1, " "1, " "1, " "1, " "1, " "1, " "1, " "1, " "1, " "1, " "1, " "1, " "1, " "1, " "1, " "1, " "1, " "1, " "1, " "1, " "1, " "1, " "1, " "1, " "1, " "1, " "1, " "1, " "1, " "1, " "1, " "1, " "1, " "1, " "1, " "1, "0
 "Nei421, 0.164, " "-0.022, " "1, " "1, " "1, " "1, " "1, " "1, " "1, " "1, " "1, " "1, " "1, " "1, " "1, " "1, " "1, " "1, " "1, " "1, " "1, " "1, " "1, " "1, " "1, " "1, " "1, " "1, " "1, " "1, " "1, " "1, " "1, " "1, " "1, " "1, " "1, " "1, " "1, " "1, " "1, " "1, " "1, " "1, " "1, " "1, " "1, " "1, " "1, " "1, " "1, " "1, " "1, " "1, " "1, " "1, " "1, " "1, " "1, " "1, " "1, " "1, " "1, " "1, " "1, " "1, " "1, " "1, " "1, " "1, " "1, " "1, " "1, " "1, " "1, " "1, " "1, " "1, " "1, " "1, " "1, " "1, " "1, " "1, " "1, " "1, " "1, " "1, " "1, " "1, " "1, " "1, " "1, " "1, " "1, " "1, " "1, " "1, " "1, " "1, " "1, " "1, " "1, " "1, " "1, " "1, " "1, " "1, " "1, " "1, " "1, " "1, " "1, " "1, " "1, " "1, " "1, " "1, " "1, " "1, " "1, " "1, " "1, " "1, " "1, " "1, " "1, " "1, " "1, " "1, " "1, " "1, " "1, " "1, " "1, " "1, " "1, " "1, " "1, " "1, " "1, " "1, " "1, " "1, " "1, " "1, " "1, " "1, " "1, " "1, " "1, " "1, " "1, " "1, " "1, " "1, " "1, " "1, " "1, " "1, " "1, " "1, " "1, " "1, " "1, " "1, " "1, " "1, " "1, " "1, " "1, " "1, " "1, " "1, " "1, " "1, " "1, " "1, " "1, " "1, " "1, " "1, " "1, " "1, " "1, " "1, " "1, " "1, " "1, " "1, " "1, " "1, " "1, " "1, " "1, " "1, " "1, " "1, " "1, " "1, " "1, " "1, " "1, " "1, " "1, " "1, " "1, " "1, " "1, " "1, " "1, " "1, " "1, " "1, " "1, " "1, " "1, " "1, " "1, " "1, " "1, " "1, " "1, " "1, " "1, " "1, " "1, " "1, " "1, " "1, " "1, " "1, " "1, " "1, " "1, " "1, " "1, " "1, " "1, " "1, " "1, " "1, " "1, " "1, " "1, " "1, " "1, " "1, " "1, " "1, " "1, " "1, " "1, " "1, " "1, " "1, " "1, " "1, " "1, " "1, " "1, " "1, " "1, " "1, " "1, " "1, " "1, " "1, " "1, " "1, " "1, " "1, " "1, " "1, " "1, " "1, " "1, " "1, " "1, " "1, " "1, " "1, " "1, " "1, " "1, " "1, " "1, " "1, " "1, " "1, " "1, " "1, " "1, " "1, " "1, " "1, " "1, " "1, " "1, " "1, " "1, " "1, " "1, " "1, " "1, " "1, " "1, " "1, " "1, " "1, " "1, " "1, " "1, " "1, " "1, " "1, " "1, " "1, " "1, " "1, " "1, " "1, " "1, " "1, " "1, " "1, " "1, " "1, " "1, " "1, " "1, " "1, " "1, " "1, " "1, " "1, " "1, " "1, " "1, " "1, " "1, " "1, " "1, " "1, " "1, " "1, " "1, " "1, " "1, " "1, " "1, " "1, " "1, " "1, " "1, " "1, " "1, " "1, " "1, " "1, " "1, " "1, " "1, " "1, " "1, " "1, " "1, " "1, " "1, " "1, " "1, " "1, " "1, " "1, " "1, " "1, " "1, " "1, " "1, " "1, " "1, " "1, " "1, " "1, " "1, " "1, " "1, " "1, " "1, " "1, " "1, " "1, " "1, " "1, " "1, " "1, " "1, " "1, " "1, " "1, " "1, " "1, " "1, " "1, " "1, " "1, " "1, " "1, " "1, " "1, " "1, " "1, " "1, " "1, " "1, " "1, " "1, " "1, " "1, " "1, " "1, " "1, " "1, " "0, " "1, " "1, " "1, " "1, " "1, " "1, " "1, " "1, " "1, " "1, " "1, " "1, " "1, " "1, " "1, " "1, " "1, " "1, " "1, " "1, " "1, " "1, " "1, " "1, " "1, " "1, " "1, " "1, " "1, " "1, " "1, " "1, " "1, " "1, " "1, " "1, " "1, " "1, " "1, " "1, " "1, " "1, " "1, " "1, " "1, " "1, " "1, " "1, " "1, " "1, " "1, " "1, " "1, " "1, " "1, " "1, " "1, " "1, " "1, " "1, " "1, " "1, " "1, " "1, " "1, " "1, " "1, " "1, " "1, " "1, " "1, " "1, " "1, " "1, " "1, " "1, " "1, " "1, " "1, " "1, " "1, " "1, " "1, " "1, " "1, " "1, " "1, " "1, " "1, " "1, " "1, "0
 "Nei422, 0.057, " "-0.231, " "1, " "1, " "1, " "1, " "1, " "1, " "1, " "1, " "1, " "1, " "1, " "1, " "1, " "1, " "1, " "1, " "1, " "1, " "1, " "1, " "1, " "1, " "1, " "1, " "1, " "1, " "1, " "1, " "1, " "1, " "1, " "1, " "1, " "1, " "1, " "1, " "1, " "1, " "1, " "1, " "1, " "1, " "1, " "1, " "1, " "1, " "1, " "1, " "1, " "1, " "1, " "1, " "1, " "1, " "1, " "1, " "1, " "1, " "1, " "1, " "1, " "1, " "1, " "1, " "1, " "1, " "1, " "1, " "1, " "1, " "1, " "1, " "1, " "1, " "1, " "1, " "1, " "1, " "1, " "1, " "1, " "1, " "1, " "1, " "1, " "1, " "1, " "1, " "1, " "1, " "1, " "1, " "1, " "1, " "1, " "1, " "1, " "1, " "1, " "1, " "1, " "1, " "1, " "1, " "1, " "1, " "1, " "1, " "1, " "1, " "1, " "1, " "1, " "1, " "1, " "1, " "1, " "1, " "1, " "1, " "1, " "1, " "1, " "1, " "1, " "1, " "1, " "1, " "1, " "1, " "1, " "1, " "1, " "1, " "1, " "1, " "1, " "1, " "1, " "1, " "1, " "1, " "1, " "1, " "1, " "1, " "1, " "1, " "1, " "1, " "1, " "1, " "1, " "1, " "1, " "1, " "1, " "1, " "1, " "1, " "1, " "1, " "1, " "1, " "1, " "1, " "1, " "1, " "1, " "1, " "1, " "1, " "1, " "1, " "1, " "1, " "1, " "1, " "1, " "1, " "1, " "1, " "1, " "1, " "1, " "1, " "1, " "1, " "1, " "1, " "1, " "1, " "1, " "1, " "1, " "1, " "1, " "1, " "1, " "1, " "1, " "1, " "1, " "1, " "1, " "1, " "1, " "1, " "1, " "1, " "1, " "1, " "1, " "1, " "1, " "1, " "1, " "1, " "1, " "1, " "1, " "1, " "1, " "1, " "1, " "1, " "1, " "1, " "1, " "1, " "1, " "1, " "1, " "1, " "1, " "1, " "1, " "1, " "1, " "1, " "1, " "1, " "1, " "1, " "1, " "1, " "1, " "1, " "1, " "1, " "1, " "1, " "1, " "1, " "1, " "1, " "1, " "1, " "1, " "1, " "1, " "1, " "1, " "1, " "1, " "1, " "1, " "1, " "1, " "1, " "1, " "1, " "1, " "1, " "1, " "1, " "1, " "1, " "1, " "1, " "1, " "1, " "1, " "1, " "1, " "1, " "1, " "1, " "1, " "1, " "1, " "1, " "1, " "1, " "1, " "1, " "1, " "1, " "1, " "1, " "1, " "1, " "1, " "1, " "1, " "1, " "1, " "1, " "1, " "1, " "1, " "1, " "1, " "1, " "1, " "1, " "1, " "1, " "1, " "1, " "1, " "1, " "1, " "1, " "1, " "1, " "1, " "1, " "1, " "1, " "1, " "1, " "1, " "1, " "1, " "1, " "1, " "1, " "1, " "1, " "1, " "1, " "1, " "1, " "1, " "1, " "1, " "1, " "1, " "1, " "1, " "1, " "1, " "1, " "1, " "1, " "1, " "1, " "1, " "1, " "1, " "1, " "1, " "1, " "1, " "1, " "1, " "1, " "1, " "1, " "1, " "1, " "1, " "1, " "1, " "1, " "1, " "1, " "1, " "1, " "1, " "1, " "1, " "1, " "1, " "1, " "1, " "1, " "1, " "1, " "1, " "1, " "1, " "1, " "1, " "1, " "1, " "1, " "1, " "1, " "1, " "1, " "1, " "1, " "1, " "1, " "1, " "1, " "1, " "1, " "1, " "1, " "1, " "1, " "1, " "1, " "1, " "1, " "1, " "1, " "1, " "1, " "0, " "1, " "1, " "1, " "1, " "1, " "1, " "1, " "1, " "1, " "1, " "1, " "1, " "1, " "1, " "1, " "1, " "1, " "1, " "1, " "1, " "1, " "1, " "1, " "1, " "1, " "1, " "1, " "1, " "1, " "1, " "1, " "1, " "1, " "1, " "1, " "1, " "1, " "1, " "1, " "1, " "1, " "1, " "1, " "1, " "1, " "1, " "1, " "1, " "1, " "1, " "1, " "1, " "1, " "1, " "1, " "1, " "1, " "1, " "1, " "1, " "1, " "1, " "1, " "1, " "1, " "1, " "1, " "1, " "1, " "1, " "1, " "1, " "1, " "1, " "1, " "1, " "1, " "1, " "1, " "1, " "1, " "1, " "1, " "1, " "1, " "1, " "1, " "1, " "1, " "1, "0
 "Nei423, 0.327, " "0.728, " "1, " "1, " "1, " "1, " "1, " "1, " "1, " "1, " "1, " "1, " "1, " "1, " "1, " "1, " "1, " "1, " "1, " "1, " "1, " "1, " "1, " "1, " "1, " "1, " "1, " "1, " "1, " "1, " "1, " "1, " "1, " "1, " "1, " "1, " "1, " "1, " "1, " "1, " "1, " "1, " "1, " "1, " "1, " "1, " "1, " "1, " "1, " "1, " "1, " "1, " "1, " "1, " "1, " "1, " "1, " "1, " "1, " "1, " "1, " "1, " "1, " "1, " "1, " "1, " "1, " "1, " "1, " "1, " "1, " "1, " "1, " "1, " "1, " "1, " "1, " "1, " "1, " "1, " "1, " "1, " "1, " "1, " "1, " "1, " "1, " "1, " "1, " "1, " "1, " "1, " "1, " "1, " "1, " "1, " "1, " "1, " "1, " "1, " "1, " "1, " "1, " "1, " "1, " "1, " "1, " "1, " "1, " "1, " "1, " "1, " "1, " "1, " "1, " "1, " "1, " "1, " "1, " "1, " "1, " "1, " "1, " "1, " "1, " "1, " "1, " "1, " "1, " "1, " "1, " "1, " "1, " "1, " "1, " "1, " "1, " "1, " "1, " "1, " "1, " "1, " "1, " "1, " "1, " "1, " "1, " "1, " "1, " "1, " "1, " "1, " "1, " "1, " "1, " "1, " "1, " "1, " "1, " "1, " "1, " "1, " "1, " "1, " "1, " "1, " "1, " "1, " "1, " "1, " "1, " "1, " "1, " "1, " "1, " "1, " "1, " "1, " "1, " "1, " "1, " "1, " "1, " "1, " "1, " "1, " "1, " "1, " "1, " "1, " "1, " "1, " "1, " "1, " "1, " "1, " "1, " "1, " "1, " "1, " "1, " "1, " "1, " "1, " "1, " "1, " "1, " "1, " "1, " "1, " "1, " "1, " "1, " "1, " "1, " "1, " "1, " "1, " "1, " "1, " "1, " "1, " "1, " "1, " "1, " "1, " "1, " "1, " "1, " "1, " "1, " "1, " "1, " "1, " "1, " "1, " "1, " "1, " "1, " "1, " "1, " "1, " "1, " "1, " "1, " "1, " "1, " "1, " "1, " "1, " "1, " "1, " "1, " "1, " "1, " "1, " "1, " "1, " "1, " "1, " "1, " "1, " "1, " "1, " "1, " "1, " "1, " "1, " "1, " "1, " "1, " "1, " "1, " "1, " "1, " "1, " "1, " "1, " "1, " "1, " "1, " "1, " "1, " "1, " "1, " "1, " "1, " "1, " "1, " "1, " "1, " "1, " "1, " "1, " "1, " "1, " "1, " "1, " "1, " "1, " "1, " "1, " "1, " "1, " "1, " "1, " "1, " "1, " "1, " "1, " "1, " "1, " "1, " "1, " "1, " "1, " "1, " "1, " "1, " "1, " "1, " "1, " "1, " "1, " "1, " "1, " "1, " "1, " "1, " "1, " "1, " "1, " "1, " "1, " "1, " "1, " "1, " "1, " "1, " "1, " "1, " "1, " "1, " "1, " "1, " "1, " "1, " "1, " "1, " "1, " "1, " "1, " "1, " "1, " "1, " "1, " "1, " "1, " "1, " "1, " "1, " "1, " "1, " "1, " "1, " "1, " "1, " "1, " "1, " "1, " "1, " "1, " "1, " "1, " "1, " "1, " "1, " "1, " "1, " "1, " "1, " "1, " "1, " "1, " "1, " "1, " "1, " "1, " "1, " "1, " "1, " "1, " "1, " "1, " "1, " "1, " "1, " "1, " "1, " "1, " "1, " "1, " "1, " "1, " "1, " "1, " "1, " "1, " "1, " "1, " "1, " "1, " "1, " "1, " "1, " "1, " "1, " "1, " "1, " "1, " "1, " "1, " "1, " "1, " "1, " "0, " "1, " "1, " "1, " "1, " "1, " "1, " "1, " "1, " "1, " "1, " "1, " "1, " "1, " "1, " "1, " "1, " "1, " "1, " "1, " "1, " "1, " "1, " "1, " "1, " "1, " "1, " "1, " "1, " "1, " "1, " "1, " "1, " "1, " "1, " "1, " "1, " "1, " "1, " "1, " "1, " "1, " "1, " "1, " "1, " "1, " "1, " "1, " "1, " "1, " "1, " "1, " "1, " "1, " "1, " "1, " "1, " "1, " "1, " "1, " "1, " "1, " "1, " "1, " "1, " "1, " "1, " "1, " "1, " "1, " "1, " "1, " "1, " "1, " "1, " "1, " "1, " "1, " "1, " "1, " "1, " "1, " "1, " "1, " "1, " "1, " "1, " "1, " "1, " "1, "0
 "Nei424, 0.162, " "0.129, " "1, " "1, " "1, " "1, " "1, " "1, " "1, " "1, " "1, " "1, " "1, " "1, " "1, " "1, " "1, " "1, " "1, " "1, " "1, " "1, " "1, " "1, " "1, " "1, " "1, " "1, " "1, " "1, " "1, " "1, " "1, " "1, " "1, " "1, " "1, " "1, " "1, " "1, " "1, " "1, " "1, " "1, " "1, " "1, " "1, " "1, " "1, " "1, " "1, " "1, " "1, " "1, " "1, " "1, " "1, " "1, " "1, " "1, " "1, " "1, " "1, " "1, " "1, " "1, " "1, " "1, " "1, " "1, " "1, " "1, " "1, " "1, " "1, " "1, " "1, " "1, " "1, " "1, " "1, " "1, " "1, " "1, " "1, " "1, " "1, " "1, " "1, " "1, " "1, " "1, " "1, " "1, " "1, " "1, " "1, " "1, " "1, " "1, " "1, " "1, " "1, " "1, " "1, " "1, " "1, " "1, " "1, " "1, " "1, " "1, " "1, " "1, " "1, " "1, " "1, " "1, " "1, " "1, " "1, " "1, " "1, " "1, " "1, " "1, " "1, " "1, " "1, " "1, " "1, " "1, " "1, " "1, " "1, " "1, " "1, " "1, " "1, " "1, " "1, " "1, " "1, " "1, " "1, " "1, " "1, " "1, " "1, " "1, " "1, " "1, " "1, " "1, " "1, " "1, " "1, " "1, " "1, " "1, " "1, " "1, " "1, " "1, " "1, " "1, " "1, " "1, " "1, " "1, " "1, " "1, " "1, " "1, " "1, " "1, " "1, " "1, " "1, " "1, " "1, " "1, " "1, " "1, " "1, " "1, " "1, " "1, " "1, " "1, " "1, " "1, " "1, " "1, " "1, " "1, " "1, " "1, " "1, " "1, " "1, " "1, " "1, " "1, " "1, " "1, " "1, " "1, " "1, " "1, " "1, " "1, " "1, " "1, " "1, " "1, " "1, " "1, " "1, " "1, " "1, " "1, " "1, " "1, " "1, " "1, " "1, " "1, " "1, " "1, " "1, " "1, " "1, " "1, " "1, " "1, " "1, " "1, " "1, " "1, " "1, " "1, " "1, " "1, " "1, " "1, " "1, " "1, " "1, " "1, " "1, " "1, " "1, " "1, " "1, " "1, " "1, " "1, " "1, " "1, " "1, " "1, " "1, " "1, " "1, " "1, " "1, " "1, " "1, " "1, " "1, " "1, " "1, " "1, " "1, " "1, " "1, " "1, " "1, " "1, " "1, " "1, " "1, " "1, " "1, " "1, " "1, " "1, " "1, " "1, " "1, " "1, " "1, " "1, " "1, " "1, " "1, " "1, " "1, " "1, " "1, " "1, " "1, " "1, " "1, " "1, " "1, " "1, " "1, " "1, " "1, " "1, " "1, " "1, " "1, " "1, " "1, " "1, " "1, " "1, " "1, " "1, " "1, " "1, " "1, " "1, " "1, " "1, " "1, " "1, " "1, " "1, " "1, " "1, " "1, " "1, " "1, " "1, " "1, " "1, " "1, " "1, " "1, " "1, " "1, " "1, " "1, " "1, " "1, " "1, " "1, " "1, " "1, " "1, " "1, " "1, " "1, " "1, " "1, " "1, " "1, " "1, " "1, " "1, " "1, " "1, " "1, " "1, " "1, " "1, " "1, " "1, " "1, " "1, " "1, " "1, " "1, " "1, " "1, " "1, " "1, " "1, " "1, " "1, " "1, " "1, " "1, " "1, " "1, " "1, " "1, " "1, " "1, " "1, " "1, " "1, " "1, " "1, " "1, " "1, " "1, " "1, " "1, " "1, " "1, " "1, " "1, " "1, " "1, " "1, " "1, " "1, " "1, " "1, " "1, " "1, " "1, " "1, " "1, " "1, " "1, " "1, " "1, " "1, " "1, " "1, " "0, " "1, " "1, " "1, " "1, " "1, " "1, " "1, " "1, " "1, " "1, " "1, " "1, " "1, " "1, " "1, " "1, " "1, " "1, " "1, " "1, " "1, " "1, " "1, " "1, " "1, " "1, " "1, " "1, " "1, " "1, " "1, " "1, " "1, " "1, " "1, " "1, " "1, " "1, " "1, " "1, " "1, " "1, " "1, " "1, " "1, " "1, " "1, " "1, " "1, " "1, " "1, " "1, " "1, " "1, " "1, " "1, " "1, " "1, " "1, " "1, " "1, " "1, " "1, " "1, " "1, " "1, " "1, " "1, " "1, " "1, " "1, " "1, " "1, " "1, " "1, " "1, " "1, " "1, " "1, " "1, " "1, " "1, " "1, " "1, " "1, " "1, " "1, " "1, "0
 "Nei425, 0.216, " "0.25, " "1, " "1, " "1, " "1, " "1, " "1, " "1, " "1, " "1, " "1, " "1, " "1, " "1, " "1, " "1, " "1, " "1, " "1, " "1, " "1, " "1, " "1, " "1, " "1, " "1, " "1, " "1, " "1, " "1, " "1, " "1, " "1, " "1, " "1, " "1, " "1, " "1, " "1, " "1, " "1, " "1, " "1, " "1, " "1, " "1, " "1, " "1, " "1, " "1, " "1, " "1, " "1, " "1, " "1, " "1, " "1, " "1, " "1, " "1, " "1, " "1, " "1, " "1, " "1, " "1, " "1, " "1, " "1, " "1, " "1, " "1, " "1, " "1, " "1, " "1, " "1, " "1, " "1, " "1, " "1, " "1, " "1, " "1, " "1, " "1, " "1, " "1, " "1, " "1, " "1, " "1, " "1, " "1, " "1, " "1, " "1, " "1, " "1, " "1, " "1, " "1, " "1, " "1, " "1, " "1, " "1, " "1, " "1, " "1, " "1, " "1, " "1, " "1, " "1, " "1, " "1, " "1, " "1, " "1, " "1, " "1, " "1, " "1, " "1, " "1, " "1, " "1, " "1, " "1, " "1, " "1, " "1, " "1, " "1, " "1, " "1, " "1, " "1, " "1, " "1, " "1, " "1, " "1, " "1, " "1, " "1, " "1, " "1, " "1, " "1, " "1, " "1, " "1, " "1, " "1, " "1, " "1, " "1, " "1, " "1, " "1, " "1, " "1, " "1, " "1, " "1, " "1, " "1, " "1, " "1, " "1, " "1, " "1, " "1, " "1, " "1, " "1, " "1, " "1, " "1, " "1, " "1, " "1, " "1, " "1, " "1, " "1, " "1, " "1, " "1, " "1, " "1, " "1, " "1, " "1, " "1, " "1, " "1, " "1, " "1, " "1, " "1, " "1, " "1, " "1, " "1, " "1, " "1, " "1, " "1, " "1, " "1, " "1, " "1, " "1, " "1, " "1, " "1, " "1, " "1, " "1, " "1, " "1, " "1, " "1, " "1, " "1, " "1, " "1, " "1, " "1, " "1, " "1, " "1, " "1, " "1, " "1, " "1, " "1, " "1, " "1, " "1, " "1, " "1, " "1, " "1, " "1, " "1, " "1, " "1, " "1, " "1, " "1, " "1, " "1, " "1, " "1, " "1, " "1, " "1, " "1, " "1, " "1, " "1, " "1, " "1, " "1, " "1, " "1, " "1, " "1, " "1, " "1, " "1, " "1, " "1, " "1, " "1, " "1, " "1, " "1, " "1, " "1, " "1, " "1, " "1, " "1, " "1, " "1, " "1, " "1, " "1, " "1, " "1, " "1, " "1, " "1, " "1, " "1, " "1, " "1, " "1, " "1, " "1, " "1, " "1, " "1, " "1, " "1, " "1, " "1, " "1, " "1, " "1, " "1, " "1, " "1, " "1, " "1, " "1, " "1, " "1, " "1, " "1, " "1, " "1, " "1, " "1, " "1, " "1, " "1, " "1, " "1, " "1, " "1, " "1, " "1, " "1, " "1, " "1, " "1, " "1, " "1, " "1, " "1, " "1, " "1, " "1, " "1, " "1, " "1, " "1, " "1, " "1, " "1, " "1, " "1, " "1, " "1, " "1, " "1, " "1, " "1, " "1, " "1, " "1, " "1, " "1, " "1, " "1, " "1, " "1, " "1, " "1, " "1, " "1, " "1, " "1, " "1, " "1, " "1, " "1, " "1, " "1, " "1, " "1, " "1, " "1, " "1, " "1, " "1, " "1, " "1, " "1, " "1, " "1, " "1, " "1, " "1, " "1, " "1, " "1, " "1, " "1, " "1, " "1, " "1, " "1, " "1, " "1, " "1, " "1, " "1, " "1, " "1, " "1, " "1, " "1, " "1, " "1, " "1, " "1, " "1, " "1, " "1, " "0, " "1, " "1, " "1, " "1, " "1, " "1, " "1, " "1, " "1, " "1, " "1, " "1, " "1, " "1, " "1, " "1, " "1, " "1, " "1, " "1, " "1, " "1, " "1, " "1, " "1, " "1, " "1, " "1, " "1, " "1, " "1, " "1, " "1, " "1, " "1, " "1, " "1, " "1, " "1, " "1, " "1, " "1, " "1, " "1, " "1, " "1, " "1, " "1, " "1, " "1, " "1, " "1, " "1, " "1, " "1, " "1, " "1, " "1, " "1, " "1, " "1, " "1, " "1, " "1, " "1, " "1, " "1, " "1, " "1, " "1, " "1, " "1, " "1, " "1, " "1, " "1, " "1, " "1, " "1, " "1, " "1, " "1, " "1, " "1, " "1, " "1, " "1, "0
 "Nei426, 0.332, " "-0.582, " "1, " "1, " "1, " "1, " "1, " "1, " "1, " "1, " "1, " "1, " "1, " "1, " "1, " "1, " "1, " "1, " "1, " "1, " "1, " "1, " "1, " "1, " "1, " "1, " "1, " "1, " "1, " "1, " "1, " "1, " "1, " "1, " "1, " "1, " "1, " "1, " "1, " "1, " "1, " "1, " "1, " "1, " "1, " "1, " "1, " "1, " "1, " "1, " "1, " "1, " "1, " "1, " "1, " "1, " "1, " "1, " "1, " "1, " "1, " "1, " "1, " "1, " "1, " "1, " "1, " "1, " "1, " "1, " "1, " "1, " "1, " "1, " "1, " "1, " "1, " "1, " "1, " "1, " "1, " "1, " "1, " "1, " "1, " "1, " "1, " "1, " "1, " "1, " "1, " "1, " "1, " "1, " "1, " "1, " "1, " "1, " "1, " "1, " "1, " "1, " "1, " "1, " "1, " "1, " "1, " "1, " "1, " "1, " "1, " "1, " "1, " "1, " "1, " "1, " "1, " "1, " "1, " "1, " "1, " "1, " "1, " "1, " "1, " "1, " "1, " "1, " "1, " "1, " "1, " "1, " "1, " "1, " "1, " "1, " "1, " "1, " "1, " "1, " "1, " "1, " "1, " "1, " "1, " "1, " "1, " "1, " "1, " "1, " "1, " "1, " "1, " "1, " "1, " "1, " "1, " "1, " "1, " "1, " "1, " "1, " "1, " "1, " "1, " "1, " "1, " "1, " "1, " "1, " "1, " "1, " "1, " "1, " "1, " "1, " "1, " "1, " "1, " "1, " "1, " "1, " "1, " "1, " "1, " "1, " "1, " "1, " "1, " "1, " "1, " "1, " "1, " "1, " "1, " "1, " "1, " "1, " "1, " "1, " "1, " "1, " "1, " "1, " "1, " "1, " "1, " "1, " "1, " "1, " "1, " "1, " "1, " "1, " "1, " "1, " "1, " "1, " "1, " "1, " "1, " "1, " "1, " "1, " "1, " "1, " "1, " "1, " "1, " "1, " "1, " "1, " "1, " "1, " "1, " "1, " "1, " "1, " "1, " "1, " "1, " "1, " "1, " "1, " "1, " "1, " "1, " "1, " "1, " "1, " "1, " "1, " "1, " "1, " "1, " "1, " "1, " "1, " "1, " "1, " "1, " "1, " "1, " "1, " "1, " "1, " "1, " "1, " "1, " "1, " "1, " "1, " "1, " "1, " "1, " "1, " "1, " "1, " "1, " "1, " "1, " "1, " "1, " "1, " "1, " "1, " "1, " "1, " "1, " "1, " "1, " "1, " "1, " "1, " "1, " "1, " "1, " "1, " "1, " "1, " "1, " "1, " "1, " "1, " "1, " "1, " "1, " "1, " "1, " "1, " "1, " "1, " "1, " "1, " "1, " "1, " "1, " "1, " "1, " "1, " "1, " "1, " "1, " "1, " "1, " "1, " "1, " "1, " "1, " "1, " "1, " "1, " "1, " "1, " "1, " "1, " "1, " "1, " "1, " "1, " "1, " "1, " "1, " "1, " "1, " "1, " "1, " "1, " "1, " "1, " "1, " "1, " "1, " "1, " "1, " "1, " "1, " "1, " "1, " "1, " "1, " "1, " "1, " "1, " "1, " "1, " "1, " "1, " "1, " "1, " "1, " "1, " "1, " "1, " "1, " "1, " "1, " "1, " "1, " "1, " "1, " "1, " "1, " "1, " "1, " "1, " "1, " "1, " "1, " "1, " "1, " "1, " "1, " "1, " "1, " "1, " "1, " "1, " "1, " "1, " "1, " "1, " "1, " "1, " "1, " "1, " "1, " "1, " "1, " "1, " "1, " "1, " "1, " "1, " "1, " "1, " "1, " "1, " "1, " "1, " "1, " "1, " "1, " "1, " "1, " "1, " "1, " "1, " "0, " "1, " "1, " "1, " "1, " "1, " "1, " "1, " "1, " "1, " "1, " "1, " "1, " "1, " "1, " "1, " "1, " "1, " "1, " "1, " "1, " "1, " "1, " "1, " "1, " "1, " "1, " "1, " "1, " "1, " "1, " "1, " "1, " "1, " "1, " "1, " "1, " "1, " "1, " "1, " "1, " "1, " "1, " "1, " "1, " "1, " "1, " "1, " "1, " "1, " "1, " "1, " "1, " "1, " "1, " "1, " "1, " "1, " "1, " "1, " "1, " "1, " "1, " "1, " "1, " "1, " "1, " "1, " "1, " "1, " "1, " "1, " "1, " "1, " "1, " "1, " "1, " "1, " "1, " "1, " "1, " "1, " "1, " "1, " "1, " "1, " "1, "0
 "Nei427, 0.038, " "-0.481, " "1, " "1, " "1, " "1, " "1, " "1, " "1, " "1, " "1, " "1, " "1, " "1, " "1, " "1, " "1, " "1, " "1, " "1, " "1, " "1, " "1, " "1, " "1, " "1, " "1, " "1, " "1, " "1, " "1, " "1, " "1, " "1, " "1, " "1, " "1, " "1, " "1, " "1, " "1, " "1, " "1, " "1, " "1, " "1, " "1, " "1, " "1, " "1, " "1, " "1, " "1, " "1, " "1, " "1, " "1, " "1, " "1, " "1, " "1, " "1, " "1, " "1, " "1, " "1, " "1, " "1, " "1, " "1, " "1, " "1, " "1, " "1, " "1, " "1, " "1, " "1, " "1, " "1, " "1, " "1, " "1, " "1, " "1, " "1, " "1, " "1, " "1, " "1, " "1, " "1, " "1, " "1, " "1, " "1, " "1, " "1, " "1, " "1, " "1, " "1, " "1, " "1, " "1, " "1, " "1, " "1, " "1, " "1, " "1, " "1, " "1, " "1, " "1, " "1, " "1, " "1, " "1, " "1, " "1, " "1, " "1, " "1, " "1, " "1, " "1, " "1, " "1, " "1, " "1, " "1, " "1, " "1, " "1, " "1, " "1, " "1, " "1, " "1, " "1, " "1, " "1, " "1, " "1, " "1, " "1, " "1, " "1, " "1, " "1, " "1, " "1, " "1, " "1, " "1, " "1, " "1, " "1, " "1, " "1, " "1, " "1, " "1, " "1, " "1, " "1, " "1, " "1, " "1, " "1, " "1, " "1, " "1, " "1, " "1, " "1, " "1, " "1, " "1, " "1, " "1, " "1, " "1, " "1, " "1, " "1, " "1, " "1, " "1, " "1, " "1, " "1, " "1, " "1, " "1, " "1, " "1, " "1, " "1, " "1, " "1, " "1, " "1, " "1, " "1, " "1, " "1, " "1, " "1, " "1, " "1, " "1, " "1, " "1, " "1, " "1, " "1, " "1, " "1, " "1, " "1, " "1, " "1, " "1, " "1, " "1, " "1, " "1, " "1, " "1, " "1, " "1, " "1, " "1, " "1, " "1, " "1, " "1, " "1, " "1, " "1, " "1, " "1, " "1, " "1, " "1, " "1, " "1, " "1, " "1, " "1, " "1, " "1, " "1, " "1, " "1, " "1, " "1, " "1, " "1, " "1, " "1, " "1, " "1, " "1, " "1, " "1, " "1, " "1, " "1, " "1, " "1, " "1, " "1, " "1, " "1, " "1, " "1, " "1, " "1, " "1, " "1, " "1, " "1, " "1, " "1, " "1, " "1, " "1, " "1, " "1, " "1, " "1, " "1, " "1, " "1, " "1, " "1, " "1, " "1, " "1, " "1, " "1, " "1, " "1, " "1, " "1, " "1, " "1, " "1, " "1, " "1, " "1, " "1, " "1, " "1, " "1, " "1, " "1, " "1, " "1, " "1, " "1, " "1, " "1, " "1, " "1, " "1, " "1, " "1, " "1, " "1, " "1, " "1, " "1, " "1, " "1, " "1, " "1, " "1, " "1, " "1, " "1, " "1, " "1, " "1, " "1, " "1, " "1, " "1, " "1, " "1, " "1, " "1, " "1, " "1, " "1, " "1, " "1, " "1, " "1, " "1, " "1, " "1, " "1, " "1, " "1, " "1, " "1, " "1, " "1, " "1, " "1, " "1, " "1, " "1, " "1, " "1, " "1, " "1, " "1, " "1, " "1, " "1, " "1, " "1, " "1, " "1, " "1, " "1, " "1, " "1, " "1, " "1, " "1, " "1, " "1, " "1, " "1, " "1, " "1, " "1, " "1, " "1, " "1, " "1, " "1, " "1, " "1, " "1, " "1, " "1, " "1, " "1, " "1, " "1, " "1, " "1, " "1, " "1, " "1, " "1, " "1, " "1, " "1, " "1, " "1, " "1, " "0, " "1, " "1, " "1, " "1, " "1, " "1, " "1, " "1, " "1, " "1, " "1, " "1, " "1, " "1, " "1, " "1, " "1, " "1, " "1, " "1, " "1, " "1, " "1, " "1, " "1, " "1, " "1, " "1, " "1, " "1, " "1, " "1, " "1, " "1, " "1, " "1, " "1, " "1, " "1, " "1, " "1, " "1, " "1, " "1, " "1, " "1, " "1, " "1, " "1, " "1, " "1, " "1, " "1, " "1, " "1, " "1, " "1, " "1, " "1, " "1, " "1, " "1, " "1, " "1, " "1, " "1, " "1, " "1, " "1, " "1, " "1, " "1, " "1, " "1, " "1, " "1, " "1, " "1, " "1, " "1, " "1, " "1, " "1, " "1, " "1, "0
 "Nei428, 0.286, " "0.891, " "1, " "1, " "1, " "1, " "1, " "1, " "1, " "1, " "1, " "1, " "1, " "1, " "1, " "1, " "1, " "1, " "1, " "1, " "1, " "1, " "1, " "1, " "1, " "1, " "1, " "1, " "1, " "1, " "1, " "1, " "1, " "1, " "1, " "1, " "1, " "1, " "1, " "1, " "1, " "1, " "1, " "1, " "1, " "1, " "1, " "1, " "1, " "1, " "1, " "1, " "1, " "1, " "1, " "1, " "1, " "1, " "1, " "1, " "1, " "1, " "1, " "1, " "1, " "1, " "1, " "1, " "1, " "1, " "1, " "1, " "1, " "1, " "1, " "1, " "1, " "1, " "1, " "1, " "1, " "1, " "1, " "1, " "1, " "1, " "1, " "1, " "1, " "1, " "1, " "1, " "1, " "1, " "1, " "1, " "1, " "1, " "1, " "1, " "1, " "1, " "1, " "1, " "1, " "1, " "1, " "1, " "1, " "1, " "1, " "1, " "1, " "1, " "1, " "1, " "1, " "1, " "1, " "1, " "1, " "1, " "1, " "1, " "1, " "1, " "1, " "1, " "1, " "1, " "1, " "1, " "1, " "1, " "1, " "1, " "1, " "1, " "1, " "1, " "1, " "1, " "1, " "1, " "1, " "1, " "1, " "1, " "1, " "1, " "1, " "1, " "1, " "1, " "1, " "1, " "1, " "1, " "1, " "1, " "1, " "1, " "1, " "1, " "1, " "1, " "1, " "1, " "1, " "1, " "1, " "1, " "1, " "1, " "1, " "1, " "1, " "1, " "1, " "1, " "1, " "1, " "1, " "1, " "1, " "1, " "1, " "1, " "1, " "1, " "1, " "1, " "1, " "1, " "1, " "1, " "1, " "1, " "1, " "1, " "1, " "1, " "1, " "1, " "1, " "1, " "1, " "1, " "1, " "1, " "1, " "1, " "1, " "1, " "1, " "1, " "1, " "1, " "1, " "1, " "1, " "1, " "1, " "1, " "1, " "1, " "1, " "1, " "1, " "1, " "1, " "1, " "1, " "1, " "1, " "1, " "1, " "1, " "1, " "1, " "1, " "1, " "1, " "1, " "1, " "1, " "1, " "1, " "1, " "1, " "1, " "1, " "1, " "1, " "1, " "1, " "1, " "1, " "1, " "1, " "1, " "1, " "1, " "1, " "1, " "1, " "1, " "1, " "1, " "1, " "1, " "1, " "1, " "1, " "1, " "1, " "1, " "1, " "1, " "1, " "1, " "1, " "1, " "1, " "1, " "1, " "1, " "1, " "1, " "1, " "1, " "1, " "1, " "1, " "1, " "1, " "1, " "1, " "1, " "1, " "1, " "1, " "1, " "1, " "1, " "1, " "1, " "1, " "1, " "1, " "1, " "1, " "1, " "1, " "1, " "1, " "1, " "1, " "1, " "1, " "1, " "1, " "1, " "1, " "1, " "1, " "1, " "1, " "1, " "1, " "1, " "1, " "1, " "1, " "1, " "1, " "1, " "1, " "1, " "1, " "1, " "1, " "1, " "1, " "1, " "1, " "1, " "1, " "1, " "1, " "1, " "1, " "1, " "1, " "1, " "1, " "1, " "1, " "1, " "1, " "1, " "1, " "1, " "1, " "1, " "1, " "1, " "1, " "1, " "1, " "1, " "1, " "1, " "1, " "1, " "1, " "1, " "1, " "1, " "1, " "1, " "1, " "1, " "1, " "1, " "1, " "1, " "1, " "1, " "1, " "1, " "1, " "1, " "1, " "1, " "1, " "1, " "1, " "1, " "1, " "1, " "1, " "1, " "1, " "1, " "1, " "1, " "1, " "1, " "1, " "1, " "1, " "1, " "1, " "1, " "1, " "1, " "1, " "1, " "1, " "1, " "1, " "1, " "1, " "1, " "1, " "1, " "1, " "1, " "1, " "0, " "1, " "1, " "1, " "1, " "1, " "1, " "1, " "1, " "1, " "1, " "1, " "1, " "1, " "1, " "1, " "1, " "1, " "1, " "1, " "1, " "1, " "1, " "1, " "1, " "1, " "1, " "1, " "1, " "1, " "1, " "1, " "1, " "1, " "1, " "1, " "1, " "1, " "1, " "1, " "1, " "1, " "1, " "1, " "1, " "1, " "1, " "1, " "1, " "1, " "1, " "1, " "1, " "1, " "1, " "1, " "1, " "1, " "1, " "1, " "1, " "1, " "1, " "1, " "1, " "1, " "1, " "1, " "1, " "1, " "1, " "1, " "1, " "1, " "1, " "1, " "1, " "1, " "1, " "1, " "1, " "1, " "1, " "1, " "1, "0
 "Nei429, 0.022, " "0.365, " "1, " "1, " "1, " "1, " "1, " "1, " "1, " "1, " "1, " "1, " "1, " "1, " "1, " "1, " "1, " "1, " "1, " "1, " "1, " "1, " "1, " "1, " "1, " "1, " "1, " "1, " "1, " "1, " "1, " "1, " "1, " "1, " "1, " "1, " "1, " "1, " "1, " "1, " "1, " "1, " "1, " "1, " "1, " "1, " "1, " "1, " "1, " "1, " "1, " "1, " "1, " "1, " "1, " "1, " "1, " "1, " "1, " "1, " "1, " "1, " "1, " "1, " "1, " "1, " "1, " "1, " "1, " "1, " "1, " "1, " "1, " "1, " "1, " "1, " "1, " "1, " "1, " "1, " "1, " "1, " "1, " "1, " "1, " "1, " "1, " "1, " "1, " "1, " "1, " "1, " "1, " "1, " "1, " "1, " "1, " "1, " "1, " "1, " "1, " "1, " "1, " "1, " "1, " "1, " "1, " "1, " "1, " "1, " "1, " "1, " "1, " "1, " "1, " "1, " "1, " "1, " "1, " "1, " "1, " "1, " "1, " "1, " "1, " "1, " "1, " "1, " "1, " "1, " "1, " "1, " "1, " "1, " "1, " "1, " "1, " "1, " "1, " "1, " "1, " "1, " "1, " "1, " "1, " "1, " "1, " "1, " "1, " "1, " "1, " "1, " "1, " "1, " "1, " "1, " "1, " "1, " "1, " "1, " "1, " "1, " "1, " "1, " "1, " "1, " "1, " "1, " "1, " "1, " "1, " "1, " "1, " "1, " "1, " "1, " "1, " "1, " "1, " "1, " "1, " "1, " "1, " "1, " "1, " "1, " "1, " "1, " "1, " "1, " "1, " "1, " "1, " "1, " "1, " "1, " "1, " "1, " "1, " "1, " "1, " "1, " "1, " "1, " "1, " "1, " "1, " "1, " "1, " "1, " "1, " "1, " "1, " "1, " "1, " "1, " "1, " "1, " "1, " "1, " "1, " "1, " "1, " "1, " "1, " "1, " "1, " "1, " "1, " "1, " "1, " "1, " "1, " "1, " "1, " "1, " "1, " "1, " "1, " "1, " "1, " "1, " "1, " "1, " "1, " "1, " "1, " "1, " "1, " "1, " "1, " "1, " "1, " "1, " "1, " "1, " "1, " "1, " "1, " "1, " "1, " "1, " "1, " "1, " "1, " "1, " "1, " "1, " "1, " "1, " "1, " "1, " "1, " "1, " "1, " "1, " "1, " "1, " "1, " "1, " "1, " "1, " "1, " "1, " "1, " "1, " "1, " "1, " "1, " "1, " "1, " "1, " "1, " "1, " "1, " "1, " "1, " "1, " "1, " "1, " "1, " "1, " "1, " "1, " "1, " "1, " "1, " "1, " "1, " "1, " "1, " "1, " "1, " "1, " "1, " "1, " "1, " "1, " "1, " "1, " "1, " "1, " "1, " "1, " "1, " "1, " "1, " "1, " "1, " "1, " "1, " "1, " "1, " "1, " "1, " "1, " "1, " "1, " "1, " "1, " "1, " "1, " "1, " "1, " "1, " "1, " "1, " "1, " "1, " "1, " "1, " "1, " "1, " "1, " "1, " "1, " "1, " "1, " "1, " "1, " "1, " "1, " "1, " "1, " "1, " "1, " "1, " "1, " "1, " "1, " "1, " "1, " "1, " "1, " "1, " "1, " "1, " "1, " "1, " "1, " "1, " "1, " "1, " "1, " "1, " "1, " "1, " "1, " "1, " "1, " "1, " "1, " "1, " "1, " "1, " "1, " "1, " "1, " "1, " "1, " "1, " "1, " "1, " "1, " "1, " "1, " "1, " "1, " "1, " "1, " "1, " "1, " "1, " "1, " "1, " "1, " "1, " "1, " "1, " "1, " "1, " "1, " "1, " "1, " "1, " "1, " "1, " "1, " "1, " "1, " "1, " "0, " "1, " "1, " "1, " "1, " "1, " "1, " "1, " "1, " "1, " "1, " "1, " "1, " "1, " "1, " "1, " "1, " "1, " "1, " "1, " "1, " "1, " "1, " "1, " "1, " "1, " "1, " "1, " "1, " "1, " "1, " "1, " "1, " "1, " "1, " "1, " "1, " "1, " "1, " "1, " "1, " "1, " "1, " "1, " "1, " "1, " "1, " "1, " "1, " "1, " "1, " "1, " "1, " "1, " "1, " "1, " "1, " "1, " "1, " "1, " "1, " "1, " "1, " "1, " "1, " "1, " "1, " "1, " "1, " "1, " "1, " "1, " "1, " "1, " "1, " "1, " "1, " "1, " "1, " "1, " "1, " "1, " "1, " "1, "0
 "Nei430, 0.303, " "-0.258, " "1, " "1, " "1, " "1, " "1, " "1, " "1, " "1, " "1, " "1, " "1, " "1, " "1, " "1, " "1, " "1, " "1, " "1, " "1, " "1, " "1, " "1, " "1, " "1, " "1, " "1, " "1, " "1, " "1, " "1, " "1, " "1, " "1, " "1, " "1, " "1, " "1, " "1, " "1, " "1, " "1, " "1, " "1, " "1, " "1, " "1, " "1, " "1, " "1, " "1, " "1, " "1, " "1, " "1, " "1, " "1, " "1, " "1, " "1, " "1, " "1, " "1, " "1, " "1, " "1, " "1, " "1, " "1, " "1, " "1, " "1, " "1, " "1, " "1, " "1, " "1, " "1, " "1, " "1, " "1, " "1, " "1, " "1, " "1, " "1, " "1, " "1, " "1, " "1, " "1, " "1, " "1, " "1, " "1, " "1, " "1, " "1, " "1, " "1, " "1, " "1, " "1, " "1, " "1, " "1, " "1, " "1, " "1, " "1, " "1, " "1, " "1, " "1, " "1, " "1, " "1, " "1, " "1, " "1, " "1, " "1, " "1, " "1, " "1, " "1, " "1, " "1, " "1, " "1, " "1, " "1, " "1, " "1, " "1, " "1, " "1, " "1, " "1, " "1, " "1, " "1, " "1, " "1, " "1, " "1, " "1, " "1, " "1, " "1, " "1, " "1, " "1, " "1, " "1, " "1, " "1, " "1, " "1, " "1, " "1, " "1, " "1, " "1, " "1, " "1, " "1, " "1, " "1, " "1, " "1, " "1, " "1, " "1, " "1, " "1, " "1, " "1, " "1, " "1, " "1, " "1, " "1, " "1, " "1, " "1, " "1, " "1, " "1, " "1, " "1, " "1, " "1, " "1, " "1, " "1, " "1, " "1, " "1, " "1, " "1, " "1, " "1, " "1, " "1, " "1, " "1, " "1, " "1, " "1, " "1, " "1, " "1, " "1, " "1, " "1, " "1, " "1, " "1, " "1, " "1, " "1, " "1, " "1, " "1, " "1, " "1, " "1, " "1, " "1, " "1, " "1, " "1, " "1, " "1, " "1, " "1, " "1, " "1, " "1, " "1, " "1, " "1, " "1, " "1, " "1, " "1, " "1, " "1, " "1, " "1, " "1, " "1, " "1, " "1, " "1, " "1, " "1, " "1, " "1, " "1, " "1, " "1, " "1, " "1, " "1, " "1, " "1, " "1, " "1, " "1, " "1, " "1, " "1, " "1, " "1, " "1, " "1, " "1, " "1, " "1, " "1, " "1, " "1, " "1, " "1, " "1, " "1, " "1, " "1, " "1, " "1, " "1, " "1, " "1, " "1, " "1, " "1, " "1, " "1, " "1, " "1, " "1, " "1, " "1, " "1, " "1, " "1, " "1, " "1, " "1, " "1, " "1, " "1, " "1, " "1, " "1, " "1, " "1, " "1, " "1, " "1, " "1, " "1, " "1, " "1, " "1, " "1, " "1, " "1, " "1, " "1, " "1, " "1, " "1, " "1, " "1, " "1, " "1, " "1, " "1, " "1, " "1, " "1, " "1, " "1, " "1, " "1, " "1, " "1, " "1, " "1, " "1, " "1, " "1, " "1, " "1, " "1, " "1, " "1, " "1, " "1, " "1, " "1, " "1, " "1, " "1, " "1, " "1, " "1, " "1, " "1, " "1, " "1, " "1, " "1, " "1, " "1, " "1, " "1, " "1, " "1, " "1, " "1, " "1, " "1, " "1, " "1, " "1, " "1, " "1, " "1, " "1, " "1, " "1, " "1, " "1, " "1, " "1, " "1, " "1, " "1, " "1, " "1, " "1, " "1, " "1, " "1, " "1, " "1, " "1, " "1, " "1, " "1, " "1, " "1, " "1, " "1, " "1, " "1, " "1, " "1, " "1, " "1, " "1, " "1, " "1, " "1, " "1, " "1, " "1, " "0, " "1, " "1, " "1, " "1, " "1, " "1, " "1, " "1, " "1, " "1, " "1, " "1, " "1, " "1, " "1, " "1, " "1, " "1, " "1, " "1, " "1, " "1, " "1, " "1, " "1, " "1, " "1, " "1, " "1, " "1, " "1, " "1, " "1, " "1, " "1, " "1, " "1, " "1, " "1, " "1, " "1, " "1, " "1, " "1, " "1, " "1, " "1, " "1, " "1, " "1, " "1, " "1, " "1, " "1, " "1, " "1, " "1, " "1, " "1, " "1, " "1, " "1, " "1, " "1, " "1, " "1, " "1, " "1, " "1, " "1, " "1, " "1, " "1, " "1, " "1, " "1, " "1, " "1, " "1, " "1, " "1, " "1, "0
 "Nei431, 0.061, " "-0.109, " "1, " "1, " "1, " "1, " "1, " "1, " "1, " "1, " "1, " "1, " "1, " "1, " "1, " "1, " "1, " "1, " "1, " "1, " "1, " "1, " "1, " "1, " "1, " "1, " "1, " "1, " "1, " "1, " "1, " "1, " "1, " "1, " "1, " "1, " "1, " "1, " "1, " "1, " "1, " "1, " "1, " "1, " "1, " "1, " "1, " "1, " "1, " "1, " "1, " "1, " "1, " "1, " "1, " "1, " "1, " "1, " "1, " "1, " "1, " "1, " "1, " "1, " "1, " "1, " "1, " "1, " "1, " "1, " "1, " "1, " "1, " "1, " "1, " "1, " "1, " "1, " "1, " "1, " "1, " "1, " "1, " "1, " "1, " "1, " "1, " "1, " "1, " "1, " "1, " "1, " "1, " "1, " "1, " "1, " "1, " "1, " "1, " "1, " "1, " "1, " "1, " "1, " "1, " "1, " "1, " "1, " "1, " "1, " "1, " "1, " "1, " "1, " "1, " "1, " "1, " "1, " "1, " "1, " "1, " "1, " "1, " "1, " "1, " "1, " "1, " "1, " "1, " "1, " "1, " "1, " "1, " "1, " "1, " "1, " "1, " "1, " "1, " "1, " "1, " "1, " "1, " "1, " "1, " "1, " "1, " "1, " "1, " "1, " "1, " "1, " "1, " "1, " "1, " "1, " "1, " "1, " "1, " "1, " "1, " "1, " "1, " "1, " "1, " "1, " "1, " "1, " "1, " "1, " "1, " "1, " "1, " "1, " "1, " "1, " "1, " "1, " "1, " "1, " "1, " "1, " "1, " "1, " "1, " "1, " "1, " "1, " "1, " "1, " "1, " "1, " "1, " "1, " "1, " "1, " "1, " "1, " "1, " "1, " "1, " "1, " "1, " "1, " "1, " "1, " "1, " "1, " "1, " "1, " "1, " "1, " "1, " "1, " "1, " "1, " "1, " "1, " "1, " "1, " "1, " "1, " "1, " "1, " "1, " "1, " "1, " "1, " "1, " "1, " "1, " "1, " "1, " "1, " "1, " "1, " "1, " "1, " "1, " "1, " "1, " "1, " "1, " "1, " "1, " "1, " "1, " "1, " "1, " "1, " "1, " "1, " "1, " "1, " "1, " "1, " "1, " "1, " "1, " "1, " "1, " "1, " "1, " "1, " "1, " "1, " "1, " "1, " "1, " "1, " "1, " "1, " "1, " "1, " "1, " "1, " "1, " "1, " "1, " "1, " "1, " "1, " "1, " "1, " "1, " "1, " "1, " "1, " "1, " "1, " "1, " "1, " "1, " "1, " "1, " "1, " "1, " "1, " "1, " "1, " "1, " "1, " "1, " "1, " "1, " "1, " "1, " "1, " "1, " "1, " "1, " "1, " "1, " "1, " "1, " "1, " "1, " "1, " "1, " "1, " "1, " "1, " "1, " "1, " "1, " "1, " "1, " "1, " "1, " "1, " "1, " "1, " "1, " "1, " "1, " "1, " "1, " "1, " "1, " "1, " "1, " "1, " "1, " "1, " "1, " "1, " "1, " "1, " "1, " "1, " "1, " "1, " "1, " "1, " "1, " "1, " "1, " "1, " "1, " "1, " "1, " "1, " "1, " "1, " "1, " "1, " "1, " "1, " "1, " "1, " "1, " "1, " "1, " "1, " "1, " "1, " "1, " "1, " "1, " "1, " "1, " "1, " "1, " "1, " "1, " "1, " "1, " "1, " "1, " "1, " "1, " "1, " "1, " "1, " "1, " "1, " "1, " "1, " "1, " "1, " "1, " "1, " "1, " "1, " "1, " "1, " "1, " "1, " "1, " "1, " "1, " "1, " "1, " "1, " "1, " "1, " "1, " "1, " "1, " "1, " "1, " "1, " "1, " "1, " "1, " "1, " "1, " "1, " "1, " "1, " "1, " "1, " "1, " "0, " "1, " "1, " "1, " "1, " "1, " "1, " "1, " "1, " "1, " "1, " "1, " "1, " "1, " "1, " "1, " "1, " "1, " "1, " "1, " "1, " "1, " "1, " "1, " "1, " "1, " "1, " "1, " "1, " "1, " "1, " "1, " "1, " "1, " "1, " "1, " "1, " "1, " "1, " "1, " "1, " "1, " "1, " "1, " "1, " "1, " "1, " "1, " "1, " "1, " "1, " "1, " "1, " "1, " "1, " "1, " "1, " "1, " "1, " "1, " "1, " "1, " "1, " "1, " "1, " "1, " "1, " "1, " "1, " "1, " "1, " "1, " "1, " "1, " "1, " "1, " "1, " "1, " "1, " "1, " "1, " "1, "0
 "Nei432, 0.363, " "-0.421, " "1, " "1, " "1, " "1, " "1, " "1, " "1, " "1, " "1, " "1, " "1, " "1, " "1, " "1, " "1, " "1, " "1, " "1, " "1, " "1, " "1, " "1, " "1, " "1, " "1, " "1, " "1, " "1, " "1, " "1, " "1, " "1, " "1, " "1, " "1, " "1, " "1, " "1, " "1, " "1, " "1, " "1, " "1, " "1, " "1, " "1, " "1, " "1, " "1, " "1, " "1, " "1, " "1, " "1, " "1, " "1, " "1, " "1, " "1, " "1, " "1, " "1, " "1, " "1, " "1, " "1, " "1, " "1, " "1, " "1, " "1, " "1, " "1, " "1, " "1, " "1, " "1, " "1, " "1, " "1, " "1, " "1, " "1, " "1, " "1, " "1, " "1, " "1, " "1, " "1, " "1, " "1, " "1, " "1, " "1, " "1, " "1, " "1, " "1, " "1, " "1, " "1, " "1, " "1, " "1, " "1, " "1, " "1, " "1, " "1, " "1, " "1, " "1, " "1, " "1, " "1, " "1, " "1, " "1, " "1, " "1, " "1, " "1, " "1, " "1, " "1, " "1, " "1, " "1, " "1, " "1, " "1, " "1, " "1, " "1, " "1, " "1, " "1, " "1, " "1, " "1, " "1, " "1, " "1, " "1, " "1, " "1, " "1, " "1, " "1, " "1, " "1, " "1, " "1, " "1, " "1, " "1, " "1, " "1, " "1, " "1, " "1, " "1, " "1, " "1, " "1, " "1, " "1, " "1, " "1, " "1, " "1, " "1, " "1, " "1, " "1, " "1, " "1, " "1, " "1, " "1, " "1, " "1, " "1, " "1, " "1, " "1, " "1, " "1, " "1, " "1, " "1, " "1, " "1, " "1, " "1, " "1, " "1, " "1, " "1, " "1, " "1, " "1, " "1, " "1, " "1, " "1, " "1, " "1, " "1, " "1, " "1, " "1, " "1, " "1, " "1, " "1, " "1, " "1, " "1, " "1, " "1, " "1, " "1, " "1, " "1, " "1, " "1, " "1, " "1, " "1, " "1, " "1, " "1, " "1, " "1, " "1, " "1, " "1, " "1, " "1, " "1, " "1, " "1, " "1, " "1, " "1, " "1, " "1, " "1, " "1, " "1, " "1, " "1, " "1, " "1, " "1, " "1, " "1, " "1, " "1, " "1, " "1, " "1, " "1, " "1, " "1, " "1, " "1, " "1, " "1, " "1, " "1, " "1, " "1, " "1, " "1, " "1, " "1, " "1, " "1, " "1, " "1, " "1, " "1, " "1, " "1, " "1, " "1, " "1, " "1, " "1, " "1, " "1, " "1, " "1, " "1, " "1, " "1, " "1, " "1, " "1, " "1, " "1, " "1, " "1, " "1, " "1, " "1, " "1, " "1, " "1, " "1, " "1, " "1, " "1, " "1, " "1, " "1, " "1, " "1, " "1, " "1, " "1, " "1, " "1, " "1, " "1, " "1, " "1, " "1, " "1, " "1, " "1, " "1, " "1, " "1, " "1, " "1, " "1, " "1, " "1, " "1, " "1, " "1, " "1, " "1, " "1, " "1, " "1, " "1, " "1, " "1, " "1, " "1, " "1, " "1, " "1, " "1, " "1, " "1, " "1, " "1, " "1, " "1, " "1, " "1, " "1, " "1, " "1, " "1, " "1, " "1, " "1, " "1, " "1, " "1, " "1, " "1, " "1, " "1, " "1, " "1, " "1, " "1, " "1, " "1, " "1, " "1, " "1, " "1, " "1, " "1, " "1, " "1, " "1, " "1, " "1, " "1, " "1, " "1, " "1, " "1, " "1, " "1, " "1, " "1, " "1, " "1, " "1, " "1, " "1, " "1, " "1, " "1, " "1, " "1, " "1, " "1, " "1, " "1, " "1, " "1, " "1, " "1, " "1, " "1, " "1, " "1, " "1, " "1, " "1, " "0, " "1, " "1, " "1, " "1, " "1, " "1, " "1, " "1, " "1, " "1, " "1, " "1, " "1, " "1, " "1, " "1, " "1, " "1, " "1, " "1, " "1, " "1, " "1, " "1, " "1, " "1, " "1, " "1, " "1, " "1, " "1, " "1, " "1, " "1, " "1, " "1, " "1, " "1, " "1, " "1, " "1, " "1, " "1, " "1, " "1, " "1, " "1, " "1, " "1, " "1, " "1, " "1, " "1, " "1, " "1, " "1, " "1, " "1, " "1, " "1, " "1, " "1, " "1, " "1, " "1, " "1, " "1, " "1, " "1, " "1, " "1, " "1, " "1, " "1, " "1, " "1, " "1, " "1, " "1, " "1, "0
 "Nei433, 0.308, " "0.182, " "1, " "1, " "1, " "1, " "1, " "1, " "1, " "1, " "1, " "1, " "1, " "1, " "1, " "1, " "1, " "1, " "1, " "1, " "1, " "1, " "1, " "1, " "1, " "1, " "1, " "1, " "1, " "1, " "1, " "1, " "1, " "1, " "1, " "1, " "1, " "1, " "1, " "1, " "1, " "1, " "1, " "1, " "1, " "1, " "1, " "1, " "1, " "1, " "1, " "1, " "1, " "1, " "1, " "1, " "1, " "1, " "1, " "1, " "1, " "1, " "1, " "1, " "1, " "1, " "1, " "1, " "1, " "1, " "1, " "1, " "1, " "1, " "1, " "1, " "1, " "1, " "1, " "1, " "1, " "1, " "1, " "1, " "1, " "1, " "1, " "1, " "1, " "1, " "1, " "1, " "1, " "1, " "1, " "1, " "1, " "1, " "1, " "1, " "1, " "1, " "1, " "1, " "1, " "1, " "1, " "1, " "1, " "1, " "1, " "1, " "1, " "1, " "1, " "1, " "1, " "1, " "1, " "1, " "1, " "1, " "1, " "1, " "1, " "1, " "1, " "1, " "1, " "1, " "1, " "1, " "1, " "1, " "1, " "1, " "1, " "1, " "1, " "1, " "1, " "1, " "1, " "1, " "1, " "1, " "1, " "1, " "1, " "1, " "1, " "1, " "1, " "1, " "1, " "1, " "1, " "1, " "1, " "1, " "1, " "1, " "1, " "1, " "1, " "1, " "1, " "1, " "1, " "1, " "1, " "1, " "1, " "1, " "1, " "1, " "1, " "1, " "1, " "1, " "1, " "1, " "1, " "1, " "1, " "1, " "1, " "1, " "1, " "1, " "1, " "1, " "1, " "1, " "1, " "1, " "1, " "1, " "1, " "1, " "1, " "1, " "1, " "1, " "1, " "1, " "1, " "1, " "1, " "1, " "1, " "1, " "1, " "1, " "1, " "1, " "1, " "1, " "1, " "1, " "1, " "1, " "1, " "1, " "1, " "1, " "1, " "1, " "1, " "1, " "1, " "1, " "1, " "1, " "1, " "1, " "1, " "1, " "1, " "1, " "1, " "1, " "1, " "1, " "1, " "1, " "1, " "1, " "1, " "1, " "1, " "1, " "1, " "1, " "1, " "1, " "1, " "1, " "1, " "1, " "1, " "1, " "1, " "1, " "1, " "1, " "1, " "1, " "1, " "1, " "1, " "1, " "1, " "1, " "1, " "1, " "1, " "1, " "1, " "1, " "1, " "1, " "1, " "1, " "1, " "1, " "1, " "1, " "1, " "1, " "1, " "1, " "1, " "1, " "1, " "1, " "1, " "1, " "1, " "1, " "1, " "1, " "1, " "1, " "1, " "1, " "1, " "1, " "1, " "1, " "1, " "1, " "1, " "1, " "1, " "1, " "1, " "1, " "1, " "1, " "1, " "1, " "1, " "1, " "1, " "1, " "1, " "1, " "1, " "1, " "1, " "1, " "1, " "1, " "1, " "1, " "1, " "1, " "1, " "1, " "1, " "1, " "1, " "1, " "1, " "1, " "1, " "1, " "1, " "1, " "1, " "1, " "1, " "1, " "1, " "1, " "1, " "1, " "1, " "1, " "1, " "1, " "1, " "1, " "1, " "1, " "1, " "1, " "1, " "1, " "1, " "1, " "1, " "1, " "1, " "1, " "1, " "1, " "1, " "1, " "1, " "1, " "1, " "1, " "1, " "1, " "1, " "1, " "1, " "1, " "1, " "1, " "1, " "1, " "1, " "1, " "1, " "1, " "1, " "1, " "1, " "1, " "1, " "1, " "1, " "1, " "1, " "1, " "1, " "1, " "1, " "1, " "1, " "1, " "1, " "1, " "1, " "1, " "1, " "1, " "1, " "1, " "1, " "1, " "1, " "1, " "1, " "1, " "1, " "1, " "1, " "1, " "1, " "1, " "1, " "0, " "1, " "1, " "1, " "1, " "1, " "1, " "1, " "1, " "1, " "1, " "1, " "1, " "1, " "1, " "1, " "1, " "1, " "1, " "1, " "1, " "1, " "1, " "1, " "1, " "1, " "1, " "1, " "1, " "1, " "1, " "1, " "1, " "1, " "1, " "1, " "1, " "1, " "1, " "1, " "1, " "1, " "1, " "1, " "1, " "1, " "1, " "1, " "1, " "1, " "1, " "1, " "1, " "1, " "1, " "1, " "1, " "1, " "1, " "1, " "1, " "1, " "1, " "1, " "1, " "1, " "1, " "1, " "1, " "1, " "1, " "1, " "1, " "1, " "1, " "1, " "1, " "1, " "1, " "1, "0
 "Nei434, 0.173, " "-0.074, " "1, " "1, " "1, " "1, " "1, " "1, " "1, " "1, " "1, " "1, " "1, " "1, " "1, " "1, " "1, " "1, " "1, " "1, " "1, " "1, " "1, " "1, " "1, " "1, " "1, " "1, " "1, " "1, " "1, " "1, " "1, " "1, " "1, " "1, " "1, " "1, " "1, " "1, " "1, " "1, " "1, " "1, " "1, " "1, " "1, " "1, " "1, " "1, " "1, " "1, " "1, " "1, " "1, " "1, " "1, " "1, " "1, " "1, " "1, " "1, " "1, " "1, " "1, " "1, " "1, " "1, " "1, " "1, " "1, " "1, " "1, " "1, " "1, " "1, " "1, " "1, " "1, " "1, " "1, " "1, " "1, " "1, " "1, " "1, " "1, " "1, " "1, " "1, " "1, " "1, " "1, " "1, " "1, " "1, " "1, " "1, " "1, " "1, " "1, " "1, " "1, " "1, " "1, " "1, " "1, " "1, " "1, " "1, " "1, " "1, " "1, " "1, " "1, " "1, " "1, " "1, " "1, " "1, " "1, " "1, " "1, " "1, " "1, " "1, " "1, " "1, " "1, " "1, " "1, " "1, " "1, " "1, " "1, " "1, " "1, " "1, " "1, " "1, " "1, " "1, " "1, " "1, " "1, " "1, " "1, " "1, " "1, " "1, " "1, " "1, " "1, " "1, " "1, " "1, " "1, " "1, " "1, " "1, " "1, " "1, " "1, " "1, " "1, " "1, " "1, " "1, " "1, " "1, " "1, " "1, " "1, " "1, " "1, " "1, " "1, " "1, " "1, " "1, " "1, " "1, " "1, " "1, " "1, " "1, " "1, " "1, " "1, " "1, " "1, " "1, " "1, " "1, " "1, " "1, " "1, " "1, " "1, " "1, " "1, " "1, " "1, " "1, " "1, " "1, " "1, " "1, " "1, " "1, " "1, " "1, " "1, " "1, " "1, " "1, " "1, " "1, " "1, " "1, " "1, " "1, " "1, " "1, " "1, " "1, " "1, " "1, " "1, " "1, " "1, " "1, " "1, " "1, " "1, " "1, " "1, " "1, " "1, " "1, " "1, " "1, " "1, " "1, " "1, " "1, " "1, " "1, " "1, " "1, " "1, " "1, " "1, " "1, " "1, " "1, " "1, " "1, " "1, " "1, " "1, " "1, " "1, " "1, " "1, " "1, " "1, " "1, " "1, " "1, " "1, " "1, " "1, " "1, " "1, " "1, " "1, " "1, " "1, " "1, " "1, " "1, " "1, " "1, " "1, " "1, " "1, " "1, " "1, " "1, " "1, " "1, " "1, " "1, " "1, " "1, " "1, " "1, " "1, " "1, " "1, " "1, " "1, " "1, " "1, " "1, " "1, " "1, " "1, " "1, " "1, " "1, " "1, " "1, " "1, " "1, " "1, " "1, " "1, " "1, " "1, " "1, " "1, " "1, " "1, " "1, " "1, " "1, " "1, " "1, " "1, " "1, " "1, " "1, " "1, " "1, " "1, " "1, " "1, " "1, " "1, " "1, " "1, " "1, " "1, " "1, " "1, " "1, " "1, " "1, " "1, " "1, " "1, " "1, " "1, " "1, " "1, " "1, " "1, " "1, " "1, " "1, " "1, " "1, " "1, " "1, " "1, " "1, " "1, " "1, " "1, " "1, " "1, " "1, " "1, " "1, " "1, " "1, " "1, " "1, " "1, " "1, " "1, " "1, " "1, " "1, " "1, " "1, " "1, " "1, " "1, " "1, " "1, " "1, " "1, " "1, " "1, " "1, " "1, " "1, " "1, " "1, " "1, " "1, " "1, " "1, " "1, " "1, " "1, " "1, " "1, " "1, " "1, " "1, " "1, " "1, " "1, " "1, " "1, " "1, " "1, " "1, " "1, " "1, " "1, " "1, " "1, " "1, " "1, " "1, " "1, " "1, " "1, " "1, " "1, " "1, " "0, " "1, " "1, " "1, " "1, " "1, " "1, " "1, " "1, " "1, " "1, " "1, " "1, " "1, " "1, " "1, " "1, " "1, " "1, " "1, " "1, " "1, " "1, " "1, " "1, " "1, " "1, " "1, " "1, " "1, " "1, " "1, " "1, " "1, " "1, " "1, " "1, " "1, " "1, " "1, " "1, " "1, " "1, " "1, " "1, " "1, " "1, " "1, " "1, " "1, " "1, " "1, " "1, " "1, " "1, " "1, " "1, " "1, " "1, " "1, " "1, " "1, " "1, " "1, " "1, " "1, " "1, " "1, " "1, " "1, " "1, " "1, " "1, " "1, " "1, " "1, " "1, " "1, " "1, "0
 "Nei435, 0.1, " "0.157, " "1, " "1, " "1, " "1, " "1, " "1, " "1, " "1, " "1, " "1, " "1, " "1, " "1, " "1, " "1, " "1, " "1, " "1, " "1, " "1, " "1, " "1, " "1, " "1, " "1, " "1, " "1, " "1, " "1, " "1, " "1, " "1, " "1, " "1, " "1, " "1, " "1, " "1, " "1, " "1, " "1, " "1, " "1, " "1, " "1, " "1, " "1, " "1, " "1, " "1, " "1, " "1, " "1, " "1, " "1, " "1, " "1, " "1, " "1, " "1, " "1, " "1, " "1, " "1, " "1, " "1, " "1, " "1, " "1, " "1, " "1, " "1, " "1, " "1, " "1, " "1, " "1, " "1, " "1, " "1, " "1, " "1, " "1, " "1, " "1, " "1, " "1, " "1, " "1, " "1, " "1, " "1, " "1, " "1, " "1, " "1, " "1, " "1, " "1, " "1, " "1, " "1, " "1, " "1, " "1, " "1, " "1, " "1, " "1, " "1, " "1, " "1, " "1, " "1, " "1, " "1, " "1, " "1, " "1, " "1, " "1, " "1, " "1, " "1, " "1, " "1, " "1, " "1, " "1, " "1, " "1, " "1, " "1, " "1, " "1, " "1, " "1, " "1, " "1, " "1, " "1, " "1, " "1, " "1, " "1, " "1, " "1, " "1, " "1, " "1, " "1, " "1, " "1, " "1, " "1, " "1, " "1, " "1, " "1, " "1, " "1, " "1, " "1, " "1, " "1, " "1, " "1, " "1, " "1, " "1, " "1, " "1, " "1, " "1, " "1, " "1, " "1, " "1, " "1, " "1, " "1, " "1, " "1, " "1, " "1, " "1, " "1, " "1, " "1, " "1, " "1, " "1, " "1, " "1, " "1, " "1, " "1, " "1, " "1, " "1, " "1, " "1, " "1, " "1, " "1, " "1, " "1, " "1, " "1, " "1, " "1, " "1, " "1, " "1, " "1, " "1, " "1, " "1, " "1, " "1, " "1, " "1, " "1, " "1, " "1, " "1, " "1, " "1, " "1, " "1, " "1, " "1, " "1, " "1, " "1, " "1, " "1, " "1, " "1, " "1, " "1, " "1, " "1, " "1, " "1, " "1, " "1, " "1, " "1, " "1, " "1, " "1, " "1, " "1, " "1, " "1, " "1, " "1, " "1, " "1, " "1, " "1, " "1, " "1, " "1, " "1, " "1, " "1, " "1, " "1, " "1, " "1, " "1, " "1, " "1, " "1, " "1, " "1, " "1, " "1, " "1, " "1, " "1, " "1, " "1, " "1, " "1, " "1, " "1, " "1, " "1, " "1, " "1, " "1, " "1, " "1, " "1, " "1, " "1, " "1, " "1, " "1, " "1, " "1, " "1, " "1, " "1, " "1, " "1, " "1, " "1, " "1, " "1, " "1, " "1, " "1, " "1, " "1, " "1, " "1, " "1, " "1, " "1, " "1, " "1, " "1, " "1, " "1, " "1, " "1, " "1, " "1, " "1, " "1, " "1, " "1, " "1, " "1, " "1, " "1, " "1, " "1, " "1, " "1, " "1, " "1, " "1, " "1, " "1, " "1, " "1, " "1, " "1, " "1, " "1, " "1, " "1, " "1, " "1, " "1, " "1, " "1, " "1, " "1, " "1, " "1, " "1, " "1, " "1, " "1, " "1, " "1, " "1, " "1, " "1, " "1, " "1, " "1, " "1, " "1, " "1, " "1, " "1, " "1, " "1, " "1, " "1, " "1, " "1, " "1, " "1, " "1, " "1, " "1, " "1, " "1, " "1, " "1, " "1, " "1, " "1, " "1, " "1, " "1, " "1, " "1, " "1, " "1, " "1, " "1, " "1, " "1, " "1, " "1, " "1, " "1, " "1, " "1, " "1, " "1, " "1, " "1, " "1, " "1, " "1, " "1, " "1, " "1, " "1, " "1, " "1, " "1, " "1, " "1, " "1, " "0, " "1, " "1, " "1, " "1, " "1, " "1, " "1, " "1, " "1, " "1, " "1, " "1, " "1, " "1, " "1, " "1, " "1, " "1, " "1, " "1, " "1, " "1, " "1, " "1, " "1, " "1, " "1, " "1, " "1, " "1, " "1, " "1, " "1, " "1, " "1, " "1, " "1, " "1, " "1, " "1, " "1, " "1, " "1, " "1, " "1, " "1, " "1, " "1, " "1, " "1, " "1, " "1, " "1, " "1, " "1, " "1, " "1, " "1, " "1, " "1, " "1, " "1, " "1, " "1, " "1, " "1, " "1, " "1, " "1, " "1, " "1, " "1, " "1, " "1, " "1, " "1, " "1, "0
 "Nei436, 0.314, " "-0.501, " "1, " "1, " "1, " "1, " "1, " "1, " "1, " "1, " "1, " "1, " "1, " "1, " "1, " "1, " "1, " "1, " "1, " "1, " "1, " "1, " "1, " "1, " "1, " "1, " "1, " "1, " "1, " "1, " "1, " "1, " "1, " "1, " "1, " "1, " "1, " "1, " "1, " "1, " "1, " "1, " "1, " "1, " "1, " "1, " "1, " "1, " "1, " "1, " "1, " "1, " "1, " "1, " "1, " "1, " "1, " "1, " "1, " "1, " "1, " "1, " "1, " "1, " "1, " "1, " "1, " "1, " "1, " "1, " "1, " "1, " "1, " "1, " "1, " "1, " "1, " "1, " "1, " "1, " "1, " "1, " "1, " "1, " "1, " "1, " "1, " "1, " "1, " "1, " "1, " "1, " "1, " "1, " "1, " "1, " "1, " "1, " "1, " "1, " "1, " "1, " "1, " "1, " "1, " "1, " "1, " "1, " "1, " "1, " "1, " "1, " "1, " "1, " "1, " "1, " "1, " "1, " "1, " "1, " "1, " "1, " "1, " "1, " "1, " "1, " "1, " "1, " "1, " "1, " "1, " "1, " "1, " "1, " "1, " "1, " "1, " "1, " "1, " "1, " "1, " "1, " "1, " "1, " "1, " "1, " "1, " "1, " "1, " "1, " "1, " "1, " "1, " "1, " "1, " "1, " "1, " "1, " "1, " "1, " "1, " "1, " "1, " "1, " "1, " "1, " "1, " "1, " "1, " "1, " "1, " "1, " "1, " "1, " "1, " "1, " "1, " "1, " "1, " "1, " "1, " "1, " "1, " "1, " "1, " "1, " "1, " "1, " "1, " "1, " "1, " "1, " "1, " "1, " "1, " "1, " "1, " "1, " "1, " "1, " "1, " "1, " "1, " "1, " "1, " "1, " "1, " "1, " "1, " "1, " "1, " "1, " "1, " "1, " "1, " "1, " "1, " "1, " "1, " "1, " "1, " "1, " "1, " "1, " "1, " "1, " "1, " "1, " "1, " "1, " "1, " "1, " "1, " "1, " "1, " "1, " "1, " "1, " "1, " "1, " "1, " "1, " "1, " "1, " "1, " "1, " "1, " "1, " "1, " "1, " "1, " "1, " "1, " "1, " "1, " "1, " "1, " "1, " "1, " "1, " "1, " "1, " "1, " "1, " "1, " "1, " "1, " "1, " "1, " "1, " "1, " "1, " "1, " "1, " "1, " "1, " "1, " "1, " "1, " "1, " "1, " "1, " "1, " "1, " "1, " "1, " "1, " "1, " "1, " "1, " "1, " "1, " "1, " "1, " "1, " "1, " "1, " "1, " "1, " "1, " "1, " "1, " "1, " "1, " "1, " "1, " "1, " "1, " "1, " "1, " "1, " "1, " "1, " "1, " "1, " "1, " "1, " "1, " "1, " "1, " "1, " "1, " "1, " "1, " "1, " "1, " "1, " "1, " "1, " "1, " "1, " "1, " "1, " "1, " "1, " "1, " "1, " "1, " "1, " "1, " "1, " "1, " "1, " "1, " "1, " "1, " "1, " "1, " "1, " "1, " "1, " "1, " "1, " "1, " "1, " "1, " "1, " "1, " "1, " "1, " "1, " "1, " "1, " "1, " "1, " "1, " "1, " "1, " "1, " "1, " "1, " "1, " "1, " "1, " "1, " "1, " "1, " "1, " "1, " "1, " "1, " "1, " "1, " "1, " "1, " "1, " "1, " "1, " "1, " "1, " "1, " "1, " "1, " "1, " "1, " "1, " "1, " "1, " "1, " "1, " "1, " "1, " "1, " "1, " "1, " "1, " "1, " "1, " "1, " "1, " "1, " "1, " "1, " "1, " "1, " "1, " "1, " "1, " "1, " "1, " "1, " "1, " "1, " "1, " "1, " "1, " "1, " "1, " "1, " "1, " "1, " "1, " "1, " "1, " "1, " "1, " "1, " "1, " "0, " "1, " "1, " "1, " "1, " "1, " "1, " "1, " "1, " "1, " "1, " "1, " "1, " "1, " "1, " "1, " "1, " "1, " "1, " "1, " "1, " "1, " "1, " "1, " "1, " "1, " "1, " "1, " "1, " "1, " "1, " "1, " "1, " "1, " "1, " "1, " "1, " "1, " "1, " "1, " "1, " "1, " "1, " "1, " "1, " "1, " "1, " "1, " "1, " "1, " "1, " "1, " "1, " "1, " "1, " "1, " "1, " "1, " "1, " "1, " "1, " "1, " "1, " "1, " "1, " "1, " "1, " "1, " "1, " "1, " "1, " "1, " "1, " "1, " "1, " "1, " "1, "0
 "Nei437, 0.292, " "0.872, " "1, " "1, " "1, " "1, " "1, " "1, " "1, " "1, " "1, " "1, " "1, " "1, " "1, " "1, " "1, " "1, " "1, " "1, " "1, " "1, " "1, " "1, " "1, " "1, " "1, " "1, " "1, " "1, " "1, " "1, " "1, " "1, " "1, " "1, " "1, " "1, " "1, " "1, " "1, " "1, " "1, " "1, " "1, " "1, " "1, " "1, " "1, " "1, " "1, " "1, " "1, " "1, " "1, " "1, " "1, " "1, " "1, " "1, " "1, " "1, " "1, " "1, " "1, " "1, " "1, " "1, " "1, " "1, " "1, " "1, " "1, " "1, " "1, " "1, " "1, " "1, " "1, " "1, " "1, " "1, " "1, " "1, " "1, " "1, " "1, " "1, " "1, " "1, " "1, " "1, " "1, " "1, " "1, " "1, " "1, " "1, " "1, " "1, " "1, " "1, " "1, " "1, " "1, " "1, " "1, " "1, " "1, " "1, " "1, " "1, " "1, " "1, " "1, " "1, " "1, " "1, " "1, " "1, " "1, " "1, " "1, " "1, " "1, " "1, " "1, " "1, " "1, " "1, " "1, " "1, " "1, " "1, " "1, " "1, " "1, " "1, " "1, " "1, " "1, " "1, " "1, " "1, " "1, " "1, " "1, " "1, " "1, " "1, " "1, " "1, " "1, " "1, " "1, " "1, " "1, " "1, " "1, " "1, " "1, " "1, " "1, " "1, " "1, " "1, " "1, " "1, " "1, " "1, " "1, " "1, " "1, " "1, " "1, " "1, " "1, " "1, " "1, " "1, " "1, " "1, " "1, " "1, " "1, " "1, " "1, " "1, " "1, " "1, " "1, " "1, " "1, " "1, " "1, " "1, " "1, " "1, " "1, " "1, " "1, " "1, " "1, " "1, " "1, " "1, " "1, " "1, " "1, " "1, " "1, " "1, " "1, " "1, " "1, " "1, " "1, " "1, " "1, " "1, " "1, " "1, " "1, " "1, " "1, " "1, " "1, " "1, " "1, " "1, " "1, " "1, " "1, " "1, " "1, " "1, " "1, " "1, " "1, " "1, " "1, " "1, " "1, " "1, " "1, " "1, " "1, " "1, " "1, " "1, " "1, " "1, " "1, " "1, " "1, " "1, " "1, " "1, " "1, " "1, " "1, " "1, " "1, " "1, " "1, " "1, " "1, " "1, " "1, " "1, " "1, " "1, " "1, " "1, " "1, " "1, " "1, " "1, " "1, " "1, " "1, " "1, " "1, " "1, " "1, " "1, " "1, " "1, " "1, " "1, " "1, " "1, " "1, " "1, " "1, " "1, " "1, " "1, " "1, " "1, " "1, " "1, " "1, " "1, " "1, " "1, " "1, " "1, " "1, " "1, " "1, " "1, " "1, " "1, " "1, " "1, " "1, " "1, " "1, " "1, " "1, " "1, " "1, " "1, " "1, " "1, " "1, " "1, " "1, " "1, " "1, " "1, " "1, " "1, " "1, " "1, " "1, " "1, " "1, " "1, " "1, " "1, " "1, " "1, " "1, " "1, " "1, " "1, " "1, " "1, " "1, " "1, " "1, " "1, " "1, " "1, " "1, " "1, " "1, " "1, " "1, " "1, " "1, " "1, " "1, " "1, " "1, " "1, " "1, " "1, " "1, " "1, " "1, " "1, " "1, " "1, " "1, " "1, " "1, " "1, " "1, " "1, " "1, " "1, " "1, " "1, " "1, " "1, " "1, " "1, " "1, " "1, " "1, " "1, " "1, " "1, " "1, " "1, " "1, " "1, " "1, " "1, " "1, " "1, " "1, " "1, " "1, " "1, " "1, " "1, " "1, " "1, " "1, " "1, " "1, " "1, " "1, " "1, " "1, " "1, " "1, " "1, " "1, " "1, " "1, " "1, " "1, " "1, " "1, " "1, " "1, " "1, " "1, " "1, " "1, " "1, " "1, " "1, " "1, " "0, " "1, " "1, " "1, " "1, " "1, " "1, " "1, " "1, " "1, " "1, " "1, " "1, " "1, " "1, " "1, " "1, " "1, " "1, " "1, " "1, " "1, " "1, " "1, " "1, " "1, " "1, " "1, " "1, " "1, " "1, " "1, " "1, " "1, " "1, " "1, " "1, " "1, " "1, " "1, " "1, " "1, " "1, " "1, " "1, " "1, " "1, " "1, " "1, " "1, " "1, " "1, " "1, " "1, " "1, " "1, " "1, " "1, " "1, " "1, " "1, " "1, " "1, " "1, " "1, " "1, " "1, " "1, " "1, " "1, " "1, " "1, " "1, " "1, " "1, " "1, "0
 "Nei438, 0.104, " "-0.012, " "1, " "1, " "1, " "1, " "1, " "1, " "1, " "1, " "1, " "1, " "1, " "1, " "1, " "1, " "1, " "1, " "1, " "1, " "1, " "1, " "1, " "1, " "1, " "1, " "1, " "1, " "1, " "1, " "1, " "1, " "1, " "1, " "1, " "1, " "1, " "1, " "1, " "1, " "1, " "1, " "1, " "1, " "1, " "1, " "1, " "1, " "1, " "1, " "1, " "1, " "1, " "1, " "1, " "1, " "1, " "1, " "1, " "1, " "1, " "1, " "1, " "1, " "1, " "1, " "1, " "1, " "1, " "1, " "1, " "1, " "1, " "1, " "1, " "1, " "1, " "1, " "1, " "1, " "1, " "1, " "1, " "1, " "1, " "1, " "1, " "1, " "1, " "1, " "1, " "1, " "1, " "1, " "1, " "1, " "1, " "1, " "1, " "1, " "1, " "1, " "1, " "1, " "1, " "1, " "1, " "1, " "1, " "1, " "1, " "1, " "1, " "1, " "1, " "1, " "1, " "1, " "1, " "1, " "1, " "1, " "1, " "1, " "1, " "1, " "1, " "1, " "1, " "1, " "1, " "1, " "1, " "1, " "1, " "1, " "1, " "1, " "1, " "1, " "1, " "1, " "1, " "1, " "1, " "1, " "1, " "1, " "1, " "1, " "1, " "1, " "1, " "1, " "1, " "1, " "1, " "1, " "1, " "1, " "1, " "1, " "1, " "1, " "1, " "1, " "1, " "1, " "1, " "1, " "1, " "1, " "1, " "1, " "1, " "1, " "1, " "1, " "1, " "1, " "1, " "1, " "1, " "1, " "1, " "1, " "1, " "1, " "1, " "1, " "1, " "1, " "1, " "1, " "1, " "1, " "1, " "1, " "1, " "1, " "1, " "1, " "1, " "1, " "1, " "1, " "1, " "1, " "1, " "1, " "1, " "1, " "1, " "1, " "1, " "1, " "1, " "1, " "1, " "1, " "1, " "1, " "1, " "1, " "1, " "1, " "1, " "1, " "1, " "1, " "1, " "1, " "1, " "1, " "1, " "1, " "1, " "1, " "1, " "1, " "1, " "1, " "1, " "1, " "1, " "1, " "1, " "1, " "1, " "1, " "1, " "1, " "1, " "1, " "1, " "1, " "1, " "1, " "1, " "1, " "1, " "1, " "1, " "1, " "1, " "1, " "1, " "1, " "1, " "1, " "1, " "1, " "1, " "1, " "1, " "1, " "1, " "1, " "1, " "1, " "1, " "1, " "1, " "1, " "1, " "1, " "1, " "1, " "1, " "1, " "1, " "1, " "1, " "1, " "1, " "1, " "1, " "1, " "1, " "1, " "1, " "1, " "1, " "1, " "1, " "1, " "1, " "1, " "1, " "1, " "1, " "1, " "1, " "1, " "1, " "1, " "1, " "1, " "1, " "1, " "1, " "1, " "1, " "1, " "1, " "1, " "1, " "1, " "1, " "1, " "1, " "1, " "1, " "1, " "1, " "1, " "1, " "1, " "1, " "1, " "1, " "1, " "1, " "1, " "1, " "1, " "1, " "1, " "1, " "1, " "1, " "1, " "1, " "1, " "1, " "1, " "1, " "1, " "1, " "1, " "1, " "1, " "1, " "1, " "1, " "1, " "1, " "1, " "1, " "1, " "1, " "1, " "1, " "1, " "1, " "1, " "1, " "1, " "1, " "1, " "1, " "1, " "1, " "1, " "1, " "1, " "1, " "1, " "1, " "1, " "1, " "1, " "1, " "1, " "1, " "1, " "1, " "1, " "1, " "1, " "1, " "1, " "1, " "1, " "1, " "1, " "1, " "1, " "1, " "1, " "1, " "1, " "1, " "1, " "1, " "1, " "1, " "1, " "1, " "1, " "1, " "1, " "1, " "1, " "1, " "1, " "1, " "1, " "1, " "1, " "1, " "1, " "1, " "1, " "1, " "1, " "1, " "1, " "1, " "1, " "0, " "1, " "1, " "1, " "1, " "1, " "1, " "1, " "1, " "1, " "1, " "1, " "1, " "1, " "1, " "1, " "1, " "1, " "1, " "1, " "1, " "1, " "1, " "1, " "1, " "1, " "1, " "1, " "1, " "1, " "1, " "1, " "1, " "1, " "1, " "1, " "1, " "1, " "1, " "1, " "1, " "1, " "1, " "1, " "1, " "1, " "1, " "1, " "1, " "1, " "1, " "1, " "1, " "1, " "1, " "1, " "1, " "1, " "1, " "1, " "1, " "1, " "1, " "1, " "1, " "1, " "1, " "1, " "1, " "1, " "1, " "1, " "1, " "1, " "1, "0
 "Nei439, 0.203, " "0.182, " "1, " "1, " "1, " "1, " "1, " "1, " "1, " "1, " "1, " "1, " "1, " "1, " "1, " "1, " "1, " "1, " "1, " "1, " "1, " "1, " "1, " "1, " "1, " "1, " "1, " "1, " "1, " "1, " "1, " "1, " "1, " "1, " "1, " "1, " "1, " "1, " "1, " "1, " "1, " "1, " "1, " "1, " "1, " "1, " "1, " "1, " "1, " "1, " "1, " "1, " "1, " "1, " "1, " "1, " "1, " "1, " "1, " "1, " "1, " "1, " "1, " "1, " "1, " "1, " "1, " "1, " "1, " "1, " "1, " "1, " "1, " "1, " "1, " "1, " "1, " "1, " "1, " "1, " "1, " "1, " "1, " "1, " "1, " "1, " "1, " "1, " "1, " "1, " "1, " "1, " "1, " "1, " "1, " "1, " "1, " "1, " "1, " "1, " "1, " "1, " "1, " "1, " "1, " "1, " "1, " "1, " "1, " "1, " "1, " "1, " "1, " "1, " "1, " "1, " "1, " "1, " "1, " "1, " "1, " "1, " "1, " "1, " "1, " "1, " "1, " "1, " "1, " "1, " "1, " "1, " "1, " "1, " "1, " "1, " "1, " "1, " "1, " "1, " "1, " "1, " "1, " "1, " "1, " "1, " "1, " "1, " "1, " "1, " "1, " "1, " "1, " "1, " "1, " "1, " "1, " "1, " "1, " "1, " "1, " "1, " "1, " "1, " "1, " "1, " "1, " "1, " "1, " "1, " "1, " "1, " "1, " "1, " "1, " "1, " "1, " "1, " "1, " "1, " "1, " "1, " "1, " "1, " "1, " "1, " "1, " "1, " "1, " "1, " "1, " "1, " "1, " "1, " "1, " "1, " "1, " "1, " "1, " "1, " "1, " "1, " "1, " "1, " "1, " "1, " "1, " "1, " "1, " "1, " "1, " "1, " "1, " "1, " "1, " "1, " "1, " "1, " "1, " "1, " "1, " "1, " "1, " "1, " "1, " "1, " "1, " "1, " "1, " "1, " "1, " "1, " "1, " "1, " "1, " "1, " "1, " "1, " "1, " "1, " "1, " "1, " "1, " "1, " "1, " "1, " "1, " "1, " "1, " "1, " "1, " "1, " "1, " "1, " "1, " "1, " "1, " "1, " "1, " "1, " "1, " "1, " "1, " "1, " "1, " "1, " "1, " "1, " "1, " "1, " "1, " "1, " "1, " "1, " "1, " "1, " "1, " "1, " "1, " "1, " "1, " "1, " "1, " "1, " "1, " "1, " "1, " "1, " "1, " "1, " "1, " "1, " "1, " "1, " "1, " "1, " "1, " "1, " "1, " "1, " "1, " "1, " "1, " "1, " "1, " "1, " "1, " "1, " "1, " "1, " "1, " "1, " "1, " "1, " "1, " "1, " "1, " "1, " "1, " "1, " "1, " "1, " "1, " "1, " "1, " "1, " "1, " "1, " "1, " "1, " "1, " "1, " "1, " "1, " "1, " "1, " "1, " "1, " "1, " "1, " "1, " "1, " "1, " "1, " "1, " "1, " "1, " "1, " "1, " "1, " "1, " "1, " "1, " "1, " "1, " "1, " "1, " "1, " "1, " "1, " "1, " "1, " "1, " "1, " "1, " "1, " "1, " "1, " "1, " "1, " "1, " "1, " "1, " "1, " "1, " "1, " "1, " "1, " "1, " "1, " "1, " "1, " "1, " "1, " "1, " "1, " "1, " "1, " "1, " "1, " "1, " "1, " "1, " "1, " "1, " "1, " "1, " "1, " "1, " "1, " "1, " "1, " "1, " "1, " "1, " "1, " "1, " "1, " "1, " "1, " "1, " "1, " "1, " "1, " "1, " "1, " "1, " "1, " "1, " "1, " "1, " "1, " "1, " "1, " "1, " "1, " "1, " "1, " "1, " "1, " "1, " "1, " "1, " "1, " "1, " "1, " "1, " "1, " "1, " "1, " "1, " "0, " "1, " "1, " "1, " "1, " "1, " "1, " "1, " "1, " "1, " "1, " "1, " "1, " "1, " "1, " "1, " "1, " "1, " "1, " "1, " "1, " "1, " "1, " "1, " "1, " "1, " "1, " "1, " "1, " "1, " "1, " "1, " "1, " "1, " "1, " "1, " "1, " "1, " "1, " "1, " "1, " "1, " "1, " "1, " "1, " "1, " "1, " "1, " "1, " "1, " "1, " "1, " "1, " "1, " "1, " "1, " "1, " "1, " "1, " "1, " "1, " "1, " "1, " "1, " "1, " "1, " "1, " "1, " "1, " "1, " "1, " "1, " "1, " "1, "0
 "Nei440, 0.181, " "-0.343, " "1, " "1, " "1, " "1, " "1, " "1, " "1, " "1, " "1, " "1, " "1, " "1, " "1, " "1, " "1, " "1, " "1, " "1, " "1, " "1, " "1, " "1, " "1, " "1, " "1, " "1, " "1, " "1, " "1, " "1, " "1, " "1, " "1, " "1, " "1, " "1, " "1, " "1, " "1, " "1, " "1, " "1, " "1, " "1, " "1, " "1, " "1, " "1, " "1, " "1, " "1, " "1, " "1, " "1, " "1, " "1, " "1, " "1, " "1, " "1, " "1, " "1, " "1, " "1, " "1, " "1, " "1, " "1, " "1, " "1, " "1, " "1, " "1, " "1, " "1, " "1, " "1, " "1, " "1, " "1, " "1, " "1, " "1, " "1, " "1, " "1, " "1, " "1, " "1, " "1, " "1, " "1, " "1, " "1, " "1, " "1, " "1, " "1, " "1, " "1, " "1, " "1, " "1, " "1, " "1, " "1, " "1, " "1, " "1, " "1, " "1, " "1, " "1, " "1, " "1, " "1, " "1, " "1, " "1, " "1, " "1, " "1, " "1, " "1, " "1, " "1, " "1, " "1, " "1, " "1, " "1, " "1, " "1, " "1, " "1, " "1, " "1, " "1, " "1, " "1, " "1, " "1, " "1, " "1, " "1, " "1, " "1, " "1, " "1, " "1, " "1, " "1, " "1, " "1, " "1, " "1, " "1, " "1, " "1, " "1, " "1, " "1, " "1, " "1, " "1, " "1, " "1, " "1, " "1, " "1, " "1, " "1, " "1, " "1, " "1, " "1, " "1, " "1, " "1, " "1, " "1, " "1, " "1, " "1, " "1, " "1, " "1, " "1, " "1, " "1, " "1, " "1, " "1, " "1, " "1, " "1, " "1, " "1, " "1, " "1, " "1, " "1, " "1, " "1, " "1, " "1, " "1, " "1, " "1, " "1, " "1, " "1, " "1, " "1, " "1, " "1, " "1, " "1, " "1, " "1, " "1, " "1, " "1, " "1, " "1, " "1, " "1, " "1, " "1, " "1, " "1, " "1, " "1, " "1, " "1, " "1, " "1, " "1, " "1, " "1, " "1, " "1, " "1, " "1, " "1, " "1, " "1, " "1, " "1, " "1, " "1, " "1, " "1, " "1, " "1, " "1, " "1, " "1, " "1, " "1, " "1, " "1, " "1, " "1, " "1, " "1, " "1, " "1, " "1, " "1, " "1, " "1, " "1, " "1, " "1, " "1, " "1, " "1, " "1, " "1, " "1, " "1, " "1, " "1, " "1, " "1, " "1, " "1, " "1, " "1, " "1, " "1, " "1, " "1, " "1, " "1, " "1, " "1, " "1, " "1, " "1, " "1, " "1, " "1, " "1, " "1, " "1, " "1, " "1, " "1, " "1, " "1, " "1, " "1, " "1, " "1, " "1, " "1, " "1, " "1, " "1, " "1, " "1, " "1, " "1, " "1, " "1, " "1, " "1, " "1, " "1, " "1, " "1, " "1, " "1, " "1, " "1, " "1, " "1, " "1, " "1, " "1, " "1, " "1, " "1, " "1, " "1, " "1, " "1, " "1, " "1, " "1, " "1, " "1, " "1, " "1, " "1, " "1, " "1, " "1, " "1, " "1, " "1, " "1, " "1, " "1, " "1, " "1, " "1, " "1, " "1, " "1, " "1, " "1, " "1, " "1, " "1, " "1, " "1, " "1, " "1, " "1, " "1, " "1, " "1, " "1, " "1, " "1, " "1, " "1, " "1, " "1, " "1, " "1, " "1, " "1, " "1, " "1, " "1, " "1, " "1, " "1, " "1, " "1, " "1, " "1, " "1, " "1, " "1, " "1, " "1, " "1, " "1, " "1, " "1, " "1, " "1, " "1, " "1, " "1, " "1, " "1, " "1, " "1, " "1, " "1, " "1, " "1, " "1, " "1, " "1, " "1, " "1, " "1, " "1, " "1, " "1, " "1, " "1, " "1, " "0, " "1, " "1, " "1, " "1, " "1, " "1, " "1, " "1, " "1, " "1, " "1, " "1, " "1, " "1, " "1, " "1, " "1, " "1, " "1, " "1, " "1, " "1, " "1, " "1, " "1, " "1, " "1, " "1, " "1, " "1, " "1, " "1, " "1, " "1, " "1, " "1, " "1, " "1, " "1, " "1, " "1, " "1, " "1, " "1, " "1, " "1, " "1, " "1, " "1, " "1, " "1, " "1, " "1, " "1, " "1, " "1, " "1, " "1, " "1, " "1, " "1, " "1, " "1, " "1, " "1, " "1, " "1, " "1, " "1, " "1, " "1, " "1, "0
 "Nei441, 0.015, " "0.808, " "1, " "1, " "1, " "1, " "1, " "1, " "1, " "1, " "1, " "1, " "1, " "1, " "1, " "1, " "1, " "1, " "1, " "1, " "1, " "1, " "1, " "1, " "1, " "1, " "1, " "1, " "1, " "1, " "1, " "1, " "1, " "1, " "1, " "1, " "1, " "1, " "1, " "1, " "1, " "1, " "1, " "1, " "1, " "1, " "1, " "1, " "1, " "1, " "1, " "1, " "1, " "1, " "1, " "1, " "1, " "1, " "1, " "1, " "1, " "1, " "1, " "1, " "1, " "1, " "1, " "1, " "1, " "1, " "1, " "1, " "1, " "1, " "1, " "1, " "1, " "1, " "1, " "1, " "1, " "1, " "1, " "1, " "1, " "1, " "1, " "1, " "1, " "1, " "1, " "1, " "1, " "1, " "1, " "1, " "1, " "1, " "1, " "1, " "1, " "1, " "1, " "1, " "1, " "1, " "1, " "1, " "1, " "1, " "1, " "1, " "1, " "1, " "1, " "1, " "1, " "1, " "1, " "1, " "1, " "1, " "1, " "1, " "1, " "1, " "1, " "1, " "1, " "1, " "1, " "1, " "1, " "1, " "1, " "1, " "1, " "1, " "1, " "1, " "1, " "1, " "1, " "1, " "1, " "1, " "1, " "1, " "1, " "1, " "1, " "1, " "1, " "1, " "1, " "1, " "1, " "1, " "1, " "1, " "1, " "1, " "1, " "1, " "1, " "1, " "1, " "1, " "1, " "1, " "1, " "1, " "1, " "1, " "1, " "1, " "1, " "1, " "1, " "1, " "1, " "1, " "1, " "1, " "1, " "1, " "1, " "1, " "1, " "1, " "1, " "1, " "1, " "1, " "1, " "1, " "1, " "1, " "1, " "1, " "1, " "1, " "1, " "1, " "1, " "1, " "1, " "1, " "1, " "1, " "1, " "1, " "1, " "1, " "1, " "1, " "1, " "1, " "1, " "1, " "1, " "1, " "1, " "1, " "1, " "1, " "1, " "1, " "1, " "1, " "1, " "1, " "1, " "1, " "1, " "1, " "1, " "1, " "1, " "1, " "1, " "1, " "1, " "1, " "1, " "1, " "1, " "1, " "1, " "1, " "1, " "1, " "1, " "1, " "1, " "1, " "1, " "1, " "1, " "1, " "1, " "1, " "1, " "1, " "1, " "1, " "1, " "1, " "1, " "1, " "1, " "1, " "1, " "1, " "1, " "1, " "1, " "1, " "1, " "1, " "1, " "1, " "1, " "1, " "1, " "1, " "1, " "1, " "1, " "1, " "1, " "1, " "1, " "1, " "1, " "1, " "1, " "1, " "1, " "1, " "1, " "1, " "1, " "1, " "1, " "1, " "1, " "1, " "1, " "1, " "1, " "1, " "1, " "1, " "1, " "1, " "1, " "1, " "1, " "1, " "1, " "1, " "1, " "1, " "1, " "1, " "1, " "1, " "1, " "1, " "1, " "1, " "1, " "1, " "1, " "1, " "1, " "1, " "1, " "1, " "1, " "1, " "1, " "1, " "1, " "1, " "1, " "1, " "1, " "1, " "1, " "1, " "1, " "1, " "1, " "1, " "1, " "1, " "1, " "1, " "1, " "1, " "1, " "1, " "1, " "1, " "1, " "1, " "1, " "1, " "1, " "1, " "1, " "1, " "1, " "1, " "1, " "1, " "1, " "1, " "1, " "1, " "1, " "1, " "1, " "1, " "1, " "1, " "1, " "1, " "1, " "1, " "1, " "1, " "1, " "1, " "1, " "1, " "1, " "1, " "1, " "1, " "1, " "1, " "1, " "1, " "1, " "1, " "1, " "1, " "1, " "1, " "1, " "1, " "1, " "1, " "1, " "1, " "1, " "1, " "1, " "1, " "1, " "1, " "1, " "1, " "1, " "1, " "1, " "1, " "1, " "1, " "1, " "1, " "1, " "1, " "1, " "1, " "1, " "1, " "1, " "1, " "1, " "0, " "1, " "1, " "1, " "1, " "1, " "1, " "1, " "1, " "1, " "1, " "1, " "1, " "1, " "1, " "1, " "1, " "1, " "1, " "1, " "1, " "1, " "1, " "1, " "1, " "1, " "1, " "1, " "1, " "1, " "1, " "1, " "1, " "1, " "1, " "1, " "1, " "1, " "1, " "1, " "1, " "1, " "1, " "1, " "1, " "1, " "1, " "1, " "1, " "1, " "1, " "1, " "1, " "1, " "1, " "1, " "1, " "1, " "1, " "1, " "1, " "1, " "1, " "1, " "1, " "1, " "1, " "1, " "1, " "1, " "1, " "1, "0
 "Nei442, 0.192, " "-0.502, " "1, " "1, " "1, " "1, " "1, " "1, " "1, " "1, " "1, " "1, " "1, " "1, " "1, " "1, " "1, " "1, " "1, " "1, " "1, " "1, " "1, " "1, " "1, " "1, " "1, " "1, " "1, " "1, " "1, " "1, " "1, " "1, " "1, " "1, " "1, " "1, " "1, " "1, " "1, " "1, " "1, " "1, " "1, " "1, " "1, " "1, " "1, " "1, " "1, " "1, " "1, " "1, " "1, " "1, " "1, " "1, " "1, " "1, " "1, " "1, " "1, " "1, " "1, " "1, " "1, " "1, " "1, " "1, " "1, " "1, " "1, " "1, " "1, " "1, " "1, " "1, " "1, " "1, " "1, " "1, " "1, " "1, " "1, " "1, " "1, " "1, " "1, " "1, " "1, " "1, " "1, " "1, " "1, " "1, " "1, " "1, " "1, " "1, " "1, " "1, " "1, " "1, " "1, " "1, " "1, " "1, " "1, " "1, " "1, " "1, " "1, " "1, " "1, " "1, " "1, " "1, " "1, " "1, " "1, " "1, " "1, " "1, " "1, " "1, " "1, " "1, " "1, " "1, " "1, " "1, " "1, " "1, " "1, " "1, " "1, " "1, " "1, " "1, " "1, " "1, " "1, " "1, " "1, " "1, " "1, " "1, " "1, " "1, " "1, " "1, " "1, " "1, " "1, " "1, " "1, " "1, " "1, " "1, " "1, " "1, " "1, " "1, " "1, " "1, " "1, " "1, " "1, " "1, " "1, " "1, " "1, " "1, " "1, " "1, " "1, " "1, " "1, " "1, " "1, " "1, " "1, " "1, " "1, " "1, " "1, " "1, " "1, " "1, " "1, " "1, " "1, " "1, " "1, " "1, " "1, " "1, " "1, " "1, " "1, " "1, " "1, " "1, " "1, " "1, " "1, " "1, " "1, " "1, " "1, " "1, " "1, " "1, " "1, " "1, " "1, " "1, " "1, " "1, " "1, " "1, " "1, " "1, " "1, " "1, " "1, " "1, " "1, " "1, " "1, " "1, " "1, " "1, " "1, " "1, " "1, " "1, " "1, " "1, " "1, " "1, " "1, " "1, " "1, " "1, " "1, " "1, " "1, " "1, " "1, " "1, " "1, " "1, " "1, " "1, " "1, " "1, " "1, " "1, " "1, " "1, " "1, " "1, " "1, " "1, " "1, " "1, " "1, " "1, " "1, " "1, " "1, " "1, " "1, " "1, " "1, " "1, " "1, " "1, " "1, " "1, " "1, " "1, " "1, " "1, " "1, " "1, " "1, " "1, " "1, " "1, " "1, " "1, " "1, " "1, " "1, " "1, " "1, " "1, " "1, " "1, " "1, " "1, " "1, " "1, " "1, " "1, " "1, " "1, " "1, " "1, " "1, " "1, " "1, " "1, " "1, " "1, " "1, " "1, " "1, " "1, " "1, " "1, " "1, " "1, " "1, " "1, " "1, " "1, " "1, " "1, " "1, " "1, " "1, " "1, " "1, " "1, " "1, " "1, " "1, " "1, " "1, " "1, " "1, " "1, " "1, " "1, " "1, " "1, " "1, " "1, " "1, " "1, " "1, " "1, " "1, " "1, " "1, " "1, " "1, " "1, " "1, " "1, " "1, " "1, " "1, " "1, " "1, " "1, " "1, " "1, " "1, " "1, " "1, " "1, " "1, " "1, " "1, " "1, " "1, " "1, " "1, " "1, " "1, " "1, " "1, " "1, " "1, " "1, " "1, " "1, " "1, " "1, " "1, " "1, " "1, " "1, " "1, " "1, " "1, " "1, " "1, " "1, " "1, " "1, " "1, " "1, " "1, " "1, " "1, " "1, " "1, " "1, " "1, " "1, " "1, " "1, " "1, " "1, " "1, " "1, " "1, " "1, " "1, " "1, " "1, " "1, " "1, " "1, " "1, " "1, " "1, " "1, " "1, " "1, " "1, " "1, " "1, " "1, " "1, " "1, " "1, " "1, " "0, " "1, " "1, " "1, " "1, " "1, " "1, " "1, " "1, " "1, " "1, " "1, " "1, " "1, " "1, " "1, " "1, " "1, " "1, " "1, " "1, " "1, " "1, " "1, " "1, " "1, " "1, " "1, " "1, " "1, " "1, " "1, " "1, " "1, " "1, " "1, " "1, " "1, " "1, " "1, " "1, " "1, " "1, " "1, " "1, " "1, " "1, " "1, " "1, " "1, " "1, " "1, " "1, " "1, " "1, " "1, " "1, " "1, " "1, " "1, " "1, " "1, " "1, " "1, " "1, " "1, " "1, " "1, " "1, " "1, " "1, "0
 "Nei443, 0.116, " "0.396, " "1, " "1, " "1, " "1, " "1, " "1, " "1, " "1, " "1, " "1, " "1, " "1, " "1, " "1, " "1, " "1, " "1, " "1, " "1, " "1, " "1, " "1, " "1, " "1, " "1, " "1, " "1, " "1, " "1, " "1, " "1, " "1, " "1, " "1, " "1, " "1, " "1, " "1, " "1, " "1, " "1, " "1, " "1, " "1, " "1, " "1, " "1, " "1, " "1, " "1, " "1, " "1, " "1, " "1, " "1, " "1, " "1, " "1, " "1, " "1, " "1, " "1, " "1, " "1, " "1, " "1, " "1, " "1, " "1, " "1, " "1, " "1, " "1, " "1, " "1, " "1, " "1, " "1, " "1, " "1, " "1, " "1, " "1, " "1, " "1, " "1, " "1, " "1, " "1, " "1, " "1, " "1, " "1, " "1, " "1, " "1, " "1, " "1, " "1, " "1, " "1, " "1, " "1, " "1, " "1, " "1, " "1, " "1, " "1, " "1, " "1, " "1, " "1, " "1, " "1, " "1, " "1, " "1, " "1, " "1, " "1, " "1, " "1, " "1, " "1, " "1, " "1, " "1, " "1, " "1, " "1, " "1, " "1, " "1, " "1, " "1, " "1, " "1, " "1, " "1, " "1, " "1, " "1, " "1, " "1, " "1, " "1, " "1, " "1, " "1, " "1, " "1, " "1, " "1, " "1, " "1, " "1, " "1, " "1, " "1, " "1, " "1, " "1, " "1, " "1, " "1, " "1, " "1, " "1, " "1, " "1, " "1, " "1, " "1, " "1, " "1, " "1, " "1, " "1, " "1, " "1, " "1, " "1, " "1, " "1, " "1, " "1, " "1, " "1, " "1, " "1, " "1, " "1, " "1, " "1, " "1, " "1, " "1, " "1, " "1, " "1, " "1, " "1, " "1, " "1, " "1, " "1, " "1, " "1, " "1, " "1, " "1, " "1, " "1, " "1, " "1, " "1, " "1, " "1, " "1, " "1, " "1, " "1, " "1, " "1, " "1, " "1, " "1, " "1, " "1, " "1, " "1, " "1, " "1, " "1, " "1, " "1, " "1, " "1, " "1, " "1, " "1, " "1, " "1, " "1, " "1, " "1, " "1, " "1, " "1, " "1, " "1, " "1, " "1, " "1, " "1, " "1, " "1, " "1, " "1, " "1, " "1, " "1, " "1, " "1, " "1, " "1, " "1, " "1, " "1, " "1, " "1, " "1, " "1, " "1, " "1, " "1, " "1, " "1, " "1, " "1, " "1, " "1, " "1, " "1, " "1, " "1, " "1, " "1, " "1, " "1, " "1, " "1, " "1, " "1, " "1, " "1, " "1, " "1, " "1, " "1, " "1, " "1, " "1, " "1, " "1, " "1, " "1, " "1, " "1, " "1, " "1, " "1, " "1, " "1, " "1, " "1, " "1, " "1, " "1, " "1, " "1, " "1, " "1, " "1, " "1, " "1, " "1, " "1, " "1, " "1, " "1, " "1, " "1, " "1, " "1, " "1, " "1, " "1, " "1, " "1, " "1, " "1, " "1, " "1, " "1, " "1, " "1, " "1, " "1, " "1, " "1, " "1, " "1, " "1, " "1, " "1, " "1, " "1, " "1, " "1, " "1, " "1, " "1, " "1, " "1, " "1, " "1, " "1, " "1, " "1, " "1, " "1, " "1, " "1, " "1, " "1, " "1, " "1, " "1, " "1, " "1, " "1, " "1, " "1, " "1, " "1, " "1, " "1, " "1, " "1, " "1, " "1, " "1, " "1, " "1, " "1, " "1, " "1, " "1, " "1, " "1, " "1, " "1, " "1, " "1, " "1, " "1, " "1, " "1, " "1, " "1, " "1, " "1, " "1, " "1, " "1, " "1, " "1, " "1, " "1, " "1, " "1, " "1, " "1, " "1, " "1, " "1, " "1, " "1, " "1, " "1, " "1, " "1, " "1, " "1, " "1, " "1, " "1, " "1, " "1, " "1, " "1, " "0, " "1, " "1, " "1, " "1, " "1, " "1, " "1, " "1, " "1, " "1, " "1, " "1, " "1, " "1, " "1, " "1, " "1, " "1, " "1, " "1, " "1, " "1, " "1, " "1, " "1, " "1, " "1, " "1, " "1, " "1, " "1, " "1, " "1, " "1, " "1, " "1, " "1, " "1, " "1, " "1, " "1, " "1, " "1, " "1, " "1, " "1, " "1, " "1, " "1, " "1, " "1, " "1, " "1, " "1, " "1, " "1, " "1, " "1, " "1, " "1, " "1, " "1, " "1, " "1, " "1, " "1, " "1, " "1, " "1, "0
 "Nei444, 0.023, " "0.86, " "1, " "1, " "1, " "1, " "1, " "1, " "1, " "1, " "1, " "1, " "1, " "1, " "1, " "1, " "1, " "1, " "1, " "1, " "1, " "1, " "1, " "1, " "1, " "1, " "1, " "1, " "1, " "1, " "1, " "1, " "1, " "1, " "1, " "1, " "1, " "1, " "1, " "1, " "1, " "1, " "1, " "1, " "1, " "1, " "1, " "1, " "1, " "1, " "1, " "1, " "1, " "1, " "1, " "1, " "1, " "1, " "1, " "1, " "1, " "1, " "1, " "1, " "1, " "1, " "1, " "1, " "1, " "1, " "1, " "1, " "1, " "1, " "1, " "1, " "1, " "1, " "1, " "1, " "1, " "1, " "1, " "1, " "1, " "1, " "1, " "1, " "1, " "1, " "1, " "1, " "1, " "1, " "1, " "1, " "1, " "1, " "1, " "1, " "1, " "1, " "1, " "1, " "1, " "1, " "1, " "1, " "1, " "1, " "1, " "1, " "1, " "1, " "1, " "1, " "1, " "1, " "1, " "1, " "1, " "1, " "1, " "1, " "1, " "1, " "1, " "1, " "1, " "1, " "1, " "1, " "1, " "1, " "1, " "1, " "1, " "1, " "1, " "1, " "1, " "1, " "1, " "1, " "1, " "1, " "1, " "1, " "1, " "1, " "1, " "1, " "1, " "1, " "1, " "1, " "1, " "1, " "1, " "1, " "1, " "1, " "1, " "1, " "1, " "1, " "1, " "1, " "1, " "1, " "1, " "1, " "1, " "1, " "1, " "1, " "1, " "1, " "1, " "1, " "1, " "1, " "1, " "1, " "1, " "1, " "1, " "1, " "1, " "1, " "1, " "1, " "1, " "1, " "1, " "1, " "1, " "1, " "1, " "1, " "1, " "1, " "1, " "1, " "1, " "1, " "1, " "1, " "1, " "1, " "1, " "1, " "1, " "1, " "1, " "1, " "1, " "1, " "1, " "1, " "1, " "1, " "1, " "1, " "1, " "1, " "1, " "1, " "1, " "1, " "1, " "1, " "1, " "1, " "1, " "1, " "1, " "1, " "1, " "1, " "1, " "1, " "1, " "1, " "1, " "1, " "1, " "1, " "1, " "1, " "1, " "1, " "1, " "1, " "1, " "1, " "1, " "1, " "1, " "1, " "1, " "1, " "1, " "1, " "1, " "1, " "1, " "1, " "1, " "1, " "1, " "1, " "1, " "1, " "1, " "1, " "1, " "1, " "1, " "1, " "1, " "1, " "1, " "1, " "1, " "1, " "1, " "1, " "1, " "1, " "1, " "1, " "1, " "1, " "1, " "1, " "1, " "1, " "1, " "1, " "1, " "1, " "1, " "1, " "1, " "1, " "1, " "1, " "1, " "1, " "1, " "1, " "1, " "1, " "1, " "1, " "1, " "1, " "1, " "1, " "1, " "1, " "1, " "1, " "1, " "1, " "1, " "1, " "1, " "1, " "1, " "1, " "1, " "1, " "1, " "1, " "1, " "1, " "1, " "1, " "1, " "1, " "1, " "1, " "1, " "1, " "1, " "1, " "1, " "1, " "1, " "1, " "1, " "1, " "1, " "1, " "1, " "1, " "1, " "1, " "1, " "1, " "1, " "1, " "1, " "1, " "1, " "1, " "1, " "1, " "1, " "1, " "1, " "1, " "1, " "1, " "1, " "1, " "1, " "1, " "1, " "1, " "1, " "1, " "1, " "1, " "1, " "1, " "1, " "1, " "1, " "1, " "1, " "1, " "1, " "1, " "1, " "1, " "1, " "1, " "1, " "1, " "1, " "1, " "1, " "1, " "1, " "1, " "1, " "1, " "1, " "1, " "1, " "1, " "1, " "1, " "1, " "1, " "1, " "1, " "1, " "1, " "1, " "1, " "1, " "1, " "1, " "1, " "1, " "1, " "1, " "1, " "1, " "1, " "1, " "1, " "1, " "1, " "1, " "1, " "1, " "1, " "1, " "1, " "1, " "1, " "0, " "1, " "1, " "1, " "1, " "1, " "1, " "1, " "1, " "1, " "1, " "1, " "1, " "1, " "1, " "1, " "1, " "1, " "1, " "1, " "1, " "1, " "1, " "1, " "1, " "1, " "1, " "1, " "1, " "1, " "1, " "1, " "1, " "1, " "1, " "1, " "1, " "1, " "1, " "1, " "1, " "1, " "1, " "1, " "1, " "1, " "1, " "1, " "1, " "1, " "1, " "1, " "1, " "1, " "1, " "1, " "1, " "1, " "1, " "1, " "1, " "1, " "1, " "1, " "1, " "1, " "1, " "1, " "1, "0
 "Nei445, 0.303, " "-0.855, " "1, " "1, " "1, " "1, " "1, " "1, " "1, " "1, " "1, " "1, " "1, " "1, " "1, " "1, " "1, " "1, " "1, " "1, " "1, " "1, " "1, " "1, " "1, " "1, " "1, " "1, " "1, " "1, " "1, " "1, " "1, " "1, " "1, " "1, " "1, " "1, " "1, " "1, " "1, " "1, " "1, " "1, " "1, " "1, " "1, " "1, " "1, " "1, " "1, " "1, " "1, " "1, " "1, " "1, " "1, " "1, " "1, " "1, " "1, " "1, " "1, " "1, " "1, " "1, " "1, " "1, " "1, " "1, " "1, " "1, " "1, " "1, " "1, " "1, " "1, " "1, " "1, " "1, " "1, " "1, " "1, " "1, " "1, " "1, " "1, " "1, " "1, " "1, " "1, " "1, " "1, " "1, " "1, " "1, " "1, " "1, " "1, " "1, " "1, " "1, " "1, " "1, " "1, " "1, " "1, " "1, " "1, " "1, " "1, " "1, " "1, " "1, " "1, " "1, " "1, " "1, " "1, " "1, " "1, " "1, " "1, " "1, " "1, " "1, " "1, " "1, " "1, " "1, " "1, " "1, " "1, " "1, " "1, " "1, " "1, " "1, " "1, " "1, " "1, " "1, " "1, " "1, " "1, " "1, " "1, " "1, " "1, " "1, " "1, " "1, " "1, " "1, " "1, " "1, " "1, " "1, " "1, " "1, " "1, " "1, " "1, " "1, " "1, " "1, " "1, " "1, " "1, " "1, " "1, " "1, " "1, " "1, " "1, " "1, " "1, " "1, " "1, " "1, " "1, " "1, " "1, " "1, " "1, " "1, " "1, " "1, " "1, " "1, " "1, " "1, " "1, " "1, " "1, " "1, " "1, " "1, " "1, " "1, " "1, " "1, " "1, " "1, " "1, " "1, " "1, " "1, " "1, " "1, " "1, " "1, " "1, " "1, " "1, " "1, " "1, " "1, " "1, " "1, " "1, " "1, " "1, " "1, " "1, " "1, " "1, " "1, " "1, " "1, " "1, " "1, " "1, " "1, " "1, " "1, " "1, " "1, " "1, " "1, " "1, " "1, " "1, " "1, " "1, " "1, " "1, " "1, " "1, " "1, " "1, " "1, " "1, " "1, " "1, " "1, " "1, " "1, " "1, " "1, " "1, " "1, " "1, " "1, " "1, " "1, " "1, " "1, " "1, " "1, " "1, " "1, " "1, " "1, " "1, " "1, " "1, " "1, " "1, " "1, " "1, " "1, " "1, " "1, " "1, " "1, " "1, " "1, " "1, " "1, " "1, " "1, " "1, " "1, " "1, " "1, " "1, " "1, " "1, " "1, " "1, " "1, " "1, " "1, " "1, " "1, " "1, " "1, " "1, " "1, " "1, " "1, " "1, " "1, " "1, " "1, " "1, " "1, " "1, " "1, " "1, " "1, " "1, " "1, " "1, " "1, " "1, " "1, " "1, " "1, " "1, " "1, " "1, " "1, " "1, " "1, " "1, " "1, " "1, " "1, " "1, " "1, " "1, " "1, " "1, " "1, " "1, " "1, " "1, " "1, " "1, " "1, " "1, " "1, " "1, " "1, " "1, " "1, " "1, " "1, " "1, " "1, " "1, " "1, " "1, " "1, " "1, " "1, " "1, " "1, " "1, " "1, " "1, " "1, " "1, " "1, " "1, " "1, " "1, " "1, " "1, " "1, " "1, " "1, " "1, " "1, " "1, " "1, " "1, " "1, " "1, " "1, " "1, " "1, " "1, " "1, " "1, " "1, " "1, " "1, " "1, " "1, " "1, " "1, " "1, " "1, " "1, " "1, " "1, " "1, " "1, " "1, " "1, " "1, " "1, " "1, " "1, " "1, " "1, " "1, " "1, " "1, " "1, " "1, " "1, " "1, " "1, " "1, " "1, " "1, " "1, " "1, " "1, " "1, " "1, " "1, " "1, " "1, " "1, " "1, " "1, " "1, " "1, " "1, " "1, " "1, " "1, " "0, " "1, " "1, " "1, " "1, " "1, " "1, " "1, " "1, " "1, " "1, " "1, " "1, " "1, " "1, " "1, " "1, " "1, " "1, " "1, " "1, " "1, " "1, " "1, " "1, " "1, " "1, " "1, " "1, " "1, " "1, " "1, " "1, " "1, " "1, " "1, " "1, " "1, " "1, " "1, " "1, " "1, " "1, " "1, " "1, " "1, " "1, " "1, " "1, " "1, " "1, " "1, " "1, " "1, " "1, " "1, " "1, " "1, " "1, " "1, " "1, " "1, " "1, " "1, " "1, " "1, " "1, " "1, "0
 "Nei446, 0.27, " "0.127, " "1, " "1, " "1, " "1, " "1, " "1, " "1, " "1, " "1, " "1, " "1, " "1, " "1, " "1, " "1, " "1, " "1, " "1, " "1, " "1, " "1, " "1, " "1, " "1, " "1, " "1, " "1, " "1, " "1, " "1, " "1, " "1, " "1, " "1, " "1, " "1, " "1, " "1, " "1, " "1, " "1, " "1, " "1, " "1, " "1, " "1, " "1, " "1, " "1, " "1, " "1, " "1, " "1, " "1, " "1, " "1, " "1, " "1, " "1, " "1, " "1, " "1, " "1, " "1, " "1, " "1, " "1, " "1, " "1, " "1, " "1, " "1, " "1, " "1, " "1, " "1, " "1, " "1, " "1, " "1, " "1, " "1, " "1, " "1, " "1, " "1, " "1, " "1, " "1, " "1, " "1, " "1, " "1, " "1, " "1, " "1, " "1, " "1, " "1, " "1, " "1, " "1, " "1, " "1, " "1, " "1, " "1, " "1, " "1, " "1, " "1, " "1, " "1, " "1, " "1, " "1, " "1, " "1, " "1, " "1, " "1, " "1, " "1, " "1, " "1, " "1, " "1, " "1, " "1, " "1, " "1, " "1, " "1, " "1, " "1, " "1, " "1, " "1, " "1, " "1, " "1, " "1, " "1, " "1, " "1, " "1, " "1, " "1, " "1, " "1, " "1, " "1, " "1, " "1, " "1, " "1, " "1, " "1, " "1, " "1, " "1, " "1, " "1, " "1, " "1, " "1, " "1, " "1, " "1, " "1, " "1, " "1, " "1, " "1, " "1, " "1, " "1, " "1, " "1, " "1, " "1, " "1, " "1, " "1, " "1, " "1, " "1, " "1, " "1, " "1, " "1, " "1, " "1, " "1, " "1, " "1, " "1, " "1, " "1, " "1, " "1, " "1, " "1, " "1, " "1, " "1, " "1, " "1, " "1, " "1, " "1, " "1, " "1, " "1, " "1, " "1, " "1, " "1, " "1, " "1, " "1, " "1, " "1, " "1, " "1, " "1, " "1, " "1, " "1, " "1, " "1, " "1, " "1, " "1, " "1, " "1, " "1, " "1, " "1, " "1, " "1, " "1, " "1, " "1, " "1, " "1, " "1, " "1, " "1, " "1, " "1, " "1, " "1, " "1, " "1, " "1, " "1, " "1, " "1, " "1, " "1, " "1, " "1, " "1, " "1, " "1, " "1, " "1, " "1, " "1, " "1, " "1, " "1, " "1, " "1, " "1, " "1, " "1, " "1, " "1, " "1, " "1, " "1, " "1, " "1, " "1, " "1, " "1, " "1, " "1, " "1, " "1, " "1, " "1, " "1, " "1, " "1, " "1, " "1, " "1, " "1, " "1, " "1, " "1, " "1, " "1, " "1, " "1, " "1, " "1, " "1, " "1, " "1, " "1, " "1, " "1, " "1, " "1, " "1, " "1, " "1, " "1, " "1, " "1, " "1, " "1, " "1, " "1, " "1, " "1, " "1, " "1, " "1, " "1, " "1, " "1, " "1, " "1, " "1, " "1, " "1, " "1, " "1, " "1, " "1, " "1, " "1, " "1, " "1, " "1, " "1, " "1, " "1, " "1, " "1, " "1, " "1, " "1, " "1, " "1, " "1, " "1, " "1, " "1, " "1, " "1, " "1, " "1, " "1, " "1, " "1, " "1, " "1, " "1, " "1, " "1, " "1, " "1, " "1, " "1, " "1, " "1, " "1, " "1, " "1, " "1, " "1, " "1, " "1, " "1, " "1, " "1, " "1, " "1, " "1, " "1, " "1, " "1, " "1, " "1, " "1, " "1, " "1, " "1, " "1, " "1, " "1, " "1, " "1, " "1, " "1, " "1, " "1, " "1, " "1, " "1, " "1, " "1, " "1, " "1, " "1, " "1, " "1, " "1, " "1, " "1, " "1, " "1, " "1, " "1, " "1, " "1, " "1, " "1, " "1, " "1, " "1, " "1, " "1, " "1, " "1, " "1, " "1, " "1, " "1, " "1, " "0, " "1, " "1, " "1, " "1, " "1, " "1, " "1, " "1, " "1, " "1, " "1, " "1, " "1, " "1, " "1, " "1, " "1, " "1, " "1, " "1, " "1, " "1, " "1, " "1, " "1, " "1, " "1, " "1, " "1, " "1, " "1, " "1, " "1, " "1, " "1, " "1, " "1, " "1, " "1, " "1, " "1, " "1, " "1, " "1, " "1, " "1, " "1, " "1, " "1, " "1, " "1, " "1, " "1, " "1, " "1, " "1, " "1, " "1, " "1, " "1, " "1, " "1, " "1, " "1, " "1, " "1, "0
 "Nei447, 0.343, " "0.017, " "1, " "1, " "1, " "1, " "1, " "1, " "1, " "1, " "1, " "1, " "1, " "1, " "1, " "1, " "1, " "1, " "1, " "1, " "1, " "1, " "1, " "1, " "1, " "1, " "1, " "1, " "1, " "1, " "1, " "1, " "1, " "1, " "1, " "1, " "1, " "1, " "1, " "1, " "1, " "1, " "1, " "1, " "1, " "1, " "1, " "1, " "1, " "1, " "1, " "1, " "1, " "1, " "1, " "1, " "1, " "1, " "1, " "1, " "1, " "1, " "1, " "1, " "1, " "1, " "1, " "1, " "1, " "1, " "1, " "1, " "1, " "1, " "1, " "1, " "1, " "1, " "1, " "1, " "1, " "1, " "1, " "1, " "1, " "1, " "1, " "1, " "1, " "1, " "1, " "1, " "1, " "1, " "1, " "1, " "1, " "1, " "1, " "1, " "1, " "1, " "1, " "1, " "1, " "1, " "1, " "1, " "1, " "1, " "1, " "1, " "1, " "1, " "1, " "1, " "1, " "1, " "1, " "1, " "1, " "1, " "1, " "1, " "1, " "1, " "1, " "1, " "1, " "1, " "1, " "1, " "1, " "1, " "1, " "1, " "1, " "1, " "1, " "1, " "1, " "1, " "1, " "1, " "1, " "1, " "1, " "1, " "1, " "1, " "1, " "1, " "1, " "1, " "1, " "1, " "1, " "1, " "1, " "1, " "1, " "1, " "1, " "1, " "1, " "1, " "1, " "1, " "1, " "1, " "1, " "1, " "1, " "1, " "1, " "1, " "1, " "1, " "1, " "1, " "1, " "1, " "1, " "1, " "1, " "1, " "1, " "1, " "1, " "1, " "1, " "1, " "1, " "1, " "1, " "1, " "1, " "1, " "1, " "1, " "1, " "1, " "1, " "1, " "1, " "1, " "1, " "1, " "1, " "1, " "1, " "1, " "1, " "1, " "1, " "1, " "1, " "1, " "1, " "1, " "1, " "1, " "1, " "1, " "1, " "1, " "1, " "1, " "1, " "1, " "1, " "1, " "1, " "1, " "1, " "1, " "1, " "1, " "1, " "1, " "1, " "1, " "1, " "1, " "1, " "1, " "1, " "1, " "1, " "1, " "1, " "1, " "1, " "1, " "1, " "1, " "1, " "1, " "1, " "1, " "1, " "1, " "1, " "1, " "1, " "1, " "1, " "1, " "1, " "1, " "1, " "1, " "1, " "1, " "1, " "1, " "1, " "1, " "1, " "1, " "1, " "1, " "1, " "1, " "1, " "1, " "1, " "1, " "1, " "1, " "1, " "1, " "1, " "1, " "1, " "1, " "1, " "1, " "1, " "1, " "1, " "1, " "1, " "1, " "1, " "1, " "1, " "1, " "1, " "1, " "1, " "1, " "1, " "1, " "1, " "1, " "1, " "1, " "1, " "1, " "1, " "1, " "1, " "1, " "1, " "1, " "1, " "1, " "1, " "1, " "1, " "1, " "1, " "1, " "1, " "1, " "1, " "1, " "1, " "1, " "1, " "1, " "1, " "1, " "1, " "1, " "1, " "1, " "1, " "1, " "1, " "1, " "1, " "1, " "1, " "1, " "1, " "1, " "1, " "1, " "1, " "1, " "1, " "1, " "1, " "1, " "1, " "1, " "1, " "1, " "1, " "1, " "1, " "1, " "1, " "1, " "1, " "1, " "1, " "1, " "1, " "1, " "1, " "1, " "1, " "1, " "1, " "1, " "1, " "1, " "1, " "1, " "1, " "1, " "1, " "1, " "1, " "1, " "1, " "1, " "1, " "1, " "1, " "1, " "1, " "1, " "1, " "1, " "1, " "1, " "1, " "1, " "1, " "1, " "1, " "1, " "1, " "1, " "1, " "1, " "1, " "1, " "1, " "1, " "1, " "1, " "1, " "1, " "1, " "1, " "1, " "1, " "1, " "1, " "1, " "1, " "1, " "1, " "1, " "1, " "1, " "1, " "1, " "1, " "1, " "1, " "1, " "1, " "1, " "0, " "1, " "1, " "1, " "1, " "1, " "1, " "1, " "1, " "1, " "1, " "1, " "1, " "1, " "1, " "1, " "1, " "1, " "1, " "1, " "1, " "1, " "1, " "1, " "1, " "1, " "1, " "1, " "1, " "1, " "1, " "1, " "1, " "1, " "1, " "1, " "1, " "1, " "1, " "1, " "1, " "1, " "1, " "1, " "1, " "1, " "1, " "1, " "1, " "1, " "1, " "1, " "1, " "1, " "1, " "1, " "1, " "1, " "1, " "1, " "1, " "1, " "1, " "1, " "1, " "1, "0
 "Nei448, 0.07, " "0.395, " "1, " "1, " "1, " "1, " "1, " "1, " "1, " "1, " "1, " "1, " "1, " "1, " "1, " "1, " "1, " "1, " "1, " "1, " "1, " "1, " "1, " "1, " "1, " "1, " "1, " "1, " "1, " "1, " "1, " "1, " "1, " "1, " "1, " "1, " "1, " "1, " "1, " "1, " "1, " "1, " "1, " "1, " "1, " "1, " "1, " "1, " "1, " "1, " "1, " "1, " "1, " "1, " "1, " "1, " "1, " "1, " "1, " "1, " "1, " "1, " "1, " "1, " "1, " "1, " "1, " "1, " "1, " "1, " "1, " "1, " "1, " "1, " "1, " "1, " "1, " "1, " "1, " "1, " "1, " "1, " "1, " "1, " "1, " "1, " "1, " "1, " "1, " "1, " "1, " "1, " "1, " "1, " "1, " "1, " "1, " "1, " "1, " "1, " "1, " "1, " "1, " "1, " "1, " "1, " "1, " "1, " "1, " "1, " "1, " "1, " "1, " "1, " "1, " "1, " "1, " "1, " "1, " "1, " "1, " "1, " "1, " "1, " "1, " "1, " "1, " "1, " "1, " "1, " "1, " "1, " "1, " "1, " "1, " "1, " "1, " "1, " "1, " "1, " "1, " "1, " "1, " "1, " "1, " "1, " "1, " "1, " "1, " "1, " "1, " "1, " "1, " "1, " "1, " "1, " "1, " "1, " "1, " "1, " "1, " "1, " "1, " "1, " "1, " "1, " "1, " "1, " "1, " "1, " "1, " "1, " "1, " "1, " "1, " "1, " "1, " "1, " "1, " "1, " "1, " "1, " "1, " "1, " "1, " "1, " "1, " "1, " "1, " "1, " "1, " "1, " "1, " "1, " "1, " "1, " "1, " "1, " "1, " "1, " "1, " "1, " "1, " "1, " "1, " "1, " "1, " "1, " "1, " "1, " "1, " "1, " "1, " "1, " "1, " "1, " "1, " "1, " "1, " "1, " "1, " "1, " "1, " "1, " "1, " "1, " "1, " "1, " "1, " "1, " "1, " "1, " "1, " "1, " "1, " "1, " "1, " "1, " "1, " "1, " "1, " "1, " "1, " "1, " "1, " "1, " "1, " "1, " "1, " "1, " "1, " "1, " "1, " "1, " "1, " "1, " "1, " "1, " "1, " "1, " "1, " "1, " "1, " "1, " "1, " "1, " "1, " "1, " "1, " "1, " "1, " "1, " "1, " "1, " "1, " "1, " "1, " "1, " "1, " "1, " "1, " "1, " "1, " "1, " "1, " "1, " "1, " "1, " "1, " "1, " "1, " "1, " "1, " "1, " "1, " "1, " "1, " "1, " "1, " "1, " "1, " "1, " "1, " "1, " "1, " "1, " "1, " "1, " "1, " "1, " "1, " "1, " "1, " "1, " "1, " "1, " "1, " "1, " "1, " "1, " "1, " "1, " "1, " "1, " "1, " "1, " "1, " "1, " "1, " "1, " "1, " "1, " "1, " "1, " "1, " "1, " "1, " "1, " "1, " "1, " "1, " "1, " "1, " "1, " "1, " "1, " "1, " "1, " "1, " "1, " "1, " "1, " "1, " "1, " "1, " "1, " "1, " "1, " "1, " "1, " "1, " "1, " "1, " "1, " "1, " "1, " "1, " "1, " "1, " "1, " "1, " "1, " "1, " "1, " "1, " "1, " "1, " "1, " "1, " "1, " "1, " "1, " "1, " "1, " "1, " "1, " "1, " "1, " "1, " "1, " "1, " "1, " "1, " "1, " "1, " "1, " "1, " "1, " "1, " "1, " "1, " "1, " "1, " "1, " "1, " "1, " "1, " "1, " "1, " "1, " "1, " "1, " "1, " "1, " "1, " "1, " "1, " "1, " "1, " "1, " "1, " "1, " "1, " "1, " "1, " "1, " "1, " "1, " "1, " "1, " "1, " "1, " "1, " "1, " "1, " "1, " "1, " "1, " "1, " "1, " "1, " "1, " "1, " "1, " "1, " "1, " "1, " "1, " "1, " "1, " "0, " "1, " "1, " "1, " "1, " "1, " "1, " "1, " "1, " "1, " "1, " "1, " "1, " "1, " "1, " "1, " "1, " "1, " "1, " "1, " "1, " "1, " "1, " "1, " "1, " "1, " "1, " "1, " "1, " "1, " "1, " "1, " "1, " "1, " "1, " "1, " "1, " "1, " "1, " "1, " "1, " "1, " "1, " "1, " "1, " "1, " "1, " "1, " "1, " "1, " "1, " "1, " "1, " "1, " "1, " "1, " "1, " "1, " "1, " "1, " "1, " "1, " "1, " "1, " "1, "0
 "Nei449, 0.366, " "-0.911, " "1, " "1, " "1, " "1, " "1, " "1, " "1, " "1, " "1, " "1, " "1, " "1, " "1, " "1, " "1, " "1, " "1, " "1, " "1, " "1, " "1, " "1, " "1, " "1, " "1, " "1, " "1, " "1, " "1, " "1, " "1, " "1, " "1, " "1, " "1, " "1, " "1, " "1, " "1, " "1, " "1, " "1, " "1, " "1, " "1, " "1, " "1, " "1, " "1, " "1, " "1, " "1, " "1, " "1, " "1, " "1, " "1, " "1, " "1, " "1, " "1, " "1, " "1, " "1, " "1, " "1, " "1, " "1, " "1, " "1, " "1, " "1, " "1, " "1, " "1, " "1, " "1, " "1, " "1, " "1, " "1, " "1, " "1, " "1, " "1, " "1, " "1, " "1, " "1, " "1, " "1, " "1, " "1, " "1, " "1, " "1, " "1, " "1, " "1, " "1, " "1, " "1, " "1, " "1, " "1, " "1, " "1, " "1, " "1, " "1, " "1, " "1, " "1, " "1, " "1, " "1, " "1, " "1, " "1, " "1, " "1, " "1, " "1, " "1, " "1, " "1, " "1, " "1, " "1, " "1, " "1, " "1, " "1, " "1, " "1, " "1, " "1, " "1, " "1, " "1, " "1, " "1, " "1, " "1, " "1, " "1, " "1, " "1, " "1, " "1, " "1, " "1, " "1, " "1, " "1, " "1, " "1, " "1, " "1, " "1, " "1, " "1, " "1, " "1, " "1, " "1, " "1, " "1, " "1, " "1, " "1, " "1, " "1, " "1, " "1, " "1, " "1, " "1, " "1, " "1, " "1, " "1, " "1, " "1, " "1, " "1, " "1, " "1, " "1, " "1, " "1, " "1, " "1, " "1, " "1, " "1, " "1, " "1, " "1, " "1, " "1, " "1, " "1, " "1, " "1, " "1, " "1, " "1, " "1, " "1, " "1, " "1, " "1, " "1, " "1, " "1, " "1, " "1, " "1, " "1, " "1, " "1, " "1, " "1, " "1, " "1, " "1, " "1, " "1, " "1, " "1, " "1, " "1, " "1, " "1, " "1, " "1, " "1, " "1, " "1, " "1, " "1, " "1, " "1, " "1, " "1, " "1, " "1, " "1, " "1, " "1, " "1, " "1, " "1, " "1, " "1, " "1, " "1, " "1, " "1, " "1, " "1, " "1, " "1, " "1, " "1, " "1, " "1, " "1, " "1, " "1, " "1, " "1, " "1, " "1, " "1, " "1, " "1, " "1, " "1, " "1, " "1, " "1, " "1, " "1, " "1, " "1, " "1, " "1, " "1, " "1, " "1, " "1, " "1, " "1, " "1, " "1, " "1, " "1, " "1, " "1, " "1, " "1, " "1, " "1, " "1, " "1, " "1, " "1, " "1, " "1, " "1, " "1, " "1, " "1, " "1, " "1, " "1, " "1, " "1, " "1, " "1, " "1, " "1, " "1, " "1, " "1, " "1, " "1, " "1, " "1, " "1, " "1, " "1, " "1, " "1, " "1, " "1, " "1, " "1, " "1, " "1, " "1, " "1, " "1, " "1, " "1, " "1, " "1, " "1, " "1, " "1, " "1, " "1, " "1, " "1, " "1, " "1, " "1, " "1, " "1, " "1, " "1, " "1, " "1, " "1, " "1, " "1, " "1, " "1, " "1, " "1, " "1, " "1, " "1, " "1, " "1, " "1, " "1, " "1, " "1, " "1, " "1, " "1, " "1, " "1, " "1, " "1, " "1, " "1, " "1, " "1, " "1, " "1, " "1, " "1, " "1, " "1, " "1, " "1, " "1, " "1, " "1, " "1, " "1, " "1, " "1, " "1, " "1, " "1, " "1, " "1, " "1, " "1, " "1, " "1, " "1, " "1, " "1, " "1, " "1, " "1, " "1, " "1, " "1, " "1, " "1, " "1, " "1, " "1, " "1, " "1, " "1, " "1, " "1, " "1, " "1, " "1, " "1, " "1, " "1, " "1, " "1, " "1, " "1, " "1, " "1, " "1, " "1, " "0, " "1, " "1, " "1, " "1, " "1, " "1, " "1, " "1, " "1, " "1, " "1, " "1, " "1, " "1, " "1, " "1, " "1, " "1, " "1, " "1, " "1, " "1, " "1, " "1, " "1, " "1, " "1, " "1, " "1, " "1, " "1, " "1, " "1, " "1, " "1, " "1, " "1, " "1, " "1, " "1, " "1, " "1, " "1, " "1, " "1, " "1, " "1, " "1, " "1, " "1, " "1, " "1, " "1, " "1, " "1, " "1, " "1, " "1, " "1, " "1, " "1, " "1, " "1, "0
 "Nei450, 0.338, " "-0.697, " "1, " "1, " "1, " "1, " "1, " "1, " "1, " "1, " "1, " "1, " "1, " "1, " "1, " "1, " "1, " "1, " "1, " "1, " "1, " "1, " "1, " "1, " "1, " "1, " "1, " "1, " "1, " "1, " "1, " "1, " "1, " "1, " "1, " "1, " "1, " "1, " "1, " "1, " "1, " "1, " "1, " "1, " "1, " "1, " "1, " "1, " "1, " "1, " "1, " "1, " "1, " "1, " "1, " "1, " "1, " "1, " "1, " "1, " "1, " "1, " "1, " "1, " "1, " "1, " "1, " "1, " "1, " "1, " "1, " "1, " "1, " "1, " "1, " "1, " "1, " "1, " "1, " "1, " "1, " "1, " "1, " "1, " "1, " "1, " "1, " "1, " "1, " "1, " "1, " "1, " "1, " "1, " "1, " "1, " "1, " "1, " "1, " "1, " "1, " "1, " "1, " "1, " "1, " "1, " "1, " "1, " "1, " "1, " "1, " "1, " "1, " "1, " "1, " "1, " "1, " "1, " "1, " "1, " "1, " "1, " "1, " "1, " "1, " "1, " "1, " "1, " "1, " "1, " "1, " "1, " "1, " "1, " "1, " "1, " "1, " "1, " "1, " "1, " "1, " "1, " "1, " "1, " "1, " "1, " "1, " "1, " "1, " "1, " "1, " "1, " "1, " "1, " "1, " "1, " "1, " "1, " "1, " "1, " "1, " "1, " "1, " "1, " "1, " "1, " "1, " "1, " "1, " "1, " "1, " "1, " "1, " "1, " "1, " "1, " "1, " "1, " "1, " "1, " "1, " "1, " "1, " "1, " "1, " "1, " "1, " "1, " "1, " "1, " "1, " "1, " "1, " "1, " "1, " "1, " "1, " "1, " "1, " "1, " "1, " "1, " "1, " "1, " "1, " "1, " "1, " "1, " "1, " "1, " "1, " "1, " "1, " "1, " "1, " "1, " "1, " "1, " "1, " "1, " "1, " "1, " "1, " "1, " "1, " "1, " "1, " "1, " "1, " "1, " "1, " "1, " "1, " "1, " "1, " "1, " "1, " "1, " "1, " "1, " "1, " "1, " "1, " "1, " "1, " "1, " "1, " "1, " "1, " "1, " "1, " "1, " "1, " "1, " "1, " "1, " "1, " "1, " "1, " "1, " "1, " "1, " "1, " "1, " "1, " "1, " "1, " "1, " "1, " "1, " "1, " "1, " "1, " "1, " "1, " "1, " "1, " "1, " "1, " "1, " "1, " "1, " "1, " "1, " "1, " "1, " "1, " "1, " "1, " "1, " "1, " "1, " "1, " "1, " "1, " "1, " "1, " "1, " "1, " "1, " "1, " "1, " "1, " "1, " "1, " "1, " "1, " "1, " "1, " "1, " "1, " "1, " "1, " "1, " "1, " "1, " "1, " "1, " "1, " "1, " "1, " "1, " "1, " "1, " "1, " "1, " "1, " "1, " "1, " "1, " "1, " "1, " "1, " "1, " "1, " "1, " "1, " "1, " "1, " "1, " "1, " "1, " "1, " "1, " "1, " "1, " "1, " "1, " "1, " "1, " "1, " "1, " "1, " "1, " "1, " "1, " "1, " "1, " "1, " "1, " "1, " "1, " "1, " "1, " "1, " "1, " "1, " "1, " "1, " "1, " "1, " "1, " "1, " "1, " "1, " "1, " "1, " "1, " "1, " "1, " "1, " "1, " "1, " "1, " "1, " "1, " "1, " "1, " "1, " "1, " "1, " "1, " "1, " "1, " "1, " "1, " "1, " "1, " "1, " "1, " "1, " "1, " "1, " "1, " "1, " "1, " "1, " "1, " "1, " "1, " "1, " "1, " "1, " "1, " "1, " "1, " "1, " "1, " "1, " "1, " "1, " "1, " "1, " "1, " "1, " "1, " "1, " "1, " "1, " "1, " "1, " "1, " "1, " "1, " "1, " "1, " "1, " "1, " "1, " "1, " "1, " "1, " "1, " "1, " "1, " "1, " "1, " "1, " "1, " "1, " "1, " "1, " "0, " "1, " "1, " "1, " "1, " "1, " "1, " "1, " "1, " "1, " "1, " "1, " "1, " "1, " "1, " "1, " "1, " "1, " "1, " "1, " "1, " "1, " "1, " "1, " "1, " "1, " "1, " "1, " "1, " "1, " "1, " "1, " "1, " "1, " "1, " "1, " "1, " "1, " "1, " "1, " "1, " "1, " "1, " "1, " "1, " "1, " "1, " "1, " "1, " "1, " "1, " "1, " "1, " "1, " "1, " "1, " "1, " "1, " "1, " "1, " "1, " "1, " "1, "0
 "Nei451, 0.333, " "0.839, " "1, " "1, " "1, " "1, " "1, " "1, " "1, " "1, " "1, " "1, " "1, " "1, " "1, " "1, " "1, " "1, " "1, " "1, " "1, " "1, " "1, " "1, " "1, " "1, " "1, " "1, " "1, " "1, " "1, " "1, " "1, " "1, " "1, " "1, " "1, " "1, " "1, " "1, " "1, " "1, " "1, " "1, " "1, " "1, " "1, " "1, " "1, " "1, " "1, " "1, " "1, " "1, " "1, " "1, " "1, " "1, " "1, " "1, " "1, " "1, " "1, " "1, " "1, " "1, " "1, " "1, " "1, " "1, " "1, " "1, " "1, " "1, " "1, " "1, " "1, " "1, " "1, " "1, " "1, " "1, " "1, " "1, " "1, " "1, " "1, " "1, " "1, " "1, " "1, " "1, " "1, " "1, " "1, " "1, " "1, " "1, " "1, " "1, " "1, " "1, " "1, " "1, " "1, " "1, " "1, " "1, " "1, " "1, " "1, " "1, " "1, " "1, " "1, " "1, " "1, " "1, " "1, " "1, " "1, " "1, " "1, " "1, " "1, " "1, " "1, " "1, " "1, " "1, " "1, " "1, " "1, " "1, " "1, " "1, " "1, " "1, " "1, " "1, " "1, " "1, " "1, " "1, " "1, " "1, " "1, " "1, " "1, " "1, " "1, " "1, " "1, " "1, " "1, " "1, " "1, " "1, " "1, " "1, " "1, " "1, " "1, " "1, " "1, " "1, " "1, " "1, " "1, " "1, " "1, " "1, " "1, " "1, " "1, " "1, " "1, " "1, " "1, " "1, " "1, " "1, " "1, " "1, " "1, " "1, " "1, " "1, " "1, " "1, " "1, " "1, " "1, " "1, " "1, " "1, " "1, " "1, " "1, " "1, " "1, " "1, " "1, " "1, " "1, " "1, " "1, " "1, " "1, " "1, " "1, " "1, " "1, " "1, " "1, " "1, " "1, " "1, " "1, " "1, " "1, " "1, " "1, " "1, " "1, " "1, " "1, " "1, " "1, " "1, " "1, " "1, " "1, " "1, " "1, " "1, " "1, " "1, " "1, " "1, " "1, " "1, " "1, " "1, " "1, " "1, " "1, " "1, " "1, " "1, " "1, " "1, " "1, " "1, " "1, " "1, " "1, " "1, " "1, " "1, " "1, " "1, " "1, " "1, " "1, " "1, " "1, " "1, " "1, " "1, " "1, " "1, " "1, " "1, " "1, " "1, " "1, " "1, " "1, " "1, " "1, " "1, " "1, " "1, " "1, " "1, " "1, " "1, " "1, " "1, " "1, " "1, " "1, " "1, " "1, " "1, " "1, " "1, " "1, " "1, " "1, " "1, " "1, " "1, " "1, " "1, " "1, " "1, " "1, " "1, " "1, " "1, " "1, " "1, " "1, " "1, " "1, " "1, " "1, " "1, " "1, " "1, " "1, " "1, " "1, " "1, " "1, " "1, " "1, " "1, " "1, " "1, " "1, " "1, " "1, " "1, " "1, " "1, " "1, " "1, " "1, " "1, " "1, " "1, " "1, " "1, " "1, " "1, " "1, " "1, " "1, " "1, " "1, " "1, " "1, " "1, " "1, " "1, " "1, " "1, " "1, " "1, " "1, " "1, " "1, " "1, " "1, " "1, " "1, " "1, " "1, " "1, " "1, " "1, " "1, " "1, " "1, " "1, " "1, " "1, " "1, " "1, " "1, " "1, " "1, " "1, " "1, " "1, " "1, " "1, " "1, " "1, " "1, " "1, " "1, " "1, " "1, " "1, " "1, " "1, " "1, " "1, " "1, " "1, " "1, " "1, " "1, " "1, " "1, " "1, " "1, " "1, " "1, " "1, " "1, " "1, " "1, " "1, " "1, " "1, " "1, " "1, " "1, " "1, " "1, " "1, " "1, " "1, " "1, " "1, " "1, " "1, " "1, " "1, " "1, " "1, " "1, " "1, " "1, " "1, " "1, " "1, " "1, " "1, " "1, " "1, " "1, " "1, " "1, " "1, " "1, " "1, " "1, " "0, " "1, " "1, " "1, " "1, " "1, " "1, " "1, " "1, " "1, " "1, " "1, " "1, " "1, " "1, " "1, " "1, " "1, " "1, " "1, " "1, " "1, " "1, " "1, " "1, " "1, " "1, " "1, " "1, " "1, " "1, " "1, " "1, " "1, " "1, " "1, " "1, " "1, " "1, " "1, " "1, " "1, " "1, " "1, " "1, " "1, " "1, " "1, " "1, " "1, " "1, " "1, " "1, " "1, " "1, " "1, " "1, " "1, " "1, " "1, " "1, " "1, "0
 "Nei452, 0.25, " "0.418, " "1, " "1, " "1, " "1, " "1, " "1, " "1, " "1, " "1, " "1, " "1, " "1, " "1, " "1, " "1, " "1, " "1, " "1, " "1, " "1, " "1, " "1, " "1, " "1, " "1, " "1, " "1, " "1, " "1, " "1, " "1, " "1, " "1, " "1, " "1, " "1, " "1, " "1, " "1, " "1, " "1, " "1, " "1, " "1, " "1, " "1, " "1, " "1, " "1, " "1, " "1, " "1, " "1, " "1, " "1, " "1, " "1, " "1, " "1, " "1, " "1, " "1, " "1, " "1, " "1, " "1, " "1, " "1, " "1, " "1, " "1, " "1, " "1, " "1, " "1, " "1, " "1, " "1, " "1, " "1, " "1, " "1, " "1, " "1, " "1, " "1, " "1, " "1, " "1, " "1, " "1, " "1, " "1, " "1, " "1, " "1, " "1, " "1, " "1, " "1, " "1, " "1, " "1, " "1, " "1, " "1, " "1, " "1, " "1, " "1, " "1, " "1, " "1, " "1, " "1, " "1, " "1, " "1, " "1, " "1, " "1, " "1, " "1, " "1, " "1, " "1, " "1, " "1, " "1, " "1, " "1, " "1, " "1, " "1, " "1, " "1, " "1, " "1, " "1, " "1, " "1, " "1, " "1, " "1, " "1, " "1, " "1, " "1, " "1, " "1, " "1, " "1, " "1, " "1, " "1, " "1, " "1, " "1, " "1, " "1, " "1, " "1, " "1, " "1, " "1, " "1, " "1, " "1, " "1, " "1, " "1, " "1, " "1, " "1, " "1, " "1, " "1, " "1, " "1, " "1, " "1, " "1, " "1, " "1, " "1, " "1, " "1, " "1, " "1, " "1, " "1, " "1, " "1, " "1, " "1, " "1, " "1, " "1, " "1, " "1, " "1, " "1, " "1, " "1, " "1, " "1, " "1, " "1, " "1, " "1, " "1, " "1, " "1, " "1, " "1, " "1, " "1, " "1, " "1, " "1, " "1, " "1, " "1, " "1, " "1, " "1, " "1, " "1, " "1, " "1, " "1, " "1, " "1, " "1, " "1, " "1, " "1, " "1, " "1, " "1, " "1, " "1, " "1, " "1, " "1, " "1, " "1, " "1, " "1, " "1, " "1, " "1, " "1, " "1, " "1, " "1, " "1, " "1, " "1, " "1, " "1, " "1, " "1, " "1, " "1, " "1, " "1, " "1, " "1, " "1, " "1, " "1, " "1, " "1, " "1, " "1, " "1, " "1, " "1, " "1, " "1, " "1, " "1, " "1, " "1, " "1, " "1, " "1, " "1, " "1, " "1, " "1, " "1, " "1, " "1, " "1, " "1, " "1, " "1, " "1, " "1, " "1, " "1, " "1, " "1, " "1, " "1, " "1, " "1, " "1, " "1, " "1, " "1, " "1, " "1, " "1, " "1, " "1, " "1, " "1, " "1, " "1, " "1, " "1, " "1, " "1, " "1, " "1, " "1, " "1, " "1, " "1, " "1, " "1, " "1, " "1, " "1, " "1, " "1, " "1, " "1, " "1, " "1, " "1, " "1, " "1, " "1, " "1, " "1, " "1, " "1, " "1, " "1, " "1, " "1, " "1, " "1, " "1, " "1, " "1, " "1, " "1, " "1, " "1, " "1, " "1, " "1, " "1, " "1, " "1, " "1, " "1, " "1, " "1, " "1, " "1, " "1, " "1, " "1, " "1, " "1, " "1, " "1, " "1, " "1, " "1, " "1, " "1, " "1, " "1, " "1, " "1, " "1, " "1, " "1, " "1, " "1, " "1, " "1, " "1, " "1, " "1, " "1, " "1, " "1, " "1, " "1, " "1, " "1, " "1, " "1, " "1, " "1, " "1, " "1, " "1, " "1, " "1, " "1, " "1, " "1, " "1, " "1, " "1, " "1, " "1, " "1, " "1, " "1, " "1, " "1, " "1, " "1, " "1, " "1, " "1, " "1, " "1, " "1, " "1, " "1, " "1, " "1, " "1, " "1, " "1, " "1, " "1, " "1, " "1, " "1, " "1, " "0, " "1, " "1, " "1, " "1, " "1, " "1, " "1, " "1, " "1, " "1, " "1, " "1, " "1, " "1, " "1, " "1, " "1, " "1, " "1, " "1, " "1, " "1, " "1, " "1, " "1, " "1, " "1, " "1, " "1, " "1, " "1, " "1, " "1, " "1, " "1, " "1, " "1, " "1, " "1, " "1, " "1, " "1, " "1, " "1, " "1, " "1, " "1, " "1, " "1, " "1, " "1, " "1, " "1, " "1, " "1, " "1, " "1, " "1, " "1, " "1, "0
 "Nei453, 0.356, " "0.493, " "1, " "1, " "1, " "1, " "1, " "1, " "1, " "1, " "1, " "1, " "1, " "1, " "1, " "1, " "1, " "1, " "1, " "1, " "1, " "1, " "1, " "1, " "1, " "1, " "1, " "1, " "1, " "1, " "1, " "1, " "1, " "1, " "1, " "1, " "1, " "1, " "1, " "1, " "1, " "1, " "1, " "1, " "1, " "1, " "1, " "1, " "1, " "1, " "1, " "1, " "1, " "1, " "1, " "1, " "1, " "1, " "1, " "1, " "1, " "1, " "1, " "1, " "1, " "1, " "1, " "1, " "1, " "1, " "1, " "1, " "1, " "1, " "1, " "1, " "1, " "1, " "1, " "1, " "1, " "1, " "1, " "1, " "1, " "1, " "1, " "1, " "1, " "1, " "1, " "1, " "1, " "1, " "1, " "1, " "1, " "1, " "1, " "1, " "1, " "1, " "1, " "1, " "1, " "1, " "1, " "1, " "1, " "1, " "1, " "1, " "1, " "1, " "1, " "1, " "1, " "1, " "1, " "1, " "1, " "1, " "1, " "1, " "1, " "1, " "1, " "1, " "1, " "1, " "1, " "1, " "1, " "1, " "1, " "1, " "1, " "1, " "1, " "1, " "1, " "1, " "1, " "1, " "1, " "1, " "1, " "1, " "1, " "1, " "1, " "1, " "1, " "1, " "1, " "1, " "1, " "1, " "1, " "1, " "1, " "1, " "1, " "1, " "1, " "1, " "1, " "1, " "1, " "1, " "1, " "1, " "1, " "1, " "1, " "1, " "1, " "1, " "1, " "1, " "1, " "1, " "1, " "1, " "1, " "1, " "1, " "1, " "1, " "1, " "1, " "1, " "1, " "1, " "1, " "1, " "1, " "1, " "1, " "1, " "1, " "1, " "1, " "1, " "1, " "1, " "1, " "1, " "1, " "1, " "1, " "1, " "1, " "1, " "1, " "1, " "1, " "1, " "1, " "1, " "1, " "1, " "1, " "1, " "1, " "1, " "1, " "1, " "1, " "1, " "1, " "1, " "1, " "1, " "1, " "1, " "1, " "1, " "1, " "1, " "1, " "1, " "1, " "1, " "1, " "1, " "1, " "1, " "1, " "1, " "1, " "1, " "1, " "1, " "1, " "1, " "1, " "1, " "1, " "1, " "1, " "1, " "1, " "1, " "1, " "1, " "1, " "1, " "1, " "1, " "1, " "1, " "1, " "1, " "1, " "1, " "1, " "1, " "1, " "1, " "1, " "1, " "1, " "1, " "1, " "1, " "1, " "1, " "1, " "1, " "1, " "1, " "1, " "1, " "1, " "1, " "1, " "1, " "1, " "1, " "1, " "1, " "1, " "1, " "1, " "1, " "1, " "1, " "1, " "1, " "1, " "1, " "1, " "1, " "1, " "1, " "1, " "1, " "1, " "1, " "1, " "1, " "1, " "1, " "1, " "1, " "1, " "1, " "1, " "1, " "1, " "1, " "1, " "1, " "1, " "1, " "1, " "1, " "1, " "1, " "1, " "1, " "1, " "1, " "1, " "1, " "1, " "1, " "1, " "1, " "1, " "1, " "1, " "1, " "1, " "1, " "1, " "1, " "1, " "1, " "1, " "1, " "1, " "1, " "1, " "1, " "1, " "1, " "1, " "1, " "1, " "1, " "1, " "1, " "1, " "1, " "1, " "1, " "1, " "1, " "1, " "1, " "1, " "1, " "1, " "1, " "1, " "1, " "1, " "1, " "1, " "1, " "1, " "1, " "1, " "1, " "1, " "1, " "1, " "1, " "1, " "1, " "1, " "1, " "1, " "1, " "1, " "1, " "1, " "1, " "1, " "1, " "1, " "1, " "1, " "1, " "1, " "1, " "1, " "1, " "1, " "1, " "1, " "1, " "1, " "1, " "1, " "1, " "1, " "1, " "1, " "1, " "1, " "1, " "1, " "1, " "1, " "1, " "1, " "1, " "1, " "1, " "1, " "1, " "1, " "1, " "1, " "1, " "1, " "1, " "1, " "1, " "1, " "1, " "1, " "0, " "1, " "1, " "1, " "1, " "1, " "1, " "1, " "1, " "1, " "1, " "1, " "1, " "1, " "1, " "1, " "1, " "1, " "1, " "1, " "1, " "1, " "1, " "1, " "1, " "1, " "1, " "1, " "1, " "1, " "1, " "1, " "1, " "1, " "1, " "1, " "1, " "1, " "1, " "1, " "1, " "1, " "1, " "1, " "1, " "1, " "1, " "1, " "1, " "1, " "1, " "1, " "1, " "1, " "1, " "1, " "1, " "1, " "1, " "1, "0
 "Nei454, 0.05, " "0.937, " "1, " "1, " "1, " "1, " "1, " "1, " "1, " "1, " "1, " "1, " "1, " "1, " "1, " "1, " "1, " "1, " "1, " "1, " "1, " "1, " "1, " "1, " "1, " "1, " "1, " "1, " "1, " "1, " "1, " "1, " "1, " "1, " "1, " "1, " "1, " "1, " "1, " "1, " "1, " "1, " "1, " "1, " "1, " "1, " "1, " "1, " "1, " "1, " "1, " "1, " "1, " "1, " "1, " "1, " "1, " "1, " "1, " "1, " "1, " "1, " "1, " "1, " "1, " "1, " "1, " "1, " "1, " "1, " "1, " "1, " "1, " "1, " "1, " "1, " "1, " "1, " "1, " "1, " "1, " "1, " "1, " "1, " "1, " "1, " "1, " "1, " "1, " "1, " "1, " "1, " "1, " "1, " "1, " "1, " "1, " "1, " "1, " "1, " "1, " "1, " "1, " "1, " "1, " "1, " "1, " "1, " "1, " "1, " "1, " "1, " "1, " "1, " "1, " "1, " "1, " "1, " "1, " "1, " "1, " "1, " "1, " "1, " "1, " "1, " "1, " "1, " "1, " "1, " "1, " "1, " "1, " "1, " "1, " "1, " "1, " "1, " "1, " "1, " "1, " "1, " "1, " "1, " "1, " "1, " "1, " "1, " "1, " "1, " "1, " "1, " "1, " "1, " "1, " "1, " "1, " "1, " "1, " "1, " "1, " "1, " "1, " "1, " "1, " "1, " "1, " "1, " "1, " "1, " "1, " "1, " "1, " "1, " "1, " "1, " "1, " "1, " "1, " "1, " "1, " "1, " "1, " "1, " "1, " "1, " "1, " "1, " "1, " "1, " "1, " "1, " "1, " "1, " "1, " "1, " "1, " "1, " "1, " "1, " "1, " "1, " "1, " "1, " "1, " "1, " "1, " "1, " "1, " "1, " "1, " "1, " "1, " "1, " "1, " "1, " "1, " "1, " "1, " "1, " "1, " "1, " "1, " "1, " "1, " "1, " "1, " "1, " "1, " "1, " "1, " "1, " "1, " "1, " "1, " "1, " "1, " "1, " "1, " "1, " "1, " "1, " "1, " "1, " "1, " "1, " "1, " "1, " "1, " "1, " "1, " "1, " "1, " "1, " "1, " "1, " "1, " "1, " "1, " "1, " "1, " "1, " "1, " "1, " "1, " "1, " "1, " "1, " "1, " "1, " "1, " "1, " "1, " "1, " "1, " "1, " "1, " "1, " "1, " "1, " "1, " "1, " "1, " "1, " "1, " "1, " "1, " "1, " "1, " "1, " "1, " "1, " "1, " "1, " "1, " "1, " "1, " "1, " "1, " "1, " "1, " "1, " "1, " "1, " "1, " "1, " "1, " "1, " "1, " "1, " "1, " "1, " "1, " "1, " "1, " "1, " "1, " "1, " "1, " "1, " "1, " "1, " "1, " "1, " "1, " "1, " "1, " "1, " "1, " "1, " "1, " "1, " "1, " "1, " "1, " "1, " "1, " "1, " "1, " "1, " "1, " "1, " "1, " "1, " "1, " "1, " "1, " "1, " "1, " "1, " "1, " "1, " "1, " "1, " "1, " "1, " "1, " "1, " "1, " "1, " "1, " "1, " "1, " "1, " "1, " "1, " "1, " "1, " "1, " "1, " "1, " "1, " "1, " "1, " "1, " "1, " "1, " "1, " "1, " "1, " "1, " "1, " "1, " "1, " "1, " "1, " "1, " "1, " "1, " "1, " "1, " "1, " "1, " "1, " "1, " "1, " "1, " "1, " "1, " "1, " "1, " "1, " "1, " "1, " "1, " "1, " "1, " "1, " "1, " "1, " "1, " "1, " "1, " "1, " "1, " "1, " "1, " "1, " "1, " "1, " "1, " "1, " "1, " "1, " "1, " "1, " "1, " "1, " "1, " "1, " "1, " "1, " "1, " "1, " "1, " "1, " "1, " "1, " "1, " "1, " "1, " "1, " "1, " "1, " "1, " "1, " "1, " "1, " "1, " "1, " "1, " "1, " "1, " "1, " "1, " "1, " "0, " "1, " "1, " "1, " "1, " "1, " "1, " "1, " "1, " "1, " "1, " "1, " "1, " "1, " "1, " "1, " "1, " "1, " "1, " "1, " "1, " "1, " "1, " "1, " "1, " "1, " "1, " "1, " "1, " "1, " "1, " "1, " "1, " "1, " "1, " "1, " "1, " "1, " "1, " "1, " "1, " "1, " "1, " "1, " "1, " "1, " "1, " "1, " "1, " "1, " "1, " "1, " "1, " "1, " "1, " "1, " "1, " "1, " "1, "0
 "Nei455, 0.341, " "-0.365, " "1, " "1, " "1, " "1, " "1, " "1, " "1, " "1, " "1, " "1, " "1, " "1, " "1, " "1, " "1, " "1, " "1, " "1, " "1, " "1, " "1, " "1, " "1, " "1, " "1, " "1, " "1, " "1, " "1, " "1, " "1, " "1, " "1, " "1, " "1, " "1, " "1, " "1, " "1, " "1, " "1, " "1, " "1, " "1, " "1, " "1, " "1, " "1, " "1, " "1, " "1, " "1, " "1, " "1, " "1, " "1, " "1, " "1, " "1, " "1, " "1, " "1, " "1, " "1, " "1, " "1, " "1, " "1, " "1, " "1, " "1, " "1, " "1, " "1, " "1, " "1, " "1, " "1, " "1, " "1, " "1, " "1, " "1, " "1, " "1, " "1, " "1, " "1, " "1, " "1, " "1, " "1, " "1, " "1, " "1, " "1, " "1, " "1, " "1, " "1, " "1, " "1, " "1, " "1, " "1, " "1, " "1, " "1, " "1, " "1, " "1, " "1, " "1, " "1, " "1, " "1, " "1, " "1, " "1, " "1, " "1, " "1, " "1, " "1, " "1, " "1, " "1, " "1, " "1, " "1, " "1, " "1, " "1, " "1, " "1, " "1, " "1, " "1, " "1, " "1, " "1, " "1, " "1, " "1, " "1, " "1, " "1, " "1, " "1, " "1, " "1, " "1, " "1, " "1, " "1, " "1, " "1, " "1, " "1, " "1, " "1, " "1, " "1, " "1, " "1, " "1, " "1, " "1, " "1, " "1, " "1, " "1, " "1, " "1, " "1, " "1, " "1, " "1, " "1, " "1, " "1, " "1, " "1, " "1, " "1, " "1, " "1, " "1, " "1, " "1, " "1, " "1, " "1, " "1, " "1, " "1, " "1, " "1, " "1, " "1, " "1, " "1, " "1, " "1, " "1, " "1, " "1, " "1, " "1, " "1, " "1, " "1, " "1, " "1, " "1, " "1, " "1, " "1, " "1, " "1, " "1, " "1, " "1, " "1, " "1, " "1, " "1, " "1, " "1, " "1, " "1, " "1, " "1, " "1, " "1, " "1, " "1, " "1, " "1, " "1, " "1, " "1, " "1, " "1, " "1, " "1, " "1, " "1, " "1, " "1, " "1, " "1, " "1, " "1, " "1, " "1, " "1, " "1, " "1, " "1, " "1, " "1, " "1, " "1, " "1, " "1, " "1, " "1, " "1, " "1, " "1, " "1, " "1, " "1, " "1, " "1, " "1, " "1, " "1, " "1, " "1, " "1, " "1, " "1, " "1, " "1, " "1, " "1, " "1, " "1, " "1, " "1, " "1, " "1, " "1, " "1, " "1, " "1, " "1, " "1, " "1, " "1, " "1, " "1, " "1, " "1, " "1, " "1, " "1, " "1, " "1, " "1, " "1, " "1, " "1, " "1, " "1, " "1, " "1, " "1, " "1, " "1, " "1, " "1, " "1, " "1, " "1, " "1, " "1, " "1, " "1, " "1, " "1, " "1, " "1, " "1, " "1, " "1, " "1, " "1, " "1, " "1, " "1, " "1, " "1, " "1, " "1, " "1, " "1, " "1, " "1, " "1, " "1, " "1, " "1, " "1, " "1, " "1, " "1, " "1, " "1, " "1, " "1, " "1, " "1, " "1, " "1, " "1, " "1, " "1, " "1, " "1, " "1, " "1, " "1, " "1, " "1, " "1, " "1, " "1, " "1, " "1, " "1, " "1, " "1, " "1, " "1, " "1, " "1, " "1, " "1, " "1, " "1, " "1, " "1, " "1, " "1, " "1, " "1, " "1, " "1, " "1, " "1, " "1, " "1, " "1, " "1, " "1, " "1, " "1, " "1, " "1, " "1, " "1, " "1, " "1, " "1, " "1, " "1, " "1, " "1, " "1, " "1, " "1, " "1, " "1, " "1, " "1, " "1, " "1, " "1, " "1, " "1, " "1, " "1, " "1, " "1, " "1, " "1, " "1, " "1, " "1, " "1, " "1, " "1, " "1, " "1, " "1, " "1, " "1, " "1, " "1, " "1, " "1, " "1, " "0, " "1, " "1, " "1, " "1, " "1, " "1, " "1, " "1, " "1, " "1, " "1, " "1, " "1, " "1, " "1, " "1, " "1, " "1, " "1, " "1, " "1, " "1, " "1, " "1, " "1, " "1, " "1, " "1, " "1, " "1, " "1, " "1, " "1, " "1, " "1, " "1, " "1, " "1, " "1, " "1, " "1, " "1, " "1, " "1, " "1, " "1, " "1, " "1, " "1, " "1, " "1, " "1, " "1, " "1, " "1, " "1, " "1, "0
 "Nei456, 0.137, " "0.43, " "1, " "1, " "1, " "1, " "1, " "1, " "1, " "1, " "1, " "1, " "1, " "1, " "1, " "1, " "1, " "1, " "1, " "1, " "1, " "1, " "1, " "1, " "1, " "1, " "1, " "1, " "1, " "1, " "1, " "1, " "1, " "1, " "1, " "1, " "1, " "1, " "1, " "1, " "1, " "1, " "1, " "1, " "1, " "1, " "1, " "1, " "1, " "1, " "1, " "1, " "1, " "1, " "1, " "1, " "1, " "1, " "1, " "1, " "1, " "1, " "1, " "1, " "1, " "1, " "1, " "1, " "1, " "1, " "1, " "1, " "1, " "1, " "1, " "1, " "1, " "1, " "1, " "1, " "1, " "1, " "1, " "1, " "1, " "1, " "1, " "1, " "1, " "1, " "1, " "1, " "1, " "1, " "1, " "1, " "1, " "1, " "1, " "1, " "1, " "1, " "1, " "1, " "1, " "1, " "1, " "1, " "1, " "1, " "1, " "1, " "1, " "1, " "1, " "1, " "1, " "1, " "1, " "1, " "1, " "1, " "1, " "1, " "1, " "1, " "1, " "1, " "1, " "1, " "1, " "1, " "1, " "1, " "1, " "1, " "1, " "1, " "1, " "1, " "1, " "1, " "1, " "1, " "1, " "1, " "1, " "1, " "1, " "1, " "1, " "1, " "1, " "1, " "1, " "1, " "1, " "1, " "1, " "1, " "1, " "1, " "1, " "1, " "1, " "1, " "1, " "1, " "1, " "1, " "1, " "1, " "1, " "1, " "1, " "1, " "1, " "1, " "1, " "1, " "1, " "1, " "1, " "1, " "1, " "1, " "1, " "1, " "1, " "1, " "1, " "1, " "1, " "1, " "1, " "1, " "1, " "1, " "1, " "1, " "1, " "1, " "1, " "1, " "1, " "1, " "1, " "1, " "1, " "1, " "1, " "1, " "1, " "1, " "1, " "1, " "1, " "1, " "1, " "1, " "1, " "1, " "1, " "1, " "1, " "1, " "1, " "1, " "1, " "1, " "1, " "1, " "1, " "1, " "1, " "1, " "1, " "1, " "1, " "1, " "1, " "1, " "1, " "1, " "1, " "1, " "1, " "1, " "1, " "1, " "1, " "1, " "1, " "1, " "1, " "1, " "1, " "1, " "1, " "1, " "1, " "1, " "1, " "1, " "1, " "1, " "1, " "1, " "1, " "1, " "1, " "1, " "1, " "1, " "1, " "1, " "1, " "1, " "1, " "1, " "1, " "1, " "1, " "1, " "1, " "1, " "1, " "1, " "1, " "1, " "1, " "1, " "1, " "1, " "1, " "1, " "1, " "1, " "1, " "1, " "1, " "1, " "1, " "1, " "1, " "1, " "1, " "1, " "1, " "1, " "1, " "1, " "1, " "1, " "1, " "1, " "1, " "1, " "1, " "1, " "1, " "1, " "1, " "1, " "1, " "1, " "1, " "1, " "1, " "1, " "1, " "1, " "1, " "1, " "1, " "1, " "1, " "1, " "1, " "1, " "1, " "1, " "1, " "1, " "1, " "1, " "1, " "1, " "1, " "1, " "1, " "1, " "1, " "1, " "1, " "1, " "1, " "1, " "1, " "1, " "1, " "1, " "1, " "1, " "1, " "1, " "1, " "1, " "1, " "1, " "1, " "1, " "1, " "1, " "1, " "1, " "1, " "1, " "1, " "1, " "1, " "1, " "1, " "1, " "1, " "1, " "1, " "1, " "1, " "1, " "1, " "1, " "1, " "1, " "1, " "1, " "1, " "1, " "1, " "1, " "1, " "1, " "1, " "1, " "1, " "1, " "1, " "1, " "1, " "1, " "1, " "1, " "1, " "1, " "1, " "1, " "1, " "1, " "1, " "1, " "1, " "1, " "1, " "1, " "1, " "1, " "1, " "1, " "1, " "1, " "1, " "1, " "1, " "1, " "1, " "1, " "1, " "1, " "1, " "1, " "1, " "1, " "1, " "1, " "1, " "1, " "1, " "1, " "1, " "1, " "1, " "1, " "1, " "1, " "1, " "1, " "1, " "1, " "0, " "1, " "1, " "1, " "1, " "1, " "1, " "1, " "1, " "1, " "1, " "1, " "1, " "1, " "1, " "1, " "1, " "1, " "1, " "1, " "1, " "1, " "1, " "1, " "1, " "1, " "1, " "1, " "1, " "1, " "1, " "1, " "1, " "1, " "1, " "1, " "1, " "1, " "1, " "1, " "1, " "1, " "1, " "1, " "1, " "1, " "1, " "1, " "1, " "1, " "1, " "1, " "1, " "1, " "1, " "1, " "1, "0
 "Nei457, 0.178, " "-0.965, " "1, " "1, " "1, " "1, " "1, " "1, " "1, " "1, " "1, " "1, " "1, " "1, " "1, " "1, " "1, " "1, " "1, " "1, " "1, " "1, " "1, " "1, " "1, " "1, " "1, " "1, " "1, " "1, " "1, " "1, " "1, " "1, " "1, " "1, " "1, " "1, " "1, " "1, " "1, " "1, " "1, " "1, " "1, " "1, " "1, " "1, " "1, " "1, " "1, " "1, " "1, " "1, " "1, " "1, " "1, " "1, " "1, " "1, " "1, " "1, " "1, " "1, " "1, " "1, " "1, " "1, " "1, " "1, " "1, " "1, " "1, " "1, " "1, " "1, " "1, " "1, " "1, " "1, " "1, " "1, " "1, " "1, " "1, " "1, " "1, " "1, " "1, " "1, " "1, " "1, " "1, " "1, " "1, " "1, " "1, " "1, " "1, " "1, " "1, " "1, " "1, " "1, " "1, " "1, " "1, " "1, " "1, " "1, " "1, " "1, " "1, " "1, " "1, " "1, " "1, " "1, " "1, " "1, " "1, " "1, " "1, " "1, " "1, " "1, " "1, " "1, " "1, " "1, " "1, " "1, " "1, " "1, " "1, " "1, " "1, " "1, " "1, " "1, " "1, " "1, " "1, " "1, " "1, " "1, " "1, " "1, " "1, " "1, " "1, " "1, " "1, " "1, " "1, " "1, " "1, " "1, " "1, " "1, " "1, " "1, " "1, " "1, " "1, " "1, " "1, " "1, " "1, " "1, " "1, " "1, " "1, " "1, " "1, " "1, " "1, " "1, " "1, " "1, " "1, " "1, " "1, " "1, " "1, " "1, " "1, " "1, " "1, " "1, " "1, " "1, " "1, " "1, " "1, " "1, " "1, " "1, " "1, " "1, " "1, " "1, " "1, " "1, " "1, " "1, " "1, " "1, " "1, " "1, " "1, " "1, " "1, " "1, " "1, " "1, " "1, " "1, " "1, " "1, " "1, " "1, " "1, " "1, " "1, " "1, " "1, " "1, " "1, " "1, " "1, " "1, " "1, " "1, " "1, " "1, " "1, " "1, " "1, " "1, " "1, " "1, " "1, " "1, " "1, " "1, " "1, " "1, " "1, " "1, " "1, " "1, " "1, " "1, " "1, " "1, " "1, " "1, " "1, " "1, " "1, " "1, " "1, " "1, " "1, " "1, " "1, " "1, " "1, " "1, " "1, " "1, " "1, " "1, " "1, " "1, " "1, " "1, " "1, " "1, " "1, " "1, " "1, " "1, " "1, " "1, " "1, " "1, " "1, " "1, " "1, " "1, " "1, " "1, " "1, " "1, " "1, " "1, " "1, " "1, " "1, " "1, " "1, " "1, " "1, " "1, " "1, " "1, " "1, " "1, " "1, " "1, " "1, " "1, " "1, " "1, " "1, " "1, " "1, " "1, " "1, " "1, " "1, " "1, " "1, " "1, " "1, " "1, " "1, " "1, " "1, " "1, " "1, " "1, " "1, " "1, " "1, " "1, " "1, " "1, " "1, " "1, " "1, " "1, " "1, " "1, " "1, " "1, " "1, " "1, " "1, " "1, " "1, " "1, " "1, " "1, " "1, " "1, " "1, " "1, " "1, " "1, " "1, " "1, " "1, " "1, " "1, " "1, " "1, " "1, " "1, " "1, " "1, " "1, " "1, " "1, " "1, " "1, " "1, " "1, " "1, " "1, " "1, " "1, " "1, " "1, " "1, " "1, " "1, " "1, " "1, " "1, " "1, " "1, " "1, " "1, " "1, " "1, " "1, " "1, " "1, " "1, " "1, " "1, " "1, " "1, " "1, " "1, " "1, " "1, " "1, " "1, " "1, " "1, " "1, " "1, " "1, " "1, " "1, " "1, " "1, " "1, " "1, " "1, " "1, " "1, " "1, " "1, " "1, " "1, " "1, " "1, " "1, " "1, " "1, " "1, " "1, " "1, " "1, " "1, " "1, " "1, " "1, " "1, " "1, " "1, " "1, " "1, " "1, " "1, " "1, " "1, " "1, " "1, " "1, " "1, " "1, " "1, " "1, " "0, " "1, " "1, " "1, " "1, " "1, " "1, " "1, " "1, " "1, " "1, " "1, " "1, " "1, " "1, " "1, " "1, " "1, " "1, " "1, " "1, " "1, " "1, " "1, " "1, " "1, " "1, " "1, " "1, " "1, " "1, " "1, " "1, " "1, " "1, " "1, " "1, " "1, " "1, " "1, " "1, " "1, " "1, " "1, " "1, " "1, " "1, " "1, " "1, " "1, " "1, " "1, " "1, " "1, " "1, " "1, "0
 "Nei458, 0.389, " "-0.316, " "1, " "1, " "1, " "1, " "1, " "1, " "1, " "1, " "1, " "1, " "1, " "1, " "1, " "1, " "1, " "1, " "1, " "1, " "1, " "1, " "1, " "1, " "1, " "1, " "1, " "1, " "1, " "1, " "1, " "1, " "1, " "1, " "1, " "1, " "1, " "1, " "1, " "1, " "1, " "1, " "1, " "1, " "1, " "1, " "1, " "1, " "1, " "1, " "1, " "1, " "1, " "1, " "1, " "1, " "1, " "1, " "1, " "1, " "1, " "1, " "1, " "1, " "1, " "1, " "1, " "1, " "1, " "1, " "1, " "1, " "1, " "1, " "1, " "1, " "1, " "1, " "1, " "1, " "1, " "1, " "1, " "1, " "1, " "1, " "1, " "1, " "1, " "1, " "1, " "1, " "1, " "1, " "1, " "1, " "1, " "1, " "1, " "1, " "1, " "1, " "1, " "1, " "1, " "1, " "1, " "1, " "1, " "1, " "1, " "1, " "1, " "1, " "1, " "1, " "1, " "1, " "1, " "1, " "1, " "1, " "1, " "1, " "1, " "1, " "1, " "1, " "1, " "1, " "1, " "1, " "1, " "1, " "1, " "1, " "1, " "1, " "1, " "1, " "1, " "1, " "1, " "1, " "1, " "1, " "1, " "1, " "1, " "1, " "1, " "1, " "1, " "1, " "1, " "1, " "1, " "1, " "1, " "1, " "1, " "1, " "1, " "1, " "1, " "1, " "1, " "1, " "1, " "1, " "1, " "1, " "1, " "1, " "1, " "1, " "1, " "1, " "1, " "1, " "1, " "1, " "1, " "1, " "1, " "1, " "1, " "1, " "1, " "1, " "1, " "1, " "1, " "1, " "1, " "1, " "1, " "1, " "1, " "1, " "1, " "1, " "1, " "1, " "1, " "1, " "1, " "1, " "1, " "1, " "1, " "1, " "1, " "1, " "1, " "1, " "1, " "1, " "1, " "1, " "1, " "1, " "1, " "1, " "1, " "1, " "1, " "1, " "1, " "1, " "1, " "1, " "1, " "1, " "1, " "1, " "1, " "1, " "1, " "1, " "1, " "1, " "1, " "1, " "1, " "1, " "1, " "1, " "1, " "1, " "1, " "1, " "1, " "1, " "1, " "1, " "1, " "1, " "1, " "1, " "1, " "1, " "1, " "1, " "1, " "1, " "1, " "1, " "1, " "1, " "1, " "1, " "1, " "1, " "1, " "1, " "1, " "1, " "1, " "1, " "1, " "1, " "1, " "1, " "1, " "1, " "1, " "1, " "1, " "1, " "1, " "1, " "1, " "1, " "1, " "1, " "1, " "1, " "1, " "1, " "1, " "1, " "1, " "1, " "1, " "1, " "1, " "1, " "1, " "1, " "1, " "1, " "1, " "1, " "1, " "1, " "1, " "1, " "1, " "1, " "1, " "1, " "1, " "1, " "1, " "1, " "1, " "1, " "1, " "1, " "1, " "1, " "1, " "1, " "1, " "1, " "1, " "1, " "1, " "1, " "1, " "1, " "1, " "1, " "1, " "1, " "1, " "1, " "1, " "1, " "1, " "1, " "1, " "1, " "1, " "1, " "1, " "1, " "1, " "1, " "1, " "1, " "1, " "1, " "1, " "1, " "1, " "1, " "1, " "1, " "1, " "1, " "1, " "1, " "1, " "1, " "1, " "1, " "1, " "1, " "1, " "1, " "1, " "1, " "1, " "1, " "1, " "1, " "1, " "1, " "1, " "1, " "1, " "1, " "1, " "1, " "1, " "1, " "1, " "1, " "1, " "1, " "1, " "1, " "1, " "1, " "1, " "1, " "1, " "1, " "1, " "1, " "1, " "1, " "1, " "1, " "1, " "1, " "1, " "1, " "1, " "1, " "1, " "1, " "1, " "1, " "1, " "1, " "1, " "1, " "1, " "1, " "1, " "1, " "1, " "1, " "1, " "1, " "1, " "1, " "1, " "1, " "1, " "1, " "1, " "1, " "1, " "1, " "1, " "1, " "1, " "1, " "1, " "1, " "1, " "1, " "1, " "1, " "1, " "1, " "0, " "1, " "1, " "1, " "1, " "1, " "1, " "1, " "1, " "1, " "1, " "1, " "1, " "1, " "1, " "1, " "1, " "1, " "1, " "1, " "1, " "1, " "1, " "1, " "1, " "1, " "1, " "1, " "1, " "1, " "1, " "1, " "1, " "1, " "1, " "1, " "1, " "1, " "1, " "1, " "1, " "1, " "1, " "1, " "1, " "1, " "1, " "1, " "1, " "1, " "1, " "1, " "1, " "1, " "1, "0
 "Nei459, 0.365, " "-0.943, " "1, " "1, " "1, " "1, " "1, " "1, " "1, " "1, " "1, " "1, " "1, " "1, " "1, " "1, " "1, " "1, " "1, " "1, " "1, " "1, " "1, " "1, " "1, " "1, " "1, " "1, " "1, " "1, " "1, " "1, " "1, " "1, " "1, " "1, " "1, " "1, " "1, " "1, " "1, " "1, " "1, " "1, " "1, " "1, " "1, " "1, " "1, " "1, " "1, " "1, " "1, " "1, " "1, " "1, " "1, " "1, " "1, " "1, " "1, " "1, " "1, " "1, " "1, " "1, " "1, " "1, " "1, " "1, " "1, " "1, " "1, " "1, " "1, " "1, " "1, " "1, " "1, " "1, " "1, " "1, " "1, " "1, " "1, " "1, " "1, " "1, " "1, " "1, " "1, " "1, " "1, " "1, " "1, " "1, " "1, " "1, " "1, " "1, " "1, " "1, " "1, " "1, " "1, " "1, " "1, " "1, " "1, " "1, " "1, " "1, " "1, " "1, " "1, " "1, " "1, " "1, " "1, " "1, " "1, " "1, " "1, " "1, " "1, " "1, " "1, " "1, " "1, " "1, " "1, " "1, " "1, " "1, " "1, " "1, " "1, " "1, " "1, " "1, " "1, " "1, " "1, " "1, " "1, " "1, " "1, " "1, " "1, " "1, " "1, " "1, " "1, " "1, " "1, " "1, " "1, " "1, " "1, " "1, " "1, " "1, " "1, " "1, " "1, " "1, " "1, " "1, " "1, " "1, " "1, " "1, " "1, " "1, " "1, " "1, " "1, " "1, " "1, " "1, " "1, " "1, " "1, " "1, " "1, " "1, " "1, " "1, " "1, " "1, " "1, " "1, " "1, " "1, " "1, " "1, " "1, " "1, " "1, " "1, " "1, " "1, " "1, " "1, " "1, " "1, " "1, " "1, " "1, " "1, " "1, " "1, " "1, " "1, " "1, " "1, " "1, " "1, " "1, " "1, " "1, " "1, " "1, " "1, " "1, " "1, " "1, " "1, " "1, " "1, " "1, " "1, " "1, " "1, " "1, " "1, " "1, " "1, " "1, " "1, " "1, " "1, " "1, " "1, " "1, " "1, " "1, " "1, " "1, " "1, " "1, " "1, " "1, " "1, " "1, " "1, " "1, " "1, " "1, " "1, " "1, " "1, " "1, " "1, " "1, " "1, " "1, " "1, " "1, " "1, " "1, " "1, " "1, " "1, " "1, " "1, " "1, " "1, " "1, " "1, " "1, " "1, " "1, " "1, " "1, " "1, " "1, " "1, " "1, " "1, " "1, " "1, " "1, " "1, " "1, " "1, " "1, " "1, " "1, " "1, " "1, " "1, " "1, " "1, " "1, " "1, " "1, " "1, " "1, " "1, " "1, " "1, " "1, " "1, " "1, " "1, " "1, " "1, " "1, " "1, " "1, " "1, " "1, " "1, " "1, " "1, " "1, " "1, " "1, " "1, " "1, " "1, " "1, " "1, " "1, " "1, " "1, " "1, " "1, " "1, " "1, " "1, " "1, " "1, " "1, " "1, " "1, " "1, " "1, " "1, " "1, " "1, " "1, " "1, " "1, " "1, " "1, " "1, " "1, " "1, " "1, " "1, " "1, " "1, " "1, " "1, " "1, " "1, " "1, " "1, " "1, " "1, " "1, " "1, " "1, " "1, " "1, " "1, " "1, " "1, " "1, " "1, " "1, " "1, " "1, " "1, " "1, " "1, " "1, " "1, " "1, " "1, " "1, " "1, " "1, " "1, " "1, " "1, " "1, " "1, " "1, " "1, " "1, " "1, " "1, " "1, " "1, " "1, " "1, " "1, " "1, " "1, " "1, " "1, " "1, " "1, " "1, " "1, " "1, " "1, " "1, " "1, " "1, " "1, " "1, " "1, " "1, " "1, " "1, " "1, " "1, " "1, " "1, " "1, " "1, " "1, " "1, " "1, " "1, " "1, " "1, " "1, " "1, " "1, " "1, " "1, " "1, " "1, " "1, " "1, " "1, " "1, " "1, " "1, " "1, " "1, " "1, " "1, " "1, " "1, " "1, " "0, " "1, " "1, " "1, " "1, " "1, " "1, " "1, " "1, " "1, " "1, " "1, " "1, " "1, " "1, " "1, " "1, " "1, " "1, " "1, " "1, " "1, " "1, " "1, " "1, " "1, " "1, " "1, " "1, " "1, " "1, " "1, " "1, " "1, " "1, " "1, " "1, " "1, " "1, " "1, " "1, " "1, " "1, " "1, " "1, " "1, " "1, " "1, " "1, " "1, " "1, " "1, " "1, " "1, "0
 "Nei460, 0.09, " "0.195, " "1, " "1, " "1, " "1, " "1, " "1, " "1, " "1, " "1, " "1, " "1, " "1, " "1, " "1, " "1, " "1, " "1, " "1, " "1, " "1, " "1, " "1, " "1, " "1, " "1, " "1, " "1, " "1, " "1, " "1, " "1, " "1, " "1, " "1, " "1, " "1, " "1, " "1, " "1, " "1, " "1, " "1, " "1, " "1, " "1, " "1, " "1, " "1, " "1, " "1, " "1, " "1, " "1, " "1, " "1, " "1, " "1, " "1, " "1, " "1, " "1, " "1, " "1, " "1, " "1, " "1, " "1, " "1, " "1, " "1, " "1, " "1, " "1, " "1, " "1, " "1, " "1, " "1, " "1, " "1, " "1, " "1, " "1, " "1, " "1, " "1, " "1, " "1, " "1, " "1, " "1, " "1, " "1, " "1, " "1, " "1, " "1, " "1, " "1, " "1, " "1, " "1, " "1, " "1, " "1, " "1, " "1, " "1, " "1, " "1, " "1, " "1, " "1, " "1, " "1, " "1, " "1, " "1, " "1, " "1, " "1, " "1, " "1, " "1, " "1, " "1, " "1, " "1, " "1, " "1, " "1, " "1, " "1, " "1, " "1, " "1, " "1, " "1, " "1, " "1, " "1, " "1, " "1, " "1, " "1, " "1, " "1, " "1, " "1, " "1, " "1, " "1, " "1, " "1, " "1, " "1, " "1, " "1, " "1, " "1, " "1, " "1, " "1, " "1, " "1, " "1, " "1, " "1, " "1, " "1, " "1, " "1, " "1, " "1, " "1, " "1, " "1, " "1, " "1, " "1, " "1, " "1, " "1, " "1, " "1, " "1, " "1, " "1, " "1, " "1, " "1, " "1, " "1, " "1, " "1, " "1, " "1, " "1, " "1, " "1, " "1, " "1, " "1, " "1, " "1, " "1, " "1, " "1, " "1, " "1, " "1, " "1, " "1, " "1, " "1, " "1, " "1, " "1, " "1, " "1, " "1, " "1, " "1, " "1, " "1, " "1, " "1, " "1, " "1, " "1, " "1, " "1, " "1, " "1, " "1, " "1, " "1, " "1, " "1, " "1, " "1, " "1, " "1, " "1, " "1, " "1, " "1, " "1, " "1, " "1, " "1, " "1, " "1, " "1, " "1, " "1, " "1, " "1, " "1, " "1, " "1, " "1, " "1, " "1, " "1, " "1, " "1, " "1, " "1, " "1, " "1, " "1, " "1, " "1, " "1, " "1, " "1, " "1, " "1, " "1, " "1, " "1, " "1, " "1, " "1, " "1, " "1, " "1, " "1, " "1, " "1, " "1, " "1, " "1, " "1, " "1, " "1, " "1, " "1, " "1, " "1, " "1, " "1, " "1, " "1, " "1, " "1, " "1, " "1, " "1, " "1, " "1, " "1, " "1, " "1, " "1, " "1, " "1, " "1, " "1, " "1, " "1, " "1, " "1, " "1, " "1, " "1, " "1, " "1, " "1, " "1, " "1, " "1, " "1, " "1, " "1, " "1, " "1, " "1, " "1, " "1, " "1, " "1, " "1, " "1, " "1, " "1, " "1, " "1, " "1, " "1, " "1, " "1, " "1, " "1, " "1, " "1, " "1, " "1, " "1, " "1, " "1, " "1, " "1, " "1, " "1, " "1, " "1, " "1, " "1, " "1, " "1, " "1, " "1, " "1, " "1, " "1, " "1, " "1, " "1, " "1, " "1, " "1, " "1, " "1, " "1, " "1, " "1, " "1, " "1, " "1, " "1, " "1, " "1, " "1, " "1, " "1, " "1, " "1, " "1, " "1, " "1, " "1, " "1, " "1, " "1, " "1, " "1, " "1, " "1, " "1, " "1, " "1, " "1, " "1, " "1, " "1, " "1, " "1, " "1, " "1, " "1, " "1, " "1, " "1, " "1, " "1, " "1, " "1, " "1, " "1, " "1, " "1, " "1, " "1, " "1, " "1, " "1, " "1, " "1, " "1, " "1, " "1, " "1, " "1, " "1, " "1, " "1, " "1, " "1, " "1, " "1, " "1, " "1, " "1, " "1, " "1, " "1, " "1, " "1, " "0, " "1, " "1, " "1, " "1, " "1, " "1, " "1, " "1, " "1, " "1, " "1, " "1, " "1, " "1, " "1, " "1, " "1, " "1, " "1, " "1, " "1, " "1, " "1, " "1, " "1, " "1, " "1, " "1, " "1, " "1, " "1, " "1, " "1, " "1, " "1, " "1, " "1, " "1, " "1, " "1, " "1, " "1, " "1, " "1, " "1, " "1, " "1, " "1, " "1, " "1, " "1, " "1, "0
 "Nei461, 0.012, " "-0.361, " "1, " "1, " "1, " "1, " "1, " "1, " "1, " "1, " "1, " "1, " "1, " "1, " "1, " "1, " "1, " "1, " "1, " "1, " "1, " "1, " "1, " "1, " "1, " "1, " "1, " "1, " "1, " "1, " "1, " "1, " "1, " "1, " "1, " "1, " "1, " "1, " "1, " "1, " "1, " "1, " "1, " "1, " "1, " "1, " "1, " "1, " "1, " "1, " "1, " "1, " "1, " "1, " "1, " "1, " "1, " "1, " "1, " "1, " "1, " "1, " "1, " "1, " "1, " "1, " "1, " "1, " "1, " "1, " "1, " "1, " "1, " "1, " "1, " "1, " "1, " "1, " "1, " "1, " "1, " "1, " "1, " "1, " "1, " "1, " "1, " "1, " "1, " "1, " "1, " "1, " "1, " "1, " "1, " "1, " "1, " "1, " "1, " "1, " "1, " "1, " "1, " "1, " "1, " "1, " "1, " "1, " "1, " "1, " "1, " "1, " "1, " "1, " "1, " "1, " "1, " "1, " "1, " "1, " "1, " "1, " "1, " "1, " "1, " "1, " "1, " "1, " "1, " "1, " "1, " "1, " "1, " "1, " "1, " "1, " "1, " "1, " "1, " "1, " "1, " "1, " "1, " "1, " "1, " "1, " "1, " "1, " "1, " "1, " "1, " "1, " "1, " "1, " "1, " "1, " "1, " "1, " "1, " "1, " "1, " "1, " "1, " "1, " "1, " "1, " "1, " "1, " "1, " "1, " "1, " "1, " "1, " "1, " "1, " "1, " "1, " "1, " "1, " "1, " "1, " "1, " "1, " "1, " "1, " "1, " "1, " "1, " "1, " "1, " "1, " "1, " "1, " "1, " "1, " "1, " "1, " "1, " "1, " "1, " "1, " "1, " "1, " "1, " "1, " "1, " "1, " "1, " "1, " "1, " "1, " "1, " "1, " "1, " "1, " "1, " "1, " "1, " "1, " "1, " "1, " "1, " "1, " "1, " "1, " "1, " "1, " "1, " "1, " "1, " "1, " "1, " "1, " "1, " "1, " "1, " "1, " "1, " "1, " "1, " "1, " "1, " "1, " "1, " "1, " "1, " "1, " "1, " "1, " "1, " "1, " "1, " "1, " "1, " "1, " "1, " "1, " "1, " "1, " "1, " "1, " "1, " "1, " "1, " "1, " "1, " "1, " "1, " "1, " "1, " "1, " "1, " "1, " "1, " "1, " "1, " "1, " "1, " "1, " "1, " "1, " "1, " "1, " "1, " "1, " "1, " "1, " "1, " "1, " "1, " "1, " "1, " "1, " "1, " "1, " "1, " "1, " "1, " "1, " "1, " "1, " "1, " "1, " "1, " "1, " "1, " "1, " "1, " "1, " "1, " "1, " "1, " "1, " "1, " "1, " "1, " "1, " "1, " "1, " "1, " "1, " "1, " "1, " "1, " "1, " "1, " "1, " "1, " "1, " "1, " "1, " "1, " "1, " "1, " "1, " "1, " "1, " "1, " "1, " "1, " "1, " "1, " "1, " "1, " "1, " "1, " "1, " "1, " "1, " "1, " "1, " "1, " "1, " "1, " "1, " "1, " "1, " "1, " "1, " "1, " "1, " "1, " "1, " "1, " "1, " "1, " "1, " "1, " "1, " "1, " "1, " "1, " "1, " "1, " "1, " "1, " "1, " "1, " "1, " "1, " "1, " "1, " "1, " "1, " "1, " "1, " "1, " "1, " "1, " "1, " "1, " "1, " "1, " "1, " "1, " "1, " "1, " "1, " "1, " "1, " "1, " "1, " "1, " "1, " "1, " "1, " "1, " "1, " "1, " "1, " "1, " "1, " "1, " "1, " "1, " "1, " "1, " "1, " "1, " "1, " "1, " "1, " "1, " "1, " "1, " "1, " "1, " "1, " "1, " "1, " "1, " "1, " "1, " "1, " "1, " "1, " "1, " "1, " "1, " "1, " "1, " "1, " "1, " "1, " "1, " "1, " "1, " "1, " "1, " "1, " "1, " "1, " "1, " "1, " "1, " "1, " "1, " "1, " "1, " "1, " "1, " "1, " "1, " "0, " "1, " "1, " "1, " "1, " "1, " "1, " "1, " "1, " "1, " "1, " "1, " "1, " "1, " "1, " "1, " "1, " "1, " "1, " "1, " "1, " "1, " "1, " "1, " "1, " "1, " "1, " "1, " "1, " "1, " "1, " "1, " "1, " "1, " "1, " "1, " "1, " "1, " "1, " "1, " "1, " "1, " "1, " "1, " "1, " "1, " "1, " "1, " "1, " "1, " "1, " "1, "0
 "Nei462, 0.246, " "0.66, " "1, " "1, " "1, " "1, " "1, " "1, " "1, " "1, " "1, " "1, " "1, " "1, " "1, " "1, " "1, " "1, " "1, " "1, " "1, " "1, " "1, " "1, " "1, " "1, " "1, " "1, " "1, " "1, " "1, " "1, " "1, " "1, " "1, " "1, " "1, " "1, " "1, " "1, " "1, " "1, " "1, " "1, " "1, " "1, " "1, " "1, " "1, " "1, " "1, " "1, " "1, " "1, " "1, " "1, " "1, " "1, " "1, " "1, " "1, " "1, " "1, " "1, " "1, " "1, " "1, " "1, " "1, " "1, " "1, " "1, " "1, " "1, " "1, " "1, " "1, " "1, " "1, " "1, " "1, " "1, " "1, " "1, " "1, " "1, " "1, " "1, " "1, " "1, " "1, " "1, " "1, " "1, " "1, " "1, " "1, " "1, " "1, " "1, " "1, " "1, " "1, " "1, " "1, " "1, " "1, " "1, " "1, " "1, " "1, " "1, " "1, " "1, " "1, " "1, " "1, " "1, " "1, " "1, " "1, " "1, " "1, " "1, " "1, " "1, " "1, " "1, " "1, " "1, " "1, " "1, " "1, " "1, " "1, " "1, " "1, " "1, " "1, " "1, " "1, " "1, " "1, " "1, " "1, " "1, " "1, " "1, " "1, " "1, " "1, " "1, " "1, " "1, " "1, " "1, " "1, " "1, " "1, " "1, " "1, " "1, " "1, " "1, " "1, " "1, " "1, " "1, " "1, " "1, " "1, " "1, " "1, " "1, " "1, " "1, " "1, " "1, " "1, " "1, " "1, " "1, " "1, " "1, " "1, " "1, " "1, " "1, " "1, " "1, " "1, " "1, " "1, " "1, " "1, " "1, " "1, " "1, " "1, " "1, " "1, " "1, " "1, " "1, " "1, " "1, " "1, " "1, " "1, " "1, " "1, " "1, " "1, " "1, " "1, " "1, " "1, " "1, " "1, " "1, " "1, " "1, " "1, " "1, " "1, " "1, " "1, " "1, " "1, " "1, " "1, " "1, " "1, " "1, " "1, " "1, " "1, " "1, " "1, " "1, " "1, " "1, " "1, " "1, " "1, " "1, " "1, " "1, " "1, " "1, " "1, " "1, " "1, " "1, " "1, " "1, " "1, " "1, " "1, " "1, " "1, " "1, " "1, " "1, " "1, " "1, " "1, " "1, " "1, " "1, " "1, " "1, " "1, " "1, " "1, " "1, " "1, " "1, " "1, " "1, " "1, " "1, " "1, " "1, " "1, " "1, " "1, " "1, " "1, " "1, " "1, " "1, " "1, " "1, " "1, " "1, " "1, " "1, " "1, " "1, " "1, " "1, " "1, " "1, " "1, " "1, " "1, " "1, " "1, " "1, " "1, " "1, " "1, " "1, " "1, " "1, " "1, " "1, " "1, " "1, " "1, " "1, " "1, " "1, " "1, " "1, " "1, " "1, " "1, " "1, " "1, " "1, " "1, " "1, " "1, " "1, " "1, " "1, " "1, " "1, " "1, " "1, " "1, " "1, " "1, " "1, " "1, " "1, " "1, " "1, " "1, " "1, " "1, " "1, " "1, " "1, " "1, " "1, " "1, " "1, " "1, " "1, " "1, " "1, " "1, " "1, " "1, " "1, " "1, " "1, " "1, " "1, " "1, " "1, " "1, " "1, " "1, " "1, " "1, " "1, " "1, " "1, " "1, " "1, " "1, " "1, " "1, " "1, " "1, " "1, " "1, " "1, " "1, " "1, " "1, " "1, " "1, " "1, " "1, " "1, " "1, " "1, " "1, " "1, " "1, " "1, " "1, " "1, " "1, " "1, " "1, " "1, " "1, " "1, " "1, " "1, " "1, " "1, " "1, " "1, " "1, " "1, " "1, " "1, " "1, " "1, " "1, " "1, " "1, " "1, " "1, " "1, " "1, " "1, " "1, " "1, " "1, " "1, " "1, " "1, " "1, " "1, " "1, " "1, " "1, " "1, " "1, " "1, " "1, " "1, " "1, " "1, " "1, " "1, " "1, " "1, " "1, " "1, " "1, " "1, " "1, " "1, " "1, " "1, " "0, " "1, " "1, " "1, " "1, " "1, " "1, " "1, " "1, " "1, " "1, " "1, " "1, " "1, " "1, " "1, " "1, " "1, " "1, " "1, " "1, " "1, " "1, " "1, " "1, " "1, " "1, " "1, " "1, " "1, " "1, " "1, " "1, " "1, " "1, " "1, " "1, " "1, " "1, " "1, " "1, " "1, " "1, " "1, " "1, " "1, " "1, " "1, " "1, " "1, " "1, "0
 "Nei463, 0.321, " "-0.904, " "1, " "1, " "1, " "1, " "1, " "1, " "1, " "1, " "1, " "1, " "1, " "1, " "1, " "1, " "1, " "1, " "1, " "1, " "1, " "1, " "1, " "1, " "1, " "1, " "1, " "1, " "1, " "1, " "1, " "1, " "1, " "1, " "1, " "1, " "1, " "1, " "1, " "1, " "1, " "1, " "1, " "1, " "1, " "1, " "1, " "1, " "1, " "1, " "1, " "1, " "1, " "1, " "1, " "1, " "1, " "1, " "1, " "1, " "1, " "1, " "1, " "1, " "1, " "1, " "1, " "1, " "1, " "1, " "1, " "1, " "1, " "1, " "1, " "1, " "1, " "1, " "1, " "1, " "1, " "1, " "1, " "1, " "1, " "1, " "1, " "1, " "1, " "1, " "1, " "1, " "1, " "1, " "1, " "1, " "1, " "1, " "1, " "1, " "1, " "1, " "1, " "1, " "1, " "1, " "1, " "1, " "1, " "1, " "1, " "1, " "1, " "1, " "1, " "1, " "1, " "1, " "1, " "1, " "1, " "1, " "1, " "1, " "1, " "1, " "1, " "1, " "1, " "1, " "1, " "1, " "1, " "1, " "1, " "1, " "1, " "1, " "1, " "1, " "1, " "1, " "1, " "1, " "1, " "1, " "1, " "1, " "1, " "1, " "1, " "1, " "1, " "1, " "1, " "1, " "1, " "1, " "1, " "1, " "1, " "1, " "1, " "1, " "1, " "1, " "1, " "1, " "1, " "1, " "1, " "1, " "1, " "1, " "1, " "1, " "1, " "1, " "1, " "1, " "1, " "1, " "1, " "1, " "1, " "1, " "1, " "1, " "1, " "1, " "1, " "1, " "1, " "1, " "1, " "1, " "1, " "1, " "1, " "1, " "1, " "1, " "1, " "1, " "1, " "1, " "1, " "1, " "1, " "1, " "1, " "1, " "1, " "1, " "1, " "1, " "1, " "1, " "1, " "1, " "1, " "1, " "1, " "1, " "1, " "1, " "1, " "1, " "1, " "1, " "1, " "1, " "1, " "1, " "1, " "1, " "1, " "1, " "1, " "1, " "1, " "1, " "1, " "1, " "1, " "1, " "1, " "1, " "1, " "1, " "1, " "1, " "1, " "1, " "1, " "1, " "1, " "1, " "1, " "1, " "1, " "1, " "1, " "1, " "1, " "1, " "1, " "1, " "1, " "1, " "1, " "1, " "1, " "1, " "1, " "1, " "1, " "1, " "1, " "1, " "1, " "1, " "1, " "1, " "1, " "1, " "1, " "1, " "1, " "1, " "1, " "1, " "1, " "1, " "1, " "1, " "1, " "1, " "1, " "1, " "1, " "1, " "1, " "1, " "1, " "1, " "1, " "1, " "1, " "1, " "1, " "1, " "1, " "1, " "1, " "1, " "1, " "1, " "1, " "1, " "1, " "1, " "1, " "1, " "1, " "1, " "1, " "1, " "1, " "1, " "1, " "1, " "1, " "1, " "1, " "1, " "1, " "1, " "1, " "1, " "1, " "1, " "1, " "1, " "1, " "1, " "1, " "1, " "1, " "1, " "1, " "1, " "1, " "1, " "1, " "1, " "1, " "1, " "1, " "1, " "1, " "1, " "1, " "1, " "1, " "1, " "1, " "1, " "1, " "1, " "1, " "1, " "1, " "1, " "1, " "1, " "1, " "1, " "1, " "1, " "1, " "1, " "1, " "1, " "1, " "1, " "1, " "1, " "1, " "1, " "1, " "1, " "1, " "1, " "1, " "1, " "1, " "1, " "1, " "1, " "1, " "1, " "1, " "1, " "1, " "1, " "1, " "1, " "1, " "1, " "1, " "1, " "1, " "1, " "1, " "1, " "1, " "1, " "1, " "1, " "1, " "1, " "1, " "1, " "1, " "1, " "1, " "1, " "1, " "1, " "1, " "1, " "1, " "1, " "1, " "1, " "1, " "1, " "1, " "1, " "1, " "1, " "1, " "1, " "1, " "1, " "1, " "1, " "1, " "1, " "1, " "1, " "1, " "1, " "1, " "1, " "1, " "1, " "1, " "1, " "1, " "1, " "1, " "1, " "1, " "0, " "1, " "1, " "1, " "1, " "1, " "1, " "1, " "1, " "1, " "1, " "1, " "1, " "1, " "1, " "1, " "1, " "1, " "1, " "1, " "1, " "1, " "1, " "1, " "1, " "1, " "1, " "1, " "1, " "1, " "1, " "1, " "1, " "1, " "1, " "1, " "1, " "1, " "1, " "1, " "1, " "1, " "1, " "1, " "1, " "1, " "1, " "1, " "1, " "1, "0
 "Nei464, 0.156, " "-0.522, " "1, " "1, " "1, " "1, " "1, " "1, " "1, " "1, " "1, " "1, " "1, " "1, " "1, " "1, " "1, " "1, " "1, " "1, " "1, " "1, " "1, " "1, " "1, " "1, " "1, " "1, " "1, " "1, " "1, " "1, " "1, " "1, " "1, " "1, " "1, " "1, " "1, " "1, " "1, " "1, " "1, " "1, " "1, " "1, " "1, " "1, " "1, " "1, " "1, " "1, " "1, " "1, " "1, " "1, " "1, " "1, " "1, " "1, " "1, " "1, " "1, " "1, " "1, " "1, " "1, " "1, " "1, " "1, " "1, " "1, " "1, " "1, " "1, " "1, " "1, " "1, " "1, " "1, " "1, " "1, " "1, " "1, " "1, " "1, " "1, " "1, " "1, " "1, " "1, " "1, " "1, " "1, " "1, " "1, " "1, " "1, " "1, " "1, " "1, " "1, " "1, " "1, " "1, " "1, " "1, " "1, " "1, " "1, " "1, " "1, " "1, " "1, " "1, " "1, " "1, " "1, " "1, " "1, " "1, " "1, " "1, " "1, " "1, " "1, " "1, " "1, " "1, " "1, " "1, " "1, " "1, " "1, " "1, " "1, " "1, " "1, " "1, " "1, " "1, " "1, " "1, " "1, " "1, " "1, " "1, " "1, " "1, " "1, " "1, " "1, " "1, " "1, " "1, " "1, " "1, " "1, " "1, " "1, " "1, " "1, " "1, " "1, " "1, " "1, " "1, " "1, " "1, " "1, " "1, " "1, " "1, " "1, " "1, " "1, " "1, " "1, " "1, " "1, " "1, " "1, " "1, " "1, " "1, " "1, " "1, " "1, " "1, " "1, " "1, " "1, " "1, " "1, " "1, " "1, " "1, " "1, " "1, " "1, " "1, " "1, " "1, " "1, " "1, " "1, " "1, " "1, " "1, " "1, " "1, " "1, " "1, " "1, " "1, " "1, " "1, " "1, " "1, " "1, " "1, " "1, " "1, " "1, " "1, " "1, " "1, " "1, " "1, " "1, " "1, " "1, " "1, " "1, " "1, " "1, " "1, " "1, " "1, " "1, " "1, " "1, " "1, " "1, " "1, " "1, " "1, " "1, " "1, " "1, " "1, " "1, " "1, " "1, " "1, " "1, " "1, " "1, " "1, " "1, " "1, " "1, " "1, " "1, " "1, " "1, " "1, " "1, " "1, " "1, " "1, " "1, " "1, " "1, " "1, " "1, " "1, " "1, " "1, " "1, " "1, " "1, " "1, " "1, " "1, " "1, " "1, " "1, " "1, " "1, " "1, " "1, " "1, " "1, " "1, " "1, " "1, " "1, " "1, " "1, " "1, " "1, " "1, " "1, " "1, " "1, " "1, " "1, " "1, " "1, " "1, " "1, " "1, " "1, " "1, " "1, " "1, " "1, " "1, " "1, " "1, " "1, " "1, " "1, " "1, " "1, " "1, " "1, " "1, " "1, " "1, " "1, " "1, " "1, " "1, " "1, " "1, " "1, " "1, " "1, " "1, " "1, " "1, " "1, " "1, " "1, " "1, " "1, " "1, " "1, " "1, " "1, " "1, " "1, " "1, " "1, " "1, " "1, " "1, " "1, " "1, " "1, " "1, " "1, " "1, " "1, " "1, " "1, " "1, " "1, " "1, " "1, " "1, " "1, " "1, " "1, " "1, " "1, " "1, " "1, " "1, " "1, " "1, " "1, " "1, " "1, " "1, " "1, " "1, " "1, " "1, " "1, " "1, " "1, " "1, " "1, " "1, " "1, " "1, " "1, " "1, " "1, " "1, " "1, " "1, " "1, " "1, " "1, " "1, " "1, " "1, " "1, " "1, " "1, " "1, " "1, " "1, " "1, " "1, " "1, " "1, " "1, " "1, " "1, " "1, " "1, " "1, " "1, " "1, " "1, " "1, " "1, " "1, " "1, " "1, " "1, " "1, " "1, " "1, " "1, " "1, " "1, " "1, " "1, " "1, " "1, " "1, " "1, " "1, " "1, " "1, " "1, " "1, " "1, " "1, " "1, " "1, " "1, " "1, " "1, " "1, " "1, " "1, " "1, " "1, " "1, " "0, " "1, " "1, " "1, " "1, " "1, " "1, " "1, " "1, " "1, " "1, " "1, " "1, " "1, " "1, " "1, " "1, " "1, " "1, " "1, " "1, " "1, " "1, " "1, " "1, " "1, " "1, " "1, " "1, " "1, " "1, " "1, " "1, " "1, " "1, " "1, " "1, " "1, " "1, " "1, " "1, " "1, " "1, " "1, " "1, " "1, " "1, " "1, " "1, "0
 "Nei465, 0.366, " "0.229, " "1, " "1, " "1, " "1, " "1, " "1, " "1, " "1, " "1, " "1, " "1, " "1, " "1, " "1, " "1, " "1, " "1, " "1, " "1, " "1, " "1, " "1, " "1, " "1, " "1, " "1, " "1, " "1, " "1, " "1, " "1, " "1, " "1, " "1, " "1, " "1, " "1, " "1, " "1, " "1, " "1, " "1, " "1, " "1, " "1, " "1, " "1, " "1, " "1, " "1, " "1, " "1, " "1, " "1, " "1, " "1, " "1, " "1, " "1, " "1, " "1, " "1, " "1, " "1, " "1, " "1, " "1, " "1, " "1, " "1, " "1, " "1, " "1, " "1, " "1, " "1, " "1, " "1, " "1, " "1, " "1, " "1, " "1, " "1, " "1, " "1, " "1, " "1, " "1, " "1, " "1, " "1, " "1, " "1, " "1, " "1, " "1, " "1, " "1, " "1, " "1, " "1, " "1, " "1, " "1, " "1, " "1, " "1, " "1, " "1, " "1, " "1, " "1, " "1, " "1, " "1, " "1, " "1, " "1, " "1, " "1, " "1, " "1, " "1, " "1, " "1, " "1, " "1, " "1, " "1, " "1, " "1, " "1, " "1, " "1, " "1, " "1, " "1, " "1, " "1, " "1, " "1, " "1, " "1, " "1, " "1, " "1, " "1, " "1, " "1, " "1, " "1, " "1, " "1, " "1, " "1, " "1, " "1, " "1, " "1, " "1, " "1, " "1, " "1, " "1, " "1, " "1, " "1, " "1, " "1, " "1, " "1, " "1, " "1, " "1, " "1, " "1, " "1, " "1, " "1, " "1, " "1, " "1, " "1, " "1, " "1, " "1, " "1, " "1, " "1, " "1, " "1, " "1, " "1, " "1, " "1, " "1, " "1, " "1, " "1, " "1, " "1, " "1, " "1, " "1, " "1, " "1, " "1, " "1, " "1, " "1, " "1, " "1, " "1, " "1, " "1, " "1, " "1, " "1, " "1, " "1, " "1, " "1, " "1, " "1, " "1, " "1, " "1, " "1, " "1, " "1, " "1, " "1, " "1, " "1, " "1, " "1, " "1, " "1, " "1, " "1, " "1, " "1, " "1, " "1, " "1, " "1, " "1, " "1, " "1, " "1, " "1, " "1, " "1, " "1, " "1, " "1, " "1, " "1, " "1, " "1, " "1, " "1, " "1, " "1, " "1, " "1, " "1, " "1, " "1, " "1, " "1, " "1, " "1, " "1, " "1, " "1, " "1, " "1, " "1, " "1, " "1, " "1, " "1, " "1, " "1, " "1, " "1, " "1, " "1, " "1, " "1, " "1, " "1, " "1, " "1, " "1, " "1, " "1, " "1, " "1, " "1, " "1, " "1, " "1, " "1, " "1, " "1, " "1, " "1, " "1, " "1, " "1, " "1, " "1, " "1, " "1, " "1, " "1, " "1, " "1, " "1, " "1, " "1, " "1, " "1, " "1, " "1, " "1, " "1, " "1, " "1, " "1, " "1, " "1, " "1, " "1, " "1, " "1, " "1, " "1, " "1, " "1, " "1, " "1, " "1, " "1, " "1, " "1, " "1, " "1, " "1, " "1, " "1, " "1, " "1, " "1, " "1, " "1, " "1, " "1, " "1, " "1, " "1, " "1, " "1, " "1, " "1, " "1, " "1, " "1, " "1, " "1, " "1, " "1, " "1, " "1, " "1, " "1, " "1, " "1, " "1, " "1, " "1, " "1, " "1, " "1, " "1, " "1, " "1, " "1, " "1, " "1, " "1, " "1, " "1, " "1, " "1, " "1, " "1, " "1, " "1, " "1, " "1, " "1, " "1, " "1, " "1, " "1, " "1, " "1, " "1, " "1, " "1, " "1, " "1, " "1, " "1, " "1, " "1, " "1, " "1, " "1, " "1, " "1, " "1, " "1, " "1, " "1, " "1, " "1, " "1, " "1, " "1, " "1, " "1, " "1, " "1, " "1, " "1, " "1, " "1, " "1, " "1, " "1, " "1, " "1, " "1, " "1, " "1, " "1, " "1, " "1, " "1, " "1, " "1, " "1, " "1, " "1, " "1, " "1, " "1, " "1, " "1, " "1, " "0, " "1, " "1, " "1, " "1, " "1, " "1, " "1, " "1, " "1, " "1, " "1, " "1, " "1, " "1, " "1, " "1, " "1, " "1, " "1, " "1, " "1, " "1, " "1, " "1, " "1, " "1, " "1, " "1, " "1, " "1, " "1, " "1, " "1, " "1, " "1, " "1, " "1, " "1, " "1, " "1, " "1, " "1, " "1, " "1, " "1, " "1, " "1, "0
 "Nei466, 0.283, " "-0.615, " "1, " "1, " "1, " "1, " "1, " "1, " "1, " "1, " "1, " "1, " "1, " "1, " "1, " "1, " "1, " "1, " "1, " "1, " "1, " "1, " "1, " "1, " "1, " "1, " "1, " "1, " "1, " "1, " "1, " "1, " "1, " "1, " "1, " "1, " "1, " "1, " "1, " "1, " "1, " "1, " "1, " "1, " "1, " "1, " "1, " "1, " "1, " "1, " "1, " "1, " "1, " "1, " "1, " "1, " "1, " "1, " "1, " "1, " "1, " "1, " "1, " "1, " "1, " "1, " "1, " "1, " "1, " "1, " "1, " "1, " "1, " "1, " "1, " "1, " "1, " "1, " "1, " "1, " "1, " "1, " "1, " "1, " "1, " "1, " "1, " "1, " "1, " "1, " "1, " "1, " "1, " "1, " "1, " "1, " "1, " "1, " "1, " "1, " "1, " "1, " "1, " "1, " "1, " "1, " "1, " "1, " "1, " "1, " "1, " "1, " "1, " "1, " "1, " "1, " "1, " "1, " "1, " "1, " "1, " "1, " "1, " "1, " "1, " "1, " "1, " "1, " "1, " "1, " "1, " "1, " "1, " "1, " "1, " "1, " "1, " "1, " "1, " "1, " "1, " "1, " "1, " "1, " "1, " "1, " "1, " "1, " "1, " "1, " "1, " "1, " "1, " "1, " "1, " "1, " "1, " "1, " "1, " "1, " "1, " "1, " "1, " "1, " "1, " "1, " "1, " "1, " "1, " "1, " "1, " "1, " "1, " "1, " "1, " "1, " "1, " "1, " "1, " "1, " "1, " "1, " "1, " "1, " "1, " "1, " "1, " "1, " "1, " "1, " "1, " "1, " "1, " "1, " "1, " "1, " "1, " "1, " "1, " "1, " "1, " "1, " "1, " "1, " "1, " "1, " "1, " "1, " "1, " "1, " "1, " "1, " "1, " "1, " "1, " "1, " "1, " "1, " "1, " "1, " "1, " "1, " "1, " "1, " "1, " "1, " "1, " "1, " "1, " "1, " "1, " "1, " "1, " "1, " "1, " "1, " "1, " "1, " "1, " "1, " "1, " "1, " "1, " "1, " "1, " "1, " "1, " "1, " "1, " "1, " "1, " "1, " "1, " "1, " "1, " "1, " "1, " "1, " "1, " "1, " "1, " "1, " "1, " "1, " "1, " "1, " "1, " "1, " "1, " "1, " "1, " "1, " "1, " "1, " "1, " "1, " "1, " "1, " "1, " "1, " "1, " "1, " "1, " "1, " "1, " "1, " "1, " "1, " "1, " "1, " "1, " "1, " "1, " "1, " "1, " "1, " "1, " "1, " "1, " "1, " "1, " "1, " "1, " "1, " "1, " "1, " "1, " "1, " "1, " "1, " "1, " "1, " "1, " "1, " "1, " "1, " "1, " "1, " "1, " "1, " "1, " "1, " "1, " "1, " "1, " "1, " "1, " "1, " "1, " "1, " "1, " "1, " "1, " "1, " "1, " "1, " "1, " "1, " "1, " "1, " "1, " "1, " "1, " "1, " "1, " "1, " "1, " "1, " "1, " "1, " "1, " "1, " "1, " "1, " "1, " "1, " "1, " "1, " "1, " "1, " "1, " "1, " "1, " "1, " "1, " "1, " "1, " "1, " "1, " "1, " "1, " "1, " "1, " "1, " "1, " "1, " "1, " "1, " "1, " "1, " "1, " "1, " "1, " "1, " "1, " "1, " "1, " "1, " "1, " "1, " "1, " "1, " "1, " "1, " "1, " "1, " "1, " "1, " "1, " "1, " "1, " "1, " "1, " "1, " "1, " "1, " "1, " "1, " "1, " "1, " "1, " "1, " "1, " "1, " "1, " "1, " "1, " "1, " "1, " "1, " "1, " "1, " "1, " "1, " "1, " "1, " "1, " "1, " "1, " "1, " "1, " "1, " "1, " "1, " "1, " "1, " "1, " "1, " "1, " "1, " "1, " "1, " "1, " "1, " "1, " "1, " "1, " "1, " "1, " "1, " "1, " "1, " "1, " "1, " "1, " "1, " "1, " "1, " "1, " "1, " "1, " "1, " "1, " "1, " "1, " "1, " "1, " "1, " "0, " "1, " "1, " "1, " "1, " "1, " "1, " "1, " "1, " "1, " "1, " "1, " "1, " "1, " "1, " "1, " "1, " "1, " "1, " "1, " "1, " "1, " "1, " "1, " "1, " "1, " "1, " "1, " "1, " "1, " "1, " "1, " "1, " "1, " "1, " "1, " "1, " "1, " "1, " "1, " "1, " "1, " "1, " "1, " "1, " "1, " "1, "0
 "Nei467, 0.048, " "0.19, " "1, " "1, " "1, " "1, " "1, " "1, " "1, " "1, " "1, " "1, " "1, " "1, " "1, " "1, " "1, " "1, " "1, " "1, " "1, " "1, " "1, " "1, " "1, " "1, " "1, " "1, " "1, " "1, " "1, " "1, " "1, " "1, " "1, " "1, " "1, " "1, " "1, " "1, " "1, " "1, " "1, " "1, " "1, " "1, " "1, " "1, " "1, " "1, " "1, " "1, " "1, " "1, " "1, " "1, " "1, " "1, " "1, " "1, " "1, " "1, " "1, " "1, " "1, " "1, " "1, " "1, " "1, " "1, " "1, " "1, " "1, " "1, " "1, " "1, " "1, " "1, " "1, " "1, " "1, " "1, " "1, " "1, " "1, " "1, " "1, " "1, " "1, " "1, " "1, " "1, " "1, " "1, " "1, " "1, " "1, " "1, " "1, " "1, " "1, " "1, " "1, " "1, " "1, " "1, " "1, " "1, " "1, " "1, " "1, " "1, " "1, " "1, " "1, " "1, " "1, " "1, " "1, " "1, " "1, " "1, " "1, " "1, " "1, " "1, " "1, " "1, " "1, " "1, " "1, " "1, " "1, " "1, " "1, " "1, " "1, " "1, " "1, " "1, " "1, " "1, " "1, " "1, " "1, " "1, " "1, " "1, " "1, " "1, " "1, " "1, " "1, " "1, " "1, " "1, " "1, " "1, " "1, " "1, " "1, " "1, " "1, " "1, " "1, " "1, " "1, " "1, " "1, " "1, " "1, " "1, " "1, " "1, " "1, " "1, " "1, " "1, " "1, " "1, " "1, " "1, " "1, " "1, " "1, " "1, " "1, " "1, " "1, " "1, " "1, " "1, " "1, " "1, " "1, " "1, " "1, " "1, " "1, " "1, " "1, " "1, " "1, " "1, " "1, " "1, " "1, " "1, " "1, " "1, " "1, " "1, " "1, " "1, " "1, " "1, " "1, " "1, " "1, " "1, " "1, " "1, " "1, " "1, " "1, " "1, " "1, " "1, " "1, " "1, " "1, " "1, " "1, " "1, " "1, " "1, " "1, " "1, " "1, " "1, " "1, " "1, " "1, " "1, " "1, " "1, " "1, " "1, " "1, " "1, " "1, " "1, " "1, " "1, " "1, " "1, " "1, " "1, " "1, " "1, " "1, " "1, " "1, " "1, " "1, " "1, " "1, " "1, " "1, " "1, " "1, " "1, " "1, " "1, " "1, " "1, " "1, " "1, " "1, " "1, " "1, " "1, " "1, " "1, " "1, " "1, " "1, " "1, " "1, " "1, " "1, " "1, " "1, " "1, " "1, " "1, " "1, " "1, " "1, " "1, " "1, " "1, " "1, " "1, " "1, " "1, " "1, " "1, " "1, " "1, " "1, " "1, " "1, " "1, " "1, " "1, " "1, " "1, " "1, " "1, " "1, " "1, " "1, " "1, " "1, " "1, " "1, " "1, " "1, " "1, " "1, " "1, " "1, " "1, " "1, " "1, " "1, " "1, " "1, " "1, " "1, " "1, " "1, " "1, " "1, " "1, " "1, " "1, " "1, " "1, " "1, " "1, " "1, " "1, " "1, " "1, " "1, " "1, " "1, " "1, " "1, " "1, " "1, " "1, " "1, " "1, " "1, " "1, " "1, " "1, " "1, " "1, " "1, " "1, " "1, " "1, " "1, " "1, " "1, " "1, " "1, " "1, " "1, " "1, " "1, " "1, " "1, " "1, " "1, " "1, " "1, " "1, " "1, " "1, " "1, " "1, " "1, " "1, " "1, " "1, " "1, " "1, " "1, " "1, " "1, " "1, " "1, " "1, " "1, " "1, " "1, " "1, " "1, " "1, " "1, " "1, " "1, " "1, " "1, " "1, " "1, " "1, " "1, " "1, " "1, " "1, " "1, " "1, " "1, " "1, " "1, " "1, " "1, " "1, " "1, " "1, " "1, " "1, " "1, " "1, " "1, " "1, " "1, " "1, " "1, " "1, " "1, " "1, " "1, " "1, " "1, " "1, " "1, " "1, " "1, " "1, " "1, " "1, " "1, " "1, " "1, " "1, " "1, " "1, " "1, " "1, " "1, " "1, " "1, " "0, " "1, " "1, " "1, " "1, " "1, " "1, " "1, " "1, " "1, " "1, " "1, " "1, " "1, " "1, " "1, " "1, " "1, " "1, " "1, " "1, " "1, " "1, " "1, " "1, " "1, " "1, " "1, " "1, " "1, " "1, " "1, " "1, " "1, " "1, " "1, " "1, " "1, " "1, " "1, " "1, " "1, " "1, " "1, " "1, " "1, "0
 "Nei468, 0.373, " "0.247, " "1, " "1, " "1, " "1, " "1, " "1, " "1, " "1, " "1, " "1, " "1, " "1, " "1, " "1, " "1, " "1, " "1, " "1, " "1, " "1, " "1, " "1, " "1, " "1, " "1, " "1, " "1, " "1, " "1, " "1, " "1, " "1, " "1, " "1, " "1, " "1, " "1, " "1, " "1, " "1, " "1, " "1, " "1, " "1, " "1, " "1, " "1, " "1, " "1, " "1, " "1, " "1, " "1, " "1, " "1, " "1, " "1, " "1, " "1, " "1, " "1, " "1, " "1, " "1, " "1, " "1, " "1, " "1, " "1, " "1, " "1, " "1, " "1, " "1, " "1, " "1, " "1, " "1, " "1, " "1, " "1, " "1, " "1, " "1, " "1, " "1, " "1, " "1, " "1, " "1, " "1, " "1, " "1, " "1, " "1, " "1, " "1, " "1, " "1, " "1, " "1, " "1, " "1, " "1, " "1, " "1, " "1, " "1, " "1, " "1, " "1, " "1, " "1, " "1, " "1, " "1, " "1, " "1, " "1, " "1, " "1, " "1, " "1, " "1, " "1, " "1, " "1, " "1, " "1, " "1, " "1, " "1, " "1, " "1, " "1, " "1, " "1, " "1, " "1, " "1, " "1, " "1, " "1, " "1, " "1, " "1, " "1, " "1, " "1, " "1, " "1, " "1, " "1, " "1, " "1, " "1, " "1, " "1, " "1, " "1, " "1, " "1, " "1, " "1, " "1, " "1, " "1, " "1, " "1, " "1, " "1, " "1, " "1, " "1, " "1, " "1, " "1, " "1, " "1, " "1, " "1, " "1, " "1, " "1, " "1, " "1, " "1, " "1, " "1, " "1, " "1, " "1, " "1, " "1, " "1, " "1, " "1, " "1, " "1, " "1, " "1, " "1, " "1, " "1, " "1, " "1, " "1, " "1, " "1, " "1, " "1, " "1, " "1, " "1, " "1, " "1, " "1, " "1, " "1, " "1, " "1, " "1, " "1, " "1, " "1, " "1, " "1, " "1, " "1, " "1, " "1, " "1, " "1, " "1, " "1, " "1, " "1, " "1, " "1, " "1, " "1, " "1, " "1, " "1, " "1, " "1, " "1, " "1, " "1, " "1, " "1, " "1, " "1, " "1, " "1, " "1, " "1, " "1, " "1, " "1, " "1, " "1, " "1, " "1, " "1, " "1, " "1, " "1, " "1, " "1, " "1, " "1, " "1, " "1, " "1, " "1, " "1, " "1, " "1, " "1, " "1, " "1, " "1, " "1, " "1, " "1, " "1, " "1, " "1, " "1, " "1, " "1, " "1, " "1, " "1, " "1, " "1, " "1, " "1, " "1, " "1, " "1, " "1, " "1, " "1, " "1, " "1, " "1, " "1, " "1, " "1, " "1, " "1, " "1, " "1, " "1, " "1, " "1, " "1, " "1, " "1, " "1, " "1, " "1, " "1, " "1, " "1, " "1, " "1, " "1, " "1, " "1, " "1, " "1, " "1, " "1, " "1, " "1, " "1, " "1, " "1, " "1, " "1, " "1, " "1, " "1, " "1, " "1, " "1, " "1, " "1, " "1, " "1, " "1, " "1, " "1, " "1, " "1, " "1, " "1, " "1, " "1, " "1, " "1, " "1, " "1, " "1, " "1, " "1, " "1, " "1, " "1, " "1, " "1, " "1, " "1, " "1, " "1, " "1, " "1, " "1, " "1, " "1, " "1, " "1, " "1, " "1, " "1, " "1, " "1, " "1, " "1, " "1, " "1, " "1, " "1, " "1, " "1, " "1, " "1, " "1, " "1, " "1, " "1, " "1, " "1, " "1, " "1, " "1, " "1, " "1, " "1, " "1, " "1, " "1, " "1, " "1, " "1, " "1, " "1, " "1, " "1, " "1, " "1, " "1, " "1, " "1, " "1, " "1, " "1, " "1, " "1, " "1, " "1, " "1, " "1, " "1, " "1, " "1, " "1, " "1, " "1, " "1, " "1, " "1, " "1, " "1, " "1, " "1, " "1, " "1, " "1, " "1, " "1, " "1, " "1, " "1, " "1, " "1, " "1, " "1, " "1, " "1, " "1, " "1, " "1, " "1, " "1, " "0, " "1, " "1, " "1, " "1, " "1, " "1, " "1, " "1, " "1, " "1, " "1, " "1, " "1, " "1, " "1, " "1, " "1, " "1, " "1, " "1, " "1, " "1, " "1, " "1, " "1, " "1, " "1, " "1, " "1, " "1, " "1, " "1, " "1, " "1, " "1, " "1, " "1, " "1, " "1, " "1, " "1, " "1, " "1, " "1, "0
 "Nei469, 0.252, " "0.276, " "1, " "1, " "1, " "1, " "1, " "1, " "1, " "1, " "1, " "1, " "1, " "1, " "1, " "1, " "1, " "1, " "1, " "1, " "1, " "1, " "1, " "1, " "1, " "1, " "1, " "1, " "1, " "1, " "1, " "1, " "1, " "1, " "1, " "1, " "1, " "1, " "1, " "1, " "1, " "1, " "1, " "1, " "1, " "1, " "1, " "1, " "1, " "1, " "1, " "1, " "1, " "1, " "1, " "1, " "1, " "1, " "1, " "1, " "1, " "1, " "1, " "1, " "1, " "1, " "1, " "1, " "1, " "1, " "1, " "1, " "1, " "1, " "1, " "1, " "1, " "1, " "1, " "1, " "1, " "1, " "1, " "1, " "1, " "1, " "1, " "1, " "1, " "1, " "1, " "1, " "1, " "1, " "1, " "1, " "1, " "1, " "1, " "1, " "1, " "1, " "1, " "1, " "1, " "1, " "1, " "1, " "1, " "1, " "1, " "1, " "1, " "1, " "1, " "1, " "1, " "1, " "1, " "1, " "1, " "1, " "1, " "1, " "1, " "1, " "1, " "1, " "1, " "1, " "1, " "1, " "1, " "1, " "1, " "1, " "1, " "1, " "1, " "1, " "1, " "1, " "1, " "1, " "1, " "1, " "1, " "1, " "1, " "1, " "1, " "1, " "1, " "1, " "1, " "1, " "1, " "1, " "1, " "1, " "1, " "1, " "1, " "1, " "1, " "1, " "1, " "1, " "1, " "1, " "1, " "1, " "1, " "1, " "1, " "1, " "1, " "1, " "1, " "1, " "1, " "1, " "1, " "1, " "1, " "1, " "1, " "1, " "1, " "1, " "1, " "1, " "1, " "1, " "1, " "1, " "1, " "1, " "1, " "1, " "1, " "1, " "1, " "1, " "1, " "1, " "1, " "1, " "1, " "1, " "1, " "1, " "1, " "1, " "1, " "1, " "1, " "1, " "1, " "1, " "1, " "1, " "1, " "1, " "1, " "1, " "1, " "1, " "1, " "1, " "1, " "1, " "1, " "1, " "1, " "1, " "1, " "1, " "1, " "1, " "1, " "1, " "1, " "1, " "1, " "1, " "1, " "1, " "1, " "1, " "1, " "1, " "1, " "1, " "1, " "1, " "1, " "1, " "1, " "1, " "1, " "1, " "1, " "1, " "1, " "1, " "1, " "1, " "1, " "1, " "1, " "1, " "1, " "1, " "1, " "1, " "1, " "1, " "1, " "1, " "1, " "1, " "1, " "1, " "1, " "1, " "1, " "1, " "1, " "1, " "1, " "1, " "1, " "1, " "1, " "1, " "1, " "1, " "1, " "1, " "1, " "1, " "1, " "1, " "1, " "1, " "1, " "1, " "1, " "1, " "1, " "1, " "1, " "1, " "1, " "1, " "1, " "1, " "1, " "1, " "1, " "1, " "1, " "1, " "1, " "1, " "1, " "1, " "1, " "1, " "1, " "1, " "1, " "1, " "1, " "1, " "1, " "1, " "1, " "1, " "1, " "1, " "1, " "1, " "1, " "1, " "1, " "1, " "1, " "1, " "1, " "1, " "1, " "1, " "1, " "1, " "1, " "1, " "1, " "1, " "1, " "1, " "1, " "1, " "1, " "1, " "1, " "1, " "1, " "1, " "1, " "1, " "1, " "1, " "1, " "1, " "1, " "1, " "1, " "1, " "1, " "1, " "1, " "1, " "1, " "1, " "1, " "1, " "1, " "1, " "1, " "1, " "1, " "1, " "1, " "1, " "1, " "1, " "1, " "1, " "1, " "1, " "1, " "1, " "1, " "1, " "1, " "1, " "1, " "1, " "1, " "1, " "1, " "1, " "1, " "1, " "1, " "1, " "1, " "1, " "1, " "1, " "1, " "1, " "1, " "1, " "1, " "1, " "1, " "1, " "1, " "1, " "1, " "1, " "1, " "1, " "1, " "1, " "1, " "1, " "1, " "1, " "1, " "1, " "1, " "1, " "1, " "1, " "1, " "1, " "1, " "1, " "1, " "1, " "1, " "1, " "1, " "1, " "1, " "1, " "1, " "1, " "1, " "1, " "1, " "1, " "1, " "1, " "1, " "1, " "1, " "0, " "1, " "1, " "1, " "1, " "1, " "1, " "1, " "1, " "1, " "1, " "1, " "1, " "1, " "1, " "1, " "1, " "1, " "1, " "1, " "1, " "1, " "1, " "1, " "1, " "1, " "1, " "1, " "1, " "1, " "1, " "1, " "1, " "1, " "1, " "1, " "1, " "1, " "1, " "1, " "1, " "1, " "1, " "1, "0
 "Nei470, 0.036, " "-0.978, " "1, " "1, " "1, " "1, " "1, " "1, " "1, " "1, " "1, " "1, " "1, " "1, " "1, " "1, " "1, " "1, " "1, " "1, " "1, " "1, " "1, " "1, " "1, " "1, " "1, " "1, " "1, " "1, " "1, " "1, " "1, " "1, " "1, " "1, " "1, " "1, " "1, " "1, " "1, " "1, " "1, " "1, " "1, " "1, " "1, " "1, " "1, " "1, " "1, " "1, " "1, " "1, " "1, " "1, " "1, " "1, " "1, " "1, " "1, " "1, " "1, " "1, " "1, " "1, " "1, " "1, " "1, " "1, " "1, " "1, " "1, " "1, " "1, " "1, " "1, " "1, " "1, " "1, " "1, " "1, " "1, " "1, " "1, " "1, " "1, " "1, " "1, " "1, " "1, " "1, " "1, " "1, " "1, " "1, " "1, " "1, " "1, " "1, " "1, " "1, " "1, " "1, " "1, " "1, " "1, " "1, " "1, " "1, " "1, " "1, " "1, " "1, " "1, " "1, " "1, " "1, " "1, " "1, " "1, " "1, " "1, " "1, " "1, " "1, " "1, " "1, " "1, " "1, " "1, " "1, " "1, " "1, " "1, " "1, " "1, " "1, " "1, " "1, " "1, " "1, " "1, " "1, " "1, " "1, " "1, " "1, " "1, " "1, " "1, " "1, " "1, " "1, " "1, " "1, " "1, " "1, " "1, " "1, " "1, " "1, " "1, " "1, " "1, " "1, " "1, " "1, " "1, " "1, " "1, " "1, " "1, " "1, " "1, " "1, " "1, " "1, " "1, " "1, " "1, " "1, " "1, " "1, " "1, " "1, " "1, " "1, " "1, " "1, " "1, " "1, " "1, " "1, " "1, " "1, " "1, " "1, " "1, " "1, " "1, " "1, " "1, " "1, " "1, " "1, " "1, " "1, " "1, " "1, " "1, " "1, " "1, " "1, " "1, " "1, " "1, " "1, " "1, " "1, " "1, " "1, " "1, " "1, " "1, " "1, " "1, " "1, " "1, " "1, " "1, " "1, " "1, " "1, " "1, " "1, " "1, " "1, " "1, " "1, " "1, " "1, " "1, " "1, " "1, " "1, " "1, " "1, " "1, " "1, " "1, " "1, " "1, " "1, " "1, " "1, " "1, " "1, " "1, " "1, " "1, " "1, " "1, " "1, " "1, " "1, " "1, " "1, " "1, " "1, " "1, " "1, " "1, " "1, " "1, " "1, " "1, " "1, " "1, " "1, " "1, " "1, " "1, " "1, " "1, " "1, " "1, " "1, " "1, " "1, " "1, " "1, " "1, " "1, " "1, " "1, " "1, " "1, " "1, " "1, " "1, " "1, " "1, " "1, " "1, " "1, " "1, " "1, " "1, " "1, " "1, " "1, " "1, " "1, " "1, " "1, " "1, " "1, " "1, " "1, " "1, " "1, " "1, " "1, " "1, " "1, " "1, " "1, " "1, " "1, " "1, " "1, " "1, " "1, " "1, " "1, " "1, " "1, " "1, " "1, " "1, " "1, " "1, " "1, " "1, " "1, " "1, " "1, " "1, " "1, " "1, " "1, " "1, " "1, " "1, " "1, " "1, " "1, " "1, " "1, " "1, " "1, " "1, " "1, " "1, " "1, " "1, " "1, " "1, " "1, " "1, " "1, " "1, " "1, " "1, " "1, " "1, " "1, " "1, " "1, " "1, " "1, " "1, " "1, " "1, " "1, " "1, " "1, " "1, " "1, " "1, " "1, " "1, " "1, " "1, " "1, " "1, " "1, " "1, " "1, " "1, " "1, " "1, " "1, " "1, " "1, " "1, " "1, " "1, " "1, " "1, " "1, " "1, " "1, " "1, " "1, " "1, " "1, " "1, " "1, " "1, " "1, " "1, " "1, " "1, " "1, " "1, " "1, " "1, " "1, " "1, " "1, " "1, " "1, " "1, " "1, " "1, " "1, " "1, " "1, " "1, " "1, " "1, " "1, " "1, " "1, " "1, " "1, " "1, " "1, " "1, " "1, " "1, " "1, " "1, " "1, " "1, " "1, " "1, " "1, " "1, " "1, " "1, " "1, " "1, " "1, " "1, " "1, " "1, " "1, " "1, " "1, " "0, " "1, " "1, " "1, " "1, " "1, " "1, " "1, " "1, " "1, " "1, " "1, " "1, " "1, " "1, " "1, " "1, " "1, " "1, " "1, " "1, " "1, " "1, " "1, " "1, " "1, " "1, " "1, " "1, " "1, " "1, " "1, " "1, " "1, " "1, " "1, " "1, " "1, " "1, " "1, " "1, " "1, " "1, "0
 "Nei471, 0.093, " "0.038, " "1, " "1, " "1, " "1, " "1, " "1, " "1, " "1, " "1, " "1, " "1, " "1, " "1, " "1, " "1, " "1, " "1, " "1, " "1, " "1, " "1, " "1, " "1, " "1, " "1, " "1, " "1, " "1, " "1, " "1, " "1, " "1, " "1, " "1, " "1, " "1, " "1, " "1, " "1, " "1, " "1, " "1, " "1, " "1, " "1, " "1, " "1, " "1, " "1, " "1, " "1, " "1, " "1, " "1, " "1, " "1, " "1, " "1, " "1, " "1, " "1, " "1, " "1, " "1, " "1, " "1, " "1, " "1, " "1, " "1, " "1, " "1, " "1, " "1, " "1, " "1, " "1, " "1, " "1, " "1, " "1, " "1, " "1, " "1, " "1, " "1, " "1, " "1, " "1, " "1, " "1, " "1, " "1, " "1, " "1, " "1, " "1, " "1, " "1, " "1, " "1, " "1, " "1, " "1, " "1, " "1, " "1, " "1, " "1, " "1, " "1, " "1, " "1, " "1, " "1, " "1, " "1, " "1, " "1, " "1, " "1, " "1, " "1, " "1, " "1, " "1, " "1, " "1, " "1, " "1, " "1, " "1, " "1, " "1, " "1, " "1, " "1, " "1, " "1, " "1, " "1, " "1, " "1, " "1, " "1, " "1, " "1, " "1, " "1, " "1, " "1, " "1, " "1, " "1, " "1, " "1, " "1, " "1, " "1, " "1, " "1, " "1, " "1, " "1, " "1, " "1, " "1, " "1, " "1, " "1, " "1, " "1, " "1, " "1, " "1, " "1, " "1, " "1, " "1, " "1, " "1, " "1, " "1, " "1, " "1, " "1, " "1, " "1, " "1, " "1, " "1, " "1, " "1, " "1, " "1, " "1, " "1, " "1, " "1, " "1, " "1, " "1, " "1, " "1, " "1, " "1, " "1, " "1, " "1, " "1, " "1, " "1, " "1, " "1, " "1, " "1, " "1, " "1, " "1, " "1, " "1, " "1, " "1, " "1, " "1, " "1, " "1, " "1, " "1, " "1, " "1, " "1, " "1, " "1, " "1, " "1, " "1, " "1, " "1, " "1, " "1, " "1, " "1, " "1, " "1, " "1, " "1, " "1, " "1, " "1, " "1, " "1, " "1, " "1, " "1, " "1, " "1, " "1, " "1, " "1, " "1, " "1, " "1, " "1, " "1, " "1, " "1, " "1, " "1, " "1, " "1, " "1, " "1, " "1, " "1, " "1, " "1, " "1, " "1, " "1, " "1, " "1, " "1, " "1, " "1, " "1, " "1, " "1, " "1, " "1, " "1, " "1, " "1, " "1, " "1, " "1, " "1, " "1, " "1, " "1, " "1, " "1, " "1, " "1, " "1, " "1, " "1, " "1, " "1, " "1, " "1, " "1, " "1, " "1, " "1, " "1, " "1, " "1, " "1, " "1, " "1, " "1, " "1, " "1, " "1, " "1, " "1, " "1, " "1, " "1, " "1, " "1, " "1, " "1, " "1, " "1, " "1, " "1, " "1, " "1, " "1, " "1, " "1, " "1, " "1, " "1, " "1, " "1, " "1, " "1, " "1, " "1, " "1, " "1, " "1, " "1, " "1, " "1, " "1, " "1, " "1, " "1, " "1, " "1, " "1, " "1, " "1, " "1, " "1, " "1, " "1, " "1, " "1, " "1, " "1, " "1, " "1, " "1, " "1, " "1, " "1, " "1, " "1, " "1, " "1, " "1, " "1, " "1, " "1, " "1, " "1, " "1, " "1, " "1, " "1, " "1, " "1, " "1, " "1, " "1, " "1, " "1, " "1, " "1, " "1, " "1, " "1, " "1, " "1, " "1, " "1, " "1, " "1, " "1, " "1, " "1, " "1, " "1, " "1, " "1, " "1, " "1, " "1, " "1, " "1, " "1, " "1, " "1, " "1, " "1, " "1, " "1, " "1, " "1, " "1, " "1, " "1, " "1, " "1, " "1, " "1, " "1, " "1, " "1, " "1, " "1, " "1, " "1, " "1, " "1, " "1, " "1, " "1, " "1, " "1, " "1, " "1, " "1, " "1, " "1, " "1, " "1, " "1, " "1, " "1, " "1, " "1, " "1, " "1, " "1, " "1, " "0, " "1, " "1, " "1, " "1, " "1, " "1, " "1, " "1, " "1, " "1, " "1, " "1, " "1, " "1, " "1, " "1, " "1, " "1, " "1, " "1, " "1, " "1, " "1, " "1, " "1, " "1, " "1, " "1, " "1, " "1, " "1, " "1, " "1, " "1, " "1, " "1, " "1, " "1, " "1, " "1, " "1, "0
 "Nei472, 0.248, " "-0.783, " "1, " "1, " "1, " "1, " "1, " "1, " "1, " "1, " "1, " "1, " "1, " "1, " "1, " "1, " "1, " "1, " "1, " "1, " "1, " "1, " "1, " "1, " "1, " "1, " "1, " "1, " "1, " "1, " "1, " "1, " "1, " "1, " "1, " "1, " "1, " "1, " "1, " "1, " "1, " "1, " "1, " "1, " "1, " "1, " "1, " "1, " "1, " "1, " "1, " "1, " "1, " "1, " "1, " "1, " "1, " "1, " "1, " "1, " "1, " "1, " "1, " "1, " "1, " "1, " "1, " "1, " "1, " "1, " "1, " "1, " "1, " "1, " "1, " "1, " "1, " "1, " "1, " "1, " "1, " "1, " "1, " "1, " "1, " "1, " "1, " "1, " "1, " "1, " "1, " "1, " "1, " "1, " "1, " "1, " "1, " "1, " "1, " "1, " "1, " "1, " "1, " "1, " "1, " "1, " "1, " "1, " "1, " "1, " "1, " "1, " "1, " "1, " "1, " "1, " "1, " "1, " "1, " "1, " "1, " "1, " "1, " "1, " "1, " "1, " "1, " "1, " "1, " "1, " "1, " "1, " "1, " "1, " "1, " "1, " "1, " "1, " "1, " "1, " "1, " "1, " "1, " "1, " "1, " "1, " "1, " "1, " "1, " "1, " "1, " "1, " "1, " "1, " "1, " "1, " "1, " "1, " "1, " "1, " "1, " "1, " "1, " "1, " "1, " "1, " "1, " "1, " "1, " "1, " "1, " "1, " "1, " "1, " "1, " "1, " "1, " "1, " "1, " "1, " "1, " "1, " "1, " "1, " "1, " "1, " "1, " "1, " "1, " "1, " "1, " "1, " "1, " "1, " "1, " "1, " "1, " "1, " "1, " "1, " "1, " "1, " "1, " "1, " "1, " "1, " "1, " "1, " "1, " "1, " "1, " "1, " "1, " "1, " "1, " "1, " "1, " "1, " "1, " "1, " "1, " "1, " "1, " "1, " "1, " "1, " "1, " "1, " "1, " "1, " "1, " "1, " "1, " "1, " "1, " "1, " "1, " "1, " "1, " "1, " "1, " "1, " "1, " "1, " "1, " "1, " "1, " "1, " "1, " "1, " "1, " "1, " "1, " "1, " "1, " "1, " "1, " "1, " "1, " "1, " "1, " "1, " "1, " "1, " "1, " "1, " "1, " "1, " "1, " "1, " "1, " "1, " "1, " "1, " "1, " "1, " "1, " "1, " "1, " "1, " "1, " "1, " "1, " "1, " "1, " "1, " "1, " "1, " "1, " "1, " "1, " "1, " "1, " "1, " "1, " "1, " "1, " "1, " "1, " "1, " "1, " "1, " "1, " "1, " "1, " "1, " "1, " "1, " "1, " "1, " "1, " "1, " "1, " "1, " "1, " "1, " "1, " "1, " "1, " "1, " "1, " "1, " "1, " "1, " "1, " "1, " "1, " "1, " "1, " "1, " "1, " "1, " "1, " "1, " "1, " "1, " "1, " "1, " "1, " "1, " "1, " "1, " "1, " "1, " "1, " "1, " "1, " "1, " "1, " "1, " "1, " "1, " "1, " "1, " "1, " "1, " "1, " "1, " "1, " "1, " "1, " "1, " "1, " "1, " "1, " "1, " "1, " "1, " "1, " "1, " "1, " "1, " "1, " "1, " "1, " "1, " "1, " "1, " "1, " "1, " "1, " "1, " "1, " "1, " "1, " "1, " "1, " "1, " "1, " "1, " "1, " "1, " "1, " "1, " "1, " "1, " "1, " "1, " "1, " "1, " "1, " "1, " "1, " "1, " "1, " "1, " "1, " "1, " "1, " "1, " "1, " "1, " "1, " "1, " "1, " "1, " "1, " "1, " "1, " "1, " "1, " "1, " "1, " "1, " "1, " "1, " "1, " "1, " "1, " "1, " "1, " "1, " "1, " "1, " "1, " "1, " "1, " "1, " "1, " "1, " "1, " "1, " "1, " "1, " "1, " "1, " "1, " "1, " "1, " "1, " "1, " "1, " "1, " "1, " "1, " "1, " "1, " "1, " "1, " "1, " "1, " "1, " "1, " "1, " "1, " "1, " "1, " "1, " "1, " "1, " "1, " "1, " "1, " "1, " "0, " "1, " "1, " "1, " "1, " "1, " "1, " "1, " "1, " "1, " "1, " "1, " "1, " "1, " "1, " "1, " "1, " "1, " "1, " "1, " "1, " "1, " "1, " "1, " "1, " "1, " "1, " "1, " "1, " "1, " "1, " "1, " "1, " "1, " "1, " "1, " "1, " "1, " "1, " "1, " "1, "0
 "Nei473, 0.084, " "-0.504, " "1, " "1, " "1, " "1, " "1, " "1, " "1, " "1, " "1, " "1, " "1, " "1, " "1, " "1, " "1, " "1, " "1, " "1, " "1, " "1, " "1, " "1, " "1, " "1, " "1, " "1, " "1, " "1, " "1, " "1, " "1, " "1, " "1, " "1, " "1, " "1, " "1, " "1, " "1, " "1, " "1, " "1, " "1, " "1, " "1, " "1, " "1, " "1, " "1, " "1, " "1, " "1, " "1, " "1, " "1, " "1, " "1, " "1, " "1, " "1, " "1, " "1, " "1, " "1, " "1, " "1, " "1, " "1, " "1, " "1, " "1, " "1, " "1, " "1, " "1, " "1, " "1, " "1, " "1, " "1, " "1, " "1, " "1, " "1, " "1, " "1, " "1, " "1, " "1, " "1, " "1, " "1, " "1, " "1, " "1, " "1, " "1, " "1, " "1, " "1, " "1, " "1, " "1, " "1, " "1, " "1, " "1, " "1, " "1, " "1, " "1, " "1, " "1, " "1, " "1, " "1, " "1, " "1, " "1, " "1, " "1, " "1, " "1, " "1, " "1, " "1, " "1, " "1, " "1, " "1, " "1, " "1, " "1, " "1, " "1, " "1, " "1, " "1, " "1, " "1, " "1, " "1, " "1, " "1, " "1, " "1, " "1, " "1, " "1, " "1, " "1, " "1, " "1, " "1, " "1, " "1, " "1, " "1, " "1, " "1, " "1, " "1, " "1, " "1, " "1, " "1, " "1, " "1, " "1, " "1, " "1, " "1, " "1, " "1, " "1, " "1, " "1, " "1, " "1, " "1, " "1, " "1, " "1, " "1, " "1, " "1, " "1, " "1, " "1, " "1, " "1, " "1, " "1, " "1, " "1, " "1, " "1, " "1, " "1, " "1, " "1, " "1, " "1, " "1, " "1, " "1, " "1, " "1, " "1, " "1, " "1, " "1, " "1, " "1, " "1, " "1, " "1, " "1, " "1, " "1, " "1, " "1, " "1, " "1, " "1, " "1, " "1, " "1, " "1, " "1, " "1, " "1, " "1, " "1, " "1, " "1, " "1, " "1, " "1, " "1, " "1, " "1, " "1, " "1, " "1, " "1, " "1, " "1, " "1, " "1, " "1, " "1, " "1, " "1, " "1, " "1, " "1, " "1, " "1, " "1, " "1, " "1, " "1, " "1, " "1, " "1, " "1, " "1, " "1, " "1, " "1, " "1, " "1, " "1, " "1, " "1, " "1, " "1, " "1, " "1, " "1, " "1, " "1, " "1, " "1, " "1, " "1, " "1, " "1, " "1, " "1, " "1, " "1, " "1, " "1, " "1, " "1, " "1, " "1, " "1, " "1, " "1, " "1, " "1, " "1, " "1, " "1, " "1, " "1, " "1, " "1, " "1, " "1, " "1, " "1, " "1, " "1, " "1, " "1, " "1, " "1, " "1, " "1, " "1, " "1, " "1, " "1, " "1, " "1, " "1, " "1, " "1, " "1, " "1, " "1, " "1, " "1, " "1, " "1, " "1, " "1, " "1, " "1, " "1, " "1, " "1, " "1, " "1, " "1, " "1, " "1, " "1, " "1, " "1, " "1, " "1, " "1, " "1, " "1, " "1, " "1, " "1, " "1, " "1, " "1, " "1, " "1, " "1, " "1, " "1, " "1, " "1, " "1, " "1, " "1, " "1, " "1, " "1, " "1, " "1, " "1, " "1, " "1, " "1, " "1, " "1, " "1, " "1, " "1, " "1, " "1, " "1, " "1, " "1, " "1, " "1, " "1, " "1, " "1, " "1, " "1, " "1, " "1, " "1, " "1, " "1, " "1, " "1, " "1, " "1, " "1, " "1, " "1, " "1, " "1, " "1, " "1, " "1, " "1, " "1, " "1, " "1, " "1, " "1, " "1, " "1, " "1, " "1, " "1, " "1, " "1, " "1, " "1, " "1, " "1, " "1, " "1, " "1, " "1, " "1, " "1, " "1, " "1, " "1, " "1, " "1, " "1, " "1, " "1, " "1, " "1, " "1, " "1, " "1, " "1, " "1, " "1, " "1, " "1, " "1, " "1, " "1, " "1, " "1, " "1, " "1, " "1, " "1, " "1, " "1, " "1, " "1, " "1, " "0, " "1, " "1, " "1, " "1, " "1, " "1, " "1, " "1, " "1, " "1, " "1, " "1, " "1, " "1, " "1, " "1, " "1, " "1, " "1, " "1, " "1, " "1, " "1, " "1, " "1, " "1, " "1, " "1, " "1, " "1, " "1, " "1, " "1, " "1, " "1, " "1, " "1, " "1, " "1, "0
 "Nei474, 0.096, " "0.378, " "1, " "1, " "1, " "1, " "1, " "1, " "1, " "1, " "1, " "1, " "1, " "1, " "1, " "1, " "1, " "1, " "1, " "1, " "1, " "1, " "1, " "1, " "1, " "1, " "1, " "1, " "1, " "1, " "1, " "1, " "1, " "1, " "1, " "1, " "1, " "1, " "1, " "1, " "1, " "1, " "1, " "1, " "1, " "1, " "1, " "1, " "1, " "1, " "1, " "1, " "1, " "1, " "1, " "1, " "1, " "1, " "1, " "1, " "1, " "1, " "1, " "1, " "1, " "1, " "1, " "1, " "1, " "1, " "1, " "1, " "1, " "1, " "1, " "1, " "1, " "1, " "1, " "1, " "1, " "1, " "1, " "1, " "1, " "1, " "1, " "1, " "1, " "1, " "1, " "1, " "1, " "1, " "1, " "1, " "1, " "1, " "1, " "1, " "1, " "1, " "1, " "1, " "1, " "1, " "1, " "1, " "1, " "1, " "1, " "1, " "1, " "1, " "1, " "1, " "1, " "1, " "1, " "1, " "1, " "1, " "1, " "1, " "1, " "1, " "1, " "1, " "1, " "1, " "1, " "1, " "1, " "1, " "1, " "1, " "1, " "1, " "1, " "1, " "1, " "1, " "1, " "1, " "1, " "1, " "1, " "1, " "1, " "1, " "1, " "1, " "1, " "1, " "1, " "1, " "1, " "1, " "1, " "1, " "1, " "1, " "1, " "1, " "1, " "1, " "1, " "1, " "1, " "1, " "1, " "1, " "1, " "1, " "1, " "1, " "1, " "1, " "1, " "1, " "1, " "1, " "1, " "1, " "1, " "1, " "1, " "1, " "1, " "1, " "1, " "1, " "1, " "1, " "1, " "1, " "1, " "1, " "1, " "1, " "1, " "1, " "1, " "1, " "1, " "1, " "1, " "1, " "1, " "1, " "1, " "1, " "1, " "1, " "1, " "1, " "1, " "1, " "1, " "1, " "1, " "1, " "1, " "1, " "1, " "1, " "1, " "1, " "1, " "1, " "1, " "1, " "1, " "1, " "1, " "1, " "1, " "1, " "1, " "1, " "1, " "1, " "1, " "1, " "1, " "1, " "1, " "1, " "1, " "1, " "1, " "1, " "1, " "1, " "1, " "1, " "1, " "1, " "1, " "1, " "1, " "1, " "1, " "1, " "1, " "1, " "1, " "1, " "1, " "1, " "1, " "1, " "1, " "1, " "1, " "1, " "1, " "1, " "1, " "1, " "1, " "1, " "1, " "1, " "1, " "1, " "1, " "1, " "1, " "1, " "1, " "1, " "1, " "1, " "1, " "1, " "1, " "1, " "1, " "1, " "1, " "1, " "1, " "1, " "1, " "1, " "1, " "1, " "1, " "1, " "1, " "1, " "1, " "1, " "1, " "1, " "1, " "1, " "1, " "1, " "1, " "1, " "1, " "1, " "1, " "1, " "1, " "1, " "1, " "1, " "1, " "1, " "1, " "1, " "1, " "1, " "1, " "1, " "1, " "1, " "1, " "1, " "1, " "1, " "1, " "1, " "1, " "1, " "1, " "1, " "1, " "1, " "1, " "1, " "1, " "1, " "1, " "1, " "1, " "1, " "1, " "1, " "1, " "1, " "1, " "1, " "1, " "1, " "1, " "1, " "1, " "1, " "1, " "1, " "1, " "1, " "1, " "1, " "1, " "1, " "1, " "1, " "1, " "1, " "1, " "1, " "1, " "1, " "1, " "1, " "1, " "1, " "1, " "1, " "1, " "1, " "1, " "1, " "1, " "1, " "1, " "1, " "1, " "1, " "1, " "1, " "1, " "1, " "1, " "1, " "1, " "1, " "1, " "1, " "1, " "1, " "1, " "1, " "1, " "1, " "1, " "1, " "1, " "1, " "1, " "1, " "1, " "1, " "1, " "1, " "1, " "1, " "1, " "1, " "1, " "1, " "1, " "1, " "1, " "1, " "1, " "1, " "1, " "1, " "1, " "1, " "1, " "1, " "1, " "1, " "1, " "1, " "1, " "1, " "1, " "1, " "1, " "1, " "1, " "1, " "1, " "1, " "1, " "1, " "1, " "1, " "1, " "1, " "1, " "1, " "1, " "1, " "1, " "1, " "1, " "1, " "0, " "1, " "1, " "1, " "1, " "1, " "1, " "1, " "1, " "1, " "1, " "1, " "1, " "1, " "1, " "1, " "1, " "1, " "1, " "1, " "1, " "1, " "1, " "1, " "1, " "1, " "1, " "1, " "1, " "1, " "1, " "1, " "1, " "1, " "1, " "1, " "1, " "1, " "1, "0
 "Nei475, 0.071, " "-0.786, " "1, " "1, " "1, " "1, " "1, " "1, " "1, " "1, " "1, " "1, " "1, " "1, " "1, " "1, " "1, " "1, " "1, " "1, " "1, " "1, " "1, " "1, " "1, " "1, " "1, " "1, " "1, " "1, " "1, " "1, " "1, " "1, " "1, " "1, " "1, " "1, " "1, " "1, " "1, " "1, " "1, " "1, " "1, " "1, " "1, " "1, " "1, " "1, " "1, " "1, " "1, " "1, " "1, " "1, " "1, " "1, " "1, " "1, " "1, " "1, " "1, " "1, " "1, " "1, " "1, " "1, " "1, " "1, " "1, " "1, " "1, " "1, " "1, " "1, " "1, " "1, " "1, " "1, " "1, " "1, " "1, " "1, " "1, " "1, " "1, " "1, " "1, " "1, " "1, " "1, " "1, " "1, " "1, " "1, " "1, " "1, " "1, " "1, " "1, " "1, " "1, " "1, " "1, " "1, " "1, " "1, " "1, " "1, " "1, " "1, " "1, " "1, " "1, " "1, " "1, " "1, " "1, " "1, " "1, " "1, " "1, " "1, " "1, " "1, " "1, " "1, " "1, " "1, " "1, " "1, " "1, " "1, " "1, " "1, " "1, " "1, " "1, " "1, " "1, " "1, " "1, " "1, " "1, " "1, " "1, " "1, " "1, " "1, " "1, " "1, " "1, " "1, " "1, " "1, " "1, " "1, " "1, " "1, " "1, " "1, " "1, " "1, " "1, " "1, " "1, " "1, " "1, " "1, " "1, " "1, " "1, " "1, " "1, " "1, " "1, " "1, " "1, " "1, " "1, " "1, " "1, " "1, " "1, " "1, " "1, " "1, " "1, " "1, " "1, " "1, " "1, " "1, " "1, " "1, " "1, " "1, " "1, " "1, " "1, " "1, " "1, " "1, " "1, " "1, " "1, " "1, " "1, " "1, " "1, " "1, " "1, " "1, " "1, " "1, " "1, " "1, " "1, " "1, " "1, " "1, " "1, " "1, " "1, " "1, " "1, " "1, " "1, " "1, " "1, " "1, " "1, " "1, " "1, " "1, " "1, " "1, " "1, " "1, " "1, " "1, " "1, " "1, " "1, " "1, " "1, " "1, " "1, " "1, " "1, " "1, " "1, " "1, " "1, " "1, " "1, " "1, " "1, " "1, " "1, " "1, " "1, " "1, " "1, " "1, " "1, " "1, " "1, " "1, " "1, " "1, " "1, " "1, " "1, " "1, " "1, " "1, " "1, " "1, " "1, " "1, " "1, " "1, " "1, " "1, " "1, " "1, " "1, " "1, " "1, " "1, " "1, " "1, " "1, " "1, " "1, " "1, " "1, " "1, " "1, " "1, " "1, " "1, " "1, " "1, " "1, " "1, " "1, " "1, " "1, " "1, " "1, " "1, " "1, " "1, " "1, " "1, " "1, " "1, " "1, " "1, " "1, " "1, " "1, " "1, " "1, " "1, " "1, " "1, " "1, " "1, " "1, " "1, " "1, " "1, " "1, " "1, " "1, " "1, " "1, " "1, " "1, " "1, " "1, " "1, " "1, " "1, " "1, " "1, " "1, " "1, " "1, " "1, " "1, " "1, " "1, " "1, " "1, " "1, " "1, " "1, " "1, " "1, " "1, " "1, " "1, " "1, " "1, " "1, " "1, " "1, " "1, " "1, " "1, " "1, " "1, " "1, " "1, " "1, " "1, " "1, " "1, " "1, " "1, " "1, " "1, " "1, " "1, " "1, " "1, " "1, " "1, " "1, " "1, " "1, " "1, " "1, " "1, " "1, " "1, " "1, " "1, " "1, " "1, " "1, " "1, " "1, " "1, " "1, " "1, " "1, " "1, " "1, " "1, " "1, " "1, " "1, " "1, " "1, " "1, " "1, " "1, " "1, " "1, " "1, " "1, " "1, " "1, " "1, " "1, " "1, " "1, " "1, " "1, " "1, " "1, " "1, " "1, " "1, " "1, " "1, " "1, " "1, " "1, " "1, " "1, " "1, " "1, " "1, " "1, " "1, " "1, " "1, " "1, " "1, " "1, " "1, " "1, " "1, " "1, " "1, " "1, " "1, " "1, " "1, " "1, " "1, " "1, " "1, " "1, " "1, " "1, " "1, " "1, " "1, " "1, " "0, " "1, " "1, " "1, " "1, " "1, " "1, " "1, " "1, " "1, " "1, " "1, " "1, " "1, " "1, " "1, " "1, " "1, " "1, " "1, " "1, " "1, " "1, " "1, " "1, " "1, " "1, " "1, " "1, " "1, " "1, " "1, " "1, " "1, " "1, " "1, " "1, " "1, "0
 "Nei476, 0.289, " "-0.471, " "1, " "1, " "1, " "1, " "1, " "1, " "1, " "1, " "1, " "1, " "1, " "1, " "1, " "1, " "1, " "1, " "1, " "1, " "1, " "1, " "1, " "1, " "1, " "1, " "1, " "1, " "1, " "1, " "1, " "1, " "1, " "1, " "1, " "1, " "1, " "1, " "1, " "1, " "1, " "1, " "1, " "1, " "1, " "1, " "1, " "1, " "1, " "1, " "1, " "1, " "1, " "1, " "1, " "1, " "1, " "1, " "1, " "1, " "1, " "1, " "1, " "1, " "1, " "1, " "1, " "1, " "1, " "1, " "1, " "1, " "1, " "1, " "1, " "1, " "1, " "1, " "1, " "1, " "1, " "1, " "1, " "1, " "1, " "1, " "1, " "1, " "1, " "1, " "1, " "1, " "1, " "1, " "1, " "1, " "1, " "1, " "1, " "1, " "1, " "1, " "1, " "1, " "1, " "1, " "1, " "1, " "1, " "1, " "1, " "1, " "1, " "1, " "1, " "1, " "1, " "1, " "1, " "1, " "1, " "1, " "1, " "1, " "1, " "1, " "1, " "1, " "1, " "1, " "1, " "1, " "1, " "1, " "1, " "1, " "1, " "1, " "1, " "1, " "1, " "1, " "1, " "1, " "1, " "1, " "1, " "1, " "1, " "1, " "1, " "1, " "1, " "1, " "1, " "1, " "1, " "1, " "1, " "1, " "1, " "1, " "1, " "1, " "1, " "1, " "1, " "1, " "1, " "1, " "1, " "1, " "1, " "1, " "1, " "1, " "1, " "1, " "1, " "1, " "1, " "1, " "1, " "1, " "1, " "1, " "1, " "1, " "1, " "1, " "1, " "1, " "1, " "1, " "1, " "1, " "1, " "1, " "1, " "1, " "1, " "1, " "1, " "1, " "1, " "1, " "1, " "1, " "1, " "1, " "1, " "1, " "1, " "1, " "1, " "1, " "1, " "1, " "1, " "1, " "1, " "1, " "1, " "1, " "1, " "1, " "1, " "1, " "1, " "1, " "1, " "1, " "1, " "1, " "1, " "1, " "1, " "1, " "1, " "1, " "1, " "1, " "1, " "1, " "1, " "1, " "1, " "1, " "1, " "1, " "1, " "1, " "1, " "1, " "1, " "1, " "1, " "1, " "1, " "1, " "1, " "1, " "1, " "1, " "1, " "1, " "1, " "1, " "1, " "1, " "1, " "1, " "1, " "1, " "1, " "1, " "1, " "1, " "1, " "1, " "1, " "1, " "1, " "1, " "1, " "1, " "1, " "1, " "1, " "1, " "1, " "1, " "1, " "1, " "1, " "1, " "1, " "1, " "1, " "1, " "1, " "1, " "1, " "1, " "1, " "1, " "1, " "1, " "1, " "1, " "1, " "1, " "1, " "1, " "1, " "1, " "1, " "1, " "1, " "1, " "1, " "1, " "1, " "1, " "1, " "1, " "1, " "1, " "1, " "1, " "1, " "1, " "1, " "1, " "1, " "1, " "1, " "1, " "1, " "1, " "1, " "1, " "1, " "1, " "1, " "1, " "1, " "1, " "1, " "1, " "1, " "1, " "1, " "1, " "1, " "1, " "1, " "1, " "1, " "1, " "1, " "1, " "1, " "1, " "1, " "1, " "1, " "1, " "1, " "1, " "1, " "1, " "1, " "1, " "1, " "1, " "1, " "1, " "1, " "1, " "1, " "1, " "1, " "1, " "1, " "1, " "1, " "1, " "1, " "1, " "1, " "1, " "1, " "1, " "1, " "1, " "1, " "1, " "1, " "1, " "1, " "1, " "1, " "1, " "1, " "1, " "1, " "1, " "1, " "1, " "1, " "1, " "1, " "1, " "1, " "1, " "1, " "1, " "1, " "1, " "1, " "1, " "1, " "1, " "1, " "1, " "1, " "1, " "1, " "1, " "1, " "1, " "1, " "1, " "1, " "1, " "1, " "1, " "1, " "1, " "1, " "1, " "1, " "1, " "1, " "1, " "1, " "1, " "1, " "1, " "1, " "1, " "1, " "1, " "1, " "1, " "1, " "1, " "1, " "1, " "1, " "1, " "1, " "1, " "1, " "1, " "1, " "1, " "1, " "1, " "1, " "1, " "1, " "1, " "1, " "1, " "1, " "1, " "0, " "1, " "1, " "1, " "1, " "1, " "1, " "1, " "1, " "1, " "1, " "1, " "1, " "1, " "1, " "1, " "1, " "1, " "1, " "1, " "1, " "1, " "1, " "1, " "1, " "1, " "1, " "1, " "1, " "1, " "1, " "1, " "1, " "1, " "1, " "1, " "1, "0
 "Nei477, 0.165, " "-0.502, " "1, " "1, " "1, " "1, " "1, " "1, " "1, " "1, " "1, " "1, " "1, " "1, " "1, " "1, " "1, " "1, " "1, " "1, " "1, " "1, " "1, " "1, " "1, " "1, " "1, " "1, " "1, " "1, " "1, " "1, " "1, " "1, " "1, " "1, " "1, " "1, " "1, " "1, " "1, " "1, " "1, " "1, " "1, " "1, " "1, " "1, " "1, " "1, " "1, " "1, " "1, " "1, " "1, " "1, " "1, " "1, " "1, " "1, " "1, " "1, " "1, " "1, " "1, " "1, " "1, " "1, " "1, " "1, " "1, " "1, " "1, " "1, " "1, " "1, " "1, " "1, " "1, " "1, " "1, " "1, " "1, " "1, " "1, " "1, " "1, " "1, " "1, " "1, " "1, " "1, " "1, " "1, " "1, " "1, " "1, " "1, " "1, " "1, " "1, " "1, " "1, " "1, " "1, " "1, " "1, " "1, " "1, " "1, " "1, " "1, " "1, " "1, " "1, " "1, " "1, " "1, " "1, " "1, " "1, " "1, " "1, " "1, " "1, " "1, " "1, " "1, " "1, " "1, " "1, " "1, " "1, " "1, " "1, " "1, " "1, " "1, " "1, " "1, " "1, " "1, " "1, " "1, " "1, " "1, " "1, " "1, " "1, " "1, " "1, " "1, " "1, " "1, " "1, " "1, " "1, " "1, " "1, " "1, " "1, " "1, " "1, " "1, " "1, " "1, " "1, " "1, " "1, " "1, " "1, " "1, " "1, " "1, " "1, " "1, " "1, " "1, " "1, " "1, " "1, " "1, " "1, " "1, " "1, " "1, " "1, " "1, " "1, " "1, " "1, " "1, " "1, " "1, " "1, " "1, " "1, " "1, " "1, " "1, " "1, " "1, " "1, " "1, " "1, " "1, " "1, " "1, " "1, " "1, " "1, " "1, " "1, " "1, " "1, " "1, " "1, " "1, " "1, " "1, " "1, " "1, " "1, " "1, " "1, " "1, " "1, " "1, " "1, " "1, " "1, " "1, " "1, " "1, " "1, " "1, " "1, " "1, " "1, " "1, " "1, " "1, " "1, " "1, " "1, " "1, " "1, " "1, " "1, " "1, " "1, " "1, " "1, " "1, " "1, " "1, " "1, " "1, " "1, " "1, " "1, " "1, " "1, " "1, " "1, " "1, " "1, " "1, " "1, " "1, " "1, " "1, " "1, " "1, " "1, " "1, " "1, " "1, " "1, " "1, " "1, " "1, " "1, " "1, " "1, " "1, " "1, " "1, " "1, " "1, " "1, " "1, " "1, " "1, " "1, " "1, " "1, " "1, " "1, " "1, " "1, " "1, " "1, " "1, " "1, " "1, " "1, " "1, " "1, " "1, " "1, " "1, " "1, " "1, " "1, " "1, " "1, " "1, " "1, " "1, " "1, " "1, " "1, " "1, " "1, " "1, " "1, " "1, " "1, " "1, " "1, " "1, " "1, " "1, " "1, " "1, " "1, " "1, " "1, " "1, " "1, " "1, " "1, " "1, " "1, " "1, " "1, " "1, " "1, " "1, " "1, " "1, " "1, " "1, " "1, " "1, " "1, " "1, " "1, " "1, " "1, " "1, " "1, " "1, " "1, " "1, " "1, " "1, " "1, " "1, " "1, " "1, " "1, " "1, " "1, " "1, " "1, " "1, " "1, " "1, " "1, " "1, " "1, " "1, " "1, " "1, " "1, " "1, " "1, " "1, " "1, " "1, " "1, " "1, " "1, " "1, " "1, " "1, " "1, " "1, " "1, " "1, " "1, " "1, " "1, " "1, " "1, " "1, " "1, " "1, " "1, " "1, " "1, " "1, " "1, " "1, " "1, " "1, " "1, " "1, " "1, " "1, " "1, " "1, " "1, " "1, " "1, " "1, " "1, " "1, " "1, " "1, " "1, " "1, " "1, " "1, " "1, " "1, " "1, " "1, " "1, " "1, " "1, " "1, " "1, " "1, " "1, " "1, " "1, " "1, " "1, " "1, " "1, " "1, " "1, " "1, " "1, " "1, " "1, " "1, " "1, " "1, " "1, " "1, " "1, " "1, " "1, " "1, " "1, " "1, " "1, " "1, " "1, " "1, " "1, " "1, " "1, " "1, " "1, " "0, " "1, " "1, " "1, " "1, " "1, " "1, " "1, " "1, " "1, " "1, " "1, " "1, " "1, " "1, " "1, " "1, " "1, " "1, " "1, " "1, " "1, " "1, " "1, " "1, " "1, " "1, " "1, " "1, " "1, " "1, " "1, " "1, " "1, " "1, " "1, "0
 "Nei478, 0.244, " "0.335, " "1, " "1, " "1, " "1, " "1, " "1, " "1, " "1, " "1, " "1, " "1, " "1, " "1, " "1, " "1, " "1, " "1, " "1, " "1, " "1, " "1, " "1, " "1, " "1, " "1, " "1, " "1, " "1, " "1, " "1, " "1, " "1, " "1, " "1, " "1, " "1, " "1, " "1, " "1, " "1, " "1, " "1, " "1, " "1, " "1, " "1, " "1, " "1, " "1, " "1, " "1, " "1, " "1, " "1, " "1, " "1, " "1, " "1, " "1, " "1, " "1, " "1, " "1, " "1, " "1, " "1, " "1, " "1, " "1, " "1, " "1, " "1, " "1, " "1, " "1, " "1, " "1, " "1, " "1, " "1, " "1, " "1, " "1, " "1, " "1, " "1, " "1, " "1, " "1, " "1, " "1, " "1, " "1, " "1, " "1, " "1, " "1, " "1, " "1, " "1, " "1, " "1, " "1, " "1, " "1, " "1, " "1, " "1, " "1, " "1, " "1, " "1, " "1, " "1, " "1, " "1, " "1, " "1, " "1, " "1, " "1, " "1, " "1, " "1, " "1, " "1, " "1, " "1, " "1, " "1, " "1, " "1, " "1, " "1, " "1, " "1, " "1, " "1, " "1, " "1, " "1, " "1, " "1, " "1, " "1, " "1, " "1, " "1, " "1, " "1, " "1, " "1, " "1, " "1, " "1, " "1, " "1, " "1, " "1, " "1, " "1, " "1, " "1, " "1, " "1, " "1, " "1, " "1, " "1, " "1, " "1, " "1, " "1, " "1, " "1, " "1, " "1, " "1, " "1, " "1, " "1, " "1, " "1, " "1, " "1, " "1, " "1, " "1, " "1, " "1, " "1, " "1, " "1, " "1, " "1, " "1, " "1, " "1, " "1, " "1, " "1, " "1, " "1, " "1, " "1, " "1, " "1, " "1, " "1, " "1, " "1, " "1, " "1, " "1, " "1, " "1, " "1, " "1, " "1, " "1, " "1, " "1, " "1, " "1, " "1, " "1, " "1, " "1, " "1, " "1, " "1, " "1, " "1, " "1, " "1, " "1, " "1, " "1, " "1, " "1, " "1, " "1, " "1, " "1, " "1, " "1, " "1, " "1, " "1, " "1, " "1, " "1, " "1, " "1, " "1, " "1, " "1, " "1, " "1, " "1, " "1, " "1, " "1, " "1, " "1, " "1, " "1, " "1, " "1, " "1, " "1, " "1, " "1, " "1, " "1, " "1, " "1, " "1, " "1, " "1, " "1, " "1, " "1, " "1, " "1, " "1, " "1, " "1, " "1, " "1, " "1, " "1, " "1, " "1, " "1, " "1, " "1, " "1, " "1, " "1, " "1, " "1, " "1, " "1, " "1, " "1, " "1, " "1, " "1, " "1, " "1, " "1, " "1, " "1, " "1, " "1, " "1, " "1, " "1, " "1, " "1, " "1, " "1, " "1, " "1, " "1, " "1, " "1, " "1, " "1, " "1, " "1, " "1, " "1, " "1, " "1, " "1, " "1, " "1, " "1, " "1, " "1, " "1, " "1, " "1, " "1, " "1, " "1, " "1, " "1, " "1, " "1, " "1, " "1, " "1, " "1, " "1, " "1, " "1, " "1, " "1, " "1, " "1, " "1, " "1, " "1, " "1, " "1, " "1, " "1, " "1, " "1, " "1, " "1, " "1, " "1, " "1, " "1, " "1, " "1, " "1, " "1, " "1, " "1, " "1, " "1, " "1, " "1, " "1, " "1, " "1, " "1, " "1, " "1, " "1, " "1, " "1, " "1, " "1, " "1, " "1, " "1, " "1, " "1, " "1, " "1, " "1, " "1, " "1, " "1, " "1, " "1, " "1, " "1, " "1, " "1, " "1, " "1, " "1, " "1, " "1, " "1, " "1, " "1, " "1, " "1, " "1, " "1, " "1, " "1, " "1, " "1, " "1, " "1, " "1, " "1, " "1, " "1, " "1, " "1, " "1, " "1, " "1, " "1, " "1, " "1, " "1, " "1, " "1, " "1, " "1, " "1, " "1, " "1, " "1, " "1, " "1, " "1, " "1, " "1, " "1, " "1, " "1, " "1, " "1, " "1, " "1, " "1, " "1, " "1, " "1, " "1, " "1, " "1, " "1, " "1, " "1, " "1, " "0, " "1, " "1, " "1, " "1, " "1, " "1, " "1, " "1, " "1, " "1, " "1, " "1, " "1, " "1, " "1, " "1, " "1, " "1, " "1, " "1, " "1, " "1, " "1, " "1, " "1, " "1, " "1, " "1, " "1, " "1, " "1, " "1, " "1, " "1, "0
 "Nei479, 0.31, " "0.57, " "1, " "1, " "1, " "1, " "1, " "1, " "1, " "1, " "1, " "1, " "1, " "1, " "1, " "1, " "1, " "1, " "1, " "1, " "1, " "1, " "1, " "1, " "1, " "1, " "1, " "1, " "1, " "1, " "1, " "1, " "1, " "1, " "1, " "1, " "1, " "1, " "1, " "1, " "1, " "1, " "1, " "1, " "1, " "1, " "1, " "1, " "1, " "1, " "1, " "1, " "1, " "1, " "1, " "1, " "1, " "1, " "1, " "1, " "1, " "1, " "1, " "1, " "1, " "1, " "1, " "1, " "1, " "1, " "1, " "1, " "1, " "1, " "1, " "1, " "1, " "1, " "1, " "1, " "1, " "1, " "1, " "1, " "1, " "1, " "1, " "1, " "1, " "1, " "1, " "1, " "1, " "1, " "1, " "1, " "1, " "1, " "1, " "1, " "1, " "1, " "1, " "1, " "1, " "1, " "1, " "1, " "1, " "1, " "1, " "1, " "1, " "1, " "1, " "1, " "1, " "1, " "1, " "1, " "1, " "1, " "1, " "1, " "1, " "1, " "1, " "1, " "1, " "1, " "1, " "1, " "1, " "1, " "1, " "1, " "1, " "1, " "1, " "1, " "1, " "1, " "1, " "1, " "1, " "1, " "1, " "1, " "1, " "1, " "1, " "1, " "1, " "1, " "1, " "1, " "1, " "1, " "1, " "1, " "1, " "1, " "1, " "1, " "1, " "1, " "1, " "1, " "1, " "1, " "1, " "1, " "1, " "1, " "1, " "1, " "1, " "1, " "1, " "1, " "1, " "1, " "1, " "1, " "1, " "1, " "1, " "1, " "1, " "1, " "1, " "1, " "1, " "1, " "1, " "1, " "1, " "1, " "1, " "1, " "1, " "1, " "1, " "1, " "1, " "1, " "1, " "1, " "1, " "1, " "1, " "1, " "1, " "1, " "1, " "1, " "1, " "1, " "1, " "1, " "1, " "1, " "1, " "1, " "1, " "1, " "1, " "1, " "1, " "1, " "1, " "1, " "1, " "1, " "1, " "1, " "1, " "1, " "1, " "1, " "1, " "1, " "1, " "1, " "1, " "1, " "1, " "1, " "1, " "1, " "1, " "1, " "1, " "1, " "1, " "1, " "1, " "1, " "1, " "1, " "1, " "1, " "1, " "1, " "1, " "1, " "1, " "1, " "1, " "1, " "1, " "1, " "1, " "1, " "1, " "1, " "1, " "1, " "1, " "1, " "1, " "1, " "1, " "1, " "1, " "1, " "1, " "1, " "1, " "1, " "1, " "1, " "1, " "1, " "1, " "1, " "1, " "1, " "1, " "1, " "1, " "1, " "1, " "1, " "1, " "1, " "1, " "1, " "1, " "1, " "1, " "1, " "1, " "1, " "1, " "1, " "1, " "1, " "1, " "1, " "1, " "1, " "1, " "1, " "1, " "1, " "1, " "1, " "1, " "1, " "1, " "1, " "1, " "1, " "1, " "1, " "1, " "1, " "1, " "1, " "1, " "1, " "1, " "1, " "1, " "1, " "1, " "1, " "1, " "1, " "1, " "1, " "1, " "1, " "1, " "1, " "1, " "1, " "1, " "1, " "1, " "1, " "1, " "1, " "1, " "1, " "1, " "1, " "1, " "1, " "1, " "1, " "1, " "1, " "1, " "1, " "1, " "1, " "1, " "1, " "1, " "1, " "1, " "1, " "1, " "1, " "1, " "1, " "1, " "1, " "1, " "1, " "1, " "1, " "1, " "1, " "1, " "1, " "1, " "1, " "1, " "1, " "1, " "1, " "1, " "1, " "1, " "1, " "1, " "1, " "1, " "1, " "1, " "1, " "1, " "1, " "1, " "1, " "1, " "1, " "1, " "1, " "1, " "1, " "1, " "1, " "1, " "1, " "1, " "1, " "1, " "1, " "1, " "1, " "1, " "1, " "1, " "1, " "1, " "1, " "1, " "1, " "1, " "1, " "1, " "1, " "1, " "1, " "1, " "1, " "1, " "1, " "1, " "1, " "1, " "1, " "1, " "1, " "1, " "1, " "1, " "1, " "1, " "1, " "1, " "1, " "1, " "1, " "1, " "1, " "1, " "1, " "1, " "1, " "1, " "1, " "1, " "1, " "1, " "1, " "1, " "0, " "1, " "1, " "1, " "1, " "1, " "1, " "1, " "1, " "1, " "1, " "1, " "1, " "1, " "1, " "1, " "1, " "1, " "1, " "1, " "1, " "1, " "1, " "1, " "1, " "1, " "1, " "1, " "1, " "1, " "1, " "1, " "1, " "1, "0
 "Nei480, 0.244, " "0.263, " "1, " "1, " "1, " "1, " "1, " "1, " "1, " "1, " "1, " "1, " "1, " "1, " "1, " "1, " "1, " "1, " "1, " "1, " "1, " "1, " "1, " "1, " "1, " "1, " "1, " "1, " "1, " "1, " "1, " "1, " "1, " "1, " "1, " "1, " "1, " "1, " "1, " "1, " "1, " "1, " "1, " "1, " "1, " "1, " "1, " "1, " "1, " "1, " "1, " "1, " "1, " "1, " "1, " "1, " "1, " "1, " "1, " "1, " "1, " "1, " "1, " "1, " "1, " "1, " "1, " "1, " "1, " "1, " "1, " "1, " "1, " "1, " "1, " "1, " "1, " "1, " "1, " "1, " "1, " "1, " "1, " "1, " "1, " "1, " "1, " "1, " "1, " "1, " "1, " "1, " "1, " "1, " "1, " "1, " "1, " "1, " "1, " "1, " "1, " "1, " "1, " "1, " "1, " "1, " "1, " "1, " "1, " "1, " "1, " "1, " "1, " "1, " "1, " "1, " "1, " "1, " "1, " "1, " "1, " "1, " "1, " "1, " "1, " "1, " "1, " "1, " "1, " "1, " "1, " "1, " "1, " "1, " "1, " "1, " "1, " "1, " "1, " "1, " "1, " "1, " "1, " "1, " "1, " "1, " "1, " "1, " "1, " "1, " "1, " "1, " "1, " "1, " "1, " "1, " "1, " "1, " "1, " "1, " "1, " "1, " "1, " "1, " "1, " "1, " "1, " "1, " "1, " "1, " "1, " "1, " "1, " "1, " "1, " "1, " "1, " "1, " "1, " "1, " "1, " "1, " "1, " "1, " "1, " "1, " "1, " "1, " "1, " "1, " "1, " "1, " "1, " "1, " "1, " "1, " "1, " "1, " "1, " "1, " "1, " "1, " "1, " "1, " "1, " "1, " "1, " "1, " "1, " "1, " "1, " "1, " "1, " "1, " "1, " "1, " "1, " "1, " "1, " "1, " "1, " "1, " "1, " "1, " "1, " "1, " "1, " "1, " "1, " "1, " "1, " "1, " "1, " "1, " "1, " "1, " "1, " "1, " "1, " "1, " "1, " "1, " "1, " "1, " "1, " "1, " "1, " "1, " "1, " "1, " "1, " "1, " "1, " "1, " "1, " "1, " "1, " "1, " "1, " "1, " "1, " "1, " "1, " "1, " "1, " "1, " "1, " "1, " "1, " "1, " "1, " "1, " "1, " "1, " "1, " "1, " "1, " "1, " "1, " "1, " "1, " "1, " "1, " "1, " "1, " "1, " "1, " "1, " "1, " "1, " "1, " "1, " "1, " "1, " "1, " "1, " "1, " "1, " "1, " "1, " "1, " "1, " "1, " "1, " "1, " "1, " "1, " "1, " "1, " "1, " "1, " "1, " "1, " "1, " "1, " "1, " "1, " "1, " "1, " "1, " "1, " "1, " "1, " "1, " "1, " "1, " "1, " "1, " "1, " "1, " "1, " "1, " "1, " "1, " "1, " "1, " "1, " "1, " "1, " "1, " "1, " "1, " "1, " "1, " "1, " "1, " "1, " "1, " "1, " "1, " "1, " "1, " "1, " "1, " "1, " "1, " "1, " "1, " "1, " "1, " "1, " "1, " "1, " "1, " "1, " "1, " "1, " "1, " "1, " "1, " "1, " "1, " "1, " "1, " "1, " "1, " "1, " "1, " "1, " "1, " "1, " "1, " "1, " "1, " "1, " "1, " "1, " "1, " "1, " "1, " "1, " "1, " "1, " "1, " "1, " "1, " "1, " "1, " "1, " "1, " "1, " "1, " "1, " "1, " "1, " "1, " "1, " "1, " "1, " "1, " "1, " "1, " "1, " "1, " "1, " "1, " "1, " "1, " "1, " "1, " "1, " "1, " "1, " "1, " "1, " "1, " "1, " "1, " "1, " "1, " "1, " "1, " "1, " "1, " "1, " "1, " "1, " "1, " "1, " "1, " "1, " "1, " "1, " "1, " "1, " "1, " "1, " "1, " "1, " "1, " "1, " "1, " "1, " "1, " "1, " "1, " "1, " "1, " "1, " "1, " "1, " "1, " "1, " "1, " "1, " "1, " "1, " "1, " "1, " "1, " "1, " "1, " "1, " "1, " "1, " "1, " "1, " "1, " "1, " "1, " "1, " "1, " "0, " "1, " "1, " "1, " "1, " "1, " "1, " "1, " "1, " "1, " "1, " "1, " "1, " "1, " "1, " "1, " "1, " "1, " "1, " "1, " "1, " "1, " "1, " "1, " "1, " "1, " "1, " "1, " "1, " "1, " "1, " "1, " "1, "0
 "Nei481, 0.006, " "-0.151, " "1, " "1, " "1, " "1, " "1, " "1, " "1, " "1, " "1, " "1, " "1, " "1, " "1, " "1, " "1, " "1, " "1, " "1, " "1, " "1, " "1, " "1, " "1, " "1, " "1, " "1, " "1, " "1, " "1, " "1, " "1, " "1, " "1, " "1, " "1, " "1, " "1, " "1, " "1, " "1, " "1, " "1, " "1, " "1, " "1, " "1, " "1, " "1, " "1, " "1, " "1, " "1, " "1, " "1, " "1, " "1, " "1, " "1, " "1, " "1, " "1, " "1, " "1, " "1, " "1, " "1, " "1, " "1, " "1, " "1, " "1, " "1, " "1, " "1, " "1, " "1, " "1, " "1, " "1, " "1, " "1, " "1, " "1, " "1, " "1, " "1, " "1, " "1, " "1, " "1, " "1, " "1, " "1, " "1, " "1, " "1, " "1, " "1, " "1, " "1, " "1, " "1, " "1, " "1, " "1, " "1, " "1, " "1, " "1, " "1, " "1, " "1, " "1, " "1, " "1, " "1, " "1, " "1, " "1, " "1, " "1, " "1, " "1, " "1, " "1, " "1, " "1, " "1, " "1, " "1, " "1, " "1, " "1, " "1, " "1, " "1, " "1, " "1, " "1, " "1, " "1, " "1, " "1, " "1, " "1, " "1, " "1, " "1, " "1, " "1, " "1, " "1, " "1, " "1, " "1, " "1, " "1, " "1, " "1, " "1, " "1, " "1, " "1, " "1, " "1, " "1, " "1, " "1, " "1, " "1, " "1, " "1, " "1, " "1, " "1, " "1, " "1, " "1, " "1, " "1, " "1, " "1, " "1, " "1, " "1, " "1, " "1, " "1, " "1, " "1, " "1, " "1, " "1, " "1, " "1, " "1, " "1, " "1, " "1, " "1, " "1, " "1, " "1, " "1, " "1, " "1, " "1, " "1, " "1, " "1, " "1, " "1, " "1, " "1, " "1, " "1, " "1, " "1, " "1, " "1, " "1, " "1, " "1, " "1, " "1, " "1, " "1, " "1, " "1, " "1, " "1, " "1, " "1, " "1, " "1, " "1, " "1, " "1, " "1, " "1, " "1, " "1, " "1, " "1, " "1, " "1, " "1, " "1, " "1, " "1, " "1, " "1, " "1, " "1, " "1, " "1, " "1, " "1, " "1, " "1, " "1, " "1, " "1, " "1, " "1, " "1, " "1, " "1, " "1, " "1, " "1, " "1, " "1, " "1, " "1, " "1, " "1, " "1, " "1, " "1, " "1, " "1, " "1, " "1, " "1, " "1, " "1, " "1, " "1, " "1, " "1, " "1, " "1, " "1, " "1, " "1, " "1, " "1, " "1, " "1, " "1, " "1, " "1, " "1, " "1, " "1, " "1, " "1, " "1, " "1, " "1, " "1, " "1, " "1, " "1, " "1, " "1, " "1, " "1, " "1, " "1, " "1, " "1, " "1, " "1, " "1, " "1, " "1, " "1, " "1, " "1, " "1, " "1, " "1, " "1, " "1, " "1, " "1, " "1, " "1, " "1, " "1, " "1, " "1, " "1, " "1, " "1, " "1, " "1, " "1, " "1, " "1, " "1, " "1, " "1, " "1, " "1, " "1, " "1, " "1, " "1, " "1, " "1, " "1, " "1, " "1, " "1, " "1, " "1, " "1, " "1, " "1, " "1, " "1, " "1, " "1, " "1, " "1, " "1, " "1, " "1, " "1, " "1, " "1, " "1, " "1, " "1, " "1, " "1, " "1, " "1, " "1, " "1, " "1, " "1, " "1, " "1, " "1, " "1, " "1, " "1, " "1, " "1, " "1, " "1, " "1, " "1, " "1, " "1, " "1, " "1, " "1, " "1, " "1, " "1, " "1, " "1, " "1, " "1, " "1, " "1, " "1, " "1, " "1, " "1, " "1, " "1, " "1, " "1, " "1, " "1, " "1, " "1, " "1, " "1, " "1, " "1, " "1, " "1, " "1, " "1, " "1, " "1, " "1, " "1, " "1, " "1, " "1, " "1, " "1, " "1, " "1, " "1, " "1, " "1, " "1, " "1, " "1, " "1, " "1, " "1, " "1, " "1, " "1, " "1, " "1, " "1, " "1, " "1, " "1, " "1, " "1, " "1, " "1, " "1, " "1, " "1, " "1, " "1, " "1, " "1, " "0, " "1, " "1, " "1, " "1, " "1, " "1, " "1, " "1, " "1, " "1, " "1, " "1, " "1, " "1, " "1, " "1, " "1, " "1, " "1, " "1, " "1, " "1, " "1, " "1, " "1, " "1, " "1, " "1, " "1, " "1, " "1, "0
 "Nei482, 0.239, " "-0.007, " "1, " "1, " "1, " "1, " "1, " "1, " "1, " "1, " "1, " "1, " "1, " "1, " "1, " "1, " "1, " "1, " "1, " "1, " "1, " "1, " "1, " "1, " "1, " "1, " "1, " "1, " "1, " "1, " "1, " "1, " "1, " "1, " "1, " "1, " "1, " "1, " "1, " "1, " "1, " "1, " "1, " "1, " "1, " "1, " "1, " "1, " "1, " "1, " "1, " "1, " "1, " "1, " "1, " "1, " "1, " "1, " "1, " "1, " "1, " "1, " "1, " "1, " "1, " "1, " "1, " "1, " "1, " "1, " "1, " "1, " "1, " "1, " "1, " "1, " "1, " "1, " "1, " "1, " "1, " "1, " "1, " "1, " "1, " "1, " "1, " "1, " "1, " "1, " "1, " "1, " "1, " "1, " "1, " "1, " "1, " "1, " "1, " "1, " "1, " "1, " "1, " "1, " "1, " "1, " "1, " "1, " "1, " "1, " "1, " "1, " "1, " "1, " "1, " "1, " "1, " "1, " "1, " "1, " "1, " "1, " "1, " "1, " "1, " "1, " "1, " "1, " "1, " "1, " "1, " "1, " "1, " "1, " "1, " "1, " "1, " "1, " "1, " "1, " "1, " "1, " "1, " "1, " "1, " "1, " "1, " "1, " "1, " "1, " "1, " "1, " "1, " "1, " "1, " "1, " "1, " "1, " "1, " "1, " "1, " "1, " "1, " "1, " "1, " "1, " "1, " "1, " "1, " "1, " "1, " "1, " "1, " "1, " "1, " "1, " "1, " "1, " "1, " "1, " "1, " "1, " "1, " "1, " "1, " "1, " "1, " "1, " "1, " "1, " "1, " "1, " "1, " "1, " "1, " "1, " "1, " "1, " "1, " "1, " "1, " "1, " "1, " "1, " "1, " "1, " "1, " "1, " "1, " "1, " "1, " "1, " "1, " "1, " "1, " "1, " "1, " "1, " "1, " "1, " "1, " "1, " "1, " "1, " "1, " "1, " "1, " "1, " "1, " "1, " "1, " "1, " "1, " "1, " "1, " "1, " "1, " "1, " "1, " "1, " "1, " "1, " "1, " "1, " "1, " "1, " "1, " "1, " "1, " "1, " "1, " "1, " "1, " "1, " "1, " "1, " "1, " "1, " "1, " "1, " "1, " "1, " "1, " "1, " "1, " "1, " "1, " "1, " "1, " "1, " "1, " "1, " "1, " "1, " "1, " "1, " "1, " "1, " "1, " "1, " "1, " "1, " "1, " "1, " "1, " "1, " "1, " "1, " "1, " "1, " "1, " "1, " "1, " "1, " "1, " "1, " "1, " "1, " "1, " "1, " "1, " "1, " "1, " "1, " "1, " "1, " "1, " "1, " "1, " "1, " "1, " "1, " "1, " "1, " "1, " "1, " "1, " "1, " "1, " "1, " "1, " "1, " "1, " "1, " "1, " "1, " "1, " "1, " "1, " "1, " "1, " "1, " "1, " "1, " "1, " "1, " "1, " "1, " "1, " "1, " "1, " "1, " "1, " "1, " "1, " "1, " "1, " "1, " "1, " "1, " "1, " "1, " "1, " "1, " "1, " "1, " "1, " "1, " "1, " "1, " "1, " "1, " "1, " "1, " "1, " "1, " "1, " "1, " "1, " "1, " "1, " "1, " "1, " "1, " "1, " "1, " "1, " "1, " "1, " "1, " "1, " "1, " "1, " "1, " "1, " "1, " "1, " "1, " "1, " "1, " "1, " "1, " "1, " "1, " "1, " "1, " "1, " "1, " "1, " "1, " "1, " "1, " "1, " "1, " "1, " "1, " "1, " "1, " "1, " "1, " "1, " "1, " "1, " "1, " "1, " "1, " "1, " "1, " "1, " "1, " "1, " "1, " "1, " "1, " "1, " "1, " "1, " "1, " "1, " "1, " "1, " "1, " "1, " "1, " "1, " "1, " "1, " "1, " "1, " "1, " "1, " "1, " "1, " "1, " "1, " "1, " "1, " "1, " "1, " "1, " "1, " "1, " "1, " "1, " "1, " "1, " "1, " "1, " "1, " "1, " "1, " "1, " "1, " "1, " "1, " "1, " "1, " "1, " "1, " "1, " "1, " "1, " "1, " "1, " "1, " "1, " "1, " "1, " "1, " "1, " "1, " "1, " "1, " "1, " "0, " "1, " "1, " "1, " "1, " "1, " "1, " "1, " "1, " "1, " "1, " "1, " "1, " "1, " "1, " "1, " "1, " "1, " "1, " "1, " "1, " "1, " "1, " "1, " "1, " "1, " "1, " "1, " "1, " "1, " "1, "0
 "Nei483, 0.091, " "0.346, " "1, " "1, " "1, " "1, " "1, " "1, " "1, " "1, " "1, " "1, " "1, " "1, " "1, " "1, " "1, " "1, " "1, " "1, " "1, " "1, " "1, " "1, " "1, " "1, " "1, " "1, " "1, " "1, " "1, " "1, " "1, " "1, " "1, " "1, " "1, " "1, " "1, " "1, " "1, " "1, " "1, " "1, " "1, " "1, " "1, " "1, " "1, " "1, " "1, " "1, " "1, " "1, " "1, " "1, " "1, " "1, " "1, " "1, " "1, " "1, " "1, " "1, " "1, " "1, " "1, " "1, " "1, " "1, " "1, " "1, " "1, " "1, " "1, " "1, " "1, " "1, " "1, " "1, " "1, " "1, " "1, " "1, " "1, " "1, " "1, " "1, " "1, " "1, " "1, " "1, " "1, " "1, " "1, " "1, " "1, " "1, " "1, " "1, " "1, " "1, " "1, " "1, " "1, " "1, " "1, " "1, " "1, " "1, " "1, " "1, " "1, " "1, " "1, " "1, " "1, " "1, " "1, " "1, " "1, " "1, " "1, " "1, " "1, " "1, " "1, " "1, " "1, " "1, " "1, " "1, " "1, " "1, " "1, " "1, " "1, " "1, " "1, " "1, " "1, " "1, " "1, " "1, " "1, " "1, " "1, " "1, " "1, " "1, " "1, " "1, " "1, " "1, " "1, " "1, " "1, " "1, " "1, " "1, " "1, " "1, " "1, " "1, " "1, " "1, " "1, " "1, " "1, " "1, " "1, " "1, " "1, " "1, " "1, " "1, " "1, " "1, " "1, " "1, " "1, " "1, " "1, " "1, " "1, " "1, " "1, " "1, " "1, " "1, " "1, " "1, " "1, " "1, " "1, " "1, " "1, " "1, " "1, " "1, " "1, " "1, " "1, " "1, " "1, " "1, " "1, " "1, " "1, " "1, " "1, " "1, " "1, " "1, " "1, " "1, " "1, " "1, " "1, " "1, " "1, " "1, " "1, " "1, " "1, " "1, " "1, " "1, " "1, " "1, " "1, " "1, " "1, " "1, " "1, " "1, " "1, " "1, " "1, " "1, " "1, " "1, " "1, " "1, " "1, " "1, " "1, " "1, " "1, " "1, " "1, " "1, " "1, " "1, " "1, " "1, " "1, " "1, " "1, " "1, " "1, " "1, " "1, " "1, " "1, " "1, " "1, " "1, " "1, " "1, " "1, " "1, " "1, " "1, " "1, " "1, " "1, " "1, " "1, " "1, " "1, " "1, " "1, " "1, " "1, " "1, " "1, " "1, " "1, " "1, " "1, " "1, " "1, " "1, " "1, " "1, " "1, " "1, " "1, " "1, " "1, " "1, " "1, " "1, " "1, " "1, " "1, " "1, " "1, " "1, " "1, " "1, " "1, " "1, " "1, " "1, " "1, " "1, " "1, " "1, " "1, " "1, " "1, " "1, " "1, " "1, " "1, " "1, " "1, " "1, " "1, " "1, " "1, " "1, " "1, " "1, " "1, " "1, " "1, " "1, " "1, " "1, " "1, " "1, " "1, " "1, " "1, " "1, " "1, " "1, " "1, " "1, " "1, " "1, " "1, " "1, " "1, " "1, " "1, " "1, " "1, " "1, " "1, " "1, " "1, " "1, " "1, " "1, " "1, " "1, " "1, " "1, " "1, " "1, " "1, " "1, " "1, " "1, " "1, " "1, " "1, " "1, " "1, " "1, " "1, " "1, " "1, " "1, " "1, " "1, " "1, " "1, " "1, " "1, " "1, " "1, " "1, " "1, " "1, " "1, " "1, " "1, " "1, " "1, " "1, " "1, " "1, " "1, " "1, " "1, " "1, " "1, " "1, " "1, " "1, " "1, " "1, " "1, " "1, " "1, " "1, " "1, " "1, " "1, " "1, " "1, " "1, " "1, " "1, " "1, " "1, " "1, " "1, " "1, " "1, " "1, " "1, " "1, " "1, " "1, " "1, " "1, " "1, " "1, " "1, " "1, " "1, " "1, " "1, " "1, " "1, " "1, " "1, " "1, " "1, " "1, " "1, " "1, " "1, " "1, " "1, " "1, " "1, " "1, " "1, " "1, " "1, " "1, " "1, " "1, " "1, " "1, " "1, " "1, " "1, " "1, " "1, " "1, " "1, " "1, " "1, " "1, " "1, " "1, " "1, " "0, " "1, " "1, " "1, " "1, " "1, " "1, " "1, " "1, " "1, " "1, " "1, " "1, " "1, " "1, " "1, " "1, " "1, " "1, " "1, " "1, " "1, " "1, " "1, " "1, " "1, " "1, " "1, " "1, " "1, "0
 "Nei484, 0.078, " "-0.742, " "1, " "1, " "1, " "1, " "1, " "1, " "1, " "1, " "1, " "1, " "1, " "1, " "1, " "1, " "1, " "1, " "1, " "1, " "1, " "1, " "1, " "1, " "1, " "1, " "1, " "1, " "1, " "1, " "1, " "1, " "1, " "1, " "1, " "1, " "1, " "1, " "1, " "1, " "1, " "1, " "1, " "1, " "1, " "1, " "1, " "1, " "1, " "1, " "1, " "1, " "1, " "1, " "1, " "1, " "1, " "1, " "1, " "1, " "1, " "1, " "1, " "1, " "1, " "1, " "1, " "1, " "1, " "1, " "1, " "1, " "1, " "1, " "1, " "1, " "1, " "1, " "1, " "1, " "1, " "1, " "1, " "1, " "1, " "1, " "1, " "1, " "1, " "1, " "1, " "1, " "1, " "1, " "1, " "1, " "1, " "1, " "1, " "1, " "1, " "1, " "1, " "1, " "1, " "1, " "1, " "1, " "1, " "1, " "1, " "1, " "1, " "1, " "1, " "1, " "1, " "1, " "1, " "1, " "1, " "1, " "1, " "1, " "1, " "1, " "1, " "1, " "1, " "1, " "1, " "1, " "1, " "1, " "1, " "1, " "1, " "1, " "1, " "1, " "1, " "1, " "1, " "1, " "1, " "1, " "1, " "1, " "1, " "1, " "1, " "1, " "1, " "1, " "1, " "1, " "1, " "1, " "1, " "1, " "1, " "1, " "1, " "1, " "1, " "1, " "1, " "1, " "1, " "1, " "1, " "1, " "1, " "1, " "1, " "1, " "1, " "1, " "1, " "1, " "1, " "1, " "1, " "1, " "1, " "1, " "1, " "1, " "1, " "1, " "1, " "1, " "1, " "1, " "1, " "1, " "1, " "1, " "1, " "1, " "1, " "1, " "1, " "1, " "1, " "1, " "1, " "1, " "1, " "1, " "1, " "1, " "1, " "1, " "1, " "1, " "1, " "1, " "1, " "1, " "1, " "1, " "1, " "1, " "1, " "1, " "1, " "1, " "1, " "1, " "1, " "1, " "1, " "1, " "1, " "1, " "1, " "1, " "1, " "1, " "1, " "1, " "1, " "1, " "1, " "1, " "1, " "1, " "1, " "1, " "1, " "1, " "1, " "1, " "1, " "1, " "1, " "1, " "1, " "1, " "1, " "1, " "1, " "1, " "1, " "1, " "1, " "1, " "1, " "1, " "1, " "1, " "1, " "1, " "1, " "1, " "1, " "1, " "1, " "1, " "1, " "1, " "1, " "1, " "1, " "1, " "1, " "1, " "1, " "1, " "1, " "1, " "1, " "1, " "1, " "1, " "1, " "1, " "1, " "1, " "1, " "1, " "1, " "1, " "1, " "1, " "1, " "1, " "1, " "1, " "1, " "1, " "1, " "1, " "1, " "1, " "1, " "1, " "1, " "1, " "1, " "1, " "1, " "1, " "1, " "1, " "1, " "1, " "1, " "1, " "1, " "1, " "1, " "1, " "1, " "1, " "1, " "1, " "1, " "1, " "1, " "1, " "1, " "1, " "1, " "1, " "1, " "1, " "1, " "1, " "1, " "1, " "1, " "1, " "1, " "1, " "1, " "1, " "1, " "1, " "1, " "1, " "1, " "1, " "1, " "1, " "1, " "1, " "1, " "1, " "1, " "1, " "1, " "1, " "1, " "1, " "1, " "1, " "1, " "1, " "1, " "1, " "1, " "1, " "1, " "1, " "1, " "1, " "1, " "1, " "1, " "1, " "1, " "1, " "1, " "1, " "1, " "1, " "1, " "1, " "1, " "1, " "1, " "1, " "1, " "1, " "1, " "1, " "1, " "1, " "1, " "1, " "1, " "1, " "1, " "1, " "1, " "1, " "1, " "1, " "1, " "1, " "1, " "1, " "1, " "1, " "1, " "1, " "1, " "1, " "1, " "1, " "1, " "1, " "1, " "1, " "1, " "1, " "1, " "1, " "1, " "1, " "1, " "1, " "1, " "1, " "1, " "1, " "1, " "1, " "1, " "1, " "1, " "1, " "1, " "1, " "1, " "1, " "1, " "1, " "1, " "1, " "1, " "1, " "1, " "1, " "1, " "1, " "1, " "1, " "1, " "1, " "1, " "1, " "1, " "1, " "1, " "1, " "1, " "1, " "1, " "1, " "1, " "1, " "1, " "1, " "0, " "1, " "1, " "1, " "1, " "1, " "1, " "1, " "1, " "1, " "1, " "1, " "1, " "1, " "1, " "1, " "1, " "1, " "1, " "1, " "1, " "1, " "1, " "1, " "1, " "1, " "1, " "1, " "1, "0
 "Nei485, 0.07, " "-0.749, " "1, " "1, " "1, " "1, " "1, " "1, " "1, " "1, " "1, " "1, " "1, " "1, " "1, " "1, " "1, " "1, " "1, " "1, " "1, " "1, " "1, " "1, " "1, " "1, " "1, " "1, " "1, " "1, " "1, " "1, " "1, " "1, " "1, " "1, " "1, " "1, " "1, " "1, " "1, " "1, " "1, " "1, " "1, " "1, " "1, " "1, " "1, " "1, " "1, " "1, " "1, " "1, " "1, " "1, " "1, " "1, " "1, " "1, " "1, " "1, " "1, " "1, " "1, " "1, " "1, " "1, " "1, " "1, " "1, " "1, " "1, " "1, " "1, " "1, " "1, " "1, " "1, " "1, " "1, " "1, " "1, " "1, " "1, " "1, " "1, " "1, " "1, " "1, " "1, " "1, " "1, " "1, " "1, " "1, " "1, " "1, " "1, " "1, " "1, " "1, " "1, " "1, " "1, " "1, " "1, " "1, " "1, " "1, " "1, " "1, " "1, " "1, " "1, " "1, " "1, " "1, " "1, " "1, " "1, " "1, " "1, " "1, " "1, " "1, " "1, " "1, " "1, " "1, " "1, " "1, " "1, " "1, " "1, " "1, " "1, " "1, " "1, " "1, " "1, " "1, " "1, " "1, " "1, " "1, " "1, " "1, " "1, " "1, " "1, " "1, " "1, " "1, " "1, " "1, " "1, " "1, " "1, " "1, " "1, " "1, " "1, " "1, " "1, " "1, " "1, " "1, " "1, " "1, " "1, " "1, " "1, " "1, " "1, " "1, " "1, " "1, " "1, " "1, " "1, " "1, " "1, " "1, " "1, " "1, " "1, " "1, " "1, " "1, " "1, " "1, " "1, " "1, " "1, " "1, " "1, " "1, " "1, " "1, " "1, " "1, " "1, " "1, " "1, " "1, " "1, " "1, " "1, " "1, " "1, " "1, " "1, " "1, " "1, " "1, " "1, " "1, " "1, " "1, " "1, " "1, " "1, " "1, " "1, " "1, " "1, " "1, " "1, " "1, " "1, " "1, " "1, " "1, " "1, " "1, " "1, " "1, " "1, " "1, " "1, " "1, " "1, " "1, " "1, " "1, " "1, " "1, " "1, " "1, " "1, " "1, " "1, " "1, " "1, " "1, " "1, " "1, " "1, " "1, " "1, " "1, " "1, " "1, " "1, " "1, " "1, " "1, " "1, " "1, " "1, " "1, " "1, " "1, " "1, " "1, " "1, " "1, " "1, " "1, " "1, " "1, " "1, " "1, " "1, " "1, " "1, " "1, " "1, " "1, " "1, " "1, " "1, " "1, " "1, " "1, " "1, " "1, " "1, " "1, " "1, " "1, " "1, " "1, " "1, " "1, " "1, " "1, " "1, " "1, " "1, " "1, " "1, " "1, " "1, " "1, " "1, " "1, " "1, " "1, " "1, " "1, " "1, " "1, " "1, " "1, " "1, " "1, " "1, " "1, " "1, " "1, " "1, " "1, " "1, " "1, " "1, " "1, " "1, " "1, " "1, " "1, " "1, " "1, " "1, " "1, " "1, " "1, " "1, " "1, " "1, " "1, " "1, " "1, " "1, " "1, " "1, " "1, " "1, " "1, " "1, " "1, " "1, " "1, " "1, " "1, " "1, " "1, " "1, " "1, " "1, " "1, " "1, " "1, " "1, " "1, " "1, " "1, " "1, " "1, " "1, " "1, " "1, " "1, " "1, " "1, " "1, " "1, " "1, " "1, " "1, " "1, " "1, " "1, " "1, " "1, " "1, " "1, " "1, " "1, " "1, " "1, " "1, " "1, " "1, " "1, " "1, " "1, " "1, " "1, " "1, " "1, " "1, " "1, " "1, " "1, " "1, " "1, " "1, " "1, " "1, " "1, " "1, " "1, " "1, " "1, " "1, " "1, " "1, " "1, " "1, " "1, " "1, " "1, " "1, " "1, " "1, " "1, " "1, " "1, " "1, " "1, " "1, " "1, " "1, " "1, " "1, " "1, " "1, " "1, " "1, " "1, " "1, " "1, " "1, " "1, " "1, " "1, " "1, " "1, " "1, " "1, " "1, " "1, " "1, " "1, " "1, " "1, " "1, " "1, " "1, " "1, " "1, " "1, " "1, " "1, " "1, " "1, " "1, " "1, " "1, " "1, " "1, " "1, " "1, " "1, " "1, " "0, " "1, " "1, " "1, " "1, " "1, " "1, " "1, " "1, " "1, " "1, " "1, " "1, " "1, " "1, " "1, " "1, " "1, " "1, " "1, " "1, " "1, " "1, " "1, " "1, " "1, " "1, " "1, "0
 "Nei486, 0.223, " "-0.006, " "1, " "1, " "1, " "1, " "1, " "1, " "1, " "1, " "1, " "1, " "1, " "1, " "1, " "1, " "1, " "1, " "1, " "1, " "1, " "1, " "1, " "1, " "1, " "1, " "1, " "1, " "1, " "1, " "1, " "1, " "1, " "1, " "1, " "1, " "1, " "1, " "1, " "1, " "1, " "1, " "1, " "1, " "1, " "1, " "1, " "1, " "1, " "1, " "1, " "1, " "1, " "1, " "1, " "1, " "1, " "1, " "1, " "1, " "1, " "1, " "1, " "1, " "1, " "1, " "1, " "1, " "1, " "1, " "1, " "1, " "1, " "1, " "1, " "1, " "1, " "1, " "1, " "1, " "1, " "1, " "1, " "1, " "1, " "1, " "1, " "1, " "1, " "1, " "1, " "1, " "1, " "1, " "1, " "1, " "1, " "1, " "1, " "1, " "1, " "1, " "1, " "1, " "1, " "1, " "1, " "1, " "1, " "1, " "1, " "1, " "1, " "1, " "1, " "1, " "1, " "1, " "1, " "1, " "1, " "1, " "1, " "1, " "1, " "1, " "1, " "1, " "1, " "1, " "1, " "1, " "1, " "1, " "1, " "1, " "1, " "1, " "1, " "1, " "1, " "1, " "1, " "1, " "1, " "1, " "1, " "1, " "1, " "1, " "1, " "1, " "1, " "1, " "1, " "1, " "1, " "1, " "1, " "1, " "1, " "1, " "1, " "1, " "1, " "1, " "1, " "1, " "1, " "1, " "1, " "1, " "1, " "1, " "1, " "1, " "1, " "1, " "1, " "1, " "1, " "1, " "1, " "1, " "1, " "1, " "1, " "1, " "1, " "1, " "1, " "1, " "1, " "1, " "1, " "1, " "1, " "1, " "1, " "1, " "1, " "1, " "1, " "1, " "1, " "1, " "1, " "1, " "1, " "1, " "1, " "1, " "1, " "1, " "1, " "1, " "1, " "1, " "1, " "1, " "1, " "1, " "1, " "1, " "1, " "1, " "1, " "1, " "1, " "1, " "1, " "1, " "1, " "1, " "1, " "1, " "1, " "1, " "1, " "1, " "1, " "1, " "1, " "1, " "1, " "1, " "1, " "1, " "1, " "1, " "1, " "1, " "1, " "1, " "1, " "1, " "1, " "1, " "1, " "1, " "1, " "1, " "1, " "1, " "1, " "1, " "1, " "1, " "1, " "1, " "1, " "1, " "1, " "1, " "1, " "1, " "1, " "1, " "1, " "1, " "1, " "1, " "1, " "1, " "1, " "1, " "1, " "1, " "1, " "1, " "1, " "1, " "1, " "1, " "1, " "1, " "1, " "1, " "1, " "1, " "1, " "1, " "1, " "1, " "1, " "1, " "1, " "1, " "1, " "1, " "1, " "1, " "1, " "1, " "1, " "1, " "1, " "1, " "1, " "1, " "1, " "1, " "1, " "1, " "1, " "1, " "1, " "1, " "1, " "1, " "1, " "1, " "1, " "1, " "1, " "1, " "1, " "1, " "1, " "1, " "1, " "1, " "1, " "1, " "1, " "1, " "1, " "1, " "1, " "1, " "1, " "1, " "1, " "1, " "1, " "1, " "1, " "1, " "1, " "1, " "1, " "1, " "1, " "1, " "1, " "1, " "1, " "1, " "1, " "1, " "1, " "1, " "1, " "1, " "1, " "1, " "1, " "1, " "1, " "1, " "1, " "1, " "1, " "1, " "1, " "1, " "1, " "1, " "1, " "1, " "1, " "1, " "1, " "1, " "1, " "1, " "1, " "1, " "1, " "1, " "1, " "1, " "1, " "1, " "1, " "1, " "1, " "1, " "1, " "1, " "1, " "1, " "1, " "1, " "1, " "1, " "1, " "1, " "1, " "1, " "1, " "1, " "1, " "1, " "1, " "1, " "1, " "1, " "1, " "1, " "1, " "1, " "1, " "1, " "1, " "1, " "1, " "1, " "1, " "1, " "1, " "1, " "1, " "1, " "1, " "1, " "1, " "1, " "1, " "1, " "1, " "1, " "1, " "1, " "1, " "1, " "1, " "1, " "1, " "1, " "1, " "1, " "1, " "1, " "1, " "1, " "1, " "1, " "1, " "1, " "1, " "1, " "1, " "1, " "1, " "1, " "1, " "1, " "1, " "1, " "1, " "1, " "1, " "1, " "1, " "1, " "1, " "1, " "0, " "1, " "1, " "1, " "1, " "1, " "1, " "1, " "1, " "1, " "1, " "1, " "1, " "1, " "1, " "1, " "1, " "1, " "1, " "1, " "1, " "1, " "1, " "1, " "1, " "1, " "1, "0
 "Nei487, 0.009, " "0.294, " "1, " "1, " "1, " "1, " "1, " "1, " "1, " "1, " "1, " "1, " "1, " "1, " "1, " "1, " "1, " "1, " "1, " "1, " "1, " "1, " "1, " "1, " "1, " "1, " "1, " "1, " "1, " "1, " "1, " "1, " "1, " "1, " "1, " "1, " "1, " "1, " "1, " "1, " "1, " "1, " "1, " "1, " "1, " "1, " "1, " "1, " "1, " "1, " "1, " "1, " "1, " "1, " "1, " "1, " "1, " "1, " "1, " "1, " "1, " "1, " "1, " "1, " "1, " "1, " "1, " "1, " "1, " "1, " "1, " "1, " "1, " "1, " "1, " "1, " "1, " "1, " "1, " "1, " "1, " "1, " "1, " "1, " "1, " "1, " "1, " "1, " "1, " "1, " "1, " "1, " "1, " "1, " "1, " "1, " "1, " "1, " "1, " "1, " "1, " "1, " "1, " "1, " "1, " "1, " "1, " "1, " "1, " "1, " "1, " "1, " "1, " "1, " "1, " "1, " "1, " "1, " "1, " "1, " "1, " "1, " "1, " "1, " "1, " "1, " "1, " "1, " "1, " "1, " "1, " "1, " "1, " "1, " "1, " "1, " "1, " "1, " "1, " "1, " "1, " "1, " "1, " "1, " "1, " "1, " "1, " "1, " "1, " "1, " "1, " "1, " "1, " "1, " "1, " "1, " "1, " "1, " "1, " "1, " "1, " "1, " "1, " "1, " "1, " "1, " "1, " "1, " "1, " "1, " "1, " "1, " "1, " "1, " "1, " "1, " "1, " "1, " "1, " "1, " "1, " "1, " "1, " "1, " "1, " "1, " "1, " "1, " "1, " "1, " "1, " "1, " "1, " "1, " "1, " "1, " "1, " "1, " "1, " "1, " "1, " "1, " "1, " "1, " "1, " "1, " "1, " "1, " "1, " "1, " "1, " "1, " "1, " "1, " "1, " "1, " "1, " "1, " "1, " "1, " "1, " "1, " "1, " "1, " "1, " "1, " "1, " "1, " "1, " "1, " "1, " "1, " "1, " "1, " "1, " "1, " "1, " "1, " "1, " "1, " "1, " "1, " "1, " "1, " "1, " "1, " "1, " "1, " "1, " "1, " "1, " "1, " "1, " "1, " "1, " "1, " "1, " "1, " "1, " "1, " "1, " "1, " "1, " "1, " "1, " "1, " "1, " "1, " "1, " "1, " "1, " "1, " "1, " "1, " "1, " "1, " "1, " "1, " "1, " "1, " "1, " "1, " "1, " "1, " "1, " "1, " "1, " "1, " "1, " "1, " "1, " "1, " "1, " "1, " "1, " "1, " "1, " "1, " "1, " "1, " "1, " "1, " "1, " "1, " "1, " "1, " "1, " "1, " "1, " "1, " "1, " "1, " "1, " "1, " "1, " "1, " "1, " "1, " "1, " "1, " "1, " "1, " "1, " "1, " "1, " "1, " "1, " "1, " "1, " "1, " "1, " "1, " "1, " "1, " "1, " "1, " "1, " "1, " "1, " "1, " "1, " "1, " "1, " "1, " "1, " "1, " "1, " "1, " "1, " "1, " "1, " "1, " "1, " "1, " "1, " "1, " "1, " "1, " "1, " "1, " "1, " "1, " "1, " "1, " "1, " "1, " "1, " "1, " "1, " "1, " "1, " "1, " "1, " "1, " "1, " "1, " "1, " "1, " "1, " "1, " "1, " "1, " "1, " "1, " "1, " "1, " "1, " "1, " "1, " "1, " "1, " "1, " "1, " "1, " "1, " "1, " "1, " "1, " "1, " "1, " "1, " "1, " "1, " "1, " "1, " "1, " "1, " "1, " "1, " "1, " "1, " "1, " "1, " "1, " "1, " "1, " "1, " "1, " "1, " "1, " "1, " "1, " "1, " "1, " "1, " "1, " "1, " "1, " "1, " "1, " "1, " "1, " "1, " "1, " "1, " "1, " "1, " "1, " "1, " "1, " "1, " "1, " "1, " "1, " "1, " "1, " "1, " "1, " "1, " "1, " "1, " "1, " "1, " "1, " "1, " "1, " "1, " "1, " "1, " "1, " "1, " "1, " "1, " "1, " "1, " "1, " "1, " "1, " "1, " "1, " "1, " "1, " "1, " "1, " "1, " "1, " "1, " "1, " "1, " "1, " "1, " "1, " "1, " "1, " "1, " "1, " "1, " "1, " "1, " "0, " "1, " "1, " "1, " "1, " "1, " "1, " "1, " "1, " "1, " "1, " "1, " "1, " "1, " "1, " "1, " "1, " "1, " "1, " "1, " "1, " "1, " "1, " "1, " "1, " "1, "0
 "Nei488, 0.171, " "0.777, " "1, " "1, " "1, " "1, " "1, " "1, " "1, " "1, " "1, " "1, " "1, " "1, " "1, " "1, " "1, " "1, " "1, " "1, " "1, " "1, " "1, " "1, " "1, " "1, " "1, " "1, " "1, " "1, " "1, " "1, " "1, " "1, " "1, " "1, " "1, " "1, " "1, " "1, " "1, " "1, " "1, " "1, " "1, " "1, " "1, " "1, " "1, " "1, " "1, " "1, " "1, " "1, " "1, " "1, " "1, " "1, " "1, " "1, " "1, " "1, " "1, " "1, " "1, " "1, " "1, " "1, " "1, " "1, " "1, " "1, " "1, " "1, " "1, " "1, " "1, " "1, " "1, " "1, " "1, " "1, " "1, " "1, " "1, " "1, " "1, " "1, " "1, " "1, " "1, " "1, " "1, " "1, " "1, " "1, " "1, " "1, " "1, " "1, " "1, " "1, " "1, " "1, " "1, " "1, " "1, " "1, " "1, " "1, " "1, " "1, " "1, " "1, " "1, " "1, " "1, " "1, " "1, " "1, " "1, " "1, " "1, " "1, " "1, " "1, " "1, " "1, " "1, " "1, " "1, " "1, " "1, " "1, " "1, " "1, " "1, " "1, " "1, " "1, " "1, " "1, " "1, " "1, " "1, " "1, " "1, " "1, " "1, " "1, " "1, " "1, " "1, " "1, " "1, " "1, " "1, " "1, " "1, " "1, " "1, " "1, " "1, " "1, " "1, " "1, " "1, " "1, " "1, " "1, " "1, " "1, " "1, " "1, " "1, " "1, " "1, " "1, " "1, " "1, " "1, " "1, " "1, " "1, " "1, " "1, " "1, " "1, " "1, " "1, " "1, " "1, " "1, " "1, " "1, " "1, " "1, " "1, " "1, " "1, " "1, " "1, " "1, " "1, " "1, " "1, " "1, " "1, " "1, " "1, " "1, " "1, " "1, " "1, " "1, " "1, " "1, " "1, " "1, " "1, " "1, " "1, " "1, " "1, " "1, " "1, " "1, " "1, " "1, " "1, " "1, " "1, " "1, " "1, " "1, " "1, " "1, " "1, " "1, " "1, " "1, " "1, " "1, " "1, " "1, " "1, " "1, " "1, " "1, " "1, " "1, " "1, " "1, " "1, " "1, " "1, " "1, " "1, " "1, " "1, " "1, " "1, " "1, " "1, " "1, " "1, " "1, " "1, " "1, " "1, " "1, " "1, " "1, " "1, " "1, " "1, " "1, " "1, " "1, " "1, " "1, " "1, " "1, " "1, " "1, " "1, " "1, " "1, " "1, " "1, " "1, " "1, " "1, " "1, " "1, " "1, " "1, " "1, " "1, " "1, " "1, " "1, " "1, " "1, " "1, " "1, " "1, " "1, " "1, " "1, " "1, " "1, " "1, " "1, " "1, " "1, " "1, " "1, " "1, " "1, " "1, " "1, " "1, " "1, " "1, " "1, " "1, " "1, " "1, " "1, " "1, " "1, " "1, " "1, " "1, " "1, " "1, " "1, " "1, " "1, " "1, " "1, " "1, " "1, " "1, " "1, " "1, " "1, " "1, " "1, " "1, " "1, " "1, " "1, " "1, " "1, " "1, " "1, " "1, " "1, " "1, " "1, " "1, " "1, " "1, " "1, " "1, " "1, " "1, " "1, " "1, " "1, " "1, " "1, " "1, " "1, " "1, " "1, " "1, " "1, " "1, " "1, " "1, " "1, " "1, " "1, " "1, " "1, " "1, " "1, " "1, " "1, " "1, " "1, " "1, " "1, " "1, " "1, " "1, " "1, " "1, " "1, " "1, " "1, " "1, " "1, " "1, " "1, " "1, " "1, " "1, " "1, " "1, " "1, " "1, " "1, " "1, " "1, " "1, " "1, " "1, " "1, " "1, " "1, " "1, " "1, " "1, " "1, " "1, " "1, " "1, " "1, " "1, " "1, " "1, " "1, " "1, " "1, " "1, " "1, " "1, " "1, " "1, " "1, " "1, " "1, " "1, " "1, " "1, " "1, " "1, " "1, " "1, " "1, " "1, " "1, " "1, " "1, " "1, " "1, " "1, " "1, " "1, " "1, " "1, " "1, " "1, " "1, " "1, " "1, " "1, " "1, " "1, " "1, " "1, " "1, " "1, " "1, " "1, " "1, " "1, " "1, " "1, " "1, " "1, " "1, " "1, " "1, " "1, " "1, " "0, " "1, " "1, " "1, " "1, " "1, " "1, " "1, " "1, " "1, " "1, " "1, " "1, " "1, " "1, " "1, " "1, " "1, " "1, " "1, " "1, " "1, " "1, " "1, " "1, "0
 "Nei489, 0.291, " "0.59, " "1, " "1, " "1, " "1, " "1, " "1, " "1, " "1, " "1, " "1, " "1, " "1, " "1, " "1, " "1, " "1, " "1, " "1, " "1, " "1, " "1, " "1, " "1, " "1, " "1, " "1, " "1, " "1, " "1, " "1, " "1, " "1, " "1, " "1, " "1, " "1, " "1, " "1, " "1, " "1, " "1, " "1, " "1, " "1, " "1, " "1, " "1, " "1, " "1, " "1, " "1, " "1, " "1, " "1, " "1, " "1, " "1, " "1, " "1, " "1, " "1, " "1, " "1, " "1, " "1, " "1, " "1, " "1, " "1, " "1, " "1, " "1, " "1, " "1, " "1, " "1, " "1, " "1, " "1, " "1, " "1, " "1, " "1, " "1, " "1, " "1, " "1, " "1, " "1, " "1, " "1, " "1, " "1, " "1, " "1, " "1, " "1, " "1, " "1, " "1, " "1, " "1, " "1, " "1, " "1, " "1, " "1, " "1, " "1, " "1, " "1, " "1, " "1, " "1, " "1, " "1, " "1, " "1, " "1, " "1, " "1, " "1, " "1, " "1, " "1, " "1, " "1, " "1, " "1, " "1, " "1, " "1, " "1, " "1, " "1, " "1, " "1, " "1, " "1, " "1, " "1, " "1, " "1, " "1, " "1, " "1, " "1, " "1, " "1, " "1, " "1, " "1, " "1, " "1, " "1, " "1, " "1, " "1, " "1, " "1, " "1, " "1, " "1, " "1, " "1, " "1, " "1, " "1, " "1, " "1, " "1, " "1, " "1, " "1, " "1, " "1, " "1, " "1, " "1, " "1, " "1, " "1, " "1, " "1, " "1, " "1, " "1, " "1, " "1, " "1, " "1, " "1, " "1, " "1, " "1, " "1, " "1, " "1, " "1, " "1, " "1, " "1, " "1, " "1, " "1, " "1, " "1, " "1, " "1, " "1, " "1, " "1, " "1, " "1, " "1, " "1, " "1, " "1, " "1, " "1, " "1, " "1, " "1, " "1, " "1, " "1, " "1, " "1, " "1, " "1, " "1, " "1, " "1, " "1, " "1, " "1, " "1, " "1, " "1, " "1, " "1, " "1, " "1, " "1, " "1, " "1, " "1, " "1, " "1, " "1, " "1, " "1, " "1, " "1, " "1, " "1, " "1, " "1, " "1, " "1, " "1, " "1, " "1, " "1, " "1, " "1, " "1, " "1, " "1, " "1, " "1, " "1, " "1, " "1, " "1, " "1, " "1, " "1, " "1, " "1, " "1, " "1, " "1, " "1, " "1, " "1, " "1, " "1, " "1, " "1, " "1, " "1, " "1, " "1, " "1, " "1, " "1, " "1, " "1, " "1, " "1, " "1, " "1, " "1, " "1, " "1, " "1, " "1, " "1, " "1, " "1, " "1, " "1, " "1, " "1, " "1, " "1, " "1, " "1, " "1, " "1, " "1, " "1, " "1, " "1, " "1, " "1, " "1, " "1, " "1, " "1, " "1, " "1, " "1, " "1, " "1, " "1, " "1, " "1, " "1, " "1, " "1, " "1, " "1, " "1, " "1, " "1, " "1, " "1, " "1, " "1, " "1, " "1, " "1, " "1, " "1, " "1, " "1, " "1, " "1, " "1, " "1, " "1, " "1, " "1, " "1, " "1, " "1, " "1, " "1, " "1, " "1, " "1, " "1, " "1, " "1, " "1, " "1, " "1, " "1, " "1, " "1, " "1, " "1, " "1, " "1, " "1, " "1, " "1, " "1, " "1, " "1, " "1, " "1, " "1, " "1, " "1, " "1, " "1, " "1, " "1, " "1, " "1, " "1, " "1, " "1, " "1, " "1, " "1, " "1, " "1, " "1, " "1, " "1, " "1, " "1, " "1, " "1, " "1, " "1, " "1, " "1, " "1, " "1, " "1, " "1, " "1, " "1, " "1, " "1, " "1, " "1, " "1, " "1, " "1, " "1, " "1, " "1, " "1, " "1, " "1, " "1, " "1, " "1, " "1, " "1, " "1, " "1, " "1, " "1, " "1, " "1, " "1, " "1, " "1, " "1, " "1, " "1, " "1, " "1, " "1, " "1, " "1, " "1, " "1, " "1, " "1, " "1, " "1, " "1, " "1, " "1, " "1, " "1, " "1, " "1, " "1, " "1, " "1, " "1, " "1, " "1, " "1, " "1, " "1, " "1, " "1, " "1, " "1, " "0, " "1, " "1, " "1, " "1, " "1, " "1, " "1, " "1, " "1, " "1, " "1, " "1, " "1, " "1, " "1, " "1, " "1, " "1, " "1, " "1, " "1, " "1, " "1, "0
 "Nei490, 0.25, " "0.056, " "1, " "1, " "1, " "1, " "1, " "1, " "1, " "1, " "1, " "1, " "1, " "1, " "1, " "1, " "1, " "1, " "1, " "1, " "1, " "1, " "1, " "1, " "1, " "1, " "1, " "1, " "1, " "1, " "1, " "1, " "1, " "1, " "1, " "1, " "1, " "1, " "1, " "1, " "1, " "1, " "1, " "1, " "1, " "1, " "1, " "1, " "1, " "1, " "1, " "1, " "1, " "1, " "1, " "1, " "1, " "1, " "1, " "1, " "1, " "1, " "1, " "1, " "1, " "1, " "1, " "1, " "1, " "1, " "1, " "1, " "1, " "1, " "1, " "1, " "1, " "1, " "1, " "1, " "1, " "1, " "1, " "1, " "1, " "1, " "1, " "1, " "1, " "1, " "1, " "1, " "1, " "1, " "1, " "1, " "1, " "1, " "1, " "1, " "1, " "1, " "1, " "1, " "1, " "1, " "1, " "1, " "1, " "1, " "1, " "1, " "1, " "1, " "1, " "1, " "1, " "1, " "1, " "1, " "1, " "1, " "1, " "1, " "1, " "1, " "1, " "1, " "1, " "1, " "1, " "1, " "1, " "1, " "1, " "1, " "1, " "1, " "1, " "1, " "1, " "1, " "1, " "1, " "1, " "1, " "1, " "1, " "1, " "1, " "1, " "1, " "1, " "1, " "1, " "1, " "1, " "1, " "1, " "1, " "1, " "1, " "1, " "1, " "1, " "1, " "1, " "1, " "1, " "1, " "1, " "1, " "1, " "1, " "1, " "1, " "1, " "1, " "1, " "1, " "1, " "1, " "1, " "1, " "1, " "1, " "1, " "1, " "1, " "1, " "1, " "1, " "1, " "1, " "1, " "1, " "1, " "1, " "1, " "1, " "1, " "1, " "1, " "1, " "1, " "1, " "1, " "1, " "1, " "1, " "1, " "1, " "1, " "1, " "1, " "1, " "1, " "1, " "1, " "1, " "1, " "1, " "1, " "1, " "1, " "1, " "1, " "1, " "1, " "1, " "1, " "1, " "1, " "1, " "1, " "1, " "1, " "1, " "1, " "1, " "1, " "1, " "1, " "1, " "1, " "1, " "1, " "1, " "1, " "1, " "1, " "1, " "1, " "1, " "1, " "1, " "1, " "1, " "1, " "1, " "1, " "1, " "1, " "1, " "1, " "1, " "1, " "1, " "1, " "1, " "1, " "1, " "1, " "1, " "1, " "1, " "1, " "1, " "1, " "1, " "1, " "1, " "1, " "1, " "1, " "1, " "1, " "1, " "1, " "1, " "1, " "1, " "1, " "1, " "1, " "1, " "1, " "1, " "1, " "1, " "1, " "1, " "1, " "1, " "1, " "1, " "1, " "1, " "1, " "1, " "1, " "1, " "1, " "1, " "1, " "1, " "1, " "1, " "1, " "1, " "1, " "1, " "1, " "1, " "1, " "1, " "1, " "1, " "1, " "1, " "1, " "1, " "1, " "1, " "1, " "1, " "1, " "1, " "1, " "1, " "1, " "1, " "1, " "1, " "1, " "1, " "1, " "1, " "1, " "1, " "1, " "1, " "1, " "1, " "1, " "1, " "1, " "1, " "1, " "1, " "1, " "1, " "1, " "1, " "1, " "1, " "1, " "1, " "1, " "1, " "1, " "1, " "1, " "1, " "1, " "1, " "1, " "1, " "1, " "1, " "1, " "1, " "1, " "1, " "1, " "1, " "1, " "1, " "1, " "1, " "1, " "1, " "1, " "1, " "1, " "1, " "1, " "1, " "1, " "1, " "1, " "1, " "1, " "1, " "1, " "1, " "1, " "1, " "1, " "1, " "1, " "1, " "1, " "1, " "1, " "1, " "1, " "1, " "1, " "1, " "1, " "1, " "1, " "1, " "1, " "1, " "1, " "1, " "1, " "1, " "1, " "1, " "1, " "1, " "1, " "1, " "1, " "1, " "1, " "1, " "1, " "1, " "1, " "1, " "1, " "1, " "1, " "1, " "1, " "1, " "1, " "1, " "1, " "1, " "1, " "1, " "1, " "1, " "1, " "1, " "1, " "1, " "1, " "1, " "1, " "1, " "1, " "1, " "1, " "1, " "1, " "1, " "1, " "1, " "1, " "1, " "1, " "1, " "1, " "1, " "1, " "1, " "1, " "1, " "1, " "1, " "1, " "1, " "1, " "1, " "1, " "1, " "0, " "1, " "1, " "1, " "1, " "1, " "1, " "1, " "1, " "1, " "1, " "1, " "1, " "1, " "1, " "1, " "1, " "1, " "1, " "1, " "1, " "1, " "1, "0
 "Nei491, 0.257, " "-0.401, " "1, " "1, " "1, " "1, " "1, " "1, " "1, " "1, " "1, " "1, " "1, " "1, " "1, " "1, " "1, " "1, " "1, " "1, " "1, " "1, " "1, " "1, " "1, " "1, " "1, " "1, " "1, " "1, " "1, " "1, " "1, " "1, " "1, " "1, " "1, " "1, " "1, " "1, " "1, " "1, " "1, " "1, " "1, " "1, " "1, " "1, " "1, " "1, " "1, " "1, " "1, " "1, " "1, " "1, " "1, " "1, " "1, " "1, " "1, " "1, " "1, " "1, " "1, " "1, " "1, " "1, " "1, " "1, " "1, " "1, " "1, " "1, " "1, " "1, " "1, " "1, " "1, " "1, " "1, " "1, " "1, " "1, " "1, " "1, " "1, " "1, " "1, " "1, " "1, " "1, " "1, " "1, " "1, " "1, " "1, " "1, " "1, " "1, " "1, " "1, " "1, " "1, " "1, " "1, " "1, " "1, " "1, " "1, " "1, " "1, " "1, " "1, " "1, " "1, " "1, " "1, " "1, " "1, " "1, " "1, " "1, " "1, " "1, " "1, " "1, " "1, " "1, " "1, " "1, " "1, " "1, " "1, " "1, " "1, " "1, " "1, " "1, " "1, " "1, " "1, " "1, " "1, " "1, " "1, " "1, " "1, " "1, " "1, " "1, " "1, " "1, " "1, " "1, " "1, " "1, " "1, " "1, " "1, " "1, " "1, " "1, " "1, " "1, " "1, " "1, " "1, " "1, " "1, " "1, " "1, " "1, " "1, " "1, " "1, " "1, " "1, " "1, " "1, " "1, " "1, " "1, " "1, " "1, " "1, " "1, " "1, " "1, " "1, " "1, " "1, " "1, " "1, " "1, " "1, " "1, " "1, " "1, " "1, " "1, " "1, " "1, " "1, " "1, " "1, " "1, " "1, " "1, " "1, " "1, " "1, " "1, " "1, " "1, " "1, " "1, " "1, " "1, " "1, " "1, " "1, " "1, " "1, " "1, " "1, " "1, " "1, " "1, " "1, " "1, " "1, " "1, " "1, " "1, " "1, " "1, " "1, " "1, " "1, " "1, " "1, " "1, " "1, " "1, " "1, " "1, " "1, " "1, " "1, " "1, " "1, " "1, " "1, " "1, " "1, " "1, " "1, " "1, " "1, " "1, " "1, " "1, " "1, " "1, " "1, " "1, " "1, " "1, " "1, " "1, " "1, " "1, " "1, " "1, " "1, " "1, " "1, " "1, " "1, " "1, " "1, " "1, " "1, " "1, " "1, " "1, " "1, " "1, " "1, " "1, " "1, " "1, " "1, " "1, " "1, " "1, " "1, " "1, " "1, " "1, " "1, " "1, " "1, " "1, " "1, " "1, " "1, " "1, " "1, " "1, " "1, " "1, " "1, " "1, " "1, " "1, " "1, " "1, " "1, " "1, " "1, " "1, " "1, " "1, " "1, " "1, " "1, " "1, " "1, " "1, " "1, " "1, " "1, " "1, " "1, " "1, " "1, " "1, " "1, " "1, " "1, " "1, " "1, " "1, " "1, " "1, " "1, " "1, " "1, " "1, " "1, " "1, " "1, " "1, " "1, " "1, " "1, " "1, " "1, " "1, " "1, " "1, " "1, " "1, " "1, " "1, " "1, " "1, " "1, " "1, " "1, " "1, " "1, " "1, " "1, " "1, " "1, " "1, " "1, " "1, " "1, " "1, " "1, " "1, " "1, " "1, " "1, " "1, " "1, " "1, " "1, " "1, " "1, " "1, " "1, " "1, " "1, " "1, " "1, " "1, " "1, " "1, " "1, " "1, " "1, " "1, " "1, " "1, " "1, " "1, " "1, " "1, " "1, " "1, " "1, " "1, " "1, " "1, " "1, " "1, " "1, " "1, " "1, " "1, " "1, " "1, " "1, " "1, " "1, " "1, " "1, " "1, " "1, " "1, " "1, " "1, " "1, " "1, " "1, " "1, " "1, " "1, " "1, " "1, " "1, " "1, " "1, " "1, " "1, " "1, " "1, " "1, " "1, " "1, " "1, " "1, " "1, " "1, " "1, " "1, " "1, " "1, " "1, " "1, " "1, " "1, " "1, " "1, " "1, " "1, " "1, " "1, " "1, " "1, " "1, " "1, " "1, " "1, " "1, " "1, " "1, " "1, " "1, " "1, " "1, " "1, " "1, " "1, " "1, " "1, " "1, " "1, " "0, " "1, " "1, " "1, " "1, " "1, " "1, " "1, " "1, " "1, " "1, " "1, " "1, " "1, " "1, " "1, " "1, " "1, " "1, " "1, " "1, " "1, "0
 "Nei492, 0.218, " "0.222, " "1, " "1, " "1, " "1, " "1, " "1, " "1, " "1, " "1, " "1, " "1, " "1, " "1, " "1, " "1, " "1, " "1, " "1, " "1, " "1, " "1, " "1, " "1, " "1, " "1, " "1, " "1, " "1, " "1, " "1, " "1, " "1, " "1, " "1, " "1, " "1, " "1, " "1, " "1, " "1, " "1, " "1, " "1, " "1, " "1, " "1, " "1, " "1, " "1, " "1, " "1, " "1, " "1, " "1, " "1, " "1, " "1, " "1, " "1, " "1, " "1, " "1, " "1, " "1, " "1, " "1, " "1, " "1, " "1, " "1, " "1, " "1, " "1, " "1, " "1, " "1, " "1, " "1, " "1, " "1, " "1, " "1, " "1, " "1, " "1, " "1, " "1, " "1, " "1, " "1, " "1, " "1, " "1, " "1, " "1, " "1, " "1, " "1, " "1, " "1, " "1, " "1, " "1, " "1, " "1, " "1, " "1, " "1, " "1, " "1, " "1, " "1, " "1, " "1, " "1, " "1, " "1, " "1, " "1, " "1, " "1, " "1, " "1, " "1, " "1, " "1, " "1, " "1, " "1, " "1, " "1, " "1, " "1, " "1, " "1, " "1, " "1, " "1, " "1, " "1, " "1, " "1, " "1, " "1, " "1, " "1, " "1, " "1, " "1, " "1, " "1, " "1, " "1, " "1, " "1, " "1, " "1, " "1, " "1, " "1, " "1, " "1, " "1, " "1, " "1, " "1, " "1, " "1, " "1, " "1, " "1, " "1, " "1, " "1, " "1, " "1, " "1, " "1, " "1, " "1, " "1, " "1, " "1, " "1, " "1, " "1, " "1, " "1, " "1, " "1, " "1, " "1, " "1, " "1, " "1, " "1, " "1, " "1, " "1, " "1, " "1, " "1, " "1, " "1, " "1, " "1, " "1, " "1, " "1, " "1, " "1, " "1, " "1, " "1, " "1, " "1, " "1, " "1, " "1, " "1, " "1, " "1, " "1, " "1, " "1, " "1, " "1, " "1, " "1, " "1, " "1, " "1, " "1, " "1, " "1, " "1, " "1, " "1, " "1, " "1, " "1, " "1, " "1, " "1, " "1, " "1, " "1, " "1, " "1, " "1, " "1, " "1, " "1, " "1, " "1, " "1, " "1, " "1, " "1, " "1, " "1, " "1, " "1, " "1, " "1, " "1, " "1, " "1, " "1, " "1, " "1, " "1, " "1, " "1, " "1, " "1, " "1, " "1, " "1, " "1, " "1, " "1, " "1, " "1, " "1, " "1, " "1, " "1, " "1, " "1, " "1, " "1, " "1, " "1, " "1, " "1, " "1, " "1, " "1, " "1, " "1, " "1, " "1, " "1, " "1, " "1, " "1, " "1, " "1, " "1, " "1, " "1, " "1, " "1, " "1, " "1, " "1, " "1, " "1, " "1, " "1, " "1, " "1, " "1, " "1, " "1, " "1, " "1, " "1, " "1, " "1, " "1, " "1, " "1, " "1, " "1, " "1, " "1, " "1, " "1, " "1, " "1, " "1, " "1, " "1, " "1, " "1, " "1, " "1, " "1, " "1, " "1, " "1, " "1, " "1, " "1, " "1, " "1, " "1, " "1, " "1, " "1, " "1, " "1, " "1, " "1, " "1, " "1, " "1, " "1, " "1, " "1, " "1, " "1, " "1, " "1, " "1, " "1, " "1, " "1, " "1, " "1, " "1, " "1, " "1, " "1, " "1, " "1, " "1, " "1, " "1, " "1, " "1, " "1, " "1, " "1, " "1, " "1, " "1, " "1, " "1, " "1, " "1, " "1, " "1, " "1, " "1, " "1, " "1, " "1, " "1, " "1, " "1, " "1, " "1, " "1, " "1, " "1, " "1, " "1, " "1, " "1, " "1, " "1, " "1, " "1, " "1, " "1, " "1, " "1, " "1, " "1, " "1, " "1, " "1, " "1, " "1, " "1, " "1, " "1, " "1, " "1, " "1, " "1, " "1, " "1, " "1, " "1, " "1, " "1, " "1, " "1, " "1, " "1, " "1, " "1, " "1, " "1, " "1, " "1, " "1, " "1, " "1, " "1, " "1, " "1, " "1, " "1, " "1, " "1, " "1, " "1, " "1, " "1, " "1, " "1, " "1, " "1, " "1, " "1, " "1, " "1, " "1, " "1, " "1, " "1, " "1, " "1, " "1, " "1, " "1, " "1, " "0, " "1, " "1, " "1, " "1, " "1, " "1, " "1, " "1, " "1, " "1, " "1, " "1, " "1, " "1, " "1, " "1, " "1, " "1, " "1, " "1, "0
 "Nei493, 0.132, " "0.357, " "1, " "1, " "1, " "1, " "1, " "1, " "1, " "1, " "1, " "1, " "1, " "1, " "1, " "1, " "1, " "1, " "1, " "1, " "1, " "1, " "1, " "1, " "1, " "1, " "1, " "1, " "1, " "1, " "1, " "1, " "1, " "1, " "1, " "1, " "1, " "1, " "1, " "1, " "1, " "1, " "1, " "1, " "1, " "1, " "1, " "1, " "1, " "1, " "1, " "1, " "1, " "1, " "1, " "1, " "1, " "1, " "1, " "1, " "1, " "1, " "1, " "1, " "1, " "1, " "1, " "1, " "1, " "1, " "1, " "1, " "1, " "1, " "1, " "1, " "1, " "1, " "1, " "1, " "1, " "1, " "1, " "1, " "1, " "1, " "1, " "1, " "1, " "1, " "1, " "1, " "1, " "1, " "1, " "1, " "1, " "1, " "1, " "1, " "1, " "1, " "1, " "1, " "1, " "1, " "1, " "1, " "1, " "1, " "1, " "1, " "1, " "1, " "1, " "1, " "1, " "1, " "1, " "1, " "1, " "1, " "1, " "1, " "1, " "1, " "1, " "1, " "1, " "1, " "1, " "1, " "1, " "1, " "1, " "1, " "1, " "1, " "1, " "1, " "1, " "1, " "1, " "1, " "1, " "1, " "1, " "1, " "1, " "1, " "1, " "1, " "1, " "1, " "1, " "1, " "1, " "1, " "1, " "1, " "1, " "1, " "1, " "1, " "1, " "1, " "1, " "1, " "1, " "1, " "1, " "1, " "1, " "1, " "1, " "1, " "1, " "1, " "1, " "1, " "1, " "1, " "1, " "1, " "1, " "1, " "1, " "1, " "1, " "1, " "1, " "1, " "1, " "1, " "1, " "1, " "1, " "1, " "1, " "1, " "1, " "1, " "1, " "1, " "1, " "1, " "1, " "1, " "1, " "1, " "1, " "1, " "1, " "1, " "1, " "1, " "1, " "1, " "1, " "1, " "1, " "1, " "1, " "1, " "1, " "1, " "1, " "1, " "1, " "1, " "1, " "1, " "1, " "1, " "1, " "1, " "1, " "1, " "1, " "1, " "1, " "1, " "1, " "1, " "1, " "1, " "1, " "1, " "1, " "1, " "1, " "1, " "1, " "1, " "1, " "1, " "1, " "1, " "1, " "1, " "1, " "1, " "1, " "1, " "1, " "1, " "1, " "1, " "1, " "1, " "1, " "1, " "1, " "1, " "1, " "1, " "1, " "1, " "1, " "1, " "1, " "1, " "1, " "1, " "1, " "1, " "1, " "1, " "1, " "1, " "1, " "1, " "1, " "1, " "1, " "1, " "1, " "1, " "1, " "1, " "1, " "1, " "1, " "1, " "1, " "1, " "1, " "1, " "1, " "1, " "1, " "1, " "1, " "1, " "1, " "1, " "1, " "1, " "1, " "1, " "1, " "1, " "1, " "1, " "1, " "1, " "1, " "1, " "1, " "1, " "1, " "1, " "1, " "1, " "1, " "1, " "1, " "1, " "1, " "1, " "1, " "1, " "1, " "1, " "1, " "1, " "1, " "1, " "1, " "1, " "1, " "1, " "1, " "1, " "1, " "1, " "1, " "1, " "1, " "1, " "1, " "1, " "1, " "1, " "1, " "1, " "1, " "1, " "1, " "1, " "1, " "1, " "1, " "1, " "1, " "1, " "1, " "1, " "1, " "1, " "1, " "1, " "1, " "1, " "1, " "1, " "1, " "1, " "1, " "1, " "1, " "1, " "1, " "1, " "1, " "1, " "1, " "1, " "1, " "1, " "1, " "1, " "1, " "1, " "1, " "1, " "1, " "1, " "1, " "1, " "1, " "1, " "1, " "1, " "1, " "1, " "1, " "1, " "1, " "1, " "1, " "1, " "1, " "1, " "1, " "1, " "1, " "1, " "1, " "1, " "1, " "1, " "1, " "1, " "1, " "1, " "1, " "1, " "1, " "1, " "1, " "1, " "1, " "1, " "1, " "1, " "1, " "1, " "1, " "1, " "1, " "1, " "1, " "1, " "1, " "1, " "1, " "1, " "1, " "1, " "1, " "1, " "1, " "1, " "1, " "1, " "1, " "1, " "1, " "1, " "1, " "1, " "1, " "1, " "1, " "1, " "1, " "1, " "1, " "1, " "1, " "1, " "1, " "1, " "1, " "1, " "1, " "1, " "1, " "1, " "1, " "1, " "1, " "1, " "1, " "0, " "1, " "1, " "1, " "1, " "1, " "1, " "1, " "1, " "1, " "1, " "1, " "1, " "1, " "1, " "1, " "1, " "1, " "1, " "1, "0
 "Nei494, 0.105, " "-0.985, " "1, " "1, " "1, " "1, " "1, " "1, " "1, " "1, " "1, " "1, " "1, " "1, " "1, " "1, " "1, " "1, " "1, " "1, " "1, " "1, " "1, " "1, " "1, " "1, " "1, " "1, " "1, " "1, " "1, " "1, " "1, " "1, " "1, " "1, " "1, " "1, " "1, " "1, " "1, " "1, " "1, " "1, " "1, " "1, " "1, " "1, " "1, " "1, " "1, " "1, " "1, " "1, " "1, " "1, " "1, " "1, " "1, " "1, " "1, " "1, " "1, " "1, " "1, " "1, " "1, " "1, " "1, " "1, " "1, " "1, " "1, " "1, " "1, " "1, " "1, " "1, " "1, " "1, " "1, " "1, " "1, " "1, " "1, " "1, " "1, " "1, " "1, " "1, " "1, " "1, " "1, " "1, " "1, " "1, " "1, " "1, " "1, " "1, " "1, " "1, " "1, " "1, " "1, " "1, " "1, " "1, " "1, " "1, " "1, " "1, " "1, " "1, " "1, " "1, " "1, " "1, " "1, " "1, " "1, " "1, " "1, " "1, " "1, " "1, " "1, " "1, " "1, " "1, " "1, " "1, " "1, " "1, " "1, " "1, " "1, " "1, " "1, " "1, " "1, " "1, " "1, " "1, " "1, " "1, " "1, " "1, " "1, " "1, " "1, " "1, " "1, " "1, " "1, " "1, " "1, " "1, " "1, " "1, " "1, " "1, " "1, " "1, " "1, " "1, " "1, " "1, " "1, " "1, " "1, " "1, " "1, " "1, " "1, " "1, " "1, " "1, " "1, " "1, " "1, " "1, " "1, " "1, " "1, " "1, " "1, " "1, " "1, " "1, " "1, " "1, " "1, " "1, " "1, " "1, " "1, " "1, " "1, " "1, " "1, " "1, " "1, " "1, " "1, " "1, " "1, " "1, " "1, " "1, " "1, " "1, " "1, " "1, " "1, " "1, " "1, " "1, " "1, " "1, " "1, " "1, " "1, " "1, " "1, " "1, " "1, " "1, " "1, " "1, " "1, " "1, " "1, " "1, " "1, " "1, " "1, " "1, " "1, " "1, " "1, " "1, " "1, " "1, " "1, " "1, " "1, " "1, " "1, " "1, " "1, " "1, " "1, " "1, " "1, " "1, " "1, " "1, " "1, " "1, " "1, " "1, " "1, " "1, " "1, " "1, " "1, " "1, " "1, " "1, " "1, " "1, " "1, " "1, " "1, " "1, " "1, " "1, " "1, " "1, " "1, " "1, " "1, " "1, " "1, " "1, " "1, " "1, " "1, " "1, " "1, " "1, " "1, " "1, " "1, " "1, " "1, " "1, " "1, " "1, " "1, " "1, " "1, " "1, " "1, " "1, " "1, " "1, " "1, " "1, " "1, " "1, " "1, " "1, " "1, " "1, " "1, " "1, " "1, " "1, " "1, " "1, " "1, " "1, " "1, " "1, " "1, " "1, " "1, " "1, " "1, " "1, " "1, " "1, " "1, " "1, " "1, " "1, " "1, " "1, " "1, " "1, " "1, " "1, " "1, " "1, " "1, " "1, " "1, " "1, " "1, " "1, " "1, " "1, " "1, " "1, " "1, " "1, " "1, " "1, " "1, " "1, " "1, " "1, " "1, " "1, " "1, " "1, " "1, " "1, " "1, " "1, " "1, " "1, " "1, " "1, " "1, " "1, " "1, " "1, " "1, " "1, " "1, " "1, " "1, " "1, " "1, " "1, " "1, " "1, " "1, " "1, " "1, " "1, " "1, " "1, " "1, " "1, " "1, " "1, " "1, " "1, " "1, " "1, " "1, " "1, " "1, " "1, " "1, " "1, " "1, " "1, " "1, " "1, " "1, " "1, " "1, " "1, " "1, " "1, " "1, " "1, " "1, " "1, " "1, " "1, " "1, " "1, " "1, " "1, " "1, " "1, " "1, " "1, " "1, " "1, " "1, " "1, " "1, " "1, " "1, " "1, " "1, " "1, " "1, " "1, " "1, " "1, " "1, " "1, " "1, " "1, " "1, " "1, " "1, " "1, " "1, " "1, " "1, " "1, " "1, " "1, " "1, " "1, " "1, " "1, " "1, " "1, " "1, " "1, " "1, " "1, " "1, " "1, " "1, " "1, " "1, " "1, " "1, " "1, " "1, " "1, " "1, " "1, " "1, " "1, " "1, " "1, " "1, " "1, " "1, " "1, " "1, " "1, " "1, " "1, " "0, " "1, " "1, " "1, " "1, " "1, " "1, " "1, " "1, " "1, " "1, " "1, " "1, " "1, " "1, " "1, " "1, " "1, " "1, "0
 "Nei495, 0.285, " "-0.512, " "1, " "1, " "1, " "1, " "1, " "1, " "1, " "1, " "1, " "1, " "1, " "1, " "1, " "1, " "1, " "1, " "1, " "1, " "1, " "1, " "1, " "1, " "1, " "1, " "1, " "1, " "1, " "1, " "1, " "1, " "1, " "1, " "1, " "1, " "1, " "1, " "1, " "1, " "1, " "1, " "1, " "1, " "1, " "1, " "1, " "1, " "1, " "1, " "1, " "1, " "1, " "1, " "1, " "1, " "1, " "1, " "1, " "1, " "1, " "1, " "1, " "1, " "1, " "1, " "1, " "1, " "1, " "1, " "1, " "1, " "1, " "1, " "1, " "1, " "1, " "1, " "1, " "1, " "1, " "1, " "1, " "1, " "1, " "1, " "1, " "1, " "1, " "1, " "1, " "1, " "1, " "1, " "1, " "1, " "1, " "1, " "1, " "1, " "1, " "1, " "1, " "1, " "1, " "1, " "1, " "1, " "1, " "1, " "1, " "1, " "1, " "1, " "1, " "1, " "1, " "1, " "1, " "1, " "1, " "1, " "1, " "1, " "1, " "1, " "1, " "1, " "1, " "1, " "1, " "1, " "1, " "1, " "1, " "1, " "1, " "1, " "1, " "1, " "1, " "1, " "1, " "1, " "1, " "1, " "1, " "1, " "1, " "1, " "1, " "1, " "1, " "1, " "1, " "1, " "1, " "1, " "1, " "1, " "1, " "1, " "1, " "1, " "1, " "1, " "1, " "1, " "1, " "1, " "1, " "1, " "1, " "1, " "1, " "1, " "1, " "1, " "1, " "1, " "1, " "1, " "1, " "1, " "1, " "1, " "1, " "1, " "1, " "1, " "1, " "1, " "1, " "1, " "1, " "1, " "1, " "1, " "1, " "1, " "1, " "1, " "1, " "1, " "1, " "1, " "1, " "1, " "1, " "1, " "1, " "1, " "1, " "1, " "1, " "1, " "1, " "1, " "1, " "1, " "1, " "1, " "1, " "1, " "1, " "1, " "1, " "1, " "1, " "1, " "1, " "1, " "1, " "1, " "1, " "1, " "1, " "1, " "1, " "1, " "1, " "1, " "1, " "1, " "1, " "1, " "1, " "1, " "1, " "1, " "1, " "1, " "1, " "1, " "1, " "1, " "1, " "1, " "1, " "1, " "1, " "1, " "1, " "1, " "1, " "1, " "1, " "1, " "1, " "1, " "1, " "1, " "1, " "1, " "1, " "1, " "1, " "1, " "1, " "1, " "1, " "1, " "1, " "1, " "1, " "1, " "1, " "1, " "1, " "1, " "1, " "1, " "1, " "1, " "1, " "1, " "1, " "1, " "1, " "1, " "1, " "1, " "1, " "1, " "1, " "1, " "1, " "1, " "1, " "1, " "1, " "1, " "1, " "1, " "1, " "1, " "1, " "1, " "1, " "1, " "1, " "1, " "1, " "1, " "1, " "1, " "1, " "1, " "1, " "1, " "1, " "1, " "1, " "1, " "1, " "1, " "1, " "1, " "1, " "1, " "1, " "1, " "1, " "1, " "1, " "1, " "1, " "1, " "1, " "1, " "1, " "1, " "1, " "1, " "1, " "1, " "1, " "1, " "1, " "1, " "1, " "1, " "1, " "1, " "1, " "1, " "1, " "1, " "1, " "1, " "1, " "1, " "1, " "1, " "1, " "1, " "1, " "1, " "1, " "1, " "1, " "1, " "1, " "1, " "1, " "1, " "1, " "1, " "1, " "1, " "1, " "1, " "1, " "1, " "1, " "1, " "1, " "1, " "1, " "1, " "1, " "1, " "1, " "1, " "1, " "1, " "1, " "1, " "1, " "1, " "1, " "1, " "1, " "1, " "1, " "1, " "1, " "1, " "1, " "1, " "1, " "1, " "1, " "1, " "1, " "1, " "1, " "1, " "1, " "1, " "1, " "1, " "1, " "1, " "1, " "1, " "1, " "1, " "1, " "1, " "1, " "1, " "1, " "1, " "1, " "1, " "1, " "1, " "1, " "1, " "1, " "1, " "1, " "1, " "1, " "1, " "1, " "1, " "1, " "1, " "1, " "1, " "1, " "1, " "1, " "1, " "1, " "1, " "1, " "1, " "1, " "1, " "1, " "1, " "1, " "1, " "1, " "1, " "1, " "1, " "1, " "1, " "1, " "1, " "1, " "1, " "1, " "1, " "1, " "1, " "1, " "1, " "1, " "1, " "1, " "1, " "1, " "0, " "1, " "1, " "1, " "1, " "1, " "1, " "1, " "1, " "1, " "1, " "1, " "1, " "1, " "1, " "1, " "1, " "1, "0
 "Nei496, 0.074, " "-0.216, " "1, " "1, " "1, " "1, " "1, " "1, " "1, " "1, " "1, " "1, " "1, " "1, " "1, " "1, " "1, " "1, " "1, " "1, " "1, " "1, " "1, " "1, " "1, " "1, " "1, " "1, " "1, " "1, " "1, " "1, " "1, " "1, " "1, " "1, " "1, " "1, " "1, " "1, " "1, " "1, " "1, " "1, " "1, " "1, " "1, " "1, " "1, " "1, " "1, " "1, " "1, " "1, " "1, " "1, " "1, " "1, " "1, " "1, " "1, " "1, " "1, " "1, " "1, " "1, " "1, " "1, " "1, " "1, " "1, " "1, " "1, " "1, " "1, " "1, " "1, " "1, " "1, " "1, " "1, " "1, " "1, " "1, " "1, " "1, " "1, " "1, " "1, " "1, " "1, " "1, " "1, " "1, " "1, " "1, " "1, " "1, " "1, " "1, " "1, " "1, " "1, " "1, " "1, " "1, " "1, " "1, " "1, " "1, " "1, " "1, " "1, " "1, " "1, " "1, " "1, " "1, " "1, " "1, " "1, " "1, " "1, " "1, " "1, " "1, " "1, " "1, " "1, " "1, " "1, " "1, " "1, " "1, " "1, " "1, " "1, " "1, " "1, " "1, " "1, " "1, " "1, " "1, " "1, " "1, " "1, " "1, " "1, " "1, " "1, " "1, " "1, " "1, " "1, " "1, " "1, " "1, " "1, " "1, " "1, " "1, " "1, " "1, " "1, " "1, " "1, " "1, " "1, " "1, " "1, " "1, " "1, " "1, " "1, " "1, " "1, " "1, " "1, " "1, " "1, " "1, " "1, " "1, " "1, " "1, " "1, " "1, " "1, " "1, " "1, " "1, " "1, " "1, " "1, " "1, " "1, " "1, " "1, " "1, " "1, " "1, " "1, " "1, " "1, " "1, " "1, " "1, " "1, " "1, " "1, " "1, " "1, " "1, " "1, " "1, " "1, " "1, " "1, " "1, " "1, " "1, " "1, " "1, " "1, " "1, " "1, " "1, " "1, " "1, " "1, " "1, " "1, " "1, " "1, " "1, " "1, " "1, " "1, " "1, " "1, " "1, " "1, " "1, " "1, " "1, " "1, " "1, " "1, " "1, " "1, " "1, " "1, " "1, " "1, " "1, " "1, " "1, " "1, " "1, " "1, " "1, " "1, " "1, " "1, " "1, " "1, " "1, " "1, " "1, " "1, " "1, " "1, " "1, " "1, " "1, " "1, " "1, " "1, " "1, " "1, " "1, " "1, " "1, " "1, " "1, " "1, " "1, " "1, " "1, " "1, " "1, " "1, " "1, " "1, " "1, " "1, " "1, " "1, " "1, " "1, " "1, " "1, " "1, " "1, " "1, " "1, " "1, " "1, " "1, " "1, " "1, " "1, " "1, " "1, " "1, " "1, " "1, " "1, " "1, " "1, " "1, " "1, " "1, " "1, " "1, " "1, " "1, " "1, " "1, " "1, " "1, " "1, " "1, " "1, " "1, " "1, " "1, " "1, " "1, " "1, " "1, " "1, " "1, " "1, " "1, " "1, " "1, " "1, " "1, " "1, " "1, " "1, " "1, " "1, " "1, " "1, " "1, " "1, " "1, " "1, " "1, " "1, " "1, " "1, " "1, " "1, " "1, " "1, " "1, " "1, " "1, " "1, " "1, " "1, " "1, " "1, " "1, " "1, " "1, " "1, " "1, " "1, " "1, " "1, " "1, " "1, " "1, " "1, " "1, " "1, " "1, " "1, " "1, " "1, " "1, " "1, " "1, " "1, " "1, " "1, " "1, " "1, " "1, " "1, " "1, " "1, " "1, " "1, " "1, " "1, " "1, " "1, " "1, " "1, " "1, " "1, " "1, " "1, " "1, " "1, " "1, " "1, " "1, " "1, " "1, " "1, " "1, " "1, " "1, " "1, " "1, " "1, " "1, " "1, " "1, " "1, " "1, " "1, " "1, " "1, " "1, " "1, " "1, " "1, " "1, " "1, " "1, " "1, " "1, " "1, " "1, " "1, " "1, " "1, " "1, " "1, " "1, " "1, " "1, " "1, " "1, " "1, " "1, " "1, " "1, " "1, " "1, " "1, " "1, " "1, " "1, " "1, " "1, " "1, " "1, " "1, " "1, " "1, " "1, " "1, " "1, " "1, " "1, " "1, " "1, " "1, " "1, " "1, " "1, " "1, " "1, " "1, " "1, " "1, " "1, " "1, " "1, " "0, " "1, " "1, " "1, " "1, " "1, " "1, " "1, " "1, " "1, " "1, " "1, " "1, " "1, " "1, " "1, " "1, "0
 "Nei497, 0.005, " "0.222, " "1, " "1, " "1, " "1, " "1, " "1, " "1, " "1, " "1, " "1, " "1, " "1, " "1, " "1, " "1, " "1, " "1, " "1, " "1, " "1, " "1, " "1, " "1, " "1, " "1, " "1, " "1, " "1, " "1, " "1, " "1, " "1, " "1, " "1, " "1, " "1, " "1, " "1, " "1, " "1, " "1, " "1, " "1, " "1, " "1, " "1, " "1, " "1, " "1, " "1, " "1, " "1, " "1, " "1, " "1, " "1, " "1, " "1, " "1, " "1, " "1, " "1, " "1, " "1, " "1, " "1, " "1, " "1, " "1, " "1, " "1, " "1, " "1, " "1, " "1, " "1, " "1, " "1, " "1, " "1, " "1, " "1, " "1, " "1, " "1, " "1, " "1, " "1, " "1, " "1, " "1, " "1, " "1, " "1, " "1, " "1, " "1, " "1, " "1, " "1, " "1, " "1, " "1, " "1, " "1, " "1, " "1, " "1, " "1, " "1, " "1, " "1, " "1, " "1, " "1, " "1, " "1, " "1, " "1, " "1, " "1, " "1, " "1, " "1, " "1, " "1, " "1, " "1, " "1, " "1, " "1, " "1, " "1, " "1, " "1, " "1, " "1, " "1, " "1, " "1, " "1, " "1, " "1, " "1, " "1, " "1, " "1, " "1, " "1, " "1, " "1, " "1, " "1, " "1, " "1, " "1, " "1, " "1, " "1, " "1, " "1, " "1, " "1, " "1, " "1, " "1, " "1, " "1, " "1, " "1, " "1, " "1, " "1, " "1, " "1, " "1, " "1, " "1, " "1, " "1, " "1, " "1, " "1, " "1, " "1, " "1, " "1, " "1, " "1, " "1, " "1, " "1, " "1, " "1, " "1, " "1, " "1, " "1, " "1, " "1, " "1, " "1, " "1, " "1, " "1, " "1, " "1, " "1, " "1, " "1, " "1, " "1, " "1, " "1, " "1, " "1, " "1, " "1, " "1, " "1, " "1, " "1, " "1, " "1, " "1, " "1, " "1, " "1, " "1, " "1, " "1, " "1, " "1, " "1, " "1, " "1, " "1, " "1, " "1, " "1, " "1, " "1, " "1, " "1, " "1, " "1, " "1, " "1, " "1, " "1, " "1, " "1, " "1, " "1, " "1, " "1, " "1, " "1, " "1, " "1, " "1, " "1, " "1, " "1, " "1, " "1, " "1, " "1, " "1, " "1, " "1, " "1, " "1, " "1, " "1, " "1, " "1, " "1, " "1, " "1, " "1, " "1, " "1, " "1, " "1, " "1, " "1, " "1, " "1, " "1, " "1, " "1, " "1, " "1, " "1, " "1, " "1, " "1, " "1, " "1, " "1, " "1, " "1, " "1, " "1, " "1, " "1, " "1, " "1, " "1, " "1, " "1, " "1, " "1, " "1, " "1, " "1, " "1, " "1, " "1, " "1, " "1, " "1, " "1, " "1, " "1, " "1, " "1, " "1, " "1, " "1, " "1, " "1, " "1, " "1, " "1, " "1, " "1, " "1, " "1, " "1, " "1, " "1, " "1, " "1, " "1, " "1, " "1, " "1, " "1, " "1, " "1, " "1, " "1, " "1, " "1, " "1, " "1, " "1, " "1, " "1, " "1, " "1, " "1, " "1, " "1, " "1, " "1, " "1, " "1, " "1, " "1, " "1, " "1, " "1, " "1, " "1, " "1, " "1, " "1, " "1, " "1, " "1, " "1, " "1, " "1, " "1, " "1, " "1, " "1, " "1, " "1, " "1, " "1, " "1, " "1, " "1, " "1, " "1, " "1, " "1, " "1, " "1, " "1, " "1, " "1, " "1, " "1, " "1, " "1, " "1, " "1, " "1, " "1, " "1, " "1, " "1, " "1, " "1, " "1, " "1, " "1, " "1, " "1, " "1, " "1, " "1, " "1, " "1, " "1, " "1, " "1, " "1, " "1, " "1, " "1, " "1, " "1, " "1, " "1, " "1, " "1, " "1, " "1, " "1, " "1, " "1, " "1, " "1, " "1, " "1, " "1, " "1, " "1, " "1, " "1, " "1, " "1, " "1, " "1, " "1, " "1, " "1, " "1, " "1, " "1, " "1, " "1, " "1, " "1, " "1, " "1, " "1, " "1, " "1, " "1, " "1, " "1, " "1, " "1, " "1, " "1, " "1, " "1, " "1, " "1, " "1, " "1, " "1, " "1, " "1, " "1, " "1, " "1, " "1, " "1, " "1, " "0, " "1, " "1, " "1, " "1, " "1, " "1, " "1, " "1, " "1, " "1, " "1, " "1, " "1, " "1, " "1, "0
 "Nei498, 0.113, " "0.888, " "1, " "1, " "1, " "1, " "1, " "1, " "1, " "1, " "1, " "1, " "1, " "1, " "1, " "1, " "1, " "1, " "1, " "1, " "1, " "1, " "1, " "1, " "1, " "1, " "1, " "1, " "1, " "1, " "1, " "1, " "1, " "1, " "1, " "1, " "1, " "1, " "1, " "1, " "1, " "1, " "1, " "1, " "1, " "1, " "1, " "1, " "1, " "1, " "1, " "1, " "1, " "1, " "1, " "1, " "1, " "1, " "1, " "1, " "1, " "1, " "1, " "1, " "1, " "1, " "1, " "1, " "1, " "1, " "1, " "1, " "1, " "1, " "1, " "1, " "1, " "1, " "1, " "1, " "1, " "1, " "1, " "1, " "1, " "1, " "1, " "1, " "1, " "1, " "1, " "1, " "1, " "1, " "1, " "1, " "1, " "1, " "1, " "1, " "1, " "1, " "1, " "1, " "1, " "1, " "1, " "1, " "1, " "1, " "1, " "1, " "1, " "1, " "1, " "1, " "1, " "1, " "1, " "1, " "1, " "1, " "1, " "1, " "1, " "1, " "1, " "1, " "1, " "1, " "1, " "1, " "1, " "1, " "1, " "1, " "1, " "1, " "1, " "1, " "1, " "1, " "1, " "1, " "1, " "1, " "1, " "1, " "1, " "1, " "1, " "1, " "1, " "1, " "1, " "1, " "1, " "1, " "1, " "1, " "1, " "1, " "1, " "1, " "1, " "1, " "1, " "1, " "1, " "1, " "1, " "1, " "1, " "1, " "1, " "1, " "1, " "1, " "1, " "1, " "1, " "1, " "1, " "1, " "1, " "1, " "1, " "1, " "1, " "1, " "1, " "1, " "1, " "1, " "1, " "1, " "1, " "1, " "1, " "1, " "1, " "1, " "1, " "1, " "1, " "1, " "1, " "1, " "1, " "1, " "1, " "1, " "1, " "1, " "1, " "1, " "1, " "1, " "1, " "1, " "1, " "1, " "1, " "1, " "1, " "1, " "1, " "1, " "1, " "1, " "1, " "1, " "1, " "1, " "1, " "1, " "1, " "1, " "1, " "1, " "1, " "1, " "1, " "1, " "1, " "1, " "1, " "1, " "1, " "1, " "1, " "1, " "1, " "1, " "1, " "1, " "1, " "1, " "1, " "1, " "1, " "1, " "1, " "1, " "1, " "1, " "1, " "1, " "1, " "1, " "1, " "1, " "1, " "1, " "1, " "1, " "1, " "1, " "1, " "1, " "1, " "1, " "1, " "1, " "1, " "1, " "1, " "1, " "1, " "1, " "1, " "1, " "1, " "1, " "1, " "1, " "1, " "1, " "1, " "1, " "1, " "1, " "1, " "1, " "1, " "1, " "1, " "1, " "1, " "1, " "1, " "1, " "1, " "1, " "1, " "1, " "1, " "1, " "1, " "1, " "1, " "1, " "1, " "1, " "1, " "1, " "1, " "1, " "1, " "1, " "1, " "1, " "1, " "1, " "1, " "1, " "1, " "1, " "1, " "1, " "1, " "1, " "1, " "1, " "1, " "1, " "1, " "1, " "1, " "1, " "1, " "1, " "1, " "1, " "1, " "1, " "1, " "1, " "1, " "1, " "1, " "1, " "1, " "1, " "1, " "1, " "1, " "1, " "1, " "1, " "1, " "1, " "1, " "1, " "1, " "1, " "1, " "1, " "1, " "1, " "1, " "1, " "1, " "1, " "1, " "1, " "1, " "1, " "1, " "1, " "1, " "1, " "1, " "1, " "1, " "1, " "1, " "1, " "1, " "1, " "1, " "1, " "1, " "1, " "1, " "1, " "1, " "1, " "1, " "1, " "1, " "1, " "1, " "1, " "1, " "1, " "1, " "1, " "1, " "1, " "1, " "1, " "1, " "1, " "1, " "1, " "1, " "1, " "1, " "1, " "1, " "1, " "1, " "1, " "1, " "1, " "1, " "1, " "1, " "1, " "1, " "1, " "1, " "1, " "1, " "1, " "1, " "1, " "1, " "1, " "1, " "1, " "1, " "1, " "1, " "1, " "1, " "1, " "1, " "1, " "1, " "1, " "1, " "1, " "1, " "1, " "1, " "1, " "1, " "1, " "1, " "1, " "1, " "1, " "1, " "1, " "1, " "1, " "1, " "1, " "1, " "1, " "1, " "1, " "1, " "1, " "1, " "1, " "1, " "1, " "1, " "1, " "1, " "1, " "1, " "1, " "1, " "1, " "1, " "1, " "0, " "1, " "1, " "1, " "1, " "1, " "1, " "1, " "1, " "1, " "1, " "1, " "1, " "1, " "1, "0
 "Nei499, 0.288, " "-0.656, " "1, " "1, " "1, " "1, " "1, " "1, " "1, " "1, " "1, " "1, " "1, " "1, " "1, " "1, " "1, " "1, " "1, " "1, " "1, " "1, " "1, " "1, " "1, " "1, " "1, " "1, " "1, " "1, " "1, " "1, " "1, " "1, " "1, " "1, " "1, " "1, " "1, " "1, " "1, " "1, " "1, " "1, " "1, " "1, " "1, " "1, " "1, " "1, " "1, " "1, " "1, " "1, " "1, " "1, " "1, " "1, " "1, " "1, " "1, " "1, " "1, " "1, " "1, " "1, " "1, " "1, " "1, " "1, " "1, " "1, " "1, " "1, " "1, " "1, " "1, " "1, " "1, " "1, " "1, " "1, " "1, " "1, " "1, " "1, " "1, " "1, " "1, " "1, " "1, " "1, " "1, " "1, " "1, " "1, " "1, " "1, " "1, " "1, " "1, " "1, " "1, " "1, " "1, " "1, " "1, " "1, " "1, " "1, " "1, " "1, " "1, " "1, " "1, " "1, " "1, " "1, " "1, " "1, " "1, " "1, " "1, " "1, " "1, " "1, " "1, " "1, " "1, " "1, " "1, " "1, " "1, " "1, " "1, " "1, " "1, " "1, " "1, " "1, " "1, " "1, " "1, " "1, " "1, " "1, " "1, " "1, " "1, " "1, " "1, " "1, " "1, " "1, " "1, " "1, " "1, " "1, " "1, " "1, " "1, " "1, " "1, " "1, " "1, " "1, " "1, " "1, " "1, " "1, " "1, " "1, " "1, " "1, " "1, " "1, " "1, " "1, " "1, " "1, " "1, " "1, " "1, " "1, " "1, " "1, " "1, " "1, " "1, " "1, " "1, " "1, " "1, " "1, " "1, " "1, " "1, " "1, " "1, " "1, " "1, " "1, " "1, " "1, " "1, " "1, " "1, " "1, " "1, " "1, " "1, " "1, " "1, " "1, " "1, " "1, " "1, " "1, " "1, " "1, " "1, " "1, " "1, " "1, " "1, " "1, " "1, " "1, " "1, " "1, " "1, " "1, " "1, " "1, " "1, " "1, " "1, " "1, " "1, " "1, " "1, " "1, " "1, " "1, " "1, " "1, " "1, " "1, " "1, " "1, " "1, " "1, " "1, " "1, " "1, " "1, " "1, " "1, " "1, " "1, " "1, " "1, " "1, " "1, " "1, " "1, " "1, " "1, " "1, " "1, " "1, " "1, " "1, " "1, " "1, " "1, " "1, " "1, " "1, " "1, " "1, " "1, " "1, " "1, " "1, " "1, " "1, " "1, " "1, " "1, " "1, " "1, " "1, " "1, " "1, " "1, " "1, " "1, " "1, " "1, " "1, " "1, " "1, " "1, " "1, " "1, " "1, " "1, " "1, " "1, " "1, " "1, " "1, " "1, " "1, " "1, " "1, " "1, " "1, " "1, " "1, " "1, " "1, " "1, " "1, " "1, " "1, " "1, " "1, " "1, " "1, " "1, " "1, " "1, " "1, " "1, " "1, " "1, " "1, " "1, " "1, " "1, " "1, " "1, " "1, " "1, " "1, " "1, " "1, " "1, " "1, " "1, " "1, " "1, " "1, " "1, " "1, " "1, " "1, " "1, " "1, " "1, " "1, " "1, " "1, " "1, " "1, " "1, " "1, " "1, " "1, " "1, " "1, " "1, " "1, " "1, " "1, " "1, " "1, " "1, " "1, " "1, " "1, " "1, " "1, " "1, " "1, " "1, " "1, " "1, " "1, " "1, " "1, " "1, " "1, " "1, " "1, " "1, " "1, " "1, " "1, " "1, " "1, " "1, " "1, " "1, " "1, " "1, " "1, " "1, " "1, " "1, " "1, " "1, " "1, " "1, " "1, " "1, " "1, " "1, " "1, " "1, " "1, " "1, " "1, " "1, " "1, " "1, " "1, " "1, " "1, " "1, " "1, " "1, " "1, " "1, " "1, " "1, " "1, " "1, " "1, " "1, " "1, " "1, " "1, " "1, " "1, " "1, " "1, " "1, " "1, " "1, " "1, " "1, " "1, " "1, " "1, " "1, " "1, " "1, " "1, " "1, " "1, " "1, " "1, " "1, " "1, " "1, " "1, " "1, " "1, " "1, " "1, " "1, " "1, " "1, " "1, " "1, " "1, " "1, " "1, " "1, " "1, " "1, " "1, " "1, " "1, " "1, " "1, " "1, " "1, " "1, " "1, " "1, " "1, " "1, " "1, " "1, " "1, " "1, " "1, " "0, " "1, " "1, " "1, " "1, " "1, " "1, " "1, " "1, " "1, " "1, " "1, " "1, " "1, "0
 "Nei500, 0.326, " "0.884, " "1, " "1, " "1, " "1, " "1, " "1, " "1, " "1, " "1, " "1, " "1, " "1, " "1, " "1, " "1, " "1, " "1, " "1, " "1, " "1, " "1, " "1, " "1, " "1, " "1, " "1, " "1, " "1, " "1, " "1, " "1, " "1, " "1, " "1, " "1, " "1, " "1, " "1, " "1, " "1, " "1, " "1, " "1, " "1, " "1, " "1, " "1, " "1, " "1, " "1, " "1, " "1, " "1, " "1, " "1, " "1, " "1, " "1, " "1, " "1, " "1, " "1, " "1, " "1, " "1, " "1, " "1, " "1, " "1, " "1, " "1, " "1, " "1, " "1, " "1, " "1, " "1, " "1, " "1, " "1, " "1, " "1, " "1, " "1, " "1, " "1, " "1, " "1, " "1, " "1, " "1, " "1, " "1, " "1, " "1, " "1, " "1, " "1, " "1, " "1, " "1, " "1, " "1, " "1, " "1, " "1, " "1, " "1, " "1, " "1, " "1, " "1, " "1, " "1, " "1, " "1, " "1, " "1, " "1, " "1, " "1, " "1, " "1, " "1, " "1, " "1, " "1, " "1, " "1, " "1, " "1, " "1, " "1, " "1, " "1, " "1, " "1, " "1, " "1, " "1, " "1, " "1, " "1, " "1, " "1, " "1, " "1, " "1, " "1, " "1, " "1, " "1, " "1, " "1, " "1, " "1, " "1, " "1, " "1, " "1, " "1, " "1, " "1, " "1, " "1, " "1, " "1, " "1, " "1, " "1, " "1, " "1, " "1, " "1, " "1, " "1, " "1, " "1, " "1, " "1, " "1, " "1, " "1, " "1, " "1, " "1, " "1, " "1, " "1, " "1, " "1, " "1, " "1, " "1, " "1, " "1, " "1, " "1, " "1, " "1, " "1, " "1, " "1, " "1, " "1, " "1, " "1, " "1, " "1, " "1, " "1, " "1, " "1, " "1, " "1, " "1, " "1, " "1, " "1, " "1, " "1, " "1, " "1, " "1, " "1, " "1, " "1, " "1, " "1, " "1, " "1, " "1, " "1, " "1, " "1, " "1, " "1, " "1, " "1, " "1, " "1, " "1, " "1, " "1, " "1, " "1, " "1, " "1, " "1, " "1, " "1, " "1, " "1, " "1, " "1, " "1, " "1, " "1, " "1, " "1, " "1, " "1, " "1, " "1, " "1, " "1, " "1, " "1, " "1, " "1, " "1, " "1, " "1, " "1, " "1, " "1, " "1, " "1, " "1, " "1, " "1, " "1, " "1, " "1, " "1, " "1, " "1, " "1, " "1, " "1, " "1, " "1, " "1, " "1, " "1, " "1, " "1, " "1, " "1, " "1, " "1, " "1, " "1, " "1, " "1, " "1, " "1, " "1, " "1, " "1, " "1, " "1, " "1, " "1, " "1, " "1, " "1, " "1, " "1, " "1, " "1, " "1, " "1, " "1, " "1, " "1, " "1, " "1, " "1, " "1, " "1, " "1, " "1, " "1, " "1, " "1, " "1, " "1, " "1, " "1, " "1, " "1, " "1, " "1, " "1, " "1, " "1, " "1, " "1, " "1, " "1, " "1, " "1, " "1, " "1, " "1, " "1, " "1, " "1, " "1, " "1, " "1, " "1, " "1, " "1, " "1, " "1, " "1, " "1, " "1, " "1, " "1, " "1, " "1, " "1, " "1, " "1, " "1, " "1, " "1, " "1, " "1, " "1, " "1, " "1, " "1, " "1, " "1, " "1, " "1, " "1, " "1, " "1, " "1, " "1, " "1, " "1, " "1, " "1, " "1, " "1, " "1, " "1, " "1, " "1, " "1, " "1, " "1, " "1, " "1, " "1, " "1, " "1, " "1, " "1, " "1, " "1, " "1, " "1, " "1, " "1, " "1, " "1, " "1, " "1, " "1, " "1, " "1, " "1, " "1, " "1, " "1, " "1, " "1, " "1, " "1, " "1, " "1, " "1, " "1, " "1, " "1, " "1, " "1, " "1, " "1, " "1, " "1, " "1, " "1, " "1, " "1, " "1, " "1, " "1, " "1, " "1, " "1, " "1, " "1, " "1, " "1, " "1, " "1, " "1, " "1, " "1, " "1, " "1, " "1, " "1, " "1, " "1, " "1, " "1, " "1, " "1, " "1, " "1, " "1, " "1, " "1, " "1, " "1, " "1, " "1, " "1, " "1, " "1, " "1, " "1, " "1, " "1, " "1, " "1, " "1, " "1, " "1, " "1, " "1, " "0, " "1, " "1, " "1, " "1, " "1, " "1, " "1, " "1, " "1, " "1, " "1, " "1, "0
 "Nei501, 0.128, " "-0.849, " "1, " "1, " "1, " "1, " "1, " "1, " "1, " "1, " "1, " "1, " "1, " "1, " "1, " "1, " "1, " "1, " "1, " "1, " "1, " "1, " "1, " "1, " "1, " "1, " "1, " "1, " "1, " "1, " "1, " "1, " "1, " "1, " "1, " "1, " "1, " "1, " "1, " "1, " "1, " "1, " "1, " "1, " "1, " "1, " "1, " "1, " "1, " "1, " "1, " "1, " "1, " "1, " "1, " "1, " "1, " "1, " "1, " "1, " "1, " "1, " "1, " "1, " "1, " "1, " "1, " "1, " "1, " "1, " "1, " "1, " "1, " "1, " "1, " "1, " "1, " "1, " "1, " "1, " "1, " "1, " "1, " "1, " "1, " "1, " "1, " "1, " "1, " "1, " "1, " "1, " "1, " "1, " "1, " "1, " "1, " "1, " "1, " "1, " "1, " "1, " "1, " "1, " "1, " "1, " "1, " "1, " "1, " "1, " "1, " "1, " "1, " "1, " "1, " "1, " "1, " "1, " "1, " "1, " "1, " "1, " "1, " "1, " "1, " "1, " "1, " "1, " "1, " "1, " "1, " "1, " "1, " "1, " "1, " "1, " "1, " "1, " "1, " "1, " "1, " "1, " "1, " "1, " "1, " "1, " "1, " "1, " "1, " "1, " "1, " "1, " "1, " "1, " "1, " "1, " "1, " "1, " "1, " "1, " "1, " "1, " "1, " "1, " "1, " "1, " "1, " "1, " "1, " "1, " "1, " "1, " "1, " "1, " "1, " "1, " "1, " "1, " "1, " "1, " "1, " "1, " "1, " "1, " "1, " "1, " "1, " "1, " "1, " "1, " "1, " "1, " "1, " "1, " "1, " "1, " "1, " "1, " "1, " "1, " "1, " "1, " "1, " "1, " "1, " "1, " "1, " "1, " "1, " "1, " "1, " "1, " "1, " "1, " "1, " "1, " "1, " "1, " "1, " "1, " "1, " "1, " "1, " "1, " "1, " "1, " "1, " "1, " "1, " "1, " "1, " "1, " "1, " "1, " "1, " "1, " "1, " "1, " "1, " "1, " "1, " "1, " "1, " "1, " "1, " "1, " "1, " "1, " "1, " "1, " "1, " "1, " "1, " "1, " "1, " "1, " "1, " "1, " "1, " "1, " "1, " "1, " "1, " "1, " "1, " "1, " "1, " "1, " "1, " "1, " "1, " "1, " "1, " "1, " "1, " "1, " "1, " "1, " "1, " "1, " "1, " "1, " "1, " "1, " "1, " "1, " "1, " "1, " "1, " "1, " "1, " "1, " "1, " "1, " "1, " "1, " "1, " "1, " "1, " "1, " "1, " "1, " "1, " "1, " "1, " "1, " "1, " "1, " "1, " "1, " "1, " "1, " "1, " "1, " "1, " "1, " "1, " "1, " "1, " "1, " "1, " "1, " "1, " "1, " "1, " "1, " "1, " "1, " "1, " "1, " "1, " "1, " "1, " "1, " "1, " "1, " "1, " "1, " "1, " "1, " "1, " "1, " "1, " "1, " "1, " "1, " "1, " "1, " "1, " "1, " "1, " "1, " "1, " "1, " "1, " "1, " "1, " "1, " "1, " "1, " "1, " "1, " "1, " "1, " "1, " "1, " "1, " "1, " "1, " "1, " "1, " "1, " "1, " "1, " "1, " "1, " "1, " "1, " "1, " "1, " "1, " "1, " "1, " "1, " "1, " "1, " "1, " "1, " "1, " "1, " "1, " "1, " "1, " "1, " "1, " "1, " "1, " "1, " "1, " "1, " "1, " "1, " "1, " "1, " "1, " "1, " "1, " "1, " "1, " "1, " "1, " "1, " "1, " "1, " "1, " "1, " "1, " "1, " "1, " "1, " "1, " "1, " "1, " "1, " "1, " "1, " "1, " "1, " "1, " "1, " "1, " "1, " "1, " "1, " "1, " "1, " "1, " "1, " "1, " "1, " "1, " "1, " "1, " "1, " "1, " "1, " "1, " "1, " "1, " "1, " "1, " "1, " "1, " "1, " "1, " "1, " "1, " "1, " "1, " "1, " "1, " "1, " "1, " "1, " "1, " "1, " "1, " "1, " "1, " "1, " "1, " "1, " "1, " "1, " "1, " "1, " "1, " "1, " "1, " "1, " "1, " "1, " "1, " "1, " "1, " "1, " "1, " "1, " "1, " "1, " "1, " "1, " "1, " "1, " "1, " "1, " "1, " "1, " "1, " "1, " "1, " "1, " "1, " "0, " "1, " "1, " "1, " "1, " "1, " "1, " "1, " "1, " "1, " "1, " "1, "0
 "Nei502, 0.231, " "-0.812, " "1, " "1, " "1, " "1, " "1, " "1, " "1, " "1, " "1, " "1, " "1, " "1, " "1, " "1, " "1, " "1, " "1, " "1, " "1, " "1, " "1, " "1, " "1, " "1, " "1, " "1, " "1, " "1, " "1, " "1, " "1, " "1, " "1, " "1, " "1, " "1, " "1, " "1, " "1, " "1, " "1, " "1, " "1, " "1, " "1, " "1, " "1, " "1, " "1, " "1, " "1, " "1, " "1, " "1, " "1, " "1, " "1, " "1, " "1, " "1, " "1, " "1, " "1, " "1, " "1, " "1, " "1, " "1, " "1, " "1, " "1, " "1, " "1, " "1, " "1, " "1, " "1, " "1, " "1, " "1, " "1, " "1, " "1, " "1, " "1, " "1, " "1, " "1, " "1, " "1, " "1, " "1, " "1, " "1, " "1, " "1, " "1, " "1, " "1, " "1, " "1, " "1, " "1, " "1, " "1, " "1, " "1, " "1, " "1, " "1, " "1, " "1, " "1, " "1, " "1, " "1, " "1, " "1, " "1, " "1, " "1, " "1, " "1, " "1, " "1, " "1, " "1, " "1, " "1, " "1, " "1, " "1, " "1, " "1, " "1, " "1, " "1, " "1, " "1, " "1, " "1, " "1, " "1, " "1, " "1, " "1, " "1, " "1, " "1, " "1, " "1, " "1, " "1, " "1, " "1, " "1, " "1, " "1, " "1, " "1, " "1, " "1, " "1, " "1, " "1, " "1, " "1, " "1, " "1, " "1, " "1, " "1, " "1, " "1, " "1, " "1, " "1, " "1, " "1, " "1, " "1, " "1, " "1, " "1, " "1, " "1, " "1, " "1, " "1, " "1, " "1, " "1, " "1, " "1, " "1, " "1, " "1, " "1, " "1, " "1, " "1, " "1, " "1, " "1, " "1, " "1, " "1, " "1, " "1, " "1, " "1, " "1, " "1, " "1, " "1, " "1, " "1, " "1, " "1, " "1, " "1, " "1, " "1, " "1, " "1, " "1, " "1, " "1, " "1, " "1, " "1, " "1, " "1, " "1, " "1, " "1, " "1, " "1, " "1, " "1, " "1, " "1, " "1, " "1, " "1, " "1, " "1, " "1, " "1, " "1, " "1, " "1, " "1, " "1, " "1, " "1, " "1, " "1, " "1, " "1, " "1, " "1, " "1, " "1, " "1, " "1, " "1, " "1, " "1, " "1, " "1, " "1, " "1, " "1, " "1, " "1, " "1, " "1, " "1, " "1, " "1, " "1, " "1, " "1, " "1, " "1, " "1, " "1, " "1, " "1, " "1, " "1, " "1, " "1, " "1, " "1, " "1, " "1, " "1, " "1, " "1, " "1, " "1, " "1, " "1, " "1, " "1, " "1, " "1, " "1, " "1, " "1, " "1, " "1, " "1, " "1, " "1, " "1, " "1, " "1, " "1, " "1, " "1, " "1, " "1, " "1, " "1, " "1, " "1, " "1, " "1, " "1, " "1, " "1, " "1, " "1, " "1, " "1, " "1, " "1, " "1, " "1, " "1, " "1, " "1, " "1, " "1, " "1, " "1, " "1, " "1, " "1, " "1, " "1, " "1, " "1, " "1, " "1, " "1, " "1, " "1, " "1, " "1, " "1, " "1, " "1, " "1, " "1, " "1, " "1, " "1, " "1, " "1, " "1, " "1, " "1, " "1, " "1, " "1, " "1, " "1, " "1, " "1, " "1, " "1, " "1, " "1, " "1, " "1, " "1, " "1, " "1, " "1, " "1, " "1, " "1, " "1, " "1, " "1, " "1, " "1, " "1, " "1, " "1, " "1, " "1, " "1, " "1, " "1, " "1, " "1, " "1, " "1, " "1, " "1, " "1, " "1, " "1, " "1, " "1, " "1, " "1, " "1, " "1, " "1, " "1, " "1, " "1, " "1, " "1, " "1, " "1, " "1, " "1, " "1, " "1, " "1, " "1, " "1, " "1, " "1, " "1, " "1, " "1, " "1, " "1, " "1, " "1, " "1, " "1, " "1, " "1, " "1, " "1, " "1, " "1, " "1, " "1, " "1, " "1, " "1, " "1, " "1, " "1, " "1, " "1, " "1, " "1, " "1, " "1, " "1, " "1, " "1, " "1, " "1, " "1, " "1, " "1, " "1, " "1, " "1, " "1, " "1, " "1, " "1, " "1, " "1, " "1, " "1, " "1, " "1, " "1, " "1, " "1, " "1, " "1, " "1, " "1, " "1, " "1, " "1, " "1, " "0, " "1, " "1, " "1, " "1, " "1, " "1, " "1, " "1, " "1, " "1, "0
 "Nei503, 0.349, " "0.482, " "1, " "1, " "1, " "1, " "1, " "1, " "1, " "1, " "1, " "1, " "1, " "1, " "1, " "1, " "1, " "1, " "1, " "1, " "1, " "1, " "1, " "1, " "1, " "1, " "1, " "1, " "1, " "1, " "1, " "1, " "1, " "1, " "1, " "1, " "1, " "1, " "1, " "1, " "1, " "1, " "1, " "1, " "1, " "1, " "1, " "1, " "1, " "1, " "1, " "1, " "1, " "1, " "1, " "1, " "1, " "1, " "1, " "1, " "1, " "1, " "1, " "1, " "1, " "1, " "1, " "1, " "1, " "1, " "1, " "1, " "1, " "1, " "1, " "1, " "1, " "1, " "1, " "1, " "1, " "1, " "1, " "1, " "1, " "1, " "1, " "1, " "1, " "1, " "1, " "1, " "1, " "1, " "1, " "1, " "1, " "1, " "1, " "1, " "1, " "1, " "1, " "1, " "1, " "1, " "1, " "1, " "1, " "1, " "1, " "1, " "1, " "1, " "1, " "1, " "1, " "1, " "1, " "1, " "1, " "1, " "1, " "1, " "1, " "1, " "1, " "1, " "1, " "1, " "1, " "1, " "1, " "1, " "1, " "1, " "1, " "1, " "1, " "1, " "1, " "1, " "1, " "1, " "1, " "1, " "1, " "1, " "1, " "1, " "1, " "1, " "1, " "1, " "1, " "1, " "1, " "1, " "1, " "1, " "1, " "1, " "1, " "1, " "1, " "1, " "1, " "1, " "1, " "1, " "1, " "1, " "1, " "1, " "1, " "1, " "1, " "1, " "1, " "1, " "1, " "1, " "1, " "1, " "1, " "1, " "1, " "1, " "1, " "1, " "1, " "1, " "1, " "1, " "1, " "1, " "1, " "1, " "1, " "1, " "1, " "1, " "1, " "1, " "1, " "1, " "1, " "1, " "1, " "1, " "1, " "1, " "1, " "1, " "1, " "1, " "1, " "1, " "1, " "1, " "1, " "1, " "1, " "1, " "1, " "1, " "1, " "1, " "1, " "1, " "1, " "1, " "1, " "1, " "1, " "1, " "1, " "1, " "1, " "1, " "1, " "1, " "1, " "1, " "1, " "1, " "1, " "1, " "1, " "1, " "1, " "1, " "1, " "1, " "1, " "1, " "1, " "1, " "1, " "1, " "1, " "1, " "1, " "1, " "1, " "1, " "1, " "1, " "1, " "1, " "1, " "1, " "1, " "1, " "1, " "1, " "1, " "1, " "1, " "1, " "1, " "1, " "1, " "1, " "1, " "1, " "1, " "1, " "1, " "1, " "1, " "1, " "1, " "1, " "1, " "1, " "1, " "1, " "1, " "1, " "1, " "1, " "1, " "1, " "1, " "1, " "1, " "1, " "1, " "1, " "1, " "1, " "1, " "1, " "1, " "1, " "1, " "1, " "1, " "1, " "1, " "1, " "1, " "1, " "1, " "1, " "1, " "1, " "1, " "1, " "1, " "1, " "1, " "1, " "1, " "1, " "1, " "1, " "1, " "1, " "1, " "1, " "1, " "1, " "1, " "1, " "1, " "1, " "1, " "1, " "1, " "1, " "1, " "1, " "1, " "1, " "1, " "1, " "1, " "1, " "1, " "1, " "1, " "1, " "1, " "1, " "1, " "1, " "1, " "1, " "1, " "1, " "1, " "1, " "1, " "1, " "1, " "1, " "1, " "1, " "1, " "1, " "1, " "1, " "1, " "1, " "1, " "1, " "1, " "1, " "1, " "1, " "1, " "1, " "1, " "1, " "1, " "1, " "1, " "1, " "1, " "1, " "1, " "1, " "1, " "1, " "1, " "1, " "1, " "1, " "1, " "1, " "1, " "1, " "1, " "1, " "1, " "1, " "1, " "1, " "1, " "1, " "1, " "1, " "1, " "1, " "1, " "1, " "1, " "1, " "1, " "1, " "1, " "1, " "1, " "1, " "1, " "1, " "1, " "1, " "1, " "1, " "1, " "1, " "1, " "1, " "1, " "1, " "1, " "1, " "1, " "1, " "1, " "1, " "1, " "1, " "1, " "1, " "1, " "1, " "1, " "1, " "1, " "1, " "1, " "1, " "1, " "1, " "1, " "1, " "1, " "1, " "1, " "1, " "1, " "1, " "1, " "1, " "1, " "1, " "1, " "1, " "1, " "1, " "1, " "1, " "1, " "1, " "1, " "1, " "1, " "1, " "1, " "1, " "1, " "1, " "1, " "1, " "1, " "1, " "1, " "1, " "1, " "1, " "1, " "0, " "1, " "1, " "1, " "1, " "1, " "1, " "1, " "1, " "1, "0
 "Nei504, 0.289, " "-0.34, " "1, " "1, " "1, " "1, " "1, " "1, " "1, " "1, " "1, " "1, " "1, " "1, " "1, " "1, " "1, " "1, " "1, " "1, " "1, " "1, " "1, " "1, " "1, " "1, " "1, " "1, " "1, " "1, " "1, " "1, " "1, " "1, " "1, " "1, " "1, " "1, " "1, " "1, " "1, " "1, " "1, " "1, " "1, " "1, " "1, " "1, " "1, " "1, " "1, " "1, " "1, " "1, " "1, " "1, " "1, " "1, " "1, " "1, " "1, " "1, " "1, " "1, " "1, " "1, " "1, " "1, " "1, " "1, " "1, " "1, " "1, " "1, " "1, " "1, " "1, " "1, " "1, " "1, " "1, " "1, " "1, " "1, " "1, " "1, " "1, " "1, " "1, " "1, " "1, " "1, " "1, " "1, " "1, " "1, " "1, " "1, " "1, " "1, " "1, " "1, " "1, " "1, " "1, " "1, " "1, " "1, " "1, " "1, " "1, " "1, " "1, " "1, " "1, " "1, " "1, " "1, " "1, " "1, " "1, " "1, " "1, " "1, " "1, " "1, " "1, " "1, " "1, " "1, " "1, " "1, " "1, " "1, " "1, " "1, " "1, " "1, " "1, " "1, " "1, " "1, " "1, " "1, " "1, " "1, " "1, " "1, " "1, " "1, " "1, " "1, " "1, " "1, " "1, " "1, " "1, " "1, " "1, " "1, " "1, " "1, " "1, " "1, " "1, " "1, " "1, " "1, " "1, " "1, " "1, " "1, " "1, " "1, " "1, " "1, " "1, " "1, " "1, " "1, " "1, " "1, " "1, " "1, " "1, " "1, " "1, " "1, " "1, " "1, " "1, " "1, " "1, " "1, " "1, " "1, " "1, " "1, " "1, " "1, " "1, " "1, " "1, " "1, " "1, " "1, " "1, " "1, " "1, " "1, " "1, " "1, " "1, " "1, " "1, " "1, " "1, " "1, " "1, " "1, " "1, " "1, " "1, " "1, " "1, " "1, " "1, " "1, " "1, " "1, " "1, " "1, " "1, " "1, " "1, " "1, " "1, " "1, " "1, " "1, " "1, " "1, " "1, " "1, " "1, " "1, " "1, " "1, " "1, " "1, " "1, " "1, " "1, " "1, " "1, " "1, " "1, " "1, " "1, " "1, " "1, " "1, " "1, " "1, " "1, " "1, " "1, " "1, " "1, " "1, " "1, " "1, " "1, " "1, " "1, " "1, " "1, " "1, " "1, " "1, " "1, " "1, " "1, " "1, " "1, " "1, " "1, " "1, " "1, " "1, " "1, " "1, " "1, " "1, " "1, " "1, " "1, " "1, " "1, " "1, " "1, " "1, " "1, " "1, " "1, " "1, " "1, " "1, " "1, " "1, " "1, " "1, " "1, " "1, " "1, " "1, " "1, " "1, " "1, " "1, " "1, " "1, " "1, " "1, " "1, " "1, " "1, " "1, " "1, " "1, " "1, " "1, " "1, " "1, " "1, " "1, " "1, " "1, " "1, " "1, " "1, " "1, " "1, " "1, " "1, " "1, " "1, " "1, " "1, " "1, " "1, " "1, " "1, " "1, " "1, " "1, " "1, " "1, " "1, " "1, " "1, " "1, " "1, " "1, " "1, " "1, " "1, " "1, " "1, " "1, " "1, " "1, " "1, " "1, " "1, " "1, " "1, " "1, " "1, " "1, " "1, " "1, " "1, " "1, " "1, " "1, " "1, " "1, " "1, " "1, " "1, " "1, " "1, " "1, " "1, " "1, " "1, " "1, " "1, " "1, " "1, " "1, " "1, " "1, " "1, " "1, " "1, " "1, " "1, " "1, " "1, " "1, " "1, " "1, " "1, " "1, " "1, " "1, " "1, " "1, " "1, " "1, " "1, " "1, " "1, " "1, " "1, " "1, " "1, " "1, " "1, " "1, " "1, " "1, " "1, " "1, " "1, " "1, " "1, " "1, " "1, " "1, " "1, " "1, " "1, " "1, " "1, " "1, " "1, " "1, " "1, " "1, " "1, " "1, " "1, " "1, " "1, " "1, " "1, " "1, " "1, " "1, " "1, " "1, " "1, " "1, " "1, " "1, " "1, " "1, " "1, " "1, " "1, " "1, " "1, " "1, " "1, " "1, " "1, " "1, " "1, " "1, " "1, " "1, " "1, " "1, " "1, " "1, " "1, " "1, " "1, " "1, " "1, " "1, " "1, " "1, " "1, " "1, " "1, " "1, " "1, " "1, " "1, " "1, " "1, " "1, " "0, " "1, " "1, " "1, " "1, " "1, " "1, " "1, " "1, "0
 "Nei505, 0.206, " "-0.879, " "1, " "1, " "1, " "1, " "1, " "1, " "1, " "1, " "1, " "1, " "1, " "1, " "1, " "1, " "1, " "1, " "1, " "1, " "1, " "1, " "1, " "1, " "1, " "1, " "1, " "1, " "1, " "1, " "1, " "1, " "1, " "1, " "1, " "1, " "1, " "1, " "1, " "1, " "1, " "1, " "1, " "1, " "1, " "1, " "1, " "1, " "1, " "1, " "1, " "1, " "1, " "1, " "1, " "1, " "1, " "1, " "1, " "1, " "1, " "1, " "1, " "1, " "1, " "1, " "1, " "1, " "1, " "1, " "1, " "1, " "1, " "1, " "1, " "1, " "1, " "1, " "1, " "1, " "1, " "1, " "1, " "1, " "1, " "1, " "1, " "1, " "1, " "1, " "1, " "1, " "1, " "1, " "1, " "1, " "1, " "1, " "1, " "1, " "1, " "1, " "1, " "1, " "1, " "1, " "1, " "1, " "1, " "1, " "1, " "1, " "1, " "1, " "1, " "1, " "1, " "1, " "1, " "1, " "1, " "1, " "1, " "1, " "1, " "1, " "1, " "1, " "1, " "1, " "1, " "1, " "1, " "1, " "1, " "1, " "1, " "1, " "1, " "1, " "1, " "1, " "1, " "1, " "1, " "1, " "1, " "1, " "1, " "1, " "1, " "1, " "1, " "1, " "1, " "1, " "1, " "1, " "1, " "1, " "1, " "1, " "1, " "1, " "1, " "1, " "1, " "1, " "1, " "1, " "1, " "1, " "1, " "1, " "1, " "1, " "1, " "1, " "1, " "1, " "1, " "1, " "1, " "1, " "1, " "1, " "1, " "1, " "1, " "1, " "1, " "1, " "1, " "1, " "1, " "1, " "1, " "1, " "1, " "1, " "1, " "1, " "1, " "1, " "1, " "1, " "1, " "1, " "1, " "1, " "1, " "1, " "1, " "1, " "1, " "1, " "1, " "1, " "1, " "1, " "1, " "1, " "1, " "1, " "1, " "1, " "1, " "1, " "1, " "1, " "1, " "1, " "1, " "1, " "1, " "1, " "1, " "1, " "1, " "1, " "1, " "1, " "1, " "1, " "1, " "1, " "1, " "1, " "1, " "1, " "1, " "1, " "1, " "1, " "1, " "1, " "1, " "1, " "1, " "1, " "1, " "1, " "1, " "1, " "1, " "1, " "1, " "1, " "1, " "1, " "1, " "1, " "1, " "1, " "1, " "1, " "1, " "1, " "1, " "1, " "1, " "1, " "1, " "1, " "1, " "1, " "1, " "1, " "1, " "1, " "1, " "1, " "1, " "1, " "1, " "1, " "1, " "1, " "1, " "1, " "1, " "1, " "1, " "1, " "1, " "1, " "1, " "1, " "1, " "1, " "1, " "1, " "1, " "1, " "1, " "1, " "1, " "1, " "1, " "1, " "1, " "1, " "1, " "1, " "1, " "1, " "1, " "1, " "1, " "1, " "1, " "1, " "1, " "1, " "1, " "1, " "1, " "1, " "1, " "1, " "1, " "1, " "1, " "1, " "1, " "1, " "1, " "1, " "1, " "1, " "1, " "1, " "1, " "1, " "1, " "1, " "1, " "1, " "1, " "1, " "1, " "1, " "1, " "1, " "1, " "1, " "1, " "1, " "1, " "1, " "1, " "1, " "1, " "1, " "1, " "1, " "1, " "1, " "1, " "1, " "1, " "1, " "1, " "1, " "1, " "1, " "1, " "1, " "1, " "1, " "1, " "1, " "1, " "1, " "1, " "1, " "1, " "1, " "1, " "1, " "1, " "1, " "1, " "1, " "1, " "1, " "1, " "1, " "1, " "1, " "1, " "1, " "1, " "1, " "1, " "1, " "1, " "1, " "1, " "1, " "1, " "1, " "1, " "1, " "1, " "1, " "1, " "1, " "1, " "1, " "1, " "1, " "1, " "1, " "1, " "1, " "1, " "1, " "1, " "1, " "1, " "1, " "1, " "1, " "1, " "1, " "1, " "1, " "1, " "1, " "1, " "1, " "1, " "1, " "1, " "1, " "1, " "1, " "1, " "1, " "1, " "1, " "1, " "1, " "1, " "1, " "1, " "1, " "1, " "1, " "1, " "1, " "1, " "1, " "1, " "1, " "1, " "1, " "1, " "1, " "1, " "1, " "1, " "1, " "1, " "1, " "1, " "1, " "1, " "1, " "1, " "1, " "1, " "1, " "1, " "1, " "1, " "1, " "1, " "1, " "1, " "1, " "1, " "1, " "1, " "1, " "1, " "0, " "1, " "1, " "1, " "1, " "1, " "1, " "1, "0
 "Nei506, 0.231, " "0.981, " "1, " "1, " "1, " "1, " "1, " "1, " "1, " "1, " "1, " "1, " "1, " "1, " "1, " "1, " "1, " "1, " "1, " "1, " "1, " "1, " "1, " "1, " "1, " "1, " "1, " "1, " "1, " "1, " "1, " "1, " "1, " "1, " "1, " "1, " "1, " "1, " "1, " "1, " "1, " "1, " "1, " "1, " "1, " "1, " "1, " "1, " "1, " "1, " "1, " "1, " "1, " "1, " "1, " "1, " "1, " "1, " "1, " "1, " "1, " "1, " "1, " "1, " "1, " "1, " "1, " "1, " "1, " "1, " "1, " "1, " "1, " "1, " "1, " "1, " "1, " "1, " "1, " "1, " "1, " "1, " "1, " "1, " "1, " "1, " "1, " "1, " "1, " "1, " "1, " "1, " "1, " "1, " "1, " "1, " "1, " "1, " "1, " "1, " "1, " "1, " "1, " "1, " "1, " "1, " "1, " "1, " "1, " "1, " "1, " "1, " "1, " "1, " "1, " "1, " "1, " "1, " "1, " "1, " "1, " "1, " "1, " "1, " "1, " "1, " "1, " "1, " "1, " "1, " "1, " "1, " "1, " "1, " "1, " "1, " "1, " "1, " "1, " "1, " "1, " "1, " "1, " "1, " "1, " "1, " "1, " "1, " "1, " "1, " "1, " "1, " "1, " "1, " "1, " "1, " "1, " "1, " "1, " "1, " "1, " "1, " "1, " "1, " "1, " "1, " "1, " "1, " "1, " "1, " "1, " "1, " "1, " "1, " "1, " "1, " "1, " "1, " "1, " "1, " "1, " "1, " "1, " "1, " "1, " "1, " "1, " "1, " "1, " "1, " "1, " "1, " "1, " "1, " "1, " "1, " "1, " "1, " "1, " "1, " "1, " "1, " "1, " "1, " "1, " "1, " "1, " "1, " "1, " "1, " "1, " "1, " "1, " "1, " "1, " "1, " "1, " "1, " "1, " "1, " "1, " "1, " "1, " "1, " "1, " "1, " "1, " "1, " "1, " "1, " "1, " "1, " "1, " "1, " "1, " "1, " "1, " "1, " "1, " "1, " "1, " "1, " "1, " "1, " "1, " "1, " "1, " "1, " "1, " "1, " "1, " "1, " "1, " "1, " "1, " "1, " "1, " "1, " "1, " "1, " "1, " "1, " "1, " "1, " "1, " "1, " "1, " "1, " "1, " "1, " "1, " "1, " "1, " "1, " "1, " "1, " "1, " "1, " "1, " "1, " "1, " "1, " "1, " "1, " "1, " "1, " "1, " "1, " "1, " "1, " "1, " "1, " "1, " "1, " "1, " "1, " "1, " "1, " "1, " "1, " "1, " "1, " "1, " "1, " "1, " "1, " "1, " "1, " "1, " "1, " "1, " "1, " "1, " "1, " "1, " "1, " "1, " "1, " "1, " "1, " "1, " "1, " "1, " "1, " "1, " "1, " "1, " "1, " "1, " "1, " "1, " "1, " "1, " "1, " "1, " "1, " "1, " "1, " "1, " "1, " "1, " "1, " "1, " "1, " "1, " "1, " "1, " "1, " "1, " "1, " "1, " "1, " "1, " "1, " "1, " "1, " "1, " "1, " "1, " "1, " "1, " "1, " "1, " "1, " "1, " "1, " "1, " "1, " "1, " "1, " "1, " "1, " "1, " "1, " "1, " "1, " "1, " "1, " "1, " "1, " "1, " "1, " "1, " "1, " "1, " "1, " "1, " "1, " "1, " "1, " "1, " "1, " "1, " "1, " "1, " "1, " "1, " "1, " "1, " "1, " "1, " "1, " "1, " "1, " "1, " "1, " "1, " "1, " "1, " "1, " "1, " "1, " "1, " "1, " "1, " "1, " "1, " "1, " "1, " "1, " "1, " "1, " "1, " "1, " "1, " "1, " "1, " "1, " "1, " "1, " "1, " "1, " "1, " "1, " "1, " "1, " "1, " "1, " "1, " "1, " "1, " "1, " "1, " "1, " "1, " "1, " "1, " "1, " "1, " "1, " "1, " "1, " "1, " "1, " "1, " "1, " "1, " "1, " "1, " "1, " "1, " "1, " "1, " "1, " "1, " "1, " "1, " "1, " "1, " "1, " "1, " "1, " "1, " "1, " "1, " "1, " "1, " "1, " "1, " "1, " "1, " "1, " "1, " "1, " "1, " "1, " "1, " "1, " "1, " "1, " "1, " "1, " "1, " "1, " "1, " "1, " "1, " "1, " "1, " "1, " "1, " "1, " "1, " "1, " "1, " "1, " "1, " "1, " "0, " "1, " "1, " "1, " "1, " "1, " "1, "0
 "Nei507, 0.02, " "-0.418, " "1, " "1, " "1, " "1, " "1, " "1, " "1, " "1, " "1, " "1, " "1, " "1, " "1, " "1, " "1, " "1, " "1, " "1, " "1, " "1, " "1, " "1, " "1, " "1, " "1, " "1, " "1, " "1, " "1, " "1, " "1, " "1, " "1, " "1, " "1, " "1, " "1, " "1, " "1, " "1, " "1, " "1, " "1, " "1, " "1, " "1, " "1, " "1, " "1, " "1, " "1, " "1, " "1, " "1, " "1, " "1, " "1, " "1, " "1, " "1, " "1, " "1, " "1, " "1, " "1, " "1, " "1, " "1, " "1, " "1, " "1, " "1, " "1, " "1, " "1, " "1, " "1, " "1, " "1, " "1, " "1, " "1, " "1, " "1, " "1, " "1, " "1, " "1, " "1, " "1, " "1, " "1, " "1, " "1, " "1, " "1, " "1, " "1, " "1, " "1, " "1, " "1, " "1, " "1, " "1, " "1, " "1, " "1, " "1, " "1, " "1, " "1, " "1, " "1, " "1, " "1, " "1, " "1, " "1, " "1, " "1, " "1, " "1, " "1, " "1, " "1, " "1, " "1, " "1, " "1, " "1, " "1, " "1, " "1, " "1, " "1, " "1, " "1, " "1, " "1, " "1, " "1, " "1, " "1, " "1, " "1, " "1, " "1, " "1, " "1, " "1, " "1, " "1, " "1, " "1, " "1, " "1, " "1, " "1, " "1, " "1, " "1, " "1, " "1, " "1, " "1, " "1, " "1, " "1, " "1, " "1, " "1, " "1, " "1, " "1, " "1, " "1, " "1, " "1, " "1, " "1, " "1, " "1, " "1, " "1, " "1, " "1, " "1, " "1, " "1, " "1, " "1, " "1, " "1, " "1, " "1, " "1, " "1, " "1, " "1, " "1, " "1, " "1, " "1, " "1, " "1, " "1, " "1, " "1, " "1, " "1, " "1, " "1, " "1, " "1, " "1, " "1, " "1, " "1, " "1, " "1, " "1, " "1, " "1, " "1, " "1, " "1, " "1, " "1, " "1, " "1, " "1, " "1, " "1, " "1, " "1, " "1, " "1, " "1, " "1, " "1, " "1, " "1, " "1, " "1, " "1, " "1, " "1, " "1, " "1, " "1, " "1, " "1, " "1, " "1, " "1, " "1, " "1, " "1, " "1, " "1, " "1, " "1, " "1, " "1, " "1, " "1, " "1, " "1, " "1, " "1, " "1, " "1, " "1, " "1, " "1, " "1, " "1, " "1, " "1, " "1, " "1, " "1, " "1, " "1, " "1, " "1, " "1, " "1, " "1, " "1, " "1, " "1, " "1, " "1, " "1, " "1, " "1, " "1, " "1, " "1, " "1, " "1, " "1, " "1, " "1, " "1, " "1, " "1, " "1, " "1, " "1, " "1, " "1, " "1, " "1, " "1, " "1, " "1, " "1, " "1, " "1, " "1, " "1, " "1, " "1, " "1, " "1, " "1, " "1, " "1, " "1, " "1, " "1, " "1, " "1, " "1, " "1, " "1, " "1, " "1, " "1, " "1, " "1, " "1, " "1, " "1, " "1, " "1, " "1, " "1, " "1, " "1, " "1, " "1, " "1, " "1, " "1, " "1, " "1, " "1, " "1, " "1, " "1, " "1, " "1, " "1, " "1, " "1, " "1, " "1, " "1, " "1, " "1, " "1, " "1, " "1, " "1, " "1, " "1, " "1, " "1, " "1, " "1, " "1, " "1, " "1, " "1, " "1, " "1, " "1, " "1, " "1, " "1, " "1, " "1, " "1, " "1, " "1, " "1, " "1, " "1, " "1, " "1, " "1, " "1, " "1, " "1, " "1, " "1, " "1, " "1, " "1, " "1, " "1, " "1, " "1, " "1, " "1, " "1, " "1, " "1, " "1, " "1, " "1, " "1, " "1, " "1, " "1, " "1, " "1, " "1, " "1, " "1, " "1, " "1, " "1, " "1, " "1, " "1, " "1, " "1, " "1, " "1, " "1, " "1, " "1, " "1, " "1, " "1, " "1, " "1, " "1, " "1, " "1, " "1, " "1, " "1, " "1, " "1, " "1, " "1, " "1, " "1, " "1, " "1, " "1, " "1, " "1, " "1, " "1, " "1, " "1, " "1, " "1, " "1, " "1, " "1, " "1, " "1, " "1, " "1, " "1, " "1, " "1, " "1, " "1, " "1, " "1, " "1, " "1, " "1, " "1, " "1, " "1, " "1, " "1, " "1, " "1, " "1, " "1, " "1, " "1, " "1, " "1, " "1, " "1, " "0, " "1, " "1, " "1, " "1, " "1, "0
 "Nei508, 0.119, " "0.533, " "1, " "1, " "1, " "1, " "1, " "1, " "1, " "1, " "1, " "1, " "1, " "1, " "1, " "1, " "1, " "1, " "1, " "1, " "1, " "1, " "1, " "1, " "1, " "1, " "1, " "1, " "1, " "1, " "1, " "1, " "1, " "1, " "1, " "1, " "1, " "1, " "1, " "1, " "1, " "1, " "1, " "1, " "1, " "1, " "1, " "1, " "1, " "1, " "1, " "1, " "1, " "1, " "1, " "1, " "1, " "1, " "1, " "1, " "1, " "1, " "1, " "1, " "1, " "1, " "1, " "1, " "1, " "1, " "1, " "1, " "1, " "1, " "1, " "1, " "1, " "1, " "1, " "1, " "1, " "1, " "1, " "1, " "1, " "1, " "1, " "1, " "1, " "1, " "1, " "1, " "1, " "1, " "1, " "1, " "1, " "1, " "1, " "1, " "1, " "1, " "1, " "1, " "1, " "1, " "1, " "1, " "1, " "1, " "1, " "1, " "1, " "1, " "1, " "1, " "1, " "1, " "1, " "1, " "1, " "1, " "1, " "1, " "1, " "1, " "1, " "1, " "1, " "1, " "1, " "1, " "1, " "1, " "1, " "1, " "1, " "1, " "1, " "1, " "1, " "1, " "1, " "1, " "1, " "1, " "1, " "1, " "1, " "1, " "1, " "1, " "1, " "1, " "1, " "1, " "1, " "1, " "1, " "1, " "1, " "1, " "1, " "1, " "1, " "1, " "1, " "1, " "1, " "1, " "1, " "1, " "1, " "1, " "1, " "1, " "1, " "1, " "1, " "1, " "1, " "1, " "1, " "1, " "1, " "1, " "1, " "1, " "1, " "1, " "1, " "1, " "1, " "1, " "1, " "1, " "1, " "1, " "1, " "1, " "1, " "1, " "1, " "1, " "1, " "1, " "1, " "1, " "1, " "1, " "1, " "1, " "1, " "1, " "1, " "1, " "1, " "1, " "1, " "1, " "1, " "1, " "1, " "1, " "1, " "1, " "1, " "1, " "1, " "1, " "1, " "1, " "1, " "1, " "1, " "1, " "1, " "1, " "1, " "1, " "1, " "1, " "1, " "1, " "1, " "1, " "1, " "1, " "1, " "1, " "1, " "1, " "1, " "1, " "1, " "1, " "1, " "1, " "1, " "1, " "1, " "1, " "1, " "1, " "1, " "1, " "1, " "1, " "1, " "1, " "1, " "1, " "1, " "1, " "1, " "1, " "1, " "1, " "1, " "1, " "1, " "1, " "1, " "1, " "1, " "1, " "1, " "1, " "1, " "1, " "1, " "1, " "1, " "1, " "1, " "1, " "1, " "1, " "1, " "1, " "1, " "1, " "1, " "1, " "1, " "1, " "1, " "1, " "1, " "1, " "1, " "1, " "1, " "1, " "1, " "1, " "1, " "1, " "1, " "1, " "1, " "1, " "1, " "1, " "1, " "1, " "1, " "1, " "1, " "1, " "1, " "1, " "1, " "1, " "1, " "1, " "1, " "1, " "1, " "1, " "1, " "1, " "1, " "1, " "1, " "1, " "1, " "1, " "1, " "1, " "1, " "1, " "1, " "1, " "1, " "1, " "1, " "1, " "1, " "1, " "1, " "1, " "1, " "1, " "1, " "1, " "1, " "1, " "1, " "1, " "1, " "1, " "1, " "1, " "1, " "1, " "1, " "1, " "1, " "1, " "1, " "1, " "1, " "1, " "1, " "1, " "1, " "1, " "1, " "1, " "1, " "1, " "1, " "1, " "1, " "1, " "1, " "1, " "1, " "1, " "1, " "1, " "1, " "1, " "1, " "1, " "1, " "1, " "1, " "1, " "1, " "1, " "1, " "1, " "1, " "1, " "1, " "1, " "1, " "1, " "1, " "1, " "1, " "1, " "1, " "1, " "1, " "1, " "1, " "1, " "1, " "1, " "1, " "1, " "1, " "1, " "1, " "1, " "1, " "1, " "1, " "1, " "1, " "1, " "1, " "1, " "1, " "1, " "1, " "1, " "1, " "1, " "1, " "1, " "1, " "1, " "1, " "1, " "1, " "1, " "1, " "1, " "1, " "1, " "1, " "1, " "1, " "1, " "1, " "1, " "1, " "1, " "1, " "1, " "1, " "1, " "1, " "1, " "1, " "1, " "1, " "1, " "1, " "1, " "1, " "1, " "1, " "1, " "1, " "1, " "1, " "1, " "1, " "1, " "1, " "1, " "1, " "1, " "1, " "1, " "1, " "1, " "1, " "1, " "1, " "1, " "1, " "1, " "1, " "1, " "0, " "1, " "1, " "1, " "1, "0
 "Nei509, 0.021, " "0.283, " "1, " "1, " "1, " "1, " "1, " "1, " "1, " "1, " "1, " "1, " "1, " "1, " "1, " "1, " "1, " "1, " "1, " "1, " "1, " "1, " "1, " "1, " "1, " "1, " "1, " "1, " "1, " "1, " "1, " "1, " "1, " "1, " "1, " "1, " "1, " "1, " "1, " "1, " "1, " "1, " "1, " "1, " "1, " "1, " "1, " "1, " "1, " "1, " "1, " "1, " "1, " "1, " "1, " "1, " "1, " "1, " "1, " "1, " "1, " "1, " "1, " "1, " "1, " "1, " "1, " "1, " "1, " "1, " "1, " "1, " "1, " "1, " "1, " "1, " "1, " "1, " "1, " "1, " "1, " "1, " "1, " "1, " "1, " "1, " "1, " "1, " "1, " "1, " "1, " "1, " "1, " "1, " "1, " "1, " "1, " "1, " "1, " "1, " "1, " "1, " "1, " "1, " "1, " "1, " "1, " "1, " "1, " "1, " "1, " "1, " "1, " "1, " "1, " "1, " "1, " "1, " "1, " "1, " "1, " "1, " "1, " "1, " "1, " "1, " "1, " "1, " "1, " "1, " "1, " "1, " "1, " "1, " "1, " "1, " "1, " "1, " "1, " "1, " "1, " "1, " "1, " "1, " "1, " "1, " "1, " "1, " "1, " "1, " "1, " "1, " "1, " "1, " "1, " "1, " "1, " "1, " "1, " "1, " "1, " "1, " "1, " "1, " "1, " "1, " "1, " "1, " "1, " "1, " "1, " "1, " "1, " "1, " "1, " "1, " "1, " "1, " "1, " "1, " "1, " "1, " "1, " "1, " "1, " "1, " "1, " "1, " "1, " "1, " "1, " "1, " "1, " "1, " "1, " "1, " "1, " "1, " "1, " "1, " "1, " "1, " "1, " "1, " "1, " "1, " "1, " "1, " "1, " "1, " "1, " "1, " "1, " "1, " "1, " "1, " "1, " "1, " "1, " "1, " "1, " "1, " "1, " "1, " "1, " "1, " "1, " "1, " "1, " "1, " "1, " "1, " "1, " "1, " "1, " "1, " "1, " "1, " "1, " "1, " "1, " "1, " "1, " "1, " "1, " "1, " "1, " "1, " "1, " "1, " "1, " "1, " "1, " "1, " "1, " "1, " "1, " "1, " "1, " "1, " "1, " "1, " "1, " "1, " "1, " "1, " "1, " "1, " "1, " "1, " "1, " "1, " "1, " "1, " "1, " "1, " "1, " "1, " "1, " "1, " "1, " "1, " "1, " "1, " "1, " "1, " "1, " "1, " "1, " "1, " "1, " "1, " "1, " "1, " "1, " "1, " "1, " "1, " "1, " "1, " "1, " "1, " "1, " "1, " "1, " "1, " "1, " "1, " "1, " "1, " "1, " "1, " "1, " "1, " "1, " "1, " "1, " "1, " "1, " "1, " "1, " "1, " "1, " "1, " "1, " "1, " "1, " "1, " "1, " "1, " "1, " "1, " "1, " "1, " "1, " "1, " "1, " "1, " "1, " "1, " "1, " "1, " "1, " "1, " "1, " "1, " "1, " "1, " "1, " "1, " "1, " "1, " "1, " "1, " "1, " "1, " "1, " "1, " "1, " "1, " "1, " "1, " "1, " "1, " "1, " "1, " "1, " "1, " "1, " "1, " "1, " "1, " "1, " "1, " "1, " "1, " "1, " "1, " "1, " "1, " "1, " "1, " "1, " "1, " "1, " "1, " "1, " "1, " "1, " "1, " "1, " "1, " "1, " "1, " "1, " "1, " "1, " "1, " "1, " "1, " "1, " "1, " "1, " "1, " "1, " "1, " "1, " "1, " "1, " "1, " "1, " "1, " "1, " "1, " "1, " "1, " "1, " "1, " "1, " "1, " "1, " "1, " "1, " "1, " "1, " "1, " "1, " "1, " "1, " "1, " "1, " "1, " "1, " "1, " "1, " "1, " "1, " "1, " "1, " "1, " "1, " "1, " "1, " "1, " "1, " "1, " "1, " "1, " "1, " "1, " "1, " "1, " "1, " "1, " "1, " "1, " "1, " "1, " "1, " "1, " "1, " "1, " "1, " "1, " "1, " "1, " "1, " "1, " "1, " "1, " "1, " "1, " "1, " "1, " "1, " "1, " "1, " "1, " "1, " "1, " "1, " "1, " "1, " "1, " "1, " "1, " "1, " "1, " "1, " "1, " "1, " "1, " "1, " "1, " "1, " "1, " "1, " "1, " "1, " "1, " "1, " "1, " "1, " "1, " "1, " "1, " "1, " "1, " "1, " "1, " "1, " "0, " "1, " "1, " "1, "0
 "Nei510, 0.038, " "-0.583, " "1, " "1, " "1, " "1, " "1, " "1, " "1, " "1, " "1, " "1, " "1, " "1, " "1, " "1, " "1, " "1, " "1, " "1, " "1, " "1, " "1, " "1, " "1, " "1, " "1, " "1, " "1, " "1, " "1, " "1, " "1, " "1, " "1, " "1, " "1, " "1, " "1, " "1, " "1, " "1, " "1, " "1, " "1, " "1, " "1, " "1, " "1, " "1, " "1, " "1, " "1, " "1, " "1, " "1, " "1, " "1, " "1, " "1, " "1, " "1, " "1, " "1, " "1, " "1, " "1, " "1, " "1, " "1, " "1, " "1, " "1, " "1, " "1, " "1, " "1, " "1, " "1, " "1, " "1, " "1, " "1, " "1, " "1, " "1, " "1, " "1, " "1, " "1, " "1, " "1, " "1, " "1, " "1, " "1, " "1, " "1, " "1, " "1, " "1, " "1, " "1, " "1, " "1, " "1, " "1, " "1, " "1, " "1, " "1, " "1, " "1, " "1, " "1, " "1, " "1, " "1, " "1, " "1, " "1, " "1, " "1, " "1, " "1, " "1, " "1, " "1, " "1, " "1, " "1, " "1, " "1, " "1, " "1, " "1, " "1, " "1, " "1, " "1, " "1, " "1, " "1, " "1, " "1, " "1, " "1, " "1, " "1, " "1, " "1, " "1, " "1, " "1, " "1, " "1, " "1, " "1, " "1, " "1, " "1, " "1, " "1, " "1, " "1, " "1, " "1, " "1, " "1, " "1, " "1, " "1, " "1, " "1, " "1, " "1, " "1, " "1, " "1, " "1, " "1, " "1, " "1, " "1, " "1, " "1, " "1, " "1, " "1, " "1, " "1, " "1, " "1, " "1, " "1, " "1, " "1, " "1, " "1, " "1, " "1, " "1, " "1, " "1, " "1, " "1, " "1, " "1, " "1, " "1, " "1, " "1, " "1, " "1, " "1, " "1, " "1, " "1, " "1, " "1, " "1, " "1, " "1, " "1, " "1, " "1, " "1, " "1, " "1, " "1, " "1, " "1, " "1, " "1, " "1, " "1, " "1, " "1, " "1, " "1, " "1, " "1, " "1, " "1, " "1, " "1, " "1, " "1, " "1, " "1, " "1, " "1, " "1, " "1, " "1, " "1, " "1, " "1, " "1, " "1, " "1, " "1, " "1, " "1, " "1, " "1, " "1, " "1, " "1, " "1, " "1, " "1, " "1, " "1, " "1, " "1, " "1, " "1, " "1, " "1, " "1, " "1, " "1, " "1, " "1, " "1, " "1, " "1, " "1, " "1, " "1, " "1, " "1, " "1, " "1, " "1, " "1, " "1, " "1, " "1, " "1, " "1, " "1, " "1, " "1, " "1, " "1, " "1, " "1, " "1, " "1, " "1, " "1, " "1, " "1, " "1, " "1, " "1, " "1, " "1, " "1, " "1, " "1, " "1, " "1, " "1, " "1, " "1, " "1, " "1, " "1, " "1, " "1, " "1, " "1, " "1, " "1, " "1, " "1, " "1, " "1, " "1, " "1, " "1, " "1, " "1, " "1, " "1, " "1, " "1, " "1, " "1, " "1, " "1, " "1, " "1, " "1, " "1, " "1, " "1, " "1, " "1, " "1, " "1, " "1, " "1, " "1, " "1, " "1, " "1, " "1, " "1, " "1, " "1, " "1, " "1, " "1, " "1, " "1, " "1, " "1, " "1, " "1, " "1, " "1, " "1, " "1, " "1, " "1, " "1, " "1, " "1, " "1, " "1, " "1, " "1, " "1, " "1, " "1, " "1, " "1, " "1, " "1, " "1, " "1, " "1, " "1, " "1, " "1, " "1, " "1, " "1, " "1, " "1, " "1, " "1, " "1, " "1, " "1, " "1, " "1, " "1, " "1, " "1, " "1, " "1, " "1, " "1, " "1, " "1, " "1, " "1, " "1, " "1, " "1, " "1, " "1, " "1, " "1, " "1, " "1, " "1, " "1, " "1, " "1, " "1, " "1, " "1, " "1, " "1, " "1, " "1, " "1, " "1, " "1, " "1, " "1, " "1, " "1, " "1, " "1, " "1, " "1, " "1, " "1, " "1, " "1, " "1, " "1, " "1, " "1, " "1, " "1, " "1, " "1, " "1, " "1, " "1, " "1, " "1, " "1, " "1, " "1, " "1, " "1, " "1, " "1, " "1, " "1, " "1, " "1, " "1, " "1, " "1, " "1, " "1, " "1, " "1, " "1, " "1, " "1, " "1, " "1, " "1, " "1, " "1, " "1, " "1, " "1, " "1, " "1, " "1, " "0, " "1, " "1, "0
 "Nei511, 0.261, " "-0.417, " "1, " "1, " "1, " "1, " "1, " "1, " "1, " "1, " "1, " "1, " "1, " "1, " "1, " "1, " "1, " "1, " "1, " "1, " "1, " "1, " "1, " "1, " "1, " "1, " "1, " "1, " "1, " "1, " "1, " "1, " "1, " "1, " "1, " "1, " "1, " "1, " "1, " "1, " "1, " "1, " "1, " "1, " "1, " "1, " "1, " "1, " "1, " "1, " "1, " "1, " "1, " "1, " "1, " "1, " "1, " "1, " "1, " "1, " "1, " "1, " "1, " "1, " "1, " "1, " "1, " "1, " "1, " "1, " "1, " "1, " "1, " "1, " "1, " "1, " "1, " "1, " "1, " "1, " "1, " "1, " "1, " "1, " "1, " "1, " "1, " "1, " "1, " "1, " "1, " "1, " "1, " "1, " "1, " "1, " "1, " "1, " "1, " "1, " "1, " "1, " "1, " "1, " "1, " "1, " "1, " "1, " "1, " "1, " "1, " "1, " "1, " "1, " "1, " "1, " "1, " "1, " "1, " "1, " "1, " "1, " "1, " "1, " "1, " "1, " "1, " "1, " "1, " "1, " "1, " "1, " "1, " "1, " "1, " "1, " "1, " "1, " "1, " "1, " "1, " "1, " "1, " "1, " "1, " "1, " "1, " "1, " "1, " "1, " "1, " "1, " "1, " "1, " "1, " "1, " "1, " "1, " "1, " "1, " "1, " "1, " "1, " "1, " "1, " "1, " "1, " "1, " "1, " "1, " "1, " "1, " "1, " "1, " "1, " "1, " "1, " "1, " "1, " "1, " "1, " "1, " "1, " "1, " "1, " "1, " "1, " "1, " "1, " "1, " "1, " "1, " "1, " "1, " "1, " "1, " "1, " "1, " "1, " "1, " "1, " "1, " "1, " "1, " "1, " "1, " "1, " "1, " "1, " "1, " "1, " "1, " "1, " "1, " "1, " "1, " "1, " "1, " "1, " "1, " "1, " "1, " "1, " "1, " "1, " "1, " "1, " "1, " "1, " "1, " "1, " "1, " "1, " "1, " "1, " "1, " "1, " "1, " "1, " "1, " "1, " "1, " "1, " "1, " "1, " "1, " "1, " "1, " "1, " "1, " "1, " "1, " "1, " "1, " "1, " "1, " "1, " "1, " "1, " "1, " "1, " "1, " "1, " "1, " "1, " "1, " "1, " "1, " "1, " "1, " "1, " "1, " "1, " "1, " "1, " "1, " "1, " "1, " "1, " "1, " "1, " "1, " "1, " "1, " "1, " "1, " "1, " "1, " "1, " "1, " "1, " "1, " "1, " "1, " "1, " "1, " "1, " "1, " "1, " "1, " "1, " "1, " "1, " "1, " "1, " "1, " "1, " "1, " "1, " "1, " "1, " "1, " "1, " "1, " "1, " "1, " "1, " "1, " "1, " "1, " "1, " "1, " "1, " "1, " "1, " "1, " "1, " "1, " "1, " "1, " "1, " "1, " "1, " "1, " "1, " "1, " "1, " "1, " "1, " "1, " "1, " "1, " "1, " "1, " "1, " "1, " "1, " "1, " "1, " "1, " "1, " "1, " "1, " "1, " "1, " "1, " "1, " "1, " "1, " "1, " "1, " "1, " "1, " "1, " "1, " "1, " "1, " "1, " "1, " "1, " "1, " "1, " "1, " "1, " "1, " "1, " "1, " "1, " "1, " "1, " "1, " "1, " "1, " "1, " "1, " "1, " "1, " "1, " "1, " "1, " "1, " "1, " "1, " "1, " "1, " "1, " "1, " "1, " "1, " "1, " "1, " "1, " "1, " "1, " "1, " "1, " "1, " "1, " "1, " "1, " "1, " "1, " "1, " "1, " "1, " "1, " "1, " "1, " "1, " "1, " "1, " "1, " "1, " "1, " "1, " "1, " "1, " "1, " "1, " "1, " "1, " "1, " "1, " "1, " "1, " "1, " "1, " "1, " "1, " "1, " "1, " "1, " "1, " "1, " "1, " "1, " "1, " "1, " "1, " "1, " "1, " "1, " "1, " "1, " "1, " "1, " "1, " "1, " "1, " "1, " "1, " "1, " "1, " "1, " "1, " "1, " "1, " "1, " "1, " "1, " "1, " "1, " "1, " "1, " "1, " "1, " "1, " "1, " "1, " "1, " "1, " "1, " "1, " "1, " "1, " "1, " "1, " "1, " "1, " "1, " "1, " "1, " "1, " "1, " "1, " "1, " "1, " "1, " "1, " "1, " "1, " "1, " "1, " "1, " "1, " "1, " "1, " "1, " "1, " "1, " "1, " "1, " "1, " "0, " "1, "0
 "Nei512, 0.341, " "0.899, " "1, " "1, " "1, " "1, " "1, " "1, " "1, " "1, " "1, " "1, " "1, " "1, " "1, " "1, " "1, " "1, " "1, " "1, " "1, " "1, " "1, " "1, " "1, " "1, " "1, " "1, " "1, " "1, " "1, " "1, " "1, " "1, " "1, " "1, " "1, " "1, " "1, " "1, " "1, " "1, " "1, " "1, " "1, " "1, " "1, " "1, " "1, " "1, " "1, " "1, " "1, " "1, " "1, " "1, " "1, " "1, " "1, " "1, " "1, " "1, " "1, " "1, " "1, " "1, " "1, " "1, " "1, " "1, " "1, " "1, " "1, " "1, " "1, " "1, " "1, " "1, " "1, " "1, " "1, " "1, " "1, " "1, " "1, " "1, " "1, " "1, " "1, " "1, " "1, " "1, " "1, " "1, " "1, " "1, " "1, " "1, " "1, " "1, " "1, " "1, " "1, " "1, " "1, " "1, " "1, " "1, " "1, " "1, " "1, " "1, " "1, " "1, " "1, " "1, " "1, " "1, " "1, " "1, " "1, " "1, " "1, " "1, " "1, " "1, " "1, " "1, " "1, " "1, " "1, " "1, " "1, " "1, " "1, " "1, " "1, " "1, " "1, " "1, " "1, " "1, " "1, " "1, " "1, " "1, " "1, " "1, " "1, " "1, " "1, " "1, " "1, " "1, " "1, " "1, " "1, " "1, " "1, " "1, " "1, " "1, " "1, " "1, " "1, " "1, " "1, " "1, " "1, " "1, " "1, " "1, " "1, " "1, " "1, " "1, " "1, " "1, " "1, " "1, " "1, " "1, " "1, " "1, " "1, " "1, " "1, " "1, " "1, " "1, " "1, " "1, " "1, " "1, " "1, " "1, " "1, " "1, " "1, " "1, " "1, " "1, " "1, " "1, " "1, " "1, " "1, " "1, " "1, " "1, " "1, " "1, " "1, " "1, " "1, " "1, " "1, " "1, " "1, " "1, " "1, " "1, " "1, " "1, " "1, " "1, " "1, " "1, " "1, " "1, " "1, " "1, " "1, " "1, " "1, " "1, " "1, " "1, " "1, " "1, " "1, " "1, " "1, " "1, " "1, " "1, " "1, " "1, " "1, " "1, " "1, " "1, " "1, " "1, " "1, " "1, " "1, " "1, " "1, " "1, " "1, " "1, " "1, " "1, " "1, " "1, " "1, " "1, " "1, " "1, " "1, " "1, " "1, " "1, " "1, " "1, " "1, " "1, " "1, " "1, " "1, " "1, " "1, " "1, " "1, " "1, " "1, " "1, " "1, " "1, " "1, " "1, " "1, " "1, " "1, " "1, " "1, " "1, " "1, " "1, " "1, " "1, " "1, " "1, " "1, " "1, " "1, " "1, " "1, " "1, " "1, " "1, " "1, " "1, " "1, " "1, " "1, " "1, " "1, " "1, " "1, " "1, " "1, " "1, " "1, " "1, " "1, " "1, " "1, " "1, " "1, " "1, " "1, " "1, " "1, " "1, " "1, " "1, " "1, " "1, " "1, " "1, " "1, " "1, " "1, " "1, " "1, " "1, " "1, " "1, " "1, " "1, " "1, " "1, " "1, " "1, " "1, " "1, " "1, " "1, " "1, " "1, " "1, " "1, " "1, " "1, " "1, " "1, " "1, " "1, " "1, " "1, " "1, " "1, " "1, " "1, " "1, " "1, " "1, " "1, " "1, " "1, " "1, " "1, " "1, " "1, " "1, " "1, " "1, " "1, " "1, " "1, " "1, " "1, " "1, " "1, " "1, " "1, " "1, " "1, " "1, " "1, " "1, " "1, " "1, " "1, " "1, " "1, " "1, " "1, " "1, " "1, " "1, " "1, " "1, " "1, " "1, " "1, " "1, " "1, " "1, " "1, " "1, " "1, " "1, " "1, " "1, " "1, " "1, " "1, " "1, " "1, " "1, " "1, " "1, " "1, " "1, " "1, " "1, " "1, " "1, " "1, " "1, " "1, " "1, " "1, " "1, " "1, " "1, " "1, " "1, " "1, " "1, " "1, " "1, " "1, " "1, " "1, " "1, " "1, " "1, " "1, " "1, " "1, " "1, " "1, " "1, " "1, " "1, " "1, " "1, " "1, " "1, " "1, " "1, " "1, " "1, " "1, " "1, " "1, " "1, " "1, " "1, " "1, " "1, " "1, " "1, " "1, " "1, " "1, " "1, " "1, " "1, " "1, " "1, " "1, " "1, " "1, " "1, " "1, " "1, " "1, " "1, " "1, " "1, " "1, " "1, " "1, " "1, " "1, " "1, " "1, " "1, " "1, " "0, "0
 "Nei0, 0.209, " "0.015, " "0, " "1, " "1, " "1, " "1, " "1, " "1, " "1, " "1, " "1, " "1, " "1, " "1, " "1, " "1, " "1, " "1, " "1, " "1, " "1, " "1, " "1, " "1, " "1, " "1, " "1, " "1, " "1, " "1, " "1, " "1, " "1, " "1, " "1, " "1, " "1, " "1, " "1, " "1, " "1, " "1, " "1, " "1, " "1, " "1, " "1, " "1, " "1, " "1, " "1, " "1, " "1, " "1, " "1, " "1, " "1, " "1, " "1, " "1, " "1, " "1, " "1, " "1, " "1, " "1, " "1, " "1, " "1, " "1, " "1, " "1, " "1, " "1, " "1, " "1, " "1, " "1, " "1, " "1, " "1, " "1, " "1, " "1, " "1, " "1, " "1, " "1, " "1, " "1, " "1, " "1, " "1, " "1, " "1, " "1, " "1, " "1, " "1, " "1, " "1, " "1, " "1, " "1, " "1, " "1, " "1, " "1, " "1, " "1, " "1, " "1, " "1, " "1, " "1, " "1, " "1, " "1, " "1, " "1, " "1, " "1, " "1, " "1, " "1, " "1, " "1, " "1, " "1, " "1, " "1, " "1, " "1, " "1, " "1, " "1, " "1, " "1, " "1, " "1, " "1, " "1, " "1, " "1, " "1, " "1, " "1, " "1, " "1, " "1, " "1, " "1, " "1, " "1, " "1, " "1, " "1, " "1, " "1, " "1, " "1, " "1, " "1, " "1, " "1, " "1, " "1, " "1, " "1, " "1, " "1, " "1, " "1, " "1, " "1, " "1, " "1, " "1, " "1, " "1, " "1, " "1, " "1, " "1, " "1, " "1, " "1, " "1, " "1, " "1, " "1, " "1, " "1, " "1, " "1, " "1, " "1, " "1, " "1, " "1, " "1, " "1, " "1, " "1, " "1, " "1, " "1, " "1, " "1, " "1, " "1, " "1, " "1, " "1, " "1, " "1, " "1, " "1, " "1, " "1, " "1, " "1, " "1, " "1, " "1, " "1, " "1, " "1, " "1, " "1, " "1, " "1, " "1, " "1, " "1, " "1, " "1, " "1, " "1, " "1, " "1, " "1, " "1, " "1, " "1, " "1, " "1, " "1, " "1, " "1, " "1, " "1, " "1, " "1, " "1, " "1, " "1, " "1, " "1, " "1, " "1, " "1, " "1, " "1, " "1, " "1, " "1, " "1, " "1, " "1, " "1, " "1, " "1, " "1, " "1, " "1, " "1, " "1, " "1, " "1, " "1, " "1, " "1, " "1, " "1, " "1, " "1, " "1, " "1, " "1, " "1, " "1, " "1, " "1, " "1, " "1, " "1, " "1, " "1, " "1, " "1, " "1, " "1, " "1, " "1, " "1, " "1, " "1, " "1, " "1, " "1, " "1, " "1, " "1, " "1, " "1, " "1, " "1, " "1, " "1, " "1, " "1, " "1, " "1, " "1, " "1, " "1, " "1, " "1, " "1, " "1, " "1, " "1, " "1, " "1, " "1, " "1, " "1, " "1, " "1, " "1, " "1, " "1, " "1, " "1, " "1, " "1, " "1, " "1, " "1, " "1, " "1, " "1, " "1, " "1, " "1, " "1, " "1, " "1, " "1, " "1, " "1, " "1, " "1, " "1, " "1, " "1, " "1, " "1, " "1, " "1, " "1, " "1, " "1, " "1, " "1, " "1, " "1, " "1, " "1, " "1, " "1, " "1, " "1, " "1, " "1, " "1, " "1, " "1, " "1, " "1, " "1, " "1, " "1, " "1, " "1, " "1, " "1, " "1, " "1, " "1, " "1, " "1, " "1, " "1, " "1, " "1, " "1, " "1, " "1, " "1, " "1, " "1, " "1, " "1, " "1, " "1, " "1, " "1, " "1, " "1, " "1, " "1, " "1, " "1, " "1, " "1, " "1, " "1, " "1, " "1, " "1, " "1, " "1, " "1, " "1, " "1, " "1, " "1, " "1, " "1, " "1, " "1, " "1, " "1, " "1, " "1, " "1, " "1, " "1, " "1, " "1, " "1, " "1, " "1, " "1, " "1, " "1, " "1, " "1, " "1, " "1, " "1, " "1, " "1, " "1, " "1, " "1, " "1, " "1, " "1, " "1, " "1, " "1, " "1, " "1, " "1, " "1, " "1, " "1, " "1, " "1, " "1, " "1, " "1, " "1, " "1, " "1, " "1, " "1, " "1, " "1, " "1, " "1, " "1, " "1, " "1, " "1, " "1, " "1, " "1, " "1, " "1, " "1, " "1, " "1, " "1, " "1, " "1, " "1, " "1, " "1, " "1, " "1, "204
 "Nei1, 0.281, " "0.015, " "1, " "0, " "1, " "1, " "1, " "1, " "1, " "1, " "1, " "1, " "1, " "1, " "1, " "1, " "1, " "1, " "1, " "1, " "1, " "1, " "1, " "1, " "1, " "1, " "1, " "1, " "1, " "1, " "1, " "1, " "1, " "1, " "1, " "1, " "1, " "1, " "1, " "1, " "1, " "1, " "1, " "1, " "1, " "1, " "1, " "1, " "1, " "1, " "1, " "1, " "1, " "1, " "1, " "1, " "1, " "1, " "1, " "1, " "1, " "1, " "1, " "1, " "1, " "1, " "1, " "1, " "1, " "1, " "1, " "1, " "1, " "1, " "1, " "1, " "1, " "1, " "1, " "1, " "1, " "1, " "1, " "1, " "1, " "1, " "1, " "1, " "1, " "1, " "1, " "1, " "1, " "1, " "1, " "1, " "1, " "1, " "1, " "1, " "1, " "1, " "1, " "1, " "1, " "1, " "1, " "1, " "1, " "1, " "1, " "1, " "1, " "1, " "1, " "1, " "1, " "1, " "1, " "1, " "1, " "1, " "1, " "1, " "1, " "1, " "1, " "1, " "1, " "1, " "1, " "1, " "1, " "1, " "1, " "1, " "1, " "1, " "1, " "1, " "1, " "1, " "1, " "1, " "1, " "1, " "1, " "1, " "1, " "1, " "1, " "1, " "1, " "1, " "1, " "1, " "1, " "1, " "1, " "1, " "1, " "1, " "1, " "1, " "1, " "1, " "1, " "1, " "1, " "1, " "1, " "1, " "1, " "1, " "1, " "1, " "1, " "1, " "1, " "1, " "1, " "1, " "1, " "1, " "1, " "1, " "1, " "1, " "1, " "1, " "1, " "1, " "1, " "1, " "1, " "1, " "1, " "1, " "1, " "1, " "1, " "1, " "1, " "1, " "1, " "1, " "1, " "1, " "1, " "1, " "1, " "1, " "1, " "1, " "1, " "1, " "1, " "1, " "1, " "1, " "1, " "1, " "1, " "1, " "1, " "1, " "1, " "1, " "1, " "1, " "1, " "1, " "1, " "1, " "1, " "1, " "1, " "1, " "1, " "1, " "1, " "1, " "1, " "1, " "1, " "1, " "1, " "1, " "1, " "1, " "1, " "1, " "1, " "1, " "1, " "1, " "1, " "1, " "1, " "1, " "1, " "1, " "1, " "1, " "1, " "1, " "1, " "1, " "1, " "1, " "1, " "1, " "1, " "1, " "1, " "1, " "1, " "1, " "1, " "1, " "1, " "1, " "1, " "1, " "1, " "1, " "1, " "1, " "1, " "1, " "1, " "1, " "1, " "1, " "1, " "1, " "1, " "1, " "1, " "1, " "1, " "1, " "1, " "1, " "1, " "1, " "1, " "1, " "1, " "1, " "1, " "1, " "1, " "1, " "1, " "1, " "1, " "1, " "1, " "1, " "1, " "1, " "1, " "1, " "1, " "1, " "1, " "1, " "1, " "1, " "1, " "1, " "1, " "1, " "1, " "1, " "1, " "1, " "1, " "1, " "1, " "1, " "1, " "1, " "1, " "1, " "1, " "1, " "1, " "1, " "1, " "1, " "1, " "1, " "1, " "1, " "1, " "1, " "1, " "1, " "1, " "1, " "1, " "1, " "1, " "1, " "1, " "1, " "1, " "1, " "1, " "1, " "1, " "1, " "1, " "1, " "1, " "1, " "1, " "1, " "1, " "1, " "1, " "1, " "1, " "1, " "1, " "1, " "1, " "1, " "1, " "1, " "1, " "1, " "1, " "1, " "1, " "1, " "1, " "1, " "1, " "1, " "1, " "1, " "1, " "1, " "1, " "1, " "1, " "1, " "1, " "1, " "1, " "1, " "1, " "1, " "1, " "1, " "1, " "1, " "1, " "1, " "1, " "1, " "1, " "1, " "1, " "1, " "1, " "1, " "1, " "1, " "1, " "1, " "1, " "1, " "1, " "1, " "1, " "1, " "1, " "1, " "1, " "1, " "1, " "1, " "1, " "1, " "1, " "1, " "1, " "1, " "1, " "1, " "1, " "1, " "1, " "1, " "1, " "1, " "1, " "1, " "1, " "1, " "1, " "1, " "1, " "1, " "1, " "1, " "1, " "1, " "1, " "1, " "1, " "1, " "1, " "1, " "1, " "1, " "1, " "1, " "1, " "1, " "1, " "1, " "1, " "1, " "1, " "1, " "1, " "1, " "1, " "1, " "1, " "1, " "1, " "1, " "1, " "1, " "1, " "1, " "1, " "1, " "1, " "1, " "1, " "1, " "1, " "1, " "1, " "1, " "1, " "1, " "1, "204
 "Nei2, 0.202, " "0.015, " "1, " "1, " "0, " "1, " "1, " "1, " "1, " "1, " "1, " "1, " "1, " "1, " "1, " "1, " "1, " "1, " "1, " "1, " "1, " "1, " "1, " "1, " "1, " "1, " "1, " "1, " "1, " "1, " "1, " "1, " "1, " "1, " "1, " "1, " "1, " "1, " "1, " "1, " "1, " "1, " "1, " "1, " "1, " "1, " "1, " "1, " "1, " "1, " "1, " "1, " "1, " "1, " "1, " "1, " "1, " "1, " "1, " "1, " "1, " "1, " "1, " "1, " "1, " "1, " "1, " "1, " "1, " "1, " "1, " "1, " "1, " "1, " "1, " "1, " "1, " "1, " "1, " "1, " "1, " "1, " "1, " "1, " "1, " "1, " "1, " "1, " "1, " "1, " "1, " "1, " "1, " "1, " "1, " "1, " "1, " "1, " "1, " "1, " "1, " "1, " "1, " "1, " "1, " "1, " "1, " "1, " "1, " "1, " "1, " "1, " "1, " "1, " "1, " "1, " "1, " "1, " "1, " "1, " "1, " "1, " "1, " "1, " "1, " "1, " "1, " "1, " "1, " "1, " "1, " "1, " "1, " "1, " "1, " "1, " "1, " "1, " "1, " "1, " "1, " "1, " "1, " "1, " "1, " "1, " "1, " "1, " "1, " "1, " "1, " "1, " "1, " "1, " "1, " "1, " "1, " "1, " "1, " "1, " "1, " "1, " "1, " "1, " "1, " "1, " "1, " "1, " "1, " "1, " "1, " "1, " "1, " "1, " "1, " "1, " "1, " "1, " "1, " "1, " "1, " "1, " "1, " "1, " "1, " "1, " "1, " "1, " "1, " "1, " "1, " "1, " "1, " "1, " "1, " "1, " "1, " "1, " "1, " "1, " "1, " "1, " "1, " "1, " "1, " "1, " "1, " "1, " "1, " "1, " "1, " "1, " "1, " "1, " "1, " "1, " "1, " "1, " "1, " "1, " "1, " "1, " "1, " "1, " "1, " "1, " "1, " "1, " "1, " "1, " "1, " "1, " "1, " "1, " "1, " "1, " "1, " "1, " "1, " "1, " "1, " "1, " "1, " "1, " "1, " "1, " "1, " "1, " "1, " "1, " "1, " "1, " "1, " "1, " "1, " "1, " "1, " "1, " "1, " "1, " "1, " "1, " "1, " "1, " "1, " "1, " "1, " "1, " "1, " "1, " "1, " "1, " "1, " "1, " "1, " "1, " "1, " "1, " "1, " "1, " "1, " "1, " "1, " "1, " "1, " "1, " "1, " "1, " "1, " "1, " "1, " "1, " "1, " "1, " "1, " "1, " "1, " "1, " "1, " "1, " "1, " "1, " "1, " "1, " "1, " "1, " "1, " "1, " "1, " "1, " "1, " "1, " "1, " "1, " "1, " "1, " "1, " "1, " "1, " "1, " "1, " "1, " "1, " "1, " "1, " "1, " "1, " "1, " "1, " "1, " "1, " "1, " "1, " "1, " "1, " "1, " "1, " "1, " "1, " "1, " "1, " "1, " "1, " "1, " "1, " "1, " "1, " "1, " "1, " "1, " "1, " "1, " "1, " "1, " "1, " "1, " "1, " "1, " "1, " "1, " "1, " "1, " "1, " "1, " "1, " "1, " "1, " "1, " "1, " "1, " "1, " "1, " "1, " "1, " "1, " "1, " "1, " "1, " "1, " "1, " "1, " "1, " "1, " "1, " "1, " "1, " "1, " "1, " "1, " "1, " "1, " "1, " "1, " "1, " "1, " "1, " "1, " "1, " "1, " "1, " "1, " "1, " "1, " "1, " "1, " "1, " "1, " "1, " "1, " "1, " "1, " "1, " "1, " "1, " "1, " "1, " "1, " "1, " "1, " "1, " "1, " "1, " "1, " "1, " "1, " "1, " "1, " "1, " "1, " "1, " "1, " "1, " "1, " "1, " "1, " "1, " "1, " "1, " "1, " "1, " "1, " "1, " "1, " "1, " "1, " "1, " "1, " "1, " "1, " "1, " "1, " "1, " "1, " "1, " "1, " "1, " "1, " "1, " "1, " "1, " "1, " "1, " "1, " "1, " "1, " "1, " "1, " "1, " "1, " "1, " "1, " "1, " "1, " "1, " "1, " "1, " "1, " "1, " "1, " "1, " "1, " "1, " "1, " "1, " "1, " "1, " "1, " "1, " "1, " "1, " "1, " "1, " "1, " "1, " "1, " "1, " "1, " "1, " "1, " "1, " "1, " "1, " "1, " "1, " "1, " "1, " "1, " "1, " "1, " "1, " "1, " "1, " "1, " "1, " "1, "204
 "Nei3, 0.021, " "0.015, " "1, " "1, " "1, " "0, " "1, " "1, " "1, " "1, " "1, " "1, " "1, " "1, " "1, " "1, " "1, " "1, " "1, " "1, " "1, " "1, " "1, " "1, " "1, " "1, " "1, " "1, " "1, " "1, " "1, " "1, " "1, " "1, " "1, " "1, " "1, " "1, " "1, " "1, " "1, " "1, " "1, " "1, " "1, " "1, " "1, " "1, " "1, " "1, " "1, " "1, " "1, " "1, " "1, " "1, " "1, " "1, " "1, " "1, " "1, " "1, " "1, " "1, " "1, " "1, " "1, " "1, " "1, " "1, " "1, " "1, " "1, " "1, " "1, " "1, " "1, " "1, " "1, " "1, " "1, " "1, " "1, " "1, " "1, " "1, " "1, " "1, " "1, " "1, " "1, " "1, " "1, " "1, " "1, " "1, " "1, " "1, " "1, " "1, " "1, " "1, " "1, " "1, " "1, " "1, " "1, " "1, " "1, " "1, " "1, " "1, " "1, " "1, " "1, " "1, " "1, " "1, " "1, " "1, " "1, " "1, " "1, " "1, " "1, " "1, " "1, " "1, " "1, " "1, " "1, " "1, " "1, " "1, " "1, " "1, " "1, " "1, " "1, " "1, " "1, " "1, " "1, " "1, " "1, " "1, " "1, " "1, " "1, " "1, " "1, " "1, " "1, " "1, " "1, " "1, " "1, " "1, " "1, " "1, " "1, " "1, " "1, " "1, " "1, " "1, " "1, " "1, " "1, " "1, " "1, " "1, " "1, " "1, " "1, " "1, " "1, " "1, " "1, " "1, " "1, " "1, " "1, " "1, " "1, " "1, " "1, " "1, " "1, " "1, " "1, " "1, " "1, " "1, " "1, " "1, " "1, " "1, " "1, " "1, " "1, " "1, " "1, " "1, " "1, " "1, " "1, " "1, " "1, " "1, " "1, " "1, " "1, " "1, " "1, " "1, " "1, " "1, " "1, " "1, " "1, " "1, " "1, " "1, " "1, " "1, " "1, " "1, " "1, " "1, " "1, " "1, " "1, " "1, " "1, " "1, " "1, " "1, " "1, " "1, " "1, " "1, " "1, " "1, " "1, " "1, " "1, " "1, " "1, " "1, " "1, " "1, " "1, " "1, " "1, " "1, " "1, " "1, " "1, " "1, " "1, " "1, " "1, " "1, " "1, " "1, " "1, " "1, " "1, " "1, " "1, " "1, " "1, " "1, " "1, " "1, " "1, " "1, " "1, " "1, " "1, " "1, " "1, " "1, " "1, " "1, " "1, " "1, " "1, " "1, " "1, " "1, " "1, " "1, " "1, " "1, " "1, " "1, " "1, " "1, " "1, " "1, " "1, " "1, " "1, " "1, " "1, " "1, " "1, " "1, " "1, " "1, " "1, " "1, " "1, " "1, " "1, " "1, " "1, " "1, " "1, " "1, " "1, " "1, " "1, " "1, " "1, " "1, " "1, " "1, " "1, " "1, " "1, " "1, " "1, " "1, " "1, " "1, " "1, " "1, " "1, " "1, " "1, " "1, " "1, " "1, " "1, " "1, " "1, " "1, " "1, " "1, " "1, " "1, " "1, " "1, " "1, " "1, " "1, " "1, " "1, " "1, " "1, " "1, " "1, " "1, " "1, " "1, " "1, " "1, " "1, " "1, " "1, " "1, " "1, " "1, " "1, " "1, " "1, " "1, " "1, " "1, " "1, " "1, " "1, " "1, " "1, " "1, " "1, " "1, " "1, " "1, " "1, " "1, " "1, " "1, " "1, " "1, " "1, " "1, " "1, " "1, " "1, " "1, " "1, " "1, " "1, " "1, " "1, " "1, " "1, " "1, " "1, " "1, " "1, " "1, " "1, " "1, " "1, " "1, " "1, " "1, " "1, " "1, " "1, " "1, " "1, " "1, " "1, " "1, " "1, " "1, " "1, " "1, " "1, " "1, " "1, " "1, " "1, " "1, " "1, " "1, " "1, " "1, " "1, " "1, " "1, " "1, " "1, " "1, " "1, " "1, " "1, " "1, " "1, " "1, " "1, " "1, " "1, " "1, " "1, " "1, " "1, " "1, " "1, " "1, " "1, " "1, " "1, " "1, " "1, " "1, " "1, " "1, " "1, " "1, " "1, " "1, " "1, " "1, " "1, " "1, " "1, " "1, " "1, " "1, " "1, " "1, " "1, " "1, " "1, " "1, " "1, " "1, " "1, " "1, " "1, " "1, " "1, " "1, " "1, " "1, " "1, " "1, " "1, " "1, " "1, " "1, " "1, " "1, " "1, " "1, " "1, " "1, " "1, "204
 "Nei4, 0.095, " "0.015, " "1, " "1, " "1, " "1, " "0, " "1, " "1, " "1, " "1, " "1, " "1, " "1, " "1, " "1, " "1, " "1, " "1, " "1, " "1, " "1, " "1, " "1, " "1, " "1, " "1, " "1, " "1, " "1, " "1, " "1, " "1, " "1, " "1, " "1, " "1, " "1, " "1, " "1, " "1, " "1, " "1, " "1, " "1, " "1, " "1, " "1, " "1, " "1, " "1, " "1, " "1, " "1, " "1, " "1, " "1, " "1, " "1, " "1, " "1, " "1, " "1, " "1, " "1, " "1, " "1, " "1, " "1, " "1, " "1, " "1, " "1, " "1, " "1, " "1, " "1, " "1, " "1, " "1, " "1, " "1, " "1, " "1, " "1, " "1, " "1, " "1, " "1, " "1, " "1, " "1, " "1, " "1, " "1, " "1, " "1, " "1, " "1, " "1, " "1, " "1, " "1, " "1, " "1, " "1, " "1, " "1, " "1, " "1, " "1, " "1, " "1, " "1, " "1, " "1, " "1, " "1, " "1, " "1, " "1, " "1, " "1, " "1, " "1, " "1, " "1, " "1, " "1, " "1, " "1, " "1, " "1, " "1, " "1, " "1, " "1, " "1, " "1, " "1, " "1, " "1, " "1, " "1, " "1, " "1, " "1, " "1, " "1, " "1, " "1, " "1, " "1, " "1, " "1, " "1, " "1, " "1, " "1, " "1, " "1, " "1, " "1, " "1, " "1, " "1, " "1, " "1, " "1, " "1, " "1, " "1, " "1, " "1, " "1, " "1, " "1, " "1, " "1, " "1, " "1, " "1, " "1, " "1, " "1, " "1, " "1, " "1, " "1, " "1, " "1, " "1, " "1, " "1, " "1, " "1, " "1, " "1, " "1, " "1, " "1, " "1, " "1, " "1, " "1, " "1, " "1, " "1, " "1, " "1, " "1, " "1, " "1, " "1, " "1, " "1, " "1, " "1, " "1, " "1, " "1, " "1, " "1, " "1, " "1, " "1, " "1, " "1, " "1, " "1, " "1, " "1, " "1, " "1, " "1, " "1, " "1, " "1, " "1, " "1, " "1, " "1, " "1, " "1, " "1, " "1, " "1, " "1, " "1, " "1, " "1, " "1, " "1, " "1, " "1, " "1, " "1, " "1, " "1, " "1, " "1, " "1, " "1, " "1, " "1, " "1, " "1, " "1, " "1, " "1, " "1, " "1, " "1, " "1, " "1, " "1, " "1, " "1, " "1, " "1, " "1, " "1, " "1, " "1, " "1, " "1, " "1, " "1, " "1, " "1, " "1, " "1, " "1, " "1, " "1, " "1, " "1, " "1, " "1, " "1, " "1, " "1, " "1, " "1, " "1, " "1, " "1, " "1, " "1, " "1, " "1, " "1, " "1, " "1, " "1, " "1, " "1, " "1, " "1, " "1, " "1, " "1, " "1, " "1, " "1, " "1, " "1, " "1, " "1, " "1, " "1, " "1, " "1, " "1, " "1, " "1, " "1, " "1, " "1, " "1, " "1, " "1, " "1, " "1, " "1, " "1, " "1, " "1, " "1, " "1, " "1, " "1, " "1, " "1, " "1, " "1, " "1, " "1, " "1, " "1, " "1, " "1, " "1, " "1, " "1, " "1, " "1, " "1, " "1, " "1, " "1, " "1, " "1, " "1, " "1, " "1, " "1, " "1, " "1, " "1, " "1, " "1, " "1, " "1, " "1, " "1, " "1, " "1, " "1, " "1, " "1, " "1, " "1, " "1, " "1, " "1, " "1, " "1, " "1, " "1, " "1, " "1, " "1, " "1, " "1, " "1, " "1, " "1, " "1, " "1, " "1, " "1, " "1, " "1, " "1, " "1, " "1, " "1, " "1, " "1, " "1, " "1, " "1, " "1, " "1, " "1, " "1, " "1, " "1, " "1, " "1, " "1, " "1, " "1, " "1, " "1, " "1, " "1, " "1, " "1, " "1, " "1, " "1, " "1, " "1, " "1, " "1, " "1, " "1, " "1, " "1, " "1, " "1, " "1, " "1, " "1, " "1, " "1, " "1, " "1, " "1, " "1, " "1, " "1, " "1, " "1, " "1, " "1, " "1, " "1, " "1, " "1, " "1, " "1, " "1, " "1, " "1, " "1, " "1, " "1, " "1, " "1, " "1, " "1, " "1, " "1, " "1, " "1, " "1, " "1, " "1, " "1, " "1, " "1, " "1, " "1, " "1, " "1, " "1, " "1, " "1, " "1, " "1, " "1, " "1, " "1, " "1, " "1, " "1, " "1, " "1, " "1, " "1, " "1, " "1, "204
 "Nei5, 0.244, " "0.015, " "1, " "1, " "1, " "1, " "1, " "0, " "1, " "1, " "1, " "1, " "1, " "1, " "1, " "1, " "1, " "1, " "1, " "1, " "1, " "1, " "1, " "1, " "1, " "1, " "1, " "1, " "1, " "1, " "1, " "1, " "1, " "1, " "1, " "1, " "1, " "1, " "1, " "1, " "1, " "1, " "1, " "1, " "1, " "1, " "1, " "1, " "1, " "1, " "1, " "1, " "1, " "1, " "1, " "1, " "1, " "1, " "1, " "1, " "1, " "1, " "1, " "1, " "1, " "1, " "1, " "1, " "1, " "1, " "1, " "1, " "1, " "1, " "1, " "1, " "1, " "1, " "1, " "1, " "1, " "1, " "1, " "1, " "1, " "1, " "1, " "1, " "1, " "1, " "1, " "1, " "1, " "1, " "1, " "1, " "1, " "1, " "1, " "1, " "1, " "1, " "1, " "1, " "1, " "1, " "1, " "1, " "1, " "1, " "1, " "1, " "1, " "1, " "1, " "1, " "1, " "1, " "1, " "1, " "1, " "1, " "1, " "1, " "1, " "1, " "1, " "1, " "1, " "1, " "1, " "1, " "1, " "1, " "1, " "1, " "1, " "1, " "1, " "1, " "1, " "1, " "1, " "1, " "1, " "1, " "1, " "1, " "1, " "1, " "1, " "1, " "1, " "1, " "1, " "1, " "1, " "1, " "1, " "1, " "1, " "1, " "1, " "1, " "1, " "1, " "1, " "1, " "1, " "1, " "1, " "1, " "1, " "1, " "1, " "1, " "1, " "1, " "1, " "1, " "1, " "1, " "1, " "1, " "1, " "1, " "1, " "1, " "1, " "1, " "1, " "1, " "1, " "1, " "1, " "1, " "1, " "1, " "1, " "1, " "1, " "1, " "1, " "1, " "1, " "1, " "1, " "1, " "1, " "1, " "1, " "1, " "1, " "1, " "1, " "1, " "1, " "1, " "1, " "1, " "1, " "1, " "1, " "1, " "1, " "1, " "1, " "1, " "1, " "1, " "1, " "1, " "1, " "1, " "1, " "1, " "1, " "1, " "1, " "1, " "1, " "1, " "1, " "1, " "1, " "1, " "1, " "1, " "1, " "1, " "1, " "1, " "1, " "1, " "1, " "1, " "1, " "1, " "1, " "1, " "1, " "1, " "1, " "1, " "1, " "1, " "1, " "1, " "1, " "1, " "1, " "1, " "1, " "1, " "1, " "1, " "1, " "1, " "1, " "1, " "1, " "1, " "1, " "1, " "1, " "1, " "1, " "1, " "1, " "1, " "1, " "1, " "1, " "1, " "1, " "1, " "1, " "1, " "1, " "1, " "1, " "1, " "1, " "1, " "1, " "1, " "1, " "1, " "1, " "1, " "1, " "1, " "1, " "1, " "1, " "1, " "1, " "1, " "1, " "1, " "1, " "1, " "1, " "1, " "1, " "1, " "1, " "1, " "1, " "1, " "1, " "1, " "1, " "1, " "1, " "1, " "1, " "1, " "1, " "1, " "1, " "1, " "1, " "1, " "1, " "1, " "1, " "1, " "1, " "1, " "1, " "1, " "1, " "1, " "1, " "1, " "1, " "1, " "1, " "1, " "1, " "1, " "1, " "1, " "1, " "1, " "1, " "1, " "1, " "1, " "1, " "1, " "1, " "1, " "1, " "1, " "1, " "1, " "1, " "1, " "1, " "1, " "1, " "1, " "1, " "1, " "1, " "1, " "1, " "1, " "1, " "1, " "1, " "1, " "1, " "1, " "1, " "1, " "1, " "1, " "1, " "1, " "1, " "1, " "1, " "1, " "1, " "1, " "1, " "1, " "1, " "1, " "1, " "1, " "1, " "1, " "1, " "1, " "1, " "1, " "1, " "1, " "1, " "1, " "1, " "1, " "1, " "1, " "1, " "1, " "1, " "1, " "1, " "1, " "1, " "1, " "1, " "1, " "1, " "1, " "1, " "1, " "1, " "1, " "1, " "1, " "1, " "1, " "1, " "1, " "1, " "1, " "1, " "1, " "1, " "1, " "1, " "1, " "1, " "1, " "1, " "1, " "1, " "1, " "1, " "1, " "1, " "1, " "1, " "1, " "1, " "1, " "1, " "1, " "1, " "1, " "1, " "1, " "1, " "1, " "1, " "1, " "1, " "1, " "1, " "1, " "1, " "1, " "1, " "1, " "1, " "1, " "1, " "1, " "1, " "1, " "1, " "1, " "1, " "1, " "1, " "1, " "1, " "1, " "1, " "1, " "1, " "1, " "1, " "1, " "1, " "1, " "1, " "1, " "1, "204
 "Nei6, 0.319, " "0.015, " "1, " "1, " "1, " "1, " "1, " "1, " "0, " "1, " "1, " "1, " "1, " "1, " "1, " "1, " "1, " "1, " "1, " "1, " "1, " "1, " "1, " "1, " "1, " "1, " "1, " "1, " "1, " "1, " "1, " "1, " "1, " "1, " "1, " "1, " "1, " "1, " "1, " "1, " "1, " "1, " "1, " "1, " "1, " "1, " "1, " "1, " "1, " "1, " "1, " "1, " "1, " "1, " "1, " "1, " "1, " "1, " "1, " "1, " "1, " "1, " "1, " "1, " "1, " "1, " "1, " "1, " "1, " "1, " "1, " "1, " "1, " "1, " "1, " "1, " "1, " "1, " "1, " "1, " "1, " "1, " "1, " "1, " "1, " "1, " "1, " "1, " "1, " "1, " "1, " "1, " "1, " "1, " "1, " "1, " "1, " "1, " "1, " "1, " "1, " "1, " "1, " "1, " "1, " "1, " "1, " "1, " "1, " "1, " "1, " "1, " "1, " "1, " "1, " "1, " "1, " "1, " "1, " "1, " "1, " "1, " "1, " "1, " "1, " "1, " "1, " "1, " "1, " "1, " "1, " "1, " "1, " "1, " "1, " "1, " "1, " "1, " "1, " "1, " "1, " "1, " "1, " "1, " "1, " "1, " "1, " "1, " "1, " "1, " "1, " "1, " "1, " "1, " "1, " "1, " "1, " "1, " "1, " "1, " "1, " "1, " "1, " "1, " "1, " "1, " "1, " "1, " "1, " "1, " "1, " "1, " "1, " "1, " "1, " "1, " "1, " "1, " "1, " "1, " "1, " "1, " "1, " "1, " "1, " "1, " "1, " "1, " "1, " "1, " "1, " "1, " "1, " "1, " "1, " "1, " "1, " "1, " "1, " "1, " "1, " "1, " "1, " "1, " "1, " "1, " "1, " "1, " "1, " "1, " "1, " "1, " "1, " "1, " "1, " "1, " "1, " "1, " "1, " "1, " "1, " "1, " "1, " "1, " "1, " "1, " "1, " "1, " "1, " "1, " "1, " "1, " "1, " "1, " "1, " "1, " "1, " "1, " "1, " "1, " "1, " "1, " "1, " "1, " "1, " "1, " "1, " "1, " "1, " "1, " "1, " "1, " "1, " "1, " "1, " "1, " "1, " "1, " "1, " "1, " "1, " "1, " "1, " "1, " "1, " "1, " "1, " "1, " "1, " "1, " "1, " "1, " "1, " "1, " "1, " "1, " "1, " "1, " "1, " "1, " "1, " "1, " "1, " "1, " "1, " "1, " "1, " "1, " "1, " "1, " "1, " "1, " "1, " "1, " "1, " "1, " "1, " "1, " "1, " "1, " "1, " "1, " "1, " "1, " "1, " "1, " "1, " "1, " "1, " "1, " "1, " "1, " "1, " "1, " "1, " "1, " "1, " "1, " "1, " "1, " "1, " "1, " "1, " "1, " "1, " "1, " "1, " "1, " "1, " "1, " "1, " "1, " "1, " "1, " "1, " "1, " "1, " "1, " "1, " "1, " "1, " "1, " "1, " "1, " "1, " "1, " "1, " "1, " "1, " "1, " "1, " "1, " "1, " "1, " "1, " "1, " "1, " "1, " "1, " "1, " "1, " "1, " "1, " "1, " "1, " "1, " "1, " "1, " "1, " "1, " "1, " "1, " "1, " "1, " "1, " "1, " "1, " "1, " "1, " "1, " "1, " "1, " "1, " "1, " "1, " "1, " "1, " "1, " "1, " "1, " "1, " "1, " "1, " "1, " "1, " "1, " "1, " "1, " "1, " "1, " "1, " "1, " "1, " "1, " "1, " "1, " "1, " "1, " "1, " "1, " "1, " "1, " "1, " "1, " "1, " "1, " "1, " "1, " "1, " "1, " "1, " "1, " "1, " "1, " "1, " "1, " "1, " "1, " "1, " "1, " "1, " "1, " "1, " "1, " "1, " "1, " "1, " "1, " "1, " "1, " "1, " "1, " "1, " "1, " "1, " "1, " "1, " "1, " "1, " "1, " "1, " "1, " "1, " "1, " "1, " "1, " "1, " "1, " "1, " "1, " "1, " "1, " "1, " "1, " "1, " "1, " "1, " "1, " "1, " "1, " "1, " "1, " "1, " "1, " "1, " "1, " "1, " "1, " "1, " "1, " "1, " "1, " "1, " "1, " "1, " "1, " "1, " "1, " "1, " "1, " "1, " "1, " "1, " "1, " "1, " "1, " "1, " "1, " "1, " "1, " "1, " "1, " "1, " "1, " "1, " "1, " "1, " "1, " "1, " "1, " "1, " "1, " "1, " "1, " "1, "204
 "Nei7, 0.223, " "0.015, " "1, " "1, " "1, " "1, " "1, " "1, " "1, " "0, " "1, " "1, " "1, " "1, " "1, " "1, " "1, " "1, " "1, " "1, " "1, " "1, " "1, " "1, " "1, " "1, " "1, " "1, " "1, " "1, " "1, " "1, " "1, " "1, " "1, " "1, " "1, " "1, " "1, " "1, " "1, " "1, " "1, " "1, " "1, " "1, " "1, " "1, " "1, " "1, " "1, " "1, " "1, " "1, " "1, " "1, " "1, " "1, " "1, " "1, " "1, " "1, " "1, " "1, " "1, " "1, " "1, " "1, " "1, " "1, " "1, " "1, " "1, " "1, " "1, " "1, " "1, " "1, " "1, " "1, " "1, " "1, " "1, " "1, " "1, " "1, " "1, " "1, " "1, " "1, " "1, " "1, " "1, " "1, " "1, " "1, " "1, " "1, " "1, " "1, " "1, " "1, " "1, " "1, " "1, " "1, " "1, " "1, " "1, " "1, " "1, " "1, " "1, " "1, " "1, " "1, " "1, " "1, " "1, " "1, " "1, " "1, " "1, " "1, " "1, " "1, " "1, " "1, " "1, " "1, " "1, " "1, " "1, " "1, " "1, " "1, " "1, " "1, " "1, " "1, " "1, " "1, " "1, " "1, " "1, " "1, " "1, " "1, " "1, " "1, " "1, " "1, " "1, " "1, " "1, " "1, " "1, " "1, " "1, " "1, " "1, " "1, " "1, " "1, " "1, " "1, " "1, " "1, " "1, " "1, " "1, " "1, " "1, " "1, " "1, " "1, " "1, " "1, " "1, " "1, " "1, " "1, " "1, " "1, " "1, " "1, " "1, " "1, " "1, " "1, " "1, " "1, " "1, " "1, " "1, " "1, " "1, " "1, " "1, " "1, " "1, " "1, " "1, " "1, " "1, " "1, " "1, " "1, " "1, " "1, " "1, " "1, " "1, " "1, " "1, " "1, " "1, " "1, " "1, " "1, " "1, " "1, " "1, " "1, " "1, " "1, " "1, " "1, " "1, " "1, " "1, " "1, " "1, " "1, " "1, " "1, " "1, " "1, " "1, " "1, " "1, " "1, " "1, " "1, " "1, " "1, " "1, " "1, " "1, " "1, " "1, " "1, " "1, " "1, " "1, " "1, " "1, " "1, " "1, " "1, " "1, " "1, " "1, " "1, " "1, " "1, " "1, " "1, " "1, " "1, " "1, " "1, " "1, " "1, " "1, " "1, " "1, " "1, " "1, " "1, " "1, " "1, " "1, " "1, " "1, " "1, " "1, " "1, " "1, " "1, " "1, " "1, " "1, " "1, " "1, " "1, " "1, " "1, " "1, " "1, " "1, " "1, " "1, " "1, " "1, " "1, " "1, " "1, " "1, " "1, " "1, " "1, " "1, " "1, " "1, " "1, " "1, " "1, " "1, " "1, " "1, " "1, " "1, " "1, " "1, " "1, " "1, " "1, " "1, " "1, " "1, " "1, " "1, " "1, " "1, " "1, " "1, " "1, " "1, " "1, " "1, " "1, " "1, " "1, " "1, " "1, " "1, " "1, " "1, " "1, " "1, " "1, " "1, " "1, " "1, " "1, " "1, " "1, " "1, " "1, " "1, " "1, " "1, " "1, " "1, " "1, " "1, " "1, " "1, " "1, " "1, " "1, " "1, " "1, " "1, " "1, " "1, " "1, " "1, " "1, " "1, " "1, " "1, " "1, " "1, " "1, " "1, " "1, " "1, " "1, " "1, " "1, " "1, " "1, " "1, " "1, " "1, " "1, " "1, " "1, " "1, " "1, " "1, " "1, " "1, " "1, " "1, " "1, " "1, " "1, " "1, " "1, " "1, " "1, " "1, " "1, " "1, " "1, " "1, " "1, " "1, " "1, " "1, " "1, " "1, " "1, " "1, " "1, " "1, " "1, " "1, " "1, " "1, " "1, " "1, " "1, " "1, " "1, " "1, " "1, " "1, " "1, " "1, " "1, " "1, " "1, " "1, " "1, " "1, " "1, " "1, " "1, " "1, " "1, " "1, " "1, " "1, " "1, " "1, " "1, " "1, " "1, " "1, " "1, " "1, " "1, " "1, " "1, " "1, " "1, " "1, " "1, " "1, " "1, " "1, " "1, " "1, " "1, " "1, " "1, " "1, " "1, " "1, " "1, " "1, " "1, " "1, " "1, " "1, " "1, " "1, " "1, " "1, " "1, " "1, " "1, " "1, " "1, " "1, " "1, " "1, " "1, " "1, " "1, " "1, " "1, " "1, " "1, " "1, " "1, " "1, " "1, " "1, " "1, " "1, "204
 "Nei8, 0.261, " "0.015, " "1, " "1, " "1, " "1, " "1, " "1, " "1, " "1, " "0, " "1, " "1, " "1, " "1, " "1, " "1, " "1, " "1, " "1, " "1, " "1, " "1, " "1, " "1, " "1, " "1, " "1, " "1, " "1, " "1, " "1, " "1, " "1, " "1, " "1, " "1, " "1, " "1, " "1, " "1, " "1, " "1, " "1, " "1, " "1, " "1, " "1, " "1, " "1, " "1, " "1, " "1, " "1, " "1, " "1, " "1, " "1, " "1, " "1, " "1, " "1, " "1, " "1, " "1, " "1, " "1, " "1, " "1, " "1, " "1, " "1, " "1, " "1, " "1, " "1, " "1, " "1, " "1, " "1, " "1, " "1, " "1, " "1, " "1, " "1, " "1, " "1, " "1, " "1, " "1, " "1, " "1, " "1, " "1, " "1, " "1, " "1, " "1, " "1, " "1, " "1, " "1, " "1, " "1, " "1, " "1, " "1, " "1, " "1, " "1, " "1, " "1, " "1, " "1, " "1, " "1, " "1, " "1, " "1, " "1, " "1, " "1, " "1, " "1, " "1, " "1, " "1, " "1, " "1, " "1, " "1, " "1, " "1, " "1, " "1, " "1, " "1, " "1, " "1, " "1, " "1, " "1, " "1, " "1, " "1, " "1, " "1, " "1, " "1, " "1, " "1, " "1, " "1, " "1, " "1, " "1, " "1, " "1, " "1, " "1, " "1, " "1, " "1, " "1, " "1, " "1, " "1, " "1, " "1, " "1, " "1, " "1, " "1, " "1, " "1, " "1, " "1, " "1, " "1, " "1, " "1, " "1, " "1, " "1, " "1, " "1, " "1, " "1, " "1, " "1, " "1, " "1, " "1, " "1, " "1, " "1, " "1, " "1, " "1, " "1, " "1, " "1, " "1, " "1, " "1, " "1, " "1, " "1, " "1, " "1, " "1, " "1, " "1, " "1, " "1, " "1, " "1, " "1, " "1, " "1, " "1, " "1, " "1, " "1, " "1, " "1, " "1, " "1, " "1, " "1, " "1, " "1, " "1, " "1, " "1, " "1, " "1, " "1, " "1, " "1, " "1, " "1, " "1, " "1, " "1, " "1, " "1, " "1, " "1, " "1, " "1, " "1, " "1, " "1, " "1, " "1, " "1, " "1, " "1, " "1, " "1, " "1, " "1, " "1, " "1, " "1, " "1, " "1, " "1, " "1, " "1, " "1, " "1, " "1, " "1, " "1, " "1, " "1, " "1, " "1, " "1, " "1, " "1, " "1, " "1, " "1, " "1, " "1, " "1, " "1, " "1, " "1, " "1, " "1, " "1, " "1, " "1, " "1, " "1, " "1, " "1, " "1, " "1, " "1, " "1, " "1, " "1, " "1, " "1, " "1, " "1, " "1, " "1, " "1, " "1, " "1, " "1, " "1, " "1, " "1, " "1, " "1, " "1, " "1, " "1, " "1, " "1, " "1, " "1, " "1, " "1, " "1, " "1, " "1, " "1, " "1, " "1, " "1, " "1, " "1, " "1, " "1, " "1, " "1, " "1, " "1, " "1, " "1, " "1, " "1, " "1, " "1, " "1, " "1, " "1, " "1, " "1, " "1, " "1, " "1, " "1, " "1, " "1, " "1, " "1, " "1, " "1, " "1, " "1, " "1, " "1, " "1, " "1, " "1, " "1, " "1, " "1, " "1, " "1, " "1, " "1, " "1, " "1, " "1, " "1, " "1, " "1, " "1, " "1, " "1, " "1, " "1, " "1, " "1, " "1, " "1, " "1, " "1, " "1, " "1, " "1, " "1, " "1, " "1, " "1, " "1, " "1, " "1, " "1, " "1, " "1, " "1, " "1, " "1, " "1, " "1, " "1, " "1, " "1, " "1, " "1, " "1, " "1, " "1, " "1, " "1, " "1, " "1, " "1, " "1, " "1, " "1, " "1, " "1, " "1, " "1, " "1, " "1, " "1, " "1, " "1, " "1, " "1, " "1, " "1, " "1, " "1, " "1, " "1, " "1, " "1, " "1, " "1, " "1, " "1, " "1, " "1, " "1, " "1, " "1, " "1, " "1, " "1, " "1, " "1, " "1, " "1, " "1, " "1, " "1, " "1, " "1, " "1, " "1, " "1, " "1, " "1, " "1, " "1, " "1, " "1, " "1, " "1, " "1, " "1, " "1, " "1, " "1, " "1, " "1, " "1, " "1, " "1, " "1, " "1, " "1, " "1, " "1, " "1, " "1, " "1, " "1, " "1, " "1, " "1, " "1, " "1, " "1, " "1, " "1, " "1, " "1, " "1, " "1, "204
 "Nei9, 0.18, " "0.015, " "1, " "1, " "1, " "1, " "1, " "1, " "1, " "1, " "1, " "0, " "1, " "1, " "1, " "1, " "1, " "1, " "1, " "1, " "1, " "1, " "1, " "1, " "1, " "1, " "1, " "1, " "1, " "1, " "1, " "1, " "1, " "1, " "1, " "1, " "1, " "1, " "1, " "1, " "1, " "1, " "1, " "1, " "1, " "1, " "1, " "1, " "1, " "1, " "1, " "1, " "1, " "1, " "1, " "1, " "1, " "1, " "1, " "1, " "1, " "1, " "1, " "1, " "1, " "1, " "1, " "1, " "1, " "1, " "1, " "1, " "1, " "1, " "1, " "1, " "1, " "1, " "1, " "1, " "1, " "1, " "1, " "1, " "1, " "1, " "1, " "1, " "1, " "1, " "1, " "1, " "1, " "1, " "1, " "1, " "1, " "1, " "1, " "1, " "1, " "1, " "1, " "1, " "1, " "1, " "1, " "1, " "1, " "1, " "1, " "1, " "1, " "1, " "1, " "1, " "1, " "1, " "1, " "1, " "1, " "1, " "1, " "1, " "1, " "1, " "1, " "1, " "1, " "1, " "1, " "1, " "1, " "1, " "1, " "1, " "1, " "1, " "1, " "1, " "1, " "1, " "1, " "1, " "1, " "1, " "1, " "1, " "1, " "1, " "1, " "1, " "1, " "1, " "1, " "1, " "1, " "1, " "1, " "1, " "1, " "1, " "1, " "1, " "1, " "1, " "1, " "1, " "1, " "1, " "1, " "1, " "1, " "1, " "1, " "1, " "1, " "1, " "1, " "1, " "1, " "1, " "1, " "1, " "1, " "1, " "1, " "1, " "1, " "1, " "1, " "1, " "1, " "1, " "1, " "1, " "1, " "1, " "1, " "1, " "1, " "1, " "1, " "1, " "1, " "1, " "1, " "1, " "1, " "1, " "1, " "1, " "1, " "1, " "1, " "1, " "1, " "1, " "1, " "1, " "1, " "1, " "1, " "1, " "1, " "1, " "1, " "1, " "1, " "1, " "1, " "1, " "1, " "1, " "1, " "1, " "1, " "1, " "1, " "1, " "1, " "1, " "1, " "1, " "1, " "1, " "1, " "1, " "1, " "1, " "1, " "1, " "1, " "1, " "1, " "1, " "1, " "1, " "1, " "1, " "1, " "1, " "1, " "1, " "1, " "1, " "1, " "1, " "1, " "1, " "1, " "1, " "1, " "1, " "1, " "1, " "1, " "1, " "1, " "1, " "1, " "1, " "1, " "1, " "1, " "1, " "1, " "1, " "1, " "1, " "1, " "1, " "1, " "1, " "1, " "1, " "1, " "1, " "1, " "1, " "1, " "1, " "1, " "1, " "1, " "1, " "1, " "1, " "1, " "1, " "1, " "1, " "1, " "1, " "1, " "1, " "1, " "1, " "1, " "1, " "1, " "1, " "1, " "1, " "1, " "1, " "1, " "1, " "1, " "1, " "1, " "1, " "1, " "1, " "1, " "1, " "1, " "1, " "1, " "1, " "1, " "1, " "1, " "1, " "1, " "1, " "1, " "1, " "1, " "1, " "1, " "1, " "1, " "1, " "1, " "1, " "1, " "1, " "1, " "1, " "1, " "1, " "1, " "1, " "1, " "1, " "1, " "1, " "1, " "1, " "1, " "1, " "1, " "1, " "1, " "1, " "1, " "1, " "1, " "1, " "1, " "1, " "1, " "1, " "1, " "1, " "1, " "1, " "1, " "1, " "1, " "1, " "1, " "1, " "1, " "1, " "1, " "1, " "1, " "1, " "1, " "1, " "1, " "1, " "1, " "1, " "1, " "1, " "1, " "1, " "1, " "1, " "1, " "1, " "1, " "1, " "1, " "1, " "1, " "1, " "1, " "1, " "1, " "1, " "1, " "1, " "1, " "1, " "1, " "1, " "1, " "1, " "1, " "1, " "1, " "1, " "1, " "1, " "1, " "1, " "1, " "1, " "1, " "1, " "1, " "1, " "1, " "1, " "1, " "1, " "1, " "1, " "1, " "1, " "1, " "1, " "1, " "1, " "1, " "1, " "1, " "1, " "1, " "1, " "1, " "1, " "1, " "1, " "1, " "1, " "1, " "1, " "1, " "1, " "1, " "1, " "1, " "1, " "1, " "1, " "1, " "1, " "1, " "1, " "1, " "1, " "1, " "1, " "1, " "1, " "1, " "1, " "1, " "1, " "1, " "1, " "1, " "1, " "1, " "1, " "1, " "1, " "1, " "1, " "1, " "1, " "1, " "1, " "1, " "1, " "1, " "1, " "1, " "1, " "1, "204
 "Nei10, 0.085, " "0.015, " "1, " "1, " "1, " "1, " "1, " "1, " "1, " "1, " "1, " "1, " "0, " "1, " "1, " "1, " "1, " "1, " "1, " "1, " "1, " "1, " "1, " "1, " "1, " "1, " "1, " "1, " "1, " "1, " "1, " "1, " "1, " "1, " "1, " "1, " "1, " "1, " "1, " "1, " "1, " "1, " "1, " "1, " "1, " "1, " "1, " "1, " "1, " "1, " "1, " "1, " "1, " "1, " "1, " "1, " "1, " "1, " "1, " "1, " "1, " "1, " "1, " "1, " "1, " "1, " "1, " "1, " "1, " "1, " "1, " "1, " "1, " "1, " "1, " "1, " "1, " "1, " "1, " "1, " "1, " "1, " "1, " "1, " "1, " "1, " "1, " "1, " "1, " "1, " "1, " "1, " "1, " "1, " "1, " "1, " "1, " "1, " "1, " "1, " "1, " "1, " "1, " "1, " "1, " "1, " "1, " "1, " "1, " "1, " "1, " "1, " "1, " "1, " "1, " "1, " "1, " "1, " "1, " "1, " "1, " "1, " "1, " "1, " "1, " "1, " "1, " "1, " "1, " "1, " "1, " "1, " "1, " "1, " "1, " "1, " "1, " "1, " "1, " "1, " "1, " "1, " "1, " "1, " "1, " "1, " "1, " "1, " "1, " "1, " "1, " "1, " "1, " "1, " "1, " "1, " "1, " "1, " "1, " "1, " "1, " "1, " "1, " "1, " "1, " "1, " "1, " "1, " "1, " "1, " "1, " "1, " "1, " "1, " "1, " "1, " "1, " "1, " "1, " "1, " "1, " "1, " "1, " "1, " "1, " "1, " "1, " "1, " "1, " "1, " "1, " "1, " "1, " "1, " "1, " "1, " "1, " "1, " "1, " "1, " "1, " "1, " "1, " "1, " "1, " "1, " "1, " "1, " "1, " "1, " "1, " "1, " "1, " "1, " "1, " "1, " "1, " "1, " "1, " "1, " "1, " "1, " "1, " "1, " "1, " "1, " "1, " "1, " "1, " "1, " "1, " "1, " "1, " "1, " "1, " "1, " "1, " "1, " "1, " "1, " "1, " "1, " "1, " "1, " "1, " "1, " "1, " "1, " "1, " "1, " "1, " "1, " "1, " "1, " "1, " "1, " "1, " "1, " "1, " "1, " "1, " "1, " "1, " "1, " "1, " "1, " "1, " "1, " "1, " "1, " "1, " "1, " "1, " "1, " "1, " "1, " "1, " "1, " "1, " "1, " "1, " "1, " "1, " "1, " "1, " "1, " "1, " "1, " "1, " "1, " "1, " "1, " "1, " "1, " "1, " "1, " "1, " "1, " "1, " "1, " "1, " "1, " "1, " "1, " "1, " "1, " "1, " "1, " "1, " "1, " "1, " "1, " "1, " "1, " "1, " "1, " "1, " "1, " "1, " "1, " "1, " "1, " "1, " "1, " "1, " "1, " "1, " "1, " "1, " "1, " "1, " "1, " "1, " "1, " "1, " "1, " "1, " "1, " "1, " "1, " "1, " "1, " "1, " "1, " "1, " "1, " "1, " "1, " "1, " "1, " "1, " "1, " "1, " "1, " "1, " "1, " "1, " "1, " "1, " "1, " "1, " "1, " "1, " "1, " "1, " "1, " "1, " "1, " "1, " "1, " "1, " "1, " "1, " "1, " "1, " "1, " "1, " "1, " "1, " "1, " "1, " "1, " "1, " "1, " "1, " "1, " "1, " "1, " "1, " "1, " "1, " "1, " "1, " "1, " "1, " "1, " "1, " "1, " "1, " "1, " "1, " "1, " "1, " "1, " "1, " "1, " "1, " "1, " "1, " "1, " "1, " "1, " "1, " "1, " "1, " "1, " "1, " "1, " "1, " "1, " "1, " "1, " "1, " "1, " "1, " "1, " "1, " "1, " "1, " "1, " "1, " "1, " "1, " "1, " "1, " "1, " "1, " "1, " "1, " "1, " "1, " "1, " "1, " "1, " "1, " "1, " "1, " "1, " "1, " "1, " "1, " "1, " "1, " "1, " "1, " "1, " "1, " "1, " "1, " "1, " "1, " "1, " "1, " "1, " "1, " "1, " "1, " "1, " "1, " "1, " "1, " "1, " "1, " "1, " "1, " "1, " "1, " "1, " "1, " "1, " "1, " "1, " "1, " "1, " "1, " "1, " "1, " "1, " "1, " "1, " "1, " "1, " "1, " "1, " "1, " "1, " "1, " "1, " "1, " "1, " "1, " "1, " "1, " "1, " "1, " "1, " "1, " "1, " "1, " "1, " "1, " "1, " "1, " "1, " "1, "204
 "Nei11, 0.395, " "0.015, " "1, " "1, " "1, " "1, " "1, " "1, " "1, " "1, " "1, " "1, " "1, " "0, " "1, " "1, " "1, " "1, " "1, " "1, " "1, " "1, " "1, " "1, " "1, " "1, " "1, " "1, " "1, " "1, " "1, " "1, " "1, " "1, " "1, " "1, " "1, " "1, " "1, " "1, " "1, " "1, " "1, " "1, " "1, " "1, " "1, " "1, " "1, " "1, " "1, " "1, " "1, " "1, " "1, " "1, " "1, " "1, " "1, " "1, " "1, " "1, " "1, " "1, " "1, " "1, " "1, " "1, " "1, " "1, " "1, " "1, " "1, " "1, " "1, " "1, " "1, " "1, " "1, " "1, " "1, " "1, " "1, " "1, " "1, " "1, " "1, " "1, " "1, " "1, " "1, " "1, " "1, " "1, " "1, " "1, " "1, " "1, " "1, " "1, " "1, " "1, " "1, " "1, " "1, " "1, " "1, " "1, " "1, " "1, " "1, " "1, " "1, " "1, " "1, " "1, " "1, " "1, " "1, " "1, " "1, " "1, " "1, " "1, " "1, " "1, " "1, " "1, " "1, " "1, " "1, " "1, " "1, " "1, " "1, " "1, " "1, " "1, " "1, " "1, " "1, " "1, " "1, " "1, " "1, " "1, " "1, " "1, " "1, " "1, " "1, " "1, " "1, " "1, " "1, " "1, " "1, " "1, " "1, " "1, " "1, " "1, " "1, " "1, " "1, " "1, " "1, " "1, " "1, " "1, " "1, " "1, " "1, " "1, " "1, " "1, " "1, " "1, " "1, " "1, " "1, " "1, " "1, " "1, " "1, " "1, " "1, " "1, " "1, " "1, " "1, " "1, " "1, " "1, " "1, " "1, " "1, " "1, " "1, " "1, " "1, " "1, " "1, " "1, " "1, " "1, " "1, " "1, " "1, " "1, " "1, " "1, " "1, " "1, " "1, " "1, " "1, " "1, " "1, " "1, " "1, " "1, " "1, " "1, " "1, " "1, " "1, " "1, " "1, " "1, " "1, " "1, " "1, " "1, " "1, " "1, " "1, " "1, " "1, " "1, " "1, " "1, " "1, " "1, " "1, " "1, " "1, " "1, " "1, " "1, " "1, " "1, " "1, " "1, " "1, " "1, " "1, " "1, " "1, " "1, " "1, " "1, " "1, " "1, " "1, " "1, " "1, " "1, " "1, " "1, " "1, " "1, " "1, " "1, " "1, " "1, " "1, " "1, " "1, " "1, " "1, " "1, " "1, " "1, " "1, " "1, " "1, " "1, " "1, " "1, " "1, " "1, " "1, " "1, " "1, " "1, " "1, " "1, " "1, " "1, " "1, " "1, " "1, " "1, " "1, " "1, " "1, " "1, " "1, " "1, " "1, " "1, " "1, " "1, " "1, " "1, " "1, " "1, " "1, " "1, " "1, " "1, " "1, " "1, " "1, " "1, " "1, " "1, " "1, " "1, " "1, " "1, " "1, " "1, " "1, " "1, " "1, " "1, " "1, " "1, " "1, " "1, " "1, " "1, " "1, " "1, " "1, " "1, " "1, " "1, " "1, " "1, " "1, " "1, " "1, " "1, " "1, " "1, " "1, " "1, " "1, " "1, " "1, " "1, " "1, " "1, " "1, " "1, " "1, " "1, " "1, " "1, " "1, " "1, " "1, " "1, " "1, " "1, " "1, " "1, " "1, " "1, " "1, " "1, " "1, " "1, " "1, " "1, " "1, " "1, " "1, " "1, " "1, " "1, " "1, " "1, " "1, " "1, " "1, " "1, " "1, " "1, " "1, " "1, " "1, " "1, " "1, " "1, " "1, " "1, " "1, " "1, " "1, " "1, " "1, " "1, " "1, " "1, " "1, " "1, " "1, " "1, " "1, " "1, " "1, " "1, " "1, " "1, " "1, " "1, " "1, " "1, " "1, " "1, " "1, " "1, " "1, " "1, " "1, " "1, " "1, " "1, " "1, " "1, " "1, " "1, " "1, " "1, " "1, " "1, " "1, " "1, " "1, " "1, " "1, " "1, " "1, " "1, " "1, " "1, " "1, " "1, " "1, " "1, " "1, " "1, " "1, " "1, " "1, " "1, " "1, " "1, " "1, " "1, " "1, " "1, " "1, " "1, " "1, " "1, " "1, " "1, " "1, " "1, " "1, " "1, " "1, " "1, " "1, " "1, " "1, " "1, " "1, " "1, " "1, " "1, " "1, " "1, " "1, " "1, " "1, " "1, " "1, " "1, " "1, " "1, " "1, " "1, " "1, " "1, " "1, " "1, " "1, " "1, " "1, "204
 "Nei12, 0.141, " "0.015, " "1, " "1, " "1, " "1, " "1, " "1, " "1, " "1, " "1, " "1, " "1, " "1, " "0, " "1, " "1, " "1, " "1, " "1, " "1, " "1, " "1, " "1, " "1, " "1, " "1, " "1, " "1, " "1, " "1, " "1, " "1, " "1, " "1, " "1, " "1, " "1, " "1, " "1, " "1, " "1, " "1, " "1, " "1, " "1, " "1, " "1, " "1, " "1, " "1, " "1, " "1, " "1, " "1, " "1, " "1, " "1, " "1, " "1, " "1, " "1, " "1, " "1, " "1, " "1, " "1, " "1, " "1, " "1, " "1, " "1, " "1, " "1, " "1, " "1, " "1, " "1, " "1, " "1, " "1, " "1, " "1, " "1, " "1, " "1, " "1, " "1, " "1, " "1, " "1, " "1, " "1, " "1, " "1, " "1, " "1, " "1, " "1, " "1, " "1, " "1, " "1, " "1, " "1, " "1, " "1, " "1, " "1, " "1, " "1, " "1, " "1, " "1, " "1, " "1, " "1, " "1, " "1, " "1, " "1, " "1, " "1, " "1, " "1, " "1, " "1, " "1, " "1, " "1, " "1, " "1, " "1, " "1, " "1, " "1, " "1, " "1, " "1, " "1, " "1, " "1, " "1, " "1, " "1, " "1, " "1, " "1, " "1, " "1, " "1, " "1, " "1, " "1, " "1, " "1, " "1, " "1, " "1, " "1, " "1, " "1, " "1, " "1, " "1, " "1, " "1, " "1, " "1, " "1, " "1, " "1, " "1, " "1, " "1, " "1, " "1, " "1, " "1, " "1, " "1, " "1, " "1, " "1, " "1, " "1, " "1, " "1, " "1, " "1, " "1, " "1, " "1, " "1, " "1, " "1, " "1, " "1, " "1, " "1, " "1, " "1, " "1, " "1, " "1, " "1, " "1, " "1, " "1, " "1, " "1, " "1, " "1, " "1, " "1, " "1, " "1, " "1, " "1, " "1, " "1, " "1, " "1, " "1, " "1, " "1, " "1, " "1, " "1, " "1, " "1, " "1, " "1, " "1, " "1, " "1, " "1, " "1, " "1, " "1, " "1, " "1, " "1, " "1, " "1, " "1, " "1, " "1, " "1, " "1, " "1, " "1, " "1, " "1, " "1, " "1, " "1, " "1, " "1, " "1, " "1, " "1, " "1, " "1, " "1, " "1, " "1, " "1, " "1, " "1, " "1, " "1, " "1, " "1, " "1, " "1, " "1, " "1, " "1, " "1, " "1, " "1, " "1, " "1, " "1, " "1, " "1, " "1, " "1, " "1, " "1, " "1, " "1, " "1, " "1, " "1, " "1, " "1, " "1, " "1, " "1, " "1, " "1, " "1, " "1, " "1, " "1, " "1, " "1, " "1, " "1, " "1, " "1, " "1, " "1, " "1, " "1, " "1, " "1, " "1, " "1, " "1, " "1, " "1, " "1, " "1, " "1, " "1, " "1, " "1, " "1, " "1, " "1, " "1, " "1, " "1, " "1, " "1, " "1, " "1, " "1, " "1, " "1, " "1, " "1, " "1, " "1, " "1, " "1, " "1, " "1, " "1, " "1, " "1, " "1, " "1, " "1, " "1, " "1, " "1, " "1, " "1, " "1, " "1, " "1, " "1, " "1, " "1, " "1, " "1, " "1, " "1, " "1, " "1, " "1, " "1, " "1, " "1, " "1, " "1, " "1, " "1, " "1, " "1, " "1, " "1, " "1, " "1, " "1, " "1, " "1, " "1, " "1, " "1, " "1, " "1, " "1, " "1, " "1, " "1, " "1, " "1, " "1, " "1, " "1, " "1, " "1, " "1, " "1, " "1, " "1, " "1, " "1, " "1, " "1, " "1, " "1, " "1, " "1, " "1, " "1, " "1, " "1, " "1, " "1, " "1, " "1, " "1, " "1, " "1, " "1, " "1, " "1, " "1, " "1, " "1, " "1, " "1, " "1, " "1, " "1, " "1, " "1, " "1, " "1, " "1, " "1, " "1, " "1, " "1, " "1, " "1, " "1, " "1, " "1, " "1, " "1, " "1, " "1, " "1, " "1, " "1, " "1, " "1, " "1, " "1, " "1, " "1, " "1, " "1, " "1, " "1, " "1, " "1, " "1, " "1, " "1, " "1, " "1, " "1, " "1, " "1, " "1, " "1, " "1, " "1, " "1, " "1, " "1, " "1, " "1, " "1, " "1, " "1, " "1, " "1, " "1, " "1, " "1, " "1, " "1, " "1, " "1, " "1, " "1, " "1, " "1, " "1, " "1, " "1, " "1, " "1, " "1, " "1, " "1, "204
 "Nei13, 0.385, " "0.015, " "1, " "1, " "1, " "1, " "1, " "1, " "1, " "1, " "1, " "1, " "1, " "1, " "1, " "0, " "1, " "1, " "1, " "1, " "1, " "1, " "1, " "1, " "1, " "1, " "1, " "1, " "1, " "1, " "1, " "1, " "1, " "1, " "1, " "1, " "1, " "1, " "1, " "1, " "1, " "1, " "1, " "1, " "1, " "1, " "1, " "1, " "1, " "1, " "1, " "1, " "1, " "1, " "1, " "1, " "1, " "1, " "1, " "1, " "1, " "1, " "1, " "1, " "1, " "1, " "1, " "1, " "1, " "1, " "1, " "1, " "1, " "1, " "1, " "1, " "1, " "1, " "1, " "1, " "1, " "1, " "1, " "1, " "1, " "1, " "1, " "1, " "1, " "1, " "1, " "1, " "1, " "1, " "1, " "1, " "1, " "1, " "1, " "1, " "1, " "1, " "1, " "1, " "1, " "1, " "1, " "1, " "1, " "1, " "1, " "1, " "1, " "1, " "1, " "1, " "1, " "1, " "1, " "1, " "1, " "1, " "1, " "1, " "1, " "1, " "1, " "1, " "1, " "1, " "1, " "1, " "1, " "1, " "1, " "1, " "1, " "1, " "1, " "1, " "1, " "1, " "1, " "1, " "1, " "1, " "1, " "1, " "1, " "1, " "1, " "1, " "1, " "1, " "1, " "1, " "1, " "1, " "1, " "1, " "1, " "1, " "1, " "1, " "1, " "1, " "1, " "1, " "1, " "1, " "1, " "1, " "1, " "1, " "1, " "1, " "1, " "1, " "1, " "1, " "1, " "1, " "1, " "1, " "1, " "1, " "1, " "1, " "1, " "1, " "1, " "1, " "1, " "1, " "1, " "1, " "1, " "1, " "1, " "1, " "1, " "1, " "1, " "1, " "1, " "1, " "1, " "1, " "1, " "1, " "1, " "1, " "1, " "1, " "1, " "1, " "1, " "1, " "1, " "1, " "1, " "1, " "1, " "1, " "1, " "1, " "1, " "1, " "1, " "1, " "1, " "1, " "1, " "1, " "1, " "1, " "1, " "1, " "1, " "1, " "1, " "1, " "1, " "1, " "1, " "1, " "1, " "1, " "1, " "1, " "1, " "1, " "1, " "1, " "1, " "1, " "1, " "1, " "1, " "1, " "1, " "1, " "1, " "1, " "1, " "1, " "1, " "1, " "1, " "1, " "1, " "1, " "1, " "1, " "1, " "1, " "1, " "1, " "1, " "1, " "1, " "1, " "1, " "1, " "1, " "1, " "1, " "1, " "1, " "1, " "1, " "1, " "1, " "1, " "1, " "1, " "1, " "1, " "1, " "1, " "1, " "1, " "1, " "1, " "1, " "1, " "1, " "1, " "1, " "1, " "1, " "1, " "1, " "1, " "1, " "1, " "1, " "1, " "1, " "1, " "1, " "1, " "1, " "1, " "1, " "1, " "1, " "1, " "1, " "1, " "1, " "1, " "1, " "1, " "1, " "1, " "1, " "1, " "1, " "1, " "1, " "1, " "1, " "1, " "1, " "1, " "1, " "1, " "1, " "1, " "1, " "1, " "1, " "1, " "1, " "1, " "1, " "1, " "1, " "1, " "1, " "1, " "1, " "1, " "1, " "1, " "1, " "1, " "1, " "1, " "1, " "1, " "1, " "1, " "1, " "1, " "1, " "1, " "1, " "1, " "1, " "1, " "1, " "1, " "1, " "1, " "1, " "1, " "1, " "1, " "1, " "1, " "1, " "1, " "1, " "1, " "1, " "1, " "1, " "1, " "1, " "1, " "1, " "1, " "1, " "1, " "1, " "1, " "1, " "1, " "1, " "1, " "1, " "1, " "1, " "1, " "1, " "1, " "1, " "1, " "1, " "1, " "1, " "1, " "1, " "1, " "1, " "1, " "1, " "1, " "1, " "1, " "1, " "1, " "1, " "1, " "1, " "1, " "1, " "1, " "1, " "1, " "1, " "1, " "1, " "1, " "1, " "1, " "1, " "1, " "1, " "1, " "1, " "1, " "1, " "1, " "1, " "1, " "1, " "1, " "1, " "1, " "1, " "1, " "1, " "1, " "1, " "1, " "1, " "1, " "1, " "1, " "1, " "1, " "1, " "1, " "1, " "1, " "1, " "1, " "1, " "1, " "1, " "1, " "1, " "1, " "1, " "1, " "1, " "1, " "1, " "1, " "1, " "1, " "1, " "1, " "1, " "1, " "1, " "1, " "1, " "1, " "1, " "1, " "1, " "1, " "1, " "1, " "1, " "1, " "1, " "1, " "1, " "1, " "1, "204
 "Nei14, 0.107, " "0.015, " "1, " "1, " "1, " "1, " "1, " "1, " "1, " "1, " "1, " "1, " "1, " "1, " "1, " "1, " "0, " "1, " "1, " "1, " "1, " "1, " "1, " "1, " "1, " "1, " "1, " "1, " "1, " "1, " "1, " "1, " "1, " "1, " "1, " "1, " "1, " "1, " "1, " "1, " "1, " "1, " "1, " "1, " "1, " "1, " "1, " "1, " "1, " "1, " "1, " "1, " "1, " "1, " "1, " "1, " "1, " "1, " "1, " "1, " "1, " "1, " "1, " "1, " "1, " "1, " "1, " "1, " "1, " "1, " "1, " "1, " "1, " "1, " "1, " "1, " "1, " "1, " "1, " "1, " "1, " "1, " "1, " "1, " "1, " "1, " "1, " "1, " "1, " "1, " "1, " "1, " "1, " "1, " "1, " "1, " "1, " "1, " "1, " "1, " "1, " "1, " "1, " "1, " "1, " "1, " "1, " "1, " "1, " "1, " "1, " "1, " "1, " "1, " "1, " "1, " "1, " "1, " "1, " "1, " "1, " "1, " "1, " "1, " "1, " "1, " "1, " "1, " "1, " "1, " "1, " "1, " "1, " "1, " "1, " "1, " "1, " "1, " "1, " "1, " "1, " "1, " "1, " "1, " "1, " "1, " "1, " "1, " "1, " "1, " "1, " "1, " "1, " "1, " "1, " "1, " "1, " "1, " "1, " "1, " "1, " "1, " "1, " "1, " "1, " "1, " "1, " "1, " "1, " "1, " "1, " "1, " "1, " "1, " "1, " "1, " "1, " "1, " "1, " "1, " "1, " "1, " "1, " "1, " "1, " "1, " "1, " "1, " "1, " "1, " "1, " "1, " "1, " "1, " "1, " "1, " "1, " "1, " "1, " "1, " "1, " "1, " "1, " "1, " "1, " "1, " "1, " "1, " "1, " "1, " "1, " "1, " "1, " "1, " "1, " "1, " "1, " "1, " "1, " "1, " "1, " "1, " "1, " "1, " "1, " "1, " "1, " "1, " "1, " "1, " "1, " "1, " "1, " "1, " "1, " "1, " "1, " "1, " "1, " "1, " "1, " "1, " "1, " "1, " "1, " "1, " "1, " "1, " "1, " "1, " "1, " "1, " "1, " "1, " "1, " "1, " "1, " "1, " "1, " "1, " "1, " "1, " "1, " "1, " "1, " "1, " "1, " "1, " "1, " "1, " "1, " "1, " "1, " "1, " "1, " "1, " "1, " "1, " "1, " "1, " "1, " "1, " "1, " "1, " "1, " "1, " "1, " "1, " "1, " "1, " "1, " "1, " "1, " "1, " "1, " "1, " "1, " "1, " "1, " "1, " "1, " "1, " "1, " "1, " "1, " "1, " "1, " "1, " "1, " "1, " "1, " "1, " "1, " "1, " "1, " "1, " "1, " "1, " "1, " "1, " "1, " "1, " "1, " "1, " "1, " "1, " "1, " "1, " "1, " "1, " "1, " "1, " "1, " "1, " "1, " "1, " "1, " "1, " "1, " "1, " "1, " "1, " "1, " "1, " "1, " "1, " "1, " "1, " "1, " "1, " "1, " "1, " "1, " "1, " "1, " "1, " "1, " "1, " "1, " "1, " "1, " "1, " "1, " "1, " "1, " "1, " "1, " "1, " "1, " "1, " "1, " "1, " "1, " "1, " "1, " "1, " "1, " "1, " "1, " "1, " "1, " "1, " "1, " "1, " "1, " "1, " "1, " "1, " "1, " "1, " "1, " "1, " "1, " "1, " "1, " "1, " "1, " "1, " "1, " "1, " "1, " "1, " "1, " "1, " "1, " "1, " "1, " "1, " "1, " "1, " "1, " "1, " "1, " "1, " "1, " "1, " "1, " "1, " "1, " "1, " "1, " "1, " "1, " "1, " "1, " "1, " "1, " "1, " "1, " "1, " "1, " "1, " "1, " "1, " "1, " "1, " "1, " "1, " "1, " "1, " "1, " "1, " "1, " "1, " "1, " "1, " "1, " "1, " "1, " "1, " "1, " "1, " "1, " "1, " "1, " "1, " "1, " "1, " "1, " "1, " "1, " "1, " "1, " "1, " "1, " "1, " "1, " "1, " "1, " "1, " "1, " "1, " "1, " "1, " "1, " "1, " "1, " "1, " "1, " "1, " "1, " "1, " "1, " "1, " "1, " "1, " "1, " "1, " "1, " "1, " "1, " "1, " "1, " "1, " "1, " "1, " "1, " "1, " "1, " "1, " "1, " "1, " "1, " "1, " "1, " "1, " "1, " "1, " "1, " "1, " "1, " "1, " "1, " "1, " "1, "204
 "Nei15, 0.178, " "0.015, " "1, " "1, " "1, " "1, " "1, " "1, " "1, " "1, " "1, " "1, " "1, " "1, " "1, " "1, " "1, " "0, " "1, " "1, " "1, " "1, " "1, " "1, " "1, " "1, " "1, " "1, " "1, " "1, " "1, " "1, " "1, " "1, " "1, " "1, " "1, " "1, " "1, " "1, " "1, " "1, " "1, " "1, " "1, " "1, " "1, " "1, " "1, " "1, " "1, " "1, " "1, " "1, " "1, " "1, " "1, " "1, " "1, " "1, " "1, " "1, " "1, " "1, " "1, " "1, " "1, " "1, " "1, " "1, " "1, " "1, " "1, " "1, " "1, " "1, " "1, " "1, " "1, " "1, " "1, " "1, " "1, " "1, " "1, " "1, " "1, " "1, " "1, " "1, " "1, " "1, " "1, " "1, " "1, " "1, " "1, " "1, " "1, " "1, " "1, " "1, " "1, " "1, " "1, " "1, " "1, " "1, " "1, " "1, " "1, " "1, " "1, " "1, " "1, " "1, " "1, " "1, " "1, " "1, " "1, " "1, " "1, " "1, " "1, " "1, " "1, " "1, " "1, " "1, " "1, " "1, " "1, " "1, " "1, " "1, " "1, " "1, " "1, " "1, " "1, " "1, " "1, " "1, " "1, " "1, " "1, " "1, " "1, " "1, " "1, " "1, " "1, " "1, " "1, " "1, " "1, " "1, " "1, " "1, " "1, " "1, " "1, " "1, " "1, " "1, " "1, " "1, " "1, " "1, " "1, " "1, " "1, " "1, " "1, " "1, " "1, " "1, " "1, " "1, " "1, " "1, " "1, " "1, " "1, " "1, " "1, " "1, " "1, " "1, " "1, " "1, " "1, " "1, " "1, " "1, " "1, " "1, " "1, " "1, " "1, " "1, " "1, " "1, " "1, " "1, " "1, " "1, " "1, " "1, " "1, " "1, " "1, " "1, " "1, " "1, " "1, " "1, " "1, " "1, " "1, " "1, " "1, " "1, " "1, " "1, " "1, " "1, " "1, " "1, " "1, " "1, " "1, " "1, " "1, " "1, " "1, " "1, " "1, " "1, " "1, " "1, " "1, " "1, " "1, " "1, " "1, " "1, " "1, " "1, " "1, " "1, " "1, " "1, " "1, " "1, " "1, " "1, " "1, " "1, " "1, " "1, " "1, " "1, " "1, " "1, " "1, " "1, " "1, " "1, " "1, " "1, " "1, " "1, " "1, " "1, " "1, " "1, " "1, " "1, " "1, " "1, " "1, " "1, " "1, " "1, " "1, " "1, " "1, " "1, " "1, " "1, " "1, " "1, " "1, " "1, " "1, " "1, " "1, " "1, " "1, " "1, " "1, " "1, " "1, " "1, " "1, " "1, " "1, " "1, " "1, " "1, " "1, " "1, " "1, " "1, " "1, " "1, " "1, " "1, " "1, " "1, " "1, " "1, " "1, " "1, " "1, " "1, " "1, " "1, " "1, " "1, " "1, " "1, " "1, " "1, " "1, " "1, " "1, " "1, " "1, " "1, " "1, " "1, " "1, " "1, " "1, " "1, " "1, " "1, " "1, " "1, " "1, " "1, " "1, " "1, " "1, " "1, " "1, " "1, " "1, " "1, " "1, " "1, " "1, " "1, " "1, " "1, " "1, " "1, " "1, " "1, " "1, " "1, " "1, " "1, " "1, " "1, " "1, " "1, " "1, " "1, " "1, " "1, " "1, " "1, " "1, " "1, " "1, " "1, " "1, " "1, " "1, " "1, " "1, " "1, " "1, " "1, " "1, " "1, " "1, " "1, " "1, " "1, " "1, " "1, " "1, " "1, " "1, " "1, " "1, " "1, " "1, " "1, " "1, " "1, " "1, " "1, " "1, " "1, " "1, " "1, " "1, " "1, " "1, " "1, " "1, " "1, " "1, " "1, " "1, " "1, " "1, " "1, " "1, " "1, " "1, " "1, " "1, " "1, " "1, " "1, " "1, " "1, " "1, " "1, " "1, " "1, " "1, " "1, " "1, " "1, " "1, " "1, " "1, " "1, " "1, " "1, " "1, " "1, " "1, " "1, " "1, " "1, " "1, " "1, " "1, " "1, " "1, " "1, " "1, " "1, " "1, " "1, " "1, " "1, " "1, " "1, " "1, " "1, " "1, " "1, " "1, " "1, " "1, " "1, " "1, " "1, " "1, " "1, " "1, " "1, " "1, " "1, " "1, " "1, " "1, " "1, " "1, " "1, " "1, " "1, " "1, " "1, " "1, " "1, " "1, " "1, " "1, " "1, " "1, " "1, " "1, " "1, " "1, "204
 "Nei16, 0.248, " "0.015, " "1, " "1, " "1, " "1, " "1, " "1, " "1, " "1, " "1, " "1, " "1, " "1, " "1, " "1, " "1, " "1, " "0, " "1, " "1, " "1, " "1, " "1, " "1, " "1, " "1, " "1, " "1, " "1, " "1, " "1, " "1, " "1, " "1, " "1, " "1, " "1, " "1, " "1, " "1, " "1, " "1, " "1, " "1, " "1, " "1, " "1, " "1, " "1, " "1, " "1, " "1, " "1, " "1, " "1, " "1, " "1, " "1, " "1, " "1, " "1, " "1, " "1, " "1, " "1, " "1, " "1, " "1, " "1, " "1, " "1, " "1, " "1, " "1, " "1, " "1, " "1, " "1, " "1, " "1, " "1, " "1, " "1, " "1, " "1, " "1, " "1, " "1, " "1, " "1, " "1, " "1, " "1, " "1, " "1, " "1, " "1, " "1, " "1, " "1, " "1, " "1, " "1, " "1, " "1, " "1, " "1, " "1, " "1, " "1, " "1, " "1, " "1, " "1, " "1, " "1, " "1, " "1, " "1, " "1, " "1, " "1, " "1, " "1, " "1, " "1, " "1, " "1, " "1, " "1, " "1, " "1, " "1, " "1, " "1, " "1, " "1, " "1, " "1, " "1, " "1, " "1, " "1, " "1, " "1, " "1, " "1, " "1, " "1, " "1, " "1, " "1, " "1, " "1, " "1, " "1, " "1, " "1, " "1, " "1, " "1, " "1, " "1, " "1, " "1, " "1, " "1, " "1, " "1, " "1, " "1, " "1, " "1, " "1, " "1, " "1, " "1, " "1, " "1, " "1, " "1, " "1, " "1, " "1, " "1, " "1, " "1, " "1, " "1, " "1, " "1, " "1, " "1, " "1, " "1, " "1, " "1, " "1, " "1, " "1, " "1, " "1, " "1, " "1, " "1, " "1, " "1, " "1, " "1, " "1, " "1, " "1, " "1, " "1, " "1, " "1, " "1, " "1, " "1, " "1, " "1, " "1, " "1, " "1, " "1, " "1, " "1, " "1, " "1, " "1, " "1, " "1, " "1, " "1, " "1, " "1, " "1, " "1, " "1, " "1, " "1, " "1, " "1, " "1, " "1, " "1, " "1, " "1, " "1, " "1, " "1, " "1, " "1, " "1, " "1, " "1, " "1, " "1, " "1, " "1, " "1, " "1, " "1, " "1, " "1, " "1, " "1, " "1, " "1, " "1, " "1, " "1, " "1, " "1, " "1, " "1, " "1, " "1, " "1, " "1, " "1, " "1, " "1, " "1, " "1, " "1, " "1, " "1, " "1, " "1, " "1, " "1, " "1, " "1, " "1, " "1, " "1, " "1, " "1, " "1, " "1, " "1, " "1, " "1, " "1, " "1, " "1, " "1, " "1, " "1, " "1, " "1, " "1, " "1, " "1, " "1, " "1, " "1, " "1, " "1, " "1, " "1, " "1, " "1, " "1, " "1, " "1, " "1, " "1, " "1, " "1, " "1, " "1, " "1, " "1, " "1, " "1, " "1, " "1, " "1, " "1, " "1, " "1, " "1, " "1, " "1, " "1, " "1, " "1, " "1, " "1, " "1, " "1, " "1, " "1, " "1, " "1, " "1, " "1, " "1, " "1, " "1, " "1, " "1, " "1, " "1, " "1, " "1, " "1, " "1, " "1, " "1, " "1, " "1, " "1, " "1, " "1, " "1, " "1, " "1, " "1, " "1, " "1, " "1, " "1, " "1, " "1, " "1, " "1, " "1, " "1, " "1, " "1, " "1, " "1, " "1, " "1, " "1, " "1, " "1, " "1, " "1, " "1, " "1, " "1, " "1, " "1, " "1, " "1, " "1, " "1, " "1, " "1, " "1, " "1, " "1, " "1, " "1, " "1, " "1, " "1, " "1, " "1, " "1, " "1, " "1, " "1, " "1, " "1, " "1, " "1, " "1, " "1, " "1, " "1, " "1, " "1, " "1, " "1, " "1, " "1, " "1, " "1, " "1, " "1, " "1, " "1, " "1, " "1, " "1, " "1, " "1, " "1, " "1, " "1, " "1, " "1, " "1, " "1, " "1, " "1, " "1, " "1, " "1, " "1, " "1, " "1, " "1, " "1, " "1, " "1, " "1, " "1, " "1, " "1, " "1, " "1, " "1, " "1, " "1, " "1, " "1, " "1, " "1, " "1, " "1, " "1, " "1, " "1, " "1, " "1, " "1, " "1, " "1, " "1, " "1, " "1, " "1, " "1, " "1, " "1, " "1, " "1, " "1, " "1, " "1, " "1, " "1, " "1, " "1, " "1, " "1, " "1, " "1, "204
 "Nei17, 0.362, " "0.015, " "1, " "1, " "1, " "1, " "1, " "1, " "1, " "1, " "1, " "1, " "1, " "1, " "1, " "1, " "1, " "1, " "1, " "0, " "1, " "1, " "1, " "1, " "1, " "1, " "1, " "1, " "1, " "1, " "1, " "1, " "1, " "1, " "1, " "1, " "1, " "1, " "1, " "1, " "1, " "1, " "1, " "1, " "1, " "1, " "1, " "1, " "1, " "1, " "1, " "1, " "1, " "1, " "1, " "1, " "1, " "1, " "1, " "1, " "1, " "1, " "1, " "1, " "1, " "1, " "1, " "1, " "1, " "1, " "1, " "1, " "1, " "1, " "1, " "1, " "1, " "1, " "1, " "1, " "1, " "1, " "1, " "1, " "1, " "1, " "1, " "1, " "1, " "1, " "1, " "1, " "1, " "1, " "1, " "1, " "1, " "1, " "1, " "1, " "1, " "1, " "1, " "1, " "1, " "1, " "1, " "1, " "1, " "1, " "1, " "1, " "1, " "1, " "1, " "1, " "1, " "1, " "1, " "1, " "1, " "1, " "1, " "1, " "1, " "1, " "1, " "1, " "1, " "1, " "1, " "1, " "1, " "1, " "1, " "1, " "1, " "1, " "1, " "1, " "1, " "1, " "1, " "1, " "1, " "1, " "1, " "1, " "1, " "1, " "1, " "1, " "1, " "1, " "1, " "1, " "1, " "1, " "1, " "1, " "1, " "1, " "1, " "1, " "1, " "1, " "1, " "1, " "1, " "1, " "1, " "1, " "1, " "1, " "1, " "1, " "1, " "1, " "1, " "1, " "1, " "1, " "1, " "1, " "1, " "1, " "1, " "1, " "1, " "1, " "1, " "1, " "1, " "1, " "1, " "1, " "1, " "1, " "1, " "1, " "1, " "1, " "1, " "1, " "1, " "1, " "1, " "1, " "1, " "1, " "1, " "1, " "1, " "1, " "1, " "1, " "1, " "1, " "1, " "1, " "1, " "1, " "1, " "1, " "1, " "1, " "1, " "1, " "1, " "1, " "1, " "1, " "1, " "1, " "1, " "1, " "1, " "1, " "1, " "1, " "1, " "1, " "1, " "1, " "1, " "1, " "1, " "1, " "1, " "1, " "1, " "1, " "1, " "1, " "1, " "1, " "1, " "1, " "1, " "1, " "1, " "1, " "1, " "1, " "1, " "1, " "1, " "1, " "1, " "1, " "1, " "1, " "1, " "1, " "1, " "1, " "1, " "1, " "1, " "1, " "1, " "1, " "1, " "1, " "1, " "1, " "1, " "1, " "1, " "1, " "1, " "1, " "1, " "1, " "1, " "1, " "1, " "1, " "1, " "1, " "1, " "1, " "1, " "1, " "1, " "1, " "1, " "1, " "1, " "1, " "1, " "1, " "1, " "1, " "1, " "1, " "1, " "1, " "1, " "1, " "1, " "1, " "1, " "1, " "1, " "1, " "1, " "1, " "1, " "1, " "1, " "1, " "1, " "1, " "1, " "1, " "1, " "1, " "1, " "1, " "1, " "1, " "1, " "1, " "1, " "1, " "1, " "1, " "1, " "1, " "1, " "1, " "1, " "1, " "1, " "1, " "1, " "1, " "1, " "1, " "1, " "1, " "1, " "1, " "1, " "1, " "1, " "1, " "1, " "1, " "1, " "1, " "1, " "1, " "1, " "1, " "1, " "1, " "1, " "1, " "1, " "1, " "1, " "1, " "1, " "1, " "1, " "1, " "1, " "1, " "1, " "1, " "1, " "1, " "1, " "1, " "1, " "1, " "1, " "1, " "1, " "1, " "1, " "1, " "1, " "1, " "1, " "1, " "1, " "1, " "1, " "1, " "1, " "1, " "1, " "1, " "1, " "1, " "1, " "1, " "1, " "1, " "1, " "1, " "1, " "1, " "1, " "1, " "1, " "1, " "1, " "1, " "1, " "1, " "1, " "1, " "1, " "1, " "1, " "1, " "1, " "1, " "1, " "1, " "1, " "1, " "1, " "1, " "1, " "1, " "1, " "1, " "1, " "1, " "1, " "1, " "1, " "1, " "1, " "1, " "1, " "1, " "1, " "1, " "1, " "1, " "1, " "1, " "1, " "1, " "1, " "1, " "1, " "1, " "1, " "1, " "1, " "1, " "1, " "1, " "1, " "1, " "1, " "1, " "1, " "1, " "1, " "1, " "1, " "1, " "1, " "1, " "1, " "1, " "1, " "1, " "1, " "1, " "1, " "1, " "1, " "1, " "1, " "1, " "1, " "1, " "1, " "1, " "1, " "1, " "1, " "1, " "1, " "1, " "1, "204
 "Nei18, 0.27, " "0.015, " "1, " "1, " "1, " "1, " "1, " "1, " "1, " "1, " "1, " "1, " "1, " "1, " "1, " "1, " "1, " "1, " "1, " "1, " "0, " "1, " "1, " "1, " "1, " "1, " "1, " "1, " "1, " "1, " "1, " "1, " "1, " "1, " "1, " "1, " "1, " "1, " "1, " "1, " "1, " "1, " "1, " "1, " "1, " "1, " "1, " "1, " "1, " "1, " "1, " "1, " "1, " "1, " "1, " "1, " "1, " "1, " "1, " "1, " "1, " "1, " "1, " "1, " "1, " "1, " "1, " "1, " "1, " "1, " "1, " "1, " "1, " "1, " "1, " "1, " "1, " "1, " "1, " "1, " "1, " "1, " "1, " "1, " "1, " "1, " "1, " "1, " "1, " "1, " "1, " "1, " "1, " "1, " "1, " "1, " "1, " "1, " "1, " "1, " "1, " "1, " "1, " "1, " "1, " "1, " "1, " "1, " "1, " "1, " "1, " "1, " "1, " "1, " "1, " "1, " "1, " "1, " "1, " "1, " "1, " "1, " "1, " "1, " "1, " "1, " "1, " "1, " "1, " "1, " "1, " "1, " "1, " "1, " "1, " "1, " "1, " "1, " "1, " "1, " "1, " "1, " "1, " "1, " "1, " "1, " "1, " "1, " "1, " "1, " "1, " "1, " "1, " "1, " "1, " "1, " "1, " "1, " "1, " "1, " "1, " "1, " "1, " "1, " "1, " "1, " "1, " "1, " "1, " "1, " "1, " "1, " "1, " "1, " "1, " "1, " "1, " "1, " "1, " "1, " "1, " "1, " "1, " "1, " "1, " "1, " "1, " "1, " "1, " "1, " "1, " "1, " "1, " "1, " "1, " "1, " "1, " "1, " "1, " "1, " "1, " "1, " "1, " "1, " "1, " "1, " "1, " "1, " "1, " "1, " "1, " "1, " "1, " "1, " "1, " "1, " "1, " "1, " "1, " "1, " "1, " "1, " "1, " "1, " "1, " "1, " "1, " "1, " "1, " "1, " "1, " "1, " "1, " "1, " "1, " "1, " "1, " "1, " "1, " "1, " "1, " "1, " "1, " "1, " "1, " "1, " "1, " "1, " "1, " "1, " "1, " "1, " "1, " "1, " "1, " "1, " "1, " "1, " "1, " "1, " "1, " "1, " "1, " "1, " "1, " "1, " "1, " "1, " "1, " "1, " "1, " "1, " "1, " "1, " "1, " "1, " "1, " "1, " "1, " "1, " "1, " "1, " "1, " "1, " "1, " "1, " "1, " "1, " "1, " "1, " "1, " "1, " "1, " "1, " "1, " "1, " "1, " "1, " "1, " "1, " "1, " "1, " "1, " "1, " "1, " "1, " "1, " "1, " "1, " "1, " "1, " "1, " "1, " "1, " "1, " "1, " "1, " "1, " "1, " "1, " "1, " "1, " "1, " "1, " "1, " "1, " "1, " "1, " "1, " "1, " "1, " "1, " "1, " "1, " "1, " "1, " "1, " "1, " "1, " "1, " "1, " "1, " "1, " "1, " "1, " "1, " "1, " "1, " "1, " "1, " "1, " "1, " "1, " "1, " "1, " "1, " "1, " "1, " "1, " "1, " "1, " "1, " "1, " "1, " "1, " "1, " "1, " "1, " "1, " "1, " "1, " "1, " "1, " "1, " "1, " "1, " "1, " "1, " "1, " "1, " "1, " "1, " "1, " "1, " "1, " "1, " "1, " "1, " "1, " "1, " "1, " "1, " "1, " "1, " "1, " "1, " "1, " "1, " "1, " "1, " "1, " "1, " "1, " "1, " "1, " "1, " "1, " "1, " "1, " "1, " "1, " "1, " "1, " "1, " "1, " "1, " "1, " "1, " "1, " "1, " "1, " "1, " "1, " "1, " "1, " "1, " "1, " "1, " "1, " "1, " "1, " "1, " "1, " "1, " "1, " "1, " "1, " "1, " "1, " "1, " "1, " "1, " "1, " "1, " "1, " "1, " "1, " "1, " "1, " "1, " "1, " "1, " "1, " "1, " "1, " "1, " "1, " "1, " "1, " "1, " "1, " "1, " "1, " "1, " "1, " "1, " "1, " "1, " "1, " "1, " "1, " "1, " "1, " "1, " "1, " "1, " "1, " "1, " "1, " "1, " "1, " "1, " "1, " "1, " "1, " "1, " "1, " "1, " "1, " "1, " "1, " "1, " "1, " "1, " "1, " "1, " "1, " "1, " "1, " "1, " "1, " "1, " "1, " "1, " "1, " "1, " "1, " "1, " "1, " "1, " "1, " "1, " "1, " "1, " "1, "204
 "Nei19, 0.211, " "0.015, " "1, " "1, " "1, " "1, " "1, " "1, " "1, " "1, " "1, " "1, " "1, " "1, " "1, " "1, " "1, " "1, " "1, " "1, " "1, " "0, " "1, " "1, " "1, " "1, " "1, " "1, " "1, " "1, " "1, " "1, " "1, " "1, " "1, " "1, " "1, " "1, " "1, " "1, " "1, " "1, " "1, " "1, " "1, " "1, " "1, " "1, " "1, " "1, " "1, " "1, " "1, " "1, " "1, " "1, " "1, " "1, " "1, " "1, " "1, " "1, " "1, " "1, " "1, " "1, " "1, " "1, " "1, " "1, " "1, " "1, " "1, " "1, " "1, " "1, " "1, " "1, " "1, " "1, " "1, " "1, " "1, " "1, " "1, " "1, " "1, " "1, " "1, " "1, " "1, " "1, " "1, " "1, " "1, " "1, " "1, " "1, " "1, " "1, " "1, " "1, " "1, " "1, " "1, " "1, " "1, " "1, " "1, " "1, " "1, " "1, " "1, " "1, " "1, " "1, " "1, " "1, " "1, " "1, " "1, " "1, " "1, " "1, " "1, " "1, " "1, " "1, " "1, " "1, " "1, " "1, " "1, " "1, " "1, " "1, " "1, " "1, " "1, " "1, " "1, " "1, " "1, " "1, " "1, " "1, " "1, " "1, " "1, " "1, " "1, " "1, " "1, " "1, " "1, " "1, " "1, " "1, " "1, " "1, " "1, " "1, " "1, " "1, " "1, " "1, " "1, " "1, " "1, " "1, " "1, " "1, " "1, " "1, " "1, " "1, " "1, " "1, " "1, " "1, " "1, " "1, " "1, " "1, " "1, " "1, " "1, " "1, " "1, " "1, " "1, " "1, " "1, " "1, " "1, " "1, " "1, " "1, " "1, " "1, " "1, " "1, " "1, " "1, " "1, " "1, " "1, " "1, " "1, " "1, " "1, " "1, " "1, " "1, " "1, " "1, " "1, " "1, " "1, " "1, " "1, " "1, " "1, " "1, " "1, " "1, " "1, " "1, " "1, " "1, " "1, " "1, " "1, " "1, " "1, " "1, " "1, " "1, " "1, " "1, " "1, " "1, " "1, " "1, " "1, " "1, " "1, " "1, " "1, " "1, " "1, " "1, " "1, " "1, " "1, " "1, " "1, " "1, " "1, " "1, " "1, " "1, " "1, " "1, " "1, " "1, " "1, " "1, " "1, " "1, " "1, " "1, " "1, " "1, " "1, " "1, " "1, " "1, " "1, " "1, " "1, " "1, " "1, " "1, " "1, " "1, " "1, " "1, " "1, " "1, " "1, " "1, " "1, " "1, " "1, " "1, " "1, " "1, " "1, " "1, " "1, " "1, " "1, " "1, " "1, " "1, " "1, " "1, " "1, " "1, " "1, " "1, " "1, " "1, " "1, " "1, " "1, " "1, " "1, " "1, " "1, " "1, " "1, " "1, " "1, " "1, " "1, " "1, " "1, " "1, " "1, " "1, " "1, " "1, " "1, " "1, " "1, " "1, " "1, " "1, " "1, " "1, " "1, " "1, " "1, " "1, " "1, " "1, " "1, " "1, " "1, " "1, " "1, " "1, " "1, " "1, " "1, " "1, " "1, " "1, " "1, " "1, " "1, " "1, " "1, " "1, " "1, " "1, " "1, " "1, " "1, " "1, " "1, " "1, " "1, " "1, " "1, " "1, " "1, " "1, " "1, " "1, " "1, " "1, " "1, " "1, " "1, " "1, " "1, " "1, " "1, " "1, " "1, " "1, " "1, " "1, " "1, " "1, " "1, " "1, " "1, " "1, " "1, " "1, " "1, " "1, " "1, " "1, " "1, " "1, " "1, " "1, " "1, " "1, " "1, " "1, " "1, " "1, " "1, " "1, " "1, " "1, " "1, " "1, " "1, " "1, " "1, " "1, " "1, " "1, " "1, " "1, " "1, " "1, " "1, " "1, " "1, " "1, " "1, " "1, " "1, " "1, " "1, " "1, " "1, " "1, " "1, " "1, " "1, " "1, " "1, " "1, " "1, " "1, " "1, " "1, " "1, " "1, " "1, " "1, " "1, " "1, " "1, " "1, " "1, " "1, " "1, " "1, " "1, " "1, " "1, " "1, " "1, " "1, " "1, " "1, " "1, " "1, " "1, " "1, " "1, " "1, " "1, " "1, " "1, " "1, " "1, " "1, " "1, " "1, " "1, " "1, " "1, " "1, " "1, " "1, " "1, " "1, " "1, " "1, " "1, " "1, " "1, " "1, " "1, " "1, " "1, " "1, " "1, " "1, " "1, " "1, " "1, " "1, " "1, "204
 "Nei20, 0.205, " "0.015, " "1, " "1, " "1, " "1, " "1, " "1, " "1, " "1, " "1, " "1, " "1, " "1, " "1, " "1, " "1, " "1, " "1, " "1, " "1, " "1, " "0, " "1, " "1, " "1, " "1, " "1, " "1, " "1, " "1, " "1, " "1, " "1, " "1, " "1, " "1, " "1, " "1, " "1, " "1, " "1, " "1, " "1, " "1, " "1, " "1, " "1, " "1, " "1, " "1, " "1, " "1, " "1, " "1, " "1, " "1, " "1, " "1, " "1, " "1, " "1, " "1, " "1, " "1, " "1, " "1, " "1, " "1, " "1, " "1, " "1, " "1, " "1, " "1, " "1, " "1, " "1, " "1, " "1, " "1, " "1, " "1, " "1, " "1, " "1, " "1, " "1, " "1, " "1, " "1, " "1, " "1, " "1, " "1, " "1, " "1, " "1, " "1, " "1, " "1, " "1, " "1, " "1, " "1, " "1, " "1, " "1, " "1, " "1, " "1, " "1, " "1, " "1, " "1, " "1, " "1, " "1, " "1, " "1, " "1, " "1, " "1, " "1, " "1, " "1, " "1, " "1, " "1, " "1, " "1, " "1, " "1, " "1, " "1, " "1, " "1, " "1, " "1, " "1, " "1, " "1, " "1, " "1, " "1, " "1, " "1, " "1, " "1, " "1, " "1, " "1, " "1, " "1, " "1, " "1, " "1, " "1, " "1, " "1, " "1, " "1, " "1, " "1, " "1, " "1, " "1, " "1, " "1, " "1, " "1, " "1, " "1, " "1, " "1, " "1, " "1, " "1, " "1, " "1, " "1, " "1, " "1, " "1, " "1, " "1, " "1, " "1, " "1, " "1, " "1, " "1, " "1, " "1, " "1, " "1, " "1, " "1, " "1, " "1, " "1, " "1, " "1, " "1, " "1, " "1, " "1, " "1, " "1, " "1, " "1, " "1, " "1, " "1, " "1, " "1, " "1, " "1, " "1, " "1, " "1, " "1, " "1, " "1, " "1, " "1, " "1, " "1, " "1, " "1, " "1, " "1, " "1, " "1, " "1, " "1, " "1, " "1, " "1, " "1, " "1, " "1, " "1, " "1, " "1, " "1, " "1, " "1, " "1, " "1, " "1, " "1, " "1, " "1, " "1, " "1, " "1, " "1, " "1, " "1, " "1, " "1, " "1, " "1, " "1, " "1, " "1, " "1, " "1, " "1, " "1, " "1, " "1, " "1, " "1, " "1, " "1, " "1, " "1, " "1, " "1, " "1, " "1, " "1, " "1, " "1, " "1, " "1, " "1, " "1, " "1, " "1, " "1, " "1, " "1, " "1, " "1, " "1, " "1, " "1, " "1, " "1, " "1, " "1, " "1, " "1, " "1, " "1, " "1, " "1, " "1, " "1, " "1, " "1, " "1, " "1, " "1, " "1, " "1, " "1, " "1, " "1, " "1, " "1, " "1, " "1, " "1, " "1, " "1, " "1, " "1, " "1, " "1, " "1, " "1, " "1, " "1, " "1, " "1, " "1, " "1, " "1, " "1, " "1, " "1, " "1, " "1, " "1, " "1, " "1, " "1, " "1, " "1, " "1, " "1, " "1, " "1, " "1, " "1, " "1, " "1, " "1, " "1, " "1, " "1, " "1, " "1, " "1, " "1, " "1, " "1, " "1, " "1, " "1, " "1, " "1, " "1, " "1, " "1, " "1, " "1, " "1, " "1, " "1, " "1, " "1, " "1, " "1, " "1, " "1, " "1, " "1, " "1, " "1, " "1, " "1, " "1, " "1, " "1, " "1, " "1, " "1, " "1, " "1, " "1, " "1, " "1, " "1, " "1, " "1, " "1, " "1, " "1, " "1, " "1, " "1, " "1, " "1, " "1, " "1, " "1, " "1, " "1, " "1, " "1, " "1, " "1, " "1, " "1, " "1, " "1, " "1, " "1, " "1, " "1, " "1, " "1, " "1, " "1, " "1, " "1, " "1, " "1, " "1, " "1, " "1, " "1, " "1, " "1, " "1, " "1, " "1, " "1, " "1, " "1, " "1, " "1, " "1, " "1, " "1, " "1, " "1, " "1, " "1, " "1, " "1, " "1, " "1, " "1, " "1, " "1, " "1, " "1, " "1, " "1, " "1, " "1, " "1, " "1, " "1, " "1, " "1, " "1, " "1, " "1, " "1, " "1, " "1, " "1, " "1, " "1, " "1, " "1, " "1, " "1, " "1, " "1, " "1, " "1, " "1, " "1, " "1, " "1, " "1, " "1, " "1, " "1, " "1, " "1, " "1, " "1, " "1, " "1, " "1, " "1, "204
 "Nei21, 0.114, " "0.015, " "1, " "1, " "1, " "1, " "1, " "1, " "1, " "1, " "1, " "1, " "1, " "1, " "1, " "1, " "1, " "1, " "1, " "1, " "1, " "1, " "1, " "0, " "1, " "1, " "1, " "1, " "1, " "1, " "1, " "1, " "1, " "1, " "1, " "1, " "1, " "1, " "1, " "1, " "1, " "1, " "1, " "1, " "1, " "1, " "1, " "1, " "1, " "1, " "1, " "1, " "1, " "1, " "1, " "1, " "1, " "1, " "1, " "1, " "1, " "1, " "1, " "1, " "1, " "1, " "1, " "1, " "1, " "1, " "1, " "1, " "1, " "1, " "1, " "1, " "1, " "1, " "1, " "1, " "1, " "1, " "1, " "1, " "1, " "1, " "1, " "1, " "1, " "1, " "1, " "1, " "1, " "1, " "1, " "1, " "1, " "1, " "1, " "1, " "1, " "1, " "1, " "1, " "1, " "1, " "1, " "1, " "1, " "1, " "1, " "1, " "1, " "1, " "1, " "1, " "1, " "1, " "1, " "1, " "1, " "1, " "1, " "1, " "1, " "1, " "1, " "1, " "1, " "1, " "1, " "1, " "1, " "1, " "1, " "1, " "1, " "1, " "1, " "1, " "1, " "1, " "1, " "1, " "1, " "1, " "1, " "1, " "1, " "1, " "1, " "1, " "1, " "1, " "1, " "1, " "1, " "1, " "1, " "1, " "1, " "1, " "1, " "1, " "1, " "1, " "1, " "1, " "1, " "1, " "1, " "1, " "1, " "1, " "1, " "1, " "1, " "1, " "1, " "1, " "1, " "1, " "1, " "1, " "1, " "1, " "1, " "1, " "1, " "1, " "1, " "1, " "1, " "1, " "1, " "1, " "1, " "1, " "1, " "1, " "1, " "1, " "1, " "1, " "1, " "1, " "1, " "1, " "1, " "1, " "1, " "1, " "1, " "1, " "1, " "1, " "1, " "1, " "1, " "1, " "1, " "1, " "1, " "1, " "1, " "1, " "1, " "1, " "1, " "1, " "1, " "1, " "1, " "1, " "1, " "1, " "1, " "1, " "1, " "1, " "1, " "1, " "1, " "1, " "1, " "1, " "1, " "1, " "1, " "1, " "1, " "1, " "1, " "1, " "1, " "1, " "1, " "1, " "1, " "1, " "1, " "1, " "1, " "1, " "1, " "1, " "1, " "1, " "1, " "1, " "1, " "1, " "1, " "1, " "1, " "1, " "1, " "1, " "1, " "1, " "1, " "1, " "1, " "1, " "1, " "1, " "1, " "1, " "1, " "1, " "1, " "1, " "1, " "1, " "1, " "1, " "1, " "1, " "1, " "1, " "1, " "1, " "1, " "1, " "1, " "1, " "1, " "1, " "1, " "1, " "1, " "1, " "1, " "1, " "1, " "1, " "1, " "1, " "1, " "1, " "1, " "1, " "1, " "1, " "1, " "1, " "1, " "1, " "1, " "1, " "1, " "1, " "1, " "1, " "1, " "1, " "1, " "1, " "1, " "1, " "1, " "1, " "1, " "1, " "1, " "1, " "1, " "1, " "1, " "1, " "1, " "1, " "1, " "1, " "1, " "1, " "1, " "1, " "1, " "1, " "1, " "1, " "1, " "1, " "1, " "1, " "1, " "1, " "1, " "1, " "1, " "1, " "1, " "1, " "1, " "1, " "1, " "1, " "1, " "1, " "1, " "1, " "1, " "1, " "1, " "1, " "1, " "1, " "1, " "1, " "1, " "1, " "1, " "1, " "1, " "1, " "1, " "1, " "1, " "1, " "1, " "1, " "1, " "1, " "1, " "1, " "1, " "1, " "1, " "1, " "1, " "1, " "1, " "1, " "1, " "1, " "1, " "1, " "1, " "1, " "1, " "1, " "1, " "1, " "1, " "1, " "1, " "1, " "1, " "1, " "1, " "1, " "1, " "1, " "1, " "1, " "1, " "1, " "1, " "1, " "1, " "1, " "1, " "1, " "1, " "1, " "1, " "1, " "1, " "1, " "1, " "1, " "1, " "1, " "1, " "1, " "1, " "1, " "1, " "1, " "1, " "1, " "1, " "1, " "1, " "1, " "1, " "1, " "1, " "1, " "1, " "1, " "1, " "1, " "1, " "1, " "1, " "1, " "1, " "1, " "1, " "1, " "1, " "1, " "1, " "1, " "1, " "1, " "1, " "1, " "1, " "1, " "1, " "1, " "1, " "1, " "1, " "1, " "1, " "1, " "1, " "1, " "1, " "1, " "1, " "1, " "1, " "1, " "1, " "1, " "1, " "1, " "1, " "1, " "1, "204
 "Nei22, 0.388, " "0.015, " "1, " "1, " "1, " "1, " "1, " "1, " "1, " "1, " "1, " "1, " "1, " "1, " "1, " "1, " "1, " "1, " "1, " "1, " "1, " "1, " "1, " "1, " "0, " "1, " "1, " "1, " "1, " "1, " "1, " "1, " "1, " "1, " "1, " "1, " "1, " "1, " "1, " "1, " "1, " "1, " "1, " "1, " "1, " "1, " "1, " "1, " "1, " "1, " "1, " "1, " "1, " "1, " "1, " "1, " "1, " "1, " "1, " "1, " "1, " "1, " "1, " "1, " "1, " "1, " "1, " "1, " "1, " "1, " "1, " "1, " "1, " "1, " "1, " "1, " "1, " "1, " "1, " "1, " "1, " "1, " "1, " "1, " "1, " "1, " "1, " "1, " "1, " "1, " "1, " "1, " "1, " "1, " "1, " "1, " "1, " "1, " "1, " "1, " "1, " "1, " "1, " "1, " "1, " "1, " "1, " "1, " "1, " "1, " "1, " "1, " "1, " "1, " "1, " "1, " "1, " "1, " "1, " "1, " "1, " "1, " "1, " "1, " "1, " "1, " "1, " "1, " "1, " "1, " "1, " "1, " "1, " "1, " "1, " "1, " "1, " "1, " "1, " "1, " "1, " "1, " "1, " "1, " "1, " "1, " "1, " "1, " "1, " "1, " "1, " "1, " "1, " "1, " "1, " "1, " "1, " "1, " "1, " "1, " "1, " "1, " "1, " "1, " "1, " "1, " "1, " "1, " "1, " "1, " "1, " "1, " "1, " "1, " "1, " "1, " "1, " "1, " "1, " "1, " "1, " "1, " "1, " "1, " "1, " "1, " "1, " "1, " "1, " "1, " "1, " "1, " "1, " "1, " "1, " "1, " "1, " "1, " "1, " "1, " "1, " "1, " "1, " "1, " "1, " "1, " "1, " "1, " "1, " "1, " "1, " "1, " "1, " "1, " "1, " "1, " "1, " "1, " "1, " "1, " "1, " "1, " "1, " "1, " "1, " "1, " "1, " "1, " "1, " "1, " "1, " "1, " "1, " "1, " "1, " "1, " "1, " "1, " "1, " "1, " "1, " "1, " "1, " "1, " "1, " "1, " "1, " "1, " "1, " "1, " "1, " "1, " "1, " "1, " "1, " "1, " "1, " "1, " "1, " "1, " "1, " "1, " "1, " "1, " "1, " "1, " "1, " "1, " "1, " "1, " "1, " "1, " "1, " "1, " "1, " "1, " "1, " "1, " "1, " "1, " "1, " "1, " "1, " "1, " "1, " "1, " "1, " "1, " "1, " "1, " "1, " "1, " "1, " "1, " "1, " "1, " "1, " "1, " "1, " "1, " "1, " "1, " "1, " "1, " "1, " "1, " "1, " "1, " "1, " "1, " "1, " "1, " "1, " "1, " "1, " "1, " "1, " "1, " "1, " "1, " "1, " "1, " "1, " "1, " "1, " "1, " "1, " "1, " "1, " "1, " "1, " "1, " "1, " "1, " "1, " "1, " "1, " "1, " "1, " "1, " "1, " "1, " "1, " "1, " "1, " "1, " "1, " "1, " "1, " "1, " "1, " "1, " "1, " "1, " "1, " "1, " "1, " "1, " "1, " "1, " "1, " "1, " "1, " "1, " "1, " "1, " "1, " "1, " "1, " "1, " "1, " "1, " "1, " "1, " "1, " "1, " "1, " "1, " "1, " "1, " "1, " "1, " "1, " "1, " "1, " "1, " "1, " "1, " "1, " "1, " "1, " "1, " "1, " "1, " "1, " "1, " "1, " "1, " "1, " "1, " "1, " "1, " "1, " "1, " "1, " "1, " "1, " "1, " "1, " "1, " "1, " "1, " "1, " "1, " "1, " "1, " "1, " "1, " "1, " "1, " "1, " "1, " "1, " "1, " "1, " "1, " "1, " "1, " "1, " "1, " "1, " "1, " "1, " "1, " "1, " "1, " "1, " "1, " "1, " "1, " "1, " "1, " "1, " "1, " "1, " "1, " "1, " "1, " "1, " "1, " "1, " "1, " "1, " "1, " "1, " "1, " "1, " "1, " "1, " "1, " "1, " "1, " "1, " "1, " "1, " "1, " "1, " "1, " "1, " "1, " "1, " "1, " "1, " "1, " "1, " "1, " "1, " "1, " "1, " "1, " "1, " "1, " "1, " "1, " "1, " "1, " "1, " "1, " "1, " "1, " "1, " "1, " "1, " "1, " "1, " "1, " "1, " "1, " "1, " "1, " "1, " "1, " "1, " "1, " "1, " "1, " "1, " "1, " "1, " "1, " "1, " "1, " "1, " "1, " "1, "204
 "Nei23, 0.055, " "0.015, " "1, " "1, " "1, " "1, " "1, " "1, " "1, " "1, " "1, " "1, " "1, " "1, " "1, " "1, " "1, " "1, " "1, " "1, " "1, " "1, " "1, " "1, " "1, " "0, " "1, " "1, " "1, " "1, " "1, " "1, " "1, " "1, " "1, " "1, " "1, " "1, " "1, " "1, " "1, " "1, " "1, " "1, " "1, " "1, " "1, " "1, " "1, " "1, " "1, " "1, " "1, " "1, " "1, " "1, " "1, " "1, " "1, " "1, " "1, " "1, " "1, " "1, " "1, " "1, " "1, " "1, " "1, " "1, " "1, " "1, " "1, " "1, " "1, " "1, " "1, " "1, " "1, " "1, " "1, " "1, " "1, " "1, " "1, " "1, " "1, " "1, " "1, " "1, " "1, " "1, " "1, " "1, " "1, " "1, " "1, " "1, " "1, " "1, " "1, " "1, " "1, " "1, " "1, " "1, " "1, " "1, " "1, " "1, " "1, " "1, " "1, " "1, " "1, " "1, " "1, " "1, " "1, " "1, " "1, " "1, " "1, " "1, " "1, " "1, " "1, " "1, " "1, " "1, " "1, " "1, " "1, " "1, " "1, " "1, " "1, " "1, " "1, " "1, " "1, " "1, " "1, " "1, " "1, " "1, " "1, " "1, " "1, " "1, " "1, " "1, " "1, " "1, " "1, " "1, " "1, " "1, " "1, " "1, " "1, " "1, " "1, " "1, " "1, " "1, " "1, " "1, " "1, " "1, " "1, " "1, " "1, " "1, " "1, " "1, " "1, " "1, " "1, " "1, " "1, " "1, " "1, " "1, " "1, " "1, " "1, " "1, " "1, " "1, " "1, " "1, " "1, " "1, " "1, " "1, " "1, " "1, " "1, " "1, " "1, " "1, " "1, " "1, " "1, " "1, " "1, " "1, " "1, " "1, " "1, " "1, " "1, " "1, " "1, " "1, " "1, " "1, " "1, " "1, " "1, " "1, " "1, " "1, " "1, " "1, " "1, " "1, " "1, " "1, " "1, " "1, " "1, " "1, " "1, " "1, " "1, " "1, " "1, " "1, " "1, " "1, " "1, " "1, " "1, " "1, " "1, " "1, " "1, " "1, " "1, " "1, " "1, " "1, " "1, " "1, " "1, " "1, " "1, " "1, " "1, " "1, " "1, " "1, " "1, " "1, " "1, " "1, " "1, " "1, " "1, " "1, " "1, " "1, " "1, " "1, " "1, " "1, " "1, " "1, " "1, " "1, " "1, " "1, " "1, " "1, " "1, " "1, " "1, " "1, " "1, " "1, " "1, " "1, " "1, " "1, " "1, " "1, " "1, " "1, " "1, " "1, " "1, " "1, " "1, " "1, " "1, " "1, " "1, " "1, " "1, " "1, " "1, " "1, " "1, " "1, " "1, " "1, " "1, " "1, " "1, " "1, " "1, " "1, " "1, " "1, " "1, " "1, " "1, " "1, " "1, " "1, " "1, " "1, " "1, " "1, " "1, " "1, " "1, " "1, " "1, " "1, " "1, " "1, " "1, " "1, " "1, " "1, " "1, " "1, " "1, " "1, " "1, " "1, " "1, " "1, " "1, " "1, " "1, " "1, " "1, " "1, " "1, " "1, " "1, " "1, " "1, " "1, " "1, " "1, " "1, " "1, " "1, " "1, " "1, " "1, " "1, " "1, " "1, " "1, " "1, " "1, " "1, " "1, " "1, " "1, " "1, " "1, " "1, " "1, " "1, " "1, " "1, " "1, " "1, " "1, " "1, " "1, " "1, " "1, " "1, " "1, " "1, " "1, " "1, " "1, " "1, " "1, " "1, " "1, " "1, " "1, " "1, " "1, " "1, " "1, " "1, " "1, " "1, " "1, " "1, " "1, " "1, " "1, " "1, " "1, " "1, " "1, " "1, " "1, " "1, " "1, " "1, " "1, " "1, " "1, " "1, " "1, " "1, " "1, " "1, " "1, " "1, " "1, " "1, " "1, " "1, " "1, " "1, " "1, " "1, " "1, " "1, " "1, " "1, " "1, " "1, " "1, " "1, " "1, " "1, " "1, " "1, " "1, " "1, " "1, " "1, " "1, " "1, " "1, " "1, " "1, " "1, " "1, " "1, " "1, " "1, " "1, " "1, " "1, " "1, " "1, " "1, " "1, " "1, " "1, " "1, " "1, " "1, " "1, " "1, " "1, " "1, " "1, " "1, " "1, " "1, " "1, " "1, " "1, " "1, " "1, " "1, " "1, " "1, " "1, " "1, " "1, " "1, " "1, " "1, " "1, " "1, " "1, " "1, "204
 "Nei24, 0.046, " "0.015, " "1, " "1, " "1, " "1, " "1, " "1, " "1, " "1, " "1, " "1, " "1, " "1, " "1, " "1, " "1, " "1, " "1, " "1, " "1, " "1, " "1, " "1, " "1, " "1, " "0, " "1, " "1, " "1, " "1, " "1, " "1, " "1, " "1, " "1, " "1, " "1, " "1, " "1, " "1, " "1, " "1, " "1, " "1, " "1, " "1, " "1, " "1, " "1, " "1, " "1, " "1, " "1, " "1, " "1, " "1, " "1, " "1, " "1, " "1, " "1, " "1, " "1, " "1, " "1, " "1, " "1, " "1, " "1, " "1, " "1, " "1, " "1, " "1, " "1, " "1, " "1, " "1, " "1, " "1, " "1, " "1, " "1, " "1, " "1, " "1, " "1, " "1, " "1, " "1, " "1, " "1, " "1, " "1, " "1, " "1, " "1, " "1, " "1, " "1, " "1, " "1, " "1, " "1, " "1, " "1, " "1, " "1, " "1, " "1, " "1, " "1, " "1, " "1, " "1, " "1, " "1, " "1, " "1, " "1, " "1, " "1, " "1, " "1, " "1, " "1, " "1, " "1, " "1, " "1, " "1, " "1, " "1, " "1, " "1, " "1, " "1, " "1, " "1, " "1, " "1, " "1, " "1, " "1, " "1, " "1, " "1, " "1, " "1, " "1, " "1, " "1, " "1, " "1, " "1, " "1, " "1, " "1, " "1, " "1, " "1, " "1, " "1, " "1, " "1, " "1, " "1, " "1, " "1, " "1, " "1, " "1, " "1, " "1, " "1, " "1, " "1, " "1, " "1, " "1, " "1, " "1, " "1, " "1, " "1, " "1, " "1, " "1, " "1, " "1, " "1, " "1, " "1, " "1, " "1, " "1, " "1, " "1, " "1, " "1, " "1, " "1, " "1, " "1, " "1, " "1, " "1, " "1, " "1, " "1, " "1, " "1, " "1, " "1, " "1, " "1, " "1, " "1, " "1, " "1, " "1, " "1, " "1, " "1, " "1, " "1, " "1, " "1, " "1, " "1, " "1, " "1, " "1, " "1, " "1, " "1, " "1, " "1, " "1, " "1, " "1, " "1, " "1, " "1, " "1, " "1, " "1, " "1, " "1, " "1, " "1, " "1, " "1, " "1, " "1, " "1, " "1, " "1, " "1, " "1, " "1, " "1, " "1, " "1, " "1, " "1, " "1, " "1, " "1, " "1, " "1, " "1, " "1, " "1, " "1, " "1, " "1, " "1, " "1, " "1, " "1, " "1, " "1, " "1, " "1, " "1, " "1, " "1, " "1, " "1, " "1, " "1, " "1, " "1, " "1, " "1, " "1, " "1, " "1, " "1, " "1, " "1, " "1, " "1, " "1, " "1, " "1, " "1, " "1, " "1, " "1, " "1, " "1, " "1, " "1, " "1, " "1, " "1, " "1, " "1, " "1, " "1, " "1, " "1, " "1, " "1, " "1, " "1, " "1, " "1, " "1, " "1, " "1, " "1, " "1, " "1, " "1, " "1, " "1, " "1, " "1, " "1, " "1, " "1, " "1, " "1, " "1, " "1, " "1, " "1, " "1, " "1, " "1, " "1, " "1, " "1, " "1, " "1, " "1, " "1, " "1, " "1, " "1, " "1, " "1, " "1, " "1, " "1, " "1, " "1, " "1, " "1, " "1, " "1, " "1, " "1, " "1, " "1, " "1, " "1, " "1, " "1, " "1, " "1, " "1, " "1, " "1, " "1, " "1, " "1, " "1, " "1, " "1, " "1, " "1, " "1, " "1, " "1, " "1, " "1, " "1, " "1, " "1, " "1, " "1, " "1, " "1, " "1, " "1, " "1, " "1, " "1, " "1, " "1, " "1, " "1, " "1, " "1, " "1, " "1, " "1, " "1, " "1, " "1, " "1, " "1, " "1, " "1, " "1, " "1, " "1, " "1, " "1, " "1, " "1, " "1, " "1, " "1, " "1, " "1, " "1, " "1, " "1, " "1, " "1, " "1, " "1, " "1, " "1, " "1, " "1, " "1, " "1, " "1, " "1, " "1, " "1, " "1, " "1, " "1, " "1, " "1, " "1, " "1, " "1, " "1, " "1, " "1, " "1, " "1, " "1, " "1, " "1, " "1, " "1, " "1, " "1, " "1, " "1, " "1, " "1, " "1, " "1, " "1, " "1, " "1, " "1, " "1, " "1, " "1, " "1, " "1, " "1, " "1, " "1, " "1, " "1, " "1, " "1, " "1, " "1, " "1, " "1, " "1, " "1, " "1, " "1, " "1, " "1, " "1, " "1, " "1, " "1, " "1, "204
 "Nei25, 0.145, " "0.015, " "1, " "1, " "1, " "1, " "1, " "1, " "1, " "1, " "1, " "1, " "1, " "1, " "1, " "1, " "1, " "1, " "1, " "1, " "1, " "1, " "1, " "1, " "1, " "1, " "1, " "0, " "1, " "1, " "1, " "1, " "1, " "1, " "1, " "1, " "1, " "1, " "1, " "1, " "1, " "1, " "1, " "1, " "1, " "1, " "1, " "1, " "1, " "1, " "1, " "1, " "1, " "1, " "1, " "1, " "1, " "1, " "1, " "1, " "1, " "1, " "1, " "1, " "1, " "1, " "1, " "1, " "1, " "1, " "1, " "1, " "1, " "1, " "1, " "1, " "1, " "1, " "1, " "1, " "1, " "1, " "1, " "1, " "1, " "1, " "1, " "1, " "1, " "1, " "1, " "1, " "1, " "1, " "1, " "1, " "1, " "1, " "1, " "1, " "1, " "1, " "1, " "1, " "1, " "1, " "1, " "1, " "1, " "1, " "1, " "1, " "1, " "1, " "1, " "1, " "1, " "1, " "1, " "1, " "1, " "1, " "1, " "1, " "1, " "1, " "1, " "1, " "1, " "1, " "1, " "1, " "1, " "1, " "1, " "1, " "1, " "1, " "1, " "1, " "1, " "1, " "1, " "1, " "1, " "1, " "1, " "1, " "1, " "1, " "1, " "1, " "1, " "1, " "1, " "1, " "1, " "1, " "1, " "1, " "1, " "1, " "1, " "1, " "1, " "1, " "1, " "1, " "1, " "1, " "1, " "1, " "1, " "1, " "1, " "1, " "1, " "1, " "1, " "1, " "1, " "1, " "1, " "1, " "1, " "1, " "1, " "1, " "1, " "1, " "1, " "1, " "1, " "1, " "1, " "1, " "1, " "1, " "1, " "1, " "1, " "1, " "1, " "1, " "1, " "1, " "1, " "1, " "1, " "1, " "1, " "1, " "1, " "1, " "1, " "1, " "1, " "1, " "1, " "1, " "1, " "1, " "1, " "1, " "1, " "1, " "1, " "1, " "1, " "1, " "1, " "1, " "1, " "1, " "1, " "1, " "1, " "1, " "1, " "1, " "1, " "1, " "1, " "1, " "1, " "1, " "1, " "1, " "1, " "1, " "1, " "1, " "1, " "1, " "1, " "1, " "1, " "1, " "1, " "1, " "1, " "1, " "1, " "1, " "1, " "1, " "1, " "1, " "1, " "1, " "1, " "1, " "1, " "1, " "1, " "1, " "1, " "1, " "1, " "1, " "1, " "1, " "1, " "1, " "1, " "1, " "1, " "1, " "1, " "1, " "1, " "1, " "1, " "1, " "1, " "1, " "1, " "1, " "1, " "1, " "1, " "1, " "1, " "1, " "1, " "1, " "1, " "1, " "1, " "1, " "1, " "1, " "1, " "1, " "1, " "1, " "1, " "1, " "1, " "1, " "1, " "1, " "1, " "1, " "1, " "1, " "1, " "1, " "1, " "1, " "1, " "1, " "1, " "1, " "1, " "1, " "1, " "1, " "1, " "1, " "1, " "1, " "1, " "1, " "1, " "1, " "1, " "1, " "1, " "1, " "1, " "1, " "1, " "1, " "1, " "1, " "1, " "1, " "1, " "1, " "1, " "1, " "1, " "1, " "1, " "1, " "1, " "1, " "1, " "1, " "1, " "1, " "1, " "1, " "1, " "1, " "1, " "1, " "1, " "1, " "1, " "1, " "1, " "1, " "1, " "1, " "1, " "1, " "1, " "1, " "1, " "1, " "1, " "1, " "1, " "1, " "1, " "1, " "1, " "1, " "1, " "1, " "1, " "1, " "1, " "1, " "1, " "1, " "1, " "1, " "1, " "1, " "1, " "1, " "1, " "1, " "1, " "1, " "1, " "1, " "1, " "1, " "1, " "1, " "1, " "1, " "1, " "1, " "1, " "1, " "1, " "1, " "1, " "1, " "1, " "1, " "1, " "1, " "1, " "1, " "1, " "1, " "1, " "1, " "1, " "1, " "1, " "1, " "1, " "1, " "1, " "1, " "1, " "1, " "1, " "1, " "1, " "1, " "1, " "1, " "1, " "1, " "1, " "1, " "1, " "1, " "1, " "1, " "1, " "1, " "1, " "1, " "1, " "1, " "1, " "1, " "1, " "1, " "1, " "1, " "1, " "1, " "1, " "1, " "1, " "1, " "1, " "1, " "1, " "1, " "1, " "1, " "1, " "1, " "1, " "1, " "1, " "1, " "1, " "1, " "1, " "1, " "1, " "1, " "1, " "1, " "1, " "1, " "1, " "1, " "1, " "1, " "1, " "1, " "1, "204
 "Nei26, 0.046, " "0.015, " "1, " "1, " "1, " "1, " "1, " "1, " "1, " "1, " "1, " "1, " "1, " "1, " "1, " "1, " "1, " "1, " "1, " "1, " "1, " "1, " "1, " "1, " "1, " "1, " "1, " "1, " "0, " "1, " "1, " "1, " "1, " "1, " "1, " "1, " "1, " "1, " "1, " "1, " "1, " "1, " "1, " "1, " "1, " "1, " "1, " "1, " "1, " "1, " "1, " "1, " "1, " "1, " "1, " "1, " "1, " "1, " "1, " "1, " "1, " "1, " "1, " "1, " "1, " "1, " "1, " "1, " "1, " "1, " "1, " "1, " "1, " "1, " "1, " "1, " "1, " "1, " "1, " "1, " "1, " "1, " "1, " "1, " "1, " "1, " "1, " "1, " "1, " "1, " "1, " "1, " "1, " "1, " "1, " "1, " "1, " "1, " "1, " "1, " "1, " "1, " "1, " "1, " "1, " "1, " "1, " "1, " "1, " "1, " "1, " "1, " "1, " "1, " "1, " "1, " "1, " "1, " "1, " "1, " "1, " "1, " "1, " "1, " "1, " "1, " "1, " "1, " "1, " "1, " "1, " "1, " "1, " "1, " "1, " "1, " "1, " "1, " "1, " "1, " "1, " "1, " "1, " "1, " "1, " "1, " "1, " "1, " "1, " "1, " "1, " "1, " "1, " "1, " "1, " "1, " "1, " "1, " "1, " "1, " "1, " "1, " "1, " "1, " "1, " "1, " "1, " "1, " "1, " "1, " "1, " "1, " "1, " "1, " "1, " "1, " "1, " "1, " "1, " "1, " "1, " "1, " "1, " "1, " "1, " "1, " "1, " "1, " "1, " "1, " "1, " "1, " "1, " "1, " "1, " "1, " "1, " "1, " "1, " "1, " "1, " "1, " "1, " "1, " "1, " "1, " "1, " "1, " "1, " "1, " "1, " "1, " "1, " "1, " "1, " "1, " "1, " "1, " "1, " "1, " "1, " "1, " "1, " "1, " "1, " "1, " "1, " "1, " "1, " "1, " "1, " "1, " "1, " "1, " "1, " "1, " "1, " "1, " "1, " "1, " "1, " "1, " "1, " "1, " "1, " "1, " "1, " "1, " "1, " "1, " "1, " "1, " "1, " "1, " "1, " "1, " "1, " "1, " "1, " "1, " "1, " "1, " "1, " "1, " "1, " "1, " "1, " "1, " "1, " "1, " "1, " "1, " "1, " "1, " "1, " "1, " "1, " "1, " "1, " "1, " "1, " "1, " "1, " "1, " "1, " "1, " "1, " "1, " "1, " "1, " "1, " "1, " "1, " "1, " "1, " "1, " "1, " "1, " "1, " "1, " "1, " "1, " "1, " "1, " "1, " "1, " "1, " "1, " "1, " "1, " "1, " "1, " "1, " "1, " "1, " "1, " "1, " "1, " "1, " "1, " "1, " "1, " "1, " "1, " "1, " "1, " "1, " "1, " "1, " "1, " "1, " "1, " "1, " "1, " "1, " "1, " "1, " "1, " "1, " "1, " "1, " "1, " "1, " "1, " "1, " "1, " "1, " "1, " "1, " "1, " "1, " "1, " "1, " "1, " "1, " "1, " "1, " "1, " "1, " "1, " "1, " "1, " "1, " "1, " "1, " "1, " "1, " "1, " "1, " "1, " "1, " "1, " "1, " "1, " "1, " "1, " "1, " "1, " "1, " "1, " "1, " "1, " "1, " "1, " "1, " "1, " "1, " "1, " "1, " "1, " "1, " "1, " "1, " "1, " "1, " "1, " "1, " "1, " "1, " "1, " "1, " "1, " "1, " "1, " "1, " "1, " "1, " "1, " "1, " "1, " "1, " "1, " "1, " "1, " "1, " "1, " "1, " "1, " "1, " "1, " "1, " "1, " "1, " "1, " "1, " "1, " "1, " "1, " "1, " "1, " "1, " "1, " "1, " "1, " "1, " "1, " "1, " "1, " "1, " "1, " "1, " "1, " "1, " "1, " "1, " "1, " "1, " "1, " "1, " "1, " "1, " "1, " "1, " "1, " "1, " "1, " "1, " "1, " "1, " "1, " "1, " "1, " "1, " "1, " "1, " "1, " "1, " "1, " "1, " "1, " "1, " "1, " "1, " "1, " "1, " "1, " "1, " "1, " "1, " "1, " "1, " "1, " "1, " "1, " "1, " "1, " "1, " "1, " "1, " "1, " "1, " "1, " "1, " "1, " "1, " "1, " "1, " "1, " "1, " "1, " "1, " "1, " "1, " "1, " "1, " "1, " "1, " "1, " "1, " "1, " "1, " "1, " "1, " "1, " "1, "204
 "Nei27, 0.059, " "0.015, " "1, " "1, " "1, " "1, " "1, " "1, " "1, " "1, " "1, " "1, " "1, " "1, " "1, " "1, " "1, " "1, " "1, " "1, " "1, " "1, " "1, " "1, " "1, " "1, " "1, " "1, " "1, " "0, " "1, " "1, " "1, " "1, " "1, " "1, " "1, " "1, " "1, " "1, " "1, " "1, " "1, " "1, " "1, " "1, " "1, " "1, " "1, " "1, " "1, " "1, " "1, " "1, " "1, " "1, " "1, " "1, " "1, " "1, " "1, " "1, " "1, " "1, " "1, " "1, " "1, " "1, " "1, " "1, " "1, " "1, " "1, " "1, " "1, " "1, " "1, " "1, " "1, " "1, " "1, " "1, " "1, " "1, " "1, " "1, " "1, " "1, " "1, " "1, " "1, " "1, " "1, " "1, " "1, " "1, " "1, " "1, " "1, " "1, " "1, " "1, " "1, " "1, " "1, " "1, " "1, " "1, " "1, " "1, " "1, " "1, " "1, " "1, " "1, " "1, " "1, " "1, " "1, " "1, " "1, " "1, " "1, " "1, " "1, " "1, " "1, " "1, " "1, " "1, " "1, " "1, " "1, " "1, " "1, " "1, " "1, " "1, " "1, " "1, " "1, " "1, " "1, " "1, " "1, " "1, " "1, " "1, " "1, " "1, " "1, " "1, " "1, " "1, " "1, " "1, " "1, " "1, " "1, " "1, " "1, " "1, " "1, " "1, " "1, " "1, " "1, " "1, " "1, " "1, " "1, " "1, " "1, " "1, " "1, " "1, " "1, " "1, " "1, " "1, " "1, " "1, " "1, " "1, " "1, " "1, " "1, " "1, " "1, " "1, " "1, " "1, " "1, " "1, " "1, " "1, " "1, " "1, " "1, " "1, " "1, " "1, " "1, " "1, " "1, " "1, " "1, " "1, " "1, " "1, " "1, " "1, " "1, " "1, " "1, " "1, " "1, " "1, " "1, " "1, " "1, " "1, " "1, " "1, " "1, " "1, " "1, " "1, " "1, " "1, " "1, " "1, " "1, " "1, " "1, " "1, " "1, " "1, " "1, " "1, " "1, " "1, " "1, " "1, " "1, " "1, " "1, " "1, " "1, " "1, " "1, " "1, " "1, " "1, " "1, " "1, " "1, " "1, " "1, " "1, " "1, " "1, " "1, " "1, " "1, " "1, " "1, " "1, " "1, " "1, " "1, " "1, " "1, " "1, " "1, " "1, " "1, " "1, " "1, " "1, " "1, " "1, " "1, " "1, " "1, " "1, " "1, " "1, " "1, " "1, " "1, " "1, " "1, " "1, " "1, " "1, " "1, " "1, " "1, " "1, " "1, " "1, " "1, " "1, " "1, " "1, " "1, " "1, " "1, " "1, " "1, " "1, " "1, " "1, " "1, " "1, " "1, " "1, " "1, " "1, " "1, " "1, " "1, " "1, " "1, " "1, " "1, " "1, " "1, " "1, " "1, " "1, " "1, " "1, " "1, " "1, " "1, " "1, " "1, " "1, " "1, " "1, " "1, " "1, " "1, " "1, " "1, " "1, " "1, " "1, " "1, " "1, " "1, " "1, " "1, " "1, " "1, " "1, " "1, " "1, " "1, " "1, " "1, " "1, " "1, " "1, " "1, " "1, " "1, " "1, " "1, " "1, " "1, " "1, " "1, " "1, " "1, " "1, " "1, " "1, " "1, " "1, " "1, " "1, " "1, " "1, " "1, " "1, " "1, " "1, " "1, " "1, " "1, " "1, " "1, " "1, " "1, " "1, " "1, " "1, " "1, " "1, " "1, " "1, " "1, " "1, " "1, " "1, " "1, " "1, " "1, " "1, " "1, " "1, " "1, " "1, " "1, " "1, " "1, " "1, " "1, " "1, " "1, " "1, " "1, " "1, " "1, " "1, " "1, " "1, " "1, " "1, " "1, " "1, " "1, " "1, " "1, " "1, " "1, " "1, " "1, " "1, " "1, " "1, " "1, " "1, " "1, " "1, " "1, " "1, " "1, " "1, " "1, " "1, " "1, " "1, " "1, " "1, " "1, " "1, " "1, " "1, " "1, " "1, " "1, " "1, " "1, " "1, " "1, " "1, " "1, " "1, " "1, " "1, " "1, " "1, " "1, " "1, " "1, " "1, " "1, " "1, " "1, " "1, " "1, " "1, " "1, " "1, " "1, " "1, " "1, " "1, " "1, " "1, " "1, " "1, " "1, " "1, " "1, " "1, " "1, " "1, " "1, " "1, " "1, " "1, " "1, " "1, " "1, " "1, " "1, " "1, " "1, " "1, " "1, "204
 "Nei28, 0.056, " "0.015, " "1, " "1, " "1, " "1, " "1, " "1, " "1, " "1, " "1, " "1, " "1, " "1, " "1, " "1, " "1, " "1, " "1, " "1, " "1, " "1, " "1, " "1, " "1, " "1, " "1, " "1, " "1, " "1, " "0, " "1, " "1, " "1, " "1, " "1, " "1, " "1, " "1, " "1, " "1, " "1, " "1, " "1, " "1, " "1, " "1, " "1, " "1, " "1, " "1, " "1, " "1, " "1, " "1, " "1, " "1, " "1, " "1, " "1, " "1, " "1, " "1, " "1, " "1, " "1, " "1, " "1, " "1, " "1, " "1, " "1, " "1, " "1, " "1, " "1, " "1, " "1, " "1, " "1, " "1, " "1, " "1, " "1, " "1, " "1, " "1, " "1, " "1, " "1, " "1, " "1, " "1, " "1, " "1, " "1, " "1, " "1, " "1, " "1, " "1, " "1, " "1, " "1, " "1, " "1, " "1, " "1, " "1, " "1, " "1, " "1, " "1, " "1, " "1, " "1, " "1, " "1, " "1, " "1, " "1, " "1, " "1, " "1, " "1, " "1, " "1, " "1, " "1, " "1, " "1, " "1, " "1, " "1, " "1, " "1, " "1, " "1, " "1, " "1, " "1, " "1, " "1, " "1, " "1, " "1, " "1, " "1, " "1, " "1, " "1, " "1, " "1, " "1, " "1, " "1, " "1, " "1, " "1, " "1, " "1, " "1, " "1, " "1, " "1, " "1, " "1, " "1, " "1, " "1, " "1, " "1, " "1, " "1, " "1, " "1, " "1, " "1, " "1, " "1, " "1, " "1, " "1, " "1, " "1, " "1, " "1, " "1, " "1, " "1, " "1, " "1, " "1, " "1, " "1, " "1, " "1, " "1, " "1, " "1, " "1, " "1, " "1, " "1, " "1, " "1, " "1, " "1, " "1, " "1, " "1, " "1, " "1, " "1, " "1, " "1, " "1, " "1, " "1, " "1, " "1, " "1, " "1, " "1, " "1, " "1, " "1, " "1, " "1, " "1, " "1, " "1, " "1, " "1, " "1, " "1, " "1, " "1, " "1, " "1, " "1, " "1, " "1, " "1, " "1, " "1, " "1, " "1, " "1, " "1, " "1, " "1, " "1, " "1, " "1, " "1, " "1, " "1, " "1, " "1, " "1, " "1, " "1, " "1, " "1, " "1, " "1, " "1, " "1, " "1, " "1, " "1, " "1, " "1, " "1, " "1, " "1, " "1, " "1, " "1, " "1, " "1, " "1, " "1, " "1, " "1, " "1, " "1, " "1, " "1, " "1, " "1, " "1, " "1, " "1, " "1, " "1, " "1, " "1, " "1, " "1, " "1, " "1, " "1, " "1, " "1, " "1, " "1, " "1, " "1, " "1, " "1, " "1, " "1, " "1, " "1, " "1, " "1, " "1, " "1, " "1, " "1, " "1, " "1, " "1, " "1, " "1, " "1, " "1, " "1, " "1, " "1, " "1, " "1, " "1, " "1, " "1, " "1, " "1, " "1, " "1, " "1, " "1, " "1, " "1, " "1, " "1, " "1, " "1, " "1, " "1, " "1, " "1, " "1, " "1, " "1, " "1, " "1, " "1, " "1, " "1, " "1, " "1, " "1, " "1, " "1, " "1, " "1, " "1, " "1, " "1, " "1, " "1, " "1, " "1, " "1, " "1, " "1, " "1, " "1, " "1, " "1, " "1, " "1, " "1, " "1, " "1, " "1, " "1, " "1, " "1, " "1, " "1, " "1, " "1, " "1, " "1, " "1, " "1, " "1, " "1, " "1, " "1, " "1, " "1, " "1, " "1, " "1, " "1, " "1, " "1, " "1, " "1, " "1, " "1, " "1, " "1, " "1, " "1, " "1, " "1, " "1, " "1, " "1, " "1, " "1, " "1, " "1, " "1, " "1, " "1, " "1, " "1, " "1, " "1, " "1, " "1, " "1, " "1, " "1, " "1, " "1, " "1, " "1, " "1, " "1, " "1, " "1, " "1, " "1, " "1, " "1, " "1, " "1, " "1, " "1, " "1, " "1, " "1, " "1, " "1, " "1, " "1, " "1, " "1, " "1, " "1, " "1, " "1, " "1, " "1, " "1, " "1, " "1, " "1, " "1, " "1, " "1, " "1, " "1, " "1, " "1, " "1, " "1, " "1, " "1, " "1, " "1, " "1, " "1, " "1, " "1, " "1, " "1, " "1, " "1, " "1, " "1, " "1, " "1, " "1, " "1, " "1, " "1, " "1, " "1, " "1, " "1, " "1, " "1, " "1, " "1, " "1, " "1, " "1, "204
 "Nei29, 0.043, " "0.015, " "1, " "1, " "1, " "1, " "1, " "1, " "1, " "1, " "1, " "1, " "1, " "1, " "1, " "1, " "1, " "1, " "1, " "1, " "1, " "1, " "1, " "1, " "1, " "1, " "1, " "1, " "1, " "1, " "1, " "0, " "1, " "1, " "1, " "1, " "1, " "1, " "1, " "1, " "1, " "1, " "1, " "1, " "1, " "1, " "1, " "1, " "1, " "1, " "1, " "1, " "1, " "1, " "1, " "1, " "1, " "1, " "1, " "1, " "1, " "1, " "1, " "1, " "1, " "1, " "1, " "1, " "1, " "1, " "1, " "1, " "1, " "1, " "1, " "1, " "1, " "1, " "1, " "1, " "1, " "1, " "1, " "1, " "1, " "1, " "1, " "1, " "1, " "1, " "1, " "1, " "1, " "1, " "1, " "1, " "1, " "1, " "1, " "1, " "1, " "1, " "1, " "1, " "1, " "1, " "1, " "1, " "1, " "1, " "1, " "1, " "1, " "1, " "1, " "1, " "1, " "1, " "1, " "1, " "1, " "1, " "1, " "1, " "1, " "1, " "1, " "1, " "1, " "1, " "1, " "1, " "1, " "1, " "1, " "1, " "1, " "1, " "1, " "1, " "1, " "1, " "1, " "1, " "1, " "1, " "1, " "1, " "1, " "1, " "1, " "1, " "1, " "1, " "1, " "1, " "1, " "1, " "1, " "1, " "1, " "1, " "1, " "1, " "1, " "1, " "1, " "1, " "1, " "1, " "1, " "1, " "1, " "1, " "1, " "1, " "1, " "1, " "1, " "1, " "1, " "1, " "1, " "1, " "1, " "1, " "1, " "1, " "1, " "1, " "1, " "1, " "1, " "1, " "1, " "1, " "1, " "1, " "1, " "1, " "1, " "1, " "1, " "1, " "1, " "1, " "1, " "1, " "1, " "1, " "1, " "1, " "1, " "1, " "1, " "1, " "1, " "1, " "1, " "1, " "1, " "1, " "1, " "1, " "1, " "1, " "1, " "1, " "1, " "1, " "1, " "1, " "1, " "1, " "1, " "1, " "1, " "1, " "1, " "1, " "1, " "1, " "1, " "1, " "1, " "1, " "1, " "1, " "1, " "1, " "1, " "1, " "1, " "1, " "1, " "1, " "1, " "1, " "1, " "1, " "1, " "1, " "1, " "1, " "1, " "1, " "1, " "1, " "1, " "1, " "1, " "1, " "1, " "1, " "1, " "1, " "1, " "1, " "1, " "1, " "1, " "1, " "1, " "1, " "1, " "1, " "1, " "1, " "1, " "1, " "1, " "1, " "1, " "1, " "1, " "1, " "1, " "1, " "1, " "1, " "1, " "1, " "1, " "1, " "1, " "1, " "1, " "1, " "1, " "1, " "1, " "1, " "1, " "1, " "1, " "1, " "1, " "1, " "1, " "1, " "1, " "1, " "1, " "1, " "1, " "1, " "1, " "1, " "1, " "1, " "1, " "1, " "1, " "1, " "1, " "1, " "1, " "1, " "1, " "1, " "1, " "1, " "1, " "1, " "1, " "1, " "1, " "1, " "1, " "1, " "1, " "1, " "1, " "1, " "1, " "1, " "1, " "1, " "1, " "1, " "1, " "1, " "1, " "1, " "1, " "1, " "1, " "1, " "1, " "1, " "1, " "1, " "1, " "1, " "1, " "1, " "1, " "1, " "1, " "1, " "1, " "1, " "1, " "1, " "1, " "1, " "1, " "1, " "1, " "1, " "1, " "1, " "1, " "1, " "1, " "1, " "1, " "1, " "1, " "1, " "1, " "1, " "1, " "1, " "1, " "1, " "1, " "1, " "1, " "1, " "1, " "1, " "1, " "1, " "1, " "1, " "1, " "1, " "1, " "1, " "1, " "1, " "1, " "1, " "1, " "1, " "1, " "1, " "1, " "1, " "1, " "1, " "1, " "1, " "1, " "1, " "1, " "1, " "1, " "1, " "1, " "1, " "1, " "1, " "1, " "1, " "1, " "1, " "1, " "1, " "1, " "1, " "1, " "1, " "1, " "1, " "1, " "1, " "1, " "1, " "1, " "1, " "1, " "1, " "1, " "1, " "1, " "1, " "1, " "1, " "1, " "1, " "1, " "1, " "1, " "1, " "1, " "1, " "1, " "1, " "1, " "1, " "1, " "1, " "1, " "1, " "1, " "1, " "1, " "1, " "1, " "1, " "1, " "1, " "1, " "1, " "1, " "1, " "1, " "1, " "1, " "1, " "1, " "1, " "1, " "1, " "1, " "1, " "1, " "1, " "1, " "1, " "1, " "1, " "1, "204
 "Nei30, 0.099, " "0.015, " "1, " "1, " "1, " "1, " "1, " "1, " "1, " "1, " "1, " "1, " "1, " "1, " "1, " "1, " "1, " "1, " "1, " "1, " "1, " "1, " "1, " "1, " "1, " "1, " "1, " "1, " "1, " "1, " "1, " "1, " "0, " "1, " "1, " "1, " "1, " "1, " "1, " "1, " "1, " "1, " "1, " "1, " "1, " "1, " "1, " "1, " "1, " "1, " "1, " "1, " "1, " "1, " "1, " "1, " "1, " "1, " "1, " "1, " "1, " "1, " "1, " "1, " "1, " "1, " "1, " "1, " "1, " "1, " "1, " "1, " "1, " "1, " "1, " "1, " "1, " "1, " "1, " "1, " "1, " "1, " "1, " "1, " "1, " "1, " "1, " "1, " "1, " "1, " "1, " "1, " "1, " "1, " "1, " "1, " "1, " "1, " "1, " "1, " "1, " "1, " "1, " "1, " "1, " "1, " "1, " "1, " "1, " "1, " "1, " "1, " "1, " "1, " "1, " "1, " "1, " "1, " "1, " "1, " "1, " "1, " "1, " "1, " "1, " "1, " "1, " "1, " "1, " "1, " "1, " "1, " "1, " "1, " "1, " "1, " "1, " "1, " "1, " "1, " "1, " "1, " "1, " "1, " "1, " "1, " "1, " "1, " "1, " "1, " "1, " "1, " "1, " "1, " "1, " "1, " "1, " "1, " "1, " "1, " "1, " "1, " "1, " "1, " "1, " "1, " "1, " "1, " "1, " "1, " "1, " "1, " "1, " "1, " "1, " "1, " "1, " "1, " "1, " "1, " "1, " "1, " "1, " "1, " "1, " "1, " "1, " "1, " "1, " "1, " "1, " "1, " "1, " "1, " "1, " "1, " "1, " "1, " "1, " "1, " "1, " "1, " "1, " "1, " "1, " "1, " "1, " "1, " "1, " "1, " "1, " "1, " "1, " "1, " "1, " "1, " "1, " "1, " "1, " "1, " "1, " "1, " "1, " "1, " "1, " "1, " "1, " "1, " "1, " "1, " "1, " "1, " "1, " "1, " "1, " "1, " "1, " "1, " "1, " "1, " "1, " "1, " "1, " "1, " "1, " "1, " "1, " "1, " "1, " "1, " "1, " "1, " "1, " "1, " "1, " "1, " "1, " "1, " "1, " "1, " "1, " "1, " "1, " "1, " "1, " "1, " "1, " "1, " "1, " "1, " "1, " "1, " "1, " "1, " "1, " "1, " "1, " "1, " "1, " "1, " "1, " "1, " "1, " "1, " "1, " "1, " "1, " "1, " "1, " "1, " "1, " "1, " "1, " "1, " "1, " "1, " "1, " "1, " "1, " "1, " "1, " "1, " "1, " "1, " "1, " "1, " "1, " "1, " "1, " "1, " "1, " "1, " "1, " "1, " "1, " "1, " "1, " "1, " "1, " "1, " "1, " "1, " "1, " "1, " "1, " "1, " "1, " "1, " "1, " "1, " "1, " "1, " "1, " "1, " "1, " "1, " "1, " "1, " "1, " "1, " "1, " "1, " "1, " "1, " "1, " "1, " "1, " "1, " "1, " "1, " "1, " "1, " "1, " "1, " "1, " "1, " "1, " "1, " "1, " "1, " "1, " "1, " "1, " "1, " "1, " "1, " "1, " "1, " "1, " "1, " "1, " "1, " "1, " "1, " "1, " "1, " "1, " "1, " "1, " "1, " "1, " "1, " "1, " "1, " "1, " "1, " "1, " "1, " "1, " "1, " "1, " "1, " "1, " "1, " "1, " "1, " "1, " "1, " "1, " "1, " "1, " "1, " "1, " "1, " "1, " "1, " "1, " "1, " "1, " "1, " "1, " "1, " "1, " "1, " "1, " "1, " "1, " "1, " "1, " "1, " "1, " "1, " "1, " "1, " "1, " "1, " "1, " "1, " "1, " "1, " "1, " "1, " "1, " "1, " "1, " "1, " "1, " "1, " "1, " "1, " "1, " "1, " "1, " "1, " "1, " "1, " "1, " "1, " "1, " "1, " "1, " "1, " "1, " "1, " "1, " "1, " "1, " "1, " "1, " "1, " "1, " "1, " "1, " "1, " "1, " "1, " "1, " "1, " "1, " "1, " "1, " "1, " "1, " "1, " "1, " "1, " "1, " "1, " "1, " "1, " "1, " "1, " "1, " "1, " "1, " "1, " "1, " "1, " "1, " "1, " "1, " "1, " "1, " "1, " "1, " "1, " "1, " "1, " "1, " "1, " "1, " "1, " "1, " "1, " "1, " "1, " "1, " "1, " "1, " "1, " "1, " "1, " "1, " "1, " "1, "204
 "Nei31, 0.273, " "0.015, " "1, " "1, " "1, " "1, " "1, " "1, " "1, " "1, " "1, " "1, " "1, " "1, " "1, " "1, " "1, " "1, " "1, " "1, " "1, " "1, " "1, " "1, " "1, " "1, " "1, " "1, " "1, " "1, " "1, " "1, " "1, " "0, " "1, " "1, " "1, " "1, " "1, " "1, " "1, " "1, " "1, " "1, " "1, " "1, " "1, " "1, " "1, " "1, " "1, " "1, " "1, " "1, " "1, " "1, " "1, " "1, " "1, " "1, " "1, " "1, " "1, " "1, " "1, " "1, " "1, " "1, " "1, " "1, " "1, " "1, " "1, " "1, " "1, " "1, " "1, " "1, " "1, " "1, " "1, " "1, " "1, " "1, " "1, " "1, " "1, " "1, " "1, " "1, " "1, " "1, " "1, " "1, " "1, " "1, " "1, " "1, " "1, " "1, " "1, " "1, " "1, " "1, " "1, " "1, " "1, " "1, " "1, " "1, " "1, " "1, " "1, " "1, " "1, " "1, " "1, " "1, " "1, " "1, " "1, " "1, " "1, " "1, " "1, " "1, " "1, " "1, " "1, " "1, " "1, " "1, " "1, " "1, " "1, " "1, " "1, " "1, " "1, " "1, " "1, " "1, " "1, " "1, " "1, " "1, " "1, " "1, " "1, " "1, " "1, " "1, " "1, " "1, " "1, " "1, " "1, " "1, " "1, " "1, " "1, " "1, " "1, " "1, " "1, " "1, " "1, " "1, " "1, " "1, " "1, " "1, " "1, " "1, " "1, " "1, " "1, " "1, " "1, " "1, " "1, " "1, " "1, " "1, " "1, " "1, " "1, " "1, " "1, " "1, " "1, " "1, " "1, " "1, " "1, " "1, " "1, " "1, " "1, " "1, " "1, " "1, " "1, " "1, " "1, " "1, " "1, " "1, " "1, " "1, " "1, " "1, " "1, " "1, " "1, " "1, " "1, " "1, " "1, " "1, " "1, " "1, " "1, " "1, " "1, " "1, " "1, " "1, " "1, " "1, " "1, " "1, " "1, " "1, " "1, " "1, " "1, " "1, " "1, " "1, " "1, " "1, " "1, " "1, " "1, " "1, " "1, " "1, " "1, " "1, " "1, " "1, " "1, " "1, " "1, " "1, " "1, " "1, " "1, " "1, " "1, " "1, " "1, " "1, " "1, " "1, " "1, " "1, " "1, " "1, " "1, " "1, " "1, " "1, " "1, " "1, " "1, " "1, " "1, " "1, " "1, " "1, " "1, " "1, " "1, " "1, " "1, " "1, " "1, " "1, " "1, " "1, " "1, " "1, " "1, " "1, " "1, " "1, " "1, " "1, " "1, " "1, " "1, " "1, " "1, " "1, " "1, " "1, " "1, " "1, " "1, " "1, " "1, " "1, " "1, " "1, " "1, " "1, " "1, " "1, " "1, " "1, " "1, " "1, " "1, " "1, " "1, " "1, " "1, " "1, " "1, " "1, " "1, " "1, " "1, " "1, " "1, " "1, " "1, " "1, " "1, " "1, " "1, " "1, " "1, " "1, " "1, " "1, " "1, " "1, " "1, " "1, " "1, " "1, " "1, " "1, " "1, " "1, " "1, " "1, " "1, " "1, " "1, " "1, " "1, " "1, " "1, " "1, " "1, " "1, " "1, " "1, " "1, " "1, " "1, " "1, " "1, " "1, " "1, " "1, " "1, " "1, " "1, " "1, " "1, " "1, " "1, " "1, " "1, " "1, " "1, " "1, " "1, " "1, " "1, " "1, " "1, " "1, " "1, " "1, " "1, " "1, " "1, " "1, " "1, " "1, " "1, " "1, " "1, " "1, " "1, " "1, " "1, " "1, " "1, " "1, " "1, " "1, " "1, " "1, " "1, " "1, " "1, " "1, " "1, " "1, " "1, " "1, " "1, " "1, " "1, " "1, " "1, " "1, " "1, " "1, " "1, " "1, " "1, " "1, " "1, " "1, " "1, " "1, " "1, " "1, " "1, " "1, " "1, " "1, " "1, " "1, " "1, " "1, " "1, " "1, " "1, " "1, " "1, " "1, " "1, " "1, " "1, " "1, " "1, " "1, " "1, " "1, " "1, " "1, " "1, " "1, " "1, " "1, " "1, " "1, " "1, " "1, " "1, " "1, " "1, " "1, " "1, " "1, " "1, " "1, " "1, " "1, " "1, " "1, " "1, " "1, " "1, " "1, " "1, " "1, " "1, " "1, " "1, " "1, " "1, " "1, " "1, " "1, " "1, " "1, " "1, " "1, " "1, " "1, " "1, " "1, " "1, " "1, " "1, "204
 "Nei32, 0.34, " "0.015, " "1, " "1, " "1, " "1, " "1, " "1, " "1, " "1, " "1, " "1, " "1, " "1, " "1, " "1, " "1, " "1, " "1, " "1, " "1, " "1, " "1, " "1, " "1, " "1, " "1, " "1, " "1, " "1, " "1, " "1, " "1, " "1, " "0, " "1, " "1, " "1, " "1, " "1, " "1, " "1, " "1, " "1, " "1, " "1, " "1, " "1, " "1, " "1, " "1, " "1, " "1, " "1, " "1, " "1, " "1, " "1, " "1, " "1, " "1, " "1, " "1, " "1, " "1, " "1, " "1, " "1, " "1, " "1, " "1, " "1, " "1, " "1, " "1, " "1, " "1, " "1, " "1, " "1, " "1, " "1, " "1, " "1, " "1, " "1, " "1, " "1, " "1, " "1, " "1, " "1, " "1, " "1, " "1, " "1, " "1, " "1, " "1, " "1, " "1, " "1, " "1, " "1, " "1, " "1, " "1, " "1, " "1, " "1, " "1, " "1, " "1, " "1, " "1, " "1, " "1, " "1, " "1, " "1, " "1, " "1, " "1, " "1, " "1, " "1, " "1, " "1, " "1, " "1, " "1, " "1, " "1, " "1, " "1, " "1, " "1, " "1, " "1, " "1, " "1, " "1, " "1, " "1, " "1, " "1, " "1, " "1, " "1, " "1, " "1, " "1, " "1, " "1, " "1, " "1, " "1, " "1, " "1, " "1, " "1, " "1, " "1, " "1, " "1, " "1, " "1, " "1, " "1, " "1, " "1, " "1, " "1, " "1, " "1, " "1, " "1, " "1, " "1, " "1, " "1, " "1, " "1, " "1, " "1, " "1, " "1, " "1, " "1, " "1, " "1, " "1, " "1, " "1, " "1, " "1, " "1, " "1, " "1, " "1, " "1, " "1, " "1, " "1, " "1, " "1, " "1, " "1, " "1, " "1, " "1, " "1, " "1, " "1, " "1, " "1, " "1, " "1, " "1, " "1, " "1, " "1, " "1, " "1, " "1, " "1, " "1, " "1, " "1, " "1, " "1, " "1, " "1, " "1, " "1, " "1, " "1, " "1, " "1, " "1, " "1, " "1, " "1, " "1, " "1, " "1, " "1, " "1, " "1, " "1, " "1, " "1, " "1, " "1, " "1, " "1, " "1, " "1, " "1, " "1, " "1, " "1, " "1, " "1, " "1, " "1, " "1, " "1, " "1, " "1, " "1, " "1, " "1, " "1, " "1, " "1, " "1, " "1, " "1, " "1, " "1, " "1, " "1, " "1, " "1, " "1, " "1, " "1, " "1, " "1, " "1, " "1, " "1, " "1, " "1, " "1, " "1, " "1, " "1, " "1, " "1, " "1, " "1, " "1, " "1, " "1, " "1, " "1, " "1, " "1, " "1, " "1, " "1, " "1, " "1, " "1, " "1, " "1, " "1, " "1, " "1, " "1, " "1, " "1, " "1, " "1, " "1, " "1, " "1, " "1, " "1, " "1, " "1, " "1, " "1, " "1, " "1, " "1, " "1, " "1, " "1, " "1, " "1, " "1, " "1, " "1, " "1, " "1, " "1, " "1, " "1, " "1, " "1, " "1, " "1, " "1, " "1, " "1, " "1, " "1, " "1, " "1, " "1, " "1, " "1, " "1, " "1, " "1, " "1, " "1, " "1, " "1, " "1, " "1, " "1, " "1, " "1, " "1, " "1, " "1, " "1, " "1, " "1, " "1, " "1, " "1, " "1, " "1, " "1, " "1, " "1, " "1, " "1, " "1, " "1, " "1, " "1, " "1, " "1, " "1, " "1, " "1, " "1, " "1, " "1, " "1, " "1, " "1, " "1, " "1, " "1, " "1, " "1, " "1, " "1, " "1, " "1, " "1, " "1, " "1, " "1, " "1, " "1, " "1, " "1, " "1, " "1, " "1, " "1, " "1, " "1, " "1, " "1, " "1, " "1, " "1, " "1, " "1, " "1, " "1, " "1, " "1, " "1, " "1, " "1, " "1, " "1, " "1, " "1, " "1, " "1, " "1, " "1, " "1, " "1, " "1, " "1, " "1, " "1, " "1, " "1, " "1, " "1, " "1, " "1, " "1, " "1, " "1, " "1, " "1, " "1, " "1, " "1, " "1, " "1, " "1, " "1, " "1, " "1, " "1, " "1, " "1, " "1, " "1, " "1, " "1, " "1, " "1, " "1, " "1, " "1, " "1, " "1, " "1, " "1, " "1, " "1, " "1, " "1, " "1, " "1, " "1, " "1, " "1, " "1, " "1, " "1, " "1, " "1, " "1, " "1, " "1, " "1, " "1, " "1, "204
 "Nei33, 0.03, " "0.015, " "1, " "1, " "1, " "1, " "1, " "1, " "1, " "1, " "1, " "1, " "1, " "1, " "1, " "1, " "1, " "1, " "1, " "1, " "1, " "1, " "1, " "1, " "1, " "1, " "1, " "1, " "1, " "1, " "1, " "1, " "1, " "1, " "1, " "0, " "1, " "1, " "1, " "1, " "1, " "1, " "1, " "1, " "1, " "1, " "1, " "1, " "1, " "1, " "1, " "1, " "1, " "1, " "1, " "1, " "1, " "1, " "1, " "1, " "1, " "1, " "1, " "1, " "1, " "1, " "1, " "1, " "1, " "1, " "1, " "1, " "1, " "1, " "1, " "1, " "1, " "1, " "1, " "1, " "1, " "1, " "1, " "1, " "1, " "1, " "1, " "1, " "1, " "1, " "1, " "1, " "1, " "1, " "1, " "1, " "1, " "1, " "1, " "1, " "1, " "1, " "1, " "1, " "1, " "1, " "1, " "1, " "1, " "1, " "1, " "1, " "1, " "1, " "1, " "1, " "1, " "1, " "1, " "1, " "1, " "1, " "1, " "1, " "1, " "1, " "1, " "1, " "1, " "1, " "1, " "1, " "1, " "1, " "1, " "1, " "1, " "1, " "1, " "1, " "1, " "1, " "1, " "1, " "1, " "1, " "1, " "1, " "1, " "1, " "1, " "1, " "1, " "1, " "1, " "1, " "1, " "1, " "1, " "1, " "1, " "1, " "1, " "1, " "1, " "1, " "1, " "1, " "1, " "1, " "1, " "1, " "1, " "1, " "1, " "1, " "1, " "1, " "1, " "1, " "1, " "1, " "1, " "1, " "1, " "1, " "1, " "1, " "1, " "1, " "1, " "1, " "1, " "1, " "1, " "1, " "1, " "1, " "1, " "1, " "1, " "1, " "1, " "1, " "1, " "1, " "1, " "1, " "1, " "1, " "1, " "1, " "1, " "1, " "1, " "1, " "1, " "1, " "1, " "1, " "1, " "1, " "1, " "1, " "1, " "1, " "1, " "1, " "1, " "1, " "1, " "1, " "1, " "1, " "1, " "1, " "1, " "1, " "1, " "1, " "1, " "1, " "1, " "1, " "1, " "1, " "1, " "1, " "1, " "1, " "1, " "1, " "1, " "1, " "1, " "1, " "1, " "1, " "1, " "1, " "1, " "1, " "1, " "1, " "1, " "1, " "1, " "1, " "1, " "1, " "1, " "1, " "1, " "1, " "1, " "1, " "1, " "1, " "1, " "1, " "1, " "1, " "1, " "1, " "1, " "1, " "1, " "1, " "1, " "1, " "1, " "1, " "1, " "1, " "1, " "1, " "1, " "1, " "1, " "1, " "1, " "1, " "1, " "1, " "1, " "1, " "1, " "1, " "1, " "1, " "1, " "1, " "1, " "1, " "1, " "1, " "1, " "1, " "1, " "1, " "1, " "1, " "1, " "1, " "1, " "1, " "1, " "1, " "1, " "1, " "1, " "1, " "1, " "1, " "1, " "1, " "1, " "1, " "1, " "1, " "1, " "1, " "1, " "1, " "1, " "1, " "1, " "1, " "1, " "1, " "1, " "1, " "1, " "1, " "1, " "1, " "1, " "1, " "1, " "1, " "1, " "1, " "1, " "1, " "1, " "1, " "1, " "1, " "1, " "1, " "1, " "1, " "1, " "1, " "1, " "1, " "1, " "1, " "1, " "1, " "1, " "1, " "1, " "1, " "1, " "1, " "1, " "1, " "1, " "1, " "1, " "1, " "1, " "1, " "1, " "1, " "1, " "1, " "1, " "1, " "1, " "1, " "1, " "1, " "1, " "1, " "1, " "1, " "1, " "1, " "1, " "1, " "1, " "1, " "1, " "1, " "1, " "1, " "1, " "1, " "1, " "1, " "1, " "1, " "1, " "1, " "1, " "1, " "1, " "1, " "1, " "1, " "1, " "1, " "1, " "1, " "1, " "1, " "1, " "1, " "1, " "1, " "1, " "1, " "1, " "1, " "1, " "1, " "1, " "1, " "1, " "1, " "1, " "1, " "1, " "1, " "1, " "1, " "1, " "1, " "1, " "1, " "1, " "1, " "1, " "1, " "1, " "1, " "1, " "1, " "1, " "1, " "1, " "1, " "1, " "1, " "1, " "1, " "1, " "1, " "1, " "1, " "1, " "1, " "1, " "1, " "1, " "1, " "1, " "1, " "1, " "1, " "1, " "1, " "1, " "1, " "1, " "1, " "1, " "1, " "1, " "1, " "1, " "1, " "1, " "1, " "1, " "1, " "1, " "1, " "1, " "1, " "1, " "1, " "1, "204
 "Nei34, 0.038, " "0.015, " "1, " "1, " "1, " "1, " "1, " "1, " "1, " "1, " "1, " "1, " "1, " "1, " "1, " "1, " "1, " "1, " "1, " "1, " "1, " "1, " "1, " "1, " "1, " "1, " "1, " "1, " "1, " "1, " "1, " "1, " "1, " "1, " "1, " "1, " "0, " "1, " "1, " "1, " "1, " "1, " "1, " "1, " "1, " "1, " "1, " "1, " "1, " "1, " "1, " "1, " "1, " "1, " "1, " "1, " "1, " "1, " "1, " "1, " "1, " "1, " "1, " "1, " "1, " "1, " "1, " "1, " "1, " "1, " "1, " "1, " "1, " "1, " "1, " "1, " "1, " "1, " "1, " "1, " "1, " "1, " "1, " "1, " "1, " "1, " "1, " "1, " "1, " "1, " "1, " "1, " "1, " "1, " "1, " "1, " "1, " "1, " "1, " "1, " "1, " "1, " "1, " "1, " "1, " "1, " "1, " "1, " "1, " "1, " "1, " "1, " "1, " "1, " "1, " "1, " "1, " "1, " "1, " "1, " "1, " "1, " "1, " "1, " "1, " "1, " "1, " "1, " "1, " "1, " "1, " "1, " "1, " "1, " "1, " "1, " "1, " "1, " "1, " "1, " "1, " "1, " "1, " "1, " "1, " "1, " "1, " "1, " "1, " "1, " "1, " "1, " "1, " "1, " "1, " "1, " "1, " "1, " "1, " "1, " "1, " "1, " "1, " "1, " "1, " "1, " "1, " "1, " "1, " "1, " "1, " "1, " "1, " "1, " "1, " "1, " "1, " "1, " "1, " "1, " "1, " "1, " "1, " "1, " "1, " "1, " "1, " "1, " "1, " "1, " "1, " "1, " "1, " "1, " "1, " "1, " "1, " "1, " "1, " "1, " "1, " "1, " "1, " "1, " "1, " "1, " "1, " "1, " "1, " "1, " "1, " "1, " "1, " "1, " "1, " "1, " "1, " "1, " "1, " "1, " "1, " "1, " "1, " "1, " "1, " "1, " "1, " "1, " "1, " "1, " "1, " "1, " "1, " "1, " "1, " "1, " "1, " "1, " "1, " "1, " "1, " "1, " "1, " "1, " "1, " "1, " "1, " "1, " "1, " "1, " "1, " "1, " "1, " "1, " "1, " "1, " "1, " "1, " "1, " "1, " "1, " "1, " "1, " "1, " "1, " "1, " "1, " "1, " "1, " "1, " "1, " "1, " "1, " "1, " "1, " "1, " "1, " "1, " "1, " "1, " "1, " "1, " "1, " "1, " "1, " "1, " "1, " "1, " "1, " "1, " "1, " "1, " "1, " "1, " "1, " "1, " "1, " "1, " "1, " "1, " "1, " "1, " "1, " "1, " "1, " "1, " "1, " "1, " "1, " "1, " "1, " "1, " "1, " "1, " "1, " "1, " "1, " "1, " "1, " "1, " "1, " "1, " "1, " "1, " "1, " "1, " "1, " "1, " "1, " "1, " "1, " "1, " "1, " "1, " "1, " "1, " "1, " "1, " "1, " "1, " "1, " "1, " "1, " "1, " "1, " "1, " "1, " "1, " "1, " "1, " "1, " "1, " "1, " "1, " "1, " "1, " "1, " "1, " "1, " "1, " "1, " "1, " "1, " "1, " "1, " "1, " "1, " "1, " "1, " "1, " "1, " "1, " "1, " "1, " "1, " "1, " "1, " "1, " "1, " "1, " "1, " "1, " "1, " "1, " "1, " "1, " "1, " "1, " "1, " "1, " "1, " "1, " "1, " "1, " "1, " "1, " "1, " "1, " "1, " "1, " "1, " "1, " "1, " "1, " "1, " "1, " "1, " "1, " "1, " "1, " "1, " "1, " "1, " "1, " "1, " "1, " "1, " "1, " "1, " "1, " "1, " "1, " "1, " "1, " "1, " "1, " "1, " "1, " "1, " "1, " "1, " "1, " "1, " "1, " "1, " "1, " "1, " "1, " "1, " "1, " "1, " "1, " "1, " "1, " "1, " "1, " "1, " "1, " "1, " "1, " "1, " "1, " "1, " "1, " "1, " "1, " "1, " "1, " "1, " "1, " "1, " "1, " "1, " "1, " "1, " "1, " "1, " "1, " "1, " "1, " "1, " "1, " "1, " "1, " "1, " "1, " "1, " "1, " "1, " "1, " "1, " "1, " "1, " "1, " "1, " "1, " "1, " "1, " "1, " "1, " "1, " "1, " "1, " "1, " "1, " "1, " "1, " "1, " "1, " "1, " "1, " "1, " "1, " "1, " "1, " "1, " "1, " "1, " "1, " "1, " "1, " "1, " "1, " "1, " "1, "204
 "Nei35, 0.224, " "0.015, " "1, " "1, " "1, " "1, " "1, " "1, " "1, " "1, " "1, " "1, " "1, " "1, " "1, " "1, " "1, " "1, " "1, " "1, " "1, " "1, " "1, " "1, " "1, " "1, " "1, " "1, " "1, " "1, " "1, " "1, " "1, " "1, " "1, " "1, " "1, " "0, " "1, " "1, " "1, " "1, " "1, " "1, " "1, " "1, " "1, " "1, " "1, " "1, " "1, " "1, " "1, " "1, " "1, " "1, " "1, " "1, " "1, " "1, " "1, " "1, " "1, " "1, " "1, " "1, " "1, " "1, " "1, " "1, " "1, " "1, " "1, " "1, " "1, " "1, " "1, " "1, " "1, " "1, " "1, " "1, " "1, " "1, " "1, " "1, " "1, " "1, " "1, " "1, " "1, " "1, " "1, " "1, " "1, " "1, " "1, " "1, " "1, " "1, " "1, " "1, " "1, " "1, " "1, " "1, " "1, " "1, " "1, " "1, " "1, " "1, " "1, " "1, " "1, " "1, " "1, " "1, " "1, " "1, " "1, " "1, " "1, " "1, " "1, " "1, " "1, " "1, " "1, " "1, " "1, " "1, " "1, " "1, " "1, " "1, " "1, " "1, " "1, " "1, " "1, " "1, " "1, " "1, " "1, " "1, " "1, " "1, " "1, " "1, " "1, " "1, " "1, " "1, " "1, " "1, " "1, " "1, " "1, " "1, " "1, " "1, " "1, " "1, " "1, " "1, " "1, " "1, " "1, " "1, " "1, " "1, " "1, " "1, " "1, " "1, " "1, " "1, " "1, " "1, " "1, " "1, " "1, " "1, " "1, " "1, " "1, " "1, " "1, " "1, " "1, " "1, " "1, " "1, " "1, " "1, " "1, " "1, " "1, " "1, " "1, " "1, " "1, " "1, " "1, " "1, " "1, " "1, " "1, " "1, " "1, " "1, " "1, " "1, " "1, " "1, " "1, " "1, " "1, " "1, " "1, " "1, " "1, " "1, " "1, " "1, " "1, " "1, " "1, " "1, " "1, " "1, " "1, " "1, " "1, " "1, " "1, " "1, " "1, " "1, " "1, " "1, " "1, " "1, " "1, " "1, " "1, " "1, " "1, " "1, " "1, " "1, " "1, " "1, " "1, " "1, " "1, " "1, " "1, " "1, " "1, " "1, " "1, " "1, " "1, " "1, " "1, " "1, " "1, " "1, " "1, " "1, " "1, " "1, " "1, " "1, " "1, " "1, " "1, " "1, " "1, " "1, " "1, " "1, " "1, " "1, " "1, " "1, " "1, " "1, " "1, " "1, " "1, " "1, " "1, " "1, " "1, " "1, " "1, " "1, " "1, " "1, " "1, " "1, " "1, " "1, " "1, " "1, " "1, " "1, " "1, " "1, " "1, " "1, " "1, " "1, " "1, " "1, " "1, " "1, " "1, " "1, " "1, " "1, " "1, " "1, " "1, " "1, " "1, " "1, " "1, " "1, " "1, " "1, " "1, " "1, " "1, " "1, " "1, " "1, " "1, " "1, " "1, " "1, " "1, " "1, " "1, " "1, " "1, " "1, " "1, " "1, " "1, " "1, " "1, " "1, " "1, " "1, " "1, " "1, " "1, " "1, " "1, " "1, " "1, " "1, " "1, " "1, " "1, " "1, " "1, " "1, " "1, " "1, " "1, " "1, " "1, " "1, " "1, " "1, " "1, " "1, " "1, " "1, " "1, " "1, " "1, " "1, " "1, " "1, " "1, " "1, " "1, " "1, " "1, " "1, " "1, " "1, " "1, " "1, " "1, " "1, " "1, " "1, " "1, " "1, " "1, " "1, " "1, " "1, " "1, " "1, " "1, " "1, " "1, " "1, " "1, " "1, " "1, " "1, " "1, " "1, " "1, " "1, " "1, " "1, " "1, " "1, " "1, " "1, " "1, " "1, " "1, " "1, " "1, " "1, " "1, " "1, " "1, " "1, " "1, " "1, " "1, " "1, " "1, " "1, " "1, " "1, " "1, " "1, " "1, " "1, " "1, " "1, " "1, " "1, " "1, " "1, " "1, " "1, " "1, " "1, " "1, " "1, " "1, " "1, " "1, " "1, " "1, " "1, " "1, " "1, " "1, " "1, " "1, " "1, " "1, " "1, " "1, " "1, " "1, " "1, " "1, " "1, " "1, " "1, " "1, " "1, " "1, " "1, " "1, " "1, " "1, " "1, " "1, " "1, " "1, " "1, " "1, " "1, " "1, " "1, " "1, " "1, " "1, " "1, " "1, " "1, " "1, " "1, " "1, " "1, " "1, " "1, " "1, "204
 "Nei36, 0.24, " "0.015, " "1, " "1, " "1, " "1, " "1, " "1, " "1, " "1, " "1, " "1, " "1, " "1, " "1, " "1, " "1, " "1, " "1, " "1, " "1, " "1, " "1, " "1, " "1, " "1, " "1, " "1, " "1, " "1, " "1, " "1, " "1, " "1, " "1, " "1, " "1, " "1, " "0, " "1, " "1, " "1, " "1, " "1, " "1, " "1, " "1, " "1, " "1, " "1, " "1, " "1, " "1, " "1, " "1, " "1, " "1, " "1, " "1, " "1, " "1, " "1, " "1, " "1, " "1, " "1, " "1, " "1, " "1, " "1, " "1, " "1, " "1, " "1, " "1, " "1, " "1, " "1, " "1, " "1, " "1, " "1, " "1, " "1, " "1, " "1, " "1, " "1, " "1, " "1, " "1, " "1, " "1, " "1, " "1, " "1, " "1, " "1, " "1, " "1, " "1, " "1, " "1, " "1, " "1, " "1, " "1, " "1, " "1, " "1, " "1, " "1, " "1, " "1, " "1, " "1, " "1, " "1, " "1, " "1, " "1, " "1, " "1, " "1, " "1, " "1, " "1, " "1, " "1, " "1, " "1, " "1, " "1, " "1, " "1, " "1, " "1, " "1, " "1, " "1, " "1, " "1, " "1, " "1, " "1, " "1, " "1, " "1, " "1, " "1, " "1, " "1, " "1, " "1, " "1, " "1, " "1, " "1, " "1, " "1, " "1, " "1, " "1, " "1, " "1, " "1, " "1, " "1, " "1, " "1, " "1, " "1, " "1, " "1, " "1, " "1, " "1, " "1, " "1, " "1, " "1, " "1, " "1, " "1, " "1, " "1, " "1, " "1, " "1, " "1, " "1, " "1, " "1, " "1, " "1, " "1, " "1, " "1, " "1, " "1, " "1, " "1, " "1, " "1, " "1, " "1, " "1, " "1, " "1, " "1, " "1, " "1, " "1, " "1, " "1, " "1, " "1, " "1, " "1, " "1, " "1, " "1, " "1, " "1, " "1, " "1, " "1, " "1, " "1, " "1, " "1, " "1, " "1, " "1, " "1, " "1, " "1, " "1, " "1, " "1, " "1, " "1, " "1, " "1, " "1, " "1, " "1, " "1, " "1, " "1, " "1, " "1, " "1, " "1, " "1, " "1, " "1, " "1, " "1, " "1, " "1, " "1, " "1, " "1, " "1, " "1, " "1, " "1, " "1, " "1, " "1, " "1, " "1, " "1, " "1, " "1, " "1, " "1, " "1, " "1, " "1, " "1, " "1, " "1, " "1, " "1, " "1, " "1, " "1, " "1, " "1, " "1, " "1, " "1, " "1, " "1, " "1, " "1, " "1, " "1, " "1, " "1, " "1, " "1, " "1, " "1, " "1, " "1, " "1, " "1, " "1, " "1, " "1, " "1, " "1, " "1, " "1, " "1, " "1, " "1, " "1, " "1, " "1, " "1, " "1, " "1, " "1, " "1, " "1, " "1, " "1, " "1, " "1, " "1, " "1, " "1, " "1, " "1, " "1, " "1, " "1, " "1, " "1, " "1, " "1, " "1, " "1, " "1, " "1, " "1, " "1, " "1, " "1, " "1, " "1, " "1, " "1, " "1, " "1, " "1, " "1, " "1, " "1, " "1, " "1, " "1, " "1, " "1, " "1, " "1, " "1, " "1, " "1, " "1, " "1, " "1, " "1, " "1, " "1, " "1, " "1, " "1, " "1, " "1, " "1, " "1, " "1, " "1, " "1, " "1, " "1, " "1, " "1, " "1, " "1, " "1, " "1, " "1, " "1, " "1, " "1, " "1, " "1, " "1, " "1, " "1, " "1, " "1, " "1, " "1, " "1, " "1, " "1, " "1, " "1, " "1, " "1, " "1, " "1, " "1, " "1, " "1, " "1, " "1, " "1, " "1, " "1, " "1, " "1, " "1, " "1, " "1, " "1, " "1, " "1, " "1, " "1, " "1, " "1, " "1, " "1, " "1, " "1, " "1, " "1, " "1, " "1, " "1, " "1, " "1, " "1, " "1, " "1, " "1, " "1, " "1, " "1, " "1, " "1, " "1, " "1, " "1, " "1, " "1, " "1, " "1, " "1, " "1, " "1, " "1, " "1, " "1, " "1, " "1, " "1, " "1, " "1, " "1, " "1, " "1, " "1, " "1, " "1, " "1, " "1, " "1, " "1, " "1, " "1, " "1, " "1, " "1, " "1, " "1, " "1, " "1, " "1, " "1, " "1, " "1, " "1, " "1, " "1, " "1, " "1, " "1, " "1, " "1, " "1, " "1, " "1, " "1, " "1, " "1, " "1, "204
 "Nei37, 0.312, " "0.015, " "1, " "1, " "1, " "1, " "1, " "1, " "1, " "1, " "1, " "1, " "1, " "1, " "1, " "1, " "1, " "1, " "1, " "1, " "1, " "1, " "1, " "1, " "1, " "1, " "1, " "1, " "1, " "1, " "1, " "1, " "1, " "1, " "1, " "1, " "1, " "1, " "1, " "0, " "1, " "1, " "1, " "1, " "1, " "1, " "1, " "1, " "1, " "1, " "1, " "1, " "1, " "1, " "1, " "1, " "1, " "1, " "1, " "1, " "1, " "1, " "1, " "1, " "1, " "1, " "1, " "1, " "1, " "1, " "1, " "1, " "1, " "1, " "1, " "1, " "1, " "1, " "1, " "1, " "1, " "1, " "1, " "1, " "1, " "1, " "1, " "1, " "1, " "1, " "1, " "1, " "1, " "1, " "1, " "1, " "1, " "1, " "1, " "1, " "1, " "1, " "1, " "1, " "1, " "1, " "1, " "1, " "1, " "1, " "1, " "1, " "1, " "1, " "1, " "1, " "1, " "1, " "1, " "1, " "1, " "1, " "1, " "1, " "1, " "1, " "1, " "1, " "1, " "1, " "1, " "1, " "1, " "1, " "1, " "1, " "1, " "1, " "1, " "1, " "1, " "1, " "1, " "1, " "1, " "1, " "1, " "1, " "1, " "1, " "1, " "1, " "1, " "1, " "1, " "1, " "1, " "1, " "1, " "1, " "1, " "1, " "1, " "1, " "1, " "1, " "1, " "1, " "1, " "1, " "1, " "1, " "1, " "1, " "1, " "1, " "1, " "1, " "1, " "1, " "1, " "1, " "1, " "1, " "1, " "1, " "1, " "1, " "1, " "1, " "1, " "1, " "1, " "1, " "1, " "1, " "1, " "1, " "1, " "1, " "1, " "1, " "1, " "1, " "1, " "1, " "1, " "1, " "1, " "1, " "1, " "1, " "1, " "1, " "1, " "1, " "1, " "1, " "1, " "1, " "1, " "1, " "1, " "1, " "1, " "1, " "1, " "1, " "1, " "1, " "1, " "1, " "1, " "1, " "1, " "1, " "1, " "1, " "1, " "1, " "1, " "1, " "1, " "1, " "1, " "1, " "1, " "1, " "1, " "1, " "1, " "1, " "1, " "1, " "1, " "1, " "1, " "1, " "1, " "1, " "1, " "1, " "1, " "1, " "1, " "1, " "1, " "1, " "1, " "1, " "1, " "1, " "1, " "1, " "1, " "1, " "1, " "1, " "1, " "1, " "1, " "1, " "1, " "1, " "1, " "1, " "1, " "1, " "1, " "1, " "1, " "1, " "1, " "1, " "1, " "1, " "1, " "1, " "1, " "1, " "1, " "1, " "1, " "1, " "1, " "1, " "1, " "1, " "1, " "1, " "1, " "1, " "1, " "1, " "1, " "1, " "1, " "1, " "1, " "1, " "1, " "1, " "1, " "1, " "1, " "1, " "1, " "1, " "1, " "1, " "1, " "1, " "1, " "1, " "1, " "1, " "1, " "1, " "1, " "1, " "1, " "1, " "1, " "1, " "1, " "1, " "1, " "1, " "1, " "1, " "1, " "1, " "1, " "1, " "1, " "1, " "1, " "1, " "1, " "1, " "1, " "1, " "1, " "1, " "1, " "1, " "1, " "1, " "1, " "1, " "1, " "1, " "1, " "1, " "1, " "1, " "1, " "1, " "1, " "1, " "1, " "1, " "1, " "1, " "1, " "1, " "1, " "1, " "1, " "1, " "1, " "1, " "1, " "1, " "1, " "1, " "1, " "1, " "1, " "1, " "1, " "1, " "1, " "1, " "1, " "1, " "1, " "1, " "1, " "1, " "1, " "1, " "1, " "1, " "1, " "1, " "1, " "1, " "1, " "1, " "1, " "1, " "1, " "1, " "1, " "1, " "1, " "1, " "1, " "1, " "1, " "1, " "1, " "1, " "1, " "1, " "1, " "1, " "1, " "1, " "1, " "1, " "1, " "1, " "1, " "1, " "1, " "1, " "1, " "1, " "1, " "1, " "1, " "1, " "1, " "1, " "1, " "1, " "1, " "1, " "1, " "1, " "1, " "1, " "1, " "1, " "1, " "1, " "1, " "1, " "1, " "1, " "1, " "1, " "1, " "1, " "1, " "1, " "1, " "1, " "1, " "1, " "1, " "1, " "1, " "1, " "1, " "1, " "1, " "1, " "1, " "1, " "1, " "1, " "1, " "1, " "1, " "1, " "1, " "1, " "1, " "1, " "1, " "1, " "1, " "1, " "1, " "1, " "1, " "1, " "1, " "1, " "1, " "1, " "1, "204
 "Nei38, 0.119, " "0.015, " "1, " "1, " "1, " "1, " "1, " "1, " "1, " "1, " "1, " "1, " "1, " "1, " "1, " "1, " "1, " "1, " "1, " "1, " "1, " "1, " "1, " "1, " "1, " "1, " "1, " "1, " "1, " "1, " "1, " "1, " "1, " "1, " "1, " "1, " "1, " "1, " "1, " "1, " "0, " "1, " "1, " "1, " "1, " "1, " "1, " "1, " "1, " "1, " "1, " "1, " "1, " "1, " "1, " "1, " "1, " "1, " "1, " "1, " "1, " "1, " "1, " "1, " "1, " "1, " "1, " "1, " "1, " "1, " "1, " "1, " "1, " "1, " "1, " "1, " "1, " "1, " "1, " "1, " "1, " "1, " "1, " "1, " "1, " "1, " "1, " "1, " "1, " "1, " "1, " "1, " "1, " "1, " "1, " "1, " "1, " "1, " "1, " "1, " "1, " "1, " "1, " "1, " "1, " "1, " "1, " "1, " "1, " "1, " "1, " "1, " "1, " "1, " "1, " "1, " "1, " "1, " "1, " "1, " "1, " "1, " "1, " "1, " "1, " "1, " "1, " "1, " "1, " "1, " "1, " "1, " "1, " "1, " "1, " "1, " "1, " "1, " "1, " "1, " "1, " "1, " "1, " "1, " "1, " "1, " "1, " "1, " "1, " "1, " "1, " "1, " "1, " "1, " "1, " "1, " "1, " "1, " "1, " "1, " "1, " "1, " "1, " "1, " "1, " "1, " "1, " "1, " "1, " "1, " "1, " "1, " "1, " "1, " "1, " "1, " "1, " "1, " "1, " "1, " "1, " "1, " "1, " "1, " "1, " "1, " "1, " "1, " "1, " "1, " "1, " "1, " "1, " "1, " "1, " "1, " "1, " "1, " "1, " "1, " "1, " "1, " "1, " "1, " "1, " "1, " "1, " "1, " "1, " "1, " "1, " "1, " "1, " "1, " "1, " "1, " "1, " "1, " "1, " "1, " "1, " "1, " "1, " "1, " "1, " "1, " "1, " "1, " "1, " "1, " "1, " "1, " "1, " "1, " "1, " "1, " "1, " "1, " "1, " "1, " "1, " "1, " "1, " "1, " "1, " "1, " "1, " "1, " "1, " "1, " "1, " "1, " "1, " "1, " "1, " "1, " "1, " "1, " "1, " "1, " "1, " "1, " "1, " "1, " "1, " "1, " "1, " "1, " "1, " "1, " "1, " "1, " "1, " "1, " "1, " "1, " "1, " "1, " "1, " "1, " "1, " "1, " "1, " "1, " "1, " "1, " "1, " "1, " "1, " "1, " "1, " "1, " "1, " "1, " "1, " "1, " "1, " "1, " "1, " "1, " "1, " "1, " "1, " "1, " "1, " "1, " "1, " "1, " "1, " "1, " "1, " "1, " "1, " "1, " "1, " "1, " "1, " "1, " "1, " "1, " "1, " "1, " "1, " "1, " "1, " "1, " "1, " "1, " "1, " "1, " "1, " "1, " "1, " "1, " "1, " "1, " "1, " "1, " "1, " "1, " "1, " "1, " "1, " "1, " "1, " "1, " "1, " "1, " "1, " "1, " "1, " "1, " "1, " "1, " "1, " "1, " "1, " "1, " "1, " "1, " "1, " "1, " "1, " "1, " "1, " "1, " "1, " "1, " "1, " "1, " "1, " "1, " "1, " "1, " "1, " "1, " "1, " "1, " "1, " "1, " "1, " "1, " "1, " "1, " "1, " "1, " "1, " "1, " "1, " "1, " "1, " "1, " "1, " "1, " "1, " "1, " "1, " "1, " "1, " "1, " "1, " "1, " "1, " "1, " "1, " "1, " "1, " "1, " "1, " "1, " "1, " "1, " "1, " "1, " "1, " "1, " "1, " "1, " "1, " "1, " "1, " "1, " "1, " "1, " "1, " "1, " "1, " "1, " "1, " "1, " "1, " "1, " "1, " "1, " "1, " "1, " "1, " "1, " "1, " "1, " "1, " "1, " "1, " "1, " "1, " "1, " "1, " "1, " "1, " "1, " "1, " "1, " "1, " "1, " "1, " "1, " "1, " "1, " "1, " "1, " "1, " "1, " "1, " "1, " "1, " "1, " "1, " "1, " "1, " "1, " "1, " "1, " "1, " "1, " "1, " "1, " "1, " "1, " "1, " "1, " "1, " "1, " "1, " "1, " "1, " "1, " "1, " "1, " "1, " "1, " "1, " "1, " "1, " "1, " "1, " "1, " "1, " "1, " "1, " "1, " "1, " "1, " "1, " "1, " "1, " "1, " "1, " "1, " "1, " "1, " "1, " "1, " "1, " "1, " "1, "204
 "Nei39, 0.387, " "0.015, " "1, " "1, " "1, " "1, " "1, " "1, " "1, " "1, " "1, " "1, " "1, " "1, " "1, " "1, " "1, " "1, " "1, " "1, " "1, " "1, " "1, " "1, " "1, " "1, " "1, " "1, " "1, " "1, " "1, " "1, " "1, " "1, " "1, " "1, " "1, " "1, " "1, " "1, " "1, " "0, " "1, " "1, " "1, " "1, " "1, " "1, " "1, " "1, " "1, " "1, " "1, " "1, " "1, " "1, " "1, " "1, " "1, " "1, " "1, " "1, " "1, " "1, " "1, " "1, " "1, " "1, " "1, " "1, " "1, " "1, " "1, " "1, " "1, " "1, " "1, " "1, " "1, " "1, " "1, " "1, " "1, " "1, " "1, " "1, " "1, " "1, " "1, " "1, " "1, " "1, " "1, " "1, " "1, " "1, " "1, " "1, " "1, " "1, " "1, " "1, " "1, " "1, " "1, " "1, " "1, " "1, " "1, " "1, " "1, " "1, " "1, " "1, " "1, " "1, " "1, " "1, " "1, " "1, " "1, " "1, " "1, " "1, " "1, " "1, " "1, " "1, " "1, " "1, " "1, " "1, " "1, " "1, " "1, " "1, " "1, " "1, " "1, " "1, " "1, " "1, " "1, " "1, " "1, " "1, " "1, " "1, " "1, " "1, " "1, " "1, " "1, " "1, " "1, " "1, " "1, " "1, " "1, " "1, " "1, " "1, " "1, " "1, " "1, " "1, " "1, " "1, " "1, " "1, " "1, " "1, " "1, " "1, " "1, " "1, " "1, " "1, " "1, " "1, " "1, " "1, " "1, " "1, " "1, " "1, " "1, " "1, " "1, " "1, " "1, " "1, " "1, " "1, " "1, " "1, " "1, " "1, " "1, " "1, " "1, " "1, " "1, " "1, " "1, " "1, " "1, " "1, " "1, " "1, " "1, " "1, " "1, " "1, " "1, " "1, " "1, " "1, " "1, " "1, " "1, " "1, " "1, " "1, " "1, " "1, " "1, " "1, " "1, " "1, " "1, " "1, " "1, " "1, " "1, " "1, " "1, " "1, " "1, " "1, " "1, " "1, " "1, " "1, " "1, " "1, " "1, " "1, " "1, " "1, " "1, " "1, " "1, " "1, " "1, " "1, " "1, " "1, " "1, " "1, " "1, " "1, " "1, " "1, " "1, " "1, " "1, " "1, " "1, " "1, " "1, " "1, " "1, " "1, " "1, " "1, " "1, " "1, " "1, " "1, " "1, " "1, " "1, " "1, " "1, " "1, " "1, " "1, " "1, " "1, " "1, " "1, " "1, " "1, " "1, " "1, " "1, " "1, " "1, " "1, " "1, " "1, " "1, " "1, " "1, " "1, " "1, " "1, " "1, " "1, " "1, " "1, " "1, " "1, " "1, " "1, " "1, " "1, " "1, " "1, " "1, " "1, " "1, " "1, " "1, " "1, " "1, " "1, " "1, " "1, " "1, " "1, " "1, " "1, " "1, " "1, " "1, " "1, " "1, " "1, " "1, " "1, " "1, " "1, " "1, " "1, " "1, " "1, " "1, " "1, " "1, " "1, " "1, " "1, " "1, " "1, " "1, " "1, " "1, " "1, " "1, " "1, " "1, " "1, " "1, " "1, " "1, " "1, " "1, " "1, " "1, " "1, " "1, " "1, " "1, " "1, " "1, " "1, " "1, " "1, " "1, " "1, " "1, " "1, " "1, " "1, " "1, " "1, " "1, " "1, " "1, " "1, " "1, " "1, " "1, " "1, " "1, " "1, " "1, " "1, " "1, " "1, " "1, " "1, " "1, " "1, " "1, " "1, " "1, " "1, " "1, " "1, " "1, " "1, " "1, " "1, " "1, " "1, " "1, " "1, " "1, " "1, " "1, " "1, " "1, " "1, " "1, " "1, " "1, " "1, " "1, " "1, " "1, " "1, " "1, " "1, " "1, " "1, " "1, " "1, " "1, " "1, " "1, " "1, " "1, " "1, " "1, " "1, " "1, " "1, " "1, " "1, " "1, " "1, " "1, " "1, " "1, " "1, " "1, " "1, " "1, " "1, " "1, " "1, " "1, " "1, " "1, " "1, " "1, " "1, " "1, " "1, " "1, " "1, " "1, " "1, " "1, " "1, " "1, " "1, " "1, " "1, " "1, " "1, " "1, " "1, " "1, " "1, " "1, " "1, " "1, " "1, " "1, " "1, " "1, " "1, " "1, " "1, " "1, " "1, " "1, " "1, " "1, " "1, " "1, " "1, " "1, " "1, " "1, " "1, " "1, " "1, " "1, " "1, " "1, "204
 "Nei40, 0.019, " "0.015, " "1, " "1, " "1, " "1, " "1, " "1, " "1, " "1, " "1, " "1, " "1, " "1, " "1, " "1, " "1, " "1, " "1, " "1, " "1, " "1, " "1, " "1, " "1, " "1, " "1, " "1, " "1, " "1, " "1, " "1, " "1, " "1, " "1, " "1, " "1, " "1, " "1, " "1, " "1, " "1, " "0, " "1, " "1, " "1, " "1, " "1, " "1, " "1, " "1, " "1, " "1, " "1, " "1, " "1, " "1, " "1, " "1, " "1, " "1, " "1, " "1, " "1, " "1, " "1, " "1, " "1, " "1, " "1, " "1, " "1, " "1, " "1, " "1, " "1, " "1, " "1, " "1, " "1, " "1, " "1, " "1, " "1, " "1, " "1, " "1, " "1, " "1, " "1, " "1, " "1, " "1, " "1, " "1, " "1, " "1, " "1, " "1, " "1, " "1, " "1, " "1, " "1, " "1, " "1, " "1, " "1, " "1, " "1, " "1, " "1, " "1, " "1, " "1, " "1, " "1, " "1, " "1, " "1, " "1, " "1, " "1, " "1, " "1, " "1, " "1, " "1, " "1, " "1, " "1, " "1, " "1, " "1, " "1, " "1, " "1, " "1, " "1, " "1, " "1, " "1, " "1, " "1, " "1, " "1, " "1, " "1, " "1, " "1, " "1, " "1, " "1, " "1, " "1, " "1, " "1, " "1, " "1, " "1, " "1, " "1, " "1, " "1, " "1, " "1, " "1, " "1, " "1, " "1, " "1, " "1, " "1, " "1, " "1, " "1, " "1, " "1, " "1, " "1, " "1, " "1, " "1, " "1, " "1, " "1, " "1, " "1, " "1, " "1, " "1, " "1, " "1, " "1, " "1, " "1, " "1, " "1, " "1, " "1, " "1, " "1, " "1, " "1, " "1, " "1, " "1, " "1, " "1, " "1, " "1, " "1, " "1, " "1, " "1, " "1, " "1, " "1, " "1, " "1, " "1, " "1, " "1, " "1, " "1, " "1, " "1, " "1, " "1, " "1, " "1, " "1, " "1, " "1, " "1, " "1, " "1, " "1, " "1, " "1, " "1, " "1, " "1, " "1, " "1, " "1, " "1, " "1, " "1, " "1, " "1, " "1, " "1, " "1, " "1, " "1, " "1, " "1, " "1, " "1, " "1, " "1, " "1, " "1, " "1, " "1, " "1, " "1, " "1, " "1, " "1, " "1, " "1, " "1, " "1, " "1, " "1, " "1, " "1, " "1, " "1, " "1, " "1, " "1, " "1, " "1, " "1, " "1, " "1, " "1, " "1, " "1, " "1, " "1, " "1, " "1, " "1, " "1, " "1, " "1, " "1, " "1, " "1, " "1, " "1, " "1, " "1, " "1, " "1, " "1, " "1, " "1, " "1, " "1, " "1, " "1, " "1, " "1, " "1, " "1, " "1, " "1, " "1, " "1, " "1, " "1, " "1, " "1, " "1, " "1, " "1, " "1, " "1, " "1, " "1, " "1, " "1, " "1, " "1, " "1, " "1, " "1, " "1, " "1, " "1, " "1, " "1, " "1, " "1, " "1, " "1, " "1, " "1, " "1, " "1, " "1, " "1, " "1, " "1, " "1, " "1, " "1, " "1, " "1, " "1, " "1, " "1, " "1, " "1, " "1, " "1, " "1, " "1, " "1, " "1, " "1, " "1, " "1, " "1, " "1, " "1, " "1, " "1, " "1, " "1, " "1, " "1, " "1, " "1, " "1, " "1, " "1, " "1, " "1, " "1, " "1, " "1, " "1, " "1, " "1, " "1, " "1, " "1, " "1, " "1, " "1, " "1, " "1, " "1, " "1, " "1, " "1, " "1, " "1, " "1, " "1, " "1, " "1, " "1, " "1, " "1, " "1, " "1, " "1, " "1, " "1, " "1, " "1, " "1, " "1, " "1, " "1, " "1, " "1, " "1, " "1, " "1, " "1, " "1, " "1, " "1, " "1, " "1, " "1, " "1, " "1, " "1, " "1, " "1, " "1, " "1, " "1, " "1, " "1, " "1, " "1, " "1, " "1, " "1, " "1, " "1, " "1, " "1, " "1, " "1, " "1, " "1, " "1, " "1, " "1, " "1, " "1, " "1, " "1, " "1, " "1, " "1, " "1, " "1, " "1, " "1, " "1, " "1, " "1, " "1, " "1, " "1, " "1, " "1, " "1, " "1, " "1, " "1, " "1, " "1, " "1, " "1, " "1, " "1, " "1, " "1, " "1, " "1, " "1, " "1, " "1, " "1, " "1, " "1, " "1, " "1, " "1, " "1, " "1, " "1, "204
 "Nei41, 0.142, " "0.015, " "1, " "1, " "1, " "1, " "1, " "1, " "1, " "1, " "1, " "1, " "1, " "1, " "1, " "1, " "1, " "1, " "1, " "1, " "1, " "1, " "1, " "1, " "1, " "1, " "1, " "1, " "1, " "1, " "1, " "1, " "1, " "1, " "1, " "1, " "1, " "1, " "1, " "1, " "1, " "1, " "1, " "0, " "1, " "1, " "1, " "1, " "1, " "1, " "1, " "1, " "1, " "1, " "1, " "1, " "1, " "1, " "1, " "1, " "1, " "1, " "1, " "1, " "1, " "1, " "1, " "1, " "1, " "1, " "1, " "1, " "1, " "1, " "1, " "1, " "1, " "1, " "1, " "1, " "1, " "1, " "1, " "1, " "1, " "1, " "1, " "1, " "1, " "1, " "1, " "1, " "1, " "1, " "1, " "1, " "1, " "1, " "1, " "1, " "1, " "1, " "1, " "1, " "1, " "1, " "1, " "1, " "1, " "1, " "1, " "1, " "1, " "1, " "1, " "1, " "1, " "1, " "1, " "1, " "1, " "1, " "1, " "1, " "1, " "1, " "1, " "1, " "1, " "1, " "1, " "1, " "1, " "1, " "1, " "1, " "1, " "1, " "1, " "1, " "1, " "1, " "1, " "1, " "1, " "1, " "1, " "1, " "1, " "1, " "1, " "1, " "1, " "1, " "1, " "1, " "1, " "1, " "1, " "1, " "1, " "1, " "1, " "1, " "1, " "1, " "1, " "1, " "1, " "1, " "1, " "1, " "1, " "1, " "1, " "1, " "1, " "1, " "1, " "1, " "1, " "1, " "1, " "1, " "1, " "1, " "1, " "1, " "1, " "1, " "1, " "1, " "1, " "1, " "1, " "1, " "1, " "1, " "1, " "1, " "1, " "1, " "1, " "1, " "1, " "1, " "1, " "1, " "1, " "1, " "1, " "1, " "1, " "1, " "1, " "1, " "1, " "1, " "1, " "1, " "1, " "1, " "1, " "1, " "1, " "1, " "1, " "1, " "1, " "1, " "1, " "1, " "1, " "1, " "1, " "1, " "1, " "1, " "1, " "1, " "1, " "1, " "1, " "1, " "1, " "1, " "1, " "1, " "1, " "1, " "1, " "1, " "1, " "1, " "1, " "1, " "1, " "1, " "1, " "1, " "1, " "1, " "1, " "1, " "1, " "1, " "1, " "1, " "1, " "1, " "1, " "1, " "1, " "1, " "1, " "1, " "1, " "1, " "1, " "1, " "1, " "1, " "1, " "1, " "1, " "1, " "1, " "1, " "1, " "1, " "1, " "1, " "1, " "1, " "1, " "1, " "1, " "1, " "1, " "1, " "1, " "1, " "1, " "1, " "1, " "1, " "1, " "1, " "1, " "1, " "1, " "1, " "1, " "1, " "1, " "1, " "1, " "1, " "1, " "1, " "1, " "1, " "1, " "1, " "1, " "1, " "1, " "1, " "1, " "1, " "1, " "1, " "1, " "1, " "1, " "1, " "1, " "1, " "1, " "1, " "1, " "1, " "1, " "1, " "1, " "1, " "1, " "1, " "1, " "1, " "1, " "1, " "1, " "1, " "1, " "1, " "1, " "1, " "1, " "1, " "1, " "1, " "1, " "1, " "1, " "1, " "1, " "1, " "1, " "1, " "1, " "1, " "1, " "1, " "1, " "1, " "1, " "1, " "1, " "1, " "1, " "1, " "1, " "1, " "1, " "1, " "1, " "1, " "1, " "1, " "1, " "1, " "1, " "1, " "1, " "1, " "1, " "1, " "1, " "1, " "1, " "1, " "1, " "1, " "1, " "1, " "1, " "1, " "1, " "1, " "1, " "1, " "1, " "1, " "1, " "1, " "1, " "1, " "1, " "1, " "1, " "1, " "1, " "1, " "1, " "1, " "1, " "1, " "1, " "1, " "1, " "1, " "1, " "1, " "1, " "1, " "1, " "1, " "1, " "1, " "1, " "1, " "1, " "1, " "1, " "1, " "1, " "1, " "1, " "1, " "1, " "1, " "1, " "1, " "1, " "1, " "1, " "1, " "1, " "1, " "1, " "1, " "1, " "1, " "1, " "1, " "1, " "1, " "1, " "1, " "1, " "1, " "1, " "1, " "1, " "1, " "1, " "1, " "1, " "1, " "1, " "1, " "1, " "1, " "1, " "1, " "1, " "1, " "1, " "1, " "1, " "1, " "1, " "1, " "1, " "1, " "1, " "1, " "1, " "1, " "1, " "1, " "1, " "1, " "1, " "1, " "1, " "1, " "1, " "1, " "1, " "1, " "1, " "1, " "1, "204
 "Nei42, 0.22, " "0.015, " "1, " "1, " "1, " "1, " "1, " "1, " "1, " "1, " "1, " "1, " "1, " "1, " "1, " "1, " "1, " "1, " "1, " "1, " "1, " "1, " "1, " "1, " "1, " "1, " "1, " "1, " "1, " "1, " "1, " "1, " "1, " "1, " "1, " "1, " "1, " "1, " "1, " "1, " "1, " "1, " "1, " "1, " "0, " "1, " "1, " "1, " "1, " "1, " "1, " "1, " "1, " "1, " "1, " "1, " "1, " "1, " "1, " "1, " "1, " "1, " "1, " "1, " "1, " "1, " "1, " "1, " "1, " "1, " "1, " "1, " "1, " "1, " "1, " "1, " "1, " "1, " "1, " "1, " "1, " "1, " "1, " "1, " "1, " "1, " "1, " "1, " "1, " "1, " "1, " "1, " "1, " "1, " "1, " "1, " "1, " "1, " "1, " "1, " "1, " "1, " "1, " "1, " "1, " "1, " "1, " "1, " "1, " "1, " "1, " "1, " "1, " "1, " "1, " "1, " "1, " "1, " "1, " "1, " "1, " "1, " "1, " "1, " "1, " "1, " "1, " "1, " "1, " "1, " "1, " "1, " "1, " "1, " "1, " "1, " "1, " "1, " "1, " "1, " "1, " "1, " "1, " "1, " "1, " "1, " "1, " "1, " "1, " "1, " "1, " "1, " "1, " "1, " "1, " "1, " "1, " "1, " "1, " "1, " "1, " "1, " "1, " "1, " "1, " "1, " "1, " "1, " "1, " "1, " "1, " "1, " "1, " "1, " "1, " "1, " "1, " "1, " "1, " "1, " "1, " "1, " "1, " "1, " "1, " "1, " "1, " "1, " "1, " "1, " "1, " "1, " "1, " "1, " "1, " "1, " "1, " "1, " "1, " "1, " "1, " "1, " "1, " "1, " "1, " "1, " "1, " "1, " "1, " "1, " "1, " "1, " "1, " "1, " "1, " "1, " "1, " "1, " "1, " "1, " "1, " "1, " "1, " "1, " "1, " "1, " "1, " "1, " "1, " "1, " "1, " "1, " "1, " "1, " "1, " "1, " "1, " "1, " "1, " "1, " "1, " "1, " "1, " "1, " "1, " "1, " "1, " "1, " "1, " "1, " "1, " "1, " "1, " "1, " "1, " "1, " "1, " "1, " "1, " "1, " "1, " "1, " "1, " "1, " "1, " "1, " "1, " "1, " "1, " "1, " "1, " "1, " "1, " "1, " "1, " "1, " "1, " "1, " "1, " "1, " "1, " "1, " "1, " "1, " "1, " "1, " "1, " "1, " "1, " "1, " "1, " "1, " "1, " "1, " "1, " "1, " "1, " "1, " "1, " "1, " "1, " "1, " "1, " "1, " "1, " "1, " "1, " "1, " "1, " "1, " "1, " "1, " "1, " "1, " "1, " "1, " "1, " "1, " "1, " "1, " "1, " "1, " "1, " "1, " "1, " "1, " "1, " "1, " "1, " "1, " "1, " "1, " "1, " "1, " "1, " "1, " "1, " "1, " "1, " "1, " "1, " "1, " "1, " "1, " "1, " "1, " "1, " "1, " "1, " "1, " "1, " "1, " "1, " "1, " "1, " "1, " "1, " "1, " "1, " "1, " "1, " "1, " "1, " "1, " "1, " "1, " "1, " "1, " "1, " "1, " "1, " "1, " "1, " "1, " "1, " "1, " "1, " "1, " "1, " "1, " "1, " "1, " "1, " "1, " "1, " "1, " "1, " "1, " "1, " "1, " "1, " "1, " "1, " "1, " "1, " "1, " "1, " "1, " "1, " "1, " "1, " "1, " "1, " "1, " "1, " "1, " "1, " "1, " "1, " "1, " "1, " "1, " "1, " "1, " "1, " "1, " "1, " "1, " "1, " "1, " "1, " "1, " "1, " "1, " "1, " "1, " "1, " "1, " "1, " "1, " "1, " "1, " "1, " "1, " "1, " "1, " "1, " "1, " "1, " "1, " "1, " "1, " "1, " "1, " "1, " "1, " "1, " "1, " "1, " "1, " "1, " "1, " "1, " "1, " "1, " "1, " "1, " "1, " "1, " "1, " "1, " "1, " "1, " "1, " "1, " "1, " "1, " "1, " "1, " "1, " "1, " "1, " "1, " "1, " "1, " "1, " "1, " "1, " "1, " "1, " "1, " "1, " "1, " "1, " "1, " "1, " "1, " "1, " "1, " "1, " "1, " "1, " "1, " "1, " "1, " "1, " "1, " "1, " "1, " "1, " "1, " "1, " "1, " "1, " "1, " "1, " "1, " "1, " "1, " "1, " "1, " "1, " "1, " "1, " "1, "204
 "Nei43, 0.25, " "0.015, " "1, " "1, " "1, " "1, " "1, " "1, " "1, " "1, " "1, " "1, " "1, " "1, " "1, " "1, " "1, " "1, " "1, " "1, " "1, " "1, " "1, " "1, " "1, " "1, " "1, " "1, " "1, " "1, " "1, " "1, " "1, " "1, " "1, " "1, " "1, " "1, " "1, " "1, " "1, " "1, " "1, " "1, " "1, " "0, " "1, " "1, " "1, " "1, " "1, " "1, " "1, " "1, " "1, " "1, " "1, " "1, " "1, " "1, " "1, " "1, " "1, " "1, " "1, " "1, " "1, " "1, " "1, " "1, " "1, " "1, " "1, " "1, " "1, " "1, " "1, " "1, " "1, " "1, " "1, " "1, " "1, " "1, " "1, " "1, " "1, " "1, " "1, " "1, " "1, " "1, " "1, " "1, " "1, " "1, " "1, " "1, " "1, " "1, " "1, " "1, " "1, " "1, " "1, " "1, " "1, " "1, " "1, " "1, " "1, " "1, " "1, " "1, " "1, " "1, " "1, " "1, " "1, " "1, " "1, " "1, " "1, " "1, " "1, " "1, " "1, " "1, " "1, " "1, " "1, " "1, " "1, " "1, " "1, " "1, " "1, " "1, " "1, " "1, " "1, " "1, " "1, " "1, " "1, " "1, " "1, " "1, " "1, " "1, " "1, " "1, " "1, " "1, " "1, " "1, " "1, " "1, " "1, " "1, " "1, " "1, " "1, " "1, " "1, " "1, " "1, " "1, " "1, " "1, " "1, " "1, " "1, " "1, " "1, " "1, " "1, " "1, " "1, " "1, " "1, " "1, " "1, " "1, " "1, " "1, " "1, " "1, " "1, " "1, " "1, " "1, " "1, " "1, " "1, " "1, " "1, " "1, " "1, " "1, " "1, " "1, " "1, " "1, " "1, " "1, " "1, " "1, " "1, " "1, " "1, " "1, " "1, " "1, " "1, " "1, " "1, " "1, " "1, " "1, " "1, " "1, " "1, " "1, " "1, " "1, " "1, " "1, " "1, " "1, " "1, " "1, " "1, " "1, " "1, " "1, " "1, " "1, " "1, " "1, " "1, " "1, " "1, " "1, " "1, " "1, " "1, " "1, " "1, " "1, " "1, " "1, " "1, " "1, " "1, " "1, " "1, " "1, " "1, " "1, " "1, " "1, " "1, " "1, " "1, " "1, " "1, " "1, " "1, " "1, " "1, " "1, " "1, " "1, " "1, " "1, " "1, " "1, " "1, " "1, " "1, " "1, " "1, " "1, " "1, " "1, " "1, " "1, " "1, " "1, " "1, " "1, " "1, " "1, " "1, " "1, " "1, " "1, " "1, " "1, " "1, " "1, " "1, " "1, " "1, " "1, " "1, " "1, " "1, " "1, " "1, " "1, " "1, " "1, " "1, " "1, " "1, " "1, " "1, " "1, " "1, " "1, " "1, " "1, " "1, " "1, " "1, " "1, " "1, " "1, " "1, " "1, " "1, " "1, " "1, " "1, " "1, " "1, " "1, " "1, " "1, " "1, " "1, " "1, " "1, " "1, " "1, " "1, " "1, " "1, " "1, " "1, " "1, " "1, " "1, " "1, " "1, " "1, " "1, " "1, " "1, " "1, " "1, " "1, " "1, " "1, " "1, " "1, " "1, " "1, " "1, " "1, " "1, " "1, " "1, " "1, " "1, " "1, " "1, " "1, " "1, " "1, " "1, " "1, " "1, " "1, " "1, " "1, " "1, " "1, " "1, " "1, " "1, " "1, " "1, " "1, " "1, " "1, " "1, " "1, " "1, " "1, " "1, " "1, " "1, " "1, " "1, " "1, " "1, " "1, " "1, " "1, " "1, " "1, " "1, " "1, " "1, " "1, " "1, " "1, " "1, " "1, " "1, " "1, " "1, " "1, " "1, " "1, " "1, " "1, " "1, " "1, " "1, " "1, " "1, " "1, " "1, " "1, " "1, " "1, " "1, " "1, " "1, " "1, " "1, " "1, " "1, " "1, " "1, " "1, " "1, " "1, " "1, " "1, " "1, " "1, " "1, " "1, " "1, " "1, " "1, " "1, " "1, " "1, " "1, " "1, " "1, " "1, " "1, " "1, " "1, " "1, " "1, " "1, " "1, " "1, " "1, " "1, " "1, " "1, " "1, " "1, " "1, " "1, " "1, " "1, " "1, " "1, " "1, " "1, " "1, " "1, " "1, " "1, " "1, " "1, " "1, " "1, " "1, " "1, " "1, " "1, " "1, " "1, " "1, " "1, " "1, " "1, " "1, " "1, " "1, " "1, " "1, " "1, " "1, "204
 "Nei44, 0.181, " "0.015, " "1, " "1, " "1, " "1, " "1, " "1, " "1, " "1, " "1, " "1, " "1, " "1, " "1, " "1, " "1, " "1, " "1, " "1, " "1, " "1, " "1, " "1, " "1, " "1, " "1, " "1, " "1, " "1, " "1, " "1, " "1, " "1, " "1, " "1, " "1, " "1, " "1, " "1, " "1, " "1, " "1, " "1, " "1, " "1, " "0, " "1, " "1, " "1, " "1, " "1, " "1, " "1, " "1, " "1, " "1, " "1, " "1, " "1, " "1, " "1, " "1, " "1, " "1, " "1, " "1, " "1, " "1, " "1, " "1, " "1, " "1, " "1, " "1, " "1, " "1, " "1, " "1, " "1, " "1, " "1, " "1, " "1, " "1, " "1, " "1, " "1, " "1, " "1, " "1, " "1, " "1, " "1, " "1, " "1, " "1, " "1, " "1, " "1, " "1, " "1, " "1, " "1, " "1, " "1, " "1, " "1, " "1, " "1, " "1, " "1, " "1, " "1, " "1, " "1, " "1, " "1, " "1, " "1, " "1, " "1, " "1, " "1, " "1, " "1, " "1, " "1, " "1, " "1, " "1, " "1, " "1, " "1, " "1, " "1, " "1, " "1, " "1, " "1, " "1, " "1, " "1, " "1, " "1, " "1, " "1, " "1, " "1, " "1, " "1, " "1, " "1, " "1, " "1, " "1, " "1, " "1, " "1, " "1, " "1, " "1, " "1, " "1, " "1, " "1, " "1, " "1, " "1, " "1, " "1, " "1, " "1, " "1, " "1, " "1, " "1, " "1, " "1, " "1, " "1, " "1, " "1, " "1, " "1, " "1, " "1, " "1, " "1, " "1, " "1, " "1, " "1, " "1, " "1, " "1, " "1, " "1, " "1, " "1, " "1, " "1, " "1, " "1, " "1, " "1, " "1, " "1, " "1, " "1, " "1, " "1, " "1, " "1, " "1, " "1, " "1, " "1, " "1, " "1, " "1, " "1, " "1, " "1, " "1, " "1, " "1, " "1, " "1, " "1, " "1, " "1, " "1, " "1, " "1, " "1, " "1, " "1, " "1, " "1, " "1, " "1, " "1, " "1, " "1, " "1, " "1, " "1, " "1, " "1, " "1, " "1, " "1, " "1, " "1, " "1, " "1, " "1, " "1, " "1, " "1, " "1, " "1, " "1, " "1, " "1, " "1, " "1, " "1, " "1, " "1, " "1, " "1, " "1, " "1, " "1, " "1, " "1, " "1, " "1, " "1, " "1, " "1, " "1, " "1, " "1, " "1, " "1, " "1, " "1, " "1, " "1, " "1, " "1, " "1, " "1, " "1, " "1, " "1, " "1, " "1, " "1, " "1, " "1, " "1, " "1, " "1, " "1, " "1, " "1, " "1, " "1, " "1, " "1, " "1, " "1, " "1, " "1, " "1, " "1, " "1, " "1, " "1, " "1, " "1, " "1, " "1, " "1, " "1, " "1, " "1, " "1, " "1, " "1, " "1, " "1, " "1, " "1, " "1, " "1, " "1, " "1, " "1, " "1, " "1, " "1, " "1, " "1, " "1, " "1, " "1, " "1, " "1, " "1, " "1, " "1, " "1, " "1, " "1, " "1, " "1, " "1, " "1, " "1, " "1, " "1, " "1, " "1, " "1, " "1, " "1, " "1, " "1, " "1, " "1, " "1, " "1, " "1, " "1, " "1, " "1, " "1, " "1, " "1, " "1, " "1, " "1, " "1, " "1, " "1, " "1, " "1, " "1, " "1, " "1, " "1, " "1, " "1, " "1, " "1, " "1, " "1, " "1, " "1, " "1, " "1, " "1, " "1, " "1, " "1, " "1, " "1, " "1, " "1, " "1, " "1, " "1, " "1, " "1, " "1, " "1, " "1, " "1, " "1, " "1, " "1, " "1, " "1, " "1, " "1, " "1, " "1, " "1, " "1, " "1, " "1, " "1, " "1, " "1, " "1, " "1, " "1, " "1, " "1, " "1, " "1, " "1, " "1, " "1, " "1, " "1, " "1, " "1, " "1, " "1, " "1, " "1, " "1, " "1, " "1, " "1, " "1, " "1, " "1, " "1, " "1, " "1, " "1, " "1, " "1, " "1, " "1, " "1, " "1, " "1, " "1, " "1, " "1, " "1, " "1, " "1, " "1, " "1, " "1, " "1, " "1, " "1, " "1, " "1, " "1, " "1, " "1, " "1, " "1, " "1, " "1, " "1, " "1, " "1, " "1, " "1, " "1, " "1, " "1, " "1, " "1, " "1, " "1, " "1, " "1, " "1, " "1, " "1, " "1, " "1, "204
 "Nei45, 0.263, " "0.015, " "1, " "1, " "1, " "1, " "1, " "1, " "1, " "1, " "1, " "1, " "1, " "1, " "1, " "1, " "1, " "1, " "1, " "1, " "1, " "1, " "1, " "1, " "1, " "1, " "1, " "1, " "1, " "1, " "1, " "1, " "1, " "1, " "1, " "1, " "1, " "1, " "1, " "1, " "1, " "1, " "1, " "1, " "1, " "1, " "1, " "0, " "1, " "1, " "1, " "1, " "1, " "1, " "1, " "1, " "1, " "1, " "1, " "1, " "1, " "1, " "1, " "1, " "1, " "1, " "1, " "1, " "1, " "1, " "1, " "1, " "1, " "1, " "1, " "1, " "1, " "1, " "1, " "1, " "1, " "1, " "1, " "1, " "1, " "1, " "1, " "1, " "1, " "1, " "1, " "1, " "1, " "1, " "1, " "1, " "1, " "1, " "1, " "1, " "1, " "1, " "1, " "1, " "1, " "1, " "1, " "1, " "1, " "1, " "1, " "1, " "1, " "1, " "1, " "1, " "1, " "1, " "1, " "1, " "1, " "1, " "1, " "1, " "1, " "1, " "1, " "1, " "1, " "1, " "1, " "1, " "1, " "1, " "1, " "1, " "1, " "1, " "1, " "1, " "1, " "1, " "1, " "1, " "1, " "1, " "1, " "1, " "1, " "1, " "1, " "1, " "1, " "1, " "1, " "1, " "1, " "1, " "1, " "1, " "1, " "1, " "1, " "1, " "1, " "1, " "1, " "1, " "1, " "1, " "1, " "1, " "1, " "1, " "1, " "1, " "1, " "1, " "1, " "1, " "1, " "1, " "1, " "1, " "1, " "1, " "1, " "1, " "1, " "1, " "1, " "1, " "1, " "1, " "1, " "1, " "1, " "1, " "1, " "1, " "1, " "1, " "1, " "1, " "1, " "1, " "1, " "1, " "1, " "1, " "1, " "1, " "1, " "1, " "1, " "1, " "1, " "1, " "1, " "1, " "1, " "1, " "1, " "1, " "1, " "1, " "1, " "1, " "1, " "1, " "1, " "1, " "1, " "1, " "1, " "1, " "1, " "1, " "1, " "1, " "1, " "1, " "1, " "1, " "1, " "1, " "1, " "1, " "1, " "1, " "1, " "1, " "1, " "1, " "1, " "1, " "1, " "1, " "1, " "1, " "1, " "1, " "1, " "1, " "1, " "1, " "1, " "1, " "1, " "1, " "1, " "1, " "1, " "1, " "1, " "1, " "1, " "1, " "1, " "1, " "1, " "1, " "1, " "1, " "1, " "1, " "1, " "1, " "1, " "1, " "1, " "1, " "1, " "1, " "1, " "1, " "1, " "1, " "1, " "1, " "1, " "1, " "1, " "1, " "1, " "1, " "1, " "1, " "1, " "1, " "1, " "1, " "1, " "1, " "1, " "1, " "1, " "1, " "1, " "1, " "1, " "1, " "1, " "1, " "1, " "1, " "1, " "1, " "1, " "1, " "1, " "1, " "1, " "1, " "1, " "1, " "1, " "1, " "1, " "1, " "1, " "1, " "1, " "1, " "1, " "1, " "1, " "1, " "1, " "1, " "1, " "1, " "1, " "1, " "1, " "1, " "1, " "1, " "1, " "1, " "1, " "1, " "1, " "1, " "1, " "1, " "1, " "1, " "1, " "1, " "1, " "1, " "1, " "1, " "1, " "1, " "1, " "1, " "1, " "1, " "1, " "1, " "1, " "1, " "1, " "1, " "1, " "1, " "1, " "1, " "1, " "1, " "1, " "1, " "1, " "1, " "1, " "1, " "1, " "1, " "1, " "1, " "1, " "1, " "1, " "1, " "1, " "1, " "1, " "1, " "1, " "1, " "1, " "1, " "1, " "1, " "1, " "1, " "1, " "1, " "1, " "1, " "1, " "1, " "1, " "1, " "1, " "1, " "1, " "1, " "1, " "1, " "1, " "1, " "1, " "1, " "1, " "1, " "1, " "1, " "1, " "1, " "1, " "1, " "1, " "1, " "1, " "1, " "1, " "1, " "1, " "1, " "1, " "1, " "1, " "1, " "1, " "1, " "1, " "1, " "1, " "1, " "1, " "1, " "1, " "1, " "1, " "1, " "1, " "1, " "1, " "1, " "1, " "1, " "1, " "1, " "1, " "1, " "1, " "1, " "1, " "1, " "1, " "1, " "1, " "1, " "1, " "1, " "1, " "1, " "1, " "1, " "1, " "1, " "1, " "1, " "1, " "1, " "1, " "1, " "1, " "1, " "1, " "1, " "1, " "1, " "1, " "1, " "1, " "1, " "1, " "1, " "1, " "1, " "1, "204
 "Nei46, 0.185, " "0.015, " "1, " "1, " "1, " "1, " "1, " "1, " "1, " "1, " "1, " "1, " "1, " "1, " "1, " "1, " "1, " "1, " "1, " "1, " "1, " "1, " "1, " "1, " "1, " "1, " "1, " "1, " "1, " "1, " "1, " "1, " "1, " "1, " "1, " "1, " "1, " "1, " "1, " "1, " "1, " "1, " "1, " "1, " "1, " "1, " "1, " "1, " "0, " "1, " "1, " "1, " "1, " "1, " "1, " "1, " "1, " "1, " "1, " "1, " "1, " "1, " "1, " "1, " "1, " "1, " "1, " "1, " "1, " "1, " "1, " "1, " "1, " "1, " "1, " "1, " "1, " "1, " "1, " "1, " "1, " "1, " "1, " "1, " "1, " "1, " "1, " "1, " "1, " "1, " "1, " "1, " "1, " "1, " "1, " "1, " "1, " "1, " "1, " "1, " "1, " "1, " "1, " "1, " "1, " "1, " "1, " "1, " "1, " "1, " "1, " "1, " "1, " "1, " "1, " "1, " "1, " "1, " "1, " "1, " "1, " "1, " "1, " "1, " "1, " "1, " "1, " "1, " "1, " "1, " "1, " "1, " "1, " "1, " "1, " "1, " "1, " "1, " "1, " "1, " "1, " "1, " "1, " "1, " "1, " "1, " "1, " "1, " "1, " "1, " "1, " "1, " "1, " "1, " "1, " "1, " "1, " "1, " "1, " "1, " "1, " "1, " "1, " "1, " "1, " "1, " "1, " "1, " "1, " "1, " "1, " "1, " "1, " "1, " "1, " "1, " "1, " "1, " "1, " "1, " "1, " "1, " "1, " "1, " "1, " "1, " "1, " "1, " "1, " "1, " "1, " "1, " "1, " "1, " "1, " "1, " "1, " "1, " "1, " "1, " "1, " "1, " "1, " "1, " "1, " "1, " "1, " "1, " "1, " "1, " "1, " "1, " "1, " "1, " "1, " "1, " "1, " "1, " "1, " "1, " "1, " "1, " "1, " "1, " "1, " "1, " "1, " "1, " "1, " "1, " "1, " "1, " "1, " "1, " "1, " "1, " "1, " "1, " "1, " "1, " "1, " "1, " "1, " "1, " "1, " "1, " "1, " "1, " "1, " "1, " "1, " "1, " "1, " "1, " "1, " "1, " "1, " "1, " "1, " "1, " "1, " "1, " "1, " "1, " "1, " "1, " "1, " "1, " "1, " "1, " "1, " "1, " "1, " "1, " "1, " "1, " "1, " "1, " "1, " "1, " "1, " "1, " "1, " "1, " "1, " "1, " "1, " "1, " "1, " "1, " "1, " "1, " "1, " "1, " "1, " "1, " "1, " "1, " "1, " "1, " "1, " "1, " "1, " "1, " "1, " "1, " "1, " "1, " "1, " "1, " "1, " "1, " "1, " "1, " "1, " "1, " "1, " "1, " "1, " "1, " "1, " "1, " "1, " "1, " "1, " "1, " "1, " "1, " "1, " "1, " "1, " "1, " "1, " "1, " "1, " "1, " "1, " "1, " "1, " "1, " "1, " "1, " "1, " "1, " "1, " "1, " "1, " "1, " "1, " "1, " "1, " "1, " "1, " "1, " "1, " "1, " "1, " "1, " "1, " "1, " "1, " "1, " "1, " "1, " "1, " "1, " "1, " "1, " "1, " "1, " "1, " "1, " "1, " "1, " "1, " "1, " "1, " "1, " "1, " "1, " "1, " "1, " "1, " "1, " "1, " "1, " "1, " "1, " "1, " "1, " "1, " "1, " "1, " "1, " "1, " "1, " "1, " "1, " "1, " "1, " "1, " "1, " "1, " "1, " "1, " "1, " "1, " "1, " "1, " "1, " "1, " "1, " "1, " "1, " "1, " "1, " "1, " "1, " "1, " "1, " "1, " "1, " "1, " "1, " "1, " "1, " "1, " "1, " "1, " "1, " "1, " "1, " "1, " "1, " "1, " "1, " "1, " "1, " "1, " "1, " "1, " "1, " "1, " "1, " "1, " "1, " "1, " "1, " "1, " "1, " "1, " "1, " "1, " "1, " "1, " "1, " "1, " "1, " "1, " "1, " "1, " "1, " "1, " "1, " "1, " "1, " "1, " "1, " "1, " "1, " "1, " "1, " "1, " "1, " "1, " "1, " "1, " "1, " "1, " "1, " "1, " "1, " "1, " "1, " "1, " "1, " "1, " "1, " "1, " "1, " "1, " "1, " "1, " "1, " "1, " "1, " "1, " "1, " "1, " "1, " "1, " "1, " "1, " "1, " "1, " "1, " "1, " "1, " "1, " "1, " "1, " "1, " "1, " "1, " "1, "204
 "Nei47, 0.366, " "0.015, " "1, " "1, " "1, " "1, " "1, " "1, " "1, " "1, " "1, " "1, " "1, " "1, " "1, " "1, " "1, " "1, " "1, " "1, " "1, " "1, " "1, " "1, " "1, " "1, " "1, " "1, " "1, " "1, " "1, " "1, " "1, " "1, " "1, " "1, " "1, " "1, " "1, " "1, " "1, " "1, " "1, " "1, " "1, " "1, " "1, " "1, " "1, " "0, " "1, " "1, " "1, " "1, " "1, " "1, " "1, " "1, " "1, " "1, " "1, " "1, " "1, " "1, " "1, " "1, " "1, " "1, " "1, " "1, " "1, " "1, " "1, " "1, " "1, " "1, " "1, " "1, " "1, " "1, " "1, " "1, " "1, " "1, " "1, " "1, " "1, " "1, " "1, " "1, " "1, " "1, " "1, " "1, " "1, " "1, " "1, " "1, " "1, " "1, " "1, " "1, " "1, " "1, " "1, " "1, " "1, " "1, " "1, " "1, " "1, " "1, " "1, " "1, " "1, " "1, " "1, " "1, " "1, " "1, " "1, " "1, " "1, " "1, " "1, " "1, " "1, " "1, " "1, " "1, " "1, " "1, " "1, " "1, " "1, " "1, " "1, " "1, " "1, " "1, " "1, " "1, " "1, " "1, " "1, " "1, " "1, " "1, " "1, " "1, " "1, " "1, " "1, " "1, " "1, " "1, " "1, " "1, " "1, " "1, " "1, " "1, " "1, " "1, " "1, " "1, " "1, " "1, " "1, " "1, " "1, " "1, " "1, " "1, " "1, " "1, " "1, " "1, " "1, " "1, " "1, " "1, " "1, " "1, " "1, " "1, " "1, " "1, " "1, " "1, " "1, " "1, " "1, " "1, " "1, " "1, " "1, " "1, " "1, " "1, " "1, " "1, " "1, " "1, " "1, " "1, " "1, " "1, " "1, " "1, " "1, " "1, " "1, " "1, " "1, " "1, " "1, " "1, " "1, " "1, " "1, " "1, " "1, " "1, " "1, " "1, " "1, " "1, " "1, " "1, " "1, " "1, " "1, " "1, " "1, " "1, " "1, " "1, " "1, " "1, " "1, " "1, " "1, " "1, " "1, " "1, " "1, " "1, " "1, " "1, " "1, " "1, " "1, " "1, " "1, " "1, " "1, " "1, " "1, " "1, " "1, " "1, " "1, " "1, " "1, " "1, " "1, " "1, " "1, " "1, " "1, " "1, " "1, " "1, " "1, " "1, " "1, " "1, " "1, " "1, " "1, " "1, " "1, " "1, " "1, " "1, " "1, " "1, " "1, " "1, " "1, " "1, " "1, " "1, " "1, " "1, " "1, " "1, " "1, " "1, " "1, " "1, " "1, " "1, " "1, " "1, " "1, " "1, " "1, " "1, " "1, " "1, " "1, " "1, " "1, " "1, " "1, " "1, " "1, " "1, " "1, " "1, " "1, " "1, " "1, " "1, " "1, " "1, " "1, " "1, " "1, " "1, " "1, " "1, " "1, " "1, " "1, " "1, " "1, " "1, " "1, " "1, " "1, " "1, " "1, " "1, " "1, " "1, " "1, " "1, " "1, " "1, " "1, " "1, " "1, " "1, " "1, " "1, " "1, " "1, " "1, " "1, " "1, " "1, " "1, " "1, " "1, " "1, " "1, " "1, " "1, " "1, " "1, " "1, " "1, " "1, " "1, " "1, " "1, " "1, " "1, " "1, " "1, " "1, " "1, " "1, " "1, " "1, " "1, " "1, " "1, " "1, " "1, " "1, " "1, " "1, " "1, " "1, " "1, " "1, " "1, " "1, " "1, " "1, " "1, " "1, " "1, " "1, " "1, " "1, " "1, " "1, " "1, " "1, " "1, " "1, " "1, " "1, " "1, " "1, " "1, " "1, " "1, " "1, " "1, " "1, " "1, " "1, " "1, " "1, " "1, " "1, " "1, " "1, " "1, " "1, " "1, " "1, " "1, " "1, " "1, " "1, " "1, " "1, " "1, " "1, " "1, " "1, " "1, " "1, " "1, " "1, " "1, " "1, " "1, " "1, " "1, " "1, " "1, " "1, " "1, " "1, " "1, " "1, " "1, " "1, " "1, " "1, " "1, " "1, " "1, " "1, " "1, " "1, " "1, " "1, " "1, " "1, " "1, " "1, " "1, " "1, " "1, " "1, " "1, " "1, " "1, " "1, " "1, " "1, " "1, " "1, " "1, " "1, " "1, " "1, " "1, " "1, " "1, " "1, " "1, " "1, " "1, " "1, " "1, " "1, " "1, " "1, " "1, " "1, " "1, " "1, " "1, " "1, " "1, "204
 "Nei48, 0.203, " "0.015, " "1, " "1, " "1, " "1, " "1, " "1, " "1, " "1, " "1, " "1, " "1, " "1, " "1, " "1, " "1, " "1, " "1, " "1, " "1, " "1, " "1, " "1, " "1, " "1, " "1, " "1, " "1, " "1, " "1, " "1, " "1, " "1, " "1, " "1, " "1, " "1, " "1, " "1, " "1, " "1, " "1, " "1, " "1, " "1, " "1, " "1, " "1, " "1, " "0, " "1, " "1, " "1, " "1, " "1, " "1, " "1, " "1, " "1, " "1, " "1, " "1, " "1, " "1, " "1, " "1, " "1, " "1, " "1, " "1, " "1, " "1, " "1, " "1, " "1, " "1, " "1, " "1, " "1, " "1, " "1, " "1, " "1, " "1, " "1, " "1, " "1, " "1, " "1, " "1, " "1, " "1, " "1, " "1, " "1, " "1, " "1, " "1, " "1, " "1, " "1, " "1, " "1, " "1, " "1, " "1, " "1, " "1, " "1, " "1, " "1, " "1, " "1, " "1, " "1, " "1, " "1, " "1, " "1, " "1, " "1, " "1, " "1, " "1, " "1, " "1, " "1, " "1, " "1, " "1, " "1, " "1, " "1, " "1, " "1, " "1, " "1, " "1, " "1, " "1, " "1, " "1, " "1, " "1, " "1, " "1, " "1, " "1, " "1, " "1, " "1, " "1, " "1, " "1, " "1, " "1, " "1, " "1, " "1, " "1, " "1, " "1, " "1, " "1, " "1, " "1, " "1, " "1, " "1, " "1, " "1, " "1, " "1, " "1, " "1, " "1, " "1, " "1, " "1, " "1, " "1, " "1, " "1, " "1, " "1, " "1, " "1, " "1, " "1, " "1, " "1, " "1, " "1, " "1, " "1, " "1, " "1, " "1, " "1, " "1, " "1, " "1, " "1, " "1, " "1, " "1, " "1, " "1, " "1, " "1, " "1, " "1, " "1, " "1, " "1, " "1, " "1, " "1, " "1, " "1, " "1, " "1, " "1, " "1, " "1, " "1, " "1, " "1, " "1, " "1, " "1, " "1, " "1, " "1, " "1, " "1, " "1, " "1, " "1, " "1, " "1, " "1, " "1, " "1, " "1, " "1, " "1, " "1, " "1, " "1, " "1, " "1, " "1, " "1, " "1, " "1, " "1, " "1, " "1, " "1, " "1, " "1, " "1, " "1, " "1, " "1, " "1, " "1, " "1, " "1, " "1, " "1, " "1, " "1, " "1, " "1, " "1, " "1, " "1, " "1, " "1, " "1, " "1, " "1, " "1, " "1, " "1, " "1, " "1, " "1, " "1, " "1, " "1, " "1, " "1, " "1, " "1, " "1, " "1, " "1, " "1, " "1, " "1, " "1, " "1, " "1, " "1, " "1, " "1, " "1, " "1, " "1, " "1, " "1, " "1, " "1, " "1, " "1, " "1, " "1, " "1, " "1, " "1, " "1, " "1, " "1, " "1, " "1, " "1, " "1, " "1, " "1, " "1, " "1, " "1, " "1, " "1, " "1, " "1, " "1, " "1, " "1, " "1, " "1, " "1, " "1, " "1, " "1, " "1, " "1, " "1, " "1, " "1, " "1, " "1, " "1, " "1, " "1, " "1, " "1, " "1, " "1, " "1, " "1, " "1, " "1, " "1, " "1, " "1, " "1, " "1, " "1, " "1, " "1, " "1, " "1, " "1, " "1, " "1, " "1, " "1, " "1, " "1, " "1, " "1, " "1, " "1, " "1, " "1, " "1, " "1, " "1, " "1, " "1, " "1, " "1, " "1, " "1, " "1, " "1, " "1, " "1, " "1, " "1, " "1, " "1, " "1, " "1, " "1, " "1, " "1, " "1, " "1, " "1, " "1, " "1, " "1, " "1, " "1, " "1, " "1, " "1, " "1, " "1, " "1, " "1, " "1, " "1, " "1, " "1, " "1, " "1, " "1, " "1, " "1, " "1, " "1, " "1, " "1, " "1, " "1, " "1, " "1, " "1, " "1, " "1, " "1, " "1, " "1, " "1, " "1, " "1, " "1, " "1, " "1, " "1, " "1, " "1, " "1, " "1, " "1, " "1, " "1, " "1, " "1, " "1, " "1, " "1, " "1, " "1, " "1, " "1, " "1, " "1, " "1, " "1, " "1, " "1, " "1, " "1, " "1, " "1, " "1, " "1, " "1, " "1, " "1, " "1, " "1, " "1, " "1, " "1, " "1, " "1, " "1, " "1, " "1, " "1, " "1, " "1, " "1, " "1, " "1, " "1, " "1, " "1, " "1, " "1, " "1, " "1, " "1, " "1, " "1, " "1, "204
 "Nei49, 0.308, " "0.015, " "1, " "1, " "1, " "1, " "1, " "1, " "1, " "1, " "1, " "1, " "1, " "1, " "1, " "1, " "1, " "1, " "1, " "1, " "1, " "1, " "1, " "1, " "1, " "1, " "1, " "1, " "1, " "1, " "1, " "1, " "1, " "1, " "1, " "1, " "1, " "1, " "1, " "1, " "1, " "1, " "1, " "1, " "1, " "1, " "1, " "1, " "1, " "1, " "1, " "0, " "1, " "1, " "1, " "1, " "1, " "1, " "1, " "1, " "1, " "1, " "1, " "1, " "1, " "1, " "1, " "1, " "1, " "1, " "1, " "1, " "1, " "1, " "1, " "1, " "1, " "1, " "1, " "1, " "1, " "1, " "1, " "1, " "1, " "1, " "1, " "1, " "1, " "1, " "1, " "1, " "1, " "1, " "1, " "1, " "1, " "1, " "1, " "1, " "1, " "1, " "1, " "1, " "1, " "1, " "1, " "1, " "1, " "1, " "1, " "1, " "1, " "1, " "1, " "1, " "1, " "1, " "1, " "1, " "1, " "1, " "1, " "1, " "1, " "1, " "1, " "1, " "1, " "1, " "1, " "1, " "1, " "1, " "1, " "1, " "1, " "1, " "1, " "1, " "1, " "1, " "1, " "1, " "1, " "1, " "1, " "1, " "1, " "1, " "1, " "1, " "1, " "1, " "1, " "1, " "1, " "1, " "1, " "1, " "1, " "1, " "1, " "1, " "1, " "1, " "1, " "1, " "1, " "1, " "1, " "1, " "1, " "1, " "1, " "1, " "1, " "1, " "1, " "1, " "1, " "1, " "1, " "1, " "1, " "1, " "1, " "1, " "1, " "1, " "1, " "1, " "1, " "1, " "1, " "1, " "1, " "1, " "1, " "1, " "1, " "1, " "1, " "1, " "1, " "1, " "1, " "1, " "1, " "1, " "1, " "1, " "1, " "1, " "1, " "1, " "1, " "1, " "1, " "1, " "1, " "1, " "1, " "1, " "1, " "1, " "1, " "1, " "1, " "1, " "1, " "1, " "1, " "1, " "1, " "1, " "1, " "1, " "1, " "1, " "1, " "1, " "1, " "1, " "1, " "1, " "1, " "1, " "1, " "1, " "1, " "1, " "1, " "1, " "1, " "1, " "1, " "1, " "1, " "1, " "1, " "1, " "1, " "1, " "1, " "1, " "1, " "1, " "1, " "1, " "1, " "1, " "1, " "1, " "1, " "1, " "1, " "1, " "1, " "1, " "1, " "1, " "1, " "1, " "1, " "1, " "1, " "1, " "1, " "1, " "1, " "1, " "1, " "1, " "1, " "1, " "1, " "1, " "1, " "1, " "1, " "1, " "1, " "1, " "1, " "1, " "1, " "1, " "1, " "1, " "1, " "1, " "1, " "1, " "1, " "1, " "1, " "1, " "1, " "1, " "1, " "1, " "1, " "1, " "1, " "1, " "1, " "1, " "1, " "1, " "1, " "1, " "1, " "1, " "1, " "1, " "1, " "1, " "1, " "1, " "1, " "1, " "1, " "1, " "1, " "1, " "1, " "1, " "1, " "1, " "1, " "1, " "1, " "1, " "1, " "1, " "1, " "1, " "1, " "1, " "1, " "1, " "1, " "1, " "1, " "1, " "1, " "1, " "1, " "1, " "1, " "1, " "1, " "1, " "1, " "1, " "1, " "1, " "1, " "1, " "1, " "1, " "1, " "1, " "1, " "1, " "1, " "1, " "1, " "1, " "1, " "1, " "1, " "1, " "1, " "1, " "1, " "1, " "1, " "1, " "1, " "1, " "1, " "1, " "1, " "1, " "1, " "1, " "1, " "1, " "1, " "1, " "1, " "1, " "1, " "1, " "1, " "1, " "1, " "1, " "1, " "1, " "1, " "1, " "1, " "1, " "1, " "1, " "1, " "1, " "1, " "1, " "1, " "1, " "1, " "1, " "1, " "1, " "1, " "1, " "1, " "1, " "1, " "1, " "1, " "1, " "1, " "1, " "1, " "1, " "1, " "1, " "1, " "1, " "1, " "1, " "1, " "1, " "1, " "1, " "1, " "1, " "1, " "1, " "1, " "1, " "1, " "1, " "1, " "1, " "1, " "1, " "1, " "1, " "1, " "1, " "1, " "1, " "1, " "1, " "1, " "1, " "1, " "1, " "1, " "1, " "1, " "1, " "1, " "1, " "1, " "1, " "1, " "1, " "1, " "1, " "1, " "1, " "1, " "1, " "1, " "1, " "1, " "1, " "1, " "1, " "1, " "1, " "1, " "1, " "1, " "1, " "1, " "1, " "1, "204
 "Nei50, 0.208, " "0.015, " "1, " "1, " "1, " "1, " "1, " "1, " "1, " "1, " "1, " "1, " "1, " "1, " "1, " "1, " "1, " "1, " "1, " "1, " "1, " "1, " "1, " "1, " "1, " "1, " "1, " "1, " "1, " "1, " "1, " "1, " "1, " "1, " "1, " "1, " "1, " "1, " "1, " "1, " "1, " "1, " "1, " "1, " "1, " "1, " "1, " "1, " "1, " "1, " "1, " "1, " "0, " "1, " "1, " "1, " "1, " "1, " "1, " "1, " "1, " "1, " "1, " "1, " "1, " "1, " "1, " "1, " "1, " "1, " "1, " "1, " "1, " "1, " "1, " "1, " "1, " "1, " "1, " "1, " "1, " "1, " "1, " "1, " "1, " "1, " "1, " "1, " "1, " "1, " "1, " "1, " "1, " "1, " "1, " "1, " "1, " "1, " "1, " "1, " "1, " "1, " "1, " "1, " "1, " "1, " "1, " "1, " "1, " "1, " "1, " "1, " "1, " "1, " "1, " "1, " "1, " "1, " "1, " "1, " "1, " "1, " "1, " "1, " "1, " "1, " "1, " "1, " "1, " "1, " "1, " "1, " "1, " "1, " "1, " "1, " "1, " "1, " "1, " "1, " "1, " "1, " "1, " "1, " "1, " "1, " "1, " "1, " "1, " "1, " "1, " "1, " "1, " "1, " "1, " "1, " "1, " "1, " "1, " "1, " "1, " "1, " "1, " "1, " "1, " "1, " "1, " "1, " "1, " "1, " "1, " "1, " "1, " "1, " "1, " "1, " "1, " "1, " "1, " "1, " "1, " "1, " "1, " "1, " "1, " "1, " "1, " "1, " "1, " "1, " "1, " "1, " "1, " "1, " "1, " "1, " "1, " "1, " "1, " "1, " "1, " "1, " "1, " "1, " "1, " "1, " "1, " "1, " "1, " "1, " "1, " "1, " "1, " "1, " "1, " "1, " "1, " "1, " "1, " "1, " "1, " "1, " "1, " "1, " "1, " "1, " "1, " "1, " "1, " "1, " "1, " "1, " "1, " "1, " "1, " "1, " "1, " "1, " "1, " "1, " "1, " "1, " "1, " "1, " "1, " "1, " "1, " "1, " "1, " "1, " "1, " "1, " "1, " "1, " "1, " "1, " "1, " "1, " "1, " "1, " "1, " "1, " "1, " "1, " "1, " "1, " "1, " "1, " "1, " "1, " "1, " "1, " "1, " "1, " "1, " "1, " "1, " "1, " "1, " "1, " "1, " "1, " "1, " "1, " "1, " "1, " "1, " "1, " "1, " "1, " "1, " "1, " "1, " "1, " "1, " "1, " "1, " "1, " "1, " "1, " "1, " "1, " "1, " "1, " "1, " "1, " "1, " "1, " "1, " "1, " "1, " "1, " "1, " "1, " "1, " "1, " "1, " "1, " "1, " "1, " "1, " "1, " "1, " "1, " "1, " "1, " "1, " "1, " "1, " "1, " "1, " "1, " "1, " "1, " "1, " "1, " "1, " "1, " "1, " "1, " "1, " "1, " "1, " "1, " "1, " "1, " "1, " "1, " "1, " "1, " "1, " "1, " "1, " "1, " "1, " "1, " "1, " "1, " "1, " "1, " "1, " "1, " "1, " "1, " "1, " "1, " "1, " "1, " "1, " "1, " "1, " "1, " "1, " "1, " "1, " "1, " "1, " "1, " "1, " "1, " "1, " "1, " "1, " "1, " "1, " "1, " "1, " "1, " "1, " "1, " "1, " "1, " "1, " "1, " "1, " "1, " "1, " "1, " "1, " "1, " "1, " "1, " "1, " "1, " "1, " "1, " "1, " "1, " "1, " "1, " "1, " "1, " "1, " "1, " "1, " "1, " "1, " "1, " "1, " "1, " "1, " "1, " "1, " "1, " "1, " "1, " "1, " "1, " "1, " "1, " "1, " "1, " "1, " "1, " "1, " "1, " "1, " "1, " "1, " "1, " "1, " "1, " "1, " "1, " "1, " "1, " "1, " "1, " "1, " "1, " "1, " "1, " "1, " "1, " "1, " "1, " "1, " "1, " "1, " "1, " "1, " "1, " "1, " "1, " "1, " "1, " "1, " "1, " "1, " "1, " "1, " "1, " "1, " "1, " "1, " "1, " "1, " "1, " "1, " "1, " "1, " "1, " "1, " "1, " "1, " "1, " "1, " "1, " "1, " "1, " "1, " "1, " "1, " "1, " "1, " "1, " "1, " "1, " "1, " "1, " "1, " "1, " "1, " "1, " "1, " "1, " "1, " "1, " "1, " "1, " "1, " "1, " "1, " "1, " "1, "204
 "Nei51, 0.295, " "0.015, " "1, " "1, " "1, " "1, " "1, " "1, " "1, " "1, " "1, " "1, " "1, " "1, " "1, " "1, " "1, " "1, " "1, " "1, " "1, " "1, " "1, " "1, " "1, " "1, " "1, " "1, " "1, " "1, " "1, " "1, " "1, " "1, " "1, " "1, " "1, " "1, " "1, " "1, " "1, " "1, " "1, " "1, " "1, " "1, " "1, " "1, " "1, " "1, " "1, " "1, " "1, " "0, " "1, " "1, " "1, " "1, " "1, " "1, " "1, " "1, " "1, " "1, " "1, " "1, " "1, " "1, " "1, " "1, " "1, " "1, " "1, " "1, " "1, " "1, " "1, " "1, " "1, " "1, " "1, " "1, " "1, " "1, " "1, " "1, " "1, " "1, " "1, " "1, " "1, " "1, " "1, " "1, " "1, " "1, " "1, " "1, " "1, " "1, " "1, " "1, " "1, " "1, " "1, " "1, " "1, " "1, " "1, " "1, " "1, " "1, " "1, " "1, " "1, " "1, " "1, " "1, " "1, " "1, " "1, " "1, " "1, " "1, " "1, " "1, " "1, " "1, " "1, " "1, " "1, " "1, " "1, " "1, " "1, " "1, " "1, " "1, " "1, " "1, " "1, " "1, " "1, " "1, " "1, " "1, " "1, " "1, " "1, " "1, " "1, " "1, " "1, " "1, " "1, " "1, " "1, " "1, " "1, " "1, " "1, " "1, " "1, " "1, " "1, " "1, " "1, " "1, " "1, " "1, " "1, " "1, " "1, " "1, " "1, " "1, " "1, " "1, " "1, " "1, " "1, " "1, " "1, " "1, " "1, " "1, " "1, " "1, " "1, " "1, " "1, " "1, " "1, " "1, " "1, " "1, " "1, " "1, " "1, " "1, " "1, " "1, " "1, " "1, " "1, " "1, " "1, " "1, " "1, " "1, " "1, " "1, " "1, " "1, " "1, " "1, " "1, " "1, " "1, " "1, " "1, " "1, " "1, " "1, " "1, " "1, " "1, " "1, " "1, " "1, " "1, " "1, " "1, " "1, " "1, " "1, " "1, " "1, " "1, " "1, " "1, " "1, " "1, " "1, " "1, " "1, " "1, " "1, " "1, " "1, " "1, " "1, " "1, " "1, " "1, " "1, " "1, " "1, " "1, " "1, " "1, " "1, " "1, " "1, " "1, " "1, " "1, " "1, " "1, " "1, " "1, " "1, " "1, " "1, " "1, " "1, " "1, " "1, " "1, " "1, " "1, " "1, " "1, " "1, " "1, " "1, " "1, " "1, " "1, " "1, " "1, " "1, " "1, " "1, " "1, " "1, " "1, " "1, " "1, " "1, " "1, " "1, " "1, " "1, " "1, " "1, " "1, " "1, " "1, " "1, " "1, " "1, " "1, " "1, " "1, " "1, " "1, " "1, " "1, " "1, " "1, " "1, " "1, " "1, " "1, " "1, " "1, " "1, " "1, " "1, " "1, " "1, " "1, " "1, " "1, " "1, " "1, " "1, " "1, " "1, " "1, " "1, " "1, " "1, " "1, " "1, " "1, " "1, " "1, " "1, " "1, " "1, " "1, " "1, " "1, " "1, " "1, " "1, " "1, " "1, " "1, " "1, " "1, " "1, " "1, " "1, " "1, " "1, " "1, " "1, " "1, " "1, " "1, " "1, " "1, " "1, " "1, " "1, " "1, " "1, " "1, " "1, " "1, " "1, " "1, " "1, " "1, " "1, " "1, " "1, " "1, " "1, " "1, " "1, " "1, " "1, " "1, " "1, " "1, " "1, " "1, " "1, " "1, " "1, " "1, " "1, " "1, " "1, " "1, " "1, " "1, " "1, " "1, " "1, " "1, " "1, " "1, " "1, " "1, " "1, " "1, " "1, " "1, " "1, " "1, " "1, " "1, " "1, " "1, " "1, " "1, " "1, " "1, " "1, " "1, " "1, " "1, " "1, " "1, " "1, " "1, " "1, " "1, " "1, " "1, " "1, " "1, " "1, " "1, " "1, " "1, " "1, " "1, " "1, " "1, " "1, " "1, " "1, " "1, " "1, " "1, " "1, " "1, " "1, " "1, " "1, " "1, " "1, " "1, " "1, " "1, " "1, " "1, " "1, " "1, " "1, " "1, " "1, " "1, " "1, " "1, " "1, " "1, " "1, " "1, " "1, " "1, " "1, " "1, " "1, " "1, " "1, " "1, " "1, " "1, " "1, " "1, " "1, " "1, " "1, " "1, " "1, " "1, " "1, " "1, " "1, " "1, " "1, " "1, " "1, " "1, " "1, " "1, " "1, " "1, "204
 "Nei52, 0.4, " "0.015, " "1, " "1, " "1, " "1, " "1, " "1, " "1, " "1, " "1, " "1, " "1, " "1, " "1, " "1, " "1, " "1, " "1, " "1, " "1, " "1, " "1, " "1, " "1, " "1, " "1, " "1, " "1, " "1, " "1, " "1, " "1, " "1, " "1, " "1, " "1, " "1, " "1, " "1, " "1, " "1, " "1, " "1, " "1, " "1, " "1, " "1, " "1, " "1, " "1, " "1, " "1, " "1, " "0, " "1, " "1, " "1, " "1, " "1, " "1, " "1, " "1, " "1, " "1, " "1, " "1, " "1, " "1, " "1, " "1, " "1, " "1, " "1, " "1, " "1, " "1, " "1, " "1, " "1, " "1, " "1, " "1, " "1, " "1, " "1, " "1, " "1, " "1, " "1, " "1, " "1, " "1, " "1, " "1, " "1, " "1, " "1, " "1, " "1, " "1, " "1, " "1, " "1, " "1, " "1, " "1, " "1, " "1, " "1, " "1, " "1, " "1, " "1, " "1, " "1, " "1, " "1, " "1, " "1, " "1, " "1, " "1, " "1, " "1, " "1, " "1, " "1, " "1, " "1, " "1, " "1, " "1, " "1, " "1, " "1, " "1, " "1, " "1, " "1, " "1, " "1, " "1, " "1, " "1, " "1, " "1, " "1, " "1, " "1, " "1, " "1, " "1, " "1, " "1, " "1, " "1, " "1, " "1, " "1, " "1, " "1, " "1, " "1, " "1, " "1, " "1, " "1, " "1, " "1, " "1, " "1, " "1, " "1, " "1, " "1, " "1, " "1, " "1, " "1, " "1, " "1, " "1, " "1, " "1, " "1, " "1, " "1, " "1, " "1, " "1, " "1, " "1, " "1, " "1, " "1, " "1, " "1, " "1, " "1, " "1, " "1, " "1, " "1, " "1, " "1, " "1, " "1, " "1, " "1, " "1, " "1, " "1, " "1, " "1, " "1, " "1, " "1, " "1, " "1, " "1, " "1, " "1, " "1, " "1, " "1, " "1, " "1, " "1, " "1, " "1, " "1, " "1, " "1, " "1, " "1, " "1, " "1, " "1, " "1, " "1, " "1, " "1, " "1, " "1, " "1, " "1, " "1, " "1, " "1, " "1, " "1, " "1, " "1, " "1, " "1, " "1, " "1, " "1, " "1, " "1, " "1, " "1, " "1, " "1, " "1, " "1, " "1, " "1, " "1, " "1, " "1, " "1, " "1, " "1, " "1, " "1, " "1, " "1, " "1, " "1, " "1, " "1, " "1, " "1, " "1, " "1, " "1, " "1, " "1, " "1, " "1, " "1, " "1, " "1, " "1, " "1, " "1, " "1, " "1, " "1, " "1, " "1, " "1, " "1, " "1, " "1, " "1, " "1, " "1, " "1, " "1, " "1, " "1, " "1, " "1, " "1, " "1, " "1, " "1, " "1, " "1, " "1, " "1, " "1, " "1, " "1, " "1, " "1, " "1, " "1, " "1, " "1, " "1, " "1, " "1, " "1, " "1, " "1, " "1, " "1, " "1, " "1, " "1, " "1, " "1, " "1, " "1, " "1, " "1, " "1, " "1, " "1, " "1, " "1, " "1, " "1, " "1, " "1, " "1, " "1, " "1, " "1, " "1, " "1, " "1, " "1, " "1, " "1, " "1, " "1, " "1, " "1, " "1, " "1, " "1, " "1, " "1, " "1, " "1, " "1, " "1, " "1, " "1, " "1, " "1, " "1, " "1, " "1, " "1, " "1, " "1, " "1, " "1, " "1, " "1, " "1, " "1, " "1, " "1, " "1, " "1, " "1, " "1, " "1, " "1, " "1, " "1, " "1, " "1, " "1, " "1, " "1, " "1, " "1, " "1, " "1, " "1, " "1, " "1, " "1, " "1, " "1, " "1, " "1, " "1, " "1, " "1, " "1, " "1, " "1, " "1, " "1, " "1, " "1, " "1, " "1, " "1, " "1, " "1, " "1, " "1, " "1, " "1, " "1, " "1, " "1, " "1, " "1, " "1, " "1, " "1, " "1, " "1, " "1, " "1, " "1, " "1, " "1, " "1, " "1, " "1, " "1, " "1, " "1, " "1, " "1, " "1, " "1, " "1, " "1, " "1, " "1, " "1, " "1, " "1, " "1, " "1, " "1, " "1, " "1, " "1, " "1, " "1, " "1, " "1, " "1, " "1, " "1, " "1, " "1, " "1, " "1, " "1, " "1, " "1, " "1, " "1, " "1, " "1, " "1, " "1, " "1, " "1, " "1, " "1, " "1, " "1, " "1, " "1, " "1, " "1, " "1, " "1, " "1, "204
 "Nei53, 0.196, " "0.015, " "1, " "1, " "1, " "1, " "1, " "1, " "1, " "1, " "1, " "1, " "1, " "1, " "1, " "1, " "1, " "1, " "1, " "1, " "1, " "1, " "1, " "1, " "1, " "1, " "1, " "1, " "1, " "1, " "1, " "1, " "1, " "1, " "1, " "1, " "1, " "1, " "1, " "1, " "1, " "1, " "1, " "1, " "1, " "1, " "1, " "1, " "1, " "1, " "1, " "1, " "1, " "1, " "1, " "0, " "1, " "1, " "1, " "1, " "1, " "1, " "1, " "1, " "1, " "1, " "1, " "1, " "1, " "1, " "1, " "1, " "1, " "1, " "1, " "1, " "1, " "1, " "1, " "1, " "1, " "1, " "1, " "1, " "1, " "1, " "1, " "1, " "1, " "1, " "1, " "1, " "1, " "1, " "1, " "1, " "1, " "1, " "1, " "1, " "1, " "1, " "1, " "1, " "1, " "1, " "1, " "1, " "1, " "1, " "1, " "1, " "1, " "1, " "1, " "1, " "1, " "1, " "1, " "1, " "1, " "1, " "1, " "1, " "1, " "1, " "1, " "1, " "1, " "1, " "1, " "1, " "1, " "1, " "1, " "1, " "1, " "1, " "1, " "1, " "1, " "1, " "1, " "1, " "1, " "1, " "1, " "1, " "1, " "1, " "1, " "1, " "1, " "1, " "1, " "1, " "1, " "1, " "1, " "1, " "1, " "1, " "1, " "1, " "1, " "1, " "1, " "1, " "1, " "1, " "1, " "1, " "1, " "1, " "1, " "1, " "1, " "1, " "1, " "1, " "1, " "1, " "1, " "1, " "1, " "1, " "1, " "1, " "1, " "1, " "1, " "1, " "1, " "1, " "1, " "1, " "1, " "1, " "1, " "1, " "1, " "1, " "1, " "1, " "1, " "1, " "1, " "1, " "1, " "1, " "1, " "1, " "1, " "1, " "1, " "1, " "1, " "1, " "1, " "1, " "1, " "1, " "1, " "1, " "1, " "1, " "1, " "1, " "1, " "1, " "1, " "1, " "1, " "1, " "1, " "1, " "1, " "1, " "1, " "1, " "1, " "1, " "1, " "1, " "1, " "1, " "1, " "1, " "1, " "1, " "1, " "1, " "1, " "1, " "1, " "1, " "1, " "1, " "1, " "1, " "1, " "1, " "1, " "1, " "1, " "1, " "1, " "1, " "1, " "1, " "1, " "1, " "1, " "1, " "1, " "1, " "1, " "1, " "1, " "1, " "1, " "1, " "1, " "1, " "1, " "1, " "1, " "1, " "1, " "1, " "1, " "1, " "1, " "1, " "1, " "1, " "1, " "1, " "1, " "1, " "1, " "1, " "1, " "1, " "1, " "1, " "1, " "1, " "1, " "1, " "1, " "1, " "1, " "1, " "1, " "1, " "1, " "1, " "1, " "1, " "1, " "1, " "1, " "1, " "1, " "1, " "1, " "1, " "1, " "1, " "1, " "1, " "1, " "1, " "1, " "1, " "1, " "1, " "1, " "1, " "1, " "1, " "1, " "1, " "1, " "1, " "1, " "1, " "1, " "1, " "1, " "1, " "1, " "1, " "1, " "1, " "1, " "1, " "1, " "1, " "1, " "1, " "1, " "1, " "1, " "1, " "1, " "1, " "1, " "1, " "1, " "1, " "1, " "1, " "1, " "1, " "1, " "1, " "1, " "1, " "1, " "1, " "1, " "1, " "1, " "1, " "1, " "1, " "1, " "1, " "1, " "1, " "1, " "1, " "1, " "1, " "1, " "1, " "1, " "1, " "1, " "1, " "1, " "1, " "1, " "1, " "1, " "1, " "1, " "1, " "1, " "1, " "1, " "1, " "1, " "1, " "1, " "1, " "1, " "1, " "1, " "1, " "1, " "1, " "1, " "1, " "1, " "1, " "1, " "1, " "1, " "1, " "1, " "1, " "1, " "1, " "1, " "1, " "1, " "1, " "1, " "1, " "1, " "1, " "1, " "1, " "1, " "1, " "1, " "1, " "1, " "1, " "1, " "1, " "1, " "1, " "1, " "1, " "1, " "1, " "1, " "1, " "1, " "1, " "1, " "1, " "1, " "1, " "1, " "1, " "1, " "1, " "1, " "1, " "1, " "1, " "1, " "1, " "1, " "1, " "1, " "1, " "1, " "1, " "1, " "1, " "1, " "1, " "1, " "1, " "1, " "1, " "1, " "1, " "1, " "1, " "1, " "1, " "1, " "1, " "1, " "1, " "1, " "1, " "1, " "1, " "1, " "1, " "1, " "1, " "1, " "1, " "1, " "1, " "1, "204
 "Nei54, 0.041, " "0.015, " "1, " "1, " "1, " "1, " "1, " "1, " "1, " "1, " "1, " "1, " "1, " "1, " "1, " "1, " "1, " "1, " "1, " "1, " "1, " "1, " "1, " "1, " "1, " "1, " "1, " "1, " "1, " "1, " "1, " "1, " "1, " "1, " "1, " "1, " "1, " "1, " "1, " "1, " "1, " "1, " "1, " "1, " "1, " "1, " "1, " "1, " "1, " "1, " "1, " "1, " "1, " "1, " "1, " "1, " "0, " "1, " "1, " "1, " "1, " "1, " "1, " "1, " "1, " "1, " "1, " "1, " "1, " "1, " "1, " "1, " "1, " "1, " "1, " "1, " "1, " "1, " "1, " "1, " "1, " "1, " "1, " "1, " "1, " "1, " "1, " "1, " "1, " "1, " "1, " "1, " "1, " "1, " "1, " "1, " "1, " "1, " "1, " "1, " "1, " "1, " "1, " "1, " "1, " "1, " "1, " "1, " "1, " "1, " "1, " "1, " "1, " "1, " "1, " "1, " "1, " "1, " "1, " "1, " "1, " "1, " "1, " "1, " "1, " "1, " "1, " "1, " "1, " "1, " "1, " "1, " "1, " "1, " "1, " "1, " "1, " "1, " "1, " "1, " "1, " "1, " "1, " "1, " "1, " "1, " "1, " "1, " "1, " "1, " "1, " "1, " "1, " "1, " "1, " "1, " "1, " "1, " "1, " "1, " "1, " "1, " "1, " "1, " "1, " "1, " "1, " "1, " "1, " "1, " "1, " "1, " "1, " "1, " "1, " "1, " "1, " "1, " "1, " "1, " "1, " "1, " "1, " "1, " "1, " "1, " "1, " "1, " "1, " "1, " "1, " "1, " "1, " "1, " "1, " "1, " "1, " "1, " "1, " "1, " "1, " "1, " "1, " "1, " "1, " "1, " "1, " "1, " "1, " "1, " "1, " "1, " "1, " "1, " "1, " "1, " "1, " "1, " "1, " "1, " "1, " "1, " "1, " "1, " "1, " "1, " "1, " "1, " "1, " "1, " "1, " "1, " "1, " "1, " "1, " "1, " "1, " "1, " "1, " "1, " "1, " "1, " "1, " "1, " "1, " "1, " "1, " "1, " "1, " "1, " "1, " "1, " "1, " "1, " "1, " "1, " "1, " "1, " "1, " "1, " "1, " "1, " "1, " "1, " "1, " "1, " "1, " "1, " "1, " "1, " "1, " "1, " "1, " "1, " "1, " "1, " "1, " "1, " "1, " "1, " "1, " "1, " "1, " "1, " "1, " "1, " "1, " "1, " "1, " "1, " "1, " "1, " "1, " "1, " "1, " "1, " "1, " "1, " "1, " "1, " "1, " "1, " "1, " "1, " "1, " "1, " "1, " "1, " "1, " "1, " "1, " "1, " "1, " "1, " "1, " "1, " "1, " "1, " "1, " "1, " "1, " "1, " "1, " "1, " "1, " "1, " "1, " "1, " "1, " "1, " "1, " "1, " "1, " "1, " "1, " "1, " "1, " "1, " "1, " "1, " "1, " "1, " "1, " "1, " "1, " "1, " "1, " "1, " "1, " "1, " "1, " "1, " "1, " "1, " "1, " "1, " "1, " "1, " "1, " "1, " "1, " "1, " "1, " "1, " "1, " "1, " "1, " "1, " "1, " "1, " "1, " "1, " "1, " "1, " "1, " "1, " "1, " "1, " "1, " "1, " "1, " "1, " "1, " "1, " "1, " "1, " "1, " "1, " "1, " "1, " "1, " "1, " "1, " "1, " "1, " "1, " "1, " "1, " "1, " "1, " "1, " "1, " "1, " "1, " "1, " "1, " "1, " "1, " "1, " "1, " "1, " "1, " "1, " "1, " "1, " "1, " "1, " "1, " "1, " "1, " "1, " "1, " "1, " "1, " "1, " "1, " "1, " "1, " "1, " "1, " "1, " "1, " "1, " "1, " "1, " "1, " "1, " "1, " "1, " "1, " "1, " "1, " "1, " "1, " "1, " "1, " "1, " "1, " "1, " "1, " "1, " "1, " "1, " "1, " "1, " "1, " "1, " "1, " "1, " "1, " "1, " "1, " "1, " "1, " "1, " "1, " "1, " "1, " "1, " "1, " "1, " "1, " "1, " "1, " "1, " "1, " "1, " "1, " "1, " "1, " "1, " "1, " "1, " "1, " "1, " "1, " "1, " "1, " "1, " "1, " "1, " "1, " "1, " "1, " "1, " "1, " "1, " "1, " "1, " "1, " "1, " "1, " "1, " "1, " "1, " "1, " "1, " "1, " "1, " "1, " "1, " "1, " "1, " "1, " "1, "204
 "Nei55, 0.111, " "0.015, " "1, " "1, " "1, " "1, " "1, " "1, " "1, " "1, " "1, " "1, " "1, " "1, " "1, " "1, " "1, " "1, " "1, " "1, " "1, " "1, " "1, " "1, " "1, " "1, " "1, " "1, " "1, " "1, " "1, " "1, " "1, " "1, " "1, " "1, " "1, " "1, " "1, " "1, " "1, " "1, " "1, " "1, " "1, " "1, " "1, " "1, " "1, " "1, " "1, " "1, " "1, " "1, " "1, " "1, " "1, " "0, " "1, " "1, " "1, " "1, " "1, " "1, " "1, " "1, " "1, " "1, " "1, " "1, " "1, " "1, " "1, " "1, " "1, " "1, " "1, " "1, " "1, " "1, " "1, " "1, " "1, " "1, " "1, " "1, " "1, " "1, " "1, " "1, " "1, " "1, " "1, " "1, " "1, " "1, " "1, " "1, " "1, " "1, " "1, " "1, " "1, " "1, " "1, " "1, " "1, " "1, " "1, " "1, " "1, " "1, " "1, " "1, " "1, " "1, " "1, " "1, " "1, " "1, " "1, " "1, " "1, " "1, " "1, " "1, " "1, " "1, " "1, " "1, " "1, " "1, " "1, " "1, " "1, " "1, " "1, " "1, " "1, " "1, " "1, " "1, " "1, " "1, " "1, " "1, " "1, " "1, " "1, " "1, " "1, " "1, " "1, " "1, " "1, " "1, " "1, " "1, " "1, " "1, " "1, " "1, " "1, " "1, " "1, " "1, " "1, " "1, " "1, " "1, " "1, " "1, " "1, " "1, " "1, " "1, " "1, " "1, " "1, " "1, " "1, " "1, " "1, " "1, " "1, " "1, " "1, " "1, " "1, " "1, " "1, " "1, " "1, " "1, " "1, " "1, " "1, " "1, " "1, " "1, " "1, " "1, " "1, " "1, " "1, " "1, " "1, " "1, " "1, " "1, " "1, " "1, " "1, " "1, " "1, " "1, " "1, " "1, " "1, " "1, " "1, " "1, " "1, " "1, " "1, " "1, " "1, " "1, " "1, " "1, " "1, " "1, " "1, " "1, " "1, " "1, " "1, " "1, " "1, " "1, " "1, " "1, " "1, " "1, " "1, " "1, " "1, " "1, " "1, " "1, " "1, " "1, " "1, " "1, " "1, " "1, " "1, " "1, " "1, " "1, " "1, " "1, " "1, " "1, " "1, " "1, " "1, " "1, " "1, " "1, " "1, " "1, " "1, " "1, " "1, " "1, " "1, " "1, " "1, " "1, " "1, " "1, " "1, " "1, " "1, " "1, " "1, " "1, " "1, " "1, " "1, " "1, " "1, " "1, " "1, " "1, " "1, " "1, " "1, " "1, " "1, " "1, " "1, " "1, " "1, " "1, " "1, " "1, " "1, " "1, " "1, " "1, " "1, " "1, " "1, " "1, " "1, " "1, " "1, " "1, " "1, " "1, " "1, " "1, " "1, " "1, " "1, " "1, " "1, " "1, " "1, " "1, " "1, " "1, " "1, " "1, " "1, " "1, " "1, " "1, " "1, " "1, " "1, " "1, " "1, " "1, " "1, " "1, " "1, " "1, " "1, " "1, " "1, " "1, " "1, " "1, " "1, " "1, " "1, " "1, " "1, " "1, " "1, " "1, " "1, " "1, " "1, " "1, " "1, " "1, " "1, " "1, " "1, " "1, " "1, " "1, " "1, " "1, " "1, " "1, " "1, " "1, " "1, " "1, " "1, " "1, " "1, " "1, " "1, " "1, " "1, " "1, " "1, " "1, " "1, " "1, " "1, " "1, " "1, " "1, " "1, " "1, " "1, " "1, " "1, " "1, " "1, " "1, " "1, " "1, " "1, " "1, " "1, " "1, " "1, " "1, " "1, " "1, " "1, " "1, " "1, " "1, " "1, " "1, " "1, " "1, " "1, " "1, " "1, " "1, " "1, " "1, " "1, " "1, " "1, " "1, " "1, " "1, " "1, " "1, " "1, " "1, " "1, " "1, " "1, " "1, " "1, " "1, " "1, " "1, " "1, " "1, " "1, " "1, " "1, " "1, " "1, " "1, " "1, " "1, " "1, " "1, " "1, " "1, " "1, " "1, " "1, " "1, " "1, " "1, " "1, " "1, " "1, " "1, " "1, " "1, " "1, " "1, " "1, " "1, " "1, " "1, " "1, " "1, " "1, " "1, " "1, " "1, " "1, " "1, " "1, " "1, " "1, " "1, " "1, " "1, " "1, " "1, " "1, " "1, " "1, " "1, " "1, " "1, " "1, " "1, " "1, " "1, " "1, " "1, " "1, " "1, " "1, " "1, " "1, "204
 "Nei56, 0.198, " "0.015, " "1, " "1, " "1, " "1, " "1, " "1, " "1, " "1, " "1, " "1, " "1, " "1, " "1, " "1, " "1, " "1, " "1, " "1, " "1, " "1, " "1, " "1, " "1, " "1, " "1, " "1, " "1, " "1, " "1, " "1, " "1, " "1, " "1, " "1, " "1, " "1, " "1, " "1, " "1, " "1, " "1, " "1, " "1, " "1, " "1, " "1, " "1, " "1, " "1, " "1, " "1, " "1, " "1, " "1, " "1, " "1, " "0, " "1, " "1, " "1, " "1, " "1, " "1, " "1, " "1, " "1, " "1, " "1, " "1, " "1, " "1, " "1, " "1, " "1, " "1, " "1, " "1, " "1, " "1, " "1, " "1, " "1, " "1, " "1, " "1, " "1, " "1, " "1, " "1, " "1, " "1, " "1, " "1, " "1, " "1, " "1, " "1, " "1, " "1, " "1, " "1, " "1, " "1, " "1, " "1, " "1, " "1, " "1, " "1, " "1, " "1, " "1, " "1, " "1, " "1, " "1, " "1, " "1, " "1, " "1, " "1, " "1, " "1, " "1, " "1, " "1, " "1, " "1, " "1, " "1, " "1, " "1, " "1, " "1, " "1, " "1, " "1, " "1, " "1, " "1, " "1, " "1, " "1, " "1, " "1, " "1, " "1, " "1, " "1, " "1, " "1, " "1, " "1, " "1, " "1, " "1, " "1, " "1, " "1, " "1, " "1, " "1, " "1, " "1, " "1, " "1, " "1, " "1, " "1, " "1, " "1, " "1, " "1, " "1, " "1, " "1, " "1, " "1, " "1, " "1, " "1, " "1, " "1, " "1, " "1, " "1, " "1, " "1, " "1, " "1, " "1, " "1, " "1, " "1, " "1, " "1, " "1, " "1, " "1, " "1, " "1, " "1, " "1, " "1, " "1, " "1, " "1, " "1, " "1, " "1, " "1, " "1, " "1, " "1, " "1, " "1, " "1, " "1, " "1, " "1, " "1, " "1, " "1, " "1, " "1, " "1, " "1, " "1, " "1, " "1, " "1, " "1, " "1, " "1, " "1, " "1, " "1, " "1, " "1, " "1, " "1, " "1, " "1, " "1, " "1, " "1, " "1, " "1, " "1, " "1, " "1, " "1, " "1, " "1, " "1, " "1, " "1, " "1, " "1, " "1, " "1, " "1, " "1, " "1, " "1, " "1, " "1, " "1, " "1, " "1, " "1, " "1, " "1, " "1, " "1, " "1, " "1, " "1, " "1, " "1, " "1, " "1, " "1, " "1, " "1, " "1, " "1, " "1, " "1, " "1, " "1, " "1, " "1, " "1, " "1, " "1, " "1, " "1, " "1, " "1, " "1, " "1, " "1, " "1, " "1, " "1, " "1, " "1, " "1, " "1, " "1, " "1, " "1, " "1, " "1, " "1, " "1, " "1, " "1, " "1, " "1, " "1, " "1, " "1, " "1, " "1, " "1, " "1, " "1, " "1, " "1, " "1, " "1, " "1, " "1, " "1, " "1, " "1, " "1, " "1, " "1, " "1, " "1, " "1, " "1, " "1, " "1, " "1, " "1, " "1, " "1, " "1, " "1, " "1, " "1, " "1, " "1, " "1, " "1, " "1, " "1, " "1, " "1, " "1, " "1, " "1, " "1, " "1, " "1, " "1, " "1, " "1, " "1, " "1, " "1, " "1, " "1, " "1, " "1, " "1, " "1, " "1, " "1, " "1, " "1, " "1, " "1, " "1, " "1, " "1, " "1, " "1, " "1, " "1, " "1, " "1, " "1, " "1, " "1, " "1, " "1, " "1, " "1, " "1, " "1, " "1, " "1, " "1, " "1, " "1, " "1, " "1, " "1, " "1, " "1, " "1, " "1, " "1, " "1, " "1, " "1, " "1, " "1, " "1, " "1, " "1, " "1, " "1, " "1, " "1, " "1, " "1, " "1, " "1, " "1, " "1, " "1, " "1, " "1, " "1, " "1, " "1, " "1, " "1, " "1, " "1, " "1, " "1, " "1, " "1, " "1, " "1, " "1, " "1, " "1, " "1, " "1, " "1, " "1, " "1, " "1, " "1, " "1, " "1, " "1, " "1, " "1, " "1, " "1, " "1, " "1, " "1, " "1, " "1, " "1, " "1, " "1, " "1, " "1, " "1, " "1, " "1, " "1, " "1, " "1, " "1, " "1, " "1, " "1, " "1, " "1, " "1, " "1, " "1, " "1, " "1, " "1, " "1, " "1, " "1, " "1, " "1, " "1, " "1, " "1, " "1, " "1, " "1, " "1, " "1, " "1, " "1, " "1, "204
 "Nei57, 0.125, " "0.015, " "1, " "1, " "1, " "1, " "1, " "1, " "1, " "1, " "1, " "1, " "1, " "1, " "1, " "1, " "1, " "1, " "1, " "1, " "1, " "1, " "1, " "1, " "1, " "1, " "1, " "1, " "1, " "1, " "1, " "1, " "1, " "1, " "1, " "1, " "1, " "1, " "1, " "1, " "1, " "1, " "1, " "1, " "1, " "1, " "1, " "1, " "1, " "1, " "1, " "1, " "1, " "1, " "1, " "1, " "1, " "1, " "1, " "0, " "1, " "1, " "1, " "1, " "1, " "1, " "1, " "1, " "1, " "1, " "1, " "1, " "1, " "1, " "1, " "1, " "1, " "1, " "1, " "1, " "1, " "1, " "1, " "1, " "1, " "1, " "1, " "1, " "1, " "1, " "1, " "1, " "1, " "1, " "1, " "1, " "1, " "1, " "1, " "1, " "1, " "1, " "1, " "1, " "1, " "1, " "1, " "1, " "1, " "1, " "1, " "1, " "1, " "1, " "1, " "1, " "1, " "1, " "1, " "1, " "1, " "1, " "1, " "1, " "1, " "1, " "1, " "1, " "1, " "1, " "1, " "1, " "1, " "1, " "1, " "1, " "1, " "1, " "1, " "1, " "1, " "1, " "1, " "1, " "1, " "1, " "1, " "1, " "1, " "1, " "1, " "1, " "1, " "1, " "1, " "1, " "1, " "1, " "1, " "1, " "1, " "1, " "1, " "1, " "1, " "1, " "1, " "1, " "1, " "1, " "1, " "1, " "1, " "1, " "1, " "1, " "1, " "1, " "1, " "1, " "1, " "1, " "1, " "1, " "1, " "1, " "1, " "1, " "1, " "1, " "1, " "1, " "1, " "1, " "1, " "1, " "1, " "1, " "1, " "1, " "1, " "1, " "1, " "1, " "1, " "1, " "1, " "1, " "1, " "1, " "1, " "1, " "1, " "1, " "1, " "1, " "1, " "1, " "1, " "1, " "1, " "1, " "1, " "1, " "1, " "1, " "1, " "1, " "1, " "1, " "1, " "1, " "1, " "1, " "1, " "1, " "1, " "1, " "1, " "1, " "1, " "1, " "1, " "1, " "1, " "1, " "1, " "1, " "1, " "1, " "1, " "1, " "1, " "1, " "1, " "1, " "1, " "1, " "1, " "1, " "1, " "1, " "1, " "1, " "1, " "1, " "1, " "1, " "1, " "1, " "1, " "1, " "1, " "1, " "1, " "1, " "1, " "1, " "1, " "1, " "1, " "1, " "1, " "1, " "1, " "1, " "1, " "1, " "1, " "1, " "1, " "1, " "1, " "1, " "1, " "1, " "1, " "1, " "1, " "1, " "1, " "1, " "1, " "1, " "1, " "1, " "1, " "1, " "1, " "1, " "1, " "1, " "1, " "1, " "1, " "1, " "1, " "1, " "1, " "1, " "1, " "1, " "1, " "1, " "1, " "1, " "1, " "1, " "1, " "1, " "1, " "1, " "1, " "1, " "1, " "1, " "1, " "1, " "1, " "1, " "1, " "1, " "1, " "1, " "1, " "1, " "1, " "1, " "1, " "1, " "1, " "1, " "1, " "1, " "1, " "1, " "1, " "1, " "1, " "1, " "1, " "1, " "1, " "1, " "1, " "1, " "1, " "1, " "1, " "1, " "1, " "1, " "1, " "1, " "1, " "1, " "1, " "1, " "1, " "1, " "1, " "1, " "1, " "1, " "1, " "1, " "1, " "1, " "1, " "1, " "1, " "1, " "1, " "1, " "1, " "1, " "1, " "1, " "1, " "1, " "1, " "1, " "1, " "1, " "1, " "1, " "1, " "1, " "1, " "1, " "1, " "1, " "1, " "1, " "1, " "1, " "1, " "1, " "1, " "1, " "1, " "1, " "1, " "1, " "1, " "1, " "1, " "1, " "1, " "1, " "1, " "1, " "1, " "1, " "1, " "1, " "1, " "1, " "1, " "1, " "1, " "1, " "1, " "1, " "1, " "1, " "1, " "1, " "1, " "1, " "1, " "1, " "1, " "1, " "1, " "1, " "1, " "1, " "1, " "1, " "1, " "1, " "1, " "1, " "1, " "1, " "1, " "1, " "1, " "1, " "1, " "1, " "1, " "1, " "1, " "1, " "1, " "1, " "1, " "1, " "1, " "1, " "1, " "1, " "1, " "1, " "1, " "1, " "1, " "1, " "1, " "1, " "1, " "1, " "1, " "1, " "1, " "1, " "1, " "1, " "1, " "1, " "1, " "1, " "1, " "1, " "1, " "1, " "1, " "1, " "1, " "1, " "1, " "1, " "1, "204
 "Nei58, 0.345, " "0.015, " "1, " "1, " "1, " "1, " "1, " "1, " "1, " "1, " "1, " "1, " "1, " "1, " "1, " "1, " "1, " "1, " "1, " "1, " "1, " "1, " "1, " "1, " "1, " "1, " "1, " "1, " "1, " "1, " "1, " "1, " "1, " "1, " "1, " "1, " "1, " "1, " "1, " "1, " "1, " "1, " "1, " "1, " "1, " "1, " "1, " "1, " "1, " "1, " "1, " "1, " "1, " "1, " "1, " "1, " "1, " "1, " "1, " "1, " "0, " "1, " "1, " "1, " "1, " "1, " "1, " "1, " "1, " "1, " "1, " "1, " "1, " "1, " "1, " "1, " "1, " "1, " "1, " "1, " "1, " "1, " "1, " "1, " "1, " "1, " "1, " "1, " "1, " "1, " "1, " "1, " "1, " "1, " "1, " "1, " "1, " "1, " "1, " "1, " "1, " "1, " "1, " "1, " "1, " "1, " "1, " "1, " "1, " "1, " "1, " "1, " "1, " "1, " "1, " "1, " "1, " "1, " "1, " "1, " "1, " "1, " "1, " "1, " "1, " "1, " "1, " "1, " "1, " "1, " "1, " "1, " "1, " "1, " "1, " "1, " "1, " "1, " "1, " "1, " "1, " "1, " "1, " "1, " "1, " "1, " "1, " "1, " "1, " "1, " "1, " "1, " "1, " "1, " "1, " "1, " "1, " "1, " "1, " "1, " "1, " "1, " "1, " "1, " "1, " "1, " "1, " "1, " "1, " "1, " "1, " "1, " "1, " "1, " "1, " "1, " "1, " "1, " "1, " "1, " "1, " "1, " "1, " "1, " "1, " "1, " "1, " "1, " "1, " "1, " "1, " "1, " "1, " "1, " "1, " "1, " "1, " "1, " "1, " "1, " "1, " "1, " "1, " "1, " "1, " "1, " "1, " "1, " "1, " "1, " "1, " "1, " "1, " "1, " "1, " "1, " "1, " "1, " "1, " "1, " "1, " "1, " "1, " "1, " "1, " "1, " "1, " "1, " "1, " "1, " "1, " "1, " "1, " "1, " "1, " "1, " "1, " "1, " "1, " "1, " "1, " "1, " "1, " "1, " "1, " "1, " "1, " "1, " "1, " "1, " "1, " "1, " "1, " "1, " "1, " "1, " "1, " "1, " "1, " "1, " "1, " "1, " "1, " "1, " "1, " "1, " "1, " "1, " "1, " "1, " "1, " "1, " "1, " "1, " "1, " "1, " "1, " "1, " "1, " "1, " "1, " "1, " "1, " "1, " "1, " "1, " "1, " "1, " "1, " "1, " "1, " "1, " "1, " "1, " "1, " "1, " "1, " "1, " "1, " "1, " "1, " "1, " "1, " "1, " "1, " "1, " "1, " "1, " "1, " "1, " "1, " "1, " "1, " "1, " "1, " "1, " "1, " "1, " "1, " "1, " "1, " "1, " "1, " "1, " "1, " "1, " "1, " "1, " "1, " "1, " "1, " "1, " "1, " "1, " "1, " "1, " "1, " "1, " "1, " "1, " "1, " "1, " "1, " "1, " "1, " "1, " "1, " "1, " "1, " "1, " "1, " "1, " "1, " "1, " "1, " "1, " "1, " "1, " "1, " "1, " "1, " "1, " "1, " "1, " "1, " "1, " "1, " "1, " "1, " "1, " "1, " "1, " "1, " "1, " "1, " "1, " "1, " "1, " "1, " "1, " "1, " "1, " "1, " "1, " "1, " "1, " "1, " "1, " "1, " "1, " "1, " "1, " "1, " "1, " "1, " "1, " "1, " "1, " "1, " "1, " "1, " "1, " "1, " "1, " "1, " "1, " "1, " "1, " "1, " "1, " "1, " "1, " "1, " "1, " "1, " "1, " "1, " "1, " "1, " "1, " "1, " "1, " "1, " "1, " "1, " "1, " "1, " "1, " "1, " "1, " "1, " "1, " "1, " "1, " "1, " "1, " "1, " "1, " "1, " "1, " "1, " "1, " "1, " "1, " "1, " "1, " "1, " "1, " "1, " "1, " "1, " "1, " "1, " "1, " "1, " "1, " "1, " "1, " "1, " "1, " "1, " "1, " "1, " "1, " "1, " "1, " "1, " "1, " "1, " "1, " "1, " "1, " "1, " "1, " "1, " "1, " "1, " "1, " "1, " "1, " "1, " "1, " "1, " "1, " "1, " "1, " "1, " "1, " "1, " "1, " "1, " "1, " "1, " "1, " "1, " "1, " "1, " "1, " "1, " "1, " "1, " "1, " "1, " "1, " "1, " "1, " "1, " "1, " "1, " "1, " "1, " "1, " "1, " "1, " "1, "204
 "Nei59, 0.313, " "0.015, " "1, " "1, " "1, " "1, " "1, " "1, " "1, " "1, " "1, " "1, " "1, " "1, " "1, " "1, " "1, " "1, " "1, " "1, " "1, " "1, " "1, " "1, " "1, " "1, " "1, " "1, " "1, " "1, " "1, " "1, " "1, " "1, " "1, " "1, " "1, " "1, " "1, " "1, " "1, " "1, " "1, " "1, " "1, " "1, " "1, " "1, " "1, " "1, " "1, " "1, " "1, " "1, " "1, " "1, " "1, " "1, " "1, " "1, " "1, " "0, " "1, " "1, " "1, " "1, " "1, " "1, " "1, " "1, " "1, " "1, " "1, " "1, " "1, " "1, " "1, " "1, " "1, " "1, " "1, " "1, " "1, " "1, " "1, " "1, " "1, " "1, " "1, " "1, " "1, " "1, " "1, " "1, " "1, " "1, " "1, " "1, " "1, " "1, " "1, " "1, " "1, " "1, " "1, " "1, " "1, " "1, " "1, " "1, " "1, " "1, " "1, " "1, " "1, " "1, " "1, " "1, " "1, " "1, " "1, " "1, " "1, " "1, " "1, " "1, " "1, " "1, " "1, " "1, " "1, " "1, " "1, " "1, " "1, " "1, " "1, " "1, " "1, " "1, " "1, " "1, " "1, " "1, " "1, " "1, " "1, " "1, " "1, " "1, " "1, " "1, " "1, " "1, " "1, " "1, " "1, " "1, " "1, " "1, " "1, " "1, " "1, " "1, " "1, " "1, " "1, " "1, " "1, " "1, " "1, " "1, " "1, " "1, " "1, " "1, " "1, " "1, " "1, " "1, " "1, " "1, " "1, " "1, " "1, " "1, " "1, " "1, " "1, " "1, " "1, " "1, " "1, " "1, " "1, " "1, " "1, " "1, " "1, " "1, " "1, " "1, " "1, " "1, " "1, " "1, " "1, " "1, " "1, " "1, " "1, " "1, " "1, " "1, " "1, " "1, " "1, " "1, " "1, " "1, " "1, " "1, " "1, " "1, " "1, " "1, " "1, " "1, " "1, " "1, " "1, " "1, " "1, " "1, " "1, " "1, " "1, " "1, " "1, " "1, " "1, " "1, " "1, " "1, " "1, " "1, " "1, " "1, " "1, " "1, " "1, " "1, " "1, " "1, " "1, " "1, " "1, " "1, " "1, " "1, " "1, " "1, " "1, " "1, " "1, " "1, " "1, " "1, " "1, " "1, " "1, " "1, " "1, " "1, " "1, " "1, " "1, " "1, " "1, " "1, " "1, " "1, " "1, " "1, " "1, " "1, " "1, " "1, " "1, " "1, " "1, " "1, " "1, " "1, " "1, " "1, " "1, " "1, " "1, " "1, " "1, " "1, " "1, " "1, " "1, " "1, " "1, " "1, " "1, " "1, " "1, " "1, " "1, " "1, " "1, " "1, " "1, " "1, " "1, " "1, " "1, " "1, " "1, " "1, " "1, " "1, " "1, " "1, " "1, " "1, " "1, " "1, " "1, " "1, " "1, " "1, " "1, " "1, " "1, " "1, " "1, " "1, " "1, " "1, " "1, " "1, " "1, " "1, " "1, " "1, " "1, " "1, " "1, " "1, " "1, " "1, " "1, " "1, " "1, " "1, " "1, " "1, " "1, " "1, " "1, " "1, " "1, " "1, " "1, " "1, " "1, " "1, " "1, " "1, " "1, " "1, " "1, " "1, " "1, " "1, " "1, " "1, " "1, " "1, " "1, " "1, " "1, " "1, " "1, " "1, " "1, " "1, " "1, " "1, " "1, " "1, " "1, " "1, " "1, " "1, " "1, " "1, " "1, " "1, " "1, " "1, " "1, " "1, " "1, " "1, " "1, " "1, " "1, " "1, " "1, " "1, " "1, " "1, " "1, " "1, " "1, " "1, " "1, " "1, " "1, " "1, " "1, " "1, " "1, " "1, " "1, " "1, " "1, " "1, " "1, " "1, " "1, " "1, " "1, " "1, " "1, " "1, " "1, " "1, " "1, " "1, " "1, " "1, " "1, " "1, " "1, " "1, " "1, " "1, " "1, " "1, " "1, " "1, " "1, " "1, " "1, " "1, " "1, " "1, " "1, " "1, " "1, " "1, " "1, " "1, " "1, " "1, " "1, " "1, " "1, " "1, " "1, " "1, " "1, " "1, " "1, " "1, " "1, " "1, " "1, " "1, " "1, " "1, " "1, " "1, " "1, " "1, " "1, " "1, " "1, " "1, " "1, " "1, " "1, " "1, " "1, " "1, " "1, " "1, " "1, " "1, " "1, " "1, " "1, " "1, " "1, " "1, " "1, " "1, " "1, "204
 "Nei60, 0.171, " "0.015, " "1, " "1, " "1, " "1, " "1, " "1, " "1, " "1, " "1, " "1, " "1, " "1, " "1, " "1, " "1, " "1, " "1, " "1, " "1, " "1, " "1, " "1, " "1, " "1, " "1, " "1, " "1, " "1, " "1, " "1, " "1, " "1, " "1, " "1, " "1, " "1, " "1, " "1, " "1, " "1, " "1, " "1, " "1, " "1, " "1, " "1, " "1, " "1, " "1, " "1, " "1, " "1, " "1, " "1, " "1, " "1, " "1, " "1, " "1, " "1, " "0, " "1, " "1, " "1, " "1, " "1, " "1, " "1, " "1, " "1, " "1, " "1, " "1, " "1, " "1, " "1, " "1, " "1, " "1, " "1, " "1, " "1, " "1, " "1, " "1, " "1, " "1, " "1, " "1, " "1, " "1, " "1, " "1, " "1, " "1, " "1, " "1, " "1, " "1, " "1, " "1, " "1, " "1, " "1, " "1, " "1, " "1, " "1, " "1, " "1, " "1, " "1, " "1, " "1, " "1, " "1, " "1, " "1, " "1, " "1, " "1, " "1, " "1, " "1, " "1, " "1, " "1, " "1, " "1, " "1, " "1, " "1, " "1, " "1, " "1, " "1, " "1, " "1, " "1, " "1, " "1, " "1, " "1, " "1, " "1, " "1, " "1, " "1, " "1, " "1, " "1, " "1, " "1, " "1, " "1, " "1, " "1, " "1, " "1, " "1, " "1, " "1, " "1, " "1, " "1, " "1, " "1, " "1, " "1, " "1, " "1, " "1, " "1, " "1, " "1, " "1, " "1, " "1, " "1, " "1, " "1, " "1, " "1, " "1, " "1, " "1, " "1, " "1, " "1, " "1, " "1, " "1, " "1, " "1, " "1, " "1, " "1, " "1, " "1, " "1, " "1, " "1, " "1, " "1, " "1, " "1, " "1, " "1, " "1, " "1, " "1, " "1, " "1, " "1, " "1, " "1, " "1, " "1, " "1, " "1, " "1, " "1, " "1, " "1, " "1, " "1, " "1, " "1, " "1, " "1, " "1, " "1, " "1, " "1, " "1, " "1, " "1, " "1, " "1, " "1, " "1, " "1, " "1, " "1, " "1, " "1, " "1, " "1, " "1, " "1, " "1, " "1, " "1, " "1, " "1, " "1, " "1, " "1, " "1, " "1, " "1, " "1, " "1, " "1, " "1, " "1, " "1, " "1, " "1, " "1, " "1, " "1, " "1, " "1, " "1, " "1, " "1, " "1, " "1, " "1, " "1, " "1, " "1, " "1, " "1, " "1, " "1, " "1, " "1, " "1, " "1, " "1, " "1, " "1, " "1, " "1, " "1, " "1, " "1, " "1, " "1, " "1, " "1, " "1, " "1, " "1, " "1, " "1, " "1, " "1, " "1, " "1, " "1, " "1, " "1, " "1, " "1, " "1, " "1, " "1, " "1, " "1, " "1, " "1, " "1, " "1, " "1, " "1, " "1, " "1, " "1, " "1, " "1, " "1, " "1, " "1, " "1, " "1, " "1, " "1, " "1, " "1, " "1, " "1, " "1, " "1, " "1, " "1, " "1, " "1, " "1, " "1, " "1, " "1, " "1, " "1, " "1, " "1, " "1, " "1, " "1, " "1, " "1, " "1, " "1, " "1, " "1, " "1, " "1, " "1, " "1, " "1, " "1, " "1, " "1, " "1, " "1, " "1, " "1, " "1, " "1, " "1, " "1, " "1, " "1, " "1, " "1, " "1, " "1, " "1, " "1, " "1, " "1, " "1, " "1, " "1, " "1, " "1, " "1, " "1, " "1, " "1, " "1, " "1, " "1, " "1, " "1, " "1, " "1, " "1, " "1, " "1, " "1, " "1, " "1, " "1, " "1, " "1, " "1, " "1, " "1, " "1, " "1, " "1, " "1, " "1, " "1, " "1, " "1, " "1, " "1, " "1, " "1, " "1, " "1, " "1, " "1, " "1, " "1, " "1, " "1, " "1, " "1, " "1, " "1, " "1, " "1, " "1, " "1, " "1, " "1, " "1, " "1, " "1, " "1, " "1, " "1, " "1, " "1, " "1, " "1, " "1, " "1, " "1, " "1, " "1, " "1, " "1, " "1, " "1, " "1, " "1, " "1, " "1, " "1, " "1, " "1, " "1, " "1, " "1, " "1, " "1, " "1, " "1, " "1, " "1, " "1, " "1, " "1, " "1, " "1, " "1, " "1, " "1, " "1, " "1, " "1, " "1, " "1, " "1, " "1, " "1, " "1, " "1, " "1, " "1, " "1, " "1, " "1, " "1, " "1, " "1, " "1, "204
 "Nei61, 0.02, " "0.015, " "1, " "1, " "1, " "1, " "1, " "1, " "1, " "1, " "1, " "1, " "1, " "1, " "1, " "1, " "1, " "1, " "1, " "1, " "1, " "1, " "1, " "1, " "1, " "1, " "1, " "1, " "1, " "1, " "1, " "1, " "1, " "1, " "1, " "1, " "1, " "1, " "1, " "1, " "1, " "1, " "1, " "1, " "1, " "1, " "1, " "1, " "1, " "1, " "1, " "1, " "1, " "1, " "1, " "1, " "1, " "1, " "1, " "1, " "1, " "1, " "1, " "0, " "1, " "1, " "1, " "1, " "1, " "1, " "1, " "1, " "1, " "1, " "1, " "1, " "1, " "1, " "1, " "1, " "1, " "1, " "1, " "1, " "1, " "1, " "1, " "1, " "1, " "1, " "1, " "1, " "1, " "1, " "1, " "1, " "1, " "1, " "1, " "1, " "1, " "1, " "1, " "1, " "1, " "1, " "1, " "1, " "1, " "1, " "1, " "1, " "1, " "1, " "1, " "1, " "1, " "1, " "1, " "1, " "1, " "1, " "1, " "1, " "1, " "1, " "1, " "1, " "1, " "1, " "1, " "1, " "1, " "1, " "1, " "1, " "1, " "1, " "1, " "1, " "1, " "1, " "1, " "1, " "1, " "1, " "1, " "1, " "1, " "1, " "1, " "1, " "1, " "1, " "1, " "1, " "1, " "1, " "1, " "1, " "1, " "1, " "1, " "1, " "1, " "1, " "1, " "1, " "1, " "1, " "1, " "1, " "1, " "1, " "1, " "1, " "1, " "1, " "1, " "1, " "1, " "1, " "1, " "1, " "1, " "1, " "1, " "1, " "1, " "1, " "1, " "1, " "1, " "1, " "1, " "1, " "1, " "1, " "1, " "1, " "1, " "1, " "1, " "1, " "1, " "1, " "1, " "1, " "1, " "1, " "1, " "1, " "1, " "1, " "1, " "1, " "1, " "1, " "1, " "1, " "1, " "1, " "1, " "1, " "1, " "1, " "1, " "1, " "1, " "1, " "1, " "1, " "1, " "1, " "1, " "1, " "1, " "1, " "1, " "1, " "1, " "1, " "1, " "1, " "1, " "1, " "1, " "1, " "1, " "1, " "1, " "1, " "1, " "1, " "1, " "1, " "1, " "1, " "1, " "1, " "1, " "1, " "1, " "1, " "1, " "1, " "1, " "1, " "1, " "1, " "1, " "1, " "1, " "1, " "1, " "1, " "1, " "1, " "1, " "1, " "1, " "1, " "1, " "1, " "1, " "1, " "1, " "1, " "1, " "1, " "1, " "1, " "1, " "1, " "1, " "1, " "1, " "1, " "1, " "1, " "1, " "1, " "1, " "1, " "1, " "1, " "1, " "1, " "1, " "1, " "1, " "1, " "1, " "1, " "1, " "1, " "1, " "1, " "1, " "1, " "1, " "1, " "1, " "1, " "1, " "1, " "1, " "1, " "1, " "1, " "1, " "1, " "1, " "1, " "1, " "1, " "1, " "1, " "1, " "1, " "1, " "1, " "1, " "1, " "1, " "1, " "1, " "1, " "1, " "1, " "1, " "1, " "1, " "1, " "1, " "1, " "1, " "1, " "1, " "1, " "1, " "1, " "1, " "1, " "1, " "1, " "1, " "1, " "1, " "1, " "1, " "1, " "1, " "1, " "1, " "1, " "1, " "1, " "1, " "1, " "1, " "1, " "1, " "1, " "1, " "1, " "1, " "1, " "1, " "1, " "1, " "1, " "1, " "1, " "1, " "1, " "1, " "1, " "1, " "1, " "1, " "1, " "1, " "1, " "1, " "1, " "1, " "1, " "1, " "1, " "1, " "1, " "1, " "1, " "1, " "1, " "1, " "1, " "1, " "1, " "1, " "1, " "1, " "1, " "1, " "1, " "1, " "1, " "1, " "1, " "1, " "1, " "1, " "1, " "1, " "1, " "1, " "1, " "1, " "1, " "1, " "1, " "1, " "1, " "1, " "1, " "1, " "1, " "1, " "1, " "1, " "1, " "1, " "1, " "1, " "1, " "1, " "1, " "1, " "1, " "1, " "1, " "1, " "1, " "1, " "1, " "1, " "1, " "1, " "1, " "1, " "1, " "1, " "1, " "1, " "1, " "1, " "1, " "1, " "1, " "1, " "1, " "1, " "1, " "1, " "1, " "1, " "1, " "1, " "1, " "1, " "1, " "1, " "1, " "1, " "1, " "1, " "1, " "1, " "1, " "1, " "1, " "1, " "1, " "1, " "1, " "1, " "1, " "1, " "1, " "1, " "1, " "1, " "1, " "1, "204
 "Nei62, 0.333, " "0.015, " "1, " "1, " "1, " "1, " "1, " "1, " "1, " "1, " "1, " "1, " "1, " "1, " "1, " "1, " "1, " "1, " "1, " "1, " "1, " "1, " "1, " "1, " "1, " "1, " "1, " "1, " "1, " "1, " "1, " "1, " "1, " "1, " "1, " "1, " "1, " "1, " "1, " "1, " "1, " "1, " "1, " "1, " "1, " "1, " "1, " "1, " "1, " "1, " "1, " "1, " "1, " "1, " "1, " "1, " "1, " "1, " "1, " "1, " "1, " "1, " "1, " "1, " "0, " "1, " "1, " "1, " "1, " "1, " "1, " "1, " "1, " "1, " "1, " "1, " "1, " "1, " "1, " "1, " "1, " "1, " "1, " "1, " "1, " "1, " "1, " "1, " "1, " "1, " "1, " "1, " "1, " "1, " "1, " "1, " "1, " "1, " "1, " "1, " "1, " "1, " "1, " "1, " "1, " "1, " "1, " "1, " "1, " "1, " "1, " "1, " "1, " "1, " "1, " "1, " "1, " "1, " "1, " "1, " "1, " "1, " "1, " "1, " "1, " "1, " "1, " "1, " "1, " "1, " "1, " "1, " "1, " "1, " "1, " "1, " "1, " "1, " "1, " "1, " "1, " "1, " "1, " "1, " "1, " "1, " "1, " "1, " "1, " "1, " "1, " "1, " "1, " "1, " "1, " "1, " "1, " "1, " "1, " "1, " "1, " "1, " "1, " "1, " "1, " "1, " "1, " "1, " "1, " "1, " "1, " "1, " "1, " "1, " "1, " "1, " "1, " "1, " "1, " "1, " "1, " "1, " "1, " "1, " "1, " "1, " "1, " "1, " "1, " "1, " "1, " "1, " "1, " "1, " "1, " "1, " "1, " "1, " "1, " "1, " "1, " "1, " "1, " "1, " "1, " "1, " "1, " "1, " "1, " "1, " "1, " "1, " "1, " "1, " "1, " "1, " "1, " "1, " "1, " "1, " "1, " "1, " "1, " "1, " "1, " "1, " "1, " "1, " "1, " "1, " "1, " "1, " "1, " "1, " "1, " "1, " "1, " "1, " "1, " "1, " "1, " "1, " "1, " "1, " "1, " "1, " "1, " "1, " "1, " "1, " "1, " "1, " "1, " "1, " "1, " "1, " "1, " "1, " "1, " "1, " "1, " "1, " "1, " "1, " "1, " "1, " "1, " "1, " "1, " "1, " "1, " "1, " "1, " "1, " "1, " "1, " "1, " "1, " "1, " "1, " "1, " "1, " "1, " "1, " "1, " "1, " "1, " "1, " "1, " "1, " "1, " "1, " "1, " "1, " "1, " "1, " "1, " "1, " "1, " "1, " "1, " "1, " "1, " "1, " "1, " "1, " "1, " "1, " "1, " "1, " "1, " "1, " "1, " "1, " "1, " "1, " "1, " "1, " "1, " "1, " "1, " "1, " "1, " "1, " "1, " "1, " "1, " "1, " "1, " "1, " "1, " "1, " "1, " "1, " "1, " "1, " "1, " "1, " "1, " "1, " "1, " "1, " "1, " "1, " "1, " "1, " "1, " "1, " "1, " "1, " "1, " "1, " "1, " "1, " "1, " "1, " "1, " "1, " "1, " "1, " "1, " "1, " "1, " "1, " "1, " "1, " "1, " "1, " "1, " "1, " "1, " "1, " "1, " "1, " "1, " "1, " "1, " "1, " "1, " "1, " "1, " "1, " "1, " "1, " "1, " "1, " "1, " "1, " "1, " "1, " "1, " "1, " "1, " "1, " "1, " "1, " "1, " "1, " "1, " "1, " "1, " "1, " "1, " "1, " "1, " "1, " "1, " "1, " "1, " "1, " "1, " "1, " "1, " "1, " "1, " "1, " "1, " "1, " "1, " "1, " "1, " "1, " "1, " "1, " "1, " "1, " "1, " "1, " "1, " "1, " "1, " "1, " "1, " "1, " "1, " "1, " "1, " "1, " "1, " "1, " "1, " "1, " "1, " "1, " "1, " "1, " "1, " "1, " "1, " "1, " "1, " "1, " "1, " "1, " "1, " "1, " "1, " "1, " "1, " "1, " "1, " "1, " "1, " "1, " "1, " "1, " "1, " "1, " "1, " "1, " "1, " "1, " "1, " "1, " "1, " "1, " "1, " "1, " "1, " "1, " "1, " "1, " "1, " "1, " "1, " "1, " "1, " "1, " "1, " "1, " "1, " "1, " "1, " "1, " "1, " "1, " "1, " "1, " "1, " "1, " "1, " "1, " "1, " "1, " "1, " "1, " "1, " "1, " "1, " "1, " "1, " "1, " "1, " "1, " "1, "204
 "Nei63, 0.208, " "0.015, " "1, " "1, " "1, " "1, " "1, " "1, " "1, " "1, " "1, " "1, " "1, " "1, " "1, " "1, " "1, " "1, " "1, " "1, " "1, " "1, " "1, " "1, " "1, " "1, " "1, " "1, " "1, " "1, " "1, " "1, " "1, " "1, " "1, " "1, " "1, " "1, " "1, " "1, " "1, " "1, " "1, " "1, " "1, " "1, " "1, " "1, " "1, " "1, " "1, " "1, " "1, " "1, " "1, " "1, " "1, " "1, " "1, " "1, " "1, " "1, " "1, " "1, " "1, " "0, " "1, " "1, " "1, " "1, " "1, " "1, " "1, " "1, " "1, " "1, " "1, " "1, " "1, " "1, " "1, " "1, " "1, " "1, " "1, " "1, " "1, " "1, " "1, " "1, " "1, " "1, " "1, " "1, " "1, " "1, " "1, " "1, " "1, " "1, " "1, " "1, " "1, " "1, " "1, " "1, " "1, " "1, " "1, " "1, " "1, " "1, " "1, " "1, " "1, " "1, " "1, " "1, " "1, " "1, " "1, " "1, " "1, " "1, " "1, " "1, " "1, " "1, " "1, " "1, " "1, " "1, " "1, " "1, " "1, " "1, " "1, " "1, " "1, " "1, " "1, " "1, " "1, " "1, " "1, " "1, " "1, " "1, " "1, " "1, " "1, " "1, " "1, " "1, " "1, " "1, " "1, " "1, " "1, " "1, " "1, " "1, " "1, " "1, " "1, " "1, " "1, " "1, " "1, " "1, " "1, " "1, " "1, " "1, " "1, " "1, " "1, " "1, " "1, " "1, " "1, " "1, " "1, " "1, " "1, " "1, " "1, " "1, " "1, " "1, " "1, " "1, " "1, " "1, " "1, " "1, " "1, " "1, " "1, " "1, " "1, " "1, " "1, " "1, " "1, " "1, " "1, " "1, " "1, " "1, " "1, " "1, " "1, " "1, " "1, " "1, " "1, " "1, " "1, " "1, " "1, " "1, " "1, " "1, " "1, " "1, " "1, " "1, " "1, " "1, " "1, " "1, " "1, " "1, " "1, " "1, " "1, " "1, " "1, " "1, " "1, " "1, " "1, " "1, " "1, " "1, " "1, " "1, " "1, " "1, " "1, " "1, " "1, " "1, " "1, " "1, " "1, " "1, " "1, " "1, " "1, " "1, " "1, " "1, " "1, " "1, " "1, " "1, " "1, " "1, " "1, " "1, " "1, " "1, " "1, " "1, " "1, " "1, " "1, " "1, " "1, " "1, " "1, " "1, " "1, " "1, " "1, " "1, " "1, " "1, " "1, " "1, " "1, " "1, " "1, " "1, " "1, " "1, " "1, " "1, " "1, " "1, " "1, " "1, " "1, " "1, " "1, " "1, " "1, " "1, " "1, " "1, " "1, " "1, " "1, " "1, " "1, " "1, " "1, " "1, " "1, " "1, " "1, " "1, " "1, " "1, " "1, " "1, " "1, " "1, " "1, " "1, " "1, " "1, " "1, " "1, " "1, " "1, " "1, " "1, " "1, " "1, " "1, " "1, " "1, " "1, " "1, " "1, " "1, " "1, " "1, " "1, " "1, " "1, " "1, " "1, " "1, " "1, " "1, " "1, " "1, " "1, " "1, " "1, " "1, " "1, " "1, " "1, " "1, " "1, " "1, " "1, " "1, " "1, " "1, " "1, " "1, " "1, " "1, " "1, " "1, " "1, " "1, " "1, " "1, " "1, " "1, " "1, " "1, " "1, " "1, " "1, " "1, " "1, " "1, " "1, " "1, " "1, " "1, " "1, " "1, " "1, " "1, " "1, " "1, " "1, " "1, " "1, " "1, " "1, " "1, " "1, " "1, " "1, " "1, " "1, " "1, " "1, " "1, " "1, " "1, " "1, " "1, " "1, " "1, " "1, " "1, " "1, " "1, " "1, " "1, " "1, " "1, " "1, " "1, " "1, " "1, " "1, " "1, " "1, " "1, " "1, " "1, " "1, " "1, " "1, " "1, " "1, " "1, " "1, " "1, " "1, " "1, " "1, " "1, " "1, " "1, " "1, " "1, " "1, " "1, " "1, " "1, " "1, " "1, " "1, " "1, " "1, " "1, " "1, " "1, " "1, " "1, " "1, " "1, " "1, " "1, " "1, " "1, " "1, " "1, " "1, " "1, " "1, " "1, " "1, " "1, " "1, " "1, " "1, " "1, " "1, " "1, " "1, " "1, " "1, " "1, " "1, " "1, " "1, " "1, " "1, " "1, " "1, " "1, " "1, " "1, " "1, " "1, " "1, " "1, " "1, " "1, " "1, " "1, "204
 "Nei64, 0.198, " "0.015, " "1, " "1, " "1, " "1, " "1, " "1, " "1, " "1, " "1, " "1, " "1, " "1, " "1, " "1, " "1, " "1, " "1, " "1, " "1, " "1, " "1, " "1, " "1, " "1, " "1, " "1, " "1, " "1, " "1, " "1, " "1, " "1, " "1, " "1, " "1, " "1, " "1, " "1, " "1, " "1, " "1, " "1, " "1, " "1, " "1, " "1, " "1, " "1, " "1, " "1, " "1, " "1, " "1, " "1, " "1, " "1, " "1, " "1, " "1, " "1, " "1, " "1, " "1, " "1, " "0, " "1, " "1, " "1, " "1, " "1, " "1, " "1, " "1, " "1, " "1, " "1, " "1, " "1, " "1, " "1, " "1, " "1, " "1, " "1, " "1, " "1, " "1, " "1, " "1, " "1, " "1, " "1, " "1, " "1, " "1, " "1, " "1, " "1, " "1, " "1, " "1, " "1, " "1, " "1, " "1, " "1, " "1, " "1, " "1, " "1, " "1, " "1, " "1, " "1, " "1, " "1, " "1, " "1, " "1, " "1, " "1, " "1, " "1, " "1, " "1, " "1, " "1, " "1, " "1, " "1, " "1, " "1, " "1, " "1, " "1, " "1, " "1, " "1, " "1, " "1, " "1, " "1, " "1, " "1, " "1, " "1, " "1, " "1, " "1, " "1, " "1, " "1, " "1, " "1, " "1, " "1, " "1, " "1, " "1, " "1, " "1, " "1, " "1, " "1, " "1, " "1, " "1, " "1, " "1, " "1, " "1, " "1, " "1, " "1, " "1, " "1, " "1, " "1, " "1, " "1, " "1, " "1, " "1, " "1, " "1, " "1, " "1, " "1, " "1, " "1, " "1, " "1, " "1, " "1, " "1, " "1, " "1, " "1, " "1, " "1, " "1, " "1, " "1, " "1, " "1, " "1, " "1, " "1, " "1, " "1, " "1, " "1, " "1, " "1, " "1, " "1, " "1, " "1, " "1, " "1, " "1, " "1, " "1, " "1, " "1, " "1, " "1, " "1, " "1, " "1, " "1, " "1, " "1, " "1, " "1, " "1, " "1, " "1, " "1, " "1, " "1, " "1, " "1, " "1, " "1, " "1, " "1, " "1, " "1, " "1, " "1, " "1, " "1, " "1, " "1, " "1, " "1, " "1, " "1, " "1, " "1, " "1, " "1, " "1, " "1, " "1, " "1, " "1, " "1, " "1, " "1, " "1, " "1, " "1, " "1, " "1, " "1, " "1, " "1, " "1, " "1, " "1, " "1, " "1, " "1, " "1, " "1, " "1, " "1, " "1, " "1, " "1, " "1, " "1, " "1, " "1, " "1, " "1, " "1, " "1, " "1, " "1, " "1, " "1, " "1, " "1, " "1, " "1, " "1, " "1, " "1, " "1, " "1, " "1, " "1, " "1, " "1, " "1, " "1, " "1, " "1, " "1, " "1, " "1, " "1, " "1, " "1, " "1, " "1, " "1, " "1, " "1, " "1, " "1, " "1, " "1, " "1, " "1, " "1, " "1, " "1, " "1, " "1, " "1, " "1, " "1, " "1, " "1, " "1, " "1, " "1, " "1, " "1, " "1, " "1, " "1, " "1, " "1, " "1, " "1, " "1, " "1, " "1, " "1, " "1, " "1, " "1, " "1, " "1, " "1, " "1, " "1, " "1, " "1, " "1, " "1, " "1, " "1, " "1, " "1, " "1, " "1, " "1, " "1, " "1, " "1, " "1, " "1, " "1, " "1, " "1, " "1, " "1, " "1, " "1, " "1, " "1, " "1, " "1, " "1, " "1, " "1, " "1, " "1, " "1, " "1, " "1, " "1, " "1, " "1, " "1, " "1, " "1, " "1, " "1, " "1, " "1, " "1, " "1, " "1, " "1, " "1, " "1, " "1, " "1, " "1, " "1, " "1, " "1, " "1, " "1, " "1, " "1, " "1, " "1, " "1, " "1, " "1, " "1, " "1, " "1, " "1, " "1, " "1, " "1, " "1, " "1, " "1, " "1, " "1, " "1, " "1, " "1, " "1, " "1, " "1, " "1, " "1, " "1, " "1, " "1, " "1, " "1, " "1, " "1, " "1, " "1, " "1, " "1, " "1, " "1, " "1, " "1, " "1, " "1, " "1, " "1, " "1, " "1, " "1, " "1, " "1, " "1, " "1, " "1, " "1, " "1, " "1, " "1, " "1, " "1, " "1, " "1, " "1, " "1, " "1, " "1, " "1, " "1, " "1, " "1, " "1, " "1, " "1, " "1, " "1, " "1, " "1, " "1, " "1, " "1, " "1, " "1, "204
 "Nei65, 0.233, " "0.015, " "1, " "1, " "1, " "1, " "1, " "1, " "1, " "1, " "1, " "1, " "1, " "1, " "1, " "1, " "1, " "1, " "1, " "1, " "1, " "1, " "1, " "1, " "1, " "1, " "1, " "1, " "1, " "1, " "1, " "1, " "1, " "1, " "1, " "1, " "1, " "1, " "1, " "1, " "1, " "1, " "1, " "1, " "1, " "1, " "1, " "1, " "1, " "1, " "1, " "1, " "1, " "1, " "1, " "1, " "1, " "1, " "1, " "1, " "1, " "1, " "1, " "1, " "1, " "1, " "1, " "0, " "1, " "1, " "1, " "1, " "1, " "1, " "1, " "1, " "1, " "1, " "1, " "1, " "1, " "1, " "1, " "1, " "1, " "1, " "1, " "1, " "1, " "1, " "1, " "1, " "1, " "1, " "1, " "1, " "1, " "1, " "1, " "1, " "1, " "1, " "1, " "1, " "1, " "1, " "1, " "1, " "1, " "1, " "1, " "1, " "1, " "1, " "1, " "1, " "1, " "1, " "1, " "1, " "1, " "1, " "1, " "1, " "1, " "1, " "1, " "1, " "1, " "1, " "1, " "1, " "1, " "1, " "1, " "1, " "1, " "1, " "1, " "1, " "1, " "1, " "1, " "1, " "1, " "1, " "1, " "1, " "1, " "1, " "1, " "1, " "1, " "1, " "1, " "1, " "1, " "1, " "1, " "1, " "1, " "1, " "1, " "1, " "1, " "1, " "1, " "1, " "1, " "1, " "1, " "1, " "1, " "1, " "1, " "1, " "1, " "1, " "1, " "1, " "1, " "1, " "1, " "1, " "1, " "1, " "1, " "1, " "1, " "1, " "1, " "1, " "1, " "1, " "1, " "1, " "1, " "1, " "1, " "1, " "1, " "1, " "1, " "1, " "1, " "1, " "1, " "1, " "1, " "1, " "1, " "1, " "1, " "1, " "1, " "1, " "1, " "1, " "1, " "1, " "1, " "1, " "1, " "1, " "1, " "1, " "1, " "1, " "1, " "1, " "1, " "1, " "1, " "1, " "1, " "1, " "1, " "1, " "1, " "1, " "1, " "1, " "1, " "1, " "1, " "1, " "1, " "1, " "1, " "1, " "1, " "1, " "1, " "1, " "1, " "1, " "1, " "1, " "1, " "1, " "1, " "1, " "1, " "1, " "1, " "1, " "1, " "1, " "1, " "1, " "1, " "1, " "1, " "1, " "1, " "1, " "1, " "1, " "1, " "1, " "1, " "1, " "1, " "1, " "1, " "1, " "1, " "1, " "1, " "1, " "1, " "1, " "1, " "1, " "1, " "1, " "1, " "1, " "1, " "1, " "1, " "1, " "1, " "1, " "1, " "1, " "1, " "1, " "1, " "1, " "1, " "1, " "1, " "1, " "1, " "1, " "1, " "1, " "1, " "1, " "1, " "1, " "1, " "1, " "1, " "1, " "1, " "1, " "1, " "1, " "1, " "1, " "1, " "1, " "1, " "1, " "1, " "1, " "1, " "1, " "1, " "1, " "1, " "1, " "1, " "1, " "1, " "1, " "1, " "1, " "1, " "1, " "1, " "1, " "1, " "1, " "1, " "1, " "1, " "1, " "1, " "1, " "1, " "1, " "1, " "1, " "1, " "1, " "1, " "1, " "1, " "1, " "1, " "1, " "1, " "1, " "1, " "1, " "1, " "1, " "1, " "1, " "1, " "1, " "1, " "1, " "1, " "1, " "1, " "1, " "1, " "1, " "1, " "1, " "1, " "1, " "1, " "1, " "1, " "1, " "1, " "1, " "1, " "1, " "1, " "1, " "1, " "1, " "1, " "1, " "1, " "1, " "1, " "1, " "1, " "1, " "1, " "1, " "1, " "1, " "1, " "1, " "1, " "1, " "1, " "1, " "1, " "1, " "1, " "1, " "1, " "1, " "1, " "1, " "1, " "1, " "1, " "1, " "1, " "1, " "1, " "1, " "1, " "1, " "1, " "1, " "1, " "1, " "1, " "1, " "1, " "1, " "1, " "1, " "1, " "1, " "1, " "1, " "1, " "1, " "1, " "1, " "1, " "1, " "1, " "1, " "1, " "1, " "1, " "1, " "1, " "1, " "1, " "1, " "1, " "1, " "1, " "1, " "1, " "1, " "1, " "1, " "1, " "1, " "1, " "1, " "1, " "1, " "1, " "1, " "1, " "1, " "1, " "1, " "1, " "1, " "1, " "1, " "1, " "1, " "1, " "1, " "1, " "1, " "1, " "1, " "1, " "1, " "1, " "1, " "1, " "1, " "1, " "1, " "1, "204
 "Nei66, 0.264, " "0.015, " "1, " "1, " "1, " "1, " "1, " "1, " "1, " "1, " "1, " "1, " "1, " "1, " "1, " "1, " "1, " "1, " "1, " "1, " "1, " "1, " "1, " "1, " "1, " "1, " "1, " "1, " "1, " "1, " "1, " "1, " "1, " "1, " "1, " "1, " "1, " "1, " "1, " "1, " "1, " "1, " "1, " "1, " "1, " "1, " "1, " "1, " "1, " "1, " "1, " "1, " "1, " "1, " "1, " "1, " "1, " "1, " "1, " "1, " "1, " "1, " "1, " "1, " "1, " "1, " "1, " "1, " "0, " "1, " "1, " "1, " "1, " "1, " "1, " "1, " "1, " "1, " "1, " "1, " "1, " "1, " "1, " "1, " "1, " "1, " "1, " "1, " "1, " "1, " "1, " "1, " "1, " "1, " "1, " "1, " "1, " "1, " "1, " "1, " "1, " "1, " "1, " "1, " "1, " "1, " "1, " "1, " "1, " "1, " "1, " "1, " "1, " "1, " "1, " "1, " "1, " "1, " "1, " "1, " "1, " "1, " "1, " "1, " "1, " "1, " "1, " "1, " "1, " "1, " "1, " "1, " "1, " "1, " "1, " "1, " "1, " "1, " "1, " "1, " "1, " "1, " "1, " "1, " "1, " "1, " "1, " "1, " "1, " "1, " "1, " "1, " "1, " "1, " "1, " "1, " "1, " "1, " "1, " "1, " "1, " "1, " "1, " "1, " "1, " "1, " "1, " "1, " "1, " "1, " "1, " "1, " "1, " "1, " "1, " "1, " "1, " "1, " "1, " "1, " "1, " "1, " "1, " "1, " "1, " "1, " "1, " "1, " "1, " "1, " "1, " "1, " "1, " "1, " "1, " "1, " "1, " "1, " "1, " "1, " "1, " "1, " "1, " "1, " "1, " "1, " "1, " "1, " "1, " "1, " "1, " "1, " "1, " "1, " "1, " "1, " "1, " "1, " "1, " "1, " "1, " "1, " "1, " "1, " "1, " "1, " "1, " "1, " "1, " "1, " "1, " "1, " "1, " "1, " "1, " "1, " "1, " "1, " "1, " "1, " "1, " "1, " "1, " "1, " "1, " "1, " "1, " "1, " "1, " "1, " "1, " "1, " "1, " "1, " "1, " "1, " "1, " "1, " "1, " "1, " "1, " "1, " "1, " "1, " "1, " "1, " "1, " "1, " "1, " "1, " "1, " "1, " "1, " "1, " "1, " "1, " "1, " "1, " "1, " "1, " "1, " "1, " "1, " "1, " "1, " "1, " "1, " "1, " "1, " "1, " "1, " "1, " "1, " "1, " "1, " "1, " "1, " "1, " "1, " "1, " "1, " "1, " "1, " "1, " "1, " "1, " "1, " "1, " "1, " "1, " "1, " "1, " "1, " "1, " "1, " "1, " "1, " "1, " "1, " "1, " "1, " "1, " "1, " "1, " "1, " "1, " "1, " "1, " "1, " "1, " "1, " "1, " "1, " "1, " "1, " "1, " "1, " "1, " "1, " "1, " "1, " "1, " "1, " "1, " "1, " "1, " "1, " "1, " "1, " "1, " "1, " "1, " "1, " "1, " "1, " "1, " "1, " "1, " "1, " "1, " "1, " "1, " "1, " "1, " "1, " "1, " "1, " "1, " "1, " "1, " "1, " "1, " "1, " "1, " "1, " "1, " "1, " "1, " "1, " "1, " "1, " "1, " "1, " "1, " "1, " "1, " "1, " "1, " "1, " "1, " "1, " "1, " "1, " "1, " "1, " "1, " "1, " "1, " "1, " "1, " "1, " "1, " "1, " "1, " "1, " "1, " "1, " "1, " "1, " "1, " "1, " "1, " "1, " "1, " "1, " "1, " "1, " "1, " "1, " "1, " "1, " "1, " "1, " "1, " "1, " "1, " "1, " "1, " "1, " "1, " "1, " "1, " "1, " "1, " "1, " "1, " "1, " "1, " "1, " "1, " "1, " "1, " "1, " "1, " "1, " "1, " "1, " "1, " "1, " "1, " "1, " "1, " "1, " "1, " "1, " "1, " "1, " "1, " "1, " "1, " "1, " "1, " "1, " "1, " "1, " "1, " "1, " "1, " "1, " "1, " "1, " "1, " "1, " "1, " "1, " "1, " "1, " "1, " "1, " "1, " "1, " "1, " "1, " "1, " "1, " "1, " "1, " "1, " "1, " "1, " "1, " "1, " "1, " "1, " "1, " "1, " "1, " "1, " "1, " "1, " "1, " "1, " "1, " "1, " "1, " "1, " "1, " "1, " "1, " "1, " "1, " "1, " "1, " "1, " "1, "204
 "Nei67, 0.198, " "0.015, " "1, " "1, " "1, " "1, " "1, " "1, " "1, " "1, " "1, " "1, " "1, " "1, " "1, " "1, " "1, " "1, " "1, " "1, " "1, " "1, " "1, " "1, " "1, " "1, " "1, " "1, " "1, " "1, " "1, " "1, " "1, " "1, " "1, " "1, " "1, " "1, " "1, " "1, " "1, " "1, " "1, " "1, " "1, " "1, " "1, " "1, " "1, " "1, " "1, " "1, " "1, " "1, " "1, " "1, " "1, " "1, " "1, " "1, " "1, " "1, " "1, " "1, " "1, " "1, " "1, " "1, " "1, " "0, " "1, " "1, " "1, " "1, " "1, " "1, " "1, " "1, " "1, " "1, " "1, " "1, " "1, " "1, " "1, " "1, " "1, " "1, " "1, " "1, " "1, " "1, " "1, " "1, " "1, " "1, " "1, " "1, " "1, " "1, " "1, " "1, " "1, " "1, " "1, " "1, " "1, " "1, " "1, " "1, " "1, " "1, " "1, " "1, " "1, " "1, " "1, " "1, " "1, " "1, " "1, " "1, " "1, " "1, " "1, " "1, " "1, " "1, " "1, " "1, " "1, " "1, " "1, " "1, " "1, " "1, " "1, " "1, " "1, " "1, " "1, " "1, " "1, " "1, " "1, " "1, " "1, " "1, " "1, " "1, " "1, " "1, " "1, " "1, " "1, " "1, " "1, " "1, " "1, " "1, " "1, " "1, " "1, " "1, " "1, " "1, " "1, " "1, " "1, " "1, " "1, " "1, " "1, " "1, " "1, " "1, " "1, " "1, " "1, " "1, " "1, " "1, " "1, " "1, " "1, " "1, " "1, " "1, " "1, " "1, " "1, " "1, " "1, " "1, " "1, " "1, " "1, " "1, " "1, " "1, " "1, " "1, " "1, " "1, " "1, " "1, " "1, " "1, " "1, " "1, " "1, " "1, " "1, " "1, " "1, " "1, " "1, " "1, " "1, " "1, " "1, " "1, " "1, " "1, " "1, " "1, " "1, " "1, " "1, " "1, " "1, " "1, " "1, " "1, " "1, " "1, " "1, " "1, " "1, " "1, " "1, " "1, " "1, " "1, " "1, " "1, " "1, " "1, " "1, " "1, " "1, " "1, " "1, " "1, " "1, " "1, " "1, " "1, " "1, " "1, " "1, " "1, " "1, " "1, " "1, " "1, " "1, " "1, " "1, " "1, " "1, " "1, " "1, " "1, " "1, " "1, " "1, " "1, " "1, " "1, " "1, " "1, " "1, " "1, " "1, " "1, " "1, " "1, " "1, " "1, " "1, " "1, " "1, " "1, " "1, " "1, " "1, " "1, " "1, " "1, " "1, " "1, " "1, " "1, " "1, " "1, " "1, " "1, " "1, " "1, " "1, " "1, " "1, " "1, " "1, " "1, " "1, " "1, " "1, " "1, " "1, " "1, " "1, " "1, " "1, " "1, " "1, " "1, " "1, " "1, " "1, " "1, " "1, " "1, " "1, " "1, " "1, " "1, " "1, " "1, " "1, " "1, " "1, " "1, " "1, " "1, " "1, " "1, " "1, " "1, " "1, " "1, " "1, " "1, " "1, " "1, " "1, " "1, " "1, " "1, " "1, " "1, " "1, " "1, " "1, " "1, " "1, " "1, " "1, " "1, " "1, " "1, " "1, " "1, " "1, " "1, " "1, " "1, " "1, " "1, " "1, " "1, " "1, " "1, " "1, " "1, " "1, " "1, " "1, " "1, " "1, " "1, " "1, " "1, " "1, " "1, " "1, " "1, " "1, " "1, " "1, " "1, " "1, " "1, " "1, " "1, " "1, " "1, " "1, " "1, " "1, " "1, " "1, " "1, " "1, " "1, " "1, " "1, " "1, " "1, " "1, " "1, " "1, " "1, " "1, " "1, " "1, " "1, " "1, " "1, " "1, " "1, " "1, " "1, " "1, " "1, " "1, " "1, " "1, " "1, " "1, " "1, " "1, " "1, " "1, " "1, " "1, " "1, " "1, " "1, " "1, " "1, " "1, " "1, " "1, " "1, " "1, " "1, " "1, " "1, " "1, " "1, " "1, " "1, " "1, " "1, " "1, " "1, " "1, " "1, " "1, " "1, " "1, " "1, " "1, " "1, " "1, " "1, " "1, " "1, " "1, " "1, " "1, " "1, " "1, " "1, " "1, " "1, " "1, " "1, " "1, " "1, " "1, " "1, " "1, " "1, " "1, " "1, " "1, " "1, " "1, " "1, " "1, " "1, " "1, " "1, " "1, " "1, " "1, " "1, " "1, " "1, " "1, " "1, " "1, "204
 "Nei68, 0.08, " "0.015, " "1, " "1, " "1, " "1, " "1, " "1, " "1, " "1, " "1, " "1, " "1, " "1, " "1, " "1, " "1, " "1, " "1, " "1, " "1, " "1, " "1, " "1, " "1, " "1, " "1, " "1, " "1, " "1, " "1, " "1, " "1, " "1, " "1, " "1, " "1, " "1, " "1, " "1, " "1, " "1, " "1, " "1, " "1, " "1, " "1, " "1, " "1, " "1, " "1, " "1, " "1, " "1, " "1, " "1, " "1, " "1, " "1, " "1, " "1, " "1, " "1, " "1, " "1, " "1, " "1, " "1, " "1, " "1, " "0, " "1, " "1, " "1, " "1, " "1, " "1, " "1, " "1, " "1, " "1, " "1, " "1, " "1, " "1, " "1, " "1, " "1, " "1, " "1, " "1, " "1, " "1, " "1, " "1, " "1, " "1, " "1, " "1, " "1, " "1, " "1, " "1, " "1, " "1, " "1, " "1, " "1, " "1, " "1, " "1, " "1, " "1, " "1, " "1, " "1, " "1, " "1, " "1, " "1, " "1, " "1, " "1, " "1, " "1, " "1, " "1, " "1, " "1, " "1, " "1, " "1, " "1, " "1, " "1, " "1, " "1, " "1, " "1, " "1, " "1, " "1, " "1, " "1, " "1, " "1, " "1, " "1, " "1, " "1, " "1, " "1, " "1, " "1, " "1, " "1, " "1, " "1, " "1, " "1, " "1, " "1, " "1, " "1, " "1, " "1, " "1, " "1, " "1, " "1, " "1, " "1, " "1, " "1, " "1, " "1, " "1, " "1, " "1, " "1, " "1, " "1, " "1, " "1, " "1, " "1, " "1, " "1, " "1, " "1, " "1, " "1, " "1, " "1, " "1, " "1, " "1, " "1, " "1, " "1, " "1, " "1, " "1, " "1, " "1, " "1, " "1, " "1, " "1, " "1, " "1, " "1, " "1, " "1, " "1, " "1, " "1, " "1, " "1, " "1, " "1, " "1, " "1, " "1, " "1, " "1, " "1, " "1, " "1, " "1, " "1, " "1, " "1, " "1, " "1, " "1, " "1, " "1, " "1, " "1, " "1, " "1, " "1, " "1, " "1, " "1, " "1, " "1, " "1, " "1, " "1, " "1, " "1, " "1, " "1, " "1, " "1, " "1, " "1, " "1, " "1, " "1, " "1, " "1, " "1, " "1, " "1, " "1, " "1, " "1, " "1, " "1, " "1, " "1, " "1, " "1, " "1, " "1, " "1, " "1, " "1, " "1, " "1, " "1, " "1, " "1, " "1, " "1, " "1, " "1, " "1, " "1, " "1, " "1, " "1, " "1, " "1, " "1, " "1, " "1, " "1, " "1, " "1, " "1, " "1, " "1, " "1, " "1, " "1, " "1, " "1, " "1, " "1, " "1, " "1, " "1, " "1, " "1, " "1, " "1, " "1, " "1, " "1, " "1, " "1, " "1, " "1, " "1, " "1, " "1, " "1, " "1, " "1, " "1, " "1, " "1, " "1, " "1, " "1, " "1, " "1, " "1, " "1, " "1, " "1, " "1, " "1, " "1, " "1, " "1, " "1, " "1, " "1, " "1, " "1, " "1, " "1, " "1, " "1, " "1, " "1, " "1, " "1, " "1, " "1, " "1, " "1, " "1, " "1, " "1, " "1, " "1, " "1, " "1, " "1, " "1, " "1, " "1, " "1, " "1, " "1, " "1, " "1, " "1, " "1, " "1, " "1, " "1, " "1, " "1, " "1, " "1, " "1, " "1, " "1, " "1, " "1, " "1, " "1, " "1, " "1, " "1, " "1, " "1, " "1, " "1, " "1, " "1, " "1, " "1, " "1, " "1, " "1, " "1, " "1, " "1, " "1, " "1, " "1, " "1, " "1, " "1, " "1, " "1, " "1, " "1, " "1, " "1, " "1, " "1, " "1, " "1, " "1, " "1, " "1, " "1, " "1, " "1, " "1, " "1, " "1, " "1, " "1, " "1, " "1, " "1, " "1, " "1, " "1, " "1, " "1, " "1, " "1, " "1, " "1, " "1, " "1, " "1, " "1, " "1, " "1, " "1, " "1, " "1, " "1, " "1, " "1, " "1, " "1, " "1, " "1, " "1, " "1, " "1, " "1, " "1, " "1, " "1, " "1, " "1, " "1, " "1, " "1, " "1, " "1, " "1, " "1, " "1, " "1, " "1, " "1, " "1, " "1, " "1, " "1, " "1, " "1, " "1, " "1, " "1, " "1, " "1, " "1, " "1, " "1, " "1, " "1, " "1, " "1, " "1, " "1, " "1, " "1, " "1, " "1, "204
 "Nei69, 0.196, " "0.015, " "1, " "1, " "1, " "1, " "1, " "1, " "1, " "1, " "1, " "1, " "1, " "1, " "1, " "1, " "1, " "1, " "1, " "1, " "1, " "1, " "1, " "1, " "1, " "1, " "1, " "1, " "1, " "1, " "1, " "1, " "1, " "1, " "1, " "1, " "1, " "1, " "1, " "1, " "1, " "1, " "1, " "1, " "1, " "1, " "1, " "1, " "1, " "1, " "1, " "1, " "1, " "1, " "1, " "1, " "1, " "1, " "1, " "1, " "1, " "1, " "1, " "1, " "1, " "1, " "1, " "1, " "1, " "1, " "1, " "0, " "1, " "1, " "1, " "1, " "1, " "1, " "1, " "1, " "1, " "1, " "1, " "1, " "1, " "1, " "1, " "1, " "1, " "1, " "1, " "1, " "1, " "1, " "1, " "1, " "1, " "1, " "1, " "1, " "1, " "1, " "1, " "1, " "1, " "1, " "1, " "1, " "1, " "1, " "1, " "1, " "1, " "1, " "1, " "1, " "1, " "1, " "1, " "1, " "1, " "1, " "1, " "1, " "1, " "1, " "1, " "1, " "1, " "1, " "1, " "1, " "1, " "1, " "1, " "1, " "1, " "1, " "1, " "1, " "1, " "1, " "1, " "1, " "1, " "1, " "1, " "1, " "1, " "1, " "1, " "1, " "1, " "1, " "1, " "1, " "1, " "1, " "1, " "1, " "1, " "1, " "1, " "1, " "1, " "1, " "1, " "1, " "1, " "1, " "1, " "1, " "1, " "1, " "1, " "1, " "1, " "1, " "1, " "1, " "1, " "1, " "1, " "1, " "1, " "1, " "1, " "1, " "1, " "1, " "1, " "1, " "1, " "1, " "1, " "1, " "1, " "1, " "1, " "1, " "1, " "1, " "1, " "1, " "1, " "1, " "1, " "1, " "1, " "1, " "1, " "1, " "1, " "1, " "1, " "1, " "1, " "1, " "1, " "1, " "1, " "1, " "1, " "1, " "1, " "1, " "1, " "1, " "1, " "1, " "1, " "1, " "1, " "1, " "1, " "1, " "1, " "1, " "1, " "1, " "1, " "1, " "1, " "1, " "1, " "1, " "1, " "1, " "1, " "1, " "1, " "1, " "1, " "1, " "1, " "1, " "1, " "1, " "1, " "1, " "1, " "1, " "1, " "1, " "1, " "1, " "1, " "1, " "1, " "1, " "1, " "1, " "1, " "1, " "1, " "1, " "1, " "1, " "1, " "1, " "1, " "1, " "1, " "1, " "1, " "1, " "1, " "1, " "1, " "1, " "1, " "1, " "1, " "1, " "1, " "1, " "1, " "1, " "1, " "1, " "1, " "1, " "1, " "1, " "1, " "1, " "1, " "1, " "1, " "1, " "1, " "1, " "1, " "1, " "1, " "1, " "1, " "1, " "1, " "1, " "1, " "1, " "1, " "1, " "1, " "1, " "1, " "1, " "1, " "1, " "1, " "1, " "1, " "1, " "1, " "1, " "1, " "1, " "1, " "1, " "1, " "1, " "1, " "1, " "1, " "1, " "1, " "1, " "1, " "1, " "1, " "1, " "1, " "1, " "1, " "1, " "1, " "1, " "1, " "1, " "1, " "1, " "1, " "1, " "1, " "1, " "1, " "1, " "1, " "1, " "1, " "1, " "1, " "1, " "1, " "1, " "1, " "1, " "1, " "1, " "1, " "1, " "1, " "1, " "1, " "1, " "1, " "1, " "1, " "1, " "1, " "1, " "1, " "1, " "1, " "1, " "1, " "1, " "1, " "1, " "1, " "1, " "1, " "1, " "1, " "1, " "1, " "1, " "1, " "1, " "1, " "1, " "1, " "1, " "1, " "1, " "1, " "1, " "1, " "1, " "1, " "1, " "1, " "1, " "1, " "1, " "1, " "1, " "1, " "1, " "1, " "1, " "1, " "1, " "1, " "1, " "1, " "1, " "1, " "1, " "1, " "1, " "1, " "1, " "1, " "1, " "1, " "1, " "1, " "1, " "1, " "1, " "1, " "1, " "1, " "1, " "1, " "1, " "1, " "1, " "1, " "1, " "1, " "1, " "1, " "1, " "1, " "1, " "1, " "1, " "1, " "1, " "1, " "1, " "1, " "1, " "1, " "1, " "1, " "1, " "1, " "1, " "1, " "1, " "1, " "1, " "1, " "1, " "1, " "1, " "1, " "1, " "1, " "1, " "1, " "1, " "1, " "1, " "1, " "1, " "1, " "1, " "1, " "1, " "1, " "1, " "1, " "1, " "1, " "1, " "1, " "1, " "1, " "1, " "1, "204
 "Nei70, 0.196, " "0.015, " "1, " "1, " "1, " "1, " "1, " "1, " "1, " "1, " "1, " "1, " "1, " "1, " "1, " "1, " "1, " "1, " "1, " "1, " "1, " "1, " "1, " "1, " "1, " "1, " "1, " "1, " "1, " "1, " "1, " "1, " "1, " "1, " "1, " "1, " "1, " "1, " "1, " "1, " "1, " "1, " "1, " "1, " "1, " "1, " "1, " "1, " "1, " "1, " "1, " "1, " "1, " "1, " "1, " "1, " "1, " "1, " "1, " "1, " "1, " "1, " "1, " "1, " "1, " "1, " "1, " "1, " "1, " "1, " "1, " "1, " "0, " "1, " "1, " "1, " "1, " "1, " "1, " "1, " "1, " "1, " "1, " "1, " "1, " "1, " "1, " "1, " "1, " "1, " "1, " "1, " "1, " "1, " "1, " "1, " "1, " "1, " "1, " "1, " "1, " "1, " "1, " "1, " "1, " "1, " "1, " "1, " "1, " "1, " "1, " "1, " "1, " "1, " "1, " "1, " "1, " "1, " "1, " "1, " "1, " "1, " "1, " "1, " "1, " "1, " "1, " "1, " "1, " "1, " "1, " "1, " "1, " "1, " "1, " "1, " "1, " "1, " "1, " "1, " "1, " "1, " "1, " "1, " "1, " "1, " "1, " "1, " "1, " "1, " "1, " "1, " "1, " "1, " "1, " "1, " "1, " "1, " "1, " "1, " "1, " "1, " "1, " "1, " "1, " "1, " "1, " "1, " "1, " "1, " "1, " "1, " "1, " "1, " "1, " "1, " "1, " "1, " "1, " "1, " "1, " "1, " "1, " "1, " "1, " "1, " "1, " "1, " "1, " "1, " "1, " "1, " "1, " "1, " "1, " "1, " "1, " "1, " "1, " "1, " "1, " "1, " "1, " "1, " "1, " "1, " "1, " "1, " "1, " "1, " "1, " "1, " "1, " "1, " "1, " "1, " "1, " "1, " "1, " "1, " "1, " "1, " "1, " "1, " "1, " "1, " "1, " "1, " "1, " "1, " "1, " "1, " "1, " "1, " "1, " "1, " "1, " "1, " "1, " "1, " "1, " "1, " "1, " "1, " "1, " "1, " "1, " "1, " "1, " "1, " "1, " "1, " "1, " "1, " "1, " "1, " "1, " "1, " "1, " "1, " "1, " "1, " "1, " "1, " "1, " "1, " "1, " "1, " "1, " "1, " "1, " "1, " "1, " "1, " "1, " "1, " "1, " "1, " "1, " "1, " "1, " "1, " "1, " "1, " "1, " "1, " "1, " "1, " "1, " "1, " "1, " "1, " "1, " "1, " "1, " "1, " "1, " "1, " "1, " "1, " "1, " "1, " "1, " "1, " "1, " "1, " "1, " "1, " "1, " "1, " "1, " "1, " "1, " "1, " "1, " "1, " "1, " "1, " "1, " "1, " "1, " "1, " "1, " "1, " "1, " "1, " "1, " "1, " "1, " "1, " "1, " "1, " "1, " "1, " "1, " "1, " "1, " "1, " "1, " "1, " "1, " "1, " "1, " "1, " "1, " "1, " "1, " "1, " "1, " "1, " "1, " "1, " "1, " "1, " "1, " "1, " "1, " "1, " "1, " "1, " "1, " "1, " "1, " "1, " "1, " "1, " "1, " "1, " "1, " "1, " "1, " "1, " "1, " "1, " "1, " "1, " "1, " "1, " "1, " "1, " "1, " "1, " "1, " "1, " "1, " "1, " "1, " "1, " "1, " "1, " "1, " "1, " "1, " "1, " "1, " "1, " "1, " "1, " "1, " "1, " "1, " "1, " "1, " "1, " "1, " "1, " "1, " "1, " "1, " "1, " "1, " "1, " "1, " "1, " "1, " "1, " "1, " "1, " "1, " "1, " "1, " "1, " "1, " "1, " "1, " "1, " "1, " "1, " "1, " "1, " "1, " "1, " "1, " "1, " "1, " "1, " "1, " "1, " "1, " "1, " "1, " "1, " "1, " "1, " "1, " "1, " "1, " "1, " "1, " "1, " "1, " "1, " "1, " "1, " "1, " "1, " "1, " "1, " "1, " "1, " "1, " "1, " "1, " "1, " "1, " "1, " "1, " "1, " "1, " "1, " "1, " "1, " "1, " "1, " "1, " "1, " "1, " "1, " "1, " "1, " "1, " "1, " "1, " "1, " "1, " "1, " "1, " "1, " "1, " "1, " "1, " "1, " "1, " "1, " "1, " "1, " "1, " "1, " "1, " "1, " "1, " "1, " "1, " "1, " "1, " "1, " "1, " "1, " "1, " "1, " "1, " "1, " "1, " "1, " "1, "204
 "Nei71, 0.087, " "0.015, " "1, " "1, " "1, " "1, " "1, " "1, " "1, " "1, " "1, " "1, " "1, " "1, " "1, " "1, " "1, " "1, " "1, " "1, " "1, " "1, " "1, " "1, " "1, " "1, " "1, " "1, " "1, " "1, " "1, " "1, " "1, " "1, " "1, " "1, " "1, " "1, " "1, " "1, " "1, " "1, " "1, " "1, " "1, " "1, " "1, " "1, " "1, " "1, " "1, " "1, " "1, " "1, " "1, " "1, " "1, " "1, " "1, " "1, " "1, " "1, " "1, " "1, " "1, " "1, " "1, " "1, " "1, " "1, " "1, " "1, " "1, " "0, " "1, " "1, " "1, " "1, " "1, " "1, " "1, " "1, " "1, " "1, " "1, " "1, " "1, " "1, " "1, " "1, " "1, " "1, " "1, " "1, " "1, " "1, " "1, " "1, " "1, " "1, " "1, " "1, " "1, " "1, " "1, " "1, " "1, " "1, " "1, " "1, " "1, " "1, " "1, " "1, " "1, " "1, " "1, " "1, " "1, " "1, " "1, " "1, " "1, " "1, " "1, " "1, " "1, " "1, " "1, " "1, " "1, " "1, " "1, " "1, " "1, " "1, " "1, " "1, " "1, " "1, " "1, " "1, " "1, " "1, " "1, " "1, " "1, " "1, " "1, " "1, " "1, " "1, " "1, " "1, " "1, " "1, " "1, " "1, " "1, " "1, " "1, " "1, " "1, " "1, " "1, " "1, " "1, " "1, " "1, " "1, " "1, " "1, " "1, " "1, " "1, " "1, " "1, " "1, " "1, " "1, " "1, " "1, " "1, " "1, " "1, " "1, " "1, " "1, " "1, " "1, " "1, " "1, " "1, " "1, " "1, " "1, " "1, " "1, " "1, " "1, " "1, " "1, " "1, " "1, " "1, " "1, " "1, " "1, " "1, " "1, " "1, " "1, " "1, " "1, " "1, " "1, " "1, " "1, " "1, " "1, " "1, " "1, " "1, " "1, " "1, " "1, " "1, " "1, " "1, " "1, " "1, " "1, " "1, " "1, " "1, " "1, " "1, " "1, " "1, " "1, " "1, " "1, " "1, " "1, " "1, " "1, " "1, " "1, " "1, " "1, " "1, " "1, " "1, " "1, " "1, " "1, " "1, " "1, " "1, " "1, " "1, " "1, " "1, " "1, " "1, " "1, " "1, " "1, " "1, " "1, " "1, " "1, " "1, " "1, " "1, " "1, " "1, " "1, " "1, " "1, " "1, " "1, " "1, " "1, " "1, " "1, " "1, " "1, " "1, " "1, " "1, " "1, " "1, " "1, " "1, " "1, " "1, " "1, " "1, " "1, " "1, " "1, " "1, " "1, " "1, " "1, " "1, " "1, " "1, " "1, " "1, " "1, " "1, " "1, " "1, " "1, " "1, " "1, " "1, " "1, " "1, " "1, " "1, " "1, " "1, " "1, " "1, " "1, " "1, " "1, " "1, " "1, " "1, " "1, " "1, " "1, " "1, " "1, " "1, " "1, " "1, " "1, " "1, " "1, " "1, " "1, " "1, " "1, " "1, " "1, " "1, " "1, " "1, " "1, " "1, " "1, " "1, " "1, " "1, " "1, " "1, " "1, " "1, " "1, " "1, " "1, " "1, " "1, " "1, " "1, " "1, " "1, " "1, " "1, " "1, " "1, " "1, " "1, " "1, " "1, " "1, " "1, " "1, " "1, " "1, " "1, " "1, " "1, " "1, " "1, " "1, " "1, " "1, " "1, " "1, " "1, " "1, " "1, " "1, " "1, " "1, " "1, " "1, " "1, " "1, " "1, " "1, " "1, " "1, " "1, " "1, " "1, " "1, " "1, " "1, " "1, " "1, " "1, " "1, " "1, " "1, " "1, " "1, " "1, " "1, " "1, " "1, " "1, " "1, " "1, " "1, " "1, " "1, " "1, " "1, " "1, " "1, " "1, " "1, " "1, " "1, " "1, " "1, " "1, " "1, " "1, " "1, " "1, " "1, " "1, " "1, " "1, " "1, " "1, " "1, " "1, " "1, " "1, " "1, " "1, " "1, " "1, " "1, " "1, " "1, " "1, " "1, " "1, " "1, " "1, " "1, " "1, " "1, " "1, " "1, " "1, " "1, " "1, " "1, " "1, " "1, " "1, " "1, " "1, " "1, " "1, " "1, " "1, " "1, " "1, " "1, " "1, " "1, " "1, " "1, " "1, " "1, " "1, " "1, " "1, " "1, " "1, " "1, " "1, " "1, " "1, " "1, " "1, " "1, " "1, " "1, " "1, " "1, " "1, " "1, "204
 "Nei72, 0.066, " "0.015, " "1, " "1, " "1, " "1, " "1, " "1, " "1, " "1, " "1, " "1, " "1, " "1, " "1, " "1, " "1, " "1, " "1, " "1, " "1, " "1, " "1, " "1, " "1, " "1, " "1, " "1, " "1, " "1, " "1, " "1, " "1, " "1, " "1, " "1, " "1, " "1, " "1, " "1, " "1, " "1, " "1, " "1, " "1, " "1, " "1, " "1, " "1, " "1, " "1, " "1, " "1, " "1, " "1, " "1, " "1, " "1, " "1, " "1, " "1, " "1, " "1, " "1, " "1, " "1, " "1, " "1, " "1, " "1, " "1, " "1, " "1, " "1, " "0, " "1, " "1, " "1, " "1, " "1, " "1, " "1, " "1, " "1, " "1, " "1, " "1, " "1, " "1, " "1, " "1, " "1, " "1, " "1, " "1, " "1, " "1, " "1, " "1, " "1, " "1, " "1, " "1, " "1, " "1, " "1, " "1, " "1, " "1, " "1, " "1, " "1, " "1, " "1, " "1, " "1, " "1, " "1, " "1, " "1, " "1, " "1, " "1, " "1, " "1, " "1, " "1, " "1, " "1, " "1, " "1, " "1, " "1, " "1, " "1, " "1, " "1, " "1, " "1, " "1, " "1, " "1, " "1, " "1, " "1, " "1, " "1, " "1, " "1, " "1, " "1, " "1, " "1, " "1, " "1, " "1, " "1, " "1, " "1, " "1, " "1, " "1, " "1, " "1, " "1, " "1, " "1, " "1, " "1, " "1, " "1, " "1, " "1, " "1, " "1, " "1, " "1, " "1, " "1, " "1, " "1, " "1, " "1, " "1, " "1, " "1, " "1, " "1, " "1, " "1, " "1, " "1, " "1, " "1, " "1, " "1, " "1, " "1, " "1, " "1, " "1, " "1, " "1, " "1, " "1, " "1, " "1, " "1, " "1, " "1, " "1, " "1, " "1, " "1, " "1, " "1, " "1, " "1, " "1, " "1, " "1, " "1, " "1, " "1, " "1, " "1, " "1, " "1, " "1, " "1, " "1, " "1, " "1, " "1, " "1, " "1, " "1, " "1, " "1, " "1, " "1, " "1, " "1, " "1, " "1, " "1, " "1, " "1, " "1, " "1, " "1, " "1, " "1, " "1, " "1, " "1, " "1, " "1, " "1, " "1, " "1, " "1, " "1, " "1, " "1, " "1, " "1, " "1, " "1, " "1, " "1, " "1, " "1, " "1, " "1, " "1, " "1, " "1, " "1, " "1, " "1, " "1, " "1, " "1, " "1, " "1, " "1, " "1, " "1, " "1, " "1, " "1, " "1, " "1, " "1, " "1, " "1, " "1, " "1, " "1, " "1, " "1, " "1, " "1, " "1, " "1, " "1, " "1, " "1, " "1, " "1, " "1, " "1, " "1, " "1, " "1, " "1, " "1, " "1, " "1, " "1, " "1, " "1, " "1, " "1, " "1, " "1, " "1, " "1, " "1, " "1, " "1, " "1, " "1, " "1, " "1, " "1, " "1, " "1, " "1, " "1, " "1, " "1, " "1, " "1, " "1, " "1, " "1, " "1, " "1, " "1, " "1, " "1, " "1, " "1, " "1, " "1, " "1, " "1, " "1, " "1, " "1, " "1, " "1, " "1, " "1, " "1, " "1, " "1, " "1, " "1, " "1, " "1, " "1, " "1, " "1, " "1, " "1, " "1, " "1, " "1, " "1, " "1, " "1, " "1, " "1, " "1, " "1, " "1, " "1, " "1, " "1, " "1, " "1, " "1, " "1, " "1, " "1, " "1, " "1, " "1, " "1, " "1, " "1, " "1, " "1, " "1, " "1, " "1, " "1, " "1, " "1, " "1, " "1, " "1, " "1, " "1, " "1, " "1, " "1, " "1, " "1, " "1, " "1, " "1, " "1, " "1, " "1, " "1, " "1, " "1, " "1, " "1, " "1, " "1, " "1, " "1, " "1, " "1, " "1, " "1, " "1, " "1, " "1, " "1, " "1, " "1, " "1, " "1, " "1, " "1, " "1, " "1, " "1, " "1, " "1, " "1, " "1, " "1, " "1, " "1, " "1, " "1, " "1, " "1, " "1, " "1, " "1, " "1, " "1, " "1, " "1, " "1, " "1, " "1, " "1, " "1, " "1, " "1, " "1, " "1, " "1, " "1, " "1, " "1, " "1, " "1, " "1, " "1, " "1, " "1, " "1, " "1, " "1, " "1, " "1, " "1, " "1, " "1, " "1, " "1, " "1, " "1, " "1, " "1, " "1, " "1, " "1, " "1, " "1, " "1, " "1, " "1, " "1, " "1, "204
 "Nei73, 0.225, " "0.015, " "1, " "1, " "1, " "1, " "1, " "1, " "1, " "1, " "1, " "1, " "1, " "1, " "1, " "1, " "1, " "1, " "1, " "1, " "1, " "1, " "1, " "1, " "1, " "1, " "1, " "1, " "1, " "1, " "1, " "1, " "1, " "1, " "1, " "1, " "1, " "1, " "1, " "1, " "1, " "1, " "1, " "1, " "1, " "1, " "1, " "1, " "1, " "1, " "1, " "1, " "1, " "1, " "1, " "1, " "1, " "1, " "1, " "1, " "1, " "1, " "1, " "1, " "1, " "1, " "1, " "1, " "1, " "1, " "1, " "1, " "1, " "1, " "1, " "0, " "1, " "1, " "1, " "1, " "1, " "1, " "1, " "1, " "1, " "1, " "1, " "1, " "1, " "1, " "1, " "1, " "1, " "1, " "1, " "1, " "1, " "1, " "1, " "1, " "1, " "1, " "1, " "1, " "1, " "1, " "1, " "1, " "1, " "1, " "1, " "1, " "1, " "1, " "1, " "1, " "1, " "1, " "1, " "1, " "1, " "1, " "1, " "1, " "1, " "1, " "1, " "1, " "1, " "1, " "1, " "1, " "1, " "1, " "1, " "1, " "1, " "1, " "1, " "1, " "1, " "1, " "1, " "1, " "1, " "1, " "1, " "1, " "1, " "1, " "1, " "1, " "1, " "1, " "1, " "1, " "1, " "1, " "1, " "1, " "1, " "1, " "1, " "1, " "1, " "1, " "1, " "1, " "1, " "1, " "1, " "1, " "1, " "1, " "1, " "1, " "1, " "1, " "1, " "1, " "1, " "1, " "1, " "1, " "1, " "1, " "1, " "1, " "1, " "1, " "1, " "1, " "1, " "1, " "1, " "1, " "1, " "1, " "1, " "1, " "1, " "1, " "1, " "1, " "1, " "1, " "1, " "1, " "1, " "1, " "1, " "1, " "1, " "1, " "1, " "1, " "1, " "1, " "1, " "1, " "1, " "1, " "1, " "1, " "1, " "1, " "1, " "1, " "1, " "1, " "1, " "1, " "1, " "1, " "1, " "1, " "1, " "1, " "1, " "1, " "1, " "1, " "1, " "1, " "1, " "1, " "1, " "1, " "1, " "1, " "1, " "1, " "1, " "1, " "1, " "1, " "1, " "1, " "1, " "1, " "1, " "1, " "1, " "1, " "1, " "1, " "1, " "1, " "1, " "1, " "1, " "1, " "1, " "1, " "1, " "1, " "1, " "1, " "1, " "1, " "1, " "1, " "1, " "1, " "1, " "1, " "1, " "1, " "1, " "1, " "1, " "1, " "1, " "1, " "1, " "1, " "1, " "1, " "1, " "1, " "1, " "1, " "1, " "1, " "1, " "1, " "1, " "1, " "1, " "1, " "1, " "1, " "1, " "1, " "1, " "1, " "1, " "1, " "1, " "1, " "1, " "1, " "1, " "1, " "1, " "1, " "1, " "1, " "1, " "1, " "1, " "1, " "1, " "1, " "1, " "1, " "1, " "1, " "1, " "1, " "1, " "1, " "1, " "1, " "1, " "1, " "1, " "1, " "1, " "1, " "1, " "1, " "1, " "1, " "1, " "1, " "1, " "1, " "1, " "1, " "1, " "1, " "1, " "1, " "1, " "1, " "1, " "1, " "1, " "1, " "1, " "1, " "1, " "1, " "1, " "1, " "1, " "1, " "1, " "1, " "1, " "1, " "1, " "1, " "1, " "1, " "1, " "1, " "1, " "1, " "1, " "1, " "1, " "1, " "1, " "1, " "1, " "1, " "1, " "1, " "1, " "1, " "1, " "1, " "1, " "1, " "1, " "1, " "1, " "1, " "1, " "1, " "1, " "1, " "1, " "1, " "1, " "1, " "1, " "1, " "1, " "1, " "1, " "1, " "1, " "1, " "1, " "1, " "1, " "1, " "1, " "1, " "1, " "1, " "1, " "1, " "1, " "1, " "1, " "1, " "1, " "1, " "1, " "1, " "1, " "1, " "1, " "1, " "1, " "1, " "1, " "1, " "1, " "1, " "1, " "1, " "1, " "1, " "1, " "1, " "1, " "1, " "1, " "1, " "1, " "1, " "1, " "1, " "1, " "1, " "1, " "1, " "1, " "1, " "1, " "1, " "1, " "1, " "1, " "1, " "1, " "1, " "1, " "1, " "1, " "1, " "1, " "1, " "1, " "1, " "1, " "1, " "1, " "1, " "1, " "1, " "1, " "1, " "1, " "1, " "1, " "1, " "1, " "1, " "1, " "1, " "1, " "1, " "1, " "1, " "1, " "1, " "1, " "1, " "1, "204
 "Nei74, 0.132, " "0.015, " "1, " "1, " "1, " "1, " "1, " "1, " "1, " "1, " "1, " "1, " "1, " "1, " "1, " "1, " "1, " "1, " "1, " "1, " "1, " "1, " "1, " "1, " "1, " "1, " "1, " "1, " "1, " "1, " "1, " "1, " "1, " "1, " "1, " "1, " "1, " "1, " "1, " "1, " "1, " "1, " "1, " "1, " "1, " "1, " "1, " "1, " "1, " "1, " "1, " "1, " "1, " "1, " "1, " "1, " "1, " "1, " "1, " "1, " "1, " "1, " "1, " "1, " "1, " "1, " "1, " "1, " "1, " "1, " "1, " "1, " "1, " "1, " "1, " "1, " "0, " "1, " "1, " "1, " "1, " "1, " "1, " "1, " "1, " "1, " "1, " "1, " "1, " "1, " "1, " "1, " "1, " "1, " "1, " "1, " "1, " "1, " "1, " "1, " "1, " "1, " "1, " "1, " "1, " "1, " "1, " "1, " "1, " "1, " "1, " "1, " "1, " "1, " "1, " "1, " "1, " "1, " "1, " "1, " "1, " "1, " "1, " "1, " "1, " "1, " "1, " "1, " "1, " "1, " "1, " "1, " "1, " "1, " "1, " "1, " "1, " "1, " "1, " "1, " "1, " "1, " "1, " "1, " "1, " "1, " "1, " "1, " "1, " "1, " "1, " "1, " "1, " "1, " "1, " "1, " "1, " "1, " "1, " "1, " "1, " "1, " "1, " "1, " "1, " "1, " "1, " "1, " "1, " "1, " "1, " "1, " "1, " "1, " "1, " "1, " "1, " "1, " "1, " "1, " "1, " "1, " "1, " "1, " "1, " "1, " "1, " "1, " "1, " "1, " "1, " "1, " "1, " "1, " "1, " "1, " "1, " "1, " "1, " "1, " "1, " "1, " "1, " "1, " "1, " "1, " "1, " "1, " "1, " "1, " "1, " "1, " "1, " "1, " "1, " "1, " "1, " "1, " "1, " "1, " "1, " "1, " "1, " "1, " "1, " "1, " "1, " "1, " "1, " "1, " "1, " "1, " "1, " "1, " "1, " "1, " "1, " "1, " "1, " "1, " "1, " "1, " "1, " "1, " "1, " "1, " "1, " "1, " "1, " "1, " "1, " "1, " "1, " "1, " "1, " "1, " "1, " "1, " "1, " "1, " "1, " "1, " "1, " "1, " "1, " "1, " "1, " "1, " "1, " "1, " "1, " "1, " "1, " "1, " "1, " "1, " "1, " "1, " "1, " "1, " "1, " "1, " "1, " "1, " "1, " "1, " "1, " "1, " "1, " "1, " "1, " "1, " "1, " "1, " "1, " "1, " "1, " "1, " "1, " "1, " "1, " "1, " "1, " "1, " "1, " "1, " "1, " "1, " "1, " "1, " "1, " "1, " "1, " "1, " "1, " "1, " "1, " "1, " "1, " "1, " "1, " "1, " "1, " "1, " "1, " "1, " "1, " "1, " "1, " "1, " "1, " "1, " "1, " "1, " "1, " "1, " "1, " "1, " "1, " "1, " "1, " "1, " "1, " "1, " "1, " "1, " "1, " "1, " "1, " "1, " "1, " "1, " "1, " "1, " "1, " "1, " "1, " "1, " "1, " "1, " "1, " "1, " "1, " "1, " "1, " "1, " "1, " "1, " "1, " "1, " "1, " "1, " "1, " "1, " "1, " "1, " "1, " "1, " "1, " "1, " "1, " "1, " "1, " "1, " "1, " "1, " "1, " "1, " "1, " "1, " "1, " "1, " "1, " "1, " "1, " "1, " "1, " "1, " "1, " "1, " "1, " "1, " "1, " "1, " "1, " "1, " "1, " "1, " "1, " "1, " "1, " "1, " "1, " "1, " "1, " "1, " "1, " "1, " "1, " "1, " "1, " "1, " "1, " "1, " "1, " "1, " "1, " "1, " "1, " "1, " "1, " "1, " "1, " "1, " "1, " "1, " "1, " "1, " "1, " "1, " "1, " "1, " "1, " "1, " "1, " "1, " "1, " "1, " "1, " "1, " "1, " "1, " "1, " "1, " "1, " "1, " "1, " "1, " "1, " "1, " "1, " "1, " "1, " "1, " "1, " "1, " "1, " "1, " "1, " "1, " "1, " "1, " "1, " "1, " "1, " "1, " "1, " "1, " "1, " "1, " "1, " "1, " "1, " "1, " "1, " "1, " "1, " "1, " "1, " "1, " "1, " "1, " "1, " "1, " "1, " "1, " "1, " "1, " "1, " "1, " "1, " "1, " "1, " "1, " "1, " "1, " "1, " "1, " "1, " "1, " "1, " "1, " "1, " "1, " "1, "204
 "Nei75, 0.355, " "0.015, " "1, " "1, " "1, " "1, " "1, " "1, " "1, " "1, " "1, " "1, " "1, " "1, " "1, " "1, " "1, " "1, " "1, " "1, " "1, " "1, " "1, " "1, " "1, " "1, " "1, " "1, " "1, " "1, " "1, " "1, " "1, " "1, " "1, " "1, " "1, " "1, " "1, " "1, " "1, " "1, " "1, " "1, " "1, " "1, " "1, " "1, " "1, " "1, " "1, " "1, " "1, " "1, " "1, " "1, " "1, " "1, " "1, " "1, " "1, " "1, " "1, " "1, " "1, " "1, " "1, " "1, " "1, " "1, " "1, " "1, " "1, " "1, " "1, " "1, " "1, " "0, " "1, " "1, " "1, " "1, " "1, " "1, " "1, " "1, " "1, " "1, " "1, " "1, " "1, " "1, " "1, " "1, " "1, " "1, " "1, " "1, " "1, " "1, " "1, " "1, " "1, " "1, " "1, " "1, " "1, " "1, " "1, " "1, " "1, " "1, " "1, " "1, " "1, " "1, " "1, " "1, " "1, " "1, " "1, " "1, " "1, " "1, " "1, " "1, " "1, " "1, " "1, " "1, " "1, " "1, " "1, " "1, " "1, " "1, " "1, " "1, " "1, " "1, " "1, " "1, " "1, " "1, " "1, " "1, " "1, " "1, " "1, " "1, " "1, " "1, " "1, " "1, " "1, " "1, " "1, " "1, " "1, " "1, " "1, " "1, " "1, " "1, " "1, " "1, " "1, " "1, " "1, " "1, " "1, " "1, " "1, " "1, " "1, " "1, " "1, " "1, " "1, " "1, " "1, " "1, " "1, " "1, " "1, " "1, " "1, " "1, " "1, " "1, " "1, " "1, " "1, " "1, " "1, " "1, " "1, " "1, " "1, " "1, " "1, " "1, " "1, " "1, " "1, " "1, " "1, " "1, " "1, " "1, " "1, " "1, " "1, " "1, " "1, " "1, " "1, " "1, " "1, " "1, " "1, " "1, " "1, " "1, " "1, " "1, " "1, " "1, " "1, " "1, " "1, " "1, " "1, " "1, " "1, " "1, " "1, " "1, " "1, " "1, " "1, " "1, " "1, " "1, " "1, " "1, " "1, " "1, " "1, " "1, " "1, " "1, " "1, " "1, " "1, " "1, " "1, " "1, " "1, " "1, " "1, " "1, " "1, " "1, " "1, " "1, " "1, " "1, " "1, " "1, " "1, " "1, " "1, " "1, " "1, " "1, " "1, " "1, " "1, " "1, " "1, " "1, " "1, " "1, " "1, " "1, " "1, " "1, " "1, " "1, " "1, " "1, " "1, " "1, " "1, " "1, " "1, " "1, " "1, " "1, " "1, " "1, " "1, " "1, " "1, " "1, " "1, " "1, " "1, " "1, " "1, " "1, " "1, " "1, " "1, " "1, " "1, " "1, " "1, " "1, " "1, " "1, " "1, " "1, " "1, " "1, " "1, " "1, " "1, " "1, " "1, " "1, " "1, " "1, " "1, " "1, " "1, " "1, " "1, " "1, " "1, " "1, " "1, " "1, " "1, " "1, " "1, " "1, " "1, " "1, " "1, " "1, " "1, " "1, " "1, " "1, " "1, " "1, " "1, " "1, " "1, " "1, " "1, " "1, " "1, " "1, " "1, " "1, " "1, " "1, " "1, " "1, " "1, " "1, " "1, " "1, " "1, " "1, " "1, " "1, " "1, " "1, " "1, " "1, " "1, " "1, " "1, " "1, " "1, " "1, " "1, " "1, " "1, " "1, " "1, " "1, " "1, " "1, " "1, " "1, " "1, " "1, " "1, " "1, " "1, " "1, " "1, " "1, " "1, " "1, " "1, " "1, " "1, " "1, " "1, " "1, " "1, " "1, " "1, " "1, " "1, " "1, " "1, " "1, " "1, " "1, " "1, " "1, " "1, " "1, " "1, " "1, " "1, " "1, " "1, " "1, " "1, " "1, " "1, " "1, " "1, " "1, " "1, " "1, " "1, " "1, " "1, " "1, " "1, " "1, " "1, " "1, " "1, " "1, " "1, " "1, " "1, " "1, " "1, " "1, " "1, " "1, " "1, " "1, " "1, " "1, " "1, " "1, " "1, " "1, " "1, " "1, " "1, " "1, " "1, " "1, " "1, " "1, " "1, " "1, " "1, " "1, " "1, " "1, " "1, " "1, " "1, " "1, " "1, " "1, " "1, " "1, " "1, " "1, " "1, " "1, " "1, " "1, " "1, " "1, " "1, " "1, " "1, " "1, " "1, " "1, " "1, " "1, " "1, " "1, " "1, " "1, " "1, " "1, " "1, "204
 "Nei76, 0.26, " "0.015, " "1, " "1, " "1, " "1, " "1, " "1, " "1, " "1, " "1, " "1, " "1, " "1, " "1, " "1, " "1, " "1, " "1, " "1, " "1, " "1, " "1, " "1, " "1, " "1, " "1, " "1, " "1, " "1, " "1, " "1, " "1, " "1, " "1, " "1, " "1, " "1, " "1, " "1, " "1, " "1, " "1, " "1, " "1, " "1, " "1, " "1, " "1, " "1, " "1, " "1, " "1, " "1, " "1, " "1, " "1, " "1, " "1, " "1, " "1, " "1, " "1, " "1, " "1, " "1, " "1, " "1, " "1, " "1, " "1, " "1, " "1, " "1, " "1, " "1, " "1, " "1, " "0, " "1, " "1, " "1, " "1, " "1, " "1, " "1, " "1, " "1, " "1, " "1, " "1, " "1, " "1, " "1, " "1, " "1, " "1, " "1, " "1, " "1, " "1, " "1, " "1, " "1, " "1, " "1, " "1, " "1, " "1, " "1, " "1, " "1, " "1, " "1, " "1, " "1, " "1, " "1, " "1, " "1, " "1, " "1, " "1, " "1, " "1, " "1, " "1, " "1, " "1, " "1, " "1, " "1, " "1, " "1, " "1, " "1, " "1, " "1, " "1, " "1, " "1, " "1, " "1, " "1, " "1, " "1, " "1, " "1, " "1, " "1, " "1, " "1, " "1, " "1, " "1, " "1, " "1, " "1, " "1, " "1, " "1, " "1, " "1, " "1, " "1, " "1, " "1, " "1, " "1, " "1, " "1, " "1, " "1, " "1, " "1, " "1, " "1, " "1, " "1, " "1, " "1, " "1, " "1, " "1, " "1, " "1, " "1, " "1, " "1, " "1, " "1, " "1, " "1, " "1, " "1, " "1, " "1, " "1, " "1, " "1, " "1, " "1, " "1, " "1, " "1, " "1, " "1, " "1, " "1, " "1, " "1, " "1, " "1, " "1, " "1, " "1, " "1, " "1, " "1, " "1, " "1, " "1, " "1, " "1, " "1, " "1, " "1, " "1, " "1, " "1, " "1, " "1, " "1, " "1, " "1, " "1, " "1, " "1, " "1, " "1, " "1, " "1, " "1, " "1, " "1, " "1, " "1, " "1, " "1, " "1, " "1, " "1, " "1, " "1, " "1, " "1, " "1, " "1, " "1, " "1, " "1, " "1, " "1, " "1, " "1, " "1, " "1, " "1, " "1, " "1, " "1, " "1, " "1, " "1, " "1, " "1, " "1, " "1, " "1, " "1, " "1, " "1, " "1, " "1, " "1, " "1, " "1, " "1, " "1, " "1, " "1, " "1, " "1, " "1, " "1, " "1, " "1, " "1, " "1, " "1, " "1, " "1, " "1, " "1, " "1, " "1, " "1, " "1, " "1, " "1, " "1, " "1, " "1, " "1, " "1, " "1, " "1, " "1, " "1, " "1, " "1, " "1, " "1, " "1, " "1, " "1, " "1, " "1, " "1, " "1, " "1, " "1, " "1, " "1, " "1, " "1, " "1, " "1, " "1, " "1, " "1, " "1, " "1, " "1, " "1, " "1, " "1, " "1, " "1, " "1, " "1, " "1, " "1, " "1, " "1, " "1, " "1, " "1, " "1, " "1, " "1, " "1, " "1, " "1, " "1, " "1, " "1, " "1, " "1, " "1, " "1, " "1, " "1, " "1, " "1, " "1, " "1, " "1, " "1, " "1, " "1, " "1, " "1, " "1, " "1, " "1, " "1, " "1, " "1, " "1, " "1, " "1, " "1, " "1, " "1, " "1, " "1, " "1, " "1, " "1, " "1, " "1, " "1, " "1, " "1, " "1, " "1, " "1, " "1, " "1, " "1, " "1, " "1, " "1, " "1, " "1, " "1, " "1, " "1, " "1, " "1, " "1, " "1, " "1, " "1, " "1, " "1, " "1, " "1, " "1, " "1, " "1, " "1, " "1, " "1, " "1, " "1, " "1, " "1, " "1, " "1, " "1, " "1, " "1, " "1, " "1, " "1, " "1, " "1, " "1, " "1, " "1, " "1, " "1, " "1, " "1, " "1, " "1, " "1, " "1, " "1, " "1, " "1, " "1, " "1, " "1, " "1, " "1, " "1, " "1, " "1, " "1, " "1, " "1, " "1, " "1, " "1, " "1, " "1, " "1, " "1, " "1, " "1, " "1, " "1, " "1, " "1, " "1, " "1, " "1, " "1, " "1, " "1, " "1, " "1, " "1, " "1, " "1, " "1, " "1, " "1, " "1, " "1, " "1, " "1, " "1, " "1, " "1, " "1, " "1, " "1, " "1, " "1, " "1, " "1, "204
 "Nei77, 0.164, " "0.015, " "1, " "1, " "1, " "1, " "1, " "1, " "1, " "1, " "1, " "1, " "1, " "1, " "1, " "1, " "1, " "1, " "1, " "1, " "1, " "1, " "1, " "1, " "1, " "1, " "1, " "1, " "1, " "1, " "1, " "1, " "1, " "1, " "1, " "1, " "1, " "1, " "1, " "1, " "1, " "1, " "1, " "1, " "1, " "1, " "1, " "1, " "1, " "1, " "1, " "1, " "1, " "1, " "1, " "1, " "1, " "1, " "1, " "1, " "1, " "1, " "1, " "1, " "1, " "1, " "1, " "1, " "1, " "1, " "1, " "1, " "1, " "1, " "1, " "1, " "1, " "1, " "1, " "0, " "1, " "1, " "1, " "1, " "1, " "1, " "1, " "1, " "1, " "1, " "1, " "1, " "1, " "1, " "1, " "1, " "1, " "1, " "1, " "1, " "1, " "1, " "1, " "1, " "1, " "1, " "1, " "1, " "1, " "1, " "1, " "1, " "1, " "1, " "1, " "1, " "1, " "1, " "1, " "1, " "1, " "1, " "1, " "1, " "1, " "1, " "1, " "1, " "1, " "1, " "1, " "1, " "1, " "1, " "1, " "1, " "1, " "1, " "1, " "1, " "1, " "1, " "1, " "1, " "1, " "1, " "1, " "1, " "1, " "1, " "1, " "1, " "1, " "1, " "1, " "1, " "1, " "1, " "1, " "1, " "1, " "1, " "1, " "1, " "1, " "1, " "1, " "1, " "1, " "1, " "1, " "1, " "1, " "1, " "1, " "1, " "1, " "1, " "1, " "1, " "1, " "1, " "1, " "1, " "1, " "1, " "1, " "1, " "1, " "1, " "1, " "1, " "1, " "1, " "1, " "1, " "1, " "1, " "1, " "1, " "1, " "1, " "1, " "1, " "1, " "1, " "1, " "1, " "1, " "1, " "1, " "1, " "1, " "1, " "1, " "1, " "1, " "1, " "1, " "1, " "1, " "1, " "1, " "1, " "1, " "1, " "1, " "1, " "1, " "1, " "1, " "1, " "1, " "1, " "1, " "1, " "1, " "1, " "1, " "1, " "1, " "1, " "1, " "1, " "1, " "1, " "1, " "1, " "1, " "1, " "1, " "1, " "1, " "1, " "1, " "1, " "1, " "1, " "1, " "1, " "1, " "1, " "1, " "1, " "1, " "1, " "1, " "1, " "1, " "1, " "1, " "1, " "1, " "1, " "1, " "1, " "1, " "1, " "1, " "1, " "1, " "1, " "1, " "1, " "1, " "1, " "1, " "1, " "1, " "1, " "1, " "1, " "1, " "1, " "1, " "1, " "1, " "1, " "1, " "1, " "1, " "1, " "1, " "1, " "1, " "1, " "1, " "1, " "1, " "1, " "1, " "1, " "1, " "1, " "1, " "1, " "1, " "1, " "1, " "1, " "1, " "1, " "1, " "1, " "1, " "1, " "1, " "1, " "1, " "1, " "1, " "1, " "1, " "1, " "1, " "1, " "1, " "1, " "1, " "1, " "1, " "1, " "1, " "1, " "1, " "1, " "1, " "1, " "1, " "1, " "1, " "1, " "1, " "1, " "1, " "1, " "1, " "1, " "1, " "1, " "1, " "1, " "1, " "1, " "1, " "1, " "1, " "1, " "1, " "1, " "1, " "1, " "1, " "1, " "1, " "1, " "1, " "1, " "1, " "1, " "1, " "1, " "1, " "1, " "1, " "1, " "1, " "1, " "1, " "1, " "1, " "1, " "1, " "1, " "1, " "1, " "1, " "1, " "1, " "1, " "1, " "1, " "1, " "1, " "1, " "1, " "1, " "1, " "1, " "1, " "1, " "1, " "1, " "1, " "1, " "1, " "1, " "1, " "1, " "1, " "1, " "1, " "1, " "1, " "1, " "1, " "1, " "1, " "1, " "1, " "1, " "1, " "1, " "1, " "1, " "1, " "1, " "1, " "1, " "1, " "1, " "1, " "1, " "1, " "1, " "1, " "1, " "1, " "1, " "1, " "1, " "1, " "1, " "1, " "1, " "1, " "1, " "1, " "1, " "1, " "1, " "1, " "1, " "1, " "1, " "1, " "1, " "1, " "1, " "1, " "1, " "1, " "1, " "1, " "1, " "1, " "1, " "1, " "1, " "1, " "1, " "1, " "1, " "1, " "1, " "1, " "1, " "1, " "1, " "1, " "1, " "1, " "1, " "1, " "1, " "1, " "1, " "1, " "1, " "1, " "1, " "1, " "1, " "1, " "1, " "1, " "1, " "1, " "1, " "1, " "1, " "1, " "1, " "1, " "1, "204
 "Nei78, 0.168, " "0.015, " "1, " "1, " "1, " "1, " "1, " "1, " "1, " "1, " "1, " "1, " "1, " "1, " "1, " "1, " "1, " "1, " "1, " "1, " "1, " "1, " "1, " "1, " "1, " "1, " "1, " "1, " "1, " "1, " "1, " "1, " "1, " "1, " "1, " "1, " "1, " "1, " "1, " "1, " "1, " "1, " "1, " "1, " "1, " "1, " "1, " "1, " "1, " "1, " "1, " "1, " "1, " "1, " "1, " "1, " "1, " "1, " "1, " "1, " "1, " "1, " "1, " "1, " "1, " "1, " "1, " "1, " "1, " "1, " "1, " "1, " "1, " "1, " "1, " "1, " "1, " "1, " "1, " "1, " "0, " "1, " "1, " "1, " "1, " "1, " "1, " "1, " "1, " "1, " "1, " "1, " "1, " "1, " "1, " "1, " "1, " "1, " "1, " "1, " "1, " "1, " "1, " "1, " "1, " "1, " "1, " "1, " "1, " "1, " "1, " "1, " "1, " "1, " "1, " "1, " "1, " "1, " "1, " "1, " "1, " "1, " "1, " "1, " "1, " "1, " "1, " "1, " "1, " "1, " "1, " "1, " "1, " "1, " "1, " "1, " "1, " "1, " "1, " "1, " "1, " "1, " "1, " "1, " "1, " "1, " "1, " "1, " "1, " "1, " "1, " "1, " "1, " "1, " "1, " "1, " "1, " "1, " "1, " "1, " "1, " "1, " "1, " "1, " "1, " "1, " "1, " "1, " "1, " "1, " "1, " "1, " "1, " "1, " "1, " "1, " "1, " "1, " "1, " "1, " "1, " "1, " "1, " "1, " "1, " "1, " "1, " "1, " "1, " "1, " "1, " "1, " "1, " "1, " "1, " "1, " "1, " "1, " "1, " "1, " "1, " "1, " "1, " "1, " "1, " "1, " "1, " "1, " "1, " "1, " "1, " "1, " "1, " "1, " "1, " "1, " "1, " "1, " "1, " "1, " "1, " "1, " "1, " "1, " "1, " "1, " "1, " "1, " "1, " "1, " "1, " "1, " "1, " "1, " "1, " "1, " "1, " "1, " "1, " "1, " "1, " "1, " "1, " "1, " "1, " "1, " "1, " "1, " "1, " "1, " "1, " "1, " "1, " "1, " "1, " "1, " "1, " "1, " "1, " "1, " "1, " "1, " "1, " "1, " "1, " "1, " "1, " "1, " "1, " "1, " "1, " "1, " "1, " "1, " "1, " "1, " "1, " "1, " "1, " "1, " "1, " "1, " "1, " "1, " "1, " "1, " "1, " "1, " "1, " "1, " "1, " "1, " "1, " "1, " "1, " "1, " "1, " "1, " "1, " "1, " "1, " "1, " "1, " "1, " "1, " "1, " "1, " "1, " "1, " "1, " "1, " "1, " "1, " "1, " "1, " "1, " "1, " "1, " "1, " "1, " "1, " "1, " "1, " "1, " "1, " "1, " "1, " "1, " "1, " "1, " "1, " "1, " "1, " "1, " "1, " "1, " "1, " "1, " "1, " "1, " "1, " "1, " "1, " "1, " "1, " "1, " "1, " "1, " "1, " "1, " "1, " "1, " "1, " "1, " "1, " "1, " "1, " "1, " "1, " "1, " "1, " "1, " "1, " "1, " "1, " "1, " "1, " "1, " "1, " "1, " "1, " "1, " "1, " "1, " "1, " "1, " "1, " "1, " "1, " "1, " "1, " "1, " "1, " "1, " "1, " "1, " "1, " "1, " "1, " "1, " "1, " "1, " "1, " "1, " "1, " "1, " "1, " "1, " "1, " "1, " "1, " "1, " "1, " "1, " "1, " "1, " "1, " "1, " "1, " "1, " "1, " "1, " "1, " "1, " "1, " "1, " "1, " "1, " "1, " "1, " "1, " "1, " "1, " "1, " "1, " "1, " "1, " "1, " "1, " "1, " "1, " "1, " "1, " "1, " "1, " "1, " "1, " "1, " "1, " "1, " "1, " "1, " "1, " "1, " "1, " "1, " "1, " "1, " "1, " "1, " "1, " "1, " "1, " "1, " "1, " "1, " "1, " "1, " "1, " "1, " "1, " "1, " "1, " "1, " "1, " "1, " "1, " "1, " "1, " "1, " "1, " "1, " "1, " "1, " "1, " "1, " "1, " "1, " "1, " "1, " "1, " "1, " "1, " "1, " "1, " "1, " "1, " "1, " "1, " "1, " "1, " "1, " "1, " "1, " "1, " "1, " "1, " "1, " "1, " "1, " "1, " "1, " "1, " "1, " "1, " "1, " "1, " "1, " "1, " "1, " "1, " "1, " "1, " "1, " "1, "204
 "Nei79, 0.128, " "0.015, " "1, " "1, " "1, " "1, " "1, " "1, " "1, " "1, " "1, " "1, " "1, " "1, " "1, " "1, " "1, " "1, " "1, " "1, " "1, " "1, " "1, " "1, " "1, " "1, " "1, " "1, " "1, " "1, " "1, " "1, " "1, " "1, " "1, " "1, " "1, " "1, " "1, " "1, " "1, " "1, " "1, " "1, " "1, " "1, " "1, " "1, " "1, " "1, " "1, " "1, " "1, " "1, " "1, " "1, " "1, " "1, " "1, " "1, " "1, " "1, " "1, " "1, " "1, " "1, " "1, " "1, " "1, " "1, " "1, " "1, " "1, " "1, " "1, " "1, " "1, " "1, " "1, " "1, " "1, " "0, " "1, " "1, " "1, " "1, " "1, " "1, " "1, " "1, " "1, " "1, " "1, " "1, " "1, " "1, " "1, " "1, " "1, " "1, " "1, " "1, " "1, " "1, " "1, " "1, " "1, " "1, " "1, " "1, " "1, " "1, " "1, " "1, " "1, " "1, " "1, " "1, " "1, " "1, " "1, " "1, " "1, " "1, " "1, " "1, " "1, " "1, " "1, " "1, " "1, " "1, " "1, " "1, " "1, " "1, " "1, " "1, " "1, " "1, " "1, " "1, " "1, " "1, " "1, " "1, " "1, " "1, " "1, " "1, " "1, " "1, " "1, " "1, " "1, " "1, " "1, " "1, " "1, " "1, " "1, " "1, " "1, " "1, " "1, " "1, " "1, " "1, " "1, " "1, " "1, " "1, " "1, " "1, " "1, " "1, " "1, " "1, " "1, " "1, " "1, " "1, " "1, " "1, " "1, " "1, " "1, " "1, " "1, " "1, " "1, " "1, " "1, " "1, " "1, " "1, " "1, " "1, " "1, " "1, " "1, " "1, " "1, " "1, " "1, " "1, " "1, " "1, " "1, " "1, " "1, " "1, " "1, " "1, " "1, " "1, " "1, " "1, " "1, " "1, " "1, " "1, " "1, " "1, " "1, " "1, " "1, " "1, " "1, " "1, " "1, " "1, " "1, " "1, " "1, " "1, " "1, " "1, " "1, " "1, " "1, " "1, " "1, " "1, " "1, " "1, " "1, " "1, " "1, " "1, " "1, " "1, " "1, " "1, " "1, " "1, " "1, " "1, " "1, " "1, " "1, " "1, " "1, " "1, " "1, " "1, " "1, " "1, " "1, " "1, " "1, " "1, " "1, " "1, " "1, " "1, " "1, " "1, " "1, " "1, " "1, " "1, " "1, " "1, " "1, " "1, " "1, " "1, " "1, " "1, " "1, " "1, " "1, " "1, " "1, " "1, " "1, " "1, " "1, " "1, " "1, " "1, " "1, " "1, " "1, " "1, " "1, " "1, " "1, " "1, " "1, " "1, " "1, " "1, " "1, " "1, " "1, " "1, " "1, " "1, " "1, " "1, " "1, " "1, " "1, " "1, " "1, " "1, " "1, " "1, " "1, " "1, " "1, " "1, " "1, " "1, " "1, " "1, " "1, " "1, " "1, " "1, " "1, " "1, " "1, " "1, " "1, " "1, " "1, " "1, " "1, " "1, " "1, " "1, " "1, " "1, " "1, " "1, " "1, " "1, " "1, " "1, " "1, " "1, " "1, " "1, " "1, " "1, " "1, " "1, " "1, " "1, " "1, " "1, " "1, " "1, " "1, " "1, " "1, " "1, " "1, " "1, " "1, " "1, " "1, " "1, " "1, " "1, " "1, " "1, " "1, " "1, " "1, " "1, " "1, " "1, " "1, " "1, " "1, " "1, " "1, " "1, " "1, " "1, " "1, " "1, " "1, " "1, " "1, " "1, " "1, " "1, " "1, " "1, " "1, " "1, " "1, " "1, " "1, " "1, " "1, " "1, " "1, " "1, " "1, " "1, " "1, " "1, " "1, " "1, " "1, " "1, " "1, " "1, " "1, " "1, " "1, " "1, " "1, " "1, " "1, " "1, " "1, " "1, " "1, " "1, " "1, " "1, " "1, " "1, " "1, " "1, " "1, " "1, " "1, " "1, " "1, " "1, " "1, " "1, " "1, " "1, " "1, " "1, " "1, " "1, " "1, " "1, " "1, " "1, " "1, " "1, " "1, " "1, " "1, " "1, " "1, " "1, " "1, " "1, " "1, " "1, " "1, " "1, " "1, " "1, " "1, " "1, " "1, " "1, " "1, " "1, " "1, " "1, " "1, " "1, " "1, " "1, " "1, " "1, " "1, " "1, " "1, " "1, " "1, " "1, " "1, " "1, " "1, " "1, " "1, " "1, " "1, " "1, " "1, "204
 "Nei80, 0.018, " "0.015, " "1, " "1, " "1, " "1, " "1, " "1, " "1, " "1, " "1, " "1, " "1, " "1, " "1, " "1, " "1, " "1, " "1, " "1, " "1, " "1, " "1, " "1, " "1, " "1, " "1, " "1, " "1, " "1, " "1, " "1, " "1, " "1, " "1, " "1, " "1, " "1, " "1, " "1, " "1, " "1, " "1, " "1, " "1, " "1, " "1, " "1, " "1, " "1, " "1, " "1, " "1, " "1, " "1, " "1, " "1, " "1, " "1, " "1, " "1, " "1, " "1, " "1, " "1, " "1, " "1, " "1, " "1, " "1, " "1, " "1, " "1, " "1, " "1, " "1, " "1, " "1, " "1, " "1, " "1, " "1, " "0, " "1, " "1, " "1, " "1, " "1, " "1, " "1, " "1, " "1, " "1, " "1, " "1, " "1, " "1, " "1, " "1, " "1, " "1, " "1, " "1, " "1, " "1, " "1, " "1, " "1, " "1, " "1, " "1, " "1, " "1, " "1, " "1, " "1, " "1, " "1, " "1, " "1, " "1, " "1, " "1, " "1, " "1, " "1, " "1, " "1, " "1, " "1, " "1, " "1, " "1, " "1, " "1, " "1, " "1, " "1, " "1, " "1, " "1, " "1, " "1, " "1, " "1, " "1, " "1, " "1, " "1, " "1, " "1, " "1, " "1, " "1, " "1, " "1, " "1, " "1, " "1, " "1, " "1, " "1, " "1, " "1, " "1, " "1, " "1, " "1, " "1, " "1, " "1, " "1, " "1, " "1, " "1, " "1, " "1, " "1, " "1, " "1, " "1, " "1, " "1, " "1, " "1, " "1, " "1, " "1, " "1, " "1, " "1, " "1, " "1, " "1, " "1, " "1, " "1, " "1, " "1, " "1, " "1, " "1, " "1, " "1, " "1, " "1, " "1, " "1, " "1, " "1, " "1, " "1, " "1, " "1, " "1, " "1, " "1, " "1, " "1, " "1, " "1, " "1, " "1, " "1, " "1, " "1, " "1, " "1, " "1, " "1, " "1, " "1, " "1, " "1, " "1, " "1, " "1, " "1, " "1, " "1, " "1, " "1, " "1, " "1, " "1, " "1, " "1, " "1, " "1, " "1, " "1, " "1, " "1, " "1, " "1, " "1, " "1, " "1, " "1, " "1, " "1, " "1, " "1, " "1, " "1, " "1, " "1, " "1, " "1, " "1, " "1, " "1, " "1, " "1, " "1, " "1, " "1, " "1, " "1, " "1, " "1, " "1, " "1, " "1, " "1, " "1, " "1, " "1, " "1, " "1, " "1, " "1, " "1, " "1, " "1, " "1, " "1, " "1, " "1, " "1, " "1, " "1, " "1, " "1, " "1, " "1, " "1, " "1, " "1, " "1, " "1, " "1, " "1, " "1, " "1, " "1, " "1, " "1, " "1, " "1, " "1, " "1, " "1, " "1, " "1, " "1, " "1, " "1, " "1, " "1, " "1, " "1, " "1, " "1, " "1, " "1, " "1, " "1, " "1, " "1, " "1, " "1, " "1, " "1, " "1, " "1, " "1, " "1, " "1, " "1, " "1, " "1, " "1, " "1, " "1, " "1, " "1, " "1, " "1, " "1, " "1, " "1, " "1, " "1, " "1, " "1, " "1, " "1, " "1, " "1, " "1, " "1, " "1, " "1, " "1, " "1, " "1, " "1, " "1, " "1, " "1, " "1, " "1, " "1, " "1, " "1, " "1, " "1, " "1, " "1, " "1, " "1, " "1, " "1, " "1, " "1, " "1, " "1, " "1, " "1, " "1, " "1, " "1, " "1, " "1, " "1, " "1, " "1, " "1, " "1, " "1, " "1, " "1, " "1, " "1, " "1, " "1, " "1, " "1, " "1, " "1, " "1, " "1, " "1, " "1, " "1, " "1, " "1, " "1, " "1, " "1, " "1, " "1, " "1, " "1, " "1, " "1, " "1, " "1, " "1, " "1, " "1, " "1, " "1, " "1, " "1, " "1, " "1, " "1, " "1, " "1, " "1, " "1, " "1, " "1, " "1, " "1, " "1, " "1, " "1, " "1, " "1, " "1, " "1, " "1, " "1, " "1, " "1, " "1, " "1, " "1, " "1, " "1, " "1, " "1, " "1, " "1, " "1, " "1, " "1, " "1, " "1, " "1, " "1, " "1, " "1, " "1, " "1, " "1, " "1, " "1, " "1, " "1, " "1, " "1, " "1, " "1, " "1, " "1, " "1, " "1, " "1, " "1, " "1, " "1, " "1, " "1, " "1, " "1, " "1, " "1, " "1, " "1, " "1, " "1, "204
 "Nei81, 0.272, " "0.015, " "1, " "1, " "1, " "1, " "1, " "1, " "1, " "1, " "1, " "1, " "1, " "1, " "1, " "1, " "1, " "1, " "1, " "1, " "1, " "1, " "1, " "1, " "1, " "1, " "1, " "1, " "1, " "1, " "1, " "1, " "1, " "1, " "1, " "1, " "1, " "1, " "1, " "1, " "1, " "1, " "1, " "1, " "1, " "1, " "1, " "1, " "1, " "1, " "1, " "1, " "1, " "1, " "1, " "1, " "1, " "1, " "1, " "1, " "1, " "1, " "1, " "1, " "1, " "1, " "1, " "1, " "1, " "1, " "1, " "1, " "1, " "1, " "1, " "1, " "1, " "1, " "1, " "1, " "1, " "1, " "1, " "0, " "1, " "1, " "1, " "1, " "1, " "1, " "1, " "1, " "1, " "1, " "1, " "1, " "1, " "1, " "1, " "1, " "1, " "1, " "1, " "1, " "1, " "1, " "1, " "1, " "1, " "1, " "1, " "1, " "1, " "1, " "1, " "1, " "1, " "1, " "1, " "1, " "1, " "1, " "1, " "1, " "1, " "1, " "1, " "1, " "1, " "1, " "1, " "1, " "1, " "1, " "1, " "1, " "1, " "1, " "1, " "1, " "1, " "1, " "1, " "1, " "1, " "1, " "1, " "1, " "1, " "1, " "1, " "1, " "1, " "1, " "1, " "1, " "1, " "1, " "1, " "1, " "1, " "1, " "1, " "1, " "1, " "1, " "1, " "1, " "1, " "1, " "1, " "1, " "1, " "1, " "1, " "1, " "1, " "1, " "1, " "1, " "1, " "1, " "1, " "1, " "1, " "1, " "1, " "1, " "1, " "1, " "1, " "1, " "1, " "1, " "1, " "1, " "1, " "1, " "1, " "1, " "1, " "1, " "1, " "1, " "1, " "1, " "1, " "1, " "1, " "1, " "1, " "1, " "1, " "1, " "1, " "1, " "1, " "1, " "1, " "1, " "1, " "1, " "1, " "1, " "1, " "1, " "1, " "1, " "1, " "1, " "1, " "1, " "1, " "1, " "1, " "1, " "1, " "1, " "1, " "1, " "1, " "1, " "1, " "1, " "1, " "1, " "1, " "1, " "1, " "1, " "1, " "1, " "1, " "1, " "1, " "1, " "1, " "1, " "1, " "1, " "1, " "1, " "1, " "1, " "1, " "1, " "1, " "1, " "1, " "1, " "1, " "1, " "1, " "1, " "1, " "1, " "1, " "1, " "1, " "1, " "1, " "1, " "1, " "1, " "1, " "1, " "1, " "1, " "1, " "1, " "1, " "1, " "1, " "1, " "1, " "1, " "1, " "1, " "1, " "1, " "1, " "1, " "1, " "1, " "1, " "1, " "1, " "1, " "1, " "1, " "1, " "1, " "1, " "1, " "1, " "1, " "1, " "1, " "1, " "1, " "1, " "1, " "1, " "1, " "1, " "1, " "1, " "1, " "1, " "1, " "1, " "1, " "1, " "1, " "1, " "1, " "1, " "1, " "1, " "1, " "1, " "1, " "1, " "1, " "1, " "1, " "1, " "1, " "1, " "1, " "1, " "1, " "1, " "1, " "1, " "1, " "1, " "1, " "1, " "1, " "1, " "1, " "1, " "1, " "1, " "1, " "1, " "1, " "1, " "1, " "1, " "1, " "1, " "1, " "1, " "1, " "1, " "1, " "1, " "1, " "1, " "1, " "1, " "1, " "1, " "1, " "1, " "1, " "1, " "1, " "1, " "1, " "1, " "1, " "1, " "1, " "1, " "1, " "1, " "1, " "1, " "1, " "1, " "1, " "1, " "1, " "1, " "1, " "1, " "1, " "1, " "1, " "1, " "1, " "1, " "1, " "1, " "1, " "1, " "1, " "1, " "1, " "1, " "1, " "1, " "1, " "1, " "1, " "1, " "1, " "1, " "1, " "1, " "1, " "1, " "1, " "1, " "1, " "1, " "1, " "1, " "1, " "1, " "1, " "1, " "1, " "1, " "1, " "1, " "1, " "1, " "1, " "1, " "1, " "1, " "1, " "1, " "1, " "1, " "1, " "1, " "1, " "1, " "1, " "1, " "1, " "1, " "1, " "1, " "1, " "1, " "1, " "1, " "1, " "1, " "1, " "1, " "1, " "1, " "1, " "1, " "1, " "1, " "1, " "1, " "1, " "1, " "1, " "1, " "1, " "1, " "1, " "1, " "1, " "1, " "1, " "1, " "1, " "1, " "1, " "1, " "1, " "1, " "1, " "1, " "1, " "1, " "1, " "1, " "1, " "1, " "1, " "1, " "1, " "1, "204
 "Nei82, 0.03, " "0.015, " "1, " "1, " "1, " "1, " "1, " "1, " "1, " "1, " "1, " "1, " "1, " "1, " "1, " "1, " "1, " "1, " "1, " "1, " "1, " "1, " "1, " "1, " "1, " "1, " "1, " "1, " "1, " "1, " "1, " "1, " "1, " "1, " "1, " "1, " "1, " "1, " "1, " "1, " "1, " "1, " "1, " "1, " "1, " "1, " "1, " "1, " "1, " "1, " "1, " "1, " "1, " "1, " "1, " "1, " "1, " "1, " "1, " "1, " "1, " "1, " "1, " "1, " "1, " "1, " "1, " "1, " "1, " "1, " "1, " "1, " "1, " "1, " "1, " "1, " "1, " "1, " "1, " "1, " "1, " "1, " "1, " "1, " "0, " "1, " "1, " "1, " "1, " "1, " "1, " "1, " "1, " "1, " "1, " "1, " "1, " "1, " "1, " "1, " "1, " "1, " "1, " "1, " "1, " "1, " "1, " "1, " "1, " "1, " "1, " "1, " "1, " "1, " "1, " "1, " "1, " "1, " "1, " "1, " "1, " "1, " "1, " "1, " "1, " "1, " "1, " "1, " "1, " "1, " "1, " "1, " "1, " "1, " "1, " "1, " "1, " "1, " "1, " "1, " "1, " "1, " "1, " "1, " "1, " "1, " "1, " "1, " "1, " "1, " "1, " "1, " "1, " "1, " "1, " "1, " "1, " "1, " "1, " "1, " "1, " "1, " "1, " "1, " "1, " "1, " "1, " "1, " "1, " "1, " "1, " "1, " "1, " "1, " "1, " "1, " "1, " "1, " "1, " "1, " "1, " "1, " "1, " "1, " "1, " "1, " "1, " "1, " "1, " "1, " "1, " "1, " "1, " "1, " "1, " "1, " "1, " "1, " "1, " "1, " "1, " "1, " "1, " "1, " "1, " "1, " "1, " "1, " "1, " "1, " "1, " "1, " "1, " "1, " "1, " "1, " "1, " "1, " "1, " "1, " "1, " "1, " "1, " "1, " "1, " "1, " "1, " "1, " "1, " "1, " "1, " "1, " "1, " "1, " "1, " "1, " "1, " "1, " "1, " "1, " "1, " "1, " "1, " "1, " "1, " "1, " "1, " "1, " "1, " "1, " "1, " "1, " "1, " "1, " "1, " "1, " "1, " "1, " "1, " "1, " "1, " "1, " "1, " "1, " "1, " "1, " "1, " "1, " "1, " "1, " "1, " "1, " "1, " "1, " "1, " "1, " "1, " "1, " "1, " "1, " "1, " "1, " "1, " "1, " "1, " "1, " "1, " "1, " "1, " "1, " "1, " "1, " "1, " "1, " "1, " "1, " "1, " "1, " "1, " "1, " "1, " "1, " "1, " "1, " "1, " "1, " "1, " "1, " "1, " "1, " "1, " "1, " "1, " "1, " "1, " "1, " "1, " "1, " "1, " "1, " "1, " "1, " "1, " "1, " "1, " "1, " "1, " "1, " "1, " "1, " "1, " "1, " "1, " "1, " "1, " "1, " "1, " "1, " "1, " "1, " "1, " "1, " "1, " "1, " "1, " "1, " "1, " "1, " "1, " "1, " "1, " "1, " "1, " "1, " "1, " "1, " "1, " "1, " "1, " "1, " "1, " "1, " "1, " "1, " "1, " "1, " "1, " "1, " "1, " "1, " "1, " "1, " "1, " "1, " "1, " "1, " "1, " "1, " "1, " "1, " "1, " "1, " "1, " "1, " "1, " "1, " "1, " "1, " "1, " "1, " "1, " "1, " "1, " "1, " "1, " "1, " "1, " "1, " "1, " "1, " "1, " "1, " "1, " "1, " "1, " "1, " "1, " "1, " "1, " "1, " "1, " "1, " "1, " "1, " "1, " "1, " "1, " "1, " "1, " "1, " "1, " "1, " "1, " "1, " "1, " "1, " "1, " "1, " "1, " "1, " "1, " "1, " "1, " "1, " "1, " "1, " "1, " "1, " "1, " "1, " "1, " "1, " "1, " "1, " "1, " "1, " "1, " "1, " "1, " "1, " "1, " "1, " "1, " "1, " "1, " "1, " "1, " "1, " "1, " "1, " "1, " "1, " "1, " "1, " "1, " "1, " "1, " "1, " "1, " "1, " "1, " "1, " "1, " "1, " "1, " "1, " "1, " "1, " "1, " "1, " "1, " "1, " "1, " "1, " "1, " "1, " "1, " "1, " "1, " "1, " "1, " "1, " "1, " "1, " "1, " "1, " "1, " "1, " "1, " "1, " "1, " "1, " "1, " "1, " "1, " "1, " "1, " "1, " "1, " "1, " "1, " "1, " "1, " "1, " "1, "204
 "Nei83, 0.118, " "0.015, " "1, " "1, " "1, " "1, " "1, " "1, " "1, " "1, " "1, " "1, " "1, " "1, " "1, " "1, " "1, " "1, " "1, " "1, " "1, " "1, " "1, " "1, " "1, " "1, " "1, " "1, " "1, " "1, " "1, " "1, " "1, " "1, " "1, " "1, " "1, " "1, " "1, " "1, " "1, " "1, " "1, " "1, " "1, " "1, " "1, " "1, " "1, " "1, " "1, " "1, " "1, " "1, " "1, " "1, " "1, " "1, " "1, " "1, " "1, " "1, " "1, " "1, " "1, " "1, " "1, " "1, " "1, " "1, " "1, " "1, " "1, " "1, " "1, " "1, " "1, " "1, " "1, " "1, " "1, " "1, " "1, " "1, " "1, " "0, " "1, " "1, " "1, " "1, " "1, " "1, " "1, " "1, " "1, " "1, " "1, " "1, " "1, " "1, " "1, " "1, " "1, " "1, " "1, " "1, " "1, " "1, " "1, " "1, " "1, " "1, " "1, " "1, " "1, " "1, " "1, " "1, " "1, " "1, " "1, " "1, " "1, " "1, " "1, " "1, " "1, " "1, " "1, " "1, " "1, " "1, " "1, " "1, " "1, " "1, " "1, " "1, " "1, " "1, " "1, " "1, " "1, " "1, " "1, " "1, " "1, " "1, " "1, " "1, " "1, " "1, " "1, " "1, " "1, " "1, " "1, " "1, " "1, " "1, " "1, " "1, " "1, " "1, " "1, " "1, " "1, " "1, " "1, " "1, " "1, " "1, " "1, " "1, " "1, " "1, " "1, " "1, " "1, " "1, " "1, " "1, " "1, " "1, " "1, " "1, " "1, " "1, " "1, " "1, " "1, " "1, " "1, " "1, " "1, " "1, " "1, " "1, " "1, " "1, " "1, " "1, " "1, " "1, " "1, " "1, " "1, " "1, " "1, " "1, " "1, " "1, " "1, " "1, " "1, " "1, " "1, " "1, " "1, " "1, " "1, " "1, " "1, " "1, " "1, " "1, " "1, " "1, " "1, " "1, " "1, " "1, " "1, " "1, " "1, " "1, " "1, " "1, " "1, " "1, " "1, " "1, " "1, " "1, " "1, " "1, " "1, " "1, " "1, " "1, " "1, " "1, " "1, " "1, " "1, " "1, " "1, " "1, " "1, " "1, " "1, " "1, " "1, " "1, " "1, " "1, " "1, " "1, " "1, " "1, " "1, " "1, " "1, " "1, " "1, " "1, " "1, " "1, " "1, " "1, " "1, " "1, " "1, " "1, " "1, " "1, " "1, " "1, " "1, " "1, " "1, " "1, " "1, " "1, " "1, " "1, " "1, " "1, " "1, " "1, " "1, " "1, " "1, " "1, " "1, " "1, " "1, " "1, " "1, " "1, " "1, " "1, " "1, " "1, " "1, " "1, " "1, " "1, " "1, " "1, " "1, " "1, " "1, " "1, " "1, " "1, " "1, " "1, " "1, " "1, " "1, " "1, " "1, " "1, " "1, " "1, " "1, " "1, " "1, " "1, " "1, " "1, " "1, " "1, " "1, " "1, " "1, " "1, " "1, " "1, " "1, " "1, " "1, " "1, " "1, " "1, " "1, " "1, " "1, " "1, " "1, " "1, " "1, " "1, " "1, " "1, " "1, " "1, " "1, " "1, " "1, " "1, " "1, " "1, " "1, " "1, " "1, " "1, " "1, " "1, " "1, " "1, " "1, " "1, " "1, " "1, " "1, " "1, " "1, " "1, " "1, " "1, " "1, " "1, " "1, " "1, " "1, " "1, " "1, " "1, " "1, " "1, " "1, " "1, " "1, " "1, " "1, " "1, " "1, " "1, " "1, " "1, " "1, " "1, " "1, " "1, " "1, " "1, " "1, " "1, " "1, " "1, " "1, " "1, " "1, " "1, " "1, " "1, " "1, " "1, " "1, " "1, " "1, " "1, " "1, " "1, " "1, " "1, " "1, " "1, " "1, " "1, " "1, " "1, " "1, " "1, " "1, " "1, " "1, " "1, " "1, " "1, " "1, " "1, " "1, " "1, " "1, " "1, " "1, " "1, " "1, " "1, " "1, " "1, " "1, " "1, " "1, " "1, " "1, " "1, " "1, " "1, " "1, " "1, " "1, " "1, " "1, " "1, " "1, " "1, " "1, " "1, " "1, " "1, " "1, " "1, " "1, " "1, " "1, " "1, " "1, " "1, " "1, " "1, " "1, " "1, " "1, " "1, " "1, " "1, " "1, " "1, " "1, " "1, " "1, " "1, " "1, " "1, " "1, " "1, " "1, " "1, " "1, " "1, " "1, "204
 "Nei84, 0.107, " "0.015, " "1, " "1, " "1, " "1, " "1, " "1, " "1, " "1, " "1, " "1, " "1, " "1, " "1, " "1, " "1, " "1, " "1, " "1, " "1, " "1, " "1, " "1, " "1, " "1, " "1, " "1, " "1, " "1, " "1, " "1, " "1, " "1, " "1, " "1, " "1, " "1, " "1, " "1, " "1, " "1, " "1, " "1, " "1, " "1, " "1, " "1, " "1, " "1, " "1, " "1, " "1, " "1, " "1, " "1, " "1, " "1, " "1, " "1, " "1, " "1, " "1, " "1, " "1, " "1, " "1, " "1, " "1, " "1, " "1, " "1, " "1, " "1, " "1, " "1, " "1, " "1, " "1, " "1, " "1, " "1, " "1, " "1, " "1, " "1, " "0, " "1, " "1, " "1, " "1, " "1, " "1, " "1, " "1, " "1, " "1, " "1, " "1, " "1, " "1, " "1, " "1, " "1, " "1, " "1, " "1, " "1, " "1, " "1, " "1, " "1, " "1, " "1, " "1, " "1, " "1, " "1, " "1, " "1, " "1, " "1, " "1, " "1, " "1, " "1, " "1, " "1, " "1, " "1, " "1, " "1, " "1, " "1, " "1, " "1, " "1, " "1, " "1, " "1, " "1, " "1, " "1, " "1, " "1, " "1, " "1, " "1, " "1, " "1, " "1, " "1, " "1, " "1, " "1, " "1, " "1, " "1, " "1, " "1, " "1, " "1, " "1, " "1, " "1, " "1, " "1, " "1, " "1, " "1, " "1, " "1, " "1, " "1, " "1, " "1, " "1, " "1, " "1, " "1, " "1, " "1, " "1, " "1, " "1, " "1, " "1, " "1, " "1, " "1, " "1, " "1, " "1, " "1, " "1, " "1, " "1, " "1, " "1, " "1, " "1, " "1, " "1, " "1, " "1, " "1, " "1, " "1, " "1, " "1, " "1, " "1, " "1, " "1, " "1, " "1, " "1, " "1, " "1, " "1, " "1, " "1, " "1, " "1, " "1, " "1, " "1, " "1, " "1, " "1, " "1, " "1, " "1, " "1, " "1, " "1, " "1, " "1, " "1, " "1, " "1, " "1, " "1, " "1, " "1, " "1, " "1, " "1, " "1, " "1, " "1, " "1, " "1, " "1, " "1, " "1, " "1, " "1, " "1, " "1, " "1, " "1, " "1, " "1, " "1, " "1, " "1, " "1, " "1, " "1, " "1, " "1, " "1, " "1, " "1, " "1, " "1, " "1, " "1, " "1, " "1, " "1, " "1, " "1, " "1, " "1, " "1, " "1, " "1, " "1, " "1, " "1, " "1, " "1, " "1, " "1, " "1, " "1, " "1, " "1, " "1, " "1, " "1, " "1, " "1, " "1, " "1, " "1, " "1, " "1, " "1, " "1, " "1, " "1, " "1, " "1, " "1, " "1, " "1, " "1, " "1, " "1, " "1, " "1, " "1, " "1, " "1, " "1, " "1, " "1, " "1, " "1, " "1, " "1, " "1, " "1, " "1, " "1, " "1, " "1, " "1, " "1, " "1, " "1, " "1, " "1, " "1, " "1, " "1, " "1, " "1, " "1, " "1, " "1, " "1, " "1, " "1, " "1, " "1, " "1, " "1, " "1, " "1, " "1, " "1, " "1, " "1, " "1, " "1, " "1, " "1, " "1, " "1, " "1, " "1, " "1, " "1, " "1, " "1, " "1, " "1, " "1, " "1, " "1, " "1, " "1, " "1, " "1, " "1, " "1, " "1, " "1, " "1, " "1, " "1, " "1, " "1, " "1, " "1, " "1, " "1, " "1, " "1, " "1, " "1, " "1, " "1, " "1, " "1, " "1, " "1, " "1, " "1, " "1, " "1, " "1, " "1, " "1, " "1, " "1, " "1, " "1, " "1, " "1, " "1, " "1, " "1, " "1, " "1, " "1, " "1, " "1, " "1, " "1, " "1, " "1, " "1, " "1, " "1, " "1, " "1, " "1, " "1, " "1, " "1, " "1, " "1, " "1, " "1, " "1, " "1, " "1, " "1, " "1, " "1, " "1, " "1, " "1, " "1, " "1, " "1, " "1, " "1, " "1, " "1, " "1, " "1, " "1, " "1, " "1, " "1, " "1, " "1, " "1, " "1, " "1, " "1, " "1, " "1, " "1, " "1, " "1, " "1, " "1, " "1, " "1, " "1, " "1, " "1, " "1, " "1, " "1, " "1, " "1, " "1, " "1, " "1, " "1, " "1, " "1, " "1, " "1, " "1, " "1, " "1, " "1, " "1, " "1, " "1, " "1, " "1, " "1, " "1, " "1, " "1, "204
 "Nei85, 0.171, " "0.015, " "1, " "1, " "1, " "1, " "1, " "1, " "1, " "1, " "1, " "1, " "1, " "1, " "1, " "1, " "1, " "1, " "1, " "1, " "1, " "1, " "1, " "1, " "1, " "1, " "1, " "1, " "1, " "1, " "1, " "1, " "1, " "1, " "1, " "1, " "1, " "1, " "1, " "1, " "1, " "1, " "1, " "1, " "1, " "1, " "1, " "1, " "1, " "1, " "1, " "1, " "1, " "1, " "1, " "1, " "1, " "1, " "1, " "1, " "1, " "1, " "1, " "1, " "1, " "1, " "1, " "1, " "1, " "1, " "1, " "1, " "1, " "1, " "1, " "1, " "1, " "1, " "1, " "1, " "1, " "1, " "1, " "1, " "1, " "1, " "1, " "0, " "1, " "1, " "1, " "1, " "1, " "1, " "1, " "1, " "1, " "1, " "1, " "1, " "1, " "1, " "1, " "1, " "1, " "1, " "1, " "1, " "1, " "1, " "1, " "1, " "1, " "1, " "1, " "1, " "1, " "1, " "1, " "1, " "1, " "1, " "1, " "1, " "1, " "1, " "1, " "1, " "1, " "1, " "1, " "1, " "1, " "1, " "1, " "1, " "1, " "1, " "1, " "1, " "1, " "1, " "1, " "1, " "1, " "1, " "1, " "1, " "1, " "1, " "1, " "1, " "1, " "1, " "1, " "1, " "1, " "1, " "1, " "1, " "1, " "1, " "1, " "1, " "1, " "1, " "1, " "1, " "1, " "1, " "1, " "1, " "1, " "1, " "1, " "1, " "1, " "1, " "1, " "1, " "1, " "1, " "1, " "1, " "1, " "1, " "1, " "1, " "1, " "1, " "1, " "1, " "1, " "1, " "1, " "1, " "1, " "1, " "1, " "1, " "1, " "1, " "1, " "1, " "1, " "1, " "1, " "1, " "1, " "1, " "1, " "1, " "1, " "1, " "1, " "1, " "1, " "1, " "1, " "1, " "1, " "1, " "1, " "1, " "1, " "1, " "1, " "1, " "1, " "1, " "1, " "1, " "1, " "1, " "1, " "1, " "1, " "1, " "1, " "1, " "1, " "1, " "1, " "1, " "1, " "1, " "1, " "1, " "1, " "1, " "1, " "1, " "1, " "1, " "1, " "1, " "1, " "1, " "1, " "1, " "1, " "1, " "1, " "1, " "1, " "1, " "1, " "1, " "1, " "1, " "1, " "1, " "1, " "1, " "1, " "1, " "1, " "1, " "1, " "1, " "1, " "1, " "1, " "1, " "1, " "1, " "1, " "1, " "1, " "1, " "1, " "1, " "1, " "1, " "1, " "1, " "1, " "1, " "1, " "1, " "1, " "1, " "1, " "1, " "1, " "1, " "1, " "1, " "1, " "1, " "1, " "1, " "1, " "1, " "1, " "1, " "1, " "1, " "1, " "1, " "1, " "1, " "1, " "1, " "1, " "1, " "1, " "1, " "1, " "1, " "1, " "1, " "1, " "1, " "1, " "1, " "1, " "1, " "1, " "1, " "1, " "1, " "1, " "1, " "1, " "1, " "1, " "1, " "1, " "1, " "1, " "1, " "1, " "1, " "1, " "1, " "1, " "1, " "1, " "1, " "1, " "1, " "1, " "1, " "1, " "1, " "1, " "1, " "1, " "1, " "1, " "1, " "1, " "1, " "1, " "1, " "1, " "1, " "1, " "1, " "1, " "1, " "1, " "1, " "1, " "1, " "1, " "1, " "1, " "1, " "1, " "1, " "1, " "1, " "1, " "1, " "1, " "1, " "1, " "1, " "1, " "1, " "1, " "1, " "1, " "1, " "1, " "1, " "1, " "1, " "1, " "1, " "1, " "1, " "1, " "1, " "1, " "1, " "1, " "1, " "1, " "1, " "1, " "1, " "1, " "1, " "1, " "1, " "1, " "1, " "1, " "1, " "1, " "1, " "1, " "1, " "1, " "1, " "1, " "1, " "1, " "1, " "1, " "1, " "1, " "1, " "1, " "1, " "1, " "1, " "1, " "1, " "1, " "1, " "1, " "1, " "1, " "1, " "1, " "1, " "1, " "1, " "1, " "1, " "1, " "1, " "1, " "1, " "1, " "1, " "1, " "1, " "1, " "1, " "1, " "1, " "1, " "1, " "1, " "1, " "1, " "1, " "1, " "1, " "1, " "1, " "1, " "1, " "1, " "1, " "1, " "1, " "1, " "1, " "1, " "1, " "1, " "1, " "1, " "1, " "1, " "1, " "1, " "1, " "1, " "1, " "1, " "1, " "1, " "1, " "1, " "1, " "1, " "1, " "1, "204
 "Nei86, 0.075, " "0.015, " "1, " "1, " "1, " "1, " "1, " "1, " "1, " "1, " "1, " "1, " "1, " "1, " "1, " "1, " "1, " "1, " "1, " "1, " "1, " "1, " "1, " "1, " "1, " "1, " "1, " "1, " "1, " "1, " "1, " "1, " "1, " "1, " "1, " "1, " "1, " "1, " "1, " "1, " "1, " "1, " "1, " "1, " "1, " "1, " "1, " "1, " "1, " "1, " "1, " "1, " "1, " "1, " "1, " "1, " "1, " "1, " "1, " "1, " "1, " "1, " "1, " "1, " "1, " "1, " "1, " "1, " "1, " "1, " "1, " "1, " "1, " "1, " "1, " "1, " "1, " "1, " "1, " "1, " "1, " "1, " "1, " "1, " "1, " "1, " "1, " "1, " "0, " "1, " "1, " "1, " "1, " "1, " "1, " "1, " "1, " "1, " "1, " "1, " "1, " "1, " "1, " "1, " "1, " "1, " "1, " "1, " "1, " "1, " "1, " "1, " "1, " "1, " "1, " "1, " "1, " "1, " "1, " "1, " "1, " "1, " "1, " "1, " "1, " "1, " "1, " "1, " "1, " "1, " "1, " "1, " "1, " "1, " "1, " "1, " "1, " "1, " "1, " "1, " "1, " "1, " "1, " "1, " "1, " "1, " "1, " "1, " "1, " "1, " "1, " "1, " "1, " "1, " "1, " "1, " "1, " "1, " "1, " "1, " "1, " "1, " "1, " "1, " "1, " "1, " "1, " "1, " "1, " "1, " "1, " "1, " "1, " "1, " "1, " "1, " "1, " "1, " "1, " "1, " "1, " "1, " "1, " "1, " "1, " "1, " "1, " "1, " "1, " "1, " "1, " "1, " "1, " "1, " "1, " "1, " "1, " "1, " "1, " "1, " "1, " "1, " "1, " "1, " "1, " "1, " "1, " "1, " "1, " "1, " "1, " "1, " "1, " "1, " "1, " "1, " "1, " "1, " "1, " "1, " "1, " "1, " "1, " "1, " "1, " "1, " "1, " "1, " "1, " "1, " "1, " "1, " "1, " "1, " "1, " "1, " "1, " "1, " "1, " "1, " "1, " "1, " "1, " "1, " "1, " "1, " "1, " "1, " "1, " "1, " "1, " "1, " "1, " "1, " "1, " "1, " "1, " "1, " "1, " "1, " "1, " "1, " "1, " "1, " "1, " "1, " "1, " "1, " "1, " "1, " "1, " "1, " "1, " "1, " "1, " "1, " "1, " "1, " "1, " "1, " "1, " "1, " "1, " "1, " "1, " "1, " "1, " "1, " "1, " "1, " "1, " "1, " "1, " "1, " "1, " "1, " "1, " "1, " "1, " "1, " "1, " "1, " "1, " "1, " "1, " "1, " "1, " "1, " "1, " "1, " "1, " "1, " "1, " "1, " "1, " "1, " "1, " "1, " "1, " "1, " "1, " "1, " "1, " "1, " "1, " "1, " "1, " "1, " "1, " "1, " "1, " "1, " "1, " "1, " "1, " "1, " "1, " "1, " "1, " "1, " "1, " "1, " "1, " "1, " "1, " "1, " "1, " "1, " "1, " "1, " "1, " "1, " "1, " "1, " "1, " "1, " "1, " "1, " "1, " "1, " "1, " "1, " "1, " "1, " "1, " "1, " "1, " "1, " "1, " "1, " "1, " "1, " "1, " "1, " "1, " "1, " "1, " "1, " "1, " "1, " "1, " "1, " "1, " "1, " "1, " "1, " "1, " "1, " "1, " "1, " "1, " "1, " "1, " "1, " "1, " "1, " "1, " "1, " "1, " "1, " "1, " "1, " "1, " "1, " "1, " "1, " "1, " "1, " "1, " "1, " "1, " "1, " "1, " "1, " "1, " "1, " "1, " "1, " "1, " "1, " "1, " "1, " "1, " "1, " "1, " "1, " "1, " "1, " "1, " "1, " "1, " "1, " "1, " "1, " "1, " "1, " "1, " "1, " "1, " "1, " "1, " "1, " "1, " "1, " "1, " "1, " "1, " "1, " "1, " "1, " "1, " "1, " "1, " "1, " "1, " "1, " "1, " "1, " "1, " "1, " "1, " "1, " "1, " "1, " "1, " "1, " "1, " "1, " "1, " "1, " "1, " "1, " "1, " "1, " "1, " "1, " "1, " "1, " "1, " "1, " "1, " "1, " "1, " "1, " "1, " "1, " "1, " "1, " "1, " "1, " "1, " "1, " "1, " "1, " "1, " "1, " "1, " "1, " "1, " "1, " "1, " "1, " "1, " "1, " "1, " "1, " "1, " "1, " "1, " "1, " "1, " "1, " "1, " "1, " "1, "204
 "Nei87, 0.122, " "0.015, " "1, " "1, " "1, " "1, " "1, " "1, " "1, " "1, " "1, " "1, " "1, " "1, " "1, " "1, " "1, " "1, " "1, " "1, " "1, " "1, " "1, " "1, " "1, " "1, " "1, " "1, " "1, " "1, " "1, " "1, " "1, " "1, " "1, " "1, " "1, " "1, " "1, " "1, " "1, " "1, " "1, " "1, " "1, " "1, " "1, " "1, " "1, " "1, " "1, " "1, " "1, " "1, " "1, " "1, " "1, " "1, " "1, " "1, " "1, " "1, " "1, " "1, " "1, " "1, " "1, " "1, " "1, " "1, " "1, " "1, " "1, " "1, " "1, " "1, " "1, " "1, " "1, " "1, " "1, " "1, " "1, " "1, " "1, " "1, " "1, " "1, " "1, " "0, " "1, " "1, " "1, " "1, " "1, " "1, " "1, " "1, " "1, " "1, " "1, " "1, " "1, " "1, " "1, " "1, " "1, " "1, " "1, " "1, " "1, " "1, " "1, " "1, " "1, " "1, " "1, " "1, " "1, " "1, " "1, " "1, " "1, " "1, " "1, " "1, " "1, " "1, " "1, " "1, " "1, " "1, " "1, " "1, " "1, " "1, " "1, " "1, " "1, " "1, " "1, " "1, " "1, " "1, " "1, " "1, " "1, " "1, " "1, " "1, " "1, " "1, " "1, " "1, " "1, " "1, " "1, " "1, " "1, " "1, " "1, " "1, " "1, " "1, " "1, " "1, " "1, " "1, " "1, " "1, " "1, " "1, " "1, " "1, " "1, " "1, " "1, " "1, " "1, " "1, " "1, " "1, " "1, " "1, " "1, " "1, " "1, " "1, " "1, " "1, " "1, " "1, " "1, " "1, " "1, " "1, " "1, " "1, " "1, " "1, " "1, " "1, " "1, " "1, " "1, " "1, " "1, " "1, " "1, " "1, " "1, " "1, " "1, " "1, " "1, " "1, " "1, " "1, " "1, " "1, " "1, " "1, " "1, " "1, " "1, " "1, " "1, " "1, " "1, " "1, " "1, " "1, " "1, " "1, " "1, " "1, " "1, " "1, " "1, " "1, " "1, " "1, " "1, " "1, " "1, " "1, " "1, " "1, " "1, " "1, " "1, " "1, " "1, " "1, " "1, " "1, " "1, " "1, " "1, " "1, " "1, " "1, " "1, " "1, " "1, " "1, " "1, " "1, " "1, " "1, " "1, " "1, " "1, " "1, " "1, " "1, " "1, " "1, " "1, " "1, " "1, " "1, " "1, " "1, " "1, " "1, " "1, " "1, " "1, " "1, " "1, " "1, " "1, " "1, " "1, " "1, " "1, " "1, " "1, " "1, " "1, " "1, " "1, " "1, " "1, " "1, " "1, " "1, " "1, " "1, " "1, " "1, " "1, " "1, " "1, " "1, " "1, " "1, " "1, " "1, " "1, " "1, " "1, " "1, " "1, " "1, " "1, " "1, " "1, " "1, " "1, " "1, " "1, " "1, " "1, " "1, " "1, " "1, " "1, " "1, " "1, " "1, " "1, " "1, " "1, " "1, " "1, " "1, " "1, " "1, " "1, " "1, " "1, " "1, " "1, " "1, " "1, " "1, " "1, " "1, " "1, " "1, " "1, " "1, " "1, " "1, " "1, " "1, " "1, " "1, " "1, " "1, " "1, " "1, " "1, " "1, " "1, " "1, " "1, " "1, " "1, " "1, " "1, " "1, " "1, " "1, " "1, " "1, " "1, " "1, " "1, " "1, " "1, " "1, " "1, " "1, " "1, " "1, " "1, " "1, " "1, " "1, " "1, " "1, " "1, " "1, " "1, " "1, " "1, " "1, " "1, " "1, " "1, " "1, " "1, " "1, " "1, " "1, " "1, " "1, " "1, " "1, " "1, " "1, " "1, " "1, " "1, " "1, " "1, " "1, " "1, " "1, " "1, " "1, " "1, " "1, " "1, " "1, " "1, " "1, " "1, " "1, " "1, " "1, " "1, " "1, " "1, " "1, " "1, " "1, " "1, " "1, " "1, " "1, " "1, " "1, " "1, " "1, " "1, " "1, " "1, " "1, " "1, " "1, " "1, " "1, " "1, " "1, " "1, " "1, " "1, " "1, " "1, " "1, " "1, " "1, " "1, " "1, " "1, " "1, " "1, " "1, " "1, " "1, " "1, " "1, " "1, " "1, " "1, " "1, " "1, " "1, " "1, " "1, " "1, " "1, " "1, " "1, " "1, " "1, " "1, " "1, " "1, " "1, " "1, " "1, " "1, " "1, " "1, " "1, " "1, " "1, " "1, " "1, " "1, "204
 "Nei88, 0.123, " "0.015, " "1, " "1, " "1, " "1, " "1, " "1, " "1, " "1, " "1, " "1, " "1, " "1, " "1, " "1, " "1, " "1, " "1, " "1, " "1, " "1, " "1, " "1, " "1, " "1, " "1, " "1, " "1, " "1, " "1, " "1, " "1, " "1, " "1, " "1, " "1, " "1, " "1, " "1, " "1, " "1, " "1, " "1, " "1, " "1, " "1, " "1, " "1, " "1, " "1, " "1, " "1, " "1, " "1, " "1, " "1, " "1, " "1, " "1, " "1, " "1, " "1, " "1, " "1, " "1, " "1, " "1, " "1, " "1, " "1, " "1, " "1, " "1, " "1, " "1, " "1, " "1, " "1, " "1, " "1, " "1, " "1, " "1, " "1, " "1, " "1, " "1, " "1, " "1, " "0, " "1, " "1, " "1, " "1, " "1, " "1, " "1, " "1, " "1, " "1, " "1, " "1, " "1, " "1, " "1, " "1, " "1, " "1, " "1, " "1, " "1, " "1, " "1, " "1, " "1, " "1, " "1, " "1, " "1, " "1, " "1, " "1, " "1, " "1, " "1, " "1, " "1, " "1, " "1, " "1, " "1, " "1, " "1, " "1, " "1, " "1, " "1, " "1, " "1, " "1, " "1, " "1, " "1, " "1, " "1, " "1, " "1, " "1, " "1, " "1, " "1, " "1, " "1, " "1, " "1, " "1, " "1, " "1, " "1, " "1, " "1, " "1, " "1, " "1, " "1, " "1, " "1, " "1, " "1, " "1, " "1, " "1, " "1, " "1, " "1, " "1, " "1, " "1, " "1, " "1, " "1, " "1, " "1, " "1, " "1, " "1, " "1, " "1, " "1, " "1, " "1, " "1, " "1, " "1, " "1, " "1, " "1, " "1, " "1, " "1, " "1, " "1, " "1, " "1, " "1, " "1, " "1, " "1, " "1, " "1, " "1, " "1, " "1, " "1, " "1, " "1, " "1, " "1, " "1, " "1, " "1, " "1, " "1, " "1, " "1, " "1, " "1, " "1, " "1, " "1, " "1, " "1, " "1, " "1, " "1, " "1, " "1, " "1, " "1, " "1, " "1, " "1, " "1, " "1, " "1, " "1, " "1, " "1, " "1, " "1, " "1, " "1, " "1, " "1, " "1, " "1, " "1, " "1, " "1, " "1, " "1, " "1, " "1, " "1, " "1, " "1, " "1, " "1, " "1, " "1, " "1, " "1, " "1, " "1, " "1, " "1, " "1, " "1, " "1, " "1, " "1, " "1, " "1, " "1, " "1, " "1, " "1, " "1, " "1, " "1, " "1, " "1, " "1, " "1, " "1, " "1, " "1, " "1, " "1, " "1, " "1, " "1, " "1, " "1, " "1, " "1, " "1, " "1, " "1, " "1, " "1, " "1, " "1, " "1, " "1, " "1, " "1, " "1, " "1, " "1, " "1, " "1, " "1, " "1, " "1, " "1, " "1, " "1, " "1, " "1, " "1, " "1, " "1, " "1, " "1, " "1, " "1, " "1, " "1, " "1, " "1, " "1, " "1, " "1, " "1, " "1, " "1, " "1, " "1, " "1, " "1, " "1, " "1, " "1, " "1, " "1, " "1, " "1, " "1, " "1, " "1, " "1, " "1, " "1, " "1, " "1, " "1, " "1, " "1, " "1, " "1, " "1, " "1, " "1, " "1, " "1, " "1, " "1, " "1, " "1, " "1, " "1, " "1, " "1, " "1, " "1, " "1, " "1, " "1, " "1, " "1, " "1, " "1, " "1, " "1, " "1, " "1, " "1, " "1, " "1, " "1, " "1, " "1, " "1, " "1, " "1, " "1, " "1, " "1, " "1, " "1, " "1, " "1, " "1, " "1, " "1, " "1, " "1, " "1, " "1, " "1, " "1, " "1, " "1, " "1, " "1, " "1, " "1, " "1, " "1, " "1, " "1, " "1, " "1, " "1, " "1, " "1, " "1, " "1, " "1, " "1, " "1, " "1, " "1, " "1, " "1, " "1, " "1, " "1, " "1, " "1, " "1, " "1, " "1, " "1, " "1, " "1, " "1, " "1, " "1, " "1, " "1, " "1, " "1, " "1, " "1, " "1, " "1, " "1, " "1, " "1, " "1, " "1, " "1, " "1, " "1, " "1, " "1, " "1, " "1, " "1, " "1, " "1, " "1, " "1, " "1, " "1, " "1, " "1, " "1, " "1, " "1, " "1, " "1, " "1, " "1, " "1, " "1, " "1, " "1, " "1, " "1, " "1, " "1, " "1, " "1, " "1, " "1, " "1, " "1, " "1, " "1, " "1, " "1, "204
 "Nei89, 0.305, " "0.015, " "1, " "1, " "1, " "1, " "1, " "1, " "1, " "1, " "1, " "1, " "1, " "1, " "1, " "1, " "1, " "1, " "1, " "1, " "1, " "1, " "1, " "1, " "1, " "1, " "1, " "1, " "1, " "1, " "1, " "1, " "1, " "1, " "1, " "1, " "1, " "1, " "1, " "1, " "1, " "1, " "1, " "1, " "1, " "1, " "1, " "1, " "1, " "1, " "1, " "1, " "1, " "1, " "1, " "1, " "1, " "1, " "1, " "1, " "1, " "1, " "1, " "1, " "1, " "1, " "1, " "1, " "1, " "1, " "1, " "1, " "1, " "1, " "1, " "1, " "1, " "1, " "1, " "1, " "1, " "1, " "1, " "1, " "1, " "1, " "1, " "1, " "1, " "1, " "1, " "0, " "1, " "1, " "1, " "1, " "1, " "1, " "1, " "1, " "1, " "1, " "1, " "1, " "1, " "1, " "1, " "1, " "1, " "1, " "1, " "1, " "1, " "1, " "1, " "1, " "1, " "1, " "1, " "1, " "1, " "1, " "1, " "1, " "1, " "1, " "1, " "1, " "1, " "1, " "1, " "1, " "1, " "1, " "1, " "1, " "1, " "1, " "1, " "1, " "1, " "1, " "1, " "1, " "1, " "1, " "1, " "1, " "1, " "1, " "1, " "1, " "1, " "1, " "1, " "1, " "1, " "1, " "1, " "1, " "1, " "1, " "1, " "1, " "1, " "1, " "1, " "1, " "1, " "1, " "1, " "1, " "1, " "1, " "1, " "1, " "1, " "1, " "1, " "1, " "1, " "1, " "1, " "1, " "1, " "1, " "1, " "1, " "1, " "1, " "1, " "1, " "1, " "1, " "1, " "1, " "1, " "1, " "1, " "1, " "1, " "1, " "1, " "1, " "1, " "1, " "1, " "1, " "1, " "1, " "1, " "1, " "1, " "1, " "1, " "1, " "1, " "1, " "1, " "1, " "1, " "1, " "1, " "1, " "1, " "1, " "1, " "1, " "1, " "1, " "1, " "1, " "1, " "1, " "1, " "1, " "1, " "1, " "1, " "1, " "1, " "1, " "1, " "1, " "1, " "1, " "1, " "1, " "1, " "1, " "1, " "1, " "1, " "1, " "1, " "1, " "1, " "1, " "1, " "1, " "1, " "1, " "1, " "1, " "1, " "1, " "1, " "1, " "1, " "1, " "1, " "1, " "1, " "1, " "1, " "1, " "1, " "1, " "1, " "1, " "1, " "1, " "1, " "1, " "1, " "1, " "1, " "1, " "1, " "1, " "1, " "1, " "1, " "1, " "1, " "1, " "1, " "1, " "1, " "1, " "1, " "1, " "1, " "1, " "1, " "1, " "1, " "1, " "1, " "1, " "1, " "1, " "1, " "1, " "1, " "1, " "1, " "1, " "1, " "1, " "1, " "1, " "1, " "1, " "1, " "1, " "1, " "1, " "1, " "1, " "1, " "1, " "1, " "1, " "1, " "1, " "1, " "1, " "1, " "1, " "1, " "1, " "1, " "1, " "1, " "1, " "1, " "1, " "1, " "1, " "1, " "1, " "1, " "1, " "1, " "1, " "1, " "1, " "1, " "1, " "1, " "1, " "1, " "1, " "1, " "1, " "1, " "1, " "1, " "1, " "1, " "1, " "1, " "1, " "1, " "1, " "1, " "1, " "1, " "1, " "1, " "1, " "1, " "1, " "1, " "1, " "1, " "1, " "1, " "1, " "1, " "1, " "1, " "1, " "1, " "1, " "1, " "1, " "1, " "1, " "1, " "1, " "1, " "1, " "1, " "1, " "1, " "1, " "1, " "1, " "1, " "1, " "1, " "1, " "1, " "1, " "1, " "1, " "1, " "1, " "1, " "1, " "1, " "1, " "1, " "1, " "1, " "1, " "1, " "1, " "1, " "1, " "1, " "1, " "1, " "1, " "1, " "1, " "1, " "1, " "1, " "1, " "1, " "1, " "1, " "1, " "1, " "1, " "1, " "1, " "1, " "1, " "1, " "1, " "1, " "1, " "1, " "1, " "1, " "1, " "1, " "1, " "1, " "1, " "1, " "1, " "1, " "1, " "1, " "1, " "1, " "1, " "1, " "1, " "1, " "1, " "1, " "1, " "1, " "1, " "1, " "1, " "1, " "1, " "1, " "1, " "1, " "1, " "1, " "1, " "1, " "1, " "1, " "1, " "1, " "1, " "1, " "1, " "1, " "1, " "1, " "1, " "1, " "1, " "1, " "1, " "1, " "1, " "1, " "1, " "1, " "1, " "1, " "1, " "1, "204
 "Nei90, 0.37, " "0.015, " "1, " "1, " "1, " "1, " "1, " "1, " "1, " "1, " "1, " "1, " "1, " "1, " "1, " "1, " "1, " "1, " "1, " "1, " "1, " "1, " "1, " "1, " "1, " "1, " "1, " "1, " "1, " "1, " "1, " "1, " "1, " "1, " "1, " "1, " "1, " "1, " "1, " "1, " "1, " "1, " "1, " "1, " "1, " "1, " "1, " "1, " "1, " "1, " "1, " "1, " "1, " "1, " "1, " "1, " "1, " "1, " "1, " "1, " "1, " "1, " "1, " "1, " "1, " "1, " "1, " "1, " "1, " "1, " "1, " "1, " "1, " "1, " "1, " "1, " "1, " "1, " "1, " "1, " "1, " "1, " "1, " "1, " "1, " "1, " "1, " "1, " "1, " "1, " "1, " "1, " "0, " "1, " "1, " "1, " "1, " "1, " "1, " "1, " "1, " "1, " "1, " "1, " "1, " "1, " "1, " "1, " "1, " "1, " "1, " "1, " "1, " "1, " "1, " "1, " "1, " "1, " "1, " "1, " "1, " "1, " "1, " "1, " "1, " "1, " "1, " "1, " "1, " "1, " "1, " "1, " "1, " "1, " "1, " "1, " "1, " "1, " "1, " "1, " "1, " "1, " "1, " "1, " "1, " "1, " "1, " "1, " "1, " "1, " "1, " "1, " "1, " "1, " "1, " "1, " "1, " "1, " "1, " "1, " "1, " "1, " "1, " "1, " "1, " "1, " "1, " "1, " "1, " "1, " "1, " "1, " "1, " "1, " "1, " "1, " "1, " "1, " "1, " "1, " "1, " "1, " "1, " "1, " "1, " "1, " "1, " "1, " "1, " "1, " "1, " "1, " "1, " "1, " "1, " "1, " "1, " "1, " "1, " "1, " "1, " "1, " "1, " "1, " "1, " "1, " "1, " "1, " "1, " "1, " "1, " "1, " "1, " "1, " "1, " "1, " "1, " "1, " "1, " "1, " "1, " "1, " "1, " "1, " "1, " "1, " "1, " "1, " "1, " "1, " "1, " "1, " "1, " "1, " "1, " "1, " "1, " "1, " "1, " "1, " "1, " "1, " "1, " "1, " "1, " "1, " "1, " "1, " "1, " "1, " "1, " "1, " "1, " "1, " "1, " "1, " "1, " "1, " "1, " "1, " "1, " "1, " "1, " "1, " "1, " "1, " "1, " "1, " "1, " "1, " "1, " "1, " "1, " "1, " "1, " "1, " "1, " "1, " "1, " "1, " "1, " "1, " "1, " "1, " "1, " "1, " "1, " "1, " "1, " "1, " "1, " "1, " "1, " "1, " "1, " "1, " "1, " "1, " "1, " "1, " "1, " "1, " "1, " "1, " "1, " "1, " "1, " "1, " "1, " "1, " "1, " "1, " "1, " "1, " "1, " "1, " "1, " "1, " "1, " "1, " "1, " "1, " "1, " "1, " "1, " "1, " "1, " "1, " "1, " "1, " "1, " "1, " "1, " "1, " "1, " "1, " "1, " "1, " "1, " "1, " "1, " "1, " "1, " "1, " "1, " "1, " "1, " "1, " "1, " "1, " "1, " "1, " "1, " "1, " "1, " "1, " "1, " "1, " "1, " "1, " "1, " "1, " "1, " "1, " "1, " "1, " "1, " "1, " "1, " "1, " "1, " "1, " "1, " "1, " "1, " "1, " "1, " "1, " "1, " "1, " "1, " "1, " "1, " "1, " "1, " "1, " "1, " "1, " "1, " "1, " "1, " "1, " "1, " "1, " "1, " "1, " "1, " "1, " "1, " "1, " "1, " "1, " "1, " "1, " "1, " "1, " "1, " "1, " "1, " "1, " "1, " "1, " "1, " "1, " "1, " "1, " "1, " "1, " "1, " "1, " "1, " "1, " "1, " "1, " "1, " "1, " "1, " "1, " "1, " "1, " "1, " "1, " "1, " "1, " "1, " "1, " "1, " "1, " "1, " "1, " "1, " "1, " "1, " "1, " "1, " "1, " "1, " "1, " "1, " "1, " "1, " "1, " "1, " "1, " "1, " "1, " "1, " "1, " "1, " "1, " "1, " "1, " "1, " "1, " "1, " "1, " "1, " "1, " "1, " "1, " "1, " "1, " "1, " "1, " "1, " "1, " "1, " "1, " "1, " "1, " "1, " "1, " "1, " "1, " "1, " "1, " "1, " "1, " "1, " "1, " "1, " "1, " "1, " "1, " "1, " "1, " "1, " "1, " "1, " "1, " "1, " "1, " "1, " "1, " "1, " "1, " "1, " "1, " "1, " "1, " "1, " "1, " "1, " "1, " "1, "204
 "Nei91, 0.054, " "0.015, " "1, " "1, " "1, " "1, " "1, " "1, " "1, " "1, " "1, " "1, " "1, " "1, " "1, " "1, " "1, " "1, " "1, " "1, " "1, " "1, " "1, " "1, " "1, " "1, " "1, " "1, " "1, " "1, " "1, " "1, " "1, " "1, " "1, " "1, " "1, " "1, " "1, " "1, " "1, " "1, " "1, " "1, " "1, " "1, " "1, " "1, " "1, " "1, " "1, " "1, " "1, " "1, " "1, " "1, " "1, " "1, " "1, " "1, " "1, " "1, " "1, " "1, " "1, " "1, " "1, " "1, " "1, " "1, " "1, " "1, " "1, " "1, " "1, " "1, " "1, " "1, " "1, " "1, " "1, " "1, " "1, " "1, " "1, " "1, " "1, " "1, " "1, " "1, " "1, " "1, " "1, " "0, " "1, " "1, " "1, " "1, " "1, " "1, " "1, " "1, " "1, " "1, " "1, " "1, " "1, " "1, " "1, " "1, " "1, " "1, " "1, " "1, " "1, " "1, " "1, " "1, " "1, " "1, " "1, " "1, " "1, " "1, " "1, " "1, " "1, " "1, " "1, " "1, " "1, " "1, " "1, " "1, " "1, " "1, " "1, " "1, " "1, " "1, " "1, " "1, " "1, " "1, " "1, " "1, " "1, " "1, " "1, " "1, " "1, " "1, " "1, " "1, " "1, " "1, " "1, " "1, " "1, " "1, " "1, " "1, " "1, " "1, " "1, " "1, " "1, " "1, " "1, " "1, " "1, " "1, " "1, " "1, " "1, " "1, " "1, " "1, " "1, " "1, " "1, " "1, " "1, " "1, " "1, " "1, " "1, " "1, " "1, " "1, " "1, " "1, " "1, " "1, " "1, " "1, " "1, " "1, " "1, " "1, " "1, " "1, " "1, " "1, " "1, " "1, " "1, " "1, " "1, " "1, " "1, " "1, " "1, " "1, " "1, " "1, " "1, " "1, " "1, " "1, " "1, " "1, " "1, " "1, " "1, " "1, " "1, " "1, " "1, " "1, " "1, " "1, " "1, " "1, " "1, " "1, " "1, " "1, " "1, " "1, " "1, " "1, " "1, " "1, " "1, " "1, " "1, " "1, " "1, " "1, " "1, " "1, " "1, " "1, " "1, " "1, " "1, " "1, " "1, " "1, " "1, " "1, " "1, " "1, " "1, " "1, " "1, " "1, " "1, " "1, " "1, " "1, " "1, " "1, " "1, " "1, " "1, " "1, " "1, " "1, " "1, " "1, " "1, " "1, " "1, " "1, " "1, " "1, " "1, " "1, " "1, " "1, " "1, " "1, " "1, " "1, " "1, " "1, " "1, " "1, " "1, " "1, " "1, " "1, " "1, " "1, " "1, " "1, " "1, " "1, " "1, " "1, " "1, " "1, " "1, " "1, " "1, " "1, " "1, " "1, " "1, " "1, " "1, " "1, " "1, " "1, " "1, " "1, " "1, " "1, " "1, " "1, " "1, " "1, " "1, " "1, " "1, " "1, " "1, " "1, " "1, " "1, " "1, " "1, " "1, " "1, " "1, " "1, " "1, " "1, " "1, " "1, " "1, " "1, " "1, " "1, " "1, " "1, " "1, " "1, " "1, " "1, " "1, " "1, " "1, " "1, " "1, " "1, " "1, " "1, " "1, " "1, " "1, " "1, " "1, " "1, " "1, " "1, " "1, " "1, " "1, " "1, " "1, " "1, " "1, " "1, " "1, " "1, " "1, " "1, " "1, " "1, " "1, " "1, " "1, " "1, " "1, " "1, " "1, " "1, " "1, " "1, " "1, " "1, " "1, " "1, " "1, " "1, " "1, " "1, " "1, " "1, " "1, " "1, " "1, " "1, " "1, " "1, " "1, " "1, " "1, " "1, " "1, " "1, " "1, " "1, " "1, " "1, " "1, " "1, " "1, " "1, " "1, " "1, " "1, " "1, " "1, " "1, " "1, " "1, " "1, " "1, " "1, " "1, " "1, " "1, " "1, " "1, " "1, " "1, " "1, " "1, " "1, " "1, " "1, " "1, " "1, " "1, " "1, " "1, " "1, " "1, " "1, " "1, " "1, " "1, " "1, " "1, " "1, " "1, " "1, " "1, " "1, " "1, " "1, " "1, " "1, " "1, " "1, " "1, " "1, " "1, " "1, " "1, " "1, " "1, " "1, " "1, " "1, " "1, " "1, " "1, " "1, " "1, " "1, " "1, " "1, " "1, " "1, " "1, " "1, " "1, " "1, " "1, " "1, " "1, " "1, " "1, " "1, " "1, " "1, " "1, " "1, " "1, " "1, "204
 "Nei92, 0.149, " "0.015, " "1, " "1, " "1, " "1, " "1, " "1, " "1, " "1, " "1, " "1, " "1, " "1, " "1, " "1, " "1, " "1, " "1, " "1, " "1, " "1, " "1, " "1, " "1, " "1, " "1, " "1, " "1, " "1, " "1, " "1, " "1, " "1, " "1, " "1, " "1, " "1, " "1, " "1, " "1, " "1, " "1, " "1, " "1, " "1, " "1, " "1, " "1, " "1, " "1, " "1, " "1, " "1, " "1, " "1, " "1, " "1, " "1, " "1, " "1, " "1, " "1, " "1, " "1, " "1, " "1, " "1, " "1, " "1, " "1, " "1, " "1, " "1, " "1, " "1, " "1, " "1, " "1, " "1, " "1, " "1, " "1, " "1, " "1, " "1, " "1, " "1, " "1, " "1, " "1, " "1, " "1, " "1, " "0, " "1, " "1, " "1, " "1, " "1, " "1, " "1, " "1, " "1, " "1, " "1, " "1, " "1, " "1, " "1, " "1, " "1, " "1, " "1, " "1, " "1, " "1, " "1, " "1, " "1, " "1, " "1, " "1, " "1, " "1, " "1, " "1, " "1, " "1, " "1, " "1, " "1, " "1, " "1, " "1, " "1, " "1, " "1, " "1, " "1, " "1, " "1, " "1, " "1, " "1, " "1, " "1, " "1, " "1, " "1, " "1, " "1, " "1, " "1, " "1, " "1, " "1, " "1, " "1, " "1, " "1, " "1, " "1, " "1, " "1, " "1, " "1, " "1, " "1, " "1, " "1, " "1, " "1, " "1, " "1, " "1, " "1, " "1, " "1, " "1, " "1, " "1, " "1, " "1, " "1, " "1, " "1, " "1, " "1, " "1, " "1, " "1, " "1, " "1, " "1, " "1, " "1, " "1, " "1, " "1, " "1, " "1, " "1, " "1, " "1, " "1, " "1, " "1, " "1, " "1, " "1, " "1, " "1, " "1, " "1, " "1, " "1, " "1, " "1, " "1, " "1, " "1, " "1, " "1, " "1, " "1, " "1, " "1, " "1, " "1, " "1, " "1, " "1, " "1, " "1, " "1, " "1, " "1, " "1, " "1, " "1, " "1, " "1, " "1, " "1, " "1, " "1, " "1, " "1, " "1, " "1, " "1, " "1, " "1, " "1, " "1, " "1, " "1, " "1, " "1, " "1, " "1, " "1, " "1, " "1, " "1, " "1, " "1, " "1, " "1, " "1, " "1, " "1, " "1, " "1, " "1, " "1, " "1, " "1, " "1, " "1, " "1, " "1, " "1, " "1, " "1, " "1, " "1, " "1, " "1, " "1, " "1, " "1, " "1, " "1, " "1, " "1, " "1, " "1, " "1, " "1, " "1, " "1, " "1, " "1, " "1, " "1, " "1, " "1, " "1, " "1, " "1, " "1, " "1, " "1, " "1, " "1, " "1, " "1, " "1, " "1, " "1, " "1, " "1, " "1, " "1, " "1, " "1, " "1, " "1, " "1, " "1, " "1, " "1, " "1, " "1, " "1, " "1, " "1, " "1, " "1, " "1, " "1, " "1, " "1, " "1, " "1, " "1, " "1, " "1, " "1, " "1, " "1, " "1, " "1, " "1, " "1, " "1, " "1, " "1, " "1, " "1, " "1, " "1, " "1, " "1, " "1, " "1, " "1, " "1, " "1, " "1, " "1, " "1, " "1, " "1, " "1, " "1, " "1, " "1, " "1, " "1, " "1, " "1, " "1, " "1, " "1, " "1, " "1, " "1, " "1, " "1, " "1, " "1, " "1, " "1, " "1, " "1, " "1, " "1, " "1, " "1, " "1, " "1, " "1, " "1, " "1, " "1, " "1, " "1, " "1, " "1, " "1, " "1, " "1, " "1, " "1, " "1, " "1, " "1, " "1, " "1, " "1, " "1, " "1, " "1, " "1, " "1, " "1, " "1, " "1, " "1, " "1, " "1, " "1, " "1, " "1, " "1, " "1, " "1, " "1, " "1, " "1, " "1, " "1, " "1, " "1, " "1, " "1, " "1, " "1, " "1, " "1, " "1, " "1, " "1, " "1, " "1, " "1, " "1, " "1, " "1, " "1, " "1, " "1, " "1, " "1, " "1, " "1, " "1, " "1, " "1, " "1, " "1, " "1, " "1, " "1, " "1, " "1, " "1, " "1, " "1, " "1, " "1, " "1, " "1, " "1, " "1, " "1, " "1, " "1, " "1, " "1, " "1, " "1, " "1, " "1, " "1, " "1, " "1, " "1, " "1, " "1, " "1, " "1, " "1, " "1, " "1, " "1, " "1, " "1, " "1, " "1, " "1, " "1, "204
 "Nei93, 0.321, " "0.015, " "1, " "1, " "1, " "1, " "1, " "1, " "1, " "1, " "1, " "1, " "1, " "1, " "1, " "1, " "1, " "1, " "1, " "1, " "1, " "1, " "1, " "1, " "1, " "1, " "1, " "1, " "1, " "1, " "1, " "1, " "1, " "1, " "1, " "1, " "1, " "1, " "1, " "1, " "1, " "1, " "1, " "1, " "1, " "1, " "1, " "1, " "1, " "1, " "1, " "1, " "1, " "1, " "1, " "1, " "1, " "1, " "1, " "1, " "1, " "1, " "1, " "1, " "1, " "1, " "1, " "1, " "1, " "1, " "1, " "1, " "1, " "1, " "1, " "1, " "1, " "1, " "1, " "1, " "1, " "1, " "1, " "1, " "1, " "1, " "1, " "1, " "1, " "1, " "1, " "1, " "1, " "1, " "1, " "0, " "1, " "1, " "1, " "1, " "1, " "1, " "1, " "1, " "1, " "1, " "1, " "1, " "1, " "1, " "1, " "1, " "1, " "1, " "1, " "1, " "1, " "1, " "1, " "1, " "1, " "1, " "1, " "1, " "1, " "1, " "1, " "1, " "1, " "1, " "1, " "1, " "1, " "1, " "1, " "1, " "1, " "1, " "1, " "1, " "1, " "1, " "1, " "1, " "1, " "1, " "1, " "1, " "1, " "1, " "1, " "1, " "1, " "1, " "1, " "1, " "1, " "1, " "1, " "1, " "1, " "1, " "1, " "1, " "1, " "1, " "1, " "1, " "1, " "1, " "1, " "1, " "1, " "1, " "1, " "1, " "1, " "1, " "1, " "1, " "1, " "1, " "1, " "1, " "1, " "1, " "1, " "1, " "1, " "1, " "1, " "1, " "1, " "1, " "1, " "1, " "1, " "1, " "1, " "1, " "1, " "1, " "1, " "1, " "1, " "1, " "1, " "1, " "1, " "1, " "1, " "1, " "1, " "1, " "1, " "1, " "1, " "1, " "1, " "1, " "1, " "1, " "1, " "1, " "1, " "1, " "1, " "1, " "1, " "1, " "1, " "1, " "1, " "1, " "1, " "1, " "1, " "1, " "1, " "1, " "1, " "1, " "1, " "1, " "1, " "1, " "1, " "1, " "1, " "1, " "1, " "1, " "1, " "1, " "1, " "1, " "1, " "1, " "1, " "1, " "1, " "1, " "1, " "1, " "1, " "1, " "1, " "1, " "1, " "1, " "1, " "1, " "1, " "1, " "1, " "1, " "1, " "1, " "1, " "1, " "1, " "1, " "1, " "1, " "1, " "1, " "1, " "1, " "1, " "1, " "1, " "1, " "1, " "1, " "1, " "1, " "1, " "1, " "1, " "1, " "1, " "1, " "1, " "1, " "1, " "1, " "1, " "1, " "1, " "1, " "1, " "1, " "1, " "1, " "1, " "1, " "1, " "1, " "1, " "1, " "1, " "1, " "1, " "1, " "1, " "1, " "1, " "1, " "1, " "1, " "1, " "1, " "1, " "1, " "1, " "1, " "1, " "1, " "1, " "1, " "1, " "1, " "1, " "1, " "1, " "1, " "1, " "1, " "1, " "1, " "1, " "1, " "1, " "1, " "1, " "1, " "1, " "1, " "1, " "1, " "1, " "1, " "1, " "1, " "1, " "1, " "1, " "1, " "1, " "1, " "1, " "1, " "1, " "1, " "1, " "1, " "1, " "1, " "1, " "1, " "1, " "1, " "1, " "1, " "1, " "1, " "1, " "1, " "1, " "1, " "1, " "1, " "1, " "1, " "1, " "1, " "1, " "1, " "1, " "1, " "1, " "1, " "1, " "1, " "1, " "1, " "1, " "1, " "1, " "1, " "1, " "1, " "1, " "1, " "1, " "1, " "1, " "1, " "1, " "1, " "1, " "1, " "1, " "1, " "1, " "1, " "1, " "1, " "1, " "1, " "1, " "1, " "1, " "1, " "1, " "1, " "1, " "1, " "1, " "1, " "1, " "1, " "1, " "1, " "1, " "1, " "1, " "1, " "1, " "1, " "1, " "1, " "1, " "1, " "1, " "1, " "1, " "1, " "1, " "1, " "1, " "1, " "1, " "1, " "1, " "1, " "1, " "1, " "1, " "1, " "1, " "1, " "1, " "1, " "1, " "1, " "1, " "1, " "1, " "1, " "1, " "1, " "1, " "1, " "1, " "1, " "1, " "1, " "1, " "1, " "1, " "1, " "1, " "1, " "1, " "1, " "1, " "1, " "1, " "1, " "1, " "1, " "1, " "1, " "1, " "1, " "1, " "1, " "1, " "1, " "1, " "1, " "1, " "1, " "1, "204
 "Nei94, 0.356, " "0.015, " "1, " "1, " "1, " "1, " "1, " "1, " "1, " "1, " "1, " "1, " "1, " "1, " "1, " "1, " "1, " "1, " "1, " "1, " "1, " "1, " "1, " "1, " "1, " "1, " "1, " "1, " "1, " "1, " "1, " "1, " "1, " "1, " "1, " "1, " "1, " "1, " "1, " "1, " "1, " "1, " "1, " "1, " "1, " "1, " "1, " "1, " "1, " "1, " "1, " "1, " "1, " "1, " "1, " "1, " "1, " "1, " "1, " "1, " "1, " "1, " "1, " "1, " "1, " "1, " "1, " "1, " "1, " "1, " "1, " "1, " "1, " "1, " "1, " "1, " "1, " "1, " "1, " "1, " "1, " "1, " "1, " "1, " "1, " "1, " "1, " "1, " "1, " "1, " "1, " "1, " "1, " "1, " "1, " "1, " "0, " "1, " "1, " "1, " "1, " "1, " "1, " "1, " "1, " "1, " "1, " "1, " "1, " "1, " "1, " "1, " "1, " "1, " "1, " "1, " "1, " "1, " "1, " "1, " "1, " "1, " "1, " "1, " "1, " "1, " "1, " "1, " "1, " "1, " "1, " "1, " "1, " "1, " "1, " "1, " "1, " "1, " "1, " "1, " "1, " "1, " "1, " "1, " "1, " "1, " "1, " "1, " "1, " "1, " "1, " "1, " "1, " "1, " "1, " "1, " "1, " "1, " "1, " "1, " "1, " "1, " "1, " "1, " "1, " "1, " "1, " "1, " "1, " "1, " "1, " "1, " "1, " "1, " "1, " "1, " "1, " "1, " "1, " "1, " "1, " "1, " "1, " "1, " "1, " "1, " "1, " "1, " "1, " "1, " "1, " "1, " "1, " "1, " "1, " "1, " "1, " "1, " "1, " "1, " "1, " "1, " "1, " "1, " "1, " "1, " "1, " "1, " "1, " "1, " "1, " "1, " "1, " "1, " "1, " "1, " "1, " "1, " "1, " "1, " "1, " "1, " "1, " "1, " "1, " "1, " "1, " "1, " "1, " "1, " "1, " "1, " "1, " "1, " "1, " "1, " "1, " "1, " "1, " "1, " "1, " "1, " "1, " "1, " "1, " "1, " "1, " "1, " "1, " "1, " "1, " "1, " "1, " "1, " "1, " "1, " "1, " "1, " "1, " "1, " "1, " "1, " "1, " "1, " "1, " "1, " "1, " "1, " "1, " "1, " "1, " "1, " "1, " "1, " "1, " "1, " "1, " "1, " "1, " "1, " "1, " "1, " "1, " "1, " "1, " "1, " "1, " "1, " "1, " "1, " "1, " "1, " "1, " "1, " "1, " "1, " "1, " "1, " "1, " "1, " "1, " "1, " "1, " "1, " "1, " "1, " "1, " "1, " "1, " "1, " "1, " "1, " "1, " "1, " "1, " "1, " "1, " "1, " "1, " "1, " "1, " "1, " "1, " "1, " "1, " "1, " "1, " "1, " "1, " "1, " "1, " "1, " "1, " "1, " "1, " "1, " "1, " "1, " "1, " "1, " "1, " "1, " "1, " "1, " "1, " "1, " "1, " "1, " "1, " "1, " "1, " "1, " "1, " "1, " "1, " "1, " "1, " "1, " "1, " "1, " "1, " "1, " "1, " "1, " "1, " "1, " "1, " "1, " "1, " "1, " "1, " "1, " "1, " "1, " "1, " "1, " "1, " "1, " "1, " "1, " "1, " "1, " "1, " "1, " "1, " "1, " "1, " "1, " "1, " "1, " "1, " "1, " "1, " "1, " "1, " "1, " "1, " "1, " "1, " "1, " "1, " "1, " "1, " "1, " "1, " "1, " "1, " "1, " "1, " "1, " "1, " "1, " "1, " "1, " "1, " "1, " "1, " "1, " "1, " "1, " "1, " "1, " "1, " "1, " "1, " "1, " "1, " "1, " "1, " "1, " "1, " "1, " "1, " "1, " "1, " "1, " "1, " "1, " "1, " "1, " "1, " "1, " "1, " "1, " "1, " "1, " "1, " "1, " "1, " "1, " "1, " "1, " "1, " "1, " "1, " "1, " "1, " "1, " "1, " "1, " "1, " "1, " "1, " "1, " "1, " "1, " "1, " "1, " "1, " "1, " "1, " "1, " "1, " "1, " "1, " "1, " "1, " "1, " "1, " "1, " "1, " "1, " "1, " "1, " "1, " "1, " "1, " "1, " "1, " "1, " "1, " "1, " "1, " "1, " "1, " "1, " "1, " "1, " "1, " "1, " "1, " "1, " "1, " "1, " "1, " "1, " "1, " "1, " "1, " "1, " "1, " "1, " "1, " "1, " "1, "204
 "Nei95, 0.234, " "0.015, " "1, " "1, " "1, " "1, " "1, " "1, " "1, " "1, " "1, " "1, " "1, " "1, " "1, " "1, " "1, " "1, " "1, " "1, " "1, " "1, " "1, " "1, " "1, " "1, " "1, " "1, " "1, " "1, " "1, " "1, " "1, " "1, " "1, " "1, " "1, " "1, " "1, " "1, " "1, " "1, " "1, " "1, " "1, " "1, " "1, " "1, " "1, " "1, " "1, " "1, " "1, " "1, " "1, " "1, " "1, " "1, " "1, " "1, " "1, " "1, " "1, " "1, " "1, " "1, " "1, " "1, " "1, " "1, " "1, " "1, " "1, " "1, " "1, " "1, " "1, " "1, " "1, " "1, " "1, " "1, " "1, " "1, " "1, " "1, " "1, " "1, " "1, " "1, " "1, " "1, " "1, " "1, " "1, " "1, " "1, " "0, " "1, " "1, " "1, " "1, " "1, " "1, " "1, " "1, " "1, " "1, " "1, " "1, " "1, " "1, " "1, " "1, " "1, " "1, " "1, " "1, " "1, " "1, " "1, " "1, " "1, " "1, " "1, " "1, " "1, " "1, " "1, " "1, " "1, " "1, " "1, " "1, " "1, " "1, " "1, " "1, " "1, " "1, " "1, " "1, " "1, " "1, " "1, " "1, " "1, " "1, " "1, " "1, " "1, " "1, " "1, " "1, " "1, " "1, " "1, " "1, " "1, " "1, " "1, " "1, " "1, " "1, " "1, " "1, " "1, " "1, " "1, " "1, " "1, " "1, " "1, " "1, " "1, " "1, " "1, " "1, " "1, " "1, " "1, " "1, " "1, " "1, " "1, " "1, " "1, " "1, " "1, " "1, " "1, " "1, " "1, " "1, " "1, " "1, " "1, " "1, " "1, " "1, " "1, " "1, " "1, " "1, " "1, " "1, " "1, " "1, " "1, " "1, " "1, " "1, " "1, " "1, " "1, " "1, " "1, " "1, " "1, " "1, " "1, " "1, " "1, " "1, " "1, " "1, " "1, " "1, " "1, " "1, " "1, " "1, " "1, " "1, " "1, " "1, " "1, " "1, " "1, " "1, " "1, " "1, " "1, " "1, " "1, " "1, " "1, " "1, " "1, " "1, " "1, " "1, " "1, " "1, " "1, " "1, " "1, " "1, " "1, " "1, " "1, " "1, " "1, " "1, " "1, " "1, " "1, " "1, " "1, " "1, " "1, " "1, " "1, " "1, " "1, " "1, " "1, " "1, " "1, " "1, " "1, " "1, " "1, " "1, " "1, " "1, " "1, " "1, " "1, " "1, " "1, " "1, " "1, " "1, " "1, " "1, " "1, " "1, " "1, " "1, " "1, " "1, " "1, " "1, " "1, " "1, " "1, " "1, " "1, " "1, " "1, " "1, " "1, " "1, " "1, " "1, " "1, " "1, " "1, " "1, " "1, " "1, " "1, " "1, " "1, " "1, " "1, " "1, " "1, " "1, " "1, " "1, " "1, " "1, " "1, " "1, " "1, " "1, " "1, " "1, " "1, " "1, " "1, " "1, " "1, " "1, " "1, " "1, " "1, " "1, " "1, " "1, " "1, " "1, " "1, " "1, " "1, " "1, " "1, " "1, " "1, " "1, " "1, " "1, " "1, " "1, " "1, " "1, " "1, " "1, " "1, " "1, " "1, " "1, " "1, " "1, " "1, " "1, " "1, " "1, " "1, " "1, " "1, " "1, " "1, " "1, " "1, " "1, " "1, " "1, " "1, " "1, " "1, " "1, " "1, " "1, " "1, " "1, " "1, " "1, " "1, " "1, " "1, " "1, " "1, " "1, " "1, " "1, " "1, " "1, " "1, " "1, " "1, " "1, " "1, " "1, " "1, " "1, " "1, " "1, " "1, " "1, " "1, " "1, " "1, " "1, " "1, " "1, " "1, " "1, " "1, " "1, " "1, " "1, " "1, " "1, " "1, " "1, " "1, " "1, " "1, " "1, " "1, " "1, " "1, " "1, " "1, " "1, " "1, " "1, " "1, " "1, " "1, " "1, " "1, " "1, " "1, " "1, " "1, " "1, " "1, " "1, " "1, " "1, " "1, " "1, " "1, " "1, " "1, " "1, " "1, " "1, " "1, " "1, " "1, " "1, " "1, " "1, " "1, " "1, " "1, " "1, " "1, " "1, " "1, " "1, " "1, " "1, " "1, " "1, " "1, " "1, " "1, " "1, " "1, " "1, " "1, " "1, " "1, " "1, " "1, " "1, " "1, " "1, " "1, " "1, " "1, " "1, " "1, " "1, " "1, " "1, " "1, " "1, " "1, "204
 "Nei96, 0.061, " "0.015, " "1, " "1, " "1, " "1, " "1, " "1, " "1, " "1, " "1, " "1, " "1, " "1, " "1, " "1, " "1, " "1, " "1, " "1, " "1, " "1, " "1, " "1, " "1, " "1, " "1, " "1, " "1, " "1, " "1, " "1, " "1, " "1, " "1, " "1, " "1, " "1, " "1, " "1, " "1, " "1, " "1, " "1, " "1, " "1, " "1, " "1, " "1, " "1, " "1, " "1, " "1, " "1, " "1, " "1, " "1, " "1, " "1, " "1, " "1, " "1, " "1, " "1, " "1, " "1, " "1, " "1, " "1, " "1, " "1, " "1, " "1, " "1, " "1, " "1, " "1, " "1, " "1, " "1, " "1, " "1, " "1, " "1, " "1, " "1, " "1, " "1, " "1, " "1, " "1, " "1, " "1, " "1, " "1, " "1, " "1, " "1, " "0, " "1, " "1, " "1, " "1, " "1, " "1, " "1, " "1, " "1, " "1, " "1, " "1, " "1, " "1, " "1, " "1, " "1, " "1, " "1, " "1, " "1, " "1, " "1, " "1, " "1, " "1, " "1, " "1, " "1, " "1, " "1, " "1, " "1, " "1, " "1, " "1, " "1, " "1, " "1, " "1, " "1, " "1, " "1, " "1, " "1, " "1, " "1, " "1, " "1, " "1, " "1, " "1, " "1, " "1, " "1, " "1, " "1, " "1, " "1, " "1, " "1, " "1, " "1, " "1, " "1, " "1, " "1, " "1, " "1, " "1, " "1, " "1, " "1, " "1, " "1, " "1, " "1, " "1, " "1, " "1, " "1, " "1, " "1, " "1, " "1, " "1, " "1, " "1, " "1, " "1, " "1, " "1, " "1, " "1, " "1, " "1, " "1, " "1, " "1, " "1, " "1, " "1, " "1, " "1, " "1, " "1, " "1, " "1, " "1, " "1, " "1, " "1, " "1, " "1, " "1, " "1, " "1, " "1, " "1, " "1, " "1, " "1, " "1, " "1, " "1, " "1, " "1, " "1, " "1, " "1, " "1, " "1, " "1, " "1, " "1, " "1, " "1, " "1, " "1, " "1, " "1, " "1, " "1, " "1, " "1, " "1, " "1, " "1, " "1, " "1, " "1, " "1, " "1, " "1, " "1, " "1, " "1, " "1, " "1, " "1, " "1, " "1, " "1, " "1, " "1, " "1, " "1, " "1, " "1, " "1, " "1, " "1, " "1, " "1, " "1, " "1, " "1, " "1, " "1, " "1, " "1, " "1, " "1, " "1, " "1, " "1, " "1, " "1, " "1, " "1, " "1, " "1, " "1, " "1, " "1, " "1, " "1, " "1, " "1, " "1, " "1, " "1, " "1, " "1, " "1, " "1, " "1, " "1, " "1, " "1, " "1, " "1, " "1, " "1, " "1, " "1, " "1, " "1, " "1, " "1, " "1, " "1, " "1, " "1, " "1, " "1, " "1, " "1, " "1, " "1, " "1, " "1, " "1, " "1, " "1, " "1, " "1, " "1, " "1, " "1, " "1, " "1, " "1, " "1, " "1, " "1, " "1, " "1, " "1, " "1, " "1, " "1, " "1, " "1, " "1, " "1, " "1, " "1, " "1, " "1, " "1, " "1, " "1, " "1, " "1, " "1, " "1, " "1, " "1, " "1, " "1, " "1, " "1, " "1, " "1, " "1, " "1, " "1, " "1, " "1, " "1, " "1, " "1, " "1, " "1, " "1, " "1, " "1, " "1, " "1, " "1, " "1, " "1, " "1, " "1, " "1, " "1, " "1, " "1, " "1, " "1, " "1, " "1, " "1, " "1, " "1, " "1, " "1, " "1, " "1, " "1, " "1, " "1, " "1, " "1, " "1, " "1, " "1, " "1, " "1, " "1, " "1, " "1, " "1, " "1, " "1, " "1, " "1, " "1, " "1, " "1, " "1, " "1, " "1, " "1, " "1, " "1, " "1, " "1, " "1, " "1, " "1, " "1, " "1, " "1, " "1, " "1, " "1, " "1, " "1, " "1, " "1, " "1, " "1, " "1, " "1, " "1, " "1, " "1, " "1, " "1, " "1, " "1, " "1, " "1, " "1, " "1, " "1, " "1, " "1, " "1, " "1, " "1, " "1, " "1, " "1, " "1, " "1, " "1, " "1, " "1, " "1, " "1, " "1, " "1, " "1, " "1, " "1, " "1, " "1, " "1, " "1, " "1, " "1, " "1, " "1, " "1, " "1, " "1, " "1, " "1, " "1, " "1, " "1, " "1, " "1, " "1, " "1, " "1, " "1, " "1, " "1, " "1, " "1, " "1, " "1, "204
 "Nei97, 0.302, " "0.015, " "1, " "1, " "1, " "1, " "1, " "1, " "1, " "1, " "1, " "1, " "1, " "1, " "1, " "1, " "1, " "1, " "1, " "1, " "1, " "1, " "1, " "1, " "1, " "1, " "1, " "1, " "1, " "1, " "1, " "1, " "1, " "1, " "1, " "1, " "1, " "1, " "1, " "1, " "1, " "1, " "1, " "1, " "1, " "1, " "1, " "1, " "1, " "1, " "1, " "1, " "1, " "1, " "1, " "1, " "1, " "1, " "1, " "1, " "1, " "1, " "1, " "1, " "1, " "1, " "1, " "1, " "1, " "1, " "1, " "1, " "1, " "1, " "1, " "1, " "1, " "1, " "1, " "1, " "1, " "1, " "1, " "1, " "1, " "1, " "1, " "1, " "1, " "1, " "1, " "1, " "1, " "1, " "1, " "1, " "1, " "1, " "1, " "0, " "1, " "1, " "1, " "1, " "1, " "1, " "1, " "1, " "1, " "1, " "1, " "1, " "1, " "1, " "1, " "1, " "1, " "1, " "1, " "1, " "1, " "1, " "1, " "1, " "1, " "1, " "1, " "1, " "1, " "1, " "1, " "1, " "1, " "1, " "1, " "1, " "1, " "1, " "1, " "1, " "1, " "1, " "1, " "1, " "1, " "1, " "1, " "1, " "1, " "1, " "1, " "1, " "1, " "1, " "1, " "1, " "1, " "1, " "1, " "1, " "1, " "1, " "1, " "1, " "1, " "1, " "1, " "1, " "1, " "1, " "1, " "1, " "1, " "1, " "1, " "1, " "1, " "1, " "1, " "1, " "1, " "1, " "1, " "1, " "1, " "1, " "1, " "1, " "1, " "1, " "1, " "1, " "1, " "1, " "1, " "1, " "1, " "1, " "1, " "1, " "1, " "1, " "1, " "1, " "1, " "1, " "1, " "1, " "1, " "1, " "1, " "1, " "1, " "1, " "1, " "1, " "1, " "1, " "1, " "1, " "1, " "1, " "1, " "1, " "1, " "1, " "1, " "1, " "1, " "1, " "1, " "1, " "1, " "1, " "1, " "1, " "1, " "1, " "1, " "1, " "1, " "1, " "1, " "1, " "1, " "1, " "1, " "1, " "1, " "1, " "1, " "1, " "1, " "1, " "1, " "1, " "1, " "1, " "1, " "1, " "1, " "1, " "1, " "1, " "1, " "1, " "1, " "1, " "1, " "1, " "1, " "1, " "1, " "1, " "1, " "1, " "1, " "1, " "1, " "1, " "1, " "1, " "1, " "1, " "1, " "1, " "1, " "1, " "1, " "1, " "1, " "1, " "1, " "1, " "1, " "1, " "1, " "1, " "1, " "1, " "1, " "1, " "1, " "1, " "1, " "1, " "1, " "1, " "1, " "1, " "1, " "1, " "1, " "1, " "1, " "1, " "1, " "1, " "1, " "1, " "1, " "1, " "1, " "1, " "1, " "1, " "1, " "1, " "1, " "1, " "1, " "1, " "1, " "1, " "1, " "1, " "1, " "1, " "1, " "1, " "1, " "1, " "1, " "1, " "1, " "1, " "1, " "1, " "1, " "1, " "1, " "1, " "1, " "1, " "1, " "1, " "1, " "1, " "1, " "1, " "1, " "1, " "1, " "1, " "1, " "1, " "1, " "1, " "1, " "1, " "1, " "1, " "1, " "1, " "1, " "1, " "1, " "1, " "1, " "1, " "1, " "1, " "1, " "1, " "1, " "1, " "1, " "1, " "1, " "1, " "1, " "1, " "1, " "1, " "1, " "1, " "1, " "1, " "1, " "1, " "1, " "1, " "1, " "1, " "1, " "1, " "1, " "1, " "1, " "1, " "1, " "1, " "1, " "1, " "1, " "1, " "1, " "1, " "1, " "1, " "1, " "1, " "1, " "1, " "1, " "1, " "1, " "1, " "1, " "1, " "1, " "1, " "1, " "1, " "1, " "1, " "1, " "1, " "1, " "1, " "1, " "1, " "1, " "1, " "1, " "1, " "1, " "1, " "1, " "1, " "1, " "1, " "1, " "1, " "1, " "1, " "1, " "1, " "1, " "1, " "1, " "1, " "1, " "1, " "1, " "1, " "1, " "1, " "1, " "1, " "1, " "1, " "1, " "1, " "1, " "1, " "1, " "1, " "1, " "1, " "1, " "1, " "1, " "1, " "1, " "1, " "1, " "1, " "1, " "1, " "1, " "1, " "1, " "1, " "1, " "1, " "1, " "1, " "1, " "1, " "1, " "1, " "1, " "1, " "1, " "1, " "1, " "1, " "1, " "1, " "1, " "1, " "1, " "1, " "1, "204
 "Nei98, 0.393, " "0.015, " "1, " "1, " "1, " "1, " "1, " "1, " "1, " "1, " "1, " "1, " "1, " "1, " "1, " "1, " "1, " "1, " "1, " "1, " "1, " "1, " "1, " "1, " "1, " "1, " "1, " "1, " "1, " "1, " "1, " "1, " "1, " "1, " "1, " "1, " "1, " "1, " "1, " "1, " "1, " "1, " "1, " "1, " "1, " "1, " "1, " "1, " "1, " "1, " "1, " "1, " "1, " "1, " "1, " "1, " "1, " "1, " "1, " "1, " "1, " "1, " "1, " "1, " "1, " "1, " "1, " "1, " "1, " "1, " "1, " "1, " "1, " "1, " "1, " "1, " "1, " "1, " "1, " "1, " "1, " "1, " "1, " "1, " "1, " "1, " "1, " "1, " "1, " "1, " "1, " "1, " "1, " "1, " "1, " "1, " "1, " "1, " "1, " "1, " "0, " "1, " "1, " "1, " "1, " "1, " "1, " "1, " "1, " "1, " "1, " "1, " "1, " "1, " "1, " "1, " "1, " "1, " "1, " "1, " "1, " "1, " "1, " "1, " "1, " "1, " "1, " "1, " "1, " "1, " "1, " "1, " "1, " "1, " "1, " "1, " "1, " "1, " "1, " "1, " "1, " "1, " "1, " "1, " "1, " "1, " "1, " "1, " "1, " "1, " "1, " "1, " "1, " "1, " "1, " "1, " "1, " "1, " "1, " "1, " "1, " "1, " "1, " "1, " "1, " "1, " "1, " "1, " "1, " "1, " "1, " "1, " "1, " "1, " "1, " "1, " "1, " "1, " "1, " "1, " "1, " "1, " "1, " "1, " "1, " "1, " "1, " "1, " "1, " "1, " "1, " "1, " "1, " "1, " "1, " "1, " "1, " "1, " "1, " "1, " "1, " "1, " "1, " "1, " "1, " "1, " "1, " "1, " "1, " "1, " "1, " "1, " "1, " "1, " "1, " "1, " "1, " "1, " "1, " "1, " "1, " "1, " "1, " "1, " "1, " "1, " "1, " "1, " "1, " "1, " "1, " "1, " "1, " "1, " "1, " "1, " "1, " "1, " "1, " "1, " "1, " "1, " "1, " "1, " "1, " "1, " "1, " "1, " "1, " "1, " "1, " "1, " "1, " "1, " "1, " "1, " "1, " "1, " "1, " "1, " "1, " "1, " "1, " "1, " "1, " "1, " "1, " "1, " "1, " "1, " "1, " "1, " "1, " "1, " "1, " "1, " "1, " "1, " "1, " "1, " "1, " "1, " "1, " "1, " "1, " "1, " "1, " "1, " "1, " "1, " "1, " "1, " "1, " "1, " "1, " "1, " "1, " "1, " "1, " "1, " "1, " "1, " "1, " "1, " "1, " "1, " "1, " "1, " "1, " "1, " "1, " "1, " "1, " "1, " "1, " "1, " "1, " "1, " "1, " "1, " "1, " "1, " "1, " "1, " "1, " "1, " "1, " "1, " "1, " "1, " "1, " "1, " "1, " "1, " "1, " "1, " "1, " "1, " "1, " "1, " "1, " "1, " "1, " "1, " "1, " "1, " "1, " "1, " "1, " "1, " "1, " "1, " "1, " "1, " "1, " "1, " "1, " "1, " "1, " "1, " "1, " "1, " "1, " "1, " "1, " "1, " "1, " "1, " "1, " "1, " "1, " "1, " "1, " "1, " "1, " "1, " "1, " "1, " "1, " "1, " "1, " "1, " "1, " "1, " "1, " "1, " "1, " "1, " "1, " "1, " "1, " "1, " "1, " "1, " "1, " "1, " "1, " "1, " "1, " "1, " "1, " "1, " "1, " "1, " "1, " "1, " "1, " "1, " "1, " "1, " "1, " "1, " "1, " "1, " "1, " "1, " "1, " "1, " "1, " "1, " "1, " "1, " "1, " "1, " "1, " "1, " "1, " "1, " "1, " "1, " "1, " "1, " "1, " "1, " "1, " "1, " "1, " "1, " "1, " "1, " "1, " "1, " "1, " "1, " "1, " "1, " "1, " "1, " "1, " "1, " "1, " "1, " "1, " "1, " "1, " "1, " "1, " "1, " "1, " "1, " "1, " "1, " "1, " "1, " "1, " "1, " "1, " "1, " "1, " "1, " "1, " "1, " "1, " "1, " "1, " "1, " "1, " "1, " "1, " "1, " "1, " "1, " "1, " "1, " "1, " "1, " "1, " "1, " "1, " "1, " "1, " "1, " "1, " "1, " "1, " "1, " "1, " "1, " "1, " "1, " "1, " "1, " "1, " "1, " "1, " "1, " "1, " "1, " "1, " "1, " "1, " "1, " "1, " "1, " "1, "204
 "Nei99, 0.032, " "0.015, " "1, " "1, " "1, " "1, " "1, " "1, " "1, " "1, " "1, " "1, " "1, " "1, " "1, " "1, " "1, " "1, " "1, " "1, " "1, " "1, " "1, " "1, " "1, " "1, " "1, " "1, " "1, " "1, " "1, " "1, " "1, " "1, " "1, " "1, " "1, " "1, " "1, " "1, " "1, " "1, " "1, " "1, " "1, " "1, " "1, " "1, " "1, " "1, " "1, " "1, " "1, " "1, " "1, " "1, " "1, " "1, " "1, " "1, " "1, " "1, " "1, " "1, " "1, " "1, " "1, " "1, " "1, " "1, " "1, " "1, " "1, " "1, " "1, " "1, " "1, " "1, " "1, " "1, " "1, " "1, " "1, " "1, " "1, " "1, " "1, " "1, " "1, " "1, " "1, " "1, " "1, " "1, " "1, " "1, " "1, " "1, " "1, " "1, " "1, " "0, " "1, " "1, " "1, " "1, " "1, " "1, " "1, " "1, " "1, " "1, " "1, " "1, " "1, " "1, " "1, " "1, " "1, " "1, " "1, " "1, " "1, " "1, " "1, " "1, " "1, " "1, " "1, " "1, " "1, " "1, " "1, " "1, " "1, " "1, " "1, " "1, " "1, " "1, " "1, " "1, " "1, " "1, " "1, " "1, " "1, " "1, " "1, " "1, " "1, " "1, " "1, " "1, " "1, " "1, " "1, " "1, " "1, " "1, " "1, " "1, " "1, " "1, " "1, " "1, " "1, " "1, " "1, " "1, " "1, " "1, " "1, " "1, " "1, " "1, " "1, " "1, " "1, " "1, " "1, " "1, " "1, " "1, " "1, " "1, " "1, " "1, " "1, " "1, " "1, " "1, " "1, " "1, " "1, " "1, " "1, " "1, " "1, " "1, " "1, " "1, " "1, " "1, " "1, " "1, " "1, " "1, " "1, " "1, " "1, " "1, " "1, " "1, " "1, " "1, " "1, " "1, " "1, " "1, " "1, " "1, " "1, " "1, " "1, " "1, " "1, " "1, " "1, " "1, " "1, " "1, " "1, " "1, " "1, " "1, " "1, " "1, " "1, " "1, " "1, " "1, " "1, " "1, " "1, " "1, " "1, " "1, " "1, " "1, " "1, " "1, " "1, " "1, " "1, " "1, " "1, " "1, " "1, " "1, " "1, " "1, " "1, " "1, " "1, " "1, " "1, " "1, " "1, " "1, " "1, " "1, " "1, " "1, " "1, " "1, " "1, " "1, " "1, " "1, " "1, " "1, " "1, " "1, " "1, " "1, " "1, " "1, " "1, " "1, " "1, " "1, " "1, " "1, " "1, " "1, " "1, " "1, " "1, " "1, " "1, " "1, " "1, " "1, " "1, " "1, " "1, " "1, " "1, " "1, " "1, " "1, " "1, " "1, " "1, " "1, " "1, " "1, " "1, " "1, " "1, " "1, " "1, " "1, " "1, " "1, " "1, " "1, " "1, " "1, " "1, " "1, " "1, " "1, " "1, " "1, " "1, " "1, " "1, " "1, " "1, " "1, " "1, " "1, " "1, " "1, " "1, " "1, " "1, " "1, " "1, " "1, " "1, " "1, " "1, " "1, " "1, " "1, " "1, " "1, " "1, " "1, " "1, " "1, " "1, " "1, " "1, " "1, " "1, " "1, " "1, " "1, " "1, " "1, " "1, " "1, " "1, " "1, " "1, " "1, " "1, " "1, " "1, " "1, " "1, " "1, " "1, " "1, " "1, " "1, " "1, " "1, " "1, " "1, " "1, " "1, " "1, " "1, " "1, " "1, " "1, " "1, " "1, " "1, " "1, " "1, " "1, " "1, " "1, " "1, " "1, " "1, " "1, " "1, " "1, " "1, " "1, " "1, " "1, " "1, " "1, " "1, " "1, " "1, " "1, " "1, " "1, " "1, " "1, " "1, " "1, " "1, " "1, " "1, " "1, " "1, " "1, " "1, " "1, " "1, " "1, " "1, " "1, " "1, " "1, " "1, " "1, " "1, " "1, " "1, " "1, " "1, " "1, " "1, " "1, " "1, " "1, " "1, " "1, " "1, " "1, " "1, " "1, " "1, " "1, " "1, " "1, " "1, " "1, " "1, " "1, " "1, " "1, " "1, " "1, " "1, " "1, " "1, " "1, " "1, " "1, " "1, " "1, " "1, " "1, " "1, " "1, " "1, " "1, " "1, " "1, " "1, " "1, " "1, " "1, " "1, " "1, " "1, " "1, " "1, " "1, " "1, " "1, " "1, " "1, " "1, " "1, " "1, " "1, " "1, " "1, " "1, " "1, " "1, " "1, "204
 "Nei100, 0.097, " "0.015, " "1, " "1, " "1, " "1, " "1, " "1, " "1, " "1, " "1, " "1, " "1, " "1, " "1, " "1, " "1, " "1, " "1, " "1, " "1, " "1, " "1, " "1, " "1, " "1, " "1, " "1, " "1, " "1, " "1, " "1, " "1, " "1, " "1, " "1, " "1, " "1, " "1, " "1, " "1, " "1, " "1, " "1, " "1, " "1, " "1, " "1, " "1, " "1, " "1, " "1, " "1, " "1, " "1, " "1, " "1, " "1, " "1, " "1, " "1, " "1, " "1, " "1, " "1, " "1, " "1, " "1, " "1, " "1, " "1, " "1, " "1, " "1, " "1, " "1, " "1, " "1, " "1, " "1, " "1, " "1, " "1, " "1, " "1, " "1, " "1, " "1, " "1, " "1, " "1, " "1, " "1, " "1, " "1, " "1, " "1, " "1, " "1, " "1, " "1, " "1, " "0, " "1, " "1, " "1, " "1, " "1, " "1, " "1, " "1, " "1, " "1, " "1, " "1, " "1, " "1, " "1, " "1, " "1, " "1, " "1, " "1, " "1, " "1, " "1, " "1, " "1, " "1, " "1, " "1, " "1, " "1, " "1, " "1, " "1, " "1, " "1, " "1, " "1, " "1, " "1, " "1, " "1, " "1, " "1, " "1, " "1, " "1, " "1, " "1, " "1, " "1, " "1, " "1, " "1, " "1, " "1, " "1, " "1, " "1, " "1, " "1, " "1, " "1, " "1, " "1, " "1, " "1, " "1, " "1, " "1, " "1, " "1, " "1, " "1, " "1, " "1, " "1, " "1, " "1, " "1, " "1, " "1, " "1, " "1, " "1, " "1, " "1, " "1, " "1, " "1, " "1, " "1, " "1, " "1, " "1, " "1, " "1, " "1, " "1, " "1, " "1, " "1, " "1, " "1, " "1, " "1, " "1, " "1, " "1, " "1, " "1, " "1, " "1, " "1, " "1, " "1, " "1, " "1, " "1, " "1, " "1, " "1, " "1, " "1, " "1, " "1, " "1, " "1, " "1, " "1, " "1, " "1, " "1, " "1, " "1, " "1, " "1, " "1, " "1, " "1, " "1, " "1, " "1, " "1, " "1, " "1, " "1, " "1, " "1, " "1, " "1, " "1, " "1, " "1, " "1, " "1, " "1, " "1, " "1, " "1, " "1, " "1, " "1, " "1, " "1, " "1, " "1, " "1, " "1, " "1, " "1, " "1, " "1, " "1, " "1, " "1, " "1, " "1, " "1, " "1, " "1, " "1, " "1, " "1, " "1, " "1, " "1, " "1, " "1, " "1, " "1, " "1, " "1, " "1, " "1, " "1, " "1, " "1, " "1, " "1, " "1, " "1, " "1, " "1, " "1, " "1, " "1, " "1, " "1, " "1, " "1, " "1, " "1, " "1, " "1, " "1, " "1, " "1, " "1, " "1, " "1, " "1, " "1, " "1, " "1, " "1, " "1, " "1, " "1, " "1, " "1, " "1, " "1, " "1, " "1, " "1, " "1, " "1, " "1, " "1, " "1, " "1, " "1, " "1, " "1, " "1, " "1, " "1, " "1, " "1, " "1, " "1, " "1, " "1, " "1, " "1, " "1, " "1, " "1, " "1, " "1, " "1, " "1, " "1, " "1, " "1, " "1, " "1, " "1, " "1, " "1, " "1, " "1, " "1, " "1, " "1, " "1, " "1, " "1, " "1, " "1, " "1, " "1, " "1, " "1, " "1, " "1, " "1, " "1, " "1, " "1, " "1, " "1, " "1, " "1, " "1, " "1, " "1, " "1, " "1, " "1, " "1, " "1, " "1, " "1, " "1, " "1, " "1, " "1, " "1, " "1, " "1, " "1, " "1, " "1, " "1, " "1, " "1, " "1, " "1, " "1, " "1, " "1, " "1, " "1, " "1, " "1, " "1, " "1, " "1, " "1, " "1, " "1, " "1, " "1, " "1, " "1, " "1, " "1, " "1, " "1, " "1, " "1, " "1, " "1, " "1, " "1, " "1, " "1, " "1, " "1, " "1, " "1, " "1, " "1, " "1, " "1, " "1, " "1, " "1, " "1, " "1, " "1, " "1, " "1, " "1, " "1, " "1, " "1, " "1, " "1, " "1, " "1, " "1, " "1, " "1, " "1, " "1, " "1, " "1, " "1, " "1, " "1, " "1, " "1, " "1, " "1, " "1, " "1, " "1, " "1, " "1, " "1, " "1, " "1, " "1, " "1, " "1, " "1, " "1, " "1, " "1, " "1, " "1, " "1, " "1, " "1, " "1, " "1, " "1, " "1, " "1, " "1, "204
 "Nei101, 0.003, " "0.015, " "1, " "1, " "1, " "1, " "1, " "1, " "1, " "1, " "1, " "1, " "1, " "1, " "1, " "1, " "1, " "1, " "1, " "1, " "1, " "1, " "1, " "1, " "1, " "1, " "1, " "1, " "1, " "1, " "1, " "1, " "1, " "1, " "1, " "1, " "1, " "1, " "1, " "1, " "1, " "1, " "1, " "1, " "1, " "1, " "1, " "1, " "1, " "1, " "1, " "1, " "1, " "1, " "1, " "1, " "1, " "1, " "1, " "1, " "1, " "1, " "1, " "1, " "1, " "1, " "1, " "1, " "1, " "1, " "1, " "1, " "1, " "1, " "1, " "1, " "1, " "1, " "1, " "1, " "1, " "1, " "1, " "1, " "1, " "1, " "1, " "1, " "1, " "1, " "1, " "1, " "1, " "1, " "1, " "1, " "1, " "1, " "1, " "1, " "1, " "1, " "1, " "0, " "1, " "1, " "1, " "1, " "1, " "1, " "1, " "1, " "1, " "1, " "1, " "1, " "1, " "1, " "1, " "1, " "1, " "1, " "1, " "1, " "1, " "1, " "1, " "1, " "1, " "1, " "1, " "1, " "1, " "1, " "1, " "1, " "1, " "1, " "1, " "1, " "1, " "1, " "1, " "1, " "1, " "1, " "1, " "1, " "1, " "1, " "1, " "1, " "1, " "1, " "1, " "1, " "1, " "1, " "1, " "1, " "1, " "1, " "1, " "1, " "1, " "1, " "1, " "1, " "1, " "1, " "1, " "1, " "1, " "1, " "1, " "1, " "1, " "1, " "1, " "1, " "1, " "1, " "1, " "1, " "1, " "1, " "1, " "1, " "1, " "1, " "1, " "1, " "1, " "1, " "1, " "1, " "1, " "1, " "1, " "1, " "1, " "1, " "1, " "1, " "1, " "1, " "1, " "1, " "1, " "1, " "1, " "1, " "1, " "1, " "1, " "1, " "1, " "1, " "1, " "1, " "1, " "1, " "1, " "1, " "1, " "1, " "1, " "1, " "1, " "1, " "1, " "1, " "1, " "1, " "1, " "1, " "1, " "1, " "1, " "1, " "1, " "1, " "1, " "1, " "1, " "1, " "1, " "1, " "1, " "1, " "1, " "1, " "1, " "1, " "1, " "1, " "1, " "1, " "1, " "1, " "1, " "1, " "1, " "1, " "1, " "1, " "1, " "1, " "1, " "1, " "1, " "1, " "1, " "1, " "1, " "1, " "1, " "1, " "1, " "1, " "1, " "1, " "1, " "1, " "1, " "1, " "1, " "1, " "1, " "1, " "1, " "1, " "1, " "1, " "1, " "1, " "1, " "1, " "1, " "1, " "1, " "1, " "1, " "1, " "1, " "1, " "1, " "1, " "1, " "1, " "1, " "1, " "1, " "1, " "1, " "1, " "1, " "1, " "1, " "1, " "1, " "1, " "1, " "1, " "1, " "1, " "1, " "1, " "1, " "1, " "1, " "1, " "1, " "1, " "1, " "1, " "1, " "1, " "1, " "1, " "1, " "1, " "1, " "1, " "1, " "1, " "1, " "1, " "1, " "1, " "1, " "1, " "1, " "1, " "1, " "1, " "1, " "1, " "1, " "1, " "1, " "1, " "1, " "1, " "1, " "1, " "1, " "1, " "1, " "1, " "1, " "1, " "1, " "1, " "1, " "1, " "1, " "1, " "1, " "1, " "1, " "1, " "1, " "1, " "1, " "1, " "1, " "1, " "1, " "1, " "1, " "1, " "1, " "1, " "1, " "1, " "1, " "1, " "1, " "1, " "1, " "1, " "1, " "1, " "1, " "1, " "1, " "1, " "1, " "1, " "1, " "1, " "1, " "1, " "1, " "1, " "1, " "1, " "1, " "1, " "1, " "1, " "1, " "1, " "1, " "1, " "1, " "1, " "1, " "1, " "1, " "1, " "1, " "1, " "1, " "1, " "1, " "1, " "1, " "1, " "1, " "1, " "1, " "1, " "1, " "1, " "1, " "1, " "1, " "1, " "1, " "1, " "1, " "1, " "1, " "1, " "1, " "1, " "1, " "1, " "1, " "1, " "1, " "1, " "1, " "1, " "1, " "1, " "1, " "1, " "1, " "1, " "1, " "1, " "1, " "1, " "1, " "1, " "1, " "1, " "1, " "1, " "1, " "1, " "1, " "1, " "1, " "1, " "1, " "1, " "1, " "1, " "1, " "1, " "1, " "1, " "1, " "1, " "1, " "1, " "1, " "1, " "1, " "1, " "1, " "1, " "1, " "1, " "1, " "1, " "1, " "1, " "1, " "1, " "1, "204
 "Nei102, 0.188, " "0.015, " "1, " "1, " "1, " "1, " "1, " "1, " "1, " "1, " "1, " "1, " "1, " "1, " "1, " "1, " "1, " "1, " "1, " "1, " "1, " "1, " "1, " "1, " "1, " "1, " "1, " "1, " "1, " "1, " "1, " "1, " "1, " "1, " "1, " "1, " "1, " "1, " "1, " "1, " "1, " "1, " "1, " "1, " "1, " "1, " "1, " "1, " "1, " "1, " "1, " "1, " "1, " "1, " "1, " "1, " "1, " "1, " "1, " "1, " "1, " "1, " "1, " "1, " "1, " "1, " "1, " "1, " "1, " "1, " "1, " "1, " "1, " "1, " "1, " "1, " "1, " "1, " "1, " "1, " "1, " "1, " "1, " "1, " "1, " "1, " "1, " "1, " "1, " "1, " "1, " "1, " "1, " "1, " "1, " "1, " "1, " "1, " "1, " "1, " "1, " "1, " "1, " "1, " "0, " "1, " "1, " "1, " "1, " "1, " "1, " "1, " "1, " "1, " "1, " "1, " "1, " "1, " "1, " "1, " "1, " "1, " "1, " "1, " "1, " "1, " "1, " "1, " "1, " "1, " "1, " "1, " "1, " "1, " "1, " "1, " "1, " "1, " "1, " "1, " "1, " "1, " "1, " "1, " "1, " "1, " "1, " "1, " "1, " "1, " "1, " "1, " "1, " "1, " "1, " "1, " "1, " "1, " "1, " "1, " "1, " "1, " "1, " "1, " "1, " "1, " "1, " "1, " "1, " "1, " "1, " "1, " "1, " "1, " "1, " "1, " "1, " "1, " "1, " "1, " "1, " "1, " "1, " "1, " "1, " "1, " "1, " "1, " "1, " "1, " "1, " "1, " "1, " "1, " "1, " "1, " "1, " "1, " "1, " "1, " "1, " "1, " "1, " "1, " "1, " "1, " "1, " "1, " "1, " "1, " "1, " "1, " "1, " "1, " "1, " "1, " "1, " "1, " "1, " "1, " "1, " "1, " "1, " "1, " "1, " "1, " "1, " "1, " "1, " "1, " "1, " "1, " "1, " "1, " "1, " "1, " "1, " "1, " "1, " "1, " "1, " "1, " "1, " "1, " "1, " "1, " "1, " "1, " "1, " "1, " "1, " "1, " "1, " "1, " "1, " "1, " "1, " "1, " "1, " "1, " "1, " "1, " "1, " "1, " "1, " "1, " "1, " "1, " "1, " "1, " "1, " "1, " "1, " "1, " "1, " "1, " "1, " "1, " "1, " "1, " "1, " "1, " "1, " "1, " "1, " "1, " "1, " "1, " "1, " "1, " "1, " "1, " "1, " "1, " "1, " "1, " "1, " "1, " "1, " "1, " "1, " "1, " "1, " "1, " "1, " "1, " "1, " "1, " "1, " "1, " "1, " "1, " "1, " "1, " "1, " "1, " "1, " "1, " "1, " "1, " "1, " "1, " "1, " "1, " "1, " "1, " "1, " "1, " "1, " "1, " "1, " "1, " "1, " "1, " "1, " "1, " "1, " "1, " "1, " "1, " "1, " "1, " "1, " "1, " "1, " "1, " "1, " "1, " "1, " "1, " "1, " "1, " "1, " "1, " "1, " "1, " "1, " "1, " "1, " "1, " "1, " "1, " "1, " "1, " "1, " "1, " "1, " "1, " "1, " "1, " "1, " "1, " "1, " "1, " "1, " "1, " "1, " "1, " "1, " "1, " "1, " "1, " "1, " "1, " "1, " "1, " "1, " "1, " "1, " "1, " "1, " "1, " "1, " "1, " "1, " "1, " "1, " "1, " "1, " "1, " "1, " "1, " "1, " "1, " "1, " "1, " "1, " "1, " "1, " "1, " "1, " "1, " "1, " "1, " "1, " "1, " "1, " "1, " "1, " "1, " "1, " "1, " "1, " "1, " "1, " "1, " "1, " "1, " "1, " "1, " "1, " "1, " "1, " "1, " "1, " "1, " "1, " "1, " "1, " "1, " "1, " "1, " "1, " "1, " "1, " "1, " "1, " "1, " "1, " "1, " "1, " "1, " "1, " "1, " "1, " "1, " "1, " "1, " "1, " "1, " "1, " "1, " "1, " "1, " "1, " "1, " "1, " "1, " "1, " "1, " "1, " "1, " "1, " "1, " "1, " "1, " "1, " "1, " "1, " "1, " "1, " "1, " "1, " "1, " "1, " "1, " "1, " "1, " "1, " "1, " "1, " "1, " "1, " "1, " "1, " "1, " "1, " "1, " "1, " "1, " "1, " "1, " "1, " "1, " "1, " "1, " "1, " "1, " "1, " "1, " "1, " "1, " "1, " "1, " "1, "204
 "Nei103, 0.274, " "0.015, " "1, " "1, " "1, " "1, " "1, " "1, " "1, " "1, " "1, " "1, " "1, " "1, " "1, " "1, " "1, " "1, " "1, " "1, " "1, " "1, " "1, " "1, " "1, " "1, " "1, " "1, " "1, " "1, " "1, " "1, " "1, " "1, " "1, " "1, " "1, " "1, " "1, " "1, " "1, " "1, " "1, " "1, " "1, " "1, " "1, " "1, " "1, " "1, " "1, " "1, " "1, " "1, " "1, " "1, " "1, " "1, " "1, " "1, " "1, " "1, " "1, " "1, " "1, " "1, " "1, " "1, " "1, " "1, " "1, " "1, " "1, " "1, " "1, " "1, " "1, " "1, " "1, " "1, " "1, " "1, " "1, " "1, " "1, " "1, " "1, " "1, " "1, " "1, " "1, " "1, " "1, " "1, " "1, " "1, " "1, " "1, " "1, " "1, " "1, " "1, " "1, " "1, " "1, " "0, " "1, " "1, " "1, " "1, " "1, " "1, " "1, " "1, " "1, " "1, " "1, " "1, " "1, " "1, " "1, " "1, " "1, " "1, " "1, " "1, " "1, " "1, " "1, " "1, " "1, " "1, " "1, " "1, " "1, " "1, " "1, " "1, " "1, " "1, " "1, " "1, " "1, " "1, " "1, " "1, " "1, " "1, " "1, " "1, " "1, " "1, " "1, " "1, " "1, " "1, " "1, " "1, " "1, " "1, " "1, " "1, " "1, " "1, " "1, " "1, " "1, " "1, " "1, " "1, " "1, " "1, " "1, " "1, " "1, " "1, " "1, " "1, " "1, " "1, " "1, " "1, " "1, " "1, " "1, " "1, " "1, " "1, " "1, " "1, " "1, " "1, " "1, " "1, " "1, " "1, " "1, " "1, " "1, " "1, " "1, " "1, " "1, " "1, " "1, " "1, " "1, " "1, " "1, " "1, " "1, " "1, " "1, " "1, " "1, " "1, " "1, " "1, " "1, " "1, " "1, " "1, " "1, " "1, " "1, " "1, " "1, " "1, " "1, " "1, " "1, " "1, " "1, " "1, " "1, " "1, " "1, " "1, " "1, " "1, " "1, " "1, " "1, " "1, " "1, " "1, " "1, " "1, " "1, " "1, " "1, " "1, " "1, " "1, " "1, " "1, " "1, " "1, " "1, " "1, " "1, " "1, " "1, " "1, " "1, " "1, " "1, " "1, " "1, " "1, " "1, " "1, " "1, " "1, " "1, " "1, " "1, " "1, " "1, " "1, " "1, " "1, " "1, " "1, " "1, " "1, " "1, " "1, " "1, " "1, " "1, " "1, " "1, " "1, " "1, " "1, " "1, " "1, " "1, " "1, " "1, " "1, " "1, " "1, " "1, " "1, " "1, " "1, " "1, " "1, " "1, " "1, " "1, " "1, " "1, " "1, " "1, " "1, " "1, " "1, " "1, " "1, " "1, " "1, " "1, " "1, " "1, " "1, " "1, " "1, " "1, " "1, " "1, " "1, " "1, " "1, " "1, " "1, " "1, " "1, " "1, " "1, " "1, " "1, " "1, " "1, " "1, " "1, " "1, " "1, " "1, " "1, " "1, " "1, " "1, " "1, " "1, " "1, " "1, " "1, " "1, " "1, " "1, " "1, " "1, " "1, " "1, " "1, " "1, " "1, " "1, " "1, " "1, " "1, " "1, " "1, " "1, " "1, " "1, " "1, " "1, " "1, " "1, " "1, " "1, " "1, " "1, " "1, " "1, " "1, " "1, " "1, " "1, " "1, " "1, " "1, " "1, " "1, " "1, " "1, " "1, " "1, " "1, " "1, " "1, " "1, " "1, " "1, " "1, " "1, " "1, " "1, " "1, " "1, " "1, " "1, " "1, " "1, " "1, " "1, " "1, " "1, " "1, " "1, " "1, " "1, " "1, " "1, " "1, " "1, " "1, " "1, " "1, " "1, " "1, " "1, " "1, " "1, " "1, " "1, " "1, " "1, " "1, " "1, " "1, " "1, " "1, " "1, " "1, " "1, " "1, " "1, " "1, " "1, " "1, " "1, " "1, " "1, " "1, " "1, " "1, " "1, " "1, " "1, " "1, " "1, " "1, " "1, " "1, " "1, " "1, " "1, " "1, " "1, " "1, " "1, " "1, " "1, " "1, " "1, " "1, " "1, " "1, " "1, " "1, " "1, " "1, " "1, " "1, " "1, " "1, " "1, " "1, " "1, " "1, " "1, " "1, " "1, " "1, " "1, " "1, " "1, " "1, " "1, " "1, " "1, " "1, " "1, " "1, " "1, " "1, " "1, " "1, " "1, " "1, "204
 "Nei104, 0.368, " "0.015, " "1, " "1, " "1, " "1, " "1, " "1, " "1, " "1, " "1, " "1, " "1, " "1, " "1, " "1, " "1, " "1, " "1, " "1, " "1, " "1, " "1, " "1, " "1, " "1, " "1, " "1, " "1, " "1, " "1, " "1, " "1, " "1, " "1, " "1, " "1, " "1, " "1, " "1, " "1, " "1, " "1, " "1, " "1, " "1, " "1, " "1, " "1, " "1, " "1, " "1, " "1, " "1, " "1, " "1, " "1, " "1, " "1, " "1, " "1, " "1, " "1, " "1, " "1, " "1, " "1, " "1, " "1, " "1, " "1, " "1, " "1, " "1, " "1, " "1, " "1, " "1, " "1, " "1, " "1, " "1, " "1, " "1, " "1, " "1, " "1, " "1, " "1, " "1, " "1, " "1, " "1, " "1, " "1, " "1, " "1, " "1, " "1, " "1, " "1, " "1, " "1, " "1, " "1, " "1, " "0, " "1, " "1, " "1, " "1, " "1, " "1, " "1, " "1, " "1, " "1, " "1, " "1, " "1, " "1, " "1, " "1, " "1, " "1, " "1, " "1, " "1, " "1, " "1, " "1, " "1, " "1, " "1, " "1, " "1, " "1, " "1, " "1, " "1, " "1, " "1, " "1, " "1, " "1, " "1, " "1, " "1, " "1, " "1, " "1, " "1, " "1, " "1, " "1, " "1, " "1, " "1, " "1, " "1, " "1, " "1, " "1, " "1, " "1, " "1, " "1, " "1, " "1, " "1, " "1, " "1, " "1, " "1, " "1, " "1, " "1, " "1, " "1, " "1, " "1, " "1, " "1, " "1, " "1, " "1, " "1, " "1, " "1, " "1, " "1, " "1, " "1, " "1, " "1, " "1, " "1, " "1, " "1, " "1, " "1, " "1, " "1, " "1, " "1, " "1, " "1, " "1, " "1, " "1, " "1, " "1, " "1, " "1, " "1, " "1, " "1, " "1, " "1, " "1, " "1, " "1, " "1, " "1, " "1, " "1, " "1, " "1, " "1, " "1, " "1, " "1, " "1, " "1, " "1, " "1, " "1, " "1, " "1, " "1, " "1, " "1, " "1, " "1, " "1, " "1, " "1, " "1, " "1, " "1, " "1, " "1, " "1, " "1, " "1, " "1, " "1, " "1, " "1, " "1, " "1, " "1, " "1, " "1, " "1, " "1, " "1, " "1, " "1, " "1, " "1, " "1, " "1, " "1, " "1, " "1, " "1, " "1, " "1, " "1, " "1, " "1, " "1, " "1, " "1, " "1, " "1, " "1, " "1, " "1, " "1, " "1, " "1, " "1, " "1, " "1, " "1, " "1, " "1, " "1, " "1, " "1, " "1, " "1, " "1, " "1, " "1, " "1, " "1, " "1, " "1, " "1, " "1, " "1, " "1, " "1, " "1, " "1, " "1, " "1, " "1, " "1, " "1, " "1, " "1, " "1, " "1, " "1, " "1, " "1, " "1, " "1, " "1, " "1, " "1, " "1, " "1, " "1, " "1, " "1, " "1, " "1, " "1, " "1, " "1, " "1, " "1, " "1, " "1, " "1, " "1, " "1, " "1, " "1, " "1, " "1, " "1, " "1, " "1, " "1, " "1, " "1, " "1, " "1, " "1, " "1, " "1, " "1, " "1, " "1, " "1, " "1, " "1, " "1, " "1, " "1, " "1, " "1, " "1, " "1, " "1, " "1, " "1, " "1, " "1, " "1, " "1, " "1, " "1, " "1, " "1, " "1, " "1, " "1, " "1, " "1, " "1, " "1, " "1, " "1, " "1, " "1, " "1, " "1, " "1, " "1, " "1, " "1, " "1, " "1, " "1, " "1, " "1, " "1, " "1, " "1, " "1, " "1, " "1, " "1, " "1, " "1, " "1, " "1, " "1, " "1, " "1, " "1, " "1, " "1, " "1, " "1, " "1, " "1, " "1, " "1, " "1, " "1, " "1, " "1, " "1, " "1, " "1, " "1, " "1, " "1, " "1, " "1, " "1, " "1, " "1, " "1, " "1, " "1, " "1, " "1, " "1, " "1, " "1, " "1, " "1, " "1, " "1, " "1, " "1, " "1, " "1, " "1, " "1, " "1, " "1, " "1, " "1, " "1, " "1, " "1, " "1, " "1, " "1, " "1, " "1, " "1, " "1, " "1, " "1, " "1, " "1, " "1, " "1, " "1, " "1, " "1, " "1, " "1, " "1, " "1, " "1, " "1, " "1, " "1, " "1, " "1, " "1, " "1, " "1, " "1, " "1, " "1, " "1, " "1, " "1, " "1, " "1, " "1, " "1, "204
 "Nei105, 0.346, " "0.015, " "1, " "1, " "1, " "1, " "1, " "1, " "1, " "1, " "1, " "1, " "1, " "1, " "1, " "1, " "1, " "1, " "1, " "1, " "1, " "1, " "1, " "1, " "1, " "1, " "1, " "1, " "1, " "1, " "1, " "1, " "1, " "1, " "1, " "1, " "1, " "1, " "1, " "1, " "1, " "1, " "1, " "1, " "1, " "1, " "1, " "1, " "1, " "1, " "1, " "1, " "1, " "1, " "1, " "1, " "1, " "1, " "1, " "1, " "1, " "1, " "1, " "1, " "1, " "1, " "1, " "1, " "1, " "1, " "1, " "1, " "1, " "1, " "1, " "1, " "1, " "1, " "1, " "1, " "1, " "1, " "1, " "1, " "1, " "1, " "1, " "1, " "1, " "1, " "1, " "1, " "1, " "1, " "1, " "1, " "1, " "1, " "1, " "1, " "1, " "1, " "1, " "1, " "1, " "1, " "1, " "0, " "1, " "1, " "1, " "1, " "1, " "1, " "1, " "1, " "1, " "1, " "1, " "1, " "1, " "1, " "1, " "1, " "1, " "1, " "1, " "1, " "1, " "1, " "1, " "1, " "1, " "1, " "1, " "1, " "1, " "1, " "1, " "1, " "1, " "1, " "1, " "1, " "1, " "1, " "1, " "1, " "1, " "1, " "1, " "1, " "1, " "1, " "1, " "1, " "1, " "1, " "1, " "1, " "1, " "1, " "1, " "1, " "1, " "1, " "1, " "1, " "1, " "1, " "1, " "1, " "1, " "1, " "1, " "1, " "1, " "1, " "1, " "1, " "1, " "1, " "1, " "1, " "1, " "1, " "1, " "1, " "1, " "1, " "1, " "1, " "1, " "1, " "1, " "1, " "1, " "1, " "1, " "1, " "1, " "1, " "1, " "1, " "1, " "1, " "1, " "1, " "1, " "1, " "1, " "1, " "1, " "1, " "1, " "1, " "1, " "1, " "1, " "1, " "1, " "1, " "1, " "1, " "1, " "1, " "1, " "1, " "1, " "1, " "1, " "1, " "1, " "1, " "1, " "1, " "1, " "1, " "1, " "1, " "1, " "1, " "1, " "1, " "1, " "1, " "1, " "1, " "1, " "1, " "1, " "1, " "1, " "1, " "1, " "1, " "1, " "1, " "1, " "1, " "1, " "1, " "1, " "1, " "1, " "1, " "1, " "1, " "1, " "1, " "1, " "1, " "1, " "1, " "1, " "1, " "1, " "1, " "1, " "1, " "1, " "1, " "1, " "1, " "1, " "1, " "1, " "1, " "1, " "1, " "1, " "1, " "1, " "1, " "1, " "1, " "1, " "1, " "1, " "1, " "1, " "1, " "1, " "1, " "1, " "1, " "1, " "1, " "1, " "1, " "1, " "1, " "1, " "1, " "1, " "1, " "1, " "1, " "1, " "1, " "1, " "1, " "1, " "1, " "1, " "1, " "1, " "1, " "1, " "1, " "1, " "1, " "1, " "1, " "1, " "1, " "1, " "1, " "1, " "1, " "1, " "1, " "1, " "1, " "1, " "1, " "1, " "1, " "1, " "1, " "1, " "1, " "1, " "1, " "1, " "1, " "1, " "1, " "1, " "1, " "1, " "1, " "1, " "1, " "1, " "1, " "1, " "1, " "1, " "1, " "1, " "1, " "1, " "1, " "1, " "1, " "1, " "1, " "1, " "1, " "1, " "1, " "1, " "1, " "1, " "1, " "1, " "1, " "1, " "1, " "1, " "1, " "1, " "1, " "1, " "1, " "1, " "1, " "1, " "1, " "1, " "1, " "1, " "1, " "1, " "1, " "1, " "1, " "1, " "1, " "1, " "1, " "1, " "1, " "1, " "1, " "1, " "1, " "1, " "1, " "1, " "1, " "1, " "1, " "1, " "1, " "1, " "1, " "1, " "1, " "1, " "1, " "1, " "1, " "1, " "1, " "1, " "1, " "1, " "1, " "1, " "1, " "1, " "1, " "1, " "1, " "1, " "1, " "1, " "1, " "1, " "1, " "1, " "1, " "1, " "1, " "1, " "1, " "1, " "1, " "1, " "1, " "1, " "1, " "1, " "1, " "1, " "1, " "1, " "1, " "1, " "1, " "1, " "1, " "1, " "1, " "1, " "1, " "1, " "1, " "1, " "1, " "1, " "1, " "1, " "1, " "1, " "1, " "1, " "1, " "1, " "1, " "1, " "1, " "1, " "1, " "1, " "1, " "1, " "1, " "1, " "1, " "1, " "1, " "1, " "1, " "1, " "1, " "1, " "1, " "1, " "1, " "1, " "1, " "1, "204
 "Nei106, 0.393, " "0.015, " "1, " "1, " "1, " "1, " "1, " "1, " "1, " "1, " "1, " "1, " "1, " "1, " "1, " "1, " "1, " "1, " "1, " "1, " "1, " "1, " "1, " "1, " "1, " "1, " "1, " "1, " "1, " "1, " "1, " "1, " "1, " "1, " "1, " "1, " "1, " "1, " "1, " "1, " "1, " "1, " "1, " "1, " "1, " "1, " "1, " "1, " "1, " "1, " "1, " "1, " "1, " "1, " "1, " "1, " "1, " "1, " "1, " "1, " "1, " "1, " "1, " "1, " "1, " "1, " "1, " "1, " "1, " "1, " "1, " "1, " "1, " "1, " "1, " "1, " "1, " "1, " "1, " "1, " "1, " "1, " "1, " "1, " "1, " "1, " "1, " "1, " "1, " "1, " "1, " "1, " "1, " "1, " "1, " "1, " "1, " "1, " "1, " "1, " "1, " "1, " "1, " "1, " "1, " "1, " "1, " "1, " "0, " "1, " "1, " "1, " "1, " "1, " "1, " "1, " "1, " "1, " "1, " "1, " "1, " "1, " "1, " "1, " "1, " "1, " "1, " "1, " "1, " "1, " "1, " "1, " "1, " "1, " "1, " "1, " "1, " "1, " "1, " "1, " "1, " "1, " "1, " "1, " "1, " "1, " "1, " "1, " "1, " "1, " "1, " "1, " "1, " "1, " "1, " "1, " "1, " "1, " "1, " "1, " "1, " "1, " "1, " "1, " "1, " "1, " "1, " "1, " "1, " "1, " "1, " "1, " "1, " "1, " "1, " "1, " "1, " "1, " "1, " "1, " "1, " "1, " "1, " "1, " "1, " "1, " "1, " "1, " "1, " "1, " "1, " "1, " "1, " "1, " "1, " "1, " "1, " "1, " "1, " "1, " "1, " "1, " "1, " "1, " "1, " "1, " "1, " "1, " "1, " "1, " "1, " "1, " "1, " "1, " "1, " "1, " "1, " "1, " "1, " "1, " "1, " "1, " "1, " "1, " "1, " "1, " "1, " "1, " "1, " "1, " "1, " "1, " "1, " "1, " "1, " "1, " "1, " "1, " "1, " "1, " "1, " "1, " "1, " "1, " "1, " "1, " "1, " "1, " "1, " "1, " "1, " "1, " "1, " "1, " "1, " "1, " "1, " "1, " "1, " "1, " "1, " "1, " "1, " "1, " "1, " "1, " "1, " "1, " "1, " "1, " "1, " "1, " "1, " "1, " "1, " "1, " "1, " "1, " "1, " "1, " "1, " "1, " "1, " "1, " "1, " "1, " "1, " "1, " "1, " "1, " "1, " "1, " "1, " "1, " "1, " "1, " "1, " "1, " "1, " "1, " "1, " "1, " "1, " "1, " "1, " "1, " "1, " "1, " "1, " "1, " "1, " "1, " "1, " "1, " "1, " "1, " "1, " "1, " "1, " "1, " "1, " "1, " "1, " "1, " "1, " "1, " "1, " "1, " "1, " "1, " "1, " "1, " "1, " "1, " "1, " "1, " "1, " "1, " "1, " "1, " "1, " "1, " "1, " "1, " "1, " "1, " "1, " "1, " "1, " "1, " "1, " "1, " "1, " "1, " "1, " "1, " "1, " "1, " "1, " "1, " "1, " "1, " "1, " "1, " "1, " "1, " "1, " "1, " "1, " "1, " "1, " "1, " "1, " "1, " "1, " "1, " "1, " "1, " "1, " "1, " "1, " "1, " "1, " "1, " "1, " "1, " "1, " "1, " "1, " "1, " "1, " "1, " "1, " "1, " "1, " "1, " "1, " "1, " "1, " "1, " "1, " "1, " "1, " "1, " "1, " "1, " "1, " "1, " "1, " "1, " "1, " "1, " "1, " "1, " "1, " "1, " "1, " "1, " "1, " "1, " "1, " "1, " "1, " "1, " "1, " "1, " "1, " "1, " "1, " "1, " "1, " "1, " "1, " "1, " "1, " "1, " "1, " "1, " "1, " "1, " "1, " "1, " "1, " "1, " "1, " "1, " "1, " "1, " "1, " "1, " "1, " "1, " "1, " "1, " "1, " "1, " "1, " "1, " "1, " "1, " "1, " "1, " "1, " "1, " "1, " "1, " "1, " "1, " "1, " "1, " "1, " "1, " "1, " "1, " "1, " "1, " "1, " "1, " "1, " "1, " "1, " "1, " "1, " "1, " "1, " "1, " "1, " "1, " "1, " "1, " "1, " "1, " "1, " "1, " "1, " "1, " "1, " "1, " "1, " "1, " "1, " "1, " "1, " "1, " "1, " "1, " "1, " "1, " "1, " "1, " "1, " "1, " "1, " "1, " "1, "204
 "Nei107, 0.294, " "0.015, " "1, " "1, " "1, " "1, " "1, " "1, " "1, " "1, " "1, " "1, " "1, " "1, " "1, " "1, " "1, " "1, " "1, " "1, " "1, " "1, " "1, " "1, " "1, " "1, " "1, " "1, " "1, " "1, " "1, " "1, " "1, " "1, " "1, " "1, " "1, " "1, " "1, " "1, " "1, " "1, " "1, " "1, " "1, " "1, " "1, " "1, " "1, " "1, " "1, " "1, " "1, " "1, " "1, " "1, " "1, " "1, " "1, " "1, " "1, " "1, " "1, " "1, " "1, " "1, " "1, " "1, " "1, " "1, " "1, " "1, " "1, " "1, " "1, " "1, " "1, " "1, " "1, " "1, " "1, " "1, " "1, " "1, " "1, " "1, " "1, " "1, " "1, " "1, " "1, " "1, " "1, " "1, " "1, " "1, " "1, " "1, " "1, " "1, " "1, " "1, " "1, " "1, " "1, " "1, " "1, " "1, " "1, " "0, " "1, " "1, " "1, " "1, " "1, " "1, " "1, " "1, " "1, " "1, " "1, " "1, " "1, " "1, " "1, " "1, " "1, " "1, " "1, " "1, " "1, " "1, " "1, " "1, " "1, " "1, " "1, " "1, " "1, " "1, " "1, " "1, " "1, " "1, " "1, " "1, " "1, " "1, " "1, " "1, " "1, " "1, " "1, " "1, " "1, " "1, " "1, " "1, " "1, " "1, " "1, " "1, " "1, " "1, " "1, " "1, " "1, " "1, " "1, " "1, " "1, " "1, " "1, " "1, " "1, " "1, " "1, " "1, " "1, " "1, " "1, " "1, " "1, " "1, " "1, " "1, " "1, " "1, " "1, " "1, " "1, " "1, " "1, " "1, " "1, " "1, " "1, " "1, " "1, " "1, " "1, " "1, " "1, " "1, " "1, " "1, " "1, " "1, " "1, " "1, " "1, " "1, " "1, " "1, " "1, " "1, " "1, " "1, " "1, " "1, " "1, " "1, " "1, " "1, " "1, " "1, " "1, " "1, " "1, " "1, " "1, " "1, " "1, " "1, " "1, " "1, " "1, " "1, " "1, " "1, " "1, " "1, " "1, " "1, " "1, " "1, " "1, " "1, " "1, " "1, " "1, " "1, " "1, " "1, " "1, " "1, " "1, " "1, " "1, " "1, " "1, " "1, " "1, " "1, " "1, " "1, " "1, " "1, " "1, " "1, " "1, " "1, " "1, " "1, " "1, " "1, " "1, " "1, " "1, " "1, " "1, " "1, " "1, " "1, " "1, " "1, " "1, " "1, " "1, " "1, " "1, " "1, " "1, " "1, " "1, " "1, " "1, " "1, " "1, " "1, " "1, " "1, " "1, " "1, " "1, " "1, " "1, " "1, " "1, " "1, " "1, " "1, " "1, " "1, " "1, " "1, " "1, " "1, " "1, " "1, " "1, " "1, " "1, " "1, " "1, " "1, " "1, " "1, " "1, " "1, " "1, " "1, " "1, " "1, " "1, " "1, " "1, " "1, " "1, " "1, " "1, " "1, " "1, " "1, " "1, " "1, " "1, " "1, " "1, " "1, " "1, " "1, " "1, " "1, " "1, " "1, " "1, " "1, " "1, " "1, " "1, " "1, " "1, " "1, " "1, " "1, " "1, " "1, " "1, " "1, " "1, " "1, " "1, " "1, " "1, " "1, " "1, " "1, " "1, " "1, " "1, " "1, " "1, " "1, " "1, " "1, " "1, " "1, " "1, " "1, " "1, " "1, " "1, " "1, " "1, " "1, " "1, " "1, " "1, " "1, " "1, " "1, " "1, " "1, " "1, " "1, " "1, " "1, " "1, " "1, " "1, " "1, " "1, " "1, " "1, " "1, " "1, " "1, " "1, " "1, " "1, " "1, " "1, " "1, " "1, " "1, " "1, " "1, " "1, " "1, " "1, " "1, " "1, " "1, " "1, " "1, " "1, " "1, " "1, " "1, " "1, " "1, " "1, " "1, " "1, " "1, " "1, " "1, " "1, " "1, " "1, " "1, " "1, " "1, " "1, " "1, " "1, " "1, " "1, " "1, " "1, " "1, " "1, " "1, " "1, " "1, " "1, " "1, " "1, " "1, " "1, " "1, " "1, " "1, " "1, " "1, " "1, " "1, " "1, " "1, " "1, " "1, " "1, " "1, " "1, " "1, " "1, " "1, " "1, " "1, " "1, " "1, " "1, " "1, " "1, " "1, " "1, " "1, " "1, " "1, " "1, " "1, " "1, " "1, " "1, " "1, " "1, " "1, " "1, " "1, " "1, " "1, " "1, " "1, " "1, "204
 "Nei108, 0.155, " "0.015, " "1, " "1, " "1, " "1, " "1, " "1, " "1, " "1, " "1, " "1, " "1, " "1, " "1, " "1, " "1, " "1, " "1, " "1, " "1, " "1, " "1, " "1, " "1, " "1, " "1, " "1, " "1, " "1, " "1, " "1, " "1, " "1, " "1, " "1, " "1, " "1, " "1, " "1, " "1, " "1, " "1, " "1, " "1, " "1, " "1, " "1, " "1, " "1, " "1, " "1, " "1, " "1, " "1, " "1, " "1, " "1, " "1, " "1, " "1, " "1, " "1, " "1, " "1, " "1, " "1, " "1, " "1, " "1, " "1, " "1, " "1, " "1, " "1, " "1, " "1, " "1, " "1, " "1, " "1, " "1, " "1, " "1, " "1, " "1, " "1, " "1, " "1, " "1, " "1, " "1, " "1, " "1, " "1, " "1, " "1, " "1, " "1, " "1, " "1, " "1, " "1, " "1, " "1, " "1, " "1, " "1, " "1, " "1, " "0, " "1, " "1, " "1, " "1, " "1, " "1, " "1, " "1, " "1, " "1, " "1, " "1, " "1, " "1, " "1, " "1, " "1, " "1, " "1, " "1, " "1, " "1, " "1, " "1, " "1, " "1, " "1, " "1, " "1, " "1, " "1, " "1, " "1, " "1, " "1, " "1, " "1, " "1, " "1, " "1, " "1, " "1, " "1, " "1, " "1, " "1, " "1, " "1, " "1, " "1, " "1, " "1, " "1, " "1, " "1, " "1, " "1, " "1, " "1, " "1, " "1, " "1, " "1, " "1, " "1, " "1, " "1, " "1, " "1, " "1, " "1, " "1, " "1, " "1, " "1, " "1, " "1, " "1, " "1, " "1, " "1, " "1, " "1, " "1, " "1, " "1, " "1, " "1, " "1, " "1, " "1, " "1, " "1, " "1, " "1, " "1, " "1, " "1, " "1, " "1, " "1, " "1, " "1, " "1, " "1, " "1, " "1, " "1, " "1, " "1, " "1, " "1, " "1, " "1, " "1, " "1, " "1, " "1, " "1, " "1, " "1, " "1, " "1, " "1, " "1, " "1, " "1, " "1, " "1, " "1, " "1, " "1, " "1, " "1, " "1, " "1, " "1, " "1, " "1, " "1, " "1, " "1, " "1, " "1, " "1, " "1, " "1, " "1, " "1, " "1, " "1, " "1, " "1, " "1, " "1, " "1, " "1, " "1, " "1, " "1, " "1, " "1, " "1, " "1, " "1, " "1, " "1, " "1, " "1, " "1, " "1, " "1, " "1, " "1, " "1, " "1, " "1, " "1, " "1, " "1, " "1, " "1, " "1, " "1, " "1, " "1, " "1, " "1, " "1, " "1, " "1, " "1, " "1, " "1, " "1, " "1, " "1, " "1, " "1, " "1, " "1, " "1, " "1, " "1, " "1, " "1, " "1, " "1, " "1, " "1, " "1, " "1, " "1, " "1, " "1, " "1, " "1, " "1, " "1, " "1, " "1, " "1, " "1, " "1, " "1, " "1, " "1, " "1, " "1, " "1, " "1, " "1, " "1, " "1, " "1, " "1, " "1, " "1, " "1, " "1, " "1, " "1, " "1, " "1, " "1, " "1, " "1, " "1, " "1, " "1, " "1, " "1, " "1, " "1, " "1, " "1, " "1, " "1, " "1, " "1, " "1, " "1, " "1, " "1, " "1, " "1, " "1, " "1, " "1, " "1, " "1, " "1, " "1, " "1, " "1, " "1, " "1, " "1, " "1, " "1, " "1, " "1, " "1, " "1, " "1, " "1, " "1, " "1, " "1, " "1, " "1, " "1, " "1, " "1, " "1, " "1, " "1, " "1, " "1, " "1, " "1, " "1, " "1, " "1, " "1, " "1, " "1, " "1, " "1, " "1, " "1, " "1, " "1, " "1, " "1, " "1, " "1, " "1, " "1, " "1, " "1, " "1, " "1, " "1, " "1, " "1, " "1, " "1, " "1, " "1, " "1, " "1, " "1, " "1, " "1, " "1, " "1, " "1, " "1, " "1, " "1, " "1, " "1, " "1, " "1, " "1, " "1, " "1, " "1, " "1, " "1, " "1, " "1, " "1, " "1, " "1, " "1, " "1, " "1, " "1, " "1, " "1, " "1, " "1, " "1, " "1, " "1, " "1, " "1, " "1, " "1, " "1, " "1, " "1, " "1, " "1, " "1, " "1, " "1, " "1, " "1, " "1, " "1, " "1, " "1, " "1, " "1, " "1, " "1, " "1, " "1, " "1, " "1, " "1, " "1, " "1, " "1, " "1, " "1, " "1, " "1, " "1, " "1, " "1, "204
 "Nei109, 0.174, " "0.015, " "1, " "1, " "1, " "1, " "1, " "1, " "1, " "1, " "1, " "1, " "1, " "1, " "1, " "1, " "1, " "1, " "1, " "1, " "1, " "1, " "1, " "1, " "1, " "1, " "1, " "1, " "1, " "1, " "1, " "1, " "1, " "1, " "1, " "1, " "1, " "1, " "1, " "1, " "1, " "1, " "1, " "1, " "1, " "1, " "1, " "1, " "1, " "1, " "1, " "1, " "1, " "1, " "1, " "1, " "1, " "1, " "1, " "1, " "1, " "1, " "1, " "1, " "1, " "1, " "1, " "1, " "1, " "1, " "1, " "1, " "1, " "1, " "1, " "1, " "1, " "1, " "1, " "1, " "1, " "1, " "1, " "1, " "1, " "1, " "1, " "1, " "1, " "1, " "1, " "1, " "1, " "1, " "1, " "1, " "1, " "1, " "1, " "1, " "1, " "1, " "1, " "1, " "1, " "1, " "1, " "1, " "1, " "1, " "1, " "0, " "1, " "1, " "1, " "1, " "1, " "1, " "1, " "1, " "1, " "1, " "1, " "1, " "1, " "1, " "1, " "1, " "1, " "1, " "1, " "1, " "1, " "1, " "1, " "1, " "1, " "1, " "1, " "1, " "1, " "1, " "1, " "1, " "1, " "1, " "1, " "1, " "1, " "1, " "1, " "1, " "1, " "1, " "1, " "1, " "1, " "1, " "1, " "1, " "1, " "1, " "1, " "1, " "1, " "1, " "1, " "1, " "1, " "1, " "1, " "1, " "1, " "1, " "1, " "1, " "1, " "1, " "1, " "1, " "1, " "1, " "1, " "1, " "1, " "1, " "1, " "1, " "1, " "1, " "1, " "1, " "1, " "1, " "1, " "1, " "1, " "1, " "1, " "1, " "1, " "1, " "1, " "1, " "1, " "1, " "1, " "1, " "1, " "1, " "1, " "1, " "1, " "1, " "1, " "1, " "1, " "1, " "1, " "1, " "1, " "1, " "1, " "1, " "1, " "1, " "1, " "1, " "1, " "1, " "1, " "1, " "1, " "1, " "1, " "1, " "1, " "1, " "1, " "1, " "1, " "1, " "1, " "1, " "1, " "1, " "1, " "1, " "1, " "1, " "1, " "1, " "1, " "1, " "1, " "1, " "1, " "1, " "1, " "1, " "1, " "1, " "1, " "1, " "1, " "1, " "1, " "1, " "1, " "1, " "1, " "1, " "1, " "1, " "1, " "1, " "1, " "1, " "1, " "1, " "1, " "1, " "1, " "1, " "1, " "1, " "1, " "1, " "1, " "1, " "1, " "1, " "1, " "1, " "1, " "1, " "1, " "1, " "1, " "1, " "1, " "1, " "1, " "1, " "1, " "1, " "1, " "1, " "1, " "1, " "1, " "1, " "1, " "1, " "1, " "1, " "1, " "1, " "1, " "1, " "1, " "1, " "1, " "1, " "1, " "1, " "1, " "1, " "1, " "1, " "1, " "1, " "1, " "1, " "1, " "1, " "1, " "1, " "1, " "1, " "1, " "1, " "1, " "1, " "1, " "1, " "1, " "1, " "1, " "1, " "1, " "1, " "1, " "1, " "1, " "1, " "1, " "1, " "1, " "1, " "1, " "1, " "1, " "1, " "1, " "1, " "1, " "1, " "1, " "1, " "1, " "1, " "1, " "1, " "1, " "1, " "1, " "1, " "1, " "1, " "1, " "1, " "1, " "1, " "1, " "1, " "1, " "1, " "1, " "1, " "1, " "1, " "1, " "1, " "1, " "1, " "1, " "1, " "1, " "1, " "1, " "1, " "1, " "1, " "1, " "1, " "1, " "1, " "1, " "1, " "1, " "1, " "1, " "1, " "1, " "1, " "1, " "1, " "1, " "1, " "1, " "1, " "1, " "1, " "1, " "1, " "1, " "1, " "1, " "1, " "1, " "1, " "1, " "1, " "1, " "1, " "1, " "1, " "1, " "1, " "1, " "1, " "1, " "1, " "1, " "1, " "1, " "1, " "1, " "1, " "1, " "1, " "1, " "1, " "1, " "1, " "1, " "1, " "1, " "1, " "1, " "1, " "1, " "1, " "1, " "1, " "1, " "1, " "1, " "1, " "1, " "1, " "1, " "1, " "1, " "1, " "1, " "1, " "1, " "1, " "1, " "1, " "1, " "1, " "1, " "1, " "1, " "1, " "1, " "1, " "1, " "1, " "1, " "1, " "1, " "1, " "1, " "1, " "1, " "1, " "1, " "1, " "1, " "1, " "1, " "1, " "1, " "1, " "1, " "1, " "1, " "1, " "1, " "1, " "1, "204
 "Nei110, 0.191, " "0.015, " "1, " "1, " "1, " "1, " "1, " "1, " "1, " "1, " "1, " "1, " "1, " "1, " "1, " "1, " "1, " "1, " "1, " "1, " "1, " "1, " "1, " "1, " "1, " "1, " "1, " "1, " "1, " "1, " "1, " "1, " "1, " "1, " "1, " "1, " "1, " "1, " "1, " "1, " "1, " "1, " "1, " "1, " "1, " "1, " "1, " "1, " "1, " "1, " "1, " "1, " "1, " "1, " "1, " "1, " "1, " "1, " "1, " "1, " "1, " "1, " "1, " "1, " "1, " "1, " "1, " "1, " "1, " "1, " "1, " "1, " "1, " "1, " "1, " "1, " "1, " "1, " "1, " "1, " "1, " "1, " "1, " "1, " "1, " "1, " "1, " "1, " "1, " "1, " "1, " "1, " "1, " "1, " "1, " "1, " "1, " "1, " "1, " "1, " "1, " "1, " "1, " "1, " "1, " "1, " "1, " "1, " "1, " "1, " "1, " "1, " "0, " "1, " "1, " "1, " "1, " "1, " "1, " "1, " "1, " "1, " "1, " "1, " "1, " "1, " "1, " "1, " "1, " "1, " "1, " "1, " "1, " "1, " "1, " "1, " "1, " "1, " "1, " "1, " "1, " "1, " "1, " "1, " "1, " "1, " "1, " "1, " "1, " "1, " "1, " "1, " "1, " "1, " "1, " "1, " "1, " "1, " "1, " "1, " "1, " "1, " "1, " "1, " "1, " "1, " "1, " "1, " "1, " "1, " "1, " "1, " "1, " "1, " "1, " "1, " "1, " "1, " "1, " "1, " "1, " "1, " "1, " "1, " "1, " "1, " "1, " "1, " "1, " "1, " "1, " "1, " "1, " "1, " "1, " "1, " "1, " "1, " "1, " "1, " "1, " "1, " "1, " "1, " "1, " "1, " "1, " "1, " "1, " "1, " "1, " "1, " "1, " "1, " "1, " "1, " "1, " "1, " "1, " "1, " "1, " "1, " "1, " "1, " "1, " "1, " "1, " "1, " "1, " "1, " "1, " "1, " "1, " "1, " "1, " "1, " "1, " "1, " "1, " "1, " "1, " "1, " "1, " "1, " "1, " "1, " "1, " "1, " "1, " "1, " "1, " "1, " "1, " "1, " "1, " "1, " "1, " "1, " "1, " "1, " "1, " "1, " "1, " "1, " "1, " "1, " "1, " "1, " "1, " "1, " "1, " "1, " "1, " "1, " "1, " "1, " "1, " "1, " "1, " "1, " "1, " "1, " "1, " "1, " "1, " "1, " "1, " "1, " "1, " "1, " "1, " "1, " "1, " "1, " "1, " "1, " "1, " "1, " "1, " "1, " "1, " "1, " "1, " "1, " "1, " "1, " "1, " "1, " "1, " "1, " "1, " "1, " "1, " "1, " "1, " "1, " "1, " "1, " "1, " "1, " "1, " "1, " "1, " "1, " "1, " "1, " "1, " "1, " "1, " "1, " "1, " "1, " "1, " "1, " "1, " "1, " "1, " "1, " "1, " "1, " "1, " "1, " "1, " "1, " "1, " "1, " "1, " "1, " "1, " "1, " "1, " "1, " "1, " "1, " "1, " "1, " "1, " "1, " "1, " "1, " "1, " "1, " "1, " "1, " "1, " "1, " "1, " "1, " "1, " "1, " "1, " "1, " "1, " "1, " "1, " "1, " "1, " "1, " "1, " "1, " "1, " "1, " "1, " "1, " "1, " "1, " "1, " "1, " "1, " "1, " "1, " "1, " "1, " "1, " "1, " "1, " "1, " "1, " "1, " "1, " "1, " "1, " "1, " "1, " "1, " "1, " "1, " "1, " "1, " "1, " "1, " "1, " "1, " "1, " "1, " "1, " "1, " "1, " "1, " "1, " "1, " "1, " "1, " "1, " "1, " "1, " "1, " "1, " "1, " "1, " "1, " "1, " "1, " "1, " "1, " "1, " "1, " "1, " "1, " "1, " "1, " "1, " "1, " "1, " "1, " "1, " "1, " "1, " "1, " "1, " "1, " "1, " "1, " "1, " "1, " "1, " "1, " "1, " "1, " "1, " "1, " "1, " "1, " "1, " "1, " "1, " "1, " "1, " "1, " "1, " "1, " "1, " "1, " "1, " "1, " "1, " "1, " "1, " "1, " "1, " "1, " "1, " "1, " "1, " "1, " "1, " "1, " "1, " "1, " "1, " "1, " "1, " "1, " "1, " "1, " "1, " "1, " "1, " "1, " "1, " "1, " "1, " "1, " "1, " "1, " "1, " "1, " "1, " "1, " "1, " "1, " "1, " "1, " "1, " "1, "204
 "Nei111, 0.215, " "0.015, " "1, " "1, " "1, " "1, " "1, " "1, " "1, " "1, " "1, " "1, " "1, " "1, " "1, " "1, " "1, " "1, " "1, " "1, " "1, " "1, " "1, " "1, " "1, " "1, " "1, " "1, " "1, " "1, " "1, " "1, " "1, " "1, " "1, " "1, " "1, " "1, " "1, " "1, " "1, " "1, " "1, " "1, " "1, " "1, " "1, " "1, " "1, " "1, " "1, " "1, " "1, " "1, " "1, " "1, " "1, " "1, " "1, " "1, " "1, " "1, " "1, " "1, " "1, " "1, " "1, " "1, " "1, " "1, " "1, " "1, " "1, " "1, " "1, " "1, " "1, " "1, " "1, " "1, " "1, " "1, " "1, " "1, " "1, " "1, " "1, " "1, " "1, " "1, " "1, " "1, " "1, " "1, " "1, " "1, " "1, " "1, " "1, " "1, " "1, " "1, " "1, " "1, " "1, " "1, " "1, " "1, " "1, " "1, " "1, " "1, " "1, " "0, " "1, " "1, " "1, " "1, " "1, " "1, " "1, " "1, " "1, " "1, " "1, " "1, " "1, " "1, " "1, " "1, " "1, " "1, " "1, " "1, " "1, " "1, " "1, " "1, " "1, " "1, " "1, " "1, " "1, " "1, " "1, " "1, " "1, " "1, " "1, " "1, " "1, " "1, " "1, " "1, " "1, " "1, " "1, " "1, " "1, " "1, " "1, " "1, " "1, " "1, " "1, " "1, " "1, " "1, " "1, " "1, " "1, " "1, " "1, " "1, " "1, " "1, " "1, " "1, " "1, " "1, " "1, " "1, " "1, " "1, " "1, " "1, " "1, " "1, " "1, " "1, " "1, " "1, " "1, " "1, " "1, " "1, " "1, " "1, " "1, " "1, " "1, " "1, " "1, " "1, " "1, " "1, " "1, " "1, " "1, " "1, " "1, " "1, " "1, " "1, " "1, " "1, " "1, " "1, " "1, " "1, " "1, " "1, " "1, " "1, " "1, " "1, " "1, " "1, " "1, " "1, " "1, " "1, " "1, " "1, " "1, " "1, " "1, " "1, " "1, " "1, " "1, " "1, " "1, " "1, " "1, " "1, " "1, " "1, " "1, " "1, " "1, " "1, " "1, " "1, " "1, " "1, " "1, " "1, " "1, " "1, " "1, " "1, " "1, " "1, " "1, " "1, " "1, " "1, " "1, " "1, " "1, " "1, " "1, " "1, " "1, " "1, " "1, " "1, " "1, " "1, " "1, " "1, " "1, " "1, " "1, " "1, " "1, " "1, " "1, " "1, " "1, " "1, " "1, " "1, " "1, " "1, " "1, " "1, " "1, " "1, " "1, " "1, " "1, " "1, " "1, " "1, " "1, " "1, " "1, " "1, " "1, " "1, " "1, " "1, " "1, " "1, " "1, " "1, " "1, " "1, " "1, " "1, " "1, " "1, " "1, " "1, " "1, " "1, " "1, " "1, " "1, " "1, " "1, " "1, " "1, " "1, " "1, " "1, " "1, " "1, " "1, " "1, " "1, " "1, " "1, " "1, " "1, " "1, " "1, " "1, " "1, " "1, " "1, " "1, " "1, " "1, " "1, " "1, " "1, " "1, " "1, " "1, " "1, " "1, " "1, " "1, " "1, " "1, " "1, " "1, " "1, " "1, " "1, " "1, " "1, " "1, " "1, " "1, " "1, " "1, " "1, " "1, " "1, " "1, " "1, " "1, " "1, " "1, " "1, " "1, " "1, " "1, " "1, " "1, " "1, " "1, " "1, " "1, " "1, " "1, " "1, " "1, " "1, " "1, " "1, " "1, " "1, " "1, " "1, " "1, " "1, " "1, " "1, " "1, " "1, " "1, " "1, " "1, " "1, " "1, " "1, " "1, " "1, " "1, " "1, " "1, " "1, " "1, " "1, " "1, " "1, " "1, " "1, " "1, " "1, " "1, " "1, " "1, " "1, " "1, " "1, " "1, " "1, " "1, " "1, " "1, " "1, " "1, " "1, " "1, " "1, " "1, " "1, " "1, " "1, " "1, " "1, " "1, " "1, " "1, " "1, " "1, " "1, " "1, " "1, " "1, " "1, " "1, " "1, " "1, " "1, " "1, " "1, " "1, " "1, " "1, " "1, " "1, " "1, " "1, " "1, " "1, " "1, " "1, " "1, " "1, " "1, " "1, " "1, " "1, " "1, " "1, " "1, " "1, " "1, " "1, " "1, " "1, " "1, " "1, " "1, " "1, " "1, " "1, " "1, " "1, " "1, " "1, " "1, " "1, " "1, " "1, " "1, " "1, " "1, "204
 "Nei112, 0.072, " "0.015, " "1, " "1, " "1, " "1, " "1, " "1, " "1, " "1, " "1, " "1, " "1, " "1, " "1, " "1, " "1, " "1, " "1, " "1, " "1, " "1, " "1, " "1, " "1, " "1, " "1, " "1, " "1, " "1, " "1, " "1, " "1, " "1, " "1, " "1, " "1, " "1, " "1, " "1, " "1, " "1, " "1, " "1, " "1, " "1, " "1, " "1, " "1, " "1, " "1, " "1, " "1, " "1, " "1, " "1, " "1, " "1, " "1, " "1, " "1, " "1, " "1, " "1, " "1, " "1, " "1, " "1, " "1, " "1, " "1, " "1, " "1, " "1, " "1, " "1, " "1, " "1, " "1, " "1, " "1, " "1, " "1, " "1, " "1, " "1, " "1, " "1, " "1, " "1, " "1, " "1, " "1, " "1, " "1, " "1, " "1, " "1, " "1, " "1, " "1, " "1, " "1, " "1, " "1, " "1, " "1, " "1, " "1, " "1, " "1, " "1, " "1, " "1, " "0, " "1, " "1, " "1, " "1, " "1, " "1, " "1, " "1, " "1, " "1, " "1, " "1, " "1, " "1, " "1, " "1, " "1, " "1, " "1, " "1, " "1, " "1, " "1, " "1, " "1, " "1, " "1, " "1, " "1, " "1, " "1, " "1, " "1, " "1, " "1, " "1, " "1, " "1, " "1, " "1, " "1, " "1, " "1, " "1, " "1, " "1, " "1, " "1, " "1, " "1, " "1, " "1, " "1, " "1, " "1, " "1, " "1, " "1, " "1, " "1, " "1, " "1, " "1, " "1, " "1, " "1, " "1, " "1, " "1, " "1, " "1, " "1, " "1, " "1, " "1, " "1, " "1, " "1, " "1, " "1, " "1, " "1, " "1, " "1, " "1, " "1, " "1, " "1, " "1, " "1, " "1, " "1, " "1, " "1, " "1, " "1, " "1, " "1, " "1, " "1, " "1, " "1, " "1, " "1, " "1, " "1, " "1, " "1, " "1, " "1, " "1, " "1, " "1, " "1, " "1, " "1, " "1, " "1, " "1, " "1, " "1, " "1, " "1, " "1, " "1, " "1, " "1, " "1, " "1, " "1, " "1, " "1, " "1, " "1, " "1, " "1, " "1, " "1, " "1, " "1, " "1, " "1, " "1, " "1, " "1, " "1, " "1, " "1, " "1, " "1, " "1, " "1, " "1, " "1, " "1, " "1, " "1, " "1, " "1, " "1, " "1, " "1, " "1, " "1, " "1, " "1, " "1, " "1, " "1, " "1, " "1, " "1, " "1, " "1, " "1, " "1, " "1, " "1, " "1, " "1, " "1, " "1, " "1, " "1, " "1, " "1, " "1, " "1, " "1, " "1, " "1, " "1, " "1, " "1, " "1, " "1, " "1, " "1, " "1, " "1, " "1, " "1, " "1, " "1, " "1, " "1, " "1, " "1, " "1, " "1, " "1, " "1, " "1, " "1, " "1, " "1, " "1, " "1, " "1, " "1, " "1, " "1, " "1, " "1, " "1, " "1, " "1, " "1, " "1, " "1, " "1, " "1, " "1, " "1, " "1, " "1, " "1, " "1, " "1, " "1, " "1, " "1, " "1, " "1, " "1, " "1, " "1, " "1, " "1, " "1, " "1, " "1, " "1, " "1, " "1, " "1, " "1, " "1, " "1, " "1, " "1, " "1, " "1, " "1, " "1, " "1, " "1, " "1, " "1, " "1, " "1, " "1, " "1, " "1, " "1, " "1, " "1, " "1, " "1, " "1, " "1, " "1, " "1, " "1, " "1, " "1, " "1, " "1, " "1, " "1, " "1, " "1, " "1, " "1, " "1, " "1, " "1, " "1, " "1, " "1, " "1, " "1, " "1, " "1, " "1, " "1, " "1, " "1, " "1, " "1, " "1, " "1, " "1, " "1, " "1, " "1, " "1, " "1, " "1, " "1, " "1, " "1, " "1, " "1, " "1, " "1, " "1, " "1, " "1, " "1, " "1, " "1, " "1, " "1, " "1, " "1, " "1, " "1, " "1, " "1, " "1, " "1, " "1, " "1, " "1, " "1, " "1, " "1, " "1, " "1, " "1, " "1, " "1, " "1, " "1, " "1, " "1, " "1, " "1, " "1, " "1, " "1, " "1, " "1, " "1, " "1, " "1, " "1, " "1, " "1, " "1, " "1, " "1, " "1, " "1, " "1, " "1, " "1, " "1, " "1, " "1, " "1, " "1, " "1, " "1, " "1, " "1, " "1, " "1, " "1, " "1, " "1, " "1, " "1, " "1, " "1, " "1, " "1, " "1, " "1, "204
 "Nei113, 0.004, " "0.015, " "1, " "1, " "1, " "1, " "1, " "1, " "1, " "1, " "1, " "1, " "1, " "1, " "1, " "1, " "1, " "1, " "1, " "1, " "1, " "1, " "1, " "1, " "1, " "1, " "1, " "1, " "1, " "1, " "1, " "1, " "1, " "1, " "1, " "1, " "1, " "1, " "1, " "1, " "1, " "1, " "1, " "1, " "1, " "1, " "1, " "1, " "1, " "1, " "1, " "1, " "1, " "1, " "1, " "1, " "1, " "1, " "1, " "1, " "1, " "1, " "1, " "1, " "1, " "1, " "1, " "1, " "1, " "1, " "1, " "1, " "1, " "1, " "1, " "1, " "1, " "1, " "1, " "1, " "1, " "1, " "1, " "1, " "1, " "1, " "1, " "1, " "1, " "1, " "1, " "1, " "1, " "1, " "1, " "1, " "1, " "1, " "1, " "1, " "1, " "1, " "1, " "1, " "1, " "1, " "1, " "1, " "1, " "1, " "1, " "1, " "1, " "1, " "1, " "0, " "1, " "1, " "1, " "1, " "1, " "1, " "1, " "1, " "1, " "1, " "1, " "1, " "1, " "1, " "1, " "1, " "1, " "1, " "1, " "1, " "1, " "1, " "1, " "1, " "1, " "1, " "1, " "1, " "1, " "1, " "1, " "1, " "1, " "1, " "1, " "1, " "1, " "1, " "1, " "1, " "1, " "1, " "1, " "1, " "1, " "1, " "1, " "1, " "1, " "1, " "1, " "1, " "1, " "1, " "1, " "1, " "1, " "1, " "1, " "1, " "1, " "1, " "1, " "1, " "1, " "1, " "1, " "1, " "1, " "1, " "1, " "1, " "1, " "1, " "1, " "1, " "1, " "1, " "1, " "1, " "1, " "1, " "1, " "1, " "1, " "1, " "1, " "1, " "1, " "1, " "1, " "1, " "1, " "1, " "1, " "1, " "1, " "1, " "1, " "1, " "1, " "1, " "1, " "1, " "1, " "1, " "1, " "1, " "1, " "1, " "1, " "1, " "1, " "1, " "1, " "1, " "1, " "1, " "1, " "1, " "1, " "1, " "1, " "1, " "1, " "1, " "1, " "1, " "1, " "1, " "1, " "1, " "1, " "1, " "1, " "1, " "1, " "1, " "1, " "1, " "1, " "1, " "1, " "1, " "1, " "1, " "1, " "1, " "1, " "1, " "1, " "1, " "1, " "1, " "1, " "1, " "1, " "1, " "1, " "1, " "1, " "1, " "1, " "1, " "1, " "1, " "1, " "1, " "1, " "1, " "1, " "1, " "1, " "1, " "1, " "1, " "1, " "1, " "1, " "1, " "1, " "1, " "1, " "1, " "1, " "1, " "1, " "1, " "1, " "1, " "1, " "1, " "1, " "1, " "1, " "1, " "1, " "1, " "1, " "1, " "1, " "1, " "1, " "1, " "1, " "1, " "1, " "1, " "1, " "1, " "1, " "1, " "1, " "1, " "1, " "1, " "1, " "1, " "1, " "1, " "1, " "1, " "1, " "1, " "1, " "1, " "1, " "1, " "1, " "1, " "1, " "1, " "1, " "1, " "1, " "1, " "1, " "1, " "1, " "1, " "1, " "1, " "1, " "1, " "1, " "1, " "1, " "1, " "1, " "1, " "1, " "1, " "1, " "1, " "1, " "1, " "1, " "1, " "1, " "1, " "1, " "1, " "1, " "1, " "1, " "1, " "1, " "1, " "1, " "1, " "1, " "1, " "1, " "1, " "1, " "1, " "1, " "1, " "1, " "1, " "1, " "1, " "1, " "1, " "1, " "1, " "1, " "1, " "1, " "1, " "1, " "1, " "1, " "1, " "1, " "1, " "1, " "1, " "1, " "1, " "1, " "1, " "1, " "1, " "1, " "1, " "1, " "1, " "1, " "1, " "1, " "1, " "1, " "1, " "1, " "1, " "1, " "1, " "1, " "1, " "1, " "1, " "1, " "1, " "1, " "1, " "1, " "1, " "1, " "1, " "1, " "1, " "1, " "1, " "1, " "1, " "1, " "1, " "1, " "1, " "1, " "1, " "1, " "1, " "1, " "1, " "1, " "1, " "1, " "1, " "1, " "1, " "1, " "1, " "1, " "1, " "1, " "1, " "1, " "1, " "1, " "1, " "1, " "1, " "1, " "1, " "1, " "1, " "1, " "1, " "1, " "1, " "1, " "1, " "1, " "1, " "1, " "1, " "1, " "1, " "1, " "1, " "1, " "1, " "1, " "1, " "1, " "1, " "1, " "1, " "1, " "1, " "1, " "1, " "1, " "1, " "1, " "1, " "1, "204
 "Nei114, 0.058, " "0.015, " "1, " "1, " "1, " "1, " "1, " "1, " "1, " "1, " "1, " "1, " "1, " "1, " "1, " "1, " "1, " "1, " "1, " "1, " "1, " "1, " "1, " "1, " "1, " "1, " "1, " "1, " "1, " "1, " "1, " "1, " "1, " "1, " "1, " "1, " "1, " "1, " "1, " "1, " "1, " "1, " "1, " "1, " "1, " "1, " "1, " "1, " "1, " "1, " "1, " "1, " "1, " "1, " "1, " "1, " "1, " "1, " "1, " "1, " "1, " "1, " "1, " "1, " "1, " "1, " "1, " "1, " "1, " "1, " "1, " "1, " "1, " "1, " "1, " "1, " "1, " "1, " "1, " "1, " "1, " "1, " "1, " "1, " "1, " "1, " "1, " "1, " "1, " "1, " "1, " "1, " "1, " "1, " "1, " "1, " "1, " "1, " "1, " "1, " "1, " "1, " "1, " "1, " "1, " "1, " "1, " "1, " "1, " "1, " "1, " "1, " "1, " "1, " "1, " "1, " "0, " "1, " "1, " "1, " "1, " "1, " "1, " "1, " "1, " "1, " "1, " "1, " "1, " "1, " "1, " "1, " "1, " "1, " "1, " "1, " "1, " "1, " "1, " "1, " "1, " "1, " "1, " "1, " "1, " "1, " "1, " "1, " "1, " "1, " "1, " "1, " "1, " "1, " "1, " "1, " "1, " "1, " "1, " "1, " "1, " "1, " "1, " "1, " "1, " "1, " "1, " "1, " "1, " "1, " "1, " "1, " "1, " "1, " "1, " "1, " "1, " "1, " "1, " "1, " "1, " "1, " "1, " "1, " "1, " "1, " "1, " "1, " "1, " "1, " "1, " "1, " "1, " "1, " "1, " "1, " "1, " "1, " "1, " "1, " "1, " "1, " "1, " "1, " "1, " "1, " "1, " "1, " "1, " "1, " "1, " "1, " "1, " "1, " "1, " "1, " "1, " "1, " "1, " "1, " "1, " "1, " "1, " "1, " "1, " "1, " "1, " "1, " "1, " "1, " "1, " "1, " "1, " "1, " "1, " "1, " "1, " "1, " "1, " "1, " "1, " "1, " "1, " "1, " "1, " "1, " "1, " "1, " "1, " "1, " "1, " "1, " "1, " "1, " "1, " "1, " "1, " "1, " "1, " "1, " "1, " "1, " "1, " "1, " "1, " "1, " "1, " "1, " "1, " "1, " "1, " "1, " "1, " "1, " "1, " "1, " "1, " "1, " "1, " "1, " "1, " "1, " "1, " "1, " "1, " "1, " "1, " "1, " "1, " "1, " "1, " "1, " "1, " "1, " "1, " "1, " "1, " "1, " "1, " "1, " "1, " "1, " "1, " "1, " "1, " "1, " "1, " "1, " "1, " "1, " "1, " "1, " "1, " "1, " "1, " "1, " "1, " "1, " "1, " "1, " "1, " "1, " "1, " "1, " "1, " "1, " "1, " "1, " "1, " "1, " "1, " "1, " "1, " "1, " "1, " "1, " "1, " "1, " "1, " "1, " "1, " "1, " "1, " "1, " "1, " "1, " "1, " "1, " "1, " "1, " "1, " "1, " "1, " "1, " "1, " "1, " "1, " "1, " "1, " "1, " "1, " "1, " "1, " "1, " "1, " "1, " "1, " "1, " "1, " "1, " "1, " "1, " "1, " "1, " "1, " "1, " "1, " "1, " "1, " "1, " "1, " "1, " "1, " "1, " "1, " "1, " "1, " "1, " "1, " "1, " "1, " "1, " "1, " "1, " "1, " "1, " "1, " "1, " "1, " "1, " "1, " "1, " "1, " "1, " "1, " "1, " "1, " "1, " "1, " "1, " "1, " "1, " "1, " "1, " "1, " "1, " "1, " "1, " "1, " "1, " "1, " "1, " "1, " "1, " "1, " "1, " "1, " "1, " "1, " "1, " "1, " "1, " "1, " "1, " "1, " "1, " "1, " "1, " "1, " "1, " "1, " "1, " "1, " "1, " "1, " "1, " "1, " "1, " "1, " "1, " "1, " "1, " "1, " "1, " "1, " "1, " "1, " "1, " "1, " "1, " "1, " "1, " "1, " "1, " "1, " "1, " "1, " "1, " "1, " "1, " "1, " "1, " "1, " "1, " "1, " "1, " "1, " "1, " "1, " "1, " "1, " "1, " "1, " "1, " "1, " "1, " "1, " "1, " "1, " "1, " "1, " "1, " "1, " "1, " "1, " "1, " "1, " "1, " "1, " "1, " "1, " "1, " "1, " "1, " "1, " "1, " "1, " "1, " "1, " "1, " "1, " "1, " "1, " "1, " "1, "204
 "Nei115, 0.314, " "0.015, " "1, " "1, " "1, " "1, " "1, " "1, " "1, " "1, " "1, " "1, " "1, " "1, " "1, " "1, " "1, " "1, " "1, " "1, " "1, " "1, " "1, " "1, " "1, " "1, " "1, " "1, " "1, " "1, " "1, " "1, " "1, " "1, " "1, " "1, " "1, " "1, " "1, " "1, " "1, " "1, " "1, " "1, " "1, " "1, " "1, " "1, " "1, " "1, " "1, " "1, " "1, " "1, " "1, " "1, " "1, " "1, " "1, " "1, " "1, " "1, " "1, " "1, " "1, " "1, " "1, " "1, " "1, " "1, " "1, " "1, " "1, " "1, " "1, " "1, " "1, " "1, " "1, " "1, " "1, " "1, " "1, " "1, " "1, " "1, " "1, " "1, " "1, " "1, " "1, " "1, " "1, " "1, " "1, " "1, " "1, " "1, " "1, " "1, " "1, " "1, " "1, " "1, " "1, " "1, " "1, " "1, " "1, " "1, " "1, " "1, " "1, " "1, " "1, " "1, " "1, " "0, " "1, " "1, " "1, " "1, " "1, " "1, " "1, " "1, " "1, " "1, " "1, " "1, " "1, " "1, " "1, " "1, " "1, " "1, " "1, " "1, " "1, " "1, " "1, " "1, " "1, " "1, " "1, " "1, " "1, " "1, " "1, " "1, " "1, " "1, " "1, " "1, " "1, " "1, " "1, " "1, " "1, " "1, " "1, " "1, " "1, " "1, " "1, " "1, " "1, " "1, " "1, " "1, " "1, " "1, " "1, " "1, " "1, " "1, " "1, " "1, " "1, " "1, " "1, " "1, " "1, " "1, " "1, " "1, " "1, " "1, " "1, " "1, " "1, " "1, " "1, " "1, " "1, " "1, " "1, " "1, " "1, " "1, " "1, " "1, " "1, " "1, " "1, " "1, " "1, " "1, " "1, " "1, " "1, " "1, " "1, " "1, " "1, " "1, " "1, " "1, " "1, " "1, " "1, " "1, " "1, " "1, " "1, " "1, " "1, " "1, " "1, " "1, " "1, " "1, " "1, " "1, " "1, " "1, " "1, " "1, " "1, " "1, " "1, " "1, " "1, " "1, " "1, " "1, " "1, " "1, " "1, " "1, " "1, " "1, " "1, " "1, " "1, " "1, " "1, " "1, " "1, " "1, " "1, " "1, " "1, " "1, " "1, " "1, " "1, " "1, " "1, " "1, " "1, " "1, " "1, " "1, " "1, " "1, " "1, " "1, " "1, " "1, " "1, " "1, " "1, " "1, " "1, " "1, " "1, " "1, " "1, " "1, " "1, " "1, " "1, " "1, " "1, " "1, " "1, " "1, " "1, " "1, " "1, " "1, " "1, " "1, " "1, " "1, " "1, " "1, " "1, " "1, " "1, " "1, " "1, " "1, " "1, " "1, " "1, " "1, " "1, " "1, " "1, " "1, " "1, " "1, " "1, " "1, " "1, " "1, " "1, " "1, " "1, " "1, " "1, " "1, " "1, " "1, " "1, " "1, " "1, " "1, " "1, " "1, " "1, " "1, " "1, " "1, " "1, " "1, " "1, " "1, " "1, " "1, " "1, " "1, " "1, " "1, " "1, " "1, " "1, " "1, " "1, " "1, " "1, " "1, " "1, " "1, " "1, " "1, " "1, " "1, " "1, " "1, " "1, " "1, " "1, " "1, " "1, " "1, " "1, " "1, " "1, " "1, " "1, " "1, " "1, " "1, " "1, " "1, " "1, " "1, " "1, " "1, " "1, " "1, " "1, " "1, " "1, " "1, " "1, " "1, " "1, " "1, " "1, " "1, " "1, " "1, " "1, " "1, " "1, " "1, " "1, " "1, " "1, " "1, " "1, " "1, " "1, " "1, " "1, " "1, " "1, " "1, " "1, " "1, " "1, " "1, " "1, " "1, " "1, " "1, " "1, " "1, " "1, " "1, " "1, " "1, " "1, " "1, " "1, " "1, " "1, " "1, " "1, " "1, " "1, " "1, " "1, " "1, " "1, " "1, " "1, " "1, " "1, " "1, " "1, " "1, " "1, " "1, " "1, " "1, " "1, " "1, " "1, " "1, " "1, " "1, " "1, " "1, " "1, " "1, " "1, " "1, " "1, " "1, " "1, " "1, " "1, " "1, " "1, " "1, " "1, " "1, " "1, " "1, " "1, " "1, " "1, " "1, " "1, " "1, " "1, " "1, " "1, " "1, " "1, " "1, " "1, " "1, " "1, " "1, " "1, " "1, " "1, " "1, " "1, " "1, " "1, " "1, " "1, " "1, " "1, " "1, " "1, " "1, " "1, "204
 "Nei116, 0.281, " "0.015, " "1, " "1, " "1, " "1, " "1, " "1, " "1, " "1, " "1, " "1, " "1, " "1, " "1, " "1, " "1, " "1, " "1, " "1, " "1, " "1, " "1, " "1, " "1, " "1, " "1, " "1, " "1, " "1, " "1, " "1, " "1, " "1, " "1, " "1, " "1, " "1, " "1, " "1, " "1, " "1, " "1, " "1, " "1, " "1, " "1, " "1, " "1, " "1, " "1, " "1, " "1, " "1, " "1, " "1, " "1, " "1, " "1, " "1, " "1, " "1, " "1, " "1, " "1, " "1, " "1, " "1, " "1, " "1, " "1, " "1, " "1, " "1, " "1, " "1, " "1, " "1, " "1, " "1, " "1, " "1, " "1, " "1, " "1, " "1, " "1, " "1, " "1, " "1, " "1, " "1, " "1, " "1, " "1, " "1, " "1, " "1, " "1, " "1, " "1, " "1, " "1, " "1, " "1, " "1, " "1, " "1, " "1, " "1, " "1, " "1, " "1, " "1, " "1, " "1, " "1, " "1, " "0, " "1, " "1, " "1, " "1, " "1, " "1, " "1, " "1, " "1, " "1, " "1, " "1, " "1, " "1, " "1, " "1, " "1, " "1, " "1, " "1, " "1, " "1, " "1, " "1, " "1, " "1, " "1, " "1, " "1, " "1, " "1, " "1, " "1, " "1, " "1, " "1, " "1, " "1, " "1, " "1, " "1, " "1, " "1, " "1, " "1, " "1, " "1, " "1, " "1, " "1, " "1, " "1, " "1, " "1, " "1, " "1, " "1, " "1, " "1, " "1, " "1, " "1, " "1, " "1, " "1, " "1, " "1, " "1, " "1, " "1, " "1, " "1, " "1, " "1, " "1, " "1, " "1, " "1, " "1, " "1, " "1, " "1, " "1, " "1, " "1, " "1, " "1, " "1, " "1, " "1, " "1, " "1, " "1, " "1, " "1, " "1, " "1, " "1, " "1, " "1, " "1, " "1, " "1, " "1, " "1, " "1, " "1, " "1, " "1, " "1, " "1, " "1, " "1, " "1, " "1, " "1, " "1, " "1, " "1, " "1, " "1, " "1, " "1, " "1, " "1, " "1, " "1, " "1, " "1, " "1, " "1, " "1, " "1, " "1, " "1, " "1, " "1, " "1, " "1, " "1, " "1, " "1, " "1, " "1, " "1, " "1, " "1, " "1, " "1, " "1, " "1, " "1, " "1, " "1, " "1, " "1, " "1, " "1, " "1, " "1, " "1, " "1, " "1, " "1, " "1, " "1, " "1, " "1, " "1, " "1, " "1, " "1, " "1, " "1, " "1, " "1, " "1, " "1, " "1, " "1, " "1, " "1, " "1, " "1, " "1, " "1, " "1, " "1, " "1, " "1, " "1, " "1, " "1, " "1, " "1, " "1, " "1, " "1, " "1, " "1, " "1, " "1, " "1, " "1, " "1, " "1, " "1, " "1, " "1, " "1, " "1, " "1, " "1, " "1, " "1, " "1, " "1, " "1, " "1, " "1, " "1, " "1, " "1, " "1, " "1, " "1, " "1, " "1, " "1, " "1, " "1, " "1, " "1, " "1, " "1, " "1, " "1, " "1, " "1, " "1, " "1, " "1, " "1, " "1, " "1, " "1, " "1, " "1, " "1, " "1, " "1, " "1, " "1, " "1, " "1, " "1, " "1, " "1, " "1, " "1, " "1, " "1, " "1, " "1, " "1, " "1, " "1, " "1, " "1, " "1, " "1, " "1, " "1, " "1, " "1, " "1, " "1, " "1, " "1, " "1, " "1, " "1, " "1, " "1, " "1, " "1, " "1, " "1, " "1, " "1, " "1, " "1, " "1, " "1, " "1, " "1, " "1, " "1, " "1, " "1, " "1, " "1, " "1, " "1, " "1, " "1, " "1, " "1, " "1, " "1, " "1, " "1, " "1, " "1, " "1, " "1, " "1, " "1, " "1, " "1, " "1, " "1, " "1, " "1, " "1, " "1, " "1, " "1, " "1, " "1, " "1, " "1, " "1, " "1, " "1, " "1, " "1, " "1, " "1, " "1, " "1, " "1, " "1, " "1, " "1, " "1, " "1, " "1, " "1, " "1, " "1, " "1, " "1, " "1, " "1, " "1, " "1, " "1, " "1, " "1, " "1, " "1, " "1, " "1, " "1, " "1, " "1, " "1, " "1, " "1, " "1, " "1, " "1, " "1, " "1, " "1, " "1, " "1, " "1, " "1, " "1, " "1, " "1, " "1, " "1, " "1, " "1, " "1, " "1, " "1, " "1, " "1, " "1, " "1, " "1, " "1, "204
 "Nei117, 0.269, " "0.015, " "1, " "1, " "1, " "1, " "1, " "1, " "1, " "1, " "1, " "1, " "1, " "1, " "1, " "1, " "1, " "1, " "1, " "1, " "1, " "1, " "1, " "1, " "1, " "1, " "1, " "1, " "1, " "1, " "1, " "1, " "1, " "1, " "1, " "1, " "1, " "1, " "1, " "1, " "1, " "1, " "1, " "1, " "1, " "1, " "1, " "1, " "1, " "1, " "1, " "1, " "1, " "1, " "1, " "1, " "1, " "1, " "1, " "1, " "1, " "1, " "1, " "1, " "1, " "1, " "1, " "1, " "1, " "1, " "1, " "1, " "1, " "1, " "1, " "1, " "1, " "1, " "1, " "1, " "1, " "1, " "1, " "1, " "1, " "1, " "1, " "1, " "1, " "1, " "1, " "1, " "1, " "1, " "1, " "1, " "1, " "1, " "1, " "1, " "1, " "1, " "1, " "1, " "1, " "1, " "1, " "1, " "1, " "1, " "1, " "1, " "1, " "1, " "1, " "1, " "1, " "1, " "1, " "0, " "1, " "1, " "1, " "1, " "1, " "1, " "1, " "1, " "1, " "1, " "1, " "1, " "1, " "1, " "1, " "1, " "1, " "1, " "1, " "1, " "1, " "1, " "1, " "1, " "1, " "1, " "1, " "1, " "1, " "1, " "1, " "1, " "1, " "1, " "1, " "1, " "1, " "1, " "1, " "1, " "1, " "1, " "1, " "1, " "1, " "1, " "1, " "1, " "1, " "1, " "1, " "1, " "1, " "1, " "1, " "1, " "1, " "1, " "1, " "1, " "1, " "1, " "1, " "1, " "1, " "1, " "1, " "1, " "1, " "1, " "1, " "1, " "1, " "1, " "1, " "1, " "1, " "1, " "1, " "1, " "1, " "1, " "1, " "1, " "1, " "1, " "1, " "1, " "1, " "1, " "1, " "1, " "1, " "1, " "1, " "1, " "1, " "1, " "1, " "1, " "1, " "1, " "1, " "1, " "1, " "1, " "1, " "1, " "1, " "1, " "1, " "1, " "1, " "1, " "1, " "1, " "1, " "1, " "1, " "1, " "1, " "1, " "1, " "1, " "1, " "1, " "1, " "1, " "1, " "1, " "1, " "1, " "1, " "1, " "1, " "1, " "1, " "1, " "1, " "1, " "1, " "1, " "1, " "1, " "1, " "1, " "1, " "1, " "1, " "1, " "1, " "1, " "1, " "1, " "1, " "1, " "1, " "1, " "1, " "1, " "1, " "1, " "1, " "1, " "1, " "1, " "1, " "1, " "1, " "1, " "1, " "1, " "1, " "1, " "1, " "1, " "1, " "1, " "1, " "1, " "1, " "1, " "1, " "1, " "1, " "1, " "1, " "1, " "1, " "1, " "1, " "1, " "1, " "1, " "1, " "1, " "1, " "1, " "1, " "1, " "1, " "1, " "1, " "1, " "1, " "1, " "1, " "1, " "1, " "1, " "1, " "1, " "1, " "1, " "1, " "1, " "1, " "1, " "1, " "1, " "1, " "1, " "1, " "1, " "1, " "1, " "1, " "1, " "1, " "1, " "1, " "1, " "1, " "1, " "1, " "1, " "1, " "1, " "1, " "1, " "1, " "1, " "1, " "1, " "1, " "1, " "1, " "1, " "1, " "1, " "1, " "1, " "1, " "1, " "1, " "1, " "1, " "1, " "1, " "1, " "1, " "1, " "1, " "1, " "1, " "1, " "1, " "1, " "1, " "1, " "1, " "1, " "1, " "1, " "1, " "1, " "1, " "1, " "1, " "1, " "1, " "1, " "1, " "1, " "1, " "1, " "1, " "1, " "1, " "1, " "1, " "1, " "1, " "1, " "1, " "1, " "1, " "1, " "1, " "1, " "1, " "1, " "1, " "1, " "1, " "1, " "1, " "1, " "1, " "1, " "1, " "1, " "1, " "1, " "1, " "1, " "1, " "1, " "1, " "1, " "1, " "1, " "1, " "1, " "1, " "1, " "1, " "1, " "1, " "1, " "1, " "1, " "1, " "1, " "1, " "1, " "1, " "1, " "1, " "1, " "1, " "1, " "1, " "1, " "1, " "1, " "1, " "1, " "1, " "1, " "1, " "1, " "1, " "1, " "1, " "1, " "1, " "1, " "1, " "1, " "1, " "1, " "1, " "1, " "1, " "1, " "1, " "1, " "1, " "1, " "1, " "1, " "1, " "1, " "1, " "1, " "1, " "1, " "1, " "1, " "1, " "1, " "1, " "1, " "1, " "1, " "1, " "1, " "1, " "1, " "1, " "1, " "1, " "1, " "1, "204
 "Nei118, 0.339, " "0.015, " "1, " "1, " "1, " "1, " "1, " "1, " "1, " "1, " "1, " "1, " "1, " "1, " "1, " "1, " "1, " "1, " "1, " "1, " "1, " "1, " "1, " "1, " "1, " "1, " "1, " "1, " "1, " "1, " "1, " "1, " "1, " "1, " "1, " "1, " "1, " "1, " "1, " "1, " "1, " "1, " "1, " "1, " "1, " "1, " "1, " "1, " "1, " "1, " "1, " "1, " "1, " "1, " "1, " "1, " "1, " "1, " "1, " "1, " "1, " "1, " "1, " "1, " "1, " "1, " "1, " "1, " "1, " "1, " "1, " "1, " "1, " "1, " "1, " "1, " "1, " "1, " "1, " "1, " "1, " "1, " "1, " "1, " "1, " "1, " "1, " "1, " "1, " "1, " "1, " "1, " "1, " "1, " "1, " "1, " "1, " "1, " "1, " "1, " "1, " "1, " "1, " "1, " "1, " "1, " "1, " "1, " "1, " "1, " "1, " "1, " "1, " "1, " "1, " "1, " "1, " "1, " "1, " "1, " "0, " "1, " "1, " "1, " "1, " "1, " "1, " "1, " "1, " "1, " "1, " "1, " "1, " "1, " "1, " "1, " "1, " "1, " "1, " "1, " "1, " "1, " "1, " "1, " "1, " "1, " "1, " "1, " "1, " "1, " "1, " "1, " "1, " "1, " "1, " "1, " "1, " "1, " "1, " "1, " "1, " "1, " "1, " "1, " "1, " "1, " "1, " "1, " "1, " "1, " "1, " "1, " "1, " "1, " "1, " "1, " "1, " "1, " "1, " "1, " "1, " "1, " "1, " "1, " "1, " "1, " "1, " "1, " "1, " "1, " "1, " "1, " "1, " "1, " "1, " "1, " "1, " "1, " "1, " "1, " "1, " "1, " "1, " "1, " "1, " "1, " "1, " "1, " "1, " "1, " "1, " "1, " "1, " "1, " "1, " "1, " "1, " "1, " "1, " "1, " "1, " "1, " "1, " "1, " "1, " "1, " "1, " "1, " "1, " "1, " "1, " "1, " "1, " "1, " "1, " "1, " "1, " "1, " "1, " "1, " "1, " "1, " "1, " "1, " "1, " "1, " "1, " "1, " "1, " "1, " "1, " "1, " "1, " "1, " "1, " "1, " "1, " "1, " "1, " "1, " "1, " "1, " "1, " "1, " "1, " "1, " "1, " "1, " "1, " "1, " "1, " "1, " "1, " "1, " "1, " "1, " "1, " "1, " "1, " "1, " "1, " "1, " "1, " "1, " "1, " "1, " "1, " "1, " "1, " "1, " "1, " "1, " "1, " "1, " "1, " "1, " "1, " "1, " "1, " "1, " "1, " "1, " "1, " "1, " "1, " "1, " "1, " "1, " "1, " "1, " "1, " "1, " "1, " "1, " "1, " "1, " "1, " "1, " "1, " "1, " "1, " "1, " "1, " "1, " "1, " "1, " "1, " "1, " "1, " "1, " "1, " "1, " "1, " "1, " "1, " "1, " "1, " "1, " "1, " "1, " "1, " "1, " "1, " "1, " "1, " "1, " "1, " "1, " "1, " "1, " "1, " "1, " "1, " "1, " "1, " "1, " "1, " "1, " "1, " "1, " "1, " "1, " "1, " "1, " "1, " "1, " "1, " "1, " "1, " "1, " "1, " "1, " "1, " "1, " "1, " "1, " "1, " "1, " "1, " "1, " "1, " "1, " "1, " "1, " "1, " "1, " "1, " "1, " "1, " "1, " "1, " "1, " "1, " "1, " "1, " "1, " "1, " "1, " "1, " "1, " "1, " "1, " "1, " "1, " "1, " "1, " "1, " "1, " "1, " "1, " "1, " "1, " "1, " "1, " "1, " "1, " "1, " "1, " "1, " "1, " "1, " "1, " "1, " "1, " "1, " "1, " "1, " "1, " "1, " "1, " "1, " "1, " "1, " "1, " "1, " "1, " "1, " "1, " "1, " "1, " "1, " "1, " "1, " "1, " "1, " "1, " "1, " "1, " "1, " "1, " "1, " "1, " "1, " "1, " "1, " "1, " "1, " "1, " "1, " "1, " "1, " "1, " "1, " "1, " "1, " "1, " "1, " "1, " "1, " "1, " "1, " "1, " "1, " "1, " "1, " "1, " "1, " "1, " "1, " "1, " "1, " "1, " "1, " "1, " "1, " "1, " "1, " "1, " "1, " "1, " "1, " "1, " "1, " "1, " "1, " "1, " "1, " "1, " "1, " "1, " "1, " "1, " "1, " "1, " "1, " "1, " "1, " "1, " "1, " "1, " "1, " "1, " "1, " "1, " "1, "204
 "Nei119, 0.07, " "0.015, " "1, " "1, " "1, " "1, " "1, " "1, " "1, " "1, " "1, " "1, " "1, " "1, " "1, " "1, " "1, " "1, " "1, " "1, " "1, " "1, " "1, " "1, " "1, " "1, " "1, " "1, " "1, " "1, " "1, " "1, " "1, " "1, " "1, " "1, " "1, " "1, " "1, " "1, " "1, " "1, " "1, " "1, " "1, " "1, " "1, " "1, " "1, " "1, " "1, " "1, " "1, " "1, " "1, " "1, " "1, " "1, " "1, " "1, " "1, " "1, " "1, " "1, " "1, " "1, " "1, " "1, " "1, " "1, " "1, " "1, " "1, " "1, " "1, " "1, " "1, " "1, " "1, " "1, " "1, " "1, " "1, " "1, " "1, " "1, " "1, " "1, " "1, " "1, " "1, " "1, " "1, " "1, " "1, " "1, " "1, " "1, " "1, " "1, " "1, " "1, " "1, " "1, " "1, " "1, " "1, " "1, " "1, " "1, " "1, " "1, " "1, " "1, " "1, " "1, " "1, " "1, " "1, " "1, " "1, " "0, " "1, " "1, " "1, " "1, " "1, " "1, " "1, " "1, " "1, " "1, " "1, " "1, " "1, " "1, " "1, " "1, " "1, " "1, " "1, " "1, " "1, " "1, " "1, " "1, " "1, " "1, " "1, " "1, " "1, " "1, " "1, " "1, " "1, " "1, " "1, " "1, " "1, " "1, " "1, " "1, " "1, " "1, " "1, " "1, " "1, " "1, " "1, " "1, " "1, " "1, " "1, " "1, " "1, " "1, " "1, " "1, " "1, " "1, " "1, " "1, " "1, " "1, " "1, " "1, " "1, " "1, " "1, " "1, " "1, " "1, " "1, " "1, " "1, " "1, " "1, " "1, " "1, " "1, " "1, " "1, " "1, " "1, " "1, " "1, " "1, " "1, " "1, " "1, " "1, " "1, " "1, " "1, " "1, " "1, " "1, " "1, " "1, " "1, " "1, " "1, " "1, " "1, " "1, " "1, " "1, " "1, " "1, " "1, " "1, " "1, " "1, " "1, " "1, " "1, " "1, " "1, " "1, " "1, " "1, " "1, " "1, " "1, " "1, " "1, " "1, " "1, " "1, " "1, " "1, " "1, " "1, " "1, " "1, " "1, " "1, " "1, " "1, " "1, " "1, " "1, " "1, " "1, " "1, " "1, " "1, " "1, " "1, " "1, " "1, " "1, " "1, " "1, " "1, " "1, " "1, " "1, " "1, " "1, " "1, " "1, " "1, " "1, " "1, " "1, " "1, " "1, " "1, " "1, " "1, " "1, " "1, " "1, " "1, " "1, " "1, " "1, " "1, " "1, " "1, " "1, " "1, " "1, " "1, " "1, " "1, " "1, " "1, " "1, " "1, " "1, " "1, " "1, " "1, " "1, " "1, " "1, " "1, " "1, " "1, " "1, " "1, " "1, " "1, " "1, " "1, " "1, " "1, " "1, " "1, " "1, " "1, " "1, " "1, " "1, " "1, " "1, " "1, " "1, " "1, " "1, " "1, " "1, " "1, " "1, " "1, " "1, " "1, " "1, " "1, " "1, " "1, " "1, " "1, " "1, " "1, " "1, " "1, " "1, " "1, " "1, " "1, " "1, " "1, " "1, " "1, " "1, " "1, " "1, " "1, " "1, " "1, " "1, " "1, " "1, " "1, " "1, " "1, " "1, " "1, " "1, " "1, " "1, " "1, " "1, " "1, " "1, " "1, " "1, " "1, " "1, " "1, " "1, " "1, " "1, " "1, " "1, " "1, " "1, " "1, " "1, " "1, " "1, " "1, " "1, " "1, " "1, " "1, " "1, " "1, " "1, " "1, " "1, " "1, " "1, " "1, " "1, " "1, " "1, " "1, " "1, " "1, " "1, " "1, " "1, " "1, " "1, " "1, " "1, " "1, " "1, " "1, " "1, " "1, " "1, " "1, " "1, " "1, " "1, " "1, " "1, " "1, " "1, " "1, " "1, " "1, " "1, " "1, " "1, " "1, " "1, " "1, " "1, " "1, " "1, " "1, " "1, " "1, " "1, " "1, " "1, " "1, " "1, " "1, " "1, " "1, " "1, " "1, " "1, " "1, " "1, " "1, " "1, " "1, " "1, " "1, " "1, " "1, " "1, " "1, " "1, " "1, " "1, " "1, " "1, " "1, " "1, " "1, " "1, " "1, " "1, " "1, " "1, " "1, " "1, " "1, " "1, " "1, " "1, " "1, " "1, " "1, " "1, " "1, " "1, " "1, " "1, " "1, " "1, " "1, " "1, " "1, " "1, " "1, "204
 "Nei120, 0.252, " "0.015, " "1, " "1, " "1, " "1, " "1, " "1, " "1, " "1, " "1, " "1, " "1, " "1, " "1, " "1, " "1, " "1, " "1, " "1, " "1, " "1, " "1, " "1, " "1, " "1, " "1, " "1, " "1, " "1, " "1, " "1, " "1, " "1, " "1, " "1, " "1, " "1, " "1, " "1, " "1, " "1, " "1, " "1, " "1, " "1, " "1, " "1, " "1, " "1, " "1, " "1, " "1, " "1, " "1, " "1, " "1, " "1, " "1, " "1, " "1, " "1, " "1, " "1, " "1, " "1, " "1, " "1, " "1, " "1, " "1, " "1, " "1, " "1, " "1, " "1, " "1, " "1, " "1, " "1, " "1, " "1, " "1, " "1, " "1, " "1, " "1, " "1, " "1, " "1, " "1, " "1, " "1, " "1, " "1, " "1, " "1, " "1, " "1, " "1, " "1, " "1, " "1, " "1, " "1, " "1, " "1, " "1, " "1, " "1, " "1, " "1, " "1, " "1, " "1, " "1, " "1, " "1, " "1, " "1, " "1, " "1, " "0, " "1, " "1, " "1, " "1, " "1, " "1, " "1, " "1, " "1, " "1, " "1, " "1, " "1, " "1, " "1, " "1, " "1, " "1, " "1, " "1, " "1, " "1, " "1, " "1, " "1, " "1, " "1, " "1, " "1, " "1, " "1, " "1, " "1, " "1, " "1, " "1, " "1, " "1, " "1, " "1, " "1, " "1, " "1, " "1, " "1, " "1, " "1, " "1, " "1, " "1, " "1, " "1, " "1, " "1, " "1, " "1, " "1, " "1, " "1, " "1, " "1, " "1, " "1, " "1, " "1, " "1, " "1, " "1, " "1, " "1, " "1, " "1, " "1, " "1, " "1, " "1, " "1, " "1, " "1, " "1, " "1, " "1, " "1, " "1, " "1, " "1, " "1, " "1, " "1, " "1, " "1, " "1, " "1, " "1, " "1, " "1, " "1, " "1, " "1, " "1, " "1, " "1, " "1, " "1, " "1, " "1, " "1, " "1, " "1, " "1, " "1, " "1, " "1, " "1, " "1, " "1, " "1, " "1, " "1, " "1, " "1, " "1, " "1, " "1, " "1, " "1, " "1, " "1, " "1, " "1, " "1, " "1, " "1, " "1, " "1, " "1, " "1, " "1, " "1, " "1, " "1, " "1, " "1, " "1, " "1, " "1, " "1, " "1, " "1, " "1, " "1, " "1, " "1, " "1, " "1, " "1, " "1, " "1, " "1, " "1, " "1, " "1, " "1, " "1, " "1, " "1, " "1, " "1, " "1, " "1, " "1, " "1, " "1, " "1, " "1, " "1, " "1, " "1, " "1, " "1, " "1, " "1, " "1, " "1, " "1, " "1, " "1, " "1, " "1, " "1, " "1, " "1, " "1, " "1, " "1, " "1, " "1, " "1, " "1, " "1, " "1, " "1, " "1, " "1, " "1, " "1, " "1, " "1, " "1, " "1, " "1, " "1, " "1, " "1, " "1, " "1, " "1, " "1, " "1, " "1, " "1, " "1, " "1, " "1, " "1, " "1, " "1, " "1, " "1, " "1, " "1, " "1, " "1, " "1, " "1, " "1, " "1, " "1, " "1, " "1, " "1, " "1, " "1, " "1, " "1, " "1, " "1, " "1, " "1, " "1, " "1, " "1, " "1, " "1, " "1, " "1, " "1, " "1, " "1, " "1, " "1, " "1, " "1, " "1, " "1, " "1, " "1, " "1, " "1, " "1, " "1, " "1, " "1, " "1, " "1, " "1, " "1, " "1, " "1, " "1, " "1, " "1, " "1, " "1, " "1, " "1, " "1, " "1, " "1, " "1, " "1, " "1, " "1, " "1, " "1, " "1, " "1, " "1, " "1, " "1, " "1, " "1, " "1, " "1, " "1, " "1, " "1, " "1, " "1, " "1, " "1, " "1, " "1, " "1, " "1, " "1, " "1, " "1, " "1, " "1, " "1, " "1, " "1, " "1, " "1, " "1, " "1, " "1, " "1, " "1, " "1, " "1, " "1, " "1, " "1, " "1, " "1, " "1, " "1, " "1, " "1, " "1, " "1, " "1, " "1, " "1, " "1, " "1, " "1, " "1, " "1, " "1, " "1, " "1, " "1, " "1, " "1, " "1, " "1, " "1, " "1, " "1, " "1, " "1, " "1, " "1, " "1, " "1, " "1, " "1, " "1, " "1, " "1, " "1, " "1, " "1, " "1, " "1, " "1, " "1, " "1, " "1, " "1, " "1, " "1, " "1, " "1, " "1, " "1, " "1, " "1, " "1, "204
 "Nei121, 0.062, " "0.015, " "1, " "1, " "1, " "1, " "1, " "1, " "1, " "1, " "1, " "1, " "1, " "1, " "1, " "1, " "1, " "1, " "1, " "1, " "1, " "1, " "1, " "1, " "1, " "1, " "1, " "1, " "1, " "1, " "1, " "1, " "1, " "1, " "1, " "1, " "1, " "1, " "1, " "1, " "1, " "1, " "1, " "1, " "1, " "1, " "1, " "1, " "1, " "1, " "1, " "1, " "1, " "1, " "1, " "1, " "1, " "1, " "1, " "1, " "1, " "1, " "1, " "1, " "1, " "1, " "1, " "1, " "1, " "1, " "1, " "1, " "1, " "1, " "1, " "1, " "1, " "1, " "1, " "1, " "1, " "1, " "1, " "1, " "1, " "1, " "1, " "1, " "1, " "1, " "1, " "1, " "1, " "1, " "1, " "1, " "1, " "1, " "1, " "1, " "1, " "1, " "1, " "1, " "1, " "1, " "1, " "1, " "1, " "1, " "1, " "1, " "1, " "1, " "1, " "1, " "1, " "1, " "1, " "1, " "1, " "1, " "1, " "0, " "1, " "1, " "1, " "1, " "1, " "1, " "1, " "1, " "1, " "1, " "1, " "1, " "1, " "1, " "1, " "1, " "1, " "1, " "1, " "1, " "1, " "1, " "1, " "1, " "1, " "1, " "1, " "1, " "1, " "1, " "1, " "1, " "1, " "1, " "1, " "1, " "1, " "1, " "1, " "1, " "1, " "1, " "1, " "1, " "1, " "1, " "1, " "1, " "1, " "1, " "1, " "1, " "1, " "1, " "1, " "1, " "1, " "1, " "1, " "1, " "1, " "1, " "1, " "1, " "1, " "1, " "1, " "1, " "1, " "1, " "1, " "1, " "1, " "1, " "1, " "1, " "1, " "1, " "1, " "1, " "1, " "1, " "1, " "1, " "1, " "1, " "1, " "1, " "1, " "1, " "1, " "1, " "1, " "1, " "1, " "1, " "1, " "1, " "1, " "1, " "1, " "1, " "1, " "1, " "1, " "1, " "1, " "1, " "1, " "1, " "1, " "1, " "1, " "1, " "1, " "1, " "1, " "1, " "1, " "1, " "1, " "1, " "1, " "1, " "1, " "1, " "1, " "1, " "1, " "1, " "1, " "1, " "1, " "1, " "1, " "1, " "1, " "1, " "1, " "1, " "1, " "1, " "1, " "1, " "1, " "1, " "1, " "1, " "1, " "1, " "1, " "1, " "1, " "1, " "1, " "1, " "1, " "1, " "1, " "1, " "1, " "1, " "1, " "1, " "1, " "1, " "1, " "1, " "1, " "1, " "1, " "1, " "1, " "1, " "1, " "1, " "1, " "1, " "1, " "1, " "1, " "1, " "1, " "1, " "1, " "1, " "1, " "1, " "1, " "1, " "1, " "1, " "1, " "1, " "1, " "1, " "1, " "1, " "1, " "1, " "1, " "1, " "1, " "1, " "1, " "1, " "1, " "1, " "1, " "1, " "1, " "1, " "1, " "1, " "1, " "1, " "1, " "1, " "1, " "1, " "1, " "1, " "1, " "1, " "1, " "1, " "1, " "1, " "1, " "1, " "1, " "1, " "1, " "1, " "1, " "1, " "1, " "1, " "1, " "1, " "1, " "1, " "1, " "1, " "1, " "1, " "1, " "1, " "1, " "1, " "1, " "1, " "1, " "1, " "1, " "1, " "1, " "1, " "1, " "1, " "1, " "1, " "1, " "1, " "1, " "1, " "1, " "1, " "1, " "1, " "1, " "1, " "1, " "1, " "1, " "1, " "1, " "1, " "1, " "1, " "1, " "1, " "1, " "1, " "1, " "1, " "1, " "1, " "1, " "1, " "1, " "1, " "1, " "1, " "1, " "1, " "1, " "1, " "1, " "1, " "1, " "1, " "1, " "1, " "1, " "1, " "1, " "1, " "1, " "1, " "1, " "1, " "1, " "1, " "1, " "1, " "1, " "1, " "1, " "1, " "1, " "1, " "1, " "1, " "1, " "1, " "1, " "1, " "1, " "1, " "1, " "1, " "1, " "1, " "1, " "1, " "1, " "1, " "1, " "1, " "1, " "1, " "1, " "1, " "1, " "1, " "1, " "1, " "1, " "1, " "1, " "1, " "1, " "1, " "1, " "1, " "1, " "1, " "1, " "1, " "1, " "1, " "1, " "1, " "1, " "1, " "1, " "1, " "1, " "1, " "1, " "1, " "1, " "1, " "1, " "1, " "1, " "1, " "1, " "1, " "1, " "1, " "1, " "1, " "1, " "1, " "1, " "1, " "1, " "1, " "1, "204
 "Nei122, 0.006, " "0.015, " "1, " "1, " "1, " "1, " "1, " "1, " "1, " "1, " "1, " "1, " "1, " "1, " "1, " "1, " "1, " "1, " "1, " "1, " "1, " "1, " "1, " "1, " "1, " "1, " "1, " "1, " "1, " "1, " "1, " "1, " "1, " "1, " "1, " "1, " "1, " "1, " "1, " "1, " "1, " "1, " "1, " "1, " "1, " "1, " "1, " "1, " "1, " "1, " "1, " "1, " "1, " "1, " "1, " "1, " "1, " "1, " "1, " "1, " "1, " "1, " "1, " "1, " "1, " "1, " "1, " "1, " "1, " "1, " "1, " "1, " "1, " "1, " "1, " "1, " "1, " "1, " "1, " "1, " "1, " "1, " "1, " "1, " "1, " "1, " "1, " "1, " "1, " "1, " "1, " "1, " "1, " "1, " "1, " "1, " "1, " "1, " "1, " "1, " "1, " "1, " "1, " "1, " "1, " "1, " "1, " "1, " "1, " "1, " "1, " "1, " "1, " "1, " "1, " "1, " "1, " "1, " "1, " "1, " "1, " "1, " "1, " "1, " "0, " "1, " "1, " "1, " "1, " "1, " "1, " "1, " "1, " "1, " "1, " "1, " "1, " "1, " "1, " "1, " "1, " "1, " "1, " "1, " "1, " "1, " "1, " "1, " "1, " "1, " "1, " "1, " "1, " "1, " "1, " "1, " "1, " "1, " "1, " "1, " "1, " "1, " "1, " "1, " "1, " "1, " "1, " "1, " "1, " "1, " "1, " "1, " "1, " "1, " "1, " "1, " "1, " "1, " "1, " "1, " "1, " "1, " "1, " "1, " "1, " "1, " "1, " "1, " "1, " "1, " "1, " "1, " "1, " "1, " "1, " "1, " "1, " "1, " "1, " "1, " "1, " "1, " "1, " "1, " "1, " "1, " "1, " "1, " "1, " "1, " "1, " "1, " "1, " "1, " "1, " "1, " "1, " "1, " "1, " "1, " "1, " "1, " "1, " "1, " "1, " "1, " "1, " "1, " "1, " "1, " "1, " "1, " "1, " "1, " "1, " "1, " "1, " "1, " "1, " "1, " "1, " "1, " "1, " "1, " "1, " "1, " "1, " "1, " "1, " "1, " "1, " "1, " "1, " "1, " "1, " "1, " "1, " "1, " "1, " "1, " "1, " "1, " "1, " "1, " "1, " "1, " "1, " "1, " "1, " "1, " "1, " "1, " "1, " "1, " "1, " "1, " "1, " "1, " "1, " "1, " "1, " "1, " "1, " "1, " "1, " "1, " "1, " "1, " "1, " "1, " "1, " "1, " "1, " "1, " "1, " "1, " "1, " "1, " "1, " "1, " "1, " "1, " "1, " "1, " "1, " "1, " "1, " "1, " "1, " "1, " "1, " "1, " "1, " "1, " "1, " "1, " "1, " "1, " "1, " "1, " "1, " "1, " "1, " "1, " "1, " "1, " "1, " "1, " "1, " "1, " "1, " "1, " "1, " "1, " "1, " "1, " "1, " "1, " "1, " "1, " "1, " "1, " "1, " "1, " "1, " "1, " "1, " "1, " "1, " "1, " "1, " "1, " "1, " "1, " "1, " "1, " "1, " "1, " "1, " "1, " "1, " "1, " "1, " "1, " "1, " "1, " "1, " "1, " "1, " "1, " "1, " "1, " "1, " "1, " "1, " "1, " "1, " "1, " "1, " "1, " "1, " "1, " "1, " "1, " "1, " "1, " "1, " "1, " "1, " "1, " "1, " "1, " "1, " "1, " "1, " "1, " "1, " "1, " "1, " "1, " "1, " "1, " "1, " "1, " "1, " "1, " "1, " "1, " "1, " "1, " "1, " "1, " "1, " "1, " "1, " "1, " "1, " "1, " "1, " "1, " "1, " "1, " "1, " "1, " "1, " "1, " "1, " "1, " "1, " "1, " "1, " "1, " "1, " "1, " "1, " "1, " "1, " "1, " "1, " "1, " "1, " "1, " "1, " "1, " "1, " "1, " "1, " "1, " "1, " "1, " "1, " "1, " "1, " "1, " "1, " "1, " "1, " "1, " "1, " "1, " "1, " "1, " "1, " "1, " "1, " "1, " "1, " "1, " "1, " "1, " "1, " "1, " "1, " "1, " "1, " "1, " "1, " "1, " "1, " "1, " "1, " "1, " "1, " "1, " "1, " "1, " "1, " "1, " "1, " "1, " "1, " "1, " "1, " "1, " "1, " "1, " "1, " "1, " "1, " "1, " "1, " "1, " "1, " "1, " "1, " "1, " "1, " "1, " "1, " "1, " "1, " "1, " "1, " "1, " "1, "204
 "Nei123, 0.323, " "0.015, " "1, " "1, " "1, " "1, " "1, " "1, " "1, " "1, " "1, " "1, " "1, " "1, " "1, " "1, " "1, " "1, " "1, " "1, " "1, " "1, " "1, " "1, " "1, " "1, " "1, " "1, " "1, " "1, " "1, " "1, " "1, " "1, " "1, " "1, " "1, " "1, " "1, " "1, " "1, " "1, " "1, " "1, " "1, " "1, " "1, " "1, " "1, " "1, " "1, " "1, " "1, " "1, " "1, " "1, " "1, " "1, " "1, " "1, " "1, " "1, " "1, " "1, " "1, " "1, " "1, " "1, " "1, " "1, " "1, " "1, " "1, " "1, " "1, " "1, " "1, " "1, " "1, " "1, " "1, " "1, " "1, " "1, " "1, " "1, " "1, " "1, " "1, " "1, " "1, " "1, " "1, " "1, " "1, " "1, " "1, " "1, " "1, " "1, " "1, " "1, " "1, " "1, " "1, " "1, " "1, " "1, " "1, " "1, " "1, " "1, " "1, " "1, " "1, " "1, " "1, " "1, " "1, " "1, " "1, " "1, " "1, " "1, " "1, " "0, " "1, " "1, " "1, " "1, " "1, " "1, " "1, " "1, " "1, " "1, " "1, " "1, " "1, " "1, " "1, " "1, " "1, " "1, " "1, " "1, " "1, " "1, " "1, " "1, " "1, " "1, " "1, " "1, " "1, " "1, " "1, " "1, " "1, " "1, " "1, " "1, " "1, " "1, " "1, " "1, " "1, " "1, " "1, " "1, " "1, " "1, " "1, " "1, " "1, " "1, " "1, " "1, " "1, " "1, " "1, " "1, " "1, " "1, " "1, " "1, " "1, " "1, " "1, " "1, " "1, " "1, " "1, " "1, " "1, " "1, " "1, " "1, " "1, " "1, " "1, " "1, " "1, " "1, " "1, " "1, " "1, " "1, " "1, " "1, " "1, " "1, " "1, " "1, " "1, " "1, " "1, " "1, " "1, " "1, " "1, " "1, " "1, " "1, " "1, " "1, " "1, " "1, " "1, " "1, " "1, " "1, " "1, " "1, " "1, " "1, " "1, " "1, " "1, " "1, " "1, " "1, " "1, " "1, " "1, " "1, " "1, " "1, " "1, " "1, " "1, " "1, " "1, " "1, " "1, " "1, " "1, " "1, " "1, " "1, " "1, " "1, " "1, " "1, " "1, " "1, " "1, " "1, " "1, " "1, " "1, " "1, " "1, " "1, " "1, " "1, " "1, " "1, " "1, " "1, " "1, " "1, " "1, " "1, " "1, " "1, " "1, " "1, " "1, " "1, " "1, " "1, " "1, " "1, " "1, " "1, " "1, " "1, " "1, " "1, " "1, " "1, " "1, " "1, " "1, " "1, " "1, " "1, " "1, " "1, " "1, " "1, " "1, " "1, " "1, " "1, " "1, " "1, " "1, " "1, " "1, " "1, " "1, " "1, " "1, " "1, " "1, " "1, " "1, " "1, " "1, " "1, " "1, " "1, " "1, " "1, " "1, " "1, " "1, " "1, " "1, " "1, " "1, " "1, " "1, " "1, " "1, " "1, " "1, " "1, " "1, " "1, " "1, " "1, " "1, " "1, " "1, " "1, " "1, " "1, " "1, " "1, " "1, " "1, " "1, " "1, " "1, " "1, " "1, " "1, " "1, " "1, " "1, " "1, " "1, " "1, " "1, " "1, " "1, " "1, " "1, " "1, " "1, " "1, " "1, " "1, " "1, " "1, " "1, " "1, " "1, " "1, " "1, " "1, " "1, " "1, " "1, " "1, " "1, " "1, " "1, " "1, " "1, " "1, " "1, " "1, " "1, " "1, " "1, " "1, " "1, " "1, " "1, " "1, " "1, " "1, " "1, " "1, " "1, " "1, " "1, " "1, " "1, " "1, " "1, " "1, " "1, " "1, " "1, " "1, " "1, " "1, " "1, " "1, " "1, " "1, " "1, " "1, " "1, " "1, " "1, " "1, " "1, " "1, " "1, " "1, " "1, " "1, " "1, " "1, " "1, " "1, " "1, " "1, " "1, " "1, " "1, " "1, " "1, " "1, " "1, " "1, " "1, " "1, " "1, " "1, " "1, " "1, " "1, " "1, " "1, " "1, " "1, " "1, " "1, " "1, " "1, " "1, " "1, " "1, " "1, " "1, " "1, " "1, " "1, " "1, " "1, " "1, " "1, " "1, " "1, " "1, " "1, " "1, " "1, " "1, " "1, " "1, " "1, " "1, " "1, " "1, " "1, " "1, " "1, " "1, " "1, " "1, " "1, " "1, " "1, " "1, " "1, " "1, " "1, "204
 "Nei124, 0.171, " "0.015, " "1, " "1, " "1, " "1, " "1, " "1, " "1, " "1, " "1, " "1, " "1, " "1, " "1, " "1, " "1, " "1, " "1, " "1, " "1, " "1, " "1, " "1, " "1, " "1, " "1, " "1, " "1, " "1, " "1, " "1, " "1, " "1, " "1, " "1, " "1, " "1, " "1, " "1, " "1, " "1, " "1, " "1, " "1, " "1, " "1, " "1, " "1, " "1, " "1, " "1, " "1, " "1, " "1, " "1, " "1, " "1, " "1, " "1, " "1, " "1, " "1, " "1, " "1, " "1, " "1, " "1, " "1, " "1, " "1, " "1, " "1, " "1, " "1, " "1, " "1, " "1, " "1, " "1, " "1, " "1, " "1, " "1, " "1, " "1, " "1, " "1, " "1, " "1, " "1, " "1, " "1, " "1, " "1, " "1, " "1, " "1, " "1, " "1, " "1, " "1, " "1, " "1, " "1, " "1, " "1, " "1, " "1, " "1, " "1, " "1, " "1, " "1, " "1, " "1, " "1, " "1, " "1, " "1, " "1, " "1, " "1, " "1, " "1, " "1, " "0, " "1, " "1, " "1, " "1, " "1, " "1, " "1, " "1, " "1, " "1, " "1, " "1, " "1, " "1, " "1, " "1, " "1, " "1, " "1, " "1, " "1, " "1, " "1, " "1, " "1, " "1, " "1, " "1, " "1, " "1, " "1, " "1, " "1, " "1, " "1, " "1, " "1, " "1, " "1, " "1, " "1, " "1, " "1, " "1, " "1, " "1, " "1, " "1, " "1, " "1, " "1, " "1, " "1, " "1, " "1, " "1, " "1, " "1, " "1, " "1, " "1, " "1, " "1, " "1, " "1, " "1, " "1, " "1, " "1, " "1, " "1, " "1, " "1, " "1, " "1, " "1, " "1, " "1, " "1, " "1, " "1, " "1, " "1, " "1, " "1, " "1, " "1, " "1, " "1, " "1, " "1, " "1, " "1, " "1, " "1, " "1, " "1, " "1, " "1, " "1, " "1, " "1, " "1, " "1, " "1, " "1, " "1, " "1, " "1, " "1, " "1, " "1, " "1, " "1, " "1, " "1, " "1, " "1, " "1, " "1, " "1, " "1, " "1, " "1, " "1, " "1, " "1, " "1, " "1, " "1, " "1, " "1, " "1, " "1, " "1, " "1, " "1, " "1, " "1, " "1, " "1, " "1, " "1, " "1, " "1, " "1, " "1, " "1, " "1, " "1, " "1, " "1, " "1, " "1, " "1, " "1, " "1, " "1, " "1, " "1, " "1, " "1, " "1, " "1, " "1, " "1, " "1, " "1, " "1, " "1, " "1, " "1, " "1, " "1, " "1, " "1, " "1, " "1, " "1, " "1, " "1, " "1, " "1, " "1, " "1, " "1, " "1, " "1, " "1, " "1, " "1, " "1, " "1, " "1, " "1, " "1, " "1, " "1, " "1, " "1, " "1, " "1, " "1, " "1, " "1, " "1, " "1, " "1, " "1, " "1, " "1, " "1, " "1, " "1, " "1, " "1, " "1, " "1, " "1, " "1, " "1, " "1, " "1, " "1, " "1, " "1, " "1, " "1, " "1, " "1, " "1, " "1, " "1, " "1, " "1, " "1, " "1, " "1, " "1, " "1, " "1, " "1, " "1, " "1, " "1, " "1, " "1, " "1, " "1, " "1, " "1, " "1, " "1, " "1, " "1, " "1, " "1, " "1, " "1, " "1, " "1, " "1, " "1, " "1, " "1, " "1, " "1, " "1, " "1, " "1, " "1, " "1, " "1, " "1, " "1, " "1, " "1, " "1, " "1, " "1, " "1, " "1, " "1, " "1, " "1, " "1, " "1, " "1, " "1, " "1, " "1, " "1, " "1, " "1, " "1, " "1, " "1, " "1, " "1, " "1, " "1, " "1, " "1, " "1, " "1, " "1, " "1, " "1, " "1, " "1, " "1, " "1, " "1, " "1, " "1, " "1, " "1, " "1, " "1, " "1, " "1, " "1, " "1, " "1, " "1, " "1, " "1, " "1, " "1, " "1, " "1, " "1, " "1, " "1, " "1, " "1, " "1, " "1, " "1, " "1, " "1, " "1, " "1, " "1, " "1, " "1, " "1, " "1, " "1, " "1, " "1, " "1, " "1, " "1, " "1, " "1, " "1, " "1, " "1, " "1, " "1, " "1, " "1, " "1, " "1, " "1, " "1, " "1, " "1, " "1, " "1, " "1, " "1, " "1, " "1, " "1, " "1, " "1, " "1, " "1, " "1, " "1, " "1, " "1, " "1, " "1, " "1, " "1, "204
 "Nei125, 0.386, " "0.015, " "1, " "1, " "1, " "1, " "1, " "1, " "1, " "1, " "1, " "1, " "1, " "1, " "1, " "1, " "1, " "1, " "1, " "1, " "1, " "1, " "1, " "1, " "1, " "1, " "1, " "1, " "1, " "1, " "1, " "1, " "1, " "1, " "1, " "1, " "1, " "1, " "1, " "1, " "1, " "1, " "1, " "1, " "1, " "1, " "1, " "1, " "1, " "1, " "1, " "1, " "1, " "1, " "1, " "1, " "1, " "1, " "1, " "1, " "1, " "1, " "1, " "1, " "1, " "1, " "1, " "1, " "1, " "1, " "1, " "1, " "1, " "1, " "1, " "1, " "1, " "1, " "1, " "1, " "1, " "1, " "1, " "1, " "1, " "1, " "1, " "1, " "1, " "1, " "1, " "1, " "1, " "1, " "1, " "1, " "1, " "1, " "1, " "1, " "1, " "1, " "1, " "1, " "1, " "1, " "1, " "1, " "1, " "1, " "1, " "1, " "1, " "1, " "1, " "1, " "1, " "1, " "1, " "1, " "1, " "1, " "1, " "1, " "1, " "1, " "1, " "0, " "1, " "1, " "1, " "1, " "1, " "1, " "1, " "1, " "1, " "1, " "1, " "1, " "1, " "1, " "1, " "1, " "1, " "1, " "1, " "1, " "1, " "1, " "1, " "1, " "1, " "1, " "1, " "1, " "1, " "1, " "1, " "1, " "1, " "1, " "1, " "1, " "1, " "1, " "1, " "1, " "1, " "1, " "1, " "1, " "1, " "1, " "1, " "1, " "1, " "1, " "1, " "1, " "1, " "1, " "1, " "1, " "1, " "1, " "1, " "1, " "1, " "1, " "1, " "1, " "1, " "1, " "1, " "1, " "1, " "1, " "1, " "1, " "1, " "1, " "1, " "1, " "1, " "1, " "1, " "1, " "1, " "1, " "1, " "1, " "1, " "1, " "1, " "1, " "1, " "1, " "1, " "1, " "1, " "1, " "1, " "1, " "1, " "1, " "1, " "1, " "1, " "1, " "1, " "1, " "1, " "1, " "1, " "1, " "1, " "1, " "1, " "1, " "1, " "1, " "1, " "1, " "1, " "1, " "1, " "1, " "1, " "1, " "1, " "1, " "1, " "1, " "1, " "1, " "1, " "1, " "1, " "1, " "1, " "1, " "1, " "1, " "1, " "1, " "1, " "1, " "1, " "1, " "1, " "1, " "1, " "1, " "1, " "1, " "1, " "1, " "1, " "1, " "1, " "1, " "1, " "1, " "1, " "1, " "1, " "1, " "1, " "1, " "1, " "1, " "1, " "1, " "1, " "1, " "1, " "1, " "1, " "1, " "1, " "1, " "1, " "1, " "1, " "1, " "1, " "1, " "1, " "1, " "1, " "1, " "1, " "1, " "1, " "1, " "1, " "1, " "1, " "1, " "1, " "1, " "1, " "1, " "1, " "1, " "1, " "1, " "1, " "1, " "1, " "1, " "1, " "1, " "1, " "1, " "1, " "1, " "1, " "1, " "1, " "1, " "1, " "1, " "1, " "1, " "1, " "1, " "1, " "1, " "1, " "1, " "1, " "1, " "1, " "1, " "1, " "1, " "1, " "1, " "1, " "1, " "1, " "1, " "1, " "1, " "1, " "1, " "1, " "1, " "1, " "1, " "1, " "1, " "1, " "1, " "1, " "1, " "1, " "1, " "1, " "1, " "1, " "1, " "1, " "1, " "1, " "1, " "1, " "1, " "1, " "1, " "1, " "1, " "1, " "1, " "1, " "1, " "1, " "1, " "1, " "1, " "1, " "1, " "1, " "1, " "1, " "1, " "1, " "1, " "1, " "1, " "1, " "1, " "1, " "1, " "1, " "1, " "1, " "1, " "1, " "1, " "1, " "1, " "1, " "1, " "1, " "1, " "1, " "1, " "1, " "1, " "1, " "1, " "1, " "1, " "1, " "1, " "1, " "1, " "1, " "1, " "1, " "1, " "1, " "1, " "1, " "1, " "1, " "1, " "1, " "1, " "1, " "1, " "1, " "1, " "1, " "1, " "1, " "1, " "1, " "1, " "1, " "1, " "1, " "1, " "1, " "1, " "1, " "1, " "1, " "1, " "1, " "1, " "1, " "1, " "1, " "1, " "1, " "1, " "1, " "1, " "1, " "1, " "1, " "1, " "1, " "1, " "1, " "1, " "1, " "1, " "1, " "1, " "1, " "1, " "1, " "1, " "1, " "1, " "1, " "1, " "1, " "1, " "1, " "1, " "1, " "1, " "1, " "1, " "1, " "1, " "1, " "1, " "1, "204
 "Nei126, 0.36, " "0.015, " "1, " "1, " "1, " "1, " "1, " "1, " "1, " "1, " "1, " "1, " "1, " "1, " "1, " "1, " "1, " "1, " "1, " "1, " "1, " "1, " "1, " "1, " "1, " "1, " "1, " "1, " "1, " "1, " "1, " "1, " "1, " "1, " "1, " "1, " "1, " "1, " "1, " "1, " "1, " "1, " "1, " "1, " "1, " "1, " "1, " "1, " "1, " "1, " "1, " "1, " "1, " "1, " "1, " "1, " "1, " "1, " "1, " "1, " "1, " "1, " "1, " "1, " "1, " "1, " "1, " "1, " "1, " "1, " "1, " "1, " "1, " "1, " "1, " "1, " "1, " "1, " "1, " "1, " "1, " "1, " "1, " "1, " "1, " "1, " "1, " "1, " "1, " "1, " "1, " "1, " "1, " "1, " "1, " "1, " "1, " "1, " "1, " "1, " "1, " "1, " "1, " "1, " "1, " "1, " "1, " "1, " "1, " "1, " "1, " "1, " "1, " "1, " "1, " "1, " "1, " "1, " "1, " "1, " "1, " "1, " "1, " "1, " "1, " "1, " "1, " "1, " "0, " "1, " "1, " "1, " "1, " "1, " "1, " "1, " "1, " "1, " "1, " "1, " "1, " "1, " "1, " "1, " "1, " "1, " "1, " "1, " "1, " "1, " "1, " "1, " "1, " "1, " "1, " "1, " "1, " "1, " "1, " "1, " "1, " "1, " "1, " "1, " "1, " "1, " "1, " "1, " "1, " "1, " "1, " "1, " "1, " "1, " "1, " "1, " "1, " "1, " "1, " "1, " "1, " "1, " "1, " "1, " "1, " "1, " "1, " "1, " "1, " "1, " "1, " "1, " "1, " "1, " "1, " "1, " "1, " "1, " "1, " "1, " "1, " "1, " "1, " "1, " "1, " "1, " "1, " "1, " "1, " "1, " "1, " "1, " "1, " "1, " "1, " "1, " "1, " "1, " "1, " "1, " "1, " "1, " "1, " "1, " "1, " "1, " "1, " "1, " "1, " "1, " "1, " "1, " "1, " "1, " "1, " "1, " "1, " "1, " "1, " "1, " "1, " "1, " "1, " "1, " "1, " "1, " "1, " "1, " "1, " "1, " "1, " "1, " "1, " "1, " "1, " "1, " "1, " "1, " "1, " "1, " "1, " "1, " "1, " "1, " "1, " "1, " "1, " "1, " "1, " "1, " "1, " "1, " "1, " "1, " "1, " "1, " "1, " "1, " "1, " "1, " "1, " "1, " "1, " "1, " "1, " "1, " "1, " "1, " "1, " "1, " "1, " "1, " "1, " "1, " "1, " "1, " "1, " "1, " "1, " "1, " "1, " "1, " "1, " "1, " "1, " "1, " "1, " "1, " "1, " "1, " "1, " "1, " "1, " "1, " "1, " "1, " "1, " "1, " "1, " "1, " "1, " "1, " "1, " "1, " "1, " "1, " "1, " "1, " "1, " "1, " "1, " "1, " "1, " "1, " "1, " "1, " "1, " "1, " "1, " "1, " "1, " "1, " "1, " "1, " "1, " "1, " "1, " "1, " "1, " "1, " "1, " "1, " "1, " "1, " "1, " "1, " "1, " "1, " "1, " "1, " "1, " "1, " "1, " "1, " "1, " "1, " "1, " "1, " "1, " "1, " "1, " "1, " "1, " "1, " "1, " "1, " "1, " "1, " "1, " "1, " "1, " "1, " "1, " "1, " "1, " "1, " "1, " "1, " "1, " "1, " "1, " "1, " "1, " "1, " "1, " "1, " "1, " "1, " "1, " "1, " "1, " "1, " "1, " "1, " "1, " "1, " "1, " "1, " "1, " "1, " "1, " "1, " "1, " "1, " "1, " "1, " "1, " "1, " "1, " "1, " "1, " "1, " "1, " "1, " "1, " "1, " "1, " "1, " "1, " "1, " "1, " "1, " "1, " "1, " "1, " "1, " "1, " "1, " "1, " "1, " "1, " "1, " "1, " "1, " "1, " "1, " "1, " "1, " "1, " "1, " "1, " "1, " "1, " "1, " "1, " "1, " "1, " "1, " "1, " "1, " "1, " "1, " "1, " "1, " "1, " "1, " "1, " "1, " "1, " "1, " "1, " "1, " "1, " "1, " "1, " "1, " "1, " "1, " "1, " "1, " "1, " "1, " "1, " "1, " "1, " "1, " "1, " "1, " "1, " "1, " "1, " "1, " "1, " "1, " "1, " "1, " "1, " "1, " "1, " "1, " "1, " "1, " "1, " "1, " "1, " "1, " "1, " "1, " "1, " "1, " "1, " "1, " "1, " "1, " "1, "204
 "Nei127, 0.012, " "0.015, " "1, " "1, " "1, " "1, " "1, " "1, " "1, " "1, " "1, " "1, " "1, " "1, " "1, " "1, " "1, " "1, " "1, " "1, " "1, " "1, " "1, " "1, " "1, " "1, " "1, " "1, " "1, " "1, " "1, " "1, " "1, " "1, " "1, " "1, " "1, " "1, " "1, " "1, " "1, " "1, " "1, " "1, " "1, " "1, " "1, " "1, " "1, " "1, " "1, " "1, " "1, " "1, " "1, " "1, " "1, " "1, " "1, " "1, " "1, " "1, " "1, " "1, " "1, " "1, " "1, " "1, " "1, " "1, " "1, " "1, " "1, " "1, " "1, " "1, " "1, " "1, " "1, " "1, " "1, " "1, " "1, " "1, " "1, " "1, " "1, " "1, " "1, " "1, " "1, " "1, " "1, " "1, " "1, " "1, " "1, " "1, " "1, " "1, " "1, " "1, " "1, " "1, " "1, " "1, " "1, " "1, " "1, " "1, " "1, " "1, " "1, " "1, " "1, " "1, " "1, " "1, " "1, " "1, " "1, " "1, " "1, " "1, " "1, " "1, " "1, " "1, " "1, " "0, " "1, " "1, " "1, " "1, " "1, " "1, " "1, " "1, " "1, " "1, " "1, " "1, " "1, " "1, " "1, " "1, " "1, " "1, " "1, " "1, " "1, " "1, " "1, " "1, " "1, " "1, " "1, " "1, " "1, " "1, " "1, " "1, " "1, " "1, " "1, " "1, " "1, " "1, " "1, " "1, " "1, " "1, " "1, " "1, " "1, " "1, " "1, " "1, " "1, " "1, " "1, " "1, " "1, " "1, " "1, " "1, " "1, " "1, " "1, " "1, " "1, " "1, " "1, " "1, " "1, " "1, " "1, " "1, " "1, " "1, " "1, " "1, " "1, " "1, " "1, " "1, " "1, " "1, " "1, " "1, " "1, " "1, " "1, " "1, " "1, " "1, " "1, " "1, " "1, " "1, " "1, " "1, " "1, " "1, " "1, " "1, " "1, " "1, " "1, " "1, " "1, " "1, " "1, " "1, " "1, " "1, " "1, " "1, " "1, " "1, " "1, " "1, " "1, " "1, " "1, " "1, " "1, " "1, " "1, " "1, " "1, " "1, " "1, " "1, " "1, " "1, " "1, " "1, " "1, " "1, " "1, " "1, " "1, " "1, " "1, " "1, " "1, " "1, " "1, " "1, " "1, " "1, " "1, " "1, " "1, " "1, " "1, " "1, " "1, " "1, " "1, " "1, " "1, " "1, " "1, " "1, " "1, " "1, " "1, " "1, " "1, " "1, " "1, " "1, " "1, " "1, " "1, " "1, " "1, " "1, " "1, " "1, " "1, " "1, " "1, " "1, " "1, " "1, " "1, " "1, " "1, " "1, " "1, " "1, " "1, " "1, " "1, " "1, " "1, " "1, " "1, " "1, " "1, " "1, " "1, " "1, " "1, " "1, " "1, " "1, " "1, " "1, " "1, " "1, " "1, " "1, " "1, " "1, " "1, " "1, " "1, " "1, " "1, " "1, " "1, " "1, " "1, " "1, " "1, " "1, " "1, " "1, " "1, " "1, " "1, " "1, " "1, " "1, " "1, " "1, " "1, " "1, " "1, " "1, " "1, " "1, " "1, " "1, " "1, " "1, " "1, " "1, " "1, " "1, " "1, " "1, " "1, " "1, " "1, " "1, " "1, " "1, " "1, " "1, " "1, " "1, " "1, " "1, " "1, " "1, " "1, " "1, " "1, " "1, " "1, " "1, " "1, " "1, " "1, " "1, " "1, " "1, " "1, " "1, " "1, " "1, " "1, " "1, " "1, " "1, " "1, " "1, " "1, " "1, " "1, " "1, " "1, " "1, " "1, " "1, " "1, " "1, " "1, " "1, " "1, " "1, " "1, " "1, " "1, " "1, " "1, " "1, " "1, " "1, " "1, " "1, " "1, " "1, " "1, " "1, " "1, " "1, " "1, " "1, " "1, " "1, " "1, " "1, " "1, " "1, " "1, " "1, " "1, " "1, " "1, " "1, " "1, " "1, " "1, " "1, " "1, " "1, " "1, " "1, " "1, " "1, " "1, " "1, " "1, " "1, " "1, " "1, " "1, " "1, " "1, " "1, " "1, " "1, " "1, " "1, " "1, " "1, " "1, " "1, " "1, " "1, " "1, " "1, " "1, " "1, " "1, " "1, " "1, " "1, " "1, " "1, " "1, " "1, " "1, " "1, " "1, " "1, " "1, " "1, " "1, " "1, " "1, " "1, " "1, " "1, " "1, " "1, " "1, " "1, " "1, "204
 "Nei128, 0.027, " "0.015, " "1, " "1, " "1, " "1, " "1, " "1, " "1, " "1, " "1, " "1, " "1, " "1, " "1, " "1, " "1, " "1, " "1, " "1, " "1, " "1, " "1, " "1, " "1, " "1, " "1, " "1, " "1, " "1, " "1, " "1, " "1, " "1, " "1, " "1, " "1, " "1, " "1, " "1, " "1, " "1, " "1, " "1, " "1, " "1, " "1, " "1, " "1, " "1, " "1, " "1, " "1, " "1, " "1, " "1, " "1, " "1, " "1, " "1, " "1, " "1, " "1, " "1, " "1, " "1, " "1, " "1, " "1, " "1, " "1, " "1, " "1, " "1, " "1, " "1, " "1, " "1, " "1, " "1, " "1, " "1, " "1, " "1, " "1, " "1, " "1, " "1, " "1, " "1, " "1, " "1, " "1, " "1, " "1, " "1, " "1, " "1, " "1, " "1, " "1, " "1, " "1, " "1, " "1, " "1, " "1, " "1, " "1, " "1, " "1, " "1, " "1, " "1, " "1, " "1, " "1, " "1, " "1, " "1, " "1, " "1, " "1, " "1, " "1, " "1, " "1, " "1, " "1, " "1, " "0, " "1, " "1, " "1, " "1, " "1, " "1, " "1, " "1, " "1, " "1, " "1, " "1, " "1, " "1, " "1, " "1, " "1, " "1, " "1, " "1, " "1, " "1, " "1, " "1, " "1, " "1, " "1, " "1, " "1, " "1, " "1, " "1, " "1, " "1, " "1, " "1, " "1, " "1, " "1, " "1, " "1, " "1, " "1, " "1, " "1, " "1, " "1, " "1, " "1, " "1, " "1, " "1, " "1, " "1, " "1, " "1, " "1, " "1, " "1, " "1, " "1, " "1, " "1, " "1, " "1, " "1, " "1, " "1, " "1, " "1, " "1, " "1, " "1, " "1, " "1, " "1, " "1, " "1, " "1, " "1, " "1, " "1, " "1, " "1, " "1, " "1, " "1, " "1, " "1, " "1, " "1, " "1, " "1, " "1, " "1, " "1, " "1, " "1, " "1, " "1, " "1, " "1, " "1, " "1, " "1, " "1, " "1, " "1, " "1, " "1, " "1, " "1, " "1, " "1, " "1, " "1, " "1, " "1, " "1, " "1, " "1, " "1, " "1, " "1, " "1, " "1, " "1, " "1, " "1, " "1, " "1, " "1, " "1, " "1, " "1, " "1, " "1, " "1, " "1, " "1, " "1, " "1, " "1, " "1, " "1, " "1, " "1, " "1, " "1, " "1, " "1, " "1, " "1, " "1, " "1, " "1, " "1, " "1, " "1, " "1, " "1, " "1, " "1, " "1, " "1, " "1, " "1, " "1, " "1, " "1, " "1, " "1, " "1, " "1, " "1, " "1, " "1, " "1, " "1, " "1, " "1, " "1, " "1, " "1, " "1, " "1, " "1, " "1, " "1, " "1, " "1, " "1, " "1, " "1, " "1, " "1, " "1, " "1, " "1, " "1, " "1, " "1, " "1, " "1, " "1, " "1, " "1, " "1, " "1, " "1, " "1, " "1, " "1, " "1, " "1, " "1, " "1, " "1, " "1, " "1, " "1, " "1, " "1, " "1, " "1, " "1, " "1, " "1, " "1, " "1, " "1, " "1, " "1, " "1, " "1, " "1, " "1, " "1, " "1, " "1, " "1, " "1, " "1, " "1, " "1, " "1, " "1, " "1, " "1, " "1, " "1, " "1, " "1, " "1, " "1, " "1, " "1, " "1, " "1, " "1, " "1, " "1, " "1, " "1, " "1, " "1, " "1, " "1, " "1, " "1, " "1, " "1, " "1, " "1, " "1, " "1, " "1, " "1, " "1, " "1, " "1, " "1, " "1, " "1, " "1, " "1, " "1, " "1, " "1, " "1, " "1, " "1, " "1, " "1, " "1, " "1, " "1, " "1, " "1, " "1, " "1, " "1, " "1, " "1, " "1, " "1, " "1, " "1, " "1, " "1, " "1, " "1, " "1, " "1, " "1, " "1, " "1, " "1, " "1, " "1, " "1, " "1, " "1, " "1, " "1, " "1, " "1, " "1, " "1, " "1, " "1, " "1, " "1, " "1, " "1, " "1, " "1, " "1, " "1, " "1, " "1, " "1, " "1, " "1, " "1, " "1, " "1, " "1, " "1, " "1, " "1, " "1, " "1, " "1, " "1, " "1, " "1, " "1, " "1, " "1, " "1, " "1, " "1, " "1, " "1, " "1, " "1, " "1, " "1, " "1, " "1, " "1, " "1, " "1, " "1, " "1, " "1, " "1, " "1, " "1, " "1, " "1, " "1, " "1, "204
 "Nei129, 0.358, " "0.015, " "1, " "1, " "1, " "1, " "1, " "1, " "1, " "1, " "1, " "1, " "1, " "1, " "1, " "1, " "1, " "1, " "1, " "1, " "1, " "1, " "1, " "1, " "1, " "1, " "1, " "1, " "1, " "1, " "1, " "1, " "1, " "1, " "1, " "1, " "1, " "1, " "1, " "1, " "1, " "1, " "1, " "1, " "1, " "1, " "1, " "1, " "1, " "1, " "1, " "1, " "1, " "1, " "1, " "1, " "1, " "1, " "1, " "1, " "1, " "1, " "1, " "1, " "1, " "1, " "1, " "1, " "1, " "1, " "1, " "1, " "1, " "1, " "1, " "1, " "1, " "1, " "1, " "1, " "1, " "1, " "1, " "1, " "1, " "1, " "1, " "1, " "1, " "1, " "1, " "1, " "1, " "1, " "1, " "1, " "1, " "1, " "1, " "1, " "1, " "1, " "1, " "1, " "1, " "1, " "1, " "1, " "1, " "1, " "1, " "1, " "1, " "1, " "1, " "1, " "1, " "1, " "1, " "1, " "1, " "1, " "1, " "1, " "1, " "1, " "1, " "1, " "1, " "1, " "1, " "0, " "1, " "1, " "1, " "1, " "1, " "1, " "1, " "1, " "1, " "1, " "1, " "1, " "1, " "1, " "1, " "1, " "1, " "1, " "1, " "1, " "1, " "1, " "1, " "1, " "1, " "1, " "1, " "1, " "1, " "1, " "1, " "1, " "1, " "1, " "1, " "1, " "1, " "1, " "1, " "1, " "1, " "1, " "1, " "1, " "1, " "1, " "1, " "1, " "1, " "1, " "1, " "1, " "1, " "1, " "1, " "1, " "1, " "1, " "1, " "1, " "1, " "1, " "1, " "1, " "1, " "1, " "1, " "1, " "1, " "1, " "1, " "1, " "1, " "1, " "1, " "1, " "1, " "1, " "1, " "1, " "1, " "1, " "1, " "1, " "1, " "1, " "1, " "1, " "1, " "1, " "1, " "1, " "1, " "1, " "1, " "1, " "1, " "1, " "1, " "1, " "1, " "1, " "1, " "1, " "1, " "1, " "1, " "1, " "1, " "1, " "1, " "1, " "1, " "1, " "1, " "1, " "1, " "1, " "1, " "1, " "1, " "1, " "1, " "1, " "1, " "1, " "1, " "1, " "1, " "1, " "1, " "1, " "1, " "1, " "1, " "1, " "1, " "1, " "1, " "1, " "1, " "1, " "1, " "1, " "1, " "1, " "1, " "1, " "1, " "1, " "1, " "1, " "1, " "1, " "1, " "1, " "1, " "1, " "1, " "1, " "1, " "1, " "1, " "1, " "1, " "1, " "1, " "1, " "1, " "1, " "1, " "1, " "1, " "1, " "1, " "1, " "1, " "1, " "1, " "1, " "1, " "1, " "1, " "1, " "1, " "1, " "1, " "1, " "1, " "1, " "1, " "1, " "1, " "1, " "1, " "1, " "1, " "1, " "1, " "1, " "1, " "1, " "1, " "1, " "1, " "1, " "1, " "1, " "1, " "1, " "1, " "1, " "1, " "1, " "1, " "1, " "1, " "1, " "1, " "1, " "1, " "1, " "1, " "1, " "1, " "1, " "1, " "1, " "1, " "1, " "1, " "1, " "1, " "1, " "1, " "1, " "1, " "1, " "1, " "1, " "1, " "1, " "1, " "1, " "1, " "1, " "1, " "1, " "1, " "1, " "1, " "1, " "1, " "1, " "1, " "1, " "1, " "1, " "1, " "1, " "1, " "1, " "1, " "1, " "1, " "1, " "1, " "1, " "1, " "1, " "1, " "1, " "1, " "1, " "1, " "1, " "1, " "1, " "1, " "1, " "1, " "1, " "1, " "1, " "1, " "1, " "1, " "1, " "1, " "1, " "1, " "1, " "1, " "1, " "1, " "1, " "1, " "1, " "1, " "1, " "1, " "1, " "1, " "1, " "1, " "1, " "1, " "1, " "1, " "1, " "1, " "1, " "1, " "1, " "1, " "1, " "1, " "1, " "1, " "1, " "1, " "1, " "1, " "1, " "1, " "1, " "1, " "1, " "1, " "1, " "1, " "1, " "1, " "1, " "1, " "1, " "1, " "1, " "1, " "1, " "1, " "1, " "1, " "1, " "1, " "1, " "1, " "1, " "1, " "1, " "1, " "1, " "1, " "1, " "1, " "1, " "1, " "1, " "1, " "1, " "1, " "1, " "1, " "1, " "1, " "1, " "1, " "1, " "1, " "1, " "1, " "1, " "1, " "1, " "1, " "1, " "1, " "1, " "1, " "1, " "1, " "1, " "1, "204
 "Nei130, 0.2, " "0.015, " "1, " "1, " "1, " "1, " "1, " "1, " "1, " "1, " "1, " "1, " "1, " "1, " "1, " "1, " "1, " "1, " "1, " "1, " "1, " "1, " "1, " "1, " "1, " "1, " "1, " "1, " "1, " "1, " "1, " "1, " "1, " "1, " "1, " "1, " "1, " "1, " "1, " "1, " "1, " "1, " "1, " "1, " "1, " "1, " "1, " "1, " "1, " "1, " "1, " "1, " "1, " "1, " "1, " "1, " "1, " "1, " "1, " "1, " "1, " "1, " "1, " "1, " "1, " "1, " "1, " "1, " "1, " "1, " "1, " "1, " "1, " "1, " "1, " "1, " "1, " "1, " "1, " "1, " "1, " "1, " "1, " "1, " "1, " "1, " "1, " "1, " "1, " "1, " "1, " "1, " "1, " "1, " "1, " "1, " "1, " "1, " "1, " "1, " "1, " "1, " "1, " "1, " "1, " "1, " "1, " "1, " "1, " "1, " "1, " "1, " "1, " "1, " "1, " "1, " "1, " "1, " "1, " "1, " "1, " "1, " "1, " "1, " "1, " "1, " "1, " "1, " "1, " "1, " "1, " "1, " "0, " "1, " "1, " "1, " "1, " "1, " "1, " "1, " "1, " "1, " "1, " "1, " "1, " "1, " "1, " "1, " "1, " "1, " "1, " "1, " "1, " "1, " "1, " "1, " "1, " "1, " "1, " "1, " "1, " "1, " "1, " "1, " "1, " "1, " "1, " "1, " "1, " "1, " "1, " "1, " "1, " "1, " "1, " "1, " "1, " "1, " "1, " "1, " "1, " "1, " "1, " "1, " "1, " "1, " "1, " "1, " "1, " "1, " "1, " "1, " "1, " "1, " "1, " "1, " "1, " "1, " "1, " "1, " "1, " "1, " "1, " "1, " "1, " "1, " "1, " "1, " "1, " "1, " "1, " "1, " "1, " "1, " "1, " "1, " "1, " "1, " "1, " "1, " "1, " "1, " "1, " "1, " "1, " "1, " "1, " "1, " "1, " "1, " "1, " "1, " "1, " "1, " "1, " "1, " "1, " "1, " "1, " "1, " "1, " "1, " "1, " "1, " "1, " "1, " "1, " "1, " "1, " "1, " "1, " "1, " "1, " "1, " "1, " "1, " "1, " "1, " "1, " "1, " "1, " "1, " "1, " "1, " "1, " "1, " "1, " "1, " "1, " "1, " "1, " "1, " "1, " "1, " "1, " "1, " "1, " "1, " "1, " "1, " "1, " "1, " "1, " "1, " "1, " "1, " "1, " "1, " "1, " "1, " "1, " "1, " "1, " "1, " "1, " "1, " "1, " "1, " "1, " "1, " "1, " "1, " "1, " "1, " "1, " "1, " "1, " "1, " "1, " "1, " "1, " "1, " "1, " "1, " "1, " "1, " "1, " "1, " "1, " "1, " "1, " "1, " "1, " "1, " "1, " "1, " "1, " "1, " "1, " "1, " "1, " "1, " "1, " "1, " "1, " "1, " "1, " "1, " "1, " "1, " "1, " "1, " "1, " "1, " "1, " "1, " "1, " "1, " "1, " "1, " "1, " "1, " "1, " "1, " "1, " "1, " "1, " "1, " "1, " "1, " "1, " "1, " "1, " "1, " "1, " "1, " "1, " "1, " "1, " "1, " "1, " "1, " "1, " "1, " "1, " "1, " "1, " "1, " "1, " "1, " "1, " "1, " "1, " "1, " "1, " "1, " "1, " "1, " "1, " "1, " "1, " "1, " "1, " "1, " "1, " "1, " "1, " "1, " "1, " "1, " "1, " "1, " "1, " "1, " "1, " "1, " "1, " "1, " "1, " "1, " "1, " "1, " "1, " "1, " "1, " "1, " "1, " "1, " "1, " "1, " "1, " "1, " "1, " "1, " "1, " "1, " "1, " "1, " "1, " "1, " "1, " "1, " "1, " "1, " "1, " "1, " "1, " "1, " "1, " "1, " "1, " "1, " "1, " "1, " "1, " "1, " "1, " "1, " "1, " "1, " "1, " "1, " "1, " "1, " "1, " "1, " "1, " "1, " "1, " "1, " "1, " "1, " "1, " "1, " "1, " "1, " "1, " "1, " "1, " "1, " "1, " "1, " "1, " "1, " "1, " "1, " "1, " "1, " "1, " "1, " "1, " "1, " "1, " "1, " "1, " "1, " "1, " "1, " "1, " "1, " "1, " "1, " "1, " "1, " "1, " "1, " "1, " "1, " "1, " "1, " "1, " "1, " "1, " "1, " "1, " "1, " "1, " "1, " "1, " "1, " "1, " "1, " "1, " "1, " "1, "204
 "Nei131, 0.316, " "0.015, " "1, " "1, " "1, " "1, " "1, " "1, " "1, " "1, " "1, " "1, " "1, " "1, " "1, " "1, " "1, " "1, " "1, " "1, " "1, " "1, " "1, " "1, " "1, " "1, " "1, " "1, " "1, " "1, " "1, " "1, " "1, " "1, " "1, " "1, " "1, " "1, " "1, " "1, " "1, " "1, " "1, " "1, " "1, " "1, " "1, " "1, " "1, " "1, " "1, " "1, " "1, " "1, " "1, " "1, " "1, " "1, " "1, " "1, " "1, " "1, " "1, " "1, " "1, " "1, " "1, " "1, " "1, " "1, " "1, " "1, " "1, " "1, " "1, " "1, " "1, " "1, " "1, " "1, " "1, " "1, " "1, " "1, " "1, " "1, " "1, " "1, " "1, " "1, " "1, " "1, " "1, " "1, " "1, " "1, " "1, " "1, " "1, " "1, " "1, " "1, " "1, " "1, " "1, " "1, " "1, " "1, " "1, " "1, " "1, " "1, " "1, " "1, " "1, " "1, " "1, " "1, " "1, " "1, " "1, " "1, " "1, " "1, " "1, " "1, " "1, " "1, " "1, " "1, " "1, " "1, " "1, " "0, " "1, " "1, " "1, " "1, " "1, " "1, " "1, " "1, " "1, " "1, " "1, " "1, " "1, " "1, " "1, " "1, " "1, " "1, " "1, " "1, " "1, " "1, " "1, " "1, " "1, " "1, " "1, " "1, " "1, " "1, " "1, " "1, " "1, " "1, " "1, " "1, " "1, " "1, " "1, " "1, " "1, " "1, " "1, " "1, " "1, " "1, " "1, " "1, " "1, " "1, " "1, " "1, " "1, " "1, " "1, " "1, " "1, " "1, " "1, " "1, " "1, " "1, " "1, " "1, " "1, " "1, " "1, " "1, " "1, " "1, " "1, " "1, " "1, " "1, " "1, " "1, " "1, " "1, " "1, " "1, " "1, " "1, " "1, " "1, " "1, " "1, " "1, " "1, " "1, " "1, " "1, " "1, " "1, " "1, " "1, " "1, " "1, " "1, " "1, " "1, " "1, " "1, " "1, " "1, " "1, " "1, " "1, " "1, " "1, " "1, " "1, " "1, " "1, " "1, " "1, " "1, " "1, " "1, " "1, " "1, " "1, " "1, " "1, " "1, " "1, " "1, " "1, " "1, " "1, " "1, " "1, " "1, " "1, " "1, " "1, " "1, " "1, " "1, " "1, " "1, " "1, " "1, " "1, " "1, " "1, " "1, " "1, " "1, " "1, " "1, " "1, " "1, " "1, " "1, " "1, " "1, " "1, " "1, " "1, " "1, " "1, " "1, " "1, " "1, " "1, " "1, " "1, " "1, " "1, " "1, " "1, " "1, " "1, " "1, " "1, " "1, " "1, " "1, " "1, " "1, " "1, " "1, " "1, " "1, " "1, " "1, " "1, " "1, " "1, " "1, " "1, " "1, " "1, " "1, " "1, " "1, " "1, " "1, " "1, " "1, " "1, " "1, " "1, " "1, " "1, " "1, " "1, " "1, " "1, " "1, " "1, " "1, " "1, " "1, " "1, " "1, " "1, " "1, " "1, " "1, " "1, " "1, " "1, " "1, " "1, " "1, " "1, " "1, " "1, " "1, " "1, " "1, " "1, " "1, " "1, " "1, " "1, " "1, " "1, " "1, " "1, " "1, " "1, " "1, " "1, " "1, " "1, " "1, " "1, " "1, " "1, " "1, " "1, " "1, " "1, " "1, " "1, " "1, " "1, " "1, " "1, " "1, " "1, " "1, " "1, " "1, " "1, " "1, " "1, " "1, " "1, " "1, " "1, " "1, " "1, " "1, " "1, " "1, " "1, " "1, " "1, " "1, " "1, " "1, " "1, " "1, " "1, " "1, " "1, " "1, " "1, " "1, " "1, " "1, " "1, " "1, " "1, " "1, " "1, " "1, " "1, " "1, " "1, " "1, " "1, " "1, " "1, " "1, " "1, " "1, " "1, " "1, " "1, " "1, " "1, " "1, " "1, " "1, " "1, " "1, " "1, " "1, " "1, " "1, " "1, " "1, " "1, " "1, " "1, " "1, " "1, " "1, " "1, " "1, " "1, " "1, " "1, " "1, " "1, " "1, " "1, " "1, " "1, " "1, " "1, " "1, " "1, " "1, " "1, " "1, " "1, " "1, " "1, " "1, " "1, " "1, " "1, " "1, " "1, " "1, " "1, " "1, " "1, " "1, " "1, " "1, " "1, " "1, " "1, " "1, " "1, " "1, " "1, " "1, " "1, " "1, " "1, " "1, " "1, " "1, " "1, "204
 "Nei132, 0.366, " "0.015, " "1, " "1, " "1, " "1, " "1, " "1, " "1, " "1, " "1, " "1, " "1, " "1, " "1, " "1, " "1, " "1, " "1, " "1, " "1, " "1, " "1, " "1, " "1, " "1, " "1, " "1, " "1, " "1, " "1, " "1, " "1, " "1, " "1, " "1, " "1, " "1, " "1, " "1, " "1, " "1, " "1, " "1, " "1, " "1, " "1, " "1, " "1, " "1, " "1, " "1, " "1, " "1, " "1, " "1, " "1, " "1, " "1, " "1, " "1, " "1, " "1, " "1, " "1, " "1, " "1, " "1, " "1, " "1, " "1, " "1, " "1, " "1, " "1, " "1, " "1, " "1, " "1, " "1, " "1, " "1, " "1, " "1, " "1, " "1, " "1, " "1, " "1, " "1, " "1, " "1, " "1, " "1, " "1, " "1, " "1, " "1, " "1, " "1, " "1, " "1, " "1, " "1, " "1, " "1, " "1, " "1, " "1, " "1, " "1, " "1, " "1, " "1, " "1, " "1, " "1, " "1, " "1, " "1, " "1, " "1, " "1, " "1, " "1, " "1, " "1, " "1, " "1, " "1, " "1, " "1, " "1, " "1, " "0, " "1, " "1, " "1, " "1, " "1, " "1, " "1, " "1, " "1, " "1, " "1, " "1, " "1, " "1, " "1, " "1, " "1, " "1, " "1, " "1, " "1, " "1, " "1, " "1, " "1, " "1, " "1, " "1, " "1, " "1, " "1, " "1, " "1, " "1, " "1, " "1, " "1, " "1, " "1, " "1, " "1, " "1, " "1, " "1, " "1, " "1, " "1, " "1, " "1, " "1, " "1, " "1, " "1, " "1, " "1, " "1, " "1, " "1, " "1, " "1, " "1, " "1, " "1, " "1, " "1, " "1, " "1, " "1, " "1, " "1, " "1, " "1, " "1, " "1, " "1, " "1, " "1, " "1, " "1, " "1, " "1, " "1, " "1, " "1, " "1, " "1, " "1, " "1, " "1, " "1, " "1, " "1, " "1, " "1, " "1, " "1, " "1, " "1, " "1, " "1, " "1, " "1, " "1, " "1, " "1, " "1, " "1, " "1, " "1, " "1, " "1, " "1, " "1, " "1, " "1, " "1, " "1, " "1, " "1, " "1, " "1, " "1, " "1, " "1, " "1, " "1, " "1, " "1, " "1, " "1, " "1, " "1, " "1, " "1, " "1, " "1, " "1, " "1, " "1, " "1, " "1, " "1, " "1, " "1, " "1, " "1, " "1, " "1, " "1, " "1, " "1, " "1, " "1, " "1, " "1, " "1, " "1, " "1, " "1, " "1, " "1, " "1, " "1, " "1, " "1, " "1, " "1, " "1, " "1, " "1, " "1, " "1, " "1, " "1, " "1, " "1, " "1, " "1, " "1, " "1, " "1, " "1, " "1, " "1, " "1, " "1, " "1, " "1, " "1, " "1, " "1, " "1, " "1, " "1, " "1, " "1, " "1, " "1, " "1, " "1, " "1, " "1, " "1, " "1, " "1, " "1, " "1, " "1, " "1, " "1, " "1, " "1, " "1, " "1, " "1, " "1, " "1, " "1, " "1, " "1, " "1, " "1, " "1, " "1, " "1, " "1, " "1, " "1, " "1, " "1, " "1, " "1, " "1, " "1, " "1, " "1, " "1, " "1, " "1, " "1, " "1, " "1, " "1, " "1, " "1, " "1, " "1, " "1, " "1, " "1, " "1, " "1, " "1, " "1, " "1, " "1, " "1, " "1, " "1, " "1, " "1, " "1, " "1, " "1, " "1, " "1, " "1, " "1, " "1, " "1, " "1, " "1, " "1, " "1, " "1, " "1, " "1, " "1, " "1, " "1, " "1, " "1, " "1, " "1, " "1, " "1, " "1, " "1, " "1, " "1, " "1, " "1, " "1, " "1, " "1, " "1, " "1, " "1, " "1, " "1, " "1, " "1, " "1, " "1, " "1, " "1, " "1, " "1, " "1, " "1, " "1, " "1, " "1, " "1, " "1, " "1, " "1, " "1, " "1, " "1, " "1, " "1, " "1, " "1, " "1, " "1, " "1, " "1, " "1, " "1, " "1, " "1, " "1, " "1, " "1, " "1, " "1, " "1, " "1, " "1, " "1, " "1, " "1, " "1, " "1, " "1, " "1, " "1, " "1, " "1, " "1, " "1, " "1, " "1, " "1, " "1, " "1, " "1, " "1, " "1, " "1, " "1, " "1, " "1, " "1, " "1, " "1, " "1, " "1, " "1, " "1, " "1, " "1, " "1, " "1, " "1, " "1, " "1, " "1, " "1, "204
 "Nei133, 0.306, " "0.015, " "1, " "1, " "1, " "1, " "1, " "1, " "1, " "1, " "1, " "1, " "1, " "1, " "1, " "1, " "1, " "1, " "1, " "1, " "1, " "1, " "1, " "1, " "1, " "1, " "1, " "1, " "1, " "1, " "1, " "1, " "1, " "1, " "1, " "1, " "1, " "1, " "1, " "1, " "1, " "1, " "1, " "1, " "1, " "1, " "1, " "1, " "1, " "1, " "1, " "1, " "1, " "1, " "1, " "1, " "1, " "1, " "1, " "1, " "1, " "1, " "1, " "1, " "1, " "1, " "1, " "1, " "1, " "1, " "1, " "1, " "1, " "1, " "1, " "1, " "1, " "1, " "1, " "1, " "1, " "1, " "1, " "1, " "1, " "1, " "1, " "1, " "1, " "1, " "1, " "1, " "1, " "1, " "1, " "1, " "1, " "1, " "1, " "1, " "1, " "1, " "1, " "1, " "1, " "1, " "1, " "1, " "1, " "1, " "1, " "1, " "1, " "1, " "1, " "1, " "1, " "1, " "1, " "1, " "1, " "1, " "1, " "1, " "1, " "1, " "1, " "1, " "1, " "1, " "1, " "1, " "1, " "1, " "1, " "0, " "1, " "1, " "1, " "1, " "1, " "1, " "1, " "1, " "1, " "1, " "1, " "1, " "1, " "1, " "1, " "1, " "1, " "1, " "1, " "1, " "1, " "1, " "1, " "1, " "1, " "1, " "1, " "1, " "1, " "1, " "1, " "1, " "1, " "1, " "1, " "1, " "1, " "1, " "1, " "1, " "1, " "1, " "1, " "1, " "1, " "1, " "1, " "1, " "1, " "1, " "1, " "1, " "1, " "1, " "1, " "1, " "1, " "1, " "1, " "1, " "1, " "1, " "1, " "1, " "1, " "1, " "1, " "1, " "1, " "1, " "1, " "1, " "1, " "1, " "1, " "1, " "1, " "1, " "1, " "1, " "1, " "1, " "1, " "1, " "1, " "1, " "1, " "1, " "1, " "1, " "1, " "1, " "1, " "1, " "1, " "1, " "1, " "1, " "1, " "1, " "1, " "1, " "1, " "1, " "1, " "1, " "1, " "1, " "1, " "1, " "1, " "1, " "1, " "1, " "1, " "1, " "1, " "1, " "1, " "1, " "1, " "1, " "1, " "1, " "1, " "1, " "1, " "1, " "1, " "1, " "1, " "1, " "1, " "1, " "1, " "1, " "1, " "1, " "1, " "1, " "1, " "1, " "1, " "1, " "1, " "1, " "1, " "1, " "1, " "1, " "1, " "1, " "1, " "1, " "1, " "1, " "1, " "1, " "1, " "1, " "1, " "1, " "1, " "1, " "1, " "1, " "1, " "1, " "1, " "1, " "1, " "1, " "1, " "1, " "1, " "1, " "1, " "1, " "1, " "1, " "1, " "1, " "1, " "1, " "1, " "1, " "1, " "1, " "1, " "1, " "1, " "1, " "1, " "1, " "1, " "1, " "1, " "1, " "1, " "1, " "1, " "1, " "1, " "1, " "1, " "1, " "1, " "1, " "1, " "1, " "1, " "1, " "1, " "1, " "1, " "1, " "1, " "1, " "1, " "1, " "1, " "1, " "1, " "1, " "1, " "1, " "1, " "1, " "1, " "1, " "1, " "1, " "1, " "1, " "1, " "1, " "1, " "1, " "1, " "1, " "1, " "1, " "1, " "1, " "1, " "1, " "1, " "1, " "1, " "1, " "1, " "1, " "1, " "1, " "1, " "1, " "1, " "1, " "1, " "1, " "1, " "1, " "1, " "1, " "1, " "1, " "1, " "1, " "1, " "1, " "1, " "1, " "1, " "1, " "1, " "1, " "1, " "1, " "1, " "1, " "1, " "1, " "1, " "1, " "1, " "1, " "1, " "1, " "1, " "1, " "1, " "1, " "1, " "1, " "1, " "1, " "1, " "1, " "1, " "1, " "1, " "1, " "1, " "1, " "1, " "1, " "1, " "1, " "1, " "1, " "1, " "1, " "1, " "1, " "1, " "1, " "1, " "1, " "1, " "1, " "1, " "1, " "1, " "1, " "1, " "1, " "1, " "1, " "1, " "1, " "1, " "1, " "1, " "1, " "1, " "1, " "1, " "1, " "1, " "1, " "1, " "1, " "1, " "1, " "1, " "1, " "1, " "1, " "1, " "1, " "1, " "1, " "1, " "1, " "1, " "1, " "1, " "1, " "1, " "1, " "1, " "1, " "1, " "1, " "1, " "1, " "1, " "1, " "1, " "1, " "1, " "1, " "1, " "1, " "1, " "1, " "1, " "1, " "1, "204
 "Nei134, 0.132, " "0.015, " "1, " "1, " "1, " "1, " "1, " "1, " "1, " "1, " "1, " "1, " "1, " "1, " "1, " "1, " "1, " "1, " "1, " "1, " "1, " "1, " "1, " "1, " "1, " "1, " "1, " "1, " "1, " "1, " "1, " "1, " "1, " "1, " "1, " "1, " "1, " "1, " "1, " "1, " "1, " "1, " "1, " "1, " "1, " "1, " "1, " "1, " "1, " "1, " "1, " "1, " "1, " "1, " "1, " "1, " "1, " "1, " "1, " "1, " "1, " "1, " "1, " "1, " "1, " "1, " "1, " "1, " "1, " "1, " "1, " "1, " "1, " "1, " "1, " "1, " "1, " "1, " "1, " "1, " "1, " "1, " "1, " "1, " "1, " "1, " "1, " "1, " "1, " "1, " "1, " "1, " "1, " "1, " "1, " "1, " "1, " "1, " "1, " "1, " "1, " "1, " "1, " "1, " "1, " "1, " "1, " "1, " "1, " "1, " "1, " "1, " "1, " "1, " "1, " "1, " "1, " "1, " "1, " "1, " "1, " "1, " "1, " "1, " "1, " "1, " "1, " "1, " "1, " "1, " "1, " "1, " "1, " "1, " "1, " "1, " "0, " "1, " "1, " "1, " "1, " "1, " "1, " "1, " "1, " "1, " "1, " "1, " "1, " "1, " "1, " "1, " "1, " "1, " "1, " "1, " "1, " "1, " "1, " "1, " "1, " "1, " "1, " "1, " "1, " "1, " "1, " "1, " "1, " "1, " "1, " "1, " "1, " "1, " "1, " "1, " "1, " "1, " "1, " "1, " "1, " "1, " "1, " "1, " "1, " "1, " "1, " "1, " "1, " "1, " "1, " "1, " "1, " "1, " "1, " "1, " "1, " "1, " "1, " "1, " "1, " "1, " "1, " "1, " "1, " "1, " "1, " "1, " "1, " "1, " "1, " "1, " "1, " "1, " "1, " "1, " "1, " "1, " "1, " "1, " "1, " "1, " "1, " "1, " "1, " "1, " "1, " "1, " "1, " "1, " "1, " "1, " "1, " "1, " "1, " "1, " "1, " "1, " "1, " "1, " "1, " "1, " "1, " "1, " "1, " "1, " "1, " "1, " "1, " "1, " "1, " "1, " "1, " "1, " "1, " "1, " "1, " "1, " "1, " "1, " "1, " "1, " "1, " "1, " "1, " "1, " "1, " "1, " "1, " "1, " "1, " "1, " "1, " "1, " "1, " "1, " "1, " "1, " "1, " "1, " "1, " "1, " "1, " "1, " "1, " "1, " "1, " "1, " "1, " "1, " "1, " "1, " "1, " "1, " "1, " "1, " "1, " "1, " "1, " "1, " "1, " "1, " "1, " "1, " "1, " "1, " "1, " "1, " "1, " "1, " "1, " "1, " "1, " "1, " "1, " "1, " "1, " "1, " "1, " "1, " "1, " "1, " "1, " "1, " "1, " "1, " "1, " "1, " "1, " "1, " "1, " "1, " "1, " "1, " "1, " "1, " "1, " "1, " "1, " "1, " "1, " "1, " "1, " "1, " "1, " "1, " "1, " "1, " "1, " "1, " "1, " "1, " "1, " "1, " "1, " "1, " "1, " "1, " "1, " "1, " "1, " "1, " "1, " "1, " "1, " "1, " "1, " "1, " "1, " "1, " "1, " "1, " "1, " "1, " "1, " "1, " "1, " "1, " "1, " "1, " "1, " "1, " "1, " "1, " "1, " "1, " "1, " "1, " "1, " "1, " "1, " "1, " "1, " "1, " "1, " "1, " "1, " "1, " "1, " "1, " "1, " "1, " "1, " "1, " "1, " "1, " "1, " "1, " "1, " "1, " "1, " "1, " "1, " "1, " "1, " "1, " "1, " "1, " "1, " "1, " "1, " "1, " "1, " "1, " "1, " "1, " "1, " "1, " "1, " "1, " "1, " "1, " "1, " "1, " "1, " "1, " "1, " "1, " "1, " "1, " "1, " "1, " "1, " "1, " "1, " "1, " "1, " "1, " "1, " "1, " "1, " "1, " "1, " "1, " "1, " "1, " "1, " "1, " "1, " "1, " "1, " "1, " "1, " "1, " "1, " "1, " "1, " "1, " "1, " "1, " "1, " "1, " "1, " "1, " "1, " "1, " "1, " "1, " "1, " "1, " "1, " "1, " "1, " "1, " "1, " "1, " "1, " "1, " "1, " "1, " "1, " "1, " "1, " "1, " "1, " "1, " "1, " "1, " "1, " "1, " "1, " "1, " "1, " "1, " "1, " "1, " "1, " "1, " "1, " "1, " "1, " "1, " "1, " "1, " "1, "204
 "Nei135, 0.162, " "0.015, " "1, " "1, " "1, " "1, " "1, " "1, " "1, " "1, " "1, " "1, " "1, " "1, " "1, " "1, " "1, " "1, " "1, " "1, " "1, " "1, " "1, " "1, " "1, " "1, " "1, " "1, " "1, " "1, " "1, " "1, " "1, " "1, " "1, " "1, " "1, " "1, " "1, " "1, " "1, " "1, " "1, " "1, " "1, " "1, " "1, " "1, " "1, " "1, " "1, " "1, " "1, " "1, " "1, " "1, " "1, " "1, " "1, " "1, " "1, " "1, " "1, " "1, " "1, " "1, " "1, " "1, " "1, " "1, " "1, " "1, " "1, " "1, " "1, " "1, " "1, " "1, " "1, " "1, " "1, " "1, " "1, " "1, " "1, " "1, " "1, " "1, " "1, " "1, " "1, " "1, " "1, " "1, " "1, " "1, " "1, " "1, " "1, " "1, " "1, " "1, " "1, " "1, " "1, " "1, " "1, " "1, " "1, " "1, " "1, " "1, " "1, " "1, " "1, " "1, " "1, " "1, " "1, " "1, " "1, " "1, " "1, " "1, " "1, " "1, " "1, " "1, " "1, " "1, " "1, " "1, " "1, " "1, " "1, " "1, " "1, " "0, " "1, " "1, " "1, " "1, " "1, " "1, " "1, " "1, " "1, " "1, " "1, " "1, " "1, " "1, " "1, " "1, " "1, " "1, " "1, " "1, " "1, " "1, " "1, " "1, " "1, " "1, " "1, " "1, " "1, " "1, " "1, " "1, " "1, " "1, " "1, " "1, " "1, " "1, " "1, " "1, " "1, " "1, " "1, " "1, " "1, " "1, " "1, " "1, " "1, " "1, " "1, " "1, " "1, " "1, " "1, " "1, " "1, " "1, " "1, " "1, " "1, " "1, " "1, " "1, " "1, " "1, " "1, " "1, " "1, " "1, " "1, " "1, " "1, " "1, " "1, " "1, " "1, " "1, " "1, " "1, " "1, " "1, " "1, " "1, " "1, " "1, " "1, " "1, " "1, " "1, " "1, " "1, " "1, " "1, " "1, " "1, " "1, " "1, " "1, " "1, " "1, " "1, " "1, " "1, " "1, " "1, " "1, " "1, " "1, " "1, " "1, " "1, " "1, " "1, " "1, " "1, " "1, " "1, " "1, " "1, " "1, " "1, " "1, " "1, " "1, " "1, " "1, " "1, " "1, " "1, " "1, " "1, " "1, " "1, " "1, " "1, " "1, " "1, " "1, " "1, " "1, " "1, " "1, " "1, " "1, " "1, " "1, " "1, " "1, " "1, " "1, " "1, " "1, " "1, " "1, " "1, " "1, " "1, " "1, " "1, " "1, " "1, " "1, " "1, " "1, " "1, " "1, " "1, " "1, " "1, " "1, " "1, " "1, " "1, " "1, " "1, " "1, " "1, " "1, " "1, " "1, " "1, " "1, " "1, " "1, " "1, " "1, " "1, " "1, " "1, " "1, " "1, " "1, " "1, " "1, " "1, " "1, " "1, " "1, " "1, " "1, " "1, " "1, " "1, " "1, " "1, " "1, " "1, " "1, " "1, " "1, " "1, " "1, " "1, " "1, " "1, " "1, " "1, " "1, " "1, " "1, " "1, " "1, " "1, " "1, " "1, " "1, " "1, " "1, " "1, " "1, " "1, " "1, " "1, " "1, " "1, " "1, " "1, " "1, " "1, " "1, " "1, " "1, " "1, " "1, " "1, " "1, " "1, " "1, " "1, " "1, " "1, " "1, " "1, " "1, " "1, " "1, " "1, " "1, " "1, " "1, " "1, " "1, " "1, " "1, " "1, " "1, " "1, " "1, " "1, " "1, " "1, " "1, " "1, " "1, " "1, " "1, " "1, " "1, " "1, " "1, " "1, " "1, " "1, " "1, " "1, " "1, " "1, " "1, " "1, " "1, " "1, " "1, " "1, " "1, " "1, " "1, " "1, " "1, " "1, " "1, " "1, " "1, " "1, " "1, " "1, " "1, " "1, " "1, " "1, " "1, " "1, " "1, " "1, " "1, " "1, " "1, " "1, " "1, " "1, " "1, " "1, " "1, " "1, " "1, " "1, " "1, " "1, " "1, " "1, " "1, " "1, " "1, " "1, " "1, " "1, " "1, " "1, " "1, " "1, " "1, " "1, " "1, " "1, " "1, " "1, " "1, " "1, " "1, " "1, " "1, " "1, " "1, " "1, " "1, " "1, " "1, " "1, " "1, " "1, " "1, " "1, " "1, " "1, " "1, " "1, " "1, " "1, " "1, " "1, " "1, " "1, " "1, " "1, " "1, " "1, " "1, "204
 "Nei136, 0.353, " "0.015, " "1, " "1, " "1, " "1, " "1, " "1, " "1, " "1, " "1, " "1, " "1, " "1, " "1, " "1, " "1, " "1, " "1, " "1, " "1, " "1, " "1, " "1, " "1, " "1, " "1, " "1, " "1, " "1, " "1, " "1, " "1, " "1, " "1, " "1, " "1, " "1, " "1, " "1, " "1, " "1, " "1, " "1, " "1, " "1, " "1, " "1, " "1, " "1, " "1, " "1, " "1, " "1, " "1, " "1, " "1, " "1, " "1, " "1, " "1, " "1, " "1, " "1, " "1, " "1, " "1, " "1, " "1, " "1, " "1, " "1, " "1, " "1, " "1, " "1, " "1, " "1, " "1, " "1, " "1, " "1, " "1, " "1, " "1, " "1, " "1, " "1, " "1, " "1, " "1, " "1, " "1, " "1, " "1, " "1, " "1, " "1, " "1, " "1, " "1, " "1, " "1, " "1, " "1, " "1, " "1, " "1, " "1, " "1, " "1, " "1, " "1, " "1, " "1, " "1, " "1, " "1, " "1, " "1, " "1, " "1, " "1, " "1, " "1, " "1, " "1, " "1, " "1, " "1, " "1, " "1, " "1, " "1, " "1, " "1, " "1, " "1, " "0, " "1, " "1, " "1, " "1, " "1, " "1, " "1, " "1, " "1, " "1, " "1, " "1, " "1, " "1, " "1, " "1, " "1, " "1, " "1, " "1, " "1, " "1, " "1, " "1, " "1, " "1, " "1, " "1, " "1, " "1, " "1, " "1, " "1, " "1, " "1, " "1, " "1, " "1, " "1, " "1, " "1, " "1, " "1, " "1, " "1, " "1, " "1, " "1, " "1, " "1, " "1, " "1, " "1, " "1, " "1, " "1, " "1, " "1, " "1, " "1, " "1, " "1, " "1, " "1, " "1, " "1, " "1, " "1, " "1, " "1, " "1, " "1, " "1, " "1, " "1, " "1, " "1, " "1, " "1, " "1, " "1, " "1, " "1, " "1, " "1, " "1, " "1, " "1, " "1, " "1, " "1, " "1, " "1, " "1, " "1, " "1, " "1, " "1, " "1, " "1, " "1, " "1, " "1, " "1, " "1, " "1, " "1, " "1, " "1, " "1, " "1, " "1, " "1, " "1, " "1, " "1, " "1, " "1, " "1, " "1, " "1, " "1, " "1, " "1, " "1, " "1, " "1, " "1, " "1, " "1, " "1, " "1, " "1, " "1, " "1, " "1, " "1, " "1, " "1, " "1, " "1, " "1, " "1, " "1, " "1, " "1, " "1, " "1, " "1, " "1, " "1, " "1, " "1, " "1, " "1, " "1, " "1, " "1, " "1, " "1, " "1, " "1, " "1, " "1, " "1, " "1, " "1, " "1, " "1, " "1, " "1, " "1, " "1, " "1, " "1, " "1, " "1, " "1, " "1, " "1, " "1, " "1, " "1, " "1, " "1, " "1, " "1, " "1, " "1, " "1, " "1, " "1, " "1, " "1, " "1, " "1, " "1, " "1, " "1, " "1, " "1, " "1, " "1, " "1, " "1, " "1, " "1, " "1, " "1, " "1, " "1, " "1, " "1, " "1, " "1, " "1, " "1, " "1, " "1, " "1, " "1, " "1, " "1, " "1, " "1, " "1, " "1, " "1, " "1, " "1, " "1, " "1, " "1, " "1, " "1, " "1, " "1, " "1, " "1, " "1, " "1, " "1, " "1, " "1, " "1, " "1, " "1, " "1, " "1, " "1, " "1, " "1, " "1, " "1, " "1, " "1, " "1, " "1, " "1, " "1, " "1, " "1, " "1, " "1, " "1, " "1, " "1, " "1, " "1, " "1, " "1, " "1, " "1, " "1, " "1, " "1, " "1, " "1, " "1, " "1, " "1, " "1, " "1, " "1, " "1, " "1, " "1, " "1, " "1, " "1, " "1, " "1, " "1, " "1, " "1, " "1, " "1, " "1, " "1, " "1, " "1, " "1, " "1, " "1, " "1, " "1, " "1, " "1, " "1, " "1, " "1, " "1, " "1, " "1, " "1, " "1, " "1, " "1, " "1, " "1, " "1, " "1, " "1, " "1, " "1, " "1, " "1, " "1, " "1, " "1, " "1, " "1, " "1, " "1, " "1, " "1, " "1, " "1, " "1, " "1, " "1, " "1, " "1, " "1, " "1, " "1, " "1, " "1, " "1, " "1, " "1, " "1, " "1, " "1, " "1, " "1, " "1, " "1, " "1, " "1, " "1, " "1, " "1, " "1, " "1, " "1, " "1, " "1, " "1, " "1, " "1, " "1, " "1, " "1, " "1, " "1, "204
 "Nei137, 0.077, " "0.015, " "1, " "1, " "1, " "1, " "1, " "1, " "1, " "1, " "1, " "1, " "1, " "1, " "1, " "1, " "1, " "1, " "1, " "1, " "1, " "1, " "1, " "1, " "1, " "1, " "1, " "1, " "1, " "1, " "1, " "1, " "1, " "1, " "1, " "1, " "1, " "1, " "1, " "1, " "1, " "1, " "1, " "1, " "1, " "1, " "1, " "1, " "1, " "1, " "1, " "1, " "1, " "1, " "1, " "1, " "1, " "1, " "1, " "1, " "1, " "1, " "1, " "1, " "1, " "1, " "1, " "1, " "1, " "1, " "1, " "1, " "1, " "1, " "1, " "1, " "1, " "1, " "1, " "1, " "1, " "1, " "1, " "1, " "1, " "1, " "1, " "1, " "1, " "1, " "1, " "1, " "1, " "1, " "1, " "1, " "1, " "1, " "1, " "1, " "1, " "1, " "1, " "1, " "1, " "1, " "1, " "1, " "1, " "1, " "1, " "1, " "1, " "1, " "1, " "1, " "1, " "1, " "1, " "1, " "1, " "1, " "1, " "1, " "1, " "1, " "1, " "1, " "1, " "1, " "1, " "1, " "1, " "1, " "1, " "1, " "1, " "1, " "1, " "0, " "1, " "1, " "1, " "1, " "1, " "1, " "1, " "1, " "1, " "1, " "1, " "1, " "1, " "1, " "1, " "1, " "1, " "1, " "1, " "1, " "1, " "1, " "1, " "1, " "1, " "1, " "1, " "1, " "1, " "1, " "1, " "1, " "1, " "1, " "1, " "1, " "1, " "1, " "1, " "1, " "1, " "1, " "1, " "1, " "1, " "1, " "1, " "1, " "1, " "1, " "1, " "1, " "1, " "1, " "1, " "1, " "1, " "1, " "1, " "1, " "1, " "1, " "1, " "1, " "1, " "1, " "1, " "1, " "1, " "1, " "1, " "1, " "1, " "1, " "1, " "1, " "1, " "1, " "1, " "1, " "1, " "1, " "1, " "1, " "1, " "1, " "1, " "1, " "1, " "1, " "1, " "1, " "1, " "1, " "1, " "1, " "1, " "1, " "1, " "1, " "1, " "1, " "1, " "1, " "1, " "1, " "1, " "1, " "1, " "1, " "1, " "1, " "1, " "1, " "1, " "1, " "1, " "1, " "1, " "1, " "1, " "1, " "1, " "1, " "1, " "1, " "1, " "1, " "1, " "1, " "1, " "1, " "1, " "1, " "1, " "1, " "1, " "1, " "1, " "1, " "1, " "1, " "1, " "1, " "1, " "1, " "1, " "1, " "1, " "1, " "1, " "1, " "1, " "1, " "1, " "1, " "1, " "1, " "1, " "1, " "1, " "1, " "1, " "1, " "1, " "1, " "1, " "1, " "1, " "1, " "1, " "1, " "1, " "1, " "1, " "1, " "1, " "1, " "1, " "1, " "1, " "1, " "1, " "1, " "1, " "1, " "1, " "1, " "1, " "1, " "1, " "1, " "1, " "1, " "1, " "1, " "1, " "1, " "1, " "1, " "1, " "1, " "1, " "1, " "1, " "1, " "1, " "1, " "1, " "1, " "1, " "1, " "1, " "1, " "1, " "1, " "1, " "1, " "1, " "1, " "1, " "1, " "1, " "1, " "1, " "1, " "1, " "1, " "1, " "1, " "1, " "1, " "1, " "1, " "1, " "1, " "1, " "1, " "1, " "1, " "1, " "1, " "1, " "1, " "1, " "1, " "1, " "1, " "1, " "1, " "1, " "1, " "1, " "1, " "1, " "1, " "1, " "1, " "1, " "1, " "1, " "1, " "1, " "1, " "1, " "1, " "1, " "1, " "1, " "1, " "1, " "1, " "1, " "1, " "1, " "1, " "1, " "1, " "1, " "1, " "1, " "1, " "1, " "1, " "1, " "1, " "1, " "1, " "1, " "1, " "1, " "1, " "1, " "1, " "1, " "1, " "1, " "1, " "1, " "1, " "1, " "1, " "1, " "1, " "1, " "1, " "1, " "1, " "1, " "1, " "1, " "1, " "1, " "1, " "1, " "1, " "1, " "1, " "1, " "1, " "1, " "1, " "1, " "1, " "1, " "1, " "1, " "1, " "1, " "1, " "1, " "1, " "1, " "1, " "1, " "1, " "1, " "1, " "1, " "1, " "1, " "1, " "1, " "1, " "1, " "1, " "1, " "1, " "1, " "1, " "1, " "1, " "1, " "1, " "1, " "1, " "1, " "1, " "1, " "1, " "1, " "1, " "1, " "1, " "1, " "1, " "1, " "1, " "1, " "1, " "1, " "1, " "1, " "1, " "1, "204
 "Nei138, 0.308, " "0.015, " "1, " "1, " "1, " "1, " "1, " "1, " "1, " "1, " "1, " "1, " "1, " "1, " "1, " "1, " "1, " "1, " "1, " "1, " "1, " "1, " "1, " "1, " "1, " "1, " "1, " "1, " "1, " "1, " "1, " "1, " "1, " "1, " "1, " "1, " "1, " "1, " "1, " "1, " "1, " "1, " "1, " "1, " "1, " "1, " "1, " "1, " "1, " "1, " "1, " "1, " "1, " "1, " "1, " "1, " "1, " "1, " "1, " "1, " "1, " "1, " "1, " "1, " "1, " "1, " "1, " "1, " "1, " "1, " "1, " "1, " "1, " "1, " "1, " "1, " "1, " "1, " "1, " "1, " "1, " "1, " "1, " "1, " "1, " "1, " "1, " "1, " "1, " "1, " "1, " "1, " "1, " "1, " "1, " "1, " "1, " "1, " "1, " "1, " "1, " "1, " "1, " "1, " "1, " "1, " "1, " "1, " "1, " "1, " "1, " "1, " "1, " "1, " "1, " "1, " "1, " "1, " "1, " "1, " "1, " "1, " "1, " "1, " "1, " "1, " "1, " "1, " "1, " "1, " "1, " "1, " "1, " "1, " "1, " "1, " "1, " "1, " "1, " "1, " "0, " "1, " "1, " "1, " "1, " "1, " "1, " "1, " "1, " "1, " "1, " "1, " "1, " "1, " "1, " "1, " "1, " "1, " "1, " "1, " "1, " "1, " "1, " "1, " "1, " "1, " "1, " "1, " "1, " "1, " "1, " "1, " "1, " "1, " "1, " "1, " "1, " "1, " "1, " "1, " "1, " "1, " "1, " "1, " "1, " "1, " "1, " "1, " "1, " "1, " "1, " "1, " "1, " "1, " "1, " "1, " "1, " "1, " "1, " "1, " "1, " "1, " "1, " "1, " "1, " "1, " "1, " "1, " "1, " "1, " "1, " "1, " "1, " "1, " "1, " "1, " "1, " "1, " "1, " "1, " "1, " "1, " "1, " "1, " "1, " "1, " "1, " "1, " "1, " "1, " "1, " "1, " "1, " "1, " "1, " "1, " "1, " "1, " "1, " "1, " "1, " "1, " "1, " "1, " "1, " "1, " "1, " "1, " "1, " "1, " "1, " "1, " "1, " "1, " "1, " "1, " "1, " "1, " "1, " "1, " "1, " "1, " "1, " "1, " "1, " "1, " "1, " "1, " "1, " "1, " "1, " "1, " "1, " "1, " "1, " "1, " "1, " "1, " "1, " "1, " "1, " "1, " "1, " "1, " "1, " "1, " "1, " "1, " "1, " "1, " "1, " "1, " "1, " "1, " "1, " "1, " "1, " "1, " "1, " "1, " "1, " "1, " "1, " "1, " "1, " "1, " "1, " "1, " "1, " "1, " "1, " "1, " "1, " "1, " "1, " "1, " "1, " "1, " "1, " "1, " "1, " "1, " "1, " "1, " "1, " "1, " "1, " "1, " "1, " "1, " "1, " "1, " "1, " "1, " "1, " "1, " "1, " "1, " "1, " "1, " "1, " "1, " "1, " "1, " "1, " "1, " "1, " "1, " "1, " "1, " "1, " "1, " "1, " "1, " "1, " "1, " "1, " "1, " "1, " "1, " "1, " "1, " "1, " "1, " "1, " "1, " "1, " "1, " "1, " "1, " "1, " "1, " "1, " "1, " "1, " "1, " "1, " "1, " "1, " "1, " "1, " "1, " "1, " "1, " "1, " "1, " "1, " "1, " "1, " "1, " "1, " "1, " "1, " "1, " "1, " "1, " "1, " "1, " "1, " "1, " "1, " "1, " "1, " "1, " "1, " "1, " "1, " "1, " "1, " "1, " "1, " "1, " "1, " "1, " "1, " "1, " "1, " "1, " "1, " "1, " "1, " "1, " "1, " "1, " "1, " "1, " "1, " "1, " "1, " "1, " "1, " "1, " "1, " "1, " "1, " "1, " "1, " "1, " "1, " "1, " "1, " "1, " "1, " "1, " "1, " "1, " "1, " "1, " "1, " "1, " "1, " "1, " "1, " "1, " "1, " "1, " "1, " "1, " "1, " "1, " "1, " "1, " "1, " "1, " "1, " "1, " "1, " "1, " "1, " "1, " "1, " "1, " "1, " "1, " "1, " "1, " "1, " "1, " "1, " "1, " "1, " "1, " "1, " "1, " "1, " "1, " "1, " "1, " "1, " "1, " "1, " "1, " "1, " "1, " "1, " "1, " "1, " "1, " "1, " "1, " "1, " "1, " "1, " "1, " "1, " "1, " "1, " "1, " "1, " "1, " "1, " "1, " "1, " "1, " "1, "204
 "Nei139, 0.18, " "0.015, " "1, " "1, " "1, " "1, " "1, " "1, " "1, " "1, " "1, " "1, " "1, " "1, " "1, " "1, " "1, " "1, " "1, " "1, " "1, " "1, " "1, " "1, " "1, " "1, " "1, " "1, " "1, " "1, " "1, " "1, " "1, " "1, " "1, " "1, " "1, " "1, " "1, " "1, " "1, " "1, " "1, " "1, " "1, " "1, " "1, " "1, " "1, " "1, " "1, " "1, " "1, " "1, " "1, " "1, " "1, " "1, " "1, " "1, " "1, " "1, " "1, " "1, " "1, " "1, " "1, " "1, " "1, " "1, " "1, " "1, " "1, " "1, " "1, " "1, " "1, " "1, " "1, " "1, " "1, " "1, " "1, " "1, " "1, " "1, " "1, " "1, " "1, " "1, " "1, " "1, " "1, " "1, " "1, " "1, " "1, " "1, " "1, " "1, " "1, " "1, " "1, " "1, " "1, " "1, " "1, " "1, " "1, " "1, " "1, " "1, " "1, " "1, " "1, " "1, " "1, " "1, " "1, " "1, " "1, " "1, " "1, " "1, " "1, " "1, " "1, " "1, " "1, " "1, " "1, " "1, " "1, " "1, " "1, " "1, " "1, " "1, " "1, " "1, " "1, " "0, " "1, " "1, " "1, " "1, " "1, " "1, " "1, " "1, " "1, " "1, " "1, " "1, " "1, " "1, " "1, " "1, " "1, " "1, " "1, " "1, " "1, " "1, " "1, " "1, " "1, " "1, " "1, " "1, " "1, " "1, " "1, " "1, " "1, " "1, " "1, " "1, " "1, " "1, " "1, " "1, " "1, " "1, " "1, " "1, " "1, " "1, " "1, " "1, " "1, " "1, " "1, " "1, " "1, " "1, " "1, " "1, " "1, " "1, " "1, " "1, " "1, " "1, " "1, " "1, " "1, " "1, " "1, " "1, " "1, " "1, " "1, " "1, " "1, " "1, " "1, " "1, " "1, " "1, " "1, " "1, " "1, " "1, " "1, " "1, " "1, " "1, " "1, " "1, " "1, " "1, " "1, " "1, " "1, " "1, " "1, " "1, " "1, " "1, " "1, " "1, " "1, " "1, " "1, " "1, " "1, " "1, " "1, " "1, " "1, " "1, " "1, " "1, " "1, " "1, " "1, " "1, " "1, " "1, " "1, " "1, " "1, " "1, " "1, " "1, " "1, " "1, " "1, " "1, " "1, " "1, " "1, " "1, " "1, " "1, " "1, " "1, " "1, " "1, " "1, " "1, " "1, " "1, " "1, " "1, " "1, " "1, " "1, " "1, " "1, " "1, " "1, " "1, " "1, " "1, " "1, " "1, " "1, " "1, " "1, " "1, " "1, " "1, " "1, " "1, " "1, " "1, " "1, " "1, " "1, " "1, " "1, " "1, " "1, " "1, " "1, " "1, " "1, " "1, " "1, " "1, " "1, " "1, " "1, " "1, " "1, " "1, " "1, " "1, " "1, " "1, " "1, " "1, " "1, " "1, " "1, " "1, " "1, " "1, " "1, " "1, " "1, " "1, " "1, " "1, " "1, " "1, " "1, " "1, " "1, " "1, " "1, " "1, " "1, " "1, " "1, " "1, " "1, " "1, " "1, " "1, " "1, " "1, " "1, " "1, " "1, " "1, " "1, " "1, " "1, " "1, " "1, " "1, " "1, " "1, " "1, " "1, " "1, " "1, " "1, " "1, " "1, " "1, " "1, " "1, " "1, " "1, " "1, " "1, " "1, " "1, " "1, " "1, " "1, " "1, " "1, " "1, " "1, " "1, " "1, " "1, " "1, " "1, " "1, " "1, " "1, " "1, " "1, " "1, " "1, " "1, " "1, " "1, " "1, " "1, " "1, " "1, " "1, " "1, " "1, " "1, " "1, " "1, " "1, " "1, " "1, " "1, " "1, " "1, " "1, " "1, " "1, " "1, " "1, " "1, " "1, " "1, " "1, " "1, " "1, " "1, " "1, " "1, " "1, " "1, " "1, " "1, " "1, " "1, " "1, " "1, " "1, " "1, " "1, " "1, " "1, " "1, " "1, " "1, " "1, " "1, " "1, " "1, " "1, " "1, " "1, " "1, " "1, " "1, " "1, " "1, " "1, " "1, " "1, " "1, " "1, " "1, " "1, " "1, " "1, " "1, " "1, " "1, " "1, " "1, " "1, " "1, " "1, " "1, " "1, " "1, " "1, " "1, " "1, " "1, " "1, " "1, " "1, " "1, " "1, " "1, " "1, " "1, " "1, " "1, " "1, " "1, " "1, " "1, " "1, " "1, " "1, " "1, " "1, "204
 "Nei140, 0.271, " "0.015, " "1, " "1, " "1, " "1, " "1, " "1, " "1, " "1, " "1, " "1, " "1, " "1, " "1, " "1, " "1, " "1, " "1, " "1, " "1, " "1, " "1, " "1, " "1, " "1, " "1, " "1, " "1, " "1, " "1, " "1, " "1, " "1, " "1, " "1, " "1, " "1, " "1, " "1, " "1, " "1, " "1, " "1, " "1, " "1, " "1, " "1, " "1, " "1, " "1, " "1, " "1, " "1, " "1, " "1, " "1, " "1, " "1, " "1, " "1, " "1, " "1, " "1, " "1, " "1, " "1, " "1, " "1, " "1, " "1, " "1, " "1, " "1, " "1, " "1, " "1, " "1, " "1, " "1, " "1, " "1, " "1, " "1, " "1, " "1, " "1, " "1, " "1, " "1, " "1, " "1, " "1, " "1, " "1, " "1, " "1, " "1, " "1, " "1, " "1, " "1, " "1, " "1, " "1, " "1, " "1, " "1, " "1, " "1, " "1, " "1, " "1, " "1, " "1, " "1, " "1, " "1, " "1, " "1, " "1, " "1, " "1, " "1, " "1, " "1, " "1, " "1, " "1, " "1, " "1, " "1, " "1, " "1, " "1, " "1, " "1, " "1, " "1, " "1, " "1, " "1, " "0, " "1, " "1, " "1, " "1, " "1, " "1, " "1, " "1, " "1, " "1, " "1, " "1, " "1, " "1, " "1, " "1, " "1, " "1, " "1, " "1, " "1, " "1, " "1, " "1, " "1, " "1, " "1, " "1, " "1, " "1, " "1, " "1, " "1, " "1, " "1, " "1, " "1, " "1, " "1, " "1, " "1, " "1, " "1, " "1, " "1, " "1, " "1, " "1, " "1, " "1, " "1, " "1, " "1, " "1, " "1, " "1, " "1, " "1, " "1, " "1, " "1, " "1, " "1, " "1, " "1, " "1, " "1, " "1, " "1, " "1, " "1, " "1, " "1, " "1, " "1, " "1, " "1, " "1, " "1, " "1, " "1, " "1, " "1, " "1, " "1, " "1, " "1, " "1, " "1, " "1, " "1, " "1, " "1, " "1, " "1, " "1, " "1, " "1, " "1, " "1, " "1, " "1, " "1, " "1, " "1, " "1, " "1, " "1, " "1, " "1, " "1, " "1, " "1, " "1, " "1, " "1, " "1, " "1, " "1, " "1, " "1, " "1, " "1, " "1, " "1, " "1, " "1, " "1, " "1, " "1, " "1, " "1, " "1, " "1, " "1, " "1, " "1, " "1, " "1, " "1, " "1, " "1, " "1, " "1, " "1, " "1, " "1, " "1, " "1, " "1, " "1, " "1, " "1, " "1, " "1, " "1, " "1, " "1, " "1, " "1, " "1, " "1, " "1, " "1, " "1, " "1, " "1, " "1, " "1, " "1, " "1, " "1, " "1, " "1, " "1, " "1, " "1, " "1, " "1, " "1, " "1, " "1, " "1, " "1, " "1, " "1, " "1, " "1, " "1, " "1, " "1, " "1, " "1, " "1, " "1, " "1, " "1, " "1, " "1, " "1, " "1, " "1, " "1, " "1, " "1, " "1, " "1, " "1, " "1, " "1, " "1, " "1, " "1, " "1, " "1, " "1, " "1, " "1, " "1, " "1, " "1, " "1, " "1, " "1, " "1, " "1, " "1, " "1, " "1, " "1, " "1, " "1, " "1, " "1, " "1, " "1, " "1, " "1, " "1, " "1, " "1, " "1, " "1, " "1, " "1, " "1, " "1, " "1, " "1, " "1, " "1, " "1, " "1, " "1, " "1, " "1, " "1, " "1, " "1, " "1, " "1, " "1, " "1, " "1, " "1, " "1, " "1, " "1, " "1, " "1, " "1, " "1, " "1, " "1, " "1, " "1, " "1, " "1, " "1, " "1, " "1, " "1, " "1, " "1, " "1, " "1, " "1, " "1, " "1, " "1, " "1, " "1, " "1, " "1, " "1, " "1, " "1, " "1, " "1, " "1, " "1, " "1, " "1, " "1, " "1, " "1, " "1, " "1, " "1, " "1, " "1, " "1, " "1, " "1, " "1, " "1, " "1, " "1, " "1, " "1, " "1, " "1, " "1, " "1, " "1, " "1, " "1, " "1, " "1, " "1, " "1, " "1, " "1, " "1, " "1, " "1, " "1, " "1, " "1, " "1, " "1, " "1, " "1, " "1, " "1, " "1, " "1, " "1, " "1, " "1, " "1, " "1, " "1, " "1, " "1, " "1, " "1, " "1, " "1, " "1, " "1, " "1, " "1, " "1, " "1, " "1, " "1, " "1, " "1, " "1, " "1, " "1, "204
 "Nei141, 0.283, " "0.015, " "1, " "1, " "1, " "1, " "1, " "1, " "1, " "1, " "1, " "1, " "1, " "1, " "1, " "1, " "1, " "1, " "1, " "1, " "1, " "1, " "1, " "1, " "1, " "1, " "1, " "1, " "1, " "1, " "1, " "1, " "1, " "1, " "1, " "1, " "1, " "1, " "1, " "1, " "1, " "1, " "1, " "1, " "1, " "1, " "1, " "1, " "1, " "1, " "1, " "1, " "1, " "1, " "1, " "1, " "1, " "1, " "1, " "1, " "1, " "1, " "1, " "1, " "1, " "1, " "1, " "1, " "1, " "1, " "1, " "1, " "1, " "1, " "1, " "1, " "1, " "1, " "1, " "1, " "1, " "1, " "1, " "1, " "1, " "1, " "1, " "1, " "1, " "1, " "1, " "1, " "1, " "1, " "1, " "1, " "1, " "1, " "1, " "1, " "1, " "1, " "1, " "1, " "1, " "1, " "1, " "1, " "1, " "1, " "1, " "1, " "1, " "1, " "1, " "1, " "1, " "1, " "1, " "1, " "1, " "1, " "1, " "1, " "1, " "1, " "1, " "1, " "1, " "1, " "1, " "1, " "1, " "1, " "1, " "1, " "1, " "1, " "1, " "1, " "1, " "1, " "1, " "0, " "1, " "1, " "1, " "1, " "1, " "1, " "1, " "1, " "1, " "1, " "1, " "1, " "1, " "1, " "1, " "1, " "1, " "1, " "1, " "1, " "1, " "1, " "1, " "1, " "1, " "1, " "1, " "1, " "1, " "1, " "1, " "1, " "1, " "1, " "1, " "1, " "1, " "1, " "1, " "1, " "1, " "1, " "1, " "1, " "1, " "1, " "1, " "1, " "1, " "1, " "1, " "1, " "1, " "1, " "1, " "1, " "1, " "1, " "1, " "1, " "1, " "1, " "1, " "1, " "1, " "1, " "1, " "1, " "1, " "1, " "1, " "1, " "1, " "1, " "1, " "1, " "1, " "1, " "1, " "1, " "1, " "1, " "1, " "1, " "1, " "1, " "1, " "1, " "1, " "1, " "1, " "1, " "1, " "1, " "1, " "1, " "1, " "1, " "1, " "1, " "1, " "1, " "1, " "1, " "1, " "1, " "1, " "1, " "1, " "1, " "1, " "1, " "1, " "1, " "1, " "1, " "1, " "1, " "1, " "1, " "1, " "1, " "1, " "1, " "1, " "1, " "1, " "1, " "1, " "1, " "1, " "1, " "1, " "1, " "1, " "1, " "1, " "1, " "1, " "1, " "1, " "1, " "1, " "1, " "1, " "1, " "1, " "1, " "1, " "1, " "1, " "1, " "1, " "1, " "1, " "1, " "1, " "1, " "1, " "1, " "1, " "1, " "1, " "1, " "1, " "1, " "1, " "1, " "1, " "1, " "1, " "1, " "1, " "1, " "1, " "1, " "1, " "1, " "1, " "1, " "1, " "1, " "1, " "1, " "1, " "1, " "1, " "1, " "1, " "1, " "1, " "1, " "1, " "1, " "1, " "1, " "1, " "1, " "1, " "1, " "1, " "1, " "1, " "1, " "1, " "1, " "1, " "1, " "1, " "1, " "1, " "1, " "1, " "1, " "1, " "1, " "1, " "1, " "1, " "1, " "1, " "1, " "1, " "1, " "1, " "1, " "1, " "1, " "1, " "1, " "1, " "1, " "1, " "1, " "1, " "1, " "1, " "1, " "1, " "1, " "1, " "1, " "1, " "1, " "1, " "1, " "1, " "1, " "1, " "1, " "1, " "1, " "1, " "1, " "1, " "1, " "1, " "1, " "1, " "1, " "1, " "1, " "1, " "1, " "1, " "1, " "1, " "1, " "1, " "1, " "1, " "1, " "1, " "1, " "1, " "1, " "1, " "1, " "1, " "1, " "1, " "1, " "1, " "1, " "1, " "1, " "1, " "1, " "1, " "1, " "1, " "1, " "1, " "1, " "1, " "1, " "1, " "1, " "1, " "1, " "1, " "1, " "1, " "1, " "1, " "1, " "1, " "1, " "1, " "1, " "1, " "1, " "1, " "1, " "1, " "1, " "1, " "1, " "1, " "1, " "1, " "1, " "1, " "1, " "1, " "1, " "1, " "1, " "1, " "1, " "1, " "1, " "1, " "1, " "1, " "1, " "1, " "1, " "1, " "1, " "1, " "1, " "1, " "1, " "1, " "1, " "1, " "1, " "1, " "1, " "1, " "1, " "1, " "1, " "1, " "1, " "1, " "1, " "1, " "1, " "1, " "1, " "1, " "1, " "1, " "1, " "1, " "1, " "1, " "1, " "1, "204
 "Nei142, 0.009, " "0.015, " "1, " "1, " "1, " "1, " "1, " "1, " "1, " "1, " "1, " "1, " "1, " "1, " "1, " "1, " "1, " "1, " "1, " "1, " "1, " "1, " "1, " "1, " "1, " "1, " "1, " "1, " "1, " "1, " "1, " "1, " "1, " "1, " "1, " "1, " "1, " "1, " "1, " "1, " "1, " "1, " "1, " "1, " "1, " "1, " "1, " "1, " "1, " "1, " "1, " "1, " "1, " "1, " "1, " "1, " "1, " "1, " "1, " "1, " "1, " "1, " "1, " "1, " "1, " "1, " "1, " "1, " "1, " "1, " "1, " "1, " "1, " "1, " "1, " "1, " "1, " "1, " "1, " "1, " "1, " "1, " "1, " "1, " "1, " "1, " "1, " "1, " "1, " "1, " "1, " "1, " "1, " "1, " "1, " "1, " "1, " "1, " "1, " "1, " "1, " "1, " "1, " "1, " "1, " "1, " "1, " "1, " "1, " "1, " "1, " "1, " "1, " "1, " "1, " "1, " "1, " "1, " "1, " "1, " "1, " "1, " "1, " "1, " "1, " "1, " "1, " "1, " "1, " "1, " "1, " "1, " "1, " "1, " "1, " "1, " "1, " "1, " "1, " "1, " "1, " "1, " "1, " "1, " "0, " "1, " "1, " "1, " "1, " "1, " "1, " "1, " "1, " "1, " "1, " "1, " "1, " "1, " "1, " "1, " "1, " "1, " "1, " "1, " "1, " "1, " "1, " "1, " "1, " "1, " "1, " "1, " "1, " "1, " "1, " "1, " "1, " "1, " "1, " "1, " "1, " "1, " "1, " "1, " "1, " "1, " "1, " "1, " "1, " "1, " "1, " "1, " "1, " "1, " "1, " "1, " "1, " "1, " "1, " "1, " "1, " "1, " "1, " "1, " "1, " "1, " "1, " "1, " "1, " "1, " "1, " "1, " "1, " "1, " "1, " "1, " "1, " "1, " "1, " "1, " "1, " "1, " "1, " "1, " "1, " "1, " "1, " "1, " "1, " "1, " "1, " "1, " "1, " "1, " "1, " "1, " "1, " "1, " "1, " "1, " "1, " "1, " "1, " "1, " "1, " "1, " "1, " "1, " "1, " "1, " "1, " "1, " "1, " "1, " "1, " "1, " "1, " "1, " "1, " "1, " "1, " "1, " "1, " "1, " "1, " "1, " "1, " "1, " "1, " "1, " "1, " "1, " "1, " "1, " "1, " "1, " "1, " "1, " "1, " "1, " "1, " "1, " "1, " "1, " "1, " "1, " "1, " "1, " "1, " "1, " "1, " "1, " "1, " "1, " "1, " "1, " "1, " "1, " "1, " "1, " "1, " "1, " "1, " "1, " "1, " "1, " "1, " "1, " "1, " "1, " "1, " "1, " "1, " "1, " "1, " "1, " "1, " "1, " "1, " "1, " "1, " "1, " "1, " "1, " "1, " "1, " "1, " "1, " "1, " "1, " "1, " "1, " "1, " "1, " "1, " "1, " "1, " "1, " "1, " "1, " "1, " "1, " "1, " "1, " "1, " "1, " "1, " "1, " "1, " "1, " "1, " "1, " "1, " "1, " "1, " "1, " "1, " "1, " "1, " "1, " "1, " "1, " "1, " "1, " "1, " "1, " "1, " "1, " "1, " "1, " "1, " "1, " "1, " "1, " "1, " "1, " "1, " "1, " "1, " "1, " "1, " "1, " "1, " "1, " "1, " "1, " "1, " "1, " "1, " "1, " "1, " "1, " "1, " "1, " "1, " "1, " "1, " "1, " "1, " "1, " "1, " "1, " "1, " "1, " "1, " "1, " "1, " "1, " "1, " "1, " "1, " "1, " "1, " "1, " "1, " "1, " "1, " "1, " "1, " "1, " "1, " "1, " "1, " "1, " "1, " "1, " "1, " "1, " "1, " "1, " "1, " "1, " "1, " "1, " "1, " "1, " "1, " "1, " "1, " "1, " "1, " "1, " "1, " "1, " "1, " "1, " "1, " "1, " "1, " "1, " "1, " "1, " "1, " "1, " "1, " "1, " "1, " "1, " "1, " "1, " "1, " "1, " "1, " "1, " "1, " "1, " "1, " "1, " "1, " "1, " "1, " "1, " "1, " "1, " "1, " "1, " "1, " "1, " "1, " "1, " "1, " "1, " "1, " "1, " "1, " "1, " "1, " "1, " "1, " "1, " "1, " "1, " "1, " "1, " "1, " "1, " "1, " "1, " "1, " "1, " "1, " "1, " "1, " "1, " "1, " "1, " "1, " "1, " "1, " "1, " "1, " "1, " "1, " "1, " "1, "204
 "Nei143, 0.097, " "0.015, " "1, " "1, " "1, " "1, " "1, " "1, " "1, " "1, " "1, " "1, " "1, " "1, " "1, " "1, " "1, " "1, " "1, " "1, " "1, " "1, " "1, " "1, " "1, " "1, " "1, " "1, " "1, " "1, " "1, " "1, " "1, " "1, " "1, " "1, " "1, " "1, " "1, " "1, " "1, " "1, " "1, " "1, " "1, " "1, " "1, " "1, " "1, " "1, " "1, " "1, " "1, " "1, " "1, " "1, " "1, " "1, " "1, " "1, " "1, " "1, " "1, " "1, " "1, " "1, " "1, " "1, " "1, " "1, " "1, " "1, " "1, " "1, " "1, " "1, " "1, " "1, " "1, " "1, " "1, " "1, " "1, " "1, " "1, " "1, " "1, " "1, " "1, " "1, " "1, " "1, " "1, " "1, " "1, " "1, " "1, " "1, " "1, " "1, " "1, " "1, " "1, " "1, " "1, " "1, " "1, " "1, " "1, " "1, " "1, " "1, " "1, " "1, " "1, " "1, " "1, " "1, " "1, " "1, " "1, " "1, " "1, " "1, " "1, " "1, " "1, " "1, " "1, " "1, " "1, " "1, " "1, " "1, " "1, " "1, " "1, " "1, " "1, " "1, " "1, " "1, " "1, " "1, " "1, " "0, " "1, " "1, " "1, " "1, " "1, " "1, " "1, " "1, " "1, " "1, " "1, " "1, " "1, " "1, " "1, " "1, " "1, " "1, " "1, " "1, " "1, " "1, " "1, " "1, " "1, " "1, " "1, " "1, " "1, " "1, " "1, " "1, " "1, " "1, " "1, " "1, " "1, " "1, " "1, " "1, " "1, " "1, " "1, " "1, " "1, " "1, " "1, " "1, " "1, " "1, " "1, " "1, " "1, " "1, " "1, " "1, " "1, " "1, " "1, " "1, " "1, " "1, " "1, " "1, " "1, " "1, " "1, " "1, " "1, " "1, " "1, " "1, " "1, " "1, " "1, " "1, " "1, " "1, " "1, " "1, " "1, " "1, " "1, " "1, " "1, " "1, " "1, " "1, " "1, " "1, " "1, " "1, " "1, " "1, " "1, " "1, " "1, " "1, " "1, " "1, " "1, " "1, " "1, " "1, " "1, " "1, " "1, " "1, " "1, " "1, " "1, " "1, " "1, " "1, " "1, " "1, " "1, " "1, " "1, " "1, " "1, " "1, " "1, " "1, " "1, " "1, " "1, " "1, " "1, " "1, " "1, " "1, " "1, " "1, " "1, " "1, " "1, " "1, " "1, " "1, " "1, " "1, " "1, " "1, " "1, " "1, " "1, " "1, " "1, " "1, " "1, " "1, " "1, " "1, " "1, " "1, " "1, " "1, " "1, " "1, " "1, " "1, " "1, " "1, " "1, " "1, " "1, " "1, " "1, " "1, " "1, " "1, " "1, " "1, " "1, " "1, " "1, " "1, " "1, " "1, " "1, " "1, " "1, " "1, " "1, " "1, " "1, " "1, " "1, " "1, " "1, " "1, " "1, " "1, " "1, " "1, " "1, " "1, " "1, " "1, " "1, " "1, " "1, " "1, " "1, " "1, " "1, " "1, " "1, " "1, " "1, " "1, " "1, " "1, " "1, " "1, " "1, " "1, " "1, " "1, " "1, " "1, " "1, " "1, " "1, " "1, " "1, " "1, " "1, " "1, " "1, " "1, " "1, " "1, " "1, " "1, " "1, " "1, " "1, " "1, " "1, " "1, " "1, " "1, " "1, " "1, " "1, " "1, " "1, " "1, " "1, " "1, " "1, " "1, " "1, " "1, " "1, " "1, " "1, " "1, " "1, " "1, " "1, " "1, " "1, " "1, " "1, " "1, " "1, " "1, " "1, " "1, " "1, " "1, " "1, " "1, " "1, " "1, " "1, " "1, " "1, " "1, " "1, " "1, " "1, " "1, " "1, " "1, " "1, " "1, " "1, " "1, " "1, " "1, " "1, " "1, " "1, " "1, " "1, " "1, " "1, " "1, " "1, " "1, " "1, " "1, " "1, " "1, " "1, " "1, " "1, " "1, " "1, " "1, " "1, " "1, " "1, " "1, " "1, " "1, " "1, " "1, " "1, " "1, " "1, " "1, " "1, " "1, " "1, " "1, " "1, " "1, " "1, " "1, " "1, " "1, " "1, " "1, " "1, " "1, " "1, " "1, " "1, " "1, " "1, " "1, " "1, " "1, " "1, " "1, " "1, " "1, " "1, " "1, " "1, " "1, " "1, " "1, " "1, " "1, " "1, " "1, " "1, " "1, " "1, " "1, " "1, " "1, " "1, "204
 "Nei144, 0.294, " "0.015, " "1, " "1, " "1, " "1, " "1, " "1, " "1, " "1, " "1, " "1, " "1, " "1, " "1, " "1, " "1, " "1, " "1, " "1, " "1, " "1, " "1, " "1, " "1, " "1, " "1, " "1, " "1, " "1, " "1, " "1, " "1, " "1, " "1, " "1, " "1, " "1, " "1, " "1, " "1, " "1, " "1, " "1, " "1, " "1, " "1, " "1, " "1, " "1, " "1, " "1, " "1, " "1, " "1, " "1, " "1, " "1, " "1, " "1, " "1, " "1, " "1, " "1, " "1, " "1, " "1, " "1, " "1, " "1, " "1, " "1, " "1, " "1, " "1, " "1, " "1, " "1, " "1, " "1, " "1, " "1, " "1, " "1, " "1, " "1, " "1, " "1, " "1, " "1, " "1, " "1, " "1, " "1, " "1, " "1, " "1, " "1, " "1, " "1, " "1, " "1, " "1, " "1, " "1, " "1, " "1, " "1, " "1, " "1, " "1, " "1, " "1, " "1, " "1, " "1, " "1, " "1, " "1, " "1, " "1, " "1, " "1, " "1, " "1, " "1, " "1, " "1, " "1, " "1, " "1, " "1, " "1, " "1, " "1, " "1, " "1, " "1, " "1, " "1, " "1, " "1, " "1, " "1, " "1, " "1, " "0, " "1, " "1, " "1, " "1, " "1, " "1, " "1, " "1, " "1, " "1, " "1, " "1, " "1, " "1, " "1, " "1, " "1, " "1, " "1, " "1, " "1, " "1, " "1, " "1, " "1, " "1, " "1, " "1, " "1, " "1, " "1, " "1, " "1, " "1, " "1, " "1, " "1, " "1, " "1, " "1, " "1, " "1, " "1, " "1, " "1, " "1, " "1, " "1, " "1, " "1, " "1, " "1, " "1, " "1, " "1, " "1, " "1, " "1, " "1, " "1, " "1, " "1, " "1, " "1, " "1, " "1, " "1, " "1, " "1, " "1, " "1, " "1, " "1, " "1, " "1, " "1, " "1, " "1, " "1, " "1, " "1, " "1, " "1, " "1, " "1, " "1, " "1, " "1, " "1, " "1, " "1, " "1, " "1, " "1, " "1, " "1, " "1, " "1, " "1, " "1, " "1, " "1, " "1, " "1, " "1, " "1, " "1, " "1, " "1, " "1, " "1, " "1, " "1, " "1, " "1, " "1, " "1, " "1, " "1, " "1, " "1, " "1, " "1, " "1, " "1, " "1, " "1, " "1, " "1, " "1, " "1, " "1, " "1, " "1, " "1, " "1, " "1, " "1, " "1, " "1, " "1, " "1, " "1, " "1, " "1, " "1, " "1, " "1, " "1, " "1, " "1, " "1, " "1, " "1, " "1, " "1, " "1, " "1, " "1, " "1, " "1, " "1, " "1, " "1, " "1, " "1, " "1, " "1, " "1, " "1, " "1, " "1, " "1, " "1, " "1, " "1, " "1, " "1, " "1, " "1, " "1, " "1, " "1, " "1, " "1, " "1, " "1, " "1, " "1, " "1, " "1, " "1, " "1, " "1, " "1, " "1, " "1, " "1, " "1, " "1, " "1, " "1, " "1, " "1, " "1, " "1, " "1, " "1, " "1, " "1, " "1, " "1, " "1, " "1, " "1, " "1, " "1, " "1, " "1, " "1, " "1, " "1, " "1, " "1, " "1, " "1, " "1, " "1, " "1, " "1, " "1, " "1, " "1, " "1, " "1, " "1, " "1, " "1, " "1, " "1, " "1, " "1, " "1, " "1, " "1, " "1, " "1, " "1, " "1, " "1, " "1, " "1, " "1, " "1, " "1, " "1, " "1, " "1, " "1, " "1, " "1, " "1, " "1, " "1, " "1, " "1, " "1, " "1, " "1, " "1, " "1, " "1, " "1, " "1, " "1, " "1, " "1, " "1, " "1, " "1, " "1, " "1, " "1, " "1, " "1, " "1, " "1, " "1, " "1, " "1, " "1, " "1, " "1, " "1, " "1, " "1, " "1, " "1, " "1, " "1, " "1, " "1, " "1, " "1, " "1, " "1, " "1, " "1, " "1, " "1, " "1, " "1, " "1, " "1, " "1, " "1, " "1, " "1, " "1, " "1, " "1, " "1, " "1, " "1, " "1, " "1, " "1, " "1, " "1, " "1, " "1, " "1, " "1, " "1, " "1, " "1, " "1, " "1, " "1, " "1, " "1, " "1, " "1, " "1, " "1, " "1, " "1, " "1, " "1, " "1, " "1, " "1, " "1, " "1, " "1, " "1, " "1, " "1, " "1, " "1, " "1, " "1, " "1, " "1, " "1, " "1, " "1, " "1, "204
 "Nei145, 0.383, " "0.015, " "1, " "1, " "1, " "1, " "1, " "1, " "1, " "1, " "1, " "1, " "1, " "1, " "1, " "1, " "1, " "1, " "1, " "1, " "1, " "1, " "1, " "1, " "1, " "1, " "1, " "1, " "1, " "1, " "1, " "1, " "1, " "1, " "1, " "1, " "1, " "1, " "1, " "1, " "1, " "1, " "1, " "1, " "1, " "1, " "1, " "1, " "1, " "1, " "1, " "1, " "1, " "1, " "1, " "1, " "1, " "1, " "1, " "1, " "1, " "1, " "1, " "1, " "1, " "1, " "1, " "1, " "1, " "1, " "1, " "1, " "1, " "1, " "1, " "1, " "1, " "1, " "1, " "1, " "1, " "1, " "1, " "1, " "1, " "1, " "1, " "1, " "1, " "1, " "1, " "1, " "1, " "1, " "1, " "1, " "1, " "1, " "1, " "1, " "1, " "1, " "1, " "1, " "1, " "1, " "1, " "1, " "1, " "1, " "1, " "1, " "1, " "1, " "1, " "1, " "1, " "1, " "1, " "1, " "1, " "1, " "1, " "1, " "1, " "1, " "1, " "1, " "1, " "1, " "1, " "1, " "1, " "1, " "1, " "1, " "1, " "1, " "1, " "1, " "1, " "1, " "1, " "1, " "1, " "1, " "1, " "0, " "1, " "1, " "1, " "1, " "1, " "1, " "1, " "1, " "1, " "1, " "1, " "1, " "1, " "1, " "1, " "1, " "1, " "1, " "1, " "1, " "1, " "1, " "1, " "1, " "1, " "1, " "1, " "1, " "1, " "1, " "1, " "1, " "1, " "1, " "1, " "1, " "1, " "1, " "1, " "1, " "1, " "1, " "1, " "1, " "1, " "1, " "1, " "1, " "1, " "1, " "1, " "1, " "1, " "1, " "1, " "1, " "1, " "1, " "1, " "1, " "1, " "1, " "1, " "1, " "1, " "1, " "1, " "1, " "1, " "1, " "1, " "1, " "1, " "1, " "1, " "1, " "1, " "1, " "1, " "1, " "1, " "1, " "1, " "1, " "1, " "1, " "1, " "1, " "1, " "1, " "1, " "1, " "1, " "1, " "1, " "1, " "1, " "1, " "1, " "1, " "1, " "1, " "1, " "1, " "1, " "1, " "1, " "1, " "1, " "1, " "1, " "1, " "1, " "1, " "1, " "1, " "1, " "1, " "1, " "1, " "1, " "1, " "1, " "1, " "1, " "1, " "1, " "1, " "1, " "1, " "1, " "1, " "1, " "1, " "1, " "1, " "1, " "1, " "1, " "1, " "1, " "1, " "1, " "1, " "1, " "1, " "1, " "1, " "1, " "1, " "1, " "1, " "1, " "1, " "1, " "1, " "1, " "1, " "1, " "1, " "1, " "1, " "1, " "1, " "1, " "1, " "1, " "1, " "1, " "1, " "1, " "1, " "1, " "1, " "1, " "1, " "1, " "1, " "1, " "1, " "1, " "1, " "1, " "1, " "1, " "1, " "1, " "1, " "1, " "1, " "1, " "1, " "1, " "1, " "1, " "1, " "1, " "1, " "1, " "1, " "1, " "1, " "1, " "1, " "1, " "1, " "1, " "1, " "1, " "1, " "1, " "1, " "1, " "1, " "1, " "1, " "1, " "1, " "1, " "1, " "1, " "1, " "1, " "1, " "1, " "1, " "1, " "1, " "1, " "1, " "1, " "1, " "1, " "1, " "1, " "1, " "1, " "1, " "1, " "1, " "1, " "1, " "1, " "1, " "1, " "1, " "1, " "1, " "1, " "1, " "1, " "1, " "1, " "1, " "1, " "1, " "1, " "1, " "1, " "1, " "1, " "1, " "1, " "1, " "1, " "1, " "1, " "1, " "1, " "1, " "1, " "1, " "1, " "1, " "1, " "1, " "1, " "1, " "1, " "1, " "1, " "1, " "1, " "1, " "1, " "1, " "1, " "1, " "1, " "1, " "1, " "1, " "1, " "1, " "1, " "1, " "1, " "1, " "1, " "1, " "1, " "1, " "1, " "1, " "1, " "1, " "1, " "1, " "1, " "1, " "1, " "1, " "1, " "1, " "1, " "1, " "1, " "1, " "1, " "1, " "1, " "1, " "1, " "1, " "1, " "1, " "1, " "1, " "1, " "1, " "1, " "1, " "1, " "1, " "1, " "1, " "1, " "1, " "1, " "1, " "1, " "1, " "1, " "1, " "1, " "1, " "1, " "1, " "1, " "1, " "1, " "1, " "1, " "1, " "1, " "1, " "1, " "1, " "1, " "1, " "1, " "1, " "1, " "1, " "1, " "1, " "1, "204
 "Nei146, 0.183, " "0.015, " "1, " "1, " "1, " "1, " "1, " "1, " "1, " "1, " "1, " "1, " "1, " "1, " "1, " "1, " "1, " "1, " "1, " "1, " "1, " "1, " "1, " "1, " "1, " "1, " "1, " "1, " "1, " "1, " "1, " "1, " "1, " "1, " "1, " "1, " "1, " "1, " "1, " "1, " "1, " "1, " "1, " "1, " "1, " "1, " "1, " "1, " "1, " "1, " "1, " "1, " "1, " "1, " "1, " "1, " "1, " "1, " "1, " "1, " "1, " "1, " "1, " "1, " "1, " "1, " "1, " "1, " "1, " "1, " "1, " "1, " "1, " "1, " "1, " "1, " "1, " "1, " "1, " "1, " "1, " "1, " "1, " "1, " "1, " "1, " "1, " "1, " "1, " "1, " "1, " "1, " "1, " "1, " "1, " "1, " "1, " "1, " "1, " "1, " "1, " "1, " "1, " "1, " "1, " "1, " "1, " "1, " "1, " "1, " "1, " "1, " "1, " "1, " "1, " "1, " "1, " "1, " "1, " "1, " "1, " "1, " "1, " "1, " "1, " "1, " "1, " "1, " "1, " "1, " "1, " "1, " "1, " "1, " "1, " "1, " "1, " "1, " "1, " "1, " "1, " "1, " "1, " "1, " "1, " "1, " "1, " "1, " "0, " "1, " "1, " "1, " "1, " "1, " "1, " "1, " "1, " "1, " "1, " "1, " "1, " "1, " "1, " "1, " "1, " "1, " "1, " "1, " "1, " "1, " "1, " "1, " "1, " "1, " "1, " "1, " "1, " "1, " "1, " "1, " "1, " "1, " "1, " "1, " "1, " "1, " "1, " "1, " "1, " "1, " "1, " "1, " "1, " "1, " "1, " "1, " "1, " "1, " "1, " "1, " "1, " "1, " "1, " "1, " "1, " "1, " "1, " "1, " "1, " "1, " "1, " "1, " "1, " "1, " "1, " "1, " "1, " "1, " "1, " "1, " "1, " "1, " "1, " "1, " "1, " "1, " "1, " "1, " "1, " "1, " "1, " "1, " "1, " "1, " "1, " "1, " "1, " "1, " "1, " "1, " "1, " "1, " "1, " "1, " "1, " "1, " "1, " "1, " "1, " "1, " "1, " "1, " "1, " "1, " "1, " "1, " "1, " "1, " "1, " "1, " "1, " "1, " "1, " "1, " "1, " "1, " "1, " "1, " "1, " "1, " "1, " "1, " "1, " "1, " "1, " "1, " "1, " "1, " "1, " "1, " "1, " "1, " "1, " "1, " "1, " "1, " "1, " "1, " "1, " "1, " "1, " "1, " "1, " "1, " "1, " "1, " "1, " "1, " "1, " "1, " "1, " "1, " "1, " "1, " "1, " "1, " "1, " "1, " "1, " "1, " "1, " "1, " "1, " "1, " "1, " "1, " "1, " "1, " "1, " "1, " "1, " "1, " "1, " "1, " "1, " "1, " "1, " "1, " "1, " "1, " "1, " "1, " "1, " "1, " "1, " "1, " "1, " "1, " "1, " "1, " "1, " "1, " "1, " "1, " "1, " "1, " "1, " "1, " "1, " "1, " "1, " "1, " "1, " "1, " "1, " "1, " "1, " "1, " "1, " "1, " "1, " "1, " "1, " "1, " "1, " "1, " "1, " "1, " "1, " "1, " "1, " "1, " "1, " "1, " "1, " "1, " "1, " "1, " "1, " "1, " "1, " "1, " "1, " "1, " "1, " "1, " "1, " "1, " "1, " "1, " "1, " "1, " "1, " "1, " "1, " "1, " "1, " "1, " "1, " "1, " "1, " "1, " "1, " "1, " "1, " "1, " "1, " "1, " "1, " "1, " "1, " "1, " "1, " "1, " "1, " "1, " "1, " "1, " "1, " "1, " "1, " "1, " "1, " "1, " "1, " "1, " "1, " "1, " "1, " "1, " "1, " "1, " "1, " "1, " "1, " "1, " "1, " "1, " "1, " "1, " "1, " "1, " "1, " "1, " "1, " "1, " "1, " "1, " "1, " "1, " "1, " "1, " "1, " "1, " "1, " "1, " "1, " "1, " "1, " "1, " "1, " "1, " "1, " "1, " "1, " "1, " "1, " "1, " "1, " "1, " "1, " "1, " "1, " "1, " "1, " "1, " "1, " "1, " "1, " "1, " "1, " "1, " "1, " "1, " "1, " "1, " "1, " "1, " "1, " "1, " "1, " "1, " "1, " "1, " "1, " "1, " "1, " "1, " "1, " "1, " "1, " "1, " "1, " "1, " "1, " "1, " "1, " "1, " "1, " "1, " "1, " "1, " "1, " "1, " "1, "204
 "Nei147, 0.063, " "0.015, " "1, " "1, " "1, " "1, " "1, " "1, " "1, " "1, " "1, " "1, " "1, " "1, " "1, " "1, " "1, " "1, " "1, " "1, " "1, " "1, " "1, " "1, " "1, " "1, " "1, " "1, " "1, " "1, " "1, " "1, " "1, " "1, " "1, " "1, " "1, " "1, " "1, " "1, " "1, " "1, " "1, " "1, " "1, " "1, " "1, " "1, " "1, " "1, " "1, " "1, " "1, " "1, " "1, " "1, " "1, " "1, " "1, " "1, " "1, " "1, " "1, " "1, " "1, " "1, " "1, " "1, " "1, " "1, " "1, " "1, " "1, " "1, " "1, " "1, " "1, " "1, " "1, " "1, " "1, " "1, " "1, " "1, " "1, " "1, " "1, " "1, " "1, " "1, " "1, " "1, " "1, " "1, " "1, " "1, " "1, " "1, " "1, " "1, " "1, " "1, " "1, " "1, " "1, " "1, " "1, " "1, " "1, " "1, " "1, " "1, " "1, " "1, " "1, " "1, " "1, " "1, " "1, " "1, " "1, " "1, " "1, " "1, " "1, " "1, " "1, " "1, " "1, " "1, " "1, " "1, " "1, " "1, " "1, " "1, " "1, " "1, " "1, " "1, " "1, " "1, " "1, " "1, " "1, " "1, " "1, " "1, " "1, " "0, " "1, " "1, " "1, " "1, " "1, " "1, " "1, " "1, " "1, " "1, " "1, " "1, " "1, " "1, " "1, " "1, " "1, " "1, " "1, " "1, " "1, " "1, " "1, " "1, " "1, " "1, " "1, " "1, " "1, " "1, " "1, " "1, " "1, " "1, " "1, " "1, " "1, " "1, " "1, " "1, " "1, " "1, " "1, " "1, " "1, " "1, " "1, " "1, " "1, " "1, " "1, " "1, " "1, " "1, " "1, " "1, " "1, " "1, " "1, " "1, " "1, " "1, " "1, " "1, " "1, " "1, " "1, " "1, " "1, " "1, " "1, " "1, " "1, " "1, " "1, " "1, " "1, " "1, " "1, " "1, " "1, " "1, " "1, " "1, " "1, " "1, " "1, " "1, " "1, " "1, " "1, " "1, " "1, " "1, " "1, " "1, " "1, " "1, " "1, " "1, " "1, " "1, " "1, " "1, " "1, " "1, " "1, " "1, " "1, " "1, " "1, " "1, " "1, " "1, " "1, " "1, " "1, " "1, " "1, " "1, " "1, " "1, " "1, " "1, " "1, " "1, " "1, " "1, " "1, " "1, " "1, " "1, " "1, " "1, " "1, " "1, " "1, " "1, " "1, " "1, " "1, " "1, " "1, " "1, " "1, " "1, " "1, " "1, " "1, " "1, " "1, " "1, " "1, " "1, " "1, " "1, " "1, " "1, " "1, " "1, " "1, " "1, " "1, " "1, " "1, " "1, " "1, " "1, " "1, " "1, " "1, " "1, " "1, " "1, " "1, " "1, " "1, " "1, " "1, " "1, " "1, " "1, " "1, " "1, " "1, " "1, " "1, " "1, " "1, " "1, " "1, " "1, " "1, " "1, " "1, " "1, " "1, " "1, " "1, " "1, " "1, " "1, " "1, " "1, " "1, " "1, " "1, " "1, " "1, " "1, " "1, " "1, " "1, " "1, " "1, " "1, " "1, " "1, " "1, " "1, " "1, " "1, " "1, " "1, " "1, " "1, " "1, " "1, " "1, " "1, " "1, " "1, " "1, " "1, " "1, " "1, " "1, " "1, " "1, " "1, " "1, " "1, " "1, " "1, " "1, " "1, " "1, " "1, " "1, " "1, " "1, " "1, " "1, " "1, " "1, " "1, " "1, " "1, " "1, " "1, " "1, " "1, " "1, " "1, " "1, " "1, " "1, " "1, " "1, " "1, " "1, " "1, " "1, " "1, " "1, " "1, " "1, " "1, " "1, " "1, " "1, " "1, " "1, " "1, " "1, " "1, " "1, " "1, " "1, " "1, " "1, " "1, " "1, " "1, " "1, " "1, " "1, " "1, " "1, " "1, " "1, " "1, " "1, " "1, " "1, " "1, " "1, " "1, " "1, " "1, " "1, " "1, " "1, " "1, " "1, " "1, " "1, " "1, " "1, " "1, " "1, " "1, " "1, " "1, " "1, " "1, " "1, " "1, " "1, " "1, " "1, " "1, " "1, " "1, " "1, " "1, " "1, " "1, " "1, " "1, " "1, " "1, " "1, " "1, " "1, " "1, " "1, " "1, " "1, " "1, " "1, " "1, " "1, " "1, " "1, " "1, " "1, " "1, " "1, " "1, " "1, " "1, " "1, " "1, " "1, "204
 "Nei148, 0.179, " "0.015, " "1, " "1, " "1, " "1, " "1, " "1, " "1, " "1, " "1, " "1, " "1, " "1, " "1, " "1, " "1, " "1, " "1, " "1, " "1, " "1, " "1, " "1, " "1, " "1, " "1, " "1, " "1, " "1, " "1, " "1, " "1, " "1, " "1, " "1, " "1, " "1, " "1, " "1, " "1, " "1, " "1, " "1, " "1, " "1, " "1, " "1, " "1, " "1, " "1, " "1, " "1, " "1, " "1, " "1, " "1, " "1, " "1, " "1, " "1, " "1, " "1, " "1, " "1, " "1, " "1, " "1, " "1, " "1, " "1, " "1, " "1, " "1, " "1, " "1, " "1, " "1, " "1, " "1, " "1, " "1, " "1, " "1, " "1, " "1, " "1, " "1, " "1, " "1, " "1, " "1, " "1, " "1, " "1, " "1, " "1, " "1, " "1, " "1, " "1, " "1, " "1, " "1, " "1, " "1, " "1, " "1, " "1, " "1, " "1, " "1, " "1, " "1, " "1, " "1, " "1, " "1, " "1, " "1, " "1, " "1, " "1, " "1, " "1, " "1, " "1, " "1, " "1, " "1, " "1, " "1, " "1, " "1, " "1, " "1, " "1, " "1, " "1, " "1, " "1, " "1, " "1, " "1, " "1, " "1, " "1, " "1, " "1, " "1, " "0, " "1, " "1, " "1, " "1, " "1, " "1, " "1, " "1, " "1, " "1, " "1, " "1, " "1, " "1, " "1, " "1, " "1, " "1, " "1, " "1, " "1, " "1, " "1, " "1, " "1, " "1, " "1, " "1, " "1, " "1, " "1, " "1, " "1, " "1, " "1, " "1, " "1, " "1, " "1, " "1, " "1, " "1, " "1, " "1, " "1, " "1, " "1, " "1, " "1, " "1, " "1, " "1, " "1, " "1, " "1, " "1, " "1, " "1, " "1, " "1, " "1, " "1, " "1, " "1, " "1, " "1, " "1, " "1, " "1, " "1, " "1, " "1, " "1, " "1, " "1, " "1, " "1, " "1, " "1, " "1, " "1, " "1, " "1, " "1, " "1, " "1, " "1, " "1, " "1, " "1, " "1, " "1, " "1, " "1, " "1, " "1, " "1, " "1, " "1, " "1, " "1, " "1, " "1, " "1, " "1, " "1, " "1, " "1, " "1, " "1, " "1, " "1, " "1, " "1, " "1, " "1, " "1, " "1, " "1, " "1, " "1, " "1, " "1, " "1, " "1, " "1, " "1, " "1, " "1, " "1, " "1, " "1, " "1, " "1, " "1, " "1, " "1, " "1, " "1, " "1, " "1, " "1, " "1, " "1, " "1, " "1, " "1, " "1, " "1, " "1, " "1, " "1, " "1, " "1, " "1, " "1, " "1, " "1, " "1, " "1, " "1, " "1, " "1, " "1, " "1, " "1, " "1, " "1, " "1, " "1, " "1, " "1, " "1, " "1, " "1, " "1, " "1, " "1, " "1, " "1, " "1, " "1, " "1, " "1, " "1, " "1, " "1, " "1, " "1, " "1, " "1, " "1, " "1, " "1, " "1, " "1, " "1, " "1, " "1, " "1, " "1, " "1, " "1, " "1, " "1, " "1, " "1, " "1, " "1, " "1, " "1, " "1, " "1, " "1, " "1, " "1, " "1, " "1, " "1, " "1, " "1, " "1, " "1, " "1, " "1, " "1, " "1, " "1, " "1, " "1, " "1, " "1, " "1, " "1, " "1, " "1, " "1, " "1, " "1, " "1, " "1, " "1, " "1, " "1, " "1, " "1, " "1, " "1, " "1, " "1, " "1, " "1, " "1, " "1, " "1, " "1, " "1, " "1, " "1, " "1, " "1, " "1, " "1, " "1, " "1, " "1, " "1, " "1, " "1, " "1, " "1, " "1, " "1, " "1, " "1, " "1, " "1, " "1, " "1, " "1, " "1, " "1, " "1, " "1, " "1, " "1, " "1, " "1, " "1, " "1, " "1, " "1, " "1, " "1, " "1, " "1, " "1, " "1, " "1, " "1, " "1, " "1, " "1, " "1, " "1, " "1, " "1, " "1, " "1, " "1, " "1, " "1, " "1, " "1, " "1, " "1, " "1, " "1, " "1, " "1, " "1, " "1, " "1, " "1, " "1, " "1, " "1, " "1, " "1, " "1, " "1, " "1, " "1, " "1, " "1, " "1, " "1, " "1, " "1, " "1, " "1, " "1, " "1, " "1, " "1, " "1, " "1, " "1, " "1, " "1, " "1, " "1, " "1, " "1, " "1, " "1, " "1, " "1, " "1, " "1, " "1, " "1, " "1, " "1, "204
 "Nei149, 0.382, " "0.015, " "1, " "1, " "1, " "1, " "1, " "1, " "1, " "1, " "1, " "1, " "1, " "1, " "1, " "1, " "1, " "1, " "1, " "1, " "1, " "1, " "1, " "1, " "1, " "1, " "1, " "1, " "1, " "1, " "1, " "1, " "1, " "1, " "1, " "1, " "1, " "1, " "1, " "1, " "1, " "1, " "1, " "1, " "1, " "1, " "1, " "1, " "1, " "1, " "1, " "1, " "1, " "1, " "1, " "1, " "1, " "1, " "1, " "1, " "1, " "1, " "1, " "1, " "1, " "1, " "1, " "1, " "1, " "1, " "1, " "1, " "1, " "1, " "1, " "1, " "1, " "1, " "1, " "1, " "1, " "1, " "1, " "1, " "1, " "1, " "1, " "1, " "1, " "1, " "1, " "1, " "1, " "1, " "1, " "1, " "1, " "1, " "1, " "1, " "1, " "1, " "1, " "1, " "1, " "1, " "1, " "1, " "1, " "1, " "1, " "1, " "1, " "1, " "1, " "1, " "1, " "1, " "1, " "1, " "1, " "1, " "1, " "1, " "1, " "1, " "1, " "1, " "1, " "1, " "1, " "1, " "1, " "1, " "1, " "1, " "1, " "1, " "1, " "1, " "1, " "1, " "1, " "1, " "1, " "1, " "1, " "1, " "1, " "1, " "1, " "0, " "1, " "1, " "1, " "1, " "1, " "1, " "1, " "1, " "1, " "1, " "1, " "1, " "1, " "1, " "1, " "1, " "1, " "1, " "1, " "1, " "1, " "1, " "1, " "1, " "1, " "1, " "1, " "1, " "1, " "1, " "1, " "1, " "1, " "1, " "1, " "1, " "1, " "1, " "1, " "1, " "1, " "1, " "1, " "1, " "1, " "1, " "1, " "1, " "1, " "1, " "1, " "1, " "1, " "1, " "1, " "1, " "1, " "1, " "1, " "1, " "1, " "1, " "1, " "1, " "1, " "1, " "1, " "1, " "1, " "1, " "1, " "1, " "1, " "1, " "1, " "1, " "1, " "1, " "1, " "1, " "1, " "1, " "1, " "1, " "1, " "1, " "1, " "1, " "1, " "1, " "1, " "1, " "1, " "1, " "1, " "1, " "1, " "1, " "1, " "1, " "1, " "1, " "1, " "1, " "1, " "1, " "1, " "1, " "1, " "1, " "1, " "1, " "1, " "1, " "1, " "1, " "1, " "1, " "1, " "1, " "1, " "1, " "1, " "1, " "1, " "1, " "1, " "1, " "1, " "1, " "1, " "1, " "1, " "1, " "1, " "1, " "1, " "1, " "1, " "1, " "1, " "1, " "1, " "1, " "1, " "1, " "1, " "1, " "1, " "1, " "1, " "1, " "1, " "1, " "1, " "1, " "1, " "1, " "1, " "1, " "1, " "1, " "1, " "1, " "1, " "1, " "1, " "1, " "1, " "1, " "1, " "1, " "1, " "1, " "1, " "1, " "1, " "1, " "1, " "1, " "1, " "1, " "1, " "1, " "1, " "1, " "1, " "1, " "1, " "1, " "1, " "1, " "1, " "1, " "1, " "1, " "1, " "1, " "1, " "1, " "1, " "1, " "1, " "1, " "1, " "1, " "1, " "1, " "1, " "1, " "1, " "1, " "1, " "1, " "1, " "1, " "1, " "1, " "1, " "1, " "1, " "1, " "1, " "1, " "1, " "1, " "1, " "1, " "1, " "1, " "1, " "1, " "1, " "1, " "1, " "1, " "1, " "1, " "1, " "1, " "1, " "1, " "1, " "1, " "1, " "1, " "1, " "1, " "1, " "1, " "1, " "1, " "1, " "1, " "1, " "1, " "1, " "1, " "1, " "1, " "1, " "1, " "1, " "1, " "1, " "1, " "1, " "1, " "1, " "1, " "1, " "1, " "1, " "1, " "1, " "1, " "1, " "1, " "1, " "1, " "1, " "1, " "1, " "1, " "1, " "1, " "1, " "1, " "1, " "1, " "1, " "1, " "1, " "1, " "1, " "1, " "1, " "1, " "1, " "1, " "1, " "1, " "1, " "1, " "1, " "1, " "1, " "1, " "1, " "1, " "1, " "1, " "1, " "1, " "1, " "1, " "1, " "1, " "1, " "1, " "1, " "1, " "1, " "1, " "1, " "1, " "1, " "1, " "1, " "1, " "1, " "1, " "1, " "1, " "1, " "1, " "1, " "1, " "1, " "1, " "1, " "1, " "1, " "1, " "1, " "1, " "1, " "1, " "1, " "1, " "1, " "1, " "1, " "1, " "1, " "1, " "1, " "1, " "1, " "1, " "1, " "1, " "1, "204
 "Nei150, 0.126, " "0.015, " "1, " "1, " "1, " "1, " "1, " "1, " "1, " "1, " "1, " "1, " "1, " "1, " "1, " "1, " "1, " "1, " "1, " "1, " "1, " "1, " "1, " "1, " "1, " "1, " "1, " "1, " "1, " "1, " "1, " "1, " "1, " "1, " "1, " "1, " "1, " "1, " "1, " "1, " "1, " "1, " "1, " "1, " "1, " "1, " "1, " "1, " "1, " "1, " "1, " "1, " "1, " "1, " "1, " "1, " "1, " "1, " "1, " "1, " "1, " "1, " "1, " "1, " "1, " "1, " "1, " "1, " "1, " "1, " "1, " "1, " "1, " "1, " "1, " "1, " "1, " "1, " "1, " "1, " "1, " "1, " "1, " "1, " "1, " "1, " "1, " "1, " "1, " "1, " "1, " "1, " "1, " "1, " "1, " "1, " "1, " "1, " "1, " "1, " "1, " "1, " "1, " "1, " "1, " "1, " "1, " "1, " "1, " "1, " "1, " "1, " "1, " "1, " "1, " "1, " "1, " "1, " "1, " "1, " "1, " "1, " "1, " "1, " "1, " "1, " "1, " "1, " "1, " "1, " "1, " "1, " "1, " "1, " "1, " "1, " "1, " "1, " "1, " "1, " "1, " "1, " "1, " "1, " "1, " "1, " "1, " "1, " "1, " "1, " "1, " "1, " "0, " "1, " "1, " "1, " "1, " "1, " "1, " "1, " "1, " "1, " "1, " "1, " "1, " "1, " "1, " "1, " "1, " "1, " "1, " "1, " "1, " "1, " "1, " "1, " "1, " "1, " "1, " "1, " "1, " "1, " "1, " "1, " "1, " "1, " "1, " "1, " "1, " "1, " "1, " "1, " "1, " "1, " "1, " "1, " "1, " "1, " "1, " "1, " "1, " "1, " "1, " "1, " "1, " "1, " "1, " "1, " "1, " "1, " "1, " "1, " "1, " "1, " "1, " "1, " "1, " "1, " "1, " "1, " "1, " "1, " "1, " "1, " "1, " "1, " "1, " "1, " "1, " "1, " "1, " "1, " "1, " "1, " "1, " "1, " "1, " "1, " "1, " "1, " "1, " "1, " "1, " "1, " "1, " "1, " "1, " "1, " "1, " "1, " "1, " "1, " "1, " "1, " "1, " "1, " "1, " "1, " "1, " "1, " "1, " "1, " "1, " "1, " "1, " "1, " "1, " "1, " "1, " "1, " "1, " "1, " "1, " "1, " "1, " "1, " "1, " "1, " "1, " "1, " "1, " "1, " "1, " "1, " "1, " "1, " "1, " "1, " "1, " "1, " "1, " "1, " "1, " "1, " "1, " "1, " "1, " "1, " "1, " "1, " "1, " "1, " "1, " "1, " "1, " "1, " "1, " "1, " "1, " "1, " "1, " "1, " "1, " "1, " "1, " "1, " "1, " "1, " "1, " "1, " "1, " "1, " "1, " "1, " "1, " "1, " "1, " "1, " "1, " "1, " "1, " "1, " "1, " "1, " "1, " "1, " "1, " "1, " "1, " "1, " "1, " "1, " "1, " "1, " "1, " "1, " "1, " "1, " "1, " "1, " "1, " "1, " "1, " "1, " "1, " "1, " "1, " "1, " "1, " "1, " "1, " "1, " "1, " "1, " "1, " "1, " "1, " "1, " "1, " "1, " "1, " "1, " "1, " "1, " "1, " "1, " "1, " "1, " "1, " "1, " "1, " "1, " "1, " "1, " "1, " "1, " "1, " "1, " "1, " "1, " "1, " "1, " "1, " "1, " "1, " "1, " "1, " "1, " "1, " "1, " "1, " "1, " "1, " "1, " "1, " "1, " "1, " "1, " "1, " "1, " "1, " "1, " "1, " "1, " "1, " "1, " "1, " "1, " "1, " "1, " "1, " "1, " "1, " "1, " "1, " "1, " "1, " "1, " "1, " "1, " "1, " "1, " "1, " "1, " "1, " "1, " "1, " "1, " "1, " "1, " "1, " "1, " "1, " "1, " "1, " "1, " "1, " "1, " "1, " "1, " "1, " "1, " "1, " "1, " "1, " "1, " "1, " "1, " "1, " "1, " "1, " "1, " "1, " "1, " "1, " "1, " "1, " "1, " "1, " "1, " "1, " "1, " "1, " "1, " "1, " "1, " "1, " "1, " "1, " "1, " "1, " "1, " "1, " "1, " "1, " "1, " "1, " "1, " "1, " "1, " "1, " "1, " "1, " "1, " "1, " "1, " "1, " "1, " "1, " "1, " "1, " "1, " "1, " "1, " "1, " "1, " "1, " "1, " "1, " "1, " "1, " "1, " "1, " "1, " "1, "204
 "Nei151, 0.048, " "0.015, " "1, " "1, " "1, " "1, " "1, " "1, " "1, " "1, " "1, " "1, " "1, " "1, " "1, " "1, " "1, " "1, " "1, " "1, " "1, " "1, " "1, " "1, " "1, " "1, " "1, " "1, " "1, " "1, " "1, " "1, " "1, " "1, " "1, " "1, " "1, " "1, " "1, " "1, " "1, " "1, " "1, " "1, " "1, " "1, " "1, " "1, " "1, " "1, " "1, " "1, " "1, " "1, " "1, " "1, " "1, " "1, " "1, " "1, " "1, " "1, " "1, " "1, " "1, " "1, " "1, " "1, " "1, " "1, " "1, " "1, " "1, " "1, " "1, " "1, " "1, " "1, " "1, " "1, " "1, " "1, " "1, " "1, " "1, " "1, " "1, " "1, " "1, " "1, " "1, " "1, " "1, " "1, " "1, " "1, " "1, " "1, " "1, " "1, " "1, " "1, " "1, " "1, " "1, " "1, " "1, " "1, " "1, " "1, " "1, " "1, " "1, " "1, " "1, " "1, " "1, " "1, " "1, " "1, " "1, " "1, " "1, " "1, " "1, " "1, " "1, " "1, " "1, " "1, " "1, " "1, " "1, " "1, " "1, " "1, " "1, " "1, " "1, " "1, " "1, " "1, " "1, " "1, " "1, " "1, " "1, " "1, " "1, " "1, " "1, " "1, " "1, " "0, " "1, " "1, " "1, " "1, " "1, " "1, " "1, " "1, " "1, " "1, " "1, " "1, " "1, " "1, " "1, " "1, " "1, " "1, " "1, " "1, " "1, " "1, " "1, " "1, " "1, " "1, " "1, " "1, " "1, " "1, " "1, " "1, " "1, " "1, " "1, " "1, " "1, " "1, " "1, " "1, " "1, " "1, " "1, " "1, " "1, " "1, " "1, " "1, " "1, " "1, " "1, " "1, " "1, " "1, " "1, " "1, " "1, " "1, " "1, " "1, " "1, " "1, " "1, " "1, " "1, " "1, " "1, " "1, " "1, " "1, " "1, " "1, " "1, " "1, " "1, " "1, " "1, " "1, " "1, " "1, " "1, " "1, " "1, " "1, " "1, " "1, " "1, " "1, " "1, " "1, " "1, " "1, " "1, " "1, " "1, " "1, " "1, " "1, " "1, " "1, " "1, " "1, " "1, " "1, " "1, " "1, " "1, " "1, " "1, " "1, " "1, " "1, " "1, " "1, " "1, " "1, " "1, " "1, " "1, " "1, " "1, " "1, " "1, " "1, " "1, " "1, " "1, " "1, " "1, " "1, " "1, " "1, " "1, " "1, " "1, " "1, " "1, " "1, " "1, " "1, " "1, " "1, " "1, " "1, " "1, " "1, " "1, " "1, " "1, " "1, " "1, " "1, " "1, " "1, " "1, " "1, " "1, " "1, " "1, " "1, " "1, " "1, " "1, " "1, " "1, " "1, " "1, " "1, " "1, " "1, " "1, " "1, " "1, " "1, " "1, " "1, " "1, " "1, " "1, " "1, " "1, " "1, " "1, " "1, " "1, " "1, " "1, " "1, " "1, " "1, " "1, " "1, " "1, " "1, " "1, " "1, " "1, " "1, " "1, " "1, " "1, " "1, " "1, " "1, " "1, " "1, " "1, " "1, " "1, " "1, " "1, " "1, " "1, " "1, " "1, " "1, " "1, " "1, " "1, " "1, " "1, " "1, " "1, " "1, " "1, " "1, " "1, " "1, " "1, " "1, " "1, " "1, " "1, " "1, " "1, " "1, " "1, " "1, " "1, " "1, " "1, " "1, " "1, " "1, " "1, " "1, " "1, " "1, " "1, " "1, " "1, " "1, " "1, " "1, " "1, " "1, " "1, " "1, " "1, " "1, " "1, " "1, " "1, " "1, " "1, " "1, " "1, " "1, " "1, " "1, " "1, " "1, " "1, " "1, " "1, " "1, " "1, " "1, " "1, " "1, " "1, " "1, " "1, " "1, " "1, " "1, " "1, " "1, " "1, " "1, " "1, " "1, " "1, " "1, " "1, " "1, " "1, " "1, " "1, " "1, " "1, " "1, " "1, " "1, " "1, " "1, " "1, " "1, " "1, " "1, " "1, " "1, " "1, " "1, " "1, " "1, " "1, " "1, " "1, " "1, " "1, " "1, " "1, " "1, " "1, " "1, " "1, " "1, " "1, " "1, " "1, " "1, " "1, " "1, " "1, " "1, " "1, " "1, " "1, " "1, " "1, " "1, " "1, " "1, " "1, " "1, " "1, " "1, " "1, " "1, " "1, " "1, " "1, " "1, " "1, " "1, " "1, " "1, " "1, " "1, " "1, "204
 "Nei152, 0.2, " "0.015, " "1, " "1, " "1, " "1, " "1, " "1, " "1, " "1, " "1, " "1, " "1, " "1, " "1, " "1, " "1, " "1, " "1, " "1, " "1, " "1, " "1, " "1, " "1, " "1, " "1, " "1, " "1, " "1, " "1, " "1, " "1, " "1, " "1, " "1, " "1, " "1, " "1, " "1, " "1, " "1, " "1, " "1, " "1, " "1, " "1, " "1, " "1, " "1, " "1, " "1, " "1, " "1, " "1, " "1, " "1, " "1, " "1, " "1, " "1, " "1, " "1, " "1, " "1, " "1, " "1, " "1, " "1, " "1, " "1, " "1, " "1, " "1, " "1, " "1, " "1, " "1, " "1, " "1, " "1, " "1, " "1, " "1, " "1, " "1, " "1, " "1, " "1, " "1, " "1, " "1, " "1, " "1, " "1, " "1, " "1, " "1, " "1, " "1, " "1, " "1, " "1, " "1, " "1, " "1, " "1, " "1, " "1, " "1, " "1, " "1, " "1, " "1, " "1, " "1, " "1, " "1, " "1, " "1, " "1, " "1, " "1, " "1, " "1, " "1, " "1, " "1, " "1, " "1, " "1, " "1, " "1, " "1, " "1, " "1, " "1, " "1, " "1, " "1, " "1, " "1, " "1, " "1, " "1, " "1, " "1, " "1, " "1, " "1, " "1, " "1, " "1, " "1, " "0, " "1, " "1, " "1, " "1, " "1, " "1, " "1, " "1, " "1, " "1, " "1, " "1, " "1, " "1, " "1, " "1, " "1, " "1, " "1, " "1, " "1, " "1, " "1, " "1, " "1, " "1, " "1, " "1, " "1, " "1, " "1, " "1, " "1, " "1, " "1, " "1, " "1, " "1, " "1, " "1, " "1, " "1, " "1, " "1, " "1, " "1, " "1, " "1, " "1, " "1, " "1, " "1, " "1, " "1, " "1, " "1, " "1, " "1, " "1, " "1, " "1, " "1, " "1, " "1, " "1, " "1, " "1, " "1, " "1, " "1, " "1, " "1, " "1, " "1, " "1, " "1, " "1, " "1, " "1, " "1, " "1, " "1, " "1, " "1, " "1, " "1, " "1, " "1, " "1, " "1, " "1, " "1, " "1, " "1, " "1, " "1, " "1, " "1, " "1, " "1, " "1, " "1, " "1, " "1, " "1, " "1, " "1, " "1, " "1, " "1, " "1, " "1, " "1, " "1, " "1, " "1, " "1, " "1, " "1, " "1, " "1, " "1, " "1, " "1, " "1, " "1, " "1, " "1, " "1, " "1, " "1, " "1, " "1, " "1, " "1, " "1, " "1, " "1, " "1, " "1, " "1, " "1, " "1, " "1, " "1, " "1, " "1, " "1, " "1, " "1, " "1, " "1, " "1, " "1, " "1, " "1, " "1, " "1, " "1, " "1, " "1, " "1, " "1, " "1, " "1, " "1, " "1, " "1, " "1, " "1, " "1, " "1, " "1, " "1, " "1, " "1, " "1, " "1, " "1, " "1, " "1, " "1, " "1, " "1, " "1, " "1, " "1, " "1, " "1, " "1, " "1, " "1, " "1, " "1, " "1, " "1, " "1, " "1, " "1, " "1, " "1, " "1, " "1, " "1, " "1, " "1, " "1, " "1, " "1, " "1, " "1, " "1, " "1, " "1, " "1, " "1, " "1, " "1, " "1, " "1, " "1, " "1, " "1, " "1, " "1, " "1, " "1, " "1, " "1, " "1, " "1, " "1, " "1, " "1, " "1, " "1, " "1, " "1, " "1, " "1, " "1, " "1, " "1, " "1, " "1, " "1, " "1, " "1, " "1, " "1, " "1, " "1, " "1, " "1, " "1, " "1, " "1, " "1, " "1, " "1, " "1, " "1, " "1, " "1, " "1, " "1, " "1, " "1, " "1, " "1, " "1, " "1, " "1, " "1, " "1, " "1, " "1, " "1, " "1, " "1, " "1, " "1, " "1, " "1, " "1, " "1, " "1, " "1, " "1, " "1, " "1, " "1, " "1, " "1, " "1, " "1, " "1, " "1, " "1, " "1, " "1, " "1, " "1, " "1, " "1, " "1, " "1, " "1, " "1, " "1, " "1, " "1, " "1, " "1, " "1, " "1, " "1, " "1, " "1, " "1, " "1, " "1, " "1, " "1, " "1, " "1, " "1, " "1, " "1, " "1, " "1, " "1, " "1, " "1, " "1, " "1, " "1, " "1, " "1, " "1, " "1, " "1, " "1, " "1, " "1, " "1, " "1, " "1, " "1, " "1, " "1, " "1, " "1, " "1, " "1, " "1, " "1, " "1, " "1, " "1, "204
 "Nei153, 0.299, " "0.015, " "1, " "1, " "1, " "1, " "1, " "1, " "1, " "1, " "1, " "1, " "1, " "1, " "1, " "1, " "1, " "1, " "1, " "1, " "1, " "1, " "1, " "1, " "1, " "1, " "1, " "1, " "1, " "1, " "1, " "1, " "1, " "1, " "1, " "1, " "1, " "1, " "1, " "1, " "1, " "1, " "1, " "1, " "1, " "1, " "1, " "1, " "1, " "1, " "1, " "1, " "1, " "1, " "1, " "1, " "1, " "1, " "1, " "1, " "1, " "1, " "1, " "1, " "1, " "1, " "1, " "1, " "1, " "1, " "1, " "1, " "1, " "1, " "1, " "1, " "1, " "1, " "1, " "1, " "1, " "1, " "1, " "1, " "1, " "1, " "1, " "1, " "1, " "1, " "1, " "1, " "1, " "1, " "1, " "1, " "1, " "1, " "1, " "1, " "1, " "1, " "1, " "1, " "1, " "1, " "1, " "1, " "1, " "1, " "1, " "1, " "1, " "1, " "1, " "1, " "1, " "1, " "1, " "1, " "1, " "1, " "1, " "1, " "1, " "1, " "1, " "1, " "1, " "1, " "1, " "1, " "1, " "1, " "1, " "1, " "1, " "1, " "1, " "1, " "1, " "1, " "1, " "1, " "1, " "1, " "1, " "1, " "1, " "1, " "1, " "1, " "1, " "1, " "1, " "0, " "1, " "1, " "1, " "1, " "1, " "1, " "1, " "1, " "1, " "1, " "1, " "1, " "1, " "1, " "1, " "1, " "1, " "1, " "1, " "1, " "1, " "1, " "1, " "1, " "1, " "1, " "1, " "1, " "1, " "1, " "1, " "1, " "1, " "1, " "1, " "1, " "1, " "1, " "1, " "1, " "1, " "1, " "1, " "1, " "1, " "1, " "1, " "1, " "1, " "1, " "1, " "1, " "1, " "1, " "1, " "1, " "1, " "1, " "1, " "1, " "1, " "1, " "1, " "1, " "1, " "1, " "1, " "1, " "1, " "1, " "1, " "1, " "1, " "1, " "1, " "1, " "1, " "1, " "1, " "1, " "1, " "1, " "1, " "1, " "1, " "1, " "1, " "1, " "1, " "1, " "1, " "1, " "1, " "1, " "1, " "1, " "1, " "1, " "1, " "1, " "1, " "1, " "1, " "1, " "1, " "1, " "1, " "1, " "1, " "1, " "1, " "1, " "1, " "1, " "1, " "1, " "1, " "1, " "1, " "1, " "1, " "1, " "1, " "1, " "1, " "1, " "1, " "1, " "1, " "1, " "1, " "1, " "1, " "1, " "1, " "1, " "1, " "1, " "1, " "1, " "1, " "1, " "1, " "1, " "1, " "1, " "1, " "1, " "1, " "1, " "1, " "1, " "1, " "1, " "1, " "1, " "1, " "1, " "1, " "1, " "1, " "1, " "1, " "1, " "1, " "1, " "1, " "1, " "1, " "1, " "1, " "1, " "1, " "1, " "1, " "1, " "1, " "1, " "1, " "1, " "1, " "1, " "1, " "1, " "1, " "1, " "1, " "1, " "1, " "1, " "1, " "1, " "1, " "1, " "1, " "1, " "1, " "1, " "1, " "1, " "1, " "1, " "1, " "1, " "1, " "1, " "1, " "1, " "1, " "1, " "1, " "1, " "1, " "1, " "1, " "1, " "1, " "1, " "1, " "1, " "1, " "1, " "1, " "1, " "1, " "1, " "1, " "1, " "1, " "1, " "1, " "1, " "1, " "1, " "1, " "1, " "1, " "1, " "1, " "1, " "1, " "1, " "1, " "1, " "1, " "1, " "1, " "1, " "1, " "1, " "1, " "1, " "1, " "1, " "1, " "1, " "1, " "1, " "1, " "1, " "1, " "1, " "1, " "1, " "1, " "1, " "1, " "1, " "1, " "1, " "1, " "1, " "1, " "1, " "1, " "1, " "1, " "1, " "1, " "1, " "1, " "1, " "1, " "1, " "1, " "1, " "1, " "1, " "1, " "1, " "1, " "1, " "1, " "1, " "1, " "1, " "1, " "1, " "1, " "1, " "1, " "1, " "1, " "1, " "1, " "1, " "1, " "1, " "1, " "1, " "1, " "1, " "1, " "1, " "1, " "1, " "1, " "1, " "1, " "1, " "1, " "1, " "1, " "1, " "1, " "1, " "1, " "1, " "1, " "1, " "1, " "1, " "1, " "1, " "1, " "1, " "1, " "1, " "1, " "1, " "1, " "1, " "1, " "1, " "1, " "1, " "1, " "1, " "1, " "1, " "1, " "1, " "1, " "1, " "1, " "1, " "1, " "1, " "1, "204
 "Nei154, 0.021, " "0.015, " "1, " "1, " "1, " "1, " "1, " "1, " "1, " "1, " "1, " "1, " "1, " "1, " "1, " "1, " "1, " "1, " "1, " "1, " "1, " "1, " "1, " "1, " "1, " "1, " "1, " "1, " "1, " "1, " "1, " "1, " "1, " "1, " "1, " "1, " "1, " "1, " "1, " "1, " "1, " "1, " "1, " "1, " "1, " "1, " "1, " "1, " "1, " "1, " "1, " "1, " "1, " "1, " "1, " "1, " "1, " "1, " "1, " "1, " "1, " "1, " "1, " "1, " "1, " "1, " "1, " "1, " "1, " "1, " "1, " "1, " "1, " "1, " "1, " "1, " "1, " "1, " "1, " "1, " "1, " "1, " "1, " "1, " "1, " "1, " "1, " "1, " "1, " "1, " "1, " "1, " "1, " "1, " "1, " "1, " "1, " "1, " "1, " "1, " "1, " "1, " "1, " "1, " "1, " "1, " "1, " "1, " "1, " "1, " "1, " "1, " "1, " "1, " "1, " "1, " "1, " "1, " "1, " "1, " "1, " "1, " "1, " "1, " "1, " "1, " "1, " "1, " "1, " "1, " "1, " "1, " "1, " "1, " "1, " "1, " "1, " "1, " "1, " "1, " "1, " "1, " "1, " "1, " "1, " "1, " "1, " "1, " "1, " "1, " "1, " "1, " "1, " "1, " "1, " "1, " "0, " "1, " "1, " "1, " "1, " "1, " "1, " "1, " "1, " "1, " "1, " "1, " "1, " "1, " "1, " "1, " "1, " "1, " "1, " "1, " "1, " "1, " "1, " "1, " "1, " "1, " "1, " "1, " "1, " "1, " "1, " "1, " "1, " "1, " "1, " "1, " "1, " "1, " "1, " "1, " "1, " "1, " "1, " "1, " "1, " "1, " "1, " "1, " "1, " "1, " "1, " "1, " "1, " "1, " "1, " "1, " "1, " "1, " "1, " "1, " "1, " "1, " "1, " "1, " "1, " "1, " "1, " "1, " "1, " "1, " "1, " "1, " "1, " "1, " "1, " "1, " "1, " "1, " "1, " "1, " "1, " "1, " "1, " "1, " "1, " "1, " "1, " "1, " "1, " "1, " "1, " "1, " "1, " "1, " "1, " "1, " "1, " "1, " "1, " "1, " "1, " "1, " "1, " "1, " "1, " "1, " "1, " "1, " "1, " "1, " "1, " "1, " "1, " "1, " "1, " "1, " "1, " "1, " "1, " "1, " "1, " "1, " "1, " "1, " "1, " "1, " "1, " "1, " "1, " "1, " "1, " "1, " "1, " "1, " "1, " "1, " "1, " "1, " "1, " "1, " "1, " "1, " "1, " "1, " "1, " "1, " "1, " "1, " "1, " "1, " "1, " "1, " "1, " "1, " "1, " "1, " "1, " "1, " "1, " "1, " "1, " "1, " "1, " "1, " "1, " "1, " "1, " "1, " "1, " "1, " "1, " "1, " "1, " "1, " "1, " "1, " "1, " "1, " "1, " "1, " "1, " "1, " "1, " "1, " "1, " "1, " "1, " "1, " "1, " "1, " "1, " "1, " "1, " "1, " "1, " "1, " "1, " "1, " "1, " "1, " "1, " "1, " "1, " "1, " "1, " "1, " "1, " "1, " "1, " "1, " "1, " "1, " "1, " "1, " "1, " "1, " "1, " "1, " "1, " "1, " "1, " "1, " "1, " "1, " "1, " "1, " "1, " "1, " "1, " "1, " "1, " "1, " "1, " "1, " "1, " "1, " "1, " "1, " "1, " "1, " "1, " "1, " "1, " "1, " "1, " "1, " "1, " "1, " "1, " "1, " "1, " "1, " "1, " "1, " "1, " "1, " "1, " "1, " "1, " "1, " "1, " "1, " "1, " "1, " "1, " "1, " "1, " "1, " "1, " "1, " "1, " "1, " "1, " "1, " "1, " "1, " "1, " "1, " "1, " "1, " "1, " "1, " "1, " "1, " "1, " "1, " "1, " "1, " "1, " "1, " "1, " "1, " "1, " "1, " "1, " "1, " "1, " "1, " "1, " "1, " "1, " "1, " "1, " "1, " "1, " "1, " "1, " "1, " "1, " "1, " "1, " "1, " "1, " "1, " "1, " "1, " "1, " "1, " "1, " "1, " "1, " "1, " "1, " "1, " "1, " "1, " "1, " "1, " "1, " "1, " "1, " "1, " "1, " "1, " "1, " "1, " "1, " "1, " "1, " "1, " "1, " "1, " "1, " "1, " "1, " "1, " "1, " "1, " "1, " "1, " "1, " "1, " "1, " "1, " "1, " "1, " "1, " "1, " "1, "204
 "Nei155, 0.372, " "0.015, " "1, " "1, " "1, " "1, " "1, " "1, " "1, " "1, " "1, " "1, " "1, " "1, " "1, " "1, " "1, " "1, " "1, " "1, " "1, " "1, " "1, " "1, " "1, " "1, " "1, " "1, " "1, " "1, " "1, " "1, " "1, " "1, " "1, " "1, " "1, " "1, " "1, " "1, " "1, " "1, " "1, " "1, " "1, " "1, " "1, " "1, " "1, " "1, " "1, " "1, " "1, " "1, " "1, " "1, " "1, " "1, " "1, " "1, " "1, " "1, " "1, " "1, " "1, " "1, " "1, " "1, " "1, " "1, " "1, " "1, " "1, " "1, " "1, " "1, " "1, " "1, " "1, " "1, " "1, " "1, " "1, " "1, " "1, " "1, " "1, " "1, " "1, " "1, " "1, " "1, " "1, " "1, " "1, " "1, " "1, " "1, " "1, " "1, " "1, " "1, " "1, " "1, " "1, " "1, " "1, " "1, " "1, " "1, " "1, " "1, " "1, " "1, " "1, " "1, " "1, " "1, " "1, " "1, " "1, " "1, " "1, " "1, " "1, " "1, " "1, " "1, " "1, " "1, " "1, " "1, " "1, " "1, " "1, " "1, " "1, " "1, " "1, " "1, " "1, " "1, " "1, " "1, " "1, " "1, " "1, " "1, " "1, " "1, " "1, " "1, " "1, " "1, " "1, " "1, " "1, " "0, " "1, " "1, " "1, " "1, " "1, " "1, " "1, " "1, " "1, " "1, " "1, " "1, " "1, " "1, " "1, " "1, " "1, " "1, " "1, " "1, " "1, " "1, " "1, " "1, " "1, " "1, " "1, " "1, " "1, " "1, " "1, " "1, " "1, " "1, " "1, " "1, " "1, " "1, " "1, " "1, " "1, " "1, " "1, " "1, " "1, " "1, " "1, " "1, " "1, " "1, " "1, " "1, " "1, " "1, " "1, " "1, " "1, " "1, " "1, " "1, " "1, " "1, " "1, " "1, " "1, " "1, " "1, " "1, " "1, " "1, " "1, " "1, " "1, " "1, " "1, " "1, " "1, " "1, " "1, " "1, " "1, " "1, " "1, " "1, " "1, " "1, " "1, " "1, " "1, " "1, " "1, " "1, " "1, " "1, " "1, " "1, " "1, " "1, " "1, " "1, " "1, " "1, " "1, " "1, " "1, " "1, " "1, " "1, " "1, " "1, " "1, " "1, " "1, " "1, " "1, " "1, " "1, " "1, " "1, " "1, " "1, " "1, " "1, " "1, " "1, " "1, " "1, " "1, " "1, " "1, " "1, " "1, " "1, " "1, " "1, " "1, " "1, " "1, " "1, " "1, " "1, " "1, " "1, " "1, " "1, " "1, " "1, " "1, " "1, " "1, " "1, " "1, " "1, " "1, " "1, " "1, " "1, " "1, " "1, " "1, " "1, " "1, " "1, " "1, " "1, " "1, " "1, " "1, " "1, " "1, " "1, " "1, " "1, " "1, " "1, " "1, " "1, " "1, " "1, " "1, " "1, " "1, " "1, " "1, " "1, " "1, " "1, " "1, " "1, " "1, " "1, " "1, " "1, " "1, " "1, " "1, " "1, " "1, " "1, " "1, " "1, " "1, " "1, " "1, " "1, " "1, " "1, " "1, " "1, " "1, " "1, " "1, " "1, " "1, " "1, " "1, " "1, " "1, " "1, " "1, " "1, " "1, " "1, " "1, " "1, " "1, " "1, " "1, " "1, " "1, " "1, " "1, " "1, " "1, " "1, " "1, " "1, " "1, " "1, " "1, " "1, " "1, " "1, " "1, " "1, " "1, " "1, " "1, " "1, " "1, " "1, " "1, " "1, " "1, " "1, " "1, " "1, " "1, " "1, " "1, " "1, " "1, " "1, " "1, " "1, " "1, " "1, " "1, " "1, " "1, " "1, " "1, " "1, " "1, " "1, " "1, " "1, " "1, " "1, " "1, " "1, " "1, " "1, " "1, " "1, " "1, " "1, " "1, " "1, " "1, " "1, " "1, " "1, " "1, " "1, " "1, " "1, " "1, " "1, " "1, " "1, " "1, " "1, " "1, " "1, " "1, " "1, " "1, " "1, " "1, " "1, " "1, " "1, " "1, " "1, " "1, " "1, " "1, " "1, " "1, " "1, " "1, " "1, " "1, " "1, " "1, " "1, " "1, " "1, " "1, " "1, " "1, " "1, " "1, " "1, " "1, " "1, " "1, " "1, " "1, " "1, " "1, " "1, " "1, " "1, " "1, " "1, " "1, " "1, " "1, " "1, " "1, " "1, " "1, " "1, " "1, " "1, "204
 "Nei156, 0.054, " "0.015, " "1, " "1, " "1, " "1, " "1, " "1, " "1, " "1, " "1, " "1, " "1, " "1, " "1, " "1, " "1, " "1, " "1, " "1, " "1, " "1, " "1, " "1, " "1, " "1, " "1, " "1, " "1, " "1, " "1, " "1, " "1, " "1, " "1, " "1, " "1, " "1, " "1, " "1, " "1, " "1, " "1, " "1, " "1, " "1, " "1, " "1, " "1, " "1, " "1, " "1, " "1, " "1, " "1, " "1, " "1, " "1, " "1, " "1, " "1, " "1, " "1, " "1, " "1, " "1, " "1, " "1, " "1, " "1, " "1, " "1, " "1, " "1, " "1, " "1, " "1, " "1, " "1, " "1, " "1, " "1, " "1, " "1, " "1, " "1, " "1, " "1, " "1, " "1, " "1, " "1, " "1, " "1, " "1, " "1, " "1, " "1, " "1, " "1, " "1, " "1, " "1, " "1, " "1, " "1, " "1, " "1, " "1, " "1, " "1, " "1, " "1, " "1, " "1, " "1, " "1, " "1, " "1, " "1, " "1, " "1, " "1, " "1, " "1, " "1, " "1, " "1, " "1, " "1, " "1, " "1, " "1, " "1, " "1, " "1, " "1, " "1, " "1, " "1, " "1, " "1, " "1, " "1, " "1, " "1, " "1, " "1, " "1, " "1, " "1, " "1, " "1, " "1, " "1, " "1, " "1, " "1, " "0, " "1, " "1, " "1, " "1, " "1, " "1, " "1, " "1, " "1, " "1, " "1, " "1, " "1, " "1, " "1, " "1, " "1, " "1, " "1, " "1, " "1, " "1, " "1, " "1, " "1, " "1, " "1, " "1, " "1, " "1, " "1, " "1, " "1, " "1, " "1, " "1, " "1, " "1, " "1, " "1, " "1, " "1, " "1, " "1, " "1, " "1, " "1, " "1, " "1, " "1, " "1, " "1, " "1, " "1, " "1, " "1, " "1, " "1, " "1, " "1, " "1, " "1, " "1, " "1, " "1, " "1, " "1, " "1, " "1, " "1, " "1, " "1, " "1, " "1, " "1, " "1, " "1, " "1, " "1, " "1, " "1, " "1, " "1, " "1, " "1, " "1, " "1, " "1, " "1, " "1, " "1, " "1, " "1, " "1, " "1, " "1, " "1, " "1, " "1, " "1, " "1, " "1, " "1, " "1, " "1, " "1, " "1, " "1, " "1, " "1, " "1, " "1, " "1, " "1, " "1, " "1, " "1, " "1, " "1, " "1, " "1, " "1, " "1, " "1, " "1, " "1, " "1, " "1, " "1, " "1, " "1, " "1, " "1, " "1, " "1, " "1, " "1, " "1, " "1, " "1, " "1, " "1, " "1, " "1, " "1, " "1, " "1, " "1, " "1, " "1, " "1, " "1, " "1, " "1, " "1, " "1, " "1, " "1, " "1, " "1, " "1, " "1, " "1, " "1, " "1, " "1, " "1, " "1, " "1, " "1, " "1, " "1, " "1, " "1, " "1, " "1, " "1, " "1, " "1, " "1, " "1, " "1, " "1, " "1, " "1, " "1, " "1, " "1, " "1, " "1, " "1, " "1, " "1, " "1, " "1, " "1, " "1, " "1, " "1, " "1, " "1, " "1, " "1, " "1, " "1, " "1, " "1, " "1, " "1, " "1, " "1, " "1, " "1, " "1, " "1, " "1, " "1, " "1, " "1, " "1, " "1, " "1, " "1, " "1, " "1, " "1, " "1, " "1, " "1, " "1, " "1, " "1, " "1, " "1, " "1, " "1, " "1, " "1, " "1, " "1, " "1, " "1, " "1, " "1, " "1, " "1, " "1, " "1, " "1, " "1, " "1, " "1, " "1, " "1, " "1, " "1, " "1, " "1, " "1, " "1, " "1, " "1, " "1, " "1, " "1, " "1, " "1, " "1, " "1, " "1, " "1, " "1, " "1, " "1, " "1, " "1, " "1, " "1, " "1, " "1, " "1, " "1, " "1, " "1, " "1, " "1, " "1, " "1, " "1, " "1, " "1, " "1, " "1, " "1, " "1, " "1, " "1, " "1, " "1, " "1, " "1, " "1, " "1, " "1, " "1, " "1, " "1, " "1, " "1, " "1, " "1, " "1, " "1, " "1, " "1, " "1, " "1, " "1, " "1, " "1, " "1, " "1, " "1, " "1, " "1, " "1, " "1, " "1, " "1, " "1, " "1, " "1, " "1, " "1, " "1, " "1, " "1, " "1, " "1, " "1, " "1, " "1, " "1, " "1, " "1, " "1, " "1, " "1, " "1, " "1, " "1, " "1, " "1, " "1, " "1, " "1, "204
 "Nei157, 0.193, " "0.015, " "1, " "1, " "1, " "1, " "1, " "1, " "1, " "1, " "1, " "1, " "1, " "1, " "1, " "1, " "1, " "1, " "1, " "1, " "1, " "1, " "1, " "1, " "1, " "1, " "1, " "1, " "1, " "1, " "1, " "1, " "1, " "1, " "1, " "1, " "1, " "1, " "1, " "1, " "1, " "1, " "1, " "1, " "1, " "1, " "1, " "1, " "1, " "1, " "1, " "1, " "1, " "1, " "1, " "1, " "1, " "1, " "1, " "1, " "1, " "1, " "1, " "1, " "1, " "1, " "1, " "1, " "1, " "1, " "1, " "1, " "1, " "1, " "1, " "1, " "1, " "1, " "1, " "1, " "1, " "1, " "1, " "1, " "1, " "1, " "1, " "1, " "1, " "1, " "1, " "1, " "1, " "1, " "1, " "1, " "1, " "1, " "1, " "1, " "1, " "1, " "1, " "1, " "1, " "1, " "1, " "1, " "1, " "1, " "1, " "1, " "1, " "1, " "1, " "1, " "1, " "1, " "1, " "1, " "1, " "1, " "1, " "1, " "1, " "1, " "1, " "1, " "1, " "1, " "1, " "1, " "1, " "1, " "1, " "1, " "1, " "1, " "1, " "1, " "1, " "1, " "1, " "1, " "1, " "1, " "1, " "1, " "1, " "1, " "1, " "1, " "1, " "1, " "1, " "1, " "1, " "1, " "1, " "0, " "1, " "1, " "1, " "1, " "1, " "1, " "1, " "1, " "1, " "1, " "1, " "1, " "1, " "1, " "1, " "1, " "1, " "1, " "1, " "1, " "1, " "1, " "1, " "1, " "1, " "1, " "1, " "1, " "1, " "1, " "1, " "1, " "1, " "1, " "1, " "1, " "1, " "1, " "1, " "1, " "1, " "1, " "1, " "1, " "1, " "1, " "1, " "1, " "1, " "1, " "1, " "1, " "1, " "1, " "1, " "1, " "1, " "1, " "1, " "1, " "1, " "1, " "1, " "1, " "1, " "1, " "1, " "1, " "1, " "1, " "1, " "1, " "1, " "1, " "1, " "1, " "1, " "1, " "1, " "1, " "1, " "1, " "1, " "1, " "1, " "1, " "1, " "1, " "1, " "1, " "1, " "1, " "1, " "1, " "1, " "1, " "1, " "1, " "1, " "1, " "1, " "1, " "1, " "1, " "1, " "1, " "1, " "1, " "1, " "1, " "1, " "1, " "1, " "1, " "1, " "1, " "1, " "1, " "1, " "1, " "1, " "1, " "1, " "1, " "1, " "1, " "1, " "1, " "1, " "1, " "1, " "1, " "1, " "1, " "1, " "1, " "1, " "1, " "1, " "1, " "1, " "1, " "1, " "1, " "1, " "1, " "1, " "1, " "1, " "1, " "1, " "1, " "1, " "1, " "1, " "1, " "1, " "1, " "1, " "1, " "1, " "1, " "1, " "1, " "1, " "1, " "1, " "1, " "1, " "1, " "1, " "1, " "1, " "1, " "1, " "1, " "1, " "1, " "1, " "1, " "1, " "1, " "1, " "1, " "1, " "1, " "1, " "1, " "1, " "1, " "1, " "1, " "1, " "1, " "1, " "1, " "1, " "1, " "1, " "1, " "1, " "1, " "1, " "1, " "1, " "1, " "1, " "1, " "1, " "1, " "1, " "1, " "1, " "1, " "1, " "1, " "1, " "1, " "1, " "1, " "1, " "1, " "1, " "1, " "1, " "1, " "1, " "1, " "1, " "1, " "1, " "1, " "1, " "1, " "1, " "1, " "1, " "1, " "1, " "1, " "1, " "1, " "1, " "1, " "1, " "1, " "1, " "1, " "1, " "1, " "1, " "1, " "1, " "1, " "1, " "1, " "1, " "1, " "1, " "1, " "1, " "1, " "1, " "1, " "1, " "1, " "1, " "1, " "1, " "1, " "1, " "1, " "1, " "1, " "1, " "1, " "1, " "1, " "1, " "1, " "1, " "1, " "1, " "1, " "1, " "1, " "1, " "1, " "1, " "1, " "1, " "1, " "1, " "1, " "1, " "1, " "1, " "1, " "1, " "1, " "1, " "1, " "1, " "1, " "1, " "1, " "1, " "1, " "1, " "1, " "1, " "1, " "1, " "1, " "1, " "1, " "1, " "1, " "1, " "1, " "1, " "1, " "1, " "1, " "1, " "1, " "1, " "1, " "1, " "1, " "1, " "1, " "1, " "1, " "1, " "1, " "1, " "1, " "1, " "1, " "1, " "1, " "1, " "1, " "1, " "1, " "1, " "1, " "1, " "1, " "1, " "1, " "1, " "1, " "1, "204
 "Nei158, 0.237, " "0.015, " "1, " "1, " "1, " "1, " "1, " "1, " "1, " "1, " "1, " "1, " "1, " "1, " "1, " "1, " "1, " "1, " "1, " "1, " "1, " "1, " "1, " "1, " "1, " "1, " "1, " "1, " "1, " "1, " "1, " "1, " "1, " "1, " "1, " "1, " "1, " "1, " "1, " "1, " "1, " "1, " "1, " "1, " "1, " "1, " "1, " "1, " "1, " "1, " "1, " "1, " "1, " "1, " "1, " "1, " "1, " "1, " "1, " "1, " "1, " "1, " "1, " "1, " "1, " "1, " "1, " "1, " "1, " "1, " "1, " "1, " "1, " "1, " "1, " "1, " "1, " "1, " "1, " "1, " "1, " "1, " "1, " "1, " "1, " "1, " "1, " "1, " "1, " "1, " "1, " "1, " "1, " "1, " "1, " "1, " "1, " "1, " "1, " "1, " "1, " "1, " "1, " "1, " "1, " "1, " "1, " "1, " "1, " "1, " "1, " "1, " "1, " "1, " "1, " "1, " "1, " "1, " "1, " "1, " "1, " "1, " "1, " "1, " "1, " "1, " "1, " "1, " "1, " "1, " "1, " "1, " "1, " "1, " "1, " "1, " "1, " "1, " "1, " "1, " "1, " "1, " "1, " "1, " "1, " "1, " "1, " "1, " "1, " "1, " "1, " "1, " "1, " "1, " "1, " "1, " "1, " "1, " "1, " "1, " "0, " "1, " "1, " "1, " "1, " "1, " "1, " "1, " "1, " "1, " "1, " "1, " "1, " "1, " "1, " "1, " "1, " "1, " "1, " "1, " "1, " "1, " "1, " "1, " "1, " "1, " "1, " "1, " "1, " "1, " "1, " "1, " "1, " "1, " "1, " "1, " "1, " "1, " "1, " "1, " "1, " "1, " "1, " "1, " "1, " "1, " "1, " "1, " "1, " "1, " "1, " "1, " "1, " "1, " "1, " "1, " "1, " "1, " "1, " "1, " "1, " "1, " "1, " "1, " "1, " "1, " "1, " "1, " "1, " "1, " "1, " "1, " "1, " "1, " "1, " "1, " "1, " "1, " "1, " "1, " "1, " "1, " "1, " "1, " "1, " "1, " "1, " "1, " "1, " "1, " "1, " "1, " "1, " "1, " "1, " "1, " "1, " "1, " "1, " "1, " "1, " "1, " "1, " "1, " "1, " "1, " "1, " "1, " "1, " "1, " "1, " "1, " "1, " "1, " "1, " "1, " "1, " "1, " "1, " "1, " "1, " "1, " "1, " "1, " "1, " "1, " "1, " "1, " "1, " "1, " "1, " "1, " "1, " "1, " "1, " "1, " "1, " "1, " "1, " "1, " "1, " "1, " "1, " "1, " "1, " "1, " "1, " "1, " "1, " "1, " "1, " "1, " "1, " "1, " "1, " "1, " "1, " "1, " "1, " "1, " "1, " "1, " "1, " "1, " "1, " "1, " "1, " "1, " "1, " "1, " "1, " "1, " "1, " "1, " "1, " "1, " "1, " "1, " "1, " "1, " "1, " "1, " "1, " "1, " "1, " "1, " "1, " "1, " "1, " "1, " "1, " "1, " "1, " "1, " "1, " "1, " "1, " "1, " "1, " "1, " "1, " "1, " "1, " "1, " "1, " "1, " "1, " "1, " "1, " "1, " "1, " "1, " "1, " "1, " "1, " "1, " "1, " "1, " "1, " "1, " "1, " "1, " "1, " "1, " "1, " "1, " "1, " "1, " "1, " "1, " "1, " "1, " "1, " "1, " "1, " "1, " "1, " "1, " "1, " "1, " "1, " "1, " "1, " "1, " "1, " "1, " "1, " "1, " "1, " "1, " "1, " "1, " "1, " "1, " "1, " "1, " "1, " "1, " "1, " "1, " "1, " "1, " "1, " "1, " "1, " "1, " "1, " "1, " "1, " "1, " "1, " "1, " "1, " "1, " "1, " "1, " "1, " "1, " "1, " "1, " "1, " "1, " "1, " "1, " "1, " "1, " "1, " "1, " "1, " "1, " "1, " "1, " "1, " "1, " "1, " "1, " "1, " "1, " "1, " "1, " "1, " "1, " "1, " "1, " "1, " "1, " "1, " "1, " "1, " "1, " "1, " "1, " "1, " "1, " "1, " "1, " "1, " "1, " "1, " "1, " "1, " "1, " "1, " "1, " "1, " "1, " "1, " "1, " "1, " "1, " "1, " "1, " "1, " "1, " "1, " "1, " "1, " "1, " "1, " "1, " "1, " "1, " "1, " "1, " "1, " "1, " "1, " "1, " "1, " "1, " "1, " "1, " "1, " "1, " "1, "204
 "Nei159, 0.376, " "0.015, " "1, " "1, " "1, " "1, " "1, " "1, " "1, " "1, " "1, " "1, " "1, " "1, " "1, " "1, " "1, " "1, " "1, " "1, " "1, " "1, " "1, " "1, " "1, " "1, " "1, " "1, " "1, " "1, " "1, " "1, " "1, " "1, " "1, " "1, " "1, " "1, " "1, " "1, " "1, " "1, " "1, " "1, " "1, " "1, " "1, " "1, " "1, " "1, " "1, " "1, " "1, " "1, " "1, " "1, " "1, " "1, " "1, " "1, " "1, " "1, " "1, " "1, " "1, " "1, " "1, " "1, " "1, " "1, " "1, " "1, " "1, " "1, " "1, " "1, " "1, " "1, " "1, " "1, " "1, " "1, " "1, " "1, " "1, " "1, " "1, " "1, " "1, " "1, " "1, " "1, " "1, " "1, " "1, " "1, " "1, " "1, " "1, " "1, " "1, " "1, " "1, " "1, " "1, " "1, " "1, " "1, " "1, " "1, " "1, " "1, " "1, " "1, " "1, " "1, " "1, " "1, " "1, " "1, " "1, " "1, " "1, " "1, " "1, " "1, " "1, " "1, " "1, " "1, " "1, " "1, " "1, " "1, " "1, " "1, " "1, " "1, " "1, " "1, " "1, " "1, " "1, " "1, " "1, " "1, " "1, " "1, " "1, " "1, " "1, " "1, " "1, " "1, " "1, " "1, " "1, " "1, " "1, " "1, " "1, " "0, " "1, " "1, " "1, " "1, " "1, " "1, " "1, " "1, " "1, " "1, " "1, " "1, " "1, " "1, " "1, " "1, " "1, " "1, " "1, " "1, " "1, " "1, " "1, " "1, " "1, " "1, " "1, " "1, " "1, " "1, " "1, " "1, " "1, " "1, " "1, " "1, " "1, " "1, " "1, " "1, " "1, " "1, " "1, " "1, " "1, " "1, " "1, " "1, " "1, " "1, " "1, " "1, " "1, " "1, " "1, " "1, " "1, " "1, " "1, " "1, " "1, " "1, " "1, " "1, " "1, " "1, " "1, " "1, " "1, " "1, " "1, " "1, " "1, " "1, " "1, " "1, " "1, " "1, " "1, " "1, " "1, " "1, " "1, " "1, " "1, " "1, " "1, " "1, " "1, " "1, " "1, " "1, " "1, " "1, " "1, " "1, " "1, " "1, " "1, " "1, " "1, " "1, " "1, " "1, " "1, " "1, " "1, " "1, " "1, " "1, " "1, " "1, " "1, " "1, " "1, " "1, " "1, " "1, " "1, " "1, " "1, " "1, " "1, " "1, " "1, " "1, " "1, " "1, " "1, " "1, " "1, " "1, " "1, " "1, " "1, " "1, " "1, " "1, " "1, " "1, " "1, " "1, " "1, " "1, " "1, " "1, " "1, " "1, " "1, " "1, " "1, " "1, " "1, " "1, " "1, " "1, " "1, " "1, " "1, " "1, " "1, " "1, " "1, " "1, " "1, " "1, " "1, " "1, " "1, " "1, " "1, " "1, " "1, " "1, " "1, " "1, " "1, " "1, " "1, " "1, " "1, " "1, " "1, " "1, " "1, " "1, " "1, " "1, " "1, " "1, " "1, " "1, " "1, " "1, " "1, " "1, " "1, " "1, " "1, " "1, " "1, " "1, " "1, " "1, " "1, " "1, " "1, " "1, " "1, " "1, " "1, " "1, " "1, " "1, " "1, " "1, " "1, " "1, " "1, " "1, " "1, " "1, " "1, " "1, " "1, " "1, " "1, " "1, " "1, " "1, " "1, " "1, " "1, " "1, " "1, " "1, " "1, " "1, " "1, " "1, " "1, " "1, " "1, " "1, " "1, " "1, " "1, " "1, " "1, " "1, " "1, " "1, " "1, " "1, " "1, " "1, " "1, " "1, " "1, " "1, " "1, " "1, " "1, " "1, " "1, " "1, " "1, " "1, " "1, " "1, " "1, " "1, " "1, " "1, " "1, " "1, " "1, " "1, " "1, " "1, " "1, " "1, " "1, " "1, " "1, " "1, " "1, " "1, " "1, " "1, " "1, " "1, " "1, " "1, " "1, " "1, " "1, " "1, " "1, " "1, " "1, " "1, " "1, " "1, " "1, " "1, " "1, " "1, " "1, " "1, " "1, " "1, " "1, " "1, " "1, " "1, " "1, " "1, " "1, " "1, " "1, " "1, " "1, " "1, " "1, " "1, " "1, " "1, " "1, " "1, " "1, " "1, " "1, " "1, " "1, " "1, " "1, " "1, " "1, " "1, " "1, " "1, " "1, " "1, " "1, " "1, " "1, " "1, " "1, " "1, " "1, " "1, " "1, "204
 "Nei160, 0.136, " "0.015, " "1, " "1, " "1, " "1, " "1, " "1, " "1, " "1, " "1, " "1, " "1, " "1, " "1, " "1, " "1, " "1, " "1, " "1, " "1, " "1, " "1, " "1, " "1, " "1, " "1, " "1, " "1, " "1, " "1, " "1, " "1, " "1, " "1, " "1, " "1, " "1, " "1, " "1, " "1, " "1, " "1, " "1, " "1, " "1, " "1, " "1, " "1, " "1, " "1, " "1, " "1, " "1, " "1, " "1, " "1, " "1, " "1, " "1, " "1, " "1, " "1, " "1, " "1, " "1, " "1, " "1, " "1, " "1, " "1, " "1, " "1, " "1, " "1, " "1, " "1, " "1, " "1, " "1, " "1, " "1, " "1, " "1, " "1, " "1, " "1, " "1, " "1, " "1, " "1, " "1, " "1, " "1, " "1, " "1, " "1, " "1, " "1, " "1, " "1, " "1, " "1, " "1, " "1, " "1, " "1, " "1, " "1, " "1, " "1, " "1, " "1, " "1, " "1, " "1, " "1, " "1, " "1, " "1, " "1, " "1, " "1, " "1, " "1, " "1, " "1, " "1, " "1, " "1, " "1, " "1, " "1, " "1, " "1, " "1, " "1, " "1, " "1, " "1, " "1, " "1, " "1, " "1, " "1, " "1, " "1, " "1, " "1, " "1, " "1, " "1, " "1, " "1, " "1, " "1, " "1, " "1, " "1, " "1, " "1, " "1, " "0, " "1, " "1, " "1, " "1, " "1, " "1, " "1, " "1, " "1, " "1, " "1, " "1, " "1, " "1, " "1, " "1, " "1, " "1, " "1, " "1, " "1, " "1, " "1, " "1, " "1, " "1, " "1, " "1, " "1, " "1, " "1, " "1, " "1, " "1, " "1, " "1, " "1, " "1, " "1, " "1, " "1, " "1, " "1, " "1, " "1, " "1, " "1, " "1, " "1, " "1, " "1, " "1, " "1, " "1, " "1, " "1, " "1, " "1, " "1, " "1, " "1, " "1, " "1, " "1, " "1, " "1, " "1, " "1, " "1, " "1, " "1, " "1, " "1, " "1, " "1, " "1, " "1, " "1, " "1, " "1, " "1, " "1, " "1, " "1, " "1, " "1, " "1, " "1, " "1, " "1, " "1, " "1, " "1, " "1, " "1, " "1, " "1, " "1, " "1, " "1, " "1, " "1, " "1, " "1, " "1, " "1, " "1, " "1, " "1, " "1, " "1, " "1, " "1, " "1, " "1, " "1, " "1, " "1, " "1, " "1, " "1, " "1, " "1, " "1, " "1, " "1, " "1, " "1, " "1, " "1, " "1, " "1, " "1, " "1, " "1, " "1, " "1, " "1, " "1, " "1, " "1, " "1, " "1, " "1, " "1, " "1, " "1, " "1, " "1, " "1, " "1, " "1, " "1, " "1, " "1, " "1, " "1, " "1, " "1, " "1, " "1, " "1, " "1, " "1, " "1, " "1, " "1, " "1, " "1, " "1, " "1, " "1, " "1, " "1, " "1, " "1, " "1, " "1, " "1, " "1, " "1, " "1, " "1, " "1, " "1, " "1, " "1, " "1, " "1, " "1, " "1, " "1, " "1, " "1, " "1, " "1, " "1, " "1, " "1, " "1, " "1, " "1, " "1, " "1, " "1, " "1, " "1, " "1, " "1, " "1, " "1, " "1, " "1, " "1, " "1, " "1, " "1, " "1, " "1, " "1, " "1, " "1, " "1, " "1, " "1, " "1, " "1, " "1, " "1, " "1, " "1, " "1, " "1, " "1, " "1, " "1, " "1, " "1, " "1, " "1, " "1, " "1, " "1, " "1, " "1, " "1, " "1, " "1, " "1, " "1, " "1, " "1, " "1, " "1, " "1, " "1, " "1, " "1, " "1, " "1, " "1, " "1, " "1, " "1, " "1, " "1, " "1, " "1, " "1, " "1, " "1, " "1, " "1, " "1, " "1, " "1, " "1, " "1, " "1, " "1, " "1, " "1, " "1, " "1, " "1, " "1, " "1, " "1, " "1, " "1, " "1, " "1, " "1, " "1, " "1, " "1, " "1, " "1, " "1, " "1, " "1, " "1, " "1, " "1, " "1, " "1, " "1, " "1, " "1, " "1, " "1, " "1, " "1, " "1, " "1, " "1, " "1, " "1, " "1, " "1, " "1, " "1, " "1, " "1, " "1, " "1, " "1, " "1, " "1, " "1, " "1, " "1, " "1, " "1, " "1, " "1, " "1, " "1, " "1, " "1, " "1, " "1, " "1, " "1, " "1, " "1, " "1, " "1, " "1, " "1, " "1, " "1, "204
 "Nei161, 0.154, " "0.015, " "1, " "1, " "1, " "1, " "1, " "1, " "1, " "1, " "1, " "1, " "1, " "1, " "1, " "1, " "1, " "1, " "1, " "1, " "1, " "1, " "1, " "1, " "1, " "1, " "1, " "1, " "1, " "1, " "1, " "1, " "1, " "1, " "1, " "1, " "1, " "1, " "1, " "1, " "1, " "1, " "1, " "1, " "1, " "1, " "1, " "1, " "1, " "1, " "1, " "1, " "1, " "1, " "1, " "1, " "1, " "1, " "1, " "1, " "1, " "1, " "1, " "1, " "1, " "1, " "1, " "1, " "1, " "1, " "1, " "1, " "1, " "1, " "1, " "1, " "1, " "1, " "1, " "1, " "1, " "1, " "1, " "1, " "1, " "1, " "1, " "1, " "1, " "1, " "1, " "1, " "1, " "1, " "1, " "1, " "1, " "1, " "1, " "1, " "1, " "1, " "1, " "1, " "1, " "1, " "1, " "1, " "1, " "1, " "1, " "1, " "1, " "1, " "1, " "1, " "1, " "1, " "1, " "1, " "1, " "1, " "1, " "1, " "1, " "1, " "1, " "1, " "1, " "1, " "1, " "1, " "1, " "1, " "1, " "1, " "1, " "1, " "1, " "1, " "1, " "1, " "1, " "1, " "1, " "1, " "1, " "1, " "1, " "1, " "1, " "1, " "1, " "1, " "1, " "1, " "1, " "1, " "1, " "1, " "1, " "1, " "1, " "0, " "1, " "1, " "1, " "1, " "1, " "1, " "1, " "1, " "1, " "1, " "1, " "1, " "1, " "1, " "1, " "1, " "1, " "1, " "1, " "1, " "1, " "1, " "1, " "1, " "1, " "1, " "1, " "1, " "1, " "1, " "1, " "1, " "1, " "1, " "1, " "1, " "1, " "1, " "1, " "1, " "1, " "1, " "1, " "1, " "1, " "1, " "1, " "1, " "1, " "1, " "1, " "1, " "1, " "1, " "1, " "1, " "1, " "1, " "1, " "1, " "1, " "1, " "1, " "1, " "1, " "1, " "1, " "1, " "1, " "1, " "1, " "1, " "1, " "1, " "1, " "1, " "1, " "1, " "1, " "1, " "1, " "1, " "1, " "1, " "1, " "1, " "1, " "1, " "1, " "1, " "1, " "1, " "1, " "1, " "1, " "1, " "1, " "1, " "1, " "1, " "1, " "1, " "1, " "1, " "1, " "1, " "1, " "1, " "1, " "1, " "1, " "1, " "1, " "1, " "1, " "1, " "1, " "1, " "1, " "1, " "1, " "1, " "1, " "1, " "1, " "1, " "1, " "1, " "1, " "1, " "1, " "1, " "1, " "1, " "1, " "1, " "1, " "1, " "1, " "1, " "1, " "1, " "1, " "1, " "1, " "1, " "1, " "1, " "1, " "1, " "1, " "1, " "1, " "1, " "1, " "1, " "1, " "1, " "1, " "1, " "1, " "1, " "1, " "1, " "1, " "1, " "1, " "1, " "1, " "1, " "1, " "1, " "1, " "1, " "1, " "1, " "1, " "1, " "1, " "1, " "1, " "1, " "1, " "1, " "1, " "1, " "1, " "1, " "1, " "1, " "1, " "1, " "1, " "1, " "1, " "1, " "1, " "1, " "1, " "1, " "1, " "1, " "1, " "1, " "1, " "1, " "1, " "1, " "1, " "1, " "1, " "1, " "1, " "1, " "1, " "1, " "1, " "1, " "1, " "1, " "1, " "1, " "1, " "1, " "1, " "1, " "1, " "1, " "1, " "1, " "1, " "1, " "1, " "1, " "1, " "1, " "1, " "1, " "1, " "1, " "1, " "1, " "1, " "1, " "1, " "1, " "1, " "1, " "1, " "1, " "1, " "1, " "1, " "1, " "1, " "1, " "1, " "1, " "1, " "1, " "1, " "1, " "1, " "1, " "1, " "1, " "1, " "1, " "1, " "1, " "1, " "1, " "1, " "1, " "1, " "1, " "1, " "1, " "1, " "1, " "1, " "1, " "1, " "1, " "1, " "1, " "1, " "1, " "1, " "1, " "1, " "1, " "1, " "1, " "1, " "1, " "1, " "1, " "1, " "1, " "1, " "1, " "1, " "1, " "1, " "1, " "1, " "1, " "1, " "1, " "1, " "1, " "1, " "1, " "1, " "1, " "1, " "1, " "1, " "1, " "1, " "1, " "1, " "1, " "1, " "1, " "1, " "1, " "1, " "1, " "1, " "1, " "1, " "1, " "1, " "1, " "1, " "1, " "1, " "1, " "1, " "1, " "1, " "1, " "1, " "1, " "1, " "1, " "1, " "1, " "1, "204
 "Nei162, 0.281, " "0.015, " "1, " "1, " "1, " "1, " "1, " "1, " "1, " "1, " "1, " "1, " "1, " "1, " "1, " "1, " "1, " "1, " "1, " "1, " "1, " "1, " "1, " "1, " "1, " "1, " "1, " "1, " "1, " "1, " "1, " "1, " "1, " "1, " "1, " "1, " "1, " "1, " "1, " "1, " "1, " "1, " "1, " "1, " "1, " "1, " "1, " "1, " "1, " "1, " "1, " "1, " "1, " "1, " "1, " "1, " "1, " "1, " "1, " "1, " "1, " "1, " "1, " "1, " "1, " "1, " "1, " "1, " "1, " "1, " "1, " "1, " "1, " "1, " "1, " "1, " "1, " "1, " "1, " "1, " "1, " "1, " "1, " "1, " "1, " "1, " "1, " "1, " "1, " "1, " "1, " "1, " "1, " "1, " "1, " "1, " "1, " "1, " "1, " "1, " "1, " "1, " "1, " "1, " "1, " "1, " "1, " "1, " "1, " "1, " "1, " "1, " "1, " "1, " "1, " "1, " "1, " "1, " "1, " "1, " "1, " "1, " "1, " "1, " "1, " "1, " "1, " "1, " "1, " "1, " "1, " "1, " "1, " "1, " "1, " "1, " "1, " "1, " "1, " "1, " "1, " "1, " "1, " "1, " "1, " "1, " "1, " "1, " "1, " "1, " "1, " "1, " "1, " "1, " "1, " "1, " "1, " "1, " "1, " "1, " "1, " "1, " "1, " "1, " "0, " "1, " "1, " "1, " "1, " "1, " "1, " "1, " "1, " "1, " "1, " "1, " "1, " "1, " "1, " "1, " "1, " "1, " "1, " "1, " "1, " "1, " "1, " "1, " "1, " "1, " "1, " "1, " "1, " "1, " "1, " "1, " "1, " "1, " "1, " "1, " "1, " "1, " "1, " "1, " "1, " "1, " "1, " "1, " "1, " "1, " "1, " "1, " "1, " "1, " "1, " "1, " "1, " "1, " "1, " "1, " "1, " "1, " "1, " "1, " "1, " "1, " "1, " "1, " "1, " "1, " "1, " "1, " "1, " "1, " "1, " "1, " "1, " "1, " "1, " "1, " "1, " "1, " "1, " "1, " "1, " "1, " "1, " "1, " "1, " "1, " "1, " "1, " "1, " "1, " "1, " "1, " "1, " "1, " "1, " "1, " "1, " "1, " "1, " "1, " "1, " "1, " "1, " "1, " "1, " "1, " "1, " "1, " "1, " "1, " "1, " "1, " "1, " "1, " "1, " "1, " "1, " "1, " "1, " "1, " "1, " "1, " "1, " "1, " "1, " "1, " "1, " "1, " "1, " "1, " "1, " "1, " "1, " "1, " "1, " "1, " "1, " "1, " "1, " "1, " "1, " "1, " "1, " "1, " "1, " "1, " "1, " "1, " "1, " "1, " "1, " "1, " "1, " "1, " "1, " "1, " "1, " "1, " "1, " "1, " "1, " "1, " "1, " "1, " "1, " "1, " "1, " "1, " "1, " "1, " "1, " "1, " "1, " "1, " "1, " "1, " "1, " "1, " "1, " "1, " "1, " "1, " "1, " "1, " "1, " "1, " "1, " "1, " "1, " "1, " "1, " "1, " "1, " "1, " "1, " "1, " "1, " "1, " "1, " "1, " "1, " "1, " "1, " "1, " "1, " "1, " "1, " "1, " "1, " "1, " "1, " "1, " "1, " "1, " "1, " "1, " "1, " "1, " "1, " "1, " "1, " "1, " "1, " "1, " "1, " "1, " "1, " "1, " "1, " "1, " "1, " "1, " "1, " "1, " "1, " "1, " "1, " "1, " "1, " "1, " "1, " "1, " "1, " "1, " "1, " "1, " "1, " "1, " "1, " "1, " "1, " "1, " "1, " "1, " "1, " "1, " "1, " "1, " "1, " "1, " "1, " "1, " "1, " "1, " "1, " "1, " "1, " "1, " "1, " "1, " "1, " "1, " "1, " "1, " "1, " "1, " "1, " "1, " "1, " "1, " "1, " "1, " "1, " "1, " "1, " "1, " "1, " "1, " "1, " "1, " "1, " "1, " "1, " "1, " "1, " "1, " "1, " "1, " "1, " "1, " "1, " "1, " "1, " "1, " "1, " "1, " "1, " "1, " "1, " "1, " "1, " "1, " "1, " "1, " "1, " "1, " "1, " "1, " "1, " "1, " "1, " "1, " "1, " "1, " "1, " "1, " "1, " "1, " "1, " "1, " "1, " "1, " "1, " "1, " "1, " "1, " "1, " "1, " "1, " "1, " "1, " "1, " "1, " "1, " "1, " "1, " "1, " "1, " "1, " "1, " "1, "204
 "Nei163, 0.127, " "0.015, " "1, " "1, " "1, " "1, " "1, " "1, " "1, " "1, " "1, " "1, " "1, " "1, " "1, " "1, " "1, " "1, " "1, " "1, " "1, " "1, " "1, " "1, " "1, " "1, " "1, " "1, " "1, " "1, " "1, " "1, " "1, " "1, " "1, " "1, " "1, " "1, " "1, " "1, " "1, " "1, " "1, " "1, " "1, " "1, " "1, " "1, " "1, " "1, " "1, " "1, " "1, " "1, " "1, " "1, " "1, " "1, " "1, " "1, " "1, " "1, " "1, " "1, " "1, " "1, " "1, " "1, " "1, " "1, " "1, " "1, " "1, " "1, " "1, " "1, " "1, " "1, " "1, " "1, " "1, " "1, " "1, " "1, " "1, " "1, " "1, " "1, " "1, " "1, " "1, " "1, " "1, " "1, " "1, " "1, " "1, " "1, " "1, " "1, " "1, " "1, " "1, " "1, " "1, " "1, " "1, " "1, " "1, " "1, " "1, " "1, " "1, " "1, " "1, " "1, " "1, " "1, " "1, " "1, " "1, " "1, " "1, " "1, " "1, " "1, " "1, " "1, " "1, " "1, " "1, " "1, " "1, " "1, " "1, " "1, " "1, " "1, " "1, " "1, " "1, " "1, " "1, " "1, " "1, " "1, " "1, " "1, " "1, " "1, " "1, " "1, " "1, " "1, " "1, " "1, " "1, " "1, " "1, " "1, " "1, " "1, " "1, " "1, " "1, " "0, " "1, " "1, " "1, " "1, " "1, " "1, " "1, " "1, " "1, " "1, " "1, " "1, " "1, " "1, " "1, " "1, " "1, " "1, " "1, " "1, " "1, " "1, " "1, " "1, " "1, " "1, " "1, " "1, " "1, " "1, " "1, " "1, " "1, " "1, " "1, " "1, " "1, " "1, " "1, " "1, " "1, " "1, " "1, " "1, " "1, " "1, " "1, " "1, " "1, " "1, " "1, " "1, " "1, " "1, " "1, " "1, " "1, " "1, " "1, " "1, " "1, " "1, " "1, " "1, " "1, " "1, " "1, " "1, " "1, " "1, " "1, " "1, " "1, " "1, " "1, " "1, " "1, " "1, " "1, " "1, " "1, " "1, " "1, " "1, " "1, " "1, " "1, " "1, " "1, " "1, " "1, " "1, " "1, " "1, " "1, " "1, " "1, " "1, " "1, " "1, " "1, " "1, " "1, " "1, " "1, " "1, " "1, " "1, " "1, " "1, " "1, " "1, " "1, " "1, " "1, " "1, " "1, " "1, " "1, " "1, " "1, " "1, " "1, " "1, " "1, " "1, " "1, " "1, " "1, " "1, " "1, " "1, " "1, " "1, " "1, " "1, " "1, " "1, " "1, " "1, " "1, " "1, " "1, " "1, " "1, " "1, " "1, " "1, " "1, " "1, " "1, " "1, " "1, " "1, " "1, " "1, " "1, " "1, " "1, " "1, " "1, " "1, " "1, " "1, " "1, " "1, " "1, " "1, " "1, " "1, " "1, " "1, " "1, " "1, " "1, " "1, " "1, " "1, " "1, " "1, " "1, " "1, " "1, " "1, " "1, " "1, " "1, " "1, " "1, " "1, " "1, " "1, " "1, " "1, " "1, " "1, " "1, " "1, " "1, " "1, " "1, " "1, " "1, " "1, " "1, " "1, " "1, " "1, " "1, " "1, " "1, " "1, " "1, " "1, " "1, " "1, " "1, " "1, " "1, " "1, " "1, " "1, " "1, " "1, " "1, " "1, " "1, " "1, " "1, " "1, " "1, " "1, " "1, " "1, " "1, " "1, " "1, " "1, " "1, " "1, " "1, " "1, " "1, " "1, " "1, " "1, " "1, " "1, " "1, " "1, " "1, " "1, " "1, " "1, " "1, " "1, " "1, " "1, " "1, " "1, " "1, " "1, " "1, " "1, " "1, " "1, " "1, " "1, " "1, " "1, " "1, " "1, " "1, " "1, " "1, " "1, " "1, " "1, " "1, " "1, " "1, " "1, " "1, " "1, " "1, " "1, " "1, " "1, " "1, " "1, " "1, " "1, " "1, " "1, " "1, " "1, " "1, " "1, " "1, " "1, " "1, " "1, " "1, " "1, " "1, " "1, " "1, " "1, " "1, " "1, " "1, " "1, " "1, " "1, " "1, " "1, " "1, " "1, " "1, " "1, " "1, " "1, " "1, " "1, " "1, " "1, " "1, " "1, " "1, " "1, " "1, " "1, " "1, " "1, " "1, " "1, " "1, " "1, " "1, " "1, " "1, " "1, " "1, " "1, " "1, " "1, " "1, " "1, " "1, "204
 "Nei164, 0.392, " "0.015, " "1, " "1, " "1, " "1, " "1, " "1, " "1, " "1, " "1, " "1, " "1, " "1, " "1, " "1, " "1, " "1, " "1, " "1, " "1, " "1, " "1, " "1, " "1, " "1, " "1, " "1, " "1, " "1, " "1, " "1, " "1, " "1, " "1, " "1, " "1, " "1, " "1, " "1, " "1, " "1, " "1, " "1, " "1, " "1, " "1, " "1, " "1, " "1, " "1, " "1, " "1, " "1, " "1, " "1, " "1, " "1, " "1, " "1, " "1, " "1, " "1, " "1, " "1, " "1, " "1, " "1, " "1, " "1, " "1, " "1, " "1, " "1, " "1, " "1, " "1, " "1, " "1, " "1, " "1, " "1, " "1, " "1, " "1, " "1, " "1, " "1, " "1, " "1, " "1, " "1, " "1, " "1, " "1, " "1, " "1, " "1, " "1, " "1, " "1, " "1, " "1, " "1, " "1, " "1, " "1, " "1, " "1, " "1, " "1, " "1, " "1, " "1, " "1, " "1, " "1, " "1, " "1, " "1, " "1, " "1, " "1, " "1, " "1, " "1, " "1, " "1, " "1, " "1, " "1, " "1, " "1, " "1, " "1, " "1, " "1, " "1, " "1, " "1, " "1, " "1, " "1, " "1, " "1, " "1, " "1, " "1, " "1, " "1, " "1, " "1, " "1, " "1, " "1, " "1, " "1, " "1, " "1, " "1, " "1, " "1, " "1, " "1, " "1, " "1, " "0, " "1, " "1, " "1, " "1, " "1, " "1, " "1, " "1, " "1, " "1, " "1, " "1, " "1, " "1, " "1, " "1, " "1, " "1, " "1, " "1, " "1, " "1, " "1, " "1, " "1, " "1, " "1, " "1, " "1, " "1, " "1, " "1, " "1, " "1, " "1, " "1, " "1, " "1, " "1, " "1, " "1, " "1, " "1, " "1, " "1, " "1, " "1, " "1, " "1, " "1, " "1, " "1, " "1, " "1, " "1, " "1, " "1, " "1, " "1, " "1, " "1, " "1, " "1, " "1, " "1, " "1, " "1, " "1, " "1, " "1, " "1, " "1, " "1, " "1, " "1, " "1, " "1, " "1, " "1, " "1, " "1, " "1, " "1, " "1, " "1, " "1, " "1, " "1, " "1, " "1, " "1, " "1, " "1, " "1, " "1, " "1, " "1, " "1, " "1, " "1, " "1, " "1, " "1, " "1, " "1, " "1, " "1, " "1, " "1, " "1, " "1, " "1, " "1, " "1, " "1, " "1, " "1, " "1, " "1, " "1, " "1, " "1, " "1, " "1, " "1, " "1, " "1, " "1, " "1, " "1, " "1, " "1, " "1, " "1, " "1, " "1, " "1, " "1, " "1, " "1, " "1, " "1, " "1, " "1, " "1, " "1, " "1, " "1, " "1, " "1, " "1, " "1, " "1, " "1, " "1, " "1, " "1, " "1, " "1, " "1, " "1, " "1, " "1, " "1, " "1, " "1, " "1, " "1, " "1, " "1, " "1, " "1, " "1, " "1, " "1, " "1, " "1, " "1, " "1, " "1, " "1, " "1, " "1, " "1, " "1, " "1, " "1, " "1, " "1, " "1, " "1, " "1, " "1, " "1, " "1, " "1, " "1, " "1, " "1, " "1, " "1, " "1, " "1, " "1, " "1, " "1, " "1, " "1, " "1, " "1, " "1, " "1, " "1, " "1, " "1, " "1, " "1, " "1, " "1, " "1, " "1, " "1, " "1, " "1, " "1, " "1, " "1, " "1, " "1, " "1, " "1, " "1, " "1, " "1, " "1, " "1, " "1, " "1, " "1, " "1, " "1, " "1, " "1, " "1, " "1, " "1, " "1, " "1, " "1, " "1, " "1, " "1, " "1, " "1, " "1, " "1, " "1, " "1, " "1, " "1, " "1, " "1, " "1, " "1, " "1, " "1, " "1, " "1, " "1, " "1, " "1, " "1, " "1, " "1, " "1, " "1, " "1, " "1, " "1, " "1, " "1, " "1, " "1, " "1, " "1, " "1, " "1, " "1, " "1, " "1, " "1, " "1, " "1, " "1, " "1, " "1, " "1, " "1, " "1, " "1, " "1, " "1, " "1, " "1, " "1, " "1, " "1, " "1, " "1, " "1, " "1, " "1, " "1, " "1, " "1, " "1, " "1, " "1, " "1, " "1, " "1, " "1, " "1, " "1, " "1, " "1, " "1, " "1, " "1, " "1, " "1, " "1, " "1, " "1, " "1, " "1, " "1, " "1, " "1, " "1, " "1, " "1, " "1, " "1, " "1, " "1, " "1, " "1, "204
 "Nei165, 0.15, " "0.015, " "1, " "1, " "1, " "1, " "1, " "1, " "1, " "1, " "1, " "1, " "1, " "1, " "1, " "1, " "1, " "1, " "1, " "1, " "1, " "1, " "1, " "1, " "1, " "1, " "1, " "1, " "1, " "1, " "1, " "1, " "1, " "1, " "1, " "1, " "1, " "1, " "1, " "1, " "1, " "1, " "1, " "1, " "1, " "1, " "1, " "1, " "1, " "1, " "1, " "1, " "1, " "1, " "1, " "1, " "1, " "1, " "1, " "1, " "1, " "1, " "1, " "1, " "1, " "1, " "1, " "1, " "1, " "1, " "1, " "1, " "1, " "1, " "1, " "1, " "1, " "1, " "1, " "1, " "1, " "1, " "1, " "1, " "1, " "1, " "1, " "1, " "1, " "1, " "1, " "1, " "1, " "1, " "1, " "1, " "1, " "1, " "1, " "1, " "1, " "1, " "1, " "1, " "1, " "1, " "1, " "1, " "1, " "1, " "1, " "1, " "1, " "1, " "1, " "1, " "1, " "1, " "1, " "1, " "1, " "1, " "1, " "1, " "1, " "1, " "1, " "1, " "1, " "1, " "1, " "1, " "1, " "1, " "1, " "1, " "1, " "1, " "1, " "1, " "1, " "1, " "1, " "1, " "1, " "1, " "1, " "1, " "1, " "1, " "1, " "1, " "1, " "1, " "1, " "1, " "1, " "1, " "1, " "1, " "1, " "1, " "1, " "1, " "1, " "1, " "1, " "0, " "1, " "1, " "1, " "1, " "1, " "1, " "1, " "1, " "1, " "1, " "1, " "1, " "1, " "1, " "1, " "1, " "1, " "1, " "1, " "1, " "1, " "1, " "1, " "1, " "1, " "1, " "1, " "1, " "1, " "1, " "1, " "1, " "1, " "1, " "1, " "1, " "1, " "1, " "1, " "1, " "1, " "1, " "1, " "1, " "1, " "1, " "1, " "1, " "1, " "1, " "1, " "1, " "1, " "1, " "1, " "1, " "1, " "1, " "1, " "1, " "1, " "1, " "1, " "1, " "1, " "1, " "1, " "1, " "1, " "1, " "1, " "1, " "1, " "1, " "1, " "1, " "1, " "1, " "1, " "1, " "1, " "1, " "1, " "1, " "1, " "1, " "1, " "1, " "1, " "1, " "1, " "1, " "1, " "1, " "1, " "1, " "1, " "1, " "1, " "1, " "1, " "1, " "1, " "1, " "1, " "1, " "1, " "1, " "1, " "1, " "1, " "1, " "1, " "1, " "1, " "1, " "1, " "1, " "1, " "1, " "1, " "1, " "1, " "1, " "1, " "1, " "1, " "1, " "1, " "1, " "1, " "1, " "1, " "1, " "1, " "1, " "1, " "1, " "1, " "1, " "1, " "1, " "1, " "1, " "1, " "1, " "1, " "1, " "1, " "1, " "1, " "1, " "1, " "1, " "1, " "1, " "1, " "1, " "1, " "1, " "1, " "1, " "1, " "1, " "1, " "1, " "1, " "1, " "1, " "1, " "1, " "1, " "1, " "1, " "1, " "1, " "1, " "1, " "1, " "1, " "1, " "1, " "1, " "1, " "1, " "1, " "1, " "1, " "1, " "1, " "1, " "1, " "1, " "1, " "1, " "1, " "1, " "1, " "1, " "1, " "1, " "1, " "1, " "1, " "1, " "1, " "1, " "1, " "1, " "1, " "1, " "1, " "1, " "1, " "1, " "1, " "1, " "1, " "1, " "1, " "1, " "1, " "1, " "1, " "1, " "1, " "1, " "1, " "1, " "1, " "1, " "1, " "1, " "1, " "1, " "1, " "1, " "1, " "1, " "1, " "1, " "1, " "1, " "1, " "1, " "1, " "1, " "1, " "1, " "1, " "1, " "1, " "1, " "1, " "1, " "1, " "1, " "1, " "1, " "1, " "1, " "1, " "1, " "1, " "1, " "1, " "1, " "1, " "1, " "1, " "1, " "1, " "1, " "1, " "1, " "1, " "1, " "1, " "1, " "1, " "1, " "1, " "1, " "1, " "1, " "1, " "1, " "1, " "1, " "1, " "1, " "1, " "1, " "1, " "1, " "1, " "1, " "1, " "1, " "1, " "1, " "1, " "1, " "1, " "1, " "1, " "1, " "1, " "1, " "1, " "1, " "1, " "1, " "1, " "1, " "1, " "1, " "1, " "1, " "1, " "1, " "1, " "1, " "1, " "1, " "1, " "1, " "1, " "1, " "1, " "1, " "1, " "1, " "1, " "1, " "1, " "1, " "1, " "1, " "1, " "1, " "1, " "1, " "1, " "1, " "1, " "1, "204
 "Nei166, 0.054, " "0.015, " "1, " "1, " "1, " "1, " "1, " "1, " "1, " "1, " "1, " "1, " "1, " "1, " "1, " "1, " "1, " "1, " "1, " "1, " "1, " "1, " "1, " "1, " "1, " "1, " "1, " "1, " "1, " "1, " "1, " "1, " "1, " "1, " "1, " "1, " "1, " "1, " "1, " "1, " "1, " "1, " "1, " "1, " "1, " "1, " "1, " "1, " "1, " "1, " "1, " "1, " "1, " "1, " "1, " "1, " "1, " "1, " "1, " "1, " "1, " "1, " "1, " "1, " "1, " "1, " "1, " "1, " "1, " "1, " "1, " "1, " "1, " "1, " "1, " "1, " "1, " "1, " "1, " "1, " "1, " "1, " "1, " "1, " "1, " "1, " "1, " "1, " "1, " "1, " "1, " "1, " "1, " "1, " "1, " "1, " "1, " "1, " "1, " "1, " "1, " "1, " "1, " "1, " "1, " "1, " "1, " "1, " "1, " "1, " "1, " "1, " "1, " "1, " "1, " "1, " "1, " "1, " "1, " "1, " "1, " "1, " "1, " "1, " "1, " "1, " "1, " "1, " "1, " "1, " "1, " "1, " "1, " "1, " "1, " "1, " "1, " "1, " "1, " "1, " "1, " "1, " "1, " "1, " "1, " "1, " "1, " "1, " "1, " "1, " "1, " "1, " "1, " "1, " "1, " "1, " "1, " "1, " "1, " "1, " "1, " "1, " "1, " "1, " "1, " "1, " "1, " "1, " "0, " "1, " "1, " "1, " "1, " "1, " "1, " "1, " "1, " "1, " "1, " "1, " "1, " "1, " "1, " "1, " "1, " "1, " "1, " "1, " "1, " "1, " "1, " "1, " "1, " "1, " "1, " "1, " "1, " "1, " "1, " "1, " "1, " "1, " "1, " "1, " "1, " "1, " "1, " "1, " "1, " "1, " "1, " "1, " "1, " "1, " "1, " "1, " "1, " "1, " "1, " "1, " "1, " "1, " "1, " "1, " "1, " "1, " "1, " "1, " "1, " "1, " "1, " "1, " "1, " "1, " "1, " "1, " "1, " "1, " "1, " "1, " "1, " "1, " "1, " "1, " "1, " "1, " "1, " "1, " "1, " "1, " "1, " "1, " "1, " "1, " "1, " "1, " "1, " "1, " "1, " "1, " "1, " "1, " "1, " "1, " "1, " "1, " "1, " "1, " "1, " "1, " "1, " "1, " "1, " "1, " "1, " "1, " "1, " "1, " "1, " "1, " "1, " "1, " "1, " "1, " "1, " "1, " "1, " "1, " "1, " "1, " "1, " "1, " "1, " "1, " "1, " "1, " "1, " "1, " "1, " "1, " "1, " "1, " "1, " "1, " "1, " "1, " "1, " "1, " "1, " "1, " "1, " "1, " "1, " "1, " "1, " "1, " "1, " "1, " "1, " "1, " "1, " "1, " "1, " "1, " "1, " "1, " "1, " "1, " "1, " "1, " "1, " "1, " "1, " "1, " "1, " "1, " "1, " "1, " "1, " "1, " "1, " "1, " "1, " "1, " "1, " "1, " "1, " "1, " "1, " "1, " "1, " "1, " "1, " "1, " "1, " "1, " "1, " "1, " "1, " "1, " "1, " "1, " "1, " "1, " "1, " "1, " "1, " "1, " "1, " "1, " "1, " "1, " "1, " "1, " "1, " "1, " "1, " "1, " "1, " "1, " "1, " "1, " "1, " "1, " "1, " "1, " "1, " "1, " "1, " "1, " "1, " "1, " "1, " "1, " "1, " "1, " "1, " "1, " "1, " "1, " "1, " "1, " "1, " "1, " "1, " "1, " "1, " "1, " "1, " "1, " "1, " "1, " "1, " "1, " "1, " "1, " "1, " "1, " "1, " "1, " "1, " "1, " "1, " "1, " "1, " "1, " "1, " "1, " "1, " "1, " "1, " "1, " "1, " "1, " "1, " "1, " "1, " "1, " "1, " "1, " "1, " "1, " "1, " "1, " "1, " "1, " "1, " "1, " "1, " "1, " "1, " "1, " "1, " "1, " "1, " "1, " "1, " "1, " "1, " "1, " "1, " "1, " "1, " "1, " "1, " "1, " "1, " "1, " "1, " "1, " "1, " "1, " "1, " "1, " "1, " "1, " "1, " "1, " "1, " "1, " "1, " "1, " "1, " "1, " "1, " "1, " "1, " "1, " "1, " "1, " "1, " "1, " "1, " "1, " "1, " "1, " "1, " "1, " "1, " "1, " "1, " "1, " "1, " "1, " "1, " "1, " "1, " "1, " "1, " "1, " "1, " "1, " "1, " "1, " "1, "204
 "Nei167, 0.155, " "0.015, " "1, " "1, " "1, " "1, " "1, " "1, " "1, " "1, " "1, " "1, " "1, " "1, " "1, " "1, " "1, " "1, " "1, " "1, " "1, " "1, " "1, " "1, " "1, " "1, " "1, " "1, " "1, " "1, " "1, " "1, " "1, " "1, " "1, " "1, " "1, " "1, " "1, " "1, " "1, " "1, " "1, " "1, " "1, " "1, " "1, " "1, " "1, " "1, " "1, " "1, " "1, " "1, " "1, " "1, " "1, " "1, " "1, " "1, " "1, " "1, " "1, " "1, " "1, " "1, " "1, " "1, " "1, " "1, " "1, " "1, " "1, " "1, " "1, " "1, " "1, " "1, " "1, " "1, " "1, " "1, " "1, " "1, " "1, " "1, " "1, " "1, " "1, " "1, " "1, " "1, " "1, " "1, " "1, " "1, " "1, " "1, " "1, " "1, " "1, " "1, " "1, " "1, " "1, " "1, " "1, " "1, " "1, " "1, " "1, " "1, " "1, " "1, " "1, " "1, " "1, " "1, " "1, " "1, " "1, " "1, " "1, " "1, " "1, " "1, " "1, " "1, " "1, " "1, " "1, " "1, " "1, " "1, " "1, " "1, " "1, " "1, " "1, " "1, " "1, " "1, " "1, " "1, " "1, " "1, " "1, " "1, " "1, " "1, " "1, " "1, " "1, " "1, " "1, " "1, " "1, " "1, " "1, " "1, " "1, " "1, " "1, " "1, " "1, " "1, " "1, " "1, " "1, " "0, " "1, " "1, " "1, " "1, " "1, " "1, " "1, " "1, " "1, " "1, " "1, " "1, " "1, " "1, " "1, " "1, " "1, " "1, " "1, " "1, " "1, " "1, " "1, " "1, " "1, " "1, " "1, " "1, " "1, " "1, " "1, " "1, " "1, " "1, " "1, " "1, " "1, " "1, " "1, " "1, " "1, " "1, " "1, " "1, " "1, " "1, " "1, " "1, " "1, " "1, " "1, " "1, " "1, " "1, " "1, " "1, " "1, " "1, " "1, " "1, " "1, " "1, " "1, " "1, " "1, " "1, " "1, " "1, " "1, " "1, " "1, " "1, " "1, " "1, " "1, " "1, " "1, " "1, " "1, " "1, " "1, " "1, " "1, " "1, " "1, " "1, " "1, " "1, " "1, " "1, " "1, " "1, " "1, " "1, " "1, " "1, " "1, " "1, " "1, " "1, " "1, " "1, " "1, " "1, " "1, " "1, " "1, " "1, " "1, " "1, " "1, " "1, " "1, " "1, " "1, " "1, " "1, " "1, " "1, " "1, " "1, " "1, " "1, " "1, " "1, " "1, " "1, " "1, " "1, " "1, " "1, " "1, " "1, " "1, " "1, " "1, " "1, " "1, " "1, " "1, " "1, " "1, " "1, " "1, " "1, " "1, " "1, " "1, " "1, " "1, " "1, " "1, " "1, " "1, " "1, " "1, " "1, " "1, " "1, " "1, " "1, " "1, " "1, " "1, " "1, " "1, " "1, " "1, " "1, " "1, " "1, " "1, " "1, " "1, " "1, " "1, " "1, " "1, " "1, " "1, " "1, " "1, " "1, " "1, " "1, " "1, " "1, " "1, " "1, " "1, " "1, " "1, " "1, " "1, " "1, " "1, " "1, " "1, " "1, " "1, " "1, " "1, " "1, " "1, " "1, " "1, " "1, " "1, " "1, " "1, " "1, " "1, " "1, " "1, " "1, " "1, " "1, " "1, " "1, " "1, " "1, " "1, " "1, " "1, " "1, " "1, " "1, " "1, " "1, " "1, " "1, " "1, " "1, " "1, " "1, " "1, " "1, " "1, " "1, " "1, " "1, " "1, " "1, " "1, " "1, " "1, " "1, " "1, " "1, " "1, " "1, " "1, " "1, " "1, " "1, " "1, " "1, " "1, " "1, " "1, " "1, " "1, " "1, " "1, " "1, " "1, " "1, " "1, " "1, " "1, " "1, " "1, " "1, " "1, " "1, " "1, " "1, " "1, " "1, " "1, " "1, " "1, " "1, " "1, " "1, " "1, " "1, " "1, " "1, " "1, " "1, " "1, " "1, " "1, " "1, " "1, " "1, " "1, " "1, " "1, " "1, " "1, " "1, " "1, " "1, " "1, " "1, " "1, " "1, " "1, " "1, " "1, " "1, " "1, " "1, " "1, " "1, " "1, " "1, " "1, " "1, " "1, " "1, " "1, " "1, " "1, " "1, " "1, " "1, " "1, " "1, " "1, " "1, " "1, " "1, " "1, " "1, " "1, " "1, " "1, " "1, " "1, " "1, " "1, " "1, "204
 "Nei168, 0.217, " "0.015, " "1, " "1, " "1, " "1, " "1, " "1, " "1, " "1, " "1, " "1, " "1, " "1, " "1, " "1, " "1, " "1, " "1, " "1, " "1, " "1, " "1, " "1, " "1, " "1, " "1, " "1, " "1, " "1, " "1, " "1, " "1, " "1, " "1, " "1, " "1, " "1, " "1, " "1, " "1, " "1, " "1, " "1, " "1, " "1, " "1, " "1, " "1, " "1, " "1, " "1, " "1, " "1, " "1, " "1, " "1, " "1, " "1, " "1, " "1, " "1, " "1, " "1, " "1, " "1, " "1, " "1, " "1, " "1, " "1, " "1, " "1, " "1, " "1, " "1, " "1, " "1, " "1, " "1, " "1, " "1, " "1, " "1, " "1, " "1, " "1, " "1, " "1, " "1, " "1, " "1, " "1, " "1, " "1, " "1, " "1, " "1, " "1, " "1, " "1, " "1, " "1, " "1, " "1, " "1, " "1, " "1, " "1, " "1, " "1, " "1, " "1, " "1, " "1, " "1, " "1, " "1, " "1, " "1, " "1, " "1, " "1, " "1, " "1, " "1, " "1, " "1, " "1, " "1, " "1, " "1, " "1, " "1, " "1, " "1, " "1, " "1, " "1, " "1, " "1, " "1, " "1, " "1, " "1, " "1, " "1, " "1, " "1, " "1, " "1, " "1, " "1, " "1, " "1, " "1, " "1, " "1, " "1, " "1, " "1, " "1, " "1, " "1, " "1, " "1, " "1, " "1, " "1, " "1, " "0, " "1, " "1, " "1, " "1, " "1, " "1, " "1, " "1, " "1, " "1, " "1, " "1, " "1, " "1, " "1, " "1, " "1, " "1, " "1, " "1, " "1, " "1, " "1, " "1, " "1, " "1, " "1, " "1, " "1, " "1, " "1, " "1, " "1, " "1, " "1, " "1, " "1, " "1, " "1, " "1, " "1, " "1, " "1, " "1, " "1, " "1, " "1, " "1, " "1, " "1, " "1, " "1, " "1, " "1, " "1, " "1, " "1, " "1, " "1, " "1, " "1, " "1, " "1, " "1, " "1, " "1, " "1, " "1, " "1, " "1, " "1, " "1, " "1, " "1, " "1, " "1, " "1, " "1, " "1, " "1, " "1, " "1, " "1, " "1, " "1, " "1, " "1, " "1, " "1, " "1, " "1, " "1, " "1, " "1, " "1, " "1, " "1, " "1, " "1, " "1, " "1, " "1, " "1, " "1, " "1, " "1, " "1, " "1, " "1, " "1, " "1, " "1, " "1, " "1, " "1, " "1, " "1, " "1, " "1, " "1, " "1, " "1, " "1, " "1, " "1, " "1, " "1, " "1, " "1, " "1, " "1, " "1, " "1, " "1, " "1, " "1, " "1, " "1, " "1, " "1, " "1, " "1, " "1, " "1, " "1, " "1, " "1, " "1, " "1, " "1, " "1, " "1, " "1, " "1, " "1, " "1, " "1, " "1, " "1, " "1, " "1, " "1, " "1, " "1, " "1, " "1, " "1, " "1, " "1, " "1, " "1, " "1, " "1, " "1, " "1, " "1, " "1, " "1, " "1, " "1, " "1, " "1, " "1, " "1, " "1, " "1, " "1, " "1, " "1, " "1, " "1, " "1, " "1, " "1, " "1, " "1, " "1, " "1, " "1, " "1, " "1, " "1, " "1, " "1, " "1, " "1, " "1, " "1, " "1, " "1, " "1, " "1, " "1, " "1, " "1, " "1, " "1, " "1, " "1, " "1, " "1, " "1, " "1, " "1, " "1, " "1, " "1, " "1, " "1, " "1, " "1, " "1, " "1, " "1, " "1, " "1, " "1, " "1, " "1, " "1, " "1, " "1, " "1, " "1, " "1, " "1, " "1, " "1, " "1, " "1, " "1, " "1, " "1, " "1, " "1, " "1, " "1, " "1, " "1, " "1, " "1, " "1, " "1, " "1, " "1, " "1, " "1, " "1, " "1, " "1, " "1, " "1, " "1, " "1, " "1, " "1, " "1, " "1, " "1, " "1, " "1, " "1, " "1, " "1, " "1, " "1, " "1, " "1, " "1, " "1, " "1, " "1, " "1, " "1, " "1, " "1, " "1, " "1, " "1, " "1, " "1, " "1, " "1, " "1, " "1, " "1, " "1, " "1, " "1, " "1, " "1, " "1, " "1, " "1, " "1, " "1, " "1, " "1, " "1, " "1, " "1, " "1, " "1, " "1, " "1, " "1, " "1, " "1, " "1, " "1, " "1, " "1, " "1, " "1, " "1, " "1, " "1, " "1, " "1, " "1, " "1, " "1, " "1, " "1, "204
 "Nei169, 0.011, " "0.015, " "1, " "1, " "1, " "1, " "1, " "1, " "1, " "1, " "1, " "1, " "1, " "1, " "1, " "1, " "1, " "1, " "1, " "1, " "1, " "1, " "1, " "1, " "1, " "1, " "1, " "1, " "1, " "1, " "1, " "1, " "1, " "1, " "1, " "1, " "1, " "1, " "1, " "1, " "1, " "1, " "1, " "1, " "1, " "1, " "1, " "1, " "1, " "1, " "1, " "1, " "1, " "1, " "1, " "1, " "1, " "1, " "1, " "1, " "1, " "1, " "1, " "1, " "1, " "1, " "1, " "1, " "1, " "1, " "1, " "1, " "1, " "1, " "1, " "1, " "1, " "1, " "1, " "1, " "1, " "1, " "1, " "1, " "1, " "1, " "1, " "1, " "1, " "1, " "1, " "1, " "1, " "1, " "1, " "1, " "1, " "1, " "1, " "1, " "1, " "1, " "1, " "1, " "1, " "1, " "1, " "1, " "1, " "1, " "1, " "1, " "1, " "1, " "1, " "1, " "1, " "1, " "1, " "1, " "1, " "1, " "1, " "1, " "1, " "1, " "1, " "1, " "1, " "1, " "1, " "1, " "1, " "1, " "1, " "1, " "1, " "1, " "1, " "1, " "1, " "1, " "1, " "1, " "1, " "1, " "1, " "1, " "1, " "1, " "1, " "1, " "1, " "1, " "1, " "1, " "1, " "1, " "1, " "1, " "1, " "1, " "1, " "1, " "1, " "1, " "1, " "1, " "1, " "1, " "1, " "0, " "1, " "1, " "1, " "1, " "1, " "1, " "1, " "1, " "1, " "1, " "1, " "1, " "1, " "1, " "1, " "1, " "1, " "1, " "1, " "1, " "1, " "1, " "1, " "1, " "1, " "1, " "1, " "1, " "1, " "1, " "1, " "1, " "1, " "1, " "1, " "1, " "1, " "1, " "1, " "1, " "1, " "1, " "1, " "1, " "1, " "1, " "1, " "1, " "1, " "1, " "1, " "1, " "1, " "1, " "1, " "1, " "1, " "1, " "1, " "1, " "1, " "1, " "1, " "1, " "1, " "1, " "1, " "1, " "1, " "1, " "1, " "1, " "1, " "1, " "1, " "1, " "1, " "1, " "1, " "1, " "1, " "1, " "1, " "1, " "1, " "1, " "1, " "1, " "1, " "1, " "1, " "1, " "1, " "1, " "1, " "1, " "1, " "1, " "1, " "1, " "1, " "1, " "1, " "1, " "1, " "1, " "1, " "1, " "1, " "1, " "1, " "1, " "1, " "1, " "1, " "1, " "1, " "1, " "1, " "1, " "1, " "1, " "1, " "1, " "1, " "1, " "1, " "1, " "1, " "1, " "1, " "1, " "1, " "1, " "1, " "1, " "1, " "1, " "1, " "1, " "1, " "1, " "1, " "1, " "1, " "1, " "1, " "1, " "1, " "1, " "1, " "1, " "1, " "1, " "1, " "1, " "1, " "1, " "1, " "1, " "1, " "1, " "1, " "1, " "1, " "1, " "1, " "1, " "1, " "1, " "1, " "1, " "1, " "1, " "1, " "1, " "1, " "1, " "1, " "1, " "1, " "1, " "1, " "1, " "1, " "1, " "1, " "1, " "1, " "1, " "1, " "1, " "1, " "1, " "1, " "1, " "1, " "1, " "1, " "1, " "1, " "1, " "1, " "1, " "1, " "1, " "1, " "1, " "1, " "1, " "1, " "1, " "1, " "1, " "1, " "1, " "1, " "1, " "1, " "1, " "1, " "1, " "1, " "1, " "1, " "1, " "1, " "1, " "1, " "1, " "1, " "1, " "1, " "1, " "1, " "1, " "1, " "1, " "1, " "1, " "1, " "1, " "1, " "1, " "1, " "1, " "1, " "1, " "1, " "1, " "1, " "1, " "1, " "1, " "1, " "1, " "1, " "1, " "1, " "1, " "1, " "1, " "1, " "1, " "1, " "1, " "1, " "1, " "1, " "1, " "1, " "1, " "1, " "1, " "1, " "1, " "1, " "1, " "1, " "1, " "1, " "1, " "1, " "1, " "1, " "1, " "1, " "1, " "1, " "1, " "1, " "1, " "1, " "1, " "1, " "1, " "1, " "1, " "1, " "1, " "1, " "1, " "1, " "1, " "1, " "1, " "1, " "1, " "1, " "1, " "1, " "1, " "1, " "1, " "1, " "1, " "1, " "1, " "1, " "1, " "1, " "1, " "1, " "1, " "1, " "1, " "1, " "1, " "1, " "1, " "1, " "1, " "1, " "1, " "1, " "1, " "1, " "1, " "1, " "1, " "1, " "1, " "1, "204
 "Nei170, 0.114, " "0.015, " "1, " "1, " "1, " "1, " "1, " "1, " "1, " "1, " "1, " "1, " "1, " "1, " "1, " "1, " "1, " "1, " "1, " "1, " "1, " "1, " "1, " "1, " "1, " "1, " "1, " "1, " "1, " "1, " "1, " "1, " "1, " "1, " "1, " "1, " "1, " "1, " "1, " "1, " "1, " "1, " "1, " "1, " "1, " "1, " "1, " "1, " "1, " "1, " "1, " "1, " "1, " "1, " "1, " "1, " "1, " "1, " "1, " "1, " "1, " "1, " "1, " "1, " "1, " "1, " "1, " "1, " "1, " "1, " "1, " "1, " "1, " "1, " "1, " "1, " "1, " "1, " "1, " "1, " "1, " "1, " "1, " "1, " "1, " "1, " "1, " "1, " "1, " "1, " "1, " "1, " "1, " "1, " "1, " "1, " "1, " "1, " "1, " "1, " "1, " "1, " "1, " "1, " "1, " "1, " "1, " "1, " "1, " "1, " "1, " "1, " "1, " "1, " "1, " "1, " "1, " "1, " "1, " "1, " "1, " "1, " "1, " "1, " "1, " "1, " "1, " "1, " "1, " "1, " "1, " "1, " "1, " "1, " "1, " "1, " "1, " "1, " "1, " "1, " "1, " "1, " "1, " "1, " "1, " "1, " "1, " "1, " "1, " "1, " "1, " "1, " "1, " "1, " "1, " "1, " "1, " "1, " "1, " "1, " "1, " "1, " "1, " "1, " "1, " "1, " "1, " "1, " "1, " "1, " "1, " "1, " "0, " "1, " "1, " "1, " "1, " "1, " "1, " "1, " "1, " "1, " "1, " "1, " "1, " "1, " "1, " "1, " "1, " "1, " "1, " "1, " "1, " "1, " "1, " "1, " "1, " "1, " "1, " "1, " "1, " "1, " "1, " "1, " "1, " "1, " "1, " "1, " "1, " "1, " "1, " "1, " "1, " "1, " "1, " "1, " "1, " "1, " "1, " "1, " "1, " "1, " "1, " "1, " "1, " "1, " "1, " "1, " "1, " "1, " "1, " "1, " "1, " "1, " "1, " "1, " "1, " "1, " "1, " "1, " "1, " "1, " "1, " "1, " "1, " "1, " "1, " "1, " "1, " "1, " "1, " "1, " "1, " "1, " "1, " "1, " "1, " "1, " "1, " "1, " "1, " "1, " "1, " "1, " "1, " "1, " "1, " "1, " "1, " "1, " "1, " "1, " "1, " "1, " "1, " "1, " "1, " "1, " "1, " "1, " "1, " "1, " "1, " "1, " "1, " "1, " "1, " "1, " "1, " "1, " "1, " "1, " "1, " "1, " "1, " "1, " "1, " "1, " "1, " "1, " "1, " "1, " "1, " "1, " "1, " "1, " "1, " "1, " "1, " "1, " "1, " "1, " "1, " "1, " "1, " "1, " "1, " "1, " "1, " "1, " "1, " "1, " "1, " "1, " "1, " "1, " "1, " "1, " "1, " "1, " "1, " "1, " "1, " "1, " "1, " "1, " "1, " "1, " "1, " "1, " "1, " "1, " "1, " "1, " "1, " "1, " "1, " "1, " "1, " "1, " "1, " "1, " "1, " "1, " "1, " "1, " "1, " "1, " "1, " "1, " "1, " "1, " "1, " "1, " "1, " "1, " "1, " "1, " "1, " "1, " "1, " "1, " "1, " "1, " "1, " "1, " "1, " "1, " "1, " "1, " "1, " "1, " "1, " "1, " "1, " "1, " "1, " "1, " "1, " "1, " "1, " "1, " "1, " "1, " "1, " "1, " "1, " "1, " "1, " "1, " "1, " "1, " "1, " "1, " "1, " "1, " "1, " "1, " "1, " "1, " "1, " "1, " "1, " "1, " "1, " "1, " "1, " "1, " "1, " "1, " "1, " "1, " "1, " "1, " "1, " "1, " "1, " "1, " "1, " "1, " "1, " "1, " "1, " "1, " "1, " "1, " "1, " "1, " "1, " "1, " "1, " "1, " "1, " "1, " "1, " "1, " "1, " "1, " "1, " "1, " "1, " "1, " "1, " "1, " "1, " "1, " "1, " "1, " "1, " "1, " "1, " "1, " "1, " "1, " "1, " "1, " "1, " "1, " "1, " "1, " "1, " "1, " "1, " "1, " "1, " "1, " "1, " "1, " "1, " "1, " "1, " "1, " "1, " "1, " "1, " "1, " "1, " "1, " "1, " "1, " "1, " "1, " "1, " "1, " "1, " "1, " "1, " "1, " "1, " "1, " "1, " "1, " "1, " "1, " "1, " "1, " "1, " "1, " "1, " "1, " "1, " "1, " "1, " "1, " "1, "204
 "Nei171, 0.316, " "0.015, " "1, " "1, " "1, " "1, " "1, " "1, " "1, " "1, " "1, " "1, " "1, " "1, " "1, " "1, " "1, " "1, " "1, " "1, " "1, " "1, " "1, " "1, " "1, " "1, " "1, " "1, " "1, " "1, " "1, " "1, " "1, " "1, " "1, " "1, " "1, " "1, " "1, " "1, " "1, " "1, " "1, " "1, " "1, " "1, " "1, " "1, " "1, " "1, " "1, " "1, " "1, " "1, " "1, " "1, " "1, " "1, " "1, " "1, " "1, " "1, " "1, " "1, " "1, " "1, " "1, " "1, " "1, " "1, " "1, " "1, " "1, " "1, " "1, " "1, " "1, " "1, " "1, " "1, " "1, " "1, " "1, " "1, " "1, " "1, " "1, " "1, " "1, " "1, " "1, " "1, " "1, " "1, " "1, " "1, " "1, " "1, " "1, " "1, " "1, " "1, " "1, " "1, " "1, " "1, " "1, " "1, " "1, " "1, " "1, " "1, " "1, " "1, " "1, " "1, " "1, " "1, " "1, " "1, " "1, " "1, " "1, " "1, " "1, " "1, " "1, " "1, " "1, " "1, " "1, " "1, " "1, " "1, " "1, " "1, " "1, " "1, " "1, " "1, " "1, " "1, " "1, " "1, " "1, " "1, " "1, " "1, " "1, " "1, " "1, " "1, " "1, " "1, " "1, " "1, " "1, " "1, " "1, " "1, " "1, " "1, " "1, " "1, " "1, " "1, " "1, " "1, " "1, " "1, " "1, " "1, " "1, " "0, " "1, " "1, " "1, " "1, " "1, " "1, " "1, " "1, " "1, " "1, " "1, " "1, " "1, " "1, " "1, " "1, " "1, " "1, " "1, " "1, " "1, " "1, " "1, " "1, " "1, " "1, " "1, " "1, " "1, " "1, " "1, " "1, " "1, " "1, " "1, " "1, " "1, " "1, " "1, " "1, " "1, " "1, " "1, " "1, " "1, " "1, " "1, " "1, " "1, " "1, " "1, " "1, " "1, " "1, " "1, " "1, " "1, " "1, " "1, " "1, " "1, " "1, " "1, " "1, " "1, " "1, " "1, " "1, " "1, " "1, " "1, " "1, " "1, " "1, " "1, " "1, " "1, " "1, " "1, " "1, " "1, " "1, " "1, " "1, " "1, " "1, " "1, " "1, " "1, " "1, " "1, " "1, " "1, " "1, " "1, " "1, " "1, " "1, " "1, " "1, " "1, " "1, " "1, " "1, " "1, " "1, " "1, " "1, " "1, " "1, " "1, " "1, " "1, " "1, " "1, " "1, " "1, " "1, " "1, " "1, " "1, " "1, " "1, " "1, " "1, " "1, " "1, " "1, " "1, " "1, " "1, " "1, " "1, " "1, " "1, " "1, " "1, " "1, " "1, " "1, " "1, " "1, " "1, " "1, " "1, " "1, " "1, " "1, " "1, " "1, " "1, " "1, " "1, " "1, " "1, " "1, " "1, " "1, " "1, " "1, " "1, " "1, " "1, " "1, " "1, " "1, " "1, " "1, " "1, " "1, " "1, " "1, " "1, " "1, " "1, " "1, " "1, " "1, " "1, " "1, " "1, " "1, " "1, " "1, " "1, " "1, " "1, " "1, " "1, " "1, " "1, " "1, " "1, " "1, " "1, " "1, " "1, " "1, " "1, " "1, " "1, " "1, " "1, " "1, " "1, " "1, " "1, " "1, " "1, " "1, " "1, " "1, " "1, " "1, " "1, " "1, " "1, " "1, " "1, " "1, " "1, " "1, " "1, " "1, " "1, " "1, " "1, " "1, " "1, " "1, " "1, " "1, " "1, " "1, " "1, " "1, " "1, " "1, " "1, " "1, " "1, " "1, " "1, " "1, " "1, " "1, " "1, " "1, " "1, " "1, " "1, " "1, " "1, " "1, " "1, " "1, " "1, " "1, " "1, " "1, " "1, " "1, " "1, " "1, " "1, " "1, " "1, " "1, " "1, " "1, " "1, " "1, " "1, " "1, " "1, " "1, " "1, " "1, " "1, " "1, " "1, " "1, " "1, " "1, " "1, " "1, " "1, " "1, " "1, " "1, " "1, " "1, " "1, " "1, " "1, " "1, " "1, " "1, " "1, " "1, " "1, " "1, " "1, " "1, " "1, " "1, " "1, " "1, " "1, " "1, " "1, " "1, " "1, " "1, " "1, " "1, " "1, " "1, " "1, " "1, " "1, " "1, " "1, " "1, " "1, " "1, " "1, " "1, " "1, " "1, " "1, " "1, " "1, " "1, " "1, " "1, " "1, " "1, " "1, " "1, " "1, "204
 "Nei172, 0.311, " "0.015, " "1, " "1, " "1, " "1, " "1, " "1, " "1, " "1, " "1, " "1, " "1, " "1, " "1, " "1, " "1, " "1, " "1, " "1, " "1, " "1, " "1, " "1, " "1, " "1, " "1, " "1, " "1, " "1, " "1, " "1, " "1, " "1, " "1, " "1, " "1, " "1, " "1, " "1, " "1, " "1, " "1, " "1, " "1, " "1, " "1, " "1, " "1, " "1, " "1, " "1, " "1, " "1, " "1, " "1, " "1, " "1, " "1, " "1, " "1, " "1, " "1, " "1, " "1, " "1, " "1, " "1, " "1, " "1, " "1, " "1, " "1, " "1, " "1, " "1, " "1, " "1, " "1, " "1, " "1, " "1, " "1, " "1, " "1, " "1, " "1, " "1, " "1, " "1, " "1, " "1, " "1, " "1, " "1, " "1, " "1, " "1, " "1, " "1, " "1, " "1, " "1, " "1, " "1, " "1, " "1, " "1, " "1, " "1, " "1, " "1, " "1, " "1, " "1, " "1, " "1, " "1, " "1, " "1, " "1, " "1, " "1, " "1, " "1, " "1, " "1, " "1, " "1, " "1, " "1, " "1, " "1, " "1, " "1, " "1, " "1, " "1, " "1, " "1, " "1, " "1, " "1, " "1, " "1, " "1, " "1, " "1, " "1, " "1, " "1, " "1, " "1, " "1, " "1, " "1, " "1, " "1, " "1, " "1, " "1, " "1, " "1, " "1, " "1, " "1, " "1, " "1, " "1, " "1, " "1, " "1, " "1, " "1, " "0, " "1, " "1, " "1, " "1, " "1, " "1, " "1, " "1, " "1, " "1, " "1, " "1, " "1, " "1, " "1, " "1, " "1, " "1, " "1, " "1, " "1, " "1, " "1, " "1, " "1, " "1, " "1, " "1, " "1, " "1, " "1, " "1, " "1, " "1, " "1, " "1, " "1, " "1, " "1, " "1, " "1, " "1, " "1, " "1, " "1, " "1, " "1, " "1, " "1, " "1, " "1, " "1, " "1, " "1, " "1, " "1, " "1, " "1, " "1, " "1, " "1, " "1, " "1, " "1, " "1, " "1, " "1, " "1, " "1, " "1, " "1, " "1, " "1, " "1, " "1, " "1, " "1, " "1, " "1, " "1, " "1, " "1, " "1, " "1, " "1, " "1, " "1, " "1, " "1, " "1, " "1, " "1, " "1, " "1, " "1, " "1, " "1, " "1, " "1, " "1, " "1, " "1, " "1, " "1, " "1, " "1, " "1, " "1, " "1, " "1, " "1, " "1, " "1, " "1, " "1, " "1, " "1, " "1, " "1, " "1, " "1, " "1, " "1, " "1, " "1, " "1, " "1, " "1, " "1, " "1, " "1, " "1, " "1, " "1, " "1, " "1, " "1, " "1, " "1, " "1, " "1, " "1, " "1, " "1, " "1, " "1, " "1, " "1, " "1, " "1, " "1, " "1, " "1, " "1, " "1, " "1, " "1, " "1, " "1, " "1, " "1, " "1, " "1, " "1, " "1, " "1, " "1, " "1, " "1, " "1, " "1, " "1, " "1, " "1, " "1, " "1, " "1, " "1, " "1, " "1, " "1, " "1, " "1, " "1, " "1, " "1, " "1, " "1, " "1, " "1, " "1, " "1, " "1, " "1, " "1, " "1, " "1, " "1, " "1, " "1, " "1, " "1, " "1, " "1, " "1, " "1, " "1, " "1, " "1, " "1, " "1, " "1, " "1, " "1, " "1, " "1, " "1, " "1, " "1, " "1, " "1, " "1, " "1, " "1, " "1, " "1, " "1, " "1, " "1, " "1, " "1, " "1, " "1, " "1, " "1, " "1, " "1, " "1, " "1, " "1, " "1, " "1, " "1, " "1, " "1, " "1, " "1, " "1, " "1, " "1, " "1, " "1, " "1, " "1, " "1, " "1, " "1, " "1, " "1, " "1, " "1, " "1, " "1, " "1, " "1, " "1, " "1, " "1, " "1, " "1, " "1, " "1, " "1, " "1, " "1, " "1, " "1, " "1, " "1, " "1, " "1, " "1, " "1, " "1, " "1, " "1, " "1, " "1, " "1, " "1, " "1, " "1, " "1, " "1, " "1, " "1, " "1, " "1, " "1, " "1, " "1, " "1, " "1, " "1, " "1, " "1, " "1, " "1, " "1, " "1, " "1, " "1, " "1, " "1, " "1, " "1, " "1, " "1, " "1, " "1, " "1, " "1, " "1, " "1, " "1, " "1, " "1, " "1, " "1, " "1, " "1, " "1, " "1, " "1, " "1, " "1, " "1, " "1, " "1, " "1, "204
 "Nei173, 0.11, " "0.015, " "1, " "1, " "1, " "1, " "1, " "1, " "1, " "1, " "1, " "1, " "1, " "1, " "1, " "1, " "1, " "1, " "1, " "1, " "1, " "1, " "1, " "1, " "1, " "1, " "1, " "1, " "1, " "1, " "1, " "1, " "1, " "1, " "1, " "1, " "1, " "1, " "1, " "1, " "1, " "1, " "1, " "1, " "1, " "1, " "1, " "1, " "1, " "1, " "1, " "1, " "1, " "1, " "1, " "1, " "1, " "1, " "1, " "1, " "1, " "1, " "1, " "1, " "1, " "1, " "1, " "1, " "1, " "1, " "1, " "1, " "1, " "1, " "1, " "1, " "1, " "1, " "1, " "1, " "1, " "1, " "1, " "1, " "1, " "1, " "1, " "1, " "1, " "1, " "1, " "1, " "1, " "1, " "1, " "1, " "1, " "1, " "1, " "1, " "1, " "1, " "1, " "1, " "1, " "1, " "1, " "1, " "1, " "1, " "1, " "1, " "1, " "1, " "1, " "1, " "1, " "1, " "1, " "1, " "1, " "1, " "1, " "1, " "1, " "1, " "1, " "1, " "1, " "1, " "1, " "1, " "1, " "1, " "1, " "1, " "1, " "1, " "1, " "1, " "1, " "1, " "1, " "1, " "1, " "1, " "1, " "1, " "1, " "1, " "1, " "1, " "1, " "1, " "1, " "1, " "1, " "1, " "1, " "1, " "1, " "1, " "1, " "1, " "1, " "1, " "1, " "1, " "1, " "1, " "1, " "1, " "1, " "1, " "1, " "0, " "1, " "1, " "1, " "1, " "1, " "1, " "1, " "1, " "1, " "1, " "1, " "1, " "1, " "1, " "1, " "1, " "1, " "1, " "1, " "1, " "1, " "1, " "1, " "1, " "1, " "1, " "1, " "1, " "1, " "1, " "1, " "1, " "1, " "1, " "1, " "1, " "1, " "1, " "1, " "1, " "1, " "1, " "1, " "1, " "1, " "1, " "1, " "1, " "1, " "1, " "1, " "1, " "1, " "1, " "1, " "1, " "1, " "1, " "1, " "1, " "1, " "1, " "1, " "1, " "1, " "1, " "1, " "1, " "1, " "1, " "1, " "1, " "1, " "1, " "1, " "1, " "1, " "1, " "1, " "1, " "1, " "1, " "1, " "1, " "1, " "1, " "1, " "1, " "1, " "1, " "1, " "1, " "1, " "1, " "1, " "1, " "1, " "1, " "1, " "1, " "1, " "1, " "1, " "1, " "1, " "1, " "1, " "1, " "1, " "1, " "1, " "1, " "1, " "1, " "1, " "1, " "1, " "1, " "1, " "1, " "1, " "1, " "1, " "1, " "1, " "1, " "1, " "1, " "1, " "1, " "1, " "1, " "1, " "1, " "1, " "1, " "1, " "1, " "1, " "1, " "1, " "1, " "1, " "1, " "1, " "1, " "1, " "1, " "1, " "1, " "1, " "1, " "1, " "1, " "1, " "1, " "1, " "1, " "1, " "1, " "1, " "1, " "1, " "1, " "1, " "1, " "1, " "1, " "1, " "1, " "1, " "1, " "1, " "1, " "1, " "1, " "1, " "1, " "1, " "1, " "1, " "1, " "1, " "1, " "1, " "1, " "1, " "1, " "1, " "1, " "1, " "1, " "1, " "1, " "1, " "1, " "1, " "1, " "1, " "1, " "1, " "1, " "1, " "1, " "1, " "1, " "1, " "1, " "1, " "1, " "1, " "1, " "1, " "1, " "1, " "1, " "1, " "1, " "1, " "1, " "1, " "1, " "1, " "1, " "1, " "1, " "1, " "1, " "1, " "1, " "1, " "1, " "1, " "1, " "1, " "1, " "1, " "1, " "1, " "1, " "1, " "1, " "1, " "1, " "1, " "1, " "1, " "1, " "1, " "1, " "1, " "1, " "1, " "1, " "1, " "1, " "1, " "1, " "1, " "1, " "1, " "1, " "1, " "1, " "1, " "1, " "1, " "1, " "1, " "1, " "1, " "1, " "1, " "1, " "1, " "1, " "1, " "1, " "1, " "1, " "1, " "1, " "1, " "1, " "1, " "1, " "1, " "1, " "1, " "1, " "1, " "1, " "1, " "1, " "1, " "1, " "1, " "1, " "1, " "1, " "1, " "1, " "1, " "1, " "1, " "1, " "1, " "1, " "1, " "1, " "1, " "1, " "1, " "1, " "1, " "1, " "1, " "1, " "1, " "1, " "1, " "1, " "1, " "1, " "1, " "1, " "1, " "1, " "1, " "1, " "1, " "1, " "1, " "1, " "1, " "1, " "1, " "1, " "1, "204
 "Nei174, 0.181, " "0.015, " "1, " "1, " "1, " "1, " "1, " "1, " "1, " "1, " "1, " "1, " "1, " "1, " "1, " "1, " "1, " "1, " "1, " "1, " "1, " "1, " "1, " "1, " "1, " "1, " "1, " "1, " "1, " "1, " "1, " "1, " "1, " "1, " "1, " "1, " "1, " "1, " "1, " "1, " "1, " "1, " "1, " "1, " "1, " "1, " "1, " "1, " "1, " "1, " "1, " "1, " "1, " "1, " "1, " "1, " "1, " "1, " "1, " "1, " "1, " "1, " "1, " "1, " "1, " "1, " "1, " "1, " "1, " "1, " "1, " "1, " "1, " "1, " "1, " "1, " "1, " "1, " "1, " "1, " "1, " "1, " "1, " "1, " "1, " "1, " "1, " "1, " "1, " "1, " "1, " "1, " "1, " "1, " "1, " "1, " "1, " "1, " "1, " "1, " "1, " "1, " "1, " "1, " "1, " "1, " "1, " "1, " "1, " "1, " "1, " "1, " "1, " "1, " "1, " "1, " "1, " "1, " "1, " "1, " "1, " "1, " "1, " "1, " "1, " "1, " "1, " "1, " "1, " "1, " "1, " "1, " "1, " "1, " "1, " "1, " "1, " "1, " "1, " "1, " "1, " "1, " "1, " "1, " "1, " "1, " "1, " "1, " "1, " "1, " "1, " "1, " "1, " "1, " "1, " "1, " "1, " "1, " "1, " "1, " "1, " "1, " "1, " "1, " "1, " "1, " "1, " "1, " "1, " "1, " "1, " "1, " "1, " "1, " "1, " "1, " "0, " "1, " "1, " "1, " "1, " "1, " "1, " "1, " "1, " "1, " "1, " "1, " "1, " "1, " "1, " "1, " "1, " "1, " "1, " "1, " "1, " "1, " "1, " "1, " "1, " "1, " "1, " "1, " "1, " "1, " "1, " "1, " "1, " "1, " "1, " "1, " "1, " "1, " "1, " "1, " "1, " "1, " "1, " "1, " "1, " "1, " "1, " "1, " "1, " "1, " "1, " "1, " "1, " "1, " "1, " "1, " "1, " "1, " "1, " "1, " "1, " "1, " "1, " "1, " "1, " "1, " "1, " "1, " "1, " "1, " "1, " "1, " "1, " "1, " "1, " "1, " "1, " "1, " "1, " "1, " "1, " "1, " "1, " "1, " "1, " "1, " "1, " "1, " "1, " "1, " "1, " "1, " "1, " "1, " "1, " "1, " "1, " "1, " "1, " "1, " "1, " "1, " "1, " "1, " "1, " "1, " "1, " "1, " "1, " "1, " "1, " "1, " "1, " "1, " "1, " "1, " "1, " "1, " "1, " "1, " "1, " "1, " "1, " "1, " "1, " "1, " "1, " "1, " "1, " "1, " "1, " "1, " "1, " "1, " "1, " "1, " "1, " "1, " "1, " "1, " "1, " "1, " "1, " "1, " "1, " "1, " "1, " "1, " "1, " "1, " "1, " "1, " "1, " "1, " "1, " "1, " "1, " "1, " "1, " "1, " "1, " "1, " "1, " "1, " "1, " "1, " "1, " "1, " "1, " "1, " "1, " "1, " "1, " "1, " "1, " "1, " "1, " "1, " "1, " "1, " "1, " "1, " "1, " "1, " "1, " "1, " "1, " "1, " "1, " "1, " "1, " "1, " "1, " "1, " "1, " "1, " "1, " "1, " "1, " "1, " "1, " "1, " "1, " "1, " "1, " "1, " "1, " "1, " "1, " "1, " "1, " "1, " "1, " "1, " "1, " "1, " "1, " "1, " "1, " "1, " "1, " "1, " "1, " "1, " "1, " "1, " "1, " "1, " "1, " "1, " "1, " "1, " "1, " "1, " "1, " "1, " "1, " "1, " "1, " "1, " "1, " "1, " "1, " "1, " "1, " "1, " "1, " "1, " "1, " "1, " "1, " "1, " "1, " "1, " "1, " "1, " "1, " "1, " "1, " "1, " "1, " "1, " "1, " "1, " "1, " "1, " "1, " "1, " "1, " "1, " "1, " "1, " "1, " "1, " "1, " "1, " "1, " "1, " "1, " "1, " "1, " "1, " "1, " "1, " "1, " "1, " "1, " "1, " "1, " "1, " "1, " "1, " "1, " "1, " "1, " "1, " "1, " "1, " "1, " "1, " "1, " "1, " "1, " "1, " "1, " "1, " "1, " "1, " "1, " "1, " "1, " "1, " "1, " "1, " "1, " "1, " "1, " "1, " "1, " "1, " "1, " "1, " "1, " "1, " "1, " "1, " "1, " "1, " "1, " "1, " "1, " "1, " "1, " "1, " "1, " "1, " "1, " "1, " "1, "204
 "Nei175, 0.127, " "0.015, " "1, " "1, " "1, " "1, " "1, " "1, " "1, " "1, " "1, " "1, " "1, " "1, " "1, " "1, " "1, " "1, " "1, " "1, " "1, " "1, " "1, " "1, " "1, " "1, " "1, " "1, " "1, " "1, " "1, " "1, " "1, " "1, " "1, " "1, " "1, " "1, " "1, " "1, " "1, " "1, " "1, " "1, " "1, " "1, " "1, " "1, " "1, " "1, " "1, " "1, " "1, " "1, " "1, " "1, " "1, " "1, " "1, " "1, " "1, " "1, " "1, " "1, " "1, " "1, " "1, " "1, " "1, " "1, " "1, " "1, " "1, " "1, " "1, " "1, " "1, " "1, " "1, " "1, " "1, " "1, " "1, " "1, " "1, " "1, " "1, " "1, " "1, " "1, " "1, " "1, " "1, " "1, " "1, " "1, " "1, " "1, " "1, " "1, " "1, " "1, " "1, " "1, " "1, " "1, " "1, " "1, " "1, " "1, " "1, " "1, " "1, " "1, " "1, " "1, " "1, " "1, " "1, " "1, " "1, " "1, " "1, " "1, " "1, " "1, " "1, " "1, " "1, " "1, " "1, " "1, " "1, " "1, " "1, " "1, " "1, " "1, " "1, " "1, " "1, " "1, " "1, " "1, " "1, " "1, " "1, " "1, " "1, " "1, " "1, " "1, " "1, " "1, " "1, " "1, " "1, " "1, " "1, " "1, " "1, " "1, " "1, " "1, " "1, " "1, " "1, " "1, " "1, " "1, " "1, " "1, " "1, " "1, " "1, " "1, " "1, " "0, " "1, " "1, " "1, " "1, " "1, " "1, " "1, " "1, " "1, " "1, " "1, " "1, " "1, " "1, " "1, " "1, " "1, " "1, " "1, " "1, " "1, " "1, " "1, " "1, " "1, " "1, " "1, " "1, " "1, " "1, " "1, " "1, " "1, " "1, " "1, " "1, " "1, " "1, " "1, " "1, " "1, " "1, " "1, " "1, " "1, " "1, " "1, " "1, " "1, " "1, " "1, " "1, " "1, " "1, " "1, " "1, " "1, " "1, " "1, " "1, " "1, " "1, " "1, " "1, " "1, " "1, " "1, " "1, " "1, " "1, " "1, " "1, " "1, " "1, " "1, " "1, " "1, " "1, " "1, " "1, " "1, " "1, " "1, " "1, " "1, " "1, " "1, " "1, " "1, " "1, " "1, " "1, " "1, " "1, " "1, " "1, " "1, " "1, " "1, " "1, " "1, " "1, " "1, " "1, " "1, " "1, " "1, " "1, " "1, " "1, " "1, " "1, " "1, " "1, " "1, " "1, " "1, " "1, " "1, " "1, " "1, " "1, " "1, " "1, " "1, " "1, " "1, " "1, " "1, " "1, " "1, " "1, " "1, " "1, " "1, " "1, " "1, " "1, " "1, " "1, " "1, " "1, " "1, " "1, " "1, " "1, " "1, " "1, " "1, " "1, " "1, " "1, " "1, " "1, " "1, " "1, " "1, " "1, " "1, " "1, " "1, " "1, " "1, " "1, " "1, " "1, " "1, " "1, " "1, " "1, " "1, " "1, " "1, " "1, " "1, " "1, " "1, " "1, " "1, " "1, " "1, " "1, " "1, " "1, " "1, " "1, " "1, " "1, " "1, " "1, " "1, " "1, " "1, " "1, " "1, " "1, " "1, " "1, " "1, " "1, " "1, " "1, " "1, " "1, " "1, " "1, " "1, " "1, " "1, " "1, " "1, " "1, " "1, " "1, " "1, " "1, " "1, " "1, " "1, " "1, " "1, " "1, " "1, " "1, " "1, " "1, " "1, " "1, " "1, " "1, " "1, " "1, " "1, " "1, " "1, " "1, " "1, " "1, " "1, " "1, " "1, " "1, " "1, " "1, " "1, " "1, " "1, " "1, " "1, " "1, " "1, " "1, " "1, " "1, " "1, " "1, " "1, " "1, " "1, " "1, " "1, " "1, " "1, " "1, " "1, " "1, " "1, " "1, " "1, " "1, " "1, " "1, " "1, " "1, " "1, " "1, " "1, " "1, " "1, " "1, " "1, " "1, " "1, " "1, " "1, " "1, " "1, " "1, " "1, " "1, " "1, " "1, " "1, " "1, " "1, " "1, " "1, " "1, " "1, " "1, " "1, " "1, " "1, " "1, " "1, " "1, " "1, " "1, " "1, " "1, " "1, " "1, " "1, " "1, " "1, " "1, " "1, " "1, " "1, " "1, " "1, " "1, " "1, " "1, " "1, " "1, " "1, " "1, " "1, " "1, " "1, " "1, " "1, " "1, " "1, " "1, " "1, "204
 "Nei176, 0.097, " "0.015, " "1, " "1, " "1, " "1, " "1, " "1, " "1, " "1, " "1, " "1, " "1, " "1, " "1, " "1, " "1, " "1, " "1, " "1, " "1, " "1, " "1, " "1, " "1, " "1, " "1, " "1, " "1, " "1, " "1, " "1, " "1, " "1, " "1, " "1, " "1, " "1, " "1, " "1, " "1, " "1, " "1, " "1, " "1, " "1, " "1, " "1, " "1, " "1, " "1, " "1, " "1, " "1, " "1, " "1, " "1, " "1, " "1, " "1, " "1, " "1, " "1, " "1, " "1, " "1, " "1, " "1, " "1, " "1, " "1, " "1, " "1, " "1, " "1, " "1, " "1, " "1, " "1, " "1, " "1, " "1, " "1, " "1, " "1, " "1, " "1, " "1, " "1, " "1, " "1, " "1, " "1, " "1, " "1, " "1, " "1, " "1, " "1, " "1, " "1, " "1, " "1, " "1, " "1, " "1, " "1, " "1, " "1, " "1, " "1, " "1, " "1, " "1, " "1, " "1, " "1, " "1, " "1, " "1, " "1, " "1, " "1, " "1, " "1, " "1, " "1, " "1, " "1, " "1, " "1, " "1, " "1, " "1, " "1, " "1, " "1, " "1, " "1, " "1, " "1, " "1, " "1, " "1, " "1, " "1, " "1, " "1, " "1, " "1, " "1, " "1, " "1, " "1, " "1, " "1, " "1, " "1, " "1, " "1, " "1, " "1, " "1, " "1, " "1, " "1, " "1, " "1, " "1, " "1, " "1, " "1, " "1, " "1, " "1, " "1, " "1, " "1, " "0, " "1, " "1, " "1, " "1, " "1, " "1, " "1, " "1, " "1, " "1, " "1, " "1, " "1, " "1, " "1, " "1, " "1, " "1, " "1, " "1, " "1, " "1, " "1, " "1, " "1, " "1, " "1, " "1, " "1, " "1, " "1, " "1, " "1, " "1, " "1, " "1, " "1, " "1, " "1, " "1, " "1, " "1, " "1, " "1, " "1, " "1, " "1, " "1, " "1, " "1, " "1, " "1, " "1, " "1, " "1, " "1, " "1, " "1, " "1, " "1, " "1, " "1, " "1, " "1, " "1, " "1, " "1, " "1, " "1, " "1, " "1, " "1, " "1, " "1, " "1, " "1, " "1, " "1, " "1, " "1, " "1, " "1, " "1, " "1, " "1, " "1, " "1, " "1, " "1, " "1, " "1, " "1, " "1, " "1, " "1, " "1, " "1, " "1, " "1, " "1, " "1, " "1, " "1, " "1, " "1, " "1, " "1, " "1, " "1, " "1, " "1, " "1, " "1, " "1, " "1, " "1, " "1, " "1, " "1, " "1, " "1, " "1, " "1, " "1, " "1, " "1, " "1, " "1, " "1, " "1, " "1, " "1, " "1, " "1, " "1, " "1, " "1, " "1, " "1, " "1, " "1, " "1, " "1, " "1, " "1, " "1, " "1, " "1, " "1, " "1, " "1, " "1, " "1, " "1, " "1, " "1, " "1, " "1, " "1, " "1, " "1, " "1, " "1, " "1, " "1, " "1, " "1, " "1, " "1, " "1, " "1, " "1, " "1, " "1, " "1, " "1, " "1, " "1, " "1, " "1, " "1, " "1, " "1, " "1, " "1, " "1, " "1, " "1, " "1, " "1, " "1, " "1, " "1, " "1, " "1, " "1, " "1, " "1, " "1, " "1, " "1, " "1, " "1, " "1, " "1, " "1, " "1, " "1, " "1, " "1, " "1, " "1, " "1, " "1, " "1, " "1, " "1, " "1, " "1, " "1, " "1, " "1, " "1, " "1, " "1, " "1, " "1, " "1, " "1, " "1, " "1, " "1, " "1, " "1, " "1, " "1, " "1, " "1, " "1, " "1, " "1, " "1, " "1, " "1, " "1, " "1, " "1, " "1, " "1, " "1, " "1, " "1, " "1, " "1, " "1, " "1, " "1, " "1, " "1, " "1, " "1, " "1, " "1, " "1, " "1, " "1, " "1, " "1, " "1, " "1, " "1, " "1, " "1, " "1, " "1, " "1, " "1, " "1, " "1, " "1, " "1, " "1, " "1, " "1, " "1, " "1, " "1, " "1, " "1, " "1, " "1, " "1, " "1, " "1, " "1, " "1, " "1, " "1, " "1, " "1, " "1, " "1, " "1, " "1, " "1, " "1, " "1, " "1, " "1, " "1, " "1, " "1, " "1, " "1, " "1, " "1, " "1, " "1, " "1, " "1, " "1, " "1, " "1, " "1, " "1, " "1, " "1, " "1, " "1, " "1, " "1, " "1, " "1, " "1, " "1, " "1, "204
 "Nei177, 0.29, " "0.015, " "1, " "1, " "1, " "1, " "1, " "1, " "1, " "1, " "1, " "1, " "1, " "1, " "1, " "1, " "1, " "1, " "1, " "1, " "1, " "1, " "1, " "1, " "1, " "1, " "1, " "1, " "1, " "1, " "1, " "1, " "1, " "1, " "1, " "1, " "1, " "1, " "1, " "1, " "1, " "1, " "1, " "1, " "1, " "1, " "1, " "1, " "1, " "1, " "1, " "1, " "1, " "1, " "1, " "1, " "1, " "1, " "1, " "1, " "1, " "1, " "1, " "1, " "1, " "1, " "1, " "1, " "1, " "1, " "1, " "1, " "1, " "1, " "1, " "1, " "1, " "1, " "1, " "1, " "1, " "1, " "1, " "1, " "1, " "1, " "1, " "1, " "1, " "1, " "1, " "1, " "1, " "1, " "1, " "1, " "1, " "1, " "1, " "1, " "1, " "1, " "1, " "1, " "1, " "1, " "1, " "1, " "1, " "1, " "1, " "1, " "1, " "1, " "1, " "1, " "1, " "1, " "1, " "1, " "1, " "1, " "1, " "1, " "1, " "1, " "1, " "1, " "1, " "1, " "1, " "1, " "1, " "1, " "1, " "1, " "1, " "1, " "1, " "1, " "1, " "1, " "1, " "1, " "1, " "1, " "1, " "1, " "1, " "1, " "1, " "1, " "1, " "1, " "1, " "1, " "1, " "1, " "1, " "1, " "1, " "1, " "1, " "1, " "1, " "1, " "1, " "1, " "1, " "1, " "1, " "1, " "1, " "1, " "1, " "1, " "1, " "1, " "1, " "0, " "1, " "1, " "1, " "1, " "1, " "1, " "1, " "1, " "1, " "1, " "1, " "1, " "1, " "1, " "1, " "1, " "1, " "1, " "1, " "1, " "1, " "1, " "1, " "1, " "1, " "1, " "1, " "1, " "1, " "1, " "1, " "1, " "1, " "1, " "1, " "1, " "1, " "1, " "1, " "1, " "1, " "1, " "1, " "1, " "1, " "1, " "1, " "1, " "1, " "1, " "1, " "1, " "1, " "1, " "1, " "1, " "1, " "1, " "1, " "1, " "1, " "1, " "1, " "1, " "1, " "1, " "1, " "1, " "1, " "1, " "1, " "1, " "1, " "1, " "1, " "1, " "1, " "1, " "1, " "1, " "1, " "1, " "1, " "1, " "1, " "1, " "1, " "1, " "1, " "1, " "1, " "1, " "1, " "1, " "1, " "1, " "1, " "1, " "1, " "1, " "1, " "1, " "1, " "1, " "1, " "1, " "1, " "1, " "1, " "1, " "1, " "1, " "1, " "1, " "1, " "1, " "1, " "1, " "1, " "1, " "1, " "1, " "1, " "1, " "1, " "1, " "1, " "1, " "1, " "1, " "1, " "1, " "1, " "1, " "1, " "1, " "1, " "1, " "1, " "1, " "1, " "1, " "1, " "1, " "1, " "1, " "1, " "1, " "1, " "1, " "1, " "1, " "1, " "1, " "1, " "1, " "1, " "1, " "1, " "1, " "1, " "1, " "1, " "1, " "1, " "1, " "1, " "1, " "1, " "1, " "1, " "1, " "1, " "1, " "1, " "1, " "1, " "1, " "1, " "1, " "1, " "1, " "1, " "1, " "1, " "1, " "1, " "1, " "1, " "1, " "1, " "1, " "1, " "1, " "1, " "1, " "1, " "1, " "1, " "1, " "1, " "1, " "1, " "1, " "1, " "1, " "1, " "1, " "1, " "1, " "1, " "1, " "1, " "1, " "1, " "1, " "1, " "1, " "1, " "1, " "1, " "1, " "1, " "1, " "1, " "1, " "1, " "1, " "1, " "1, " "1, " "1, " "1, " "1, " "1, " "1, " "1, " "1, " "1, " "1, " "1, " "1, " "1, " "1, " "1, " "1, " "1, " "1, " "1, " "1, " "1, " "1, " "1, " "1, " "1, " "1, " "1, " "1, " "1, " "1, " "1, " "1, " "1, " "1, " "1, " "1, " "1, " "1, " "1, " "1, " "1, " "1, " "1, " "1, " "1, " "1, " "1, " "1, " "1, " "1, " "1, " "1, " "1, " "1, " "1, " "1, " "1, " "1, " "1, " "1, " "1, " "1, " "1, " "1, " "1, " "1, " "1, " "1, " "1, " "1, " "1, " "1, " "1, " "1, " "1, " "1, " "1, " "1, " "1, " "1, " "1, " "1, " "1, " "1, " "1, " "1, " "1, " "1, " "1, " "1, " "1, " "1, " "1, " "1, " "1, " "1, " "1, " "1, " "1, " "1, " "1, " "1, " "1, " "1, " "1, "204
 "Nei178, 0.194, " "0.015, " "1, " "1, " "1, " "1, " "1, " "1, " "1, " "1, " "1, " "1, " "1, " "1, " "1, " "1, " "1, " "1, " "1, " "1, " "1, " "1, " "1, " "1, " "1, " "1, " "1, " "1, " "1, " "1, " "1, " "1, " "1, " "1, " "1, " "1, " "1, " "1, " "1, " "1, " "1, " "1, " "1, " "1, " "1, " "1, " "1, " "1, " "1, " "1, " "1, " "1, " "1, " "1, " "1, " "1, " "1, " "1, " "1, " "1, " "1, " "1, " "1, " "1, " "1, " "1, " "1, " "1, " "1, " "1, " "1, " "1, " "1, " "1, " "1, " "1, " "1, " "1, " "1, " "1, " "1, " "1, " "1, " "1, " "1, " "1, " "1, " "1, " "1, " "1, " "1, " "1, " "1, " "1, " "1, " "1, " "1, " "1, " "1, " "1, " "1, " "1, " "1, " "1, " "1, " "1, " "1, " "1, " "1, " "1, " "1, " "1, " "1, " "1, " "1, " "1, " "1, " "1, " "1, " "1, " "1, " "1, " "1, " "1, " "1, " "1, " "1, " "1, " "1, " "1, " "1, " "1, " "1, " "1, " "1, " "1, " "1, " "1, " "1, " "1, " "1, " "1, " "1, " "1, " "1, " "1, " "1, " "1, " "1, " "1, " "1, " "1, " "1, " "1, " "1, " "1, " "1, " "1, " "1, " "1, " "1, " "1, " "1, " "1, " "1, " "1, " "1, " "1, " "1, " "1, " "1, " "1, " "1, " "1, " "1, " "1, " "1, " "1, " "1, " "1, " "0, " "1, " "1, " "1, " "1, " "1, " "1, " "1, " "1, " "1, " "1, " "1, " "1, " "1, " "1, " "1, " "1, " "1, " "1, " "1, " "1, " "1, " "1, " "1, " "1, " "1, " "1, " "1, " "1, " "1, " "1, " "1, " "1, " "1, " "1, " "1, " "1, " "1, " "1, " "1, " "1, " "1, " "1, " "1, " "1, " "1, " "1, " "1, " "1, " "1, " "1, " "1, " "1, " "1, " "1, " "1, " "1, " "1, " "1, " "1, " "1, " "1, " "1, " "1, " "1, " "1, " "1, " "1, " "1, " "1, " "1, " "1, " "1, " "1, " "1, " "1, " "1, " "1, " "1, " "1, " "1, " "1, " "1, " "1, " "1, " "1, " "1, " "1, " "1, " "1, " "1, " "1, " "1, " "1, " "1, " "1, " "1, " "1, " "1, " "1, " "1, " "1, " "1, " "1, " "1, " "1, " "1, " "1, " "1, " "1, " "1, " "1, " "1, " "1, " "1, " "1, " "1, " "1, " "1, " "1, " "1, " "1, " "1, " "1, " "1, " "1, " "1, " "1, " "1, " "1, " "1, " "1, " "1, " "1, " "1, " "1, " "1, " "1, " "1, " "1, " "1, " "1, " "1, " "1, " "1, " "1, " "1, " "1, " "1, " "1, " "1, " "1, " "1, " "1, " "1, " "1, " "1, " "1, " "1, " "1, " "1, " "1, " "1, " "1, " "1, " "1, " "1, " "1, " "1, " "1, " "1, " "1, " "1, " "1, " "1, " "1, " "1, " "1, " "1, " "1, " "1, " "1, " "1, " "1, " "1, " "1, " "1, " "1, " "1, " "1, " "1, " "1, " "1, " "1, " "1, " "1, " "1, " "1, " "1, " "1, " "1, " "1, " "1, " "1, " "1, " "1, " "1, " "1, " "1, " "1, " "1, " "1, " "1, " "1, " "1, " "1, " "1, " "1, " "1, " "1, " "1, " "1, " "1, " "1, " "1, " "1, " "1, " "1, " "1, " "1, " "1, " "1, " "1, " "1, " "1, " "1, " "1, " "1, " "1, " "1, " "1, " "1, " "1, " "1, " "1, " "1, " "1, " "1, " "1, " "1, " "1, " "1, " "1, " "1, " "1, " "1, " "1, " "1, " "1, " "1, " "1, " "1, " "1, " "1, " "1, " "1, " "1, " "1, " "1, " "1, " "1, " "1, " "1, " "1, " "1, " "1, " "1, " "1, " "1, " "1, " "1, " "1, " "1, " "1, " "1, " "1, " "1, " "1, " "1, " "1, " "1, " "1, " "1, " "1, " "1, " "1, " "1, " "1, " "1, " "1, " "1, " "1, " "1, " "1, " "1, " "1, " "1, " "1, " "1, " "1, " "1, " "1, " "1, " "1, " "1, " "1, " "1, " "1, " "1, " "1, " "1, " "1, " "1, " "1, " "1, " "1, " "1, " "1, " "1, " "1, " "1, " "1, " "1, " "1, " "1, "204
 "Nei179, 0.064, " "0.015, " "1, " "1, " "1, " "1, " "1, " "1, " "1, " "1, " "1, " "1, " "1, " "1, " "1, " "1, " "1, " "1, " "1, " "1, " "1, " "1, " "1, " "1, " "1, " "1, " "1, " "1, " "1, " "1, " "1, " "1, " "1, " "1, " "1, " "1, " "1, " "1, " "1, " "1, " "1, " "1, " "1, " "1, " "1, " "1, " "1, " "1, " "1, " "1, " "1, " "1, " "1, " "1, " "1, " "1, " "1, " "1, " "1, " "1, " "1, " "1, " "1, " "1, " "1, " "1, " "1, " "1, " "1, " "1, " "1, " "1, " "1, " "1, " "1, " "1, " "1, " "1, " "1, " "1, " "1, " "1, " "1, " "1, " "1, " "1, " "1, " "1, " "1, " "1, " "1, " "1, " "1, " "1, " "1, " "1, " "1, " "1, " "1, " "1, " "1, " "1, " "1, " "1, " "1, " "1, " "1, " "1, " "1, " "1, " "1, " "1, " "1, " "1, " "1, " "1, " "1, " "1, " "1, " "1, " "1, " "1, " "1, " "1, " "1, " "1, " "1, " "1, " "1, " "1, " "1, " "1, " "1, " "1, " "1, " "1, " "1, " "1, " "1, " "1, " "1, " "1, " "1, " "1, " "1, " "1, " "1, " "1, " "1, " "1, " "1, " "1, " "1, " "1, " "1, " "1, " "1, " "1, " "1, " "1, " "1, " "1, " "1, " "1, " "1, " "1, " "1, " "1, " "1, " "1, " "1, " "1, " "1, " "1, " "1, " "1, " "1, " "1, " "1, " "1, " "1, " "0, " "1, " "1, " "1, " "1, " "1, " "1, " "1, " "1, " "1, " "1, " "1, " "1, " "1, " "1, " "1, " "1, " "1, " "1, " "1, " "1, " "1, " "1, " "1, " "1, " "1, " "1, " "1, " "1, " "1, " "1, " "1, " "1, " "1, " "1, " "1, " "1, " "1, " "1, " "1, " "1, " "1, " "1, " "1, " "1, " "1, " "1, " "1, " "1, " "1, " "1, " "1, " "1, " "1, " "1, " "1, " "1, " "1, " "1, " "1, " "1, " "1, " "1, " "1, " "1, " "1, " "1, " "1, " "1, " "1, " "1, " "1, " "1, " "1, " "1, " "1, " "1, " "1, " "1, " "1, " "1, " "1, " "1, " "1, " "1, " "1, " "1, " "1, " "1, " "1, " "1, " "1, " "1, " "1, " "1, " "1, " "1, " "1, " "1, " "1, " "1, " "1, " "1, " "1, " "1, " "1, " "1, " "1, " "1, " "1, " "1, " "1, " "1, " "1, " "1, " "1, " "1, " "1, " "1, " "1, " "1, " "1, " "1, " "1, " "1, " "1, " "1, " "1, " "1, " "1, " "1, " "1, " "1, " "1, " "1, " "1, " "1, " "1, " "1, " "1, " "1, " "1, " "1, " "1, " "1, " "1, " "1, " "1, " "1, " "1, " "1, " "1, " "1, " "1, " "1, " "1, " "1, " "1, " "1, " "1, " "1, " "1, " "1, " "1, " "1, " "1, " "1, " "1, " "1, " "1, " "1, " "1, " "1, " "1, " "1, " "1, " "1, " "1, " "1, " "1, " "1, " "1, " "1, " "1, " "1, " "1, " "1, " "1, " "1, " "1, " "1, " "1, " "1, " "1, " "1, " "1, " "1, " "1, " "1, " "1, " "1, " "1, " "1, " "1, " "1, " "1, " "1, " "1, " "1, " "1, " "1, " "1, " "1, " "1, " "1, " "1, " "1, " "1, " "1, " "1, " "1, " "1, " "1, " "1, " "1, " "1, " "1, " "1, " "1, " "1, " "1, " "1, " "1, " "1, " "1, " "1, " "1, " "1, " "1, " "1, " "1, " "1, " "1, " "1, " "1, " "1, " "1, " "1, " "1, " "1, " "1, " "1, " "1, " "1, " "1, " "1, " "1, " "1, " "1, " "1, " "1, " "1, " "1, " "1, " "1, " "1, " "1, " "1, " "1, " "1, " "1, " "1, " "1, " "1, " "1, " "1, " "1, " "1, " "1, " "1, " "1, " "1, " "1, " "1, " "1, " "1, " "1, " "1, " "1, " "1, " "1, " "1, " "1, " "1, " "1, " "1, " "1, " "1, " "1, " "1, " "1, " "1, " "1, " "1, " "1, " "1, " "1, " "1, " "1, " "1, " "1, " "1, " "1, " "1, " "1, " "1, " "1, " "1, " "1, " "1, " "1, " "1, " "1, " "1, " "1, " "1, " "1, " "1, " "1, " "1, " "1, " "1, " "1, " "1, "204
 "Nei180, 0.339, " "0.015, " "1, " "1, " "1, " "1, " "1, " "1, " "1, " "1, " "1, " "1, " "1, " "1, " "1, " "1, " "1, " "1, " "1, " "1, " "1, " "1, " "1, " "1, " "1, " "1, " "1, " "1, " "1, " "1, " "1, " "1, " "1, " "1, " "1, " "1, " "1, " "1, " "1, " "1, " "1, " "1, " "1, " "1, " "1, " "1, " "1, " "1, " "1, " "1, " "1, " "1, " "1, " "1, " "1, " "1, " "1, " "1, " "1, " "1, " "1, " "1, " "1, " "1, " "1, " "1, " "1, " "1, " "1, " "1, " "1, " "1, " "1, " "1, " "1, " "1, " "1, " "1, " "1, " "1, " "1, " "1, " "1, " "1, " "1, " "1, " "1, " "1, " "1, " "1, " "1, " "1, " "1, " "1, " "1, " "1, " "1, " "1, " "1, " "1, " "1, " "1, " "1, " "1, " "1, " "1, " "1, " "1, " "1, " "1, " "1, " "1, " "1, " "1, " "1, " "1, " "1, " "1, " "1, " "1, " "1, " "1, " "1, " "1, " "1, " "1, " "1, " "1, " "1, " "1, " "1, " "1, " "1, " "1, " "1, " "1, " "1, " "1, " "1, " "1, " "1, " "1, " "1, " "1, " "1, " "1, " "1, " "1, " "1, " "1, " "1, " "1, " "1, " "1, " "1, " "1, " "1, " "1, " "1, " "1, " "1, " "1, " "1, " "1, " "1, " "1, " "1, " "1, " "1, " "1, " "1, " "1, " "1, " "1, " "1, " "1, " "1, " "1, " "1, " "1, " "1, " "1, " "0, " "1, " "1, " "1, " "1, " "1, " "1, " "1, " "1, " "1, " "1, " "1, " "1, " "1, " "1, " "1, " "1, " "1, " "1, " "1, " "1, " "1, " "1, " "1, " "1, " "1, " "1, " "1, " "1, " "1, " "1, " "1, " "1, " "1, " "1, " "1, " "1, " "1, " "1, " "1, " "1, " "1, " "1, " "1, " "1, " "1, " "1, " "1, " "1, " "1, " "1, " "1, " "1, " "1, " "1, " "1, " "1, " "1, " "1, " "1, " "1, " "1, " "1, " "1, " "1, " "1, " "1, " "1, " "1, " "1, " "1, " "1, " "1, " "1, " "1, " "1, " "1, " "1, " "1, " "1, " "1, " "1, " "1, " "1, " "1, " "1, " "1, " "1, " "1, " "1, " "1, " "1, " "1, " "1, " "1, " "1, " "1, " "1, " "1, " "1, " "1, " "1, " "1, " "1, " "1, " "1, " "1, " "1, " "1, " "1, " "1, " "1, " "1, " "1, " "1, " "1, " "1, " "1, " "1, " "1, " "1, " "1, " "1, " "1, " "1, " "1, " "1, " "1, " "1, " "1, " "1, " "1, " "1, " "1, " "1, " "1, " "1, " "1, " "1, " "1, " "1, " "1, " "1, " "1, " "1, " "1, " "1, " "1, " "1, " "1, " "1, " "1, " "1, " "1, " "1, " "1, " "1, " "1, " "1, " "1, " "1, " "1, " "1, " "1, " "1, " "1, " "1, " "1, " "1, " "1, " "1, " "1, " "1, " "1, " "1, " "1, " "1, " "1, " "1, " "1, " "1, " "1, " "1, " "1, " "1, " "1, " "1, " "1, " "1, " "1, " "1, " "1, " "1, " "1, " "1, " "1, " "1, " "1, " "1, " "1, " "1, " "1, " "1, " "1, " "1, " "1, " "1, " "1, " "1, " "1, " "1, " "1, " "1, " "1, " "1, " "1, " "1, " "1, " "1, " "1, " "1, " "1, " "1, " "1, " "1, " "1, " "1, " "1, " "1, " "1, " "1, " "1, " "1, " "1, " "1, " "1, " "1, " "1, " "1, " "1, " "1, " "1, " "1, " "1, " "1, " "1, " "1, " "1, " "1, " "1, " "1, " "1, " "1, " "1, " "1, " "1, " "1, " "1, " "1, " "1, " "1, " "1, " "1, " "1, " "1, " "1, " "1, " "1, " "1, " "1, " "1, " "1, " "1, " "1, " "1, " "1, " "1, " "1, " "1, " "1, " "1, " "1, " "1, " "1, " "1, " "1, " "1, " "1, " "1, " "1, " "1, " "1, " "1, " "1, " "1, " "1, " "1, " "1, " "1, " "1, " "1, " "1, " "1, " "1, " "1, " "1, " "1, " "1, " "1, " "1, " "1, " "1, " "1, " "1, " "1, " "1, " "1, " "1, " "1, " "1, " "1, " "1, " "1, " "1, " "1, " "1, " "1, " "1, " "1, " "1, " "1, " "1, " "1, "204
 "Nei181, 0.181, " "0.015, " "1, " "1, " "1, " "1, " "1, " "1, " "1, " "1, " "1, " "1, " "1, " "1, " "1, " "1, " "1, " "1, " "1, " "1, " "1, " "1, " "1, " "1, " "1, " "1, " "1, " "1, " "1, " "1, " "1, " "1, " "1, " "1, " "1, " "1, " "1, " "1, " "1, " "1, " "1, " "1, " "1, " "1, " "1, " "1, " "1, " "1, " "1, " "1, " "1, " "1, " "1, " "1, " "1, " "1, " "1, " "1, " "1, " "1, " "1, " "1, " "1, " "1, " "1, " "1, " "1, " "1, " "1, " "1, " "1, " "1, " "1, " "1, " "1, " "1, " "1, " "1, " "1, " "1, " "1, " "1, " "1, " "1, " "1, " "1, " "1, " "1, " "1, " "1, " "1, " "1, " "1, " "1, " "1, " "1, " "1, " "1, " "1, " "1, " "1, " "1, " "1, " "1, " "1, " "1, " "1, " "1, " "1, " "1, " "1, " "1, " "1, " "1, " "1, " "1, " "1, " "1, " "1, " "1, " "1, " "1, " "1, " "1, " "1, " "1, " "1, " "1, " "1, " "1, " "1, " "1, " "1, " "1, " "1, " "1, " "1, " "1, " "1, " "1, " "1, " "1, " "1, " "1, " "1, " "1, " "1, " "1, " "1, " "1, " "1, " "1, " "1, " "1, " "1, " "1, " "1, " "1, " "1, " "1, " "1, " "1, " "1, " "1, " "1, " "1, " "1, " "1, " "1, " "1, " "1, " "1, " "1, " "1, " "1, " "1, " "1, " "1, " "1, " "1, " "1, " "1, " "1, " "0, " "1, " "1, " "1, " "1, " "1, " "1, " "1, " "1, " "1, " "1, " "1, " "1, " "1, " "1, " "1, " "1, " "1, " "1, " "1, " "1, " "1, " "1, " "1, " "1, " "1, " "1, " "1, " "1, " "1, " "1, " "1, " "1, " "1, " "1, " "1, " "1, " "1, " "1, " "1, " "1, " "1, " "1, " "1, " "1, " "1, " "1, " "1, " "1, " "1, " "1, " "1, " "1, " "1, " "1, " "1, " "1, " "1, " "1, " "1, " "1, " "1, " "1, " "1, " "1, " "1, " "1, " "1, " "1, " "1, " "1, " "1, " "1, " "1, " "1, " "1, " "1, " "1, " "1, " "1, " "1, " "1, " "1, " "1, " "1, " "1, " "1, " "1, " "1, " "1, " "1, " "1, " "1, " "1, " "1, " "1, " "1, " "1, " "1, " "1, " "1, " "1, " "1, " "1, " "1, " "1, " "1, " "1, " "1, " "1, " "1, " "1, " "1, " "1, " "1, " "1, " "1, " "1, " "1, " "1, " "1, " "1, " "1, " "1, " "1, " "1, " "1, " "1, " "1, " "1, " "1, " "1, " "1, " "1, " "1, " "1, " "1, " "1, " "1, " "1, " "1, " "1, " "1, " "1, " "1, " "1, " "1, " "1, " "1, " "1, " "1, " "1, " "1, " "1, " "1, " "1, " "1, " "1, " "1, " "1, " "1, " "1, " "1, " "1, " "1, " "1, " "1, " "1, " "1, " "1, " "1, " "1, " "1, " "1, " "1, " "1, " "1, " "1, " "1, " "1, " "1, " "1, " "1, " "1, " "1, " "1, " "1, " "1, " "1, " "1, " "1, " "1, " "1, " "1, " "1, " "1, " "1, " "1, " "1, " "1, " "1, " "1, " "1, " "1, " "1, " "1, " "1, " "1, " "1, " "1, " "1, " "1, " "1, " "1, " "1, " "1, " "1, " "1, " "1, " "1, " "1, " "1, " "1, " "1, " "1, " "1, " "1, " "1, " "1, " "1, " "1, " "1, " "1, " "1, " "1, " "1, " "1, " "1, " "1, " "1, " "1, " "1, " "1, " "1, " "1, " "1, " "1, " "1, " "1, " "1, " "1, " "1, " "1, " "1, " "1, " "1, " "1, " "1, " "1, " "1, " "1, " "1, " "1, " "1, " "1, " "1, " "1, " "1, " "1, " "1, " "1, " "1, " "1, " "1, " "1, " "1, " "1, " "1, " "1, " "1, " "1, " "1, " "1, " "1, " "1, " "1, " "1, " "1, " "1, " "1, " "1, " "1, " "1, " "1, " "1, " "1, " "1, " "1, " "1, " "1, " "1, " "1, " "1, " "1, " "1, " "1, " "1, " "1, " "1, " "1, " "1, " "1, " "1, " "1, " "1, " "1, " "1, " "1, " "1, " "1, " "1, " "1, " "1, " "1, " "1, " "1, " "1, " "1, " "1, " "1, " "1, " "1, "204
 "Nei182, 0.105, " "0.015, " "1, " "1, " "1, " "1, " "1, " "1, " "1, " "1, " "1, " "1, " "1, " "1, " "1, " "1, " "1, " "1, " "1, " "1, " "1, " "1, " "1, " "1, " "1, " "1, " "1, " "1, " "1, " "1, " "1, " "1, " "1, " "1, " "1, " "1, " "1, " "1, " "1, " "1, " "1, " "1, " "1, " "1, " "1, " "1, " "1, " "1, " "1, " "1, " "1, " "1, " "1, " "1, " "1, " "1, " "1, " "1, " "1, " "1, " "1, " "1, " "1, " "1, " "1, " "1, " "1, " "1, " "1, " "1, " "1, " "1, " "1, " "1, " "1, " "1, " "1, " "1, " "1, " "1, " "1, " "1, " "1, " "1, " "1, " "1, " "1, " "1, " "1, " "1, " "1, " "1, " "1, " "1, " "1, " "1, " "1, " "1, " "1, " "1, " "1, " "1, " "1, " "1, " "1, " "1, " "1, " "1, " "1, " "1, " "1, " "1, " "1, " "1, " "1, " "1, " "1, " "1, " "1, " "1, " "1, " "1, " "1, " "1, " "1, " "1, " "1, " "1, " "1, " "1, " "1, " "1, " "1, " "1, " "1, " "1, " "1, " "1, " "1, " "1, " "1, " "1, " "1, " "1, " "1, " "1, " "1, " "1, " "1, " "1, " "1, " "1, " "1, " "1, " "1, " "1, " "1, " "1, " "1, " "1, " "1, " "1, " "1, " "1, " "1, " "1, " "1, " "1, " "1, " "1, " "1, " "1, " "1, " "1, " "1, " "1, " "1, " "1, " "1, " "1, " "1, " "1, " "1, " "1, " "0, " "1, " "1, " "1, " "1, " "1, " "1, " "1, " "1, " "1, " "1, " "1, " "1, " "1, " "1, " "1, " "1, " "1, " "1, " "1, " "1, " "1, " "1, " "1, " "1, " "1, " "1, " "1, " "1, " "1, " "1, " "1, " "1, " "1, " "1, " "1, " "1, " "1, " "1, " "1, " "1, " "1, " "1, " "1, " "1, " "1, " "1, " "1, " "1, " "1, " "1, " "1, " "1, " "1, " "1, " "1, " "1, " "1, " "1, " "1, " "1, " "1, " "1, " "1, " "1, " "1, " "1, " "1, " "1, " "1, " "1, " "1, " "1, " "1, " "1, " "1, " "1, " "1, " "1, " "1, " "1, " "1, " "1, " "1, " "1, " "1, " "1, " "1, " "1, " "1, " "1, " "1, " "1, " "1, " "1, " "1, " "1, " "1, " "1, " "1, " "1, " "1, " "1, " "1, " "1, " "1, " "1, " "1, " "1, " "1, " "1, " "1, " "1, " "1, " "1, " "1, " "1, " "1, " "1, " "1, " "1, " "1, " "1, " "1, " "1, " "1, " "1, " "1, " "1, " "1, " "1, " "1, " "1, " "1, " "1, " "1, " "1, " "1, " "1, " "1, " "1, " "1, " "1, " "1, " "1, " "1, " "1, " "1, " "1, " "1, " "1, " "1, " "1, " "1, " "1, " "1, " "1, " "1, " "1, " "1, " "1, " "1, " "1, " "1, " "1, " "1, " "1, " "1, " "1, " "1, " "1, " "1, " "1, " "1, " "1, " "1, " "1, " "1, " "1, " "1, " "1, " "1, " "1, " "1, " "1, " "1, " "1, " "1, " "1, " "1, " "1, " "1, " "1, " "1, " "1, " "1, " "1, " "1, " "1, " "1, " "1, " "1, " "1, " "1, " "1, " "1, " "1, " "1, " "1, " "1, " "1, " "1, " "1, " "1, " "1, " "1, " "1, " "1, " "1, " "1, " "1, " "1, " "1, " "1, " "1, " "1, " "1, " "1, " "1, " "1, " "1, " "1, " "1, " "1, " "1, " "1, " "1, " "1, " "1, " "1, " "1, " "1, " "1, " "1, " "1, " "1, " "1, " "1, " "1, " "1, " "1, " "1, " "1, " "1, " "1, " "1, " "1, " "1, " "1, " "1, " "1, " "1, " "1, " "1, " "1, " "1, " "1, " "1, " "1, " "1, " "1, " "1, " "1, " "1, " "1, " "1, " "1, " "1, " "1, " "1, " "1, " "1, " "1, " "1, " "1, " "1, " "1, " "1, " "1, " "1, " "1, " "1, " "1, " "1, " "1, " "1, " "1, " "1, " "1, " "1, " "1, " "1, " "1, " "1, " "1, " "1, " "1, " "1, " "1, " "1, " "1, " "1, " "1, " "1, " "1, " "1, " "1, " "1, " "1, " "1, " "1, " "1, " "1, " "1, " "1, " "1, " "1, " "1, " "1, " "1, " "1, "204
 "Nei183, 0.249, " "0.015, " "1, " "1, " "1, " "1, " "1, " "1, " "1, " "1, " "1, " "1, " "1, " "1, " "1, " "1, " "1, " "1, " "1, " "1, " "1, " "1, " "1, " "1, " "1, " "1, " "1, " "1, " "1, " "1, " "1, " "1, " "1, " "1, " "1, " "1, " "1, " "1, " "1, " "1, " "1, " "1, " "1, " "1, " "1, " "1, " "1, " "1, " "1, " "1, " "1, " "1, " "1, " "1, " "1, " "1, " "1, " "1, " "1, " "1, " "1, " "1, " "1, " "1, " "1, " "1, " "1, " "1, " "1, " "1, " "1, " "1, " "1, " "1, " "1, " "1, " "1, " "1, " "1, " "1, " "1, " "1, " "1, " "1, " "1, " "1, " "1, " "1, " "1, " "1, " "1, " "1, " "1, " "1, " "1, " "1, " "1, " "1, " "1, " "1, " "1, " "1, " "1, " "1, " "1, " "1, " "1, " "1, " "1, " "1, " "1, " "1, " "1, " "1, " "1, " "1, " "1, " "1, " "1, " "1, " "1, " "1, " "1, " "1, " "1, " "1, " "1, " "1, " "1, " "1, " "1, " "1, " "1, " "1, " "1, " "1, " "1, " "1, " "1, " "1, " "1, " "1, " "1, " "1, " "1, " "1, " "1, " "1, " "1, " "1, " "1, " "1, " "1, " "1, " "1, " "1, " "1, " "1, " "1, " "1, " "1, " "1, " "1, " "1, " "1, " "1, " "1, " "1, " "1, " "1, " "1, " "1, " "1, " "1, " "1, " "1, " "1, " "1, " "1, " "1, " "1, " "1, " "1, " "1, " "1, " "0, " "1, " "1, " "1, " "1, " "1, " "1, " "1, " "1, " "1, " "1, " "1, " "1, " "1, " "1, " "1, " "1, " "1, " "1, " "1, " "1, " "1, " "1, " "1, " "1, " "1, " "1, " "1, " "1, " "1, " "1, " "1, " "1, " "1, " "1, " "1, " "1, " "1, " "1, " "1, " "1, " "1, " "1, " "1, " "1, " "1, " "1, " "1, " "1, " "1, " "1, " "1, " "1, " "1, " "1, " "1, " "1, " "1, " "1, " "1, " "1, " "1, " "1, " "1, " "1, " "1, " "1, " "1, " "1, " "1, " "1, " "1, " "1, " "1, " "1, " "1, " "1, " "1, " "1, " "1, " "1, " "1, " "1, " "1, " "1, " "1, " "1, " "1, " "1, " "1, " "1, " "1, " "1, " "1, " "1, " "1, " "1, " "1, " "1, " "1, " "1, " "1, " "1, " "1, " "1, " "1, " "1, " "1, " "1, " "1, " "1, " "1, " "1, " "1, " "1, " "1, " "1, " "1, " "1, " "1, " "1, " "1, " "1, " "1, " "1, " "1, " "1, " "1, " "1, " "1, " "1, " "1, " "1, " "1, " "1, " "1, " "1, " "1, " "1, " "1, " "1, " "1, " "1, " "1, " "1, " "1, " "1, " "1, " "1, " "1, " "1, " "1, " "1, " "1, " "1, " "1, " "1, " "1, " "1, " "1, " "1, " "1, " "1, " "1, " "1, " "1, " "1, " "1, " "1, " "1, " "1, " "1, " "1, " "1, " "1, " "1, " "1, " "1, " "1, " "1, " "1, " "1, " "1, " "1, " "1, " "1, " "1, " "1, " "1, " "1, " "1, " "1, " "1, " "1, " "1, " "1, " "1, " "1, " "1, " "1, " "1, " "1, " "1, " "1, " "1, " "1, " "1, " "1, " "1, " "1, " "1, " "1, " "1, " "1, " "1, " "1, " "1, " "1, " "1, " "1, " "1, " "1, " "1, " "1, " "1, " "1, " "1, " "1, " "1, " "1, " "1, " "1, " "1, " "1, " "1, " "1, " "1, " "1, " "1, " "1, " "1, " "1, " "1, " "1, " "1, " "1, " "1, " "1, " "1, " "1, " "1, " "1, " "1, " "1, " "1, " "1, " "1, " "1, " "1, " "1, " "1, " "1, " "1, " "1, " "1, " "1, " "1, " "1, " "1, " "1, " "1, " "1, " "1, " "1, " "1, " "1, " "1, " "1, " "1, " "1, " "1, " "1, " "1, " "1, " "1, " "1, " "1, " "1, " "1, " "1, " "1, " "1, " "1, " "1, " "1, " "1, " "1, " "1, " "1, " "1, " "1, " "1, " "1, " "1, " "1, " "1, " "1, " "1, " "1, " "1, " "1, " "1, " "1, " "1, " "1, " "1, " "1, " "1, " "1, " "1, " "1, " "1, " "1, " "1, " "1, " "1, " "1, " "1, " "1, " "1, "204
 "Nei184, 0.097, " "0.015, " "1, " "1, " "1, " "1, " "1, " "1, " "1, " "1, " "1, " "1, " "1, " "1, " "1, " "1, " "1, " "1, " "1, " "1, " "1, " "1, " "1, " "1, " "1, " "1, " "1, " "1, " "1, " "1, " "1, " "1, " "1, " "1, " "1, " "1, " "1, " "1, " "1, " "1, " "1, " "1, " "1, " "1, " "1, " "1, " "1, " "1, " "1, " "1, " "1, " "1, " "1, " "1, " "1, " "1, " "1, " "1, " "1, " "1, " "1, " "1, " "1, " "1, " "1, " "1, " "1, " "1, " "1, " "1, " "1, " "1, " "1, " "1, " "1, " "1, " "1, " "1, " "1, " "1, " "1, " "1, " "1, " "1, " "1, " "1, " "1, " "1, " "1, " "1, " "1, " "1, " "1, " "1, " "1, " "1, " "1, " "1, " "1, " "1, " "1, " "1, " "1, " "1, " "1, " "1, " "1, " "1, " "1, " "1, " "1, " "1, " "1, " "1, " "1, " "1, " "1, " "1, " "1, " "1, " "1, " "1, " "1, " "1, " "1, " "1, " "1, " "1, " "1, " "1, " "1, " "1, " "1, " "1, " "1, " "1, " "1, " "1, " "1, " "1, " "1, " "1, " "1, " "1, " "1, " "1, " "1, " "1, " "1, " "1, " "1, " "1, " "1, " "1, " "1, " "1, " "1, " "1, " "1, " "1, " "1, " "1, " "1, " "1, " "1, " "1, " "1, " "1, " "1, " "1, " "1, " "1, " "1, " "1, " "1, " "1, " "1, " "1, " "1, " "1, " "1, " "1, " "1, " "1, " "1, " "1, " "0, " "1, " "1, " "1, " "1, " "1, " "1, " "1, " "1, " "1, " "1, " "1, " "1, " "1, " "1, " "1, " "1, " "1, " "1, " "1, " "1, " "1, " "1, " "1, " "1, " "1, " "1, " "1, " "1, " "1, " "1, " "1, " "1, " "1, " "1, " "1, " "1, " "1, " "1, " "1, " "1, " "1, " "1, " "1, " "1, " "1, " "1, " "1, " "1, " "1, " "1, " "1, " "1, " "1, " "1, " "1, " "1, " "1, " "1, " "1, " "1, " "1, " "1, " "1, " "1, " "1, " "1, " "1, " "1, " "1, " "1, " "1, " "1, " "1, " "1, " "1, " "1, " "1, " "1, " "1, " "1, " "1, " "1, " "1, " "1, " "1, " "1, " "1, " "1, " "1, " "1, " "1, " "1, " "1, " "1, " "1, " "1, " "1, " "1, " "1, " "1, " "1, " "1, " "1, " "1, " "1, " "1, " "1, " "1, " "1, " "1, " "1, " "1, " "1, " "1, " "1, " "1, " "1, " "1, " "1, " "1, " "1, " "1, " "1, " "1, " "1, " "1, " "1, " "1, " "1, " "1, " "1, " "1, " "1, " "1, " "1, " "1, " "1, " "1, " "1, " "1, " "1, " "1, " "1, " "1, " "1, " "1, " "1, " "1, " "1, " "1, " "1, " "1, " "1, " "1, " "1, " "1, " "1, " "1, " "1, " "1, " "1, " "1, " "1, " "1, " "1, " "1, " "1, " "1, " "1, " "1, " "1, " "1, " "1, " "1, " "1, " "1, " "1, " "1, " "1, " "1, " "1, " "1, " "1, " "1, " "1, " "1, " "1, " "1, " "1, " "1, " "1, " "1, " "1, " "1, " "1, " "1, " "1, " "1, " "1, " "1, " "1, " "1, " "1, " "1, " "1, " "1, " "1, " "1, " "1, " "1, " "1, " "1, " "1, " "1, " "1, " "1, " "1, " "1, " "1, " "1, " "1, " "1, " "1, " "1, " "1, " "1, " "1, " "1, " "1, " "1, " "1, " "1, " "1, " "1, " "1, " "1, " "1, " "1, " "1, " "1, " "1, " "1, " "1, " "1, " "1, " "1, " "1, " "1, " "1, " "1, " "1, " "1, " "1, " "1, " "1, " "1, " "1, " "1, " "1, " "1, " "1, " "1, " "1, " "1, " "1, " "1, " "1, " "1, " "1, " "1, " "1, " "1, " "1, " "1, " "1, " "1, " "1, " "1, " "1, " "1, " "1, " "1, " "1, " "1, " "1, " "1, " "1, " "1, " "1, " "1, " "1, " "1, " "1, " "1, " "1, " "1, " "1, " "1, " "1, " "1, " "1, " "1, " "1, " "1, " "1, " "1, " "1, " "1, " "1, " "1, " "1, " "1, " "1, " "1, " "1, " "1, " "1, " "1, " "1, " "1, " "1, " "1, " "1, " "1, " "1, " "1, " "1, " "1, "204
 "Nei185, 0.361, " "0.015, " "1, " "1, " "1, " "1, " "1, " "1, " "1, " "1, " "1, " "1, " "1, " "1, " "1, " "1, " "1, " "1, " "1, " "1, " "1, " "1, " "1, " "1, " "1, " "1, " "1, " "1, " "1, " "1, " "1, " "1, " "1, " "1, " "1, " "1, " "1, " "1, " "1, " "1, " "1, " "1, " "1, " "1, " "1, " "1, " "1, " "1, " "1, " "1, " "1, " "1, " "1, " "1, " "1, " "1, " "1, " "1, " "1, " "1, " "1, " "1, " "1, " "1, " "1, " "1, " "1, " "1, " "1, " "1, " "1, " "1, " "1, " "1, " "1, " "1, " "1, " "1, " "1, " "1, " "1, " "1, " "1, " "1, " "1, " "1, " "1, " "1, " "1, " "1, " "1, " "1, " "1, " "1, " "1, " "1, " "1, " "1, " "1, " "1, " "1, " "1, " "1, " "1, " "1, " "1, " "1, " "1, " "1, " "1, " "1, " "1, " "1, " "1, " "1, " "1, " "1, " "1, " "1, " "1, " "1, " "1, " "1, " "1, " "1, " "1, " "1, " "1, " "1, " "1, " "1, " "1, " "1, " "1, " "1, " "1, " "1, " "1, " "1, " "1, " "1, " "1, " "1, " "1, " "1, " "1, " "1, " "1, " "1, " "1, " "1, " "1, " "1, " "1, " "1, " "1, " "1, " "1, " "1, " "1, " "1, " "1, " "1, " "1, " "1, " "1, " "1, " "1, " "1, " "1, " "1, " "1, " "1, " "1, " "1, " "1, " "1, " "1, " "1, " "1, " "1, " "1, " "1, " "1, " "1, " "1, " "1, " "0, " "1, " "1, " "1, " "1, " "1, " "1, " "1, " "1, " "1, " "1, " "1, " "1, " "1, " "1, " "1, " "1, " "1, " "1, " "1, " "1, " "1, " "1, " "1, " "1, " "1, " "1, " "1, " "1, " "1, " "1, " "1, " "1, " "1, " "1, " "1, " "1, " "1, " "1, " "1, " "1, " "1, " "1, " "1, " "1, " "1, " "1, " "1, " "1, " "1, " "1, " "1, " "1, " "1, " "1, " "1, " "1, " "1, " "1, " "1, " "1, " "1, " "1, " "1, " "1, " "1, " "1, " "1, " "1, " "1, " "1, " "1, " "1, " "1, " "1, " "1, " "1, " "1, " "1, " "1, " "1, " "1, " "1, " "1, " "1, " "1, " "1, " "1, " "1, " "1, " "1, " "1, " "1, " "1, " "1, " "1, " "1, " "1, " "1, " "1, " "1, " "1, " "1, " "1, " "1, " "1, " "1, " "1, " "1, " "1, " "1, " "1, " "1, " "1, " "1, " "1, " "1, " "1, " "1, " "1, " "1, " "1, " "1, " "1, " "1, " "1, " "1, " "1, " "1, " "1, " "1, " "1, " "1, " "1, " "1, " "1, " "1, " "1, " "1, " "1, " "1, " "1, " "1, " "1, " "1, " "1, " "1, " "1, " "1, " "1, " "1, " "1, " "1, " "1, " "1, " "1, " "1, " "1, " "1, " "1, " "1, " "1, " "1, " "1, " "1, " "1, " "1, " "1, " "1, " "1, " "1, " "1, " "1, " "1, " "1, " "1, " "1, " "1, " "1, " "1, " "1, " "1, " "1, " "1, " "1, " "1, " "1, " "1, " "1, " "1, " "1, " "1, " "1, " "1, " "1, " "1, " "1, " "1, " "1, " "1, " "1, " "1, " "1, " "1, " "1, " "1, " "1, " "1, " "1, " "1, " "1, " "1, " "1, " "1, " "1, " "1, " "1, " "1, " "1, " "1, " "1, " "1, " "1, " "1, " "1, " "1, " "1, " "1, " "1, " "1, " "1, " "1, " "1, " "1, " "1, " "1, " "1, " "1, " "1, " "1, " "1, " "1, " "1, " "1, " "1, " "1, " "1, " "1, " "1, " "1, " "1, " "1, " "1, " "1, " "1, " "1, " "1, " "1, " "1, " "1, " "1, " "1, " "1, " "1, " "1, " "1, " "1, " "1, " "1, " "1, " "1, " "1, " "1, " "1, " "1, " "1, " "1, " "1, " "1, " "1, " "1, " "1, " "1, " "1, " "1, " "1, " "1, " "1, " "1, " "1, " "1, " "1, " "1, " "1, " "1, " "1, " "1, " "1, " "1, " "1, " "1, " "1, " "1, " "1, " "1, " "1, " "1, " "1, " "1, " "1, " "1, " "1, " "1, " "1, " "1, " "1, " "1, " "1, " "1, " "1, " "1, " "1, " "1, " "1, " "1, " "1, " "1, " "1, "204
 "Nei186, 0.12, " "0.015, " "1, " "1, " "1, " "1, " "1, " "1, " "1, " "1, " "1, " "1, " "1, " "1, " "1, " "1, " "1, " "1, " "1, " "1, " "1, " "1, " "1, " "1, " "1, " "1, " "1, " "1, " "1, " "1, " "1, " "1, " "1, " "1, " "1, " "1, " "1, " "1, " "1, " "1, " "1, " "1, " "1, " "1, " "1, " "1, " "1, " "1, " "1, " "1, " "1, " "1, " "1, " "1, " "1, " "1, " "1, " "1, " "1, " "1, " "1, " "1, " "1, " "1, " "1, " "1, " "1, " "1, " "1, " "1, " "1, " "1, " "1, " "1, " "1, " "1, " "1, " "1, " "1, " "1, " "1, " "1, " "1, " "1, " "1, " "1, " "1, " "1, " "1, " "1, " "1, " "1, " "1, " "1, " "1, " "1, " "1, " "1, " "1, " "1, " "1, " "1, " "1, " "1, " "1, " "1, " "1, " "1, " "1, " "1, " "1, " "1, " "1, " "1, " "1, " "1, " "1, " "1, " "1, " "1, " "1, " "1, " "1, " "1, " "1, " "1, " "1, " "1, " "1, " "1, " "1, " "1, " "1, " "1, " "1, " "1, " "1, " "1, " "1, " "1, " "1, " "1, " "1, " "1, " "1, " "1, " "1, " "1, " "1, " "1, " "1, " "1, " "1, " "1, " "1, " "1, " "1, " "1, " "1, " "1, " "1, " "1, " "1, " "1, " "1, " "1, " "1, " "1, " "1, " "1, " "1, " "1, " "1, " "1, " "1, " "1, " "1, " "1, " "1, " "1, " "1, " "1, " "1, " "1, " "1, " "1, " "1, " "1, " "0, " "1, " "1, " "1, " "1, " "1, " "1, " "1, " "1, " "1, " "1, " "1, " "1, " "1, " "1, " "1, " "1, " "1, " "1, " "1, " "1, " "1, " "1, " "1, " "1, " "1, " "1, " "1, " "1, " "1, " "1, " "1, " "1, " "1, " "1, " "1, " "1, " "1, " "1, " "1, " "1, " "1, " "1, " "1, " "1, " "1, " "1, " "1, " "1, " "1, " "1, " "1, " "1, " "1, " "1, " "1, " "1, " "1, " "1, " "1, " "1, " "1, " "1, " "1, " "1, " "1, " "1, " "1, " "1, " "1, " "1, " "1, " "1, " "1, " "1, " "1, " "1, " "1, " "1, " "1, " "1, " "1, " "1, " "1, " "1, " "1, " "1, " "1, " "1, " "1, " "1, " "1, " "1, " "1, " "1, " "1, " "1, " "1, " "1, " "1, " "1, " "1, " "1, " "1, " "1, " "1, " "1, " "1, " "1, " "1, " "1, " "1, " "1, " "1, " "1, " "1, " "1, " "1, " "1, " "1, " "1, " "1, " "1, " "1, " "1, " "1, " "1, " "1, " "1, " "1, " "1, " "1, " "1, " "1, " "1, " "1, " "1, " "1, " "1, " "1, " "1, " "1, " "1, " "1, " "1, " "1, " "1, " "1, " "1, " "1, " "1, " "1, " "1, " "1, " "1, " "1, " "1, " "1, " "1, " "1, " "1, " "1, " "1, " "1, " "1, " "1, " "1, " "1, " "1, " "1, " "1, " "1, " "1, " "1, " "1, " "1, " "1, " "1, " "1, " "1, " "1, " "1, " "1, " "1, " "1, " "1, " "1, " "1, " "1, " "1, " "1, " "1, " "1, " "1, " "1, " "1, " "1, " "1, " "1, " "1, " "1, " "1, " "1, " "1, " "1, " "1, " "1, " "1, " "1, " "1, " "1, " "1, " "1, " "1, " "1, " "1, " "1, " "1, " "1, " "1, " "1, " "1, " "1, " "1, " "1, " "1, " "1, " "1, " "1, " "1, " "1, " "1, " "1, " "1, " "1, " "1, " "1, " "1, " "1, " "1, " "1, " "1, " "1, " "1, " "1, " "1, " "1, " "1, " "1, " "1, " "1, " "1, " "1, " "1, " "1, " "1, " "1, " "1, " "1, " "1, " "1, " "1, " "1, " "1, " "1, " "1, " "1, " "1, " "1, " "1, " "1, " "1, " "1, " "1, " "1, " "1, " "1, " "1, " "1, " "1, " "1, " "1, " "1, " "1, " "1, " "1, " "1, " "1, " "1, " "1, " "1, " "1, " "1, " "1, " "1, " "1, " "1, " "1, " "1, " "1, " "1, " "1, " "1, " "1, " "1, " "1, " "1, " "1, " "1, " "1, " "1, " "1, " "1, " "1, " "1, " "1, " "1, " "1, " "1, " "1, " "1, " "1, " "1, " "1, " "1, " "1, " "1, "204
 "Nei187, 0.137, " "0.015, " "1, " "1, " "1, " "1, " "1, " "1, " "1, " "1, " "1, " "1, " "1, " "1, " "1, " "1, " "1, " "1, " "1, " "1, " "1, " "1, " "1, " "1, " "1, " "1, " "1, " "1, " "1, " "1, " "1, " "1, " "1, " "1, " "1, " "1, " "1, " "1, " "1, " "1, " "1, " "1, " "1, " "1, " "1, " "1, " "1, " "1, " "1, " "1, " "1, " "1, " "1, " "1, " "1, " "1, " "1, " "1, " "1, " "1, " "1, " "1, " "1, " "1, " "1, " "1, " "1, " "1, " "1, " "1, " "1, " "1, " "1, " "1, " "1, " "1, " "1, " "1, " "1, " "1, " "1, " "1, " "1, " "1, " "1, " "1, " "1, " "1, " "1, " "1, " "1, " "1, " "1, " "1, " "1, " "1, " "1, " "1, " "1, " "1, " "1, " "1, " "1, " "1, " "1, " "1, " "1, " "1, " "1, " "1, " "1, " "1, " "1, " "1, " "1, " "1, " "1, " "1, " "1, " "1, " "1, " "1, " "1, " "1, " "1, " "1, " "1, " "1, " "1, " "1, " "1, " "1, " "1, " "1, " "1, " "1, " "1, " "1, " "1, " "1, " "1, " "1, " "1, " "1, " "1, " "1, " "1, " "1, " "1, " "1, " "1, " "1, " "1, " "1, " "1, " "1, " "1, " "1, " "1, " "1, " "1, " "1, " "1, " "1, " "1, " "1, " "1, " "1, " "1, " "1, " "1, " "1, " "1, " "1, " "1, " "1, " "1, " "1, " "1, " "1, " "1, " "1, " "1, " "1, " "1, " "1, " "1, " "1, " "1, " "0, " "1, " "1, " "1, " "1, " "1, " "1, " "1, " "1, " "1, " "1, " "1, " "1, " "1, " "1, " "1, " "1, " "1, " "1, " "1, " "1, " "1, " "1, " "1, " "1, " "1, " "1, " "1, " "1, " "1, " "1, " "1, " "1, " "1, " "1, " "1, " "1, " "1, " "1, " "1, " "1, " "1, " "1, " "1, " "1, " "1, " "1, " "1, " "1, " "1, " "1, " "1, " "1, " "1, " "1, " "1, " "1, " "1, " "1, " "1, " "1, " "1, " "1, " "1, " "1, " "1, " "1, " "1, " "1, " "1, " "1, " "1, " "1, " "1, " "1, " "1, " "1, " "1, " "1, " "1, " "1, " "1, " "1, " "1, " "1, " "1, " "1, " "1, " "1, " "1, " "1, " "1, " "1, " "1, " "1, " "1, " "1, " "1, " "1, " "1, " "1, " "1, " "1, " "1, " "1, " "1, " "1, " "1, " "1, " "1, " "1, " "1, " "1, " "1, " "1, " "1, " "1, " "1, " "1, " "1, " "1, " "1, " "1, " "1, " "1, " "1, " "1, " "1, " "1, " "1, " "1, " "1, " "1, " "1, " "1, " "1, " "1, " "1, " "1, " "1, " "1, " "1, " "1, " "1, " "1, " "1, " "1, " "1, " "1, " "1, " "1, " "1, " "1, " "1, " "1, " "1, " "1, " "1, " "1, " "1, " "1, " "1, " "1, " "1, " "1, " "1, " "1, " "1, " "1, " "1, " "1, " "1, " "1, " "1, " "1, " "1, " "1, " "1, " "1, " "1, " "1, " "1, " "1, " "1, " "1, " "1, " "1, " "1, " "1, " "1, " "1, " "1, " "1, " "1, " "1, " "1, " "1, " "1, " "1, " "1, " "1, " "1, " "1, " "1, " "1, " "1, " "1, " "1, " "1, " "1, " "1, " "1, " "1, " "1, " "1, " "1, " "1, " "1, " "1, " "1, " "1, " "1, " "1, " "1, " "1, " "1, " "1, " "1, " "1, " "1, " "1, " "1, " "1, " "1, " "1, " "1, " "1, " "1, " "1, " "1, " "1, " "1, " "1, " "1, " "1, " "1, " "1, " "1, " "1, " "1, " "1, " "1, " "1, " "1, " "1, " "1, " "1, " "1, " "1, " "1, " "1, " "1, " "1, " "1, " "1, " "1, " "1, " "1, " "1, " "1, " "1, " "1, " "1, " "1, " "1, " "1, " "1, " "1, " "1, " "1, " "1, " "1, " "1, " "1, " "1, " "1, " "1, " "1, " "1, " "1, " "1, " "1, " "1, " "1, " "1, " "1, " "1, " "1, " "1, " "1, " "1, " "1, " "1, " "1, " "1, " "1, " "1, " "1, " "1, " "1, " "1, " "1, " "1, " "1, " "1, " "1, " "1, " "1, " "1, " "1, " "1, " "1, " "1, " "1, " "1, " "1, "204
 "Nei188, 0.151, " "0.015, " "1, " "1, " "1, " "1, " "1, " "1, " "1, " "1, " "1, " "1, " "1, " "1, " "1, " "1, " "1, " "1, " "1, " "1, " "1, " "1, " "1, " "1, " "1, " "1, " "1, " "1, " "1, " "1, " "1, " "1, " "1, " "1, " "1, " "1, " "1, " "1, " "1, " "1, " "1, " "1, " "1, " "1, " "1, " "1, " "1, " "1, " "1, " "1, " "1, " "1, " "1, " "1, " "1, " "1, " "1, " "1, " "1, " "1, " "1, " "1, " "1, " "1, " "1, " "1, " "1, " "1, " "1, " "1, " "1, " "1, " "1, " "1, " "1, " "1, " "1, " "1, " "1, " "1, " "1, " "1, " "1, " "1, " "1, " "1, " "1, " "1, " "1, " "1, " "1, " "1, " "1, " "1, " "1, " "1, " "1, " "1, " "1, " "1, " "1, " "1, " "1, " "1, " "1, " "1, " "1, " "1, " "1, " "1, " "1, " "1, " "1, " "1, " "1, " "1, " "1, " "1, " "1, " "1, " "1, " "1, " "1, " "1, " "1, " "1, " "1, " "1, " "1, " "1, " "1, " "1, " "1, " "1, " "1, " "1, " "1, " "1, " "1, " "1, " "1, " "1, " "1, " "1, " "1, " "1, " "1, " "1, " "1, " "1, " "1, " "1, " "1, " "1, " "1, " "1, " "1, " "1, " "1, " "1, " "1, " "1, " "1, " "1, " "1, " "1, " "1, " "1, " "1, " "1, " "1, " "1, " "1, " "1, " "1, " "1, " "1, " "1, " "1, " "1, " "1, " "1, " "1, " "1, " "1, " "1, " "1, " "1, " "1, " "1, " "0, " "1, " "1, " "1, " "1, " "1, " "1, " "1, " "1, " "1, " "1, " "1, " "1, " "1, " "1, " "1, " "1, " "1, " "1, " "1, " "1, " "1, " "1, " "1, " "1, " "1, " "1, " "1, " "1, " "1, " "1, " "1, " "1, " "1, " "1, " "1, " "1, " "1, " "1, " "1, " "1, " "1, " "1, " "1, " "1, " "1, " "1, " "1, " "1, " "1, " "1, " "1, " "1, " "1, " "1, " "1, " "1, " "1, " "1, " "1, " "1, " "1, " "1, " "1, " "1, " "1, " "1, " "1, " "1, " "1, " "1, " "1, " "1, " "1, " "1, " "1, " "1, " "1, " "1, " "1, " "1, " "1, " "1, " "1, " "1, " "1, " "1, " "1, " "1, " "1, " "1, " "1, " "1, " "1, " "1, " "1, " "1, " "1, " "1, " "1, " "1, " "1, " "1, " "1, " "1, " "1, " "1, " "1, " "1, " "1, " "1, " "1, " "1, " "1, " "1, " "1, " "1, " "1, " "1, " "1, " "1, " "1, " "1, " "1, " "1, " "1, " "1, " "1, " "1, " "1, " "1, " "1, " "1, " "1, " "1, " "1, " "1, " "1, " "1, " "1, " "1, " "1, " "1, " "1, " "1, " "1, " "1, " "1, " "1, " "1, " "1, " "1, " "1, " "1, " "1, " "1, " "1, " "1, " "1, " "1, " "1, " "1, " "1, " "1, " "1, " "1, " "1, " "1, " "1, " "1, " "1, " "1, " "1, " "1, " "1, " "1, " "1, " "1, " "1, " "1, " "1, " "1, " "1, " "1, " "1, " "1, " "1, " "1, " "1, " "1, " "1, " "1, " "1, " "1, " "1, " "1, " "1, " "1, " "1, " "1, " "1, " "1, " "1, " "1, " "1, " "1, " "1, " "1, " "1, " "1, " "1, " "1, " "1, " "1, " "1, " "1, " "1, " "1, " "1, " "1, " "1, " "1, " "1, " "1, " "1, " "1, " "1, " "1, " "1, " "1, " "1, " "1, " "1, " "1, " "1, " "1, " "1, " "1, " "1, " "1, " "1, " "1, " "1, " "1, " "1, " "1, " "1, " "1, " "1, " "1, " "1, " "1, " "1, " "1, " "1, " "1, " "1, " "1, " "1, " "1, " "1, " "1, " "1, " "1, " "1, " "1, " "1, " "1, " "1, " "1, " "1, " "1, " "1, " "1, " "1, " "1, " "1, " "1, " "1, " "1, " "1, " "1, " "1, " "1, " "1, " "1, " "1, " "1, " "1, " "1, " "1, " "1, " "1, " "1, " "1, " "1, " "1, " "1, " "1, " "1, " "1, " "1, " "1, " "1, " "1, " "1, " "1, " "1, " "1, " "1, " "1, " "1, " "1, " "1, " "1, " "1, " "1, " "1, " "1, " "1, " "1, " "1, " "1, " "1, " "1, "204
 "Nei189, 0.347, " "0.015, " "1, " "1, " "1, " "1, " "1, " "1, " "1, " "1, " "1, " "1, " "1, " "1, " "1, " "1, " "1, " "1, " "1, " "1, " "1, " "1, " "1, " "1, " "1, " "1, " "1, " "1, " "1, " "1, " "1, " "1, " "1, " "1, " "1, " "1, " "1, " "1, " "1, " "1, " "1, " "1, " "1, " "1, " "1, " "1, " "1, " "1, " "1, " "1, " "1, " "1, " "1, " "1, " "1, " "1, " "1, " "1, " "1, " "1, " "1, " "1, " "1, " "1, " "1, " "1, " "1, " "1, " "1, " "1, " "1, " "1, " "1, " "1, " "1, " "1, " "1, " "1, " "1, " "1, " "1, " "1, " "1, " "1, " "1, " "1, " "1, " "1, " "1, " "1, " "1, " "1, " "1, " "1, " "1, " "1, " "1, " "1, " "1, " "1, " "1, " "1, " "1, " "1, " "1, " "1, " "1, " "1, " "1, " "1, " "1, " "1, " "1, " "1, " "1, " "1, " "1, " "1, " "1, " "1, " "1, " "1, " "1, " "1, " "1, " "1, " "1, " "1, " "1, " "1, " "1, " "1, " "1, " "1, " "1, " "1, " "1, " "1, " "1, " "1, " "1, " "1, " "1, " "1, " "1, " "1, " "1, " "1, " "1, " "1, " "1, " "1, " "1, " "1, " "1, " "1, " "1, " "1, " "1, " "1, " "1, " "1, " "1, " "1, " "1, " "1, " "1, " "1, " "1, " "1, " "1, " "1, " "1, " "1, " "1, " "1, " "1, " "1, " "1, " "1, " "1, " "1, " "1, " "1, " "1, " "1, " "1, " "1, " "1, " "1, " "1, " "0, " "1, " "1, " "1, " "1, " "1, " "1, " "1, " "1, " "1, " "1, " "1, " "1, " "1, " "1, " "1, " "1, " "1, " "1, " "1, " "1, " "1, " "1, " "1, " "1, " "1, " "1, " "1, " "1, " "1, " "1, " "1, " "1, " "1, " "1, " "1, " "1, " "1, " "1, " "1, " "1, " "1, " "1, " "1, " "1, " "1, " "1, " "1, " "1, " "1, " "1, " "1, " "1, " "1, " "1, " "1, " "1, " "1, " "1, " "1, " "1, " "1, " "1, " "1, " "1, " "1, " "1, " "1, " "1, " "1, " "1, " "1, " "1, " "1, " "1, " "1, " "1, " "1, " "1, " "1, " "1, " "1, " "1, " "1, " "1, " "1, " "1, " "1, " "1, " "1, " "1, " "1, " "1, " "1, " "1, " "1, " "1, " "1, " "1, " "1, " "1, " "1, " "1, " "1, " "1, " "1, " "1, " "1, " "1, " "1, " "1, " "1, " "1, " "1, " "1, " "1, " "1, " "1, " "1, " "1, " "1, " "1, " "1, " "1, " "1, " "1, " "1, " "1, " "1, " "1, " "1, " "1, " "1, " "1, " "1, " "1, " "1, " "1, " "1, " "1, " "1, " "1, " "1, " "1, " "1, " "1, " "1, " "1, " "1, " "1, " "1, " "1, " "1, " "1, " "1, " "1, " "1, " "1, " "1, " "1, " "1, " "1, " "1, " "1, " "1, " "1, " "1, " "1, " "1, " "1, " "1, " "1, " "1, " "1, " "1, " "1, " "1, " "1, " "1, " "1, " "1, " "1, " "1, " "1, " "1, " "1, " "1, " "1, " "1, " "1, " "1, " "1, " "1, " "1, " "1, " "1, " "1, " "1, " "1, " "1, " "1, " "1, " "1, " "1, " "1, " "1, " "1, " "1, " "1, " "1, " "1, " "1, " "1, " "1, " "1, " "1, " "1, " "1, " "1, " "1, " "1, " "1, " "1, " "1, " "1, " "1, " "1, " "1, " "1, " "1, " "1, " "1, " "1, " "1, " "1, " "1, " "1, " "1, " "1, " "1, " "1, " "1, " "1, " "1, " "1, " "1, " "1, " "1, " "1, " "1, " "1, " "1, " "1, " "1, " "1, " "1, " "1, " "1, " "1, " "1, " "1, " "1, " "1, " "1, " "1, " "1, " "1, " "1, " "1, " "1, " "1, " "1, " "1, " "1, " "1, " "1, " "1, " "1, " "1, " "1, " "1, " "1, " "1, " "1, " "1, " "1, " "1, " "1, " "1, " "1, " "1, " "1, " "1, " "1, " "1, " "1, " "1, " "1, " "1, " "1, " "1, " "1, " "1, " "1, " "1, " "1, " "1, " "1, " "1, " "1, " "1, " "1, " "1, " "1, " "1, " "1, " "1, " "1, " "1, " "1, " "1, " "1, " "1, " "1, "204
 "Nei190, 0.209, " "0.015, " "1, " "1, " "1, " "1, " "1, " "1, " "1, " "1, " "1, " "1, " "1, " "1, " "1, " "1, " "1, " "1, " "1, " "1, " "1, " "1, " "1, " "1, " "1, " "1, " "1, " "1, " "1, " "1, " "1, " "1, " "1, " "1, " "1, " "1, " "1, " "1, " "1, " "1, " "1, " "1, " "1, " "1, " "1, " "1, " "1, " "1, " "1, " "1, " "1, " "1, " "1, " "1, " "1, " "1, " "1, " "1, " "1, " "1, " "1, " "1, " "1, " "1, " "1, " "1, " "1, " "1, " "1, " "1, " "1, " "1, " "1, " "1, " "1, " "1, " "1, " "1, " "1, " "1, " "1, " "1, " "1, " "1, " "1, " "1, " "1, " "1, " "1, " "1, " "1, " "1, " "1, " "1, " "1, " "1, " "1, " "1, " "1, " "1, " "1, " "1, " "1, " "1, " "1, " "1, " "1, " "1, " "1, " "1, " "1, " "1, " "1, " "1, " "1, " "1, " "1, " "1, " "1, " "1, " "1, " "1, " "1, " "1, " "1, " "1, " "1, " "1, " "1, " "1, " "1, " "1, " "1, " "1, " "1, " "1, " "1, " "1, " "1, " "1, " "1, " "1, " "1, " "1, " "1, " "1, " "1, " "1, " "1, " "1, " "1, " "1, " "1, " "1, " "1, " "1, " "1, " "1, " "1, " "1, " "1, " "1, " "1, " "1, " "1, " "1, " "1, " "1, " "1, " "1, " "1, " "1, " "1, " "1, " "1, " "1, " "1, " "1, " "1, " "1, " "1, " "1, " "1, " "1, " "1, " "1, " "1, " "1, " "1, " "1, " "1, " "1, " "0, " "1, " "1, " "1, " "1, " "1, " "1, " "1, " "1, " "1, " "1, " "1, " "1, " "1, " "1, " "1, " "1, " "1, " "1, " "1, " "1, " "1, " "1, " "1, " "1, " "1, " "1, " "1, " "1, " "1, " "1, " "1, " "1, " "1, " "1, " "1, " "1, " "1, " "1, " "1, " "1, " "1, " "1, " "1, " "1, " "1, " "1, " "1, " "1, " "1, " "1, " "1, " "1, " "1, " "1, " "1, " "1, " "1, " "1, " "1, " "1, " "1, " "1, " "1, " "1, " "1, " "1, " "1, " "1, " "1, " "1, " "1, " "1, " "1, " "1, " "1, " "1, " "1, " "1, " "1, " "1, " "1, " "1, " "1, " "1, " "1, " "1, " "1, " "1, " "1, " "1, " "1, " "1, " "1, " "1, " "1, " "1, " "1, " "1, " "1, " "1, " "1, " "1, " "1, " "1, " "1, " "1, " "1, " "1, " "1, " "1, " "1, " "1, " "1, " "1, " "1, " "1, " "1, " "1, " "1, " "1, " "1, " "1, " "1, " "1, " "1, " "1, " "1, " "1, " "1, " "1, " "1, " "1, " "1, " "1, " "1, " "1, " "1, " "1, " "1, " "1, " "1, " "1, " "1, " "1, " "1, " "1, " "1, " "1, " "1, " "1, " "1, " "1, " "1, " "1, " "1, " "1, " "1, " "1, " "1, " "1, " "1, " "1, " "1, " "1, " "1, " "1, " "1, " "1, " "1, " "1, " "1, " "1, " "1, " "1, " "1, " "1, " "1, " "1, " "1, " "1, " "1, " "1, " "1, " "1, " "1, " "1, " "1, " "1, " "1, " "1, " "1, " "1, " "1, " "1, " "1, " "1, " "1, " "1, " "1, " "1, " "1, " "1, " "1, " "1, " "1, " "1, " "1, " "1, " "1, " "1, " "1, " "1, " "1, " "1, " "1, " "1, " "1, " "1, " "1, " "1, " "1, " "1, " "1, " "1, " "1, " "1, " "1, " "1, " "1, " "1, " "1, " "1, " "1, " "1, " "1, " "1, " "1, " "1, " "1, " "1, " "1, " "1, " "1, " "1, " "1, " "1, " "1, " "1, " "1, " "1, " "1, " "1, " "1, " "1, " "1, " "1, " "1, " "1, " "1, " "1, " "1, " "1, " "1, " "1, " "1, " "1, " "1, " "1, " "1, " "1, " "1, " "1, " "1, " "1, " "1, " "1, " "1, " "1, " "1, " "1, " "1, " "1, " "1, " "1, " "1, " "1, " "1, " "1, " "1, " "1, " "1, " "1, " "1, " "1, " "1, " "1, " "1, " "1, " "1, " "1, " "1, " "1, " "1, " "1, " "1, " "1, " "1, " "1, " "1, " "1, " "1, " "1, " "1, " "1, " "1, " "1, " "1, " "1, " "1, " "1, " "1, " "1, "204
 "Nei191, 0.301, " "0.015, " "1, " "1, " "1, " "1, " "1, " "1, " "1, " "1, " "1, " "1, " "1, " "1, " "1, " "1, " "1, " "1, " "1, " "1, " "1, " "1, " "1, " "1, " "1, " "1, " "1, " "1, " "1, " "1, " "1, " "1, " "1, " "1, " "1, " "1, " "1, " "1, " "1, " "1, " "1, " "1, " "1, " "1, " "1, " "1, " "1, " "1, " "1, " "1, " "1, " "1, " "1, " "1, " "1, " "1, " "1, " "1, " "1, " "1, " "1, " "1, " "1, " "1, " "1, " "1, " "1, " "1, " "1, " "1, " "1, " "1, " "1, " "1, " "1, " "1, " "1, " "1, " "1, " "1, " "1, " "1, " "1, " "1, " "1, " "1, " "1, " "1, " "1, " "1, " "1, " "1, " "1, " "1, " "1, " "1, " "1, " "1, " "1, " "1, " "1, " "1, " "1, " "1, " "1, " "1, " "1, " "1, " "1, " "1, " "1, " "1, " "1, " "1, " "1, " "1, " "1, " "1, " "1, " "1, " "1, " "1, " "1, " "1, " "1, " "1, " "1, " "1, " "1, " "1, " "1, " "1, " "1, " "1, " "1, " "1, " "1, " "1, " "1, " "1, " "1, " "1, " "1, " "1, " "1, " "1, " "1, " "1, " "1, " "1, " "1, " "1, " "1, " "1, " "1, " "1, " "1, " "1, " "1, " "1, " "1, " "1, " "1, " "1, " "1, " "1, " "1, " "1, " "1, " "1, " "1, " "1, " "1, " "1, " "1, " "1, " "1, " "1, " "1, " "1, " "1, " "1, " "1, " "1, " "1, " "1, " "1, " "1, " "1, " "1, " "1, " "1, " "1, " "0, " "1, " "1, " "1, " "1, " "1, " "1, " "1, " "1, " "1, " "1, " "1, " "1, " "1, " "1, " "1, " "1, " "1, " "1, " "1, " "1, " "1, " "1, " "1, " "1, " "1, " "1, " "1, " "1, " "1, " "1, " "1, " "1, " "1, " "1, " "1, " "1, " "1, " "1, " "1, " "1, " "1, " "1, " "1, " "1, " "1, " "1, " "1, " "1, " "1, " "1, " "1, " "1, " "1, " "1, " "1, " "1, " "1, " "1, " "1, " "1, " "1, " "1, " "1, " "1, " "1, " "1, " "1, " "1, " "1, " "1, " "1, " "1, " "1, " "1, " "1, " "1, " "1, " "1, " "1, " "1, " "1, " "1, " "1, " "1, " "1, " "1, " "1, " "1, " "1, " "1, " "1, " "1, " "1, " "1, " "1, " "1, " "1, " "1, " "1, " "1, " "1, " "1, " "1, " "1, " "1, " "1, " "1, " "1, " "1, " "1, " "1, " "1, " "1, " "1, " "1, " "1, " "1, " "1, " "1, " "1, " "1, " "1, " "1, " "1, " "1, " "1, " "1, " "1, " "1, " "1, " "1, " "1, " "1, " "1, " "1, " "1, " "1, " "1, " "1, " "1, " "1, " "1, " "1, " "1, " "1, " "1, " "1, " "1, " "1, " "1, " "1, " "1, " "1, " "1, " "1, " "1, " "1, " "1, " "1, " "1, " "1, " "1, " "1, " "1, " "1, " "1, " "1, " "1, " "1, " "1, " "1, " "1, " "1, " "1, " "1, " "1, " "1, " "1, " "1, " "1, " "1, " "1, " "1, " "1, " "1, " "1, " "1, " "1, " "1, " "1, " "1, " "1, " "1, " "1, " "1, " "1, " "1, " "1, " "1, " "1, " "1, " "1, " "1, " "1, " "1, " "1, " "1, " "1, " "1, " "1, " "1, " "1, " "1, " "1, " "1, " "1, " "1, " "1, " "1, " "1, " "1, " "1, " "1, " "1, " "1, " "1, " "1, " "1, " "1, " "1, " "1, " "1, " "1, " "1, " "1, " "1, " "1, " "1, " "1, " "1, " "1, " "1, " "1, " "1, " "1, " "1, " "1, " "1, " "1, " "1, " "1, " "1, " "1, " "1, " "1, " "1, " "1, " "1, " "1, " "1, " "1, " "1, " "1, " "1, " "1, " "1, " "1, " "1, " "1, " "1, " "1, " "1, " "1, " "1, " "1, " "1, " "1, " "1, " "1, " "1, " "1, " "1, " "1, " "1, " "1, " "1, " "1, " "1, " "1, " "1, " "1, " "1, " "1, " "1, " "1, " "1, " "1, " "1, " "1, " "1, " "1, " "1, " "1, " "1, " "1, " "1, " "1, " "1, " "1, " "1, " "1, " "1, " "1, " "1, " "1, " "1, " "1, " "1, " "1, " "1, " "1, "204
 "Nei192, 0.022, " "0.015, " "1, " "1, " "1, " "1, " "1, " "1, " "1, " "1, " "1, " "1, " "1, " "1, " "1, " "1, " "1, " "1, " "1, " "1, " "1, " "1, " "1, " "1, " "1, " "1, " "1, " "1, " "1, " "1, " "1, " "1, " "1, " "1, " "1, " "1, " "1, " "1, " "1, " "1, " "1, " "1, " "1, " "1, " "1, " "1, " "1, " "1, " "1, " "1, " "1, " "1, " "1, " "1, " "1, " "1, " "1, " "1, " "1, " "1, " "1, " "1, " "1, " "1, " "1, " "1, " "1, " "1, " "1, " "1, " "1, " "1, " "1, " "1, " "1, " "1, " "1, " "1, " "1, " "1, " "1, " "1, " "1, " "1, " "1, " "1, " "1, " "1, " "1, " "1, " "1, " "1, " "1, " "1, " "1, " "1, " "1, " "1, " "1, " "1, " "1, " "1, " "1, " "1, " "1, " "1, " "1, " "1, " "1, " "1, " "1, " "1, " "1, " "1, " "1, " "1, " "1, " "1, " "1, " "1, " "1, " "1, " "1, " "1, " "1, " "1, " "1, " "1, " "1, " "1, " "1, " "1, " "1, " "1, " "1, " "1, " "1, " "1, " "1, " "1, " "1, " "1, " "1, " "1, " "1, " "1, " "1, " "1, " "1, " "1, " "1, " "1, " "1, " "1, " "1, " "1, " "1, " "1, " "1, " "1, " "1, " "1, " "1, " "1, " "1, " "1, " "1, " "1, " "1, " "1, " "1, " "1, " "1, " "1, " "1, " "1, " "1, " "1, " "1, " "1, " "1, " "1, " "1, " "1, " "1, " "1, " "1, " "1, " "1, " "1, " "1, " "1, " "1, " "1, " "0, " "1, " "1, " "1, " "1, " "1, " "1, " "1, " "1, " "1, " "1, " "1, " "1, " "1, " "1, " "1, " "1, " "1, " "1, " "1, " "1, " "1, " "1, " "1, " "1, " "1, " "1, " "1, " "1, " "1, " "1, " "1, " "1, " "1, " "1, " "1, " "1, " "1, " "1, " "1, " "1, " "1, " "1, " "1, " "1, " "1, " "1, " "1, " "1, " "1, " "1, " "1, " "1, " "1, " "1, " "1, " "1, " "1, " "1, " "1, " "1, " "1, " "1, " "1, " "1, " "1, " "1, " "1, " "1, " "1, " "1, " "1, " "1, " "1, " "1, " "1, " "1, " "1, " "1, " "1, " "1, " "1, " "1, " "1, " "1, " "1, " "1, " "1, " "1, " "1, " "1, " "1, " "1, " "1, " "1, " "1, " "1, " "1, " "1, " "1, " "1, " "1, " "1, " "1, " "1, " "1, " "1, " "1, " "1, " "1, " "1, " "1, " "1, " "1, " "1, " "1, " "1, " "1, " "1, " "1, " "1, " "1, " "1, " "1, " "1, " "1, " "1, " "1, " "1, " "1, " "1, " "1, " "1, " "1, " "1, " "1, " "1, " "1, " "1, " "1, " "1, " "1, " "1, " "1, " "1, " "1, " "1, " "1, " "1, " "1, " "1, " "1, " "1, " "1, " "1, " "1, " "1, " "1, " "1, " "1, " "1, " "1, " "1, " "1, " "1, " "1, " "1, " "1, " "1, " "1, " "1, " "1, " "1, " "1, " "1, " "1, " "1, " "1, " "1, " "1, " "1, " "1, " "1, " "1, " "1, " "1, " "1, " "1, " "1, " "1, " "1, " "1, " "1, " "1, " "1, " "1, " "1, " "1, " "1, " "1, " "1, " "1, " "1, " "1, " "1, " "1, " "1, " "1, " "1, " "1, " "1, " "1, " "1, " "1, " "1, " "1, " "1, " "1, " "1, " "1, " "1, " "1, " "1, " "1, " "1, " "1, " "1, " "1, " "1, " "1, " "1, " "1, " "1, " "1, " "1, " "1, " "1, " "1, " "1, " "1, " "1, " "1, " "1, " "1, " "1, " "1, " "1, " "1, " "1, " "1, " "1, " "1, " "1, " "1, " "1, " "1, " "1, " "1, " "1, " "1, " "1, " "1, " "1, " "1, " "1, " "1, " "1, " "1, " "1, " "1, " "1, " "1, " "1, " "1, " "1, " "1, " "1, " "1, " "1, " "1, " "1, " "1, " "1, " "1, " "1, " "1, " "1, " "1, " "1, " "1, " "1, " "1, " "1, " "1, " "1, " "1, " "1, " "1, " "1, " "1, " "1, " "1, " "1, " "1, " "1, " "1, " "1, " "1, " "1, " "1, " "1, " "1, " "1, " "1, " "1, " "1, " "1, " "1, " "1, " "1, " "1, "204
 "Nei193, 0.356, " "0.015, " "1, " "1, " "1, " "1, " "1, " "1, " "1, " "1, " "1, " "1, " "1, " "1, " "1, " "1, " "1, " "1, " "1, " "1, " "1, " "1, " "1, " "1, " "1, " "1, " "1, " "1, " "1, " "1, " "1, " "1, " "1, " "1, " "1, " "1, " "1, " "1, " "1, " "1, " "1, " "1, " "1, " "1, " "1, " "1, " "1, " "1, " "1, " "1, " "1, " "1, " "1, " "1, " "1, " "1, " "1, " "1, " "1, " "1, " "1, " "1, " "1, " "1, " "1, " "1, " "1, " "1, " "1, " "1, " "1, " "1, " "1, " "1, " "1, " "1, " "1, " "1, " "1, " "1, " "1, " "1, " "1, " "1, " "1, " "1, " "1, " "1, " "1, " "1, " "1, " "1, " "1, " "1, " "1, " "1, " "1, " "1, " "1, " "1, " "1, " "1, " "1, " "1, " "1, " "1, " "1, " "1, " "1, " "1, " "1, " "1, " "1, " "1, " "1, " "1, " "1, " "1, " "1, " "1, " "1, " "1, " "1, " "1, " "1, " "1, " "1, " "1, " "1, " "1, " "1, " "1, " "1, " "1, " "1, " "1, " "1, " "1, " "1, " "1, " "1, " "1, " "1, " "1, " "1, " "1, " "1, " "1, " "1, " "1, " "1, " "1, " "1, " "1, " "1, " "1, " "1, " "1, " "1, " "1, " "1, " "1, " "1, " "1, " "1, " "1, " "1, " "1, " "1, " "1, " "1, " "1, " "1, " "1, " "1, " "1, " "1, " "1, " "1, " "1, " "1, " "1, " "1, " "1, " "1, " "1, " "1, " "1, " "1, " "1, " "1, " "1, " "1, " "1, " "1, " "0, " "1, " "1, " "1, " "1, " "1, " "1, " "1, " "1, " "1, " "1, " "1, " "1, " "1, " "1, " "1, " "1, " "1, " "1, " "1, " "1, " "1, " "1, " "1, " "1, " "1, " "1, " "1, " "1, " "1, " "1, " "1, " "1, " "1, " "1, " "1, " "1, " "1, " "1, " "1, " "1, " "1, " "1, " "1, " "1, " "1, " "1, " "1, " "1, " "1, " "1, " "1, " "1, " "1, " "1, " "1, " "1, " "1, " "1, " "1, " "1, " "1, " "1, " "1, " "1, " "1, " "1, " "1, " "1, " "1, " "1, " "1, " "1, " "1, " "1, " "1, " "1, " "1, " "1, " "1, " "1, " "1, " "1, " "1, " "1, " "1, " "1, " "1, " "1, " "1, " "1, " "1, " "1, " "1, " "1, " "1, " "1, " "1, " "1, " "1, " "1, " "1, " "1, " "1, " "1, " "1, " "1, " "1, " "1, " "1, " "1, " "1, " "1, " "1, " "1, " "1, " "1, " "1, " "1, " "1, " "1, " "1, " "1, " "1, " "1, " "1, " "1, " "1, " "1, " "1, " "1, " "1, " "1, " "1, " "1, " "1, " "1, " "1, " "1, " "1, " "1, " "1, " "1, " "1, " "1, " "1, " "1, " "1, " "1, " "1, " "1, " "1, " "1, " "1, " "1, " "1, " "1, " "1, " "1, " "1, " "1, " "1, " "1, " "1, " "1, " "1, " "1, " "1, " "1, " "1, " "1, " "1, " "1, " "1, " "1, " "1, " "1, " "1, " "1, " "1, " "1, " "1, " "1, " "1, " "1, " "1, " "1, " "1, " "1, " "1, " "1, " "1, " "1, " "1, " "1, " "1, " "1, " "1, " "1, " "1, " "1, " "1, " "1, " "1, " "1, " "1, " "1, " "1, " "1, " "1, " "1, " "1, " "1, " "1, " "1, " "1, " "1, " "1, " "1, " "1, " "1, " "1, " "1, " "1, " "1, " "1, " "1, " "1, " "1, " "1, " "1, " "1, " "1, " "1, " "1, " "1, " "1, " "1, " "1, " "1, " "1, " "1, " "1, " "1, " "1, " "1, " "1, " "1, " "1, " "1, " "1, " "1, " "1, " "1, " "1, " "1, " "1, " "1, " "1, " "1, " "1, " "1, " "1, " "1, " "1, " "1, " "1, " "1, " "1, " "1, " "1, " "1, " "1, " "1, " "1, " "1, " "1, " "1, " "1, " "1, " "1, " "1, " "1, " "1, " "1, " "1, " "1, " "1, " "1, " "1, " "1, " "1, " "1, " "1, " "1, " "1, " "1, " "1, " "1, " "1, " "1, " "1, " "1, " "1, " "1, " "1, " "1, " "1, " "1, " "1, " "1, " "1, " "1, " "1, " "1, " "1, " "1, " "1, " "1, " "1, "204
 "Nei194, 0.187, " "0.015, " "1, " "1, " "1, " "1, " "1, " "1, " "1, " "1, " "1, " "1, " "1, " "1, " "1, " "1, " "1, " "1, " "1, " "1, " "1, " "1, " "1, " "1, " "1, " "1, " "1, " "1, " "1, " "1, " "1, " "1, " "1, " "1, " "1, " "1, " "1, " "1, " "1, " "1, " "1, " "1, " "1, " "1, " "1, " "1, " "1, " "1, " "1, " "1, " "1, " "1, " "1, " "1, " "1, " "1, " "1, " "1, " "1, " "1, " "1, " "1, " "1, " "1, " "1, " "1, " "1, " "1, " "1, " "1, " "1, " "1, " "1, " "1, " "1, " "1, " "1, " "1, " "1, " "1, " "1, " "1, " "1, " "1, " "1, " "1, " "1, " "1, " "1, " "1, " "1, " "1, " "1, " "1, " "1, " "1, " "1, " "1, " "1, " "1, " "1, " "1, " "1, " "1, " "1, " "1, " "1, " "1, " "1, " "1, " "1, " "1, " "1, " "1, " "1, " "1, " "1, " "1, " "1, " "1, " "1, " "1, " "1, " "1, " "1, " "1, " "1, " "1, " "1, " "1, " "1, " "1, " "1, " "1, " "1, " "1, " "1, " "1, " "1, " "1, " "1, " "1, " "1, " "1, " "1, " "1, " "1, " "1, " "1, " "1, " "1, " "1, " "1, " "1, " "1, " "1, " "1, " "1, " "1, " "1, " "1, " "1, " "1, " "1, " "1, " "1, " "1, " "1, " "1, " "1, " "1, " "1, " "1, " "1, " "1, " "1, " "1, " "1, " "1, " "1, " "1, " "1, " "1, " "1, " "1, " "1, " "1, " "1, " "1, " "1, " "1, " "1, " "1, " "1, " "1, " "1, " "0, " "1, " "1, " "1, " "1, " "1, " "1, " "1, " "1, " "1, " "1, " "1, " "1, " "1, " "1, " "1, " "1, " "1, " "1, " "1, " "1, " "1, " "1, " "1, " "1, " "1, " "1, " "1, " "1, " "1, " "1, " "1, " "1, " "1, " "1, " "1, " "1, " "1, " "1, " "1, " "1, " "1, " "1, " "1, " "1, " "1, " "1, " "1, " "1, " "1, " "1, " "1, " "1, " "1, " "1, " "1, " "1, " "1, " "1, " "1, " "1, " "1, " "1, " "1, " "1, " "1, " "1, " "1, " "1, " "1, " "1, " "1, " "1, " "1, " "1, " "1, " "1, " "1, " "1, " "1, " "1, " "1, " "1, " "1, " "1, " "1, " "1, " "1, " "1, " "1, " "1, " "1, " "1, " "1, " "1, " "1, " "1, " "1, " "1, " "1, " "1, " "1, " "1, " "1, " "1, " "1, " "1, " "1, " "1, " "1, " "1, " "1, " "1, " "1, " "1, " "1, " "1, " "1, " "1, " "1, " "1, " "1, " "1, " "1, " "1, " "1, " "1, " "1, " "1, " "1, " "1, " "1, " "1, " "1, " "1, " "1, " "1, " "1, " "1, " "1, " "1, " "1, " "1, " "1, " "1, " "1, " "1, " "1, " "1, " "1, " "1, " "1, " "1, " "1, " "1, " "1, " "1, " "1, " "1, " "1, " "1, " "1, " "1, " "1, " "1, " "1, " "1, " "1, " "1, " "1, " "1, " "1, " "1, " "1, " "1, " "1, " "1, " "1, " "1, " "1, " "1, " "1, " "1, " "1, " "1, " "1, " "1, " "1, " "1, " "1, " "1, " "1, " "1, " "1, " "1, " "1, " "1, " "1, " "1, " "1, " "1, " "1, " "1, " "1, " "1, " "1, " "1, " "1, " "1, " "1, " "1, " "1, " "1, " "1, " "1, " "1, " "1, " "1, " "1, " "1, " "1, " "1, " "1, " "1, " "1, " "1, " "1, " "1, " "1, " "1, " "1, " "1, " "1, " "1, " "1, " "1, " "1, " "1, " "1, " "1, " "1, " "1, " "1, " "1, " "1, " "1, " "1, " "1, " "1, " "1, " "1, " "1, " "1, " "1, " "1, " "1, " "1, " "1, " "1, " "1, " "1, " "1, " "1, " "1, " "1, " "1, " "1, " "1, " "1, " "1, " "1, " "1, " "1, " "1, " "1, " "1, " "1, " "1, " "1, " "1, " "1, " "1, " "1, " "1, " "1, " "1, " "1, " "1, " "1, " "1, " "1, " "1, " "1, " "1, " "1, " "1, " "1, " "1, " "1, " "1, " "1, " "1, " "1, " "1, " "1, " "1, " "1, " "1, " "1, " "1, " "1, " "1, " "1, " "1, " "1, " "1, " "1, " "1, " "1, "204
 "Nei195, 0.137, " "0.015, " "1, " "1, " "1, " "1, " "1, " "1, " "1, " "1, " "1, " "1, " "1, " "1, " "1, " "1, " "1, " "1, " "1, " "1, " "1, " "1, " "1, " "1, " "1, " "1, " "1, " "1, " "1, " "1, " "1, " "1, " "1, " "1, " "1, " "1, " "1, " "1, " "1, " "1, " "1, " "1, " "1, " "1, " "1, " "1, " "1, " "1, " "1, " "1, " "1, " "1, " "1, " "1, " "1, " "1, " "1, " "1, " "1, " "1, " "1, " "1, " "1, " "1, " "1, " "1, " "1, " "1, " "1, " "1, " "1, " "1, " "1, " "1, " "1, " "1, " "1, " "1, " "1, " "1, " "1, " "1, " "1, " "1, " "1, " "1, " "1, " "1, " "1, " "1, " "1, " "1, " "1, " "1, " "1, " "1, " "1, " "1, " "1, " "1, " "1, " "1, " "1, " "1, " "1, " "1, " "1, " "1, " "1, " "1, " "1, " "1, " "1, " "1, " "1, " "1, " "1, " "1, " "1, " "1, " "1, " "1, " "1, " "1, " "1, " "1, " "1, " "1, " "1, " "1, " "1, " "1, " "1, " "1, " "1, " "1, " "1, " "1, " "1, " "1, " "1, " "1, " "1, " "1, " "1, " "1, " "1, " "1, " "1, " "1, " "1, " "1, " "1, " "1, " "1, " "1, " "1, " "1, " "1, " "1, " "1, " "1, " "1, " "1, " "1, " "1, " "1, " "1, " "1, " "1, " "1, " "1, " "1, " "1, " "1, " "1, " "1, " "1, " "1, " "1, " "1, " "1, " "1, " "1, " "1, " "1, " "1, " "1, " "1, " "1, " "1, " "1, " "1, " "1, " "1, " "1, " "1, " "0, " "1, " "1, " "1, " "1, " "1, " "1, " "1, " "1, " "1, " "1, " "1, " "1, " "1, " "1, " "1, " "1, " "1, " "1, " "1, " "1, " "1, " "1, " "1, " "1, " "1, " "1, " "1, " "1, " "1, " "1, " "1, " "1, " "1, " "1, " "1, " "1, " "1, " "1, " "1, " "1, " "1, " "1, " "1, " "1, " "1, " "1, " "1, " "1, " "1, " "1, " "1, " "1, " "1, " "1, " "1, " "1, " "1, " "1, " "1, " "1, " "1, " "1, " "1, " "1, " "1, " "1, " "1, " "1, " "1, " "1, " "1, " "1, " "1, " "1, " "1, " "1, " "1, " "1, " "1, " "1, " "1, " "1, " "1, " "1, " "1, " "1, " "1, " "1, " "1, " "1, " "1, " "1, " "1, " "1, " "1, " "1, " "1, " "1, " "1, " "1, " "1, " "1, " "1, " "1, " "1, " "1, " "1, " "1, " "1, " "1, " "1, " "1, " "1, " "1, " "1, " "1, " "1, " "1, " "1, " "1, " "1, " "1, " "1, " "1, " "1, " "1, " "1, " "1, " "1, " "1, " "1, " "1, " "1, " "1, " "1, " "1, " "1, " "1, " "1, " "1, " "1, " "1, " "1, " "1, " "1, " "1, " "1, " "1, " "1, " "1, " "1, " "1, " "1, " "1, " "1, " "1, " "1, " "1, " "1, " "1, " "1, " "1, " "1, " "1, " "1, " "1, " "1, " "1, " "1, " "1, " "1, " "1, " "1, " "1, " "1, " "1, " "1, " "1, " "1, " "1, " "1, " "1, " "1, " "1, " "1, " "1, " "1, " "1, " "1, " "1, " "1, " "1, " "1, " "1, " "1, " "1, " "1, " "1, " "1, " "1, " "1, " "1, " "1, " "1, " "1, " "1, " "1, " "1, " "1, " "1, " "1, " "1, " "1, " "1, " "1, " "1, " "1, " "1, " "1, " "1, " "1, " "1, " "1, " "1, " "1, " "1, " "1, " "1, " "1, " "1, " "1, " "1, " "1, " "1, " "1, " "1, " "1, " "1, " "1, " "1, " "1, " "1, " "1, " "1, " "1, " "1, " "1, " "1, " "1, " "1, " "1, " "1, " "1, " "1, " "1, " "1, " "1, " "1, " "1, " "1, " "1, " "1, " "1, " "1, " "1, " "1, " "1, " "1, " "1, " "1, " "1, " "1, " "1, " "1, " "1, " "1, " "1, " "1, " "1, " "1, " "1, " "1, " "1, " "1, " "1, " "1, " "1, " "1, " "1, " "1, " "1, " "1, " "1, " "1, " "1, " "1, " "1, " "1, " "1, " "1, " "1, " "1, " "1, " "1, " "1, " "1, " "1, " "1, " "1, " "1, " "1, " "1, " "1, " "1, " "1, " "1, " "1, "204
 "Nei196, 0.005, " "0.015, " "1, " "1, " "1, " "1, " "1, " "1, " "1, " "1, " "1, " "1, " "1, " "1, " "1, " "1, " "1, " "1, " "1, " "1, " "1, " "1, " "1, " "1, " "1, " "1, " "1, " "1, " "1, " "1, " "1, " "1, " "1, " "1, " "1, " "1, " "1, " "1, " "1, " "1, " "1, " "1, " "1, " "1, " "1, " "1, " "1, " "1, " "1, " "1, " "1, " "1, " "1, " "1, " "1, " "1, " "1, " "1, " "1, " "1, " "1, " "1, " "1, " "1, " "1, " "1, " "1, " "1, " "1, " "1, " "1, " "1, " "1, " "1, " "1, " "1, " "1, " "1, " "1, " "1, " "1, " "1, " "1, " "1, " "1, " "1, " "1, " "1, " "1, " "1, " "1, " "1, " "1, " "1, " "1, " "1, " "1, " "1, " "1, " "1, " "1, " "1, " "1, " "1, " "1, " "1, " "1, " "1, " "1, " "1, " "1, " "1, " "1, " "1, " "1, " "1, " "1, " "1, " "1, " "1, " "1, " "1, " "1, " "1, " "1, " "1, " "1, " "1, " "1, " "1, " "1, " "1, " "1, " "1, " "1, " "1, " "1, " "1, " "1, " "1, " "1, " "1, " "1, " "1, " "1, " "1, " "1, " "1, " "1, " "1, " "1, " "1, " "1, " "1, " "1, " "1, " "1, " "1, " "1, " "1, " "1, " "1, " "1, " "1, " "1, " "1, " "1, " "1, " "1, " "1, " "1, " "1, " "1, " "1, " "1, " "1, " "1, " "1, " "1, " "1, " "1, " "1, " "1, " "1, " "1, " "1, " "1, " "1, " "1, " "1, " "1, " "1, " "1, " "1, " "1, " "1, " "1, " "1, " "0, " "1, " "1, " "1, " "1, " "1, " "1, " "1, " "1, " "1, " "1, " "1, " "1, " "1, " "1, " "1, " "1, " "1, " "1, " "1, " "1, " "1, " "1, " "1, " "1, " "1, " "1, " "1, " "1, " "1, " "1, " "1, " "1, " "1, " "1, " "1, " "1, " "1, " "1, " "1, " "1, " "1, " "1, " "1, " "1, " "1, " "1, " "1, " "1, " "1, " "1, " "1, " "1, " "1, " "1, " "1, " "1, " "1, " "1, " "1, " "1, " "1, " "1, " "1, " "1, " "1, " "1, " "1, " "1, " "1, " "1, " "1, " "1, " "1, " "1, " "1, " "1, " "1, " "1, " "1, " "1, " "1, " "1, " "1, " "1, " "1, " "1, " "1, " "1, " "1, " "1, " "1, " "1, " "1, " "1, " "1, " "1, " "1, " "1, " "1, " "1, " "1, " "1, " "1, " "1, " "1, " "1, " "1, " "1, " "1, " "1, " "1, " "1, " "1, " "1, " "1, " "1, " "1, " "1, " "1, " "1, " "1, " "1, " "1, " "1, " "1, " "1, " "1, " "1, " "1, " "1, " "1, " "1, " "1, " "1, " "1, " "1, " "1, " "1, " "1, " "1, " "1, " "1, " "1, " "1, " "1, " "1, " "1, " "1, " "1, " "1, " "1, " "1, " "1, " "1, " "1, " "1, " "1, " "1, " "1, " "1, " "1, " "1, " "1, " "1, " "1, " "1, " "1, " "1, " "1, " "1, " "1, " "1, " "1, " "1, " "1, " "1, " "1, " "1, " "1, " "1, " "1, " "1, " "1, " "1, " "1, " "1, " "1, " "1, " "1, " "1, " "1, " "1, " "1, " "1, " "1, " "1, " "1, " "1, " "1, " "1, " "1, " "1, " "1, " "1, " "1, " "1, " "1, " "1, " "1, " "1, " "1, " "1, " "1, " "1, " "1, " "1, " "1, " "1, " "1, " "1, " "1, " "1, " "1, " "1, " "1, " "1, " "1, " "1, " "1, " "1, " "1, " "1, " "1, " "1, " "1, " "1, " "1, " "1, " "1, " "1, " "1, " "1, " "1, " "1, " "1, " "1, " "1, " "1, " "1, " "1, " "1, " "1, " "1, " "1, " "1, " "1, " "1, " "1, " "1, " "1, " "1, " "1, " "1, " "1, " "1, " "1, " "1, " "1, " "1, " "1, " "1, " "1, " "1, " "1, " "1, " "1, " "1, " "1, " "1, " "1, " "1, " "1, " "1, " "1, " "1, " "1, " "1, " "1, " "1, " "1, " "1, " "1, " "1, " "1, " "1, " "1, " "1, " "1, " "1, " "1, " "1, " "1, " "1, " "1, " "1, " "1, " "1, " "1, " "1, " "1, " "1, " "1, " "1, " "1, " "1, " "1, "204
 "Nei197, 0.312, " "0.015, " "1, " "1, " "1, " "1, " "1, " "1, " "1, " "1, " "1, " "1, " "1, " "1, " "1, " "1, " "1, " "1, " "1, " "1, " "1, " "1, " "1, " "1, " "1, " "1, " "1, " "1, " "1, " "1, " "1, " "1, " "1, " "1, " "1, " "1, " "1, " "1, " "1, " "1, " "1, " "1, " "1, " "1, " "1, " "1, " "1, " "1, " "1, " "1, " "1, " "1, " "1, " "1, " "1, " "1, " "1, " "1, " "1, " "1, " "1, " "1, " "1, " "1, " "1, " "1, " "1, " "1, " "1, " "1, " "1, " "1, " "1, " "1, " "1, " "1, " "1, " "1, " "1, " "1, " "1, " "1, " "1, " "1, " "1, " "1, " "1, " "1, " "1, " "1, " "1, " "1, " "1, " "1, " "1, " "1, " "1, " "1, " "1, " "1, " "1, " "1, " "1, " "1, " "1, " "1, " "1, " "1, " "1, " "1, " "1, " "1, " "1, " "1, " "1, " "1, " "1, " "1, " "1, " "1, " "1, " "1, " "1, " "1, " "1, " "1, " "1, " "1, " "1, " "1, " "1, " "1, " "1, " "1, " "1, " "1, " "1, " "1, " "1, " "1, " "1, " "1, " "1, " "1, " "1, " "1, " "1, " "1, " "1, " "1, " "1, " "1, " "1, " "1, " "1, " "1, " "1, " "1, " "1, " "1, " "1, " "1, " "1, " "1, " "1, " "1, " "1, " "1, " "1, " "1, " "1, " "1, " "1, " "1, " "1, " "1, " "1, " "1, " "1, " "1, " "1, " "1, " "1, " "1, " "1, " "1, " "1, " "1, " "1, " "1, " "1, " "1, " "1, " "1, " "1, " "1, " "1, " "1, " "1, " "0, " "1, " "1, " "1, " "1, " "1, " "1, " "1, " "1, " "1, " "1, " "1, " "1, " "1, " "1, " "1, " "1, " "1, " "1, " "1, " "1, " "1, " "1, " "1, " "1, " "1, " "1, " "1, " "1, " "1, " "1, " "1, " "1, " "1, " "1, " "1, " "1, " "1, " "1, " "1, " "1, " "1, " "1, " "1, " "1, " "1, " "1, " "1, " "1, " "1, " "1, " "1, " "1, " "1, " "1, " "1, " "1, " "1, " "1, " "1, " "1, " "1, " "1, " "1, " "1, " "1, " "1, " "1, " "1, " "1, " "1, " "1, " "1, " "1, " "1, " "1, " "1, " "1, " "1, " "1, " "1, " "1, " "1, " "1, " "1, " "1, " "1, " "1, " "1, " "1, " "1, " "1, " "1, " "1, " "1, " "1, " "1, " "1, " "1, " "1, " "1, " "1, " "1, " "1, " "1, " "1, " "1, " "1, " "1, " "1, " "1, " "1, " "1, " "1, " "1, " "1, " "1, " "1, " "1, " "1, " "1, " "1, " "1, " "1, " "1, " "1, " "1, " "1, " "1, " "1, " "1, " "1, " "1, " "1, " "1, " "1, " "1, " "1, " "1, " "1, " "1, " "1, " "1, " "1, " "1, " "1, " "1, " "1, " "1, " "1, " "1, " "1, " "1, " "1, " "1, " "1, " "1, " "1, " "1, " "1, " "1, " "1, " "1, " "1, " "1, " "1, " "1, " "1, " "1, " "1, " "1, " "1, " "1, " "1, " "1, " "1, " "1, " "1, " "1, " "1, " "1, " "1, " "1, " "1, " "1, " "1, " "1, " "1, " "1, " "1, " "1, " "1, " "1, " "1, " "1, " "1, " "1, " "1, " "1, " "1, " "1, " "1, " "1, " "1, " "1, " "1, " "1, " "1, " "1, " "1, " "1, " "1, " "1, " "1, " "1, " "1, " "1, " "1, " "1, " "1, " "1, " "1, " "1, " "1, " "1, " "1, " "1, " "1, " "1, " "1, " "1, " "1, " "1, " "1, " "1, " "1, " "1, " "1, " "1, " "1, " "1, " "1, " "1, " "1, " "1, " "1, " "1, " "1, " "1, " "1, " "1, " "1, " "1, " "1, " "1, " "1, " "1, " "1, " "1, " "1, " "1, " "1, " "1, " "1, " "1, " "1, " "1, " "1, " "1, " "1, " "1, " "1, " "1, " "1, " "1, " "1, " "1, " "1, " "1, " "1, " "1, " "1, " "1, " "1, " "1, " "1, " "1, " "1, " "1, " "1, " "1, " "1, " "1, " "1, " "1, " "1, " "1, " "1, " "1, " "1, " "1, " "1, " "1, " "1, " "1, " "1, " "1, " "1, " "1, " "1, " "1, " "1, " "1, " "1, " "1, " "1, "204
 "Nei198, 0.243, " "0.015, " "1, " "1, " "1, " "1, " "1, " "1, " "1, " "1, " "1, " "1, " "1, " "1, " "1, " "1, " "1, " "1, " "1, " "1, " "1, " "1, " "1, " "1, " "1, " "1, " "1, " "1, " "1, " "1, " "1, " "1, " "1, " "1, " "1, " "1, " "1, " "1, " "1, " "1, " "1, " "1, " "1, " "1, " "1, " "1, " "1, " "1, " "1, " "1, " "1, " "1, " "1, " "1, " "1, " "1, " "1, " "1, " "1, " "1, " "1, " "1, " "1, " "1, " "1, " "1, " "1, " "1, " "1, " "1, " "1, " "1, " "1, " "1, " "1, " "1, " "1, " "1, " "1, " "1, " "1, " "1, " "1, " "1, " "1, " "1, " "1, " "1, " "1, " "1, " "1, " "1, " "1, " "1, " "1, " "1, " "1, " "1, " "1, " "1, " "1, " "1, " "1, " "1, " "1, " "1, " "1, " "1, " "1, " "1, " "1, " "1, " "1, " "1, " "1, " "1, " "1, " "1, " "1, " "1, " "1, " "1, " "1, " "1, " "1, " "1, " "1, " "1, " "1, " "1, " "1, " "1, " "1, " "1, " "1, " "1, " "1, " "1, " "1, " "1, " "1, " "1, " "1, " "1, " "1, " "1, " "1, " "1, " "1, " "1, " "1, " "1, " "1, " "1, " "1, " "1, " "1, " "1, " "1, " "1, " "1, " "1, " "1, " "1, " "1, " "1, " "1, " "1, " "1, " "1, " "1, " "1, " "1, " "1, " "1, " "1, " "1, " "1, " "1, " "1, " "1, " "1, " "1, " "1, " "1, " "1, " "1, " "1, " "1, " "1, " "1, " "1, " "1, " "1, " "1, " "1, " "1, " "1, " "1, " "1, " "0, " "1, " "1, " "1, " "1, " "1, " "1, " "1, " "1, " "1, " "1, " "1, " "1, " "1, " "1, " "1, " "1, " "1, " "1, " "1, " "1, " "1, " "1, " "1, " "1, " "1, " "1, " "1, " "1, " "1, " "1, " "1, " "1, " "1, " "1, " "1, " "1, " "1, " "1, " "1, " "1, " "1, " "1, " "1, " "1, " "1, " "1, " "1, " "1, " "1, " "1, " "1, " "1, " "1, " "1, " "1, " "1, " "1, " "1, " "1, " "1, " "1, " "1, " "1, " "1, " "1, " "1, " "1, " "1, " "1, " "1, " "1, " "1, " "1, " "1, " "1, " "1, " "1, " "1, " "1, " "1, " "1, " "1, " "1, " "1, " "1, " "1, " "1, " "1, " "1, " "1, " "1, " "1, " "1, " "1, " "1, " "1, " "1, " "1, " "1, " "1, " "1, " "1, " "1, " "1, " "1, " "1, " "1, " "1, " "1, " "1, " "1, " "1, " "1, " "1, " "1, " "1, " "1, " "1, " "1, " "1, " "1, " "1, " "1, " "1, " "1, " "1, " "1, " "1, " "1, " "1, " "1, " "1, " "1, " "1, " "1, " "1, " "1, " "1, " "1, " "1, " "1, " "1, " "1, " "1, " "1, " "1, " "1, " "1, " "1, " "1, " "1, " "1, " "1, " "1, " "1, " "1, " "1, " "1, " "1, " "1, " "1, " "1, " "1, " "1, " "1, " "1, " "1, " "1, " "1, " "1, " "1, " "1, " "1, " "1, " "1, " "1, " "1, " "1, " "1, " "1, " "1, " "1, " "1, " "1, " "1, " "1, " "1, " "1, " "1, " "1, " "1, " "1, " "1, " "1, " "1, " "1, " "1, " "1, " "1, " "1, " "1, " "1, " "1, " "1, " "1, " "1, " "1, " "1, " "1, " "1, " "1, " "1, " "1, " "1, " "1, " "1, " "1, " "1, " "1, " "1, " "1, " "1, " "1, " "1, " "1, " "1, " "1, " "1, " "1, " "1, " "1, " "1, " "1, " "1, " "1, " "1, " "1, " "1, " "1, " "1, " "1, " "1, " "1, " "1, " "1, " "1, " "1, " "1, " "1, " "1, " "1, " "1, " "1, " "1, " "1, " "1, " "1, " "1, " "1, " "1, " "1, " "1, " "1, " "1, " "1, " "1, " "1, " "1, " "1, " "1, " "1, " "1, " "1, " "1, " "1, " "1, " "1, " "1, " "1, " "1, " "1, " "1, " "1, " "1, " "1, " "1, " "1, " "1, " "1, " "1, " "1, " "1, " "1, " "1, " "1, " "1, " "1, " "1, " "1, " "1, " "1, " "1, " "1, " "1, " "1, " "1, " "1, " "1, " "1, " "1, " "1, " "1, " "1, " "1, "204
 "Nei199, 0.396, " "0.015, " "1, " "1, " "1, " "1, " "1, " "1, " "1, " "1, " "1, " "1, " "1, " "1, " "1, " "1, " "1, " "1, " "1, " "1, " "1, " "1, " "1, " "1, " "1, " "1, " "1, " "1, " "1, " "1, " "1, " "1, " "1, " "1, " "1, " "1, " "1, " "1, " "1, " "1, " "1, " "1, " "1, " "1, " "1, " "1, " "1, " "1, " "1, " "1, " "1, " "1, " "1, " "1, " "1, " "1, " "1, " "1, " "1, " "1, " "1, " "1, " "1, " "1, " "1, " "1, " "1, " "1, " "1, " "1, " "1, " "1, " "1, " "1, " "1, " "1, " "1, " "1, " "1, " "1, " "1, " "1, " "1, " "1, " "1, " "1, " "1, " "1, " "1, " "1, " "1, " "1, " "1, " "1, " "1, " "1, " "1, " "1, " "1, " "1, " "1, " "1, " "1, " "1, " "1, " "1, " "1, " "1, " "1, " "1, " "1, " "1, " "1, " "1, " "1, " "1, " "1, " "1, " "1, " "1, " "1, " "1, " "1, " "1, " "1, " "1, " "1, " "1, " "1, " "1, " "1, " "1, " "1, " "1, " "1, " "1, " "1, " "1, " "1, " "1, " "1, " "1, " "1, " "1, " "1, " "1, " "1, " "1, " "1, " "1, " "1, " "1, " "1, " "1, " "1, " "1, " "1, " "1, " "1, " "1, " "1, " "1, " "1, " "1, " "1, " "1, " "1, " "1, " "1, " "1, " "1, " "1, " "1, " "1, " "1, " "1, " "1, " "1, " "1, " "1, " "1, " "1, " "1, " "1, " "1, " "1, " "1, " "1, " "1, " "1, " "1, " "1, " "1, " "1, " "1, " "1, " "1, " "1, " "1, " "1, " "1, " "0, " "1, " "1, " "1, " "1, " "1, " "1, " "1, " "1, " "1, " "1, " "1, " "1, " "1, " "1, " "1, " "1, " "1, " "1, " "1, " "1, " "1, " "1, " "1, " "1, " "1, " "1, " "1, " "1, " "1, " "1, " "1, " "1, " "1, " "1, " "1, " "1, " "1, " "1, " "1, " "1, " "1, " "1, " "1, " "1, " "1, " "1, " "1, " "1, " "1, " "1, " "1, " "1, " "1, " "1, " "1, " "1, " "1, " "1, " "1, " "1, " "1, " "1, " "1, " "1, " "1, " "1, " "1, " "1, " "1, " "1, " "1, " "1, " "1, " "1, " "1, " "1, " "1, " "1, " "1, " "1, " "1, " "1, " "1, " "1, " "1, " "1, " "1, " "1, " "1, " "1, " "1, " "1, " "1, " "1, " "1, " "1, " "1, " "1, " "1, " "1, " "1, " "1, " "1, " "1, " "1, " "1, " "1, " "1, " "1, " "1, " "1, " "1, " "1, " "1, " "1, " "1, " "1, " "1, " "1, " "1, " "1, " "1, " "1, " "1, " "1, " "1, " "1, " "1, " "1, " "1, " "1, " "1, " "1, " "1, " "1, " "1, " "1, " "1, " "1, " "1, " "1, " "1, " "1, " "1, " "1, " "1, " "1, " "1, " "1, " "1, " "1, " "1, " "1, " "1, " "1, " "1, " "1, " "1, " "1, " "1, " "1, " "1, " "1, " "1, " "1, " "1, " "1, " "1, " "1, " "1, " "1, " "1, " "1, " "1, " "1, " "1, " "1, " "1, " "1, " "1, " "1, " "1, " "1, " "1, " "1, " "1, " "1, " "1, " "1, " "1, " "1, " "1, " "1, " "1, " "1, " "1, " "1, " "1, " "1, " "1, " "1, " "1, " "1, " "1, " "1, " "1, " "1, " "1, " "1, " "1, " "1, " "1, " "1, " "1, " "1, " "1, " "1, " "1, " "1, " "1, " "1, " "1, " "1, " "1, " "1, " "1, " "1, " "1, " "1, " "1, " "1, " "1, " "1, " "1, " "1, " "1, " "1, " "1, " "1, " "1, " "1, " "1, " "1, " "1, " "1, " "1, " "1, " "1, " "1, " "1, " "1, " "1, " "1, " "1, " "1, " "1, " "1, " "1, " "1, " "1, " "1, " "1, " "1, " "1, " "1, " "1, " "1, " "1, " "1, " "1, " "1, " "1, " "1, " "1, " "1, " "1, " "1, " "1, " "1, " "1, " "1, " "1, " "1, " "1, " "1, " "1, " "1, " "1, " "1, " "1, " "1, " "1, " "1, " "1, " "1, " "1, " "1, " "1, " "1, " "1, " "1, " "1, " "1, " "1, " "1, " "1, " "1, " "1, " "1, " "1, " "1, " "1, " "1, "204
 "Nei200, 0.186, " "0.015, " "1, " "1, " "1, " "1, " "1, " "1, " "1, " "1, " "1, " "1, " "1, " "1, " "1, " "1, " "1, " "1, " "1, " "1, " "1, " "1, " "1, " "1, " "1, " "1, " "1, " "1, " "1, " "1, " "1, " "1, " "1, " "1, " "1, " "1, " "1, " "1, " "1, " "1, " "1, " "1, " "1, " "1, " "1, " "1, " "1, " "1, " "1, " "1, " "1, " "1, " "1, " "1, " "1, " "1, " "1, " "1, " "1, " "1, " "1, " "1, " "1, " "1, " "1, " "1, " "1, " "1, " "1, " "1, " "1, " "1, " "1, " "1, " "1, " "1, " "1, " "1, " "1, " "1, " "1, " "1, " "1, " "1, " "1, " "1, " "1, " "1, " "1, " "1, " "1, " "1, " "1, " "1, " "1, " "1, " "1, " "1, " "1, " "1, " "1, " "1, " "1, " "1, " "1, " "1, " "1, " "1, " "1, " "1, " "1, " "1, " "1, " "1, " "1, " "1, " "1, " "1, " "1, " "1, " "1, " "1, " "1, " "1, " "1, " "1, " "1, " "1, " "1, " "1, " "1, " "1, " "1, " "1, " "1, " "1, " "1, " "1, " "1, " "1, " "1, " "1, " "1, " "1, " "1, " "1, " "1, " "1, " "1, " "1, " "1, " "1, " "1, " "1, " "1, " "1, " "1, " "1, " "1, " "1, " "1, " "1, " "1, " "1, " "1, " "1, " "1, " "1, " "1, " "1, " "1, " "1, " "1, " "1, " "1, " "1, " "1, " "1, " "1, " "1, " "1, " "1, " "1, " "1, " "1, " "1, " "1, " "1, " "1, " "1, " "1, " "1, " "1, " "1, " "1, " "1, " "1, " "1, " "1, " "1, " "1, " "1, " "0, " "1, " "1, " "1, " "1, " "1, " "1, " "1, " "1, " "1, " "1, " "1, " "1, " "1, " "1, " "1, " "1, " "1, " "1, " "1, " "1, " "1, " "1, " "1, " "1, " "1, " "1, " "1, " "1, " "1, " "1, " "1, " "1, " "1, " "1, " "1, " "1, " "1, " "1, " "1, " "1, " "1, " "1, " "1, " "1, " "1, " "1, " "1, " "1, " "1, " "1, " "1, " "1, " "1, " "1, " "1, " "1, " "1, " "1, " "1, " "1, " "1, " "1, " "1, " "1, " "1, " "1, " "1, " "1, " "1, " "1, " "1, " "1, " "1, " "1, " "1, " "1, " "1, " "1, " "1, " "1, " "1, " "1, " "1, " "1, " "1, " "1, " "1, " "1, " "1, " "1, " "1, " "1, " "1, " "1, " "1, " "1, " "1, " "1, " "1, " "1, " "1, " "1, " "1, " "1, " "1, " "1, " "1, " "1, " "1, " "1, " "1, " "1, " "1, " "1, " "1, " "1, " "1, " "1, " "1, " "1, " "1, " "1, " "1, " "1, " "1, " "1, " "1, " "1, " "1, " "1, " "1, " "1, " "1, " "1, " "1, " "1, " "1, " "1, " "1, " "1, " "1, " "1, " "1, " "1, " "1, " "1, " "1, " "1, " "1, " "1, " "1, " "1, " "1, " "1, " "1, " "1, " "1, " "1, " "1, " "1, " "1, " "1, " "1, " "1, " "1, " "1, " "1, " "1, " "1, " "1, " "1, " "1, " "1, " "1, " "1, " "1, " "1, " "1, " "1, " "1, " "1, " "1, " "1, " "1, " "1, " "1, " "1, " "1, " "1, " "1, " "1, " "1, " "1, " "1, " "1, " "1, " "1, " "1, " "1, " "1, " "1, " "1, " "1, " "1, " "1, " "1, " "1, " "1, " "1, " "1, " "1, " "1, " "1, " "1, " "1, " "1, " "1, " "1, " "1, " "1, " "1, " "1, " "1, " "1, " "1, " "1, " "1, " "1, " "1, " "1, " "1, " "1, " "1, " "1, " "1, " "1, " "1, " "1, " "1, " "1, " "1, " "1, " "1, " "1, " "1, " "1, " "1, " "1, " "1, " "1, " "1, " "1, " "1, " "1, " "1, " "1, " "1, " "1, " "1, " "1, " "1, " "1, " "1, " "1, " "1, " "1, " "1, " "1, " "1, " "1, " "1, " "1, " "1, " "1, " "1, " "1, " "1, " "1, " "1, " "1, " "1, " "1, " "1, " "1, " "1, " "1, " "1, " "1, " "1, " "1, " "1, " "1, " "1, " "1, " "1, " "1, " "1, " "1, " "1, " "1, " "1, " "1, " "1, " "1, " "1, " "1, " "1, " "1, " "1, " "1, " "1, " "1, "204
 "Nei201, 0.099, " "0.015, " "1, " "1, " "1, " "1, " "1, " "1, " "1, " "1, " "1, " "1, " "1, " "1, " "1, " "1, " "1, " "1, " "1, " "1, " "1, " "1, " "1, " "1, " "1, " "1, " "1, " "1, " "1, " "1, " "1, " "1, " "1, " "1, " "1, " "1, " "1, " "1, " "1, " "1, " "1, " "1, " "1, " "1, " "1, " "1, " "1, " "1, " "1, " "1, " "1, " "1, " "1, " "1, " "1, " "1, " "1, " "1, " "1, " "1, " "1, " "1, " "1, " "1, " "1, " "1, " "1, " "1, " "1, " "1, " "1, " "1, " "1, " "1, " "1, " "1, " "1, " "1, " "1, " "1, " "1, " "1, " "1, " "1, " "1, " "1, " "1, " "1, " "1, " "1, " "1, " "1, " "1, " "1, " "1, " "1, " "1, " "1, " "1, " "1, " "1, " "1, " "1, " "1, " "1, " "1, " "1, " "1, " "1, " "1, " "1, " "1, " "1, " "1, " "1, " "1, " "1, " "1, " "1, " "1, " "1, " "1, " "1, " "1, " "1, " "1, " "1, " "1, " "1, " "1, " "1, " "1, " "1, " "1, " "1, " "1, " "1, " "1, " "1, " "1, " "1, " "1, " "1, " "1, " "1, " "1, " "1, " "1, " "1, " "1, " "1, " "1, " "1, " "1, " "1, " "1, " "1, " "1, " "1, " "1, " "1, " "1, " "1, " "1, " "1, " "1, " "1, " "1, " "1, " "1, " "1, " "1, " "1, " "1, " "1, " "1, " "1, " "1, " "1, " "1, " "1, " "1, " "1, " "1, " "1, " "1, " "1, " "1, " "1, " "1, " "1, " "1, " "1, " "1, " "1, " "1, " "1, " "1, " "1, " "1, " "1, " "1, " "1, " "0, " "1, " "1, " "1, " "1, " "1, " "1, " "1, " "1, " "1, " "1, " "1, " "1, " "1, " "1, " "1, " "1, " "1, " "1, " "1, " "1, " "1, " "1, " "1, " "1, " "1, " "1, " "1, " "1, " "1, " "1, " "1, " "1, " "1, " "1, " "1, " "1, " "1, " "1, " "1, " "1, " "1, " "1, " "1, " "1, " "1, " "1, " "1, " "1, " "1, " "1, " "1, " "1, " "1, " "1, " "1, " "1, " "1, " "1, " "1, " "1, " "1, " "1, " "1, " "1, " "1, " "1, " "1, " "1, " "1, " "1, " "1, " "1, " "1, " "1, " "1, " "1, " "1, " "1, " "1, " "1, " "1, " "1, " "1, " "1, " "1, " "1, " "1, " "1, " "1, " "1, " "1, " "1, " "1, " "1, " "1, " "1, " "1, " "1, " "1, " "1, " "1, " "1, " "1, " "1, " "1, " "1, " "1, " "1, " "1, " "1, " "1, " "1, " "1, " "1, " "1, " "1, " "1, " "1, " "1, " "1, " "1, " "1, " "1, " "1, " "1, " "1, " "1, " "1, " "1, " "1, " "1, " "1, " "1, " "1, " "1, " "1, " "1, " "1, " "1, " "1, " "1, " "1, " "1, " "1, " "1, " "1, " "1, " "1, " "1, " "1, " "1, " "1, " "1, " "1, " "1, " "1, " "1, " "1, " "1, " "1, " "1, " "1, " "1, " "1, " "1, " "1, " "1, " "1, " "1, " "1, " "1, " "1, " "1, " "1, " "1, " "1, " "1, " "1, " "1, " "1, " "1, " "1, " "1, " "1, " "1, " "1, " "1, " "1, " "1, " "1, " "1, " "1, " "1, " "1, " "1, " "1, " "1, " "1, " "1, " "1, " "1, " "1, " "1, " "1, " "1, " "1, " "1, " "1, " "1, " "1, " "1, " "1, " "1, " "1, " "1, " "1, " "1, " "1, " "1, " "1, " "1, " "1, " "1, " "1, " "1, " "1, " "1, " "1, " "1, " "1, " "1, " "1, " "1, " "1, " "1, " "1, " "1, " "1, " "1, " "1, " "1, " "1, " "1, " "1, " "1, " "1, " "1, " "1, " "1, " "1, " "1, " "1, " "1, " "1, " "1, " "1, " "1, " "1, " "1, " "1, " "1, " "1, " "1, " "1, " "1, " "1, " "1, " "1, " "1, " "1, " "1, " "1, " "1, " "1, " "1, " "1, " "1, " "1, " "1, " "1, " "1, " "1, " "1, " "1, " "1, " "1, " "1, " "1, " "1, " "1, " "1, " "1, " "1, " "1, " "1, " "1, " "1, " "1, " "1, " "1, " "1, " "1, " "1, " "1, " "1, " "1, " "1, " "1, " "1, " "1, " "1, "204
 "Nei202, 0.278, " "0.015, " "1, " "1, " "1, " "1, " "1, " "1, " "1, " "1, " "1, " "1, " "1, " "1, " "1, " "1, " "1, " "1, " "1, " "1, " "1, " "1, " "1, " "1, " "1, " "1, " "1, " "1, " "1, " "1, " "1, " "1, " "1, " "1, " "1, " "1, " "1, " "1, " "1, " "1, " "1, " "1, " "1, " "1, " "1, " "1, " "1, " "1, " "1, " "1, " "1, " "1, " "1, " "1, " "1, " "1, " "1, " "1, " "1, " "1, " "1, " "1, " "1, " "1, " "1, " "1, " "1, " "1, " "1, " "1, " "1, " "1, " "1, " "1, " "1, " "1, " "1, " "1, " "1, " "1, " "1, " "1, " "1, " "1, " "1, " "1, " "1, " "1, " "1, " "1, " "1, " "1, " "1, " "1, " "1, " "1, " "1, " "1, " "1, " "1, " "1, " "1, " "1, " "1, " "1, " "1, " "1, " "1, " "1, " "1, " "1, " "1, " "1, " "1, " "1, " "1, " "1, " "1, " "1, " "1, " "1, " "1, " "1, " "1, " "1, " "1, " "1, " "1, " "1, " "1, " "1, " "1, " "1, " "1, " "1, " "1, " "1, " "1, " "1, " "1, " "1, " "1, " "1, " "1, " "1, " "1, " "1, " "1, " "1, " "1, " "1, " "1, " "1, " "1, " "1, " "1, " "1, " "1, " "1, " "1, " "1, " "1, " "1, " "1, " "1, " "1, " "1, " "1, " "1, " "1, " "1, " "1, " "1, " "1, " "1, " "1, " "1, " "1, " "1, " "1, " "1, " "1, " "1, " "1, " "1, " "1, " "1, " "1, " "1, " "1, " "1, " "1, " "1, " "1, " "1, " "1, " "1, " "1, " "1, " "1, " "1, " "1, " "1, " "1, " "0, " "1, " "1, " "1, " "1, " "1, " "1, " "1, " "1, " "1, " "1, " "1, " "1, " "1, " "1, " "1, " "1, " "1, " "1, " "1, " "1, " "1, " "1, " "1, " "1, " "1, " "1, " "1, " "1, " "1, " "1, " "1, " "1, " "1, " "1, " "1, " "1, " "1, " "1, " "1, " "1, " "1, " "1, " "1, " "1, " "1, " "1, " "1, " "1, " "1, " "1, " "1, " "1, " "1, " "1, " "1, " "1, " "1, " "1, " "1, " "1, " "1, " "1, " "1, " "1, " "1, " "1, " "1, " "1, " "1, " "1, " "1, " "1, " "1, " "1, " "1, " "1, " "1, " "1, " "1, " "1, " "1, " "1, " "1, " "1, " "1, " "1, " "1, " "1, " "1, " "1, " "1, " "1, " "1, " "1, " "1, " "1, " "1, " "1, " "1, " "1, " "1, " "1, " "1, " "1, " "1, " "1, " "1, " "1, " "1, " "1, " "1, " "1, " "1, " "1, " "1, " "1, " "1, " "1, " "1, " "1, " "1, " "1, " "1, " "1, " "1, " "1, " "1, " "1, " "1, " "1, " "1, " "1, " "1, " "1, " "1, " "1, " "1, " "1, " "1, " "1, " "1, " "1, " "1, " "1, " "1, " "1, " "1, " "1, " "1, " "1, " "1, " "1, " "1, " "1, " "1, " "1, " "1, " "1, " "1, " "1, " "1, " "1, " "1, " "1, " "1, " "1, " "1, " "1, " "1, " "1, " "1, " "1, " "1, " "1, " "1, " "1, " "1, " "1, " "1, " "1, " "1, " "1, " "1, " "1, " "1, " "1, " "1, " "1, " "1, " "1, " "1, " "1, " "1, " "1, " "1, " "1, " "1, " "1, " "1, " "1, " "1, " "1, " "1, " "1, " "1, " "1, " "1, " "1, " "1, " "1, " "1, " "1, " "1, " "1, " "1, " "1, " "1, " "1, " "1, " "1, " "1, " "1, " "1, " "1, " "1, " "1, " "1, " "1, " "1, " "1, " "1, " "1, " "1, " "1, " "1, " "1, " "1, " "1, " "1, " "1, " "1, " "1, " "1, " "1, " "1, " "1, " "1, " "1, " "1, " "1, " "1, " "1, " "1, " "1, " "1, " "1, " "1, " "1, " "1, " "1, " "1, " "1, " "1, " "1, " "1, " "1, " "1, " "1, " "1, " "1, " "1, " "1, " "1, " "1, " "1, " "1, " "1, " "1, " "1, " "1, " "1, " "1, " "1, " "1, " "1, " "1, " "1, " "1, " "1, " "1, " "1, " "1, " "1, " "1, " "1, " "1, " "1, " "1, " "1, " "1, " "1, " "1, " "1, " "1, " "1, " "1, " "1, " "1, " "1, " "1, "204
 "Nei203, 0.025, " "0.015, " "1, " "1, " "1, " "1, " "1, " "1, " "1, " "1, " "1, " "1, " "1, " "1, " "1, " "1, " "1, " "1, " "1, " "1, " "1, " "1, " "1, " "1, " "1, " "1, " "1, " "1, " "1, " "1, " "1, " "1, " "1, " "1, " "1, " "1, " "1, " "1, " "1, " "1, " "1, " "1, " "1, " "1, " "1, " "1, " "1, " "1, " "1, " "1, " "1, " "1, " "1, " "1, " "1, " "1, " "1, " "1, " "1, " "1, " "1, " "1, " "1, " "1, " "1, " "1, " "1, " "1, " "1, " "1, " "1, " "1, " "1, " "1, " "1, " "1, " "1, " "1, " "1, " "1, " "1, " "1, " "1, " "1, " "1, " "1, " "1, " "1, " "1, " "1, " "1, " "1, " "1, " "1, " "1, " "1, " "1, " "1, " "1, " "1, " "1, " "1, " "1, " "1, " "1, " "1, " "1, " "1, " "1, " "1, " "1, " "1, " "1, " "1, " "1, " "1, " "1, " "1, " "1, " "1, " "1, " "1, " "1, " "1, " "1, " "1, " "1, " "1, " "1, " "1, " "1, " "1, " "1, " "1, " "1, " "1, " "1, " "1, " "1, " "1, " "1, " "1, " "1, " "1, " "1, " "1, " "1, " "1, " "1, " "1, " "1, " "1, " "1, " "1, " "1, " "1, " "1, " "1, " "1, " "1, " "1, " "1, " "1, " "1, " "1, " "1, " "1, " "1, " "1, " "1, " "1, " "1, " "1, " "1, " "1, " "1, " "1, " "1, " "1, " "1, " "1, " "1, " "1, " "1, " "1, " "1, " "1, " "1, " "1, " "1, " "1, " "1, " "1, " "1, " "1, " "1, " "1, " "1, " "1, " "1, " "1, " "1, " "1, " "1, " "1, " "0, " "1, " "1, " "1, " "1, " "1, " "1, " "1, " "1, " "1, " "1, " "1, " "1, " "1, " "1, " "1, " "1, " "1, " "1, " "1, " "1, " "1, " "1, " "1, " "1, " "1, " "1, " "1, " "1, " "1, " "1, " "1, " "1, " "1, " "1, " "1, " "1, " "1, " "1, " "1, " "1, " "1, " "1, " "1, " "1, " "1, " "1, " "1, " "1, " "1, " "1, " "1, " "1, " "1, " "1, " "1, " "1, " "1, " "1, " "1, " "1, " "1, " "1, " "1, " "1, " "1, " "1, " "1, " "1, " "1, " "1, " "1, " "1, " "1, " "1, " "1, " "1, " "1, " "1, " "1, " "1, " "1, " "1, " "1, " "1, " "1, " "1, " "1, " "1, " "1, " "1, " "1, " "1, " "1, " "1, " "1, " "1, " "1, " "1, " "1, " "1, " "1, " "1, " "1, " "1, " "1, " "1, " "1, " "1, " "1, " "1, " "1, " "1, " "1, " "1, " "1, " "1, " "1, " "1, " "1, " "1, " "1, " "1, " "1, " "1, " "1, " "1, " "1, " "1, " "1, " "1, " "1, " "1, " "1, " "1, " "1, " "1, " "1, " "1, " "1, " "1, " "1, " "1, " "1, " "1, " "1, " "1, " "1, " "1, " "1, " "1, " "1, " "1, " "1, " "1, " "1, " "1, " "1, " "1, " "1, " "1, " "1, " "1, " "1, " "1, " "1, " "1, " "1, " "1, " "1, " "1, " "1, " "1, " "1, " "1, " "1, " "1, " "1, " "1, " "1, " "1, " "1, " "1, " "1, " "1, " "1, " "1, " "1, " "1, " "1, " "1, " "1, " "1, " "1, " "1, " "1, " "1, " "1, " "1, " "1, " "1, " "1, " "1, " "1, " "1, " "1, " "1, " "1, " "1, " "1, " "1, " "1, " "1, " "1, " "1, " "1, " "1, " "1, " "1, " "1, " "1, " "1, " "1, " "1, " "1, " "1, " "1, " "1, " "1, " "1, " "1, " "1, " "1, " "1, " "1, " "1, " "1, " "1, " "1, " "1, " "1, " "1, " "1, " "1, " "1, " "1, " "1, " "1, " "1, " "1, " "1, " "1, " "1, " "1, " "1, " "1, " "1, " "1, " "1, " "1, " "1, " "1, " "1, " "1, " "1, " "1, " "1, " "1, " "1, " "1, " "1, " "1, " "1, " "1, " "1, " "1, " "1, " "1, " "1, " "1, " "1, " "1, " "1, " "1, " "1, " "1, " "1, " "1, " "1, " "1, " "1, " "1, " "1, " "1, " "1, " "1, " "1, " "1, " "1, " "1, " "1, " "1, " "1, " "1, " "1, " "1, " "1, " "1, " "1, " "1, "204
 "Nei204, 0.377, " "0.015, " "1, " "1, " "1, " "1, " "1, " "1, " "1, " "1, " "1, " "1, " "1, " "1, " "1, " "1, " "1, " "1, " "1, " "1, " "1, " "1, " "1, " "1, " "1, " "1, " "1, " "1, " "1, " "1, " "1, " "1, " "1, " "1, " "1, " "1, " "1, " "1, " "1, " "1, " "1, " "1, " "1, " "1, " "1, " "1, " "1, " "1, " "1, " "1, " "1, " "1, " "1, " "1, " "1, " "1, " "1, " "1, " "1, " "1, " "1, " "1, " "1, " "1, " "1, " "1, " "1, " "1, " "1, " "1, " "1, " "1, " "1, " "1, " "1, " "1, " "1, " "1, " "1, " "1, " "1, " "1, " "1, " "1, " "1, " "1, " "1, " "1, " "1, " "1, " "1, " "1, " "1, " "1, " "1, " "1, " "1, " "1, " "1, " "1, " "1, " "1, " "1, " "1, " "1, " "1, " "1, " "1, " "1, " "1, " "1, " "1, " "1, " "1, " "1, " "1, " "1, " "1, " "1, " "1, " "1, " "1, " "1, " "1, " "1, " "1, " "1, " "1, " "1, " "1, " "1, " "1, " "1, " "1, " "1, " "1, " "1, " "1, " "1, " "1, " "1, " "1, " "1, " "1, " "1, " "1, " "1, " "1, " "1, " "1, " "1, " "1, " "1, " "1, " "1, " "1, " "1, " "1, " "1, " "1, " "1, " "1, " "1, " "1, " "1, " "1, " "1, " "1, " "1, " "1, " "1, " "1, " "1, " "1, " "1, " "1, " "1, " "1, " "1, " "1, " "1, " "1, " "1, " "1, " "1, " "1, " "1, " "1, " "1, " "1, " "1, " "1, " "1, " "1, " "1, " "1, " "1, " "1, " "1, " "1, " "1, " "1, " "1, " "1, " "1, " "1, " "0, " "1, " "1, " "1, " "1, " "1, " "1, " "1, " "1, " "1, " "1, " "1, " "1, " "1, " "1, " "1, " "1, " "1, " "1, " "1, " "1, " "1, " "1, " "1, " "1, " "1, " "1, " "1, " "1, " "1, " "1, " "1, " "1, " "1, " "1, " "1, " "1, " "1, " "1, " "1, " "1, " "1, " "1, " "1, " "1, " "1, " "1, " "1, " "1, " "1, " "1, " "1, " "1, " "1, " "1, " "1, " "1, " "1, " "1, " "1, " "1, " "1, " "1, " "1, " "1, " "1, " "1, " "1, " "1, " "1, " "1, " "1, " "1, " "1, " "1, " "1, " "1, " "1, " "1, " "1, " "1, " "1, " "1, " "1, " "1, " "1, " "1, " "1, " "1, " "1, " "1, " "1, " "1, " "1, " "1, " "1, " "1, " "1, " "1, " "1, " "1, " "1, " "1, " "1, " "1, " "1, " "1, " "1, " "1, " "1, " "1, " "1, " "1, " "1, " "1, " "1, " "1, " "1, " "1, " "1, " "1, " "1, " "1, " "1, " "1, " "1, " "1, " "1, " "1, " "1, " "1, " "1, " "1, " "1, " "1, " "1, " "1, " "1, " "1, " "1, " "1, " "1, " "1, " "1, " "1, " "1, " "1, " "1, " "1, " "1, " "1, " "1, " "1, " "1, " "1, " "1, " "1, " "1, " "1, " "1, " "1, " "1, " "1, " "1, " "1, " "1, " "1, " "1, " "1, " "1, " "1, " "1, " "1, " "1, " "1, " "1, " "1, " "1, " "1, " "1, " "1, " "1, " "1, " "1, " "1, " "1, " "1, " "1, " "1, " "1, " "1, " "1, " "1, " "1, " "1, " "1, " "1, " "1, " "1, " "1, " "1, " "1, " "1, " "1, " "1, " "1, " "1, " "1, " "1, " "1, " "1, " "1, " "1, " "1, " "1, " "1, " "1, " "1, " "1, " "1, " "1, " "1, " "1, " "1, " "1, " "1, " "1, " "1, " "1, " "1, " "1, " "1, " "1, " "1, " "1, " "1, " "1, " "1, " "1, " "1, " "1, " "1, " "1, " "1, " "1, " "1, " "1, " "1, " "1, " "1, " "1, " "1, " "1, " "1, " "1, " "1, " "1, " "1, " "1, " "1, " "1, " "1, " "1, " "1, " "1, " "1, " "1, " "1, " "1, " "1, " "1, " "1, " "1, " "1, " "1, " "1, " "1, " "1, " "1, " "1, " "1, " "1, " "1, " "1, " "1, " "1, " "1, " "1, " "1, " "1, " "1, " "1, " "1, " "1, " "1, " "1, " "1, " "1, " "1, " "1, " "1, " "1, " "1, " "1, " "1, " "1, " "1, " "1, " "1, "204
 "Nei205, 0.162, " "0.015, " "1, " "1, " "1, " "1, " "1, " "1, " "1, " "1, " "1, " "1, " "1, " "1, " "1, " "1, " "1, " "1, " "1, " "1, " "1, " "1, " "1, " "1, " "1, " "1, " "1, " "1, " "1, " "1, " "1, " "1, " "1, " "1, " "1, " "1, " "1, " "1, " "1, " "1, " "1, " "1, " "1, " "1, " "1, " "1, " "1, " "1, " "1, " "1, " "1, " "1, " "1, " "1, " "1, " "1, " "1, " "1, " "1, " "1, " "1, " "1, " "1, " "1, " "1, " "1, " "1, " "1, " "1, " "1, " "1, " "1, " "1, " "1, " "1, " "1, " "1, " "1, " "1, " "1, " "1, " "1, " "1, " "1, " "1, " "1, " "1, " "1, " "1, " "1, " "1, " "1, " "1, " "1, " "1, " "1, " "1, " "1, " "1, " "1, " "1, " "1, " "1, " "1, " "1, " "1, " "1, " "1, " "1, " "1, " "1, " "1, " "1, " "1, " "1, " "1, " "1, " "1, " "1, " "1, " "1, " "1, " "1, " "1, " "1, " "1, " "1, " "1, " "1, " "1, " "1, " "1, " "1, " "1, " "1, " "1, " "1, " "1, " "1, " "1, " "1, " "1, " "1, " "1, " "1, " "1, " "1, " "1, " "1, " "1, " "1, " "1, " "1, " "1, " "1, " "1, " "1, " "1, " "1, " "1, " "1, " "1, " "1, " "1, " "1, " "1, " "1, " "1, " "1, " "1, " "1, " "1, " "1, " "1, " "1, " "1, " "1, " "1, " "1, " "1, " "1, " "1, " "1, " "1, " "1, " "1, " "1, " "1, " "1, " "1, " "1, " "1, " "1, " "1, " "1, " "1, " "1, " "1, " "1, " "1, " "1, " "1, " "1, " "1, " "1, " "1, " "1, " "0, " "1, " "1, " "1, " "1, " "1, " "1, " "1, " "1, " "1, " "1, " "1, " "1, " "1, " "1, " "1, " "1, " "1, " "1, " "1, " "1, " "1, " "1, " "1, " "1, " "1, " "1, " "1, " "1, " "1, " "1, " "1, " "1, " "1, " "1, " "1, " "1, " "1, " "1, " "1, " "1, " "1, " "1, " "1, " "1, " "1, " "1, " "1, " "1, " "1, " "1, " "1, " "1, " "1, " "1, " "1, " "1, " "1, " "1, " "1, " "1, " "1, " "1, " "1, " "1, " "1, " "1, " "1, " "1, " "1, " "1, " "1, " "1, " "1, " "1, " "1, " "1, " "1, " "1, " "1, " "1, " "1, " "1, " "1, " "1, " "1, " "1, " "1, " "1, " "1, " "1, " "1, " "1, " "1, " "1, " "1, " "1, " "1, " "1, " "1, " "1, " "1, " "1, " "1, " "1, " "1, " "1, " "1, " "1, " "1, " "1, " "1, " "1, " "1, " "1, " "1, " "1, " "1, " "1, " "1, " "1, " "1, " "1, " "1, " "1, " "1, " "1, " "1, " "1, " "1, " "1, " "1, " "1, " "1, " "1, " "1, " "1, " "1, " "1, " "1, " "1, " "1, " "1, " "1, " "1, " "1, " "1, " "1, " "1, " "1, " "1, " "1, " "1, " "1, " "1, " "1, " "1, " "1, " "1, " "1, " "1, " "1, " "1, " "1, " "1, " "1, " "1, " "1, " "1, " "1, " "1, " "1, " "1, " "1, " "1, " "1, " "1, " "1, " "1, " "1, " "1, " "1, " "1, " "1, " "1, " "1, " "1, " "1, " "1, " "1, " "1, " "1, " "1, " "1, " "1, " "1, " "1, " "1, " "1, " "1, " "1, " "1, " "1, " "1, " "1, " "1, " "1, " "1, " "1, " "1, " "1, " "1, " "1, " "1, " "1, " "1, " "1, " "1, " "1, " "1, " "1, " "1, " "1, " "1, " "1, " "1, " "1, " "1, " "1, " "1, " "1, " "1, " "1, " "1, " "1, " "1, " "1, " "1, " "1, " "1, " "1, " "1, " "1, " "1, " "1, " "1, " "1, " "1, " "1, " "1, " "1, " "1, " "1, " "1, " "1, " "1, " "1, " "1, " "1, " "1, " "1, " "1, " "1, " "1, " "1, " "1, " "1, " "1, " "1, " "1, " "1, " "1, " "1, " "1, " "1, " "1, " "1, " "1, " "1, " "1, " "1, " "1, " "1, " "1, " "1, " "1, " "1, " "1, " "1, " "1, " "1, " "1, " "1, " "1, " "1, " "1, " "1, " "1, " "1, " "1, " "1, " "1, " "1, " "1, " "1, " "1, " "1, " "1, "204
 "Nei206, 0.302, " "0.015, " "1, " "1, " "1, " "1, " "1, " "1, " "1, " "1, " "1, " "1, " "1, " "1, " "1, " "1, " "1, " "1, " "1, " "1, " "1, " "1, " "1, " "1, " "1, " "1, " "1, " "1, " "1, " "1, " "1, " "1, " "1, " "1, " "1, " "1, " "1, " "1, " "1, " "1, " "1, " "1, " "1, " "1, " "1, " "1, " "1, " "1, " "1, " "1, " "1, " "1, " "1, " "1, " "1, " "1, " "1, " "1, " "1, " "1, " "1, " "1, " "1, " "1, " "1, " "1, " "1, " "1, " "1, " "1, " "1, " "1, " "1, " "1, " "1, " "1, " "1, " "1, " "1, " "1, " "1, " "1, " "1, " "1, " "1, " "1, " "1, " "1, " "1, " "1, " "1, " "1, " "1, " "1, " "1, " "1, " "1, " "1, " "1, " "1, " "1, " "1, " "1, " "1, " "1, " "1, " "1, " "1, " "1, " "1, " "1, " "1, " "1, " "1, " "1, " "1, " "1, " "1, " "1, " "1, " "1, " "1, " "1, " "1, " "1, " "1, " "1, " "1, " "1, " "1, " "1, " "1, " "1, " "1, " "1, " "1, " "1, " "1, " "1, " "1, " "1, " "1, " "1, " "1, " "1, " "1, " "1, " "1, " "1, " "1, " "1, " "1, " "1, " "1, " "1, " "1, " "1, " "1, " "1, " "1, " "1, " "1, " "1, " "1, " "1, " "1, " "1, " "1, " "1, " "1, " "1, " "1, " "1, " "1, " "1, " "1, " "1, " "1, " "1, " "1, " "1, " "1, " "1, " "1, " "1, " "1, " "1, " "1, " "1, " "1, " "1, " "1, " "1, " "1, " "1, " "1, " "1, " "1, " "1, " "1, " "1, " "1, " "1, " "1, " "1, " "1, " "1, " "1, " "0, " "1, " "1, " "1, " "1, " "1, " "1, " "1, " "1, " "1, " "1, " "1, " "1, " "1, " "1, " "1, " "1, " "1, " "1, " "1, " "1, " "1, " "1, " "1, " "1, " "1, " "1, " "1, " "1, " "1, " "1, " "1, " "1, " "1, " "1, " "1, " "1, " "1, " "1, " "1, " "1, " "1, " "1, " "1, " "1, " "1, " "1, " "1, " "1, " "1, " "1, " "1, " "1, " "1, " "1, " "1, " "1, " "1, " "1, " "1, " "1, " "1, " "1, " "1, " "1, " "1, " "1, " "1, " "1, " "1, " "1, " "1, " "1, " "1, " "1, " "1, " "1, " "1, " "1, " "1, " "1, " "1, " "1, " "1, " "1, " "1, " "1, " "1, " "1, " "1, " "1, " "1, " "1, " "1, " "1, " "1, " "1, " "1, " "1, " "1, " "1, " "1, " "1, " "1, " "1, " "1, " "1, " "1, " "1, " "1, " "1, " "1, " "1, " "1, " "1, " "1, " "1, " "1, " "1, " "1, " "1, " "1, " "1, " "1, " "1, " "1, " "1, " "1, " "1, " "1, " "1, " "1, " "1, " "1, " "1, " "1, " "1, " "1, " "1, " "1, " "1, " "1, " "1, " "1, " "1, " "1, " "1, " "1, " "1, " "1, " "1, " "1, " "1, " "1, " "1, " "1, " "1, " "1, " "1, " "1, " "1, " "1, " "1, " "1, " "1, " "1, " "1, " "1, " "1, " "1, " "1, " "1, " "1, " "1, " "1, " "1, " "1, " "1, " "1, " "1, " "1, " "1, " "1, " "1, " "1, " "1, " "1, " "1, " "1, " "1, " "1, " "1, " "1, " "1, " "1, " "1, " "1, " "1, " "1, " "1, " "1, " "1, " "1, " "1, " "1, " "1, " "1, " "1, " "1, " "1, " "1, " "1, " "1, " "1, " "1, " "1, " "1, " "1, " "1, " "1, " "1, " "1, " "1, " "1, " "1, " "1, " "1, " "1, " "1, " "1, " "1, " "1, " "1, " "1, " "1, " "1, " "1, " "1, " "1, " "1, " "1, " "1, " "1, " "1, " "1, " "1, " "1, " "1, " "1, " "1, " "1, " "1, " "1, " "1, " "1, " "1, " "1, " "1, " "1, " "1, " "1, " "1, " "1, " "1, " "1, " "1, " "1, " "1, " "1, " "1, " "1, " "1, " "1, " "1, " "1, " "1, " "1, " "1, " "1, " "1, " "1, " "1, " "1, " "1, " "1, " "1, " "1, " "1, " "1, " "1, " "1, " "1, " "1, " "1, " "1, " "1, " "1, " "1, " "1, " "1, " "1, " "1, " "1, " "1, " "1, " "1, " "1, "204
 "Nei207, 0.183, " "0.015, " "1, " "1, " "1, " "1, " "1, " "1, " "1, " "1, " "1, " "1, " "1, " "1, " "1, " "1, " "1, " "1, " "1, " "1, " "1, " "1, " "1, " "1, " "1, " "1, " "1, " "1, " "1, " "1, " "1, " "1, " "1, " "1, " "1, " "1, " "1, " "1, " "1, " "1, " "1, " "1, " "1, " "1, " "1, " "1, " "1, " "1, " "1, " "1, " "1, " "1, " "1, " "1, " "1, " "1, " "1, " "1, " "1, " "1, " "1, " "1, " "1, " "1, " "1, " "1, " "1, " "1, " "1, " "1, " "1, " "1, " "1, " "1, " "1, " "1, " "1, " "1, " "1, " "1, " "1, " "1, " "1, " "1, " "1, " "1, " "1, " "1, " "1, " "1, " "1, " "1, " "1, " "1, " "1, " "1, " "1, " "1, " "1, " "1, " "1, " "1, " "1, " "1, " "1, " "1, " "1, " "1, " "1, " "1, " "1, " "1, " "1, " "1, " "1, " "1, " "1, " "1, " "1, " "1, " "1, " "1, " "1, " "1, " "1, " "1, " "1, " "1, " "1, " "1, " "1, " "1, " "1, " "1, " "1, " "1, " "1, " "1, " "1, " "1, " "1, " "1, " "1, " "1, " "1, " "1, " "1, " "1, " "1, " "1, " "1, " "1, " "1, " "1, " "1, " "1, " "1, " "1, " "1, " "1, " "1, " "1, " "1, " "1, " "1, " "1, " "1, " "1, " "1, " "1, " "1, " "1, " "1, " "1, " "1, " "1, " "1, " "1, " "1, " "1, " "1, " "1, " "1, " "1, " "1, " "1, " "1, " "1, " "1, " "1, " "1, " "1, " "1, " "1, " "1, " "1, " "1, " "1, " "1, " "1, " "1, " "1, " "1, " "1, " "1, " "1, " "1, " "1, " "1, " "0, " "1, " "1, " "1, " "1, " "1, " "1, " "1, " "1, " "1, " "1, " "1, " "1, " "1, " "1, " "1, " "1, " "1, " "1, " "1, " "1, " "1, " "1, " "1, " "1, " "1, " "1, " "1, " "1, " "1, " "1, " "1, " "1, " "1, " "1, " "1, " "1, " "1, " "1, " "1, " "1, " "1, " "1, " "1, " "1, " "1, " "1, " "1, " "1, " "1, " "1, " "1, " "1, " "1, " "1, " "1, " "1, " "1, " "1, " "1, " "1, " "1, " "1, " "1, " "1, " "1, " "1, " "1, " "1, " "1, " "1, " "1, " "1, " "1, " "1, " "1, " "1, " "1, " "1, " "1, " "1, " "1, " "1, " "1, " "1, " "1, " "1, " "1, " "1, " "1, " "1, " "1, " "1, " "1, " "1, " "1, " "1, " "1, " "1, " "1, " "1, " "1, " "1, " "1, " "1, " "1, " "1, " "1, " "1, " "1, " "1, " "1, " "1, " "1, " "1, " "1, " "1, " "1, " "1, " "1, " "1, " "1, " "1, " "1, " "1, " "1, " "1, " "1, " "1, " "1, " "1, " "1, " "1, " "1, " "1, " "1, " "1, " "1, " "1, " "1, " "1, " "1, " "1, " "1, " "1, " "1, " "1, " "1, " "1, " "1, " "1, " "1, " "1, " "1, " "1, " "1, " "1, " "1, " "1, " "1, " "1, " "1, " "1, " "1, " "1, " "1, " "1, " "1, " "1, " "1, " "1, " "1, " "1, " "1, " "1, " "1, " "1, " "1, " "1, " "1, " "1, " "1, " "1, " "1, " "1, " "1, " "1, " "1, " "1, " "1, " "1, " "1, " "1, " "1, " "1, " "1, " "1, " "1, " "1, " "1, " "1, " "1, " "1, " "1, " "1, " "1, " "1, " "1, " "1, " "1, " "1, " "1, " "1, " "1, " "1, " "1, " "1, " "1, " "1, " "1, " "1, " "1, " "1, " "1, " "1, " "1, " "1, " "1, " "1, " "1, " "1, " "1, " "1, " "1, " "1, " "1, " "1, " "1, " "1, " "1, " "1, " "1, " "1, " "1, " "1, " "1, " "1, " "1, " "1, " "1, " "1, " "1, " "1, " "1, " "1, " "1, " "1, " "1, " "1, " "1, " "1, " "1, " "1, " "1, " "1, " "1, " "1, " "1, " "1, " "1, " "1, " "1, " "1, " "1, " "1, " "1, " "1, " "1, " "1, " "1, " "1, " "1, " "1, " "1, " "1, " "1, " "1, " "1, " "1, " "1, " "1, " "1, " "1, " "1, " "1, " "1, " "1, " "1, " "1, " "1, " "1, " "1, " "1, " "1, " "1, " "1, "204
 "Nei208, 0.13, " "0.015, " "1, " "1, " "1, " "1, " "1, " "1, " "1, " "1, " "1, " "1, " "1, " "1, " "1, " "1, " "1, " "1, " "1, " "1, " "1, " "1, " "1, " "1, " "1, " "1, " "1, " "1, " "1, " "1, " "1, " "1, " "1, " "1, " "1, " "1, " "1, " "1, " "1, " "1, " "1, " "1, " "1, " "1, " "1, " "1, " "1, " "1, " "1, " "1, " "1, " "1, " "1, " "1, " "1, " "1, " "1, " "1, " "1, " "1, " "1, " "1, " "1, " "1, " "1, " "1, " "1, " "1, " "1, " "1, " "1, " "1, " "1, " "1, " "1, " "1, " "1, " "1, " "1, " "1, " "1, " "1, " "1, " "1, " "1, " "1, " "1, " "1, " "1, " "1, " "1, " "1, " "1, " "1, " "1, " "1, " "1, " "1, " "1, " "1, " "1, " "1, " "1, " "1, " "1, " "1, " "1, " "1, " "1, " "1, " "1, " "1, " "1, " "1, " "1, " "1, " "1, " "1, " "1, " "1, " "1, " "1, " "1, " "1, " "1, " "1, " "1, " "1, " "1, " "1, " "1, " "1, " "1, " "1, " "1, " "1, " "1, " "1, " "1, " "1, " "1, " "1, " "1, " "1, " "1, " "1, " "1, " "1, " "1, " "1, " "1, " "1, " "1, " "1, " "1, " "1, " "1, " "1, " "1, " "1, " "1, " "1, " "1, " "1, " "1, " "1, " "1, " "1, " "1, " "1, " "1, " "1, " "1, " "1, " "1, " "1, " "1, " "1, " "1, " "1, " "1, " "1, " "1, " "1, " "1, " "1, " "1, " "1, " "1, " "1, " "1, " "1, " "1, " "1, " "1, " "1, " "1, " "1, " "1, " "1, " "1, " "1, " "1, " "1, " "1, " "1, " "1, " "1, " "1, " "1, " "0, " "1, " "1, " "1, " "1, " "1, " "1, " "1, " "1, " "1, " "1, " "1, " "1, " "1, " "1, " "1, " "1, " "1, " "1, " "1, " "1, " "1, " "1, " "1, " "1, " "1, " "1, " "1, " "1, " "1, " "1, " "1, " "1, " "1, " "1, " "1, " "1, " "1, " "1, " "1, " "1, " "1, " "1, " "1, " "1, " "1, " "1, " "1, " "1, " "1, " "1, " "1, " "1, " "1, " "1, " "1, " "1, " "1, " "1, " "1, " "1, " "1, " "1, " "1, " "1, " "1, " "1, " "1, " "1, " "1, " "1, " "1, " "1, " "1, " "1, " "1, " "1, " "1, " "1, " "1, " "1, " "1, " "1, " "1, " "1, " "1, " "1, " "1, " "1, " "1, " "1, " "1, " "1, " "1, " "1, " "1, " "1, " "1, " "1, " "1, " "1, " "1, " "1, " "1, " "1, " "1, " "1, " "1, " "1, " "1, " "1, " "1, " "1, " "1, " "1, " "1, " "1, " "1, " "1, " "1, " "1, " "1, " "1, " "1, " "1, " "1, " "1, " "1, " "1, " "1, " "1, " "1, " "1, " "1, " "1, " "1, " "1, " "1, " "1, " "1, " "1, " "1, " "1, " "1, " "1, " "1, " "1, " "1, " "1, " "1, " "1, " "1, " "1, " "1, " "1, " "1, " "1, " "1, " "1, " "1, " "1, " "1, " "1, " "1, " "1, " "1, " "1, " "1, " "1, " "1, " "1, " "1, " "1, " "1, " "1, " "1, " "1, " "1, " "1, " "1, " "1, " "1, " "1, " "1, " "1, " "1, " "1, " "1, " "1, " "1, " "1, " "1, " "1, " "1, " "1, " "1, " "1, " "1, " "1, " "1, " "1, " "1, " "1, " "1, " "1, " "1, " "1, " "1, " "1, " "1, " "1, " "1, " "1, " "1, " "1, " "1, " "1, " "1, " "1, " "1, " "1, " "1, " "1, " "1, " "1, " "1, " "1, " "1, " "1, " "1, " "1, " "1, " "1, " "1, " "1, " "1, " "1, " "1, " "1, " "1, " "1, " "1, " "1, " "1, " "1, " "1, " "1, " "1, " "1, " "1, " "1, " "1, " "1, " "1, " "1, " "1, " "1, " "1, " "1, " "1, " "1, " "1, " "1, " "1, " "1, " "1, " "1, " "1, " "1, " "1, " "1, " "1, " "1, " "1, " "1, " "1, " "1, " "1, " "1, " "1, " "1, " "1, " "1, " "1, " "1, " "1, " "1, " "1, " "1, " "1, " "1, " "1, " "1, " "1, " "1, " "1, " "1, " "1, " "1, " "1, " "1, " "1, " "1, " "1, " "1, "204
 "Nei209, 0.244, " "0.015, " "1, " "1, " "1, " "1, " "1, " "1, " "1, " "1, " "1, " "1, " "1, " "1, " "1, " "1, " "1, " "1, " "1, " "1, " "1, " "1, " "1, " "1, " "1, " "1, " "1, " "1, " "1, " "1, " "1, " "1, " "1, " "1, " "1, " "1, " "1, " "1, " "1, " "1, " "1, " "1, " "1, " "1, " "1, " "1, " "1, " "1, " "1, " "1, " "1, " "1, " "1, " "1, " "1, " "1, " "1, " "1, " "1, " "1, " "1, " "1, " "1, " "1, " "1, " "1, " "1, " "1, " "1, " "1, " "1, " "1, " "1, " "1, " "1, " "1, " "1, " "1, " "1, " "1, " "1, " "1, " "1, " "1, " "1, " "1, " "1, " "1, " "1, " "1, " "1, " "1, " "1, " "1, " "1, " "1, " "1, " "1, " "1, " "1, " "1, " "1, " "1, " "1, " "1, " "1, " "1, " "1, " "1, " "1, " "1, " "1, " "1, " "1, " "1, " "1, " "1, " "1, " "1, " "1, " "1, " "1, " "1, " "1, " "1, " "1, " "1, " "1, " "1, " "1, " "1, " "1, " "1, " "1, " "1, " "1, " "1, " "1, " "1, " "1, " "1, " "1, " "1, " "1, " "1, " "1, " "1, " "1, " "1, " "1, " "1, " "1, " "1, " "1, " "1, " "1, " "1, " "1, " "1, " "1, " "1, " "1, " "1, " "1, " "1, " "1, " "1, " "1, " "1, " "1, " "1, " "1, " "1, " "1, " "1, " "1, " "1, " "1, " "1, " "1, " "1, " "1, " "1, " "1, " "1, " "1, " "1, " "1, " "1, " "1, " "1, " "1, " "1, " "1, " "1, " "1, " "1, " "1, " "1, " "1, " "1, " "1, " "1, " "1, " "1, " "1, " "1, " "1, " "1, " "1, " "1, " "0, " "1, " "1, " "1, " "1, " "1, " "1, " "1, " "1, " "1, " "1, " "1, " "1, " "1, " "1, " "1, " "1, " "1, " "1, " "1, " "1, " "1, " "1, " "1, " "1, " "1, " "1, " "1, " "1, " "1, " "1, " "1, " "1, " "1, " "1, " "1, " "1, " "1, " "1, " "1, " "1, " "1, " "1, " "1, " "1, " "1, " "1, " "1, " "1, " "1, " "1, " "1, " "1, " "1, " "1, " "1, " "1, " "1, " "1, " "1, " "1, " "1, " "1, " "1, " "1, " "1, " "1, " "1, " "1, " "1, " "1, " "1, " "1, " "1, " "1, " "1, " "1, " "1, " "1, " "1, " "1, " "1, " "1, " "1, " "1, " "1, " "1, " "1, " "1, " "1, " "1, " "1, " "1, " "1, " "1, " "1, " "1, " "1, " "1, " "1, " "1, " "1, " "1, " "1, " "1, " "1, " "1, " "1, " "1, " "1, " "1, " "1, " "1, " "1, " "1, " "1, " "1, " "1, " "1, " "1, " "1, " "1, " "1, " "1, " "1, " "1, " "1, " "1, " "1, " "1, " "1, " "1, " "1, " "1, " "1, " "1, " "1, " "1, " "1, " "1, " "1, " "1, " "1, " "1, " "1, " "1, " "1, " "1, " "1, " "1, " "1, " "1, " "1, " "1, " "1, " "1, " "1, " "1, " "1, " "1, " "1, " "1, " "1, " "1, " "1, " "1, " "1, " "1, " "1, " "1, " "1, " "1, " "1, " "1, " "1, " "1, " "1, " "1, " "1, " "1, " "1, " "1, " "1, " "1, " "1, " "1, " "1, " "1, " "1, " "1, " "1, " "1, " "1, " "1, " "1, " "1, " "1, " "1, " "1, " "1, " "1, " "1, " "1, " "1, " "1, " "1, " "1, " "1, " "1, " "1, " "1, " "1, " "1, " "1, " "1, " "1, " "1, " "1, " "1, " "1, " "1, " "1, " "1, " "1, " "1, " "1, " "1, " "1, " "1, " "1, " "1, " "1, " "1, " "1, " "1, " "1, " "1, " "1, " "1, " "1, " "1, " "1, " "1, " "1, " "1, " "1, " "1, " "1, " "1, " "1, " "1, " "1, " "1, " "1, " "1, " "1, " "1, " "1, " "1, " "1, " "1, " "1, " "1, " "1, " "1, " "1, " "1, " "1, " "1, " "1, " "1, " "1, " "1, " "1, " "1, " "1, " "1, " "1, " "1, " "1, " "1, " "1, " "1, " "1, " "1, " "1, " "1, " "1, " "1, " "1, " "1, " "1, " "1, " "1, " "1, " "1, " "1, " "1, " "1, " "1, " "1, " "1, " "1, " "1, "204
 "Nei210, 0.209, " "0.015, " "1, " "1, " "1, " "1, " "1, " "1, " "1, " "1, " "1, " "1, " "1, " "1, " "1, " "1, " "1, " "1, " "1, " "1, " "1, " "1, " "1, " "1, " "1, " "1, " "1, " "1, " "1, " "1, " "1, " "1, " "1, " "1, " "1, " "1, " "1, " "1, " "1, " "1, " "1, " "1, " "1, " "1, " "1, " "1, " "1, " "1, " "1, " "1, " "1, " "1, " "1, " "1, " "1, " "1, " "1, " "1, " "1, " "1, " "1, " "1, " "1, " "1, " "1, " "1, " "1, " "1, " "1, " "1, " "1, " "1, " "1, " "1, " "1, " "1, " "1, " "1, " "1, " "1, " "1, " "1, " "1, " "1, " "1, " "1, " "1, " "1, " "1, " "1, " "1, " "1, " "1, " "1, " "1, " "1, " "1, " "1, " "1, " "1, " "1, " "1, " "1, " "1, " "1, " "1, " "1, " "1, " "1, " "1, " "1, " "1, " "1, " "1, " "1, " "1, " "1, " "1, " "1, " "1, " "1, " "1, " "1, " "1, " "1, " "1, " "1, " "1, " "1, " "1, " "1, " "1, " "1, " "1, " "1, " "1, " "1, " "1, " "1, " "1, " "1, " "1, " "1, " "1, " "1, " "1, " "1, " "1, " "1, " "1, " "1, " "1, " "1, " "1, " "1, " "1, " "1, " "1, " "1, " "1, " "1, " "1, " "1, " "1, " "1, " "1, " "1, " "1, " "1, " "1, " "1, " "1, " "1, " "1, " "1, " "1, " "1, " "1, " "1, " "1, " "1, " "1, " "1, " "1, " "1, " "1, " "1, " "1, " "1, " "1, " "1, " "1, " "1, " "1, " "1, " "1, " "1, " "1, " "1, " "1, " "1, " "1, " "1, " "1, " "1, " "1, " "1, " "1, " "1, " "1, " "1, " "1, " "0, " "1, " "1, " "1, " "1, " "1, " "1, " "1, " "1, " "1, " "1, " "1, " "1, " "1, " "1, " "1, " "1, " "1, " "1, " "1, " "1, " "1, " "1, " "1, " "1, " "1, " "1, " "1, " "1, " "1, " "1, " "1, " "1, " "1, " "1, " "1, " "1, " "1, " "1, " "1, " "1, " "1, " "1, " "1, " "1, " "1, " "1, " "1, " "1, " "1, " "1, " "1, " "1, " "1, " "1, " "1, " "1, " "1, " "1, " "1, " "1, " "1, " "1, " "1, " "1, " "1, " "1, " "1, " "1, " "1, " "1, " "1, " "1, " "1, " "1, " "1, " "1, " "1, " "1, " "1, " "1, " "1, " "1, " "1, " "1, " "1, " "1, " "1, " "1, " "1, " "1, " "1, " "1, " "1, " "1, " "1, " "1, " "1, " "1, " "1, " "1, " "1, " "1, " "1, " "1, " "1, " "1, " "1, " "1, " "1, " "1, " "1, " "1, " "1, " "1, " "1, " "1, " "1, " "1, " "1, " "1, " "1, " "1, " "1, " "1, " "1, " "1, " "1, " "1, " "1, " "1, " "1, " "1, " "1, " "1, " "1, " "1, " "1, " "1, " "1, " "1, " "1, " "1, " "1, " "1, " "1, " "1, " "1, " "1, " "1, " "1, " "1, " "1, " "1, " "1, " "1, " "1, " "1, " "1, " "1, " "1, " "1, " "1, " "1, " "1, " "1, " "1, " "1, " "1, " "1, " "1, " "1, " "1, " "1, " "1, " "1, " "1, " "1, " "1, " "1, " "1, " "1, " "1, " "1, " "1, " "1, " "1, " "1, " "1, " "1, " "1, " "1, " "1, " "1, " "1, " "1, " "1, " "1, " "1, " "1, " "1, " "1, " "1, " "1, " "1, " "1, " "1, " "1, " "1, " "1, " "1, " "1, " "1, " "1, " "1, " "1, " "1, " "1, " "1, " "1, " "1, " "1, " "1, " "1, " "1, " "1, " "1, " "1, " "1, " "1, " "1, " "1, " "1, " "1, " "1, " "1, " "1, " "1, " "1, " "1, " "1, " "1, " "1, " "1, " "1, " "1, " "1, " "1, " "1, " "1, " "1, " "1, " "1, " "1, " "1, " "1, " "1, " "1, " "1, " "1, " "1, " "1, " "1, " "1, " "1, " "1, " "1, " "1, " "1, " "1, " "1, " "1, " "1, " "1, " "1, " "1, " "1, " "1, " "1, " "1, " "1, " "1, " "1, " "1, " "1, " "1, " "1, " "1, " "1, " "1, " "1, " "1, " "1, " "1, " "1, " "1, " "1, " "1, " "1, " "1, " "1, " "1, " "1, "204
 "Nei211, 0.309, " "0.015, " "1, " "1, " "1, " "1, " "1, " "1, " "1, " "1, " "1, " "1, " "1, " "1, " "1, " "1, " "1, " "1, " "1, " "1, " "1, " "1, " "1, " "1, " "1, " "1, " "1, " "1, " "1, " "1, " "1, " "1, " "1, " "1, " "1, " "1, " "1, " "1, " "1, " "1, " "1, " "1, " "1, " "1, " "1, " "1, " "1, " "1, " "1, " "1, " "1, " "1, " "1, " "1, " "1, " "1, " "1, " "1, " "1, " "1, " "1, " "1, " "1, " "1, " "1, " "1, " "1, " "1, " "1, " "1, " "1, " "1, " "1, " "1, " "1, " "1, " "1, " "1, " "1, " "1, " "1, " "1, " "1, " "1, " "1, " "1, " "1, " "1, " "1, " "1, " "1, " "1, " "1, " "1, " "1, " "1, " "1, " "1, " "1, " "1, " "1, " "1, " "1, " "1, " "1, " "1, " "1, " "1, " "1, " "1, " "1, " "1, " "1, " "1, " "1, " "1, " "1, " "1, " "1, " "1, " "1, " "1, " "1, " "1, " "1, " "1, " "1, " "1, " "1, " "1, " "1, " "1, " "1, " "1, " "1, " "1, " "1, " "1, " "1, " "1, " "1, " "1, " "1, " "1, " "1, " "1, " "1, " "1, " "1, " "1, " "1, " "1, " "1, " "1, " "1, " "1, " "1, " "1, " "1, " "1, " "1, " "1, " "1, " "1, " "1, " "1, " "1, " "1, " "1, " "1, " "1, " "1, " "1, " "1, " "1, " "1, " "1, " "1, " "1, " "1, " "1, " "1, " "1, " "1, " "1, " "1, " "1, " "1, " "1, " "1, " "1, " "1, " "1, " "1, " "1, " "1, " "1, " "1, " "1, " "1, " "1, " "1, " "1, " "1, " "1, " "1, " "1, " "1, " "1, " "1, " "1, " "1, " "1, " "0, " "1, " "1, " "1, " "1, " "1, " "1, " "1, " "1, " "1, " "1, " "1, " "1, " "1, " "1, " "1, " "1, " "1, " "1, " "1, " "1, " "1, " "1, " "1, " "1, " "1, " "1, " "1, " "1, " "1, " "1, " "1, " "1, " "1, " "1, " "1, " "1, " "1, " "1, " "1, " "1, " "1, " "1, " "1, " "1, " "1, " "1, " "1, " "1, " "1, " "1, " "1, " "1, " "1, " "1, " "1, " "1, " "1, " "1, " "1, " "1, " "1, " "1, " "1, " "1, " "1, " "1, " "1, " "1, " "1, " "1, " "1, " "1, " "1, " "1, " "1, " "1, " "1, " "1, " "1, " "1, " "1, " "1, " "1, " "1, " "1, " "1, " "1, " "1, " "1, " "1, " "1, " "1, " "1, " "1, " "1, " "1, " "1, " "1, " "1, " "1, " "1, " "1, " "1, " "1, " "1, " "1, " "1, " "1, " "1, " "1, " "1, " "1, " "1, " "1, " "1, " "1, " "1, " "1, " "1, " "1, " "1, " "1, " "1, " "1, " "1, " "1, " "1, " "1, " "1, " "1, " "1, " "1, " "1, " "1, " "1, " "1, " "1, " "1, " "1, " "1, " "1, " "1, " "1, " "1, " "1, " "1, " "1, " "1, " "1, " "1, " "1, " "1, " "1, " "1, " "1, " "1, " "1, " "1, " "1, " "1, " "1, " "1, " "1, " "1, " "1, " "1, " "1, " "1, " "1, " "1, " "1, " "1, " "1, " "1, " "1, " "1, " "1, " "1, " "1, " "1, " "1, " "1, " "1, " "1, " "1, " "1, " "1, " "1, " "1, " "1, " "1, " "1, " "1, " "1, " "1, " "1, " "1, " "1, " "1, " "1, " "1, " "1, " "1, " "1, " "1, " "1, " "1, " "1, " "1, " "1, " "1, " "1, " "1, " "1, " "1, " "1, " "1, " "1, " "1, " "1, " "1, " "1, " "1, " "1, " "1, " "1, " "1, " "1, " "1, " "1, " "1, " "1, " "1, " "1, " "1, " "1, " "1, " "1, " "1, " "1, " "1, " "1, " "1, " "1, " "1, " "1, " "1, " "1, " "1, " "1, " "1, " "1, " "1, " "1, " "1, " "1, " "1, " "1, " "1, " "1, " "1, " "1, " "1, " "1, " "1, " "1, " "1, " "1, " "1, " "1, " "1, " "1, " "1, " "1, " "1, " "1, " "1, " "1, " "1, " "1, " "1, " "1, " "1, " "1, " "1, " "1, " "1, " "1, " "1, " "1, " "1, " "1, " "1, " "1, " "1, " "1, " "1, " "1, " "1, " "1, " "1, "204
 "Nei212, 0.003, " "0.015, " "1, " "1, " "1, " "1, " "1, " "1, " "1, " "1, " "1, " "1, " "1, " "1, " "1, " "1, " "1, " "1, " "1, " "1, " "1, " "1, " "1, " "1, " "1, " "1, " "1, " "1, " "1, " "1, " "1, " "1, " "1, " "1, " "1, " "1, " "1, " "1, " "1, " "1, " "1, " "1, " "1, " "1, " "1, " "1, " "1, " "1, " "1, " "1, " "1, " "1, " "1, " "1, " "1, " "1, " "1, " "1, " "1, " "1, " "1, " "1, " "1, " "1, " "1, " "1, " "1, " "1, " "1, " "1, " "1, " "1, " "1, " "1, " "1, " "1, " "1, " "1, " "1, " "1, " "1, " "1, " "1, " "1, " "1, " "1, " "1, " "1, " "1, " "1, " "1, " "1, " "1, " "1, " "1, " "1, " "1, " "1, " "1, " "1, " "1, " "1, " "1, " "1, " "1, " "1, " "1, " "1, " "1, " "1, " "1, " "1, " "1, " "1, " "1, " "1, " "1, " "1, " "1, " "1, " "1, " "1, " "1, " "1, " "1, " "1, " "1, " "1, " "1, " "1, " "1, " "1, " "1, " "1, " "1, " "1, " "1, " "1, " "1, " "1, " "1, " "1, " "1, " "1, " "1, " "1, " "1, " "1, " "1, " "1, " "1, " "1, " "1, " "1, " "1, " "1, " "1, " "1, " "1, " "1, " "1, " "1, " "1, " "1, " "1, " "1, " "1, " "1, " "1, " "1, " "1, " "1, " "1, " "1, " "1, " "1, " "1, " "1, " "1, " "1, " "1, " "1, " "1, " "1, " "1, " "1, " "1, " "1, " "1, " "1, " "1, " "1, " "1, " "1, " "1, " "1, " "1, " "1, " "1, " "1, " "1, " "1, " "1, " "1, " "1, " "1, " "1, " "1, " "1, " "1, " "1, " "1, " "1, " "1, " "0, " "1, " "1, " "1, " "1, " "1, " "1, " "1, " "1, " "1, " "1, " "1, " "1, " "1, " "1, " "1, " "1, " "1, " "1, " "1, " "1, " "1, " "1, " "1, " "1, " "1, " "1, " "1, " "1, " "1, " "1, " "1, " "1, " "1, " "1, " "1, " "1, " "1, " "1, " "1, " "1, " "1, " "1, " "1, " "1, " "1, " "1, " "1, " "1, " "1, " "1, " "1, " "1, " "1, " "1, " "1, " "1, " "1, " "1, " "1, " "1, " "1, " "1, " "1, " "1, " "1, " "1, " "1, " "1, " "1, " "1, " "1, " "1, " "1, " "1, " "1, " "1, " "1, " "1, " "1, " "1, " "1, " "1, " "1, " "1, " "1, " "1, " "1, " "1, " "1, " "1, " "1, " "1, " "1, " "1, " "1, " "1, " "1, " "1, " "1, " "1, " "1, " "1, " "1, " "1, " "1, " "1, " "1, " "1, " "1, " "1, " "1, " "1, " "1, " "1, " "1, " "1, " "1, " "1, " "1, " "1, " "1, " "1, " "1, " "1, " "1, " "1, " "1, " "1, " "1, " "1, " "1, " "1, " "1, " "1, " "1, " "1, " "1, " "1, " "1, " "1, " "1, " "1, " "1, " "1, " "1, " "1, " "1, " "1, " "1, " "1, " "1, " "1, " "1, " "1, " "1, " "1, " "1, " "1, " "1, " "1, " "1, " "1, " "1, " "1, " "1, " "1, " "1, " "1, " "1, " "1, " "1, " "1, " "1, " "1, " "1, " "1, " "1, " "1, " "1, " "1, " "1, " "1, " "1, " "1, " "1, " "1, " "1, " "1, " "1, " "1, " "1, " "1, " "1, " "1, " "1, " "1, " "1, " "1, " "1, " "1, " "1, " "1, " "1, " "1, " "1, " "1, " "1, " "1, " "1, " "1, " "1, " "1, " "1, " "1, " "1, " "1, " "1, " "1, " "1, " "1, " "1, " "1, " "1, " "1, " "1, " "1, " "1, " "1, " "1, " "1, " "1, " "1, " "1, " "1, " "1, " "1, " "1, " "1, " "1, " "1, " "1, " "1, " "1, " "1, " "1, " "1, " "1, " "1, " "1, " "1, " "1, " "1, " "1, " "1, " "1, " "1, " "1, " "1, " "1, " "1, " "1, " "1, " "1, " "1, " "1, " "1, " "1, " "1, " "1, " "1, " "1, " "1, " "1, " "1, " "1, " "1, " "1, " "1, " "1, " "1, " "1, " "1, " "1, " "1, " "1, " "1, " "1, " "1, " "1, " "1, " "1, " "1, " "1, " "1, " "1, " "1, " "1, " "1, " "1, " "1, "204
 "Nei213, 0.002, " "0.015, " "1, " "1, " "1, " "1, " "1, " "1, " "1, " "1, " "1, " "1, " "1, " "1, " "1, " "1, " "1, " "1, " "1, " "1, " "1, " "1, " "1, " "1, " "1, " "1, " "1, " "1, " "1, " "1, " "1, " "1, " "1, " "1, " "1, " "1, " "1, " "1, " "1, " "1, " "1, " "1, " "1, " "1, " "1, " "1, " "1, " "1, " "1, " "1, " "1, " "1, " "1, " "1, " "1, " "1, " "1, " "1, " "1, " "1, " "1, " "1, " "1, " "1, " "1, " "1, " "1, " "1, " "1, " "1, " "1, " "1, " "1, " "1, " "1, " "1, " "1, " "1, " "1, " "1, " "1, " "1, " "1, " "1, " "1, " "1, " "1, " "1, " "1, " "1, " "1, " "1, " "1, " "1, " "1, " "1, " "1, " "1, " "1, " "1, " "1, " "1, " "1, " "1, " "1, " "1, " "1, " "1, " "1, " "1, " "1, " "1, " "1, " "1, " "1, " "1, " "1, " "1, " "1, " "1, " "1, " "1, " "1, " "1, " "1, " "1, " "1, " "1, " "1, " "1, " "1, " "1, " "1, " "1, " "1, " "1, " "1, " "1, " "1, " "1, " "1, " "1, " "1, " "1, " "1, " "1, " "1, " "1, " "1, " "1, " "1, " "1, " "1, " "1, " "1, " "1, " "1, " "1, " "1, " "1, " "1, " "1, " "1, " "1, " "1, " "1, " "1, " "1, " "1, " "1, " "1, " "1, " "1, " "1, " "1, " "1, " "1, " "1, " "1, " "1, " "1, " "1, " "1, " "1, " "1, " "1, " "1, " "1, " "1, " "1, " "1, " "1, " "1, " "1, " "1, " "1, " "1, " "1, " "1, " "1, " "1, " "1, " "1, " "1, " "1, " "1, " "1, " "1, " "1, " "1, " "1, " "1, " "1, " "1, " "1, " "0, " "1, " "1, " "1, " "1, " "1, " "1, " "1, " "1, " "1, " "1, " "1, " "1, " "1, " "1, " "1, " "1, " "1, " "1, " "1, " "1, " "1, " "1, " "1, " "1, " "1, " "1, " "1, " "1, " "1, " "1, " "1, " "1, " "1, " "1, " "1, " "1, " "1, " "1, " "1, " "1, " "1, " "1, " "1, " "1, " "1, " "1, " "1, " "1, " "1, " "1, " "1, " "1, " "1, " "1, " "1, " "1, " "1, " "1, " "1, " "1, " "1, " "1, " "1, " "1, " "1, " "1, " "1, " "1, " "1, " "1, " "1, " "1, " "1, " "1, " "1, " "1, " "1, " "1, " "1, " "1, " "1, " "1, " "1, " "1, " "1, " "1, " "1, " "1, " "1, " "1, " "1, " "1, " "1, " "1, " "1, " "1, " "1, " "1, " "1, " "1, " "1, " "1, " "1, " "1, " "1, " "1, " "1, " "1, " "1, " "1, " "1, " "1, " "1, " "1, " "1, " "1, " "1, " "1, " "1, " "1, " "1, " "1, " "1, " "1, " "1, " "1, " "1, " "1, " "1, " "1, " "1, " "1, " "1, " "1, " "1, " "1, " "1, " "1, " "1, " "1, " "1, " "1, " "1, " "1, " "1, " "1, " "1, " "1, " "1, " "1, " "1, " "1, " "1, " "1, " "1, " "1, " "1, " "1, " "1, " "1, " "1, " "1, " "1, " "1, " "1, " "1, " "1, " "1, " "1, " "1, " "1, " "1, " "1, " "1, " "1, " "1, " "1, " "1, " "1, " "1, " "1, " "1, " "1, " "1, " "1, " "1, " "1, " "1, " "1, " "1, " "1, " "1, " "1, " "1, " "1, " "1, " "1, " "1, " "1, " "1, " "1, " "1, " "1, " "1, " "1, " "1, " "1, " "1, " "1, " "1, " "1, " "1, " "1, " "1, " "1, " "1, " "1, " "1, " "1, " "1, " "1, " "1, " "1, " "1, " "1, " "1, " "1, " "1, " "1, " "1, " "1, " "1, " "1, " "1, " "1, " "1, " "1, " "1, " "1, " "1, " "1, " "1, " "1, " "1, " "1, " "1, " "1, " "1, " "1, " "1, " "1, " "1, " "1, " "1, " "1, " "1, " "1, " "1, " "1, " "1, " "1, " "1, " "1, " "1, " "1, " "1, " "1, " "1, " "1, " "1, " "1, " "1, " "1, " "1, " "1, " "1, " "1, " "1, " "1, " "1, " "1, " "1, " "1, " "1, " "1, " "1, " "1, " "1, " "1, " "1, " "1, " "1, " "1, " "1, " "1, " "1, " "1, " "1, " "1, "204
 "Nei214, 0.055, " "0.015, " "1, " "1, " "1, " "1, " "1, " "1, " "1, " "1, " "1, " "1, " "1, " "1, " "1, " "1, " "1, " "1, " "1, " "1, " "1, " "1, " "1, " "1, " "1, " "1, " "1, " "1, " "1, " "1, " "1, " "1, " "1, " "1, " "1, " "1, " "1, " "1, " "1, " "1, " "1, " "1, " "1, " "1, " "1, " "1, " "1, " "1, " "1, " "1, " "1, " "1, " "1, " "1, " "1, " "1, " "1, " "1, " "1, " "1, " "1, " "1, " "1, " "1, " "1, " "1, " "1, " "1, " "1, " "1, " "1, " "1, " "1, " "1, " "1, " "1, " "1, " "1, " "1, " "1, " "1, " "1, " "1, " "1, " "1, " "1, " "1, " "1, " "1, " "1, " "1, " "1, " "1, " "1, " "1, " "1, " "1, " "1, " "1, " "1, " "1, " "1, " "1, " "1, " "1, " "1, " "1, " "1, " "1, " "1, " "1, " "1, " "1, " "1, " "1, " "1, " "1, " "1, " "1, " "1, " "1, " "1, " "1, " "1, " "1, " "1, " "1, " "1, " "1, " "1, " "1, " "1, " "1, " "1, " "1, " "1, " "1, " "1, " "1, " "1, " "1, " "1, " "1, " "1, " "1, " "1, " "1, " "1, " "1, " "1, " "1, " "1, " "1, " "1, " "1, " "1, " "1, " "1, " "1, " "1, " "1, " "1, " "1, " "1, " "1, " "1, " "1, " "1, " "1, " "1, " "1, " "1, " "1, " "1, " "1, " "1, " "1, " "1, " "1, " "1, " "1, " "1, " "1, " "1, " "1, " "1, " "1, " "1, " "1, " "1, " "1, " "1, " "1, " "1, " "1, " "1, " "1, " "1, " "1, " "1, " "1, " "1, " "1, " "1, " "1, " "1, " "1, " "1, " "1, " "1, " "1, " "1, " "1, " "1, " "1, " "1, " "0, " "1, " "1, " "1, " "1, " "1, " "1, " "1, " "1, " "1, " "1, " "1, " "1, " "1, " "1, " "1, " "1, " "1, " "1, " "1, " "1, " "1, " "1, " "1, " "1, " "1, " "1, " "1, " "1, " "1, " "1, " "1, " "1, " "1, " "1, " "1, " "1, " "1, " "1, " "1, " "1, " "1, " "1, " "1, " "1, " "1, " "1, " "1, " "1, " "1, " "1, " "1, " "1, " "1, " "1, " "1, " "1, " "1, " "1, " "1, " "1, " "1, " "1, " "1, " "1, " "1, " "1, " "1, " "1, " "1, " "1, " "1, " "1, " "1, " "1, " "1, " "1, " "1, " "1, " "1, " "1, " "1, " "1, " "1, " "1, " "1, " "1, " "1, " "1, " "1, " "1, " "1, " "1, " "1, " "1, " "1, " "1, " "1, " "1, " "1, " "1, " "1, " "1, " "1, " "1, " "1, " "1, " "1, " "1, " "1, " "1, " "1, " "1, " "1, " "1, " "1, " "1, " "1, " "1, " "1, " "1, " "1, " "1, " "1, " "1, " "1, " "1, " "1, " "1, " "1, " "1, " "1, " "1, " "1, " "1, " "1, " "1, " "1, " "1, " "1, " "1, " "1, " "1, " "1, " "1, " "1, " "1, " "1, " "1, " "1, " "1, " "1, " "1, " "1, " "1, " "1, " "1, " "1, " "1, " "1, " "1, " "1, " "1, " "1, " "1, " "1, " "1, " "1, " "1, " "1, " "1, " "1, " "1, " "1, " "1, " "1, " "1, " "1, " "1, " "1, " "1, " "1, " "1, " "1, " "1, " "1, " "1, " "1, " "1, " "1, " "1, " "1, " "1, " "1, " "1, " "1, " "1, " "1, " "1, " "1, " "1, " "1, " "1, " "1, " "1, " "1, " "1, " "1, " "1, " "1, " "1, " "1, " "1, " "1, " "1, " "1, " "1, " "1, " "1, " "1, " "1, " "1, " "1, " "1, " "1, " "1, " "1, " "1, " "1, " "1, " "1, " "1, " "1, " "1, " "1, " "1, " "1, " "1, " "1, " "1, " "1, " "1, " "1, " "1, " "1, " "1, " "1, " "1, " "1, " "1, " "1, " "1, " "1, " "1, " "1, " "1, " "1, " "1, " "1, " "1, " "1, " "1, " "1, " "1, " "1, " "1, " "1, " "1, " "1, " "1, " "1, " "1, " "1, " "1, " "1, " "1, " "1, " "1, " "1, " "1, " "1, " "1, " "1, " "1, " "1, " "1, " "1, " "1, " "1, " "1, " "1, " "1, " "1, " "1, " "1, " "1, " "1, " "1, " "1, "204
 "Nei215, 0.128, " "0.015, " "1, " "1, " "1, " "1, " "1, " "1, " "1, " "1, " "1, " "1, " "1, " "1, " "1, " "1, " "1, " "1, " "1, " "1, " "1, " "1, " "1, " "1, " "1, " "1, " "1, " "1, " "1, " "1, " "1, " "1, " "1, " "1, " "1, " "1, " "1, " "1, " "1, " "1, " "1, " "1, " "1, " "1, " "1, " "1, " "1, " "1, " "1, " "1, " "1, " "1, " "1, " "1, " "1, " "1, " "1, " "1, " "1, " "1, " "1, " "1, " "1, " "1, " "1, " "1, " "1, " "1, " "1, " "1, " "1, " "1, " "1, " "1, " "1, " "1, " "1, " "1, " "1, " "1, " "1, " "1, " "1, " "1, " "1, " "1, " "1, " "1, " "1, " "1, " "1, " "1, " "1, " "1, " "1, " "1, " "1, " "1, " "1, " "1, " "1, " "1, " "1, " "1, " "1, " "1, " "1, " "1, " "1, " "1, " "1, " "1, " "1, " "1, " "1, " "1, " "1, " "1, " "1, " "1, " "1, " "1, " "1, " "1, " "1, " "1, " "1, " "1, " "1, " "1, " "1, " "1, " "1, " "1, " "1, " "1, " "1, " "1, " "1, " "1, " "1, " "1, " "1, " "1, " "1, " "1, " "1, " "1, " "1, " "1, " "1, " "1, " "1, " "1, " "1, " "1, " "1, " "1, " "1, " "1, " "1, " "1, " "1, " "1, " "1, " "1, " "1, " "1, " "1, " "1, " "1, " "1, " "1, " "1, " "1, " "1, " "1, " "1, " "1, " "1, " "1, " "1, " "1, " "1, " "1, " "1, " "1, " "1, " "1, " "1, " "1, " "1, " "1, " "1, " "1, " "1, " "1, " "1, " "1, " "1, " "1, " "1, " "1, " "1, " "1, " "1, " "1, " "1, " "1, " "1, " "1, " "1, " "1, " "1, " "1, " "1, " "1, " "0, " "1, " "1, " "1, " "1, " "1, " "1, " "1, " "1, " "1, " "1, " "1, " "1, " "1, " "1, " "1, " "1, " "1, " "1, " "1, " "1, " "1, " "1, " "1, " "1, " "1, " "1, " "1, " "1, " "1, " "1, " "1, " "1, " "1, " "1, " "1, " "1, " "1, " "1, " "1, " "1, " "1, " "1, " "1, " "1, " "1, " "1, " "1, " "1, " "1, " "1, " "1, " "1, " "1, " "1, " "1, " "1, " "1, " "1, " "1, " "1, " "1, " "1, " "1, " "1, " "1, " "1, " "1, " "1, " "1, " "1, " "1, " "1, " "1, " "1, " "1, " "1, " "1, " "1, " "1, " "1, " "1, " "1, " "1, " "1, " "1, " "1, " "1, " "1, " "1, " "1, " "1, " "1, " "1, " "1, " "1, " "1, " "1, " "1, " "1, " "1, " "1, " "1, " "1, " "1, " "1, " "1, " "1, " "1, " "1, " "1, " "1, " "1, " "1, " "1, " "1, " "1, " "1, " "1, " "1, " "1, " "1, " "1, " "1, " "1, " "1, " "1, " "1, " "1, " "1, " "1, " "1, " "1, " "1, " "1, " "1, " "1, " "1, " "1, " "1, " "1, " "1, " "1, " "1, " "1, " "1, " "1, " "1, " "1, " "1, " "1, " "1, " "1, " "1, " "1, " "1, " "1, " "1, " "1, " "1, " "1, " "1, " "1, " "1, " "1, " "1, " "1, " "1, " "1, " "1, " "1, " "1, " "1, " "1, " "1, " "1, " "1, " "1, " "1, " "1, " "1, " "1, " "1, " "1, " "1, " "1, " "1, " "1, " "1, " "1, " "1, " "1, " "1, " "1, " "1, " "1, " "1, " "1, " "1, " "1, " "1, " "1, " "1, " "1, " "1, " "1, " "1, " "1, " "1, " "1, " "1, " "1, " "1, " "1, " "1, " "1, " "1, " "1, " "1, " "1, " "1, " "1, " "1, " "1, " "1, " "1, " "1, " "1, " "1, " "1, " "1, " "1, " "1, " "1, " "1, " "1, " "1, " "1, " "1, " "1, " "1, " "1, " "1, " "1, " "1, " "1, " "1, " "1, " "1, " "1, " "1, " "1, " "1, " "1, " "1, " "1, " "1, " "1, " "1, " "1, " "1, " "1, " "1, " "1, " "1, " "1, " "1, " "1, " "1, " "1, " "1, " "1, " "1, " "1, " "1, " "1, " "1, " "1, " "1, " "1, " "1, " "1, " "1, " "1, " "1, " "1, " "1, " "1, " "1, " "1, " "1, " "1, " "1, " "1, " "1, " "1, " "1, " "1, "204
 "Nei216, 0.175, " "0.015, " "1, " "1, " "1, " "1, " "1, " "1, " "1, " "1, " "1, " "1, " "1, " "1, " "1, " "1, " "1, " "1, " "1, " "1, " "1, " "1, " "1, " "1, " "1, " "1, " "1, " "1, " "1, " "1, " "1, " "1, " "1, " "1, " "1, " "1, " "1, " "1, " "1, " "1, " "1, " "1, " "1, " "1, " "1, " "1, " "1, " "1, " "1, " "1, " "1, " "1, " "1, " "1, " "1, " "1, " "1, " "1, " "1, " "1, " "1, " "1, " "1, " "1, " "1, " "1, " "1, " "1, " "1, " "1, " "1, " "1, " "1, " "1, " "1, " "1, " "1, " "1, " "1, " "1, " "1, " "1, " "1, " "1, " "1, " "1, " "1, " "1, " "1, " "1, " "1, " "1, " "1, " "1, " "1, " "1, " "1, " "1, " "1, " "1, " "1, " "1, " "1, " "1, " "1, " "1, " "1, " "1, " "1, " "1, " "1, " "1, " "1, " "1, " "1, " "1, " "1, " "1, " "1, " "1, " "1, " "1, " "1, " "1, " "1, " "1, " "1, " "1, " "1, " "1, " "1, " "1, " "1, " "1, " "1, " "1, " "1, " "1, " "1, " "1, " "1, " "1, " "1, " "1, " "1, " "1, " "1, " "1, " "1, " "1, " "1, " "1, " "1, " "1, " "1, " "1, " "1, " "1, " "1, " "1, " "1, " "1, " "1, " "1, " "1, " "1, " "1, " "1, " "1, " "1, " "1, " "1, " "1, " "1, " "1, " "1, " "1, " "1, " "1, " "1, " "1, " "1, " "1, " "1, " "1, " "1, " "1, " "1, " "1, " "1, " "1, " "1, " "1, " "1, " "1, " "1, " "1, " "1, " "1, " "1, " "1, " "1, " "1, " "1, " "1, " "1, " "1, " "1, " "1, " "1, " "1, " "1, " "1, " "1, " "1, " "1, " "1, " "1, " "0, " "1, " "1, " "1, " "1, " "1, " "1, " "1, " "1, " "1, " "1, " "1, " "1, " "1, " "1, " "1, " "1, " "1, " "1, " "1, " "1, " "1, " "1, " "1, " "1, " "1, " "1, " "1, " "1, " "1, " "1, " "1, " "1, " "1, " "1, " "1, " "1, " "1, " "1, " "1, " "1, " "1, " "1, " "1, " "1, " "1, " "1, " "1, " "1, " "1, " "1, " "1, " "1, " "1, " "1, " "1, " "1, " "1, " "1, " "1, " "1, " "1, " "1, " "1, " "1, " "1, " "1, " "1, " "1, " "1, " "1, " "1, " "1, " "1, " "1, " "1, " "1, " "1, " "1, " "1, " "1, " "1, " "1, " "1, " "1, " "1, " "1, " "1, " "1, " "1, " "1, " "1, " "1, " "1, " "1, " "1, " "1, " "1, " "1, " "1, " "1, " "1, " "1, " "1, " "1, " "1, " "1, " "1, " "1, " "1, " "1, " "1, " "1, " "1, " "1, " "1, " "1, " "1, " "1, " "1, " "1, " "1, " "1, " "1, " "1, " "1, " "1, " "1, " "1, " "1, " "1, " "1, " "1, " "1, " "1, " "1, " "1, " "1, " "1, " "1, " "1, " "1, " "1, " "1, " "1, " "1, " "1, " "1, " "1, " "1, " "1, " "1, " "1, " "1, " "1, " "1, " "1, " "1, " "1, " "1, " "1, " "1, " "1, " "1, " "1, " "1, " "1, " "1, " "1, " "1, " "1, " "1, " "1, " "1, " "1, " "1, " "1, " "1, " "1, " "1, " "1, " "1, " "1, " "1, " "1, " "1, " "1, " "1, " "1, " "1, " "1, " "1, " "1, " "1, " "1, " "1, " "1, " "1, " "1, " "1, " "1, " "1, " "1, " "1, " "1, " "1, " "1, " "1, " "1, " "1, " "1, " "1, " "1, " "1, " "1, " "1, " "1, " "1, " "1, " "1, " "1, " "1, " "1, " "1, " "1, " "1, " "1, " "1, " "1, " "1, " "1, " "1, " "1, " "1, " "1, " "1, " "1, " "1, " "1, " "1, " "1, " "1, " "1, " "1, " "1, " "1, " "1, " "1, " "1, " "1, " "1, " "1, " "1, " "1, " "1, " "1, " "1, " "1, " "1, " "1, " "1, " "1, " "1, " "1, " "1, " "1, " "1, " "1, " "1, " "1, " "1, " "1, " "1, " "1, " "1, " "1, " "1, " "1, " "1, " "1, " "1, " "1, " "1, " "1, " "1, " "1, " "1, " "1, " "1, " "1, " "1, " "1, " "1, " "1, " "1, " "1, " "1, "204
 "Nei217, 0.238, " "0.015, " "1, " "1, " "1, " "1, " "1, " "1, " "1, " "1, " "1, " "1, " "1, " "1, " "1, " "1, " "1, " "1, " "1, " "1, " "1, " "1, " "1, " "1, " "1, " "1, " "1, " "1, " "1, " "1, " "1, " "1, " "1, " "1, " "1, " "1, " "1, " "1, " "1, " "1, " "1, " "1, " "1, " "1, " "1, " "1, " "1, " "1, " "1, " "1, " "1, " "1, " "1, " "1, " "1, " "1, " "1, " "1, " "1, " "1, " "1, " "1, " "1, " "1, " "1, " "1, " "1, " "1, " "1, " "1, " "1, " "1, " "1, " "1, " "1, " "1, " "1, " "1, " "1, " "1, " "1, " "1, " "1, " "1, " "1, " "1, " "1, " "1, " "1, " "1, " "1, " "1, " "1, " "1, " "1, " "1, " "1, " "1, " "1, " "1, " "1, " "1, " "1, " "1, " "1, " "1, " "1, " "1, " "1, " "1, " "1, " "1, " "1, " "1, " "1, " "1, " "1, " "1, " "1, " "1, " "1, " "1, " "1, " "1, " "1, " "1, " "1, " "1, " "1, " "1, " "1, " "1, " "1, " "1, " "1, " "1, " "1, " "1, " "1, " "1, " "1, " "1, " "1, " "1, " "1, " "1, " "1, " "1, " "1, " "1, " "1, " "1, " "1, " "1, " "1, " "1, " "1, " "1, " "1, " "1, " "1, " "1, " "1, " "1, " "1, " "1, " "1, " "1, " "1, " "1, " "1, " "1, " "1, " "1, " "1, " "1, " "1, " "1, " "1, " "1, " "1, " "1, " "1, " "1, " "1, " "1, " "1, " "1, " "1, " "1, " "1, " "1, " "1, " "1, " "1, " "1, " "1, " "1, " "1, " "1, " "1, " "1, " "1, " "1, " "1, " "1, " "1, " "1, " "1, " "1, " "1, " "1, " "1, " "1, " "1, " "1, " "1, " "1, " "1, " "0, " "1, " "1, " "1, " "1, " "1, " "1, " "1, " "1, " "1, " "1, " "1, " "1, " "1, " "1, " "1, " "1, " "1, " "1, " "1, " "1, " "1, " "1, " "1, " "1, " "1, " "1, " "1, " "1, " "1, " "1, " "1, " "1, " "1, " "1, " "1, " "1, " "1, " "1, " "1, " "1, " "1, " "1, " "1, " "1, " "1, " "1, " "1, " "1, " "1, " "1, " "1, " "1, " "1, " "1, " "1, " "1, " "1, " "1, " "1, " "1, " "1, " "1, " "1, " "1, " "1, " "1, " "1, " "1, " "1, " "1, " "1, " "1, " "1, " "1, " "1, " "1, " "1, " "1, " "1, " "1, " "1, " "1, " "1, " "1, " "1, " "1, " "1, " "1, " "1, " "1, " "1, " "1, " "1, " "1, " "1, " "1, " "1, " "1, " "1, " "1, " "1, " "1, " "1, " "1, " "1, " "1, " "1, " "1, " "1, " "1, " "1, " "1, " "1, " "1, " "1, " "1, " "1, " "1, " "1, " "1, " "1, " "1, " "1, " "1, " "1, " "1, " "1, " "1, " "1, " "1, " "1, " "1, " "1, " "1, " "1, " "1, " "1, " "1, " "1, " "1, " "1, " "1, " "1, " "1, " "1, " "1, " "1, " "1, " "1, " "1, " "1, " "1, " "1, " "1, " "1, " "1, " "1, " "1, " "1, " "1, " "1, " "1, " "1, " "1, " "1, " "1, " "1, " "1, " "1, " "1, " "1, " "1, " "1, " "1, " "1, " "1, " "1, " "1, " "1, " "1, " "1, " "1, " "1, " "1, " "1, " "1, " "1, " "1, " "1, " "1, " "1, " "1, " "1, " "1, " "1, " "1, " "1, " "1, " "1, " "1, " "1, " "1, " "1, " "1, " "1, " "1, " "1, " "1, " "1, " "1, " "1, " "1, " "1, " "1, " "1, " "1, " "1, " "1, " "1, " "1, " "1, " "1, " "1, " "1, " "1, " "1, " "1, " "1, " "1, " "1, " "1, " "1, " "1, " "1, " "1, " "1, " "1, " "1, " "1, " "1, " "1, " "1, " "1, " "1, " "1, " "1, " "1, " "1, " "1, " "1, " "1, " "1, " "1, " "1, " "1, " "1, " "1, " "1, " "1, " "1, " "1, " "1, " "1, " "1, " "1, " "1, " "1, " "1, " "1, " "1, " "1, " "1, " "1, " "1, " "1, " "1, " "1, " "1, " "1, " "1, " "1, " "1, " "1, " "1, " "1, " "1, " "1, " "1, " "1, " "1, " "1, " "1, " "1, " "1, " "1, "204
 "Nei218, 0.135, " "0.015, " "1, " "1, " "1, " "1, " "1, " "1, " "1, " "1, " "1, " "1, " "1, " "1, " "1, " "1, " "1, " "1, " "1, " "1, " "1, " "1, " "1, " "1, " "1, " "1, " "1, " "1, " "1, " "1, " "1, " "1, " "1, " "1, " "1, " "1, " "1, " "1, " "1, " "1, " "1, " "1, " "1, " "1, " "1, " "1, " "1, " "1, " "1, " "1, " "1, " "1, " "1, " "1, " "1, " "1, " "1, " "1, " "1, " "1, " "1, " "1, " "1, " "1, " "1, " "1, " "1, " "1, " "1, " "1, " "1, " "1, " "1, " "1, " "1, " "1, " "1, " "1, " "1, " "1, " "1, " "1, " "1, " "1, " "1, " "1, " "1, " "1, " "1, " "1, " "1, " "1, " "1, " "1, " "1, " "1, " "1, " "1, " "1, " "1, " "1, " "1, " "1, " "1, " "1, " "1, " "1, " "1, " "1, " "1, " "1, " "1, " "1, " "1, " "1, " "1, " "1, " "1, " "1, " "1, " "1, " "1, " "1, " "1, " "1, " "1, " "1, " "1, " "1, " "1, " "1, " "1, " "1, " "1, " "1, " "1, " "1, " "1, " "1, " "1, " "1, " "1, " "1, " "1, " "1, " "1, " "1, " "1, " "1, " "1, " "1, " "1, " "1, " "1, " "1, " "1, " "1, " "1, " "1, " "1, " "1, " "1, " "1, " "1, " "1, " "1, " "1, " "1, " "1, " "1, " "1, " "1, " "1, " "1, " "1, " "1, " "1, " "1, " "1, " "1, " "1, " "1, " "1, " "1, " "1, " "1, " "1, " "1, " "1, " "1, " "1, " "1, " "1, " "1, " "1, " "1, " "1, " "1, " "1, " "1, " "1, " "1, " "1, " "1, " "1, " "1, " "1, " "1, " "1, " "1, " "1, " "1, " "1, " "1, " "1, " "1, " "1, " "1, " "1, " "1, " "0, " "1, " "1, " "1, " "1, " "1, " "1, " "1, " "1, " "1, " "1, " "1, " "1, " "1, " "1, " "1, " "1, " "1, " "1, " "1, " "1, " "1, " "1, " "1, " "1, " "1, " "1, " "1, " "1, " "1, " "1, " "1, " "1, " "1, " "1, " "1, " "1, " "1, " "1, " "1, " "1, " "1, " "1, " "1, " "1, " "1, " "1, " "1, " "1, " "1, " "1, " "1, " "1, " "1, " "1, " "1, " "1, " "1, " "1, " "1, " "1, " "1, " "1, " "1, " "1, " "1, " "1, " "1, " "1, " "1, " "1, " "1, " "1, " "1, " "1, " "1, " "1, " "1, " "1, " "1, " "1, " "1, " "1, " "1, " "1, " "1, " "1, " "1, " "1, " "1, " "1, " "1, " "1, " "1, " "1, " "1, " "1, " "1, " "1, " "1, " "1, " "1, " "1, " "1, " "1, " "1, " "1, " "1, " "1, " "1, " "1, " "1, " "1, " "1, " "1, " "1, " "1, " "1, " "1, " "1, " "1, " "1, " "1, " "1, " "1, " "1, " "1, " "1, " "1, " "1, " "1, " "1, " "1, " "1, " "1, " "1, " "1, " "1, " "1, " "1, " "1, " "1, " "1, " "1, " "1, " "1, " "1, " "1, " "1, " "1, " "1, " "1, " "1, " "1, " "1, " "1, " "1, " "1, " "1, " "1, " "1, " "1, " "1, " "1, " "1, " "1, " "1, " "1, " "1, " "1, " "1, " "1, " "1, " "1, " "1, " "1, " "1, " "1, " "1, " "1, " "1, " "1, " "1, " "1, " "1, " "1, " "1, " "1, " "1, " "1, " "1, " "1, " "1, " "1, " "1, " "1, " "1, " "1, " "1, " "1, " "1, " "1, " "1, " "1, " "1, " "1, " "1, " "1, " "1, " "1, " "1, " "1, " "1, " "1, " "1, " "1, " "1, " "1, " "1, " "1, " "1, " "1, " "1, " "1, " "1, " "1, " "1, " "1, " "1, " "1, " "1, " "1, " "1, " "1, " "1, " "1, " "1, " "1, " "1, " "1, " "1, " "1, " "1, " "1, " "1, " "1, " "1, " "1, " "1, " "1, " "1, " "1, " "1, " "1, " "1, " "1, " "1, " "1, " "1, " "1, " "1, " "1, " "1, " "1, " "1, " "1, " "1, " "1, " "1, " "1, " "1, " "1, " "1, " "1, " "1, " "1, " "1, " "1, " "1, " "1, " "1, " "1, " "1, " "1, " "1, " "1, " "1, " "1, " "1, " "1, " "1, " "1, " "1, " "1, " "1, "204
 "Nei219, 0.366, " "0.015, " "1, " "1, " "1, " "1, " "1, " "1, " "1, " "1, " "1, " "1, " "1, " "1, " "1, " "1, " "1, " "1, " "1, " "1, " "1, " "1, " "1, " "1, " "1, " "1, " "1, " "1, " "1, " "1, " "1, " "1, " "1, " "1, " "1, " "1, " "1, " "1, " "1, " "1, " "1, " "1, " "1, " "1, " "1, " "1, " "1, " "1, " "1, " "1, " "1, " "1, " "1, " "1, " "1, " "1, " "1, " "1, " "1, " "1, " "1, " "1, " "1, " "1, " "1, " "1, " "1, " "1, " "1, " "1, " "1, " "1, " "1, " "1, " "1, " "1, " "1, " "1, " "1, " "1, " "1, " "1, " "1, " "1, " "1, " "1, " "1, " "1, " "1, " "1, " "1, " "1, " "1, " "1, " "1, " "1, " "1, " "1, " "1, " "1, " "1, " "1, " "1, " "1, " "1, " "1, " "1, " "1, " "1, " "1, " "1, " "1, " "1, " "1, " "1, " "1, " "1, " "1, " "1, " "1, " "1, " "1, " "1, " "1, " "1, " "1, " "1, " "1, " "1, " "1, " "1, " "1, " "1, " "1, " "1, " "1, " "1, " "1, " "1, " "1, " "1, " "1, " "1, " "1, " "1, " "1, " "1, " "1, " "1, " "1, " "1, " "1, " "1, " "1, " "1, " "1, " "1, " "1, " "1, " "1, " "1, " "1, " "1, " "1, " "1, " "1, " "1, " "1, " "1, " "1, " "1, " "1, " "1, " "1, " "1, " "1, " "1, " "1, " "1, " "1, " "1, " "1, " "1, " "1, " "1, " "1, " "1, " "1, " "1, " "1, " "1, " "1, " "1, " "1, " "1, " "1, " "1, " "1, " "1, " "1, " "1, " "1, " "1, " "1, " "1, " "1, " "1, " "1, " "1, " "1, " "1, " "1, " "1, " "1, " "1, " "1, " "1, " "1, " "1, " "1, " "1, " "0, " "1, " "1, " "1, " "1, " "1, " "1, " "1, " "1, " "1, " "1, " "1, " "1, " "1, " "1, " "1, " "1, " "1, " "1, " "1, " "1, " "1, " "1, " "1, " "1, " "1, " "1, " "1, " "1, " "1, " "1, " "1, " "1, " "1, " "1, " "1, " "1, " "1, " "1, " "1, " "1, " "1, " "1, " "1, " "1, " "1, " "1, " "1, " "1, " "1, " "1, " "1, " "1, " "1, " "1, " "1, " "1, " "1, " "1, " "1, " "1, " "1, " "1, " "1, " "1, " "1, " "1, " "1, " "1, " "1, " "1, " "1, " "1, " "1, " "1, " "1, " "1, " "1, " "1, " "1, " "1, " "1, " "1, " "1, " "1, " "1, " "1, " "1, " "1, " "1, " "1, " "1, " "1, " "1, " "1, " "1, " "1, " "1, " "1, " "1, " "1, " "1, " "1, " "1, " "1, " "1, " "1, " "1, " "1, " "1, " "1, " "1, " "1, " "1, " "1, " "1, " "1, " "1, " "1, " "1, " "1, " "1, " "1, " "1, " "1, " "1, " "1, " "1, " "1, " "1, " "1, " "1, " "1, " "1, " "1, " "1, " "1, " "1, " "1, " "1, " "1, " "1, " "1, " "1, " "1, " "1, " "1, " "1, " "1, " "1, " "1, " "1, " "1, " "1, " "1, " "1, " "1, " "1, " "1, " "1, " "1, " "1, " "1, " "1, " "1, " "1, " "1, " "1, " "1, " "1, " "1, " "1, " "1, " "1, " "1, " "1, " "1, " "1, " "1, " "1, " "1, " "1, " "1, " "1, " "1, " "1, " "1, " "1, " "1, " "1, " "1, " "1, " "1, " "1, " "1, " "1, " "1, " "1, " "1, " "1, " "1, " "1, " "1, " "1, " "1, " "1, " "1, " "1, " "1, " "1, " "1, " "1, " "1, " "1, " "1, " "1, " "1, " "1, " "1, " "1, " "1, " "1, " "1, " "1, " "1, " "1, " "1, " "1, " "1, " "1, " "1, " "1, " "1, " "1, " "1, " "1, " "1, " "1, " "1, " "1, " "1, " "1, " "1, " "1, " "1, " "1, " "1, " "1, " "1, " "1, " "1, " "1, " "1, " "1, " "1, " "1, " "1, " "1, " "1, " "1, " "1, " "1, " "1, " "1, " "1, " "1, " "1, " "1, " "1, " "1, " "1, " "1, " "1, " "1, " "1, " "1, " "1, " "1, " "1, " "1, " "1, " "1, " "1, " "1, " "1, " "1, " "1, " "1, " "1, " "1, " "1, " "1, " "1, " "1, "204
 "Nei220, 0.325, " "0.015, " "1, " "1, " "1, " "1, " "1, " "1, " "1, " "1, " "1, " "1, " "1, " "1, " "1, " "1, " "1, " "1, " "1, " "1, " "1, " "1, " "1, " "1, " "1, " "1, " "1, " "1, " "1, " "1, " "1, " "1, " "1, " "1, " "1, " "1, " "1, " "1, " "1, " "1, " "1, " "1, " "1, " "1, " "1, " "1, " "1, " "1, " "1, " "1, " "1, " "1, " "1, " "1, " "1, " "1, " "1, " "1, " "1, " "1, " "1, " "1, " "1, " "1, " "1, " "1, " "1, " "1, " "1, " "1, " "1, " "1, " "1, " "1, " "1, " "1, " "1, " "1, " "1, " "1, " "1, " "1, " "1, " "1, " "1, " "1, " "1, " "1, " "1, " "1, " "1, " "1, " "1, " "1, " "1, " "1, " "1, " "1, " "1, " "1, " "1, " "1, " "1, " "1, " "1, " "1, " "1, " "1, " "1, " "1, " "1, " "1, " "1, " "1, " "1, " "1, " "1, " "1, " "1, " "1, " "1, " "1, " "1, " "1, " "1, " "1, " "1, " "1, " "1, " "1, " "1, " "1, " "1, " "1, " "1, " "1, " "1, " "1, " "1, " "1, " "1, " "1, " "1, " "1, " "1, " "1, " "1, " "1, " "1, " "1, " "1, " "1, " "1, " "1, " "1, " "1, " "1, " "1, " "1, " "1, " "1, " "1, " "1, " "1, " "1, " "1, " "1, " "1, " "1, " "1, " "1, " "1, " "1, " "1, " "1, " "1, " "1, " "1, " "1, " "1, " "1, " "1, " "1, " "1, " "1, " "1, " "1, " "1, " "1, " "1, " "1, " "1, " "1, " "1, " "1, " "1, " "1, " "1, " "1, " "1, " "1, " "1, " "1, " "1, " "1, " "1, " "1, " "1, " "1, " "1, " "1, " "1, " "1, " "1, " "1, " "1, " "1, " "1, " "1, " "1, " "1, " "1, " "0, " "1, " "1, " "1, " "1, " "1, " "1, " "1, " "1, " "1, " "1, " "1, " "1, " "1, " "1, " "1, " "1, " "1, " "1, " "1, " "1, " "1, " "1, " "1, " "1, " "1, " "1, " "1, " "1, " "1, " "1, " "1, " "1, " "1, " "1, " "1, " "1, " "1, " "1, " "1, " "1, " "1, " "1, " "1, " "1, " "1, " "1, " "1, " "1, " "1, " "1, " "1, " "1, " "1, " "1, " "1, " "1, " "1, " "1, " "1, " "1, " "1, " "1, " "1, " "1, " "1, " "1, " "1, " "1, " "1, " "1, " "1, " "1, " "1, " "1, " "1, " "1, " "1, " "1, " "1, " "1, " "1, " "1, " "1, " "1, " "1, " "1, " "1, " "1, " "1, " "1, " "1, " "1, " "1, " "1, " "1, " "1, " "1, " "1, " "1, " "1, " "1, " "1, " "1, " "1, " "1, " "1, " "1, " "1, " "1, " "1, " "1, " "1, " "1, " "1, " "1, " "1, " "1, " "1, " "1, " "1, " "1, " "1, " "1, " "1, " "1, " "1, " "1, " "1, " "1, " "1, " "1, " "1, " "1, " "1, " "1, " "1, " "1, " "1, " "1, " "1, " "1, " "1, " "1, " "1, " "1, " "1, " "1, " "1, " "1, " "1, " "1, " "1, " "1, " "1, " "1, " "1, " "1, " "1, " "1, " "1, " "1, " "1, " "1, " "1, " "1, " "1, " "1, " "1, " "1, " "1, " "1, " "1, " "1, " "1, " "1, " "1, " "1, " "1, " "1, " "1, " "1, " "1, " "1, " "1, " "1, " "1, " "1, " "1, " "1, " "1, " "1, " "1, " "1, " "1, " "1, " "1, " "1, " "1, " "1, " "1, " "1, " "1, " "1, " "1, " "1, " "1, " "1, " "1, " "1, " "1, " "1, " "1, " "1, " "1, " "1, " "1, " "1, " "1, " "1, " "1, " "1, " "1, " "1, " "1, " "1, " "1, " "1, " "1, " "1, " "1, " "1, " "1, " "1, " "1, " "1, " "1, " "1, " "1, " "1, " "1, " "1, " "1, " "1, " "1, " "1, " "1, " "1, " "1, " "1, " "1, " "1, " "1, " "1, " "1, " "1, " "1, " "1, " "1, " "1, " "1, " "1, " "1, " "1, " "1, " "1, " "1, " "1, " "1, " "1, " "1, " "1, " "1, " "1, " "1, " "1, " "1, " "1, " "1, " "1, " "1, " "1, " "1, " "1, " "1, " "1, " "1, " "1, " "1, " "1, " "1, " "1, " "1, "204
 "Nei221, 0.182, " "0.015, " "1, " "1, " "1, " "1, " "1, " "1, " "1, " "1, " "1, " "1, " "1, " "1, " "1, " "1, " "1, " "1, " "1, " "1, " "1, " "1, " "1, " "1, " "1, " "1, " "1, " "1, " "1, " "1, " "1, " "1, " "1, " "1, " "1, " "1, " "1, " "1, " "1, " "1, " "1, " "1, " "1, " "1, " "1, " "1, " "1, " "1, " "1, " "1, " "1, " "1, " "1, " "1, " "1, " "1, " "1, " "1, " "1, " "1, " "1, " "1, " "1, " "1, " "1, " "1, " "1, " "1, " "1, " "1, " "1, " "1, " "1, " "1, " "1, " "1, " "1, " "1, " "1, " "1, " "1, " "1, " "1, " "1, " "1, " "1, " "1, " "1, " "1, " "1, " "1, " "1, " "1, " "1, " "1, " "1, " "1, " "1, " "1, " "1, " "1, " "1, " "1, " "1, " "1, " "1, " "1, " "1, " "1, " "1, " "1, " "1, " "1, " "1, " "1, " "1, " "1, " "1, " "1, " "1, " "1, " "1, " "1, " "1, " "1, " "1, " "1, " "1, " "1, " "1, " "1, " "1, " "1, " "1, " "1, " "1, " "1, " "1, " "1, " "1, " "1, " "1, " "1, " "1, " "1, " "1, " "1, " "1, " "1, " "1, " "1, " "1, " "1, " "1, " "1, " "1, " "1, " "1, " "1, " "1, " "1, " "1, " "1, " "1, " "1, " "1, " "1, " "1, " "1, " "1, " "1, " "1, " "1, " "1, " "1, " "1, " "1, " "1, " "1, " "1, " "1, " "1, " "1, " "1, " "1, " "1, " "1, " "1, " "1, " "1, " "1, " "1, " "1, " "1, " "1, " "1, " "1, " "1, " "1, " "1, " "1, " "1, " "1, " "1, " "1, " "1, " "1, " "1, " "1, " "1, " "1, " "1, " "1, " "1, " "1, " "1, " "1, " "1, " "1, " "1, " "1, " "1, " "1, " "0, " "1, " "1, " "1, " "1, " "1, " "1, " "1, " "1, " "1, " "1, " "1, " "1, " "1, " "1, " "1, " "1, " "1, " "1, " "1, " "1, " "1, " "1, " "1, " "1, " "1, " "1, " "1, " "1, " "1, " "1, " "1, " "1, " "1, " "1, " "1, " "1, " "1, " "1, " "1, " "1, " "1, " "1, " "1, " "1, " "1, " "1, " "1, " "1, " "1, " "1, " "1, " "1, " "1, " "1, " "1, " "1, " "1, " "1, " "1, " "1, " "1, " "1, " "1, " "1, " "1, " "1, " "1, " "1, " "1, " "1, " "1, " "1, " "1, " "1, " "1, " "1, " "1, " "1, " "1, " "1, " "1, " "1, " "1, " "1, " "1, " "1, " "1, " "1, " "1, " "1, " "1, " "1, " "1, " "1, " "1, " "1, " "1, " "1, " "1, " "1, " "1, " "1, " "1, " "1, " "1, " "1, " "1, " "1, " "1, " "1, " "1, " "1, " "1, " "1, " "1, " "1, " "1, " "1, " "1, " "1, " "1, " "1, " "1, " "1, " "1, " "1, " "1, " "1, " "1, " "1, " "1, " "1, " "1, " "1, " "1, " "1, " "1, " "1, " "1, " "1, " "1, " "1, " "1, " "1, " "1, " "1, " "1, " "1, " "1, " "1, " "1, " "1, " "1, " "1, " "1, " "1, " "1, " "1, " "1, " "1, " "1, " "1, " "1, " "1, " "1, " "1, " "1, " "1, " "1, " "1, " "1, " "1, " "1, " "1, " "1, " "1, " "1, " "1, " "1, " "1, " "1, " "1, " "1, " "1, " "1, " "1, " "1, " "1, " "1, " "1, " "1, " "1, " "1, " "1, " "1, " "1, " "1, " "1, " "1, " "1, " "1, " "1, " "1, " "1, " "1, " "1, " "1, " "1, " "1, " "1, " "1, " "1, " "1, " "1, " "1, " "1, " "1, " "1, " "1, " "1, " "1, " "1, " "1, " "1, " "1, " "1, " "1, " "1, " "1, " "1, " "1, " "1, " "1, " "1, " "1, " "1, " "1, " "1, " "1, " "1, " "1, " "1, " "1, " "1, " "1, " "1, " "1, " "1, " "1, " "1, " "1, " "1, " "1, " "1, " "1, " "1, " "1, " "1, " "1, " "1, " "1, " "1, " "1, " "1, " "1, " "1, " "1, " "1, " "1, " "1, " "1, " "1, " "1, " "1, " "1, " "1, " "1, " "1, " "1, " "1, " "1, " "1, " "1, " "1, " "1, " "1, " "1, " "1, " "1, " "1, " "1, "204
 "Nei222, 0.29, " "0.015, " "1, " "1, " "1, " "1, " "1, " "1, " "1, " "1, " "1, " "1, " "1, " "1, " "1, " "1, " "1, " "1, " "1, " "1, " "1, " "1, " "1, " "1, " "1, " "1, " "1, " "1, " "1, " "1, " "1, " "1, " "1, " "1, " "1, " "1, " "1, " "1, " "1, " "1, " "1, " "1, " "1, " "1, " "1, " "1, " "1, " "1, " "1, " "1, " "1, " "1, " "1, " "1, " "1, " "1, " "1, " "1, " "1, " "1, " "1, " "1, " "1, " "1, " "1, " "1, " "1, " "1, " "1, " "1, " "1, " "1, " "1, " "1, " "1, " "1, " "1, " "1, " "1, " "1, " "1, " "1, " "1, " "1, " "1, " "1, " "1, " "1, " "1, " "1, " "1, " "1, " "1, " "1, " "1, " "1, " "1, " "1, " "1, " "1, " "1, " "1, " "1, " "1, " "1, " "1, " "1, " "1, " "1, " "1, " "1, " "1, " "1, " "1, " "1, " "1, " "1, " "1, " "1, " "1, " "1, " "1, " "1, " "1, " "1, " "1, " "1, " "1, " "1, " "1, " "1, " "1, " "1, " "1, " "1, " "1, " "1, " "1, " "1, " "1, " "1, " "1, " "1, " "1, " "1, " "1, " "1, " "1, " "1, " "1, " "1, " "1, " "1, " "1, " "1, " "1, " "1, " "1, " "1, " "1, " "1, " "1, " "1, " "1, " "1, " "1, " "1, " "1, " "1, " "1, " "1, " "1, " "1, " "1, " "1, " "1, " "1, " "1, " "1, " "1, " "1, " "1, " "1, " "1, " "1, " "1, " "1, " "1, " "1, " "1, " "1, " "1, " "1, " "1, " "1, " "1, " "1, " "1, " "1, " "1, " "1, " "1, " "1, " "1, " "1, " "1, " "1, " "1, " "1, " "1, " "1, " "1, " "1, " "1, " "1, " "1, " "1, " "1, " "1, " "1, " "1, " "1, " "1, " "1, " "0, " "1, " "1, " "1, " "1, " "1, " "1, " "1, " "1, " "1, " "1, " "1, " "1, " "1, " "1, " "1, " "1, " "1, " "1, " "1, " "1, " "1, " "1, " "1, " "1, " "1, " "1, " "1, " "1, " "1, " "1, " "1, " "1, " "1, " "1, " "1, " "1, " "1, " "1, " "1, " "1, " "1, " "1, " "1, " "1, " "1, " "1, " "1, " "1, " "1, " "1, " "1, " "1, " "1, " "1, " "1, " "1, " "1, " "1, " "1, " "1, " "1, " "1, " "1, " "1, " "1, " "1, " "1, " "1, " "1, " "1, " "1, " "1, " "1, " "1, " "1, " "1, " "1, " "1, " "1, " "1, " "1, " "1, " "1, " "1, " "1, " "1, " "1, " "1, " "1, " "1, " "1, " "1, " "1, " "1, " "1, " "1, " "1, " "1, " "1, " "1, " "1, " "1, " "1, " "1, " "1, " "1, " "1, " "1, " "1, " "1, " "1, " "1, " "1, " "1, " "1, " "1, " "1, " "1, " "1, " "1, " "1, " "1, " "1, " "1, " "1, " "1, " "1, " "1, " "1, " "1, " "1, " "1, " "1, " "1, " "1, " "1, " "1, " "1, " "1, " "1, " "1, " "1, " "1, " "1, " "1, " "1, " "1, " "1, " "1, " "1, " "1, " "1, " "1, " "1, " "1, " "1, " "1, " "1, " "1, " "1, " "1, " "1, " "1, " "1, " "1, " "1, " "1, " "1, " "1, " "1, " "1, " "1, " "1, " "1, " "1, " "1, " "1, " "1, " "1, " "1, " "1, " "1, " "1, " "1, " "1, " "1, " "1, " "1, " "1, " "1, " "1, " "1, " "1, " "1, " "1, " "1, " "1, " "1, " "1, " "1, " "1, " "1, " "1, " "1, " "1, " "1, " "1, " "1, " "1, " "1, " "1, " "1, " "1, " "1, " "1, " "1, " "1, " "1, " "1, " "1, " "1, " "1, " "1, " "1, " "1, " "1, " "1, " "1, " "1, " "1, " "1, " "1, " "1, " "1, " "1, " "1, " "1, " "1, " "1, " "1, " "1, " "1, " "1, " "1, " "1, " "1, " "1, " "1, " "1, " "1, " "1, " "1, " "1, " "1, " "1, " "1, " "1, " "1, " "1, " "1, " "1, " "1, " "1, " "1, " "1, " "1, " "1, " "1, " "1, " "1, " "1, " "1, " "1, " "1, " "1, " "1, " "1, " "1, " "1, " "1, " "1, " "1, " "1, " "1, " "1, " "1, " "1, " "1, " "1, " "1, "204
 "Nei223, 0.032, " "0.015, " "1, " "1, " "1, " "1, " "1, " "1, " "1, " "1, " "1, " "1, " "1, " "1, " "1, " "1, " "1, " "1, " "1, " "1, " "1, " "1, " "1, " "1, " "1, " "1, " "1, " "1, " "1, " "1, " "1, " "1, " "1, " "1, " "1, " "1, " "1, " "1, " "1, " "1, " "1, " "1, " "1, " "1, " "1, " "1, " "1, " "1, " "1, " "1, " "1, " "1, " "1, " "1, " "1, " "1, " "1, " "1, " "1, " "1, " "1, " "1, " "1, " "1, " "1, " "1, " "1, " "1, " "1, " "1, " "1, " "1, " "1, " "1, " "1, " "1, " "1, " "1, " "1, " "1, " "1, " "1, " "1, " "1, " "1, " "1, " "1, " "1, " "1, " "1, " "1, " "1, " "1, " "1, " "1, " "1, " "1, " "1, " "1, " "1, " "1, " "1, " "1, " "1, " "1, " "1, " "1, " "1, " "1, " "1, " "1, " "1, " "1, " "1, " "1, " "1, " "1, " "1, " "1, " "1, " "1, " "1, " "1, " "1, " "1, " "1, " "1, " "1, " "1, " "1, " "1, " "1, " "1, " "1, " "1, " "1, " "1, " "1, " "1, " "1, " "1, " "1, " "1, " "1, " "1, " "1, " "1, " "1, " "1, " "1, " "1, " "1, " "1, " "1, " "1, " "1, " "1, " "1, " "1, " "1, " "1, " "1, " "1, " "1, " "1, " "1, " "1, " "1, " "1, " "1, " "1, " "1, " "1, " "1, " "1, " "1, " "1, " "1, " "1, " "1, " "1, " "1, " "1, " "1, " "1, " "1, " "1, " "1, " "1, " "1, " "1, " "1, " "1, " "1, " "1, " "1, " "1, " "1, " "1, " "1, " "1, " "1, " "1, " "1, " "1, " "1, " "1, " "1, " "1, " "1, " "1, " "1, " "1, " "1, " "1, " "1, " "1, " "1, " "1, " "1, " "1, " "1, " "1, " "1, " "1, " "0, " "1, " "1, " "1, " "1, " "1, " "1, " "1, " "1, " "1, " "1, " "1, " "1, " "1, " "1, " "1, " "1, " "1, " "1, " "1, " "1, " "1, " "1, " "1, " "1, " "1, " "1, " "1, " "1, " "1, " "1, " "1, " "1, " "1, " "1, " "1, " "1, " "1, " "1, " "1, " "1, " "1, " "1, " "1, " "1, " "1, " "1, " "1, " "1, " "1, " "1, " "1, " "1, " "1, " "1, " "1, " "1, " "1, " "1, " "1, " "1, " "1, " "1, " "1, " "1, " "1, " "1, " "1, " "1, " "1, " "1, " "1, " "1, " "1, " "1, " "1, " "1, " "1, " "1, " "1, " "1, " "1, " "1, " "1, " "1, " "1, " "1, " "1, " "1, " "1, " "1, " "1, " "1, " "1, " "1, " "1, " "1, " "1, " "1, " "1, " "1, " "1, " "1, " "1, " "1, " "1, " "1, " "1, " "1, " "1, " "1, " "1, " "1, " "1, " "1, " "1, " "1, " "1, " "1, " "1, " "1, " "1, " "1, " "1, " "1, " "1, " "1, " "1, " "1, " "1, " "1, " "1, " "1, " "1, " "1, " "1, " "1, " "1, " "1, " "1, " "1, " "1, " "1, " "1, " "1, " "1, " "1, " "1, " "1, " "1, " "1, " "1, " "1, " "1, " "1, " "1, " "1, " "1, " "1, " "1, " "1, " "1, " "1, " "1, " "1, " "1, " "1, " "1, " "1, " "1, " "1, " "1, " "1, " "1, " "1, " "1, " "1, " "1, " "1, " "1, " "1, " "1, " "1, " "1, " "1, " "1, " "1, " "1, " "1, " "1, " "1, " "1, " "1, " "1, " "1, " "1, " "1, " "1, " "1, " "1, " "1, " "1, " "1, " "1, " "1, " "1, " "1, " "1, " "1, " "1, " "1, " "1, " "1, " "1, " "1, " "1, " "1, " "1, " "1, " "1, " "1, " "1, " "1, " "1, " "1, " "1, " "1, " "1, " "1, " "1, " "1, " "1, " "1, " "1, " "1, " "1, " "1, " "1, " "1, " "1, " "1, " "1, " "1, " "1, " "1, " "1, " "1, " "1, " "1, " "1, " "1, " "1, " "1, " "1, " "1, " "1, " "1, " "1, " "1, " "1, " "1, " "1, " "1, " "1, " "1, " "1, " "1, " "1, " "1, " "1, " "1, " "1, " "1, " "1, " "1, " "1, " "1, " "1, " "1, " "1, " "1, " "1, " "1, " "1, " "1, " "1, " "1, " "1, " "1, " "1, "204
 "Nei224, 0.245, " "0.015, " "1, " "1, " "1, " "1, " "1, " "1, " "1, " "1, " "1, " "1, " "1, " "1, " "1, " "1, " "1, " "1, " "1, " "1, " "1, " "1, " "1, " "1, " "1, " "1, " "1, " "1, " "1, " "1, " "1, " "1, " "1, " "1, " "1, " "1, " "1, " "1, " "1, " "1, " "1, " "1, " "1, " "1, " "1, " "1, " "1, " "1, " "1, " "1, " "1, " "1, " "1, " "1, " "1, " "1, " "1, " "1, " "1, " "1, " "1, " "1, " "1, " "1, " "1, " "1, " "1, " "1, " "1, " "1, " "1, " "1, " "1, " "1, " "1, " "1, " "1, " "1, " "1, " "1, " "1, " "1, " "1, " "1, " "1, " "1, " "1, " "1, " "1, " "1, " "1, " "1, " "1, " "1, " "1, " "1, " "1, " "1, " "1, " "1, " "1, " "1, " "1, " "1, " "1, " "1, " "1, " "1, " "1, " "1, " "1, " "1, " "1, " "1, " "1, " "1, " "1, " "1, " "1, " "1, " "1, " "1, " "1, " "1, " "1, " "1, " "1, " "1, " "1, " "1, " "1, " "1, " "1, " "1, " "1, " "1, " "1, " "1, " "1, " "1, " "1, " "1, " "1, " "1, " "1, " "1, " "1, " "1, " "1, " "1, " "1, " "1, " "1, " "1, " "1, " "1, " "1, " "1, " "1, " "1, " "1, " "1, " "1, " "1, " "1, " "1, " "1, " "1, " "1, " "1, " "1, " "1, " "1, " "1, " "1, " "1, " "1, " "1, " "1, " "1, " "1, " "1, " "1, " "1, " "1, " "1, " "1, " "1, " "1, " "1, " "1, " "1, " "1, " "1, " "1, " "1, " "1, " "1, " "1, " "1, " "1, " "1, " "1, " "1, " "1, " "1, " "1, " "1, " "1, " "1, " "1, " "1, " "1, " "1, " "1, " "1, " "1, " "1, " "1, " "1, " "1, " "1, " "1, " "1, " "1, " "1, " "0, " "1, " "1, " "1, " "1, " "1, " "1, " "1, " "1, " "1, " "1, " "1, " "1, " "1, " "1, " "1, " "1, " "1, " "1, " "1, " "1, " "1, " "1, " "1, " "1, " "1, " "1, " "1, " "1, " "1, " "1, " "1, " "1, " "1, " "1, " "1, " "1, " "1, " "1, " "1, " "1, " "1, " "1, " "1, " "1, " "1, " "1, " "1, " "1, " "1, " "1, " "1, " "1, " "1, " "1, " "1, " "1, " "1, " "1, " "1, " "1, " "1, " "1, " "1, " "1, " "1, " "1, " "1, " "1, " "1, " "1, " "1, " "1, " "1, " "1, " "1, " "1, " "1, " "1, " "1, " "1, " "1, " "1, " "1, " "1, " "1, " "1, " "1, " "1, " "1, " "1, " "1, " "1, " "1, " "1, " "1, " "1, " "1, " "1, " "1, " "1, " "1, " "1, " "1, " "1, " "1, " "1, " "1, " "1, " "1, " "1, " "1, " "1, " "1, " "1, " "1, " "1, " "1, " "1, " "1, " "1, " "1, " "1, " "1, " "1, " "1, " "1, " "1, " "1, " "1, " "1, " "1, " "1, " "1, " "1, " "1, " "1, " "1, " "1, " "1, " "1, " "1, " "1, " "1, " "1, " "1, " "1, " "1, " "1, " "1, " "1, " "1, " "1, " "1, " "1, " "1, " "1, " "1, " "1, " "1, " "1, " "1, " "1, " "1, " "1, " "1, " "1, " "1, " "1, " "1, " "1, " "1, " "1, " "1, " "1, " "1, " "1, " "1, " "1, " "1, " "1, " "1, " "1, " "1, " "1, " "1, " "1, " "1, " "1, " "1, " "1, " "1, " "1, " "1, " "1, " "1, " "1, " "1, " "1, " "1, " "1, " "1, " "1, " "1, " "1, " "1, " "1, " "1, " "1, " "1, " "1, " "1, " "1, " "1, " "1, " "1, " "1, " "1, " "1, " "1, " "1, " "1, " "1, " "1, " "1, " "1, " "1, " "1, " "1, " "1, " "1, " "1, " "1, " "1, " "1, " "1, " "1, " "1, " "1, " "1, " "1, " "1, " "1, " "1, " "1, " "1, " "1, " "1, " "1, " "1, " "1, " "1, " "1, " "1, " "1, " "1, " "1, " "1, " "1, " "1, " "1, " "1, " "1, " "1, " "1, " "1, " "1, " "1, " "1, " "1, " "1, " "1, " "1, " "1, " "1, " "1, " "1, " "1, " "1, " "1, " "1, " "1, " "1, " "1, " "1, " "1, " "1, " "1, " "1, "204
 "Nei225, 0.156, " "0.015, " "1, " "1, " "1, " "1, " "1, " "1, " "1, " "1, " "1, " "1, " "1, " "1, " "1, " "1, " "1, " "1, " "1, " "1, " "1, " "1, " "1, " "1, " "1, " "1, " "1, " "1, " "1, " "1, " "1, " "1, " "1, " "1, " "1, " "1, " "1, " "1, " "1, " "1, " "1, " "1, " "1, " "1, " "1, " "1, " "1, " "1, " "1, " "1, " "1, " "1, " "1, " "1, " "1, " "1, " "1, " "1, " "1, " "1, " "1, " "1, " "1, " "1, " "1, " "1, " "1, " "1, " "1, " "1, " "1, " "1, " "1, " "1, " "1, " "1, " "1, " "1, " "1, " "1, " "1, " "1, " "1, " "1, " "1, " "1, " "1, " "1, " "1, " "1, " "1, " "1, " "1, " "1, " "1, " "1, " "1, " "1, " "1, " "1, " "1, " "1, " "1, " "1, " "1, " "1, " "1, " "1, " "1, " "1, " "1, " "1, " "1, " "1, " "1, " "1, " "1, " "1, " "1, " "1, " "1, " "1, " "1, " "1, " "1, " "1, " "1, " "1, " "1, " "1, " "1, " "1, " "1, " "1, " "1, " "1, " "1, " "1, " "1, " "1, " "1, " "1, " "1, " "1, " "1, " "1, " "1, " "1, " "1, " "1, " "1, " "1, " "1, " "1, " "1, " "1, " "1, " "1, " "1, " "1, " "1, " "1, " "1, " "1, " "1, " "1, " "1, " "1, " "1, " "1, " "1, " "1, " "1, " "1, " "1, " "1, " "1, " "1, " "1, " "1, " "1, " "1, " "1, " "1, " "1, " "1, " "1, " "1, " "1, " "1, " "1, " "1, " "1, " "1, " "1, " "1, " "1, " "1, " "1, " "1, " "1, " "1, " "1, " "1, " "1, " "1, " "1, " "1, " "1, " "1, " "1, " "1, " "1, " "1, " "1, " "1, " "1, " "1, " "1, " "1, " "1, " "1, " "1, " "1, " "1, " "1, " "1, " "0, " "1, " "1, " "1, " "1, " "1, " "1, " "1, " "1, " "1, " "1, " "1, " "1, " "1, " "1, " "1, " "1, " "1, " "1, " "1, " "1, " "1, " "1, " "1, " "1, " "1, " "1, " "1, " "1, " "1, " "1, " "1, " "1, " "1, " "1, " "1, " "1, " "1, " "1, " "1, " "1, " "1, " "1, " "1, " "1, " "1, " "1, " "1, " "1, " "1, " "1, " "1, " "1, " "1, " "1, " "1, " "1, " "1, " "1, " "1, " "1, " "1, " "1, " "1, " "1, " "1, " "1, " "1, " "1, " "1, " "1, " "1, " "1, " "1, " "1, " "1, " "1, " "1, " "1, " "1, " "1, " "1, " "1, " "1, " "1, " "1, " "1, " "1, " "1, " "1, " "1, " "1, " "1, " "1, " "1, " "1, " "1, " "1, " "1, " "1, " "1, " "1, " "1, " "1, " "1, " "1, " "1, " "1, " "1, " "1, " "1, " "1, " "1, " "1, " "1, " "1, " "1, " "1, " "1, " "1, " "1, " "1, " "1, " "1, " "1, " "1, " "1, " "1, " "1, " "1, " "1, " "1, " "1, " "1, " "1, " "1, " "1, " "1, " "1, " "1, " "1, " "1, " "1, " "1, " "1, " "1, " "1, " "1, " "1, " "1, " "1, " "1, " "1, " "1, " "1, " "1, " "1, " "1, " "1, " "1, " "1, " "1, " "1, " "1, " "1, " "1, " "1, " "1, " "1, " "1, " "1, " "1, " "1, " "1, " "1, " "1, " "1, " "1, " "1, " "1, " "1, " "1, " "1, " "1, " "1, " "1, " "1, " "1, " "1, " "1, " "1, " "1, " "1, " "1, " "1, " "1, " "1, " "1, " "1, " "1, " "1, " "1, " "1, " "1, " "1, " "1, " "1, " "1, " "1, " "1, " "1, " "1, " "1, " "1, " "1, " "1, " "1, " "1, " "1, " "1, " "1, " "1, " "1, " "1, " "1, " "1, " "1, " "1, " "1, " "1, " "1, " "1, " "1, " "1, " "1, " "1, " "1, " "1, " "1, " "1, " "1, " "1, " "1, " "1, " "1, " "1, " "1, " "1, " "1, " "1, " "1, " "1, " "1, " "1, " "1, " "1, " "1, " "1, " "1, " "1, " "1, " "1, " "1, " "1, " "1, " "1, " "1, " "1, " "1, " "1, " "1, " "1, " "1, " "1, " "1, " "1, " "1, " "1, " "1, " "1, " "1, " "1, " "1, " "1, " "1, " "1, " "1, " "1, "204
 "Nei226, 0.138, " "0.015, " "1, " "1, " "1, " "1, " "1, " "1, " "1, " "1, " "1, " "1, " "1, " "1, " "1, " "1, " "1, " "1, " "1, " "1, " "1, " "1, " "1, " "1, " "1, " "1, " "1, " "1, " "1, " "1, " "1, " "1, " "1, " "1, " "1, " "1, " "1, " "1, " "1, " "1, " "1, " "1, " "1, " "1, " "1, " "1, " "1, " "1, " "1, " "1, " "1, " "1, " "1, " "1, " "1, " "1, " "1, " "1, " "1, " "1, " "1, " "1, " "1, " "1, " "1, " "1, " "1, " "1, " "1, " "1, " "1, " "1, " "1, " "1, " "1, " "1, " "1, " "1, " "1, " "1, " "1, " "1, " "1, " "1, " "1, " "1, " "1, " "1, " "1, " "1, " "1, " "1, " "1, " "1, " "1, " "1, " "1, " "1, " "1, " "1, " "1, " "1, " "1, " "1, " "1, " "1, " "1, " "1, " "1, " "1, " "1, " "1, " "1, " "1, " "1, " "1, " "1, " "1, " "1, " "1, " "1, " "1, " "1, " "1, " "1, " "1, " "1, " "1, " "1, " "1, " "1, " "1, " "1, " "1, " "1, " "1, " "1, " "1, " "1, " "1, " "1, " "1, " "1, " "1, " "1, " "1, " "1, " "1, " "1, " "1, " "1, " "1, " "1, " "1, " "1, " "1, " "1, " "1, " "1, " "1, " "1, " "1, " "1, " "1, " "1, " "1, " "1, " "1, " "1, " "1, " "1, " "1, " "1, " "1, " "1, " "1, " "1, " "1, " "1, " "1, " "1, " "1, " "1, " "1, " "1, " "1, " "1, " "1, " "1, " "1, " "1, " "1, " "1, " "1, " "1, " "1, " "1, " "1, " "1, " "1, " "1, " "1, " "1, " "1, " "1, " "1, " "1, " "1, " "1, " "1, " "1, " "1, " "1, " "1, " "1, " "1, " "1, " "1, " "1, " "1, " "1, " "1, " "1, " "1, " "1, " "1, " "1, " "1, " "0, " "1, " "1, " "1, " "1, " "1, " "1, " "1, " "1, " "1, " "1, " "1, " "1, " "1, " "1, " "1, " "1, " "1, " "1, " "1, " "1, " "1, " "1, " "1, " "1, " "1, " "1, " "1, " "1, " "1, " "1, " "1, " "1, " "1, " "1, " "1, " "1, " "1, " "1, " "1, " "1, " "1, " "1, " "1, " "1, " "1, " "1, " "1, " "1, " "1, " "1, " "1, " "1, " "1, " "1, " "1, " "1, " "1, " "1, " "1, " "1, " "1, " "1, " "1, " "1, " "1, " "1, " "1, " "1, " "1, " "1, " "1, " "1, " "1, " "1, " "1, " "1, " "1, " "1, " "1, " "1, " "1, " "1, " "1, " "1, " "1, " "1, " "1, " "1, " "1, " "1, " "1, " "1, " "1, " "1, " "1, " "1, " "1, " "1, " "1, " "1, " "1, " "1, " "1, " "1, " "1, " "1, " "1, " "1, " "1, " "1, " "1, " "1, " "1, " "1, " "1, " "1, " "1, " "1, " "1, " "1, " "1, " "1, " "1, " "1, " "1, " "1, " "1, " "1, " "1, " "1, " "1, " "1, " "1, " "1, " "1, " "1, " "1, " "1, " "1, " "1, " "1, " "1, " "1, " "1, " "1, " "1, " "1, " "1, " "1, " "1, " "1, " "1, " "1, " "1, " "1, " "1, " "1, " "1, " "1, " "1, " "1, " "1, " "1, " "1, " "1, " "1, " "1, " "1, " "1, " "1, " "1, " "1, " "1, " "1, " "1, " "1, " "1, " "1, " "1, " "1, " "1, " "1, " "1, " "1, " "1, " "1, " "1, " "1, " "1, " "1, " "1, " "1, " "1, " "1, " "1, " "1, " "1, " "1, " "1, " "1, " "1, " "1, " "1, " "1, " "1, " "1, " "1, " "1, " "1, " "1, " "1, " "1, " "1, " "1, " "1, " "1, " "1, " "1, " "1, " "1, " "1, " "1, " "1, " "1, " "1, " "1, " "1, " "1, " "1, " "1, " "1, " "1, " "1, " "1, " "1, " "1, " "1, " "1, " "1, " "1, " "1, " "1, " "1, " "1, " "1, " "1, " "1, " "1, " "1, " "1, " "1, " "1, " "1, " "1, " "1, " "1, " "1, " "1, " "1, " "1, " "1, " "1, " "1, " "1, " "1, " "1, " "1, " "1, " "1, " "1, " "1, " "1, " "1, " "1, " "1, " "1, " "1, " "1, " "1, " "1, " "1, " "1, " "1, " "1, " "1, " "1, "204
 "Nei227, 0.224, " "0.015, " "1, " "1, " "1, " "1, " "1, " "1, " "1, " "1, " "1, " "1, " "1, " "1, " "1, " "1, " "1, " "1, " "1, " "1, " "1, " "1, " "1, " "1, " "1, " "1, " "1, " "1, " "1, " "1, " "1, " "1, " "1, " "1, " "1, " "1, " "1, " "1, " "1, " "1, " "1, " "1, " "1, " "1, " "1, " "1, " "1, " "1, " "1, " "1, " "1, " "1, " "1, " "1, " "1, " "1, " "1, " "1, " "1, " "1, " "1, " "1, " "1, " "1, " "1, " "1, " "1, " "1, " "1, " "1, " "1, " "1, " "1, " "1, " "1, " "1, " "1, " "1, " "1, " "1, " "1, " "1, " "1, " "1, " "1, " "1, " "1, " "1, " "1, " "1, " "1, " "1, " "1, " "1, " "1, " "1, " "1, " "1, " "1, " "1, " "1, " "1, " "1, " "1, " "1, " "1, " "1, " "1, " "1, " "1, " "1, " "1, " "1, " "1, " "1, " "1, " "1, " "1, " "1, " "1, " "1, " "1, " "1, " "1, " "1, " "1, " "1, " "1, " "1, " "1, " "1, " "1, " "1, " "1, " "1, " "1, " "1, " "1, " "1, " "1, " "1, " "1, " "1, " "1, " "1, " "1, " "1, " "1, " "1, " "1, " "1, " "1, " "1, " "1, " "1, " "1, " "1, " "1, " "1, " "1, " "1, " "1, " "1, " "1, " "1, " "1, " "1, " "1, " "1, " "1, " "1, " "1, " "1, " "1, " "1, " "1, " "1, " "1, " "1, " "1, " "1, " "1, " "1, " "1, " "1, " "1, " "1, " "1, " "1, " "1, " "1, " "1, " "1, " "1, " "1, " "1, " "1, " "1, " "1, " "1, " "1, " "1, " "1, " "1, " "1, " "1, " "1, " "1, " "1, " "1, " "1, " "1, " "1, " "1, " "1, " "1, " "1, " "1, " "1, " "1, " "1, " "1, " "1, " "1, " "1, " "1, " "1, " "1, " "1, " "0, " "1, " "1, " "1, " "1, " "1, " "1, " "1, " "1, " "1, " "1, " "1, " "1, " "1, " "1, " "1, " "1, " "1, " "1, " "1, " "1, " "1, " "1, " "1, " "1, " "1, " "1, " "1, " "1, " "1, " "1, " "1, " "1, " "1, " "1, " "1, " "1, " "1, " "1, " "1, " "1, " "1, " "1, " "1, " "1, " "1, " "1, " "1, " "1, " "1, " "1, " "1, " "1, " "1, " "1, " "1, " "1, " "1, " "1, " "1, " "1, " "1, " "1, " "1, " "1, " "1, " "1, " "1, " "1, " "1, " "1, " "1, " "1, " "1, " "1, " "1, " "1, " "1, " "1, " "1, " "1, " "1, " "1, " "1, " "1, " "1, " "1, " "1, " "1, " "1, " "1, " "1, " "1, " "1, " "1, " "1, " "1, " "1, " "1, " "1, " "1, " "1, " "1, " "1, " "1, " "1, " "1, " "1, " "1, " "1, " "1, " "1, " "1, " "1, " "1, " "1, " "1, " "1, " "1, " "1, " "1, " "1, " "1, " "1, " "1, " "1, " "1, " "1, " "1, " "1, " "1, " "1, " "1, " "1, " "1, " "1, " "1, " "1, " "1, " "1, " "1, " "1, " "1, " "1, " "1, " "1, " "1, " "1, " "1, " "1, " "1, " "1, " "1, " "1, " "1, " "1, " "1, " "1, " "1, " "1, " "1, " "1, " "1, " "1, " "1, " "1, " "1, " "1, " "1, " "1, " "1, " "1, " "1, " "1, " "1, " "1, " "1, " "1, " "1, " "1, " "1, " "1, " "1, " "1, " "1, " "1, " "1, " "1, " "1, " "1, " "1, " "1, " "1, " "1, " "1, " "1, " "1, " "1, " "1, " "1, " "1, " "1, " "1, " "1, " "1, " "1, " "1, " "1, " "1, " "1, " "1, " "1, " "1, " "1, " "1, " "1, " "1, " "1, " "1, " "1, " "1, " "1, " "1, " "1, " "1, " "1, " "1, " "1, " "1, " "1, " "1, " "1, " "1, " "1, " "1, " "1, " "1, " "1, " "1, " "1, " "1, " "1, " "1, " "1, " "1, " "1, " "1, " "1, " "1, " "1, " "1, " "1, " "1, " "1, " "1, " "1, " "1, " "1, " "1, " "1, " "1, " "1, " "1, " "1, " "1, " "1, " "1, " "1, " "1, " "1, " "1, " "1, " "1, " "1, " "1, " "1, " "1, " "1, " "1, " "1, " "1, " "1, " "1, " "1, " "1, " "1, "204
 "Nei228, 0.114, " "0.015, " "1, " "1, " "1, " "1, " "1, " "1, " "1, " "1, " "1, " "1, " "1, " "1, " "1, " "1, " "1, " "1, " "1, " "1, " "1, " "1, " "1, " "1, " "1, " "1, " "1, " "1, " "1, " "1, " "1, " "1, " "1, " "1, " "1, " "1, " "1, " "1, " "1, " "1, " "1, " "1, " "1, " "1, " "1, " "1, " "1, " "1, " "1, " "1, " "1, " "1, " "1, " "1, " "1, " "1, " "1, " "1, " "1, " "1, " "1, " "1, " "1, " "1, " "1, " "1, " "1, " "1, " "1, " "1, " "1, " "1, " "1, " "1, " "1, " "1, " "1, " "1, " "1, " "1, " "1, " "1, " "1, " "1, " "1, " "1, " "1, " "1, " "1, " "1, " "1, " "1, " "1, " "1, " "1, " "1, " "1, " "1, " "1, " "1, " "1, " "1, " "1, " "1, " "1, " "1, " "1, " "1, " "1, " "1, " "1, " "1, " "1, " "1, " "1, " "1, " "1, " "1, " "1, " "1, " "1, " "1, " "1, " "1, " "1, " "1, " "1, " "1, " "1, " "1, " "1, " "1, " "1, " "1, " "1, " "1, " "1, " "1, " "1, " "1, " "1, " "1, " "1, " "1, " "1, " "1, " "1, " "1, " "1, " "1, " "1, " "1, " "1, " "1, " "1, " "1, " "1, " "1, " "1, " "1, " "1, " "1, " "1, " "1, " "1, " "1, " "1, " "1, " "1, " "1, " "1, " "1, " "1, " "1, " "1, " "1, " "1, " "1, " "1, " "1, " "1, " "1, " "1, " "1, " "1, " "1, " "1, " "1, " "1, " "1, " "1, " "1, " "1, " "1, " "1, " "1, " "1, " "1, " "1, " "1, " "1, " "1, " "1, " "1, " "1, " "1, " "1, " "1, " "1, " "1, " "1, " "1, " "1, " "1, " "1, " "1, " "1, " "1, " "1, " "1, " "1, " "1, " "1, " "1, " "1, " "1, " "1, " "1, " "1, " "1, " "0, " "1, " "1, " "1, " "1, " "1, " "1, " "1, " "1, " "1, " "1, " "1, " "1, " "1, " "1, " "1, " "1, " "1, " "1, " "1, " "1, " "1, " "1, " "1, " "1, " "1, " "1, " "1, " "1, " "1, " "1, " "1, " "1, " "1, " "1, " "1, " "1, " "1, " "1, " "1, " "1, " "1, " "1, " "1, " "1, " "1, " "1, " "1, " "1, " "1, " "1, " "1, " "1, " "1, " "1, " "1, " "1, " "1, " "1, " "1, " "1, " "1, " "1, " "1, " "1, " "1, " "1, " "1, " "1, " "1, " "1, " "1, " "1, " "1, " "1, " "1, " "1, " "1, " "1, " "1, " "1, " "1, " "1, " "1, " "1, " "1, " "1, " "1, " "1, " "1, " "1, " "1, " "1, " "1, " "1, " "1, " "1, " "1, " "1, " "1, " "1, " "1, " "1, " "1, " "1, " "1, " "1, " "1, " "1, " "1, " "1, " "1, " "1, " "1, " "1, " "1, " "1, " "1, " "1, " "1, " "1, " "1, " "1, " "1, " "1, " "1, " "1, " "1, " "1, " "1, " "1, " "1, " "1, " "1, " "1, " "1, " "1, " "1, " "1, " "1, " "1, " "1, " "1, " "1, " "1, " "1, " "1, " "1, " "1, " "1, " "1, " "1, " "1, " "1, " "1, " "1, " "1, " "1, " "1, " "1, " "1, " "1, " "1, " "1, " "1, " "1, " "1, " "1, " "1, " "1, " "1, " "1, " "1, " "1, " "1, " "1, " "1, " "1, " "1, " "1, " "1, " "1, " "1, " "1, " "1, " "1, " "1, " "1, " "1, " "1, " "1, " "1, " "1, " "1, " "1, " "1, " "1, " "1, " "1, " "1, " "1, " "1, " "1, " "1, " "1, " "1, " "1, " "1, " "1, " "1, " "1, " "1, " "1, " "1, " "1, " "1, " "1, " "1, " "1, " "1, " "1, " "1, " "1, " "1, " "1, " "1, " "1, " "1, " "1, " "1, " "1, " "1, " "1, " "1, " "1, " "1, " "1, " "1, " "1, " "1, " "1, " "1, " "1, " "1, " "1, " "1, " "1, " "1, " "1, " "1, " "1, " "1, " "1, " "1, " "1, " "1, " "1, " "1, " "1, " "1, " "1, " "1, " "1, " "1, " "1, " "1, " "1, " "1, " "1, " "1, " "1, " "1, " "1, " "1, " "1, " "1, " "1, " "1, " "1, " "1, " "1, " "1, " "1, " "1, " "1, "204
 "Nei229, 0.325, " "0.015, " "1, " "1, " "1, " "1, " "1, " "1, " "1, " "1, " "1, " "1, " "1, " "1, " "1, " "1, " "1, " "1, " "1, " "1, " "1, " "1, " "1, " "1, " "1, " "1, " "1, " "1, " "1, " "1, " "1, " "1, " "1, " "1, " "1, " "1, " "1, " "1, " "1, " "1, " "1, " "1, " "1, " "1, " "1, " "1, " "1, " "1, " "1, " "1, " "1, " "1, " "1, " "1, " "1, " "1, " "1, " "1, " "1, " "1, " "1, " "1, " "1, " "1, " "1, " "1, " "1, " "1, " "1, " "1, " "1, " "1, " "1, " "1, " "1, " "1, " "1, " "1, " "1, " "1, " "1, " "1, " "1, " "1, " "1, " "1, " "1, " "1, " "1, " "1, " "1, " "1, " "1, " "1, " "1, " "1, " "1, " "1, " "1, " "1, " "1, " "1, " "1, " "1, " "1, " "1, " "1, " "1, " "1, " "1, " "1, " "1, " "1, " "1, " "1, " "1, " "1, " "1, " "1, " "1, " "1, " "1, " "1, " "1, " "1, " "1, " "1, " "1, " "1, " "1, " "1, " "1, " "1, " "1, " "1, " "1, " "1, " "1, " "1, " "1, " "1, " "1, " "1, " "1, " "1, " "1, " "1, " "1, " "1, " "1, " "1, " "1, " "1, " "1, " "1, " "1, " "1, " "1, " "1, " "1, " "1, " "1, " "1, " "1, " "1, " "1, " "1, " "1, " "1, " "1, " "1, " "1, " "1, " "1, " "1, " "1, " "1, " "1, " "1, " "1, " "1, " "1, " "1, " "1, " "1, " "1, " "1, " "1, " "1, " "1, " "1, " "1, " "1, " "1, " "1, " "1, " "1, " "1, " "1, " "1, " "1, " "1, " "1, " "1, " "1, " "1, " "1, " "1, " "1, " "1, " "1, " "1, " "1, " "1, " "1, " "1, " "1, " "1, " "1, " "1, " "1, " "1, " "1, " "1, " "1, " "1, " "1, " "1, " "1, " "1, " "1, " "0, " "1, " "1, " "1, " "1, " "1, " "1, " "1, " "1, " "1, " "1, " "1, " "1, " "1, " "1, " "1, " "1, " "1, " "1, " "1, " "1, " "1, " "1, " "1, " "1, " "1, " "1, " "1, " "1, " "1, " "1, " "1, " "1, " "1, " "1, " "1, " "1, " "1, " "1, " "1, " "1, " "1, " "1, " "1, " "1, " "1, " "1, " "1, " "1, " "1, " "1, " "1, " "1, " "1, " "1, " "1, " "1, " "1, " "1, " "1, " "1, " "1, " "1, " "1, " "1, " "1, " "1, " "1, " "1, " "1, " "1, " "1, " "1, " "1, " "1, " "1, " "1, " "1, " "1, " "1, " "1, " "1, " "1, " "1, " "1, " "1, " "1, " "1, " "1, " "1, " "1, " "1, " "1, " "1, " "1, " "1, " "1, " "1, " "1, " "1, " "1, " "1, " "1, " "1, " "1, " "1, " "1, " "1, " "1, " "1, " "1, " "1, " "1, " "1, " "1, " "1, " "1, " "1, " "1, " "1, " "1, " "1, " "1, " "1, " "1, " "1, " "1, " "1, " "1, " "1, " "1, " "1, " "1, " "1, " "1, " "1, " "1, " "1, " "1, " "1, " "1, " "1, " "1, " "1, " "1, " "1, " "1, " "1, " "1, " "1, " "1, " "1, " "1, " "1, " "1, " "1, " "1, " "1, " "1, " "1, " "1, " "1, " "1, " "1, " "1, " "1, " "1, " "1, " "1, " "1, " "1, " "1, " "1, " "1, " "1, " "1, " "1, " "1, " "1, " "1, " "1, " "1, " "1, " "1, " "1, " "1, " "1, " "1, " "1, " "1, " "1, " "1, " "1, " "1, " "1, " "1, " "1, " "1, " "1, " "1, " "1, " "1, " "1, " "1, " "1, " "1, " "1, " "1, " "1, " "1, " "1, " "1, " "1, " "1, " "1, " "1, " "1, " "1, " "1, " "1, " "1, " "1, " "1, " "1, " "1, " "1, " "1, " "1, " "1, " "1, " "1, " "1, " "1, " "1, " "1, " "1, " "1, " "1, " "1, " "1, " "1, " "1, " "1, " "1, " "1, " "1, " "1, " "1, " "1, " "1, " "1, " "1, " "1, " "1, " "1, " "1, " "1, " "1, " "1, " "1, " "1, " "1, " "1, " "1, " "1, " "1, " "1, " "1, " "1, " "1, " "1, " "1, " "1, " "1, " "1, " "1, " "1, " "1, " "1, " "1, " "1, " "1, " "1, " "1, "204
 "Nei230, 0.396, " "0.015, " "1, " "1, " "1, " "1, " "1, " "1, " "1, " "1, " "1, " "1, " "1, " "1, " "1, " "1, " "1, " "1, " "1, " "1, " "1, " "1, " "1, " "1, " "1, " "1, " "1, " "1, " "1, " "1, " "1, " "1, " "1, " "1, " "1, " "1, " "1, " "1, " "1, " "1, " "1, " "1, " "1, " "1, " "1, " "1, " "1, " "1, " "1, " "1, " "1, " "1, " "1, " "1, " "1, " "1, " "1, " "1, " "1, " "1, " "1, " "1, " "1, " "1, " "1, " "1, " "1, " "1, " "1, " "1, " "1, " "1, " "1, " "1, " "1, " "1, " "1, " "1, " "1, " "1, " "1, " "1, " "1, " "1, " "1, " "1, " "1, " "1, " "1, " "1, " "1, " "1, " "1, " "1, " "1, " "1, " "1, " "1, " "1, " "1, " "1, " "1, " "1, " "1, " "1, " "1, " "1, " "1, " "1, " "1, " "1, " "1, " "1, " "1, " "1, " "1, " "1, " "1, " "1, " "1, " "1, " "1, " "1, " "1, " "1, " "1, " "1, " "1, " "1, " "1, " "1, " "1, " "1, " "1, " "1, " "1, " "1, " "1, " "1, " "1, " "1, " "1, " "1, " "1, " "1, " "1, " "1, " "1, " "1, " "1, " "1, " "1, " "1, " "1, " "1, " "1, " "1, " "1, " "1, " "1, " "1, " "1, " "1, " "1, " "1, " "1, " "1, " "1, " "1, " "1, " "1, " "1, " "1, " "1, " "1, " "1, " "1, " "1, " "1, " "1, " "1, " "1, " "1, " "1, " "1, " "1, " "1, " "1, " "1, " "1, " "1, " "1, " "1, " "1, " "1, " "1, " "1, " "1, " "1, " "1, " "1, " "1, " "1, " "1, " "1, " "1, " "1, " "1, " "1, " "1, " "1, " "1, " "1, " "1, " "1, " "1, " "1, " "1, " "1, " "1, " "1, " "1, " "1, " "1, " "1, " "1, " "1, " "1, " "1, " "1, " "1, " "1, " "0, " "1, " "1, " "1, " "1, " "1, " "1, " "1, " "1, " "1, " "1, " "1, " "1, " "1, " "1, " "1, " "1, " "1, " "1, " "1, " "1, " "1, " "1, " "1, " "1, " "1, " "1, " "1, " "1, " "1, " "1, " "1, " "1, " "1, " "1, " "1, " "1, " "1, " "1, " "1, " "1, " "1, " "1, " "1, " "1, " "1, " "1, " "1, " "1, " "1, " "1, " "1, " "1, " "1, " "1, " "1, " "1, " "1, " "1, " "1, " "1, " "1, " "1, " "1, " "1, " "1, " "1, " "1, " "1, " "1, " "1, " "1, " "1, " "1, " "1, " "1, " "1, " "1, " "1, " "1, " "1, " "1, " "1, " "1, " "1, " "1, " "1, " "1, " "1, " "1, " "1, " "1, " "1, " "1, " "1, " "1, " "1, " "1, " "1, " "1, " "1, " "1, " "1, " "1, " "1, " "1, " "1, " "1, " "1, " "1, " "1, " "1, " "1, " "1, " "1, " "1, " "1, " "1, " "1, " "1, " "1, " "1, " "1, " "1, " "1, " "1, " "1, " "1, " "1, " "1, " "1, " "1, " "1, " "1, " "1, " "1, " "1, " "1, " "1, " "1, " "1, " "1, " "1, " "1, " "1, " "1, " "1, " "1, " "1, " "1, " "1, " "1, " "1, " "1, " "1, " "1, " "1, " "1, " "1, " "1, " "1, " "1, " "1, " "1, " "1, " "1, " "1, " "1, " "1, " "1, " "1, " "1, " "1, " "1, " "1, " "1, " "1, " "1, " "1, " "1, " "1, " "1, " "1, " "1, " "1, " "1, " "1, " "1, " "1, " "1, " "1, " "1, " "1, " "1, " "1, " "1, " "1, " "1, " "1, " "1, " "1, " "1, " "1, " "1, " "1, " "1, " "1, " "1, " "1, " "1, " "1, " "1, " "1, " "1, " "1, " "1, " "1, " "1, " "1, " "1, " "1, " "1, " "1, " "1, " "1, " "1, " "1, " "1, " "1, " "1, " "1, " "1, " "1, " "1, " "1, " "1, " "1, " "1, " "1, " "1, " "1, " "1, " "1, " "1, " "1, " "1, " "1, " "1, " "1, " "1, " "1, " "1, " "1, " "1, " "1, " "1, " "1, " "1, " "1, " "1, " "1, " "1, " "1, " "1, " "1, " "1, " "1, " "1, " "1, " "1, " "1, " "1, " "1, " "1, " "1, " "1, " "1, " "1, " "1, " "1, " "1, " "1, " "1, "204
 "Nei231, 0.196, " "0.015, " "1, " "1, " "1, " "1, " "1, " "1, " "1, " "1, " "1, " "1, " "1, " "1, " "1, " "1, " "1, " "1, " "1, " "1, " "1, " "1, " "1, " "1, " "1, " "1, " "1, " "1, " "1, " "1, " "1, " "1, " "1, " "1, " "1, " "1, " "1, " "1, " "1, " "1, " "1, " "1, " "1, " "1, " "1, " "1, " "1, " "1, " "1, " "1, " "1, " "1, " "1, " "1, " "1, " "1, " "1, " "1, " "1, " "1, " "1, " "1, " "1, " "1, " "1, " "1, " "1, " "1, " "1, " "1, " "1, " "1, " "1, " "1, " "1, " "1, " "1, " "1, " "1, " "1, " "1, " "1, " "1, " "1, " "1, " "1, " "1, " "1, " "1, " "1, " "1, " "1, " "1, " "1, " "1, " "1, " "1, " "1, " "1, " "1, " "1, " "1, " "1, " "1, " "1, " "1, " "1, " "1, " "1, " "1, " "1, " "1, " "1, " "1, " "1, " "1, " "1, " "1, " "1, " "1, " "1, " "1, " "1, " "1, " "1, " "1, " "1, " "1, " "1, " "1, " "1, " "1, " "1, " "1, " "1, " "1, " "1, " "1, " "1, " "1, " "1, " "1, " "1, " "1, " "1, " "1, " "1, " "1, " "1, " "1, " "1, " "1, " "1, " "1, " "1, " "1, " "1, " "1, " "1, " "1, " "1, " "1, " "1, " "1, " "1, " "1, " "1, " "1, " "1, " "1, " "1, " "1, " "1, " "1, " "1, " "1, " "1, " "1, " "1, " "1, " "1, " "1, " "1, " "1, " "1, " "1, " "1, " "1, " "1, " "1, " "1, " "1, " "1, " "1, " "1, " "1, " "1, " "1, " "1, " "1, " "1, " "1, " "1, " "1, " "1, " "1, " "1, " "1, " "1, " "1, " "1, " "1, " "1, " "1, " "1, " "1, " "1, " "1, " "1, " "1, " "1, " "1, " "1, " "1, " "1, " "1, " "1, " "1, " "1, " "1, " "1, " "1, " "1, " "0, " "1, " "1, " "1, " "1, " "1, " "1, " "1, " "1, " "1, " "1, " "1, " "1, " "1, " "1, " "1, " "1, " "1, " "1, " "1, " "1, " "1, " "1, " "1, " "1, " "1, " "1, " "1, " "1, " "1, " "1, " "1, " "1, " "1, " "1, " "1, " "1, " "1, " "1, " "1, " "1, " "1, " "1, " "1, " "1, " "1, " "1, " "1, " "1, " "1, " "1, " "1, " "1, " "1, " "1, " "1, " "1, " "1, " "1, " "1, " "1, " "1, " "1, " "1, " "1, " "1, " "1, " "1, " "1, " "1, " "1, " "1, " "1, " "1, " "1, " "1, " "1, " "1, " "1, " "1, " "1, " "1, " "1, " "1, " "1, " "1, " "1, " "1, " "1, " "1, " "1, " "1, " "1, " "1, " "1, " "1, " "1, " "1, " "1, " "1, " "1, " "1, " "1, " "1, " "1, " "1, " "1, " "1, " "1, " "1, " "1, " "1, " "1, " "1, " "1, " "1, " "1, " "1, " "1, " "1, " "1, " "1, " "1, " "1, " "1, " "1, " "1, " "1, " "1, " "1, " "1, " "1, " "1, " "1, " "1, " "1, " "1, " "1, " "1, " "1, " "1, " "1, " "1, " "1, " "1, " "1, " "1, " "1, " "1, " "1, " "1, " "1, " "1, " "1, " "1, " "1, " "1, " "1, " "1, " "1, " "1, " "1, " "1, " "1, " "1, " "1, " "1, " "1, " "1, " "1, " "1, " "1, " "1, " "1, " "1, " "1, " "1, " "1, " "1, " "1, " "1, " "1, " "1, " "1, " "1, " "1, " "1, " "1, " "1, " "1, " "1, " "1, " "1, " "1, " "1, " "1, " "1, " "1, " "1, " "1, " "1, " "1, " "1, " "1, " "1, " "1, " "1, " "1, " "1, " "1, " "1, " "1, " "1, " "1, " "1, " "1, " "1, " "1, " "1, " "1, " "1, " "1, " "1, " "1, " "1, " "1, " "1, " "1, " "1, " "1, " "1, " "1, " "1, " "1, " "1, " "1, " "1, " "1, " "1, " "1, " "1, " "1, " "1, " "1, " "1, " "1, " "1, " "1, " "1, " "1, " "1, " "1, " "1, " "1, " "1, " "1, " "1, " "1, " "1, " "1, " "1, " "1, " "1, " "1, " "1, " "1, " "1, " "1, " "1, " "1, " "1, " "1, " "1, " "1, " "1, " "1, " "1, " "1, " "1, " "1, " "1, " "1, "204
 "Nei232, 0.333, " "0.015, " "1, " "1, " "1, " "1, " "1, " "1, " "1, " "1, " "1, " "1, " "1, " "1, " "1, " "1, " "1, " "1, " "1, " "1, " "1, " "1, " "1, " "1, " "1, " "1, " "1, " "1, " "1, " "1, " "1, " "1, " "1, " "1, " "1, " "1, " "1, " "1, " "1, " "1, " "1, " "1, " "1, " "1, " "1, " "1, " "1, " "1, " "1, " "1, " "1, " "1, " "1, " "1, " "1, " "1, " "1, " "1, " "1, " "1, " "1, " "1, " "1, " "1, " "1, " "1, " "1, " "1, " "1, " "1, " "1, " "1, " "1, " "1, " "1, " "1, " "1, " "1, " "1, " "1, " "1, " "1, " "1, " "1, " "1, " "1, " "1, " "1, " "1, " "1, " "1, " "1, " "1, " "1, " "1, " "1, " "1, " "1, " "1, " "1, " "1, " "1, " "1, " "1, " "1, " "1, " "1, " "1, " "1, " "1, " "1, " "1, " "1, " "1, " "1, " "1, " "1, " "1, " "1, " "1, " "1, " "1, " "1, " "1, " "1, " "1, " "1, " "1, " "1, " "1, " "1, " "1, " "1, " "1, " "1, " "1, " "1, " "1, " "1, " "1, " "1, " "1, " "1, " "1, " "1, " "1, " "1, " "1, " "1, " "1, " "1, " "1, " "1, " "1, " "1, " "1, " "1, " "1, " "1, " "1, " "1, " "1, " "1, " "1, " "1, " "1, " "1, " "1, " "1, " "1, " "1, " "1, " "1, " "1, " "1, " "1, " "1, " "1, " "1, " "1, " "1, " "1, " "1, " "1, " "1, " "1, " "1, " "1, " "1, " "1, " "1, " "1, " "1, " "1, " "1, " "1, " "1, " "1, " "1, " "1, " "1, " "1, " "1, " "1, " "1, " "1, " "1, " "1, " "1, " "1, " "1, " "1, " "1, " "1, " "1, " "1, " "1, " "1, " "1, " "1, " "1, " "1, " "1, " "1, " "1, " "1, " "1, " "1, " "1, " "1, " "1, " "1, " "1, " "1, " "0, " "1, " "1, " "1, " "1, " "1, " "1, " "1, " "1, " "1, " "1, " "1, " "1, " "1, " "1, " "1, " "1, " "1, " "1, " "1, " "1, " "1, " "1, " "1, " "1, " "1, " "1, " "1, " "1, " "1, " "1, " "1, " "1, " "1, " "1, " "1, " "1, " "1, " "1, " "1, " "1, " "1, " "1, " "1, " "1, " "1, " "1, " "1, " "1, " "1, " "1, " "1, " "1, " "1, " "1, " "1, " "1, " "1, " "1, " "1, " "1, " "1, " "1, " "1, " "1, " "1, " "1, " "1, " "1, " "1, " "1, " "1, " "1, " "1, " "1, " "1, " "1, " "1, " "1, " "1, " "1, " "1, " "1, " "1, " "1, " "1, " "1, " "1, " "1, " "1, " "1, " "1, " "1, " "1, " "1, " "1, " "1, " "1, " "1, " "1, " "1, " "1, " "1, " "1, " "1, " "1, " "1, " "1, " "1, " "1, " "1, " "1, " "1, " "1, " "1, " "1, " "1, " "1, " "1, " "1, " "1, " "1, " "1, " "1, " "1, " "1, " "1, " "1, " "1, " "1, " "1, " "1, " "1, " "1, " "1, " "1, " "1, " "1, " "1, " "1, " "1, " "1, " "1, " "1, " "1, " "1, " "1, " "1, " "1, " "1, " "1, " "1, " "1, " "1, " "1, " "1, " "1, " "1, " "1, " "1, " "1, " "1, " "1, " "1, " "1, " "1, " "1, " "1, " "1, " "1, " "1, " "1, " "1, " "1, " "1, " "1, " "1, " "1, " "1, " "1, " "1, " "1, " "1, " "1, " "1, " "1, " "1, " "1, " "1, " "1, " "1, " "1, " "1, " "1, " "1, " "1, " "1, " "1, " "1, " "1, " "1, " "1, " "1, " "1, " "1, " "1, " "1, " "1, " "1, " "1, " "1, " "1, " "1, " "1, " "1, " "1, " "1, " "1, " "1, " "1, " "1, " "1, " "1, " "1, " "1, " "1, " "1, " "1, " "1, " "1, " "1, " "1, " "1, " "1, " "1, " "1, " "1, " "1, " "1, " "1, " "1, " "1, " "1, " "1, " "1, " "1, " "1, " "1, " "1, " "1, " "1, " "1, " "1, " "1, " "1, " "1, " "1, " "1, " "1, " "1, " "1, " "1, " "1, " "1, " "1, " "1, " "1, " "1, " "1, " "1, " "1, " "1, " "1, " "1, " "1, " "1, " "1, " "1, " "1, " "1, " "1, "204
 "Nei233, 0.088, " "0.015, " "1, " "1, " "1, " "1, " "1, " "1, " "1, " "1, " "1, " "1, " "1, " "1, " "1, " "1, " "1, " "1, " "1, " "1, " "1, " "1, " "1, " "1, " "1, " "1, " "1, " "1, " "1, " "1, " "1, " "1, " "1, " "1, " "1, " "1, " "1, " "1, " "1, " "1, " "1, " "1, " "1, " "1, " "1, " "1, " "1, " "1, " "1, " "1, " "1, " "1, " "1, " "1, " "1, " "1, " "1, " "1, " "1, " "1, " "1, " "1, " "1, " "1, " "1, " "1, " "1, " "1, " "1, " "1, " "1, " "1, " "1, " "1, " "1, " "1, " "1, " "1, " "1, " "1, " "1, " "1, " "1, " "1, " "1, " "1, " "1, " "1, " "1, " "1, " "1, " "1, " "1, " "1, " "1, " "1, " "1, " "1, " "1, " "1, " "1, " "1, " "1, " "1, " "1, " "1, " "1, " "1, " "1, " "1, " "1, " "1, " "1, " "1, " "1, " "1, " "1, " "1, " "1, " "1, " "1, " "1, " "1, " "1, " "1, " "1, " "1, " "1, " "1, " "1, " "1, " "1, " "1, " "1, " "1, " "1, " "1, " "1, " "1, " "1, " "1, " "1, " "1, " "1, " "1, " "1, " "1, " "1, " "1, " "1, " "1, " "1, " "1, " "1, " "1, " "1, " "1, " "1, " "1, " "1, " "1, " "1, " "1, " "1, " "1, " "1, " "1, " "1, " "1, " "1, " "1, " "1, " "1, " "1, " "1, " "1, " "1, " "1, " "1, " "1, " "1, " "1, " "1, " "1, " "1, " "1, " "1, " "1, " "1, " "1, " "1, " "1, " "1, " "1, " "1, " "1, " "1, " "1, " "1, " "1, " "1, " "1, " "1, " "1, " "1, " "1, " "1, " "1, " "1, " "1, " "1, " "1, " "1, " "1, " "1, " "1, " "1, " "1, " "1, " "1, " "1, " "1, " "1, " "1, " "1, " "1, " "1, " "1, " "1, " "1, " "1, " "1, " "1, " "1, " "1, " "0, " "1, " "1, " "1, " "1, " "1, " "1, " "1, " "1, " "1, " "1, " "1, " "1, " "1, " "1, " "1, " "1, " "1, " "1, " "1, " "1, " "1, " "1, " "1, " "1, " "1, " "1, " "1, " "1, " "1, " "1, " "1, " "1, " "1, " "1, " "1, " "1, " "1, " "1, " "1, " "1, " "1, " "1, " "1, " "1, " "1, " "1, " "1, " "1, " "1, " "1, " "1, " "1, " "1, " "1, " "1, " "1, " "1, " "1, " "1, " "1, " "1, " "1, " "1, " "1, " "1, " "1, " "1, " "1, " "1, " "1, " "1, " "1, " "1, " "1, " "1, " "1, " "1, " "1, " "1, " "1, " "1, " "1, " "1, " "1, " "1, " "1, " "1, " "1, " "1, " "1, " "1, " "1, " "1, " "1, " "1, " "1, " "1, " "1, " "1, " "1, " "1, " "1, " "1, " "1, " "1, " "1, " "1, " "1, " "1, " "1, " "1, " "1, " "1, " "1, " "1, " "1, " "1, " "1, " "1, " "1, " "1, " "1, " "1, " "1, " "1, " "1, " "1, " "1, " "1, " "1, " "1, " "1, " "1, " "1, " "1, " "1, " "1, " "1, " "1, " "1, " "1, " "1, " "1, " "1, " "1, " "1, " "1, " "1, " "1, " "1, " "1, " "1, " "1, " "1, " "1, " "1, " "1, " "1, " "1, " "1, " "1, " "1, " "1, " "1, " "1, " "1, " "1, " "1, " "1, " "1, " "1, " "1, " "1, " "1, " "1, " "1, " "1, " "1, " "1, " "1, " "1, " "1, " "1, " "1, " "1, " "1, " "1, " "1, " "1, " "1, " "1, " "1, " "1, " "1, " "1, " "1, " "1, " "1, " "1, " "1, " "1, " "1, " "1, " "1, " "1, " "1, " "1, " "1, " "1, " "1, " "1, " "1, " "1, " "1, " "1, " "1, " "1, " "1, " "1, " "1, " "1, " "1, " "1, " "1, " "1, " "1, " "1, " "1, " "1, " "1, " "1, " "1, " "1, " "1, " "1, " "1, " "1, " "1, " "1, " "1, " "1, " "1, " "1, " "1, " "1, " "1, " "1, " "1, " "1, " "1, " "1, " "1, " "1, " "1, " "1, " "1, " "1, " "1, " "1, " "1, " "1, " "1, " "1, " "1, " "1, " "1, " "1, " "1, " "1, " "1, " "1, " "1, " "1, " "1, " "1, " "1, " "1, " "1, " "1, "204
 "Nei234, 0.24, " "0.015, " "1, " "1, " "1, " "1, " "1, " "1, " "1, " "1, " "1, " "1, " "1, " "1, " "1, " "1, " "1, " "1, " "1, " "1, " "1, " "1, " "1, " "1, " "1, " "1, " "1, " "1, " "1, " "1, " "1, " "1, " "1, " "1, " "1, " "1, " "1, " "1, " "1, " "1, " "1, " "1, " "1, " "1, " "1, " "1, " "1, " "1, " "1, " "1, " "1, " "1, " "1, " "1, " "1, " "1, " "1, " "1, " "1, " "1, " "1, " "1, " "1, " "1, " "1, " "1, " "1, " "1, " "1, " "1, " "1, " "1, " "1, " "1, " "1, " "1, " "1, " "1, " "1, " "1, " "1, " "1, " "1, " "1, " "1, " "1, " "1, " "1, " "1, " "1, " "1, " "1, " "1, " "1, " "1, " "1, " "1, " "1, " "1, " "1, " "1, " "1, " "1, " "1, " "1, " "1, " "1, " "1, " "1, " "1, " "1, " "1, " "1, " "1, " "1, " "1, " "1, " "1, " "1, " "1, " "1, " "1, " "1, " "1, " "1, " "1, " "1, " "1, " "1, " "1, " "1, " "1, " "1, " "1, " "1, " "1, " "1, " "1, " "1, " "1, " "1, " "1, " "1, " "1, " "1, " "1, " "1, " "1, " "1, " "1, " "1, " "1, " "1, " "1, " "1, " "1, " "1, " "1, " "1, " "1, " "1, " "1, " "1, " "1, " "1, " "1, " "1, " "1, " "1, " "1, " "1, " "1, " "1, " "1, " "1, " "1, " "1, " "1, " "1, " "1, " "1, " "1, " "1, " "1, " "1, " "1, " "1, " "1, " "1, " "1, " "1, " "1, " "1, " "1, " "1, " "1, " "1, " "1, " "1, " "1, " "1, " "1, " "1, " "1, " "1, " "1, " "1, " "1, " "1, " "1, " "1, " "1, " "1, " "1, " "1, " "1, " "1, " "1, " "1, " "1, " "1, " "1, " "1, " "1, " "1, " "1, " "1, " "1, " "1, " "1, " "1, " "1, " "1, " "1, " "1, " "1, " "0, " "1, " "1, " "1, " "1, " "1, " "1, " "1, " "1, " "1, " "1, " "1, " "1, " "1, " "1, " "1, " "1, " "1, " "1, " "1, " "1, " "1, " "1, " "1, " "1, " "1, " "1, " "1, " "1, " "1, " "1, " "1, " "1, " "1, " "1, " "1, " "1, " "1, " "1, " "1, " "1, " "1, " "1, " "1, " "1, " "1, " "1, " "1, " "1, " "1, " "1, " "1, " "1, " "1, " "1, " "1, " "1, " "1, " "1, " "1, " "1, " "1, " "1, " "1, " "1, " "1, " "1, " "1, " "1, " "1, " "1, " "1, " "1, " "1, " "1, " "1, " "1, " "1, " "1, " "1, " "1, " "1, " "1, " "1, " "1, " "1, " "1, " "1, " "1, " "1, " "1, " "1, " "1, " "1, " "1, " "1, " "1, " "1, " "1, " "1, " "1, " "1, " "1, " "1, " "1, " "1, " "1, " "1, " "1, " "1, " "1, " "1, " "1, " "1, " "1, " "1, " "1, " "1, " "1, " "1, " "1, " "1, " "1, " "1, " "1, " "1, " "1, " "1, " "1, " "1, " "1, " "1, " "1, " "1, " "1, " "1, " "1, " "1, " "1, " "1, " "1, " "1, " "1, " "1, " "1, " "1, " "1, " "1, " "1, " "1, " "1, " "1, " "1, " "1, " "1, " "1, " "1, " "1, " "1, " "1, " "1, " "1, " "1, " "1, " "1, " "1, " "1, " "1, " "1, " "1, " "1, " "1, " "1, " "1, " "1, " "1, " "1, " "1, " "1, " "1, " "1, " "1, " "1, " "1, " "1, " "1, " "1, " "1, " "1, " "1, " "1, " "1, " "1, " "1, " "1, " "1, " "1, " "1, " "1, " "1, " "1, " "1, " "1, " "1, " "1, " "1, " "1, " "1, " "1, " "1, " "1, " "1, " "1, " "1, " "1, " "1, " "1, " "1, " "1, " "1, " "1, " "1, " "1, " "1, " "1, " "1, " "1, " "1, " "1, " "1, " "1, " "1, " "1, " "1, " "1, " "1, " "1, " "1, " "1, " "1, " "1, " "1, " "1, " "1, " "1, " "1, " "1, " "1, " "1, " "1, " "1, " "1, " "1, " "1, " "1, " "1, " "1, " "1, " "1, " "1, " "1, " "1, " "1, " "1, " "1, " "1, " "1, " "1, " "1, " "1, " "1, " "1, " "1, " "1, " "1, " "1, " "1, " "1, " "1, "204
 "Nei235, 0.229, " "0.015, " "1, " "1, " "1, " "1, " "1, " "1, " "1, " "1, " "1, " "1, " "1, " "1, " "1, " "1, " "1, " "1, " "1, " "1, " "1, " "1, " "1, " "1, " "1, " "1, " "1, " "1, " "1, " "1, " "1, " "1, " "1, " "1, " "1, " "1, " "1, " "1, " "1, " "1, " "1, " "1, " "1, " "1, " "1, " "1, " "1, " "1, " "1, " "1, " "1, " "1, " "1, " "1, " "1, " "1, " "1, " "1, " "1, " "1, " "1, " "1, " "1, " "1, " "1, " "1, " "1, " "1, " "1, " "1, " "1, " "1, " "1, " "1, " "1, " "1, " "1, " "1, " "1, " "1, " "1, " "1, " "1, " "1, " "1, " "1, " "1, " "1, " "1, " "1, " "1, " "1, " "1, " "1, " "1, " "1, " "1, " "1, " "1, " "1, " "1, " "1, " "1, " "1, " "1, " "1, " "1, " "1, " "1, " "1, " "1, " "1, " "1, " "1, " "1, " "1, " "1, " "1, " "1, " "1, " "1, " "1, " "1, " "1, " "1, " "1, " "1, " "1, " "1, " "1, " "1, " "1, " "1, " "1, " "1, " "1, " "1, " "1, " "1, " "1, " "1, " "1, " "1, " "1, " "1, " "1, " "1, " "1, " "1, " "1, " "1, " "1, " "1, " "1, " "1, " "1, " "1, " "1, " "1, " "1, " "1, " "1, " "1, " "1, " "1, " "1, " "1, " "1, " "1, " "1, " "1, " "1, " "1, " "1, " "1, " "1, " "1, " "1, " "1, " "1, " "1, " "1, " "1, " "1, " "1, " "1, " "1, " "1, " "1, " "1, " "1, " "1, " "1, " "1, " "1, " "1, " "1, " "1, " "1, " "1, " "1, " "1, " "1, " "1, " "1, " "1, " "1, " "1, " "1, " "1, " "1, " "1, " "1, " "1, " "1, " "1, " "1, " "1, " "1, " "1, " "1, " "1, " "1, " "1, " "1, " "1, " "1, " "1, " "1, " "1, " "1, " "1, " "1, " "1, " "1, " "1, " "1, " "0, " "1, " "1, " "1, " "1, " "1, " "1, " "1, " "1, " "1, " "1, " "1, " "1, " "1, " "1, " "1, " "1, " "1, " "1, " "1, " "1, " "1, " "1, " "1, " "1, " "1, " "1, " "1, " "1, " "1, " "1, " "1, " "1, " "1, " "1, " "1, " "1, " "1, " "1, " "1, " "1, " "1, " "1, " "1, " "1, " "1, " "1, " "1, " "1, " "1, " "1, " "1, " "1, " "1, " "1, " "1, " "1, " "1, " "1, " "1, " "1, " "1, " "1, " "1, " "1, " "1, " "1, " "1, " "1, " "1, " "1, " "1, " "1, " "1, " "1, " "1, " "1, " "1, " "1, " "1, " "1, " "1, " "1, " "1, " "1, " "1, " "1, " "1, " "1, " "1, " "1, " "1, " "1, " "1, " "1, " "1, " "1, " "1, " "1, " "1, " "1, " "1, " "1, " "1, " "1, " "1, " "1, " "1, " "1, " "1, " "1, " "1, " "1, " "1, " "1, " "1, " "1, " "1, " "1, " "1, " "1, " "1, " "1, " "1, " "1, " "1, " "1, " "1, " "1, " "1, " "1, " "1, " "1, " "1, " "1, " "1, " "1, " "1, " "1, " "1, " "1, " "1, " "1, " "1, " "1, " "1, " "1, " "1, " "1, " "1, " "1, " "1, " "1, " "1, " "1, " "1, " "1, " "1, " "1, " "1, " "1, " "1, " "1, " "1, " "1, " "1, " "1, " "1, " "1, " "1, " "1, " "1, " "1, " "1, " "1, " "1, " "1, " "1, " "1, " "1, " "1, " "1, " "1, " "1, " "1, " "1, " "1, " "1, " "1, " "1, " "1, " "1, " "1, " "1, " "1, " "1, " "1, " "1, " "1, " "1, " "1, " "1, " "1, " "1, " "1, " "1, " "1, " "1, " "1, " "1, " "1, " "1, " "1, " "1, " "1, " "1, " "1, " "1, " "1, " "1, " "1, " "1, " "1, " "1, " "1, " "1, " "1, " "1, " "1, " "1, " "1, " "1, " "1, " "1, " "1, " "1, " "1, " "1, " "1, " "1, " "1, " "1, " "1, " "1, " "1, " "1, " "1, " "1, " "1, " "1, " "1, " "1, " "1, " "1, " "1, " "1, " "1, " "1, " "1, " "1, " "1, " "1, " "1, " "1, " "1, " "1, " "1, " "1, " "1, " "1, " "1, " "1, " "1, " "1, " "1, " "1, " "1, " "1, "204
 "Nei236, 0.394, " "0.015, " "1, " "1, " "1, " "1, " "1, " "1, " "1, " "1, " "1, " "1, " "1, " "1, " "1, " "1, " "1, " "1, " "1, " "1, " "1, " "1, " "1, " "1, " "1, " "1, " "1, " "1, " "1, " "1, " "1, " "1, " "1, " "1, " "1, " "1, " "1, " "1, " "1, " "1, " "1, " "1, " "1, " "1, " "1, " "1, " "1, " "1, " "1, " "1, " "1, " "1, " "1, " "1, " "1, " "1, " "1, " "1, " "1, " "1, " "1, " "1, " "1, " "1, " "1, " "1, " "1, " "1, " "1, " "1, " "1, " "1, " "1, " "1, " "1, " "1, " "1, " "1, " "1, " "1, " "1, " "1, " "1, " "1, " "1, " "1, " "1, " "1, " "1, " "1, " "1, " "1, " "1, " "1, " "1, " "1, " "1, " "1, " "1, " "1, " "1, " "1, " "1, " "1, " "1, " "1, " "1, " "1, " "1, " "1, " "1, " "1, " "1, " "1, " "1, " "1, " "1, " "1, " "1, " "1, " "1, " "1, " "1, " "1, " "1, " "1, " "1, " "1, " "1, " "1, " "1, " "1, " "1, " "1, " "1, " "1, " "1, " "1, " "1, " "1, " "1, " "1, " "1, " "1, " "1, " "1, " "1, " "1, " "1, " "1, " "1, " "1, " "1, " "1, " "1, " "1, " "1, " "1, " "1, " "1, " "1, " "1, " "1, " "1, " "1, " "1, " "1, " "1, " "1, " "1, " "1, " "1, " "1, " "1, " "1, " "1, " "1, " "1, " "1, " "1, " "1, " "1, " "1, " "1, " "1, " "1, " "1, " "1, " "1, " "1, " "1, " "1, " "1, " "1, " "1, " "1, " "1, " "1, " "1, " "1, " "1, " "1, " "1, " "1, " "1, " "1, " "1, " "1, " "1, " "1, " "1, " "1, " "1, " "1, " "1, " "1, " "1, " "1, " "1, " "1, " "1, " "1, " "1, " "1, " "1, " "1, " "1, " "1, " "1, " "1, " "1, " "1, " "1, " "1, " "1, " "1, " "1, " "1, " "0, " "1, " "1, " "1, " "1, " "1, " "1, " "1, " "1, " "1, " "1, " "1, " "1, " "1, " "1, " "1, " "1, " "1, " "1, " "1, " "1, " "1, " "1, " "1, " "1, " "1, " "1, " "1, " "1, " "1, " "1, " "1, " "1, " "1, " "1, " "1, " "1, " "1, " "1, " "1, " "1, " "1, " "1, " "1, " "1, " "1, " "1, " "1, " "1, " "1, " "1, " "1, " "1, " "1, " "1, " "1, " "1, " "1, " "1, " "1, " "1, " "1, " "1, " "1, " "1, " "1, " "1, " "1, " "1, " "1, " "1, " "1, " "1, " "1, " "1, " "1, " "1, " "1, " "1, " "1, " "1, " "1, " "1, " "1, " "1, " "1, " "1, " "1, " "1, " "1, " "1, " "1, " "1, " "1, " "1, " "1, " "1, " "1, " "1, " "1, " "1, " "1, " "1, " "1, " "1, " "1, " "1, " "1, " "1, " "1, " "1, " "1, " "1, " "1, " "1, " "1, " "1, " "1, " "1, " "1, " "1, " "1, " "1, " "1, " "1, " "1, " "1, " "1, " "1, " "1, " "1, " "1, " "1, " "1, " "1, " "1, " "1, " "1, " "1, " "1, " "1, " "1, " "1, " "1, " "1, " "1, " "1, " "1, " "1, " "1, " "1, " "1, " "1, " "1, " "1, " "1, " "1, " "1, " "1, " "1, " "1, " "1, " "1, " "1, " "1, " "1, " "1, " "1, " "1, " "1, " "1, " "1, " "1, " "1, " "1, " "1, " "1, " "1, " "1, " "1, " "1, " "1, " "1, " "1, " "1, " "1, " "1, " "1, " "1, " "1, " "1, " "1, " "1, " "1, " "1, " "1, " "1, " "1, " "1, " "1, " "1, " "1, " "1, " "1, " "1, " "1, " "1, " "1, " "1, " "1, " "1, " "1, " "1, " "1, " "1, " "1, " "1, " "1, " "1, " "1, " "1, " "1, " "1, " "1, " "1, " "1, " "1, " "1, " "1, " "1, " "1, " "1, " "1, " "1, " "1, " "1, " "1, " "1, " "1, " "1, " "1, " "1, " "1, " "1, " "1, " "1, " "1, " "1, " "1, " "1, " "1, " "1, " "1, " "1, " "1, " "1, " "1, " "1, " "1, " "1, " "1, " "1, " "1, " "1, " "1, " "1, " "1, " "1, " "1, " "1, " "1, " "1, " "1, " "1, " "1, " "1, " "1, "204
 "Nei237, 0.398, " "0.015, " "1, " "1, " "1, " "1, " "1, " "1, " "1, " "1, " "1, " "1, " "1, " "1, " "1, " "1, " "1, " "1, " "1, " "1, " "1, " "1, " "1, " "1, " "1, " "1, " "1, " "1, " "1, " "1, " "1, " "1, " "1, " "1, " "1, " "1, " "1, " "1, " "1, " "1, " "1, " "1, " "1, " "1, " "1, " "1, " "1, " "1, " "1, " "1, " "1, " "1, " "1, " "1, " "1, " "1, " "1, " "1, " "1, " "1, " "1, " "1, " "1, " "1, " "1, " "1, " "1, " "1, " "1, " "1, " "1, " "1, " "1, " "1, " "1, " "1, " "1, " "1, " "1, " "1, " "1, " "1, " "1, " "1, " "1, " "1, " "1, " "1, " "1, " "1, " "1, " "1, " "1, " "1, " "1, " "1, " "1, " "1, " "1, " "1, " "1, " "1, " "1, " "1, " "1, " "1, " "1, " "1, " "1, " "1, " "1, " "1, " "1, " "1, " "1, " "1, " "1, " "1, " "1, " "1, " "1, " "1, " "1, " "1, " "1, " "1, " "1, " "1, " "1, " "1, " "1, " "1, " "1, " "1, " "1, " "1, " "1, " "1, " "1, " "1, " "1, " "1, " "1, " "1, " "1, " "1, " "1, " "1, " "1, " "1, " "1, " "1, " "1, " "1, " "1, " "1, " "1, " "1, " "1, " "1, " "1, " "1, " "1, " "1, " "1, " "1, " "1, " "1, " "1, " "1, " "1, " "1, " "1, " "1, " "1, " "1, " "1, " "1, " "1, " "1, " "1, " "1, " "1, " "1, " "1, " "1, " "1, " "1, " "1, " "1, " "1, " "1, " "1, " "1, " "1, " "1, " "1, " "1, " "1, " "1, " "1, " "1, " "1, " "1, " "1, " "1, " "1, " "1, " "1, " "1, " "1, " "1, " "1, " "1, " "1, " "1, " "1, " "1, " "1, " "1, " "1, " "1, " "1, " "1, " "1, " "1, " "1, " "1, " "1, " "1, " "1, " "1, " "1, " "1, " "1, " "1, " "1, " "1, " "1, " "0, " "1, " "1, " "1, " "1, " "1, " "1, " "1, " "1, " "1, " "1, " "1, " "1, " "1, " "1, " "1, " "1, " "1, " "1, " "1, " "1, " "1, " "1, " "1, " "1, " "1, " "1, " "1, " "1, " "1, " "1, " "1, " "1, " "1, " "1, " "1, " "1, " "1, " "1, " "1, " "1, " "1, " "1, " "1, " "1, " "1, " "1, " "1, " "1, " "1, " "1, " "1, " "1, " "1, " "1, " "1, " "1, " "1, " "1, " "1, " "1, " "1, " "1, " "1, " "1, " "1, " "1, " "1, " "1, " "1, " "1, " "1, " "1, " "1, " "1, " "1, " "1, " "1, " "1, " "1, " "1, " "1, " "1, " "1, " "1, " "1, " "1, " "1, " "1, " "1, " "1, " "1, " "1, " "1, " "1, " "1, " "1, " "1, " "1, " "1, " "1, " "1, " "1, " "1, " "1, " "1, " "1, " "1, " "1, " "1, " "1, " "1, " "1, " "1, " "1, " "1, " "1, " "1, " "1, " "1, " "1, " "1, " "1, " "1, " "1, " "1, " "1, " "1, " "1, " "1, " "1, " "1, " "1, " "1, " "1, " "1, " "1, " "1, " "1, " "1, " "1, " "1, " "1, " "1, " "1, " "1, " "1, " "1, " "1, " "1, " "1, " "1, " "1, " "1, " "1, " "1, " "1, " "1, " "1, " "1, " "1, " "1, " "1, " "1, " "1, " "1, " "1, " "1, " "1, " "1, " "1, " "1, " "1, " "1, " "1, " "1, " "1, " "1, " "1, " "1, " "1, " "1, " "1, " "1, " "1, " "1, " "1, " "1, " "1, " "1, " "1, " "1, " "1, " "1, " "1, " "1, " "1, " "1, " "1, " "1, " "1, " "1, " "1, " "1, " "1, " "1, " "1, " "1, " "1, " "1, " "1, " "1, " "1, " "1, " "1, " "1, " "1, " "1, " "1, " "1, " "1, " "1, " "1, " "1, " "1, " "1, " "1, " "1, " "1, " "1, " "1, " "1, " "1, " "1, " "1, " "1, " "1, " "1, " "1, " "1, " "1, " "1, " "1, " "1, " "1, " "1, " "1, " "1, " "1, " "1, " "1, " "1, " "1, " "1, " "1, " "1, " "1, " "1, " "1, " "1, " "1, " "1, " "1, " "1, " "1, " "1, " "1, " "1, " "1, " "1, " "1, " "1, " "1, " "1, " "1, " "1, "204
 "Nei238, 0.029, " "0.015, " "1, " "1, " "1, " "1, " "1, " "1, " "1, " "1, " "1, " "1, " "1, " "1, " "1, " "1, " "1, " "1, " "1, " "1, " "1, " "1, " "1, " "1, " "1, " "1, " "1, " "1, " "1, " "1, " "1, " "1, " "1, " "1, " "1, " "1, " "1, " "1, " "1, " "1, " "1, " "1, " "1, " "1, " "1, " "1, " "1, " "1, " "1, " "1, " "1, " "1, " "1, " "1, " "1, " "1, " "1, " "1, " "1, " "1, " "1, " "1, " "1, " "1, " "1, " "1, " "1, " "1, " "1, " "1, " "1, " "1, " "1, " "1, " "1, " "1, " "1, " "1, " "1, " "1, " "1, " "1, " "1, " "1, " "1, " "1, " "1, " "1, " "1, " "1, " "1, " "1, " "1, " "1, " "1, " "1, " "1, " "1, " "1, " "1, " "1, " "1, " "1, " "1, " "1, " "1, " "1, " "1, " "1, " "1, " "1, " "1, " "1, " "1, " "1, " "1, " "1, " "1, " "1, " "1, " "1, " "1, " "1, " "1, " "1, " "1, " "1, " "1, " "1, " "1, " "1, " "1, " "1, " "1, " "1, " "1, " "1, " "1, " "1, " "1, " "1, " "1, " "1, " "1, " "1, " "1, " "1, " "1, " "1, " "1, " "1, " "1, " "1, " "1, " "1, " "1, " "1, " "1, " "1, " "1, " "1, " "1, " "1, " "1, " "1, " "1, " "1, " "1, " "1, " "1, " "1, " "1, " "1, " "1, " "1, " "1, " "1, " "1, " "1, " "1, " "1, " "1, " "1, " "1, " "1, " "1, " "1, " "1, " "1, " "1, " "1, " "1, " "1, " "1, " "1, " "1, " "1, " "1, " "1, " "1, " "1, " "1, " "1, " "1, " "1, " "1, " "1, " "1, " "1, " "1, " "1, " "1, " "1, " "1, " "1, " "1, " "1, " "1, " "1, " "1, " "1, " "1, " "1, " "1, " "1, " "1, " "1, " "1, " "1, " "1, " "1, " "1, " "1, " "1, " "1, " "1, " "1, " "1, " "1, " "1, " "0, " "1, " "1, " "1, " "1, " "1, " "1, " "1, " "1, " "1, " "1, " "1, " "1, " "1, " "1, " "1, " "1, " "1, " "1, " "1, " "1, " "1, " "1, " "1, " "1, " "1, " "1, " "1, " "1, " "1, " "1, " "1, " "1, " "1, " "1, " "1, " "1, " "1, " "1, " "1, " "1, " "1, " "1, " "1, " "1, " "1, " "1, " "1, " "1, " "1, " "1, " "1, " "1, " "1, " "1, " "1, " "1, " "1, " "1, " "1, " "1, " "1, " "1, " "1, " "1, " "1, " "1, " "1, " "1, " "1, " "1, " "1, " "1, " "1, " "1, " "1, " "1, " "1, " "1, " "1, " "1, " "1, " "1, " "1, " "1, " "1, " "1, " "1, " "1, " "1, " "1, " "1, " "1, " "1, " "1, " "1, " "1, " "1, " "1, " "1, " "1, " "1, " "1, " "1, " "1, " "1, " "1, " "1, " "1, " "1, " "1, " "1, " "1, " "1, " "1, " "1, " "1, " "1, " "1, " "1, " "1, " "1, " "1, " "1, " "1, " "1, " "1, " "1, " "1, " "1, " "1, " "1, " "1, " "1, " "1, " "1, " "1, " "1, " "1, " "1, " "1, " "1, " "1, " "1, " "1, " "1, " "1, " "1, " "1, " "1, " "1, " "1, " "1, " "1, " "1, " "1, " "1, " "1, " "1, " "1, " "1, " "1, " "1, " "1, " "1, " "1, " "1, " "1, " "1, " "1, " "1, " "1, " "1, " "1, " "1, " "1, " "1, " "1, " "1, " "1, " "1, " "1, " "1, " "1, " "1, " "1, " "1, " "1, " "1, " "1, " "1, " "1, " "1, " "1, " "1, " "1, " "1, " "1, " "1, " "1, " "1, " "1, " "1, " "1, " "1, " "1, " "1, " "1, " "1, " "1, " "1, " "1, " "1, " "1, " "1, " "1, " "1, " "1, " "1, " "1, " "1, " "1, " "1, " "1, " "1, " "1, " "1, " "1, " "1, " "1, " "1, " "1, " "1, " "1, " "1, " "1, " "1, " "1, " "1, " "1, " "1, " "1, " "1, " "1, " "1, " "1, " "1, " "1, " "1, " "1, " "1, " "1, " "1, " "1, " "1, " "1, " "1, " "1, " "1, " "1, " "1, " "1, " "1, " "1, " "1, " "1, " "1, " "1, " "1, " "1, " "1, " "1, " "1, " "1, " "1, "204
 "Nei239, 0.287, " "0.015, " "1, " "1, " "1, " "1, " "1, " "1, " "1, " "1, " "1, " "1, " "1, " "1, " "1, " "1, " "1, " "1, " "1, " "1, " "1, " "1, " "1, " "1, " "1, " "1, " "1, " "1, " "1, " "1, " "1, " "1, " "1, " "1, " "1, " "1, " "1, " "1, " "1, " "1, " "1, " "1, " "1, " "1, " "1, " "1, " "1, " "1, " "1, " "1, " "1, " "1, " "1, " "1, " "1, " "1, " "1, " "1, " "1, " "1, " "1, " "1, " "1, " "1, " "1, " "1, " "1, " "1, " "1, " "1, " "1, " "1, " "1, " "1, " "1, " "1, " "1, " "1, " "1, " "1, " "1, " "1, " "1, " "1, " "1, " "1, " "1, " "1, " "1, " "1, " "1, " "1, " "1, " "1, " "1, " "1, " "1, " "1, " "1, " "1, " "1, " "1, " "1, " "1, " "1, " "1, " "1, " "1, " "1, " "1, " "1, " "1, " "1, " "1, " "1, " "1, " "1, " "1, " "1, " "1, " "1, " "1, " "1, " "1, " "1, " "1, " "1, " "1, " "1, " "1, " "1, " "1, " "1, " "1, " "1, " "1, " "1, " "1, " "1, " "1, " "1, " "1, " "1, " "1, " "1, " "1, " "1, " "1, " "1, " "1, " "1, " "1, " "1, " "1, " "1, " "1, " "1, " "1, " "1, " "1, " "1, " "1, " "1, " "1, " "1, " "1, " "1, " "1, " "1, " "1, " "1, " "1, " "1, " "1, " "1, " "1, " "1, " "1, " "1, " "1, " "1, " "1, " "1, " "1, " "1, " "1, " "1, " "1, " "1, " "1, " "1, " "1, " "1, " "1, " "1, " "1, " "1, " "1, " "1, " "1, " "1, " "1, " "1, " "1, " "1, " "1, " "1, " "1, " "1, " "1, " "1, " "1, " "1, " "1, " "1, " "1, " "1, " "1, " "1, " "1, " "1, " "1, " "1, " "1, " "1, " "1, " "1, " "1, " "1, " "1, " "1, " "1, " "1, " "1, " "1, " "1, " "1, " "1, " "1, " "1, " "1, " "0, " "1, " "1, " "1, " "1, " "1, " "1, " "1, " "1, " "1, " "1, " "1, " "1, " "1, " "1, " "1, " "1, " "1, " "1, " "1, " "1, " "1, " "1, " "1, " "1, " "1, " "1, " "1, " "1, " "1, " "1, " "1, " "1, " "1, " "1, " "1, " "1, " "1, " "1, " "1, " "1, " "1, " "1, " "1, " "1, " "1, " "1, " "1, " "1, " "1, " "1, " "1, " "1, " "1, " "1, " "1, " "1, " "1, " "1, " "1, " "1, " "1, " "1, " "1, " "1, " "1, " "1, " "1, " "1, " "1, " "1, " "1, " "1, " "1, " "1, " "1, " "1, " "1, " "1, " "1, " "1, " "1, " "1, " "1, " "1, " "1, " "1, " "1, " "1, " "1, " "1, " "1, " "1, " "1, " "1, " "1, " "1, " "1, " "1, " "1, " "1, " "1, " "1, " "1, " "1, " "1, " "1, " "1, " "1, " "1, " "1, " "1, " "1, " "1, " "1, " "1, " "1, " "1, " "1, " "1, " "1, " "1, " "1, " "1, " "1, " "1, " "1, " "1, " "1, " "1, " "1, " "1, " "1, " "1, " "1, " "1, " "1, " "1, " "1, " "1, " "1, " "1, " "1, " "1, " "1, " "1, " "1, " "1, " "1, " "1, " "1, " "1, " "1, " "1, " "1, " "1, " "1, " "1, " "1, " "1, " "1, " "1, " "1, " "1, " "1, " "1, " "1, " "1, " "1, " "1, " "1, " "1, " "1, " "1, " "1, " "1, " "1, " "1, " "1, " "1, " "1, " "1, " "1, " "1, " "1, " "1, " "1, " "1, " "1, " "1, " "1, " "1, " "1, " "1, " "1, " "1, " "1, " "1, " "1, " "1, " "1, " "1, " "1, " "1, " "1, " "1, " "1, " "1, " "1, " "1, " "1, " "1, " "1, " "1, " "1, " "1, " "1, " "1, " "1, " "1, " "1, " "1, " "1, " "1, " "1, " "1, " "1, " "1, " "1, " "1, " "1, " "1, " "1, " "1, " "1, " "1, " "1, " "1, " "1, " "1, " "1, " "1, " "1, " "1, " "1, " "1, " "1, " "1, " "1, " "1, " "1, " "1, " "1, " "1, " "1, " "1, " "1, " "1, " "1, " "1, " "1, " "1, " "1, " "1, " "1, " "1, " "1, " "1, " "1, " "1, " "1, " "1, " "1, " "1, "204
 "Nei240, 0.304, " "0.015, " "1, " "1, " "1, " "1, " "1, " "1, " "1, " "1, " "1, " "1, " "1, " "1, " "1, " "1, " "1, " "1, " "1, " "1, " "1, " "1, " "1, " "1, " "1, " "1, " "1, " "1, " "1, " "1, " "1, " "1, " "1, " "1, " "1, " "1, " "1, " "1, " "1, " "1, " "1, " "1, " "1, " "1, " "1, " "1, " "1, " "1, " "1, " "1, " "1, " "1, " "1, " "1, " "1, " "1, " "1, " "1, " "1, " "1, " "1, " "1, " "1, " "1, " "1, " "1, " "1, " "1, " "1, " "1, " "1, " "1, " "1, " "1, " "1, " "1, " "1, " "1, " "1, " "1, " "1, " "1, " "1, " "1, " "1, " "1, " "1, " "1, " "1, " "1, " "1, " "1, " "1, " "1, " "1, " "1, " "1, " "1, " "1, " "1, " "1, " "1, " "1, " "1, " "1, " "1, " "1, " "1, " "1, " "1, " "1, " "1, " "1, " "1, " "1, " "1, " "1, " "1, " "1, " "1, " "1, " "1, " "1, " "1, " "1, " "1, " "1, " "1, " "1, " "1, " "1, " "1, " "1, " "1, " "1, " "1, " "1, " "1, " "1, " "1, " "1, " "1, " "1, " "1, " "1, " "1, " "1, " "1, " "1, " "1, " "1, " "1, " "1, " "1, " "1, " "1, " "1, " "1, " "1, " "1, " "1, " "1, " "1, " "1, " "1, " "1, " "1, " "1, " "1, " "1, " "1, " "1, " "1, " "1, " "1, " "1, " "1, " "1, " "1, " "1, " "1, " "1, " "1, " "1, " "1, " "1, " "1, " "1, " "1, " "1, " "1, " "1, " "1, " "1, " "1, " "1, " "1, " "1, " "1, " "1, " "1, " "1, " "1, " "1, " "1, " "1, " "1, " "1, " "1, " "1, " "1, " "1, " "1, " "1, " "1, " "1, " "1, " "1, " "1, " "1, " "1, " "1, " "1, " "1, " "1, " "1, " "1, " "1, " "1, " "1, " "1, " "1, " "1, " "1, " "1, " "1, " "1, " "1, " "1, " "1, " "1, " "1, " "0, " "1, " "1, " "1, " "1, " "1, " "1, " "1, " "1, " "1, " "1, " "1, " "1, " "1, " "1, " "1, " "1, " "1, " "1, " "1, " "1, " "1, " "1, " "1, " "1, " "1, " "1, " "1, " "1, " "1, " "1, " "1, " "1, " "1, " "1, " "1, " "1, " "1, " "1, " "1, " "1, " "1, " "1, " "1, " "1, " "1, " "1, " "1, " "1, " "1, " "1, " "1, " "1, " "1, " "1, " "1, " "1, " "1, " "1, " "1, " "1, " "1, " "1, " "1, " "1, " "1, " "1, " "1, " "1, " "1, " "1, " "1, " "1, " "1, " "1, " "1, " "1, " "1, " "1, " "1, " "1, " "1, " "1, " "1, " "1, " "1, " "1, " "1, " "1, " "1, " "1, " "1, " "1, " "1, " "1, " "1, " "1, " "1, " "1, " "1, " "1, " "1, " "1, " "1, " "1, " "1, " "1, " "1, " "1, " "1, " "1, " "1, " "1, " "1, " "1, " "1, " "1, " "1, " "1, " "1, " "1, " "1, " "1, " "1, " "1, " "1, " "1, " "1, " "1, " "1, " "1, " "1, " "1, " "1, " "1, " "1, " "1, " "1, " "1, " "1, " "1, " "1, " "1, " "1, " "1, " "1, " "1, " "1, " "1, " "1, " "1, " "1, " "1, " "1, " "1, " "1, " "1, " "1, " "1, " "1, " "1, " "1, " "1, " "1, " "1, " "1, " "1, " "1, " "1, " "1, " "1, " "1, " "1, " "1, " "1, " "1, " "1, " "1, " "1, " "1, " "1, " "1, " "1, " "1, " "1, " "1, " "1, " "1, " "1, " "1, " "1, " "1, " "1, " "1, " "1, " "1, " "1, " "1, " "1, " "1, " "1, " "1, " "1, " "1, " "1, " "1, " "1, " "1, " "1, " "1, " "1, " "1, " "1, " "1, " "1, " "1, " "1, " "1, " "1, " "1, " "1, " "1, " "1, " "1, " "1, " "1, " "1, " "1, " "1, " "1, " "1, " "1, " "1, " "1, " "1, " "1, " "1, " "1, " "1, " "1, " "1, " "1, " "1, " "1, " "1, " "1, " "1, " "1, " "1, " "1, " "1, " "1, " "1, " "1, " "1, " "1, " "1, " "1, " "1, " "1, " "1, " "1, " "1, " "1, " "1, " "1, " "1, " "1, " "1, " "1, " "1, " "1, " "1, "204
 "Nei241, 0.087, " "0.015, " "1, " "1, " "1, " "1, " "1, " "1, " "1, " "1, " "1, " "1, " "1, " "1, " "1, " "1, " "1, " "1, " "1, " "1, " "1, " "1, " "1, " "1, " "1, " "1, " "1, " "1, " "1, " "1, " "1, " "1, " "1, " "1, " "1, " "1, " "1, " "1, " "1, " "1, " "1, " "1, " "1, " "1, " "1, " "1, " "1, " "1, " "1, " "1, " "1, " "1, " "1, " "1, " "1, " "1, " "1, " "1, " "1, " "1, " "1, " "1, " "1, " "1, " "1, " "1, " "1, " "1, " "1, " "1, " "1, " "1, " "1, " "1, " "1, " "1, " "1, " "1, " "1, " "1, " "1, " "1, " "1, " "1, " "1, " "1, " "1, " "1, " "1, " "1, " "1, " "1, " "1, " "1, " "1, " "1, " "1, " "1, " "1, " "1, " "1, " "1, " "1, " "1, " "1, " "1, " "1, " "1, " "1, " "1, " "1, " "1, " "1, " "1, " "1, " "1, " "1, " "1, " "1, " "1, " "1, " "1, " "1, " "1, " "1, " "1, " "1, " "1, " "1, " "1, " "1, " "1, " "1, " "1, " "1, " "1, " "1, " "1, " "1, " "1, " "1, " "1, " "1, " "1, " "1, " "1, " "1, " "1, " "1, " "1, " "1, " "1, " "1, " "1, " "1, " "1, " "1, " "1, " "1, " "1, " "1, " "1, " "1, " "1, " "1, " "1, " "1, " "1, " "1, " "1, " "1, " "1, " "1, " "1, " "1, " "1, " "1, " "1, " "1, " "1, " "1, " "1, " "1, " "1, " "1, " "1, " "1, " "1, " "1, " "1, " "1, " "1, " "1, " "1, " "1, " "1, " "1, " "1, " "1, " "1, " "1, " "1, " "1, " "1, " "1, " "1, " "1, " "1, " "1, " "1, " "1, " "1, " "1, " "1, " "1, " "1, " "1, " "1, " "1, " "1, " "1, " "1, " "1, " "1, " "1, " "1, " "1, " "1, " "1, " "1, " "1, " "1, " "1, " "1, " "1, " "1, " "1, " "1, " "1, " "1, " "1, " "1, " "1, " "0, " "1, " "1, " "1, " "1, " "1, " "1, " "1, " "1, " "1, " "1, " "1, " "1, " "1, " "1, " "1, " "1, " "1, " "1, " "1, " "1, " "1, " "1, " "1, " "1, " "1, " "1, " "1, " "1, " "1, " "1, " "1, " "1, " "1, " "1, " "1, " "1, " "1, " "1, " "1, " "1, " "1, " "1, " "1, " "1, " "1, " "1, " "1, " "1, " "1, " "1, " "1, " "1, " "1, " "1, " "1, " "1, " "1, " "1, " "1, " "1, " "1, " "1, " "1, " "1, " "1, " "1, " "1, " "1, " "1, " "1, " "1, " "1, " "1, " "1, " "1, " "1, " "1, " "1, " "1, " "1, " "1, " "1, " "1, " "1, " "1, " "1, " "1, " "1, " "1, " "1, " "1, " "1, " "1, " "1, " "1, " "1, " "1, " "1, " "1, " "1, " "1, " "1, " "1, " "1, " "1, " "1, " "1, " "1, " "1, " "1, " "1, " "1, " "1, " "1, " "1, " "1, " "1, " "1, " "1, " "1, " "1, " "1, " "1, " "1, " "1, " "1, " "1, " "1, " "1, " "1, " "1, " "1, " "1, " "1, " "1, " "1, " "1, " "1, " "1, " "1, " "1, " "1, " "1, " "1, " "1, " "1, " "1, " "1, " "1, " "1, " "1, " "1, " "1, " "1, " "1, " "1, " "1, " "1, " "1, " "1, " "1, " "1, " "1, " "1, " "1, " "1, " "1, " "1, " "1, " "1, " "1, " "1, " "1, " "1, " "1, " "1, " "1, " "1, " "1, " "1, " "1, " "1, " "1, " "1, " "1, " "1, " "1, " "1, " "1, " "1, " "1, " "1, " "1, " "1, " "1, " "1, " "1, " "1, " "1, " "1, " "1, " "1, " "1, " "1, " "1, " "1, " "1, " "1, " "1, " "1, " "1, " "1, " "1, " "1, " "1, " "1, " "1, " "1, " "1, " "1, " "1, " "1, " "1, " "1, " "1, " "1, " "1, " "1, " "1, " "1, " "1, " "1, " "1, " "1, " "1, " "1, " "1, " "1, " "1, " "1, " "1, " "1, " "1, " "1, " "1, " "1, " "1, " "1, " "1, " "1, " "1, " "1, " "1, " "1, " "1, " "1, " "1, " "1, " "1, " "1, " "1, " "1, " "1, " "1, " "1, " "1, " "1, " "1, " "1, " "1, " "1, "204
 "Nei242, 0.374, " "0.015, " "1, " "1, " "1, " "1, " "1, " "1, " "1, " "1, " "1, " "1, " "1, " "1, " "1, " "1, " "1, " "1, " "1, " "1, " "1, " "1, " "1, " "1, " "1, " "1, " "1, " "1, " "1, " "1, " "1, " "1, " "1, " "1, " "1, " "1, " "1, " "1, " "1, " "1, " "1, " "1, " "1, " "1, " "1, " "1, " "1, " "1, " "1, " "1, " "1, " "1, " "1, " "1, " "1, " "1, " "1, " "1, " "1, " "1, " "1, " "1, " "1, " "1, " "1, " "1, " "1, " "1, " "1, " "1, " "1, " "1, " "1, " "1, " "1, " "1, " "1, " "1, " "1, " "1, " "1, " "1, " "1, " "1, " "1, " "1, " "1, " "1, " "1, " "1, " "1, " "1, " "1, " "1, " "1, " "1, " "1, " "1, " "1, " "1, " "1, " "1, " "1, " "1, " "1, " "1, " "1, " "1, " "1, " "1, " "1, " "1, " "1, " "1, " "1, " "1, " "1, " "1, " "1, " "1, " "1, " "1, " "1, " "1, " "1, " "1, " "1, " "1, " "1, " "1, " "1, " "1, " "1, " "1, " "1, " "1, " "1, " "1, " "1, " "1, " "1, " "1, " "1, " "1, " "1, " "1, " "1, " "1, " "1, " "1, " "1, " "1, " "1, " "1, " "1, " "1, " "1, " "1, " "1, " "1, " "1, " "1, " "1, " "1, " "1, " "1, " "1, " "1, " "1, " "1, " "1, " "1, " "1, " "1, " "1, " "1, " "1, " "1, " "1, " "1, " "1, " "1, " "1, " "1, " "1, " "1, " "1, " "1, " "1, " "1, " "1, " "1, " "1, " "1, " "1, " "1, " "1, " "1, " "1, " "1, " "1, " "1, " "1, " "1, " "1, " "1, " "1, " "1, " "1, " "1, " "1, " "1, " "1, " "1, " "1, " "1, " "1, " "1, " "1, " "1, " "1, " "1, " "1, " "1, " "1, " "1, " "1, " "1, " "1, " "1, " "1, " "1, " "1, " "1, " "1, " "1, " "1, " "1, " "1, " "1, " "1, " "1, " "1, " "1, " "0, " "1, " "1, " "1, " "1, " "1, " "1, " "1, " "1, " "1, " "1, " "1, " "1, " "1, " "1, " "1, " "1, " "1, " "1, " "1, " "1, " "1, " "1, " "1, " "1, " "1, " "1, " "1, " "1, " "1, " "1, " "1, " "1, " "1, " "1, " "1, " "1, " "1, " "1, " "1, " "1, " "1, " "1, " "1, " "1, " "1, " "1, " "1, " "1, " "1, " "1, " "1, " "1, " "1, " "1, " "1, " "1, " "1, " "1, " "1, " "1, " "1, " "1, " "1, " "1, " "1, " "1, " "1, " "1, " "1, " "1, " "1, " "1, " "1, " "1, " "1, " "1, " "1, " "1, " "1, " "1, " "1, " "1, " "1, " "1, " "1, " "1, " "1, " "1, " "1, " "1, " "1, " "1, " "1, " "1, " "1, " "1, " "1, " "1, " "1, " "1, " "1, " "1, " "1, " "1, " "1, " "1, " "1, " "1, " "1, " "1, " "1, " "1, " "1, " "1, " "1, " "1, " "1, " "1, " "1, " "1, " "1, " "1, " "1, " "1, " "1, " "1, " "1, " "1, " "1, " "1, " "1, " "1, " "1, " "1, " "1, " "1, " "1, " "1, " "1, " "1, " "1, " "1, " "1, " "1, " "1, " "1, " "1, " "1, " "1, " "1, " "1, " "1, " "1, " "1, " "1, " "1, " "1, " "1, " "1, " "1, " "1, " "1, " "1, " "1, " "1, " "1, " "1, " "1, " "1, " "1, " "1, " "1, " "1, " "1, " "1, " "1, " "1, " "1, " "1, " "1, " "1, " "1, " "1, " "1, " "1, " "1, " "1, " "1, " "1, " "1, " "1, " "1, " "1, " "1, " "1, " "1, " "1, " "1, " "1, " "1, " "1, " "1, " "1, " "1, " "1, " "1, " "1, " "1, " "1, " "1, " "1, " "1, " "1, " "1, " "1, " "1, " "1, " "1, " "1, " "1, " "1, " "1, " "1, " "1, " "1, " "1, " "1, " "1, " "1, " "1, " "1, " "1, " "1, " "1, " "1, " "1, " "1, " "1, " "1, " "1, " "1, " "1, " "1, " "1, " "1, " "1, " "1, " "1, " "1, " "1, " "1, " "1, " "1, " "1, " "1, " "1, " "1, " "1, " "1, " "1, " "1, " "1, " "1, " "1, " "1, " "1, " "1, " "1, " "1, " "1, "204
 "Nei243, 0.108, " "0.015, " "1, " "1, " "1, " "1, " "1, " "1, " "1, " "1, " "1, " "1, " "1, " "1, " "1, " "1, " "1, " "1, " "1, " "1, " "1, " "1, " "1, " "1, " "1, " "1, " "1, " "1, " "1, " "1, " "1, " "1, " "1, " "1, " "1, " "1, " "1, " "1, " "1, " "1, " "1, " "1, " "1, " "1, " "1, " "1, " "1, " "1, " "1, " "1, " "1, " "1, " "1, " "1, " "1, " "1, " "1, " "1, " "1, " "1, " "1, " "1, " "1, " "1, " "1, " "1, " "1, " "1, " "1, " "1, " "1, " "1, " "1, " "1, " "1, " "1, " "1, " "1, " "1, " "1, " "1, " "1, " "1, " "1, " "1, " "1, " "1, " "1, " "1, " "1, " "1, " "1, " "1, " "1, " "1, " "1, " "1, " "1, " "1, " "1, " "1, " "1, " "1, " "1, " "1, " "1, " "1, " "1, " "1, " "1, " "1, " "1, " "1, " "1, " "1, " "1, " "1, " "1, " "1, " "1, " "1, " "1, " "1, " "1, " "1, " "1, " "1, " "1, " "1, " "1, " "1, " "1, " "1, " "1, " "1, " "1, " "1, " "1, " "1, " "1, " "1, " "1, " "1, " "1, " "1, " "1, " "1, " "1, " "1, " "1, " "1, " "1, " "1, " "1, " "1, " "1, " "1, " "1, " "1, " "1, " "1, " "1, " "1, " "1, " "1, " "1, " "1, " "1, " "1, " "1, " "1, " "1, " "1, " "1, " "1, " "1, " "1, " "1, " "1, " "1, " "1, " "1, " "1, " "1, " "1, " "1, " "1, " "1, " "1, " "1, " "1, " "1, " "1, " "1, " "1, " "1, " "1, " "1, " "1, " "1, " "1, " "1, " "1, " "1, " "1, " "1, " "1, " "1, " "1, " "1, " "1, " "1, " "1, " "1, " "1, " "1, " "1, " "1, " "1, " "1, " "1, " "1, " "1, " "1, " "1, " "1, " "1, " "1, " "1, " "1, " "1, " "1, " "1, " "1, " "1, " "1, " "1, " "1, " "1, " "1, " "1, " "1, " "1, " "1, " "1, " "0, " "1, " "1, " "1, " "1, " "1, " "1, " "1, " "1, " "1, " "1, " "1, " "1, " "1, " "1, " "1, " "1, " "1, " "1, " "1, " "1, " "1, " "1, " "1, " "1, " "1, " "1, " "1, " "1, " "1, " "1, " "1, " "1, " "1, " "1, " "1, " "1, " "1, " "1, " "1, " "1, " "1, " "1, " "1, " "1, " "1, " "1, " "1, " "1, " "1, " "1, " "1, " "1, " "1, " "1, " "1, " "1, " "1, " "1, " "1, " "1, " "1, " "1, " "1, " "1, " "1, " "1, " "1, " "1, " "1, " "1, " "1, " "1, " "1, " "1, " "1, " "1, " "1, " "1, " "1, " "1, " "1, " "1, " "1, " "1, " "1, " "1, " "1, " "1, " "1, " "1, " "1, " "1, " "1, " "1, " "1, " "1, " "1, " "1, " "1, " "1, " "1, " "1, " "1, " "1, " "1, " "1, " "1, " "1, " "1, " "1, " "1, " "1, " "1, " "1, " "1, " "1, " "1, " "1, " "1, " "1, " "1, " "1, " "1, " "1, " "1, " "1, " "1, " "1, " "1, " "1, " "1, " "1, " "1, " "1, " "1, " "1, " "1, " "1, " "1, " "1, " "1, " "1, " "1, " "1, " "1, " "1, " "1, " "1, " "1, " "1, " "1, " "1, " "1, " "1, " "1, " "1, " "1, " "1, " "1, " "1, " "1, " "1, " "1, " "1, " "1, " "1, " "1, " "1, " "1, " "1, " "1, " "1, " "1, " "1, " "1, " "1, " "1, " "1, " "1, " "1, " "1, " "1, " "1, " "1, " "1, " "1, " "1, " "1, " "1, " "1, " "1, " "1, " "1, " "1, " "1, " "1, " "1, " "1, " "1, " "1, " "1, " "1, " "1, " "1, " "1, " "1, " "1, " "1, " "1, " "1, " "1, " "1, " "1, " "1, " "1, " "1, " "1, " "1, " "1, " "1, " "1, " "1, " "1, " "1, " "1, " "1, " "1, " "1, " "1, " "1, " "1, " "1, " "1, " "1, " "1, " "1, " "1, " "1, " "1, " "1, " "1, " "1, " "1, " "1, " "1, " "1, " "1, " "1, " "1, " "1, " "1, " "1, " "1, " "1, " "1, " "1, " "1, " "1, " "1, " "1, " "1, " "1, " "1, " "1, " "1, " "1, " "1, " "1, " "1, "204
 "Nei244, 0.205, " "0.015, " "1, " "1, " "1, " "1, " "1, " "1, " "1, " "1, " "1, " "1, " "1, " "1, " "1, " "1, " "1, " "1, " "1, " "1, " "1, " "1, " "1, " "1, " "1, " "1, " "1, " "1, " "1, " "1, " "1, " "1, " "1, " "1, " "1, " "1, " "1, " "1, " "1, " "1, " "1, " "1, " "1, " "1, " "1, " "1, " "1, " "1, " "1, " "1, " "1, " "1, " "1, " "1, " "1, " "1, " "1, " "1, " "1, " "1, " "1, " "1, " "1, " "1, " "1, " "1, " "1, " "1, " "1, " "1, " "1, " "1, " "1, " "1, " "1, " "1, " "1, " "1, " "1, " "1, " "1, " "1, " "1, " "1, " "1, " "1, " "1, " "1, " "1, " "1, " "1, " "1, " "1, " "1, " "1, " "1, " "1, " "1, " "1, " "1, " "1, " "1, " "1, " "1, " "1, " "1, " "1, " "1, " "1, " "1, " "1, " "1, " "1, " "1, " "1, " "1, " "1, " "1, " "1, " "1, " "1, " "1, " "1, " "1, " "1, " "1, " "1, " "1, " "1, " "1, " "1, " "1, " "1, " "1, " "1, " "1, " "1, " "1, " "1, " "1, " "1, " "1, " "1, " "1, " "1, " "1, " "1, " "1, " "1, " "1, " "1, " "1, " "1, " "1, " "1, " "1, " "1, " "1, " "1, " "1, " "1, " "1, " "1, " "1, " "1, " "1, " "1, " "1, " "1, " "1, " "1, " "1, " "1, " "1, " "1, " "1, " "1, " "1, " "1, " "1, " "1, " "1, " "1, " "1, " "1, " "1, " "1, " "1, " "1, " "1, " "1, " "1, " "1, " "1, " "1, " "1, " "1, " "1, " "1, " "1, " "1, " "1, " "1, " "1, " "1, " "1, " "1, " "1, " "1, " "1, " "1, " "1, " "1, " "1, " "1, " "1, " "1, " "1, " "1, " "1, " "1, " "1, " "1, " "1, " "1, " "1, " "1, " "1, " "1, " "1, " "1, " "1, " "1, " "1, " "1, " "1, " "1, " "1, " "1, " "1, " "1, " "1, " "1, " "1, " "1, " "1, " "0, " "1, " "1, " "1, " "1, " "1, " "1, " "1, " "1, " "1, " "1, " "1, " "1, " "1, " "1, " "1, " "1, " "1, " "1, " "1, " "1, " "1, " "1, " "1, " "1, " "1, " "1, " "1, " "1, " "1, " "1, " "1, " "1, " "1, " "1, " "1, " "1, " "1, " "1, " "1, " "1, " "1, " "1, " "1, " "1, " "1, " "1, " "1, " "1, " "1, " "1, " "1, " "1, " "1, " "1, " "1, " "1, " "1, " "1, " "1, " "1, " "1, " "1, " "1, " "1, " "1, " "1, " "1, " "1, " "1, " "1, " "1, " "1, " "1, " "1, " "1, " "1, " "1, " "1, " "1, " "1, " "1, " "1, " "1, " "1, " "1, " "1, " "1, " "1, " "1, " "1, " "1, " "1, " "1, " "1, " "1, " "1, " "1, " "1, " "1, " "1, " "1, " "1, " "1, " "1, " "1, " "1, " "1, " "1, " "1, " "1, " "1, " "1, " "1, " "1, " "1, " "1, " "1, " "1, " "1, " "1, " "1, " "1, " "1, " "1, " "1, " "1, " "1, " "1, " "1, " "1, " "1, " "1, " "1, " "1, " "1, " "1, " "1, " "1, " "1, " "1, " "1, " "1, " "1, " "1, " "1, " "1, " "1, " "1, " "1, " "1, " "1, " "1, " "1, " "1, " "1, " "1, " "1, " "1, " "1, " "1, " "1, " "1, " "1, " "1, " "1, " "1, " "1, " "1, " "1, " "1, " "1, " "1, " "1, " "1, " "1, " "1, " "1, " "1, " "1, " "1, " "1, " "1, " "1, " "1, " "1, " "1, " "1, " "1, " "1, " "1, " "1, " "1, " "1, " "1, " "1, " "1, " "1, " "1, " "1, " "1, " "1, " "1, " "1, " "1, " "1, " "1, " "1, " "1, " "1, " "1, " "1, " "1, " "1, " "1, " "1, " "1, " "1, " "1, " "1, " "1, " "1, " "1, " "1, " "1, " "1, " "1, " "1, " "1, " "1, " "1, " "1, " "1, " "1, " "1, " "1, " "1, " "1, " "1, " "1, " "1, " "1, " "1, " "1, " "1, " "1, " "1, " "1, " "1, " "1, " "1, " "1, " "1, " "1, " "1, " "1, " "1, " "1, " "1, " "1, " "1, " "1, " "1, " "1, " "1, " "1, " "1, " "1, " "1, "204
 "Nei245, 0.254, " "0.015, " "1, " "1, " "1, " "1, " "1, " "1, " "1, " "1, " "1, " "1, " "1, " "1, " "1, " "1, " "1, " "1, " "1, " "1, " "1, " "1, " "1, " "1, " "1, " "1, " "1, " "1, " "1, " "1, " "1, " "1, " "1, " "1, " "1, " "1, " "1, " "1, " "1, " "1, " "1, " "1, " "1, " "1, " "1, " "1, " "1, " "1, " "1, " "1, " "1, " "1, " "1, " "1, " "1, " "1, " "1, " "1, " "1, " "1, " "1, " "1, " "1, " "1, " "1, " "1, " "1, " "1, " "1, " "1, " "1, " "1, " "1, " "1, " "1, " "1, " "1, " "1, " "1, " "1, " "1, " "1, " "1, " "1, " "1, " "1, " "1, " "1, " "1, " "1, " "1, " "1, " "1, " "1, " "1, " "1, " "1, " "1, " "1, " "1, " "1, " "1, " "1, " "1, " "1, " "1, " "1, " "1, " "1, " "1, " "1, " "1, " "1, " "1, " "1, " "1, " "1, " "1, " "1, " "1, " "1, " "1, " "1, " "1, " "1, " "1, " "1, " "1, " "1, " "1, " "1, " "1, " "1, " "1, " "1, " "1, " "1, " "1, " "1, " "1, " "1, " "1, " "1, " "1, " "1, " "1, " "1, " "1, " "1, " "1, " "1, " "1, " "1, " "1, " "1, " "1, " "1, " "1, " "1, " "1, " "1, " "1, " "1, " "1, " "1, " "1, " "1, " "1, " "1, " "1, " "1, " "1, " "1, " "1, " "1, " "1, " "1, " "1, " "1, " "1, " "1, " "1, " "1, " "1, " "1, " "1, " "1, " "1, " "1, " "1, " "1, " "1, " "1, " "1, " "1, " "1, " "1, " "1, " "1, " "1, " "1, " "1, " "1, " "1, " "1, " "1, " "1, " "1, " "1, " "1, " "1, " "1, " "1, " "1, " "1, " "1, " "1, " "1, " "1, " "1, " "1, " "1, " "1, " "1, " "1, " "1, " "1, " "1, " "1, " "1, " "1, " "1, " "1, " "1, " "1, " "1, " "1, " "1, " "1, " "1, " "1, " "1, " "1, " "1, " "1, " "1, " "1, " "0, " "1, " "1, " "1, " "1, " "1, " "1, " "1, " "1, " "1, " "1, " "1, " "1, " "1, " "1, " "1, " "1, " "1, " "1, " "1, " "1, " "1, " "1, " "1, " "1, " "1, " "1, " "1, " "1, " "1, " "1, " "1, " "1, " "1, " "1, " "1, " "1, " "1, " "1, " "1, " "1, " "1, " "1, " "1, " "1, " "1, " "1, " "1, " "1, " "1, " "1, " "1, " "1, " "1, " "1, " "1, " "1, " "1, " "1, " "1, " "1, " "1, " "1, " "1, " "1, " "1, " "1, " "1, " "1, " "1, " "1, " "1, " "1, " "1, " "1, " "1, " "1, " "1, " "1, " "1, " "1, " "1, " "1, " "1, " "1, " "1, " "1, " "1, " "1, " "1, " "1, " "1, " "1, " "1, " "1, " "1, " "1, " "1, " "1, " "1, " "1, " "1, " "1, " "1, " "1, " "1, " "1, " "1, " "1, " "1, " "1, " "1, " "1, " "1, " "1, " "1, " "1, " "1, " "1, " "1, " "1, " "1, " "1, " "1, " "1, " "1, " "1, " "1, " "1, " "1, " "1, " "1, " "1, " "1, " "1, " "1, " "1, " "1, " "1, " "1, " "1, " "1, " "1, " "1, " "1, " "1, " "1, " "1, " "1, " "1, " "1, " "1, " "1, " "1, " "1, " "1, " "1, " "1, " "1, " "1, " "1, " "1, " "1, " "1, " "1, " "1, " "1, " "1, " "1, " "1, " "1, " "1, " "1, " "1, " "1, " "1, " "1, " "1, " "1, " "1, " "1, " "1, " "1, " "1, " "1, " "1, " "1, " "1, " "1, " "1, " "1, " "1, " "1, " "1, " "1, " "1, " "1, " "1, " "1, " "1, " "1, " "1, " "1, " "1, " "1, " "1, " "1, " "1, " "1, " "1, " "1, " "1, " "1, " "1, " "1, " "1, " "1, " "1, " "1, " "1, " "1, " "1, " "1, " "1, " "1, " "1, " "1, " "1, " "1, " "1, " "1, " "1, " "1, " "1, " "1, " "1, " "1, " "1, " "1, " "1, " "1, " "1, " "1, " "1, " "1, " "1, " "1, " "1, " "1, " "1, " "1, " "1, " "1, " "1, " "1, " "1, " "1, " "1, " "1, " "1, " "1, " "1, " "1, " "1, " "1, " "1, " "1, " "1, "204
 "Nei246, 0.324, " "0.015, " "1, " "1, " "1, " "1, " "1, " "1, " "1, " "1, " "1, " "1, " "1, " "1, " "1, " "1, " "1, " "1, " "1, " "1, " "1, " "1, " "1, " "1, " "1, " "1, " "1, " "1, " "1, " "1, " "1, " "1, " "1, " "1, " "1, " "1, " "1, " "1, " "1, " "1, " "1, " "1, " "1, " "1, " "1, " "1, " "1, " "1, " "1, " "1, " "1, " "1, " "1, " "1, " "1, " "1, " "1, " "1, " "1, " "1, " "1, " "1, " "1, " "1, " "1, " "1, " "1, " "1, " "1, " "1, " "1, " "1, " "1, " "1, " "1, " "1, " "1, " "1, " "1, " "1, " "1, " "1, " "1, " "1, " "1, " "1, " "1, " "1, " "1, " "1, " "1, " "1, " "1, " "1, " "1, " "1, " "1, " "1, " "1, " "1, " "1, " "1, " "1, " "1, " "1, " "1, " "1, " "1, " "1, " "1, " "1, " "1, " "1, " "1, " "1, " "1, " "1, " "1, " "1, " "1, " "1, " "1, " "1, " "1, " "1, " "1, " "1, " "1, " "1, " "1, " "1, " "1, " "1, " "1, " "1, " "1, " "1, " "1, " "1, " "1, " "1, " "1, " "1, " "1, " "1, " "1, " "1, " "1, " "1, " "1, " "1, " "1, " "1, " "1, " "1, " "1, " "1, " "1, " "1, " "1, " "1, " "1, " "1, " "1, " "1, " "1, " "1, " "1, " "1, " "1, " "1, " "1, " "1, " "1, " "1, " "1, " "1, " "1, " "1, " "1, " "1, " "1, " "1, " "1, " "1, " "1, " "1, " "1, " "1, " "1, " "1, " "1, " "1, " "1, " "1, " "1, " "1, " "1, " "1, " "1, " "1, " "1, " "1, " "1, " "1, " "1, " "1, " "1, " "1, " "1, " "1, " "1, " "1, " "1, " "1, " "1, " "1, " "1, " "1, " "1, " "1, " "1, " "1, " "1, " "1, " "1, " "1, " "1, " "1, " "1, " "1, " "1, " "1, " "1, " "1, " "1, " "1, " "1, " "1, " "1, " "1, " "1, " "1, " "1, " "1, " "1, " "1, " "1, " "0, " "1, " "1, " "1, " "1, " "1, " "1, " "1, " "1, " "1, " "1, " "1, " "1, " "1, " "1, " "1, " "1, " "1, " "1, " "1, " "1, " "1, " "1, " "1, " "1, " "1, " "1, " "1, " "1, " "1, " "1, " "1, " "1, " "1, " "1, " "1, " "1, " "1, " "1, " "1, " "1, " "1, " "1, " "1, " "1, " "1, " "1, " "1, " "1, " "1, " "1, " "1, " "1, " "1, " "1, " "1, " "1, " "1, " "1, " "1, " "1, " "1, " "1, " "1, " "1, " "1, " "1, " "1, " "1, " "1, " "1, " "1, " "1, " "1, " "1, " "1, " "1, " "1, " "1, " "1, " "1, " "1, " "1, " "1, " "1, " "1, " "1, " "1, " "1, " "1, " "1, " "1, " "1, " "1, " "1, " "1, " "1, " "1, " "1, " "1, " "1, " "1, " "1, " "1, " "1, " "1, " "1, " "1, " "1, " "1, " "1, " "1, " "1, " "1, " "1, " "1, " "1, " "1, " "1, " "1, " "1, " "1, " "1, " "1, " "1, " "1, " "1, " "1, " "1, " "1, " "1, " "1, " "1, " "1, " "1, " "1, " "1, " "1, " "1, " "1, " "1, " "1, " "1, " "1, " "1, " "1, " "1, " "1, " "1, " "1, " "1, " "1, " "1, " "1, " "1, " "1, " "1, " "1, " "1, " "1, " "1, " "1, " "1, " "1, " "1, " "1, " "1, " "1, " "1, " "1, " "1, " "1, " "1, " "1, " "1, " "1, " "1, " "1, " "1, " "1, " "1, " "1, " "1, " "1, " "1, " "1, " "1, " "1, " "1, " "1, " "1, " "1, " "1, " "1, " "1, " "1, " "1, " "1, " "1, " "1, " "1, " "1, " "1, " "1, " "1, " "1, " "1, " "1, " "1, " "1, " "1, " "1, " "1, " "1, " "1, " "1, " "1, " "1, " "1, " "1, " "1, " "1, " "1, " "1, " "1, " "1, " "1, " "1, " "1, " "1, " "1, " "1, " "1, " "1, " "1, " "1, " "1, " "1, " "1, " "1, " "1, " "1, " "1, " "1, " "1, " "1, " "1, " "1, " "1, " "1, " "1, " "1, " "1, " "1, " "1, " "1, " "1, " "1, " "1, " "1, " "1, " "1, " "1, " "1, " "1, " "1, " "1, "204
 "Nei247, 0, " "0.015, " "1, " "1, " "1, " "1, " "1, " "1, " "1, " "1, " "1, " "1, " "1, " "1, " "1, " "1, " "1, " "1, " "1, " "1, " "1, " "1, " "1, " "1, " "1, " "1, " "1, " "1, " "1, " "1, " "1, " "1, " "1, " "1, " "1, " "1, " "1, " "1, " "1, " "1, " "1, " "1, " "1, " "1, " "1, " "1, " "1, " "1, " "1, " "1, " "1, " "1, " "1, " "1, " "1, " "1, " "1, " "1, " "1, " "1, " "1, " "1, " "1, " "1, " "1, " "1, " "1, " "1, " "1, " "1, " "1, " "1, " "1, " "1, " "1, " "1, " "1, " "1, " "1, " "1, " "1, " "1, " "1, " "1, " "1, " "1, " "1, " "1, " "1, " "1, " "1, " "1, " "1, " "1, " "1, " "1, " "1, " "1, " "1, " "1, " "1, " "1, " "1, " "1, " "1, " "1, " "1, " "1, " "1, " "1, " "1, " "1, " "1, " "1, " "1, " "1, " "1, " "1, " "1, " "1, " "1, " "1, " "1, " "1, " "1, " "1, " "1, " "1, " "1, " "1, " "1, " "1, " "1, " "1, " "1, " "1, " "1, " "1, " "1, " "1, " "1, " "1, " "1, " "1, " "1, " "1, " "1, " "1, " "1, " "1, " "1, " "1, " "1, " "1, " "1, " "1, " "1, " "1, " "1, " "1, " "1, " "1, " "1, " "1, " "1, " "1, " "1, " "1, " "1, " "1, " "1, " "1, " "1, " "1, " "1, " "1, " "1, " "1, " "1, " "1, " "1, " "1, " "1, " "1, " "1, " "1, " "1, " "1, " "1, " "1, " "1, " "1, " "1, " "1, " "1, " "1, " "1, " "1, " "1, " "1, " "1, " "1, " "1, " "1, " "1, " "1, " "1, " "1, " "1, " "1, " "1, " "1, " "1, " "1, " "1, " "1, " "1, " "1, " "1, " "1, " "1, " "1, " "1, " "1, " "1, " "1, " "1, " "1, " "1, " "1, " "1, " "1, " "1, " "1, " "1, " "1, " "1, " "1, " "1, " "1, " "1, " "1, " "1, " "1, " "1, " "1, " "1, " "1, " "1, " "0, " "1, " "1, " "1, " "1, " "1, " "1, " "1, " "1, " "1, " "1, " "1, " "1, " "1, " "1, " "1, " "1, " "1, " "1, " "1, " "1, " "1, " "1, " "1, " "1, " "1, " "1, " "1, " "1, " "1, " "1, " "1, " "1, " "1, " "1, " "1, " "1, " "1, " "1, " "1, " "1, " "1, " "1, " "1, " "1, " "1, " "1, " "1, " "1, " "1, " "1, " "1, " "1, " "1, " "1, " "1, " "1, " "1, " "1, " "1, " "1, " "1, " "1, " "1, " "1, " "1, " "1, " "1, " "1, " "1, " "1, " "1, " "1, " "1, " "1, " "1, " "1, " "1, " "1, " "1, " "1, " "1, " "1, " "1, " "1, " "1, " "1, " "1, " "1, " "1, " "1, " "1, " "1, " "1, " "1, " "1, " "1, " "1, " "1, " "1, " "1, " "1, " "1, " "1, " "1, " "1, " "1, " "1, " "1, " "1, " "1, " "1, " "1, " "1, " "1, " "1, " "1, " "1, " "1, " "1, " "1, " "1, " "1, " "1, " "1, " "1, " "1, " "1, " "1, " "1, " "1, " "1, " "1, " "1, " "1, " "1, " "1, " "1, " "1, " "1, " "1, " "1, " "1, " "1, " "1, " "1, " "1, " "1, " "1, " "1, " "1, " "1, " "1, " "1, " "1, " "1, " "1, " "1, " "1, " "1, " "1, " "1, " "1, " "1, " "1, " "1, " "1, " "1, " "1, " "1, " "1, " "1, " "1, " "1, " "1, " "1, " "1, " "1, " "1, " "1, " "1, " "1, " "1, " "1, " "1, " "1, " "1, " "1, " "1, " "1, " "1, " "1, " "1, " "1, " "1, " "1, " "1, " "1, " "1, " "1, " "1, " "1, " "1, " "1, " "1, " "1, " "1, " "1, " "1, " "1, " "1, " "1, " "1, " "1, " "1, " "1, " "1, " "1, " "1, " "1, " "1, " "1, " "1, " "1, " "1, " "1, " "1, " "1, " "1, " "1, " "1, " "1, " "1, " "1, " "1, " "1, " "1, " "1, " "1, " "1, " "1, " "1, " "1, " "1, " "1, " "1, " "1, " "1, " "1, " "1, " "1, " "1, " "1, " "1, " "1, " "1, " "1, " "1, " "1, " "1, " "1, " "1, " "1, " "1, " "1, " "1, "204
 "Nei248, 0.302, " "0.015, " "1, " "1, " "1, " "1, " "1, " "1, " "1, " "1, " "1, " "1, " "1, " "1, " "1, " "1, " "1, " "1, " "1, " "1, " "1, " "1, " "1, " "1, " "1, " "1, " "1, " "1, " "1, " "1, " "1, " "1, " "1, " "1, " "1, " "1, " "1, " "1, " "1, " "1, " "1, " "1, " "1, " "1, " "1, " "1, " "1, " "1, " "1, " "1, " "1, " "1, " "1, " "1, " "1, " "1, " "1, " "1, " "1, " "1, " "1, " "1, " "1, " "1, " "1, " "1, " "1, " "1, " "1, " "1, " "1, " "1, " "1, " "1, " "1, " "1, " "1, " "1, " "1, " "1, " "1, " "1, " "1, " "1, " "1, " "1, " "1, " "1, " "1, " "1, " "1, " "1, " "1, " "1, " "1, " "1, " "1, " "1, " "1, " "1, " "1, " "1, " "1, " "1, " "1, " "1, " "1, " "1, " "1, " "1, " "1, " "1, " "1, " "1, " "1, " "1, " "1, " "1, " "1, " "1, " "1, " "1, " "1, " "1, " "1, " "1, " "1, " "1, " "1, " "1, " "1, " "1, " "1, " "1, " "1, " "1, " "1, " "1, " "1, " "1, " "1, " "1, " "1, " "1, " "1, " "1, " "1, " "1, " "1, " "1, " "1, " "1, " "1, " "1, " "1, " "1, " "1, " "1, " "1, " "1, " "1, " "1, " "1, " "1, " "1, " "1, " "1, " "1, " "1, " "1, " "1, " "1, " "1, " "1, " "1, " "1, " "1, " "1, " "1, " "1, " "1, " "1, " "1, " "1, " "1, " "1, " "1, " "1, " "1, " "1, " "1, " "1, " "1, " "1, " "1, " "1, " "1, " "1, " "1, " "1, " "1, " "1, " "1, " "1, " "1, " "1, " "1, " "1, " "1, " "1, " "1, " "1, " "1, " "1, " "1, " "1, " "1, " "1, " "1, " "1, " "1, " "1, " "1, " "1, " "1, " "1, " "1, " "1, " "1, " "1, " "1, " "1, " "1, " "1, " "1, " "1, " "1, " "1, " "1, " "1, " "1, " "1, " "1, " "1, " "1, " "1, " "1, " "1, " "1, " "1, " "0, " "1, " "1, " "1, " "1, " "1, " "1, " "1, " "1, " "1, " "1, " "1, " "1, " "1, " "1, " "1, " "1, " "1, " "1, " "1, " "1, " "1, " "1, " "1, " "1, " "1, " "1, " "1, " "1, " "1, " "1, " "1, " "1, " "1, " "1, " "1, " "1, " "1, " "1, " "1, " "1, " "1, " "1, " "1, " "1, " "1, " "1, " "1, " "1, " "1, " "1, " "1, " "1, " "1, " "1, " "1, " "1, " "1, " "1, " "1, " "1, " "1, " "1, " "1, " "1, " "1, " "1, " "1, " "1, " "1, " "1, " "1, " "1, " "1, " "1, " "1, " "1, " "1, " "1, " "1, " "1, " "1, " "1, " "1, " "1, " "1, " "1, " "1, " "1, " "1, " "1, " "1, " "1, " "1, " "1, " "1, " "1, " "1, " "1, " "1, " "1, " "1, " "1, " "1, " "1, " "1, " "1, " "1, " "1, " "1, " "1, " "1, " "1, " "1, " "1, " "1, " "1, " "1, " "1, " "1, " "1, " "1, " "1, " "1, " "1, " "1, " "1, " "1, " "1, " "1, " "1, " "1, " "1, " "1, " "1, " "1, " "1, " "1, " "1, " "1, " "1, " "1, " "1, " "1, " "1, " "1, " "1, " "1, " "1, " "1, " "1, " "1, " "1, " "1, " "1, " "1, " "1, " "1, " "1, " "1, " "1, " "1, " "1, " "1, " "1, " "1, " "1, " "1, " "1, " "1, " "1, " "1, " "1, " "1, " "1, " "1, " "1, " "1, " "1, " "1, " "1, " "1, " "1, " "1, " "1, " "1, " "1, " "1, " "1, " "1, " "1, " "1, " "1, " "1, " "1, " "1, " "1, " "1, " "1, " "1, " "1, " "1, " "1, " "1, " "1, " "1, " "1, " "1, " "1, " "1, " "1, " "1, " "1, " "1, " "1, " "1, " "1, " "1, " "1, " "1, " "1, " "1, " "1, " "1, " "1, " "1, " "1, " "1, " "1, " "1, " "1, " "1, " "1, " "1, " "1, " "1, " "1, " "1, " "1, " "1, " "1, " "1, " "1, " "1, " "1, " "1, " "1, " "1, " "1, " "1, " "1, " "1, " "1, " "1, " "1, " "1, " "1, " "1, " "1, " "1, " "1, " "1, " "1, " "1, " "1, "204
 "Nei249, 0.013, " "0.015, " "1, " "1, " "1, " "1, " "1, " "1, " "1, " "1, " "1, " "1, " "1, " "1, " "1, " "1, " "1, " "1, " "1, " "1, " "1, " "1, " "1, " "1, " "1, " "1, " "1, " "1, " "1, " "1, " "1, " "1, " "1, " "1, " "1, " "1, " "1, " "1, " "1, " "1, " "1, " "1, " "1, " "1, " "1, " "1, " "1, " "1, " "1, " "1, " "1, " "1, " "1, " "1, " "1, " "1, " "1, " "1, " "1, " "1, " "1, " "1, " "1, " "1, " "1, " "1, " "1, " "1, " "1, " "1, " "1, " "1, " "1, " "1, " "1, " "1, " "1, " "1, " "1, " "1, " "1, " "1, " "1, " "1, " "1, " "1, " "1, " "1, " "1, " "1, " "1, " "1, " "1, " "1, " "1, " "1, " "1, " "1, " "1, " "1, " "1, " "1, " "1, " "1, " "1, " "1, " "1, " "1, " "1, " "1, " "1, " "1, " "1, " "1, " "1, " "1, " "1, " "1, " "1, " "1, " "1, " "1, " "1, " "1, " "1, " "1, " "1, " "1, " "1, " "1, " "1, " "1, " "1, " "1, " "1, " "1, " "1, " "1, " "1, " "1, " "1, " "1, " "1, " "1, " "1, " "1, " "1, " "1, " "1, " "1, " "1, " "1, " "1, " "1, " "1, " "1, " "1, " "1, " "1, " "1, " "1, " "1, " "1, " "1, " "1, " "1, " "1, " "1, " "1, " "1, " "1, " "1, " "1, " "1, " "1, " "1, " "1, " "1, " "1, " "1, " "1, " "1, " "1, " "1, " "1, " "1, " "1, " "1, " "1, " "1, " "1, " "1, " "1, " "1, " "1, " "1, " "1, " "1, " "1, " "1, " "1, " "1, " "1, " "1, " "1, " "1, " "1, " "1, " "1, " "1, " "1, " "1, " "1, " "1, " "1, " "1, " "1, " "1, " "1, " "1, " "1, " "1, " "1, " "1, " "1, " "1, " "1, " "1, " "1, " "1, " "1, " "1, " "1, " "1, " "1, " "1, " "1, " "1, " "1, " "1, " "1, " "1, " "1, " "1, " "1, " "1, " "1, " "1, " "1, " "1, " "1, " "0, " "1, " "1, " "1, " "1, " "1, " "1, " "1, " "1, " "1, " "1, " "1, " "1, " "1, " "1, " "1, " "1, " "1, " "1, " "1, " "1, " "1, " "1, " "1, " "1, " "1, " "1, " "1, " "1, " "1, " "1, " "1, " "1, " "1, " "1, " "1, " "1, " "1, " "1, " "1, " "1, " "1, " "1, " "1, " "1, " "1, " "1, " "1, " "1, " "1, " "1, " "1, " "1, " "1, " "1, " "1, " "1, " "1, " "1, " "1, " "1, " "1, " "1, " "1, " "1, " "1, " "1, " "1, " "1, " "1, " "1, " "1, " "1, " "1, " "1, " "1, " "1, " "1, " "1, " "1, " "1, " "1, " "1, " "1, " "1, " "1, " "1, " "1, " "1, " "1, " "1, " "1, " "1, " "1, " "1, " "1, " "1, " "1, " "1, " "1, " "1, " "1, " "1, " "1, " "1, " "1, " "1, " "1, " "1, " "1, " "1, " "1, " "1, " "1, " "1, " "1, " "1, " "1, " "1, " "1, " "1, " "1, " "1, " "1, " "1, " "1, " "1, " "1, " "1, " "1, " "1, " "1, " "1, " "1, " "1, " "1, " "1, " "1, " "1, " "1, " "1, " "1, " "1, " "1, " "1, " "1, " "1, " "1, " "1, " "1, " "1, " "1, " "1, " "1, " "1, " "1, " "1, " "1, " "1, " "1, " "1, " "1, " "1, " "1, " "1, " "1, " "1, " "1, " "1, " "1, " "1, " "1, " "1, " "1, " "1, " "1, " "1, " "1, " "1, " "1, " "1, " "1, " "1, " "1, " "1, " "1, " "1, " "1, " "1, " "1, " "1, " "1, " "1, " "1, " "1, " "1, " "1, " "1, " "1, " "1, " "1, " "1, " "1, " "1, " "1, " "1, " "1, " "1, " "1, " "1, " "1, " "1, " "1, " "1, " "1, " "1, " "1, " "1, " "1, " "1, " "1, " "1, " "1, " "1, " "1, " "1, " "1, " "1, " "1, " "1, " "1, " "1, " "1, " "1, " "1, " "1, " "1, " "1, " "1, " "1, " "1, " "1, " "1, " "1, " "1, " "1, " "1, " "1, " "1, " "1, " "1, " "1, " "1, " "1, " "1, " "1, " "1, " "1, " "1, " "1, " "1, " "1, " "1, " "1, "204
 "Nei250, 0.267, " "0.015, " "1, " "1, " "1, " "1, " "1, " "1, " "1, " "1, " "1, " "1, " "1, " "1, " "1, " "1, " "1, " "1, " "1, " "1, " "1, " "1, " "1, " "1, " "1, " "1, " "1, " "1, " "1, " "1, " "1, " "1, " "1, " "1, " "1, " "1, " "1, " "1, " "1, " "1, " "1, " "1, " "1, " "1, " "1, " "1, " "1, " "1, " "1, " "1, " "1, " "1, " "1, " "1, " "1, " "1, " "1, " "1, " "1, " "1, " "1, " "1, " "1, " "1, " "1, " "1, " "1, " "1, " "1, " "1, " "1, " "1, " "1, " "1, " "1, " "1, " "1, " "1, " "1, " "1, " "1, " "1, " "1, " "1, " "1, " "1, " "1, " "1, " "1, " "1, " "1, " "1, " "1, " "1, " "1, " "1, " "1, " "1, " "1, " "1, " "1, " "1, " "1, " "1, " "1, " "1, " "1, " "1, " "1, " "1, " "1, " "1, " "1, " "1, " "1, " "1, " "1, " "1, " "1, " "1, " "1, " "1, " "1, " "1, " "1, " "1, " "1, " "1, " "1, " "1, " "1, " "1, " "1, " "1, " "1, " "1, " "1, " "1, " "1, " "1, " "1, " "1, " "1, " "1, " "1, " "1, " "1, " "1, " "1, " "1, " "1, " "1, " "1, " "1, " "1, " "1, " "1, " "1, " "1, " "1, " "1, " "1, " "1, " "1, " "1, " "1, " "1, " "1, " "1, " "1, " "1, " "1, " "1, " "1, " "1, " "1, " "1, " "1, " "1, " "1, " "1, " "1, " "1, " "1, " "1, " "1, " "1, " "1, " "1, " "1, " "1, " "1, " "1, " "1, " "1, " "1, " "1, " "1, " "1, " "1, " "1, " "1, " "1, " "1, " "1, " "1, " "1, " "1, " "1, " "1, " "1, " "1, " "1, " "1, " "1, " "1, " "1, " "1, " "1, " "1, " "1, " "1, " "1, " "1, " "1, " "1, " "1, " "1, " "1, " "1, " "1, " "1, " "1, " "1, " "1, " "1, " "1, " "1, " "1, " "1, " "1, " "1, " "1, " "1, " "1, " "1, " "1, " "1, " "1, " "1, " "1, " "1, " "0, " "1, " "1, " "1, " "1, " "1, " "1, " "1, " "1, " "1, " "1, " "1, " "1, " "1, " "1, " "1, " "1, " "1, " "1, " "1, " "1, " "1, " "1, " "1, " "1, " "1, " "1, " "1, " "1, " "1, " "1, " "1, " "1, " "1, " "1, " "1, " "1, " "1, " "1, " "1, " "1, " "1, " "1, " "1, " "1, " "1, " "1, " "1, " "1, " "1, " "1, " "1, " "1, " "1, " "1, " "1, " "1, " "1, " "1, " "1, " "1, " "1, " "1, " "1, " "1, " "1, " "1, " "1, " "1, " "1, " "1, " "1, " "1, " "1, " "1, " "1, " "1, " "1, " "1, " "1, " "1, " "1, " "1, " "1, " "1, " "1, " "1, " "1, " "1, " "1, " "1, " "1, " "1, " "1, " "1, " "1, " "1, " "1, " "1, " "1, " "1, " "1, " "1, " "1, " "1, " "1, " "1, " "1, " "1, " "1, " "1, " "1, " "1, " "1, " "1, " "1, " "1, " "1, " "1, " "1, " "1, " "1, " "1, " "1, " "1, " "1, " "1, " "1, " "1, " "1, " "1, " "1, " "1, " "1, " "1, " "1, " "1, " "1, " "1, " "1, " "1, " "1, " "1, " "1, " "1, " "1, " "1, " "1, " "1, " "1, " "1, " "1, " "1, " "1, " "1, " "1, " "1, " "1, " "1, " "1, " "1, " "1, " "1, " "1, " "1, " "1, " "1, " "1, " "1, " "1, " "1, " "1, " "1, " "1, " "1, " "1, " "1, " "1, " "1, " "1, " "1, " "1, " "1, " "1, " "1, " "1, " "1, " "1, " "1, " "1, " "1, " "1, " "1, " "1, " "1, " "1, " "1, " "1, " "1, " "1, " "1, " "1, " "1, " "1, " "1, " "1, " "1, " "1, " "1, " "1, " "1, " "1, " "1, " "1, " "1, " "1, " "1, " "1, " "1, " "1, " "1, " "1, " "1, " "1, " "1, " "1, " "1, " "1, " "1, " "1, " "1, " "1, " "1, " "1, " "1, " "1, " "1, " "1, " "1, " "1, " "1, " "1, " "1, " "1, " "1, " "1, " "1, " "1, " "1, " "1, " "1, " "1, " "1, " "1, " "1, " "1, " "1, " "1, " "1, " "1, " "1, " "1, " "1, "204
 "Nei251, 0.155, " "0.015, " "1, " "1, " "1, " "1, " "1, " "1, " "1, " "1, " "1, " "1, " "1, " "1, " "1, " "1, " "1, " "1, " "1, " "1, " "1, " "1, " "1, " "1, " "1, " "1, " "1, " "1, " "1, " "1, " "1, " "1, " "1, " "1, " "1, " "1, " "1, " "1, " "1, " "1, " "1, " "1, " "1, " "1, " "1, " "1, " "1, " "1, " "1, " "1, " "1, " "1, " "1, " "1, " "1, " "1, " "1, " "1, " "1, " "1, " "1, " "1, " "1, " "1, " "1, " "1, " "1, " "1, " "1, " "1, " "1, " "1, " "1, " "1, " "1, " "1, " "1, " "1, " "1, " "1, " "1, " "1, " "1, " "1, " "1, " "1, " "1, " "1, " "1, " "1, " "1, " "1, " "1, " "1, " "1, " "1, " "1, " "1, " "1, " "1, " "1, " "1, " "1, " "1, " "1, " "1, " "1, " "1, " "1, " "1, " "1, " "1, " "1, " "1, " "1, " "1, " "1, " "1, " "1, " "1, " "1, " "1, " "1, " "1, " "1, " "1, " "1, " "1, " "1, " "1, " "1, " "1, " "1, " "1, " "1, " "1, " "1, " "1, " "1, " "1, " "1, " "1, " "1, " "1, " "1, " "1, " "1, " "1, " "1, " "1, " "1, " "1, " "1, " "1, " "1, " "1, " "1, " "1, " "1, " "1, " "1, " "1, " "1, " "1, " "1, " "1, " "1, " "1, " "1, " "1, " "1, " "1, " "1, " "1, " "1, " "1, " "1, " "1, " "1, " "1, " "1, " "1, " "1, " "1, " "1, " "1, " "1, " "1, " "1, " "1, " "1, " "1, " "1, " "1, " "1, " "1, " "1, " "1, " "1, " "1, " "1, " "1, " "1, " "1, " "1, " "1, " "1, " "1, " "1, " "1, " "1, " "1, " "1, " "1, " "1, " "1, " "1, " "1, " "1, " "1, " "1, " "1, " "1, " "1, " "1, " "1, " "1, " "1, " "1, " "1, " "1, " "1, " "1, " "1, " "1, " "1, " "1, " "1, " "1, " "1, " "1, " "1, " "1, " "1, " "1, " "1, " "1, " "1, " "1, " "1, " "1, " "1, " "1, " "0, " "1, " "1, " "1, " "1, " "1, " "1, " "1, " "1, " "1, " "1, " "1, " "1, " "1, " "1, " "1, " "1, " "1, " "1, " "1, " "1, " "1, " "1, " "1, " "1, " "1, " "1, " "1, " "1, " "1, " "1, " "1, " "1, " "1, " "1, " "1, " "1, " "1, " "1, " "1, " "1, " "1, " "1, " "1, " "1, " "1, " "1, " "1, " "1, " "1, " "1, " "1, " "1, " "1, " "1, " "1, " "1, " "1, " "1, " "1, " "1, " "1, " "1, " "1, " "1, " "1, " "1, " "1, " "1, " "1, " "1, " "1, " "1, " "1, " "1, " "1, " "1, " "1, " "1, " "1, " "1, " "1, " "1, " "1, " "1, " "1, " "1, " "1, " "1, " "1, " "1, " "1, " "1, " "1, " "1, " "1, " "1, " "1, " "1, " "1, " "1, " "1, " "1, " "1, " "1, " "1, " "1, " "1, " "1, " "1, " "1, " "1, " "1, " "1, " "1, " "1, " "1, " "1, " "1, " "1, " "1, " "1, " "1, " "1, " "1, " "1, " "1, " "1, " "1, " "1, " "1, " "1, " "1, " "1, " "1, " "1, " "1, " "1, " "1, " "1, " "1, " "1, " "1, " "1, " "1, " "1, " "1, " "1, " "1, " "1, " "1, " "1, " "1, " "1, " "1, " "1, " "1, " "1, " "1, " "1, " "1, " "1, " "1, " "1, " "1, " "1, " "1, " "1, " "1, " "1, " "1, " "1, " "1, " "1, " "1, " "1, " "1, " "1, " "1, " "1, " "1, " "1, " "1, " "1, " "1, " "1, " "1, " "1, " "1, " "1, " "1, " "1, " "1, " "1, " "1, " "1, " "1, " "1, " "1, " "1, " "1, " "1, " "1, " "1, " "1, " "1, " "1, " "1, " "1, " "1, " "1, " "1, " "1, " "1, " "1, " "1, " "1, " "1, " "1, " "1, " "1, " "1, " "1, " "1, " "1, " "1, " "1, " "1, " "1, " "1, " "1, " "1, " "1, " "1, " "1, " "1, " "1, " "1, " "1, " "1, " "1, " "1, " "1, " "1, " "1, " "1, " "1, " "1, " "1, " "1, " "1, " "1, " "1, " "1, " "1, " "1, " "1, " "1, " "1, " "1, " "1, " "1, "204
 "Nei252, 0.397, " "0.015, " "1, " "1, " "1, " "1, " "1, " "1, " "1, " "1, " "1, " "1, " "1, " "1, " "1, " "1, " "1, " "1, " "1, " "1, " "1, " "1, " "1, " "1, " "1, " "1, " "1, " "1, " "1, " "1, " "1, " "1, " "1, " "1, " "1, " "1, " "1, " "1, " "1, " "1, " "1, " "1, " "1, " "1, " "1, " "1, " "1, " "1, " "1, " "1, " "1, " "1, " "1, " "1, " "1, " "1, " "1, " "1, " "1, " "1, " "1, " "1, " "1, " "1, " "1, " "1, " "1, " "1, " "1, " "1, " "1, " "1, " "1, " "1, " "1, " "1, " "1, " "1, " "1, " "1, " "1, " "1, " "1, " "1, " "1, " "1, " "1, " "1, " "1, " "1, " "1, " "1, " "1, " "1, " "1, " "1, " "1, " "1, " "1, " "1, " "1, " "1, " "1, " "1, " "1, " "1, " "1, " "1, " "1, " "1, " "1, " "1, " "1, " "1, " "1, " "1, " "1, " "1, " "1, " "1, " "1, " "1, " "1, " "1, " "1, " "1, " "1, " "1, " "1, " "1, " "1, " "1, " "1, " "1, " "1, " "1, " "1, " "1, " "1, " "1, " "1, " "1, " "1, " "1, " "1, " "1, " "1, " "1, " "1, " "1, " "1, " "1, " "1, " "1, " "1, " "1, " "1, " "1, " "1, " "1, " "1, " "1, " "1, " "1, " "1, " "1, " "1, " "1, " "1, " "1, " "1, " "1, " "1, " "1, " "1, " "1, " "1, " "1, " "1, " "1, " "1, " "1, " "1, " "1, " "1, " "1, " "1, " "1, " "1, " "1, " "1, " "1, " "1, " "1, " "1, " "1, " "1, " "1, " "1, " "1, " "1, " "1, " "1, " "1, " "1, " "1, " "1, " "1, " "1, " "1, " "1, " "1, " "1, " "1, " "1, " "1, " "1, " "1, " "1, " "1, " "1, " "1, " "1, " "1, " "1, " "1, " "1, " "1, " "1, " "1, " "1, " "1, " "1, " "1, " "1, " "1, " "1, " "1, " "1, " "1, " "1, " "1, " "1, " "1, " "1, " "1, " "1, " "1, " "1, " "1, " "1, " "1, " "1, " "1, " "0, " "1, " "1, " "1, " "1, " "1, " "1, " "1, " "1, " "1, " "1, " "1, " "1, " "1, " "1, " "1, " "1, " "1, " "1, " "1, " "1, " "1, " "1, " "1, " "1, " "1, " "1, " "1, " "1, " "1, " "1, " "1, " "1, " "1, " "1, " "1, " "1, " "1, " "1, " "1, " "1, " "1, " "1, " "1, " "1, " "1, " "1, " "1, " "1, " "1, " "1, " "1, " "1, " "1, " "1, " "1, " "1, " "1, " "1, " "1, " "1, " "1, " "1, " "1, " "1, " "1, " "1, " "1, " "1, " "1, " "1, " "1, " "1, " "1, " "1, " "1, " "1, " "1, " "1, " "1, " "1, " "1, " "1, " "1, " "1, " "1, " "1, " "1, " "1, " "1, " "1, " "1, " "1, " "1, " "1, " "1, " "1, " "1, " "1, " "1, " "1, " "1, " "1, " "1, " "1, " "1, " "1, " "1, " "1, " "1, " "1, " "1, " "1, " "1, " "1, " "1, " "1, " "1, " "1, " "1, " "1, " "1, " "1, " "1, " "1, " "1, " "1, " "1, " "1, " "1, " "1, " "1, " "1, " "1, " "1, " "1, " "1, " "1, " "1, " "1, " "1, " "1, " "1, " "1, " "1, " "1, " "1, " "1, " "1, " "1, " "1, " "1, " "1, " "1, " "1, " "1, " "1, " "1, " "1, " "1, " "1, " "1, " "1, " "1, " "1, " "1, " "1, " "1, " "1, " "1, " "1, " "1, " "1, " "1, " "1, " "1, " "1, " "1, " "1, " "1, " "1, " "1, " "1, " "1, " "1, " "1, " "1, " "1, " "1, " "1, " "1, " "1, " "1, " "1, " "1, " "1, " "1, " "1, " "1, " "1, " "1, " "1, " "1, " "1, " "1, " "1, " "1, " "1, " "1, " "1, " "1, " "1, " "1, " "1, " "1, " "1, " "1, " "1, " "1, " "1, " "1, " "1, " "1, " "1, " "1, " "1, " "1, " "1, " "1, " "1, " "1, " "1, " "1, " "1, " "1, " "1, " "1, " "1, " "1, " "1, " "1, " "1, " "1, " "1, " "1, " "1, " "1, " "1, " "1, " "1, " "1, " "1, " "1, " "1, " "1, " "1, " "1, " "1, " "1, " "1, " "1, "204
 "Nei253, 0.259, " "0.015, " "1, " "1, " "1, " "1, " "1, " "1, " "1, " "1, " "1, " "1, " "1, " "1, " "1, " "1, " "1, " "1, " "1, " "1, " "1, " "1, " "1, " "1, " "1, " "1, " "1, " "1, " "1, " "1, " "1, " "1, " "1, " "1, " "1, " "1, " "1, " "1, " "1, " "1, " "1, " "1, " "1, " "1, " "1, " "1, " "1, " "1, " "1, " "1, " "1, " "1, " "1, " "1, " "1, " "1, " "1, " "1, " "1, " "1, " "1, " "1, " "1, " "1, " "1, " "1, " "1, " "1, " "1, " "1, " "1, " "1, " "1, " "1, " "1, " "1, " "1, " "1, " "1, " "1, " "1, " "1, " "1, " "1, " "1, " "1, " "1, " "1, " "1, " "1, " "1, " "1, " "1, " "1, " "1, " "1, " "1, " "1, " "1, " "1, " "1, " "1, " "1, " "1, " "1, " "1, " "1, " "1, " "1, " "1, " "1, " "1, " "1, " "1, " "1, " "1, " "1, " "1, " "1, " "1, " "1, " "1, " "1, " "1, " "1, " "1, " "1, " "1, " "1, " "1, " "1, " "1, " "1, " "1, " "1, " "1, " "1, " "1, " "1, " "1, " "1, " "1, " "1, " "1, " "1, " "1, " "1, " "1, " "1, " "1, " "1, " "1, " "1, " "1, " "1, " "1, " "1, " "1, " "1, " "1, " "1, " "1, " "1, " "1, " "1, " "1, " "1, " "1, " "1, " "1, " "1, " "1, " "1, " "1, " "1, " "1, " "1, " "1, " "1, " "1, " "1, " "1, " "1, " "1, " "1, " "1, " "1, " "1, " "1, " "1, " "1, " "1, " "1, " "1, " "1, " "1, " "1, " "1, " "1, " "1, " "1, " "1, " "1, " "1, " "1, " "1, " "1, " "1, " "1, " "1, " "1, " "1, " "1, " "1, " "1, " "1, " "1, " "1, " "1, " "1, " "1, " "1, " "1, " "1, " "1, " "1, " "1, " "1, " "1, " "1, " "1, " "1, " "1, " "1, " "1, " "1, " "1, " "1, " "1, " "1, " "1, " "1, " "1, " "1, " "1, " "1, " "1, " "1, " "1, " "1, " "1, " "1, " "1, " "1, " "1, " "0, " "1, " "1, " "1, " "1, " "1, " "1, " "1, " "1, " "1, " "1, " "1, " "1, " "1, " "1, " "1, " "1, " "1, " "1, " "1, " "1, " "1, " "1, " "1, " "1, " "1, " "1, " "1, " "1, " "1, " "1, " "1, " "1, " "1, " "1, " "1, " "1, " "1, " "1, " "1, " "1, " "1, " "1, " "1, " "1, " "1, " "1, " "1, " "1, " "1, " "1, " "1, " "1, " "1, " "1, " "1, " "1, " "1, " "1, " "1, " "1, " "1, " "1, " "1, " "1, " "1, " "1, " "1, " "1, " "1, " "1, " "1, " "1, " "1, " "1, " "1, " "1, " "1, " "1, " "1, " "1, " "1, " "1, " "1, " "1, " "1, " "1, " "1, " "1, " "1, " "1, " "1, " "1, " "1, " "1, " "1, " "1, " "1, " "1, " "1, " "1, " "1, " "1, " "1, " "1, " "1, " "1, " "1, " "1, " "1, " "1, " "1, " "1, " "1, " "1, " "1, " "1, " "1, " "1, " "1, " "1, " "1, " "1, " "1, " "1, " "1, " "1, " "1, " "1, " "1, " "1, " "1, " "1, " "1, " "1, " "1, " "1, " "1, " "1, " "1, " "1, " "1, " "1, " "1, " "1, " "1, " "1, " "1, " "1, " "1, " "1, " "1, " "1, " "1, " "1, " "1, " "1, " "1, " "1, " "1, " "1, " "1, " "1, " "1, " "1, " "1, " "1, " "1, " "1, " "1, " "1, " "1, " "1, " "1, " "1, " "1, " "1, " "1, " "1, " "1, " "1, " "1, " "1, " "1, " "1, " "1, " "1, " "1, " "1, " "1, " "1, " "1, " "1, " "1, " "1, " "1, " "1, " "1, " "1, " "1, " "1, " "1, " "1, " "1, " "1, " "1, " "1, " "1, " "1, " "1, " "1, " "1, " "1, " "1, " "1, " "1, " "1, " "1, " "1, " "1, " "1, " "1, " "1, " "1, " "1, " "1, " "1, " "1, " "1, " "1, " "1, " "1, " "1, " "1, " "1, " "1, " "1, " "1, " "1, " "1, " "1, " "1, " "1, " "1, " "1, " "1, " "1, " "1, " "1, " "1, " "1, " "1, " "1, " "1, " "1, " "1, " "1, " "1, " "1, " "1, "204
 "Nei254, 0.358, " "0.015, " "1, " "1, " "1, " "1, " "1, " "1, " "1, " "1, " "1, " "1, " "1, " "1, " "1, " "1, " "1, " "1, " "1, " "1, " "1, " "1, " "1, " "1, " "1, " "1, " "1, " "1, " "1, " "1, " "1, " "1, " "1, " "1, " "1, " "1, " "1, " "1, " "1, " "1, " "1, " "1, " "1, " "1, " "1, " "1, " "1, " "1, " "1, " "1, " "1, " "1, " "1, " "1, " "1, " "1, " "1, " "1, " "1, " "1, " "1, " "1, " "1, " "1, " "1, " "1, " "1, " "1, " "1, " "1, " "1, " "1, " "1, " "1, " "1, " "1, " "1, " "1, " "1, " "1, " "1, " "1, " "1, " "1, " "1, " "1, " "1, " "1, " "1, " "1, " "1, " "1, " "1, " "1, " "1, " "1, " "1, " "1, " "1, " "1, " "1, " "1, " "1, " "1, " "1, " "1, " "1, " "1, " "1, " "1, " "1, " "1, " "1, " "1, " "1, " "1, " "1, " "1, " "1, " "1, " "1, " "1, " "1, " "1, " "1, " "1, " "1, " "1, " "1, " "1, " "1, " "1, " "1, " "1, " "1, " "1, " "1, " "1, " "1, " "1, " "1, " "1, " "1, " "1, " "1, " "1, " "1, " "1, " "1, " "1, " "1, " "1, " "1, " "1, " "1, " "1, " "1, " "1, " "1, " "1, " "1, " "1, " "1, " "1, " "1, " "1, " "1, " "1, " "1, " "1, " "1, " "1, " "1, " "1, " "1, " "1, " "1, " "1, " "1, " "1, " "1, " "1, " "1, " "1, " "1, " "1, " "1, " "1, " "1, " "1, " "1, " "1, " "1, " "1, " "1, " "1, " "1, " "1, " "1, " "1, " "1, " "1, " "1, " "1, " "1, " "1, " "1, " "1, " "1, " "1, " "1, " "1, " "1, " "1, " "1, " "1, " "1, " "1, " "1, " "1, " "1, " "1, " "1, " "1, " "1, " "1, " "1, " "1, " "1, " "1, " "1, " "1, " "1, " "1, " "1, " "1, " "1, " "1, " "1, " "1, " "1, " "1, " "1, " "1, " "1, " "1, " "1, " "1, " "1, " "1, " "1, " "1, " "1, " "1, " "1, " "1, " "0, " "1, " "1, " "1, " "1, " "1, " "1, " "1, " "1, " "1, " "1, " "1, " "1, " "1, " "1, " "1, " "1, " "1, " "1, " "1, " "1, " "1, " "1, " "1, " "1, " "1, " "1, " "1, " "1, " "1, " "1, " "1, " "1, " "1, " "1, " "1, " "1, " "1, " "1, " "1, " "1, " "1, " "1, " "1, " "1, " "1, " "1, " "1, " "1, " "1, " "1, " "1, " "1, " "1, " "1, " "1, " "1, " "1, " "1, " "1, " "1, " "1, " "1, " "1, " "1, " "1, " "1, " "1, " "1, " "1, " "1, " "1, " "1, " "1, " "1, " "1, " "1, " "1, " "1, " "1, " "1, " "1, " "1, " "1, " "1, " "1, " "1, " "1, " "1, " "1, " "1, " "1, " "1, " "1, " "1, " "1, " "1, " "1, " "1, " "1, " "1, " "1, " "1, " "1, " "1, " "1, " "1, " "1, " "1, " "1, " "1, " "1, " "1, " "1, " "1, " "1, " "1, " "1, " "1, " "1, " "1, " "1, " "1, " "1, " "1, " "1, " "1, " "1, " "1, " "1, " "1, " "1, " "1, " "1, " "1, " "1, " "1, " "1, " "1, " "1, " "1, " "1, " "1, " "1, " "1, " "1, " "1, " "1, " "1, " "1, " "1, " "1, " "1, " "1, " "1, " "1, " "1, " "1, " "1, " "1, " "1, " "1, " "1, " "1, " "1, " "1, " "1, " "1, " "1, " "1, " "1, " "1, " "1, " "1, " "1, " "1, " "1, " "1, " "1, " "1, " "1, " "1, " "1, " "1, " "1, " "1, " "1, " "1, " "1, " "1, " "1, " "1, " "1, " "1, " "1, " "1, " "1, " "1, " "1, " "1, " "1, " "1, " "1, " "1, " "1, " "1, " "1, " "1, " "1, " "1, " "1, " "1, " "1, " "1, " "1, " "1, " "1, " "1, " "1, " "1, " "1, " "1, " "1, " "1, " "1, " "1, " "1, " "1, " "1, " "1, " "1, " "1, " "1, " "1, " "1, " "1, " "1, " "1, " "1, " "1, " "1, " "1, " "1, " "1, " "1, " "1, " "1, " "1, " "1, " "1, " "1, " "1, " "1, " "1, " "1, " "1, " "1, " "1, " "1, "204
 "Nei255, 0.266, " "0.015, " "1, " "1, " "1, " "1, " "1, " "1, " "1, " "1, " "1, " "1, " "1, " "1, " "1, " "1, " "1, " "1, " "1, " "1, " "1, " "1, " "1, " "1, " "1, " "1, " "1, " "1, " "1, " "1, " "1, " "1, " "1, " "1, " "1, " "1, " "1, " "1, " "1, " "1, " "1, " "1, " "1, " "1, " "1, " "1, " "1, " "1, " "1, " "1, " "1, " "1, " "1, " "1, " "1, " "1, " "1, " "1, " "1, " "1, " "1, " "1, " "1, " "1, " "1, " "1, " "1, " "1, " "1, " "1, " "1, " "1, " "1, " "1, " "1, " "1, " "1, " "1, " "1, " "1, " "1, " "1, " "1, " "1, " "1, " "1, " "1, " "1, " "1, " "1, " "1, " "1, " "1, " "1, " "1, " "1, " "1, " "1, " "1, " "1, " "1, " "1, " "1, " "1, " "1, " "1, " "1, " "1, " "1, " "1, " "1, " "1, " "1, " "1, " "1, " "1, " "1, " "1, " "1, " "1, " "1, " "1, " "1, " "1, " "1, " "1, " "1, " "1, " "1, " "1, " "1, " "1, " "1, " "1, " "1, " "1, " "1, " "1, " "1, " "1, " "1, " "1, " "1, " "1, " "1, " "1, " "1, " "1, " "1, " "1, " "1, " "1, " "1, " "1, " "1, " "1, " "1, " "1, " "1, " "1, " "1, " "1, " "1, " "1, " "1, " "1, " "1, " "1, " "1, " "1, " "1, " "1, " "1, " "1, " "1, " "1, " "1, " "1, " "1, " "1, " "1, " "1, " "1, " "1, " "1, " "1, " "1, " "1, " "1, " "1, " "1, " "1, " "1, " "1, " "1, " "1, " "1, " "1, " "1, " "1, " "1, " "1, " "1, " "1, " "1, " "1, " "1, " "1, " "1, " "1, " "1, " "1, " "1, " "1, " "1, " "1, " "1, " "1, " "1, " "1, " "1, " "1, " "1, " "1, " "1, " "1, " "1, " "1, " "1, " "1, " "1, " "1, " "1, " "1, " "1, " "1, " "1, " "1, " "1, " "1, " "1, " "1, " "1, " "1, " "1, " "1, " "1, " "1, " "1, " "1, " "1, " "1, " "1, " "1, " "1, " "1, " "1, " "0, " "1, " "1, " "1, " "1, " "1, " "1, " "1, " "1, " "1, " "1, " "1, " "1, " "1, " "1, " "1, " "1, " "1, " "1, " "1, " "1, " "1, " "1, " "1, " "1, " "1, " "1, " "1, " "1, " "1, " "1, " "1, " "1, " "1, " "1, " "1, " "1, " "1, " "1, " "1, " "1, " "1, " "1, " "1, " "1, " "1, " "1, " "1, " "1, " "1, " "1, " "1, " "1, " "1, " "1, " "1, " "1, " "1, " "1, " "1, " "1, " "1, " "1, " "1, " "1, " "1, " "1, " "1, " "1, " "1, " "1, " "1, " "1, " "1, " "1, " "1, " "1, " "1, " "1, " "1, " "1, " "1, " "1, " "1, " "1, " "1, " "1, " "1, " "1, " "1, " "1, " "1, " "1, " "1, " "1, " "1, " "1, " "1, " "1, " "1, " "1, " "1, " "1, " "1, " "1, " "1, " "1, " "1, " "1, " "1, " "1, " "1, " "1, " "1, " "1, " "1, " "1, " "1, " "1, " "1, " "1, " "1, " "1, " "1, " "1, " "1, " "1, " "1, " "1, " "1, " "1, " "1, " "1, " "1, " "1, " "1, " "1, " "1, " "1, " "1, " "1, " "1, " "1, " "1, " "1, " "1, " "1, " "1, " "1, " "1, " "1, " "1, " "1, " "1, " "1, " "1, " "1, " "1, " "1, " "1, " "1, " "1, " "1, " "1, " "1, " "1, " "1, " "1, " "1, " "1, " "1, " "1, " "1, " "1, " "1, " "1, " "1, " "1, " "1, " "1, " "1, " "1, " "1, " "1, " "1, " "1, " "1, " "1, " "1, " "1, " "1, " "1, " "1, " "1, " "1, " "1, " "1, " "1, " "1, " "1, " "1, " "1, " "1, " "1, " "1, " "1, " "1, " "1, " "1, " "1, " "1, " "1, " "1, " "1, " "1, " "1, " "1, " "1, " "1, " "1, " "1, " "1, " "1, " "1, " "1, " "1, " "1, " "1, " "1, " "1, " "1, " "1, " "1, " "1, " "1, " "1, " "1, " "1, " "1, " "1, " "1, " "1, " "1, " "1, " "1, " "1, " "1, " "1, " "1, " "1, " "1, " "1, " "1, " "1, " "1, " "1, " "1, " "1, "204
 "Nei256, 0.009, " "0.015, " "1, " "1, " "1, " "1, " "1, " "1, " "1, " "1, " "1, " "1, " "1, " "1, " "1, " "1, " "1, " "1, " "1, " "1, " "1, " "1, " "1, " "1, " "1, " "1, " "1, " "1, " "1, " "1, " "1, " "1, " "1, " "1, " "1, " "1, " "1, " "1, " "1, " "1, " "1, " "1, " "1, " "1, " "1, " "1, " "1, " "1, " "1, " "1, " "1, " "1, " "1, " "1, " "1, " "1, " "1, " "1, " "1, " "1, " "1, " "1, " "1, " "1, " "1, " "1, " "1, " "1, " "1, " "1, " "1, " "1, " "1, " "1, " "1, " "1, " "1, " "1, " "1, " "1, " "1, " "1, " "1, " "1, " "1, " "1, " "1, " "1, " "1, " "1, " "1, " "1, " "1, " "1, " "1, " "1, " "1, " "1, " "1, " "1, " "1, " "1, " "1, " "1, " "1, " "1, " "1, " "1, " "1, " "1, " "1, " "1, " "1, " "1, " "1, " "1, " "1, " "1, " "1, " "1, " "1, " "1, " "1, " "1, " "1, " "1, " "1, " "1, " "1, " "1, " "1, " "1, " "1, " "1, " "1, " "1, " "1, " "1, " "1, " "1, " "1, " "1, " "1, " "1, " "1, " "1, " "1, " "1, " "1, " "1, " "1, " "1, " "1, " "1, " "1, " "1, " "1, " "1, " "1, " "1, " "1, " "1, " "1, " "1, " "1, " "1, " "1, " "1, " "1, " "1, " "1, " "1, " "1, " "1, " "1, " "1, " "1, " "1, " "1, " "1, " "1, " "1, " "1, " "1, " "1, " "1, " "1, " "1, " "1, " "1, " "1, " "1, " "1, " "1, " "1, " "1, " "1, " "1, " "1, " "1, " "1, " "1, " "1, " "1, " "1, " "1, " "1, " "1, " "1, " "1, " "1, " "1, " "1, " "1, " "1, " "1, " "1, " "1, " "1, " "1, " "1, " "1, " "1, " "1, " "1, " "1, " "1, " "1, " "1, " "1, " "1, " "1, " "1, " "1, " "1, " "1, " "1, " "1, " "1, " "1, " "1, " "1, " "1, " "1, " "1, " "1, " "1, " "1, " "1, " "1, " "1, " "1, " "1, " "1, " "1, " "1, " "1, " "1, " "0, " "1, " "1, " "1, " "1, " "1, " "1, " "1, " "1, " "1, " "1, " "1, " "1, " "1, " "1, " "1, " "1, " "1, " "1, " "1, " "1, " "1, " "1, " "1, " "1, " "1, " "1, " "1, " "1, " "1, " "1, " "1, " "1, " "1, " "1, " "1, " "1, " "1, " "1, " "1, " "1, " "1, " "1, " "1, " "1, " "1, " "1, " "1, " "1, " "1, " "1, " "1, " "1, " "1, " "1, " "1, " "1, " "1, " "1, " "1, " "1, " "1, " "1, " "1, " "1, " "1, " "1, " "1, " "1, " "1, " "1, " "1, " "1, " "1, " "1, " "1, " "1, " "1, " "1, " "1, " "1, " "1, " "1, " "1, " "1, " "1, " "1, " "1, " "1, " "1, " "1, " "1, " "1, " "1, " "1, " "1, " "1, " "1, " "1, " "1, " "1, " "1, " "1, " "1, " "1, " "1, " "1, " "1, " "1, " "1, " "1, " "1, " "1, " "1, " "1, " "1, " "1, " "1, " "1, " "1, " "1, " "1, " "1, " "1, " "1, " "1, " "1, " "1, " "1, " "1, " "1, " "1, " "1, " "1, " "1, " "1, " "1, " "1, " "1, " "1, " "1, " "1, " "1, " "1, " "1, " "1, " "1, " "1, " "1, " "1, " "1, " "1, " "1, " "1, " "1, " "1, " "1, " "1, " "1, " "1, " "1, " "1, " "1, " "1, " "1, " "1, " "1, " "1, " "1, " "1, " "1, " "1, " "1, " "1, " "1, " "1, " "1, " "1, " "1, " "1, " "1, " "1, " "1, " "1, " "1, " "1, " "1, " "1, " "1, " "1, " "1, " "1, " "1, " "1, " "1, " "1, " "1, " "1, " "1, " "1, " "1, " "1, " "1, " "1, " "1, " "1, " "1, " "1, " "1, " "1, " "1, " "1, " "1, " "1, " "1, " "1, " "1, " "1, " "1, " "1, " "1, " "1, " "1, " "1, " "1, " "1, " "1, " "1, " "1, " "1, " "1, " "1, " "1, " "1, " "1, " "1, " "1, " "1, " "1, " "1, " "1, " "1, " "1, " "1, " "1, " "1, " "1, " "1, " "1, " "1, " "1, " "1, " "1, " "1, " "1, " "1, " "1, "204
 "Nei257, 0.018, " "0.015, " "1, " "1, " "1, " "1, " "1, " "1, " "1, " "1, " "1, " "1, " "1, " "1, " "1, " "1, " "1, " "1, " "1, " "1, " "1, " "1, " "1, " "1, " "1, " "1, " "1, " "1, " "1, " "1, " "1, " "1, " "1, " "1, " "1, " "1, " "1, " "1, " "1, " "1, " "1, " "1, " "1, " "1, " "1, " "1, " "1, " "1, " "1, " "1, " "1, " "1, " "1, " "1, " "1, " "1, " "1, " "1, " "1, " "1, " "1, " "1, " "1, " "1, " "1, " "1, " "1, " "1, " "1, " "1, " "1, " "1, " "1, " "1, " "1, " "1, " "1, " "1, " "1, " "1, " "1, " "1, " "1, " "1, " "1, " "1, " "1, " "1, " "1, " "1, " "1, " "1, " "1, " "1, " "1, " "1, " "1, " "1, " "1, " "1, " "1, " "1, " "1, " "1, " "1, " "1, " "1, " "1, " "1, " "1, " "1, " "1, " "1, " "1, " "1, " "1, " "1, " "1, " "1, " "1, " "1, " "1, " "1, " "1, " "1, " "1, " "1, " "1, " "1, " "1, " "1, " "1, " "1, " "1, " "1, " "1, " "1, " "1, " "1, " "1, " "1, " "1, " "1, " "1, " "1, " "1, " "1, " "1, " "1, " "1, " "1, " "1, " "1, " "1, " "1, " "1, " "1, " "1, " "1, " "1, " "1, " "1, " "1, " "1, " "1, " "1, " "1, " "1, " "1, " "1, " "1, " "1, " "1, " "1, " "1, " "1, " "1, " "1, " "1, " "1, " "1, " "1, " "1, " "1, " "1, " "1, " "1, " "1, " "1, " "1, " "1, " "1, " "1, " "1, " "1, " "1, " "1, " "1, " "1, " "1, " "1, " "1, " "1, " "1, " "1, " "1, " "1, " "1, " "1, " "1, " "1, " "1, " "1, " "1, " "1, " "1, " "1, " "1, " "1, " "1, " "1, " "1, " "1, " "1, " "1, " "1, " "1, " "1, " "1, " "1, " "1, " "1, " "1, " "1, " "1, " "1, " "1, " "1, " "1, " "1, " "1, " "1, " "1, " "1, " "1, " "1, " "1, " "1, " "1, " "1, " "1, " "1, " "1, " "1, " "1, " "1, " "1, " "1, " "1, " "0, " "1, " "1, " "1, " "1, " "1, " "1, " "1, " "1, " "1, " "1, " "1, " "1, " "1, " "1, " "1, " "1, " "1, " "1, " "1, " "1, " "1, " "1, " "1, " "1, " "1, " "1, " "1, " "1, " "1, " "1, " "1, " "1, " "1, " "1, " "1, " "1, " "1, " "1, " "1, " "1, " "1, " "1, " "1, " "1, " "1, " "1, " "1, " "1, " "1, " "1, " "1, " "1, " "1, " "1, " "1, " "1, " "1, " "1, " "1, " "1, " "1, " "1, " "1, " "1, " "1, " "1, " "1, " "1, " "1, " "1, " "1, " "1, " "1, " "1, " "1, " "1, " "1, " "1, " "1, " "1, " "1, " "1, " "1, " "1, " "1, " "1, " "1, " "1, " "1, " "1, " "1, " "1, " "1, " "1, " "1, " "1, " "1, " "1, " "1, " "1, " "1, " "1, " "1, " "1, " "1, " "1, " "1, " "1, " "1, " "1, " "1, " "1, " "1, " "1, " "1, " "1, " "1, " "1, " "1, " "1, " "1, " "1, " "1, " "1, " "1, " "1, " "1, " "1, " "1, " "1, " "1, " "1, " "1, " "1, " "1, " "1, " "1, " "1, " "1, " "1, " "1, " "1, " "1, " "1, " "1, " "1, " "1, " "1, " "1, " "1, " "1, " "1, " "1, " "1, " "1, " "1, " "1, " "1, " "1, " "1, " "1, " "1, " "1, " "1, " "1, " "1, " "1, " "1, " "1, " "1, " "1, " "1, " "1, " "1, " "1, " "1, " "1, " "1, " "1, " "1, " "1, " "1, " "1, " "1, " "1, " "1, " "1, " "1, " "1, " "1, " "1, " "1, " "1, " "1, " "1, " "1, " "1, " "1, " "1, " "1, " "1, " "1, " "1, " "1, " "1, " "1, " "1, " "1, " "1, " "1, " "1, " "1, " "1, " "1, " "1, " "1, " "1, " "1, " "1, " "1, " "1, " "1, " "1, " "1, " "1, " "1, " "1, " "1, " "1, " "1, " "1, " "1, " "1, " "1, " "1, " "1, " "1, " "1, " "1, " "1, " "1, " "1, " "1, " "1, " "1, " "1, " "1, " "1, " "1, " "1, " "1, " "1, " "1, " "1, " "1, "204
 "Nei258, 0.328, " "0.015, " "1, " "1, " "1, " "1, " "1, " "1, " "1, " "1, " "1, " "1, " "1, " "1, " "1, " "1, " "1, " "1, " "1, " "1, " "1, " "1, " "1, " "1, " "1, " "1, " "1, " "1, " "1, " "1, " "1, " "1, " "1, " "1, " "1, " "1, " "1, " "1, " "1, " "1, " "1, " "1, " "1, " "1, " "1, " "1, " "1, " "1, " "1, " "1, " "1, " "1, " "1, " "1, " "1, " "1, " "1, " "1, " "1, " "1, " "1, " "1, " "1, " "1, " "1, " "1, " "1, " "1, " "1, " "1, " "1, " "1, " "1, " "1, " "1, " "1, " "1, " "1, " "1, " "1, " "1, " "1, " "1, " "1, " "1, " "1, " "1, " "1, " "1, " "1, " "1, " "1, " "1, " "1, " "1, " "1, " "1, " "1, " "1, " "1, " "1, " "1, " "1, " "1, " "1, " "1, " "1, " "1, " "1, " "1, " "1, " "1, " "1, " "1, " "1, " "1, " "1, " "1, " "1, " "1, " "1, " "1, " "1, " "1, " "1, " "1, " "1, " "1, " "1, " "1, " "1, " "1, " "1, " "1, " "1, " "1, " "1, " "1, " "1, " "1, " "1, " "1, " "1, " "1, " "1, " "1, " "1, " "1, " "1, " "1, " "1, " "1, " "1, " "1, " "1, " "1, " "1, " "1, " "1, " "1, " "1, " "1, " "1, " "1, " "1, " "1, " "1, " "1, " "1, " "1, " "1, " "1, " "1, " "1, " "1, " "1, " "1, " "1, " "1, " "1, " "1, " "1, " "1, " "1, " "1, " "1, " "1, " "1, " "1, " "1, " "1, " "1, " "1, " "1, " "1, " "1, " "1, " "1, " "1, " "1, " "1, " "1, " "1, " "1, " "1, " "1, " "1, " "1, " "1, " "1, " "1, " "1, " "1, " "1, " "1, " "1, " "1, " "1, " "1, " "1, " "1, " "1, " "1, " "1, " "1, " "1, " "1, " "1, " "1, " "1, " "1, " "1, " "1, " "1, " "1, " "1, " "1, " "1, " "1, " "1, " "1, " "1, " "1, " "1, " "1, " "1, " "1, " "1, " "1, " "1, " "1, " "1, " "1, " "1, " "1, " "1, " "1, " "1, " "1, " "1, " "0, " "1, " "1, " "1, " "1, " "1, " "1, " "1, " "1, " "1, " "1, " "1, " "1, " "1, " "1, " "1, " "1, " "1, " "1, " "1, " "1, " "1, " "1, " "1, " "1, " "1, " "1, " "1, " "1, " "1, " "1, " "1, " "1, " "1, " "1, " "1, " "1, " "1, " "1, " "1, " "1, " "1, " "1, " "1, " "1, " "1, " "1, " "1, " "1, " "1, " "1, " "1, " "1, " "1, " "1, " "1, " "1, " "1, " "1, " "1, " "1, " "1, " "1, " "1, " "1, " "1, " "1, " "1, " "1, " "1, " "1, " "1, " "1, " "1, " "1, " "1, " "1, " "1, " "1, " "1, " "1, " "1, " "1, " "1, " "1, " "1, " "1, " "1, " "1, " "1, " "1, " "1, " "1, " "1, " "1, " "1, " "1, " "1, " "1, " "1, " "1, " "1, " "1, " "1, " "1, " "1, " "1, " "1, " "1, " "1, " "1, " "1, " "1, " "1, " "1, " "1, " "1, " "1, " "1, " "1, " "1, " "1, " "1, " "1, " "1, " "1, " "1, " "1, " "1, " "1, " "1, " "1, " "1, " "1, " "1, " "1, " "1, " "1, " "1, " "1, " "1, " "1, " "1, " "1, " "1, " "1, " "1, " "1, " "1, " "1, " "1, " "1, " "1, " "1, " "1, " "1, " "1, " "1, " "1, " "1, " "1, " "1, " "1, " "1, " "1, " "1, " "1, " "1, " "1, " "1, " "1, " "1, " "1, " "1, " "1, " "1, " "1, " "1, " "1, " "1, " "1, " "1, " "1, " "1, " "1, " "1, " "1, " "1, " "1, " "1, " "1, " "1, " "1, " "1, " "1, " "1, " "1, " "1, " "1, " "1, " "1, " "1, " "1, " "1, " "1, " "1, " "1, " "1, " "1, " "1, " "1, " "1, " "1, " "1, " "1, " "1, " "1, " "1, " "1, " "1, " "1, " "1, " "1, " "1, " "1, " "1, " "1, " "1, " "1, " "1, " "1, " "1, " "1, " "1, " "1, " "1, " "1, " "1, " "1, " "1, " "1, " "1, " "1, " "1, " "1, " "1, " "1, " "1, " "1, " "1, " "1, " "1, " "1, " "1, " "1, "204
 "Nei259, 0.119, " "0.015, " "1, " "1, " "1, " "1, " "1, " "1, " "1, " "1, " "1, " "1, " "1, " "1, " "1, " "1, " "1, " "1, " "1, " "1, " "1, " "1, " "1, " "1, " "1, " "1, " "1, " "1, " "1, " "1, " "1, " "1, " "1, " "1, " "1, " "1, " "1, " "1, " "1, " "1, " "1, " "1, " "1, " "1, " "1, " "1, " "1, " "1, " "1, " "1, " "1, " "1, " "1, " "1, " "1, " "1, " "1, " "1, " "1, " "1, " "1, " "1, " "1, " "1, " "1, " "1, " "1, " "1, " "1, " "1, " "1, " "1, " "1, " "1, " "1, " "1, " "1, " "1, " "1, " "1, " "1, " "1, " "1, " "1, " "1, " "1, " "1, " "1, " "1, " "1, " "1, " "1, " "1, " "1, " "1, " "1, " "1, " "1, " "1, " "1, " "1, " "1, " "1, " "1, " "1, " "1, " "1, " "1, " "1, " "1, " "1, " "1, " "1, " "1, " "1, " "1, " "1, " "1, " "1, " "1, " "1, " "1, " "1, " "1, " "1, " "1, " "1, " "1, " "1, " "1, " "1, " "1, " "1, " "1, " "1, " "1, " "1, " "1, " "1, " "1, " "1, " "1, " "1, " "1, " "1, " "1, " "1, " "1, " "1, " "1, " "1, " "1, " "1, " "1, " "1, " "1, " "1, " "1, " "1, " "1, " "1, " "1, " "1, " "1, " "1, " "1, " "1, " "1, " "1, " "1, " "1, " "1, " "1, " "1, " "1, " "1, " "1, " "1, " "1, " "1, " "1, " "1, " "1, " "1, " "1, " "1, " "1, " "1, " "1, " "1, " "1, " "1, " "1, " "1, " "1, " "1, " "1, " "1, " "1, " "1, " "1, " "1, " "1, " "1, " "1, " "1, " "1, " "1, " "1, " "1, " "1, " "1, " "1, " "1, " "1, " "1, " "1, " "1, " "1, " "1, " "1, " "1, " "1, " "1, " "1, " "1, " "1, " "1, " "1, " "1, " "1, " "1, " "1, " "1, " "1, " "1, " "1, " "1, " "1, " "1, " "1, " "1, " "1, " "1, " "1, " "1, " "1, " "1, " "1, " "1, " "1, " "1, " "1, " "1, " "1, " "1, " "1, " "1, " "1, " "1, " "1, " "0, " "1, " "1, " "1, " "1, " "1, " "1, " "1, " "1, " "1, " "1, " "1, " "1, " "1, " "1, " "1, " "1, " "1, " "1, " "1, " "1, " "1, " "1, " "1, " "1, " "1, " "1, " "1, " "1, " "1, " "1, " "1, " "1, " "1, " "1, " "1, " "1, " "1, " "1, " "1, " "1, " "1, " "1, " "1, " "1, " "1, " "1, " "1, " "1, " "1, " "1, " "1, " "1, " "1, " "1, " "1, " "1, " "1, " "1, " "1, " "1, " "1, " "1, " "1, " "1, " "1, " "1, " "1, " "1, " "1, " "1, " "1, " "1, " "1, " "1, " "1, " "1, " "1, " "1, " "1, " "1, " "1, " "1, " "1, " "1, " "1, " "1, " "1, " "1, " "1, " "1, " "1, " "1, " "1, " "1, " "1, " "1, " "1, " "1, " "1, " "1, " "1, " "1, " "1, " "1, " "1, " "1, " "1, " "1, " "1, " "1, " "1, " "1, " "1, " "1, " "1, " "1, " "1, " "1, " "1, " "1, " "1, " "1, " "1, " "1, " "1, " "1, " "1, " "1, " "1, " "1, " "1, " "1, " "1, " "1, " "1, " "1, " "1, " "1, " "1, " "1, " "1, " "1, " "1, " "1, " "1, " "1, " "1, " "1, " "1, " "1, " "1, " "1, " "1, " "1, " "1, " "1, " "1, " "1, " "1, " "1, " "1, " "1, " "1, " "1, " "1, " "1, " "1, " "1, " "1, " "1, " "1, " "1, " "1, " "1, " "1, " "1, " "1, " "1, " "1, " "1, " "1, " "1, " "1, " "1, " "1, " "1, " "1, " "1, " "1, " "1, " "1, " "1, " "1, " "1, " "1, " "1, " "1, " "1, " "1, " "1, " "1, " "1, " "1, " "1, " "1, " "1, " "1, " "1, " "1, " "1, " "1, " "1, " "1, " "1, " "1, " "1, " "1, " "1, " "1, " "1, " "1, " "1, " "1, " "1, " "1, " "1, " "1, " "1, " "1, " "1, " "1, " "1, " "1, " "1, " "1, " "1, " "1, " "1, " "1, " "1, " "1, " "1, " "1, " "1, " "1, " "1, " "1, " "1, " "1, " "1, " "1, " "1, " "1, "204
 "Nei260, 0.363, " "0.015, " "1, " "1, " "1, " "1, " "1, " "1, " "1, " "1, " "1, " "1, " "1, " "1, " "1, " "1, " "1, " "1, " "1, " "1, " "1, " "1, " "1, " "1, " "1, " "1, " "1, " "1, " "1, " "1, " "1, " "1, " "1, " "1, " "1, " "1, " "1, " "1, " "1, " "1, " "1, " "1, " "1, " "1, " "1, " "1, " "1, " "1, " "1, " "1, " "1, " "1, " "1, " "1, " "1, " "1, " "1, " "1, " "1, " "1, " "1, " "1, " "1, " "1, " "1, " "1, " "1, " "1, " "1, " "1, " "1, " "1, " "1, " "1, " "1, " "1, " "1, " "1, " "1, " "1, " "1, " "1, " "1, " "1, " "1, " "1, " "1, " "1, " "1, " "1, " "1, " "1, " "1, " "1, " "1, " "1, " "1, " "1, " "1, " "1, " "1, " "1, " "1, " "1, " "1, " "1, " "1, " "1, " "1, " "1, " "1, " "1, " "1, " "1, " "1, " "1, " "1, " "1, " "1, " "1, " "1, " "1, " "1, " "1, " "1, " "1, " "1, " "1, " "1, " "1, " "1, " "1, " "1, " "1, " "1, " "1, " "1, " "1, " "1, " "1, " "1, " "1, " "1, " "1, " "1, " "1, " "1, " "1, " "1, " "1, " "1, " "1, " "1, " "1, " "1, " "1, " "1, " "1, " "1, " "1, " "1, " "1, " "1, " "1, " "1, " "1, " "1, " "1, " "1, " "1, " "1, " "1, " "1, " "1, " "1, " "1, " "1, " "1, " "1, " "1, " "1, " "1, " "1, " "1, " "1, " "1, " "1, " "1, " "1, " "1, " "1, " "1, " "1, " "1, " "1, " "1, " "1, " "1, " "1, " "1, " "1, " "1, " "1, " "1, " "1, " "1, " "1, " "1, " "1, " "1, " "1, " "1, " "1, " "1, " "1, " "1, " "1, " "1, " "1, " "1, " "1, " "1, " "1, " "1, " "1, " "1, " "1, " "1, " "1, " "1, " "1, " "1, " "1, " "1, " "1, " "1, " "1, " "1, " "1, " "1, " "1, " "1, " "1, " "1, " "1, " "1, " "1, " "1, " "1, " "1, " "1, " "1, " "1, " "1, " "1, " "1, " "1, " "1, " "1, " "1, " "1, " "1, " "0, " "1, " "1, " "1, " "1, " "1, " "1, " "1, " "1, " "1, " "1, " "1, " "1, " "1, " "1, " "1, " "1, " "1, " "1, " "1, " "1, " "1, " "1, " "1, " "1, " "1, " "1, " "1, " "1, " "1, " "1, " "1, " "1, " "1, " "1, " "1, " "1, " "1, " "1, " "1, " "1, " "1, " "1, " "1, " "1, " "1, " "1, " "1, " "1, " "1, " "1, " "1, " "1, " "1, " "1, " "1, " "1, " "1, " "1, " "1, " "1, " "1, " "1, " "1, " "1, " "1, " "1, " "1, " "1, " "1, " "1, " "1, " "1, " "1, " "1, " "1, " "1, " "1, " "1, " "1, " "1, " "1, " "1, " "1, " "1, " "1, " "1, " "1, " "1, " "1, " "1, " "1, " "1, " "1, " "1, " "1, " "1, " "1, " "1, " "1, " "1, " "1, " "1, " "1, " "1, " "1, " "1, " "1, " "1, " "1, " "1, " "1, " "1, " "1, " "1, " "1, " "1, " "1, " "1, " "1, " "1, " "1, " "1, " "1, " "1, " "1, " "1, " "1, " "1, " "1, " "1, " "1, " "1, " "1, " "1, " "1, " "1, " "1, " "1, " "1, " "1, " "1, " "1, " "1, " "1, " "1, " "1, " "1, " "1, " "1, " "1, " "1, " "1, " "1, " "1, " "1, " "1, " "1, " "1, " "1, " "1, " "1, " "1, " "1, " "1, " "1, " "1, " "1, " "1, " "1, " "1, " "1, " "1, " "1, " "1, " "1, " "1, " "1, " "1, " "1, " "1, " "1, " "1, " "1, " "1, " "1, " "1, " "1, " "1, " "1, " "1, " "1, " "1, " "1, " "1, " "1, " "1, " "1, " "1, " "1, " "1, " "1, " "1, " "1, " "1, " "1, " "1, " "1, " "1, " "1, " "1, " "1, " "1, " "1, " "1, " "1, " "1, " "1, " "1, " "1, " "1, " "1, " "1, " "1, " "1, " "1, " "1, " "1, " "1, " "1, " "1, " "1, " "1, " "1, " "1, " "1, " "1, " "1, " "1, " "1, " "1, " "1, " "1, " "1, " "1, " "1, " "1, " "1, " "1, " "1, " "1, " "1, " "1, "204
 "Nei261, 0.39, " "0.015, " "1, " "1, " "1, " "1, " "1, " "1, " "1, " "1, " "1, " "1, " "1, " "1, " "1, " "1, " "1, " "1, " "1, " "1, " "1, " "1, " "1, " "1, " "1, " "1, " "1, " "1, " "1, " "1, " "1, " "1, " "1, " "1, " "1, " "1, " "1, " "1, " "1, " "1, " "1, " "1, " "1, " "1, " "1, " "1, " "1, " "1, " "1, " "1, " "1, " "1, " "1, " "1, " "1, " "1, " "1, " "1, " "1, " "1, " "1, " "1, " "1, " "1, " "1, " "1, " "1, " "1, " "1, " "1, " "1, " "1, " "1, " "1, " "1, " "1, " "1, " "1, " "1, " "1, " "1, " "1, " "1, " "1, " "1, " "1, " "1, " "1, " "1, " "1, " "1, " "1, " "1, " "1, " "1, " "1, " "1, " "1, " "1, " "1, " "1, " "1, " "1, " "1, " "1, " "1, " "1, " "1, " "1, " "1, " "1, " "1, " "1, " "1, " "1, " "1, " "1, " "1, " "1, " "1, " "1, " "1, " "1, " "1, " "1, " "1, " "1, " "1, " "1, " "1, " "1, " "1, " "1, " "1, " "1, " "1, " "1, " "1, " "1, " "1, " "1, " "1, " "1, " "1, " "1, " "1, " "1, " "1, " "1, " "1, " "1, " "1, " "1, " "1, " "1, " "1, " "1, " "1, " "1, " "1, " "1, " "1, " "1, " "1, " "1, " "1, " "1, " "1, " "1, " "1, " "1, " "1, " "1, " "1, " "1, " "1, " "1, " "1, " "1, " "1, " "1, " "1, " "1, " "1, " "1, " "1, " "1, " "1, " "1, " "1, " "1, " "1, " "1, " "1, " "1, " "1, " "1, " "1, " "1, " "1, " "1, " "1, " "1, " "1, " "1, " "1, " "1, " "1, " "1, " "1, " "1, " "1, " "1, " "1, " "1, " "1, " "1, " "1, " "1, " "1, " "1, " "1, " "1, " "1, " "1, " "1, " "1, " "1, " "1, " "1, " "1, " "1, " "1, " "1, " "1, " "1, " "1, " "1, " "1, " "1, " "1, " "1, " "1, " "1, " "1, " "1, " "1, " "1, " "1, " "1, " "1, " "1, " "1, " "1, " "1, " "1, " "1, " "1, " "1, " "1, " "1, " "1, " "1, " "0, " "1, " "1, " "1, " "1, " "1, " "1, " "1, " "1, " "1, " "1, " "1, " "1, " "1, " "1, " "1, " "1, " "1, " "1, " "1, " "1, " "1, " "1, " "1, " "1, " "1, " "1, " "1, " "1, " "1, " "1, " "1, " "1, " "1, " "1, " "1, " "1, " "1, " "1, " "1, " "1, " "1, " "1, " "1, " "1, " "1, " "1, " "1, " "1, " "1, " "1, " "1, " "1, " "1, " "1, " "1, " "1, " "1, " "1, " "1, " "1, " "1, " "1, " "1, " "1, " "1, " "1, " "1, " "1, " "1, " "1, " "1, " "1, " "1, " "1, " "1, " "1, " "1, " "1, " "1, " "1, " "1, " "1, " "1, " "1, " "1, " "1, " "1, " "1, " "1, " "1, " "1, " "1, " "1, " "1, " "1, " "1, " "1, " "1, " "1, " "1, " "1, " "1, " "1, " "1, " "1, " "1, " "1, " "1, " "1, " "1, " "1, " "1, " "1, " "1, " "1, " "1, " "1, " "1, " "1, " "1, " "1, " "1, " "1, " "1, " "1, " "1, " "1, " "1, " "1, " "1, " "1, " "1, " "1, " "1, " "1, " "1, " "1, " "1, " "1, " "1, " "1, " "1, " "1, " "1, " "1, " "1, " "1, " "1, " "1, " "1, " "1, " "1, " "1, " "1, " "1, " "1, " "1, " "1, " "1, " "1, " "1, " "1, " "1, " "1, " "1, " "1, " "1, " "1, " "1, " "1, " "1, " "1, " "1, " "1, " "1, " "1, " "1, " "1, " "1, " "1, " "1, " "1, " "1, " "1, " "1, " "1, " "1, " "1, " "1, " "1, " "1, " "1, " "1, " "1, " "1, " "1, " "1, " "1, " "1, " "1, " "1, " "1, " "1, " "1, " "1, " "1, " "1, " "1, " "1, " "1, " "1, " "1, " "1, " "1, " "1, " "1, " "1, " "1, " "1, " "1, " "1, " "1, " "1, " "1, " "1, " "1, " "1, " "1, " "1, " "1, " "1, " "1, " "1, " "1, " "1, " "1, " "1, " "1, " "1, " "1, " "1, " "1, " "1, " "1, " "1, " "1, " "1, " "1, " "1, " "1, " "1, "204
 "Nei262, 0.049, " "0.015, " "1, " "1, " "1, " "1, " "1, " "1, " "1, " "1, " "1, " "1, " "1, " "1, " "1, " "1, " "1, " "1, " "1, " "1, " "1, " "1, " "1, " "1, " "1, " "1, " "1, " "1, " "1, " "1, " "1, " "1, " "1, " "1, " "1, " "1, " "1, " "1, " "1, " "1, " "1, " "1, " "1, " "1, " "1, " "1, " "1, " "1, " "1, " "1, " "1, " "1, " "1, " "1, " "1, " "1, " "1, " "1, " "1, " "1, " "1, " "1, " "1, " "1, " "1, " "1, " "1, " "1, " "1, " "1, " "1, " "1, " "1, " "1, " "1, " "1, " "1, " "1, " "1, " "1, " "1, " "1, " "1, " "1, " "1, " "1, " "1, " "1, " "1, " "1, " "1, " "1, " "1, " "1, " "1, " "1, " "1, " "1, " "1, " "1, " "1, " "1, " "1, " "1, " "1, " "1, " "1, " "1, " "1, " "1, " "1, " "1, " "1, " "1, " "1, " "1, " "1, " "1, " "1, " "1, " "1, " "1, " "1, " "1, " "1, " "1, " "1, " "1, " "1, " "1, " "1, " "1, " "1, " "1, " "1, " "1, " "1, " "1, " "1, " "1, " "1, " "1, " "1, " "1, " "1, " "1, " "1, " "1, " "1, " "1, " "1, " "1, " "1, " "1, " "1, " "1, " "1, " "1, " "1, " "1, " "1, " "1, " "1, " "1, " "1, " "1, " "1, " "1, " "1, " "1, " "1, " "1, " "1, " "1, " "1, " "1, " "1, " "1, " "1, " "1, " "1, " "1, " "1, " "1, " "1, " "1, " "1, " "1, " "1, " "1, " "1, " "1, " "1, " "1, " "1, " "1, " "1, " "1, " "1, " "1, " "1, " "1, " "1, " "1, " "1, " "1, " "1, " "1, " "1, " "1, " "1, " "1, " "1, " "1, " "1, " "1, " "1, " "1, " "1, " "1, " "1, " "1, " "1, " "1, " "1, " "1, " "1, " "1, " "1, " "1, " "1, " "1, " "1, " "1, " "1, " "1, " "1, " "1, " "1, " "1, " "1, " "1, " "1, " "1, " "1, " "1, " "1, " "1, " "1, " "1, " "1, " "1, " "1, " "1, " "1, " "1, " "1, " "1, " "1, " "1, " "1, " "1, " "1, " "1, " "0, " "1, " "1, " "1, " "1, " "1, " "1, " "1, " "1, " "1, " "1, " "1, " "1, " "1, " "1, " "1, " "1, " "1, " "1, " "1, " "1, " "1, " "1, " "1, " "1, " "1, " "1, " "1, " "1, " "1, " "1, " "1, " "1, " "1, " "1, " "1, " "1, " "1, " "1, " "1, " "1, " "1, " "1, " "1, " "1, " "1, " "1, " "1, " "1, " "1, " "1, " "1, " "1, " "1, " "1, " "1, " "1, " "1, " "1, " "1, " "1, " "1, " "1, " "1, " "1, " "1, " "1, " "1, " "1, " "1, " "1, " "1, " "1, " "1, " "1, " "1, " "1, " "1, " "1, " "1, " "1, " "1, " "1, " "1, " "1, " "1, " "1, " "1, " "1, " "1, " "1, " "1, " "1, " "1, " "1, " "1, " "1, " "1, " "1, " "1, " "1, " "1, " "1, " "1, " "1, " "1, " "1, " "1, " "1, " "1, " "1, " "1, " "1, " "1, " "1, " "1, " "1, " "1, " "1, " "1, " "1, " "1, " "1, " "1, " "1, " "1, " "1, " "1, " "1, " "1, " "1, " "1, " "1, " "1, " "1, " "1, " "1, " "1, " "1, " "1, " "1, " "1, " "1, " "1, " "1, " "1, " "1, " "1, " "1, " "1, " "1, " "1, " "1, " "1, " "1, " "1, " "1, " "1, " "1, " "1, " "1, " "1, " "1, " "1, " "1, " "1, " "1, " "1, " "1, " "1, " "1, " "1, " "1, " "1, " "1, " "1, " "1, " "1, " "1, " "1, " "1, " "1, " "1, " "1, " "1, " "1, " "1, " "1, " "1, " "1, " "1, " "1, " "1, " "1, " "1, " "1, " "1, " "1, " "1, " "1, " "1, " "1, " "1, " "1, " "1, " "1, " "1, " "1, " "1, " "1, " "1, " "1, " "1, " "1, " "1, " "1, " "1, " "1, " "1, " "1, " "1, " "1, " "1, " "1, " "1, " "1, " "1, " "1, " "1, " "1, " "1, " "1, " "1, " "1, " "1, " "1, " "1, " "1, " "1, " "1, " "1, " "1, " "1, " "1, " "1, " "1, " "1, " "1, " "1, " "1, " "1, "204
 "Nei263, 0.106, " "0.015, " "1, " "1, " "1, " "1, " "1, " "1, " "1, " "1, " "1, " "1, " "1, " "1, " "1, " "1, " "1, " "1, " "1, " "1, " "1, " "1, " "1, " "1, " "1, " "1, " "1, " "1, " "1, " "1, " "1, " "1, " "1, " "1, " "1, " "1, " "1, " "1, " "1, " "1, " "1, " "1, " "1, " "1, " "1, " "1, " "1, " "1, " "1, " "1, " "1, " "1, " "1, " "1, " "1, " "1, " "1, " "1, " "1, " "1, " "1, " "1, " "1, " "1, " "1, " "1, " "1, " "1, " "1, " "1, " "1, " "1, " "1, " "1, " "1, " "1, " "1, " "1, " "1, " "1, " "1, " "1, " "1, " "1, " "1, " "1, " "1, " "1, " "1, " "1, " "1, " "1, " "1, " "1, " "1, " "1, " "1, " "1, " "1, " "1, " "1, " "1, " "1, " "1, " "1, " "1, " "1, " "1, " "1, " "1, " "1, " "1, " "1, " "1, " "1, " "1, " "1, " "1, " "1, " "1, " "1, " "1, " "1, " "1, " "1, " "1, " "1, " "1, " "1, " "1, " "1, " "1, " "1, " "1, " "1, " "1, " "1, " "1, " "1, " "1, " "1, " "1, " "1, " "1, " "1, " "1, " "1, " "1, " "1, " "1, " "1, " "1, " "1, " "1, " "1, " "1, " "1, " "1, " "1, " "1, " "1, " "1, " "1, " "1, " "1, " "1, " "1, " "1, " "1, " "1, " "1, " "1, " "1, " "1, " "1, " "1, " "1, " "1, " "1, " "1, " "1, " "1, " "1, " "1, " "1, " "1, " "1, " "1, " "1, " "1, " "1, " "1, " "1, " "1, " "1, " "1, " "1, " "1, " "1, " "1, " "1, " "1, " "1, " "1, " "1, " "1, " "1, " "1, " "1, " "1, " "1, " "1, " "1, " "1, " "1, " "1, " "1, " "1, " "1, " "1, " "1, " "1, " "1, " "1, " "1, " "1, " "1, " "1, " "1, " "1, " "1, " "1, " "1, " "1, " "1, " "1, " "1, " "1, " "1, " "1, " "1, " "1, " "1, " "1, " "1, " "1, " "1, " "1, " "1, " "1, " "1, " "1, " "1, " "1, " "1, " "1, " "1, " "1, " "1, " "1, " "1, " "1, " "1, " "1, " "1, " "0, " "1, " "1, " "1, " "1, " "1, " "1, " "1, " "1, " "1, " "1, " "1, " "1, " "1, " "1, " "1, " "1, " "1, " "1, " "1, " "1, " "1, " "1, " "1, " "1, " "1, " "1, " "1, " "1, " "1, " "1, " "1, " "1, " "1, " "1, " "1, " "1, " "1, " "1, " "1, " "1, " "1, " "1, " "1, " "1, " "1, " "1, " "1, " "1, " "1, " "1, " "1, " "1, " "1, " "1, " "1, " "1, " "1, " "1, " "1, " "1, " "1, " "1, " "1, " "1, " "1, " "1, " "1, " "1, " "1, " "1, " "1, " "1, " "1, " "1, " "1, " "1, " "1, " "1, " "1, " "1, " "1, " "1, " "1, " "1, " "1, " "1, " "1, " "1, " "1, " "1, " "1, " "1, " "1, " "1, " "1, " "1, " "1, " "1, " "1, " "1, " "1, " "1, " "1, " "1, " "1, " "1, " "1, " "1, " "1, " "1, " "1, " "1, " "1, " "1, " "1, " "1, " "1, " "1, " "1, " "1, " "1, " "1, " "1, " "1, " "1, " "1, " "1, " "1, " "1, " "1, " "1, " "1, " "1, " "1, " "1, " "1, " "1, " "1, " "1, " "1, " "1, " "1, " "1, " "1, " "1, " "1, " "1, " "1, " "1, " "1, " "1, " "1, " "1, " "1, " "1, " "1, " "1, " "1, " "1, " "1, " "1, " "1, " "1, " "1, " "1, " "1, " "1, " "1, " "1, " "1, " "1, " "1, " "1, " "1, " "1, " "1, " "1, " "1, " "1, " "1, " "1, " "1, " "1, " "1, " "1, " "1, " "1, " "1, " "1, " "1, " "1, " "1, " "1, " "1, " "1, " "1, " "1, " "1, " "1, " "1, " "1, " "1, " "1, " "1, " "1, " "1, " "1, " "1, " "1, " "1, " "1, " "1, " "1, " "1, " "1, " "1, " "1, " "1, " "1, " "1, " "1, " "1, " "1, " "1, " "1, " "1, " "1, " "1, " "1, " "1, " "1, " "1, " "1, " "1, " "1, " "1, " "1, " "1, " "1, " "1, " "1, " "1, " "1, " "1, " "1, " "1, " "1, " "1, " "1, "204
 "Nei264, 0.165, " "0.015, " "1, " "1, " "1, " "1, " "1, " "1, " "1, " "1, " "1, " "1, " "1, " "1, " "1, " "1, " "1, " "1, " "1, " "1, " "1, " "1, " "1, " "1, " "1, " "1, " "1, " "1, " "1, " "1, " "1, " "1, " "1, " "1, " "1, " "1, " "1, " "1, " "1, " "1, " "1, " "1, " "1, " "1, " "1, " "1, " "1, " "1, " "1, " "1, " "1, " "1, " "1, " "1, " "1, " "1, " "1, " "1, " "1, " "1, " "1, " "1, " "1, " "1, " "1, " "1, " "1, " "1, " "1, " "1, " "1, " "1, " "1, " "1, " "1, " "1, " "1, " "1, " "1, " "1, " "1, " "1, " "1, " "1, " "1, " "1, " "1, " "1, " "1, " "1, " "1, " "1, " "1, " "1, " "1, " "1, " "1, " "1, " "1, " "1, " "1, " "1, " "1, " "1, " "1, " "1, " "1, " "1, " "1, " "1, " "1, " "1, " "1, " "1, " "1, " "1, " "1, " "1, " "1, " "1, " "1, " "1, " "1, " "1, " "1, " "1, " "1, " "1, " "1, " "1, " "1, " "1, " "1, " "1, " "1, " "1, " "1, " "1, " "1, " "1, " "1, " "1, " "1, " "1, " "1, " "1, " "1, " "1, " "1, " "1, " "1, " "1, " "1, " "1, " "1, " "1, " "1, " "1, " "1, " "1, " "1, " "1, " "1, " "1, " "1, " "1, " "1, " "1, " "1, " "1, " "1, " "1, " "1, " "1, " "1, " "1, " "1, " "1, " "1, " "1, " "1, " "1, " "1, " "1, " "1, " "1, " "1, " "1, " "1, " "1, " "1, " "1, " "1, " "1, " "1, " "1, " "1, " "1, " "1, " "1, " "1, " "1, " "1, " "1, " "1, " "1, " "1, " "1, " "1, " "1, " "1, " "1, " "1, " "1, " "1, " "1, " "1, " "1, " "1, " "1, " "1, " "1, " "1, " "1, " "1, " "1, " "1, " "1, " "1, " "1, " "1, " "1, " "1, " "1, " "1, " "1, " "1, " "1, " "1, " "1, " "1, " "1, " "1, " "1, " "1, " "1, " "1, " "1, " "1, " "1, " "1, " "1, " "1, " "1, " "1, " "1, " "1, " "1, " "1, " "1, " "1, " "1, " "1, " "1, " "1, " "1, " "0, " "1, " "1, " "1, " "1, " "1, " "1, " "1, " "1, " "1, " "1, " "1, " "1, " "1, " "1, " "1, " "1, " "1, " "1, " "1, " "1, " "1, " "1, " "1, " "1, " "1, " "1, " "1, " "1, " "1, " "1, " "1, " "1, " "1, " "1, " "1, " "1, " "1, " "1, " "1, " "1, " "1, " "1, " "1, " "1, " "1, " "1, " "1, " "1, " "1, " "1, " "1, " "1, " "1, " "1, " "1, " "1, " "1, " "1, " "1, " "1, " "1, " "1, " "1, " "1, " "1, " "1, " "1, " "1, " "1, " "1, " "1, " "1, " "1, " "1, " "1, " "1, " "1, " "1, " "1, " "1, " "1, " "1, " "1, " "1, " "1, " "1, " "1, " "1, " "1, " "1, " "1, " "1, " "1, " "1, " "1, " "1, " "1, " "1, " "1, " "1, " "1, " "1, " "1, " "1, " "1, " "1, " "1, " "1, " "1, " "1, " "1, " "1, " "1, " "1, " "1, " "1, " "1, " "1, " "1, " "1, " "1, " "1, " "1, " "1, " "1, " "1, " "1, " "1, " "1, " "1, " "1, " "1, " "1, " "1, " "1, " "1, " "1, " "1, " "1, " "1, " "1, " "1, " "1, " "1, " "1, " "1, " "1, " "1, " "1, " "1, " "1, " "1, " "1, " "1, " "1, " "1, " "1, " "1, " "1, " "1, " "1, " "1, " "1, " "1, " "1, " "1, " "1, " "1, " "1, " "1, " "1, " "1, " "1, " "1, " "1, " "1, " "1, " "1, " "1, " "1, " "1, " "1, " "1, " "1, " "1, " "1, " "1, " "1, " "1, " "1, " "1, " "1, " "1, " "1, " "1, " "1, " "1, " "1, " "1, " "1, " "1, " "1, " "1, " "1, " "1, " "1, " "1, " "1, " "1, " "1, " "1, " "1, " "1, " "1, " "1, " "1, " "1, " "1, " "1, " "1, " "1, " "1, " "1, " "1, " "1, " "1, " "1, " "1, " "1, " "1, " "1, " "1, " "1, " "1, " "1, " "1, " "1, " "1, " "1, " "1, " "1, " "1, " "1, " "1, " "1, " "1, " "1, " "1, "204
 "Nei265, 0.05, " "0.015, " "1, " "1, " "1, " "1, " "1, " "1, " "1, " "1, " "1, " "1, " "1, " "1, " "1, " "1, " "1, " "1, " "1, " "1, " "1, " "1, " "1, " "1, " "1, " "1, " "1, " "1, " "1, " "1, " "1, " "1, " "1, " "1, " "1, " "1, " "1, " "1, " "1, " "1, " "1, " "1, " "1, " "1, " "1, " "1, " "1, " "1, " "1, " "1, " "1, " "1, " "1, " "1, " "1, " "1, " "1, " "1, " "1, " "1, " "1, " "1, " "1, " "1, " "1, " "1, " "1, " "1, " "1, " "1, " "1, " "1, " "1, " "1, " "1, " "1, " "1, " "1, " "1, " "1, " "1, " "1, " "1, " "1, " "1, " "1, " "1, " "1, " "1, " "1, " "1, " "1, " "1, " "1, " "1, " "1, " "1, " "1, " "1, " "1, " "1, " "1, " "1, " "1, " "1, " "1, " "1, " "1, " "1, " "1, " "1, " "1, " "1, " "1, " "1, " "1, " "1, " "1, " "1, " "1, " "1, " "1, " "1, " "1, " "1, " "1, " "1, " "1, " "1, " "1, " "1, " "1, " "1, " "1, " "1, " "1, " "1, " "1, " "1, " "1, " "1, " "1, " "1, " "1, " "1, " "1, " "1, " "1, " "1, " "1, " "1, " "1, " "1, " "1, " "1, " "1, " "1, " "1, " "1, " "1, " "1, " "1, " "1, " "1, " "1, " "1, " "1, " "1, " "1, " "1, " "1, " "1, " "1, " "1, " "1, " "1, " "1, " "1, " "1, " "1, " "1, " "1, " "1, " "1, " "1, " "1, " "1, " "1, " "1, " "1, " "1, " "1, " "1, " "1, " "1, " "1, " "1, " "1, " "1, " "1, " "1, " "1, " "1, " "1, " "1, " "1, " "1, " "1, " "1, " "1, " "1, " "1, " "1, " "1, " "1, " "1, " "1, " "1, " "1, " "1, " "1, " "1, " "1, " "1, " "1, " "1, " "1, " "1, " "1, " "1, " "1, " "1, " "1, " "1, " "1, " "1, " "1, " "1, " "1, " "1, " "1, " "1, " "1, " "1, " "1, " "1, " "1, " "1, " "1, " "1, " "1, " "1, " "1, " "1, " "1, " "1, " "1, " "1, " "1, " "1, " "1, " "1, " "1, " "1, " "1, " "1, " "1, " "0, " "1, " "1, " "1, " "1, " "1, " "1, " "1, " "1, " "1, " "1, " "1, " "1, " "1, " "1, " "1, " "1, " "1, " "1, " "1, " "1, " "1, " "1, " "1, " "1, " "1, " "1, " "1, " "1, " "1, " "1, " "1, " "1, " "1, " "1, " "1, " "1, " "1, " "1, " "1, " "1, " "1, " "1, " "1, " "1, " "1, " "1, " "1, " "1, " "1, " "1, " "1, " "1, " "1, " "1, " "1, " "1, " "1, " "1, " "1, " "1, " "1, " "1, " "1, " "1, " "1, " "1, " "1, " "1, " "1, " "1, " "1, " "1, " "1, " "1, " "1, " "1, " "1, " "1, " "1, " "1, " "1, " "1, " "1, " "1, " "1, " "1, " "1, " "1, " "1, " "1, " "1, " "1, " "1, " "1, " "1, " "1, " "1, " "1, " "1, " "1, " "1, " "1, " "1, " "1, " "1, " "1, " "1, " "1, " "1, " "1, " "1, " "1, " "1, " "1, " "1, " "1, " "1, " "1, " "1, " "1, " "1, " "1, " "1, " "1, " "1, " "1, " "1, " "1, " "1, " "1, " "1, " "1, " "1, " "1, " "1, " "1, " "1, " "1, " "1, " "1, " "1, " "1, " "1, " "1, " "1, " "1, " "1, " "1, " "1, " "1, " "1, " "1, " "1, " "1, " "1, " "1, " "1, " "1, " "1, " "1, " "1, " "1, " "1, " "1, " "1, " "1, " "1, " "1, " "1, " "1, " "1, " "1, " "1, " "1, " "1, " "1, " "1, " "1, " "1, " "1, " "1, " "1, " "1, " "1, " "1, " "1, " "1, " "1, " "1, " "1, " "1, " "1, " "1, " "1, " "1, " "1, " "1, " "1, " "1, " "1, " "1, " "1, " "1, " "1, " "1, " "1, " "1, " "1, " "1, " "1, " "1, " "1, " "1, " "1, " "1, " "1, " "1, " "1, " "1, " "1, " "1, " "1, " "1, " "1, " "1, " "1, " "1, " "1, " "1, " "1, " "1, " "1, " "1, " "1, " "1, " "1, " "1, " "1, " "1, " "1, " "1, " "1, " "1, " "1, " "1, " "1, " "1, "204
 "Nei266, 0.118, " "0.015, " "1, " "1, " "1, " "1, " "1, " "1, " "1, " "1, " "1, " "1, " "1, " "1, " "1, " "1, " "1, " "1, " "1, " "1, " "1, " "1, " "1, " "1, " "1, " "1, " "1, " "1, " "1, " "1, " "1, " "1, " "1, " "1, " "1, " "1, " "1, " "1, " "1, " "1, " "1, " "1, " "1, " "1, " "1, " "1, " "1, " "1, " "1, " "1, " "1, " "1, " "1, " "1, " "1, " "1, " "1, " "1, " "1, " "1, " "1, " "1, " "1, " "1, " "1, " "1, " "1, " "1, " "1, " "1, " "1, " "1, " "1, " "1, " "1, " "1, " "1, " "1, " "1, " "1, " "1, " "1, " "1, " "1, " "1, " "1, " "1, " "1, " "1, " "1, " "1, " "1, " "1, " "1, " "1, " "1, " "1, " "1, " "1, " "1, " "1, " "1, " "1, " "1, " "1, " "1, " "1, " "1, " "1, " "1, " "1, " "1, " "1, " "1, " "1, " "1, " "1, " "1, " "1, " "1, " "1, " "1, " "1, " "1, " "1, " "1, " "1, " "1, " "1, " "1, " "1, " "1, " "1, " "1, " "1, " "1, " "1, " "1, " "1, " "1, " "1, " "1, " "1, " "1, " "1, " "1, " "1, " "1, " "1, " "1, " "1, " "1, " "1, " "1, " "1, " "1, " "1, " "1, " "1, " "1, " "1, " "1, " "1, " "1, " "1, " "1, " "1, " "1, " "1, " "1, " "1, " "1, " "1, " "1, " "1, " "1, " "1, " "1, " "1, " "1, " "1, " "1, " "1, " "1, " "1, " "1, " "1, " "1, " "1, " "1, " "1, " "1, " "1, " "1, " "1, " "1, " "1, " "1, " "1, " "1, " "1, " "1, " "1, " "1, " "1, " "1, " "1, " "1, " "1, " "1, " "1, " "1, " "1, " "1, " "1, " "1, " "1, " "1, " "1, " "1, " "1, " "1, " "1, " "1, " "1, " "1, " "1, " "1, " "1, " "1, " "1, " "1, " "1, " "1, " "1, " "1, " "1, " "1, " "1, " "1, " "1, " "1, " "1, " "1, " "1, " "1, " "1, " "1, " "1, " "1, " "1, " "1, " "1, " "1, " "1, " "1, " "1, " "1, " "1, " "1, " "1, " "1, " "1, " "1, " "1, " "1, " "1, " "1, " "0, " "1, " "1, " "1, " "1, " "1, " "1, " "1, " "1, " "1, " "1, " "1, " "1, " "1, " "1, " "1, " "1, " "1, " "1, " "1, " "1, " "1, " "1, " "1, " "1, " "1, " "1, " "1, " "1, " "1, " "1, " "1, " "1, " "1, " "1, " "1, " "1, " "1, " "1, " "1, " "1, " "1, " "1, " "1, " "1, " "1, " "1, " "1, " "1, " "1, " "1, " "1, " "1, " "1, " "1, " "1, " "1, " "1, " "1, " "1, " "1, " "1, " "1, " "1, " "1, " "1, " "1, " "1, " "1, " "1, " "1, " "1, " "1, " "1, " "1, " "1, " "1, " "1, " "1, " "1, " "1, " "1, " "1, " "1, " "1, " "1, " "1, " "1, " "1, " "1, " "1, " "1, " "1, " "1, " "1, " "1, " "1, " "1, " "1, " "1, " "1, " "1, " "1, " "1, " "1, " "1, " "1, " "1, " "1, " "1, " "1, " "1, " "1, " "1, " "1, " "1, " "1, " "1, " "1, " "1, " "1, " "1, " "1, " "1, " "1, " "1, " "1, " "1, " "1, " "1, " "1, " "1, " "1, " "1, " "1, " "1, " "1, " "1, " "1, " "1, " "1, " "1, " "1, " "1, " "1, " "1, " "1, " "1, " "1, " "1, " "1, " "1, " "1, " "1, " "1, " "1, " "1, " "1, " "1, " "1, " "1, " "1, " "1, " "1, " "1, " "1, " "1, " "1, " "1, " "1, " "1, " "1, " "1, " "1, " "1, " "1, " "1, " "1, " "1, " "1, " "1, " "1, " "1, " "1, " "1, " "1, " "1, " "1, " "1, " "1, " "1, " "1, " "1, " "1, " "1, " "1, " "1, " "1, " "1, " "1, " "1, " "1, " "1, " "1, " "1, " "1, " "1, " "1, " "1, " "1, " "1, " "1, " "1, " "1, " "1, " "1, " "1, " "1, " "1, " "1, " "1, " "1, " "1, " "1, " "1, " "1, " "1, " "1, " "1, " "1, " "1, " "1, " "1, " "1, " "1, " "1, " "1, " "1, " "1, " "1, " "1, " "1, " "1, " "1, " "1, " "1, " "1, "204
 "Nei267, 0.388, " "0.015, " "1, " "1, " "1, " "1, " "1, " "1, " "1, " "1, " "1, " "1, " "1, " "1, " "1, " "1, " "1, " "1, " "1, " "1, " "1, " "1, " "1, " "1, " "1, " "1, " "1, " "1, " "1, " "1, " "1, " "1, " "1, " "1, " "1, " "1, " "1, " "1, " "1, " "1, " "1, " "1, " "1, " "1, " "1, " "1, " "1, " "1, " "1, " "1, " "1, " "1, " "1, " "1, " "1, " "1, " "1, " "1, " "1, " "1, " "1, " "1, " "1, " "1, " "1, " "1, " "1, " "1, " "1, " "1, " "1, " "1, " "1, " "1, " "1, " "1, " "1, " "1, " "1, " "1, " "1, " "1, " "1, " "1, " "1, " "1, " "1, " "1, " "1, " "1, " "1, " "1, " "1, " "1, " "1, " "1, " "1, " "1, " "1, " "1, " "1, " "1, " "1, " "1, " "1, " "1, " "1, " "1, " "1, " "1, " "1, " "1, " "1, " "1, " "1, " "1, " "1, " "1, " "1, " "1, " "1, " "1, " "1, " "1, " "1, " "1, " "1, " "1, " "1, " "1, " "1, " "1, " "1, " "1, " "1, " "1, " "1, " "1, " "1, " "1, " "1, " "1, " "1, " "1, " "1, " "1, " "1, " "1, " "1, " "1, " "1, " "1, " "1, " "1, " "1, " "1, " "1, " "1, " "1, " "1, " "1, " "1, " "1, " "1, " "1, " "1, " "1, " "1, " "1, " "1, " "1, " "1, " "1, " "1, " "1, " "1, " "1, " "1, " "1, " "1, " "1, " "1, " "1, " "1, " "1, " "1, " "1, " "1, " "1, " "1, " "1, " "1, " "1, " "1, " "1, " "1, " "1, " "1, " "1, " "1, " "1, " "1, " "1, " "1, " "1, " "1, " "1, " "1, " "1, " "1, " "1, " "1, " "1, " "1, " "1, " "1, " "1, " "1, " "1, " "1, " "1, " "1, " "1, " "1, " "1, " "1, " "1, " "1, " "1, " "1, " "1, " "1, " "1, " "1, " "1, " "1, " "1, " "1, " "1, " "1, " "1, " "1, " "1, " "1, " "1, " "1, " "1, " "1, " "1, " "1, " "1, " "1, " "1, " "1, " "1, " "1, " "1, " "1, " "1, " "1, " "1, " "1, " "1, " "1, " "1, " "1, " "1, " "1, " "1, " "0, " "1, " "1, " "1, " "1, " "1, " "1, " "1, " "1, " "1, " "1, " "1, " "1, " "1, " "1, " "1, " "1, " "1, " "1, " "1, " "1, " "1, " "1, " "1, " "1, " "1, " "1, " "1, " "1, " "1, " "1, " "1, " "1, " "1, " "1, " "1, " "1, " "1, " "1, " "1, " "1, " "1, " "1, " "1, " "1, " "1, " "1, " "1, " "1, " "1, " "1, " "1, " "1, " "1, " "1, " "1, " "1, " "1, " "1, " "1, " "1, " "1, " "1, " "1, " "1, " "1, " "1, " "1, " "1, " "1, " "1, " "1, " "1, " "1, " "1, " "1, " "1, " "1, " "1, " "1, " "1, " "1, " "1, " "1, " "1, " "1, " "1, " "1, " "1, " "1, " "1, " "1, " "1, " "1, " "1, " "1, " "1, " "1, " "1, " "1, " "1, " "1, " "1, " "1, " "1, " "1, " "1, " "1, " "1, " "1, " "1, " "1, " "1, " "1, " "1, " "1, " "1, " "1, " "1, " "1, " "1, " "1, " "1, " "1, " "1, " "1, " "1, " "1, " "1, " "1, " "1, " "1, " "1, " "1, " "1, " "1, " "1, " "1, " "1, " "1, " "1, " "1, " "1, " "1, " "1, " "1, " "1, " "1, " "1, " "1, " "1, " "1, " "1, " "1, " "1, " "1, " "1, " "1, " "1, " "1, " "1, " "1, " "1, " "1, " "1, " "1, " "1, " "1, " "1, " "1, " "1, " "1, " "1, " "1, " "1, " "1, " "1, " "1, " "1, " "1, " "1, " "1, " "1, " "1, " "1, " "1, " "1, " "1, " "1, " "1, " "1, " "1, " "1, " "1, " "1, " "1, " "1, " "1, " "1, " "1, " "1, " "1, " "1, " "1, " "1, " "1, " "1, " "1, " "1, " "1, " "1, " "1, " "1, " "1, " "1, " "1, " "1, " "1, " "1, " "1, " "1, " "1, " "1, " "1, " "1, " "1, " "1, " "1, " "1, " "1, " "1, " "1, " "1, " "1, " "1, " "1, " "1, " "1, " "1, " "1, " "1, " "1, " "1, " "1, " "1, " "1, "204
 "Nei268, 0.374, " "0.015, " "1, " "1, " "1, " "1, " "1, " "1, " "1, " "1, " "1, " "1, " "1, " "1, " "1, " "1, " "1, " "1, " "1, " "1, " "1, " "1, " "1, " "1, " "1, " "1, " "1, " "1, " "1, " "1, " "1, " "1, " "1, " "1, " "1, " "1, " "1, " "1, " "1, " "1, " "1, " "1, " "1, " "1, " "1, " "1, " "1, " "1, " "1, " "1, " "1, " "1, " "1, " "1, " "1, " "1, " "1, " "1, " "1, " "1, " "1, " "1, " "1, " "1, " "1, " "1, " "1, " "1, " "1, " "1, " "1, " "1, " "1, " "1, " "1, " "1, " "1, " "1, " "1, " "1, " "1, " "1, " "1, " "1, " "1, " "1, " "1, " "1, " "1, " "1, " "1, " "1, " "1, " "1, " "1, " "1, " "1, " "1, " "1, " "1, " "1, " "1, " "1, " "1, " "1, " "1, " "1, " "1, " "1, " "1, " "1, " "1, " "1, " "1, " "1, " "1, " "1, " "1, " "1, " "1, " "1, " "1, " "1, " "1, " "1, " "1, " "1, " "1, " "1, " "1, " "1, " "1, " "1, " "1, " "1, " "1, " "1, " "1, " "1, " "1, " "1, " "1, " "1, " "1, " "1, " "1, " "1, " "1, " "1, " "1, " "1, " "1, " "1, " "1, " "1, " "1, " "1, " "1, " "1, " "1, " "1, " "1, " "1, " "1, " "1, " "1, " "1, " "1, " "1, " "1, " "1, " "1, " "1, " "1, " "1, " "1, " "1, " "1, " "1, " "1, " "1, " "1, " "1, " "1, " "1, " "1, " "1, " "1, " "1, " "1, " "1, " "1, " "1, " "1, " "1, " "1, " "1, " "1, " "1, " "1, " "1, " "1, " "1, " "1, " "1, " "1, " "1, " "1, " "1, " "1, " "1, " "1, " "1, " "1, " "1, " "1, " "1, " "1, " "1, " "1, " "1, " "1, " "1, " "1, " "1, " "1, " "1, " "1, " "1, " "1, " "1, " "1, " "1, " "1, " "1, " "1, " "1, " "1, " "1, " "1, " "1, " "1, " "1, " "1, " "1, " "1, " "1, " "1, " "1, " "1, " "1, " "1, " "1, " "1, " "1, " "1, " "1, " "1, " "1, " "1, " "1, " "1, " "1, " "1, " "1, " "1, " "1, " "1, " "1, " "1, " "0, " "1, " "1, " "1, " "1, " "1, " "1, " "1, " "1, " "1, " "1, " "1, " "1, " "1, " "1, " "1, " "1, " "1, " "1, " "1, " "1, " "1, " "1, " "1, " "1, " "1, " "1, " "1, " "1, " "1, " "1, " "1, " "1, " "1, " "1, " "1, " "1, " "1, " "1, " "1, " "1, " "1, " "1, " "1, " "1, " "1, " "1, " "1, " "1, " "1, " "1, " "1, " "1, " "1, " "1, " "1, " "1, " "1, " "1, " "1, " "1, " "1, " "1, " "1, " "1, " "1, " "1, " "1, " "1, " "1, " "1, " "1, " "1, " "1, " "1, " "1, " "1, " "1, " "1, " "1, " "1, " "1, " "1, " "1, " "1, " "1, " "1, " "1, " "1, " "1, " "1, " "1, " "1, " "1, " "1, " "1, " "1, " "1, " "1, " "1, " "1, " "1, " "1, " "1, " "1, " "1, " "1, " "1, " "1, " "1, " "1, " "1, " "1, " "1, " "1, " "1, " "1, " "1, " "1, " "1, " "1, " "1, " "1, " "1, " "1, " "1, " "1, " "1, " "1, " "1, " "1, " "1, " "1, " "1, " "1, " "1, " "1, " "1, " "1, " "1, " "1, " "1, " "1, " "1, " "1, " "1, " "1, " "1, " "1, " "1, " "1, " "1, " "1, " "1, " "1, " "1, " "1, " "1, " "1, " "1, " "1, " "1, " "1, " "1, " "1, " "1, " "1, " "1, " "1, " "1, " "1, " "1, " "1, " "1, " "1, " "1, " "1, " "1, " "1, " "1, " "1, " "1, " "1, " "1, " "1, " "1, " "1, " "1, " "1, " "1, " "1, " "1, " "1, " "1, " "1, " "1, " "1, " "1, " "1, " "1, " "1, " "1, " "1, " "1, " "1, " "1, " "1, " "1, " "1, " "1, " "1, " "1, " "1, " "1, " "1, " "1, " "1, " "1, " "1, " "1, " "1, " "1, " "1, " "1, " "1, " "1, " "1, " "1, " "1, " "1, " "1, " "1, " "1, " "1, " "1, " "1, " "1, " "1, " "1, " "1, " "1, " "1, " "1, " "1, " "1, "204
 "Nei269, 0.163, " "0.015, " "1, " "1, " "1, " "1, " "1, " "1, " "1, " "1, " "1, " "1, " "1, " "1, " "1, " "1, " "1, " "1, " "1, " "1, " "1, " "1, " "1, " "1, " "1, " "1, " "1, " "1, " "1, " "1, " "1, " "1, " "1, " "1, " "1, " "1, " "1, " "1, " "1, " "1, " "1, " "1, " "1, " "1, " "1, " "1, " "1, " "1, " "1, " "1, " "1, " "1, " "1, " "1, " "1, " "1, " "1, " "1, " "1, " "1, " "1, " "1, " "1, " "1, " "1, " "1, " "1, " "1, " "1, " "1, " "1, " "1, " "1, " "1, " "1, " "1, " "1, " "1, " "1, " "1, " "1, " "1, " "1, " "1, " "1, " "1, " "1, " "1, " "1, " "1, " "1, " "1, " "1, " "1, " "1, " "1, " "1, " "1, " "1, " "1, " "1, " "1, " "1, " "1, " "1, " "1, " "1, " "1, " "1, " "1, " "1, " "1, " "1, " "1, " "1, " "1, " "1, " "1, " "1, " "1, " "1, " "1, " "1, " "1, " "1, " "1, " "1, " "1, " "1, " "1, " "1, " "1, " "1, " "1, " "1, " "1, " "1, " "1, " "1, " "1, " "1, " "1, " "1, " "1, " "1, " "1, " "1, " "1, " "1, " "1, " "1, " "1, " "1, " "1, " "1, " "1, " "1, " "1, " "1, " "1, " "1, " "1, " "1, " "1, " "1, " "1, " "1, " "1, " "1, " "1, " "1, " "1, " "1, " "1, " "1, " "1, " "1, " "1, " "1, " "1, " "1, " "1, " "1, " "1, " "1, " "1, " "1, " "1, " "1, " "1, " "1, " "1, " "1, " "1, " "1, " "1, " "1, " "1, " "1, " "1, " "1, " "1, " "1, " "1, " "1, " "1, " "1, " "1, " "1, " "1, " "1, " "1, " "1, " "1, " "1, " "1, " "1, " "1, " "1, " "1, " "1, " "1, " "1, " "1, " "1, " "1, " "1, " "1, " "1, " "1, " "1, " "1, " "1, " "1, " "1, " "1, " "1, " "1, " "1, " "1, " "1, " "1, " "1, " "1, " "1, " "1, " "1, " "1, " "1, " "1, " "1, " "1, " "1, " "1, " "1, " "1, " "1, " "1, " "1, " "1, " "1, " "1, " "1, " "1, " "1, " "1, " "1, " "1, " "1, " "1, " "1, " "0, " "1, " "1, " "1, " "1, " "1, " "1, " "1, " "1, " "1, " "1, " "1, " "1, " "1, " "1, " "1, " "1, " "1, " "1, " "1, " "1, " "1, " "1, " "1, " "1, " "1, " "1, " "1, " "1, " "1, " "1, " "1, " "1, " "1, " "1, " "1, " "1, " "1, " "1, " "1, " "1, " "1, " "1, " "1, " "1, " "1, " "1, " "1, " "1, " "1, " "1, " "1, " "1, " "1, " "1, " "1, " "1, " "1, " "1, " "1, " "1, " "1, " "1, " "1, " "1, " "1, " "1, " "1, " "1, " "1, " "1, " "1, " "1, " "1, " "1, " "1, " "1, " "1, " "1, " "1, " "1, " "1, " "1, " "1, " "1, " "1, " "1, " "1, " "1, " "1, " "1, " "1, " "1, " "1, " "1, " "1, " "1, " "1, " "1, " "1, " "1, " "1, " "1, " "1, " "1, " "1, " "1, " "1, " "1, " "1, " "1, " "1, " "1, " "1, " "1, " "1, " "1, " "1, " "1, " "1, " "1, " "1, " "1, " "1, " "1, " "1, " "1, " "1, " "1, " "1, " "1, " "1, " "1, " "1, " "1, " "1, " "1, " "1, " "1, " "1, " "1, " "1, " "1, " "1, " "1, " "1, " "1, " "1, " "1, " "1, " "1, " "1, " "1, " "1, " "1, " "1, " "1, " "1, " "1, " "1, " "1, " "1, " "1, " "1, " "1, " "1, " "1, " "1, " "1, " "1, " "1, " "1, " "1, " "1, " "1, " "1, " "1, " "1, " "1, " "1, " "1, " "1, " "1, " "1, " "1, " "1, " "1, " "1, " "1, " "1, " "1, " "1, " "1, " "1, " "1, " "1, " "1, " "1, " "1, " "1, " "1, " "1, " "1, " "1, " "1, " "1, " "1, " "1, " "1, " "1, " "1, " "1, " "1, " "1, " "1, " "1, " "1, " "1, " "1, " "1, " "1, " "1, " "1, " "1, " "1, " "1, " "1, " "1, " "1, " "1, " "1, " "1, " "1, " "1, " "1, " "1, " "1, " "1, " "1, " "1, " "1, " "1, " "1, " "1, "204
 "Nei270, 0.217, " "0.015, " "1, " "1, " "1, " "1, " "1, " "1, " "1, " "1, " "1, " "1, " "1, " "1, " "1, " "1, " "1, " "1, " "1, " "1, " "1, " "1, " "1, " "1, " "1, " "1, " "1, " "1, " "1, " "1, " "1, " "1, " "1, " "1, " "1, " "1, " "1, " "1, " "1, " "1, " "1, " "1, " "1, " "1, " "1, " "1, " "1, " "1, " "1, " "1, " "1, " "1, " "1, " "1, " "1, " "1, " "1, " "1, " "1, " "1, " "1, " "1, " "1, " "1, " "1, " "1, " "1, " "1, " "1, " "1, " "1, " "1, " "1, " "1, " "1, " "1, " "1, " "1, " "1, " "1, " "1, " "1, " "1, " "1, " "1, " "1, " "1, " "1, " "1, " "1, " "1, " "1, " "1, " "1, " "1, " "1, " "1, " "1, " "1, " "1, " "1, " "1, " "1, " "1, " "1, " "1, " "1, " "1, " "1, " "1, " "1, " "1, " "1, " "1, " "1, " "1, " "1, " "1, " "1, " "1, " "1, " "1, " "1, " "1, " "1, " "1, " "1, " "1, " "1, " "1, " "1, " "1, " "1, " "1, " "1, " "1, " "1, " "1, " "1, " "1, " "1, " "1, " "1, " "1, " "1, " "1, " "1, " "1, " "1, " "1, " "1, " "1, " "1, " "1, " "1, " "1, " "1, " "1, " "1, " "1, " "1, " "1, " "1, " "1, " "1, " "1, " "1, " "1, " "1, " "1, " "1, " "1, " "1, " "1, " "1, " "1, " "1, " "1, " "1, " "1, " "1, " "1, " "1, " "1, " "1, " "1, " "1, " "1, " "1, " "1, " "1, " "1, " "1, " "1, " "1, " "1, " "1, " "1, " "1, " "1, " "1, " "1, " "1, " "1, " "1, " "1, " "1, " "1, " "1, " "1, " "1, " "1, " "1, " "1, " "1, " "1, " "1, " "1, " "1, " "1, " "1, " "1, " "1, " "1, " "1, " "1, " "1, " "1, " "1, " "1, " "1, " "1, " "1, " "1, " "1, " "1, " "1, " "1, " "1, " "1, " "1, " "1, " "1, " "1, " "1, " "1, " "1, " "1, " "1, " "1, " "1, " "1, " "1, " "1, " "1, " "1, " "1, " "1, " "1, " "1, " "1, " "1, " "1, " "1, " "1, " "1, " "1, " "1, " "1, " "1, " "1, " "1, " "0, " "1, " "1, " "1, " "1, " "1, " "1, " "1, " "1, " "1, " "1, " "1, " "1, " "1, " "1, " "1, " "1, " "1, " "1, " "1, " "1, " "1, " "1, " "1, " "1, " "1, " "1, " "1, " "1, " "1, " "1, " "1, " "1, " "1, " "1, " "1, " "1, " "1, " "1, " "1, " "1, " "1, " "1, " "1, " "1, " "1, " "1, " "1, " "1, " "1, " "1, " "1, " "1, " "1, " "1, " "1, " "1, " "1, " "1, " "1, " "1, " "1, " "1, " "1, " "1, " "1, " "1, " "1, " "1, " "1, " "1, " "1, " "1, " "1, " "1, " "1, " "1, " "1, " "1, " "1, " "1, " "1, " "1, " "1, " "1, " "1, " "1, " "1, " "1, " "1, " "1, " "1, " "1, " "1, " "1, " "1, " "1, " "1, " "1, " "1, " "1, " "1, " "1, " "1, " "1, " "1, " "1, " "1, " "1, " "1, " "1, " "1, " "1, " "1, " "1, " "1, " "1, " "1, " "1, " "1, " "1, " "1, " "1, " "1, " "1, " "1, " "1, " "1, " "1, " "1, " "1, " "1, " "1, " "1, " "1, " "1, " "1, " "1, " "1, " "1, " "1, " "1, " "1, " "1, " "1, " "1, " "1, " "1, " "1, " "1, " "1, " "1, " "1, " "1, " "1, " "1, " "1, " "1, " "1, " "1, " "1, " "1, " "1, " "1, " "1, " "1, " "1, " "1, " "1, " "1, " "1, " "1, " "1, " "1, " "1, " "1, " "1, " "1, " "1, " "1, " "1, " "1, " "1, " "1, " "1, " "1, " "1, " "1, " "1, " "1, " "1, " "1, " "1, " "1, " "1, " "1, " "1, " "1, " "1, " "1, " "1, " "1, " "1, " "1, " "1, " "1, " "1, " "1, " "1, " "1, " "1, " "1, " "1, " "1, " "1, " "1, " "1, " "1, " "1, " "1, " "1, " "1, " "1, " "1, " "1, " "1, " "1, " "1, " "1, " "1, " "1, " "1, " "1, " "1, " "1, " "1, " "1, " "1, " "1, " "1, " "1, " "1, " "1, "204
 "Nei271, 0.219, " "0.015, " "1, " "1, " "1, " "1, " "1, " "1, " "1, " "1, " "1, " "1, " "1, " "1, " "1, " "1, " "1, " "1, " "1, " "1, " "1, " "1, " "1, " "1, " "1, " "1, " "1, " "1, " "1, " "1, " "1, " "1, " "1, " "1, " "1, " "1, " "1, " "1, " "1, " "1, " "1, " "1, " "1, " "1, " "1, " "1, " "1, " "1, " "1, " "1, " "1, " "1, " "1, " "1, " "1, " "1, " "1, " "1, " "1, " "1, " "1, " "1, " "1, " "1, " "1, " "1, " "1, " "1, " "1, " "1, " "1, " "1, " "1, " "1, " "1, " "1, " "1, " "1, " "1, " "1, " "1, " "1, " "1, " "1, " "1, " "1, " "1, " "1, " "1, " "1, " "1, " "1, " "1, " "1, " "1, " "1, " "1, " "1, " "1, " "1, " "1, " "1, " "1, " "1, " "1, " "1, " "1, " "1, " "1, " "1, " "1, " "1, " "1, " "1, " "1, " "1, " "1, " "1, " "1, " "1, " "1, " "1, " "1, " "1, " "1, " "1, " "1, " "1, " "1, " "1, " "1, " "1, " "1, " "1, " "1, " "1, " "1, " "1, " "1, " "1, " "1, " "1, " "1, " "1, " "1, " "1, " "1, " "1, " "1, " "1, " "1, " "1, " "1, " "1, " "1, " "1, " "1, " "1, " "1, " "1, " "1, " "1, " "1, " "1, " "1, " "1, " "1, " "1, " "1, " "1, " "1, " "1, " "1, " "1, " "1, " "1, " "1, " "1, " "1, " "1, " "1, " "1, " "1, " "1, " "1, " "1, " "1, " "1, " "1, " "1, " "1, " "1, " "1, " "1, " "1, " "1, " "1, " "1, " "1, " "1, " "1, " "1, " "1, " "1, " "1, " "1, " "1, " "1, " "1, " "1, " "1, " "1, " "1, " "1, " "1, " "1, " "1, " "1, " "1, " "1, " "1, " "1, " "1, " "1, " "1, " "1, " "1, " "1, " "1, " "1, " "1, " "1, " "1, " "1, " "1, " "1, " "1, " "1, " "1, " "1, " "1, " "1, " "1, " "1, " "1, " "1, " "1, " "1, " "1, " "1, " "1, " "1, " "1, " "1, " "1, " "1, " "1, " "1, " "1, " "1, " "1, " "1, " "1, " "1, " "1, " "1, " "1, " "1, " "1, " "1, " "1, " "1, " "1, " "0, " "1, " "1, " "1, " "1, " "1, " "1, " "1, " "1, " "1, " "1, " "1, " "1, " "1, " "1, " "1, " "1, " "1, " "1, " "1, " "1, " "1, " "1, " "1, " "1, " "1, " "1, " "1, " "1, " "1, " "1, " "1, " "1, " "1, " "1, " "1, " "1, " "1, " "1, " "1, " "1, " "1, " "1, " "1, " "1, " "1, " "1, " "1, " "1, " "1, " "1, " "1, " "1, " "1, " "1, " "1, " "1, " "1, " "1, " "1, " "1, " "1, " "1, " "1, " "1, " "1, " "1, " "1, " "1, " "1, " "1, " "1, " "1, " "1, " "1, " "1, " "1, " "1, " "1, " "1, " "1, " "1, " "1, " "1, " "1, " "1, " "1, " "1, " "1, " "1, " "1, " "1, " "1, " "1, " "1, " "1, " "1, " "1, " "1, " "1, " "1, " "1, " "1, " "1, " "1, " "1, " "1, " "1, " "1, " "1, " "1, " "1, " "1, " "1, " "1, " "1, " "1, " "1, " "1, " "1, " "1, " "1, " "1, " "1, " "1, " "1, " "1, " "1, " "1, " "1, " "1, " "1, " "1, " "1, " "1, " "1, " "1, " "1, " "1, " "1, " "1, " "1, " "1, " "1, " "1, " "1, " "1, " "1, " "1, " "1, " "1, " "1, " "1, " "1, " "1, " "1, " "1, " "1, " "1, " "1, " "1, " "1, " "1, " "1, " "1, " "1, " "1, " "1, " "1, " "1, " "1, " "1, " "1, " "1, " "1, " "1, " "1, " "1, " "1, " "1, " "1, " "1, " "1, " "1, " "1, " "1, " "1, " "1, " "1, " "1, " "1, " "1, " "1, " "1, " "1, " "1, " "1, " "1, " "1, " "1, " "1, " "1, " "1, " "1, " "1, " "1, " "1, " "1, " "1, " "1, " "1, " "1, " "1, " "1, " "1, " "1, " "1, " "1, " "1, " "1, " "1, " "1, " "1, " "1, " "1, " "1, " "1, " "1, " "1, " "1, " "1, " "1, " "1, " "1, " "1, " "1, " "1, " "1, " "1, " "1, " "1, " "1, "204
 "Nei272, 0.042, " "0.015, " "1, " "1, " "1, " "1, " "1, " "1, " "1, " "1, " "1, " "1, " "1, " "1, " "1, " "1, " "1, " "1, " "1, " "1, " "1, " "1, " "1, " "1, " "1, " "1, " "1, " "1, " "1, " "1, " "1, " "1, " "1, " "1, " "1, " "1, " "1, " "1, " "1, " "1, " "1, " "1, " "1, " "1, " "1, " "1, " "1, " "1, " "1, " "1, " "1, " "1, " "1, " "1, " "1, " "1, " "1, " "1, " "1, " "1, " "1, " "1, " "1, " "1, " "1, " "1, " "1, " "1, " "1, " "1, " "1, " "1, " "1, " "1, " "1, " "1, " "1, " "1, " "1, " "1, " "1, " "1, " "1, " "1, " "1, " "1, " "1, " "1, " "1, " "1, " "1, " "1, " "1, " "1, " "1, " "1, " "1, " "1, " "1, " "1, " "1, " "1, " "1, " "1, " "1, " "1, " "1, " "1, " "1, " "1, " "1, " "1, " "1, " "1, " "1, " "1, " "1, " "1, " "1, " "1, " "1, " "1, " "1, " "1, " "1, " "1, " "1, " "1, " "1, " "1, " "1, " "1, " "1, " "1, " "1, " "1, " "1, " "1, " "1, " "1, " "1, " "1, " "1, " "1, " "1, " "1, " "1, " "1, " "1, " "1, " "1, " "1, " "1, " "1, " "1, " "1, " "1, " "1, " "1, " "1, " "1, " "1, " "1, " "1, " "1, " "1, " "1, " "1, " "1, " "1, " "1, " "1, " "1, " "1, " "1, " "1, " "1, " "1, " "1, " "1, " "1, " "1, " "1, " "1, " "1, " "1, " "1, " "1, " "1, " "1, " "1, " "1, " "1, " "1, " "1, " "1, " "1, " "1, " "1, " "1, " "1, " "1, " "1, " "1, " "1, " "1, " "1, " "1, " "1, " "1, " "1, " "1, " "1, " "1, " "1, " "1, " "1, " "1, " "1, " "1, " "1, " "1, " "1, " "1, " "1, " "1, " "1, " "1, " "1, " "1, " "1, " "1, " "1, " "1, " "1, " "1, " "1, " "1, " "1, " "1, " "1, " "1, " "1, " "1, " "1, " "1, " "1, " "1, " "1, " "1, " "1, " "1, " "1, " "1, " "1, " "1, " "1, " "1, " "1, " "1, " "1, " "1, " "1, " "1, " "1, " "1, " "1, " "1, " "1, " "1, " "1, " "1, " "1, " "1, " "0, " "1, " "1, " "1, " "1, " "1, " "1, " "1, " "1, " "1, " "1, " "1, " "1, " "1, " "1, " "1, " "1, " "1, " "1, " "1, " "1, " "1, " "1, " "1, " "1, " "1, " "1, " "1, " "1, " "1, " "1, " "1, " "1, " "1, " "1, " "1, " "1, " "1, " "1, " "1, " "1, " "1, " "1, " "1, " "1, " "1, " "1, " "1, " "1, " "1, " "1, " "1, " "1, " "1, " "1, " "1, " "1, " "1, " "1, " "1, " "1, " "1, " "1, " "1, " "1, " "1, " "1, " "1, " "1, " "1, " "1, " "1, " "1, " "1, " "1, " "1, " "1, " "1, " "1, " "1, " "1, " "1, " "1, " "1, " "1, " "1, " "1, " "1, " "1, " "1, " "1, " "1, " "1, " "1, " "1, " "1, " "1, " "1, " "1, " "1, " "1, " "1, " "1, " "1, " "1, " "1, " "1, " "1, " "1, " "1, " "1, " "1, " "1, " "1, " "1, " "1, " "1, " "1, " "1, " "1, " "1, " "1, " "1, " "1, " "1, " "1, " "1, " "1, " "1, " "1, " "1, " "1, " "1, " "1, " "1, " "1, " "1, " "1, " "1, " "1, " "1, " "1, " "1, " "1, " "1, " "1, " "1, " "1, " "1, " "1, " "1, " "1, " "1, " "1, " "1, " "1, " "1, " "1, " "1, " "1, " "1, " "1, " "1, " "1, " "1, " "1, " "1, " "1, " "1, " "1, " "1, " "1, " "1, " "1, " "1, " "1, " "1, " "1, " "1, " "1, " "1, " "1, " "1, " "1, " "1, " "1, " "1, " "1, " "1, " "1, " "1, " "1, " "1, " "1, " "1, " "1, " "1, " "1, " "1, " "1, " "1, " "1, " "1, " "1, " "1, " "1, " "1, " "1, " "1, " "1, " "1, " "1, " "1, " "1, " "1, " "1, " "1, " "1, " "1, " "1, " "1, " "1, " "1, " "1, " "1, " "1, " "1, " "1, " "1, " "1, " "1, " "1, " "1, " "1, " "1, " "1, " "1, " "1, " "1, " "1, " "1, "204
 "Nei273, 0.247, " "0.015, " "1, " "1, " "1, " "1, " "1, " "1, " "1, " "1, " "1, " "1, " "1, " "1, " "1, " "1, " "1, " "1, " "1, " "1, " "1, " "1, " "1, " "1, " "1, " "1, " "1, " "1, " "1, " "1, " "1, " "1, " "1, " "1, " "1, " "1, " "1, " "1, " "1, " "1, " "1, " "1, " "1, " "1, " "1, " "1, " "1, " "1, " "1, " "1, " "1, " "1, " "1, " "1, " "1, " "1, " "1, " "1, " "1, " "1, " "1, " "1, " "1, " "1, " "1, " "1, " "1, " "1, " "1, " "1, " "1, " "1, " "1, " "1, " "1, " "1, " "1, " "1, " "1, " "1, " "1, " "1, " "1, " "1, " "1, " "1, " "1, " "1, " "1, " "1, " "1, " "1, " "1, " "1, " "1, " "1, " "1, " "1, " "1, " "1, " "1, " "1, " "1, " "1, " "1, " "1, " "1, " "1, " "1, " "1, " "1, " "1, " "1, " "1, " "1, " "1, " "1, " "1, " "1, " "1, " "1, " "1, " "1, " "1, " "1, " "1, " "1, " "1, " "1, " "1, " "1, " "1, " "1, " "1, " "1, " "1, " "1, " "1, " "1, " "1, " "1, " "1, " "1, " "1, " "1, " "1, " "1, " "1, " "1, " "1, " "1, " "1, " "1, " "1, " "1, " "1, " "1, " "1, " "1, " "1, " "1, " "1, " "1, " "1, " "1, " "1, " "1, " "1, " "1, " "1, " "1, " "1, " "1, " "1, " "1, " "1, " "1, " "1, " "1, " "1, " "1, " "1, " "1, " "1, " "1, " "1, " "1, " "1, " "1, " "1, " "1, " "1, " "1, " "1, " "1, " "1, " "1, " "1, " "1, " "1, " "1, " "1, " "1, " "1, " "1, " "1, " "1, " "1, " "1, " "1, " "1, " "1, " "1, " "1, " "1, " "1, " "1, " "1, " "1, " "1, " "1, " "1, " "1, " "1, " "1, " "1, " "1, " "1, " "1, " "1, " "1, " "1, " "1, " "1, " "1, " "1, " "1, " "1, " "1, " "1, " "1, " "1, " "1, " "1, " "1, " "1, " "1, " "1, " "1, " "1, " "1, " "1, " "1, " "1, " "1, " "1, " "1, " "1, " "1, " "1, " "1, " "1, " "1, " "1, " "1, " "1, " "1, " "1, " "1, " "1, " "1, " "1, " "1, " "1, " "1, " "0, " "1, " "1, " "1, " "1, " "1, " "1, " "1, " "1, " "1, " "1, " "1, " "1, " "1, " "1, " "1, " "1, " "1, " "1, " "1, " "1, " "1, " "1, " "1, " "1, " "1, " "1, " "1, " "1, " "1, " "1, " "1, " "1, " "1, " "1, " "1, " "1, " "1, " "1, " "1, " "1, " "1, " "1, " "1, " "1, " "1, " "1, " "1, " "1, " "1, " "1, " "1, " "1, " "1, " "1, " "1, " "1, " "1, " "1, " "1, " "1, " "1, " "1, " "1, " "1, " "1, " "1, " "1, " "1, " "1, " "1, " "1, " "1, " "1, " "1, " "1, " "1, " "1, " "1, " "1, " "1, " "1, " "1, " "1, " "1, " "1, " "1, " "1, " "1, " "1, " "1, " "1, " "1, " "1, " "1, " "1, " "1, " "1, " "1, " "1, " "1, " "1, " "1, " "1, " "1, " "1, " "1, " "1, " "1, " "1, " "1, " "1, " "1, " "1, " "1, " "1, " "1, " "1, " "1, " "1, " "1, " "1, " "1, " "1, " "1, " "1, " "1, " "1, " "1, " "1, " "1, " "1, " "1, " "1, " "1, " "1, " "1, " "1, " "1, " "1, " "1, " "1, " "1, " "1, " "1, " "1, " "1, " "1, " "1, " "1, " "1, " "1, " "1, " "1, " "1, " "1, " "1, " "1, " "1, " "1, " "1, " "1, " "1, " "1, " "1, " "1, " "1, " "1, " "1, " "1, " "1, " "1, " "1, " "1, " "1, " "1, " "1, " "1, " "1, " "1, " "1, " "1, " "1, " "1, " "1, " "1, " "1, " "1, " "1, " "1, " "1, " "1, " "1, " "1, " "1, " "1, " "1, " "1, " "1, " "1, " "1, " "1, " "1, " "1, " "1, " "1, " "1, " "1, " "1, " "1, " "1, " "1, " "1, " "1, " "1, " "1, " "1, " "1, " "1, " "1, " "1, " "1, " "1, " "1, " "1, " "1, " "1, " "1, " "1, " "1, " "1, " "1, " "1, " "1, " "1, " "1, " "1, " "1, " "1, " "1, "204
 "Nei274, 0.384, " "0.015, " "1, " "1, " "1, " "1, " "1, " "1, " "1, " "1, " "1, " "1, " "1, " "1, " "1, " "1, " "1, " "1, " "1, " "1, " "1, " "1, " "1, " "1, " "1, " "1, " "1, " "1, " "1, " "1, " "1, " "1, " "1, " "1, " "1, " "1, " "1, " "1, " "1, " "1, " "1, " "1, " "1, " "1, " "1, " "1, " "1, " "1, " "1, " "1, " "1, " "1, " "1, " "1, " "1, " "1, " "1, " "1, " "1, " "1, " "1, " "1, " "1, " "1, " "1, " "1, " "1, " "1, " "1, " "1, " "1, " "1, " "1, " "1, " "1, " "1, " "1, " "1, " "1, " "1, " "1, " "1, " "1, " "1, " "1, " "1, " "1, " "1, " "1, " "1, " "1, " "1, " "1, " "1, " "1, " "1, " "1, " "1, " "1, " "1, " "1, " "1, " "1, " "1, " "1, " "1, " "1, " "1, " "1, " "1, " "1, " "1, " "1, " "1, " "1, " "1, " "1, " "1, " "1, " "1, " "1, " "1, " "1, " "1, " "1, " "1, " "1, " "1, " "1, " "1, " "1, " "1, " "1, " "1, " "1, " "1, " "1, " "1, " "1, " "1, " "1, " "1, " "1, " "1, " "1, " "1, " "1, " "1, " "1, " "1, " "1, " "1, " "1, " "1, " "1, " "1, " "1, " "1, " "1, " "1, " "1, " "1, " "1, " "1, " "1, " "1, " "1, " "1, " "1, " "1, " "1, " "1, " "1, " "1, " "1, " "1, " "1, " "1, " "1, " "1, " "1, " "1, " "1, " "1, " "1, " "1, " "1, " "1, " "1, " "1, " "1, " "1, " "1, " "1, " "1, " "1, " "1, " "1, " "1, " "1, " "1, " "1, " "1, " "1, " "1, " "1, " "1, " "1, " "1, " "1, " "1, " "1, " "1, " "1, " "1, " "1, " "1, " "1, " "1, " "1, " "1, " "1, " "1, " "1, " "1, " "1, " "1, " "1, " "1, " "1, " "1, " "1, " "1, " "1, " "1, " "1, " "1, " "1, " "1, " "1, " "1, " "1, " "1, " "1, " "1, " "1, " "1, " "1, " "1, " "1, " "1, " "1, " "1, " "1, " "1, " "1, " "1, " "1, " "1, " "1, " "1, " "1, " "1, " "1, " "1, " "1, " "1, " "1, " "1, " "1, " "1, " "1, " "1, " "1, " "1, " "1, " "0, " "1, " "1, " "1, " "1, " "1, " "1, " "1, " "1, " "1, " "1, " "1, " "1, " "1, " "1, " "1, " "1, " "1, " "1, " "1, " "1, " "1, " "1, " "1, " "1, " "1, " "1, " "1, " "1, " "1, " "1, " "1, " "1, " "1, " "1, " "1, " "1, " "1, " "1, " "1, " "1, " "1, " "1, " "1, " "1, " "1, " "1, " "1, " "1, " "1, " "1, " "1, " "1, " "1, " "1, " "1, " "1, " "1, " "1, " "1, " "1, " "1, " "1, " "1, " "1, " "1, " "1, " "1, " "1, " "1, " "1, " "1, " "1, " "1, " "1, " "1, " "1, " "1, " "1, " "1, " "1, " "1, " "1, " "1, " "1, " "1, " "1, " "1, " "1, " "1, " "1, " "1, " "1, " "1, " "1, " "1, " "1, " "1, " "1, " "1, " "1, " "1, " "1, " "1, " "1, " "1, " "1, " "1, " "1, " "1, " "1, " "1, " "1, " "1, " "1, " "1, " "1, " "1, " "1, " "1, " "1, " "1, " "1, " "1, " "1, " "1, " "1, " "1, " "1, " "1, " "1, " "1, " "1, " "1, " "1, " "1, " "1, " "1, " "1, " "1, " "1, " "1, " "1, " "1, " "1, " "1, " "1, " "1, " "1, " "1, " "1, " "1, " "1, " "1, " "1, " "1, " "1, " "1, " "1, " "1, " "1, " "1, " "1, " "1, " "1, " "1, " "1, " "1, " "1, " "1, " "1, " "1, " "1, " "1, " "1, " "1, " "1, " "1, " "1, " "1, " "1, " "1, " "1, " "1, " "1, " "1, " "1, " "1, " "1, " "1, " "1, " "1, " "1, " "1, " "1, " "1, " "1, " "1, " "1, " "1, " "1, " "1, " "1, " "1, " "1, " "1, " "1, " "1, " "1, " "1, " "1, " "1, " "1, " "1, " "1, " "1, " "1, " "1, " "1, " "1, " "1, " "1, " "1, " "1, " "1, " "1, " "1, " "1, " "1, " "1, " "1, " "1, " "1, " "1, " "1, " "1, " "1, " "1, " "1, "204
 "Nei275, 0.252, " "0.015, " "1, " "1, " "1, " "1, " "1, " "1, " "1, " "1, " "1, " "1, " "1, " "1, " "1, " "1, " "1, " "1, " "1, " "1, " "1, " "1, " "1, " "1, " "1, " "1, " "1, " "1, " "1, " "1, " "1, " "1, " "1, " "1, " "1, " "1, " "1, " "1, " "1, " "1, " "1, " "1, " "1, " "1, " "1, " "1, " "1, " "1, " "1, " "1, " "1, " "1, " "1, " "1, " "1, " "1, " "1, " "1, " "1, " "1, " "1, " "1, " "1, " "1, " "1, " "1, " "1, " "1, " "1, " "1, " "1, " "1, " "1, " "1, " "1, " "1, " "1, " "1, " "1, " "1, " "1, " "1, " "1, " "1, " "1, " "1, " "1, " "1, " "1, " "1, " "1, " "1, " "1, " "1, " "1, " "1, " "1, " "1, " "1, " "1, " "1, " "1, " "1, " "1, " "1, " "1, " "1, " "1, " "1, " "1, " "1, " "1, " "1, " "1, " "1, " "1, " "1, " "1, " "1, " "1, " "1, " "1, " "1, " "1, " "1, " "1, " "1, " "1, " "1, " "1, " "1, " "1, " "1, " "1, " "1, " "1, " "1, " "1, " "1, " "1, " "1, " "1, " "1, " "1, " "1, " "1, " "1, " "1, " "1, " "1, " "1, " "1, " "1, " "1, " "1, " "1, " "1, " "1, " "1, " "1, " "1, " "1, " "1, " "1, " "1, " "1, " "1, " "1, " "1, " "1, " "1, " "1, " "1, " "1, " "1, " "1, " "1, " "1, " "1, " "1, " "1, " "1, " "1, " "1, " "1, " "1, " "1, " "1, " "1, " "1, " "1, " "1, " "1, " "1, " "1, " "1, " "1, " "1, " "1, " "1, " "1, " "1, " "1, " "1, " "1, " "1, " "1, " "1, " "1, " "1, " "1, " "1, " "1, " "1, " "1, " "1, " "1, " "1, " "1, " "1, " "1, " "1, " "1, " "1, " "1, " "1, " "1, " "1, " "1, " "1, " "1, " "1, " "1, " "1, " "1, " "1, " "1, " "1, " "1, " "1, " "1, " "1, " "1, " "1, " "1, " "1, " "1, " "1, " "1, " "1, " "1, " "1, " "1, " "1, " "1, " "1, " "1, " "1, " "1, " "1, " "1, " "1, " "1, " "1, " "1, " "1, " "1, " "1, " "1, " "1, " "1, " "1, " "1, " "1, " "1, " "1, " "1, " "0, " "1, " "1, " "1, " "1, " "1, " "1, " "1, " "1, " "1, " "1, " "1, " "1, " "1, " "1, " "1, " "1, " "1, " "1, " "1, " "1, " "1, " "1, " "1, " "1, " "1, " "1, " "1, " "1, " "1, " "1, " "1, " "1, " "1, " "1, " "1, " "1, " "1, " "1, " "1, " "1, " "1, " "1, " "1, " "1, " "1, " "1, " "1, " "1, " "1, " "1, " "1, " "1, " "1, " "1, " "1, " "1, " "1, " "1, " "1, " "1, " "1, " "1, " "1, " "1, " "1, " "1, " "1, " "1, " "1, " "1, " "1, " "1, " "1, " "1, " "1, " "1, " "1, " "1, " "1, " "1, " "1, " "1, " "1, " "1, " "1, " "1, " "1, " "1, " "1, " "1, " "1, " "1, " "1, " "1, " "1, " "1, " "1, " "1, " "1, " "1, " "1, " "1, " "1, " "1, " "1, " "1, " "1, " "1, " "1, " "1, " "1, " "1, " "1, " "1, " "1, " "1, " "1, " "1, " "1, " "1, " "1, " "1, " "1, " "1, " "1, " "1, " "1, " "1, " "1, " "1, " "1, " "1, " "1, " "1, " "1, " "1, " "1, " "1, " "1, " "1, " "1, " "1, " "1, " "1, " "1, " "1, " "1, " "1, " "1, " "1, " "1, " "1, " "1, " "1, " "1, " "1, " "1, " "1, " "1, " "1, " "1, " "1, " "1, " "1, " "1, " "1, " "1, " "1, " "1, " "1, " "1, " "1, " "1, " "1, " "1, " "1, " "1, " "1, " "1, " "1, " "1, " "1, " "1, " "1, " "1, " "1, " "1, " "1, " "1, " "1, " "1, " "1, " "1, " "1, " "1, " "1, " "1, " "1, " "1, " "1, " "1, " "1, " "1, " "1, " "1, " "1, " "1, " "1, " "1, " "1, " "1, " "1, " "1, " "1, " "1, " "1, " "1, " "1, " "1, " "1, " "1, " "1, " "1, " "1, " "1, " "1, " "1, " "1, " "1, " "1, " "1, " "1, " "1, " "1, " "1, " "1, " "1, "204
 "Nei276, 0.12, " "0.015, " "1, " "1, " "1, " "1, " "1, " "1, " "1, " "1, " "1, " "1, " "1, " "1, " "1, " "1, " "1, " "1, " "1, " "1, " "1, " "1, " "1, " "1, " "1, " "1, " "1, " "1, " "1, " "1, " "1, " "1, " "1, " "1, " "1, " "1, " "1, " "1, " "1, " "1, " "1, " "1, " "1, " "1, " "1, " "1, " "1, " "1, " "1, " "1, " "1, " "1, " "1, " "1, " "1, " "1, " "1, " "1, " "1, " "1, " "1, " "1, " "1, " "1, " "1, " "1, " "1, " "1, " "1, " "1, " "1, " "1, " "1, " "1, " "1, " "1, " "1, " "1, " "1, " "1, " "1, " "1, " "1, " "1, " "1, " "1, " "1, " "1, " "1, " "1, " "1, " "1, " "1, " "1, " "1, " "1, " "1, " "1, " "1, " "1, " "1, " "1, " "1, " "1, " "1, " "1, " "1, " "1, " "1, " "1, " "1, " "1, " "1, " "1, " "1, " "1, " "1, " "1, " "1, " "1, " "1, " "1, " "1, " "1, " "1, " "1, " "1, " "1, " "1, " "1, " "1, " "1, " "1, " "1, " "1, " "1, " "1, " "1, " "1, " "1, " "1, " "1, " "1, " "1, " "1, " "1, " "1, " "1, " "1, " "1, " "1, " "1, " "1, " "1, " "1, " "1, " "1, " "1, " "1, " "1, " "1, " "1, " "1, " "1, " "1, " "1, " "1, " "1, " "1, " "1, " "1, " "1, " "1, " "1, " "1, " "1, " "1, " "1, " "1, " "1, " "1, " "1, " "1, " "1, " "1, " "1, " "1, " "1, " "1, " "1, " "1, " "1, " "1, " "1, " "1, " "1, " "1, " "1, " "1, " "1, " "1, " "1, " "1, " "1, " "1, " "1, " "1, " "1, " "1, " "1, " "1, " "1, " "1, " "1, " "1, " "1, " "1, " "1, " "1, " "1, " "1, " "1, " "1, " "1, " "1, " "1, " "1, " "1, " "1, " "1, " "1, " "1, " "1, " "1, " "1, " "1, " "1, " "1, " "1, " "1, " "1, " "1, " "1, " "1, " "1, " "1, " "1, " "1, " "1, " "1, " "1, " "1, " "1, " "1, " "1, " "1, " "1, " "1, " "1, " "1, " "1, " "1, " "1, " "1, " "1, " "1, " "1, " "1, " "1, " "1, " "1, " "1, " "1, " "1, " "1, " "1, " "1, " "1, " "0, " "1, " "1, " "1, " "1, " "1, " "1, " "1, " "1, " "1, " "1, " "1, " "1, " "1, " "1, " "1, " "1, " "1, " "1, " "1, " "1, " "1, " "1, " "1, " "1, " "1, " "1, " "1, " "1, " "1, " "1, " "1, " "1, " "1, " "1, " "1, " "1, " "1, " "1, " "1, " "1, " "1, " "1, " "1, " "1, " "1, " "1, " "1, " "1, " "1, " "1, " "1, " "1, " "1, " "1, " "1, " "1, " "1, " "1, " "1, " "1, " "1, " "1, " "1, " "1, " "1, " "1, " "1, " "1, " "1, " "1, " "1, " "1, " "1, " "1, " "1, " "1, " "1, " "1, " "1, " "1, " "1, " "1, " "1, " "1, " "1, " "1, " "1, " "1, " "1, " "1, " "1, " "1, " "1, " "1, " "1, " "1, " "1, " "1, " "1, " "1, " "1, " "1, " "1, " "1, " "1, " "1, " "1, " "1, " "1, " "1, " "1, " "1, " "1, " "1, " "1, " "1, " "1, " "1, " "1, " "1, " "1, " "1, " "1, " "1, " "1, " "1, " "1, " "1, " "1, " "1, " "1, " "1, " "1, " "1, " "1, " "1, " "1, " "1, " "1, " "1, " "1, " "1, " "1, " "1, " "1, " "1, " "1, " "1, " "1, " "1, " "1, " "1, " "1, " "1, " "1, " "1, " "1, " "1, " "1, " "1, " "1, " "1, " "1, " "1, " "1, " "1, " "1, " "1, " "1, " "1, " "1, " "1, " "1, " "1, " "1, " "1, " "1, " "1, " "1, " "1, " "1, " "1, " "1, " "1, " "1, " "1, " "1, " "1, " "1, " "1, " "1, " "1, " "1, " "1, " "1, " "1, " "1, " "1, " "1, " "1, " "1, " "1, " "1, " "1, " "1, " "1, " "1, " "1, " "1, " "1, " "1, " "1, " "1, " "1, " "1, " "1, " "1, " "1, " "1, " "1, " "1, " "1, " "1, " "1, " "1, " "1, " "1, " "1, " "1, " "1, " "1, " "1, " "1, " "1, " "1, " "1, "204
 "Nei277, 0.214, " "0.015, " "1, " "1, " "1, " "1, " "1, " "1, " "1, " "1, " "1, " "1, " "1, " "1, " "1, " "1, " "1, " "1, " "1, " "1, " "1, " "1, " "1, " "1, " "1, " "1, " "1, " "1, " "1, " "1, " "1, " "1, " "1, " "1, " "1, " "1, " "1, " "1, " "1, " "1, " "1, " "1, " "1, " "1, " "1, " "1, " "1, " "1, " "1, " "1, " "1, " "1, " "1, " "1, " "1, " "1, " "1, " "1, " "1, " "1, " "1, " "1, " "1, " "1, " "1, " "1, " "1, " "1, " "1, " "1, " "1, " "1, " "1, " "1, " "1, " "1, " "1, " "1, " "1, " "1, " "1, " "1, " "1, " "1, " "1, " "1, " "1, " "1, " "1, " "1, " "1, " "1, " "1, " "1, " "1, " "1, " "1, " "1, " "1, " "1, " "1, " "1, " "1, " "1, " "1, " "1, " "1, " "1, " "1, " "1, " "1, " "1, " "1, " "1, " "1, " "1, " "1, " "1, " "1, " "1, " "1, " "1, " "1, " "1, " "1, " "1, " "1, " "1, " "1, " "1, " "1, " "1, " "1, " "1, " "1, " "1, " "1, " "1, " "1, " "1, " "1, " "1, " "1, " "1, " "1, " "1, " "1, " "1, " "1, " "1, " "1, " "1, " "1, " "1, " "1, " "1, " "1, " "1, " "1, " "1, " "1, " "1, " "1, " "1, " "1, " "1, " "1, " "1, " "1, " "1, " "1, " "1, " "1, " "1, " "1, " "1, " "1, " "1, " "1, " "1, " "1, " "1, " "1, " "1, " "1, " "1, " "1, " "1, " "1, " "1, " "1, " "1, " "1, " "1, " "1, " "1, " "1, " "1, " "1, " "1, " "1, " "1, " "1, " "1, " "1, " "1, " "1, " "1, " "1, " "1, " "1, " "1, " "1, " "1, " "1, " "1, " "1, " "1, " "1, " "1, " "1, " "1, " "1, " "1, " "1, " "1, " "1, " "1, " "1, " "1, " "1, " "1, " "1, " "1, " "1, " "1, " "1, " "1, " "1, " "1, " "1, " "1, " "1, " "1, " "1, " "1, " "1, " "1, " "1, " "1, " "1, " "1, " "1, " "1, " "1, " "1, " "1, " "1, " "1, " "1, " "1, " "1, " "1, " "1, " "1, " "1, " "1, " "1, " "1, " "1, " "1, " "1, " "1, " "1, " "1, " "1, " "1, " "1, " "1, " "0, " "1, " "1, " "1, " "1, " "1, " "1, " "1, " "1, " "1, " "1, " "1, " "1, " "1, " "1, " "1, " "1, " "1, " "1, " "1, " "1, " "1, " "1, " "1, " "1, " "1, " "1, " "1, " "1, " "1, " "1, " "1, " "1, " "1, " "1, " "1, " "1, " "1, " "1, " "1, " "1, " "1, " "1, " "1, " "1, " "1, " "1, " "1, " "1, " "1, " "1, " "1, " "1, " "1, " "1, " "1, " "1, " "1, " "1, " "1, " "1, " "1, " "1, " "1, " "1, " "1, " "1, " "1, " "1, " "1, " "1, " "1, " "1, " "1, " "1, " "1, " "1, " "1, " "1, " "1, " "1, " "1, " "1, " "1, " "1, " "1, " "1, " "1, " "1, " "1, " "1, " "1, " "1, " "1, " "1, " "1, " "1, " "1, " "1, " "1, " "1, " "1, " "1, " "1, " "1, " "1, " "1, " "1, " "1, " "1, " "1, " "1, " "1, " "1, " "1, " "1, " "1, " "1, " "1, " "1, " "1, " "1, " "1, " "1, " "1, " "1, " "1, " "1, " "1, " "1, " "1, " "1, " "1, " "1, " "1, " "1, " "1, " "1, " "1, " "1, " "1, " "1, " "1, " "1, " "1, " "1, " "1, " "1, " "1, " "1, " "1, " "1, " "1, " "1, " "1, " "1, " "1, " "1, " "1, " "1, " "1, " "1, " "1, " "1, " "1, " "1, " "1, " "1, " "1, " "1, " "1, " "1, " "1, " "1, " "1, " "1, " "1, " "1, " "1, " "1, " "1, " "1, " "1, " "1, " "1, " "1, " "1, " "1, " "1, " "1, " "1, " "1, " "1, " "1, " "1, " "1, " "1, " "1, " "1, " "1, " "1, " "1, " "1, " "1, " "1, " "1, " "1, " "1, " "1, " "1, " "1, " "1, " "1, " "1, " "1, " "1, " "1, " "1, " "1, " "1, " "1, " "1, " "1, " "1, " "1, " "1, " "1, " "1, " "1, " "1, " "1, " "1, " "1, " "1, " "1, " "1, "204
 "Nei278, 0.378, " "0.015, " "1, " "1, " "1, " "1, " "1, " "1, " "1, " "1, " "1, " "1, " "1, " "1, " "1, " "1, " "1, " "1, " "1, " "1, " "1, " "1, " "1, " "1, " "1, " "1, " "1, " "1, " "1, " "1, " "1, " "1, " "1, " "1, " "1, " "1, " "1, " "1, " "1, " "1, " "1, " "1, " "1, " "1, " "1, " "1, " "1, " "1, " "1, " "1, " "1, " "1, " "1, " "1, " "1, " "1, " "1, " "1, " "1, " "1, " "1, " "1, " "1, " "1, " "1, " "1, " "1, " "1, " "1, " "1, " "1, " "1, " "1, " "1, " "1, " "1, " "1, " "1, " "1, " "1, " "1, " "1, " "1, " "1, " "1, " "1, " "1, " "1, " "1, " "1, " "1, " "1, " "1, " "1, " "1, " "1, " "1, " "1, " "1, " "1, " "1, " "1, " "1, " "1, " "1, " "1, " "1, " "1, " "1, " "1, " "1, " "1, " "1, " "1, " "1, " "1, " "1, " "1, " "1, " "1, " "1, " "1, " "1, " "1, " "1, " "1, " "1, " "1, " "1, " "1, " "1, " "1, " "1, " "1, " "1, " "1, " "1, " "1, " "1, " "1, " "1, " "1, " "1, " "1, " "1, " "1, " "1, " "1, " "1, " "1, " "1, " "1, " "1, " "1, " "1, " "1, " "1, " "1, " "1, " "1, " "1, " "1, " "1, " "1, " "1, " "1, " "1, " "1, " "1, " "1, " "1, " "1, " "1, " "1, " "1, " "1, " "1, " "1, " "1, " "1, " "1, " "1, " "1, " "1, " "1, " "1, " "1, " "1, " "1, " "1, " "1, " "1, " "1, " "1, " "1, " "1, " "1, " "1, " "1, " "1, " "1, " "1, " "1, " "1, " "1, " "1, " "1, " "1, " "1, " "1, " "1, " "1, " "1, " "1, " "1, " "1, " "1, " "1, " "1, " "1, " "1, " "1, " "1, " "1, " "1, " "1, " "1, " "1, " "1, " "1, " "1, " "1, " "1, " "1, " "1, " "1, " "1, " "1, " "1, " "1, " "1, " "1, " "1, " "1, " "1, " "1, " "1, " "1, " "1, " "1, " "1, " "1, " "1, " "1, " "1, " "1, " "1, " "1, " "1, " "1, " "1, " "1, " "1, " "1, " "1, " "1, " "1, " "1, " "1, " "1, " "1, " "1, " "1, " "1, " "1, " "1, " "1, " "1, " "1, " "1, " "0, " "1, " "1, " "1, " "1, " "1, " "1, " "1, " "1, " "1, " "1, " "1, " "1, " "1, " "1, " "1, " "1, " "1, " "1, " "1, " "1, " "1, " "1, " "1, " "1, " "1, " "1, " "1, " "1, " "1, " "1, " "1, " "1, " "1, " "1, " "1, " "1, " "1, " "1, " "1, " "1, " "1, " "1, " "1, " "1, " "1, " "1, " "1, " "1, " "1, " "1, " "1, " "1, " "1, " "1, " "1, " "1, " "1, " "1, " "1, " "1, " "1, " "1, " "1, " "1, " "1, " "1, " "1, " "1, " "1, " "1, " "1, " "1, " "1, " "1, " "1, " "1, " "1, " "1, " "1, " "1, " "1, " "1, " "1, " "1, " "1, " "1, " "1, " "1, " "1, " "1, " "1, " "1, " "1, " "1, " "1, " "1, " "1, " "1, " "1, " "1, " "1, " "1, " "1, " "1, " "1, " "1, " "1, " "1, " "1, " "1, " "1, " "1, " "1, " "1, " "1, " "1, " "1, " "1, " "1, " "1, " "1, " "1, " "1, " "1, " "1, " "1, " "1, " "1, " "1, " "1, " "1, " "1, " "1, " "1, " "1, " "1, " "1, " "1, " "1, " "1, " "1, " "1, " "1, " "1, " "1, " "1, " "1, " "1, " "1, " "1, " "1, " "1, " "1, " "1, " "1, " "1, " "1, " "1, " "1, " "1, " "1, " "1, " "1, " "1, " "1, " "1, " "1, " "1, " "1, " "1, " "1, " "1, " "1, " "1, " "1, " "1, " "1, " "1, " "1, " "1, " "1, " "1, " "1, " "1, " "1, " "1, " "1, " "1, " "1, " "1, " "1, " "1, " "1, " "1, " "1, " "1, " "1, " "1, " "1, " "1, " "1, " "1, " "1, " "1, " "1, " "1, " "1, " "1, " "1, " "1, " "1, " "1, " "1, " "1, " "1, " "1, " "1, " "1, " "1, " "1, " "1, " "1, " "1, " "1, " "1, " "1, " "1, " "1, " "1, " "1, " "1, " "1, " "1, " "1, "204
 "Nei279, 0.132, " "0.015, " "1, " "1, " "1, " "1, " "1, " "1, " "1, " "1, " "1, " "1, " "1, " "1, " "1, " "1, " "1, " "1, " "1, " "1, " "1, " "1, " "1, " "1, " "1, " "1, " "1, " "1, " "1, " "1, " "1, " "1, " "1, " "1, " "1, " "1, " "1, " "1, " "1, " "1, " "1, " "1, " "1, " "1, " "1, " "1, " "1, " "1, " "1, " "1, " "1, " "1, " "1, " "1, " "1, " "1, " "1, " "1, " "1, " "1, " "1, " "1, " "1, " "1, " "1, " "1, " "1, " "1, " "1, " "1, " "1, " "1, " "1, " "1, " "1, " "1, " "1, " "1, " "1, " "1, " "1, " "1, " "1, " "1, " "1, " "1, " "1, " "1, " "1, " "1, " "1, " "1, " "1, " "1, " "1, " "1, " "1, " "1, " "1, " "1, " "1, " "1, " "1, " "1, " "1, " "1, " "1, " "1, " "1, " "1, " "1, " "1, " "1, " "1, " "1, " "1, " "1, " "1, " "1, " "1, " "1, " "1, " "1, " "1, " "1, " "1, " "1, " "1, " "1, " "1, " "1, " "1, " "1, " "1, " "1, " "1, " "1, " "1, " "1, " "1, " "1, " "1, " "1, " "1, " "1, " "1, " "1, " "1, " "1, " "1, " "1, " "1, " "1, " "1, " "1, " "1, " "1, " "1, " "1, " "1, " "1, " "1, " "1, " "1, " "1, " "1, " "1, " "1, " "1, " "1, " "1, " "1, " "1, " "1, " "1, " "1, " "1, " "1, " "1, " "1, " "1, " "1, " "1, " "1, " "1, " "1, " "1, " "1, " "1, " "1, " "1, " "1, " "1, " "1, " "1, " "1, " "1, " "1, " "1, " "1, " "1, " "1, " "1, " "1, " "1, " "1, " "1, " "1, " "1, " "1, " "1, " "1, " "1, " "1, " "1, " "1, " "1, " "1, " "1, " "1, " "1, " "1, " "1, " "1, " "1, " "1, " "1, " "1, " "1, " "1, " "1, " "1, " "1, " "1, " "1, " "1, " "1, " "1, " "1, " "1, " "1, " "1, " "1, " "1, " "1, " "1, " "1, " "1, " "1, " "1, " "1, " "1, " "1, " "1, " "1, " "1, " "1, " "1, " "1, " "1, " "1, " "1, " "1, " "1, " "1, " "1, " "1, " "1, " "1, " "1, " "1, " "1, " "1, " "1, " "1, " "1, " "1, " "1, " "1, " "1, " "1, " "0, " "1, " "1, " "1, " "1, " "1, " "1, " "1, " "1, " "1, " "1, " "1, " "1, " "1, " "1, " "1, " "1, " "1, " "1, " "1, " "1, " "1, " "1, " "1, " "1, " "1, " "1, " "1, " "1, " "1, " "1, " "1, " "1, " "1, " "1, " "1, " "1, " "1, " "1, " "1, " "1, " "1, " "1, " "1, " "1, " "1, " "1, " "1, " "1, " "1, " "1, " "1, " "1, " "1, " "1, " "1, " "1, " "1, " "1, " "1, " "1, " "1, " "1, " "1, " "1, " "1, " "1, " "1, " "1, " "1, " "1, " "1, " "1, " "1, " "1, " "1, " "1, " "1, " "1, " "1, " "1, " "1, " "1, " "1, " "1, " "1, " "1, " "1, " "1, " "1, " "1, " "1, " "1, " "1, " "1, " "1, " "1, " "1, " "1, " "1, " "1, " "1, " "1, " "1, " "1, " "1, " "1, " "1, " "1, " "1, " "1, " "1, " "1, " "1, " "1, " "1, " "1, " "1, " "1, " "1, " "1, " "1, " "1, " "1, " "1, " "1, " "1, " "1, " "1, " "1, " "1, " "1, " "1, " "1, " "1, " "1, " "1, " "1, " "1, " "1, " "1, " "1, " "1, " "1, " "1, " "1, " "1, " "1, " "1, " "1, " "1, " "1, " "1, " "1, " "1, " "1, " "1, " "1, " "1, " "1, " "1, " "1, " "1, " "1, " "1, " "1, " "1, " "1, " "1, " "1, " "1, " "1, " "1, " "1, " "1, " "1, " "1, " "1, " "1, " "1, " "1, " "1, " "1, " "1, " "1, " "1, " "1, " "1, " "1, " "1, " "1, " "1, " "1, " "1, " "1, " "1, " "1, " "1, " "1, " "1, " "1, " "1, " "1, " "1, " "1, " "1, " "1, " "1, " "1, " "1, " "1, " "1, " "1, " "1, " "1, " "1, " "1, " "1, " "1, " "1, " "1, " "1, " "1, " "1, " "1, " "1, " "1, " "1, " "1, " "1, " "1, " "1, " "1, " "1, "204
 "Nei280, 0.107, " "0.015, " "1, " "1, " "1, " "1, " "1, " "1, " "1, " "1, " "1, " "1, " "1, " "1, " "1, " "1, " "1, " "1, " "1, " "1, " "1, " "1, " "1, " "1, " "1, " "1, " "1, " "1, " "1, " "1, " "1, " "1, " "1, " "1, " "1, " "1, " "1, " "1, " "1, " "1, " "1, " "1, " "1, " "1, " "1, " "1, " "1, " "1, " "1, " "1, " "1, " "1, " "1, " "1, " "1, " "1, " "1, " "1, " "1, " "1, " "1, " "1, " "1, " "1, " "1, " "1, " "1, " "1, " "1, " "1, " "1, " "1, " "1, " "1, " "1, " "1, " "1, " "1, " "1, " "1, " "1, " "1, " "1, " "1, " "1, " "1, " "1, " "1, " "1, " "1, " "1, " "1, " "1, " "1, " "1, " "1, " "1, " "1, " "1, " "1, " "1, " "1, " "1, " "1, " "1, " "1, " "1, " "1, " "1, " "1, " "1, " "1, " "1, " "1, " "1, " "1, " "1, " "1, " "1, " "1, " "1, " "1, " "1, " "1, " "1, " "1, " "1, " "1, " "1, " "1, " "1, " "1, " "1, " "1, " "1, " "1, " "1, " "1, " "1, " "1, " "1, " "1, " "1, " "1, " "1, " "1, " "1, " "1, " "1, " "1, " "1, " "1, " "1, " "1, " "1, " "1, " "1, " "1, " "1, " "1, " "1, " "1, " "1, " "1, " "1, " "1, " "1, " "1, " "1, " "1, " "1, " "1, " "1, " "1, " "1, " "1, " "1, " "1, " "1, " "1, " "1, " "1, " "1, " "1, " "1, " "1, " "1, " "1, " "1, " "1, " "1, " "1, " "1, " "1, " "1, " "1, " "1, " "1, " "1, " "1, " "1, " "1, " "1, " "1, " "1, " "1, " "1, " "1, " "1, " "1, " "1, " "1, " "1, " "1, " "1, " "1, " "1, " "1, " "1, " "1, " "1, " "1, " "1, " "1, " "1, " "1, " "1, " "1, " "1, " "1, " "1, " "1, " "1, " "1, " "1, " "1, " "1, " "1, " "1, " "1, " "1, " "1, " "1, " "1, " "1, " "1, " "1, " "1, " "1, " "1, " "1, " "1, " "1, " "1, " "1, " "1, " "1, " "1, " "1, " "1, " "1, " "1, " "1, " "1, " "1, " "1, " "1, " "1, " "1, " "1, " "1, " "1, " "1, " "1, " "1, " "1, " "1, " "1, " "1, " "1, " "1, " "1, " "0, " "1, " "1, " "1, " "1, " "1, " "1, " "1, " "1, " "1, " "1, " "1, " "1, " "1, " "1, " "1, " "1, " "1, " "1, " "1, " "1, " "1, " "1, " "1, " "1, " "1, " "1, " "1, " "1, " "1, " "1, " "1, " "1, " "1, " "1, " "1, " "1, " "1, " "1, " "1, " "1, " "1, " "1, " "1, " "1, " "1, " "1, " "1, " "1, " "1, " "1, " "1, " "1, " "1, " "1, " "1, " "1, " "1, " "1, " "1, " "1, " "1, " "1, " "1, " "1, " "1, " "1, " "1, " "1, " "1, " "1, " "1, " "1, " "1, " "1, " "1, " "1, " "1, " "1, " "1, " "1, " "1, " "1, " "1, " "1, " "1, " "1, " "1, " "1, " "1, " "1, " "1, " "1, " "1, " "1, " "1, " "1, " "1, " "1, " "1, " "1, " "1, " "1, " "1, " "1, " "1, " "1, " "1, " "1, " "1, " "1, " "1, " "1, " "1, " "1, " "1, " "1, " "1, " "1, " "1, " "1, " "1, " "1, " "1, " "1, " "1, " "1, " "1, " "1, " "1, " "1, " "1, " "1, " "1, " "1, " "1, " "1, " "1, " "1, " "1, " "1, " "1, " "1, " "1, " "1, " "1, " "1, " "1, " "1, " "1, " "1, " "1, " "1, " "1, " "1, " "1, " "1, " "1, " "1, " "1, " "1, " "1, " "1, " "1, " "1, " "1, " "1, " "1, " "1, " "1, " "1, " "1, " "1, " "1, " "1, " "1, " "1, " "1, " "1, " "1, " "1, " "1, " "1, " "1, " "1, " "1, " "1, " "1, " "1, " "1, " "1, " "1, " "1, " "1, " "1, " "1, " "1, " "1, " "1, " "1, " "1, " "1, " "1, " "1, " "1, " "1, " "1, " "1, " "1, " "1, " "1, " "1, " "1, " "1, " "1, " "1, " "1, " "1, " "1, " "1, " "1, " "1, " "1, " "1, " "1, " "1, " "1, " "1, " "1, " "1, " "1, " "1, " "1, "204
 "Nei281, 0.173, " "0.015, " "1, " "1, " "1, " "1, " "1, " "1, " "1, " "1, " "1, " "1, " "1, " "1, " "1, " "1, " "1, " "1, " "1, " "1, " "1, " "1, " "1, " "1, " "1, " "1, " "1, " "1, " "1, " "1, " "1, " "1, " "1, " "1, " "1, " "1, " "1, " "1, " "1, " "1, " "1, " "1, " "1, " "1, " "1, " "1, " "1, " "1, " "1, " "1, " "1, " "1, " "1, " "1, " "1, " "1, " "1, " "1, " "1, " "1, " "1, " "1, " "1, " "1, " "1, " "1, " "1, " "1, " "1, " "1, " "1, " "1, " "1, " "1, " "1, " "1, " "1, " "1, " "1, " "1, " "1, " "1, " "1, " "1, " "1, " "1, " "1, " "1, " "1, " "1, " "1, " "1, " "1, " "1, " "1, " "1, " "1, " "1, " "1, " "1, " "1, " "1, " "1, " "1, " "1, " "1, " "1, " "1, " "1, " "1, " "1, " "1, " "1, " "1, " "1, " "1, " "1, " "1, " "1, " "1, " "1, " "1, " "1, " "1, " "1, " "1, " "1, " "1, " "1, " "1, " "1, " "1, " "1, " "1, " "1, " "1, " "1, " "1, " "1, " "1, " "1, " "1, " "1, " "1, " "1, " "1, " "1, " "1, " "1, " "1, " "1, " "1, " "1, " "1, " "1, " "1, " "1, " "1, " "1, " "1, " "1, " "1, " "1, " "1, " "1, " "1, " "1, " "1, " "1, " "1, " "1, " "1, " "1, " "1, " "1, " "1, " "1, " "1, " "1, " "1, " "1, " "1, " "1, " "1, " "1, " "1, " "1, " "1, " "1, " "1, " "1, " "1, " "1, " "1, " "1, " "1, " "1, " "1, " "1, " "1, " "1, " "1, " "1, " "1, " "1, " "1, " "1, " "1, " "1, " "1, " "1, " "1, " "1, " "1, " "1, " "1, " "1, " "1, " "1, " "1, " "1, " "1, " "1, " "1, " "1, " "1, " "1, " "1, " "1, " "1, " "1, " "1, " "1, " "1, " "1, " "1, " "1, " "1, " "1, " "1, " "1, " "1, " "1, " "1, " "1, " "1, " "1, " "1, " "1, " "1, " "1, " "1, " "1, " "1, " "1, " "1, " "1, " "1, " "1, " "1, " "1, " "1, " "1, " "1, " "1, " "1, " "1, " "1, " "1, " "1, " "1, " "1, " "1, " "1, " "1, " "1, " "1, " "1, " "1, " "1, " "1, " "1, " "1, " "0, " "1, " "1, " "1, " "1, " "1, " "1, " "1, " "1, " "1, " "1, " "1, " "1, " "1, " "1, " "1, " "1, " "1, " "1, " "1, " "1, " "1, " "1, " "1, " "1, " "1, " "1, " "1, " "1, " "1, " "1, " "1, " "1, " "1, " "1, " "1, " "1, " "1, " "1, " "1, " "1, " "1, " "1, " "1, " "1, " "1, " "1, " "1, " "1, " "1, " "1, " "1, " "1, " "1, " "1, " "1, " "1, " "1, " "1, " "1, " "1, " "1, " "1, " "1, " "1, " "1, " "1, " "1, " "1, " "1, " "1, " "1, " "1, " "1, " "1, " "1, " "1, " "1, " "1, " "1, " "1, " "1, " "1, " "1, " "1, " "1, " "1, " "1, " "1, " "1, " "1, " "1, " "1, " "1, " "1, " "1, " "1, " "1, " "1, " "1, " "1, " "1, " "1, " "1, " "1, " "1, " "1, " "1, " "1, " "1, " "1, " "1, " "1, " "1, " "1, " "1, " "1, " "1, " "1, " "1, " "1, " "1, " "1, " "1, " "1, " "1, " "1, " "1, " "1, " "1, " "1, " "1, " "1, " "1, " "1, " "1, " "1, " "1, " "1, " "1, " "1, " "1, " "1, " "1, " "1, " "1, " "1, " "1, " "1, " "1, " "1, " "1, " "1, " "1, " "1, " "1, " "1, " "1, " "1, " "1, " "1, " "1, " "1, " "1, " "1, " "1, " "1, " "1, " "1, " "1, " "1, " "1, " "1, " "1, " "1, " "1, " "1, " "1, " "1, " "1, " "1, " "1, " "1, " "1, " "1, " "1, " "1, " "1, " "1, " "1, " "1, " "1, " "1, " "1, " "1, " "1, " "1, " "1, " "1, " "1, " "1, " "1, " "1, " "1, " "1, " "1, " "1, " "1, " "1, " "1, " "1, " "1, " "1, " "1, " "1, " "1, " "1, " "1, " "1, " "1, " "1, " "1, " "1, " "1, " "1, " "1, " "1, " "1, " "1, " "1, " "1, " "1, "204
 "Nei282, 0.145, " "0.015, " "1, " "1, " "1, " "1, " "1, " "1, " "1, " "1, " "1, " "1, " "1, " "1, " "1, " "1, " "1, " "1, " "1, " "1, " "1, " "1, " "1, " "1, " "1, " "1, " "1, " "1, " "1, " "1, " "1, " "1, " "1, " "1, " "1, " "1, " "1, " "1, " "1, " "1, " "1, " "1, " "1, " "1, " "1, " "1, " "1, " "1, " "1, " "1, " "1, " "1, " "1, " "1, " "1, " "1, " "1, " "1, " "1, " "1, " "1, " "1, " "1, " "1, " "1, " "1, " "1, " "1, " "1, " "1, " "1, " "1, " "1, " "1, " "1, " "1, " "1, " "1, " "1, " "1, " "1, " "1, " "1, " "1, " "1, " "1, " "1, " "1, " "1, " "1, " "1, " "1, " "1, " "1, " "1, " "1, " "1, " "1, " "1, " "1, " "1, " "1, " "1, " "1, " "1, " "1, " "1, " "1, " "1, " "1, " "1, " "1, " "1, " "1, " "1, " "1, " "1, " "1, " "1, " "1, " "1, " "1, " "1, " "1, " "1, " "1, " "1, " "1, " "1, " "1, " "1, " "1, " "1, " "1, " "1, " "1, " "1, " "1, " "1, " "1, " "1, " "1, " "1, " "1, " "1, " "1, " "1, " "1, " "1, " "1, " "1, " "1, " "1, " "1, " "1, " "1, " "1, " "1, " "1, " "1, " "1, " "1, " "1, " "1, " "1, " "1, " "1, " "1, " "1, " "1, " "1, " "1, " "1, " "1, " "1, " "1, " "1, " "1, " "1, " "1, " "1, " "1, " "1, " "1, " "1, " "1, " "1, " "1, " "1, " "1, " "1, " "1, " "1, " "1, " "1, " "1, " "1, " "1, " "1, " "1, " "1, " "1, " "1, " "1, " "1, " "1, " "1, " "1, " "1, " "1, " "1, " "1, " "1, " "1, " "1, " "1, " "1, " "1, " "1, " "1, " "1, " "1, " "1, " "1, " "1, " "1, " "1, " "1, " "1, " "1, " "1, " "1, " "1, " "1, " "1, " "1, " "1, " "1, " "1, " "1, " "1, " "1, " "1, " "1, " "1, " "1, " "1, " "1, " "1, " "1, " "1, " "1, " "1, " "1, " "1, " "1, " "1, " "1, " "1, " "1, " "1, " "1, " "1, " "1, " "1, " "1, " "1, " "1, " "1, " "1, " "1, " "1, " "1, " "1, " "1, " "1, " "1, " "1, " "1, " "1, " "1, " "1, " "1, " "1, " "0, " "1, " "1, " "1, " "1, " "1, " "1, " "1, " "1, " "1, " "1, " "1, " "1, " "1, " "1, " "1, " "1, " "1, " "1, " "1, " "1, " "1, " "1, " "1, " "1, " "1, " "1, " "1, " "1, " "1, " "1, " "1, " "1, " "1, " "1, " "1, " "1, " "1, " "1, " "1, " "1, " "1, " "1, " "1, " "1, " "1, " "1, " "1, " "1, " "1, " "1, " "1, " "1, " "1, " "1, " "1, " "1, " "1, " "1, " "1, " "1, " "1, " "1, " "1, " "1, " "1, " "1, " "1, " "1, " "1, " "1, " "1, " "1, " "1, " "1, " "1, " "1, " "1, " "1, " "1, " "1, " "1, " "1, " "1, " "1, " "1, " "1, " "1, " "1, " "1, " "1, " "1, " "1, " "1, " "1, " "1, " "1, " "1, " "1, " "1, " "1, " "1, " "1, " "1, " "1, " "1, " "1, " "1, " "1, " "1, " "1, " "1, " "1, " "1, " "1, " "1, " "1, " "1, " "1, " "1, " "1, " "1, " "1, " "1, " "1, " "1, " "1, " "1, " "1, " "1, " "1, " "1, " "1, " "1, " "1, " "1, " "1, " "1, " "1, " "1, " "1, " "1, " "1, " "1, " "1, " "1, " "1, " "1, " "1, " "1, " "1, " "1, " "1, " "1, " "1, " "1, " "1, " "1, " "1, " "1, " "1, " "1, " "1, " "1, " "1, " "1, " "1, " "1, " "1, " "1, " "1, " "1, " "1, " "1, " "1, " "1, " "1, " "1, " "1, " "1, " "1, " "1, " "1, " "1, " "1, " "1, " "1, " "1, " "1, " "1, " "1, " "1, " "1, " "1, " "1, " "1, " "1, " "1, " "1, " "1, " "1, " "1, " "1, " "1, " "1, " "1, " "1, " "1, " "1, " "1, " "1, " "1, " "1, " "1, " "1, " "1, " "1, " "1, " "1, " "1, " "1, " "1, " "1, " "1, " "1, " "1, " "1, " "1, " "1, " "1, " "1, "204
 "Nei283, 0.354, " "0.015, " "1, " "1, " "1, " "1, " "1, " "1, " "1, " "1, " "1, " "1, " "1, " "1, " "1, " "1, " "1, " "1, " "1, " "1, " "1, " "1, " "1, " "1, " "1, " "1, " "1, " "1, " "1, " "1, " "1, " "1, " "1, " "1, " "1, " "1, " "1, " "1, " "1, " "1, " "1, " "1, " "1, " "1, " "1, " "1, " "1, " "1, " "1, " "1, " "1, " "1, " "1, " "1, " "1, " "1, " "1, " "1, " "1, " "1, " "1, " "1, " "1, " "1, " "1, " "1, " "1, " "1, " "1, " "1, " "1, " "1, " "1, " "1, " "1, " "1, " "1, " "1, " "1, " "1, " "1, " "1, " "1, " "1, " "1, " "1, " "1, " "1, " "1, " "1, " "1, " "1, " "1, " "1, " "1, " "1, " "1, " "1, " "1, " "1, " "1, " "1, " "1, " "1, " "1, " "1, " "1, " "1, " "1, " "1, " "1, " "1, " "1, " "1, " "1, " "1, " "1, " "1, " "1, " "1, " "1, " "1, " "1, " "1, " "1, " "1, " "1, " "1, " "1, " "1, " "1, " "1, " "1, " "1, " "1, " "1, " "1, " "1, " "1, " "1, " "1, " "1, " "1, " "1, " "1, " "1, " "1, " "1, " "1, " "1, " "1, " "1, " "1, " "1, " "1, " "1, " "1, " "1, " "1, " "1, " "1, " "1, " "1, " "1, " "1, " "1, " "1, " "1, " "1, " "1, " "1, " "1, " "1, " "1, " "1, " "1, " "1, " "1, " "1, " "1, " "1, " "1, " "1, " "1, " "1, " "1, " "1, " "1, " "1, " "1, " "1, " "1, " "1, " "1, " "1, " "1, " "1, " "1, " "1, " "1, " "1, " "1, " "1, " "1, " "1, " "1, " "1, " "1, " "1, " "1, " "1, " "1, " "1, " "1, " "1, " "1, " "1, " "1, " "1, " "1, " "1, " "1, " "1, " "1, " "1, " "1, " "1, " "1, " "1, " "1, " "1, " "1, " "1, " "1, " "1, " "1, " "1, " "1, " "1, " "1, " "1, " "1, " "1, " "1, " "1, " "1, " "1, " "1, " "1, " "1, " "1, " "1, " "1, " "1, " "1, " "1, " "1, " "1, " "1, " "1, " "1, " "1, " "1, " "1, " "1, " "1, " "1, " "1, " "1, " "1, " "1, " "1, " "1, " "1, " "1, " "1, " "1, " "1, " "1, " "1, " "1, " "1, " "1, " "1, " "1, " "0, " "1, " "1, " "1, " "1, " "1, " "1, " "1, " "1, " "1, " "1, " "1, " "1, " "1, " "1, " "1, " "1, " "1, " "1, " "1, " "1, " "1, " "1, " "1, " "1, " "1, " "1, " "1, " "1, " "1, " "1, " "1, " "1, " "1, " "1, " "1, " "1, " "1, " "1, " "1, " "1, " "1, " "1, " "1, " "1, " "1, " "1, " "1, " "1, " "1, " "1, " "1, " "1, " "1, " "1, " "1, " "1, " "1, " "1, " "1, " "1, " "1, " "1, " "1, " "1, " "1, " "1, " "1, " "1, " "1, " "1, " "1, " "1, " "1, " "1, " "1, " "1, " "1, " "1, " "1, " "1, " "1, " "1, " "1, " "1, " "1, " "1, " "1, " "1, " "1, " "1, " "1, " "1, " "1, " "1, " "1, " "1, " "1, " "1, " "1, " "1, " "1, " "1, " "1, " "1, " "1, " "1, " "1, " "1, " "1, " "1, " "1, " "1, " "1, " "1, " "1, " "1, " "1, " "1, " "1, " "1, " "1, " "1, " "1, " "1, " "1, " "1, " "1, " "1, " "1, " "1, " "1, " "1, " "1, " "1, " "1, " "1, " "1, " "1, " "1, " "1, " "1, " "1, " "1, " "1, " "1, " "1, " "1, " "1, " "1, " "1, " "1, " "1, " "1, " "1, " "1, " "1, " "1, " "1, " "1, " "1, " "1, " "1, " "1, " "1, " "1, " "1, " "1, " "1, " "1, " "1, " "1, " "1, " "1, " "1, " "1, " "1, " "1, " "1, " "1, " "1, " "1, " "1, " "1, " "1, " "1, " "1, " "1, " "1, " "1, " "1, " "1, " "1, " "1, " "1, " "1, " "1, " "1, " "1, " "1, " "1, " "1, " "1, " "1, " "1, " "1, " "1, " "1, " "1, " "1, " "1, " "1, " "1, " "1, " "1, " "1, " "1, " "1, " "1, " "1, " "1, " "1, " "1, " "1, " "1, " "1, " "1, " "1, " "1, " "1, "204
 "Nei284, 0.332, " "0.015, " "1, " "1, " "1, " "1, " "1, " "1, " "1, " "1, " "1, " "1, " "1, " "1, " "1, " "1, " "1, " "1, " "1, " "1, " "1, " "1, " "1, " "1, " "1, " "1, " "1, " "1, " "1, " "1, " "1, " "1, " "1, " "1, " "1, " "1, " "1, " "1, " "1, " "1, " "1, " "1, " "1, " "1, " "1, " "1, " "1, " "1, " "1, " "1, " "1, " "1, " "1, " "1, " "1, " "1, " "1, " "1, " "1, " "1, " "1, " "1, " "1, " "1, " "1, " "1, " "1, " "1, " "1, " "1, " "1, " "1, " "1, " "1, " "1, " "1, " "1, " "1, " "1, " "1, " "1, " "1, " "1, " "1, " "1, " "1, " "1, " "1, " "1, " "1, " "1, " "1, " "1, " "1, " "1, " "1, " "1, " "1, " "1, " "1, " "1, " "1, " "1, " "1, " "1, " "1, " "1, " "1, " "1, " "1, " "1, " "1, " "1, " "1, " "1, " "1, " "1, " "1, " "1, " "1, " "1, " "1, " "1, " "1, " "1, " "1, " "1, " "1, " "1, " "1, " "1, " "1, " "1, " "1, " "1, " "1, " "1, " "1, " "1, " "1, " "1, " "1, " "1, " "1, " "1, " "1, " "1, " "1, " "1, " "1, " "1, " "1, " "1, " "1, " "1, " "1, " "1, " "1, " "1, " "1, " "1, " "1, " "1, " "1, " "1, " "1, " "1, " "1, " "1, " "1, " "1, " "1, " "1, " "1, " "1, " "1, " "1, " "1, " "1, " "1, " "1, " "1, " "1, " "1, " "1, " "1, " "1, " "1, " "1, " "1, " "1, " "1, " "1, " "1, " "1, " "1, " "1, " "1, " "1, " "1, " "1, " "1, " "1, " "1, " "1, " "1, " "1, " "1, " "1, " "1, " "1, " "1, " "1, " "1, " "1, " "1, " "1, " "1, " "1, " "1, " "1, " "1, " "1, " "1, " "1, " "1, " "1, " "1, " "1, " "1, " "1, " "1, " "1, " "1, " "1, " "1, " "1, " "1, " "1, " "1, " "1, " "1, " "1, " "1, " "1, " "1, " "1, " "1, " "1, " "1, " "1, " "1, " "1, " "1, " "1, " "1, " "1, " "1, " "1, " "1, " "1, " "1, " "1, " "1, " "1, " "1, " "1, " "1, " "1, " "1, " "1, " "1, " "1, " "1, " "1, " "1, " "1, " "1, " "1, " "1, " "1, " "1, " "1, " "1, " "1, " "1, " "0, " "1, " "1, " "1, " "1, " "1, " "1, " "1, " "1, " "1, " "1, " "1, " "1, " "1, " "1, " "1, " "1, " "1, " "1, " "1, " "1, " "1, " "1, " "1, " "1, " "1, " "1, " "1, " "1, " "1, " "1, " "1, " "1, " "1, " "1, " "1, " "1, " "1, " "1, " "1, " "1, " "1, " "1, " "1, " "1, " "1, " "1, " "1, " "1, " "1, " "1, " "1, " "1, " "1, " "1, " "1, " "1, " "1, " "1, " "1, " "1, " "1, " "1, " "1, " "1, " "1, " "1, " "1, " "1, " "1, " "1, " "1, " "1, " "1, " "1, " "1, " "1, " "1, " "1, " "1, " "1, " "1, " "1, " "1, " "1, " "1, " "1, " "1, " "1, " "1, " "1, " "1, " "1, " "1, " "1, " "1, " "1, " "1, " "1, " "1, " "1, " "1, " "1, " "1, " "1, " "1, " "1, " "1, " "1, " "1, " "1, " "1, " "1, " "1, " "1, " "1, " "1, " "1, " "1, " "1, " "1, " "1, " "1, " "1, " "1, " "1, " "1, " "1, " "1, " "1, " "1, " "1, " "1, " "1, " "1, " "1, " "1, " "1, " "1, " "1, " "1, " "1, " "1, " "1, " "1, " "1, " "1, " "1, " "1, " "1, " "1, " "1, " "1, " "1, " "1, " "1, " "1, " "1, " "1, " "1, " "1, " "1, " "1, " "1, " "1, " "1, " "1, " "1, " "1, " "1, " "1, " "1, " "1, " "1, " "1, " "1, " "1, " "1, " "1, " "1, " "1, " "1, " "1, " "1, " "1, " "1, " "1, " "1, " "1, " "1, " "1, " "1, " "1, " "1, " "1, " "1, " "1, " "1, " "1, " "1, " "1, " "1, " "1, " "1, " "1, " "1, " "1, " "1, " "1, " "1, " "1, " "1, " "1, " "1, " "1, " "1, " "1, " "1, " "1, " "1, " "1, " "1, " "1, " "1, " "1, " "1, " "1, " "1, " "1, "204
 "Nei285, 0.179, " "0.015, " "1, " "1, " "1, " "1, " "1, " "1, " "1, " "1, " "1, " "1, " "1, " "1, " "1, " "1, " "1, " "1, " "1, " "1, " "1, " "1, " "1, " "1, " "1, " "1, " "1, " "1, " "1, " "1, " "1, " "1, " "1, " "1, " "1, " "1, " "1, " "1, " "1, " "1, " "1, " "1, " "1, " "1, " "1, " "1, " "1, " "1, " "1, " "1, " "1, " "1, " "1, " "1, " "1, " "1, " "1, " "1, " "1, " "1, " "1, " "1, " "1, " "1, " "1, " "1, " "1, " "1, " "1, " "1, " "1, " "1, " "1, " "1, " "1, " "1, " "1, " "1, " "1, " "1, " "1, " "1, " "1, " "1, " "1, " "1, " "1, " "1, " "1, " "1, " "1, " "1, " "1, " "1, " "1, " "1, " "1, " "1, " "1, " "1, " "1, " "1, " "1, " "1, " "1, " "1, " "1, " "1, " "1, " "1, " "1, " "1, " "1, " "1, " "1, " "1, " "1, " "1, " "1, " "1, " "1, " "1, " "1, " "1, " "1, " "1, " "1, " "1, " "1, " "1, " "1, " "1, " "1, " "1, " "1, " "1, " "1, " "1, " "1, " "1, " "1, " "1, " "1, " "1, " "1, " "1, " "1, " "1, " "1, " "1, " "1, " "1, " "1, " "1, " "1, " "1, " "1, " "1, " "1, " "1, " "1, " "1, " "1, " "1, " "1, " "1, " "1, " "1, " "1, " "1, " "1, " "1, " "1, " "1, " "1, " "1, " "1, " "1, " "1, " "1, " "1, " "1, " "1, " "1, " "1, " "1, " "1, " "1, " "1, " "1, " "1, " "1, " "1, " "1, " "1, " "1, " "1, " "1, " "1, " "1, " "1, " "1, " "1, " "1, " "1, " "1, " "1, " "1, " "1, " "1, " "1, " "1, " "1, " "1, " "1, " "1, " "1, " "1, " "1, " "1, " "1, " "1, " "1, " "1, " "1, " "1, " "1, " "1, " "1, " "1, " "1, " "1, " "1, " "1, " "1, " "1, " "1, " "1, " "1, " "1, " "1, " "1, " "1, " "1, " "1, " "1, " "1, " "1, " "1, " "1, " "1, " "1, " "1, " "1, " "1, " "1, " "1, " "1, " "1, " "1, " "1, " "1, " "1, " "1, " "1, " "1, " "1, " "1, " "1, " "1, " "1, " "1, " "1, " "1, " "1, " "1, " "1, " "1, " "1, " "1, " "1, " "1, " "1, " "1, " "1, " "1, " "1, " "0, " "1, " "1, " "1, " "1, " "1, " "1, " "1, " "1, " "1, " "1, " "1, " "1, " "1, " "1, " "1, " "1, " "1, " "1, " "1, " "1, " "1, " "1, " "1, " "1, " "1, " "1, " "1, " "1, " "1, " "1, " "1, " "1, " "1, " "1, " "1, " "1, " "1, " "1, " "1, " "1, " "1, " "1, " "1, " "1, " "1, " "1, " "1, " "1, " "1, " "1, " "1, " "1, " "1, " "1, " "1, " "1, " "1, " "1, " "1, " "1, " "1, " "1, " "1, " "1, " "1, " "1, " "1, " "1, " "1, " "1, " "1, " "1, " "1, " "1, " "1, " "1, " "1, " "1, " "1, " "1, " "1, " "1, " "1, " "1, " "1, " "1, " "1, " "1, " "1, " "1, " "1, " "1, " "1, " "1, " "1, " "1, " "1, " "1, " "1, " "1, " "1, " "1, " "1, " "1, " "1, " "1, " "1, " "1, " "1, " "1, " "1, " "1, " "1, " "1, " "1, " "1, " "1, " "1, " "1, " "1, " "1, " "1, " "1, " "1, " "1, " "1, " "1, " "1, " "1, " "1, " "1, " "1, " "1, " "1, " "1, " "1, " "1, " "1, " "1, " "1, " "1, " "1, " "1, " "1, " "1, " "1, " "1, " "1, " "1, " "1, " "1, " "1, " "1, " "1, " "1, " "1, " "1, " "1, " "1, " "1, " "1, " "1, " "1, " "1, " "1, " "1, " "1, " "1, " "1, " "1, " "1, " "1, " "1, " "1, " "1, " "1, " "1, " "1, " "1, " "1, " "1, " "1, " "1, " "1, " "1, " "1, " "1, " "1, " "1, " "1, " "1, " "1, " "1, " "1, " "1, " "1, " "1, " "1, " "1, " "1, " "1, " "1, " "1, " "1, " "1, " "1, " "1, " "1, " "1, " "1, " "1, " "1, " "1, " "1, " "1, " "1, " "1, " "1, " "1, " "1, " "1, " "1, " "1, " "1, " "1, " "1, " "1, "204
 "Nei286, 0.024, " "0.015, " "1, " "1, " "1, " "1, " "1, " "1, " "1, " "1, " "1, " "1, " "1, " "1, " "1, " "1, " "1, " "1, " "1, " "1, " "1, " "1, " "1, " "1, " "1, " "1, " "1, " "1, " "1, " "1, " "1, " "1, " "1, " "1, " "1, " "1, " "1, " "1, " "1, " "1, " "1, " "1, " "1, " "1, " "1, " "1, " "1, " "1, " "1, " "1, " "1, " "1, " "1, " "1, " "1, " "1, " "1, " "1, " "1, " "1, " "1, " "1, " "1, " "1, " "1, " "1, " "1, " "1, " "1, " "1, " "1, " "1, " "1, " "1, " "1, " "1, " "1, " "1, " "1, " "1, " "1, " "1, " "1, " "1, " "1, " "1, " "1, " "1, " "1, " "1, " "1, " "1, " "1, " "1, " "1, " "1, " "1, " "1, " "1, " "1, " "1, " "1, " "1, " "1, " "1, " "1, " "1, " "1, " "1, " "1, " "1, " "1, " "1, " "1, " "1, " "1, " "1, " "1, " "1, " "1, " "1, " "1, " "1, " "1, " "1, " "1, " "1, " "1, " "1, " "1, " "1, " "1, " "1, " "1, " "1, " "1, " "1, " "1, " "1, " "1, " "1, " "1, " "1, " "1, " "1, " "1, " "1, " "1, " "1, " "1, " "1, " "1, " "1, " "1, " "1, " "1, " "1, " "1, " "1, " "1, " "1, " "1, " "1, " "1, " "1, " "1, " "1, " "1, " "1, " "1, " "1, " "1, " "1, " "1, " "1, " "1, " "1, " "1, " "1, " "1, " "1, " "1, " "1, " "1, " "1, " "1, " "1, " "1, " "1, " "1, " "1, " "1, " "1, " "1, " "1, " "1, " "1, " "1, " "1, " "1, " "1, " "1, " "1, " "1, " "1, " "1, " "1, " "1, " "1, " "1, " "1, " "1, " "1, " "1, " "1, " "1, " "1, " "1, " "1, " "1, " "1, " "1, " "1, " "1, " "1, " "1, " "1, " "1, " "1, " "1, " "1, " "1, " "1, " "1, " "1, " "1, " "1, " "1, " "1, " "1, " "1, " "1, " "1, " "1, " "1, " "1, " "1, " "1, " "1, " "1, " "1, " "1, " "1, " "1, " "1, " "1, " "1, " "1, " "1, " "1, " "1, " "1, " "1, " "1, " "1, " "1, " "1, " "1, " "1, " "1, " "1, " "1, " "1, " "1, " "1, " "1, " "1, " "1, " "1, " "1, " "1, " "1, " "1, " "1, " "1, " "1, " "1, " "1, " "0, " "1, " "1, " "1, " "1, " "1, " "1, " "1, " "1, " "1, " "1, " "1, " "1, " "1, " "1, " "1, " "1, " "1, " "1, " "1, " "1, " "1, " "1, " "1, " "1, " "1, " "1, " "1, " "1, " "1, " "1, " "1, " "1, " "1, " "1, " "1, " "1, " "1, " "1, " "1, " "1, " "1, " "1, " "1, " "1, " "1, " "1, " "1, " "1, " "1, " "1, " "1, " "1, " "1, " "1, " "1, " "1, " "1, " "1, " "1, " "1, " "1, " "1, " "1, " "1, " "1, " "1, " "1, " "1, " "1, " "1, " "1, " "1, " "1, " "1, " "1, " "1, " "1, " "1, " "1, " "1, " "1, " "1, " "1, " "1, " "1, " "1, " "1, " "1, " "1, " "1, " "1, " "1, " "1, " "1, " "1, " "1, " "1, " "1, " "1, " "1, " "1, " "1, " "1, " "1, " "1, " "1, " "1, " "1, " "1, " "1, " "1, " "1, " "1, " "1, " "1, " "1, " "1, " "1, " "1, " "1, " "1, " "1, " "1, " "1, " "1, " "1, " "1, " "1, " "1, " "1, " "1, " "1, " "1, " "1, " "1, " "1, " "1, " "1, " "1, " "1, " "1, " "1, " "1, " "1, " "1, " "1, " "1, " "1, " "1, " "1, " "1, " "1, " "1, " "1, " "1, " "1, " "1, " "1, " "1, " "1, " "1, " "1, " "1, " "1, " "1, " "1, " "1, " "1, " "1, " "1, " "1, " "1, " "1, " "1, " "1, " "1, " "1, " "1, " "1, " "1, " "1, " "1, " "1, " "1, " "1, " "1, " "1, " "1, " "1, " "1, " "1, " "1, " "1, " "1, " "1, " "1, " "1, " "1, " "1, " "1, " "1, " "1, " "1, " "1, " "1, " "1, " "1, " "1, " "1, " "1, " "1, " "1, " "1, " "1, " "1, " "1, " "1, " "1, " "1, " "1, " "1, " "1, " "1, " "1, " "1, " "1, "204
 "Nei287, 0.078, " "0.015, " "1, " "1, " "1, " "1, " "1, " "1, " "1, " "1, " "1, " "1, " "1, " "1, " "1, " "1, " "1, " "1, " "1, " "1, " "1, " "1, " "1, " "1, " "1, " "1, " "1, " "1, " "1, " "1, " "1, " "1, " "1, " "1, " "1, " "1, " "1, " "1, " "1, " "1, " "1, " "1, " "1, " "1, " "1, " "1, " "1, " "1, " "1, " "1, " "1, " "1, " "1, " "1, " "1, " "1, " "1, " "1, " "1, " "1, " "1, " "1, " "1, " "1, " "1, " "1, " "1, " "1, " "1, " "1, " "1, " "1, " "1, " "1, " "1, " "1, " "1, " "1, " "1, " "1, " "1, " "1, " "1, " "1, " "1, " "1, " "1, " "1, " "1, " "1, " "1, " "1, " "1, " "1, " "1, " "1, " "1, " "1, " "1, " "1, " "1, " "1, " "1, " "1, " "1, " "1, " "1, " "1, " "1, " "1, " "1, " "1, " "1, " "1, " "1, " "1, " "1, " "1, " "1, " "1, " "1, " "1, " "1, " "1, " "1, " "1, " "1, " "1, " "1, " "1, " "1, " "1, " "1, " "1, " "1, " "1, " "1, " "1, " "1, " "1, " "1, " "1, " "1, " "1, " "1, " "1, " "1, " "1, " "1, " "1, " "1, " "1, " "1, " "1, " "1, " "1, " "1, " "1, " "1, " "1, " "1, " "1, " "1, " "1, " "1, " "1, " "1, " "1, " "1, " "1, " "1, " "1, " "1, " "1, " "1, " "1, " "1, " "1, " "1, " "1, " "1, " "1, " "1, " "1, " "1, " "1, " "1, " "1, " "1, " "1, " "1, " "1, " "1, " "1, " "1, " "1, " "1, " "1, " "1, " "1, " "1, " "1, " "1, " "1, " "1, " "1, " "1, " "1, " "1, " "1, " "1, " "1, " "1, " "1, " "1, " "1, " "1, " "1, " "1, " "1, " "1, " "1, " "1, " "1, " "1, " "1, " "1, " "1, " "1, " "1, " "1, " "1, " "1, " "1, " "1, " "1, " "1, " "1, " "1, " "1, " "1, " "1, " "1, " "1, " "1, " "1, " "1, " "1, " "1, " "1, " "1, " "1, " "1, " "1, " "1, " "1, " "1, " "1, " "1, " "1, " "1, " "1, " "1, " "1, " "1, " "1, " "1, " "1, " "1, " "1, " "1, " "1, " "1, " "1, " "1, " "1, " "1, " "1, " "1, " "1, " "1, " "1, " "1, " "1, " "1, " "1, " "1, " "1, " "1, " "0, " "1, " "1, " "1, " "1, " "1, " "1, " "1, " "1, " "1, " "1, " "1, " "1, " "1, " "1, " "1, " "1, " "1, " "1, " "1, " "1, " "1, " "1, " "1, " "1, " "1, " "1, " "1, " "1, " "1, " "1, " "1, " "1, " "1, " "1, " "1, " "1, " "1, " "1, " "1, " "1, " "1, " "1, " "1, " "1, " "1, " "1, " "1, " "1, " "1, " "1, " "1, " "1, " "1, " "1, " "1, " "1, " "1, " "1, " "1, " "1, " "1, " "1, " "1, " "1, " "1, " "1, " "1, " "1, " "1, " "1, " "1, " "1, " "1, " "1, " "1, " "1, " "1, " "1, " "1, " "1, " "1, " "1, " "1, " "1, " "1, " "1, " "1, " "1, " "1, " "1, " "1, " "1, " "1, " "1, " "1, " "1, " "1, " "1, " "1, " "1, " "1, " "1, " "1, " "1, " "1, " "1, " "1, " "1, " "1, " "1, " "1, " "1, " "1, " "1, " "1, " "1, " "1, " "1, " "1, " "1, " "1, " "1, " "1, " "1, " "1, " "1, " "1, " "1, " "1, " "1, " "1, " "1, " "1, " "1, " "1, " "1, " "1, " "1, " "1, " "1, " "1, " "1, " "1, " "1, " "1, " "1, " "1, " "1, " "1, " "1, " "1, " "1, " "1, " "1, " "1, " "1, " "1, " "1, " "1, " "1, " "1, " "1, " "1, " "1, " "1, " "1, " "1, " "1, " "1, " "1, " "1, " "1, " "1, " "1, " "1, " "1, " "1, " "1, " "1, " "1, " "1, " "1, " "1, " "1, " "1, " "1, " "1, " "1, " "1, " "1, " "1, " "1, " "1, " "1, " "1, " "1, " "1, " "1, " "1, " "1, " "1, " "1, " "1, " "1, " "1, " "1, " "1, " "1, " "1, " "1, " "1, " "1, " "1, " "1, " "1, " "1, " "1, " "1, " "1, " "1, " "1, " "1, " "1, " "1, " "1, "204
 "Nei288, 0.387, " "0.015, " "1, " "1, " "1, " "1, " "1, " "1, " "1, " "1, " "1, " "1, " "1, " "1, " "1, " "1, " "1, " "1, " "1, " "1, " "1, " "1, " "1, " "1, " "1, " "1, " "1, " "1, " "1, " "1, " "1, " "1, " "1, " "1, " "1, " "1, " "1, " "1, " "1, " "1, " "1, " "1, " "1, " "1, " "1, " "1, " "1, " "1, " "1, " "1, " "1, " "1, " "1, " "1, " "1, " "1, " "1, " "1, " "1, " "1, " "1, " "1, " "1, " "1, " "1, " "1, " "1, " "1, " "1, " "1, " "1, " "1, " "1, " "1, " "1, " "1, " "1, " "1, " "1, " "1, " "1, " "1, " "1, " "1, " "1, " "1, " "1, " "1, " "1, " "1, " "1, " "1, " "1, " "1, " "1, " "1, " "1, " "1, " "1, " "1, " "1, " "1, " "1, " "1, " "1, " "1, " "1, " "1, " "1, " "1, " "1, " "1, " "1, " "1, " "1, " "1, " "1, " "1, " "1, " "1, " "1, " "1, " "1, " "1, " "1, " "1, " "1, " "1, " "1, " "1, " "1, " "1, " "1, " "1, " "1, " "1, " "1, " "1, " "1, " "1, " "1, " "1, " "1, " "1, " "1, " "1, " "1, " "1, " "1, " "1, " "1, " "1, " "1, " "1, " "1, " "1, " "1, " "1, " "1, " "1, " "1, " "1, " "1, " "1, " "1, " "1, " "1, " "1, " "1, " "1, " "1, " "1, " "1, " "1, " "1, " "1, " "1, " "1, " "1, " "1, " "1, " "1, " "1, " "1, " "1, " "1, " "1, " "1, " "1, " "1, " "1, " "1, " "1, " "1, " "1, " "1, " "1, " "1, " "1, " "1, " "1, " "1, " "1, " "1, " "1, " "1, " "1, " "1, " "1, " "1, " "1, " "1, " "1, " "1, " "1, " "1, " "1, " "1, " "1, " "1, " "1, " "1, " "1, " "1, " "1, " "1, " "1, " "1, " "1, " "1, " "1, " "1, " "1, " "1, " "1, " "1, " "1, " "1, " "1, " "1, " "1, " "1, " "1, " "1, " "1, " "1, " "1, " "1, " "1, " "1, " "1, " "1, " "1, " "1, " "1, " "1, " "1, " "1, " "1, " "1, " "1, " "1, " "1, " "1, " "1, " "1, " "1, " "1, " "1, " "1, " "1, " "1, " "1, " "1, " "1, " "1, " "1, " "1, " "1, " "1, " "1, " "1, " "1, " "1, " "1, " "1, " "1, " "1, " "1, " "1, " "0, " "1, " "1, " "1, " "1, " "1, " "1, " "1, " "1, " "1, " "1, " "1, " "1, " "1, " "1, " "1, " "1, " "1, " "1, " "1, " "1, " "1, " "1, " "1, " "1, " "1, " "1, " "1, " "1, " "1, " "1, " "1, " "1, " "1, " "1, " "1, " "1, " "1, " "1, " "1, " "1, " "1, " "1, " "1, " "1, " "1, " "1, " "1, " "1, " "1, " "1, " "1, " "1, " "1, " "1, " "1, " "1, " "1, " "1, " "1, " "1, " "1, " "1, " "1, " "1, " "1, " "1, " "1, " "1, " "1, " "1, " "1, " "1, " "1, " "1, " "1, " "1, " "1, " "1, " "1, " "1, " "1, " "1, " "1, " "1, " "1, " "1, " "1, " "1, " "1, " "1, " "1, " "1, " "1, " "1, " "1, " "1, " "1, " "1, " "1, " "1, " "1, " "1, " "1, " "1, " "1, " "1, " "1, " "1, " "1, " "1, " "1, " "1, " "1, " "1, " "1, " "1, " "1, " "1, " "1, " "1, " "1, " "1, " "1, " "1, " "1, " "1, " "1, " "1, " "1, " "1, " "1, " "1, " "1, " "1, " "1, " "1, " "1, " "1, " "1, " "1, " "1, " "1, " "1, " "1, " "1, " "1, " "1, " "1, " "1, " "1, " "1, " "1, " "1, " "1, " "1, " "1, " "1, " "1, " "1, " "1, " "1, " "1, " "1, " "1, " "1, " "1, " "1, " "1, " "1, " "1, " "1, " "1, " "1, " "1, " "1, " "1, " "1, " "1, " "1, " "1, " "1, " "1, " "1, " "1, " "1, " "1, " "1, " "1, " "1, " "1, " "1, " "1, " "1, " "1, " "1, " "1, " "1, " "1, " "1, " "1, " "1, " "1, " "1, " "1, " "1, " "1, " "1, " "1, " "1, " "1, " "1, " "1, " "1, " "1, " "1, " "1, " "1, " "1, " "1, " "1, " "1, " "1, " "1, " "1, "204
 "Nei289, 0.389, " "0.015, " "1, " "1, " "1, " "1, " "1, " "1, " "1, " "1, " "1, " "1, " "1, " "1, " "1, " "1, " "1, " "1, " "1, " "1, " "1, " "1, " "1, " "1, " "1, " "1, " "1, " "1, " "1, " "1, " "1, " "1, " "1, " "1, " "1, " "1, " "1, " "1, " "1, " "1, " "1, " "1, " "1, " "1, " "1, " "1, " "1, " "1, " "1, " "1, " "1, " "1, " "1, " "1, " "1, " "1, " "1, " "1, " "1, " "1, " "1, " "1, " "1, " "1, " "1, " "1, " "1, " "1, " "1, " "1, " "1, " "1, " "1, " "1, " "1, " "1, " "1, " "1, " "1, " "1, " "1, " "1, " "1, " "1, " "1, " "1, " "1, " "1, " "1, " "1, " "1, " "1, " "1, " "1, " "1, " "1, " "1, " "1, " "1, " "1, " "1, " "1, " "1, " "1, " "1, " "1, " "1, " "1, " "1, " "1, " "1, " "1, " "1, " "1, " "1, " "1, " "1, " "1, " "1, " "1, " "1, " "1, " "1, " "1, " "1, " "1, " "1, " "1, " "1, " "1, " "1, " "1, " "1, " "1, " "1, " "1, " "1, " "1, " "1, " "1, " "1, " "1, " "1, " "1, " "1, " "1, " "1, " "1, " "1, " "1, " "1, " "1, " "1, " "1, " "1, " "1, " "1, " "1, " "1, " "1, " "1, " "1, " "1, " "1, " "1, " "1, " "1, " "1, " "1, " "1, " "1, " "1, " "1, " "1, " "1, " "1, " "1, " "1, " "1, " "1, " "1, " "1, " "1, " "1, " "1, " "1, " "1, " "1, " "1, " "1, " "1, " "1, " "1, " "1, " "1, " "1, " "1, " "1, " "1, " "1, " "1, " "1, " "1, " "1, " "1, " "1, " "1, " "1, " "1, " "1, " "1, " "1, " "1, " "1, " "1, " "1, " "1, " "1, " "1, " "1, " "1, " "1, " "1, " "1, " "1, " "1, " "1, " "1, " "1, " "1, " "1, " "1, " "1, " "1, " "1, " "1, " "1, " "1, " "1, " "1, " "1, " "1, " "1, " "1, " "1, " "1, " "1, " "1, " "1, " "1, " "1, " "1, " "1, " "1, " "1, " "1, " "1, " "1, " "1, " "1, " "1, " "1, " "1, " "1, " "1, " "1, " "1, " "1, " "1, " "1, " "1, " "1, " "1, " "1, " "1, " "1, " "1, " "1, " "1, " "1, " "1, " "1, " "1, " "1, " "1, " "1, " "1, " "1, " "1, " "1, " "1, " "0, " "1, " "1, " "1, " "1, " "1, " "1, " "1, " "1, " "1, " "1, " "1, " "1, " "1, " "1, " "1, " "1, " "1, " "1, " "1, " "1, " "1, " "1, " "1, " "1, " "1, " "1, " "1, " "1, " "1, " "1, " "1, " "1, " "1, " "1, " "1, " "1, " "1, " "1, " "1, " "1, " "1, " "1, " "1, " "1, " "1, " "1, " "1, " "1, " "1, " "1, " "1, " "1, " "1, " "1, " "1, " "1, " "1, " "1, " "1, " "1, " "1, " "1, " "1, " "1, " "1, " "1, " "1, " "1, " "1, " "1, " "1, " "1, " "1, " "1, " "1, " "1, " "1, " "1, " "1, " "1, " "1, " "1, " "1, " "1, " "1, " "1, " "1, " "1, " "1, " "1, " "1, " "1, " "1, " "1, " "1, " "1, " "1, " "1, " "1, " "1, " "1, " "1, " "1, " "1, " "1, " "1, " "1, " "1, " "1, " "1, " "1, " "1, " "1, " "1, " "1, " "1, " "1, " "1, " "1, " "1, " "1, " "1, " "1, " "1, " "1, " "1, " "1, " "1, " "1, " "1, " "1, " "1, " "1, " "1, " "1, " "1, " "1, " "1, " "1, " "1, " "1, " "1, " "1, " "1, " "1, " "1, " "1, " "1, " "1, " "1, " "1, " "1, " "1, " "1, " "1, " "1, " "1, " "1, " "1, " "1, " "1, " "1, " "1, " "1, " "1, " "1, " "1, " "1, " "1, " "1, " "1, " "1, " "1, " "1, " "1, " "1, " "1, " "1, " "1, " "1, " "1, " "1, " "1, " "1, " "1, " "1, " "1, " "1, " "1, " "1, " "1, " "1, " "1, " "1, " "1, " "1, " "1, " "1, " "1, " "1, " "1, " "1, " "1, " "1, " "1, " "1, " "1, " "1, " "1, " "1, " "1, " "1, " "1, " "1, " "1, " "1, " "1, " "1, " "1, " "1, " "1, " "1, " "1, "204
 "Nei290, 0.171, " "0.015, " "1, " "1, " "1, " "1, " "1, " "1, " "1, " "1, " "1, " "1, " "1, " "1, " "1, " "1, " "1, " "1, " "1, " "1, " "1, " "1, " "1, " "1, " "1, " "1, " "1, " "1, " "1, " "1, " "1, " "1, " "1, " "1, " "1, " "1, " "1, " "1, " "1, " "1, " "1, " "1, " "1, " "1, " "1, " "1, " "1, " "1, " "1, " "1, " "1, " "1, " "1, " "1, " "1, " "1, " "1, " "1, " "1, " "1, " "1, " "1, " "1, " "1, " "1, " "1, " "1, " "1, " "1, " "1, " "1, " "1, " "1, " "1, " "1, " "1, " "1, " "1, " "1, " "1, " "1, " "1, " "1, " "1, " "1, " "1, " "1, " "1, " "1, " "1, " "1, " "1, " "1, " "1, " "1, " "1, " "1, " "1, " "1, " "1, " "1, " "1, " "1, " "1, " "1, " "1, " "1, " "1, " "1, " "1, " "1, " "1, " "1, " "1, " "1, " "1, " "1, " "1, " "1, " "1, " "1, " "1, " "1, " "1, " "1, " "1, " "1, " "1, " "1, " "1, " "1, " "1, " "1, " "1, " "1, " "1, " "1, " "1, " "1, " "1, " "1, " "1, " "1, " "1, " "1, " "1, " "1, " "1, " "1, " "1, " "1, " "1, " "1, " "1, " "1, " "1, " "1, " "1, " "1, " "1, " "1, " "1, " "1, " "1, " "1, " "1, " "1, " "1, " "1, " "1, " "1, " "1, " "1, " "1, " "1, " "1, " "1, " "1, " "1, " "1, " "1, " "1, " "1, " "1, " "1, " "1, " "1, " "1, " "1, " "1, " "1, " "1, " "1, " "1, " "1, " "1, " "1, " "1, " "1, " "1, " "1, " "1, " "1, " "1, " "1, " "1, " "1, " "1, " "1, " "1, " "1, " "1, " "1, " "1, " "1, " "1, " "1, " "1, " "1, " "1, " "1, " "1, " "1, " "1, " "1, " "1, " "1, " "1, " "1, " "1, " "1, " "1, " "1, " "1, " "1, " "1, " "1, " "1, " "1, " "1, " "1, " "1, " "1, " "1, " "1, " "1, " "1, " "1, " "1, " "1, " "1, " "1, " "1, " "1, " "1, " "1, " "1, " "1, " "1, " "1, " "1, " "1, " "1, " "1, " "1, " "1, " "1, " "1, " "1, " "1, " "1, " "1, " "1, " "1, " "1, " "1, " "1, " "1, " "1, " "1, " "1, " "1, " "1, " "1, " "1, " "1, " "1, " "1, " "1, " "1, " "1, " "1, " "0, " "1, " "1, " "1, " "1, " "1, " "1, " "1, " "1, " "1, " "1, " "1, " "1, " "1, " "1, " "1, " "1, " "1, " "1, " "1, " "1, " "1, " "1, " "1, " "1, " "1, " "1, " "1, " "1, " "1, " "1, " "1, " "1, " "1, " "1, " "1, " "1, " "1, " "1, " "1, " "1, " "1, " "1, " "1, " "1, " "1, " "1, " "1, " "1, " "1, " "1, " "1, " "1, " "1, " "1, " "1, " "1, " "1, " "1, " "1, " "1, " "1, " "1, " "1, " "1, " "1, " "1, " "1, " "1, " "1, " "1, " "1, " "1, " "1, " "1, " "1, " "1, " "1, " "1, " "1, " "1, " "1, " "1, " "1, " "1, " "1, " "1, " "1, " "1, " "1, " "1, " "1, " "1, " "1, " "1, " "1, " "1, " "1, " "1, " "1, " "1, " "1, " "1, " "1, " "1, " "1, " "1, " "1, " "1, " "1, " "1, " "1, " "1, " "1, " "1, " "1, " "1, " "1, " "1, " "1, " "1, " "1, " "1, " "1, " "1, " "1, " "1, " "1, " "1, " "1, " "1, " "1, " "1, " "1, " "1, " "1, " "1, " "1, " "1, " "1, " "1, " "1, " "1, " "1, " "1, " "1, " "1, " "1, " "1, " "1, " "1, " "1, " "1, " "1, " "1, " "1, " "1, " "1, " "1, " "1, " "1, " "1, " "1, " "1, " "1, " "1, " "1, " "1, " "1, " "1, " "1, " "1, " "1, " "1, " "1, " "1, " "1, " "1, " "1, " "1, " "1, " "1, " "1, " "1, " "1, " "1, " "1, " "1, " "1, " "1, " "1, " "1, " "1, " "1, " "1, " "1, " "1, " "1, " "1, " "1, " "1, " "1, " "1, " "1, " "1, " "1, " "1, " "1, " "1, " "1, " "1, " "1, " "1, " "1, " "1, " "1, " "1, " "1, " "1, " "1, " "1, " "1, " "1, "204
 "Nei291, 0.383, " "0.015, " "1, " "1, " "1, " "1, " "1, " "1, " "1, " "1, " "1, " "1, " "1, " "1, " "1, " "1, " "1, " "1, " "1, " "1, " "1, " "1, " "1, " "1, " "1, " "1, " "1, " "1, " "1, " "1, " "1, " "1, " "1, " "1, " "1, " "1, " "1, " "1, " "1, " "1, " "1, " "1, " "1, " "1, " "1, " "1, " "1, " "1, " "1, " "1, " "1, " "1, " "1, " "1, " "1, " "1, " "1, " "1, " "1, " "1, " "1, " "1, " "1, " "1, " "1, " "1, " "1, " "1, " "1, " "1, " "1, " "1, " "1, " "1, " "1, " "1, " "1, " "1, " "1, " "1, " "1, " "1, " "1, " "1, " "1, " "1, " "1, " "1, " "1, " "1, " "1, " "1, " "1, " "1, " "1, " "1, " "1, " "1, " "1, " "1, " "1, " "1, " "1, " "1, " "1, " "1, " "1, " "1, " "1, " "1, " "1, " "1, " "1, " "1, " "1, " "1, " "1, " "1, " "1, " "1, " "1, " "1, " "1, " "1, " "1, " "1, " "1, " "1, " "1, " "1, " "1, " "1, " "1, " "1, " "1, " "1, " "1, " "1, " "1, " "1, " "1, " "1, " "1, " "1, " "1, " "1, " "1, " "1, " "1, " "1, " "1, " "1, " "1, " "1, " "1, " "1, " "1, " "1, " "1, " "1, " "1, " "1, " "1, " "1, " "1, " "1, " "1, " "1, " "1, " "1, " "1, " "1, " "1, " "1, " "1, " "1, " "1, " "1, " "1, " "1, " "1, " "1, " "1, " "1, " "1, " "1, " "1, " "1, " "1, " "1, " "1, " "1, " "1, " "1, " "1, " "1, " "1, " "1, " "1, " "1, " "1, " "1, " "1, " "1, " "1, " "1, " "1, " "1, " "1, " "1, " "1, " "1, " "1, " "1, " "1, " "1, " "1, " "1, " "1, " "1, " "1, " "1, " "1, " "1, " "1, " "1, " "1, " "1, " "1, " "1, " "1, " "1, " "1, " "1, " "1, " "1, " "1, " "1, " "1, " "1, " "1, " "1, " "1, " "1, " "1, " "1, " "1, " "1, " "1, " "1, " "1, " "1, " "1, " "1, " "1, " "1, " "1, " "1, " "1, " "1, " "1, " "1, " "1, " "1, " "1, " "1, " "1, " "1, " "1, " "1, " "1, " "1, " "1, " "1, " "1, " "1, " "1, " "1, " "1, " "1, " "1, " "1, " "1, " "1, " "1, " "1, " "1, " "1, " "1, " "1, " "1, " "1, " "1, " "0, " "1, " "1, " "1, " "1, " "1, " "1, " "1, " "1, " "1, " "1, " "1, " "1, " "1, " "1, " "1, " "1, " "1, " "1, " "1, " "1, " "1, " "1, " "1, " "1, " "1, " "1, " "1, " "1, " "1, " "1, " "1, " "1, " "1, " "1, " "1, " "1, " "1, " "1, " "1, " "1, " "1, " "1, " "1, " "1, " "1, " "1, " "1, " "1, " "1, " "1, " "1, " "1, " "1, " "1, " "1, " "1, " "1, " "1, " "1, " "1, " "1, " "1, " "1, " "1, " "1, " "1, " "1, " "1, " "1, " "1, " "1, " "1, " "1, " "1, " "1, " "1, " "1, " "1, " "1, " "1, " "1, " "1, " "1, " "1, " "1, " "1, " "1, " "1, " "1, " "1, " "1, " "1, " "1, " "1, " "1, " "1, " "1, " "1, " "1, " "1, " "1, " "1, " "1, " "1, " "1, " "1, " "1, " "1, " "1, " "1, " "1, " "1, " "1, " "1, " "1, " "1, " "1, " "1, " "1, " "1, " "1, " "1, " "1, " "1, " "1, " "1, " "1, " "1, " "1, " "1, " "1, " "1, " "1, " "1, " "1, " "1, " "1, " "1, " "1, " "1, " "1, " "1, " "1, " "1, " "1, " "1, " "1, " "1, " "1, " "1, " "1, " "1, " "1, " "1, " "1, " "1, " "1, " "1, " "1, " "1, " "1, " "1, " "1, " "1, " "1, " "1, " "1, " "1, " "1, " "1, " "1, " "1, " "1, " "1, " "1, " "1, " "1, " "1, " "1, " "1, " "1, " "1, " "1, " "1, " "1, " "1, " "1, " "1, " "1, " "1, " "1, " "1, " "1, " "1, " "1, " "1, " "1, " "1, " "1, " "1, " "1, " "1, " "1, " "1, " "1, " "1, " "1, " "1, " "1, " "1, " "1, " "1, " "1, " "1, " "1, " "1, " "1, " "1, " "1, " "1, " "1, "204
 "Nei292, 0.099, " "0.015, " "1, " "1, " "1, " "1, " "1, " "1, " "1, " "1, " "1, " "1, " "1, " "1, " "1, " "1, " "1, " "1, " "1, " "1, " "1, " "1, " "1, " "1, " "1, " "1, " "1, " "1, " "1, " "1, " "1, " "1, " "1, " "1, " "1, " "1, " "1, " "1, " "1, " "1, " "1, " "1, " "1, " "1, " "1, " "1, " "1, " "1, " "1, " "1, " "1, " "1, " "1, " "1, " "1, " "1, " "1, " "1, " "1, " "1, " "1, " "1, " "1, " "1, " "1, " "1, " "1, " "1, " "1, " "1, " "1, " "1, " "1, " "1, " "1, " "1, " "1, " "1, " "1, " "1, " "1, " "1, " "1, " "1, " "1, " "1, " "1, " "1, " "1, " "1, " "1, " "1, " "1, " "1, " "1, " "1, " "1, " "1, " "1, " "1, " "1, " "1, " "1, " "1, " "1, " "1, " "1, " "1, " "1, " "1, " "1, " "1, " "1, " "1, " "1, " "1, " "1, " "1, " "1, " "1, " "1, " "1, " "1, " "1, " "1, " "1, " "1, " "1, " "1, " "1, " "1, " "1, " "1, " "1, " "1, " "1, " "1, " "1, " "1, " "1, " "1, " "1, " "1, " "1, " "1, " "1, " "1, " "1, " "1, " "1, " "1, " "1, " "1, " "1, " "1, " "1, " "1, " "1, " "1, " "1, " "1, " "1, " "1, " "1, " "1, " "1, " "1, " "1, " "1, " "1, " "1, " "1, " "1, " "1, " "1, " "1, " "1, " "1, " "1, " "1, " "1, " "1, " "1, " "1, " "1, " "1, " "1, " "1, " "1, " "1, " "1, " "1, " "1, " "1, " "1, " "1, " "1, " "1, " "1, " "1, " "1, " "1, " "1, " "1, " "1, " "1, " "1, " "1, " "1, " "1, " "1, " "1, " "1, " "1, " "1, " "1, " "1, " "1, " "1, " "1, " "1, " "1, " "1, " "1, " "1, " "1, " "1, " "1, " "1, " "1, " "1, " "1, " "1, " "1, " "1, " "1, " "1, " "1, " "1, " "1, " "1, " "1, " "1, " "1, " "1, " "1, " "1, " "1, " "1, " "1, " "1, " "1, " "1, " "1, " "1, " "1, " "1, " "1, " "1, " "1, " "1, " "1, " "1, " "1, " "1, " "1, " "1, " "1, " "1, " "1, " "1, " "1, " "1, " "1, " "1, " "1, " "1, " "1, " "1, " "1, " "1, " "1, " "1, " "1, " "1, " "1, " "1, " "1, " "1, " "1, " "1, " "1, " "1, " "1, " "0, " "1, " "1, " "1, " "1, " "1, " "1, " "1, " "1, " "1, " "1, " "1, " "1, " "1, " "1, " "1, " "1, " "1, " "1, " "1, " "1, " "1, " "1, " "1, " "1, " "1, " "1, " "1, " "1, " "1, " "1, " "1, " "1, " "1, " "1, " "1, " "1, " "1, " "1, " "1, " "1, " "1, " "1, " "1, " "1, " "1, " "1, " "1, " "1, " "1, " "1, " "1, " "1, " "1, " "1, " "1, " "1, " "1, " "1, " "1, " "1, " "1, " "1, " "1, " "1, " "1, " "1, " "1, " "1, " "1, " "1, " "1, " "1, " "1, " "1, " "1, " "1, " "1, " "1, " "1, " "1, " "1, " "1, " "1, " "1, " "1, " "1, " "1, " "1, " "1, " "1, " "1, " "1, " "1, " "1, " "1, " "1, " "1, " "1, " "1, " "1, " "1, " "1, " "1, " "1, " "1, " "1, " "1, " "1, " "1, " "1, " "1, " "1, " "1, " "1, " "1, " "1, " "1, " "1, " "1, " "1, " "1, " "1, " "1, " "1, " "1, " "1, " "1, " "1, " "1, " "1, " "1, " "1, " "1, " "1, " "1, " "1, " "1, " "1, " "1, " "1, " "1, " "1, " "1, " "1, " "1, " "1, " "1, " "1, " "1, " "1, " "1, " "1, " "1, " "1, " "1, " "1, " "1, " "1, " "1, " "1, " "1, " "1, " "1, " "1, " "1, " "1, " "1, " "1, " "1, " "1, " "1, " "1, " "1, " "1, " "1, " "1, " "1, " "1, " "1, " "1, " "1, " "1, " "1, " "1, " "1, " "1, " "1, " "1, " "1, " "1, " "1, " "1, " "1, " "1, " "1, " "1, " "1, " "1, " "1, " "1, " "1, " "1, " "1, " "1, " "1, " "1, " "1, " "1, " "1, " "1, " "1, " "1, " "1, " "1, " "1, " "1, " "1, " "1, " "1, " "1, "204
 "Nei293, 0.179, " "0.015, " "1, " "1, " "1, " "1, " "1, " "1, " "1, " "1, " "1, " "1, " "1, " "1, " "1, " "1, " "1, " "1, " "1, " "1, " "1, " "1, " "1, " "1, " "1, " "1, " "1, " "1, " "1, " "1, " "1, " "1, " "1, " "1, " "1, " "1, " "1, " "1, " "1, " "1, " "1, " "1, " "1, " "1, " "1, " "1, " "1, " "1, " "1, " "1, " "1, " "1, " "1, " "1, " "1, " "1, " "1, " "1, " "1, " "1, " "1, " "1, " "1, " "1, " "1, " "1, " "1, " "1, " "1, " "1, " "1, " "1, " "1, " "1, " "1, " "1, " "1, " "1, " "1, " "1, " "1, " "1, " "1, " "1, " "1, " "1, " "1, " "1, " "1, " "1, " "1, " "1, " "1, " "1, " "1, " "1, " "1, " "1, " "1, " "1, " "1, " "1, " "1, " "1, " "1, " "1, " "1, " "1, " "1, " "1, " "1, " "1, " "1, " "1, " "1, " "1, " "1, " "1, " "1, " "1, " "1, " "1, " "1, " "1, " "1, " "1, " "1, " "1, " "1, " "1, " "1, " "1, " "1, " "1, " "1, " "1, " "1, " "1, " "1, " "1, " "1, " "1, " "1, " "1, " "1, " "1, " "1, " "1, " "1, " "1, " "1, " "1, " "1, " "1, " "1, " "1, " "1, " "1, " "1, " "1, " "1, " "1, " "1, " "1, " "1, " "1, " "1, " "1, " "1, " "1, " "1, " "1, " "1, " "1, " "1, " "1, " "1, " "1, " "1, " "1, " "1, " "1, " "1, " "1, " "1, " "1, " "1, " "1, " "1, " "1, " "1, " "1, " "1, " "1, " "1, " "1, " "1, " "1, " "1, " "1, " "1, " "1, " "1, " "1, " "1, " "1, " "1, " "1, " "1, " "1, " "1, " "1, " "1, " "1, " "1, " "1, " "1, " "1, " "1, " "1, " "1, " "1, " "1, " "1, " "1, " "1, " "1, " "1, " "1, " "1, " "1, " "1, " "1, " "1, " "1, " "1, " "1, " "1, " "1, " "1, " "1, " "1, " "1, " "1, " "1, " "1, " "1, " "1, " "1, " "1, " "1, " "1, " "1, " "1, " "1, " "1, " "1, " "1, " "1, " "1, " "1, " "1, " "1, " "1, " "1, " "1, " "1, " "1, " "1, " "1, " "1, " "1, " "1, " "1, " "1, " "1, " "1, " "1, " "1, " "1, " "1, " "1, " "1, " "1, " "1, " "1, " "1, " "1, " "1, " "1, " "1, " "1, " "1, " "1, " "1, " "0, " "1, " "1, " "1, " "1, " "1, " "1, " "1, " "1, " "1, " "1, " "1, " "1, " "1, " "1, " "1, " "1, " "1, " "1, " "1, " "1, " "1, " "1, " "1, " "1, " "1, " "1, " "1, " "1, " "1, " "1, " "1, " "1, " "1, " "1, " "1, " "1, " "1, " "1, " "1, " "1, " "1, " "1, " "1, " "1, " "1, " "1, " "1, " "1, " "1, " "1, " "1, " "1, " "1, " "1, " "1, " "1, " "1, " "1, " "1, " "1, " "1, " "1, " "1, " "1, " "1, " "1, " "1, " "1, " "1, " "1, " "1, " "1, " "1, " "1, " "1, " "1, " "1, " "1, " "1, " "1, " "1, " "1, " "1, " "1, " "1, " "1, " "1, " "1, " "1, " "1, " "1, " "1, " "1, " "1, " "1, " "1, " "1, " "1, " "1, " "1, " "1, " "1, " "1, " "1, " "1, " "1, " "1, " "1, " "1, " "1, " "1, " "1, " "1, " "1, " "1, " "1, " "1, " "1, " "1, " "1, " "1, " "1, " "1, " "1, " "1, " "1, " "1, " "1, " "1, " "1, " "1, " "1, " "1, " "1, " "1, " "1, " "1, " "1, " "1, " "1, " "1, " "1, " "1, " "1, " "1, " "1, " "1, " "1, " "1, " "1, " "1, " "1, " "1, " "1, " "1, " "1, " "1, " "1, " "1, " "1, " "1, " "1, " "1, " "1, " "1, " "1, " "1, " "1, " "1, " "1, " "1, " "1, " "1, " "1, " "1, " "1, " "1, " "1, " "1, " "1, " "1, " "1, " "1, " "1, " "1, " "1, " "1, " "1, " "1, " "1, " "1, " "1, " "1, " "1, " "1, " "1, " "1, " "1, " "1, " "1, " "1, " "1, " "1, " "1, " "1, " "1, " "1, " "1, " "1, " "1, " "1, " "1, " "1, " "1, " "1, " "1, " "1, " "1, " "1, "204
 "Nei294, 0.066, " "0.015, " "1, " "1, " "1, " "1, " "1, " "1, " "1, " "1, " "1, " "1, " "1, " "1, " "1, " "1, " "1, " "1, " "1, " "1, " "1, " "1, " "1, " "1, " "1, " "1, " "1, " "1, " "1, " "1, " "1, " "1, " "1, " "1, " "1, " "1, " "1, " "1, " "1, " "1, " "1, " "1, " "1, " "1, " "1, " "1, " "1, " "1, " "1, " "1, " "1, " "1, " "1, " "1, " "1, " "1, " "1, " "1, " "1, " "1, " "1, " "1, " "1, " "1, " "1, " "1, " "1, " "1, " "1, " "1, " "1, " "1, " "1, " "1, " "1, " "1, " "1, " "1, " "1, " "1, " "1, " "1, " "1, " "1, " "1, " "1, " "1, " "1, " "1, " "1, " "1, " "1, " "1, " "1, " "1, " "1, " "1, " "1, " "1, " "1, " "1, " "1, " "1, " "1, " "1, " "1, " "1, " "1, " "1, " "1, " "1, " "1, " "1, " "1, " "1, " "1, " "1, " "1, " "1, " "1, " "1, " "1, " "1, " "1, " "1, " "1, " "1, " "1, " "1, " "1, " "1, " "1, " "1, " "1, " "1, " "1, " "1, " "1, " "1, " "1, " "1, " "1, " "1, " "1, " "1, " "1, " "1, " "1, " "1, " "1, " "1, " "1, " "1, " "1, " "1, " "1, " "1, " "1, " "1, " "1, " "1, " "1, " "1, " "1, " "1, " "1, " "1, " "1, " "1, " "1, " "1, " "1, " "1, " "1, " "1, " "1, " "1, " "1, " "1, " "1, " "1, " "1, " "1, " "1, " "1, " "1, " "1, " "1, " "1, " "1, " "1, " "1, " "1, " "1, " "1, " "1, " "1, " "1, " "1, " "1, " "1, " "1, " "1, " "1, " "1, " "1, " "1, " "1, " "1, " "1, " "1, " "1, " "1, " "1, " "1, " "1, " "1, " "1, " "1, " "1, " "1, " "1, " "1, " "1, " "1, " "1, " "1, " "1, " "1, " "1, " "1, " "1, " "1, " "1, " "1, " "1, " "1, " "1, " "1, " "1, " "1, " "1, " "1, " "1, " "1, " "1, " "1, " "1, " "1, " "1, " "1, " "1, " "1, " "1, " "1, " "1, " "1, " "1, " "1, " "1, " "1, " "1, " "1, " "1, " "1, " "1, " "1, " "1, " "1, " "1, " "1, " "1, " "1, " "1, " "1, " "1, " "1, " "1, " "1, " "1, " "1, " "1, " "1, " "1, " "1, " "1, " "1, " "1, " "1, " "1, " "1, " "1, " "1, " "1, " "1, " "1, " "0, " "1, " "1, " "1, " "1, " "1, " "1, " "1, " "1, " "1, " "1, " "1, " "1, " "1, " "1, " "1, " "1, " "1, " "1, " "1, " "1, " "1, " "1, " "1, " "1, " "1, " "1, " "1, " "1, " "1, " "1, " "1, " "1, " "1, " "1, " "1, " "1, " "1, " "1, " "1, " "1, " "1, " "1, " "1, " "1, " "1, " "1, " "1, " "1, " "1, " "1, " "1, " "1, " "1, " "1, " "1, " "1, " "1, " "1, " "1, " "1, " "1, " "1, " "1, " "1, " "1, " "1, " "1, " "1, " "1, " "1, " "1, " "1, " "1, " "1, " "1, " "1, " "1, " "1, " "1, " "1, " "1, " "1, " "1, " "1, " "1, " "1, " "1, " "1, " "1, " "1, " "1, " "1, " "1, " "1, " "1, " "1, " "1, " "1, " "1, " "1, " "1, " "1, " "1, " "1, " "1, " "1, " "1, " "1, " "1, " "1, " "1, " "1, " "1, " "1, " "1, " "1, " "1, " "1, " "1, " "1, " "1, " "1, " "1, " "1, " "1, " "1, " "1, " "1, " "1, " "1, " "1, " "1, " "1, " "1, " "1, " "1, " "1, " "1, " "1, " "1, " "1, " "1, " "1, " "1, " "1, " "1, " "1, " "1, " "1, " "1, " "1, " "1, " "1, " "1, " "1, " "1, " "1, " "1, " "1, " "1, " "1, " "1, " "1, " "1, " "1, " "1, " "1, " "1, " "1, " "1, " "1, " "1, " "1, " "1, " "1, " "1, " "1, " "1, " "1, " "1, " "1, " "1, " "1, " "1, " "1, " "1, " "1, " "1, " "1, " "1, " "1, " "1, " "1, " "1, " "1, " "1, " "1, " "1, " "1, " "1, " "1, " "1, " "1, " "1, " "1, " "1, " "1, " "1, " "1, " "1, " "1, " "1, " "1, " "1, " "1, " "1, " "1, " "1, "204
 "Nei295, 0.322, " "0.015, " "1, " "1, " "1, " "1, " "1, " "1, " "1, " "1, " "1, " "1, " "1, " "1, " "1, " "1, " "1, " "1, " "1, " "1, " "1, " "1, " "1, " "1, " "1, " "1, " "1, " "1, " "1, " "1, " "1, " "1, " "1, " "1, " "1, " "1, " "1, " "1, " "1, " "1, " "1, " "1, " "1, " "1, " "1, " "1, " "1, " "1, " "1, " "1, " "1, " "1, " "1, " "1, " "1, " "1, " "1, " "1, " "1, " "1, " "1, " "1, " "1, " "1, " "1, " "1, " "1, " "1, " "1, " "1, " "1, " "1, " "1, " "1, " "1, " "1, " "1, " "1, " "1, " "1, " "1, " "1, " "1, " "1, " "1, " "1, " "1, " "1, " "1, " "1, " "1, " "1, " "1, " "1, " "1, " "1, " "1, " "1, " "1, " "1, " "1, " "1, " "1, " "1, " "1, " "1, " "1, " "1, " "1, " "1, " "1, " "1, " "1, " "1, " "1, " "1, " "1, " "1, " "1, " "1, " "1, " "1, " "1, " "1, " "1, " "1, " "1, " "1, " "1, " "1, " "1, " "1, " "1, " "1, " "1, " "1, " "1, " "1, " "1, " "1, " "1, " "1, " "1, " "1, " "1, " "1, " "1, " "1, " "1, " "1, " "1, " "1, " "1, " "1, " "1, " "1, " "1, " "1, " "1, " "1, " "1, " "1, " "1, " "1, " "1, " "1, " "1, " "1, " "1, " "1, " "1, " "1, " "1, " "1, " "1, " "1, " "1, " "1, " "1, " "1, " "1, " "1, " "1, " "1, " "1, " "1, " "1, " "1, " "1, " "1, " "1, " "1, " "1, " "1, " "1, " "1, " "1, " "1, " "1, " "1, " "1, " "1, " "1, " "1, " "1, " "1, " "1, " "1, " "1, " "1, " "1, " "1, " "1, " "1, " "1, " "1, " "1, " "1, " "1, " "1, " "1, " "1, " "1, " "1, " "1, " "1, " "1, " "1, " "1, " "1, " "1, " "1, " "1, " "1, " "1, " "1, " "1, " "1, " "1, " "1, " "1, " "1, " "1, " "1, " "1, " "1, " "1, " "1, " "1, " "1, " "1, " "1, " "1, " "1, " "1, " "1, " "1, " "1, " "1, " "1, " "1, " "1, " "1, " "1, " "1, " "1, " "1, " "1, " "1, " "1, " "1, " "1, " "1, " "1, " "1, " "1, " "1, " "1, " "1, " "1, " "1, " "1, " "1, " "1, " "1, " "1, " "1, " "1, " "1, " "1, " "1, " "1, " "1, " "1, " "1, " "1, " "1, " "0, " "1, " "1, " "1, " "1, " "1, " "1, " "1, " "1, " "1, " "1, " "1, " "1, " "1, " "1, " "1, " "1, " "1, " "1, " "1, " "1, " "1, " "1, " "1, " "1, " "1, " "1, " "1, " "1, " "1, " "1, " "1, " "1, " "1, " "1, " "1, " "1, " "1, " "1, " "1, " "1, " "1, " "1, " "1, " "1, " "1, " "1, " "1, " "1, " "1, " "1, " "1, " "1, " "1, " "1, " "1, " "1, " "1, " "1, " "1, " "1, " "1, " "1, " "1, " "1, " "1, " "1, " "1, " "1, " "1, " "1, " "1, " "1, " "1, " "1, " "1, " "1, " "1, " "1, " "1, " "1, " "1, " "1, " "1, " "1, " "1, " "1, " "1, " "1, " "1, " "1, " "1, " "1, " "1, " "1, " "1, " "1, " "1, " "1, " "1, " "1, " "1, " "1, " "1, " "1, " "1, " "1, " "1, " "1, " "1, " "1, " "1, " "1, " "1, " "1, " "1, " "1, " "1, " "1, " "1, " "1, " "1, " "1, " "1, " "1, " "1, " "1, " "1, " "1, " "1, " "1, " "1, " "1, " "1, " "1, " "1, " "1, " "1, " "1, " "1, " "1, " "1, " "1, " "1, " "1, " "1, " "1, " "1, " "1, " "1, " "1, " "1, " "1, " "1, " "1, " "1, " "1, " "1, " "1, " "1, " "1, " "1, " "1, " "1, " "1, " "1, " "1, " "1, " "1, " "1, " "1, " "1, " "1, " "1, " "1, " "1, " "1, " "1, " "1, " "1, " "1, " "1, " "1, " "1, " "1, " "1, " "1, " "1, " "1, " "1, " "1, " "1, " "1, " "1, " "1, " "1, " "1, " "1, " "1, " "1, " "1, " "1, " "1, " "1, " "1, " "1, " "1, " "1, " "1, " "1, " "1, " "1, " "1, " "1, " "1, " "1, " "1, " "1, "204
 "Nei296, 0.387, " "0.015, " "1, " "1, " "1, " "1, " "1, " "1, " "1, " "1, " "1, " "1, " "1, " "1, " "1, " "1, " "1, " "1, " "1, " "1, " "1, " "1, " "1, " "1, " "1, " "1, " "1, " "1, " "1, " "1, " "1, " "1, " "1, " "1, " "1, " "1, " "1, " "1, " "1, " "1, " "1, " "1, " "1, " "1, " "1, " "1, " "1, " "1, " "1, " "1, " "1, " "1, " "1, " "1, " "1, " "1, " "1, " "1, " "1, " "1, " "1, " "1, " "1, " "1, " "1, " "1, " "1, " "1, " "1, " "1, " "1, " "1, " "1, " "1, " "1, " "1, " "1, " "1, " "1, " "1, " "1, " "1, " "1, " "1, " "1, " "1, " "1, " "1, " "1, " "1, " "1, " "1, " "1, " "1, " "1, " "1, " "1, " "1, " "1, " "1, " "1, " "1, " "1, " "1, " "1, " "1, " "1, " "1, " "1, " "1, " "1, " "1, " "1, " "1, " "1, " "1, " "1, " "1, " "1, " "1, " "1, " "1, " "1, " "1, " "1, " "1, " "1, " "1, " "1, " "1, " "1, " "1, " "1, " "1, " "1, " "1, " "1, " "1, " "1, " "1, " "1, " "1, " "1, " "1, " "1, " "1, " "1, " "1, " "1, " "1, " "1, " "1, " "1, " "1, " "1, " "1, " "1, " "1, " "1, " "1, " "1, " "1, " "1, " "1, " "1, " "1, " "1, " "1, " "1, " "1, " "1, " "1, " "1, " "1, " "1, " "1, " "1, " "1, " "1, " "1, " "1, " "1, " "1, " "1, " "1, " "1, " "1, " "1, " "1, " "1, " "1, " "1, " "1, " "1, " "1, " "1, " "1, " "1, " "1, " "1, " "1, " "1, " "1, " "1, " "1, " "1, " "1, " "1, " "1, " "1, " "1, " "1, " "1, " "1, " "1, " "1, " "1, " "1, " "1, " "1, " "1, " "1, " "1, " "1, " "1, " "1, " "1, " "1, " "1, " "1, " "1, " "1, " "1, " "1, " "1, " "1, " "1, " "1, " "1, " "1, " "1, " "1, " "1, " "1, " "1, " "1, " "1, " "1, " "1, " "1, " "1, " "1, " "1, " "1, " "1, " "1, " "1, " "1, " "1, " "1, " "1, " "1, " "1, " "1, " "1, " "1, " "1, " "1, " "1, " "1, " "1, " "1, " "1, " "1, " "1, " "1, " "1, " "1, " "1, " "1, " "1, " "1, " "1, " "1, " "1, " "1, " "1, " "1, " "1, " "1, " "1, " "1, " "1, " "1, " "1, " "1, " "1, " "1, " "0, " "1, " "1, " "1, " "1, " "1, " "1, " "1, " "1, " "1, " "1, " "1, " "1, " "1, " "1, " "1, " "1, " "1, " "1, " "1, " "1, " "1, " "1, " "1, " "1, " "1, " "1, " "1, " "1, " "1, " "1, " "1, " "1, " "1, " "1, " "1, " "1, " "1, " "1, " "1, " "1, " "1, " "1, " "1, " "1, " "1, " "1, " "1, " "1, " "1, " "1, " "1, " "1, " "1, " "1, " "1, " "1, " "1, " "1, " "1, " "1, " "1, " "1, " "1, " "1, " "1, " "1, " "1, " "1, " "1, " "1, " "1, " "1, " "1, " "1, " "1, " "1, " "1, " "1, " "1, " "1, " "1, " "1, " "1, " "1, " "1, " "1, " "1, " "1, " "1, " "1, " "1, " "1, " "1, " "1, " "1, " "1, " "1, " "1, " "1, " "1, " "1, " "1, " "1, " "1, " "1, " "1, " "1, " "1, " "1, " "1, " "1, " "1, " "1, " "1, " "1, " "1, " "1, " "1, " "1, " "1, " "1, " "1, " "1, " "1, " "1, " "1, " "1, " "1, " "1, " "1, " "1, " "1, " "1, " "1, " "1, " "1, " "1, " "1, " "1, " "1, " "1, " "1, " "1, " "1, " "1, " "1, " "1, " "1, " "1, " "1, " "1, " "1, " "1, " "1, " "1, " "1, " "1, " "1, " "1, " "1, " "1, " "1, " "1, " "1, " "1, " "1, " "1, " "1, " "1, " "1, " "1, " "1, " "1, " "1, " "1, " "1, " "1, " "1, " "1, " "1, " "1, " "1, " "1, " "1, " "1, " "1, " "1, " "1, " "1, " "1, " "1, " "1, " "1, " "1, " "1, " "1, " "1, " "1, " "1, " "1, " "1, " "1, " "1, " "1, " "1, " "1, " "1, " "1, " "1, " "1, " "1, " "1, " "1, " "1, " "1, " "1, "204
 "Nei297, 0.248, " "0.015, " "1, " "1, " "1, " "1, " "1, " "1, " "1, " "1, " "1, " "1, " "1, " "1, " "1, " "1, " "1, " "1, " "1, " "1, " "1, " "1, " "1, " "1, " "1, " "1, " "1, " "1, " "1, " "1, " "1, " "1, " "1, " "1, " "1, " "1, " "1, " "1, " "1, " "1, " "1, " "1, " "1, " "1, " "1, " "1, " "1, " "1, " "1, " "1, " "1, " "1, " "1, " "1, " "1, " "1, " "1, " "1, " "1, " "1, " "1, " "1, " "1, " "1, " "1, " "1, " "1, " "1, " "1, " "1, " "1, " "1, " "1, " "1, " "1, " "1, " "1, " "1, " "1, " "1, " "1, " "1, " "1, " "1, " "1, " "1, " "1, " "1, " "1, " "1, " "1, " "1, " "1, " "1, " "1, " "1, " "1, " "1, " "1, " "1, " "1, " "1, " "1, " "1, " "1, " "1, " "1, " "1, " "1, " "1, " "1, " "1, " "1, " "1, " "1, " "1, " "1, " "1, " "1, " "1, " "1, " "1, " "1, " "1, " "1, " "1, " "1, " "1, " "1, " "1, " "1, " "1, " "1, " "1, " "1, " "1, " "1, " "1, " "1, " "1, " "1, " "1, " "1, " "1, " "1, " "1, " "1, " "1, " "1, " "1, " "1, " "1, " "1, " "1, " "1, " "1, " "1, " "1, " "1, " "1, " "1, " "1, " "1, " "1, " "1, " "1, " "1, " "1, " "1, " "1, " "1, " "1, " "1, " "1, " "1, " "1, " "1, " "1, " "1, " "1, " "1, " "1, " "1, " "1, " "1, " "1, " "1, " "1, " "1, " "1, " "1, " "1, " "1, " "1, " "1, " "1, " "1, " "1, " "1, " "1, " "1, " "1, " "1, " "1, " "1, " "1, " "1, " "1, " "1, " "1, " "1, " "1, " "1, " "1, " "1, " "1, " "1, " "1, " "1, " "1, " "1, " "1, " "1, " "1, " "1, " "1, " "1, " "1, " "1, " "1, " "1, " "1, " "1, " "1, " "1, " "1, " "1, " "1, " "1, " "1, " "1, " "1, " "1, " "1, " "1, " "1, " "1, " "1, " "1, " "1, " "1, " "1, " "1, " "1, " "1, " "1, " "1, " "1, " "1, " "1, " "1, " "1, " "1, " "1, " "1, " "1, " "1, " "1, " "1, " "1, " "1, " "1, " "1, " "1, " "1, " "1, " "1, " "1, " "1, " "1, " "1, " "1, " "1, " "1, " "1, " "1, " "1, " "1, " "1, " "1, " "1, " "1, " "1, " "1, " "1, " "1, " "1, " "1, " "1, " "0, " "1, " "1, " "1, " "1, " "1, " "1, " "1, " "1, " "1, " "1, " "1, " "1, " "1, " "1, " "1, " "1, " "1, " "1, " "1, " "1, " "1, " "1, " "1, " "1, " "1, " "1, " "1, " "1, " "1, " "1, " "1, " "1, " "1, " "1, " "1, " "1, " "1, " "1, " "1, " "1, " "1, " "1, " "1, " "1, " "1, " "1, " "1, " "1, " "1, " "1, " "1, " "1, " "1, " "1, " "1, " "1, " "1, " "1, " "1, " "1, " "1, " "1, " "1, " "1, " "1, " "1, " "1, " "1, " "1, " "1, " "1, " "1, " "1, " "1, " "1, " "1, " "1, " "1, " "1, " "1, " "1, " "1, " "1, " "1, " "1, " "1, " "1, " "1, " "1, " "1, " "1, " "1, " "1, " "1, " "1, " "1, " "1, " "1, " "1, " "1, " "1, " "1, " "1, " "1, " "1, " "1, " "1, " "1, " "1, " "1, " "1, " "1, " "1, " "1, " "1, " "1, " "1, " "1, " "1, " "1, " "1, " "1, " "1, " "1, " "1, " "1, " "1, " "1, " "1, " "1, " "1, " "1, " "1, " "1, " "1, " "1, " "1, " "1, " "1, " "1, " "1, " "1, " "1, " "1, " "1, " "1, " "1, " "1, " "1, " "1, " "1, " "1, " "1, " "1, " "1, " "1, " "1, " "1, " "1, " "1, " "1, " "1, " "1, " "1, " "1, " "1, " "1, " "1, " "1, " "1, " "1, " "1, " "1, " "1, " "1, " "1, " "1, " "1, " "1, " "1, " "1, " "1, " "1, " "1, " "1, " "1, " "1, " "1, " "1, " "1, " "1, " "1, " "1, " "1, " "1, " "1, " "1, " "1, " "1, " "1, " "1, " "1, " "1, " "1, " "1, " "1, " "1, " "1, " "1, " "1, " "1, " "1, " "1, " "1, " "1, "204
 "Nei298, 0.041, " "0.015, " "1, " "1, " "1, " "1, " "1, " "1, " "1, " "1, " "1, " "1, " "1, " "1, " "1, " "1, " "1, " "1, " "1, " "1, " "1, " "1, " "1, " "1, " "1, " "1, " "1, " "1, " "1, " "1, " "1, " "1, " "1, " "1, " "1, " "1, " "1, " "1, " "1, " "1, " "1, " "1, " "1, " "1, " "1, " "1, " "1, " "1, " "1, " "1, " "1, " "1, " "1, " "1, " "1, " "1, " "1, " "1, " "1, " "1, " "1, " "1, " "1, " "1, " "1, " "1, " "1, " "1, " "1, " "1, " "1, " "1, " "1, " "1, " "1, " "1, " "1, " "1, " "1, " "1, " "1, " "1, " "1, " "1, " "1, " "1, " "1, " "1, " "1, " "1, " "1, " "1, " "1, " "1, " "1, " "1, " "1, " "1, " "1, " "1, " "1, " "1, " "1, " "1, " "1, " "1, " "1, " "1, " "1, " "1, " "1, " "1, " "1, " "1, " "1, " "1, " "1, " "1, " "1, " "1, " "1, " "1, " "1, " "1, " "1, " "1, " "1, " "1, " "1, " "1, " "1, " "1, " "1, " "1, " "1, " "1, " "1, " "1, " "1, " "1, " "1, " "1, " "1, " "1, " "1, " "1, " "1, " "1, " "1, " "1, " "1, " "1, " "1, " "1, " "1, " "1, " "1, " "1, " "1, " "1, " "1, " "1, " "1, " "1, " "1, " "1, " "1, " "1, " "1, " "1, " "1, " "1, " "1, " "1, " "1, " "1, " "1, " "1, " "1, " "1, " "1, " "1, " "1, " "1, " "1, " "1, " "1, " "1, " "1, " "1, " "1, " "1, " "1, " "1, " "1, " "1, " "1, " "1, " "1, " "1, " "1, " "1, " "1, " "1, " "1, " "1, " "1, " "1, " "1, " "1, " "1, " "1, " "1, " "1, " "1, " "1, " "1, " "1, " "1, " "1, " "1, " "1, " "1, " "1, " "1, " "1, " "1, " "1, " "1, " "1, " "1, " "1, " "1, " "1, " "1, " "1, " "1, " "1, " "1, " "1, " "1, " "1, " "1, " "1, " "1, " "1, " "1, " "1, " "1, " "1, " "1, " "1, " "1, " "1, " "1, " "1, " "1, " "1, " "1, " "1, " "1, " "1, " "1, " "1, " "1, " "1, " "1, " "1, " "1, " "1, " "1, " "1, " "1, " "1, " "1, " "1, " "1, " "1, " "1, " "1, " "1, " "1, " "1, " "1, " "1, " "1, " "1, " "1, " "1, " "1, " "1, " "1, " "1, " "1, " "1, " "1, " "1, " "1, " "1, " "1, " "0, " "1, " "1, " "1, " "1, " "1, " "1, " "1, " "1, " "1, " "1, " "1, " "1, " "1, " "1, " "1, " "1, " "1, " "1, " "1, " "1, " "1, " "1, " "1, " "1, " "1, " "1, " "1, " "1, " "1, " "1, " "1, " "1, " "1, " "1, " "1, " "1, " "1, " "1, " "1, " "1, " "1, " "1, " "1, " "1, " "1, " "1, " "1, " "1, " "1, " "1, " "1, " "1, " "1, " "1, " "1, " "1, " "1, " "1, " "1, " "1, " "1, " "1, " "1, " "1, " "1, " "1, " "1, " "1, " "1, " "1, " "1, " "1, " "1, " "1, " "1, " "1, " "1, " "1, " "1, " "1, " "1, " "1, " "1, " "1, " "1, " "1, " "1, " "1, " "1, " "1, " "1, " "1, " "1, " "1, " "1, " "1, " "1, " "1, " "1, " "1, " "1, " "1, " "1, " "1, " "1, " "1, " "1, " "1, " "1, " "1, " "1, " "1, " "1, " "1, " "1, " "1, " "1, " "1, " "1, " "1, " "1, " "1, " "1, " "1, " "1, " "1, " "1, " "1, " "1, " "1, " "1, " "1, " "1, " "1, " "1, " "1, " "1, " "1, " "1, " "1, " "1, " "1, " "1, " "1, " "1, " "1, " "1, " "1, " "1, " "1, " "1, " "1, " "1, " "1, " "1, " "1, " "1, " "1, " "1, " "1, " "1, " "1, " "1, " "1, " "1, " "1, " "1, " "1, " "1, " "1, " "1, " "1, " "1, " "1, " "1, " "1, " "1, " "1, " "1, " "1, " "1, " "1, " "1, " "1, " "1, " "1, " "1, " "1, " "1, " "1, " "1, " "1, " "1, " "1, " "1, " "1, " "1, " "1, " "1, " "1, " "1, " "1, " "1, " "1, " "1, " "1, " "1, " "1, " "1, " "1, " "1, " "1, " "1, " "1, "204
 "Nei299, 0.156, " "0.015, " "1, " "1, " "1, " "1, " "1, " "1, " "1, " "1, " "1, " "1, " "1, " "1, " "1, " "1, " "1, " "1, " "1, " "1, " "1, " "1, " "1, " "1, " "1, " "1, " "1, " "1, " "1, " "1, " "1, " "1, " "1, " "1, " "1, " "1, " "1, " "1, " "1, " "1, " "1, " "1, " "1, " "1, " "1, " "1, " "1, " "1, " "1, " "1, " "1, " "1, " "1, " "1, " "1, " "1, " "1, " "1, " "1, " "1, " "1, " "1, " "1, " "1, " "1, " "1, " "1, " "1, " "1, " "1, " "1, " "1, " "1, " "1, " "1, " "1, " "1, " "1, " "1, " "1, " "1, " "1, " "1, " "1, " "1, " "1, " "1, " "1, " "1, " "1, " "1, " "1, " "1, " "1, " "1, " "1, " "1, " "1, " "1, " "1, " "1, " "1, " "1, " "1, " "1, " "1, " "1, " "1, " "1, " "1, " "1, " "1, " "1, " "1, " "1, " "1, " "1, " "1, " "1, " "1, " "1, " "1, " "1, " "1, " "1, " "1, " "1, " "1, " "1, " "1, " "1, " "1, " "1, " "1, " "1, " "1, " "1, " "1, " "1, " "1, " "1, " "1, " "1, " "1, " "1, " "1, " "1, " "1, " "1, " "1, " "1, " "1, " "1, " "1, " "1, " "1, " "1, " "1, " "1, " "1, " "1, " "1, " "1, " "1, " "1, " "1, " "1, " "1, " "1, " "1, " "1, " "1, " "1, " "1, " "1, " "1, " "1, " "1, " "1, " "1, " "1, " "1, " "1, " "1, " "1, " "1, " "1, " "1, " "1, " "1, " "1, " "1, " "1, " "1, " "1, " "1, " "1, " "1, " "1, " "1, " "1, " "1, " "1, " "1, " "1, " "1, " "1, " "1, " "1, " "1, " "1, " "1, " "1, " "1, " "1, " "1, " "1, " "1, " "1, " "1, " "1, " "1, " "1, " "1, " "1, " "1, " "1, " "1, " "1, " "1, " "1, " "1, " "1, " "1, " "1, " "1, " "1, " "1, " "1, " "1, " "1, " "1, " "1, " "1, " "1, " "1, " "1, " "1, " "1, " "1, " "1, " "1, " "1, " "1, " "1, " "1, " "1, " "1, " "1, " "1, " "1, " "1, " "1, " "1, " "1, " "1, " "1, " "1, " "1, " "1, " "1, " "1, " "1, " "1, " "1, " "1, " "1, " "1, " "1, " "1, " "1, " "1, " "1, " "1, " "1, " "1, " "1, " "1, " "1, " "1, " "1, " "1, " "1, " "1, " "1, " "1, " "1, " "1, " "1, " "1, " "1, " "0, " "1, " "1, " "1, " "1, " "1, " "1, " "1, " "1, " "1, " "1, " "1, " "1, " "1, " "1, " "1, " "1, " "1, " "1, " "1, " "1, " "1, " "1, " "1, " "1, " "1, " "1, " "1, " "1, " "1, " "1, " "1, " "1, " "1, " "1, " "1, " "1, " "1, " "1, " "1, " "1, " "1, " "1, " "1, " "1, " "1, " "1, " "1, " "1, " "1, " "1, " "1, " "1, " "1, " "1, " "1, " "1, " "1, " "1, " "1, " "1, " "1, " "1, " "1, " "1, " "1, " "1, " "1, " "1, " "1, " "1, " "1, " "1, " "1, " "1, " "1, " "1, " "1, " "1, " "1, " "1, " "1, " "1, " "1, " "1, " "1, " "1, " "1, " "1, " "1, " "1, " "1, " "1, " "1, " "1, " "1, " "1, " "1, " "1, " "1, " "1, " "1, " "1, " "1, " "1, " "1, " "1, " "1, " "1, " "1, " "1, " "1, " "1, " "1, " "1, " "1, " "1, " "1, " "1, " "1, " "1, " "1, " "1, " "1, " "1, " "1, " "1, " "1, " "1, " "1, " "1, " "1, " "1, " "1, " "1, " "1, " "1, " "1, " "1, " "1, " "1, " "1, " "1, " "1, " "1, " "1, " "1, " "1, " "1, " "1, " "1, " "1, " "1, " "1, " "1, " "1, " "1, " "1, " "1, " "1, " "1, " "1, " "1, " "1, " "1, " "1, " "1, " "1, " "1, " "1, " "1, " "1, " "1, " "1, " "1, " "1, " "1, " "1, " "1, " "1, " "1, " "1, " "1, " "1, " "1, " "1, " "1, " "1, " "1, " "1, " "1, " "1, " "1, " "1, " "1, " "1, " "1, " "1, " "1, " "1, " "1, " "1, " "1, " "1, " "1, " "1, " "1, " "1, " "1, " "1, " "1, " "1, " "1, " "1, "204
 "Nei300, 0.332, " "0.015, " "1, " "1, " "1, " "1, " "1, " "1, " "1, " "1, " "1, " "1, " "1, " "1, " "1, " "1, " "1, " "1, " "1, " "1, " "1, " "1, " "1, " "1, " "1, " "1, " "1, " "1, " "1, " "1, " "1, " "1, " "1, " "1, " "1, " "1, " "1, " "1, " "1, " "1, " "1, " "1, " "1, " "1, " "1, " "1, " "1, " "1, " "1, " "1, " "1, " "1, " "1, " "1, " "1, " "1, " "1, " "1, " "1, " "1, " "1, " "1, " "1, " "1, " "1, " "1, " "1, " "1, " "1, " "1, " "1, " "1, " "1, " "1, " "1, " "1, " "1, " "1, " "1, " "1, " "1, " "1, " "1, " "1, " "1, " "1, " "1, " "1, " "1, " "1, " "1, " "1, " "1, " "1, " "1, " "1, " "1, " "1, " "1, " "1, " "1, " "1, " "1, " "1, " "1, " "1, " "1, " "1, " "1, " "1, " "1, " "1, " "1, " "1, " "1, " "1, " "1, " "1, " "1, " "1, " "1, " "1, " "1, " "1, " "1, " "1, " "1, " "1, " "1, " "1, " "1, " "1, " "1, " "1, " "1, " "1, " "1, " "1, " "1, " "1, " "1, " "1, " "1, " "1, " "1, " "1, " "1, " "1, " "1, " "1, " "1, " "1, " "1, " "1, " "1, " "1, " "1, " "1, " "1, " "1, " "1, " "1, " "1, " "1, " "1, " "1, " "1, " "1, " "1, " "1, " "1, " "1, " "1, " "1, " "1, " "1, " "1, " "1, " "1, " "1, " "1, " "1, " "1, " "1, " "1, " "1, " "1, " "1, " "1, " "1, " "1, " "1, " "1, " "1, " "1, " "1, " "1, " "1, " "1, " "1, " "1, " "1, " "1, " "1, " "1, " "1, " "1, " "1, " "1, " "1, " "1, " "1, " "1, " "1, " "1, " "1, " "1, " "1, " "1, " "1, " "1, " "1, " "1, " "1, " "1, " "1, " "1, " "1, " "1, " "1, " "1, " "1, " "1, " "1, " "1, " "1, " "1, " "1, " "1, " "1, " "1, " "1, " "1, " "1, " "1, " "1, " "1, " "1, " "1, " "1, " "1, " "1, " "1, " "1, " "1, " "1, " "1, " "1, " "1, " "1, " "1, " "1, " "1, " "1, " "1, " "1, " "1, " "1, " "1, " "1, " "1, " "1, " "1, " "1, " "1, " "1, " "1, " "1, " "1, " "1, " "1, " "1, " "1, " "1, " "1, " "1, " "1, " "1, " "1, " "1, " "1, " "1, " "1, " "1, " "1, " "1, " "1, " "1, " "1, " "1, " "1, " "1, " "0, " "1, " "1, " "1, " "1, " "1, " "1, " "1, " "1, " "1, " "1, " "1, " "1, " "1, " "1, " "1, " "1, " "1, " "1, " "1, " "1, " "1, " "1, " "1, " "1, " "1, " "1, " "1, " "1, " "1, " "1, " "1, " "1, " "1, " "1, " "1, " "1, " "1, " "1, " "1, " "1, " "1, " "1, " "1, " "1, " "1, " "1, " "1, " "1, " "1, " "1, " "1, " "1, " "1, " "1, " "1, " "1, " "1, " "1, " "1, " "1, " "1, " "1, " "1, " "1, " "1, " "1, " "1, " "1, " "1, " "1, " "1, " "1, " "1, " "1, " "1, " "1, " "1, " "1, " "1, " "1, " "1, " "1, " "1, " "1, " "1, " "1, " "1, " "1, " "1, " "1, " "1, " "1, " "1, " "1, " "1, " "1, " "1, " "1, " "1, " "1, " "1, " "1, " "1, " "1, " "1, " "1, " "1, " "1, " "1, " "1, " "1, " "1, " "1, " "1, " "1, " "1, " "1, " "1, " "1, " "1, " "1, " "1, " "1, " "1, " "1, " "1, " "1, " "1, " "1, " "1, " "1, " "1, " "1, " "1, " "1, " "1, " "1, " "1, " "1, " "1, " "1, " "1, " "1, " "1, " "1, " "1, " "1, " "1, " "1, " "1, " "1, " "1, " "1, " "1, " "1, " "1, " "1, " "1, " "1, " "1, " "1, " "1, " "1, " "1, " "1, " "1, " "1, " "1, " "1, " "1, " "1, " "1, " "1, " "1, " "1, " "1, " "1, " "1, " "1, " "1, " "1, " "1, " "1, " "1, " "1, " "1, " "1, " "1, " "1, " "1, " "1, " "1, " "1, " "1, " "1, " "1, " "1, " "1, " "1, " "1, " "1, " "1, " "1, " "1, " "1, " "1, " "1, " "1, " "1, " "1, " "1, " "1, "204
 "Nei301, 0.139, " "0.015, " "1, " "1, " "1, " "1, " "1, " "1, " "1, " "1, " "1, " "1, " "1, " "1, " "1, " "1, " "1, " "1, " "1, " "1, " "1, " "1, " "1, " "1, " "1, " "1, " "1, " "1, " "1, " "1, " "1, " "1, " "1, " "1, " "1, " "1, " "1, " "1, " "1, " "1, " "1, " "1, " "1, " "1, " "1, " "1, " "1, " "1, " "1, " "1, " "1, " "1, " "1, " "1, " "1, " "1, " "1, " "1, " "1, " "1, " "1, " "1, " "1, " "1, " "1, " "1, " "1, " "1, " "1, " "1, " "1, " "1, " "1, " "1, " "1, " "1, " "1, " "1, " "1, " "1, " "1, " "1, " "1, " "1, " "1, " "1, " "1, " "1, " "1, " "1, " "1, " "1, " "1, " "1, " "1, " "1, " "1, " "1, " "1, " "1, " "1, " "1, " "1, " "1, " "1, " "1, " "1, " "1, " "1, " "1, " "1, " "1, " "1, " "1, " "1, " "1, " "1, " "1, " "1, " "1, " "1, " "1, " "1, " "1, " "1, " "1, " "1, " "1, " "1, " "1, " "1, " "1, " "1, " "1, " "1, " "1, " "1, " "1, " "1, " "1, " "1, " "1, " "1, " "1, " "1, " "1, " "1, " "1, " "1, " "1, " "1, " "1, " "1, " "1, " "1, " "1, " "1, " "1, " "1, " "1, " "1, " "1, " "1, " "1, " "1, " "1, " "1, " "1, " "1, " "1, " "1, " "1, " "1, " "1, " "1, " "1, " "1, " "1, " "1, " "1, " "1, " "1, " "1, " "1, " "1, " "1, " "1, " "1, " "1, " "1, " "1, " "1, " "1, " "1, " "1, " "1, " "1, " "1, " "1, " "1, " "1, " "1, " "1, " "1, " "1, " "1, " "1, " "1, " "1, " "1, " "1, " "1, " "1, " "1, " "1, " "1, " "1, " "1, " "1, " "1, " "1, " "1, " "1, " "1, " "1, " "1, " "1, " "1, " "1, " "1, " "1, " "1, " "1, " "1, " "1, " "1, " "1, " "1, " "1, " "1, " "1, " "1, " "1, " "1, " "1, " "1, " "1, " "1, " "1, " "1, " "1, " "1, " "1, " "1, " "1, " "1, " "1, " "1, " "1, " "1, " "1, " "1, " "1, " "1, " "1, " "1, " "1, " "1, " "1, " "1, " "1, " "1, " "1, " "1, " "1, " "1, " "1, " "1, " "1, " "1, " "1, " "1, " "1, " "1, " "1, " "1, " "1, " "1, " "1, " "1, " "1, " "1, " "1, " "1, " "1, " "1, " "1, " "1, " "1, " "1, " "1, " "1, " "1, " "0, " "1, " "1, " "1, " "1, " "1, " "1, " "1, " "1, " "1, " "1, " "1, " "1, " "1, " "1, " "1, " "1, " "1, " "1, " "1, " "1, " "1, " "1, " "1, " "1, " "1, " "1, " "1, " "1, " "1, " "1, " "1, " "1, " "1, " "1, " "1, " "1, " "1, " "1, " "1, " "1, " "1, " "1, " "1, " "1, " "1, " "1, " "1, " "1, " "1, " "1, " "1, " "1, " "1, " "1, " "1, " "1, " "1, " "1, " "1, " "1, " "1, " "1, " "1, " "1, " "1, " "1, " "1, " "1, " "1, " "1, " "1, " "1, " "1, " "1, " "1, " "1, " "1, " "1, " "1, " "1, " "1, " "1, " "1, " "1, " "1, " "1, " "1, " "1, " "1, " "1, " "1, " "1, " "1, " "1, " "1, " "1, " "1, " "1, " "1, " "1, " "1, " "1, " "1, " "1, " "1, " "1, " "1, " "1, " "1, " "1, " "1, " "1, " "1, " "1, " "1, " "1, " "1, " "1, " "1, " "1, " "1, " "1, " "1, " "1, " "1, " "1, " "1, " "1, " "1, " "1, " "1, " "1, " "1, " "1, " "1, " "1, " "1, " "1, " "1, " "1, " "1, " "1, " "1, " "1, " "1, " "1, " "1, " "1, " "1, " "1, " "1, " "1, " "1, " "1, " "1, " "1, " "1, " "1, " "1, " "1, " "1, " "1, " "1, " "1, " "1, " "1, " "1, " "1, " "1, " "1, " "1, " "1, " "1, " "1, " "1, " "1, " "1, " "1, " "1, " "1, " "1, " "1, " "1, " "1, " "1, " "1, " "1, " "1, " "1, " "1, " "1, " "1, " "1, " "1, " "1, " "1, " "1, " "1, " "1, " "1, " "1, " "1, " "1, " "1, " "1, " "1, " "1, " "1, " "1, " "1, " "1, "204
 "Nei302, 0.004, " "0.015, " "1, " "1, " "1, " "1, " "1, " "1, " "1, " "1, " "1, " "1, " "1, " "1, " "1, " "1, " "1, " "1, " "1, " "1, " "1, " "1, " "1, " "1, " "1, " "1, " "1, " "1, " "1, " "1, " "1, " "1, " "1, " "1, " "1, " "1, " "1, " "1, " "1, " "1, " "1, " "1, " "1, " "1, " "1, " "1, " "1, " "1, " "1, " "1, " "1, " "1, " "1, " "1, " "1, " "1, " "1, " "1, " "1, " "1, " "1, " "1, " "1, " "1, " "1, " "1, " "1, " "1, " "1, " "1, " "1, " "1, " "1, " "1, " "1, " "1, " "1, " "1, " "1, " "1, " "1, " "1, " "1, " "1, " "1, " "1, " "1, " "1, " "1, " "1, " "1, " "1, " "1, " "1, " "1, " "1, " "1, " "1, " "1, " "1, " "1, " "1, " "1, " "1, " "1, " "1, " "1, " "1, " "1, " "1, " "1, " "1, " "1, " "1, " "1, " "1, " "1, " "1, " "1, " "1, " "1, " "1, " "1, " "1, " "1, " "1, " "1, " "1, " "1, " "1, " "1, " "1, " "1, " "1, " "1, " "1, " "1, " "1, " "1, " "1, " "1, " "1, " "1, " "1, " "1, " "1, " "1, " "1, " "1, " "1, " "1, " "1, " "1, " "1, " "1, " "1, " "1, " "1, " "1, " "1, " "1, " "1, " "1, " "1, " "1, " "1, " "1, " "1, " "1, " "1, " "1, " "1, " "1, " "1, " "1, " "1, " "1, " "1, " "1, " "1, " "1, " "1, " "1, " "1, " "1, " "1, " "1, " "1, " "1, " "1, " "1, " "1, " "1, " "1, " "1, " "1, " "1, " "1, " "1, " "1, " "1, " "1, " "1, " "1, " "1, " "1, " "1, " "1, " "1, " "1, " "1, " "1, " "1, " "1, " "1, " "1, " "1, " "1, " "1, " "1, " "1, " "1, " "1, " "1, " "1, " "1, " "1, " "1, " "1, " "1, " "1, " "1, " "1, " "1, " "1, " "1, " "1, " "1, " "1, " "1, " "1, " "1, " "1, " "1, " "1, " "1, " "1, " "1, " "1, " "1, " "1, " "1, " "1, " "1, " "1, " "1, " "1, " "1, " "1, " "1, " "1, " "1, " "1, " "1, " "1, " "1, " "1, " "1, " "1, " "1, " "1, " "1, " "1, " "1, " "1, " "1, " "1, " "1, " "1, " "1, " "1, " "1, " "1, " "1, " "1, " "1, " "1, " "1, " "1, " "1, " "1, " "1, " "1, " "1, " "1, " "1, " "1, " "1, " "1, " "1, " "1, " "1, " "1, " "1, " "0, " "1, " "1, " "1, " "1, " "1, " "1, " "1, " "1, " "1, " "1, " "1, " "1, " "1, " "1, " "1, " "1, " "1, " "1, " "1, " "1, " "1, " "1, " "1, " "1, " "1, " "1, " "1, " "1, " "1, " "1, " "1, " "1, " "1, " "1, " "1, " "1, " "1, " "1, " "1, " "1, " "1, " "1, " "1, " "1, " "1, " "1, " "1, " "1, " "1, " "1, " "1, " "1, " "1, " "1, " "1, " "1, " "1, " "1, " "1, " "1, " "1, " "1, " "1, " "1, " "1, " "1, " "1, " "1, " "1, " "1, " "1, " "1, " "1, " "1, " "1, " "1, " "1, " "1, " "1, " "1, " "1, " "1, " "1, " "1, " "1, " "1, " "1, " "1, " "1, " "1, " "1, " "1, " "1, " "1, " "1, " "1, " "1, " "1, " "1, " "1, " "1, " "1, " "1, " "1, " "1, " "1, " "1, " "1, " "1, " "1, " "1, " "1, " "1, " "1, " "1, " "1, " "1, " "1, " "1, " "1, " "1, " "1, " "1, " "1, " "1, " "1, " "1, " "1, " "1, " "1, " "1, " "1, " "1, " "1, " "1, " "1, " "1, " "1, " "1, " "1, " "1, " "1, " "1, " "1, " "1, " "1, " "1, " "1, " "1, " "1, " "1, " "1, " "1, " "1, " "1, " "1, " "1, " "1, " "1, " "1, " "1, " "1, " "1, " "1, " "1, " "1, " "1, " "1, " "1, " "1, " "1, " "1, " "1, " "1, " "1, " "1, " "1, " "1, " "1, " "1, " "1, " "1, " "1, " "1, " "1, " "1, " "1, " "1, " "1, " "1, " "1, " "1, " "1, " "1, " "1, " "1, " "1, " "1, " "1, " "1, " "1, " "1, " "1, " "1, " "1, " "1, " "1, " "1, " "1, " "1, "204
 "Nei303, 0.163, " "0.015, " "1, " "1, " "1, " "1, " "1, " "1, " "1, " "1, " "1, " "1, " "1, " "1, " "1, " "1, " "1, " "1, " "1, " "1, " "1, " "1, " "1, " "1, " "1, " "1, " "1, " "1, " "1, " "1, " "1, " "1, " "1, " "1, " "1, " "1, " "1, " "1, " "1, " "1, " "1, " "1, " "1, " "1, " "1, " "1, " "1, " "1, " "1, " "1, " "1, " "1, " "1, " "1, " "1, " "1, " "1, " "1, " "1, " "1, " "1, " "1, " "1, " "1, " "1, " "1, " "1, " "1, " "1, " "1, " "1, " "1, " "1, " "1, " "1, " "1, " "1, " "1, " "1, " "1, " "1, " "1, " "1, " "1, " "1, " "1, " "1, " "1, " "1, " "1, " "1, " "1, " "1, " "1, " "1, " "1, " "1, " "1, " "1, " "1, " "1, " "1, " "1, " "1, " "1, " "1, " "1, " "1, " "1, " "1, " "1, " "1, " "1, " "1, " "1, " "1, " "1, " "1, " "1, " "1, " "1, " "1, " "1, " "1, " "1, " "1, " "1, " "1, " "1, " "1, " "1, " "1, " "1, " "1, " "1, " "1, " "1, " "1, " "1, " "1, " "1, " "1, " "1, " "1, " "1, " "1, " "1, " "1, " "1, " "1, " "1, " "1, " "1, " "1, " "1, " "1, " "1, " "1, " "1, " "1, " "1, " "1, " "1, " "1, " "1, " "1, " "1, " "1, " "1, " "1, " "1, " "1, " "1, " "1, " "1, " "1, " "1, " "1, " "1, " "1, " "1, " "1, " "1, " "1, " "1, " "1, " "1, " "1, " "1, " "1, " "1, " "1, " "1, " "1, " "1, " "1, " "1, " "1, " "1, " "1, " "1, " "1, " "1, " "1, " "1, " "1, " "1, " "1, " "1, " "1, " "1, " "1, " "1, " "1, " "1, " "1, " "1, " "1, " "1, " "1, " "1, " "1, " "1, " "1, " "1, " "1, " "1, " "1, " "1, " "1, " "1, " "1, " "1, " "1, " "1, " "1, " "1, " "1, " "1, " "1, " "1, " "1, " "1, " "1, " "1, " "1, " "1, " "1, " "1, " "1, " "1, " "1, " "1, " "1, " "1, " "1, " "1, " "1, " "1, " "1, " "1, " "1, " "1, " "1, " "1, " "1, " "1, " "1, " "1, " "1, " "1, " "1, " "1, " "1, " "1, " "1, " "1, " "1, " "1, " "1, " "1, " "1, " "1, " "1, " "1, " "1, " "1, " "1, " "1, " "1, " "1, " "1, " "1, " "1, " "1, " "1, " "1, " "1, " "1, " "1, " "1, " "1, " "1, " "1, " "1, " "0, " "1, " "1, " "1, " "1, " "1, " "1, " "1, " "1, " "1, " "1, " "1, " "1, " "1, " "1, " "1, " "1, " "1, " "1, " "1, " "1, " "1, " "1, " "1, " "1, " "1, " "1, " "1, " "1, " "1, " "1, " "1, " "1, " "1, " "1, " "1, " "1, " "1, " "1, " "1, " "1, " "1, " "1, " "1, " "1, " "1, " "1, " "1, " "1, " "1, " "1, " "1, " "1, " "1, " "1, " "1, " "1, " "1, " "1, " "1, " "1, " "1, " "1, " "1, " "1, " "1, " "1, " "1, " "1, " "1, " "1, " "1, " "1, " "1, " "1, " "1, " "1, " "1, " "1, " "1, " "1, " "1, " "1, " "1, " "1, " "1, " "1, " "1, " "1, " "1, " "1, " "1, " "1, " "1, " "1, " "1, " "1, " "1, " "1, " "1, " "1, " "1, " "1, " "1, " "1, " "1, " "1, " "1, " "1, " "1, " "1, " "1, " "1, " "1, " "1, " "1, " "1, " "1, " "1, " "1, " "1, " "1, " "1, " "1, " "1, " "1, " "1, " "1, " "1, " "1, " "1, " "1, " "1, " "1, " "1, " "1, " "1, " "1, " "1, " "1, " "1, " "1, " "1, " "1, " "1, " "1, " "1, " "1, " "1, " "1, " "1, " "1, " "1, " "1, " "1, " "1, " "1, " "1, " "1, " "1, " "1, " "1, " "1, " "1, " "1, " "1, " "1, " "1, " "1, " "1, " "1, " "1, " "1, " "1, " "1, " "1, " "1, " "1, " "1, " "1, " "1, " "1, " "1, " "1, " "1, " "1, " "1, " "1, " "1, " "1, " "1, " "1, " "1, " "1, " "1, " "1, " "1, " "1, " "1, " "1, " "1, " "1, " "1, " "1, " "1, " "1, " "1, " "1, " "1, " "1, "204
 "Nei304, 0.041, " "0.015, " "1, " "1, " "1, " "1, " "1, " "1, " "1, " "1, " "1, " "1, " "1, " "1, " "1, " "1, " "1, " "1, " "1, " "1, " "1, " "1, " "1, " "1, " "1, " "1, " "1, " "1, " "1, " "1, " "1, " "1, " "1, " "1, " "1, " "1, " "1, " "1, " "1, " "1, " "1, " "1, " "1, " "1, " "1, " "1, " "1, " "1, " "1, " "1, " "1, " "1, " "1, " "1, " "1, " "1, " "1, " "1, " "1, " "1, " "1, " "1, " "1, " "1, " "1, " "1, " "1, " "1, " "1, " "1, " "1, " "1, " "1, " "1, " "1, " "1, " "1, " "1, " "1, " "1, " "1, " "1, " "1, " "1, " "1, " "1, " "1, " "1, " "1, " "1, " "1, " "1, " "1, " "1, " "1, " "1, " "1, " "1, " "1, " "1, " "1, " "1, " "1, " "1, " "1, " "1, " "1, " "1, " "1, " "1, " "1, " "1, " "1, " "1, " "1, " "1, " "1, " "1, " "1, " "1, " "1, " "1, " "1, " "1, " "1, " "1, " "1, " "1, " "1, " "1, " "1, " "1, " "1, " "1, " "1, " "1, " "1, " "1, " "1, " "1, " "1, " "1, " "1, " "1, " "1, " "1, " "1, " "1, " "1, " "1, " "1, " "1, " "1, " "1, " "1, " "1, " "1, " "1, " "1, " "1, " "1, " "1, " "1, " "1, " "1, " "1, " "1, " "1, " "1, " "1, " "1, " "1, " "1, " "1, " "1, " "1, " "1, " "1, " "1, " "1, " "1, " "1, " "1, " "1, " "1, " "1, " "1, " "1, " "1, " "1, " "1, " "1, " "1, " "1, " "1, " "1, " "1, " "1, " "1, " "1, " "1, " "1, " "1, " "1, " "1, " "1, " "1, " "1, " "1, " "1, " "1, " "1, " "1, " "1, " "1, " "1, " "1, " "1, " "1, " "1, " "1, " "1, " "1, " "1, " "1, " "1, " "1, " "1, " "1, " "1, " "1, " "1, " "1, " "1, " "1, " "1, " "1, " "1, " "1, " "1, " "1, " "1, " "1, " "1, " "1, " "1, " "1, " "1, " "1, " "1, " "1, " "1, " "1, " "1, " "1, " "1, " "1, " "1, " "1, " "1, " "1, " "1, " "1, " "1, " "1, " "1, " "1, " "1, " "1, " "1, " "1, " "1, " "1, " "1, " "1, " "1, " "1, " "1, " "1, " "1, " "1, " "1, " "1, " "1, " "1, " "1, " "1, " "1, " "1, " "1, " "1, " "1, " "1, " "1, " "1, " "1, " "1, " "1, " "1, " "1, " "1, " "1, " "1, " "1, " "1, " "1, " "0, " "1, " "1, " "1, " "1, " "1, " "1, " "1, " "1, " "1, " "1, " "1, " "1, " "1, " "1, " "1, " "1, " "1, " "1, " "1, " "1, " "1, " "1, " "1, " "1, " "1, " "1, " "1, " "1, " "1, " "1, " "1, " "1, " "1, " "1, " "1, " "1, " "1, " "1, " "1, " "1, " "1, " "1, " "1, " "1, " "1, " "1, " "1, " "1, " "1, " "1, " "1, " "1, " "1, " "1, " "1, " "1, " "1, " "1, " "1, " "1, " "1, " "1, " "1, " "1, " "1, " "1, " "1, " "1, " "1, " "1, " "1, " "1, " "1, " "1, " "1, " "1, " "1, " "1, " "1, " "1, " "1, " "1, " "1, " "1, " "1, " "1, " "1, " "1, " "1, " "1, " "1, " "1, " "1, " "1, " "1, " "1, " "1, " "1, " "1, " "1, " "1, " "1, " "1, " "1, " "1, " "1, " "1, " "1, " "1, " "1, " "1, " "1, " "1, " "1, " "1, " "1, " "1, " "1, " "1, " "1, " "1, " "1, " "1, " "1, " "1, " "1, " "1, " "1, " "1, " "1, " "1, " "1, " "1, " "1, " "1, " "1, " "1, " "1, " "1, " "1, " "1, " "1, " "1, " "1, " "1, " "1, " "1, " "1, " "1, " "1, " "1, " "1, " "1, " "1, " "1, " "1, " "1, " "1, " "1, " "1, " "1, " "1, " "1, " "1, " "1, " "1, " "1, " "1, " "1, " "1, " "1, " "1, " "1, " "1, " "1, " "1, " "1, " "1, " "1, " "1, " "1, " "1, " "1, " "1, " "1, " "1, " "1, " "1, " "1, " "1, " "1, " "1, " "1, " "1, " "1, " "1, " "1, " "1, " "1, " "1, " "1, " "1, " "1, " "1, " "1, " "1, " "1, " "1, "204
 "Nei305, 0.298, " "0.015, " "1, " "1, " "1, " "1, " "1, " "1, " "1, " "1, " "1, " "1, " "1, " "1, " "1, " "1, " "1, " "1, " "1, " "1, " "1, " "1, " "1, " "1, " "1, " "1, " "1, " "1, " "1, " "1, " "1, " "1, " "1, " "1, " "1, " "1, " "1, " "1, " "1, " "1, " "1, " "1, " "1, " "1, " "1, " "1, " "1, " "1, " "1, " "1, " "1, " "1, " "1, " "1, " "1, " "1, " "1, " "1, " "1, " "1, " "1, " "1, " "1, " "1, " "1, " "1, " "1, " "1, " "1, " "1, " "1, " "1, " "1, " "1, " "1, " "1, " "1, " "1, " "1, " "1, " "1, " "1, " "1, " "1, " "1, " "1, " "1, " "1, " "1, " "1, " "1, " "1, " "1, " "1, " "1, " "1, " "1, " "1, " "1, " "1, " "1, " "1, " "1, " "1, " "1, " "1, " "1, " "1, " "1, " "1, " "1, " "1, " "1, " "1, " "1, " "1, " "1, " "1, " "1, " "1, " "1, " "1, " "1, " "1, " "1, " "1, " "1, " "1, " "1, " "1, " "1, " "1, " "1, " "1, " "1, " "1, " "1, " "1, " "1, " "1, " "1, " "1, " "1, " "1, " "1, " "1, " "1, " "1, " "1, " "1, " "1, " "1, " "1, " "1, " "1, " "1, " "1, " "1, " "1, " "1, " "1, " "1, " "1, " "1, " "1, " "1, " "1, " "1, " "1, " "1, " "1, " "1, " "1, " "1, " "1, " "1, " "1, " "1, " "1, " "1, " "1, " "1, " "1, " "1, " "1, " "1, " "1, " "1, " "1, " "1, " "1, " "1, " "1, " "1, " "1, " "1, " "1, " "1, " "1, " "1, " "1, " "1, " "1, " "1, " "1, " "1, " "1, " "1, " "1, " "1, " "1, " "1, " "1, " "1, " "1, " "1, " "1, " "1, " "1, " "1, " "1, " "1, " "1, " "1, " "1, " "1, " "1, " "1, " "1, " "1, " "1, " "1, " "1, " "1, " "1, " "1, " "1, " "1, " "1, " "1, " "1, " "1, " "1, " "1, " "1, " "1, " "1, " "1, " "1, " "1, " "1, " "1, " "1, " "1, " "1, " "1, " "1, " "1, " "1, " "1, " "1, " "1, " "1, " "1, " "1, " "1, " "1, " "1, " "1, " "1, " "1, " "1, " "1, " "1, " "1, " "1, " "1, " "1, " "1, " "1, " "1, " "1, " "1, " "1, " "1, " "1, " "1, " "1, " "1, " "1, " "1, " "1, " "1, " "1, " "1, " "1, " "1, " "1, " "1, " "1, " "1, " "1, " "1, " "1, " "1, " "1, " "1, " "0, " "1, " "1, " "1, " "1, " "1, " "1, " "1, " "1, " "1, " "1, " "1, " "1, " "1, " "1, " "1, " "1, " "1, " "1, " "1, " "1, " "1, " "1, " "1, " "1, " "1, " "1, " "1, " "1, " "1, " "1, " "1, " "1, " "1, " "1, " "1, " "1, " "1, " "1, " "1, " "1, " "1, " "1, " "1, " "1, " "1, " "1, " "1, " "1, " "1, " "1, " "1, " "1, " "1, " "1, " "1, " "1, " "1, " "1, " "1, " "1, " "1, " "1, " "1, " "1, " "1, " "1, " "1, " "1, " "1, " "1, " "1, " "1, " "1, " "1, " "1, " "1, " "1, " "1, " "1, " "1, " "1, " "1, " "1, " "1, " "1, " "1, " "1, " "1, " "1, " "1, " "1, " "1, " "1, " "1, " "1, " "1, " "1, " "1, " "1, " "1, " "1, " "1, " "1, " "1, " "1, " "1, " "1, " "1, " "1, " "1, " "1, " "1, " "1, " "1, " "1, " "1, " "1, " "1, " "1, " "1, " "1, " "1, " "1, " "1, " "1, " "1, " "1, " "1, " "1, " "1, " "1, " "1, " "1, " "1, " "1, " "1, " "1, " "1, " "1, " "1, " "1, " "1, " "1, " "1, " "1, " "1, " "1, " "1, " "1, " "1, " "1, " "1, " "1, " "1, " "1, " "1, " "1, " "1, " "1, " "1, " "1, " "1, " "1, " "1, " "1, " "1, " "1, " "1, " "1, " "1, " "1, " "1, " "1, " "1, " "1, " "1, " "1, " "1, " "1, " "1, " "1, " "1, " "1, " "1, " "1, " "1, " "1, " "1, " "1, " "1, " "1, " "1, " "1, " "1, " "1, " "1, " "1, " "1, " "1, " "1, " "1, " "1, " "1, " "1, " "1, " "1, " "1, "204
 "Nei306, 0.231, " "0.015, " "1, " "1, " "1, " "1, " "1, " "1, " "1, " "1, " "1, " "1, " "1, " "1, " "1, " "1, " "1, " "1, " "1, " "1, " "1, " "1, " "1, " "1, " "1, " "1, " "1, " "1, " "1, " "1, " "1, " "1, " "1, " "1, " "1, " "1, " "1, " "1, " "1, " "1, " "1, " "1, " "1, " "1, " "1, " "1, " "1, " "1, " "1, " "1, " "1, " "1, " "1, " "1, " "1, " "1, " "1, " "1, " "1, " "1, " "1, " "1, " "1, " "1, " "1, " "1, " "1, " "1, " "1, " "1, " "1, " "1, " "1, " "1, " "1, " "1, " "1, " "1, " "1, " "1, " "1, " "1, " "1, " "1, " "1, " "1, " "1, " "1, " "1, " "1, " "1, " "1, " "1, " "1, " "1, " "1, " "1, " "1, " "1, " "1, " "1, " "1, " "1, " "1, " "1, " "1, " "1, " "1, " "1, " "1, " "1, " "1, " "1, " "1, " "1, " "1, " "1, " "1, " "1, " "1, " "1, " "1, " "1, " "1, " "1, " "1, " "1, " "1, " "1, " "1, " "1, " "1, " "1, " "1, " "1, " "1, " "1, " "1, " "1, " "1, " "1, " "1, " "1, " "1, " "1, " "1, " "1, " "1, " "1, " "1, " "1, " "1, " "1, " "1, " "1, " "1, " "1, " "1, " "1, " "1, " "1, " "1, " "1, " "1, " "1, " "1, " "1, " "1, " "1, " "1, " "1, " "1, " "1, " "1, " "1, " "1, " "1, " "1, " "1, " "1, " "1, " "1, " "1, " "1, " "1, " "1, " "1, " "1, " "1, " "1, " "1, " "1, " "1, " "1, " "1, " "1, " "1, " "1, " "1, " "1, " "1, " "1, " "1, " "1, " "1, " "1, " "1, " "1, " "1, " "1, " "1, " "1, " "1, " "1, " "1, " "1, " "1, " "1, " "1, " "1, " "1, " "1, " "1, " "1, " "1, " "1, " "1, " "1, " "1, " "1, " "1, " "1, " "1, " "1, " "1, " "1, " "1, " "1, " "1, " "1, " "1, " "1, " "1, " "1, " "1, " "1, " "1, " "1, " "1, " "1, " "1, " "1, " "1, " "1, " "1, " "1, " "1, " "1, " "1, " "1, " "1, " "1, " "1, " "1, " "1, " "1, " "1, " "1, " "1, " "1, " "1, " "1, " "1, " "1, " "1, " "1, " "1, " "1, " "1, " "1, " "1, " "1, " "1, " "1, " "1, " "1, " "1, " "1, " "1, " "1, " "1, " "1, " "1, " "1, " "1, " "1, " "1, " "1, " "1, " "1, " "1, " "1, " "1, " "1, " "1, " "1, " "1, " "1, " "0, " "1, " "1, " "1, " "1, " "1, " "1, " "1, " "1, " "1, " "1, " "1, " "1, " "1, " "1, " "1, " "1, " "1, " "1, " "1, " "1, " "1, " "1, " "1, " "1, " "1, " "1, " "1, " "1, " "1, " "1, " "1, " "1, " "1, " "1, " "1, " "1, " "1, " "1, " "1, " "1, " "1, " "1, " "1, " "1, " "1, " "1, " "1, " "1, " "1, " "1, " "1, " "1, " "1, " "1, " "1, " "1, " "1, " "1, " "1, " "1, " "1, " "1, " "1, " "1, " "1, " "1, " "1, " "1, " "1, " "1, " "1, " "1, " "1, " "1, " "1, " "1, " "1, " "1, " "1, " "1, " "1, " "1, " "1, " "1, " "1, " "1, " "1, " "1, " "1, " "1, " "1, " "1, " "1, " "1, " "1, " "1, " "1, " "1, " "1, " "1, " "1, " "1, " "1, " "1, " "1, " "1, " "1, " "1, " "1, " "1, " "1, " "1, " "1, " "1, " "1, " "1, " "1, " "1, " "1, " "1, " "1, " "1, " "1, " "1, " "1, " "1, " "1, " "1, " "1, " "1, " "1, " "1, " "1, " "1, " "1, " "1, " "1, " "1, " "1, " "1, " "1, " "1, " "1, " "1, " "1, " "1, " "1, " "1, " "1, " "1, " "1, " "1, " "1, " "1, " "1, " "1, " "1, " "1, " "1, " "1, " "1, " "1, " "1, " "1, " "1, " "1, " "1, " "1, " "1, " "1, " "1, " "1, " "1, " "1, " "1, " "1, " "1, " "1, " "1, " "1, " "1, " "1, " "1, " "1, " "1, " "1, " "1, " "1, " "1, " "1, " "1, " "1, " "1, " "1, " "1, " "1, " "1, " "1, " "1, " "1, " "1, " "1, " "1, " "1, " "1, " "1, "204
 "Nei307, 0.39, " "0.015, " "1, " "1, " "1, " "1, " "1, " "1, " "1, " "1, " "1, " "1, " "1, " "1, " "1, " "1, " "1, " "1, " "1, " "1, " "1, " "1, " "1, " "1, " "1, " "1, " "1, " "1, " "1, " "1, " "1, " "1, " "1, " "1, " "1, " "1, " "1, " "1, " "1, " "1, " "1, " "1, " "1, " "1, " "1, " "1, " "1, " "1, " "1, " "1, " "1, " "1, " "1, " "1, " "1, " "1, " "1, " "1, " "1, " "1, " "1, " "1, " "1, " "1, " "1, " "1, " "1, " "1, " "1, " "1, " "1, " "1, " "1, " "1, " "1, " "1, " "1, " "1, " "1, " "1, " "1, " "1, " "1, " "1, " "1, " "1, " "1, " "1, " "1, " "1, " "1, " "1, " "1, " "1, " "1, " "1, " "1, " "1, " "1, " "1, " "1, " "1, " "1, " "1, " "1, " "1, " "1, " "1, " "1, " "1, " "1, " "1, " "1, " "1, " "1, " "1, " "1, " "1, " "1, " "1, " "1, " "1, " "1, " "1, " "1, " "1, " "1, " "1, " "1, " "1, " "1, " "1, " "1, " "1, " "1, " "1, " "1, " "1, " "1, " "1, " "1, " "1, " "1, " "1, " "1, " "1, " "1, " "1, " "1, " "1, " "1, " "1, " "1, " "1, " "1, " "1, " "1, " "1, " "1, " "1, " "1, " "1, " "1, " "1, " "1, " "1, " "1, " "1, " "1, " "1, " "1, " "1, " "1, " "1, " "1, " "1, " "1, " "1, " "1, " "1, " "1, " "1, " "1, " "1, " "1, " "1, " "1, " "1, " "1, " "1, " "1, " "1, " "1, " "1, " "1, " "1, " "1, " "1, " "1, " "1, " "1, " "1, " "1, " "1, " "1, " "1, " "1, " "1, " "1, " "1, " "1, " "1, " "1, " "1, " "1, " "1, " "1, " "1, " "1, " "1, " "1, " "1, " "1, " "1, " "1, " "1, " "1, " "1, " "1, " "1, " "1, " "1, " "1, " "1, " "1, " "1, " "1, " "1, " "1, " "1, " "1, " "1, " "1, " "1, " "1, " "1, " "1, " "1, " "1, " "1, " "1, " "1, " "1, " "1, " "1, " "1, " "1, " "1, " "1, " "1, " "1, " "1, " "1, " "1, " "1, " "1, " "1, " "1, " "1, " "1, " "1, " "1, " "1, " "1, " "1, " "1, " "1, " "1, " "1, " "1, " "1, " "1, " "1, " "1, " "1, " "1, " "1, " "1, " "1, " "1, " "1, " "1, " "1, " "1, " "1, " "1, " "1, " "1, " "1, " "1, " "1, " "1, " "1, " "1, " "1, " "1, " "1, " "1, " "1, " "0, " "1, " "1, " "1, " "1, " "1, " "1, " "1, " "1, " "1, " "1, " "1, " "1, " "1, " "1, " "1, " "1, " "1, " "1, " "1, " "1, " "1, " "1, " "1, " "1, " "1, " "1, " "1, " "1, " "1, " "1, " "1, " "1, " "1, " "1, " "1, " "1, " "1, " "1, " "1, " "1, " "1, " "1, " "1, " "1, " "1, " "1, " "1, " "1, " "1, " "1, " "1, " "1, " "1, " "1, " "1, " "1, " "1, " "1, " "1, " "1, " "1, " "1, " "1, " "1, " "1, " "1, " "1, " "1, " "1, " "1, " "1, " "1, " "1, " "1, " "1, " "1, " "1, " "1, " "1, " "1, " "1, " "1, " "1, " "1, " "1, " "1, " "1, " "1, " "1, " "1, " "1, " "1, " "1, " "1, " "1, " "1, " "1, " "1, " "1, " "1, " "1, " "1, " "1, " "1, " "1, " "1, " "1, " "1, " "1, " "1, " "1, " "1, " "1, " "1, " "1, " "1, " "1, " "1, " "1, " "1, " "1, " "1, " "1, " "1, " "1, " "1, " "1, " "1, " "1, " "1, " "1, " "1, " "1, " "1, " "1, " "1, " "1, " "1, " "1, " "1, " "1, " "1, " "1, " "1, " "1, " "1, " "1, " "1, " "1, " "1, " "1, " "1, " "1, " "1, " "1, " "1, " "1, " "1, " "1, " "1, " "1, " "1, " "1, " "1, " "1, " "1, " "1, " "1, " "1, " "1, " "1, " "1, " "1, " "1, " "1, " "1, " "1, " "1, " "1, " "1, " "1, " "1, " "1, " "1, " "1, " "1, " "1, " "1, " "1, " "1, " "1, " "1, " "1, " "1, " "1, " "1, " "1, " "1, " "1, " "1, " "1, " "1, " "1, " "1, " "1, "204
 "Nei308, 0.236, " "0.015, " "1, " "1, " "1, " "1, " "1, " "1, " "1, " "1, " "1, " "1, " "1, " "1, " "1, " "1, " "1, " "1, " "1, " "1, " "1, " "1, " "1, " "1, " "1, " "1, " "1, " "1, " "1, " "1, " "1, " "1, " "1, " "1, " "1, " "1, " "1, " "1, " "1, " "1, " "1, " "1, " "1, " "1, " "1, " "1, " "1, " "1, " "1, " "1, " "1, " "1, " "1, " "1, " "1, " "1, " "1, " "1, " "1, " "1, " "1, " "1, " "1, " "1, " "1, " "1, " "1, " "1, " "1, " "1, " "1, " "1, " "1, " "1, " "1, " "1, " "1, " "1, " "1, " "1, " "1, " "1, " "1, " "1, " "1, " "1, " "1, " "1, " "1, " "1, " "1, " "1, " "1, " "1, " "1, " "1, " "1, " "1, " "1, " "1, " "1, " "1, " "1, " "1, " "1, " "1, " "1, " "1, " "1, " "1, " "1, " "1, " "1, " "1, " "1, " "1, " "1, " "1, " "1, " "1, " "1, " "1, " "1, " "1, " "1, " "1, " "1, " "1, " "1, " "1, " "1, " "1, " "1, " "1, " "1, " "1, " "1, " "1, " "1, " "1, " "1, " "1, " "1, " "1, " "1, " "1, " "1, " "1, " "1, " "1, " "1, " "1, " "1, " "1, " "1, " "1, " "1, " "1, " "1, " "1, " "1, " "1, " "1, " "1, " "1, " "1, " "1, " "1, " "1, " "1, " "1, " "1, " "1, " "1, " "1, " "1, " "1, " "1, " "1, " "1, " "1, " "1, " "1, " "1, " "1, " "1, " "1, " "1, " "1, " "1, " "1, " "1, " "1, " "1, " "1, " "1, " "1, " "1, " "1, " "1, " "1, " "1, " "1, " "1, " "1, " "1, " "1, " "1, " "1, " "1, " "1, " "1, " "1, " "1, " "1, " "1, " "1, " "1, " "1, " "1, " "1, " "1, " "1, " "1, " "1, " "1, " "1, " "1, " "1, " "1, " "1, " "1, " "1, " "1, " "1, " "1, " "1, " "1, " "1, " "1, " "1, " "1, " "1, " "1, " "1, " "1, " "1, " "1, " "1, " "1, " "1, " "1, " "1, " "1, " "1, " "1, " "1, " "1, " "1, " "1, " "1, " "1, " "1, " "1, " "1, " "1, " "1, " "1, " "1, " "1, " "1, " "1, " "1, " "1, " "1, " "1, " "1, " "1, " "1, " "1, " "1, " "1, " "1, " "1, " "1, " "1, " "1, " "1, " "1, " "1, " "1, " "1, " "1, " "1, " "1, " "1, " "1, " "1, " "1, " "1, " "1, " "1, " "1, " "1, " "1, " "1, " "1, " "1, " "1, " "1, " "0, " "1, " "1, " "1, " "1, " "1, " "1, " "1, " "1, " "1, " "1, " "1, " "1, " "1, " "1, " "1, " "1, " "1, " "1, " "1, " "1, " "1, " "1, " "1, " "1, " "1, " "1, " "1, " "1, " "1, " "1, " "1, " "1, " "1, " "1, " "1, " "1, " "1, " "1, " "1, " "1, " "1, " "1, " "1, " "1, " "1, " "1, " "1, " "1, " "1, " "1, " "1, " "1, " "1, " "1, " "1, " "1, " "1, " "1, " "1, " "1, " "1, " "1, " "1, " "1, " "1, " "1, " "1, " "1, " "1, " "1, " "1, " "1, " "1, " "1, " "1, " "1, " "1, " "1, " "1, " "1, " "1, " "1, " "1, " "1, " "1, " "1, " "1, " "1, " "1, " "1, " "1, " "1, " "1, " "1, " "1, " "1, " "1, " "1, " "1, " "1, " "1, " "1, " "1, " "1, " "1, " "1, " "1, " "1, " "1, " "1, " "1, " "1, " "1, " "1, " "1, " "1, " "1, " "1, " "1, " "1, " "1, " "1, " "1, " "1, " "1, " "1, " "1, " "1, " "1, " "1, " "1, " "1, " "1, " "1, " "1, " "1, " "1, " "1, " "1, " "1, " "1, " "1, " "1, " "1, " "1, " "1, " "1, " "1, " "1, " "1, " "1, " "1, " "1, " "1, " "1, " "1, " "1, " "1, " "1, " "1, " "1, " "1, " "1, " "1, " "1, " "1, " "1, " "1, " "1, " "1, " "1, " "1, " "1, " "1, " "1, " "1, " "1, " "1, " "1, " "1, " "1, " "1, " "1, " "1, " "1, " "1, " "1, " "1, " "1, " "1, " "1, " "1, " "1, " "1, " "1, " "1, " "1, " "1, " "1, " "1, " "1, " "1, " "1, " "1, "204
 "Nei309, 0.099, " "0.015, " "1, " "1, " "1, " "1, " "1, " "1, " "1, " "1, " "1, " "1, " "1, " "1, " "1, " "1, " "1, " "1, " "1, " "1, " "1, " "1, " "1, " "1, " "1, " "1, " "1, " "1, " "1, " "1, " "1, " "1, " "1, " "1, " "1, " "1, " "1, " "1, " "1, " "1, " "1, " "1, " "1, " "1, " "1, " "1, " "1, " "1, " "1, " "1, " "1, " "1, " "1, " "1, " "1, " "1, " "1, " "1, " "1, " "1, " "1, " "1, " "1, " "1, " "1, " "1, " "1, " "1, " "1, " "1, " "1, " "1, " "1, " "1, " "1, " "1, " "1, " "1, " "1, " "1, " "1, " "1, " "1, " "1, " "1, " "1, " "1, " "1, " "1, " "1, " "1, " "1, " "1, " "1, " "1, " "1, " "1, " "1, " "1, " "1, " "1, " "1, " "1, " "1, " "1, " "1, " "1, " "1, " "1, " "1, " "1, " "1, " "1, " "1, " "1, " "1, " "1, " "1, " "1, " "1, " "1, " "1, " "1, " "1, " "1, " "1, " "1, " "1, " "1, " "1, " "1, " "1, " "1, " "1, " "1, " "1, " "1, " "1, " "1, " "1, " "1, " "1, " "1, " "1, " "1, " "1, " "1, " "1, " "1, " "1, " "1, " "1, " "1, " "1, " "1, " "1, " "1, " "1, " "1, " "1, " "1, " "1, " "1, " "1, " "1, " "1, " "1, " "1, " "1, " "1, " "1, " "1, " "1, " "1, " "1, " "1, " "1, " "1, " "1, " "1, " "1, " "1, " "1, " "1, " "1, " "1, " "1, " "1, " "1, " "1, " "1, " "1, " "1, " "1, " "1, " "1, " "1, " "1, " "1, " "1, " "1, " "1, " "1, " "1, " "1, " "1, " "1, " "1, " "1, " "1, " "1, " "1, " "1, " "1, " "1, " "1, " "1, " "1, " "1, " "1, " "1, " "1, " "1, " "1, " "1, " "1, " "1, " "1, " "1, " "1, " "1, " "1, " "1, " "1, " "1, " "1, " "1, " "1, " "1, " "1, " "1, " "1, " "1, " "1, " "1, " "1, " "1, " "1, " "1, " "1, " "1, " "1, " "1, " "1, " "1, " "1, " "1, " "1, " "1, " "1, " "1, " "1, " "1, " "1, " "1, " "1, " "1, " "1, " "1, " "1, " "1, " "1, " "1, " "1, " "1, " "1, " "1, " "1, " "1, " "1, " "1, " "1, " "1, " "1, " "1, " "1, " "1, " "1, " "1, " "1, " "1, " "1, " "1, " "1, " "1, " "1, " "1, " "1, " "1, " "1, " "1, " "1, " "1, " "1, " "1, " "1, " "1, " "1, " "1, " "1, " "1, " "0, " "1, " "1, " "1, " "1, " "1, " "1, " "1, " "1, " "1, " "1, " "1, " "1, " "1, " "1, " "1, " "1, " "1, " "1, " "1, " "1, " "1, " "1, " "1, " "1, " "1, " "1, " "1, " "1, " "1, " "1, " "1, " "1, " "1, " "1, " "1, " "1, " "1, " "1, " "1, " "1, " "1, " "1, " "1, " "1, " "1, " "1, " "1, " "1, " "1, " "1, " "1, " "1, " "1, " "1, " "1, " "1, " "1, " "1, " "1, " "1, " "1, " "1, " "1, " "1, " "1, " "1, " "1, " "1, " "1, " "1, " "1, " "1, " "1, " "1, " "1, " "1, " "1, " "1, " "1, " "1, " "1, " "1, " "1, " "1, " "1, " "1, " "1, " "1, " "1, " "1, " "1, " "1, " "1, " "1, " "1, " "1, " "1, " "1, " "1, " "1, " "1, " "1, " "1, " "1, " "1, " "1, " "1, " "1, " "1, " "1, " "1, " "1, " "1, " "1, " "1, " "1, " "1, " "1, " "1, " "1, " "1, " "1, " "1, " "1, " "1, " "1, " "1, " "1, " "1, " "1, " "1, " "1, " "1, " "1, " "1, " "1, " "1, " "1, " "1, " "1, " "1, " "1, " "1, " "1, " "1, " "1, " "1, " "1, " "1, " "1, " "1, " "1, " "1, " "1, " "1, " "1, " "1, " "1, " "1, " "1, " "1, " "1, " "1, " "1, " "1, " "1, " "1, " "1, " "1, " "1, " "1, " "1, " "1, " "1, " "1, " "1, " "1, " "1, " "1, " "1, " "1, " "1, " "1, " "1, " "1, " "1, " "1, " "1, " "1, " "1, " "1, " "1, " "1, " "1, " "1, " "1, " "1, " "1, " "1, " "1, " "1, " "1, " "1, "204
 "Nei310, 0.049, " "0.015, " "1, " "1, " "1, " "1, " "1, " "1, " "1, " "1, " "1, " "1, " "1, " "1, " "1, " "1, " "1, " "1, " "1, " "1, " "1, " "1, " "1, " "1, " "1, " "1, " "1, " "1, " "1, " "1, " "1, " "1, " "1, " "1, " "1, " "1, " "1, " "1, " "1, " "1, " "1, " "1, " "1, " "1, " "1, " "1, " "1, " "1, " "1, " "1, " "1, " "1, " "1, " "1, " "1, " "1, " "1, " "1, " "1, " "1, " "1, " "1, " "1, " "1, " "1, " "1, " "1, " "1, " "1, " "1, " "1, " "1, " "1, " "1, " "1, " "1, " "1, " "1, " "1, " "1, " "1, " "1, " "1, " "1, " "1, " "1, " "1, " "1, " "1, " "1, " "1, " "1, " "1, " "1, " "1, " "1, " "1, " "1, " "1, " "1, " "1, " "1, " "1, " "1, " "1, " "1, " "1, " "1, " "1, " "1, " "1, " "1, " "1, " "1, " "1, " "1, " "1, " "1, " "1, " "1, " "1, " "1, " "1, " "1, " "1, " "1, " "1, " "1, " "1, " "1, " "1, " "1, " "1, " "1, " "1, " "1, " "1, " "1, " "1, " "1, " "1, " "1, " "1, " "1, " "1, " "1, " "1, " "1, " "1, " "1, " "1, " "1, " "1, " "1, " "1, " "1, " "1, " "1, " "1, " "1, " "1, " "1, " "1, " "1, " "1, " "1, " "1, " "1, " "1, " "1, " "1, " "1, " "1, " "1, " "1, " "1, " "1, " "1, " "1, " "1, " "1, " "1, " "1, " "1, " "1, " "1, " "1, " "1, " "1, " "1, " "1, " "1, " "1, " "1, " "1, " "1, " "1, " "1, " "1, " "1, " "1, " "1, " "1, " "1, " "1, " "1, " "1, " "1, " "1, " "1, " "1, " "1, " "1, " "1, " "1, " "1, " "1, " "1, " "1, " "1, " "1, " "1, " "1, " "1, " "1, " "1, " "1, " "1, " "1, " "1, " "1, " "1, " "1, " "1, " "1, " "1, " "1, " "1, " "1, " "1, " "1, " "1, " "1, " "1, " "1, " "1, " "1, " "1, " "1, " "1, " "1, " "1, " "1, " "1, " "1, " "1, " "1, " "1, " "1, " "1, " "1, " "1, " "1, " "1, " "1, " "1, " "1, " "1, " "1, " "1, " "1, " "1, " "1, " "1, " "1, " "1, " "1, " "1, " "1, " "1, " "1, " "1, " "1, " "1, " "1, " "1, " "1, " "1, " "1, " "1, " "1, " "1, " "1, " "1, " "1, " "1, " "1, " "1, " "1, " "1, " "1, " "1, " "1, " "1, " "1, " "1, " "1, " "1, " "1, " "1, " "1, " "1, " "0, " "1, " "1, " "1, " "1, " "1, " "1, " "1, " "1, " "1, " "1, " "1, " "1, " "1, " "1, " "1, " "1, " "1, " "1, " "1, " "1, " "1, " "1, " "1, " "1, " "1, " "1, " "1, " "1, " "1, " "1, " "1, " "1, " "1, " "1, " "1, " "1, " "1, " "1, " "1, " "1, " "1, " "1, " "1, " "1, " "1, " "1, " "1, " "1, " "1, " "1, " "1, " "1, " "1, " "1, " "1, " "1, " "1, " "1, " "1, " "1, " "1, " "1, " "1, " "1, " "1, " "1, " "1, " "1, " "1, " "1, " "1, " "1, " "1, " "1, " "1, " "1, " "1, " "1, " "1, " "1, " "1, " "1, " "1, " "1, " "1, " "1, " "1, " "1, " "1, " "1, " "1, " "1, " "1, " "1, " "1, " "1, " "1, " "1, " "1, " "1, " "1, " "1, " "1, " "1, " "1, " "1, " "1, " "1, " "1, " "1, " "1, " "1, " "1, " "1, " "1, " "1, " "1, " "1, " "1, " "1, " "1, " "1, " "1, " "1, " "1, " "1, " "1, " "1, " "1, " "1, " "1, " "1, " "1, " "1, " "1, " "1, " "1, " "1, " "1, " "1, " "1, " "1, " "1, " "1, " "1, " "1, " "1, " "1, " "1, " "1, " "1, " "1, " "1, " "1, " "1, " "1, " "1, " "1, " "1, " "1, " "1, " "1, " "1, " "1, " "1, " "1, " "1, " "1, " "1, " "1, " "1, " "1, " "1, " "1, " "1, " "1, " "1, " "1, " "1, " "1, " "1, " "1, " "1, " "1, " "1, " "1, " "1, " "1, " "1, " "1, " "1, " "1, " "1, " "1, " "1, " "1, " "1, " "1, " "1, " "1, " "1, " "1, "204
 "Nei311, 0.093, " "0.015, " "1, " "1, " "1, " "1, " "1, " "1, " "1, " "1, " "1, " "1, " "1, " "1, " "1, " "1, " "1, " "1, " "1, " "1, " "1, " "1, " "1, " "1, " "1, " "1, " "1, " "1, " "1, " "1, " "1, " "1, " "1, " "1, " "1, " "1, " "1, " "1, " "1, " "1, " "1, " "1, " "1, " "1, " "1, " "1, " "1, " "1, " "1, " "1, " "1, " "1, " "1, " "1, " "1, " "1, " "1, " "1, " "1, " "1, " "1, " "1, " "1, " "1, " "1, " "1, " "1, " "1, " "1, " "1, " "1, " "1, " "1, " "1, " "1, " "1, " "1, " "1, " "1, " "1, " "1, " "1, " "1, " "1, " "1, " "1, " "1, " "1, " "1, " "1, " "1, " "1, " "1, " "1, " "1, " "1, " "1, " "1, " "1, " "1, " "1, " "1, " "1, " "1, " "1, " "1, " "1, " "1, " "1, " "1, " "1, " "1, " "1, " "1, " "1, " "1, " "1, " "1, " "1, " "1, " "1, " "1, " "1, " "1, " "1, " "1, " "1, " "1, " "1, " "1, " "1, " "1, " "1, " "1, " "1, " "1, " "1, " "1, " "1, " "1, " "1, " "1, " "1, " "1, " "1, " "1, " "1, " "1, " "1, " "1, " "1, " "1, " "1, " "1, " "1, " "1, " "1, " "1, " "1, " "1, " "1, " "1, " "1, " "1, " "1, " "1, " "1, " "1, " "1, " "1, " "1, " "1, " "1, " "1, " "1, " "1, " "1, " "1, " "1, " "1, " "1, " "1, " "1, " "1, " "1, " "1, " "1, " "1, " "1, " "1, " "1, " "1, " "1, " "1, " "1, " "1, " "1, " "1, " "1, " "1, " "1, " "1, " "1, " "1, " "1, " "1, " "1, " "1, " "1, " "1, " "1, " "1, " "1, " "1, " "1, " "1, " "1, " "1, " "1, " "1, " "1, " "1, " "1, " "1, " "1, " "1, " "1, " "1, " "1, " "1, " "1, " "1, " "1, " "1, " "1, " "1, " "1, " "1, " "1, " "1, " "1, " "1, " "1, " "1, " "1, " "1, " "1, " "1, " "1, " "1, " "1, " "1, " "1, " "1, " "1, " "1, " "1, " "1, " "1, " "1, " "1, " "1, " "1, " "1, " "1, " "1, " "1, " "1, " "1, " "1, " "1, " "1, " "1, " "1, " "1, " "1, " "1, " "1, " "1, " "1, " "1, " "1, " "1, " "1, " "1, " "1, " "1, " "1, " "1, " "1, " "1, " "1, " "1, " "1, " "1, " "1, " "1, " "1, " "1, " "1, " "1, " "1, " "1, " "1, " "1, " "1, " "1, " "1, " "1, " "1, " "1, " "1, " "1, " "0, " "1, " "1, " "1, " "1, " "1, " "1, " "1, " "1, " "1, " "1, " "1, " "1, " "1, " "1, " "1, " "1, " "1, " "1, " "1, " "1, " "1, " "1, " "1, " "1, " "1, " "1, " "1, " "1, " "1, " "1, " "1, " "1, " "1, " "1, " "1, " "1, " "1, " "1, " "1, " "1, " "1, " "1, " "1, " "1, " "1, " "1, " "1, " "1, " "1, " "1, " "1, " "1, " "1, " "1, " "1, " "1, " "1, " "1, " "1, " "1, " "1, " "1, " "1, " "1, " "1, " "1, " "1, " "1, " "1, " "1, " "1, " "1, " "1, " "1, " "1, " "1, " "1, " "1, " "1, " "1, " "1, " "1, " "1, " "1, " "1, " "1, " "1, " "1, " "1, " "1, " "1, " "1, " "1, " "1, " "1, " "1, " "1, " "1, " "1, " "1, " "1, " "1, " "1, " "1, " "1, " "1, " "1, " "1, " "1, " "1, " "1, " "1, " "1, " "1, " "1, " "1, " "1, " "1, " "1, " "1, " "1, " "1, " "1, " "1, " "1, " "1, " "1, " "1, " "1, " "1, " "1, " "1, " "1, " "1, " "1, " "1, " "1, " "1, " "1, " "1, " "1, " "1, " "1, " "1, " "1, " "1, " "1, " "1, " "1, " "1, " "1, " "1, " "1, " "1, " "1, " "1, " "1, " "1, " "1, " "1, " "1, " "1, " "1, " "1, " "1, " "1, " "1, " "1, " "1, " "1, " "1, " "1, " "1, " "1, " "1, " "1, " "1, " "1, " "1, " "1, " "1, " "1, " "1, " "1, " "1, " "1, " "1, " "1, " "1, " "1, " "1, " "1, " "1, " "1, " "1, " "1, " "1, " "1, " "1, " "1, " "1, "204
 "Nei312, 0.226, " "0.015, " "1, " "1, " "1, " "1, " "1, " "1, " "1, " "1, " "1, " "1, " "1, " "1, " "1, " "1, " "1, " "1, " "1, " "1, " "1, " "1, " "1, " "1, " "1, " "1, " "1, " "1, " "1, " "1, " "1, " "1, " "1, " "1, " "1, " "1, " "1, " "1, " "1, " "1, " "1, " "1, " "1, " "1, " "1, " "1, " "1, " "1, " "1, " "1, " "1, " "1, " "1, " "1, " "1, " "1, " "1, " "1, " "1, " "1, " "1, " "1, " "1, " "1, " "1, " "1, " "1, " "1, " "1, " "1, " "1, " "1, " "1, " "1, " "1, " "1, " "1, " "1, " "1, " "1, " "1, " "1, " "1, " "1, " "1, " "1, " "1, " "1, " "1, " "1, " "1, " "1, " "1, " "1, " "1, " "1, " "1, " "1, " "1, " "1, " "1, " "1, " "1, " "1, " "1, " "1, " "1, " "1, " "1, " "1, " "1, " "1, " "1, " "1, " "1, " "1, " "1, " "1, " "1, " "1, " "1, " "1, " "1, " "1, " "1, " "1, " "1, " "1, " "1, " "1, " "1, " "1, " "1, " "1, " "1, " "1, " "1, " "1, " "1, " "1, " "1, " "1, " "1, " "1, " "1, " "1, " "1, " "1, " "1, " "1, " "1, " "1, " "1, " "1, " "1, " "1, " "1, " "1, " "1, " "1, " "1, " "1, " "1, " "1, " "1, " "1, " "1, " "1, " "1, " "1, " "1, " "1, " "1, " "1, " "1, " "1, " "1, " "1, " "1, " "1, " "1, " "1, " "1, " "1, " "1, " "1, " "1, " "1, " "1, " "1, " "1, " "1, " "1, " "1, " "1, " "1, " "1, " "1, " "1, " "1, " "1, " "1, " "1, " "1, " "1, " "1, " "1, " "1, " "1, " "1, " "1, " "1, " "1, " "1, " "1, " "1, " "1, " "1, " "1, " "1, " "1, " "1, " "1, " "1, " "1, " "1, " "1, " "1, " "1, " "1, " "1, " "1, " "1, " "1, " "1, " "1, " "1, " "1, " "1, " "1, " "1, " "1, " "1, " "1, " "1, " "1, " "1, " "1, " "1, " "1, " "1, " "1, " "1, " "1, " "1, " "1, " "1, " "1, " "1, " "1, " "1, " "1, " "1, " "1, " "1, " "1, " "1, " "1, " "1, " "1, " "1, " "1, " "1, " "1, " "1, " "1, " "1, " "1, " "1, " "1, " "1, " "1, " "1, " "1, " "1, " "1, " "1, " "1, " "1, " "1, " "1, " "1, " "1, " "1, " "1, " "1, " "1, " "1, " "1, " "1, " "1, " "1, " "1, " "1, " "1, " "1, " "1, " "1, " "1, " "1, " "1, " "1, " "1, " "1, " "0, " "1, " "1, " "1, " "1, " "1, " "1, " "1, " "1, " "1, " "1, " "1, " "1, " "1, " "1, " "1, " "1, " "1, " "1, " "1, " "1, " "1, " "1, " "1, " "1, " "1, " "1, " "1, " "1, " "1, " "1, " "1, " "1, " "1, " "1, " "1, " "1, " "1, " "1, " "1, " "1, " "1, " "1, " "1, " "1, " "1, " "1, " "1, " "1, " "1, " "1, " "1, " "1, " "1, " "1, " "1, " "1, " "1, " "1, " "1, " "1, " "1, " "1, " "1, " "1, " "1, " "1, " "1, " "1, " "1, " "1, " "1, " "1, " "1, " "1, " "1, " "1, " "1, " "1, " "1, " "1, " "1, " "1, " "1, " "1, " "1, " "1, " "1, " "1, " "1, " "1, " "1, " "1, " "1, " "1, " "1, " "1, " "1, " "1, " "1, " "1, " "1, " "1, " "1, " "1, " "1, " "1, " "1, " "1, " "1, " "1, " "1, " "1, " "1, " "1, " "1, " "1, " "1, " "1, " "1, " "1, " "1, " "1, " "1, " "1, " "1, " "1, " "1, " "1, " "1, " "1, " "1, " "1, " "1, " "1, " "1, " "1, " "1, " "1, " "1, " "1, " "1, " "1, " "1, " "1, " "1, " "1, " "1, " "1, " "1, " "1, " "1, " "1, " "1, " "1, " "1, " "1, " "1, " "1, " "1, " "1, " "1, " "1, " "1, " "1, " "1, " "1, " "1, " "1, " "1, " "1, " "1, " "1, " "1, " "1, " "1, " "1, " "1, " "1, " "1, " "1, " "1, " "1, " "1, " "1, " "1, " "1, " "1, " "1, " "1, " "1, " "1, " "1, " "1, " "1, " "1, " "1, " "1, " "1, " "1, " "1, "204
 "Nei313, 0.312, " "0.015, " "1, " "1, " "1, " "1, " "1, " "1, " "1, " "1, " "1, " "1, " "1, " "1, " "1, " "1, " "1, " "1, " "1, " "1, " "1, " "1, " "1, " "1, " "1, " "1, " "1, " "1, " "1, " "1, " "1, " "1, " "1, " "1, " "1, " "1, " "1, " "1, " "1, " "1, " "1, " "1, " "1, " "1, " "1, " "1, " "1, " "1, " "1, " "1, " "1, " "1, " "1, " "1, " "1, " "1, " "1, " "1, " "1, " "1, " "1, " "1, " "1, " "1, " "1, " "1, " "1, " "1, " "1, " "1, " "1, " "1, " "1, " "1, " "1, " "1, " "1, " "1, " "1, " "1, " "1, " "1, " "1, " "1, " "1, " "1, " "1, " "1, " "1, " "1, " "1, " "1, " "1, " "1, " "1, " "1, " "1, " "1, " "1, " "1, " "1, " "1, " "1, " "1, " "1, " "1, " "1, " "1, " "1, " "1, " "1, " "1, " "1, " "1, " "1, " "1, " "1, " "1, " "1, " "1, " "1, " "1, " "1, " "1, " "1, " "1, " "1, " "1, " "1, " "1, " "1, " "1, " "1, " "1, " "1, " "1, " "1, " "1, " "1, " "1, " "1, " "1, " "1, " "1, " "1, " "1, " "1, " "1, " "1, " "1, " "1, " "1, " "1, " "1, " "1, " "1, " "1, " "1, " "1, " "1, " "1, " "1, " "1, " "1, " "1, " "1, " "1, " "1, " "1, " "1, " "1, " "1, " "1, " "1, " "1, " "1, " "1, " "1, " "1, " "1, " "1, " "1, " "1, " "1, " "1, " "1, " "1, " "1, " "1, " "1, " "1, " "1, " "1, " "1, " "1, " "1, " "1, " "1, " "1, " "1, " "1, " "1, " "1, " "1, " "1, " "1, " "1, " "1, " "1, " "1, " "1, " "1, " "1, " "1, " "1, " "1, " "1, " "1, " "1, " "1, " "1, " "1, " "1, " "1, " "1, " "1, " "1, " "1, " "1, " "1, " "1, " "1, " "1, " "1, " "1, " "1, " "1, " "1, " "1, " "1, " "1, " "1, " "1, " "1, " "1, " "1, " "1, " "1, " "1, " "1, " "1, " "1, " "1, " "1, " "1, " "1, " "1, " "1, " "1, " "1, " "1, " "1, " "1, " "1, " "1, " "1, " "1, " "1, " "1, " "1, " "1, " "1, " "1, " "1, " "1, " "1, " "1, " "1, " "1, " "1, " "1, " "1, " "1, " "1, " "1, " "1, " "1, " "1, " "1, " "1, " "1, " "1, " "1, " "1, " "1, " "1, " "1, " "1, " "1, " "1, " "1, " "1, " "1, " "1, " "1, " "1, " "1, " "1, " "1, " "1, " "1, " "1, " "1, " "1, " "1, " "0, " "1, " "1, " "1, " "1, " "1, " "1, " "1, " "1, " "1, " "1, " "1, " "1, " "1, " "1, " "1, " "1, " "1, " "1, " "1, " "1, " "1, " "1, " "1, " "1, " "1, " "1, " "1, " "1, " "1, " "1, " "1, " "1, " "1, " "1, " "1, " "1, " "1, " "1, " "1, " "1, " "1, " "1, " "1, " "1, " "1, " "1, " "1, " "1, " "1, " "1, " "1, " "1, " "1, " "1, " "1, " "1, " "1, " "1, " "1, " "1, " "1, " "1, " "1, " "1, " "1, " "1, " "1, " "1, " "1, " "1, " "1, " "1, " "1, " "1, " "1, " "1, " "1, " "1, " "1, " "1, " "1, " "1, " "1, " "1, " "1, " "1, " "1, " "1, " "1, " "1, " "1, " "1, " "1, " "1, " "1, " "1, " "1, " "1, " "1, " "1, " "1, " "1, " "1, " "1, " "1, " "1, " "1, " "1, " "1, " "1, " "1, " "1, " "1, " "1, " "1, " "1, " "1, " "1, " "1, " "1, " "1, " "1, " "1, " "1, " "1, " "1, " "1, " "1, " "1, " "1, " "1, " "1, " "1, " "1, " "1, " "1, " "1, " "1, " "1, " "1, " "1, " "1, " "1, " "1, " "1, " "1, " "1, " "1, " "1, " "1, " "1, " "1, " "1, " "1, " "1, " "1, " "1, " "1, " "1, " "1, " "1, " "1, " "1, " "1, " "1, " "1, " "1, " "1, " "1, " "1, " "1, " "1, " "1, " "1, " "1, " "1, " "1, " "1, " "1, " "1, " "1, " "1, " "1, " "1, " "1, " "1, " "1, " "1, " "1, " "1, " "1, " "1, " "1, " "1, " "1, " "1, " "1, " "1, " "1, "204
 "Nei314, 0.072, " "0.015, " "1, " "1, " "1, " "1, " "1, " "1, " "1, " "1, " "1, " "1, " "1, " "1, " "1, " "1, " "1, " "1, " "1, " "1, " "1, " "1, " "1, " "1, " "1, " "1, " "1, " "1, " "1, " "1, " "1, " "1, " "1, " "1, " "1, " "1, " "1, " "1, " "1, " "1, " "1, " "1, " "1, " "1, " "1, " "1, " "1, " "1, " "1, " "1, " "1, " "1, " "1, " "1, " "1, " "1, " "1, " "1, " "1, " "1, " "1, " "1, " "1, " "1, " "1, " "1, " "1, " "1, " "1, " "1, " "1, " "1, " "1, " "1, " "1, " "1, " "1, " "1, " "1, " "1, " "1, " "1, " "1, " "1, " "1, " "1, " "1, " "1, " "1, " "1, " "1, " "1, " "1, " "1, " "1, " "1, " "1, " "1, " "1, " "1, " "1, " "1, " "1, " "1, " "1, " "1, " "1, " "1, " "1, " "1, " "1, " "1, " "1, " "1, " "1, " "1, " "1, " "1, " "1, " "1, " "1, " "1, " "1, " "1, " "1, " "1, " "1, " "1, " "1, " "1, " "1, " "1, " "1, " "1, " "1, " "1, " "1, " "1, " "1, " "1, " "1, " "1, " "1, " "1, " "1, " "1, " "1, " "1, " "1, " "1, " "1, " "1, " "1, " "1, " "1, " "1, " "1, " "1, " "1, " "1, " "1, " "1, " "1, " "1, " "1, " "1, " "1, " "1, " "1, " "1, " "1, " "1, " "1, " "1, " "1, " "1, " "1, " "1, " "1, " "1, " "1, " "1, " "1, " "1, " "1, " "1, " "1, " "1, " "1, " "1, " "1, " "1, " "1, " "1, " "1, " "1, " "1, " "1, " "1, " "1, " "1, " "1, " "1, " "1, " "1, " "1, " "1, " "1, " "1, " "1, " "1, " "1, " "1, " "1, " "1, " "1, " "1, " "1, " "1, " "1, " "1, " "1, " "1, " "1, " "1, " "1, " "1, " "1, " "1, " "1, " "1, " "1, " "1, " "1, " "1, " "1, " "1, " "1, " "1, " "1, " "1, " "1, " "1, " "1, " "1, " "1, " "1, " "1, " "1, " "1, " "1, " "1, " "1, " "1, " "1, " "1, " "1, " "1, " "1, " "1, " "1, " "1, " "1, " "1, " "1, " "1, " "1, " "1, " "1, " "1, " "1, " "1, " "1, " "1, " "1, " "1, " "1, " "1, " "1, " "1, " "1, " "1, " "1, " "1, " "1, " "1, " "1, " "1, " "1, " "1, " "1, " "1, " "1, " "1, " "1, " "1, " "1, " "1, " "1, " "1, " "1, " "1, " "1, " "1, " "1, " "1, " "1, " "1, " "1, " "1, " "1, " "1, " "1, " "1, " "1, " "1, " "0, " "1, " "1, " "1, " "1, " "1, " "1, " "1, " "1, " "1, " "1, " "1, " "1, " "1, " "1, " "1, " "1, " "1, " "1, " "1, " "1, " "1, " "1, " "1, " "1, " "1, " "1, " "1, " "1, " "1, " "1, " "1, " "1, " "1, " "1, " "1, " "1, " "1, " "1, " "1, " "1, " "1, " "1, " "1, " "1, " "1, " "1, " "1, " "1, " "1, " "1, " "1, " "1, " "1, " "1, " "1, " "1, " "1, " "1, " "1, " "1, " "1, " "1, " "1, " "1, " "1, " "1, " "1, " "1, " "1, " "1, " "1, " "1, " "1, " "1, " "1, " "1, " "1, " "1, " "1, " "1, " "1, " "1, " "1, " "1, " "1, " "1, " "1, " "1, " "1, " "1, " "1, " "1, " "1, " "1, " "1, " "1, " "1, " "1, " "1, " "1, " "1, " "1, " "1, " "1, " "1, " "1, " "1, " "1, " "1, " "1, " "1, " "1, " "1, " "1, " "1, " "1, " "1, " "1, " "1, " "1, " "1, " "1, " "1, " "1, " "1, " "1, " "1, " "1, " "1, " "1, " "1, " "1, " "1, " "1, " "1, " "1, " "1, " "1, " "1, " "1, " "1, " "1, " "1, " "1, " "1, " "1, " "1, " "1, " "1, " "1, " "1, " "1, " "1, " "1, " "1, " "1, " "1, " "1, " "1, " "1, " "1, " "1, " "1, " "1, " "1, " "1, " "1, " "1, " "1, " "1, " "1, " "1, " "1, " "1, " "1, " "1, " "1, " "1, " "1, " "1, " "1, " "1, " "1, " "1, " "1, " "1, " "1, " "1, " "1, " "1, " "1, " "1, " "1, " "1, " "1, " "1, " "1, " "1, "204
 "Nei315, 0.288, " "0.015, " "1, " "1, " "1, " "1, " "1, " "1, " "1, " "1, " "1, " "1, " "1, " "1, " "1, " "1, " "1, " "1, " "1, " "1, " "1, " "1, " "1, " "1, " "1, " "1, " "1, " "1, " "1, " "1, " "1, " "1, " "1, " "1, " "1, " "1, " "1, " "1, " "1, " "1, " "1, " "1, " "1, " "1, " "1, " "1, " "1, " "1, " "1, " "1, " "1, " "1, " "1, " "1, " "1, " "1, " "1, " "1, " "1, " "1, " "1, " "1, " "1, " "1, " "1, " "1, " "1, " "1, " "1, " "1, " "1, " "1, " "1, " "1, " "1, " "1, " "1, " "1, " "1, " "1, " "1, " "1, " "1, " "1, " "1, " "1, " "1, " "1, " "1, " "1, " "1, " "1, " "1, " "1, " "1, " "1, " "1, " "1, " "1, " "1, " "1, " "1, " "1, " "1, " "1, " "1, " "1, " "1, " "1, " "1, " "1, " "1, " "1, " "1, " "1, " "1, " "1, " "1, " "1, " "1, " "1, " "1, " "1, " "1, " "1, " "1, " "1, " "1, " "1, " "1, " "1, " "1, " "1, " "1, " "1, " "1, " "1, " "1, " "1, " "1, " "1, " "1, " "1, " "1, " "1, " "1, " "1, " "1, " "1, " "1, " "1, " "1, " "1, " "1, " "1, " "1, " "1, " "1, " "1, " "1, " "1, " "1, " "1, " "1, " "1, " "1, " "1, " "1, " "1, " "1, " "1, " "1, " "1, " "1, " "1, " "1, " "1, " "1, " "1, " "1, " "1, " "1, " "1, " "1, " "1, " "1, " "1, " "1, " "1, " "1, " "1, " "1, " "1, " "1, " "1, " "1, " "1, " "1, " "1, " "1, " "1, " "1, " "1, " "1, " "1, " "1, " "1, " "1, " "1, " "1, " "1, " "1, " "1, " "1, " "1, " "1, " "1, " "1, " "1, " "1, " "1, " "1, " "1, " "1, " "1, " "1, " "1, " "1, " "1, " "1, " "1, " "1, " "1, " "1, " "1, " "1, " "1, " "1, " "1, " "1, " "1, " "1, " "1, " "1, " "1, " "1, " "1, " "1, " "1, " "1, " "1, " "1, " "1, " "1, " "1, " "1, " "1, " "1, " "1, " "1, " "1, " "1, " "1, " "1, " "1, " "1, " "1, " "1, " "1, " "1, " "1, " "1, " "1, " "1, " "1, " "1, " "1, " "1, " "1, " "1, " "1, " "1, " "1, " "1, " "1, " "1, " "1, " "1, " "1, " "1, " "1, " "1, " "1, " "1, " "1, " "1, " "1, " "1, " "1, " "1, " "1, " "1, " "1, " "1, " "1, " "1, " "1, " "1, " "1, " "1, " "1, " "1, " "1, " "1, " "1, " "1, " "1, " "0, " "1, " "1, " "1, " "1, " "1, " "1, " "1, " "1, " "1, " "1, " "1, " "1, " "1, " "1, " "1, " "1, " "1, " "1, " "1, " "1, " "1, " "1, " "1, " "1, " "1, " "1, " "1, " "1, " "1, " "1, " "1, " "1, " "1, " "1, " "1, " "1, " "1, " "1, " "1, " "1, " "1, " "1, " "1, " "1, " "1, " "1, " "1, " "1, " "1, " "1, " "1, " "1, " "1, " "1, " "1, " "1, " "1, " "1, " "1, " "1, " "1, " "1, " "1, " "1, " "1, " "1, " "1, " "1, " "1, " "1, " "1, " "1, " "1, " "1, " "1, " "1, " "1, " "1, " "1, " "1, " "1, " "1, " "1, " "1, " "1, " "1, " "1, " "1, " "1, " "1, " "1, " "1, " "1, " "1, " "1, " "1, " "1, " "1, " "1, " "1, " "1, " "1, " "1, " "1, " "1, " "1, " "1, " "1, " "1, " "1, " "1, " "1, " "1, " "1, " "1, " "1, " "1, " "1, " "1, " "1, " "1, " "1, " "1, " "1, " "1, " "1, " "1, " "1, " "1, " "1, " "1, " "1, " "1, " "1, " "1, " "1, " "1, " "1, " "1, " "1, " "1, " "1, " "1, " "1, " "1, " "1, " "1, " "1, " "1, " "1, " "1, " "1, " "1, " "1, " "1, " "1, " "1, " "1, " "1, " "1, " "1, " "1, " "1, " "1, " "1, " "1, " "1, " "1, " "1, " "1, " "1, " "1, " "1, " "1, " "1, " "1, " "1, " "1, " "1, " "1, " "1, " "1, " "1, " "1, " "1, " "1, " "1, " "1, " "1, " "1, " "1, " "1, " "1, " "1, " "1, " "1, " "1, "204
 "Nei316, 0.398, " "0.015, " "1, " "1, " "1, " "1, " "1, " "1, " "1, " "1, " "1, " "1, " "1, " "1, " "1, " "1, " "1, " "1, " "1, " "1, " "1, " "1, " "1, " "1, " "1, " "1, " "1, " "1, " "1, " "1, " "1, " "1, " "1, " "1, " "1, " "1, " "1, " "1, " "1, " "1, " "1, " "1, " "1, " "1, " "1, " "1, " "1, " "1, " "1, " "1, " "1, " "1, " "1, " "1, " "1, " "1, " "1, " "1, " "1, " "1, " "1, " "1, " "1, " "1, " "1, " "1, " "1, " "1, " "1, " "1, " "1, " "1, " "1, " "1, " "1, " "1, " "1, " "1, " "1, " "1, " "1, " "1, " "1, " "1, " "1, " "1, " "1, " "1, " "1, " "1, " "1, " "1, " "1, " "1, " "1, " "1, " "1, " "1, " "1, " "1, " "1, " "1, " "1, " "1, " "1, " "1, " "1, " "1, " "1, " "1, " "1, " "1, " "1, " "1, " "1, " "1, " "1, " "1, " "1, " "1, " "1, " "1, " "1, " "1, " "1, " "1, " "1, " "1, " "1, " "1, " "1, " "1, " "1, " "1, " "1, " "1, " "1, " "1, " "1, " "1, " "1, " "1, " "1, " "1, " "1, " "1, " "1, " "1, " "1, " "1, " "1, " "1, " "1, " "1, " "1, " "1, " "1, " "1, " "1, " "1, " "1, " "1, " "1, " "1, " "1, " "1, " "1, " "1, " "1, " "1, " "1, " "1, " "1, " "1, " "1, " "1, " "1, " "1, " "1, " "1, " "1, " "1, " "1, " "1, " "1, " "1, " "1, " "1, " "1, " "1, " "1, " "1, " "1, " "1, " "1, " "1, " "1, " "1, " "1, " "1, " "1, " "1, " "1, " "1, " "1, " "1, " "1, " "1, " "1, " "1, " "1, " "1, " "1, " "1, " "1, " "1, " "1, " "1, " "1, " "1, " "1, " "1, " "1, " "1, " "1, " "1, " "1, " "1, " "1, " "1, " "1, " "1, " "1, " "1, " "1, " "1, " "1, " "1, " "1, " "1, " "1, " "1, " "1, " "1, " "1, " "1, " "1, " "1, " "1, " "1, " "1, " "1, " "1, " "1, " "1, " "1, " "1, " "1, " "1, " "1, " "1, " "1, " "1, " "1, " "1, " "1, " "1, " "1, " "1, " "1, " "1, " "1, " "1, " "1, " "1, " "1, " "1, " "1, " "1, " "1, " "1, " "1, " "1, " "1, " "1, " "1, " "1, " "1, " "1, " "1, " "1, " "1, " "1, " "1, " "1, " "1, " "1, " "1, " "1, " "1, " "1, " "1, " "1, " "1, " "1, " "1, " "1, " "1, " "1, " "1, " "1, " "1, " "1, " "1, " "1, " "1, " "1, " "1, " "0, " "1, " "1, " "1, " "1, " "1, " "1, " "1, " "1, " "1, " "1, " "1, " "1, " "1, " "1, " "1, " "1, " "1, " "1, " "1, " "1, " "1, " "1, " "1, " "1, " "1, " "1, " "1, " "1, " "1, " "1, " "1, " "1, " "1, " "1, " "1, " "1, " "1, " "1, " "1, " "1, " "1, " "1, " "1, " "1, " "1, " "1, " "1, " "1, " "1, " "1, " "1, " "1, " "1, " "1, " "1, " "1, " "1, " "1, " "1, " "1, " "1, " "1, " "1, " "1, " "1, " "1, " "1, " "1, " "1, " "1, " "1, " "1, " "1, " "1, " "1, " "1, " "1, " "1, " "1, " "1, " "1, " "1, " "1, " "1, " "1, " "1, " "1, " "1, " "1, " "1, " "1, " "1, " "1, " "1, " "1, " "1, " "1, " "1, " "1, " "1, " "1, " "1, " "1, " "1, " "1, " "1, " "1, " "1, " "1, " "1, " "1, " "1, " "1, " "1, " "1, " "1, " "1, " "1, " "1, " "1, " "1, " "1, " "1, " "1, " "1, " "1, " "1, " "1, " "1, " "1, " "1, " "1, " "1, " "1, " "1, " "1, " "1, " "1, " "1, " "1, " "1, " "1, " "1, " "1, " "1, " "1, " "1, " "1, " "1, " "1, " "1, " "1, " "1, " "1, " "1, " "1, " "1, " "1, " "1, " "1, " "1, " "1, " "1, " "1, " "1, " "1, " "1, " "1, " "1, " "1, " "1, " "1, " "1, " "1, " "1, " "1, " "1, " "1, " "1, " "1, " "1, " "1, " "1, " "1, " "1, " "1, " "1, " "1, " "1, " "1, " "1, " "1, " "1, " "1, " "1, " "1, "204
 "Nei317, 0.19, " "0.015, " "1, " "1, " "1, " "1, " "1, " "1, " "1, " "1, " "1, " "1, " "1, " "1, " "1, " "1, " "1, " "1, " "1, " "1, " "1, " "1, " "1, " "1, " "1, " "1, " "1, " "1, " "1, " "1, " "1, " "1, " "1, " "1, " "1, " "1, " "1, " "1, " "1, " "1, " "1, " "1, " "1, " "1, " "1, " "1, " "1, " "1, " "1, " "1, " "1, " "1, " "1, " "1, " "1, " "1, " "1, " "1, " "1, " "1, " "1, " "1, " "1, " "1, " "1, " "1, " "1, " "1, " "1, " "1, " "1, " "1, " "1, " "1, " "1, " "1, " "1, " "1, " "1, " "1, " "1, " "1, " "1, " "1, " "1, " "1, " "1, " "1, " "1, " "1, " "1, " "1, " "1, " "1, " "1, " "1, " "1, " "1, " "1, " "1, " "1, " "1, " "1, " "1, " "1, " "1, " "1, " "1, " "1, " "1, " "1, " "1, " "1, " "1, " "1, " "1, " "1, " "1, " "1, " "1, " "1, " "1, " "1, " "1, " "1, " "1, " "1, " "1, " "1, " "1, " "1, " "1, " "1, " "1, " "1, " "1, " "1, " "1, " "1, " "1, " "1, " "1, " "1, " "1, " "1, " "1, " "1, " "1, " "1, " "1, " "1, " "1, " "1, " "1, " "1, " "1, " "1, " "1, " "1, " "1, " "1, " "1, " "1, " "1, " "1, " "1, " "1, " "1, " "1, " "1, " "1, " "1, " "1, " "1, " "1, " "1, " "1, " "1, " "1, " "1, " "1, " "1, " "1, " "1, " "1, " "1, " "1, " "1, " "1, " "1, " "1, " "1, " "1, " "1, " "1, " "1, " "1, " "1, " "1, " "1, " "1, " "1, " "1, " "1, " "1, " "1, " "1, " "1, " "1, " "1, " "1, " "1, " "1, " "1, " "1, " "1, " "1, " "1, " "1, " "1, " "1, " "1, " "1, " "1, " "1, " "1, " "1, " "1, " "1, " "1, " "1, " "1, " "1, " "1, " "1, " "1, " "1, " "1, " "1, " "1, " "1, " "1, " "1, " "1, " "1, " "1, " "1, " "1, " "1, " "1, " "1, " "1, " "1, " "1, " "1, " "1, " "1, " "1, " "1, " "1, " "1, " "1, " "1, " "1, " "1, " "1, " "1, " "1, " "1, " "1, " "1, " "1, " "1, " "1, " "1, " "1, " "1, " "1, " "1, " "1, " "1, " "1, " "1, " "1, " "1, " "1, " "1, " "1, " "1, " "1, " "1, " "1, " "1, " "1, " "1, " "1, " "1, " "1, " "1, " "1, " "1, " "1, " "1, " "1, " "1, " "1, " "1, " "1, " "1, " "1, " "1, " "1, " "1, " "1, " "1, " "1, " "1, " "1, " "1, " "0, " "1, " "1, " "1, " "1, " "1, " "1, " "1, " "1, " "1, " "1, " "1, " "1, " "1, " "1, " "1, " "1, " "1, " "1, " "1, " "1, " "1, " "1, " "1, " "1, " "1, " "1, " "1, " "1, " "1, " "1, " "1, " "1, " "1, " "1, " "1, " "1, " "1, " "1, " "1, " "1, " "1, " "1, " "1, " "1, " "1, " "1, " "1, " "1, " "1, " "1, " "1, " "1, " "1, " "1, " "1, " "1, " "1, " "1, " "1, " "1, " "1, " "1, " "1, " "1, " "1, " "1, " "1, " "1, " "1, " "1, " "1, " "1, " "1, " "1, " "1, " "1, " "1, " "1, " "1, " "1, " "1, " "1, " "1, " "1, " "1, " "1, " "1, " "1, " "1, " "1, " "1, " "1, " "1, " "1, " "1, " "1, " "1, " "1, " "1, " "1, " "1, " "1, " "1, " "1, " "1, " "1, " "1, " "1, " "1, " "1, " "1, " "1, " "1, " "1, " "1, " "1, " "1, " "1, " "1, " "1, " "1, " "1, " "1, " "1, " "1, " "1, " "1, " "1, " "1, " "1, " "1, " "1, " "1, " "1, " "1, " "1, " "1, " "1, " "1, " "1, " "1, " "1, " "1, " "1, " "1, " "1, " "1, " "1, " "1, " "1, " "1, " "1, " "1, " "1, " "1, " "1, " "1, " "1, " "1, " "1, " "1, " "1, " "1, " "1, " "1, " "1, " "1, " "1, " "1, " "1, " "1, " "1, " "1, " "1, " "1, " "1, " "1, " "1, " "1, " "1, " "1, " "1, " "1, " "1, " "1, " "1, " "1, " "1, " "1, " "1, " "1, " "1, " "1, " "1, " "1, "204
 "Nei318, 0.294, " "0.015, " "1, " "1, " "1, " "1, " "1, " "1, " "1, " "1, " "1, " "1, " "1, " "1, " "1, " "1, " "1, " "1, " "1, " "1, " "1, " "1, " "1, " "1, " "1, " "1, " "1, " "1, " "1, " "1, " "1, " "1, " "1, " "1, " "1, " "1, " "1, " "1, " "1, " "1, " "1, " "1, " "1, " "1, " "1, " "1, " "1, " "1, " "1, " "1, " "1, " "1, " "1, " "1, " "1, " "1, " "1, " "1, " "1, " "1, " "1, " "1, " "1, " "1, " "1, " "1, " "1, " "1, " "1, " "1, " "1, " "1, " "1, " "1, " "1, " "1, " "1, " "1, " "1, " "1, " "1, " "1, " "1, " "1, " "1, " "1, " "1, " "1, " "1, " "1, " "1, " "1, " "1, " "1, " "1, " "1, " "1, " "1, " "1, " "1, " "1, " "1, " "1, " "1, " "1, " "1, " "1, " "1, " "1, " "1, " "1, " "1, " "1, " "1, " "1, " "1, " "1, " "1, " "1, " "1, " "1, " "1, " "1, " "1, " "1, " "1, " "1, " "1, " "1, " "1, " "1, " "1, " "1, " "1, " "1, " "1, " "1, " "1, " "1, " "1, " "1, " "1, " "1, " "1, " "1, " "1, " "1, " "1, " "1, " "1, " "1, " "1, " "1, " "1, " "1, " "1, " "1, " "1, " "1, " "1, " "1, " "1, " "1, " "1, " "1, " "1, " "1, " "1, " "1, " "1, " "1, " "1, " "1, " "1, " "1, " "1, " "1, " "1, " "1, " "1, " "1, " "1, " "1, " "1, " "1, " "1, " "1, " "1, " "1, " "1, " "1, " "1, " "1, " "1, " "1, " "1, " "1, " "1, " "1, " "1, " "1, " "1, " "1, " "1, " "1, " "1, " "1, " "1, " "1, " "1, " "1, " "1, " "1, " "1, " "1, " "1, " "1, " "1, " "1, " "1, " "1, " "1, " "1, " "1, " "1, " "1, " "1, " "1, " "1, " "1, " "1, " "1, " "1, " "1, " "1, " "1, " "1, " "1, " "1, " "1, " "1, " "1, " "1, " "1, " "1, " "1, " "1, " "1, " "1, " "1, " "1, " "1, " "1, " "1, " "1, " "1, " "1, " "1, " "1, " "1, " "1, " "1, " "1, " "1, " "1, " "1, " "1, " "1, " "1, " "1, " "1, " "1, " "1, " "1, " "1, " "1, " "1, " "1, " "1, " "1, " "1, " "1, " "1, " "1, " "1, " "1, " "1, " "1, " "1, " "1, " "1, " "1, " "1, " "1, " "1, " "1, " "1, " "1, " "1, " "1, " "1, " "1, " "1, " "1, " "1, " "1, " "1, " "1, " "1, " "1, " "1, " "1, " "1, " "1, " "1, " "1, " "1, " "1, " "1, " "1, " "0, " "1, " "1, " "1, " "1, " "1, " "1, " "1, " "1, " "1, " "1, " "1, " "1, " "1, " "1, " "1, " "1, " "1, " "1, " "1, " "1, " "1, " "1, " "1, " "1, " "1, " "1, " "1, " "1, " "1, " "1, " "1, " "1, " "1, " "1, " "1, " "1, " "1, " "1, " "1, " "1, " "1, " "1, " "1, " "1, " "1, " "1, " "1, " "1, " "1, " "1, " "1, " "1, " "1, " "1, " "1, " "1, " "1, " "1, " "1, " "1, " "1, " "1, " "1, " "1, " "1, " "1, " "1, " "1, " "1, " "1, " "1, " "1, " "1, " "1, " "1, " "1, " "1, " "1, " "1, " "1, " "1, " "1, " "1, " "1, " "1, " "1, " "1, " "1, " "1, " "1, " "1, " "1, " "1, " "1, " "1, " "1, " "1, " "1, " "1, " "1, " "1, " "1, " "1, " "1, " "1, " "1, " "1, " "1, " "1, " "1, " "1, " "1, " "1, " "1, " "1, " "1, " "1, " "1, " "1, " "1, " "1, " "1, " "1, " "1, " "1, " "1, " "1, " "1, " "1, " "1, " "1, " "1, " "1, " "1, " "1, " "1, " "1, " "1, " "1, " "1, " "1, " "1, " "1, " "1, " "1, " "1, " "1, " "1, " "1, " "1, " "1, " "1, " "1, " "1, " "1, " "1, " "1, " "1, " "1, " "1, " "1, " "1, " "1, " "1, " "1, " "1, " "1, " "1, " "1, " "1, " "1, " "1, " "1, " "1, " "1, " "1, " "1, " "1, " "1, " "1, " "1, " "1, " "1, " "1, " "1, " "1, " "1, " "1, " "1, " "1, " "1, " "1, " "1, " "1, "204
 "Nei319, 0.049, " "0.015, " "1, " "1, " "1, " "1, " "1, " "1, " "1, " "1, " "1, " "1, " "1, " "1, " "1, " "1, " "1, " "1, " "1, " "1, " "1, " "1, " "1, " "1, " "1, " "1, " "1, " "1, " "1, " "1, " "1, " "1, " "1, " "1, " "1, " "1, " "1, " "1, " "1, " "1, " "1, " "1, " "1, " "1, " "1, " "1, " "1, " "1, " "1, " "1, " "1, " "1, " "1, " "1, " "1, " "1, " "1, " "1, " "1, " "1, " "1, " "1, " "1, " "1, " "1, " "1, " "1, " "1, " "1, " "1, " "1, " "1, " "1, " "1, " "1, " "1, " "1, " "1, " "1, " "1, " "1, " "1, " "1, " "1, " "1, " "1, " "1, " "1, " "1, " "1, " "1, " "1, " "1, " "1, " "1, " "1, " "1, " "1, " "1, " "1, " "1, " "1, " "1, " "1, " "1, " "1, " "1, " "1, " "1, " "1, " "1, " "1, " "1, " "1, " "1, " "1, " "1, " "1, " "1, " "1, " "1, " "1, " "1, " "1, " "1, " "1, " "1, " "1, " "1, " "1, " "1, " "1, " "1, " "1, " "1, " "1, " "1, " "1, " "1, " "1, " "1, " "1, " "1, " "1, " "1, " "1, " "1, " "1, " "1, " "1, " "1, " "1, " "1, " "1, " "1, " "1, " "1, " "1, " "1, " "1, " "1, " "1, " "1, " "1, " "1, " "1, " "1, " "1, " "1, " "1, " "1, " "1, " "1, " "1, " "1, " "1, " "1, " "1, " "1, " "1, " "1, " "1, " "1, " "1, " "1, " "1, " "1, " "1, " "1, " "1, " "1, " "1, " "1, " "1, " "1, " "1, " "1, " "1, " "1, " "1, " "1, " "1, " "1, " "1, " "1, " "1, " "1, " "1, " "1, " "1, " "1, " "1, " "1, " "1, " "1, " "1, " "1, " "1, " "1, " "1, " "1, " "1, " "1, " "1, " "1, " "1, " "1, " "1, " "1, " "1, " "1, " "1, " "1, " "1, " "1, " "1, " "1, " "1, " "1, " "1, " "1, " "1, " "1, " "1, " "1, " "1, " "1, " "1, " "1, " "1, " "1, " "1, " "1, " "1, " "1, " "1, " "1, " "1, " "1, " "1, " "1, " "1, " "1, " "1, " "1, " "1, " "1, " "1, " "1, " "1, " "1, " "1, " "1, " "1, " "1, " "1, " "1, " "1, " "1, " "1, " "1, " "1, " "1, " "1, " "1, " "1, " "1, " "1, " "1, " "1, " "1, " "1, " "1, " "1, " "1, " "1, " "1, " "1, " "1, " "1, " "1, " "1, " "1, " "1, " "1, " "1, " "1, " "1, " "1, " "1, " "1, " "1, " "1, " "1, " "1, " "1, " "1, " "1, " "1, " "1, " "1, " "0, " "1, " "1, " "1, " "1, " "1, " "1, " "1, " "1, " "1, " "1, " "1, " "1, " "1, " "1, " "1, " "1, " "1, " "1, " "1, " "1, " "1, " "1, " "1, " "1, " "1, " "1, " "1, " "1, " "1, " "1, " "1, " "1, " "1, " "1, " "1, " "1, " "1, " "1, " "1, " "1, " "1, " "1, " "1, " "1, " "1, " "1, " "1, " "1, " "1, " "1, " "1, " "1, " "1, " "1, " "1, " "1, " "1, " "1, " "1, " "1, " "1, " "1, " "1, " "1, " "1, " "1, " "1, " "1, " "1, " "1, " "1, " "1, " "1, " "1, " "1, " "1, " "1, " "1, " "1, " "1, " "1, " "1, " "1, " "1, " "1, " "1, " "1, " "1, " "1, " "1, " "1, " "1, " "1, " "1, " "1, " "1, " "1, " "1, " "1, " "1, " "1, " "1, " "1, " "1, " "1, " "1, " "1, " "1, " "1, " "1, " "1, " "1, " "1, " "1, " "1, " "1, " "1, " "1, " "1, " "1, " "1, " "1, " "1, " "1, " "1, " "1, " "1, " "1, " "1, " "1, " "1, " "1, " "1, " "1, " "1, " "1, " "1, " "1, " "1, " "1, " "1, " "1, " "1, " "1, " "1, " "1, " "1, " "1, " "1, " "1, " "1, " "1, " "1, " "1, " "1, " "1, " "1, " "1, " "1, " "1, " "1, " "1, " "1, " "1, " "1, " "1, " "1, " "1, " "1, " "1, " "1, " "1, " "1, " "1, " "1, " "1, " "1, " "1, " "1, " "1, " "1, " "1, " "1, " "1, " "1, " "1, " "1, " "1, " "1, " "1, " "1, " "1, " "1, "204
 "Nei320, 0.06, " "0.015, " "1, " "1, " "1, " "1, " "1, " "1, " "1, " "1, " "1, " "1, " "1, " "1, " "1, " "1, " "1, " "1, " "1, " "1, " "1, " "1, " "1, " "1, " "1, " "1, " "1, " "1, " "1, " "1, " "1, " "1, " "1, " "1, " "1, " "1, " "1, " "1, " "1, " "1, " "1, " "1, " "1, " "1, " "1, " "1, " "1, " "1, " "1, " "1, " "1, " "1, " "1, " "1, " "1, " "1, " "1, " "1, " "1, " "1, " "1, " "1, " "1, " "1, " "1, " "1, " "1, " "1, " "1, " "1, " "1, " "1, " "1, " "1, " "1, " "1, " "1, " "1, " "1, " "1, " "1, " "1, " "1, " "1, " "1, " "1, " "1, " "1, " "1, " "1, " "1, " "1, " "1, " "1, " "1, " "1, " "1, " "1, " "1, " "1, " "1, " "1, " "1, " "1, " "1, " "1, " "1, " "1, " "1, " "1, " "1, " "1, " "1, " "1, " "1, " "1, " "1, " "1, " "1, " "1, " "1, " "1, " "1, " "1, " "1, " "1, " "1, " "1, " "1, " "1, " "1, " "1, " "1, " "1, " "1, " "1, " "1, " "1, " "1, " "1, " "1, " "1, " "1, " "1, " "1, " "1, " "1, " "1, " "1, " "1, " "1, " "1, " "1, " "1, " "1, " "1, " "1, " "1, " "1, " "1, " "1, " "1, " "1, " "1, " "1, " "1, " "1, " "1, " "1, " "1, " "1, " "1, " "1, " "1, " "1, " "1, " "1, " "1, " "1, " "1, " "1, " "1, " "1, " "1, " "1, " "1, " "1, " "1, " "1, " "1, " "1, " "1, " "1, " "1, " "1, " "1, " "1, " "1, " "1, " "1, " "1, " "1, " "1, " "1, " "1, " "1, " "1, " "1, " "1, " "1, " "1, " "1, " "1, " "1, " "1, " "1, " "1, " "1, " "1, " "1, " "1, " "1, " "1, " "1, " "1, " "1, " "1, " "1, " "1, " "1, " "1, " "1, " "1, " "1, " "1, " "1, " "1, " "1, " "1, " "1, " "1, " "1, " "1, " "1, " "1, " "1, " "1, " "1, " "1, " "1, " "1, " "1, " "1, " "1, " "1, " "1, " "1, " "1, " "1, " "1, " "1, " "1, " "1, " "1, " "1, " "1, " "1, " "1, " "1, " "1, " "1, " "1, " "1, " "1, " "1, " "1, " "1, " "1, " "1, " "1, " "1, " "1, " "1, " "1, " "1, " "1, " "1, " "1, " "1, " "1, " "1, " "1, " "1, " "1, " "1, " "1, " "1, " "1, " "1, " "1, " "1, " "1, " "1, " "1, " "1, " "1, " "1, " "1, " "1, " "1, " "1, " "1, " "1, " "1, " "1, " "1, " "1, " "1, " "1, " "1, " "1, " "1, " "0, " "1, " "1, " "1, " "1, " "1, " "1, " "1, " "1, " "1, " "1, " "1, " "1, " "1, " "1, " "1, " "1, " "1, " "1, " "1, " "1, " "1, " "1, " "1, " "1, " "1, " "1, " "1, " "1, " "1, " "1, " "1, " "1, " "1, " "1, " "1, " "1, " "1, " "1, " "1, " "1, " "1, " "1, " "1, " "1, " "1, " "1, " "1, " "1, " "1, " "1, " "1, " "1, " "1, " "1, " "1, " "1, " "1, " "1, " "1, " "1, " "1, " "1, " "1, " "1, " "1, " "1, " "1, " "1, " "1, " "1, " "1, " "1, " "1, " "1, " "1, " "1, " "1, " "1, " "1, " "1, " "1, " "1, " "1, " "1, " "1, " "1, " "1, " "1, " "1, " "1, " "1, " "1, " "1, " "1, " "1, " "1, " "1, " "1, " "1, " "1, " "1, " "1, " "1, " "1, " "1, " "1, " "1, " "1, " "1, " "1, " "1, " "1, " "1, " "1, " "1, " "1, " "1, " "1, " "1, " "1, " "1, " "1, " "1, " "1, " "1, " "1, " "1, " "1, " "1, " "1, " "1, " "1, " "1, " "1, " "1, " "1, " "1, " "1, " "1, " "1, " "1, " "1, " "1, " "1, " "1, " "1, " "1, " "1, " "1, " "1, " "1, " "1, " "1, " "1, " "1, " "1, " "1, " "1, " "1, " "1, " "1, " "1, " "1, " "1, " "1, " "1, " "1, " "1, " "1, " "1, " "1, " "1, " "1, " "1, " "1, " "1, " "1, " "1, " "1, " "1, " "1, " "1, " "1, " "1, " "1, " "1, " "1, " "1, " "1, " "1, " "1, " "1, "204
 "Nei321, 0.165, " "0.015, " "1, " "1, " "1, " "1, " "1, " "1, " "1, " "1, " "1, " "1, " "1, " "1, " "1, " "1, " "1, " "1, " "1, " "1, " "1, " "1, " "1, " "1, " "1, " "1, " "1, " "1, " "1, " "1, " "1, " "1, " "1, " "1, " "1, " "1, " "1, " "1, " "1, " "1, " "1, " "1, " "1, " "1, " "1, " "1, " "1, " "1, " "1, " "1, " "1, " "1, " "1, " "1, " "1, " "1, " "1, " "1, " "1, " "1, " "1, " "1, " "1, " "1, " "1, " "1, " "1, " "1, " "1, " "1, " "1, " "1, " "1, " "1, " "1, " "1, " "1, " "1, " "1, " "1, " "1, " "1, " "1, " "1, " "1, " "1, " "1, " "1, " "1, " "1, " "1, " "1, " "1, " "1, " "1, " "1, " "1, " "1, " "1, " "1, " "1, " "1, " "1, " "1, " "1, " "1, " "1, " "1, " "1, " "1, " "1, " "1, " "1, " "1, " "1, " "1, " "1, " "1, " "1, " "1, " "1, " "1, " "1, " "1, " "1, " "1, " "1, " "1, " "1, " "1, " "1, " "1, " "1, " "1, " "1, " "1, " "1, " "1, " "1, " "1, " "1, " "1, " "1, " "1, " "1, " "1, " "1, " "1, " "1, " "1, " "1, " "1, " "1, " "1, " "1, " "1, " "1, " "1, " "1, " "1, " "1, " "1, " "1, " "1, " "1, " "1, " "1, " "1, " "1, " "1, " "1, " "1, " "1, " "1, " "1, " "1, " "1, " "1, " "1, " "1, " "1, " "1, " "1, " "1, " "1, " "1, " "1, " "1, " "1, " "1, " "1, " "1, " "1, " "1, " "1, " "1, " "1, " "1, " "1, " "1, " "1, " "1, " "1, " "1, " "1, " "1, " "1, " "1, " "1, " "1, " "1, " "1, " "1, " "1, " "1, " "1, " "1, " "1, " "1, " "1, " "1, " "1, " "1, " "1, " "1, " "1, " "1, " "1, " "1, " "1, " "1, " "1, " "1, " "1, " "1, " "1, " "1, " "1, " "1, " "1, " "1, " "1, " "1, " "1, " "1, " "1, " "1, " "1, " "1, " "1, " "1, " "1, " "1, " "1, " "1, " "1, " "1, " "1, " "1, " "1, " "1, " "1, " "1, " "1, " "1, " "1, " "1, " "1, " "1, " "1, " "1, " "1, " "1, " "1, " "1, " "1, " "1, " "1, " "1, " "1, " "1, " "1, " "1, " "1, " "1, " "1, " "1, " "1, " "1, " "1, " "1, " "1, " "1, " "1, " "1, " "1, " "1, " "1, " "1, " "1, " "1, " "1, " "1, " "1, " "1, " "1, " "1, " "1, " "1, " "1, " "1, " "1, " "1, " "1, " "1, " "1, " "1, " "1, " "1, " "1, " "1, " "1, " "1, " "0, " "1, " "1, " "1, " "1, " "1, " "1, " "1, " "1, " "1, " "1, " "1, " "1, " "1, " "1, " "1, " "1, " "1, " "1, " "1, " "1, " "1, " "1, " "1, " "1, " "1, " "1, " "1, " "1, " "1, " "1, " "1, " "1, " "1, " "1, " "1, " "1, " "1, " "1, " "1, " "1, " "1, " "1, " "1, " "1, " "1, " "1, " "1, " "1, " "1, " "1, " "1, " "1, " "1, " "1, " "1, " "1, " "1, " "1, " "1, " "1, " "1, " "1, " "1, " "1, " "1, " "1, " "1, " "1, " "1, " "1, " "1, " "1, " "1, " "1, " "1, " "1, " "1, " "1, " "1, " "1, " "1, " "1, " "1, " "1, " "1, " "1, " "1, " "1, " "1, " "1, " "1, " "1, " "1, " "1, " "1, " "1, " "1, " "1, " "1, " "1, " "1, " "1, " "1, " "1, " "1, " "1, " "1, " "1, " "1, " "1, " "1, " "1, " "1, " "1, " "1, " "1, " "1, " "1, " "1, " "1, " "1, " "1, " "1, " "1, " "1, " "1, " "1, " "1, " "1, " "1, " "1, " "1, " "1, " "1, " "1, " "1, " "1, " "1, " "1, " "1, " "1, " "1, " "1, " "1, " "1, " "1, " "1, " "1, " "1, " "1, " "1, " "1, " "1, " "1, " "1, " "1, " "1, " "1, " "1, " "1, " "1, " "1, " "1, " "1, " "1, " "1, " "1, " "1, " "1, " "1, " "1, " "1, " "1, " "1, " "1, " "1, " "1, " "1, " "1, " "1, " "1, " "1, " "1, " "1, " "1, " "1, " "1, " "1, " "1, " "1, " "1, "204
 "Nei322, 0.263, " "0.015, " "1, " "1, " "1, " "1, " "1, " "1, " "1, " "1, " "1, " "1, " "1, " "1, " "1, " "1, " "1, " "1, " "1, " "1, " "1, " "1, " "1, " "1, " "1, " "1, " "1, " "1, " "1, " "1, " "1, " "1, " "1, " "1, " "1, " "1, " "1, " "1, " "1, " "1, " "1, " "1, " "1, " "1, " "1, " "1, " "1, " "1, " "1, " "1, " "1, " "1, " "1, " "1, " "1, " "1, " "1, " "1, " "1, " "1, " "1, " "1, " "1, " "1, " "1, " "1, " "1, " "1, " "1, " "1, " "1, " "1, " "1, " "1, " "1, " "1, " "1, " "1, " "1, " "1, " "1, " "1, " "1, " "1, " "1, " "1, " "1, " "1, " "1, " "1, " "1, " "1, " "1, " "1, " "1, " "1, " "1, " "1, " "1, " "1, " "1, " "1, " "1, " "1, " "1, " "1, " "1, " "1, " "1, " "1, " "1, " "1, " "1, " "1, " "1, " "1, " "1, " "1, " "1, " "1, " "1, " "1, " "1, " "1, " "1, " "1, " "1, " "1, " "1, " "1, " "1, " "1, " "1, " "1, " "1, " "1, " "1, " "1, " "1, " "1, " "1, " "1, " "1, " "1, " "1, " "1, " "1, " "1, " "1, " "1, " "1, " "1, " "1, " "1, " "1, " "1, " "1, " "1, " "1, " "1, " "1, " "1, " "1, " "1, " "1, " "1, " "1, " "1, " "1, " "1, " "1, " "1, " "1, " "1, " "1, " "1, " "1, " "1, " "1, " "1, " "1, " "1, " "1, " "1, " "1, " "1, " "1, " "1, " "1, " "1, " "1, " "1, " "1, " "1, " "1, " "1, " "1, " "1, " "1, " "1, " "1, " "1, " "1, " "1, " "1, " "1, " "1, " "1, " "1, " "1, " "1, " "1, " "1, " "1, " "1, " "1, " "1, " "1, " "1, " "1, " "1, " "1, " "1, " "1, " "1, " "1, " "1, " "1, " "1, " "1, " "1, " "1, " "1, " "1, " "1, " "1, " "1, " "1, " "1, " "1, " "1, " "1, " "1, " "1, " "1, " "1, " "1, " "1, " "1, " "1, " "1, " "1, " "1, " "1, " "1, " "1, " "1, " "1, " "1, " "1, " "1, " "1, " "1, " "1, " "1, " "1, " "1, " "1, " "1, " "1, " "1, " "1, " "1, " "1, " "1, " "1, " "1, " "1, " "1, " "1, " "1, " "1, " "1, " "1, " "1, " "1, " "1, " "1, " "1, " "1, " "1, " "1, " "1, " "1, " "1, " "1, " "1, " "1, " "1, " "1, " "1, " "1, " "1, " "1, " "1, " "1, " "1, " "1, " "1, " "1, " "1, " "1, " "1, " "1, " "1, " "1, " "1, " "1, " "1, " "1, " "1, " "1, " "1, " "1, " "0, " "1, " "1, " "1, " "1, " "1, " "1, " "1, " "1, " "1, " "1, " "1, " "1, " "1, " "1, " "1, " "1, " "1, " "1, " "1, " "1, " "1, " "1, " "1, " "1, " "1, " "1, " "1, " "1, " "1, " "1, " "1, " "1, " "1, " "1, " "1, " "1, " "1, " "1, " "1, " "1, " "1, " "1, " "1, " "1, " "1, " "1, " "1, " "1, " "1, " "1, " "1, " "1, " "1, " "1, " "1, " "1, " "1, " "1, " "1, " "1, " "1, " "1, " "1, " "1, " "1, " "1, " "1, " "1, " "1, " "1, " "1, " "1, " "1, " "1, " "1, " "1, " "1, " "1, " "1, " "1, " "1, " "1, " "1, " "1, " "1, " "1, " "1, " "1, " "1, " "1, " "1, " "1, " "1, " "1, " "1, " "1, " "1, " "1, " "1, " "1, " "1, " "1, " "1, " "1, " "1, " "1, " "1, " "1, " "1, " "1, " "1, " "1, " "1, " "1, " "1, " "1, " "1, " "1, " "1, " "1, " "1, " "1, " "1, " "1, " "1, " "1, " "1, " "1, " "1, " "1, " "1, " "1, " "1, " "1, " "1, " "1, " "1, " "1, " "1, " "1, " "1, " "1, " "1, " "1, " "1, " "1, " "1, " "1, " "1, " "1, " "1, " "1, " "1, " "1, " "1, " "1, " "1, " "1, " "1, " "1, " "1, " "1, " "1, " "1, " "1, " "1, " "1, " "1, " "1, " "1, " "1, " "1, " "1, " "1, " "1, " "1, " "1, " "1, " "1, " "1, " "1, " "1, " "1, " "1, " "1, " "1, " "1, " "1, " "1, " "1, "204
 "Nei323, 0.253, " "0.015, " "1, " "1, " "1, " "1, " "1, " "1, " "1, " "1, " "1, " "1, " "1, " "1, " "1, " "1, " "1, " "1, " "1, " "1, " "1, " "1, " "1, " "1, " "1, " "1, " "1, " "1, " "1, " "1, " "1, " "1, " "1, " "1, " "1, " "1, " "1, " "1, " "1, " "1, " "1, " "1, " "1, " "1, " "1, " "1, " "1, " "1, " "1, " "1, " "1, " "1, " "1, " "1, " "1, " "1, " "1, " "1, " "1, " "1, " "1, " "1, " "1, " "1, " "1, " "1, " "1, " "1, " "1, " "1, " "1, " "1, " "1, " "1, " "1, " "1, " "1, " "1, " "1, " "1, " "1, " "1, " "1, " "1, " "1, " "1, " "1, " "1, " "1, " "1, " "1, " "1, " "1, " "1, " "1, " "1, " "1, " "1, " "1, " "1, " "1, " "1, " "1, " "1, " "1, " "1, " "1, " "1, " "1, " "1, " "1, " "1, " "1, " "1, " "1, " "1, " "1, " "1, " "1, " "1, " "1, " "1, " "1, " "1, " "1, " "1, " "1, " "1, " "1, " "1, " "1, " "1, " "1, " "1, " "1, " "1, " "1, " "1, " "1, " "1, " "1, " "1, " "1, " "1, " "1, " "1, " "1, " "1, " "1, " "1, " "1, " "1, " "1, " "1, " "1, " "1, " "1, " "1, " "1, " "1, " "1, " "1, " "1, " "1, " "1, " "1, " "1, " "1, " "1, " "1, " "1, " "1, " "1, " "1, " "1, " "1, " "1, " "1, " "1, " "1, " "1, " "1, " "1, " "1, " "1, " "1, " "1, " "1, " "1, " "1, " "1, " "1, " "1, " "1, " "1, " "1, " "1, " "1, " "1, " "1, " "1, " "1, " "1, " "1, " "1, " "1, " "1, " "1, " "1, " "1, " "1, " "1, " "1, " "1, " "1, " "1, " "1, " "1, " "1, " "1, " "1, " "1, " "1, " "1, " "1, " "1, " "1, " "1, " "1, " "1, " "1, " "1, " "1, " "1, " "1, " "1, " "1, " "1, " "1, " "1, " "1, " "1, " "1, " "1, " "1, " "1, " "1, " "1, " "1, " "1, " "1, " "1, " "1, " "1, " "1, " "1, " "1, " "1, " "1, " "1, " "1, " "1, " "1, " "1, " "1, " "1, " "1, " "1, " "1, " "1, " "1, " "1, " "1, " "1, " "1, " "1, " "1, " "1, " "1, " "1, " "1, " "1, " "1, " "1, " "1, " "1, " "1, " "1, " "1, " "1, " "1, " "1, " "1, " "1, " "1, " "1, " "1, " "1, " "1, " "1, " "1, " "1, " "1, " "1, " "1, " "1, " "1, " "1, " "1, " "1, " "1, " "1, " "1, " "1, " "1, " "1, " "1, " "1, " "1, " "1, " "1, " "1, " "1, " "1, " "1, " "0, " "1, " "1, " "1, " "1, " "1, " "1, " "1, " "1, " "1, " "1, " "1, " "1, " "1, " "1, " "1, " "1, " "1, " "1, " "1, " "1, " "1, " "1, " "1, " "1, " "1, " "1, " "1, " "1, " "1, " "1, " "1, " "1, " "1, " "1, " "1, " "1, " "1, " "1, " "1, " "1, " "1, " "1, " "1, " "1, " "1, " "1, " "1, " "1, " "1, " "1, " "1, " "1, " "1, " "1, " "1, " "1, " "1, " "1, " "1, " "1, " "1, " "1, " "1, " "1, " "1, " "1, " "1, " "1, " "1, " "1, " "1, " "1, " "1, " "1, " "1, " "1, " "1, " "1, " "1, " "1, " "1, " "1, " "1, " "1, " "1, " "1, " "1, " "1, " "1, " "1, " "1, " "1, " "1, " "1, " "1, " "1, " "1, " "1, " "1, " "1, " "1, " "1, " "1, " "1, " "1, " "1, " "1, " "1, " "1, " "1, " "1, " "1, " "1, " "1, " "1, " "1, " "1, " "1, " "1, " "1, " "1, " "1, " "1, " "1, " "1, " "1, " "1, " "1, " "1, " "1, " "1, " "1, " "1, " "1, " "1, " "1, " "1, " "1, " "1, " "1, " "1, " "1, " "1, " "1, " "1, " "1, " "1, " "1, " "1, " "1, " "1, " "1, " "1, " "1, " "1, " "1, " "1, " "1, " "1, " "1, " "1, " "1, " "1, " "1, " "1, " "1, " "1, " "1, " "1, " "1, " "1, " "1, " "1, " "1, " "1, " "1, " "1, " "1, " "1, " "1, " "1, " "1, " "1, " "1, " "1, " "1, " "1, " "1, " "1, "204
 "Nei324, 0.355, " "0.015, " "1, " "1, " "1, " "1, " "1, " "1, " "1, " "1, " "1, " "1, " "1, " "1, " "1, " "1, " "1, " "1, " "1, " "1, " "1, " "1, " "1, " "1, " "1, " "1, " "1, " "1, " "1, " "1, " "1, " "1, " "1, " "1, " "1, " "1, " "1, " "1, " "1, " "1, " "1, " "1, " "1, " "1, " "1, " "1, " "1, " "1, " "1, " "1, " "1, " "1, " "1, " "1, " "1, " "1, " "1, " "1, " "1, " "1, " "1, " "1, " "1, " "1, " "1, " "1, " "1, " "1, " "1, " "1, " "1, " "1, " "1, " "1, " "1, " "1, " "1, " "1, " "1, " "1, " "1, " "1, " "1, " "1, " "1, " "1, " "1, " "1, " "1, " "1, " "1, " "1, " "1, " "1, " "1, " "1, " "1, " "1, " "1, " "1, " "1, " "1, " "1, " "1, " "1, " "1, " "1, " "1, " "1, " "1, " "1, " "1, " "1, " "1, " "1, " "1, " "1, " "1, " "1, " "1, " "1, " "1, " "1, " "1, " "1, " "1, " "1, " "1, " "1, " "1, " "1, " "1, " "1, " "1, " "1, " "1, " "1, " "1, " "1, " "1, " "1, " "1, " "1, " "1, " "1, " "1, " "1, " "1, " "1, " "1, " "1, " "1, " "1, " "1, " "1, " "1, " "1, " "1, " "1, " "1, " "1, " "1, " "1, " "1, " "1, " "1, " "1, " "1, " "1, " "1, " "1, " "1, " "1, " "1, " "1, " "1, " "1, " "1, " "1, " "1, " "1, " "1, " "1, " "1, " "1, " "1, " "1, " "1, " "1, " "1, " "1, " "1, " "1, " "1, " "1, " "1, " "1, " "1, " "1, " "1, " "1, " "1, " "1, " "1, " "1, " "1, " "1, " "1, " "1, " "1, " "1, " "1, " "1, " "1, " "1, " "1, " "1, " "1, " "1, " "1, " "1, " "1, " "1, " "1, " "1, " "1, " "1, " "1, " "1, " "1, " "1, " "1, " "1, " "1, " "1, " "1, " "1, " "1, " "1, " "1, " "1, " "1, " "1, " "1, " "1, " "1, " "1, " "1, " "1, " "1, " "1, " "1, " "1, " "1, " "1, " "1, " "1, " "1, " "1, " "1, " "1, " "1, " "1, " "1, " "1, " "1, " "1, " "1, " "1, " "1, " "1, " "1, " "1, " "1, " "1, " "1, " "1, " "1, " "1, " "1, " "1, " "1, " "1, " "1, " "1, " "1, " "1, " "1, " "1, " "1, " "1, " "1, " "1, " "1, " "1, " "1, " "1, " "1, " "1, " "1, " "1, " "1, " "1, " "1, " "1, " "1, " "1, " "1, " "1, " "1, " "1, " "1, " "1, " "1, " "1, " "1, " "1, " "1, " "1, " "1, " "1, " "1, " "1, " "1, " "1, " "1, " "0, " "1, " "1, " "1, " "1, " "1, " "1, " "1, " "1, " "1, " "1, " "1, " "1, " "1, " "1, " "1, " "1, " "1, " "1, " "1, " "1, " "1, " "1, " "1, " "1, " "1, " "1, " "1, " "1, " "1, " "1, " "1, " "1, " "1, " "1, " "1, " "1, " "1, " "1, " "1, " "1, " "1, " "1, " "1, " "1, " "1, " "1, " "1, " "1, " "1, " "1, " "1, " "1, " "1, " "1, " "1, " "1, " "1, " "1, " "1, " "1, " "1, " "1, " "1, " "1, " "1, " "1, " "1, " "1, " "1, " "1, " "1, " "1, " "1, " "1, " "1, " "1, " "1, " "1, " "1, " "1, " "1, " "1, " "1, " "1, " "1, " "1, " "1, " "1, " "1, " "1, " "1, " "1, " "1, " "1, " "1, " "1, " "1, " "1, " "1, " "1, " "1, " "1, " "1, " "1, " "1, " "1, " "1, " "1, " "1, " "1, " "1, " "1, " "1, " "1, " "1, " "1, " "1, " "1, " "1, " "1, " "1, " "1, " "1, " "1, " "1, " "1, " "1, " "1, " "1, " "1, " "1, " "1, " "1, " "1, " "1, " "1, " "1, " "1, " "1, " "1, " "1, " "1, " "1, " "1, " "1, " "1, " "1, " "1, " "1, " "1, " "1, " "1, " "1, " "1, " "1, " "1, " "1, " "1, " "1, " "1, " "1, " "1, " "1, " "1, " "1, " "1, " "1, " "1, " "1, " "1, " "1, " "1, " "1, " "1, " "1, " "1, " "1, " "1, " "1, " "1, " "1, " "1, " "1, " "1, " "1, " "1, " "1, " "1, "204
 "Nei325, 0.274, " "0.015, " "1, " "1, " "1, " "1, " "1, " "1, " "1, " "1, " "1, " "1, " "1, " "1, " "1, " "1, " "1, " "1, " "1, " "1, " "1, " "1, " "1, " "1, " "1, " "1, " "1, " "1, " "1, " "1, " "1, " "1, " "1, " "1, " "1, " "1, " "1, " "1, " "1, " "1, " "1, " "1, " "1, " "1, " "1, " "1, " "1, " "1, " "1, " "1, " "1, " "1, " "1, " "1, " "1, " "1, " "1, " "1, " "1, " "1, " "1, " "1, " "1, " "1, " "1, " "1, " "1, " "1, " "1, " "1, " "1, " "1, " "1, " "1, " "1, " "1, " "1, " "1, " "1, " "1, " "1, " "1, " "1, " "1, " "1, " "1, " "1, " "1, " "1, " "1, " "1, " "1, " "1, " "1, " "1, " "1, " "1, " "1, " "1, " "1, " "1, " "1, " "1, " "1, " "1, " "1, " "1, " "1, " "1, " "1, " "1, " "1, " "1, " "1, " "1, " "1, " "1, " "1, " "1, " "1, " "1, " "1, " "1, " "1, " "1, " "1, " "1, " "1, " "1, " "1, " "1, " "1, " "1, " "1, " "1, " "1, " "1, " "1, " "1, " "1, " "1, " "1, " "1, " "1, " "1, " "1, " "1, " "1, " "1, " "1, " "1, " "1, " "1, " "1, " "1, " "1, " "1, " "1, " "1, " "1, " "1, " "1, " "1, " "1, " "1, " "1, " "1, " "1, " "1, " "1, " "1, " "1, " "1, " "1, " "1, " "1, " "1, " "1, " "1, " "1, " "1, " "1, " "1, " "1, " "1, " "1, " "1, " "1, " "1, " "1, " "1, " "1, " "1, " "1, " "1, " "1, " "1, " "1, " "1, " "1, " "1, " "1, " "1, " "1, " "1, " "1, " "1, " "1, " "1, " "1, " "1, " "1, " "1, " "1, " "1, " "1, " "1, " "1, " "1, " "1, " "1, " "1, " "1, " "1, " "1, " "1, " "1, " "1, " "1, " "1, " "1, " "1, " "1, " "1, " "1, " "1, " "1, " "1, " "1, " "1, " "1, " "1, " "1, " "1, " "1, " "1, " "1, " "1, " "1, " "1, " "1, " "1, " "1, " "1, " "1, " "1, " "1, " "1, " "1, " "1, " "1, " "1, " "1, " "1, " "1, " "1, " "1, " "1, " "1, " "1, " "1, " "1, " "1, " "1, " "1, " "1, " "1, " "1, " "1, " "1, " "1, " "1, " "1, " "1, " "1, " "1, " "1, " "1, " "1, " "1, " "1, " "1, " "1, " "1, " "1, " "1, " "1, " "1, " "1, " "1, " "1, " "1, " "1, " "1, " "1, " "1, " "1, " "1, " "1, " "1, " "1, " "1, " "1, " "1, " "1, " "1, " "1, " "1, " "1, " "1, " "1, " "1, " "1, " "1, " "1, " "1, " "1, " "0, " "1, " "1, " "1, " "1, " "1, " "1, " "1, " "1, " "1, " "1, " "1, " "1, " "1, " "1, " "1, " "1, " "1, " "1, " "1, " "1, " "1, " "1, " "1, " "1, " "1, " "1, " "1, " "1, " "1, " "1, " "1, " "1, " "1, " "1, " "1, " "1, " "1, " "1, " "1, " "1, " "1, " "1, " "1, " "1, " "1, " "1, " "1, " "1, " "1, " "1, " "1, " "1, " "1, " "1, " "1, " "1, " "1, " "1, " "1, " "1, " "1, " "1, " "1, " "1, " "1, " "1, " "1, " "1, " "1, " "1, " "1, " "1, " "1, " "1, " "1, " "1, " "1, " "1, " "1, " "1, " "1, " "1, " "1, " "1, " "1, " "1, " "1, " "1, " "1, " "1, " "1, " "1, " "1, " "1, " "1, " "1, " "1, " "1, " "1, " "1, " "1, " "1, " "1, " "1, " "1, " "1, " "1, " "1, " "1, " "1, " "1, " "1, " "1, " "1, " "1, " "1, " "1, " "1, " "1, " "1, " "1, " "1, " "1, " "1, " "1, " "1, " "1, " "1, " "1, " "1, " "1, " "1, " "1, " "1, " "1, " "1, " "1, " "1, " "1, " "1, " "1, " "1, " "1, " "1, " "1, " "1, " "1, " "1, " "1, " "1, " "1, " "1, " "1, " "1, " "1, " "1, " "1, " "1, " "1, " "1, " "1, " "1, " "1, " "1, " "1, " "1, " "1, " "1, " "1, " "1, " "1, " "1, " "1, " "1, " "1, " "1, " "1, " "1, " "1, " "1, " "1, " "1, " "1, " "1, " "1, " "1, " "1, "204
 "Nei326, 0.073, " "0.015, " "1, " "1, " "1, " "1, " "1, " "1, " "1, " "1, " "1, " "1, " "1, " "1, " "1, " "1, " "1, " "1, " "1, " "1, " "1, " "1, " "1, " "1, " "1, " "1, " "1, " "1, " "1, " "1, " "1, " "1, " "1, " "1, " "1, " "1, " "1, " "1, " "1, " "1, " "1, " "1, " "1, " "1, " "1, " "1, " "1, " "1, " "1, " "1, " "1, " "1, " "1, " "1, " "1, " "1, " "1, " "1, " "1, " "1, " "1, " "1, " "1, " "1, " "1, " "1, " "1, " "1, " "1, " "1, " "1, " "1, " "1, " "1, " "1, " "1, " "1, " "1, " "1, " "1, " "1, " "1, " "1, " "1, " "1, " "1, " "1, " "1, " "1, " "1, " "1, " "1, " "1, " "1, " "1, " "1, " "1, " "1, " "1, " "1, " "1, " "1, " "1, " "1, " "1, " "1, " "1, " "1, " "1, " "1, " "1, " "1, " "1, " "1, " "1, " "1, " "1, " "1, " "1, " "1, " "1, " "1, " "1, " "1, " "1, " "1, " "1, " "1, " "1, " "1, " "1, " "1, " "1, " "1, " "1, " "1, " "1, " "1, " "1, " "1, " "1, " "1, " "1, " "1, " "1, " "1, " "1, " "1, " "1, " "1, " "1, " "1, " "1, " "1, " "1, " "1, " "1, " "1, " "1, " "1, " "1, " "1, " "1, " "1, " "1, " "1, " "1, " "1, " "1, " "1, " "1, " "1, " "1, " "1, " "1, " "1, " "1, " "1, " "1, " "1, " "1, " "1, " "1, " "1, " "1, " "1, " "1, " "1, " "1, " "1, " "1, " "1, " "1, " "1, " "1, " "1, " "1, " "1, " "1, " "1, " "1, " "1, " "1, " "1, " "1, " "1, " "1, " "1, " "1, " "1, " "1, " "1, " "1, " "1, " "1, " "1, " "1, " "1, " "1, " "1, " "1, " "1, " "1, " "1, " "1, " "1, " "1, " "1, " "1, " "1, " "1, " "1, " "1, " "1, " "1, " "1, " "1, " "1, " "1, " "1, " "1, " "1, " "1, " "1, " "1, " "1, " "1, " "1, " "1, " "1, " "1, " "1, " "1, " "1, " "1, " "1, " "1, " "1, " "1, " "1, " "1, " "1, " "1, " "1, " "1, " "1, " "1, " "1, " "1, " "1, " "1, " "1, " "1, " "1, " "1, " "1, " "1, " "1, " "1, " "1, " "1, " "1, " "1, " "1, " "1, " "1, " "1, " "1, " "1, " "1, " "1, " "1, " "1, " "1, " "1, " "1, " "1, " "1, " "1, " "1, " "1, " "1, " "1, " "1, " "1, " "1, " "1, " "1, " "1, " "1, " "1, " "1, " "1, " "1, " "1, " "1, " "1, " "1, " "1, " "1, " "1, " "1, " "1, " "1, " "1, " "1, " "1, " "1, " "0, " "1, " "1, " "1, " "1, " "1, " "1, " "1, " "1, " "1, " "1, " "1, " "1, " "1, " "1, " "1, " "1, " "1, " "1, " "1, " "1, " "1, " "1, " "1, " "1, " "1, " "1, " "1, " "1, " "1, " "1, " "1, " "1, " "1, " "1, " "1, " "1, " "1, " "1, " "1, " "1, " "1, " "1, " "1, " "1, " "1, " "1, " "1, " "1, " "1, " "1, " "1, " "1, " "1, " "1, " "1, " "1, " "1, " "1, " "1, " "1, " "1, " "1, " "1, " "1, " "1, " "1, " "1, " "1, " "1, " "1, " "1, " "1, " "1, " "1, " "1, " "1, " "1, " "1, " "1, " "1, " "1, " "1, " "1, " "1, " "1, " "1, " "1, " "1, " "1, " "1, " "1, " "1, " "1, " "1, " "1, " "1, " "1, " "1, " "1, " "1, " "1, " "1, " "1, " "1, " "1, " "1, " "1, " "1, " "1, " "1, " "1, " "1, " "1, " "1, " "1, " "1, " "1, " "1, " "1, " "1, " "1, " "1, " "1, " "1, " "1, " "1, " "1, " "1, " "1, " "1, " "1, " "1, " "1, " "1, " "1, " "1, " "1, " "1, " "1, " "1, " "1, " "1, " "1, " "1, " "1, " "1, " "1, " "1, " "1, " "1, " "1, " "1, " "1, " "1, " "1, " "1, " "1, " "1, " "1, " "1, " "1, " "1, " "1, " "1, " "1, " "1, " "1, " "1, " "1, " "1, " "1, " "1, " "1, " "1, " "1, " "1, " "1, " "1, " "1, " "1, " "1, " "1, " "1, " "1, " "1, " "1, "204
 "Nei327, 0.217, " "0.015, " "1, " "1, " "1, " "1, " "1, " "1, " "1, " "1, " "1, " "1, " "1, " "1, " "1, " "1, " "1, " "1, " "1, " "1, " "1, " "1, " "1, " "1, " "1, " "1, " "1, " "1, " "1, " "1, " "1, " "1, " "1, " "1, " "1, " "1, " "1, " "1, " "1, " "1, " "1, " "1, " "1, " "1, " "1, " "1, " "1, " "1, " "1, " "1, " "1, " "1, " "1, " "1, " "1, " "1, " "1, " "1, " "1, " "1, " "1, " "1, " "1, " "1, " "1, " "1, " "1, " "1, " "1, " "1, " "1, " "1, " "1, " "1, " "1, " "1, " "1, " "1, " "1, " "1, " "1, " "1, " "1, " "1, " "1, " "1, " "1, " "1, " "1, " "1, " "1, " "1, " "1, " "1, " "1, " "1, " "1, " "1, " "1, " "1, " "1, " "1, " "1, " "1, " "1, " "1, " "1, " "1, " "1, " "1, " "1, " "1, " "1, " "1, " "1, " "1, " "1, " "1, " "1, " "1, " "1, " "1, " "1, " "1, " "1, " "1, " "1, " "1, " "1, " "1, " "1, " "1, " "1, " "1, " "1, " "1, " "1, " "1, " "1, " "1, " "1, " "1, " "1, " "1, " "1, " "1, " "1, " "1, " "1, " "1, " "1, " "1, " "1, " "1, " "1, " "1, " "1, " "1, " "1, " "1, " "1, " "1, " "1, " "1, " "1, " "1, " "1, " "1, " "1, " "1, " "1, " "1, " "1, " "1, " "1, " "1, " "1, " "1, " "1, " "1, " "1, " "1, " "1, " "1, " "1, " "1, " "1, " "1, " "1, " "1, " "1, " "1, " "1, " "1, " "1, " "1, " "1, " "1, " "1, " "1, " "1, " "1, " "1, " "1, " "1, " "1, " "1, " "1, " "1, " "1, " "1, " "1, " "1, " "1, " "1, " "1, " "1, " "1, " "1, " "1, " "1, " "1, " "1, " "1, " "1, " "1, " "1, " "1, " "1, " "1, " "1, " "1, " "1, " "1, " "1, " "1, " "1, " "1, " "1, " "1, " "1, " "1, " "1, " "1, " "1, " "1, " "1, " "1, " "1, " "1, " "1, " "1, " "1, " "1, " "1, " "1, " "1, " "1, " "1, " "1, " "1, " "1, " "1, " "1, " "1, " "1, " "1, " "1, " "1, " "1, " "1, " "1, " "1, " "1, " "1, " "1, " "1, " "1, " "1, " "1, " "1, " "1, " "1, " "1, " "1, " "1, " "1, " "1, " "1, " "1, " "1, " "1, " "1, " "1, " "1, " "1, " "1, " "1, " "1, " "1, " "1, " "1, " "1, " "1, " "1, " "1, " "1, " "1, " "1, " "1, " "1, " "1, " "1, " "1, " "1, " "1, " "1, " "1, " "1, " "1, " "1, " "1, " "1, " "1, " "1, " "1, " "1, " "1, " "1, " "0, " "1, " "1, " "1, " "1, " "1, " "1, " "1, " "1, " "1, " "1, " "1, " "1, " "1, " "1, " "1, " "1, " "1, " "1, " "1, " "1, " "1, " "1, " "1, " "1, " "1, " "1, " "1, " "1, " "1, " "1, " "1, " "1, " "1, " "1, " "1, " "1, " "1, " "1, " "1, " "1, " "1, " "1, " "1, " "1, " "1, " "1, " "1, " "1, " "1, " "1, " "1, " "1, " "1, " "1, " "1, " "1, " "1, " "1, " "1, " "1, " "1, " "1, " "1, " "1, " "1, " "1, " "1, " "1, " "1, " "1, " "1, " "1, " "1, " "1, " "1, " "1, " "1, " "1, " "1, " "1, " "1, " "1, " "1, " "1, " "1, " "1, " "1, " "1, " "1, " "1, " "1, " "1, " "1, " "1, " "1, " "1, " "1, " "1, " "1, " "1, " "1, " "1, " "1, " "1, " "1, " "1, " "1, " "1, " "1, " "1, " "1, " "1, " "1, " "1, " "1, " "1, " "1, " "1, " "1, " "1, " "1, " "1, " "1, " "1, " "1, " "1, " "1, " "1, " "1, " "1, " "1, " "1, " "1, " "1, " "1, " "1, " "1, " "1, " "1, " "1, " "1, " "1, " "1, " "1, " "1, " "1, " "1, " "1, " "1, " "1, " "1, " "1, " "1, " "1, " "1, " "1, " "1, " "1, " "1, " "1, " "1, " "1, " "1, " "1, " "1, " "1, " "1, " "1, " "1, " "1, " "1, " "1, " "1, " "1, " "1, " "1, " "1, " "1, " "1, " "1, " "1, " "1, " "1, " "1, " "1, "204
 "Nei328, 0.078, " "0.015, " "1, " "1, " "1, " "1, " "1, " "1, " "1, " "1, " "1, " "1, " "1, " "1, " "1, " "1, " "1, " "1, " "1, " "1, " "1, " "1, " "1, " "1, " "1, " "1, " "1, " "1, " "1, " "1, " "1, " "1, " "1, " "1, " "1, " "1, " "1, " "1, " "1, " "1, " "1, " "1, " "1, " "1, " "1, " "1, " "1, " "1, " "1, " "1, " "1, " "1, " "1, " "1, " "1, " "1, " "1, " "1, " "1, " "1, " "1, " "1, " "1, " "1, " "1, " "1, " "1, " "1, " "1, " "1, " "1, " "1, " "1, " "1, " "1, " "1, " "1, " "1, " "1, " "1, " "1, " "1, " "1, " "1, " "1, " "1, " "1, " "1, " "1, " "1, " "1, " "1, " "1, " "1, " "1, " "1, " "1, " "1, " "1, " "1, " "1, " "1, " "1, " "1, " "1, " "1, " "1, " "1, " "1, " "1, " "1, " "1, " "1, " "1, " "1, " "1, " "1, " "1, " "1, " "1, " "1, " "1, " "1, " "1, " "1, " "1, " "1, " "1, " "1, " "1, " "1, " "1, " "1, " "1, " "1, " "1, " "1, " "1, " "1, " "1, " "1, " "1, " "1, " "1, " "1, " "1, " "1, " "1, " "1, " "1, " "1, " "1, " "1, " "1, " "1, " "1, " "1, " "1, " "1, " "1, " "1, " "1, " "1, " "1, " "1, " "1, " "1, " "1, " "1, " "1, " "1, " "1, " "1, " "1, " "1, " "1, " "1, " "1, " "1, " "1, " "1, " "1, " "1, " "1, " "1, " "1, " "1, " "1, " "1, " "1, " "1, " "1, " "1, " "1, " "1, " "1, " "1, " "1, " "1, " "1, " "1, " "1, " "1, " "1, " "1, " "1, " "1, " "1, " "1, " "1, " "1, " "1, " "1, " "1, " "1, " "1, " "1, " "1, " "1, " "1, " "1, " "1, " "1, " "1, " "1, " "1, " "1, " "1, " "1, " "1, " "1, " "1, " "1, " "1, " "1, " "1, " "1, " "1, " "1, " "1, " "1, " "1, " "1, " "1, " "1, " "1, " "1, " "1, " "1, " "1, " "1, " "1, " "1, " "1, " "1, " "1, " "1, " "1, " "1, " "1, " "1, " "1, " "1, " "1, " "1, " "1, " "1, " "1, " "1, " "1, " "1, " "1, " "1, " "1, " "1, " "1, " "1, " "1, " "1, " "1, " "1, " "1, " "1, " "1, " "1, " "1, " "1, " "1, " "1, " "1, " "1, " "1, " "1, " "1, " "1, " "1, " "1, " "1, " "1, " "1, " "1, " "1, " "1, " "1, " "1, " "1, " "1, " "1, " "1, " "1, " "1, " "1, " "1, " "1, " "1, " "1, " "1, " "1, " "1, " "1, " "1, " "1, " "1, " "1, " "1, " "1, " "1, " "1, " "1, " "1, " "0, " "1, " "1, " "1, " "1, " "1, " "1, " "1, " "1, " "1, " "1, " "1, " "1, " "1, " "1, " "1, " "1, " "1, " "1, " "1, " "1, " "1, " "1, " "1, " "1, " "1, " "1, " "1, " "1, " "1, " "1, " "1, " "1, " "1, " "1, " "1, " "1, " "1, " "1, " "1, " "1, " "1, " "1, " "1, " "1, " "1, " "1, " "1, " "1, " "1, " "1, " "1, " "1, " "1, " "1, " "1, " "1, " "1, " "1, " "1, " "1, " "1, " "1, " "1, " "1, " "1, " "1, " "1, " "1, " "1, " "1, " "1, " "1, " "1, " "1, " "1, " "1, " "1, " "1, " "1, " "1, " "1, " "1, " "1, " "1, " "1, " "1, " "1, " "1, " "1, " "1, " "1, " "1, " "1, " "1, " "1, " "1, " "1, " "1, " "1, " "1, " "1, " "1, " "1, " "1, " "1, " "1, " "1, " "1, " "1, " "1, " "1, " "1, " "1, " "1, " "1, " "1, " "1, " "1, " "1, " "1, " "1, " "1, " "1, " "1, " "1, " "1, " "1, " "1, " "1, " "1, " "1, " "1, " "1, " "1, " "1, " "1, " "1, " "1, " "1, " "1, " "1, " "1, " "1, " "1, " "1, " "1, " "1, " "1, " "1, " "1, " "1, " "1, " "1, " "1, " "1, " "1, " "1, " "1, " "1, " "1, " "1, " "1, " "1, " "1, " "1, " "1, " "1, " "1, " "1, " "1, " "1, " "1, " "1, " "1, " "1, " "1, " "1, " "1, " "1, " "1, " "1, " "1, " "1, " "1, "204
 "Nei329, 0.013, " "0.015, " "1, " "1, " "1, " "1, " "1, " "1, " "1, " "1, " "1, " "1, " "1, " "1, " "1, " "1, " "1, " "1, " "1, " "1, " "1, " "1, " "1, " "1, " "1, " "1, " "1, " "1, " "1, " "1, " "1, " "1, " "1, " "1, " "1, " "1, " "1, " "1, " "1, " "1, " "1, " "1, " "1, " "1, " "1, " "1, " "1, " "1, " "1, " "1, " "1, " "1, " "1, " "1, " "1, " "1, " "1, " "1, " "1, " "1, " "1, " "1, " "1, " "1, " "1, " "1, " "1, " "1, " "1, " "1, " "1, " "1, " "1, " "1, " "1, " "1, " "1, " "1, " "1, " "1, " "1, " "1, " "1, " "1, " "1, " "1, " "1, " "1, " "1, " "1, " "1, " "1, " "1, " "1, " "1, " "1, " "1, " "1, " "1, " "1, " "1, " "1, " "1, " "1, " "1, " "1, " "1, " "1, " "1, " "1, " "1, " "1, " "1, " "1, " "1, " "1, " "1, " "1, " "1, " "1, " "1, " "1, " "1, " "1, " "1, " "1, " "1, " "1, " "1, " "1, " "1, " "1, " "1, " "1, " "1, " "1, " "1, " "1, " "1, " "1, " "1, " "1, " "1, " "1, " "1, " "1, " "1, " "1, " "1, " "1, " "1, " "1, " "1, " "1, " "1, " "1, " "1, " "1, " "1, " "1, " "1, " "1, " "1, " "1, " "1, " "1, " "1, " "1, " "1, " "1, " "1, " "1, " "1, " "1, " "1, " "1, " "1, " "1, " "1, " "1, " "1, " "1, " "1, " "1, " "1, " "1, " "1, " "1, " "1, " "1, " "1, " "1, " "1, " "1, " "1, " "1, " "1, " "1, " "1, " "1, " "1, " "1, " "1, " "1, " "1, " "1, " "1, " "1, " "1, " "1, " "1, " "1, " "1, " "1, " "1, " "1, " "1, " "1, " "1, " "1, " "1, " "1, " "1, " "1, " "1, " "1, " "1, " "1, " "1, " "1, " "1, " "1, " "1, " "1, " "1, " "1, " "1, " "1, " "1, " "1, " "1, " "1, " "1, " "1, " "1, " "1, " "1, " "1, " "1, " "1, " "1, " "1, " "1, " "1, " "1, " "1, " "1, " "1, " "1, " "1, " "1, " "1, " "1, " "1, " "1, " "1, " "1, " "1, " "1, " "1, " "1, " "1, " "1, " "1, " "1, " "1, " "1, " "1, " "1, " "1, " "1, " "1, " "1, " "1, " "1, " "1, " "1, " "1, " "1, " "1, " "1, " "1, " "1, " "1, " "1, " "1, " "1, " "1, " "1, " "1, " "1, " "1, " "1, " "1, " "1, " "1, " "1, " "1, " "1, " "1, " "1, " "1, " "1, " "1, " "1, " "1, " "1, " "1, " "1, " "1, " "1, " "1, " "1, " "1, " "1, " "1, " "1, " "1, " "1, " "1, " "1, " "0, " "1, " "1, " "1, " "1, " "1, " "1, " "1, " "1, " "1, " "1, " "1, " "1, " "1, " "1, " "1, " "1, " "1, " "1, " "1, " "1, " "1, " "1, " "1, " "1, " "1, " "1, " "1, " "1, " "1, " "1, " "1, " "1, " "1, " "1, " "1, " "1, " "1, " "1, " "1, " "1, " "1, " "1, " "1, " "1, " "1, " "1, " "1, " "1, " "1, " "1, " "1, " "1, " "1, " "1, " "1, " "1, " "1, " "1, " "1, " "1, " "1, " "1, " "1, " "1, " "1, " "1, " "1, " "1, " "1, " "1, " "1, " "1, " "1, " "1, " "1, " "1, " "1, " "1, " "1, " "1, " "1, " "1, " "1, " "1, " "1, " "1, " "1, " "1, " "1, " "1, " "1, " "1, " "1, " "1, " "1, " "1, " "1, " "1, " "1, " "1, " "1, " "1, " "1, " "1, " "1, " "1, " "1, " "1, " "1, " "1, " "1, " "1, " "1, " "1, " "1, " "1, " "1, " "1, " "1, " "1, " "1, " "1, " "1, " "1, " "1, " "1, " "1, " "1, " "1, " "1, " "1, " "1, " "1, " "1, " "1, " "1, " "1, " "1, " "1, " "1, " "1, " "1, " "1, " "1, " "1, " "1, " "1, " "1, " "1, " "1, " "1, " "1, " "1, " "1, " "1, " "1, " "1, " "1, " "1, " "1, " "1, " "1, " "1, " "1, " "1, " "1, " "1, " "1, " "1, " "1, " "1, " "1, " "1, " "1, " "1, " "1, " "1, " "1, " "1, " "1, " "1, " "1, " "1, "204
 "Nei330, 0.1, " "0.015, " "1, " "1, " "1, " "1, " "1, " "1, " "1, " "1, " "1, " "1, " "1, " "1, " "1, " "1, " "1, " "1, " "1, " "1, " "1, " "1, " "1, " "1, " "1, " "1, " "1, " "1, " "1, " "1, " "1, " "1, " "1, " "1, " "1, " "1, " "1, " "1, " "1, " "1, " "1, " "1, " "1, " "1, " "1, " "1, " "1, " "1, " "1, " "1, " "1, " "1, " "1, " "1, " "1, " "1, " "1, " "1, " "1, " "1, " "1, " "1, " "1, " "1, " "1, " "1, " "1, " "1, " "1, " "1, " "1, " "1, " "1, " "1, " "1, " "1, " "1, " "1, " "1, " "1, " "1, " "1, " "1, " "1, " "1, " "1, " "1, " "1, " "1, " "1, " "1, " "1, " "1, " "1, " "1, " "1, " "1, " "1, " "1, " "1, " "1, " "1, " "1, " "1, " "1, " "1, " "1, " "1, " "1, " "1, " "1, " "1, " "1, " "1, " "1, " "1, " "1, " "1, " "1, " "1, " "1, " "1, " "1, " "1, " "1, " "1, " "1, " "1, " "1, " "1, " "1, " "1, " "1, " "1, " "1, " "1, " "1, " "1, " "1, " "1, " "1, " "1, " "1, " "1, " "1, " "1, " "1, " "1, " "1, " "1, " "1, " "1, " "1, " "1, " "1, " "1, " "1, " "1, " "1, " "1, " "1, " "1, " "1, " "1, " "1, " "1, " "1, " "1, " "1, " "1, " "1, " "1, " "1, " "1, " "1, " "1, " "1, " "1, " "1, " "1, " "1, " "1, " "1, " "1, " "1, " "1, " "1, " "1, " "1, " "1, " "1, " "1, " "1, " "1, " "1, " "1, " "1, " "1, " "1, " "1, " "1, " "1, " "1, " "1, " "1, " "1, " "1, " "1, " "1, " "1, " "1, " "1, " "1, " "1, " "1, " "1, " "1, " "1, " "1, " "1, " "1, " "1, " "1, " "1, " "1, " "1, " "1, " "1, " "1, " "1, " "1, " "1, " "1, " "1, " "1, " "1, " "1, " "1, " "1, " "1, " "1, " "1, " "1, " "1, " "1, " "1, " "1, " "1, " "1, " "1, " "1, " "1, " "1, " "1, " "1, " "1, " "1, " "1, " "1, " "1, " "1, " "1, " "1, " "1, " "1, " "1, " "1, " "1, " "1, " "1, " "1, " "1, " "1, " "1, " "1, " "1, " "1, " "1, " "1, " "1, " "1, " "1, " "1, " "1, " "1, " "1, " "1, " "1, " "1, " "1, " "1, " "1, " "1, " "1, " "1, " "1, " "1, " "1, " "1, " "1, " "1, " "1, " "1, " "1, " "1, " "1, " "1, " "1, " "1, " "1, " "1, " "1, " "1, " "1, " "1, " "1, " "1, " "1, " "1, " "1, " "1, " "1, " "1, " "1, " "1, " "1, " "1, " "1, " "1, " "1, " "1, " "1, " "0, " "1, " "1, " "1, " "1, " "1, " "1, " "1, " "1, " "1, " "1, " "1, " "1, " "1, " "1, " "1, " "1, " "1, " "1, " "1, " "1, " "1, " "1, " "1, " "1, " "1, " "1, " "1, " "1, " "1, " "1, " "1, " "1, " "1, " "1, " "1, " "1, " "1, " "1, " "1, " "1, " "1, " "1, " "1, " "1, " "1, " "1, " "1, " "1, " "1, " "1, " "1, " "1, " "1, " "1, " "1, " "1, " "1, " "1, " "1, " "1, " "1, " "1, " "1, " "1, " "1, " "1, " "1, " "1, " "1, " "1, " "1, " "1, " "1, " "1, " "1, " "1, " "1, " "1, " "1, " "1, " "1, " "1, " "1, " "1, " "1, " "1, " "1, " "1, " "1, " "1, " "1, " "1, " "1, " "1, " "1, " "1, " "1, " "1, " "1, " "1, " "1, " "1, " "1, " "1, " "1, " "1, " "1, " "1, " "1, " "1, " "1, " "1, " "1, " "1, " "1, " "1, " "1, " "1, " "1, " "1, " "1, " "1, " "1, " "1, " "1, " "1, " "1, " "1, " "1, " "1, " "1, " "1, " "1, " "1, " "1, " "1, " "1, " "1, " "1, " "1, " "1, " "1, " "1, " "1, " "1, " "1, " "1, " "1, " "1, " "1, " "1, " "1, " "1, " "1, " "1, " "1, " "1, " "1, " "1, " "1, " "1, " "1, " "1, " "1, " "1, " "1, " "1, " "1, " "1, " "1, " "1, " "1, " "1, " "1, " "1, " "1, " "1, " "1, " "1, " "1, " "1, " "1, "204
 "Nei331, 0.202, " "0.015, " "1, " "1, " "1, " "1, " "1, " "1, " "1, " "1, " "1, " "1, " "1, " "1, " "1, " "1, " "1, " "1, " "1, " "1, " "1, " "1, " "1, " "1, " "1, " "1, " "1, " "1, " "1, " "1, " "1, " "1, " "1, " "1, " "1, " "1, " "1, " "1, " "1, " "1, " "1, " "1, " "1, " "1, " "1, " "1, " "1, " "1, " "1, " "1, " "1, " "1, " "1, " "1, " "1, " "1, " "1, " "1, " "1, " "1, " "1, " "1, " "1, " "1, " "1, " "1, " "1, " "1, " "1, " "1, " "1, " "1, " "1, " "1, " "1, " "1, " "1, " "1, " "1, " "1, " "1, " "1, " "1, " "1, " "1, " "1, " "1, " "1, " "1, " "1, " "1, " "1, " "1, " "1, " "1, " "1, " "1, " "1, " "1, " "1, " "1, " "1, " "1, " "1, " "1, " "1, " "1, " "1, " "1, " "1, " "1, " "1, " "1, " "1, " "1, " "1, " "1, " "1, " "1, " "1, " "1, " "1, " "1, " "1, " "1, " "1, " "1, " "1, " "1, " "1, " "1, " "1, " "1, " "1, " "1, " "1, " "1, " "1, " "1, " "1, " "1, " "1, " "1, " "1, " "1, " "1, " "1, " "1, " "1, " "1, " "1, " "1, " "1, " "1, " "1, " "1, " "1, " "1, " "1, " "1, " "1, " "1, " "1, " "1, " "1, " "1, " "1, " "1, " "1, " "1, " "1, " "1, " "1, " "1, " "1, " "1, " "1, " "1, " "1, " "1, " "1, " "1, " "1, " "1, " "1, " "1, " "1, " "1, " "1, " "1, " "1, " "1, " "1, " "1, " "1, " "1, " "1, " "1, " "1, " "1, " "1, " "1, " "1, " "1, " "1, " "1, " "1, " "1, " "1, " "1, " "1, " "1, " "1, " "1, " "1, " "1, " "1, " "1, " "1, " "1, " "1, " "1, " "1, " "1, " "1, " "1, " "1, " "1, " "1, " "1, " "1, " "1, " "1, " "1, " "1, " "1, " "1, " "1, " "1, " "1, " "1, " "1, " "1, " "1, " "1, " "1, " "1, " "1, " "1, " "1, " "1, " "1, " "1, " "1, " "1, " "1, " "1, " "1, " "1, " "1, " "1, " "1, " "1, " "1, " "1, " "1, " "1, " "1, " "1, " "1, " "1, " "1, " "1, " "1, " "1, " "1, " "1, " "1, " "1, " "1, " "1, " "1, " "1, " "1, " "1, " "1, " "1, " "1, " "1, " "1, " "1, " "1, " "1, " "1, " "1, " "1, " "1, " "1, " "1, " "1, " "1, " "1, " "1, " "1, " "1, " "1, " "1, " "1, " "1, " "1, " "1, " "1, " "1, " "1, " "1, " "1, " "1, " "1, " "1, " "1, " "1, " "1, " "1, " "1, " "1, " "1, " "1, " "1, " "1, " "1, " "1, " "1, " "1, " "0, " "1, " "1, " "1, " "1, " "1, " "1, " "1, " "1, " "1, " "1, " "1, " "1, " "1, " "1, " "1, " "1, " "1, " "1, " "1, " "1, " "1, " "1, " "1, " "1, " "1, " "1, " "1, " "1, " "1, " "1, " "1, " "1, " "1, " "1, " "1, " "1, " "1, " "1, " "1, " "1, " "1, " "1, " "1, " "1, " "1, " "1, " "1, " "1, " "1, " "1, " "1, " "1, " "1, " "1, " "1, " "1, " "1, " "1, " "1, " "1, " "1, " "1, " "1, " "1, " "1, " "1, " "1, " "1, " "1, " "1, " "1, " "1, " "1, " "1, " "1, " "1, " "1, " "1, " "1, " "1, " "1, " "1, " "1, " "1, " "1, " "1, " "1, " "1, " "1, " "1, " "1, " "1, " "1, " "1, " "1, " "1, " "1, " "1, " "1, " "1, " "1, " "1, " "1, " "1, " "1, " "1, " "1, " "1, " "1, " "1, " "1, " "1, " "1, " "1, " "1, " "1, " "1, " "1, " "1, " "1, " "1, " "1, " "1, " "1, " "1, " "1, " "1, " "1, " "1, " "1, " "1, " "1, " "1, " "1, " "1, " "1, " "1, " "1, " "1, " "1, " "1, " "1, " "1, " "1, " "1, " "1, " "1, " "1, " "1, " "1, " "1, " "1, " "1, " "1, " "1, " "1, " "1, " "1, " "1, " "1, " "1, " "1, " "1, " "1, " "1, " "1, " "1, " "1, " "1, " "1, " "1, " "1, " "1, " "1, " "1, " "1, " "1, " "1, " "1, " "1, " "1, "204
 "Nei332, 0.052, " "0.015, " "1, " "1, " "1, " "1, " "1, " "1, " "1, " "1, " "1, " "1, " "1, " "1, " "1, " "1, " "1, " "1, " "1, " "1, " "1, " "1, " "1, " "1, " "1, " "1, " "1, " "1, " "1, " "1, " "1, " "1, " "1, " "1, " "1, " "1, " "1, " "1, " "1, " "1, " "1, " "1, " "1, " "1, " "1, " "1, " "1, " "1, " "1, " "1, " "1, " "1, " "1, " "1, " "1, " "1, " "1, " "1, " "1, " "1, " "1, " "1, " "1, " "1, " "1, " "1, " "1, " "1, " "1, " "1, " "1, " "1, " "1, " "1, " "1, " "1, " "1, " "1, " "1, " "1, " "1, " "1, " "1, " "1, " "1, " "1, " "1, " "1, " "1, " "1, " "1, " "1, " "1, " "1, " "1, " "1, " "1, " "1, " "1, " "1, " "1, " "1, " "1, " "1, " "1, " "1, " "1, " "1, " "1, " "1, " "1, " "1, " "1, " "1, " "1, " "1, " "1, " "1, " "1, " "1, " "1, " "1, " "1, " "1, " "1, " "1, " "1, " "1, " "1, " "1, " "1, " "1, " "1, " "1, " "1, " "1, " "1, " "1, " "1, " "1, " "1, " "1, " "1, " "1, " "1, " "1, " "1, " "1, " "1, " "1, " "1, " "1, " "1, " "1, " "1, " "1, " "1, " "1, " "1, " "1, " "1, " "1, " "1, " "1, " "1, " "1, " "1, " "1, " "1, " "1, " "1, " "1, " "1, " "1, " "1, " "1, " "1, " "1, " "1, " "1, " "1, " "1, " "1, " "1, " "1, " "1, " "1, " "1, " "1, " "1, " "1, " "1, " "1, " "1, " "1, " "1, " "1, " "1, " "1, " "1, " "1, " "1, " "1, " "1, " "1, " "1, " "1, " "1, " "1, " "1, " "1, " "1, " "1, " "1, " "1, " "1, " "1, " "1, " "1, " "1, " "1, " "1, " "1, " "1, " "1, " "1, " "1, " "1, " "1, " "1, " "1, " "1, " "1, " "1, " "1, " "1, " "1, " "1, " "1, " "1, " "1, " "1, " "1, " "1, " "1, " "1, " "1, " "1, " "1, " "1, " "1, " "1, " "1, " "1, " "1, " "1, " "1, " "1, " "1, " "1, " "1, " "1, " "1, " "1, " "1, " "1, " "1, " "1, " "1, " "1, " "1, " "1, " "1, " "1, " "1, " "1, " "1, " "1, " "1, " "1, " "1, " "1, " "1, " "1, " "1, " "1, " "1, " "1, " "1, " "1, " "1, " "1, " "1, " "1, " "1, " "1, " "1, " "1, " "1, " "1, " "1, " "1, " "1, " "1, " "1, " "1, " "1, " "1, " "1, " "1, " "1, " "1, " "1, " "1, " "1, " "1, " "1, " "1, " "1, " "1, " "1, " "1, " "1, " "1, " "1, " "1, " "1, " "1, " "1, " "1, " "1, " "1, " "1, " "1, " "0, " "1, " "1, " "1, " "1, " "1, " "1, " "1, " "1, " "1, " "1, " "1, " "1, " "1, " "1, " "1, " "1, " "1, " "1, " "1, " "1, " "1, " "1, " "1, " "1, " "1, " "1, " "1, " "1, " "1, " "1, " "1, " "1, " "1, " "1, " "1, " "1, " "1, " "1, " "1, " "1, " "1, " "1, " "1, " "1, " "1, " "1, " "1, " "1, " "1, " "1, " "1, " "1, " "1, " "1, " "1, " "1, " "1, " "1, " "1, " "1, " "1, " "1, " "1, " "1, " "1, " "1, " "1, " "1, " "1, " "1, " "1, " "1, " "1, " "1, " "1, " "1, " "1, " "1, " "1, " "1, " "1, " "1, " "1, " "1, " "1, " "1, " "1, " "1, " "1, " "1, " "1, " "1, " "1, " "1, " "1, " "1, " "1, " "1, " "1, " "1, " "1, " "1, " "1, " "1, " "1, " "1, " "1, " "1, " "1, " "1, " "1, " "1, " "1, " "1, " "1, " "1, " "1, " "1, " "1, " "1, " "1, " "1, " "1, " "1, " "1, " "1, " "1, " "1, " "1, " "1, " "1, " "1, " "1, " "1, " "1, " "1, " "1, " "1, " "1, " "1, " "1, " "1, " "1, " "1, " "1, " "1, " "1, " "1, " "1, " "1, " "1, " "1, " "1, " "1, " "1, " "1, " "1, " "1, " "1, " "1, " "1, " "1, " "1, " "1, " "1, " "1, " "1, " "1, " "1, " "1, " "1, " "1, " "1, " "1, " "1, " "1, " "1, " "1, " "1, " "1, "204
 "Nei333, 0.185, " "0.015, " "1, " "1, " "1, " "1, " "1, " "1, " "1, " "1, " "1, " "1, " "1, " "1, " "1, " "1, " "1, " "1, " "1, " "1, " "1, " "1, " "1, " "1, " "1, " "1, " "1, " "1, " "1, " "1, " "1, " "1, " "1, " "1, " "1, " "1, " "1, " "1, " "1, " "1, " "1, " "1, " "1, " "1, " "1, " "1, " "1, " "1, " "1, " "1, " "1, " "1, " "1, " "1, " "1, " "1, " "1, " "1, " "1, " "1, " "1, " "1, " "1, " "1, " "1, " "1, " "1, " "1, " "1, " "1, " "1, " "1, " "1, " "1, " "1, " "1, " "1, " "1, " "1, " "1, " "1, " "1, " "1, " "1, " "1, " "1, " "1, " "1, " "1, " "1, " "1, " "1, " "1, " "1, " "1, " "1, " "1, " "1, " "1, " "1, " "1, " "1, " "1, " "1, " "1, " "1, " "1, " "1, " "1, " "1, " "1, " "1, " "1, " "1, " "1, " "1, " "1, " "1, " "1, " "1, " "1, " "1, " "1, " "1, " "1, " "1, " "1, " "1, " "1, " "1, " "1, " "1, " "1, " "1, " "1, " "1, " "1, " "1, " "1, " "1, " "1, " "1, " "1, " "1, " "1, " "1, " "1, " "1, " "1, " "1, " "1, " "1, " "1, " "1, " "1, " "1, " "1, " "1, " "1, " "1, " "1, " "1, " "1, " "1, " "1, " "1, " "1, " "1, " "1, " "1, " "1, " "1, " "1, " "1, " "1, " "1, " "1, " "1, " "1, " "1, " "1, " "1, " "1, " "1, " "1, " "1, " "1, " "1, " "1, " "1, " "1, " "1, " "1, " "1, " "1, " "1, " "1, " "1, " "1, " "1, " "1, " "1, " "1, " "1, " "1, " "1, " "1, " "1, " "1, " "1, " "1, " "1, " "1, " "1, " "1, " "1, " "1, " "1, " "1, " "1, " "1, " "1, " "1, " "1, " "1, " "1, " "1, " "1, " "1, " "1, " "1, " "1, " "1, " "1, " "1, " "1, " "1, " "1, " "1, " "1, " "1, " "1, " "1, " "1, " "1, " "1, " "1, " "1, " "1, " "1, " "1, " "1, " "1, " "1, " "1, " "1, " "1, " "1, " "1, " "1, " "1, " "1, " "1, " "1, " "1, " "1, " "1, " "1, " "1, " "1, " "1, " "1, " "1, " "1, " "1, " "1, " "1, " "1, " "1, " "1, " "1, " "1, " "1, " "1, " "1, " "1, " "1, " "1, " "1, " "1, " "1, " "1, " "1, " "1, " "1, " "1, " "1, " "1, " "1, " "1, " "1, " "1, " "1, " "1, " "1, " "1, " "1, " "1, " "1, " "1, " "1, " "1, " "1, " "1, " "1, " "1, " "1, " "1, " "1, " "1, " "1, " "1, " "1, " "1, " "1, " "1, " "1, " "1, " "1, " "1, " "1, " "1, " "1, " "1, " "1, " "0, " "1, " "1, " "1, " "1, " "1, " "1, " "1, " "1, " "1, " "1, " "1, " "1, " "1, " "1, " "1, " "1, " "1, " "1, " "1, " "1, " "1, " "1, " "1, " "1, " "1, " "1, " "1, " "1, " "1, " "1, " "1, " "1, " "1, " "1, " "1, " "1, " "1, " "1, " "1, " "1, " "1, " "1, " "1, " "1, " "1, " "1, " "1, " "1, " "1, " "1, " "1, " "1, " "1, " "1, " "1, " "1, " "1, " "1, " "1, " "1, " "1, " "1, " "1, " "1, " "1, " "1, " "1, " "1, " "1, " "1, " "1, " "1, " "1, " "1, " "1, " "1, " "1, " "1, " "1, " "1, " "1, " "1, " "1, " "1, " "1, " "1, " "1, " "1, " "1, " "1, " "1, " "1, " "1, " "1, " "1, " "1, " "1, " "1, " "1, " "1, " "1, " "1, " "1, " "1, " "1, " "1, " "1, " "1, " "1, " "1, " "1, " "1, " "1, " "1, " "1, " "1, " "1, " "1, " "1, " "1, " "1, " "1, " "1, " "1, " "1, " "1, " "1, " "1, " "1, " "1, " "1, " "1, " "1, " "1, " "1, " "1, " "1, " "1, " "1, " "1, " "1, " "1, " "1, " "1, " "1, " "1, " "1, " "1, " "1, " "1, " "1, " "1, " "1, " "1, " "1, " "1, " "1, " "1, " "1, " "1, " "1, " "1, " "1, " "1, " "1, " "1, " "1, " "1, " "1, " "1, " "1, " "1, " "1, " "1, " "1, " "1, " "1, " "1, " "1, "204
 "Nei334, 0.146, " "0.015, " "1, " "1, " "1, " "1, " "1, " "1, " "1, " "1, " "1, " "1, " "1, " "1, " "1, " "1, " "1, " "1, " "1, " "1, " "1, " "1, " "1, " "1, " "1, " "1, " "1, " "1, " "1, " "1, " "1, " "1, " "1, " "1, " "1, " "1, " "1, " "1, " "1, " "1, " "1, " "1, " "1, " "1, " "1, " "1, " "1, " "1, " "1, " "1, " "1, " "1, " "1, " "1, " "1, " "1, " "1, " "1, " "1, " "1, " "1, " "1, " "1, " "1, " "1, " "1, " "1, " "1, " "1, " "1, " "1, " "1, " "1, " "1, " "1, " "1, " "1, " "1, " "1, " "1, " "1, " "1, " "1, " "1, " "1, " "1, " "1, " "1, " "1, " "1, " "1, " "1, " "1, " "1, " "1, " "1, " "1, " "1, " "1, " "1, " "1, " "1, " "1, " "1, " "1, " "1, " "1, " "1, " "1, " "1, " "1, " "1, " "1, " "1, " "1, " "1, " "1, " "1, " "1, " "1, " "1, " "1, " "1, " "1, " "1, " "1, " "1, " "1, " "1, " "1, " "1, " "1, " "1, " "1, " "1, " "1, " "1, " "1, " "1, " "1, " "1, " "1, " "1, " "1, " "1, " "1, " "1, " "1, " "1, " "1, " "1, " "1, " "1, " "1, " "1, " "1, " "1, " "1, " "1, " "1, " "1, " "1, " "1, " "1, " "1, " "1, " "1, " "1, " "1, " "1, " "1, " "1, " "1, " "1, " "1, " "1, " "1, " "1, " "1, " "1, " "1, " "1, " "1, " "1, " "1, " "1, " "1, " "1, " "1, " "1, " "1, " "1, " "1, " "1, " "1, " "1, " "1, " "1, " "1, " "1, " "1, " "1, " "1, " "1, " "1, " "1, " "1, " "1, " "1, " "1, " "1, " "1, " "1, " "1, " "1, " "1, " "1, " "1, " "1, " "1, " "1, " "1, " "1, " "1, " "1, " "1, " "1, " "1, " "1, " "1, " "1, " "1, " "1, " "1, " "1, " "1, " "1, " "1, " "1, " "1, " "1, " "1, " "1, " "1, " "1, " "1, " "1, " "1, " "1, " "1, " "1, " "1, " "1, " "1, " "1, " "1, " "1, " "1, " "1, " "1, " "1, " "1, " "1, " "1, " "1, " "1, " "1, " "1, " "1, " "1, " "1, " "1, " "1, " "1, " "1, " "1, " "1, " "1, " "1, " "1, " "1, " "1, " "1, " "1, " "1, " "1, " "1, " "1, " "1, " "1, " "1, " "1, " "1, " "1, " "1, " "1, " "1, " "1, " "1, " "1, " "1, " "1, " "1, " "1, " "1, " "1, " "1, " "1, " "1, " "1, " "1, " "1, " "1, " "1, " "1, " "1, " "1, " "1, " "1, " "1, " "1, " "1, " "1, " "1, " "1, " "1, " "1, " "1, " "1, " "1, " "1, " "1, " "1, " "1, " "1, " "1, " "0, " "1, " "1, " "1, " "1, " "1, " "1, " "1, " "1, " "1, " "1, " "1, " "1, " "1, " "1, " "1, " "1, " "1, " "1, " "1, " "1, " "1, " "1, " "1, " "1, " "1, " "1, " "1, " "1, " "1, " "1, " "1, " "1, " "1, " "1, " "1, " "1, " "1, " "1, " "1, " "1, " "1, " "1, " "1, " "1, " "1, " "1, " "1, " "1, " "1, " "1, " "1, " "1, " "1, " "1, " "1, " "1, " "1, " "1, " "1, " "1, " "1, " "1, " "1, " "1, " "1, " "1, " "1, " "1, " "1, " "1, " "1, " "1, " "1, " "1, " "1, " "1, " "1, " "1, " "1, " "1, " "1, " "1, " "1, " "1, " "1, " "1, " "1, " "1, " "1, " "1, " "1, " "1, " "1, " "1, " "1, " "1, " "1, " "1, " "1, " "1, " "1, " "1, " "1, " "1, " "1, " "1, " "1, " "1, " "1, " "1, " "1, " "1, " "1, " "1, " "1, " "1, " "1, " "1, " "1, " "1, " "1, " "1, " "1, " "1, " "1, " "1, " "1, " "1, " "1, " "1, " "1, " "1, " "1, " "1, " "1, " "1, " "1, " "1, " "1, " "1, " "1, " "1, " "1, " "1, " "1, " "1, " "1, " "1, " "1, " "1, " "1, " "1, " "1, " "1, " "1, " "1, " "1, " "1, " "1, " "1, " "1, " "1, " "1, " "1, " "1, " "1, " "1, " "1, " "1, " "1, " "1, " "1, " "1, " "1, " "1, " "1, " "1, " "1, "204
 "Nei335, 0.14, " "0.015, " "1, " "1, " "1, " "1, " "1, " "1, " "1, " "1, " "1, " "1, " "1, " "1, " "1, " "1, " "1, " "1, " "1, " "1, " "1, " "1, " "1, " "1, " "1, " "1, " "1, " "1, " "1, " "1, " "1, " "1, " "1, " "1, " "1, " "1, " "1, " "1, " "1, " "1, " "1, " "1, " "1, " "1, " "1, " "1, " "1, " "1, " "1, " "1, " "1, " "1, " "1, " "1, " "1, " "1, " "1, " "1, " "1, " "1, " "1, " "1, " "1, " "1, " "1, " "1, " "1, " "1, " "1, " "1, " "1, " "1, " "1, " "1, " "1, " "1, " "1, " "1, " "1, " "1, " "1, " "1, " "1, " "1, " "1, " "1, " "1, " "1, " "1, " "1, " "1, " "1, " "1, " "1, " "1, " "1, " "1, " "1, " "1, " "1, " "1, " "1, " "1, " "1, " "1, " "1, " "1, " "1, " "1, " "1, " "1, " "1, " "1, " "1, " "1, " "1, " "1, " "1, " "1, " "1, " "1, " "1, " "1, " "1, " "1, " "1, " "1, " "1, " "1, " "1, " "1, " "1, " "1, " "1, " "1, " "1, " "1, " "1, " "1, " "1, " "1, " "1, " "1, " "1, " "1, " "1, " "1, " "1, " "1, " "1, " "1, " "1, " "1, " "1, " "1, " "1, " "1, " "1, " "1, " "1, " "1, " "1, " "1, " "1, " "1, " "1, " "1, " "1, " "1, " "1, " "1, " "1, " "1, " "1, " "1, " "1, " "1, " "1, " "1, " "1, " "1, " "1, " "1, " "1, " "1, " "1, " "1, " "1, " "1, " "1, " "1, " "1, " "1, " "1, " "1, " "1, " "1, " "1, " "1, " "1, " "1, " "1, " "1, " "1, " "1, " "1, " "1, " "1, " "1, " "1, " "1, " "1, " "1, " "1, " "1, " "1, " "1, " "1, " "1, " "1, " "1, " "1, " "1, " "1, " "1, " "1, " "1, " "1, " "1, " "1, " "1, " "1, " "1, " "1, " "1, " "1, " "1, " "1, " "1, " "1, " "1, " "1, " "1, " "1, " "1, " "1, " "1, " "1, " "1, " "1, " "1, " "1, " "1, " "1, " "1, " "1, " "1, " "1, " "1, " "1, " "1, " "1, " "1, " "1, " "1, " "1, " "1, " "1, " "1, " "1, " "1, " "1, " "1, " "1, " "1, " "1, " "1, " "1, " "1, " "1, " "1, " "1, " "1, " "1, " "1, " "1, " "1, " "1, " "1, " "1, " "1, " "1, " "1, " "1, " "1, " "1, " "1, " "1, " "1, " "1, " "1, " "1, " "1, " "1, " "1, " "1, " "1, " "1, " "1, " "1, " "1, " "1, " "1, " "1, " "1, " "1, " "1, " "1, " "1, " "1, " "1, " "1, " "1, " "1, " "1, " "1, " "1, " "1, " "1, " "1, " "1, " "1, " "1, " "1, " "1, " "1, " "1, " "0, " "1, " "1, " "1, " "1, " "1, " "1, " "1, " "1, " "1, " "1, " "1, " "1, " "1, " "1, " "1, " "1, " "1, " "1, " "1, " "1, " "1, " "1, " "1, " "1, " "1, " "1, " "1, " "1, " "1, " "1, " "1, " "1, " "1, " "1, " "1, " "1, " "1, " "1, " "1, " "1, " "1, " "1, " "1, " "1, " "1, " "1, " "1, " "1, " "1, " "1, " "1, " "1, " "1, " "1, " "1, " "1, " "1, " "1, " "1, " "1, " "1, " "1, " "1, " "1, " "1, " "1, " "1, " "1, " "1, " "1, " "1, " "1, " "1, " "1, " "1, " "1, " "1, " "1, " "1, " "1, " "1, " "1, " "1, " "1, " "1, " "1, " "1, " "1, " "1, " "1, " "1, " "1, " "1, " "1, " "1, " "1, " "1, " "1, " "1, " "1, " "1, " "1, " "1, " "1, " "1, " "1, " "1, " "1, " "1, " "1, " "1, " "1, " "1, " "1, " "1, " "1, " "1, " "1, " "1, " "1, " "1, " "1, " "1, " "1, " "1, " "1, " "1, " "1, " "1, " "1, " "1, " "1, " "1, " "1, " "1, " "1, " "1, " "1, " "1, " "1, " "1, " "1, " "1, " "1, " "1, " "1, " "1, " "1, " "1, " "1, " "1, " "1, " "1, " "1, " "1, " "1, " "1, " "1, " "1, " "1, " "1, " "1, " "1, " "1, " "1, " "1, " "1, " "1, " "1, " "1, " "1, " "1, " "1, " "1, " "1, " "1, " "1, "204
 "Nei336, 0.082, " "0.015, " "1, " "1, " "1, " "1, " "1, " "1, " "1, " "1, " "1, " "1, " "1, " "1, " "1, " "1, " "1, " "1, " "1, " "1, " "1, " "1, " "1, " "1, " "1, " "1, " "1, " "1, " "1, " "1, " "1, " "1, " "1, " "1, " "1, " "1, " "1, " "1, " "1, " "1, " "1, " "1, " "1, " "1, " "1, " "1, " "1, " "1, " "1, " "1, " "1, " "1, " "1, " "1, " "1, " "1, " "1, " "1, " "1, " "1, " "1, " "1, " "1, " "1, " "1, " "1, " "1, " "1, " "1, " "1, " "1, " "1, " "1, " "1, " "1, " "1, " "1, " "1, " "1, " "1, " "1, " "1, " "1, " "1, " "1, " "1, " "1, " "1, " "1, " "1, " "1, " "1, " "1, " "1, " "1, " "1, " "1, " "1, " "1, " "1, " "1, " "1, " "1, " "1, " "1, " "1, " "1, " "1, " "1, " "1, " "1, " "1, " "1, " "1, " "1, " "1, " "1, " "1, " "1, " "1, " "1, " "1, " "1, " "1, " "1, " "1, " "1, " "1, " "1, " "1, " "1, " "1, " "1, " "1, " "1, " "1, " "1, " "1, " "1, " "1, " "1, " "1, " "1, " "1, " "1, " "1, " "1, " "1, " "1, " "1, " "1, " "1, " "1, " "1, " "1, " "1, " "1, " "1, " "1, " "1, " "1, " "1, " "1, " "1, " "1, " "1, " "1, " "1, " "1, " "1, " "1, " "1, " "1, " "1, " "1, " "1, " "1, " "1, " "1, " "1, " "1, " "1, " "1, " "1, " "1, " "1, " "1, " "1, " "1, " "1, " "1, " "1, " "1, " "1, " "1, " "1, " "1, " "1, " "1, " "1, " "1, " "1, " "1, " "1, " "1, " "1, " "1, " "1, " "1, " "1, " "1, " "1, " "1, " "1, " "1, " "1, " "1, " "1, " "1, " "1, " "1, " "1, " "1, " "1, " "1, " "1, " "1, " "1, " "1, " "1, " "1, " "1, " "1, " "1, " "1, " "1, " "1, " "1, " "1, " "1, " "1, " "1, " "1, " "1, " "1, " "1, " "1, " "1, " "1, " "1, " "1, " "1, " "1, " "1, " "1, " "1, " "1, " "1, " "1, " "1, " "1, " "1, " "1, " "1, " "1, " "1, " "1, " "1, " "1, " "1, " "1, " "1, " "1, " "1, " "1, " "1, " "1, " "1, " "1, " "1, " "1, " "1, " "1, " "1, " "1, " "1, " "1, " "1, " "1, " "1, " "1, " "1, " "1, " "1, " "1, " "1, " "1, " "1, " "1, " "1, " "1, " "1, " "1, " "1, " "1, " "1, " "1, " "1, " "1, " "1, " "1, " "1, " "1, " "1, " "1, " "1, " "1, " "1, " "1, " "1, " "1, " "1, " "1, " "1, " "1, " "1, " "1, " "1, " "1, " "1, " "1, " "1, " "1, " "1, " "1, " "1, " "1, " "1, " "0, " "1, " "1, " "1, " "1, " "1, " "1, " "1, " "1, " "1, " "1, " "1, " "1, " "1, " "1, " "1, " "1, " "1, " "1, " "1, " "1, " "1, " "1, " "1, " "1, " "1, " "1, " "1, " "1, " "1, " "1, " "1, " "1, " "1, " "1, " "1, " "1, " "1, " "1, " "1, " "1, " "1, " "1, " "1, " "1, " "1, " "1, " "1, " "1, " "1, " "1, " "1, " "1, " "1, " "1, " "1, " "1, " "1, " "1, " "1, " "1, " "1, " "1, " "1, " "1, " "1, " "1, " "1, " "1, " "1, " "1, " "1, " "1, " "1, " "1, " "1, " "1, " "1, " "1, " "1, " "1, " "1, " "1, " "1, " "1, " "1, " "1, " "1, " "1, " "1, " "1, " "1, " "1, " "1, " "1, " "1, " "1, " "1, " "1, " "1, " "1, " "1, " "1, " "1, " "1, " "1, " "1, " "1, " "1, " "1, " "1, " "1, " "1, " "1, " "1, " "1, " "1, " "1, " "1, " "1, " "1, " "1, " "1, " "1, " "1, " "1, " "1, " "1, " "1, " "1, " "1, " "1, " "1, " "1, " "1, " "1, " "1, " "1, " "1, " "1, " "1, " "1, " "1, " "1, " "1, " "1, " "1, " "1, " "1, " "1, " "1, " "1, " "1, " "1, " "1, " "1, " "1, " "1, " "1, " "1, " "1, " "1, " "1, " "1, " "1, " "1, " "1, " "1, " "1, " "1, " "1, " "1, " "1, " "1, " "1, " "1, " "1, "204
 "Nei337, 0.038, " "0.015, " "1, " "1, " "1, " "1, " "1, " "1, " "1, " "1, " "1, " "1, " "1, " "1, " "1, " "1, " "1, " "1, " "1, " "1, " "1, " "1, " "1, " "1, " "1, " "1, " "1, " "1, " "1, " "1, " "1, " "1, " "1, " "1, " "1, " "1, " "1, " "1, " "1, " "1, " "1, " "1, " "1, " "1, " "1, " "1, " "1, " "1, " "1, " "1, " "1, " "1, " "1, " "1, " "1, " "1, " "1, " "1, " "1, " "1, " "1, " "1, " "1, " "1, " "1, " "1, " "1, " "1, " "1, " "1, " "1, " "1, " "1, " "1, " "1, " "1, " "1, " "1, " "1, " "1, " "1, " "1, " "1, " "1, " "1, " "1, " "1, " "1, " "1, " "1, " "1, " "1, " "1, " "1, " "1, " "1, " "1, " "1, " "1, " "1, " "1, " "1, " "1, " "1, " "1, " "1, " "1, " "1, " "1, " "1, " "1, " "1, " "1, " "1, " "1, " "1, " "1, " "1, " "1, " "1, " "1, " "1, " "1, " "1, " "1, " "1, " "1, " "1, " "1, " "1, " "1, " "1, " "1, " "1, " "1, " "1, " "1, " "1, " "1, " "1, " "1, " "1, " "1, " "1, " "1, " "1, " "1, " "1, " "1, " "1, " "1, " "1, " "1, " "1, " "1, " "1, " "1, " "1, " "1, " "1, " "1, " "1, " "1, " "1, " "1, " "1, " "1, " "1, " "1, " "1, " "1, " "1, " "1, " "1, " "1, " "1, " "1, " "1, " "1, " "1, " "1, " "1, " "1, " "1, " "1, " "1, " "1, " "1, " "1, " "1, " "1, " "1, " "1, " "1, " "1, " "1, " "1, " "1, " "1, " "1, " "1, " "1, " "1, " "1, " "1, " "1, " "1, " "1, " "1, " "1, " "1, " "1, " "1, " "1, " "1, " "1, " "1, " "1, " "1, " "1, " "1, " "1, " "1, " "1, " "1, " "1, " "1, " "1, " "1, " "1, " "1, " "1, " "1, " "1, " "1, " "1, " "1, " "1, " "1, " "1, " "1, " "1, " "1, " "1, " "1, " "1, " "1, " "1, " "1, " "1, " "1, " "1, " "1, " "1, " "1, " "1, " "1, " "1, " "1, " "1, " "1, " "1, " "1, " "1, " "1, " "1, " "1, " "1, " "1, " "1, " "1, " "1, " "1, " "1, " "1, " "1, " "1, " "1, " "1, " "1, " "1, " "1, " "1, " "1, " "1, " "1, " "1, " "1, " "1, " "1, " "1, " "1, " "1, " "1, " "1, " "1, " "1, " "1, " "1, " "1, " "1, " "1, " "1, " "1, " "1, " "1, " "1, " "1, " "1, " "1, " "1, " "1, " "1, " "1, " "1, " "1, " "1, " "1, " "1, " "1, " "1, " "1, " "1, " "1, " "1, " "1, " "1, " "1, " "1, " "1, " "1, " "1, " "1, " "1, " "1, " "1, " "1, " "1, " "1, " "0, " "1, " "1, " "1, " "1, " "1, " "1, " "1, " "1, " "1, " "1, " "1, " "1, " "1, " "1, " "1, " "1, " "1, " "1, " "1, " "1, " "1, " "1, " "1, " "1, " "1, " "1, " "1, " "1, " "1, " "1, " "1, " "1, " "1, " "1, " "1, " "1, " "1, " "1, " "1, " "1, " "1, " "1, " "1, " "1, " "1, " "1, " "1, " "1, " "1, " "1, " "1, " "1, " "1, " "1, " "1, " "1, " "1, " "1, " "1, " "1, " "1, " "1, " "1, " "1, " "1, " "1, " "1, " "1, " "1, " "1, " "1, " "1, " "1, " "1, " "1, " "1, " "1, " "1, " "1, " "1, " "1, " "1, " "1, " "1, " "1, " "1, " "1, " "1, " "1, " "1, " "1, " "1, " "1, " "1, " "1, " "1, " "1, " "1, " "1, " "1, " "1, " "1, " "1, " "1, " "1, " "1, " "1, " "1, " "1, " "1, " "1, " "1, " "1, " "1, " "1, " "1, " "1, " "1, " "1, " "1, " "1, " "1, " "1, " "1, " "1, " "1, " "1, " "1, " "1, " "1, " "1, " "1, " "1, " "1, " "1, " "1, " "1, " "1, " "1, " "1, " "1, " "1, " "1, " "1, " "1, " "1, " "1, " "1, " "1, " "1, " "1, " "1, " "1, " "1, " "1, " "1, " "1, " "1, " "1, " "1, " "1, " "1, " "1, " "1, " "1, " "1, " "1, " "1, " "1, " "1, " "1, " "1, " "1, " "1, " "1, "204
 "Nei338, 0.362, " "0.015, " "1, " "1, " "1, " "1, " "1, " "1, " "1, " "1, " "1, " "1, " "1, " "1, " "1, " "1, " "1, " "1, " "1, " "1, " "1, " "1, " "1, " "1, " "1, " "1, " "1, " "1, " "1, " "1, " "1, " "1, " "1, " "1, " "1, " "1, " "1, " "1, " "1, " "1, " "1, " "1, " "1, " "1, " "1, " "1, " "1, " "1, " "1, " "1, " "1, " "1, " "1, " "1, " "1, " "1, " "1, " "1, " "1, " "1, " "1, " "1, " "1, " "1, " "1, " "1, " "1, " "1, " "1, " "1, " "1, " "1, " "1, " "1, " "1, " "1, " "1, " "1, " "1, " "1, " "1, " "1, " "1, " "1, " "1, " "1, " "1, " "1, " "1, " "1, " "1, " "1, " "1, " "1, " "1, " "1, " "1, " "1, " "1, " "1, " "1, " "1, " "1, " "1, " "1, " "1, " "1, " "1, " "1, " "1, " "1, " "1, " "1, " "1, " "1, " "1, " "1, " "1, " "1, " "1, " "1, " "1, " "1, " "1, " "1, " "1, " "1, " "1, " "1, " "1, " "1, " "1, " "1, " "1, " "1, " "1, " "1, " "1, " "1, " "1, " "1, " "1, " "1, " "1, " "1, " "1, " "1, " "1, " "1, " "1, " "1, " "1, " "1, " "1, " "1, " "1, " "1, " "1, " "1, " "1, " "1, " "1, " "1, " "1, " "1, " "1, " "1, " "1, " "1, " "1, " "1, " "1, " "1, " "1, " "1, " "1, " "1, " "1, " "1, " "1, " "1, " "1, " "1, " "1, " "1, " "1, " "1, " "1, " "1, " "1, " "1, " "1, " "1, " "1, " "1, " "1, " "1, " "1, " "1, " "1, " "1, " "1, " "1, " "1, " "1, " "1, " "1, " "1, " "1, " "1, " "1, " "1, " "1, " "1, " "1, " "1, " "1, " "1, " "1, " "1, " "1, " "1, " "1, " "1, " "1, " "1, " "1, " "1, " "1, " "1, " "1, " "1, " "1, " "1, " "1, " "1, " "1, " "1, " "1, " "1, " "1, " "1, " "1, " "1, " "1, " "1, " "1, " "1, " "1, " "1, " "1, " "1, " "1, " "1, " "1, " "1, " "1, " "1, " "1, " "1, " "1, " "1, " "1, " "1, " "1, " "1, " "1, " "1, " "1, " "1, " "1, " "1, " "1, " "1, " "1, " "1, " "1, " "1, " "1, " "1, " "1, " "1, " "1, " "1, " "1, " "1, " "1, " "1, " "1, " "1, " "1, " "1, " "1, " "1, " "1, " "1, " "1, " "1, " "1, " "1, " "1, " "1, " "1, " "1, " "1, " "1, " "1, " "1, " "1, " "1, " "1, " "1, " "1, " "1, " "1, " "1, " "1, " "1, " "1, " "1, " "1, " "1, " "1, " "1, " "1, " "1, " "1, " "1, " "1, " "1, " "1, " "1, " "1, " "1, " "1, " "1, " "1, " "1, " "1, " "1, " "0, " "1, " "1, " "1, " "1, " "1, " "1, " "1, " "1, " "1, " "1, " "1, " "1, " "1, " "1, " "1, " "1, " "1, " "1, " "1, " "1, " "1, " "1, " "1, " "1, " "1, " "1, " "1, " "1, " "1, " "1, " "1, " "1, " "1, " "1, " "1, " "1, " "1, " "1, " "1, " "1, " "1, " "1, " "1, " "1, " "1, " "1, " "1, " "1, " "1, " "1, " "1, " "1, " "1, " "1, " "1, " "1, " "1, " "1, " "1, " "1, " "1, " "1, " "1, " "1, " "1, " "1, " "1, " "1, " "1, " "1, " "1, " "1, " "1, " "1, " "1, " "1, " "1, " "1, " "1, " "1, " "1, " "1, " "1, " "1, " "1, " "1, " "1, " "1, " "1, " "1, " "1, " "1, " "1, " "1, " "1, " "1, " "1, " "1, " "1, " "1, " "1, " "1, " "1, " "1, " "1, " "1, " "1, " "1, " "1, " "1, " "1, " "1, " "1, " "1, " "1, " "1, " "1, " "1, " "1, " "1, " "1, " "1, " "1, " "1, " "1, " "1, " "1, " "1, " "1, " "1, " "1, " "1, " "1, " "1, " "1, " "1, " "1, " "1, " "1, " "1, " "1, " "1, " "1, " "1, " "1, " "1, " "1, " "1, " "1, " "1, " "1, " "1, " "1, " "1, " "1, " "1, " "1, " "1, " "1, " "1, " "1, " "1, " "1, " "1, " "1, " "1, " "1, " "1, " "1, " "1, " "1, " "1, " "1, " "1, "204
 "Nei339, 0.304, " "0.015, " "1, " "1, " "1, " "1, " "1, " "1, " "1, " "1, " "1, " "1, " "1, " "1, " "1, " "1, " "1, " "1, " "1, " "1, " "1, " "1, " "1, " "1, " "1, " "1, " "1, " "1, " "1, " "1, " "1, " "1, " "1, " "1, " "1, " "1, " "1, " "1, " "1, " "1, " "1, " "1, " "1, " "1, " "1, " "1, " "1, " "1, " "1, " "1, " "1, " "1, " "1, " "1, " "1, " "1, " "1, " "1, " "1, " "1, " "1, " "1, " "1, " "1, " "1, " "1, " "1, " "1, " "1, " "1, " "1, " "1, " "1, " "1, " "1, " "1, " "1, " "1, " "1, " "1, " "1, " "1, " "1, " "1, " "1, " "1, " "1, " "1, " "1, " "1, " "1, " "1, " "1, " "1, " "1, " "1, " "1, " "1, " "1, " "1, " "1, " "1, " "1, " "1, " "1, " "1, " "1, " "1, " "1, " "1, " "1, " "1, " "1, " "1, " "1, " "1, " "1, " "1, " "1, " "1, " "1, " "1, " "1, " "1, " "1, " "1, " "1, " "1, " "1, " "1, " "1, " "1, " "1, " "1, " "1, " "1, " "1, " "1, " "1, " "1, " "1, " "1, " "1, " "1, " "1, " "1, " "1, " "1, " "1, " "1, " "1, " "1, " "1, " "1, " "1, " "1, " "1, " "1, " "1, " "1, " "1, " "1, " "1, " "1, " "1, " "1, " "1, " "1, " "1, " "1, " "1, " "1, " "1, " "1, " "1, " "1, " "1, " "1, " "1, " "1, " "1, " "1, " "1, " "1, " "1, " "1, " "1, " "1, " "1, " "1, " "1, " "1, " "1, " "1, " "1, " "1, " "1, " "1, " "1, " "1, " "1, " "1, " "1, " "1, " "1, " "1, " "1, " "1, " "1, " "1, " "1, " "1, " "1, " "1, " "1, " "1, " "1, " "1, " "1, " "1, " "1, " "1, " "1, " "1, " "1, " "1, " "1, " "1, " "1, " "1, " "1, " "1, " "1, " "1, " "1, " "1, " "1, " "1, " "1, " "1, " "1, " "1, " "1, " "1, " "1, " "1, " "1, " "1, " "1, " "1, " "1, " "1, " "1, " "1, " "1, " "1, " "1, " "1, " "1, " "1, " "1, " "1, " "1, " "1, " "1, " "1, " "1, " "1, " "1, " "1, " "1, " "1, " "1, " "1, " "1, " "1, " "1, " "1, " "1, " "1, " "1, " "1, " "1, " "1, " "1, " "1, " "1, " "1, " "1, " "1, " "1, " "1, " "1, " "1, " "1, " "1, " "1, " "1, " "1, " "1, " "1, " "1, " "1, " "1, " "1, " "1, " "1, " "1, " "1, " "1, " "1, " "1, " "1, " "1, " "1, " "1, " "1, " "1, " "1, " "1, " "1, " "1, " "1, " "1, " "1, " "1, " "1, " "1, " "1, " "1, " "1, " "1, " "1, " "1, " "1, " "1, " "1, " "1, " "1, " "1, " "1, " "0, " "1, " "1, " "1, " "1, " "1, " "1, " "1, " "1, " "1, " "1, " "1, " "1, " "1, " "1, " "1, " "1, " "1, " "1, " "1, " "1, " "1, " "1, " "1, " "1, " "1, " "1, " "1, " "1, " "1, " "1, " "1, " "1, " "1, " "1, " "1, " "1, " "1, " "1, " "1, " "1, " "1, " "1, " "1, " "1, " "1, " "1, " "1, " "1, " "1, " "1, " "1, " "1, " "1, " "1, " "1, " "1, " "1, " "1, " "1, " "1, " "1, " "1, " "1, " "1, " "1, " "1, " "1, " "1, " "1, " "1, " "1, " "1, " "1, " "1, " "1, " "1, " "1, " "1, " "1, " "1, " "1, " "1, " "1, " "1, " "1, " "1, " "1, " "1, " "1, " "1, " "1, " "1, " "1, " "1, " "1, " "1, " "1, " "1, " "1, " "1, " "1, " "1, " "1, " "1, " "1, " "1, " "1, " "1, " "1, " "1, " "1, " "1, " "1, " "1, " "1, " "1, " "1, " "1, " "1, " "1, " "1, " "1, " "1, " "1, " "1, " "1, " "1, " "1, " "1, " "1, " "1, " "1, " "1, " "1, " "1, " "1, " "1, " "1, " "1, " "1, " "1, " "1, " "1, " "1, " "1, " "1, " "1, " "1, " "1, " "1, " "1, " "1, " "1, " "1, " "1, " "1, " "1, " "1, " "1, " "1, " "1, " "1, " "1, " "1, " "1, " "1, " "1, " "1, " "1, " "1, " "1, " "1, " "1, "204
 "Nei340, 0.18, " "0.015, " "1, " "1, " "1, " "1, " "1, " "1, " "1, " "1, " "1, " "1, " "1, " "1, " "1, " "1, " "1, " "1, " "1, " "1, " "1, " "1, " "1, " "1, " "1, " "1, " "1, " "1, " "1, " "1, " "1, " "1, " "1, " "1, " "1, " "1, " "1, " "1, " "1, " "1, " "1, " "1, " "1, " "1, " "1, " "1, " "1, " "1, " "1, " "1, " "1, " "1, " "1, " "1, " "1, " "1, " "1, " "1, " "1, " "1, " "1, " "1, " "1, " "1, " "1, " "1, " "1, " "1, " "1, " "1, " "1, " "1, " "1, " "1, " "1, " "1, " "1, " "1, " "1, " "1, " "1, " "1, " "1, " "1, " "1, " "1, " "1, " "1, " "1, " "1, " "1, " "1, " "1, " "1, " "1, " "1, " "1, " "1, " "1, " "1, " "1, " "1, " "1, " "1, " "1, " "1, " "1, " "1, " "1, " "1, " "1, " "1, " "1, " "1, " "1, " "1, " "1, " "1, " "1, " "1, " "1, " "1, " "1, " "1, " "1, " "1, " "1, " "1, " "1, " "1, " "1, " "1, " "1, " "1, " "1, " "1, " "1, " "1, " "1, " "1, " "1, " "1, " "1, " "1, " "1, " "1, " "1, " "1, " "1, " "1, " "1, " "1, " "1, " "1, " "1, " "1, " "1, " "1, " "1, " "1, " "1, " "1, " "1, " "1, " "1, " "1, " "1, " "1, " "1, " "1, " "1, " "1, " "1, " "1, " "1, " "1, " "1, " "1, " "1, " "1, " "1, " "1, " "1, " "1, " "1, " "1, " "1, " "1, " "1, " "1, " "1, " "1, " "1, " "1, " "1, " "1, " "1, " "1, " "1, " "1, " "1, " "1, " "1, " "1, " "1, " "1, " "1, " "1, " "1, " "1, " "1, " "1, " "1, " "1, " "1, " "1, " "1, " "1, " "1, " "1, " "1, " "1, " "1, " "1, " "1, " "1, " "1, " "1, " "1, " "1, " "1, " "1, " "1, " "1, " "1, " "1, " "1, " "1, " "1, " "1, " "1, " "1, " "1, " "1, " "1, " "1, " "1, " "1, " "1, " "1, " "1, " "1, " "1, " "1, " "1, " "1, " "1, " "1, " "1, " "1, " "1, " "1, " "1, " "1, " "1, " "1, " "1, " "1, " "1, " "1, " "1, " "1, " "1, " "1, " "1, " "1, " "1, " "1, " "1, " "1, " "1, " "1, " "1, " "1, " "1, " "1, " "1, " "1, " "1, " "1, " "1, " "1, " "1, " "1, " "1, " "1, " "1, " "1, " "1, " "1, " "1, " "1, " "1, " "1, " "1, " "1, " "1, " "1, " "1, " "1, " "1, " "1, " "1, " "1, " "1, " "1, " "1, " "1, " "1, " "1, " "1, " "1, " "1, " "1, " "1, " "1, " "1, " "1, " "1, " "1, " "1, " "1, " "1, " "1, " "1, " "1, " "1, " "1, " "1, " "1, " "1, " "1, " "0, " "1, " "1, " "1, " "1, " "1, " "1, " "1, " "1, " "1, " "1, " "1, " "1, " "1, " "1, " "1, " "1, " "1, " "1, " "1, " "1, " "1, " "1, " "1, " "1, " "1, " "1, " "1, " "1, " "1, " "1, " "1, " "1, " "1, " "1, " "1, " "1, " "1, " "1, " "1, " "1, " "1, " "1, " "1, " "1, " "1, " "1, " "1, " "1, " "1, " "1, " "1, " "1, " "1, " "1, " "1, " "1, " "1, " "1, " "1, " "1, " "1, " "1, " "1, " "1, " "1, " "1, " "1, " "1, " "1, " "1, " "1, " "1, " "1, " "1, " "1, " "1, " "1, " "1, " "1, " "1, " "1, " "1, " "1, " "1, " "1, " "1, " "1, " "1, " "1, " "1, " "1, " "1, " "1, " "1, " "1, " "1, " "1, " "1, " "1, " "1, " "1, " "1, " "1, " "1, " "1, " "1, " "1, " "1, " "1, " "1, " "1, " "1, " "1, " "1, " "1, " "1, " "1, " "1, " "1, " "1, " "1, " "1, " "1, " "1, " "1, " "1, " "1, " "1, " "1, " "1, " "1, " "1, " "1, " "1, " "1, " "1, " "1, " "1, " "1, " "1, " "1, " "1, " "1, " "1, " "1, " "1, " "1, " "1, " "1, " "1, " "1, " "1, " "1, " "1, " "1, " "1, " "1, " "1, " "1, " "1, " "1, " "1, " "1, " "1, " "1, " "1, " "1, " "1, " "1, " "1, " "1, " "1, "204
 "Nei341, 0.326, " "0.015, " "1, " "1, " "1, " "1, " "1, " "1, " "1, " "1, " "1, " "1, " "1, " "1, " "1, " "1, " "1, " "1, " "1, " "1, " "1, " "1, " "1, " "1, " "1, " "1, " "1, " "1, " "1, " "1, " "1, " "1, " "1, " "1, " "1, " "1, " "1, " "1, " "1, " "1, " "1, " "1, " "1, " "1, " "1, " "1, " "1, " "1, " "1, " "1, " "1, " "1, " "1, " "1, " "1, " "1, " "1, " "1, " "1, " "1, " "1, " "1, " "1, " "1, " "1, " "1, " "1, " "1, " "1, " "1, " "1, " "1, " "1, " "1, " "1, " "1, " "1, " "1, " "1, " "1, " "1, " "1, " "1, " "1, " "1, " "1, " "1, " "1, " "1, " "1, " "1, " "1, " "1, " "1, " "1, " "1, " "1, " "1, " "1, " "1, " "1, " "1, " "1, " "1, " "1, " "1, " "1, " "1, " "1, " "1, " "1, " "1, " "1, " "1, " "1, " "1, " "1, " "1, " "1, " "1, " "1, " "1, " "1, " "1, " "1, " "1, " "1, " "1, " "1, " "1, " "1, " "1, " "1, " "1, " "1, " "1, " "1, " "1, " "1, " "1, " "1, " "1, " "1, " "1, " "1, " "1, " "1, " "1, " "1, " "1, " "1, " "1, " "1, " "1, " "1, " "1, " "1, " "1, " "1, " "1, " "1, " "1, " "1, " "1, " "1, " "1, " "1, " "1, " "1, " "1, " "1, " "1, " "1, " "1, " "1, " "1, " "1, " "1, " "1, " "1, " "1, " "1, " "1, " "1, " "1, " "1, " "1, " "1, " "1, " "1, " "1, " "1, " "1, " "1, " "1, " "1, " "1, " "1, " "1, " "1, " "1, " "1, " "1, " "1, " "1, " "1, " "1, " "1, " "1, " "1, " "1, " "1, " "1, " "1, " "1, " "1, " "1, " "1, " "1, " "1, " "1, " "1, " "1, " "1, " "1, " "1, " "1, " "1, " "1, " "1, " "1, " "1, " "1, " "1, " "1, " "1, " "1, " "1, " "1, " "1, " "1, " "1, " "1, " "1, " "1, " "1, " "1, " "1, " "1, " "1, " "1, " "1, " "1, " "1, " "1, " "1, " "1, " "1, " "1, " "1, " "1, " "1, " "1, " "1, " "1, " "1, " "1, " "1, " "1, " "1, " "1, " "1, " "1, " "1, " "1, " "1, " "1, " "1, " "1, " "1, " "1, " "1, " "1, " "1, " "1, " "1, " "1, " "1, " "1, " "1, " "1, " "1, " "1, " "1, " "1, " "1, " "1, " "1, " "1, " "1, " "1, " "1, " "1, " "1, " "1, " "1, " "1, " "1, " "1, " "1, " "1, " "1, " "1, " "1, " "1, " "1, " "1, " "1, " "1, " "1, " "1, " "1, " "1, " "1, " "1, " "1, " "1, " "1, " "1, " "1, " "1, " "1, " "1, " "1, " "1, " "1, " "1, " "1, " "1, " "1, " "1, " "1, " "1, " "0, " "1, " "1, " "1, " "1, " "1, " "1, " "1, " "1, " "1, " "1, " "1, " "1, " "1, " "1, " "1, " "1, " "1, " "1, " "1, " "1, " "1, " "1, " "1, " "1, " "1, " "1, " "1, " "1, " "1, " "1, " "1, " "1, " "1, " "1, " "1, " "1, " "1, " "1, " "1, " "1, " "1, " "1, " "1, " "1, " "1, " "1, " "1, " "1, " "1, " "1, " "1, " "1, " "1, " "1, " "1, " "1, " "1, " "1, " "1, " "1, " "1, " "1, " "1, " "1, " "1, " "1, " "1, " "1, " "1, " "1, " "1, " "1, " "1, " "1, " "1, " "1, " "1, " "1, " "1, " "1, " "1, " "1, " "1, " "1, " "1, " "1, " "1, " "1, " "1, " "1, " "1, " "1, " "1, " "1, " "1, " "1, " "1, " "1, " "1, " "1, " "1, " "1, " "1, " "1, " "1, " "1, " "1, " "1, " "1, " "1, " "1, " "1, " "1, " "1, " "1, " "1, " "1, " "1, " "1, " "1, " "1, " "1, " "1, " "1, " "1, " "1, " "1, " "1, " "1, " "1, " "1, " "1, " "1, " "1, " "1, " "1, " "1, " "1, " "1, " "1, " "1, " "1, " "1, " "1, " "1, " "1, " "1, " "1, " "1, " "1, " "1, " "1, " "1, " "1, " "1, " "1, " "1, " "1, " "1, " "1, " "1, " "1, " "1, " "1, " "1, " "1, " "1, " "1, " "1, " "1, " "1, "204
 "Nei342, 0.134, " "0.015, " "1, " "1, " "1, " "1, " "1, " "1, " "1, " "1, " "1, " "1, " "1, " "1, " "1, " "1, " "1, " "1, " "1, " "1, " "1, " "1, " "1, " "1, " "1, " "1, " "1, " "1, " "1, " "1, " "1, " "1, " "1, " "1, " "1, " "1, " "1, " "1, " "1, " "1, " "1, " "1, " "1, " "1, " "1, " "1, " "1, " "1, " "1, " "1, " "1, " "1, " "1, " "1, " "1, " "1, " "1, " "1, " "1, " "1, " "1, " "1, " "1, " "1, " "1, " "1, " "1, " "1, " "1, " "1, " "1, " "1, " "1, " "1, " "1, " "1, " "1, " "1, " "1, " "1, " "1, " "1, " "1, " "1, " "1, " "1, " "1, " "1, " "1, " "1, " "1, " "1, " "1, " "1, " "1, " "1, " "1, " "1, " "1, " "1, " "1, " "1, " "1, " "1, " "1, " "1, " "1, " "1, " "1, " "1, " "1, " "1, " "1, " "1, " "1, " "1, " "1, " "1, " "1, " "1, " "1, " "1, " "1, " "1, " "1, " "1, " "1, " "1, " "1, " "1, " "1, " "1, " "1, " "1, " "1, " "1, " "1, " "1, " "1, " "1, " "1, " "1, " "1, " "1, " "1, " "1, " "1, " "1, " "1, " "1, " "1, " "1, " "1, " "1, " "1, " "1, " "1, " "1, " "1, " "1, " "1, " "1, " "1, " "1, " "1, " "1, " "1, " "1, " "1, " "1, " "1, " "1, " "1, " "1, " "1, " "1, " "1, " "1, " "1, " "1, " "1, " "1, " "1, " "1, " "1, " "1, " "1, " "1, " "1, " "1, " "1, " "1, " "1, " "1, " "1, " "1, " "1, " "1, " "1, " "1, " "1, " "1, " "1, " "1, " "1, " "1, " "1, " "1, " "1, " "1, " "1, " "1, " "1, " "1, " "1, " "1, " "1, " "1, " "1, " "1, " "1, " "1, " "1, " "1, " "1, " "1, " "1, " "1, " "1, " "1, " "1, " "1, " "1, " "1, " "1, " "1, " "1, " "1, " "1, " "1, " "1, " "1, " "1, " "1, " "1, " "1, " "1, " "1, " "1, " "1, " "1, " "1, " "1, " "1, " "1, " "1, " "1, " "1, " "1, " "1, " "1, " "1, " "1, " "1, " "1, " "1, " "1, " "1, " "1, " "1, " "1, " "1, " "1, " "1, " "1, " "1, " "1, " "1, " "1, " "1, " "1, " "1, " "1, " "1, " "1, " "1, " "1, " "1, " "1, " "1, " "1, " "1, " "1, " "1, " "1, " "1, " "1, " "1, " "1, " "1, " "1, " "1, " "1, " "1, " "1, " "1, " "1, " "1, " "1, " "1, " "1, " "1, " "1, " "1, " "1, " "1, " "1, " "1, " "1, " "1, " "1, " "1, " "1, " "1, " "1, " "1, " "1, " "1, " "1, " "1, " "1, " "1, " "1, " "1, " "1, " "1, " "1, " "1, " "1, " "1, " "1, " "1, " "1, " "1, " "0, " "1, " "1, " "1, " "1, " "1, " "1, " "1, " "1, " "1, " "1, " "1, " "1, " "1, " "1, " "1, " "1, " "1, " "1, " "1, " "1, " "1, " "1, " "1, " "1, " "1, " "1, " "1, " "1, " "1, " "1, " "1, " "1, " "1, " "1, " "1, " "1, " "1, " "1, " "1, " "1, " "1, " "1, " "1, " "1, " "1, " "1, " "1, " "1, " "1, " "1, " "1, " "1, " "1, " "1, " "1, " "1, " "1, " "1, " "1, " "1, " "1, " "1, " "1, " "1, " "1, " "1, " "1, " "1, " "1, " "1, " "1, " "1, " "1, " "1, " "1, " "1, " "1, " "1, " "1, " "1, " "1, " "1, " "1, " "1, " "1, " "1, " "1, " "1, " "1, " "1, " "1, " "1, " "1, " "1, " "1, " "1, " "1, " "1, " "1, " "1, " "1, " "1, " "1, " "1, " "1, " "1, " "1, " "1, " "1, " "1, " "1, " "1, " "1, " "1, " "1, " "1, " "1, " "1, " "1, " "1, " "1, " "1, " "1, " "1, " "1, " "1, " "1, " "1, " "1, " "1, " "1, " "1, " "1, " "1, " "1, " "1, " "1, " "1, " "1, " "1, " "1, " "1, " "1, " "1, " "1, " "1, " "1, " "1, " "1, " "1, " "1, " "1, " "1, " "1, " "1, " "1, " "1, " "1, " "1, " "1, " "1, " "1, " "1, " "1, " "1, " "1, " "1, " "1, " "1, " "1, "204
 "Nei343, 0.33, " "0.015, " "1, " "1, " "1, " "1, " "1, " "1, " "1, " "1, " "1, " "1, " "1, " "1, " "1, " "1, " "1, " "1, " "1, " "1, " "1, " "1, " "1, " "1, " "1, " "1, " "1, " "1, " "1, " "1, " "1, " "1, " "1, " "1, " "1, " "1, " "1, " "1, " "1, " "1, " "1, " "1, " "1, " "1, " "1, " "1, " "1, " "1, " "1, " "1, " "1, " "1, " "1, " "1, " "1, " "1, " "1, " "1, " "1, " "1, " "1, " "1, " "1, " "1, " "1, " "1, " "1, " "1, " "1, " "1, " "1, " "1, " "1, " "1, " "1, " "1, " "1, " "1, " "1, " "1, " "1, " "1, " "1, " "1, " "1, " "1, " "1, " "1, " "1, " "1, " "1, " "1, " "1, " "1, " "1, " "1, " "1, " "1, " "1, " "1, " "1, " "1, " "1, " "1, " "1, " "1, " "1, " "1, " "1, " "1, " "1, " "1, " "1, " "1, " "1, " "1, " "1, " "1, " "1, " "1, " "1, " "1, " "1, " "1, " "1, " "1, " "1, " "1, " "1, " "1, " "1, " "1, " "1, " "1, " "1, " "1, " "1, " "1, " "1, " "1, " "1, " "1, " "1, " "1, " "1, " "1, " "1, " "1, " "1, " "1, " "1, " "1, " "1, " "1, " "1, " "1, " "1, " "1, " "1, " "1, " "1, " "1, " "1, " "1, " "1, " "1, " "1, " "1, " "1, " "1, " "1, " "1, " "1, " "1, " "1, " "1, " "1, " "1, " "1, " "1, " "1, " "1, " "1, " "1, " "1, " "1, " "1, " "1, " "1, " "1, " "1, " "1, " "1, " "1, " "1, " "1, " "1, " "1, " "1, " "1, " "1, " "1, " "1, " "1, " "1, " "1, " "1, " "1, " "1, " "1, " "1, " "1, " "1, " "1, " "1, " "1, " "1, " "1, " "1, " "1, " "1, " "1, " "1, " "1, " "1, " "1, " "1, " "1, " "1, " "1, " "1, " "1, " "1, " "1, " "1, " "1, " "1, " "1, " "1, " "1, " "1, " "1, " "1, " "1, " "1, " "1, " "1, " "1, " "1, " "1, " "1, " "1, " "1, " "1, " "1, " "1, " "1, " "1, " "1, " "1, " "1, " "1, " "1, " "1, " "1, " "1, " "1, " "1, " "1, " "1, " "1, " "1, " "1, " "1, " "1, " "1, " "1, " "1, " "1, " "1, " "1, " "1, " "1, " "1, " "1, " "1, " "1, " "1, " "1, " "1, " "1, " "1, " "1, " "1, " "1, " "1, " "1, " "1, " "1, " "1, " "1, " "1, " "1, " "1, " "1, " "1, " "1, " "1, " "1, " "1, " "1, " "1, " "1, " "1, " "1, " "1, " "1, " "1, " "1, " "1, " "1, " "1, " "1, " "1, " "1, " "1, " "1, " "1, " "1, " "1, " "1, " "1, " "1, " "1, " "1, " "1, " "1, " "1, " "1, " "1, " "1, " "1, " "1, " "1, " "1, " "0, " "1, " "1, " "1, " "1, " "1, " "1, " "1, " "1, " "1, " "1, " "1, " "1, " "1, " "1, " "1, " "1, " "1, " "1, " "1, " "1, " "1, " "1, " "1, " "1, " "1, " "1, " "1, " "1, " "1, " "1, " "1, " "1, " "1, " "1, " "1, " "1, " "1, " "1, " "1, " "1, " "1, " "1, " "1, " "1, " "1, " "1, " "1, " "1, " "1, " "1, " "1, " "1, " "1, " "1, " "1, " "1, " "1, " "1, " "1, " "1, " "1, " "1, " "1, " "1, " "1, " "1, " "1, " "1, " "1, " "1, " "1, " "1, " "1, " "1, " "1, " "1, " "1, " "1, " "1, " "1, " "1, " "1, " "1, " "1, " "1, " "1, " "1, " "1, " "1, " "1, " "1, " "1, " "1, " "1, " "1, " "1, " "1, " "1, " "1, " "1, " "1, " "1, " "1, " "1, " "1, " "1, " "1, " "1, " "1, " "1, " "1, " "1, " "1, " "1, " "1, " "1, " "1, " "1, " "1, " "1, " "1, " "1, " "1, " "1, " "1, " "1, " "1, " "1, " "1, " "1, " "1, " "1, " "1, " "1, " "1, " "1, " "1, " "1, " "1, " "1, " "1, " "1, " "1, " "1, " "1, " "1, " "1, " "1, " "1, " "1, " "1, " "1, " "1, " "1, " "1, " "1, " "1, " "1, " "1, " "1, " "1, " "1, " "1, " "1, " "1, " "1, " "1, " "1, " "1, "204
 "Nei344, 0.067, " "0.015, " "1, " "1, " "1, " "1, " "1, " "1, " "1, " "1, " "1, " "1, " "1, " "1, " "1, " "1, " "1, " "1, " "1, " "1, " "1, " "1, " "1, " "1, " "1, " "1, " "1, " "1, " "1, " "1, " "1, " "1, " "1, " "1, " "1, " "1, " "1, " "1, " "1, " "1, " "1, " "1, " "1, " "1, " "1, " "1, " "1, " "1, " "1, " "1, " "1, " "1, " "1, " "1, " "1, " "1, " "1, " "1, " "1, " "1, " "1, " "1, " "1, " "1, " "1, " "1, " "1, " "1, " "1, " "1, " "1, " "1, " "1, " "1, " "1, " "1, " "1, " "1, " "1, " "1, " "1, " "1, " "1, " "1, " "1, " "1, " "1, " "1, " "1, " "1, " "1, " "1, " "1, " "1, " "1, " "1, " "1, " "1, " "1, " "1, " "1, " "1, " "1, " "1, " "1, " "1, " "1, " "1, " "1, " "1, " "1, " "1, " "1, " "1, " "1, " "1, " "1, " "1, " "1, " "1, " "1, " "1, " "1, " "1, " "1, " "1, " "1, " "1, " "1, " "1, " "1, " "1, " "1, " "1, " "1, " "1, " "1, " "1, " "1, " "1, " "1, " "1, " "1, " "1, " "1, " "1, " "1, " "1, " "1, " "1, " "1, " "1, " "1, " "1, " "1, " "1, " "1, " "1, " "1, " "1, " "1, " "1, " "1, " "1, " "1, " "1, " "1, " "1, " "1, " "1, " "1, " "1, " "1, " "1, " "1, " "1, " "1, " "1, " "1, " "1, " "1, " "1, " "1, " "1, " "1, " "1, " "1, " "1, " "1, " "1, " "1, " "1, " "1, " "1, " "1, " "1, " "1, " "1, " "1, " "1, " "1, " "1, " "1, " "1, " "1, " "1, " "1, " "1, " "1, " "1, " "1, " "1, " "1, " "1, " "1, " "1, " "1, " "1, " "1, " "1, " "1, " "1, " "1, " "1, " "1, " "1, " "1, " "1, " "1, " "1, " "1, " "1, " "1, " "1, " "1, " "1, " "1, " "1, " "1, " "1, " "1, " "1, " "1, " "1, " "1, " "1, " "1, " "1, " "1, " "1, " "1, " "1, " "1, " "1, " "1, " "1, " "1, " "1, " "1, " "1, " "1, " "1, " "1, " "1, " "1, " "1, " "1, " "1, " "1, " "1, " "1, " "1, " "1, " "1, " "1, " "1, " "1, " "1, " "1, " "1, " "1, " "1, " "1, " "1, " "1, " "1, " "1, " "1, " "1, " "1, " "1, " "1, " "1, " "1, " "1, " "1, " "1, " "1, " "1, " "1, " "1, " "1, " "1, " "1, " "1, " "1, " "1, " "1, " "1, " "1, " "1, " "1, " "1, " "1, " "1, " "1, " "1, " "1, " "1, " "1, " "1, " "1, " "1, " "1, " "1, " "1, " "1, " "1, " "1, " "1, " "1, " "1, " "1, " "1, " "1, " "1, " "1, " "1, " "1, " "1, " "1, " "1, " "1, " "1, " "1, " "1, " "0, " "1, " "1, " "1, " "1, " "1, " "1, " "1, " "1, " "1, " "1, " "1, " "1, " "1, " "1, " "1, " "1, " "1, " "1, " "1, " "1, " "1, " "1, " "1, " "1, " "1, " "1, " "1, " "1, " "1, " "1, " "1, " "1, " "1, " "1, " "1, " "1, " "1, " "1, " "1, " "1, " "1, " "1, " "1, " "1, " "1, " "1, " "1, " "1, " "1, " "1, " "1, " "1, " "1, " "1, " "1, " "1, " "1, " "1, " "1, " "1, " "1, " "1, " "1, " "1, " "1, " "1, " "1, " "1, " "1, " "1, " "1, " "1, " "1, " "1, " "1, " "1, " "1, " "1, " "1, " "1, " "1, " "1, " "1, " "1, " "1, " "1, " "1, " "1, " "1, " "1, " "1, " "1, " "1, " "1, " "1, " "1, " "1, " "1, " "1, " "1, " "1, " "1, " "1, " "1, " "1, " "1, " "1, " "1, " "1, " "1, " "1, " "1, " "1, " "1, " "1, " "1, " "1, " "1, " "1, " "1, " "1, " "1, " "1, " "1, " "1, " "1, " "1, " "1, " "1, " "1, " "1, " "1, " "1, " "1, " "1, " "1, " "1, " "1, " "1, " "1, " "1, " "1, " "1, " "1, " "1, " "1, " "1, " "1, " "1, " "1, " "1, " "1, " "1, " "1, " "1, " "1, " "1, " "1, " "1, " "1, " "1, " "1, " "1, " "1, " "1, " "1, " "1, " "1, "204
 "Nei345, 0.305, " "0.015, " "1, " "1, " "1, " "1, " "1, " "1, " "1, " "1, " "1, " "1, " "1, " "1, " "1, " "1, " "1, " "1, " "1, " "1, " "1, " "1, " "1, " "1, " "1, " "1, " "1, " "1, " "1, " "1, " "1, " "1, " "1, " "1, " "1, " "1, " "1, " "1, " "1, " "1, " "1, " "1, " "1, " "1, " "1, " "1, " "1, " "1, " "1, " "1, " "1, " "1, " "1, " "1, " "1, " "1, " "1, " "1, " "1, " "1, " "1, " "1, " "1, " "1, " "1, " "1, " "1, " "1, " "1, " "1, " "1, " "1, " "1, " "1, " "1, " "1, " "1, " "1, " "1, " "1, " "1, " "1, " "1, " "1, " "1, " "1, " "1, " "1, " "1, " "1, " "1, " "1, " "1, " "1, " "1, " "1, " "1, " "1, " "1, " "1, " "1, " "1, " "1, " "1, " "1, " "1, " "1, " "1, " "1, " "1, " "1, " "1, " "1, " "1, " "1, " "1, " "1, " "1, " "1, " "1, " "1, " "1, " "1, " "1, " "1, " "1, " "1, " "1, " "1, " "1, " "1, " "1, " "1, " "1, " "1, " "1, " "1, " "1, " "1, " "1, " "1, " "1, " "1, " "1, " "1, " "1, " "1, " "1, " "1, " "1, " "1, " "1, " "1, " "1, " "1, " "1, " "1, " "1, " "1, " "1, " "1, " "1, " "1, " "1, " "1, " "1, " "1, " "1, " "1, " "1, " "1, " "1, " "1, " "1, " "1, " "1, " "1, " "1, " "1, " "1, " "1, " "1, " "1, " "1, " "1, " "1, " "1, " "1, " "1, " "1, " "1, " "1, " "1, " "1, " "1, " "1, " "1, " "1, " "1, " "1, " "1, " "1, " "1, " "1, " "1, " "1, " "1, " "1, " "1, " "1, " "1, " "1, " "1, " "1, " "1, " "1, " "1, " "1, " "1, " "1, " "1, " "1, " "1, " "1, " "1, " "1, " "1, " "1, " "1, " "1, " "1, " "1, " "1, " "1, " "1, " "1, " "1, " "1, " "1, " "1, " "1, " "1, " "1, " "1, " "1, " "1, " "1, " "1, " "1, " "1, " "1, " "1, " "1, " "1, " "1, " "1, " "1, " "1, " "1, " "1, " "1, " "1, " "1, " "1, " "1, " "1, " "1, " "1, " "1, " "1, " "1, " "1, " "1, " "1, " "1, " "1, " "1, " "1, " "1, " "1, " "1, " "1, " "1, " "1, " "1, " "1, " "1, " "1, " "1, " "1, " "1, " "1, " "1, " "1, " "1, " "1, " "1, " "1, " "1, " "1, " "1, " "1, " "1, " "1, " "1, " "1, " "1, " "1, " "1, " "1, " "1, " "1, " "1, " "1, " "1, " "1, " "1, " "1, " "1, " "1, " "1, " "1, " "1, " "1, " "1, " "1, " "1, " "1, " "1, " "1, " "1, " "1, " "1, " "1, " "1, " "1, " "1, " "1, " "1, " "1, " "1, " "1, " "1, " "1, " "1, " "1, " "1, " "0, " "1, " "1, " "1, " "1, " "1, " "1, " "1, " "1, " "1, " "1, " "1, " "1, " "1, " "1, " "1, " "1, " "1, " "1, " "1, " "1, " "1, " "1, " "1, " "1, " "1, " "1, " "1, " "1, " "1, " "1, " "1, " "1, " "1, " "1, " "1, " "1, " "1, " "1, " "1, " "1, " "1, " "1, " "1, " "1, " "1, " "1, " "1, " "1, " "1, " "1, " "1, " "1, " "1, " "1, " "1, " "1, " "1, " "1, " "1, " "1, " "1, " "1, " "1, " "1, " "1, " "1, " "1, " "1, " "1, " "1, " "1, " "1, " "1, " "1, " "1, " "1, " "1, " "1, " "1, " "1, " "1, " "1, " "1, " "1, " "1, " "1, " "1, " "1, " "1, " "1, " "1, " "1, " "1, " "1, " "1, " "1, " "1, " "1, " "1, " "1, " "1, " "1, " "1, " "1, " "1, " "1, " "1, " "1, " "1, " "1, " "1, " "1, " "1, " "1, " "1, " "1, " "1, " "1, " "1, " "1, " "1, " "1, " "1, " "1, " "1, " "1, " "1, " "1, " "1, " "1, " "1, " "1, " "1, " "1, " "1, " "1, " "1, " "1, " "1, " "1, " "1, " "1, " "1, " "1, " "1, " "1, " "1, " "1, " "1, " "1, " "1, " "1, " "1, " "1, " "1, " "1, " "1, " "1, " "1, " "1, " "1, " "1, " "1, " "1, " "1, " "1, " "1, "204
 "Nei346, 0.104, " "0.015, " "1, " "1, " "1, " "1, " "1, " "1, " "1, " "1, " "1, " "1, " "1, " "1, " "1, " "1, " "1, " "1, " "1, " "1, " "1, " "1, " "1, " "1, " "1, " "1, " "1, " "1, " "1, " "1, " "1, " "1, " "1, " "1, " "1, " "1, " "1, " "1, " "1, " "1, " "1, " "1, " "1, " "1, " "1, " "1, " "1, " "1, " "1, " "1, " "1, " "1, " "1, " "1, " "1, " "1, " "1, " "1, " "1, " "1, " "1, " "1, " "1, " "1, " "1, " "1, " "1, " "1, " "1, " "1, " "1, " "1, " "1, " "1, " "1, " "1, " "1, " "1, " "1, " "1, " "1, " "1, " "1, " "1, " "1, " "1, " "1, " "1, " "1, " "1, " "1, " "1, " "1, " "1, " "1, " "1, " "1, " "1, " "1, " "1, " "1, " "1, " "1, " "1, " "1, " "1, " "1, " "1, " "1, " "1, " "1, " "1, " "1, " "1, " "1, " "1, " "1, " "1, " "1, " "1, " "1, " "1, " "1, " "1, " "1, " "1, " "1, " "1, " "1, " "1, " "1, " "1, " "1, " "1, " "1, " "1, " "1, " "1, " "1, " "1, " "1, " "1, " "1, " "1, " "1, " "1, " "1, " "1, " "1, " "1, " "1, " "1, " "1, " "1, " "1, " "1, " "1, " "1, " "1, " "1, " "1, " "1, " "1, " "1, " "1, " "1, " "1, " "1, " "1, " "1, " "1, " "1, " "1, " "1, " "1, " "1, " "1, " "1, " "1, " "1, " "1, " "1, " "1, " "1, " "1, " "1, " "1, " "1, " "1, " "1, " "1, " "1, " "1, " "1, " "1, " "1, " "1, " "1, " "1, " "1, " "1, " "1, " "1, " "1, " "1, " "1, " "1, " "1, " "1, " "1, " "1, " "1, " "1, " "1, " "1, " "1, " "1, " "1, " "1, " "1, " "1, " "1, " "1, " "1, " "1, " "1, " "1, " "1, " "1, " "1, " "1, " "1, " "1, " "1, " "1, " "1, " "1, " "1, " "1, " "1, " "1, " "1, " "1, " "1, " "1, " "1, " "1, " "1, " "1, " "1, " "1, " "1, " "1, " "1, " "1, " "1, " "1, " "1, " "1, " "1, " "1, " "1, " "1, " "1, " "1, " "1, " "1, " "1, " "1, " "1, " "1, " "1, " "1, " "1, " "1, " "1, " "1, " "1, " "1, " "1, " "1, " "1, " "1, " "1, " "1, " "1, " "1, " "1, " "1, " "1, " "1, " "1, " "1, " "1, " "1, " "1, " "1, " "1, " "1, " "1, " "1, " "1, " "1, " "1, " "1, " "1, " "1, " "1, " "1, " "1, " "1, " "1, " "1, " "1, " "1, " "1, " "1, " "1, " "1, " "1, " "1, " "1, " "1, " "1, " "1, " "1, " "1, " "1, " "1, " "1, " "1, " "1, " "1, " "1, " "1, " "1, " "1, " "1, " "1, " "1, " "1, " "1, " "1, " "1, " "1, " "1, " "1, " "1, " "0, " "1, " "1, " "1, " "1, " "1, " "1, " "1, " "1, " "1, " "1, " "1, " "1, " "1, " "1, " "1, " "1, " "1, " "1, " "1, " "1, " "1, " "1, " "1, " "1, " "1, " "1, " "1, " "1, " "1, " "1, " "1, " "1, " "1, " "1, " "1, " "1, " "1, " "1, " "1, " "1, " "1, " "1, " "1, " "1, " "1, " "1, " "1, " "1, " "1, " "1, " "1, " "1, " "1, " "1, " "1, " "1, " "1, " "1, " "1, " "1, " "1, " "1, " "1, " "1, " "1, " "1, " "1, " "1, " "1, " "1, " "1, " "1, " "1, " "1, " "1, " "1, " "1, " "1, " "1, " "1, " "1, " "1, " "1, " "1, " "1, " "1, " "1, " "1, " "1, " "1, " "1, " "1, " "1, " "1, " "1, " "1, " "1, " "1, " "1, " "1, " "1, " "1, " "1, " "1, " "1, " "1, " "1, " "1, " "1, " "1, " "1, " "1, " "1, " "1, " "1, " "1, " "1, " "1, " "1, " "1, " "1, " "1, " "1, " "1, " "1, " "1, " "1, " "1, " "1, " "1, " "1, " "1, " "1, " "1, " "1, " "1, " "1, " "1, " "1, " "1, " "1, " "1, " "1, " "1, " "1, " "1, " "1, " "1, " "1, " "1, " "1, " "1, " "1, " "1, " "1, " "1, " "1, " "1, " "1, " "1, " "1, " "1, " "1, " "1, " "1, " "1, "204
 "Nei347, 0.113, " "0.015, " "1, " "1, " "1, " "1, " "1, " "1, " "1, " "1, " "1, " "1, " "1, " "1, " "1, " "1, " "1, " "1, " "1, " "1, " "1, " "1, " "1, " "1, " "1, " "1, " "1, " "1, " "1, " "1, " "1, " "1, " "1, " "1, " "1, " "1, " "1, " "1, " "1, " "1, " "1, " "1, " "1, " "1, " "1, " "1, " "1, " "1, " "1, " "1, " "1, " "1, " "1, " "1, " "1, " "1, " "1, " "1, " "1, " "1, " "1, " "1, " "1, " "1, " "1, " "1, " "1, " "1, " "1, " "1, " "1, " "1, " "1, " "1, " "1, " "1, " "1, " "1, " "1, " "1, " "1, " "1, " "1, " "1, " "1, " "1, " "1, " "1, " "1, " "1, " "1, " "1, " "1, " "1, " "1, " "1, " "1, " "1, " "1, " "1, " "1, " "1, " "1, " "1, " "1, " "1, " "1, " "1, " "1, " "1, " "1, " "1, " "1, " "1, " "1, " "1, " "1, " "1, " "1, " "1, " "1, " "1, " "1, " "1, " "1, " "1, " "1, " "1, " "1, " "1, " "1, " "1, " "1, " "1, " "1, " "1, " "1, " "1, " "1, " "1, " "1, " "1, " "1, " "1, " "1, " "1, " "1, " "1, " "1, " "1, " "1, " "1, " "1, " "1, " "1, " "1, " "1, " "1, " "1, " "1, " "1, " "1, " "1, " "1, " "1, " "1, " "1, " "1, " "1, " "1, " "1, " "1, " "1, " "1, " "1, " "1, " "1, " "1, " "1, " "1, " "1, " "1, " "1, " "1, " "1, " "1, " "1, " "1, " "1, " "1, " "1, " "1, " "1, " "1, " "1, " "1, " "1, " "1, " "1, " "1, " "1, " "1, " "1, " "1, " "1, " "1, " "1, " "1, " "1, " "1, " "1, " "1, " "1, " "1, " "1, " "1, " "1, " "1, " "1, " "1, " "1, " "1, " "1, " "1, " "1, " "1, " "1, " "1, " "1, " "1, " "1, " "1, " "1, " "1, " "1, " "1, " "1, " "1, " "1, " "1, " "1, " "1, " "1, " "1, " "1, " "1, " "1, " "1, " "1, " "1, " "1, " "1, " "1, " "1, " "1, " "1, " "1, " "1, " "1, " "1, " "1, " "1, " "1, " "1, " "1, " "1, " "1, " "1, " "1, " "1, " "1, " "1, " "1, " "1, " "1, " "1, " "1, " "1, " "1, " "1, " "1, " "1, " "1, " "1, " "1, " "1, " "1, " "1, " "1, " "1, " "1, " "1, " "1, " "1, " "1, " "1, " "1, " "1, " "1, " "1, " "1, " "1, " "1, " "1, " "1, " "1, " "1, " "1, " "1, " "1, " "1, " "1, " "1, " "1, " "1, " "1, " "1, " "1, " "1, " "1, " "1, " "1, " "1, " "1, " "1, " "1, " "1, " "1, " "1, " "1, " "1, " "1, " "1, " "1, " "1, " "1, " "1, " "1, " "1, " "1, " "1, " "1, " "1, " "1, " "1, " "1, " "1, " "1, " "1, " "0, " "1, " "1, " "1, " "1, " "1, " "1, " "1, " "1, " "1, " "1, " "1, " "1, " "1, " "1, " "1, " "1, " "1, " "1, " "1, " "1, " "1, " "1, " "1, " "1, " "1, " "1, " "1, " "1, " "1, " "1, " "1, " "1, " "1, " "1, " "1, " "1, " "1, " "1, " "1, " "1, " "1, " "1, " "1, " "1, " "1, " "1, " "1, " "1, " "1, " "1, " "1, " "1, " "1, " "1, " "1, " "1, " "1, " "1, " "1, " "1, " "1, " "1, " "1, " "1, " "1, " "1, " "1, " "1, " "1, " "1, " "1, " "1, " "1, " "1, " "1, " "1, " "1, " "1, " "1, " "1, " "1, " "1, " "1, " "1, " "1, " "1, " "1, " "1, " "1, " "1, " "1, " "1, " "1, " "1, " "1, " "1, " "1, " "1, " "1, " "1, " "1, " "1, " "1, " "1, " "1, " "1, " "1, " "1, " "1, " "1, " "1, " "1, " "1, " "1, " "1, " "1, " "1, " "1, " "1, " "1, " "1, " "1, " "1, " "1, " "1, " "1, " "1, " "1, " "1, " "1, " "1, " "1, " "1, " "1, " "1, " "1, " "1, " "1, " "1, " "1, " "1, " "1, " "1, " "1, " "1, " "1, " "1, " "1, " "1, " "1, " "1, " "1, " "1, " "1, " "1, " "1, " "1, " "1, " "1, " "1, " "1, " "1, " "1, " "1, " "1, "204
 "Nei348, 0.308, " "0.015, " "1, " "1, " "1, " "1, " "1, " "1, " "1, " "1, " "1, " "1, " "1, " "1, " "1, " "1, " "1, " "1, " "1, " "1, " "1, " "1, " "1, " "1, " "1, " "1, " "1, " "1, " "1, " "1, " "1, " "1, " "1, " "1, " "1, " "1, " "1, " "1, " "1, " "1, " "1, " "1, " "1, " "1, " "1, " "1, " "1, " "1, " "1, " "1, " "1, " "1, " "1, " "1, " "1, " "1, " "1, " "1, " "1, " "1, " "1, " "1, " "1, " "1, " "1, " "1, " "1, " "1, " "1, " "1, " "1, " "1, " "1, " "1, " "1, " "1, " "1, " "1, " "1, " "1, " "1, " "1, " "1, " "1, " "1, " "1, " "1, " "1, " "1, " "1, " "1, " "1, " "1, " "1, " "1, " "1, " "1, " "1, " "1, " "1, " "1, " "1, " "1, " "1, " "1, " "1, " "1, " "1, " "1, " "1, " "1, " "1, " "1, " "1, " "1, " "1, " "1, " "1, " "1, " "1, " "1, " "1, " "1, " "1, " "1, " "1, " "1, " "1, " "1, " "1, " "1, " "1, " "1, " "1, " "1, " "1, " "1, " "1, " "1, " "1, " "1, " "1, " "1, " "1, " "1, " "1, " "1, " "1, " "1, " "1, " "1, " "1, " "1, " "1, " "1, " "1, " "1, " "1, " "1, " "1, " "1, " "1, " "1, " "1, " "1, " "1, " "1, " "1, " "1, " "1, " "1, " "1, " "1, " "1, " "1, " "1, " "1, " "1, " "1, " "1, " "1, " "1, " "1, " "1, " "1, " "1, " "1, " "1, " "1, " "1, " "1, " "1, " "1, " "1, " "1, " "1, " "1, " "1, " "1, " "1, " "1, " "1, " "1, " "1, " "1, " "1, " "1, " "1, " "1, " "1, " "1, " "1, " "1, " "1, " "1, " "1, " "1, " "1, " "1, " "1, " "1, " "1, " "1, " "1, " "1, " "1, " "1, " "1, " "1, " "1, " "1, " "1, " "1, " "1, " "1, " "1, " "1, " "1, " "1, " "1, " "1, " "1, " "1, " "1, " "1, " "1, " "1, " "1, " "1, " "1, " "1, " "1, " "1, " "1, " "1, " "1, " "1, " "1, " "1, " "1, " "1, " "1, " "1, " "1, " "1, " "1, " "1, " "1, " "1, " "1, " "1, " "1, " "1, " "1, " "1, " "1, " "1, " "1, " "1, " "1, " "1, " "1, " "1, " "1, " "1, " "1, " "1, " "1, " "1, " "1, " "1, " "1, " "1, " "1, " "1, " "1, " "1, " "1, " "1, " "1, " "1, " "1, " "1, " "1, " "1, " "1, " "1, " "1, " "1, " "1, " "1, " "1, " "1, " "1, " "1, " "1, " "1, " "1, " "1, " "1, " "1, " "1, " "1, " "1, " "1, " "1, " "1, " "1, " "1, " "1, " "1, " "1, " "1, " "1, " "1, " "1, " "1, " "1, " "1, " "1, " "1, " "1, " "1, " "1, " "1, " "1, " "1, " "1, " "1, " "1, " "0, " "1, " "1, " "1, " "1, " "1, " "1, " "1, " "1, " "1, " "1, " "1, " "1, " "1, " "1, " "1, " "1, " "1, " "1, " "1, " "1, " "1, " "1, " "1, " "1, " "1, " "1, " "1, " "1, " "1, " "1, " "1, " "1, " "1, " "1, " "1, " "1, " "1, " "1, " "1, " "1, " "1, " "1, " "1, " "1, " "1, " "1, " "1, " "1, " "1, " "1, " "1, " "1, " "1, " "1, " "1, " "1, " "1, " "1, " "1, " "1, " "1, " "1, " "1, " "1, " "1, " "1, " "1, " "1, " "1, " "1, " "1, " "1, " "1, " "1, " "1, " "1, " "1, " "1, " "1, " "1, " "1, " "1, " "1, " "1, " "1, " "1, " "1, " "1, " "1, " "1, " "1, " "1, " "1, " "1, " "1, " "1, " "1, " "1, " "1, " "1, " "1, " "1, " "1, " "1, " "1, " "1, " "1, " "1, " "1, " "1, " "1, " "1, " "1, " "1, " "1, " "1, " "1, " "1, " "1, " "1, " "1, " "1, " "1, " "1, " "1, " "1, " "1, " "1, " "1, " "1, " "1, " "1, " "1, " "1, " "1, " "1, " "1, " "1, " "1, " "1, " "1, " "1, " "1, " "1, " "1, " "1, " "1, " "1, " "1, " "1, " "1, " "1, " "1, " "1, " "1, " "1, " "1, " "1, " "1, " "1, " "1, " "1, " "1, " "1, "204
 "Nei349, 0.377, " "0.015, " "1, " "1, " "1, " "1, " "1, " "1, " "1, " "1, " "1, " "1, " "1, " "1, " "1, " "1, " "1, " "1, " "1, " "1, " "1, " "1, " "1, " "1, " "1, " "1, " "1, " "1, " "1, " "1, " "1, " "1, " "1, " "1, " "1, " "1, " "1, " "1, " "1, " "1, " "1, " "1, " "1, " "1, " "1, " "1, " "1, " "1, " "1, " "1, " "1, " "1, " "1, " "1, " "1, " "1, " "1, " "1, " "1, " "1, " "1, " "1, " "1, " "1, " "1, " "1, " "1, " "1, " "1, " "1, " "1, " "1, " "1, " "1, " "1, " "1, " "1, " "1, " "1, " "1, " "1, " "1, " "1, " "1, " "1, " "1, " "1, " "1, " "1, " "1, " "1, " "1, " "1, " "1, " "1, " "1, " "1, " "1, " "1, " "1, " "1, " "1, " "1, " "1, " "1, " "1, " "1, " "1, " "1, " "1, " "1, " "1, " "1, " "1, " "1, " "1, " "1, " "1, " "1, " "1, " "1, " "1, " "1, " "1, " "1, " "1, " "1, " "1, " "1, " "1, " "1, " "1, " "1, " "1, " "1, " "1, " "1, " "1, " "1, " "1, " "1, " "1, " "1, " "1, " "1, " "1, " "1, " "1, " "1, " "1, " "1, " "1, " "1, " "1, " "1, " "1, " "1, " "1, " "1, " "1, " "1, " "1, " "1, " "1, " "1, " "1, " "1, " "1, " "1, " "1, " "1, " "1, " "1, " "1, " "1, " "1, " "1, " "1, " "1, " "1, " "1, " "1, " "1, " "1, " "1, " "1, " "1, " "1, " "1, " "1, " "1, " "1, " "1, " "1, " "1, " "1, " "1, " "1, " "1, " "1, " "1, " "1, " "1, " "1, " "1, " "1, " "1, " "1, " "1, " "1, " "1, " "1, " "1, " "1, " "1, " "1, " "1, " "1, " "1, " "1, " "1, " "1, " "1, " "1, " "1, " "1, " "1, " "1, " "1, " "1, " "1, " "1, " "1, " "1, " "1, " "1, " "1, " "1, " "1, " "1, " "1, " "1, " "1, " "1, " "1, " "1, " "1, " "1, " "1, " "1, " "1, " "1, " "1, " "1, " "1, " "1, " "1, " "1, " "1, " "1, " "1, " "1, " "1, " "1, " "1, " "1, " "1, " "1, " "1, " "1, " "1, " "1, " "1, " "1, " "1, " "1, " "1, " "1, " "1, " "1, " "1, " "1, " "1, " "1, " "1, " "1, " "1, " "1, " "1, " "1, " "1, " "1, " "1, " "1, " "1, " "1, " "1, " "1, " "1, " "1, " "1, " "1, " "1, " "1, " "1, " "1, " "1, " "1, " "1, " "1, " "1, " "1, " "1, " "1, " "1, " "1, " "1, " "1, " "1, " "1, " "1, " "1, " "1, " "1, " "1, " "1, " "1, " "1, " "1, " "1, " "1, " "1, " "1, " "1, " "1, " "1, " "1, " "1, " "1, " "1, " "1, " "1, " "1, " "1, " "1, " "1, " "1, " "1, " "1, " "1, " "1, " "0, " "1, " "1, " "1, " "1, " "1, " "1, " "1, " "1, " "1, " "1, " "1, " "1, " "1, " "1, " "1, " "1, " "1, " "1, " "1, " "1, " "1, " "1, " "1, " "1, " "1, " "1, " "1, " "1, " "1, " "1, " "1, " "1, " "1, " "1, " "1, " "1, " "1, " "1, " "1, " "1, " "1, " "1, " "1, " "1, " "1, " "1, " "1, " "1, " "1, " "1, " "1, " "1, " "1, " "1, " "1, " "1, " "1, " "1, " "1, " "1, " "1, " "1, " "1, " "1, " "1, " "1, " "1, " "1, " "1, " "1, " "1, " "1, " "1, " "1, " "1, " "1, " "1, " "1, " "1, " "1, " "1, " "1, " "1, " "1, " "1, " "1, " "1, " "1, " "1, " "1, " "1, " "1, " "1, " "1, " "1, " "1, " "1, " "1, " "1, " "1, " "1, " "1, " "1, " "1, " "1, " "1, " "1, " "1, " "1, " "1, " "1, " "1, " "1, " "1, " "1, " "1, " "1, " "1, " "1, " "1, " "1, " "1, " "1, " "1, " "1, " "1, " "1, " "1, " "1, " "1, " "1, " "1, " "1, " "1, " "1, " "1, " "1, " "1, " "1, " "1, " "1, " "1, " "1, " "1, " "1, " "1, " "1, " "1, " "1, " "1, " "1, " "1, " "1, " "1, " "1, " "1, " "1, " "1, " "1, " "1, " "1, " "1, " "1, "204
 "Nei350, 0.231, " "0.015, " "1, " "1, " "1, " "1, " "1, " "1, " "1, " "1, " "1, " "1, " "1, " "1, " "1, " "1, " "1, " "1, " "1, " "1, " "1, " "1, " "1, " "1, " "1, " "1, " "1, " "1, " "1, " "1, " "1, " "1, " "1, " "1, " "1, " "1, " "1, " "1, " "1, " "1, " "1, " "1, " "1, " "1, " "1, " "1, " "1, " "1, " "1, " "1, " "1, " "1, " "1, " "1, " "1, " "1, " "1, " "1, " "1, " "1, " "1, " "1, " "1, " "1, " "1, " "1, " "1, " "1, " "1, " "1, " "1, " "1, " "1, " "1, " "1, " "1, " "1, " "1, " "1, " "1, " "1, " "1, " "1, " "1, " "1, " "1, " "1, " "1, " "1, " "1, " "1, " "1, " "1, " "1, " "1, " "1, " "1, " "1, " "1, " "1, " "1, " "1, " "1, " "1, " "1, " "1, " "1, " "1, " "1, " "1, " "1, " "1, " "1, " "1, " "1, " "1, " "1, " "1, " "1, " "1, " "1, " "1, " "1, " "1, " "1, " "1, " "1, " "1, " "1, " "1, " "1, " "1, " "1, " "1, " "1, " "1, " "1, " "1, " "1, " "1, " "1, " "1, " "1, " "1, " "1, " "1, " "1, " "1, " "1, " "1, " "1, " "1, " "1, " "1, " "1, " "1, " "1, " "1, " "1, " "1, " "1, " "1, " "1, " "1, " "1, " "1, " "1, " "1, " "1, " "1, " "1, " "1, " "1, " "1, " "1, " "1, " "1, " "1, " "1, " "1, " "1, " "1, " "1, " "1, " "1, " "1, " "1, " "1, " "1, " "1, " "1, " "1, " "1, " "1, " "1, " "1, " "1, " "1, " "1, " "1, " "1, " "1, " "1, " "1, " "1, " "1, " "1, " "1, " "1, " "1, " "1, " "1, " "1, " "1, " "1, " "1, " "1, " "1, " "1, " "1, " "1, " "1, " "1, " "1, " "1, " "1, " "1, " "1, " "1, " "1, " "1, " "1, " "1, " "1, " "1, " "1, " "1, " "1, " "1, " "1, " "1, " "1, " "1, " "1, " "1, " "1, " "1, " "1, " "1, " "1, " "1, " "1, " "1, " "1, " "1, " "1, " "1, " "1, " "1, " "1, " "1, " "1, " "1, " "1, " "1, " "1, " "1, " "1, " "1, " "1, " "1, " "1, " "1, " "1, " "1, " "1, " "1, " "1, " "1, " "1, " "1, " "1, " "1, " "1, " "1, " "1, " "1, " "1, " "1, " "1, " "1, " "1, " "1, " "1, " "1, " "1, " "1, " "1, " "1, " "1, " "1, " "1, " "1, " "1, " "1, " "1, " "1, " "1, " "1, " "1, " "1, " "1, " "1, " "1, " "1, " "1, " "1, " "1, " "1, " "1, " "1, " "1, " "1, " "1, " "1, " "1, " "1, " "1, " "1, " "1, " "1, " "1, " "1, " "1, " "1, " "1, " "1, " "1, " "1, " "1, " "1, " "1, " "1, " "1, " "1, " "1, " "1, " "1, " "1, " "1, " "1, " "1, " "0, " "1, " "1, " "1, " "1, " "1, " "1, " "1, " "1, " "1, " "1, " "1, " "1, " "1, " "1, " "1, " "1, " "1, " "1, " "1, " "1, " "1, " "1, " "1, " "1, " "1, " "1, " "1, " "1, " "1, " "1, " "1, " "1, " "1, " "1, " "1, " "1, " "1, " "1, " "1, " "1, " "1, " "1, " "1, " "1, " "1, " "1, " "1, " "1, " "1, " "1, " "1, " "1, " "1, " "1, " "1, " "1, " "1, " "1, " "1, " "1, " "1, " "1, " "1, " "1, " "1, " "1, " "1, " "1, " "1, " "1, " "1, " "1, " "1, " "1, " "1, " "1, " "1, " "1, " "1, " "1, " "1, " "1, " "1, " "1, " "1, " "1, " "1, " "1, " "1, " "1, " "1, " "1, " "1, " "1, " "1, " "1, " "1, " "1, " "1, " "1, " "1, " "1, " "1, " "1, " "1, " "1, " "1, " "1, " "1, " "1, " "1, " "1, " "1, " "1, " "1, " "1, " "1, " "1, " "1, " "1, " "1, " "1, " "1, " "1, " "1, " "1, " "1, " "1, " "1, " "1, " "1, " "1, " "1, " "1, " "1, " "1, " "1, " "1, " "1, " "1, " "1, " "1, " "1, " "1, " "1, " "1, " "1, " "1, " "1, " "1, " "1, " "1, " "1, " "1, " "1, " "1, " "1, " "1, " "1, " "1, " "1, " "1, "204
 "Nei351, 0.137, " "0.015, " "1, " "1, " "1, " "1, " "1, " "1, " "1, " "1, " "1, " "1, " "1, " "1, " "1, " "1, " "1, " "1, " "1, " "1, " "1, " "1, " "1, " "1, " "1, " "1, " "1, " "1, " "1, " "1, " "1, " "1, " "1, " "1, " "1, " "1, " "1, " "1, " "1, " "1, " "1, " "1, " "1, " "1, " "1, " "1, " "1, " "1, " "1, " "1, " "1, " "1, " "1, " "1, " "1, " "1, " "1, " "1, " "1, " "1, " "1, " "1, " "1, " "1, " "1, " "1, " "1, " "1, " "1, " "1, " "1, " "1, " "1, " "1, " "1, " "1, " "1, " "1, " "1, " "1, " "1, " "1, " "1, " "1, " "1, " "1, " "1, " "1, " "1, " "1, " "1, " "1, " "1, " "1, " "1, " "1, " "1, " "1, " "1, " "1, " "1, " "1, " "1, " "1, " "1, " "1, " "1, " "1, " "1, " "1, " "1, " "1, " "1, " "1, " "1, " "1, " "1, " "1, " "1, " "1, " "1, " "1, " "1, " "1, " "1, " "1, " "1, " "1, " "1, " "1, " "1, " "1, " "1, " "1, " "1, " "1, " "1, " "1, " "1, " "1, " "1, " "1, " "1, " "1, " "1, " "1, " "1, " "1, " "1, " "1, " "1, " "1, " "1, " "1, " "1, " "1, " "1, " "1, " "1, " "1, " "1, " "1, " "1, " "1, " "1, " "1, " "1, " "1, " "1, " "1, " "1, " "1, " "1, " "1, " "1, " "1, " "1, " "1, " "1, " "1, " "1, " "1, " "1, " "1, " "1, " "1, " "1, " "1, " "1, " "1, " "1, " "1, " "1, " "1, " "1, " "1, " "1, " "1, " "1, " "1, " "1, " "1, " "1, " "1, " "1, " "1, " "1, " "1, " "1, " "1, " "1, " "1, " "1, " "1, " "1, " "1, " "1, " "1, " "1, " "1, " "1, " "1, " "1, " "1, " "1, " "1, " "1, " "1, " "1, " "1, " "1, " "1, " "1, " "1, " "1, " "1, " "1, " "1, " "1, " "1, " "1, " "1, " "1, " "1, " "1, " "1, " "1, " "1, " "1, " "1, " "1, " "1, " "1, " "1, " "1, " "1, " "1, " "1, " "1, " "1, " "1, " "1, " "1, " "1, " "1, " "1, " "1, " "1, " "1, " "1, " "1, " "1, " "1, " "1, " "1, " "1, " "1, " "1, " "1, " "1, " "1, " "1, " "1, " "1, " "1, " "1, " "1, " "1, " "1, " "1, " "1, " "1, " "1, " "1, " "1, " "1, " "1, " "1, " "1, " "1, " "1, " "1, " "1, " "1, " "1, " "1, " "1, " "1, " "1, " "1, " "1, " "1, " "1, " "1, " "1, " "1, " "1, " "1, " "1, " "1, " "1, " "1, " "1, " "1, " "1, " "1, " "1, " "1, " "1, " "1, " "1, " "1, " "1, " "1, " "1, " "1, " "1, " "1, " "1, " "1, " "1, " "1, " "1, " "1, " "1, " "1, " "1, " "1, " "1, " "1, " "1, " "1, " "1, " "0, " "1, " "1, " "1, " "1, " "1, " "1, " "1, " "1, " "1, " "1, " "1, " "1, " "1, " "1, " "1, " "1, " "1, " "1, " "1, " "1, " "1, " "1, " "1, " "1, " "1, " "1, " "1, " "1, " "1, " "1, " "1, " "1, " "1, " "1, " "1, " "1, " "1, " "1, " "1, " "1, " "1, " "1, " "1, " "1, " "1, " "1, " "1, " "1, " "1, " "1, " "1, " "1, " "1, " "1, " "1, " "1, " "1, " "1, " "1, " "1, " "1, " "1, " "1, " "1, " "1, " "1, " "1, " "1, " "1, " "1, " "1, " "1, " "1, " "1, " "1, " "1, " "1, " "1, " "1, " "1, " "1, " "1, " "1, " "1, " "1, " "1, " "1, " "1, " "1, " "1, " "1, " "1, " "1, " "1, " "1, " "1, " "1, " "1, " "1, " "1, " "1, " "1, " "1, " "1, " "1, " "1, " "1, " "1, " "1, " "1, " "1, " "1, " "1, " "1, " "1, " "1, " "1, " "1, " "1, " "1, " "1, " "1, " "1, " "1, " "1, " "1, " "1, " "1, " "1, " "1, " "1, " "1, " "1, " "1, " "1, " "1, " "1, " "1, " "1, " "1, " "1, " "1, " "1, " "1, " "1, " "1, " "1, " "1, " "1, " "1, " "1, " "1, " "1, " "1, " "1, " "1, " "1, " "1, " "1, " "1, " "1, "204
 "Nei352, 0.04, " "0.015, " "1, " "1, " "1, " "1, " "1, " "1, " "1, " "1, " "1, " "1, " "1, " "1, " "1, " "1, " "1, " "1, " "1, " "1, " "1, " "1, " "1, " "1, " "1, " "1, " "1, " "1, " "1, " "1, " "1, " "1, " "1, " "1, " "1, " "1, " "1, " "1, " "1, " "1, " "1, " "1, " "1, " "1, " "1, " "1, " "1, " "1, " "1, " "1, " "1, " "1, " "1, " "1, " "1, " "1, " "1, " "1, " "1, " "1, " "1, " "1, " "1, " "1, " "1, " "1, " "1, " "1, " "1, " "1, " "1, " "1, " "1, " "1, " "1, " "1, " "1, " "1, " "1, " "1, " "1, " "1, " "1, " "1, " "1, " "1, " "1, " "1, " "1, " "1, " "1, " "1, " "1, " "1, " "1, " "1, " "1, " "1, " "1, " "1, " "1, " "1, " "1, " "1, " "1, " "1, " "1, " "1, " "1, " "1, " "1, " "1, " "1, " "1, " "1, " "1, " "1, " "1, " "1, " "1, " "1, " "1, " "1, " "1, " "1, " "1, " "1, " "1, " "1, " "1, " "1, " "1, " "1, " "1, " "1, " "1, " "1, " "1, " "1, " "1, " "1, " "1, " "1, " "1, " "1, " "1, " "1, " "1, " "1, " "1, " "1, " "1, " "1, " "1, " "1, " "1, " "1, " "1, " "1, " "1, " "1, " "1, " "1, " "1, " "1, " "1, " "1, " "1, " "1, " "1, " "1, " "1, " "1, " "1, " "1, " "1, " "1, " "1, " "1, " "1, " "1, " "1, " "1, " "1, " "1, " "1, " "1, " "1, " "1, " "1, " "1, " "1, " "1, " "1, " "1, " "1, " "1, " "1, " "1, " "1, " "1, " "1, " "1, " "1, " "1, " "1, " "1, " "1, " "1, " "1, " "1, " "1, " "1, " "1, " "1, " "1, " "1, " "1, " "1, " "1, " "1, " "1, " "1, " "1, " "1, " "1, " "1, " "1, " "1, " "1, " "1, " "1, " "1, " "1, " "1, " "1, " "1, " "1, " "1, " "1, " "1, " "1, " "1, " "1, " "1, " "1, " "1, " "1, " "1, " "1, " "1, " "1, " "1, " "1, " "1, " "1, " "1, " "1, " "1, " "1, " "1, " "1, " "1, " "1, " "1, " "1, " "1, " "1, " "1, " "1, " "1, " "1, " "1, " "1, " "1, " "1, " "1, " "1, " "1, " "1, " "1, " "1, " "1, " "1, " "1, " "1, " "1, " "1, " "1, " "1, " "1, " "1, " "1, " "1, " "1, " "1, " "1, " "1, " "1, " "1, " "1, " "1, " "1, " "1, " "1, " "1, " "1, " "1, " "1, " "1, " "1, " "1, " "1, " "1, " "1, " "1, " "1, " "1, " "1, " "1, " "1, " "1, " "1, " "1, " "1, " "1, " "1, " "1, " "1, " "1, " "1, " "1, " "1, " "1, " "1, " "1, " "1, " "1, " "1, " "1, " "1, " "1, " "1, " "1, " "1, " "1, " "1, " "1, " "1, " "1, " "1, " "1, " "1, " "1, " "0, " "1, " "1, " "1, " "1, " "1, " "1, " "1, " "1, " "1, " "1, " "1, " "1, " "1, " "1, " "1, " "1, " "1, " "1, " "1, " "1, " "1, " "1, " "1, " "1, " "1, " "1, " "1, " "1, " "1, " "1, " "1, " "1, " "1, " "1, " "1, " "1, " "1, " "1, " "1, " "1, " "1, " "1, " "1, " "1, " "1, " "1, " "1, " "1, " "1, " "1, " "1, " "1, " "1, " "1, " "1, " "1, " "1, " "1, " "1, " "1, " "1, " "1, " "1, " "1, " "1, " "1, " "1, " "1, " "1, " "1, " "1, " "1, " "1, " "1, " "1, " "1, " "1, " "1, " "1, " "1, " "1, " "1, " "1, " "1, " "1, " "1, " "1, " "1, " "1, " "1, " "1, " "1, " "1, " "1, " "1, " "1, " "1, " "1, " "1, " "1, " "1, " "1, " "1, " "1, " "1, " "1, " "1, " "1, " "1, " "1, " "1, " "1, " "1, " "1, " "1, " "1, " "1, " "1, " "1, " "1, " "1, " "1, " "1, " "1, " "1, " "1, " "1, " "1, " "1, " "1, " "1, " "1, " "1, " "1, " "1, " "1, " "1, " "1, " "1, " "1, " "1, " "1, " "1, " "1, " "1, " "1, " "1, " "1, " "1, " "1, " "1, " "1, " "1, " "1, " "1, " "1, " "1, " "1, " "1, " "1, "204
 "Nei353, 0.327, " "0.015, " "1, " "1, " "1, " "1, " "1, " "1, " "1, " "1, " "1, " "1, " "1, " "1, " "1, " "1, " "1, " "1, " "1, " "1, " "1, " "1, " "1, " "1, " "1, " "1, " "1, " "1, " "1, " "1, " "1, " "1, " "1, " "1, " "1, " "1, " "1, " "1, " "1, " "1, " "1, " "1, " "1, " "1, " "1, " "1, " "1, " "1, " "1, " "1, " "1, " "1, " "1, " "1, " "1, " "1, " "1, " "1, " "1, " "1, " "1, " "1, " "1, " "1, " "1, " "1, " "1, " "1, " "1, " "1, " "1, " "1, " "1, " "1, " "1, " "1, " "1, " "1, " "1, " "1, " "1, " "1, " "1, " "1, " "1, " "1, " "1, " "1, " "1, " "1, " "1, " "1, " "1, " "1, " "1, " "1, " "1, " "1, " "1, " "1, " "1, " "1, " "1, " "1, " "1, " "1, " "1, " "1, " "1, " "1, " "1, " "1, " "1, " "1, " "1, " "1, " "1, " "1, " "1, " "1, " "1, " "1, " "1, " "1, " "1, " "1, " "1, " "1, " "1, " "1, " "1, " "1, " "1, " "1, " "1, " "1, " "1, " "1, " "1, " "1, " "1, " "1, " "1, " "1, " "1, " "1, " "1, " "1, " "1, " "1, " "1, " "1, " "1, " "1, " "1, " "1, " "1, " "1, " "1, " "1, " "1, " "1, " "1, " "1, " "1, " "1, " "1, " "1, " "1, " "1, " "1, " "1, " "1, " "1, " "1, " "1, " "1, " "1, " "1, " "1, " "1, " "1, " "1, " "1, " "1, " "1, " "1, " "1, " "1, " "1, " "1, " "1, " "1, " "1, " "1, " "1, " "1, " "1, " "1, " "1, " "1, " "1, " "1, " "1, " "1, " "1, " "1, " "1, " "1, " "1, " "1, " "1, " "1, " "1, " "1, " "1, " "1, " "1, " "1, " "1, " "1, " "1, " "1, " "1, " "1, " "1, " "1, " "1, " "1, " "1, " "1, " "1, " "1, " "1, " "1, " "1, " "1, " "1, " "1, " "1, " "1, " "1, " "1, " "1, " "1, " "1, " "1, " "1, " "1, " "1, " "1, " "1, " "1, " "1, " "1, " "1, " "1, " "1, " "1, " "1, " "1, " "1, " "1, " "1, " "1, " "1, " "1, " "1, " "1, " "1, " "1, " "1, " "1, " "1, " "1, " "1, " "1, " "1, " "1, " "1, " "1, " "1, " "1, " "1, " "1, " "1, " "1, " "1, " "1, " "1, " "1, " "1, " "1, " "1, " "1, " "1, " "1, " "1, " "1, " "1, " "1, " "1, " "1, " "1, " "1, " "1, " "1, " "1, " "1, " "1, " "1, " "1, " "1, " "1, " "1, " "1, " "1, " "1, " "1, " "1, " "1, " "1, " "1, " "1, " "1, " "1, " "1, " "1, " "1, " "1, " "1, " "1, " "1, " "1, " "1, " "1, " "1, " "1, " "1, " "1, " "1, " "1, " "1, " "1, " "1, " "1, " "1, " "1, " "1, " "1, " "1, " "1, " "1, " "1, " "1, " "0, " "1, " "1, " "1, " "1, " "1, " "1, " "1, " "1, " "1, " "1, " "1, " "1, " "1, " "1, " "1, " "1, " "1, " "1, " "1, " "1, " "1, " "1, " "1, " "1, " "1, " "1, " "1, " "1, " "1, " "1, " "1, " "1, " "1, " "1, " "1, " "1, " "1, " "1, " "1, " "1, " "1, " "1, " "1, " "1, " "1, " "1, " "1, " "1, " "1, " "1, " "1, " "1, " "1, " "1, " "1, " "1, " "1, " "1, " "1, " "1, " "1, " "1, " "1, " "1, " "1, " "1, " "1, " "1, " "1, " "1, " "1, " "1, " "1, " "1, " "1, " "1, " "1, " "1, " "1, " "1, " "1, " "1, " "1, " "1, " "1, " "1, " "1, " "1, " "1, " "1, " "1, " "1, " "1, " "1, " "1, " "1, " "1, " "1, " "1, " "1, " "1, " "1, " "1, " "1, " "1, " "1, " "1, " "1, " "1, " "1, " "1, " "1, " "1, " "1, " "1, " "1, " "1, " "1, " "1, " "1, " "1, " "1, " "1, " "1, " "1, " "1, " "1, " "1, " "1, " "1, " "1, " "1, " "1, " "1, " "1, " "1, " "1, " "1, " "1, " "1, " "1, " "1, " "1, " "1, " "1, " "1, " "1, " "1, " "1, " "1, " "1, " "1, " "1, " "1, " "1, " "1, " "1, " "1, " "1, "204
 "Nei354, 0.249, " "0.015, " "1, " "1, " "1, " "1, " "1, " "1, " "1, " "1, " "1, " "1, " "1, " "1, " "1, " "1, " "1, " "1, " "1, " "1, " "1, " "1, " "1, " "1, " "1, " "1, " "1, " "1, " "1, " "1, " "1, " "1, " "1, " "1, " "1, " "1, " "1, " "1, " "1, " "1, " "1, " "1, " "1, " "1, " "1, " "1, " "1, " "1, " "1, " "1, " "1, " "1, " "1, " "1, " "1, " "1, " "1, " "1, " "1, " "1, " "1, " "1, " "1, " "1, " "1, " "1, " "1, " "1, " "1, " "1, " "1, " "1, " "1, " "1, " "1, " "1, " "1, " "1, " "1, " "1, " "1, " "1, " "1, " "1, " "1, " "1, " "1, " "1, " "1, " "1, " "1, " "1, " "1, " "1, " "1, " "1, " "1, " "1, " "1, " "1, " "1, " "1, " "1, " "1, " "1, " "1, " "1, " "1, " "1, " "1, " "1, " "1, " "1, " "1, " "1, " "1, " "1, " "1, " "1, " "1, " "1, " "1, " "1, " "1, " "1, " "1, " "1, " "1, " "1, " "1, " "1, " "1, " "1, " "1, " "1, " "1, " "1, " "1, " "1, " "1, " "1, " "1, " "1, " "1, " "1, " "1, " "1, " "1, " "1, " "1, " "1, " "1, " "1, " "1, " "1, " "1, " "1, " "1, " "1, " "1, " "1, " "1, " "1, " "1, " "1, " "1, " "1, " "1, " "1, " "1, " "1, " "1, " "1, " "1, " "1, " "1, " "1, " "1, " "1, " "1, " "1, " "1, " "1, " "1, " "1, " "1, " "1, " "1, " "1, " "1, " "1, " "1, " "1, " "1, " "1, " "1, " "1, " "1, " "1, " "1, " "1, " "1, " "1, " "1, " "1, " "1, " "1, " "1, " "1, " "1, " "1, " "1, " "1, " "1, " "1, " "1, " "1, " "1, " "1, " "1, " "1, " "1, " "1, " "1, " "1, " "1, " "1, " "1, " "1, " "1, " "1, " "1, " "1, " "1, " "1, " "1, " "1, " "1, " "1, " "1, " "1, " "1, " "1, " "1, " "1, " "1, " "1, " "1, " "1, " "1, " "1, " "1, " "1, " "1, " "1, " "1, " "1, " "1, " "1, " "1, " "1, " "1, " "1, " "1, " "1, " "1, " "1, " "1, " "1, " "1, " "1, " "1, " "1, " "1, " "1, " "1, " "1, " "1, " "1, " "1, " "1, " "1, " "1, " "1, " "1, " "1, " "1, " "1, " "1, " "1, " "1, " "1, " "1, " "1, " "1, " "1, " "1, " "1, " "1, " "1, " "1, " "1, " "1, " "1, " "1, " "1, " "1, " "1, " "1, " "1, " "1, " "1, " "1, " "1, " "1, " "1, " "1, " "1, " "1, " "1, " "1, " "1, " "1, " "1, " "1, " "1, " "1, " "1, " "1, " "1, " "1, " "1, " "1, " "1, " "1, " "1, " "1, " "1, " "1, " "1, " "1, " "1, " "1, " "1, " "1, " "1, " "1, " "1, " "1, " "1, " "1, " "1, " "1, " "1, " "1, " "1, " "0, " "1, " "1, " "1, " "1, " "1, " "1, " "1, " "1, " "1, " "1, " "1, " "1, " "1, " "1, " "1, " "1, " "1, " "1, " "1, " "1, " "1, " "1, " "1, " "1, " "1, " "1, " "1, " "1, " "1, " "1, " "1, " "1, " "1, " "1, " "1, " "1, " "1, " "1, " "1, " "1, " "1, " "1, " "1, " "1, " "1, " "1, " "1, " "1, " "1, " "1, " "1, " "1, " "1, " "1, " "1, " "1, " "1, " "1, " "1, " "1, " "1, " "1, " "1, " "1, " "1, " "1, " "1, " "1, " "1, " "1, " "1, " "1, " "1, " "1, " "1, " "1, " "1, " "1, " "1, " "1, " "1, " "1, " "1, " "1, " "1, " "1, " "1, " "1, " "1, " "1, " "1, " "1, " "1, " "1, " "1, " "1, " "1, " "1, " "1, " "1, " "1, " "1, " "1, " "1, " "1, " "1, " "1, " "1, " "1, " "1, " "1, " "1, " "1, " "1, " "1, " "1, " "1, " "1, " "1, " "1, " "1, " "1, " "1, " "1, " "1, " "1, " "1, " "1, " "1, " "1, " "1, " "1, " "1, " "1, " "1, " "1, " "1, " "1, " "1, " "1, " "1, " "1, " "1, " "1, " "1, " "1, " "1, " "1, " "1, " "1, " "1, " "1, " "1, " "1, " "1, " "1, " "1, " "1, "204
 "Nei355, 0.374, " "0.015, " "1, " "1, " "1, " "1, " "1, " "1, " "1, " "1, " "1, " "1, " "1, " "1, " "1, " "1, " "1, " "1, " "1, " "1, " "1, " "1, " "1, " "1, " "1, " "1, " "1, " "1, " "1, " "1, " "1, " "1, " "1, " "1, " "1, " "1, " "1, " "1, " "1, " "1, " "1, " "1, " "1, " "1, " "1, " "1, " "1, " "1, " "1, " "1, " "1, " "1, " "1, " "1, " "1, " "1, " "1, " "1, " "1, " "1, " "1, " "1, " "1, " "1, " "1, " "1, " "1, " "1, " "1, " "1, " "1, " "1, " "1, " "1, " "1, " "1, " "1, " "1, " "1, " "1, " "1, " "1, " "1, " "1, " "1, " "1, " "1, " "1, " "1, " "1, " "1, " "1, " "1, " "1, " "1, " "1, " "1, " "1, " "1, " "1, " "1, " "1, " "1, " "1, " "1, " "1, " "1, " "1, " "1, " "1, " "1, " "1, " "1, " "1, " "1, " "1, " "1, " "1, " "1, " "1, " "1, " "1, " "1, " "1, " "1, " "1, " "1, " "1, " "1, " "1, " "1, " "1, " "1, " "1, " "1, " "1, " "1, " "1, " "1, " "1, " "1, " "1, " "1, " "1, " "1, " "1, " "1, " "1, " "1, " "1, " "1, " "1, " "1, " "1, " "1, " "1, " "1, " "1, " "1, " "1, " "1, " "1, " "1, " "1, " "1, " "1, " "1, " "1, " "1, " "1, " "1, " "1, " "1, " "1, " "1, " "1, " "1, " "1, " "1, " "1, " "1, " "1, " "1, " "1, " "1, " "1, " "1, " "1, " "1, " "1, " "1, " "1, " "1, " "1, " "1, " "1, " "1, " "1, " "1, " "1, " "1, " "1, " "1, " "1, " "1, " "1, " "1, " "1, " "1, " "1, " "1, " "1, " "1, " "1, " "1, " "1, " "1, " "1, " "1, " "1, " "1, " "1, " "1, " "1, " "1, " "1, " "1, " "1, " "1, " "1, " "1, " "1, " "1, " "1, " "1, " "1, " "1, " "1, " "1, " "1, " "1, " "1, " "1, " "1, " "1, " "1, " "1, " "1, " "1, " "1, " "1, " "1, " "1, " "1, " "1, " "1, " "1, " "1, " "1, " "1, " "1, " "1, " "1, " "1, " "1, " "1, " "1, " "1, " "1, " "1, " "1, " "1, " "1, " "1, " "1, " "1, " "1, " "1, " "1, " "1, " "1, " "1, " "1, " "1, " "1, " "1, " "1, " "1, " "1, " "1, " "1, " "1, " "1, " "1, " "1, " "1, " "1, " "1, " "1, " "1, " "1, " "1, " "1, " "1, " "1, " "1, " "1, " "1, " "1, " "1, " "1, " "1, " "1, " "1, " "1, " "1, " "1, " "1, " "1, " "1, " "1, " "1, " "1, " "1, " "1, " "1, " "1, " "1, " "1, " "1, " "1, " "1, " "1, " "1, " "1, " "1, " "1, " "1, " "1, " "1, " "1, " "1, " "1, " "1, " "1, " "1, " "1, " "1, " "1, " "1, " "1, " "1, " "1, " "1, " "1, " "1, " "1, " "0, " "1, " "1, " "1, " "1, " "1, " "1, " "1, " "1, " "1, " "1, " "1, " "1, " "1, " "1, " "1, " "1, " "1, " "1, " "1, " "1, " "1, " "1, " "1, " "1, " "1, " "1, " "1, " "1, " "1, " "1, " "1, " "1, " "1, " "1, " "1, " "1, " "1, " "1, " "1, " "1, " "1, " "1, " "1, " "1, " "1, " "1, " "1, " "1, " "1, " "1, " "1, " "1, " "1, " "1, " "1, " "1, " "1, " "1, " "1, " "1, " "1, " "1, " "1, " "1, " "1, " "1, " "1, " "1, " "1, " "1, " "1, " "1, " "1, " "1, " "1, " "1, " "1, " "1, " "1, " "1, " "1, " "1, " "1, " "1, " "1, " "1, " "1, " "1, " "1, " "1, " "1, " "1, " "1, " "1, " "1, " "1, " "1, " "1, " "1, " "1, " "1, " "1, " "1, " "1, " "1, " "1, " "1, " "1, " "1, " "1, " "1, " "1, " "1, " "1, " "1, " "1, " "1, " "1, " "1, " "1, " "1, " "1, " "1, " "1, " "1, " "1, " "1, " "1, " "1, " "1, " "1, " "1, " "1, " "1, " "1, " "1, " "1, " "1, " "1, " "1, " "1, " "1, " "1, " "1, " "1, " "1, " "1, " "1, " "1, " "1, " "1, " "1, " "1, " "1, " "1, " "1, " "1, "204
 "Nei356, 0.091, " "0.015, " "1, " "1, " "1, " "1, " "1, " "1, " "1, " "1, " "1, " "1, " "1, " "1, " "1, " "1, " "1, " "1, " "1, " "1, " "1, " "1, " "1, " "1, " "1, " "1, " "1, " "1, " "1, " "1, " "1, " "1, " "1, " "1, " "1, " "1, " "1, " "1, " "1, " "1, " "1, " "1, " "1, " "1, " "1, " "1, " "1, " "1, " "1, " "1, " "1, " "1, " "1, " "1, " "1, " "1, " "1, " "1, " "1, " "1, " "1, " "1, " "1, " "1, " "1, " "1, " "1, " "1, " "1, " "1, " "1, " "1, " "1, " "1, " "1, " "1, " "1, " "1, " "1, " "1, " "1, " "1, " "1, " "1, " "1, " "1, " "1, " "1, " "1, " "1, " "1, " "1, " "1, " "1, " "1, " "1, " "1, " "1, " "1, " "1, " "1, " "1, " "1, " "1, " "1, " "1, " "1, " "1, " "1, " "1, " "1, " "1, " "1, " "1, " "1, " "1, " "1, " "1, " "1, " "1, " "1, " "1, " "1, " "1, " "1, " "1, " "1, " "1, " "1, " "1, " "1, " "1, " "1, " "1, " "1, " "1, " "1, " "1, " "1, " "1, " "1, " "1, " "1, " "1, " "1, " "1, " "1, " "1, " "1, " "1, " "1, " "1, " "1, " "1, " "1, " "1, " "1, " "1, " "1, " "1, " "1, " "1, " "1, " "1, " "1, " "1, " "1, " "1, " "1, " "1, " "1, " "1, " "1, " "1, " "1, " "1, " "1, " "1, " "1, " "1, " "1, " "1, " "1, " "1, " "1, " "1, " "1, " "1, " "1, " "1, " "1, " "1, " "1, " "1, " "1, " "1, " "1, " "1, " "1, " "1, " "1, " "1, " "1, " "1, " "1, " "1, " "1, " "1, " "1, " "1, " "1, " "1, " "1, " "1, " "1, " "1, " "1, " "1, " "1, " "1, " "1, " "1, " "1, " "1, " "1, " "1, " "1, " "1, " "1, " "1, " "1, " "1, " "1, " "1, " "1, " "1, " "1, " "1, " "1, " "1, " "1, " "1, " "1, " "1, " "1, " "1, " "1, " "1, " "1, " "1, " "1, " "1, " "1, " "1, " "1, " "1, " "1, " "1, " "1, " "1, " "1, " "1, " "1, " "1, " "1, " "1, " "1, " "1, " "1, " "1, " "1, " "1, " "1, " "1, " "1, " "1, " "1, " "1, " "1, " "1, " "1, " "1, " "1, " "1, " "1, " "1, " "1, " "1, " "1, " "1, " "1, " "1, " "1, " "1, " "1, " "1, " "1, " "1, " "1, " "1, " "1, " "1, " "1, " "1, " "1, " "1, " "1, " "1, " "1, " "1, " "1, " "1, " "1, " "1, " "1, " "1, " "1, " "1, " "1, " "1, " "1, " "1, " "1, " "1, " "1, " "1, " "1, " "1, " "1, " "1, " "1, " "1, " "1, " "1, " "1, " "1, " "1, " "1, " "1, " "1, " "1, " "1, " "1, " "1, " "1, " "1, " "1, " "1, " "1, " "1, " "1, " "1, " "1, " "1, " "1, " "1, " "1, " "1, " "0, " "1, " "1, " "1, " "1, " "1, " "1, " "1, " "1, " "1, " "1, " "1, " "1, " "1, " "1, " "1, " "1, " "1, " "1, " "1, " "1, " "1, " "1, " "1, " "1, " "1, " "1, " "1, " "1, " "1, " "1, " "1, " "1, " "1, " "1, " "1, " "1, " "1, " "1, " "1, " "1, " "1, " "1, " "1, " "1, " "1, " "1, " "1, " "1, " "1, " "1, " "1, " "1, " "1, " "1, " "1, " "1, " "1, " "1, " "1, " "1, " "1, " "1, " "1, " "1, " "1, " "1, " "1, " "1, " "1, " "1, " "1, " "1, " "1, " "1, " "1, " "1, " "1, " "1, " "1, " "1, " "1, " "1, " "1, " "1, " "1, " "1, " "1, " "1, " "1, " "1, " "1, " "1, " "1, " "1, " "1, " "1, " "1, " "1, " "1, " "1, " "1, " "1, " "1, " "1, " "1, " "1, " "1, " "1, " "1, " "1, " "1, " "1, " "1, " "1, " "1, " "1, " "1, " "1, " "1, " "1, " "1, " "1, " "1, " "1, " "1, " "1, " "1, " "1, " "1, " "1, " "1, " "1, " "1, " "1, " "1, " "1, " "1, " "1, " "1, " "1, " "1, " "1, " "1, " "1, " "1, " "1, " "1, " "1, " "1, " "1, " "1, " "1, " "1, " "1, " "1, " "1, "204
 "Nei357, 0.18, " "0.015, " "1, " "1, " "1, " "1, " "1, " "1, " "1, " "1, " "1, " "1, " "1, " "1, " "1, " "1, " "1, " "1, " "1, " "1, " "1, " "1, " "1, " "1, " "1, " "1, " "1, " "1, " "1, " "1, " "1, " "1, " "1, " "1, " "1, " "1, " "1, " "1, " "1, " "1, " "1, " "1, " "1, " "1, " "1, " "1, " "1, " "1, " "1, " "1, " "1, " "1, " "1, " "1, " "1, " "1, " "1, " "1, " "1, " "1, " "1, " "1, " "1, " "1, " "1, " "1, " "1, " "1, " "1, " "1, " "1, " "1, " "1, " "1, " "1, " "1, " "1, " "1, " "1, " "1, " "1, " "1, " "1, " "1, " "1, " "1, " "1, " "1, " "1, " "1, " "1, " "1, " "1, " "1, " "1, " "1, " "1, " "1, " "1, " "1, " "1, " "1, " "1, " "1, " "1, " "1, " "1, " "1, " "1, " "1, " "1, " "1, " "1, " "1, " "1, " "1, " "1, " "1, " "1, " "1, " "1, " "1, " "1, " "1, " "1, " "1, " "1, " "1, " "1, " "1, " "1, " "1, " "1, " "1, " "1, " "1, " "1, " "1, " "1, " "1, " "1, " "1, " "1, " "1, " "1, " "1, " "1, " "1, " "1, " "1, " "1, " "1, " "1, " "1, " "1, " "1, " "1, " "1, " "1, " "1, " "1, " "1, " "1, " "1, " "1, " "1, " "1, " "1, " "1, " "1, " "1, " "1, " "1, " "1, " "1, " "1, " "1, " "1, " "1, " "1, " "1, " "1, " "1, " "1, " "1, " "1, " "1, " "1, " "1, " "1, " "1, " "1, " "1, " "1, " "1, " "1, " "1, " "1, " "1, " "1, " "1, " "1, " "1, " "1, " "1, " "1, " "1, " "1, " "1, " "1, " "1, " "1, " "1, " "1, " "1, " "1, " "1, " "1, " "1, " "1, " "1, " "1, " "1, " "1, " "1, " "1, " "1, " "1, " "1, " "1, " "1, " "1, " "1, " "1, " "1, " "1, " "1, " "1, " "1, " "1, " "1, " "1, " "1, " "1, " "1, " "1, " "1, " "1, " "1, " "1, " "1, " "1, " "1, " "1, " "1, " "1, " "1, " "1, " "1, " "1, " "1, " "1, " "1, " "1, " "1, " "1, " "1, " "1, " "1, " "1, " "1, " "1, " "1, " "1, " "1, " "1, " "1, " "1, " "1, " "1, " "1, " "1, " "1, " "1, " "1, " "1, " "1, " "1, " "1, " "1, " "1, " "1, " "1, " "1, " "1, " "1, " "1, " "1, " "1, " "1, " "1, " "1, " "1, " "1, " "1, " "1, " "1, " "1, " "1, " "1, " "1, " "1, " "1, " "1, " "1, " "1, " "1, " "1, " "1, " "1, " "1, " "1, " "1, " "1, " "1, " "1, " "1, " "1, " "1, " "1, " "1, " "1, " "1, " "1, " "1, " "1, " "1, " "1, " "1, " "1, " "1, " "1, " "1, " "1, " "1, " "1, " "1, " "1, " "1, " "1, " "1, " "1, " "1, " "1, " "1, " "1, " "1, " "1, " "1, " "0, " "1, " "1, " "1, " "1, " "1, " "1, " "1, " "1, " "1, " "1, " "1, " "1, " "1, " "1, " "1, " "1, " "1, " "1, " "1, " "1, " "1, " "1, " "1, " "1, " "1, " "1, " "1, " "1, " "1, " "1, " "1, " "1, " "1, " "1, " "1, " "1, " "1, " "1, " "1, " "1, " "1, " "1, " "1, " "1, " "1, " "1, " "1, " "1, " "1, " "1, " "1, " "1, " "1, " "1, " "1, " "1, " "1, " "1, " "1, " "1, " "1, " "1, " "1, " "1, " "1, " "1, " "1, " "1, " "1, " "1, " "1, " "1, " "1, " "1, " "1, " "1, " "1, " "1, " "1, " "1, " "1, " "1, " "1, " "1, " "1, " "1, " "1, " "1, " "1, " "1, " "1, " "1, " "1, " "1, " "1, " "1, " "1, " "1, " "1, " "1, " "1, " "1, " "1, " "1, " "1, " "1, " "1, " "1, " "1, " "1, " "1, " "1, " "1, " "1, " "1, " "1, " "1, " "1, " "1, " "1, " "1, " "1, " "1, " "1, " "1, " "1, " "1, " "1, " "1, " "1, " "1, " "1, " "1, " "1, " "1, " "1, " "1, " "1, " "1, " "1, " "1, " "1, " "1, " "1, " "1, " "1, " "1, " "1, " "1, " "1, " "1, " "1, " "1, " "1, " "1, "204
 "Nei358, 0.082, " "0.015, " "1, " "1, " "1, " "1, " "1, " "1, " "1, " "1, " "1, " "1, " "1, " "1, " "1, " "1, " "1, " "1, " "1, " "1, " "1, " "1, " "1, " "1, " "1, " "1, " "1, " "1, " "1, " "1, " "1, " "1, " "1, " "1, " "1, " "1, " "1, " "1, " "1, " "1, " "1, " "1, " "1, " "1, " "1, " "1, " "1, " "1, " "1, " "1, " "1, " "1, " "1, " "1, " "1, " "1, " "1, " "1, " "1, " "1, " "1, " "1, " "1, " "1, " "1, " "1, " "1, " "1, " "1, " "1, " "1, " "1, " "1, " "1, " "1, " "1, " "1, " "1, " "1, " "1, " "1, " "1, " "1, " "1, " "1, " "1, " "1, " "1, " "1, " "1, " "1, " "1, " "1, " "1, " "1, " "1, " "1, " "1, " "1, " "1, " "1, " "1, " "1, " "1, " "1, " "1, " "1, " "1, " "1, " "1, " "1, " "1, " "1, " "1, " "1, " "1, " "1, " "1, " "1, " "1, " "1, " "1, " "1, " "1, " "1, " "1, " "1, " "1, " "1, " "1, " "1, " "1, " "1, " "1, " "1, " "1, " "1, " "1, " "1, " "1, " "1, " "1, " "1, " "1, " "1, " "1, " "1, " "1, " "1, " "1, " "1, " "1, " "1, " "1, " "1, " "1, " "1, " "1, " "1, " "1, " "1, " "1, " "1, " "1, " "1, " "1, " "1, " "1, " "1, " "1, " "1, " "1, " "1, " "1, " "1, " "1, " "1, " "1, " "1, " "1, " "1, " "1, " "1, " "1, " "1, " "1, " "1, " "1, " "1, " "1, " "1, " "1, " "1, " "1, " "1, " "1, " "1, " "1, " "1, " "1, " "1, " "1, " "1, " "1, " "1, " "1, " "1, " "1, " "1, " "1, " "1, " "1, " "1, " "1, " "1, " "1, " "1, " "1, " "1, " "1, " "1, " "1, " "1, " "1, " "1, " "1, " "1, " "1, " "1, " "1, " "1, " "1, " "1, " "1, " "1, " "1, " "1, " "1, " "1, " "1, " "1, " "1, " "1, " "1, " "1, " "1, " "1, " "1, " "1, " "1, " "1, " "1, " "1, " "1, " "1, " "1, " "1, " "1, " "1, " "1, " "1, " "1, " "1, " "1, " "1, " "1, " "1, " "1, " "1, " "1, " "1, " "1, " "1, " "1, " "1, " "1, " "1, " "1, " "1, " "1, " "1, " "1, " "1, " "1, " "1, " "1, " "1, " "1, " "1, " "1, " "1, " "1, " "1, " "1, " "1, " "1, " "1, " "1, " "1, " "1, " "1, " "1, " "1, " "1, " "1, " "1, " "1, " "1, " "1, " "1, " "1, " "1, " "1, " "1, " "1, " "1, " "1, " "1, " "1, " "1, " "1, " "1, " "1, " "1, " "1, " "1, " "1, " "1, " "1, " "1, " "1, " "1, " "1, " "1, " "1, " "1, " "1, " "1, " "1, " "1, " "1, " "1, " "1, " "1, " "1, " "1, " "1, " "1, " "1, " "1, " "1, " "1, " "1, " "1, " "1, " "1, " "1, " "1, " "1, " "1, " "0, " "1, " "1, " "1, " "1, " "1, " "1, " "1, " "1, " "1, " "1, " "1, " "1, " "1, " "1, " "1, " "1, " "1, " "1, " "1, " "1, " "1, " "1, " "1, " "1, " "1, " "1, " "1, " "1, " "1, " "1, " "1, " "1, " "1, " "1, " "1, " "1, " "1, " "1, " "1, " "1, " "1, " "1, " "1, " "1, " "1, " "1, " "1, " "1, " "1, " "1, " "1, " "1, " "1, " "1, " "1, " "1, " "1, " "1, " "1, " "1, " "1, " "1, " "1, " "1, " "1, " "1, " "1, " "1, " "1, " "1, " "1, " "1, " "1, " "1, " "1, " "1, " "1, " "1, " "1, " "1, " "1, " "1, " "1, " "1, " "1, " "1, " "1, " "1, " "1, " "1, " "1, " "1, " "1, " "1, " "1, " "1, " "1, " "1, " "1, " "1, " "1, " "1, " "1, " "1, " "1, " "1, " "1, " "1, " "1, " "1, " "1, " "1, " "1, " "1, " "1, " "1, " "1, " "1, " "1, " "1, " "1, " "1, " "1, " "1, " "1, " "1, " "1, " "1, " "1, " "1, " "1, " "1, " "1, " "1, " "1, " "1, " "1, " "1, " "1, " "1, " "1, " "1, " "1, " "1, " "1, " "1, " "1, " "1, " "1, " "1, " "1, " "1, " "1, " "1, "204
 "Nei359, 0.202, " "0.015, " "1, " "1, " "1, " "1, " "1, " "1, " "1, " "1, " "1, " "1, " "1, " "1, " "1, " "1, " "1, " "1, " "1, " "1, " "1, " "1, " "1, " "1, " "1, " "1, " "1, " "1, " "1, " "1, " "1, " "1, " "1, " "1, " "1, " "1, " "1, " "1, " "1, " "1, " "1, " "1, " "1, " "1, " "1, " "1, " "1, " "1, " "1, " "1, " "1, " "1, " "1, " "1, " "1, " "1, " "1, " "1, " "1, " "1, " "1, " "1, " "1, " "1, " "1, " "1, " "1, " "1, " "1, " "1, " "1, " "1, " "1, " "1, " "1, " "1, " "1, " "1, " "1, " "1, " "1, " "1, " "1, " "1, " "1, " "1, " "1, " "1, " "1, " "1, " "1, " "1, " "1, " "1, " "1, " "1, " "1, " "1, " "1, " "1, " "1, " "1, " "1, " "1, " "1, " "1, " "1, " "1, " "1, " "1, " "1, " "1, " "1, " "1, " "1, " "1, " "1, " "1, " "1, " "1, " "1, " "1, " "1, " "1, " "1, " "1, " "1, " "1, " "1, " "1, " "1, " "1, " "1, " "1, " "1, " "1, " "1, " "1, " "1, " "1, " "1, " "1, " "1, " "1, " "1, " "1, " "1, " "1, " "1, " "1, " "1, " "1, " "1, " "1, " "1, " "1, " "1, " "1, " "1, " "1, " "1, " "1, " "1, " "1, " "1, " "1, " "1, " "1, " "1, " "1, " "1, " "1, " "1, " "1, " "1, " "1, " "1, " "1, " "1, " "1, " "1, " "1, " "1, " "1, " "1, " "1, " "1, " "1, " "1, " "1, " "1, " "1, " "1, " "1, " "1, " "1, " "1, " "1, " "1, " "1, " "1, " "1, " "1, " "1, " "1, " "1, " "1, " "1, " "1, " "1, " "1, " "1, " "1, " "1, " "1, " "1, " "1, " "1, " "1, " "1, " "1, " "1, " "1, " "1, " "1, " "1, " "1, " "1, " "1, " "1, " "1, " "1, " "1, " "1, " "1, " "1, " "1, " "1, " "1, " "1, " "1, " "1, " "1, " "1, " "1, " "1, " "1, " "1, " "1, " "1, " "1, " "1, " "1, " "1, " "1, " "1, " "1, " "1, " "1, " "1, " "1, " "1, " "1, " "1, " "1, " "1, " "1, " "1, " "1, " "1, " "1, " "1, " "1, " "1, " "1, " "1, " "1, " "1, " "1, " "1, " "1, " "1, " "1, " "1, " "1, " "1, " "1, " "1, " "1, " "1, " "1, " "1, " "1, " "1, " "1, " "1, " "1, " "1, " "1, " "1, " "1, " "1, " "1, " "1, " "1, " "1, " "1, " "1, " "1, " "1, " "1, " "1, " "1, " "1, " "1, " "1, " "1, " "1, " "1, " "1, " "1, " "1, " "1, " "1, " "1, " "1, " "1, " "1, " "1, " "1, " "1, " "1, " "1, " "1, " "1, " "1, " "1, " "1, " "1, " "1, " "1, " "1, " "1, " "1, " "1, " "1, " "1, " "1, " "1, " "1, " "1, " "1, " "1, " "1, " "1, " "1, " "1, " "1, " "1, " "1, " "1, " "0, " "1, " "1, " "1, " "1, " "1, " "1, " "1, " "1, " "1, " "1, " "1, " "1, " "1, " "1, " "1, " "1, " "1, " "1, " "1, " "1, " "1, " "1, " "1, " "1, " "1, " "1, " "1, " "1, " "1, " "1, " "1, " "1, " "1, " "1, " "1, " "1, " "1, " "1, " "1, " "1, " "1, " "1, " "1, " "1, " "1, " "1, " "1, " "1, " "1, " "1, " "1, " "1, " "1, " "1, " "1, " "1, " "1, " "1, " "1, " "1, " "1, " "1, " "1, " "1, " "1, " "1, " "1, " "1, " "1, " "1, " "1, " "1, " "1, " "1, " "1, " "1, " "1, " "1, " "1, " "1, " "1, " "1, " "1, " "1, " "1, " "1, " "1, " "1, " "1, " "1, " "1, " "1, " "1, " "1, " "1, " "1, " "1, " "1, " "1, " "1, " "1, " "1, " "1, " "1, " "1, " "1, " "1, " "1, " "1, " "1, " "1, " "1, " "1, " "1, " "1, " "1, " "1, " "1, " "1, " "1, " "1, " "1, " "1, " "1, " "1, " "1, " "1, " "1, " "1, " "1, " "1, " "1, " "1, " "1, " "1, " "1, " "1, " "1, " "1, " "1, " "1, " "1, " "1, " "1, " "1, " "1, " "1, " "1, " "1, " "1, " "1, " "1, " "1, "204
 "Nei360, 0.234, " "0.015, " "1, " "1, " "1, " "1, " "1, " "1, " "1, " "1, " "1, " "1, " "1, " "1, " "1, " "1, " "1, " "1, " "1, " "1, " "1, " "1, " "1, " "1, " "1, " "1, " "1, " "1, " "1, " "1, " "1, " "1, " "1, " "1, " "1, " "1, " "1, " "1, " "1, " "1, " "1, " "1, " "1, " "1, " "1, " "1, " "1, " "1, " "1, " "1, " "1, " "1, " "1, " "1, " "1, " "1, " "1, " "1, " "1, " "1, " "1, " "1, " "1, " "1, " "1, " "1, " "1, " "1, " "1, " "1, " "1, " "1, " "1, " "1, " "1, " "1, " "1, " "1, " "1, " "1, " "1, " "1, " "1, " "1, " "1, " "1, " "1, " "1, " "1, " "1, " "1, " "1, " "1, " "1, " "1, " "1, " "1, " "1, " "1, " "1, " "1, " "1, " "1, " "1, " "1, " "1, " "1, " "1, " "1, " "1, " "1, " "1, " "1, " "1, " "1, " "1, " "1, " "1, " "1, " "1, " "1, " "1, " "1, " "1, " "1, " "1, " "1, " "1, " "1, " "1, " "1, " "1, " "1, " "1, " "1, " "1, " "1, " "1, " "1, " "1, " "1, " "1, " "1, " "1, " "1, " "1, " "1, " "1, " "1, " "1, " "1, " "1, " "1, " "1, " "1, " "1, " "1, " "1, " "1, " "1, " "1, " "1, " "1, " "1, " "1, " "1, " "1, " "1, " "1, " "1, " "1, " "1, " "1, " "1, " "1, " "1, " "1, " "1, " "1, " "1, " "1, " "1, " "1, " "1, " "1, " "1, " "1, " "1, " "1, " "1, " "1, " "1, " "1, " "1, " "1, " "1, " "1, " "1, " "1, " "1, " "1, " "1, " "1, " "1, " "1, " "1, " "1, " "1, " "1, " "1, " "1, " "1, " "1, " "1, " "1, " "1, " "1, " "1, " "1, " "1, " "1, " "1, " "1, " "1, " "1, " "1, " "1, " "1, " "1, " "1, " "1, " "1, " "1, " "1, " "1, " "1, " "1, " "1, " "1, " "1, " "1, " "1, " "1, " "1, " "1, " "1, " "1, " "1, " "1, " "1, " "1, " "1, " "1, " "1, " "1, " "1, " "1, " "1, " "1, " "1, " "1, " "1, " "1, " "1, " "1, " "1, " "1, " "1, " "1, " "1, " "1, " "1, " "1, " "1, " "1, " "1, " "1, " "1, " "1, " "1, " "1, " "1, " "1, " "1, " "1, " "1, " "1, " "1, " "1, " "1, " "1, " "1, " "1, " "1, " "1, " "1, " "1, " "1, " "1, " "1, " "1, " "1, " "1, " "1, " "1, " "1, " "1, " "1, " "1, " "1, " "1, " "1, " "1, " "1, " "1, " "1, " "1, " "1, " "1, " "1, " "1, " "1, " "1, " "1, " "1, " "1, " "1, " "1, " "1, " "1, " "1, " "1, " "1, " "1, " "1, " "1, " "1, " "1, " "1, " "1, " "1, " "1, " "1, " "1, " "1, " "1, " "1, " "1, " "1, " "1, " "1, " "1, " "1, " "1, " "1, " "1, " "1, " "1, " "1, " "1, " "1, " "1, " "0, " "1, " "1, " "1, " "1, " "1, " "1, " "1, " "1, " "1, " "1, " "1, " "1, " "1, " "1, " "1, " "1, " "1, " "1, " "1, " "1, " "1, " "1, " "1, " "1, " "1, " "1, " "1, " "1, " "1, " "1, " "1, " "1, " "1, " "1, " "1, " "1, " "1, " "1, " "1, " "1, " "1, " "1, " "1, " "1, " "1, " "1, " "1, " "1, " "1, " "1, " "1, " "1, " "1, " "1, " "1, " "1, " "1, " "1, " "1, " "1, " "1, " "1, " "1, " "1, " "1, " "1, " "1, " "1, " "1, " "1, " "1, " "1, " "1, " "1, " "1, " "1, " "1, " "1, " "1, " "1, " "1, " "1, " "1, " "1, " "1, " "1, " "1, " "1, " "1, " "1, " "1, " "1, " "1, " "1, " "1, " "1, " "1, " "1, " "1, " "1, " "1, " "1, " "1, " "1, " "1, " "1, " "1, " "1, " "1, " "1, " "1, " "1, " "1, " "1, " "1, " "1, " "1, " "1, " "1, " "1, " "1, " "1, " "1, " "1, " "1, " "1, " "1, " "1, " "1, " "1, " "1, " "1, " "1, " "1, " "1, " "1, " "1, " "1, " "1, " "1, " "1, " "1, " "1, " "1, " "1, " "1, " "1, " "1, " "1, " "1, " "1, " "1, "204
 "Nei361, 0.211, " "0.015, " "1, " "1, " "1, " "1, " "1, " "1, " "1, " "1, " "1, " "1, " "1, " "1, " "1, " "1, " "1, " "1, " "1, " "1, " "1, " "1, " "1, " "1, " "1, " "1, " "1, " "1, " "1, " "1, " "1, " "1, " "1, " "1, " "1, " "1, " "1, " "1, " "1, " "1, " "1, " "1, " "1, " "1, " "1, " "1, " "1, " "1, " "1, " "1, " "1, " "1, " "1, " "1, " "1, " "1, " "1, " "1, " "1, " "1, " "1, " "1, " "1, " "1, " "1, " "1, " "1, " "1, " "1, " "1, " "1, " "1, " "1, " "1, " "1, " "1, " "1, " "1, " "1, " "1, " "1, " "1, " "1, " "1, " "1, " "1, " "1, " "1, " "1, " "1, " "1, " "1, " "1, " "1, " "1, " "1, " "1, " "1, " "1, " "1, " "1, " "1, " "1, " "1, " "1, " "1, " "1, " "1, " "1, " "1, " "1, " "1, " "1, " "1, " "1, " "1, " "1, " "1, " "1, " "1, " "1, " "1, " "1, " "1, " "1, " "1, " "1, " "1, " "1, " "1, " "1, " "1, " "1, " "1, " "1, " "1, " "1, " "1, " "1, " "1, " "1, " "1, " "1, " "1, " "1, " "1, " "1, " "1, " "1, " "1, " "1, " "1, " "1, " "1, " "1, " "1, " "1, " "1, " "1, " "1, " "1, " "1, " "1, " "1, " "1, " "1, " "1, " "1, " "1, " "1, " "1, " "1, " "1, " "1, " "1, " "1, " "1, " "1, " "1, " "1, " "1, " "1, " "1, " "1, " "1, " "1, " "1, " "1, " "1, " "1, " "1, " "1, " "1, " "1, " "1, " "1, " "1, " "1, " "1, " "1, " "1, " "1, " "1, " "1, " "1, " "1, " "1, " "1, " "1, " "1, " "1, " "1, " "1, " "1, " "1, " "1, " "1, " "1, " "1, " "1, " "1, " "1, " "1, " "1, " "1, " "1, " "1, " "1, " "1, " "1, " "1, " "1, " "1, " "1, " "1, " "1, " "1, " "1, " "1, " "1, " "1, " "1, " "1, " "1, " "1, " "1, " "1, " "1, " "1, " "1, " "1, " "1, " "1, " "1, " "1, " "1, " "1, " "1, " "1, " "1, " "1, " "1, " "1, " "1, " "1, " "1, " "1, " "1, " "1, " "1, " "1, " "1, " "1, " "1, " "1, " "1, " "1, " "1, " "1, " "1, " "1, " "1, " "1, " "1, " "1, " "1, " "1, " "1, " "1, " "1, " "1, " "1, " "1, " "1, " "1, " "1, " "1, " "1, " "1, " "1, " "1, " "1, " "1, " "1, " "1, " "1, " "1, " "1, " "1, " "1, " "1, " "1, " "1, " "1, " "1, " "1, " "1, " "1, " "1, " "1, " "1, " "1, " "1, " "1, " "1, " "1, " "1, " "1, " "1, " "1, " "1, " "1, " "1, " "1, " "1, " "1, " "1, " "1, " "1, " "1, " "1, " "1, " "1, " "1, " "1, " "1, " "1, " "1, " "1, " "1, " "1, " "1, " "1, " "1, " "1, " "1, " "1, " "1, " "1, " "1, " "1, " "1, " "1, " "0, " "1, " "1, " "1, " "1, " "1, " "1, " "1, " "1, " "1, " "1, " "1, " "1, " "1, " "1, " "1, " "1, " "1, " "1, " "1, " "1, " "1, " "1, " "1, " "1, " "1, " "1, " "1, " "1, " "1, " "1, " "1, " "1, " "1, " "1, " "1, " "1, " "1, " "1, " "1, " "1, " "1, " "1, " "1, " "1, " "1, " "1, " "1, " "1, " "1, " "1, " "1, " "1, " "1, " "1, " "1, " "1, " "1, " "1, " "1, " "1, " "1, " "1, " "1, " "1, " "1, " "1, " "1, " "1, " "1, " "1, " "1, " "1, " "1, " "1, " "1, " "1, " "1, " "1, " "1, " "1, " "1, " "1, " "1, " "1, " "1, " "1, " "1, " "1, " "1, " "1, " "1, " "1, " "1, " "1, " "1, " "1, " "1, " "1, " "1, " "1, " "1, " "1, " "1, " "1, " "1, " "1, " "1, " "1, " "1, " "1, " "1, " "1, " "1, " "1, " "1, " "1, " "1, " "1, " "1, " "1, " "1, " "1, " "1, " "1, " "1, " "1, " "1, " "1, " "1, " "1, " "1, " "1, " "1, " "1, " "1, " "1, " "1, " "1, " "1, " "1, " "1, " "1, " "1, " "1, " "1, " "1, " "1, " "1, " "1, " "1, " "1, "204
 "Nei362, 0.179, " "0.015, " "1, " "1, " "1, " "1, " "1, " "1, " "1, " "1, " "1, " "1, " "1, " "1, " "1, " "1, " "1, " "1, " "1, " "1, " "1, " "1, " "1, " "1, " "1, " "1, " "1, " "1, " "1, " "1, " "1, " "1, " "1, " "1, " "1, " "1, " "1, " "1, " "1, " "1, " "1, " "1, " "1, " "1, " "1, " "1, " "1, " "1, " "1, " "1, " "1, " "1, " "1, " "1, " "1, " "1, " "1, " "1, " "1, " "1, " "1, " "1, " "1, " "1, " "1, " "1, " "1, " "1, " "1, " "1, " "1, " "1, " "1, " "1, " "1, " "1, " "1, " "1, " "1, " "1, " "1, " "1, " "1, " "1, " "1, " "1, " "1, " "1, " "1, " "1, " "1, " "1, " "1, " "1, " "1, " "1, " "1, " "1, " "1, " "1, " "1, " "1, " "1, " "1, " "1, " "1, " "1, " "1, " "1, " "1, " "1, " "1, " "1, " "1, " "1, " "1, " "1, " "1, " "1, " "1, " "1, " "1, " "1, " "1, " "1, " "1, " "1, " "1, " "1, " "1, " "1, " "1, " "1, " "1, " "1, " "1, " "1, " "1, " "1, " "1, " "1, " "1, " "1, " "1, " "1, " "1, " "1, " "1, " "1, " "1, " "1, " "1, " "1, " "1, " "1, " "1, " "1, " "1, " "1, " "1, " "1, " "1, " "1, " "1, " "1, " "1, " "1, " "1, " "1, " "1, " "1, " "1, " "1, " "1, " "1, " "1, " "1, " "1, " "1, " "1, " "1, " "1, " "1, " "1, " "1, " "1, " "1, " "1, " "1, " "1, " "1, " "1, " "1, " "1, " "1, " "1, " "1, " "1, " "1, " "1, " "1, " "1, " "1, " "1, " "1, " "1, " "1, " "1, " "1, " "1, " "1, " "1, " "1, " "1, " "1, " "1, " "1, " "1, " "1, " "1, " "1, " "1, " "1, " "1, " "1, " "1, " "1, " "1, " "1, " "1, " "1, " "1, " "1, " "1, " "1, " "1, " "1, " "1, " "1, " "1, " "1, " "1, " "1, " "1, " "1, " "1, " "1, " "1, " "1, " "1, " "1, " "1, " "1, " "1, " "1, " "1, " "1, " "1, " "1, " "1, " "1, " "1, " "1, " "1, " "1, " "1, " "1, " "1, " "1, " "1, " "1, " "1, " "1, " "1, " "1, " "1, " "1, " "1, " "1, " "1, " "1, " "1, " "1, " "1, " "1, " "1, " "1, " "1, " "1, " "1, " "1, " "1, " "1, " "1, " "1, " "1, " "1, " "1, " "1, " "1, " "1, " "1, " "1, " "1, " "1, " "1, " "1, " "1, " "1, " "1, " "1, " "1, " "1, " "1, " "1, " "1, " "1, " "1, " "1, " "1, " "1, " "1, " "1, " "1, " "1, " "1, " "1, " "1, " "1, " "1, " "1, " "1, " "1, " "1, " "1, " "1, " "1, " "1, " "1, " "1, " "1, " "1, " "1, " "1, " "1, " "1, " "1, " "1, " "1, " "1, " "1, " "1, " "1, " "1, " "1, " "1, " "1, " "1, " "1, " "1, " "1, " "1, " "1, " "1, " "0, " "1, " "1, " "1, " "1, " "1, " "1, " "1, " "1, " "1, " "1, " "1, " "1, " "1, " "1, " "1, " "1, " "1, " "1, " "1, " "1, " "1, " "1, " "1, " "1, " "1, " "1, " "1, " "1, " "1, " "1, " "1, " "1, " "1, " "1, " "1, " "1, " "1, " "1, " "1, " "1, " "1, " "1, " "1, " "1, " "1, " "1, " "1, " "1, " "1, " "1, " "1, " "1, " "1, " "1, " "1, " "1, " "1, " "1, " "1, " "1, " "1, " "1, " "1, " "1, " "1, " "1, " "1, " "1, " "1, " "1, " "1, " "1, " "1, " "1, " "1, " "1, " "1, " "1, " "1, " "1, " "1, " "1, " "1, " "1, " "1, " "1, " "1, " "1, " "1, " "1, " "1, " "1, " "1, " "1, " "1, " "1, " "1, " "1, " "1, " "1, " "1, " "1, " "1, " "1, " "1, " "1, " "1, " "1, " "1, " "1, " "1, " "1, " "1, " "1, " "1, " "1, " "1, " "1, " "1, " "1, " "1, " "1, " "1, " "1, " "1, " "1, " "1, " "1, " "1, " "1, " "1, " "1, " "1, " "1, " "1, " "1, " "1, " "1, " "1, " "1, " "1, " "1, " "1, " "1, " "1, " "1, " "1, " "1, " "1, " "1, "204
 "Nei363, 0.387, " "0.015, " "1, " "1, " "1, " "1, " "1, " "1, " "1, " "1, " "1, " "1, " "1, " "1, " "1, " "1, " "1, " "1, " "1, " "1, " "1, " "1, " "1, " "1, " "1, " "1, " "1, " "1, " "1, " "1, " "1, " "1, " "1, " "1, " "1, " "1, " "1, " "1, " "1, " "1, " "1, " "1, " "1, " "1, " "1, " "1, " "1, " "1, " "1, " "1, " "1, " "1, " "1, " "1, " "1, " "1, " "1, " "1, " "1, " "1, " "1, " "1, " "1, " "1, " "1, " "1, " "1, " "1, " "1, " "1, " "1, " "1, " "1, " "1, " "1, " "1, " "1, " "1, " "1, " "1, " "1, " "1, " "1, " "1, " "1, " "1, " "1, " "1, " "1, " "1, " "1, " "1, " "1, " "1, " "1, " "1, " "1, " "1, " "1, " "1, " "1, " "1, " "1, " "1, " "1, " "1, " "1, " "1, " "1, " "1, " "1, " "1, " "1, " "1, " "1, " "1, " "1, " "1, " "1, " "1, " "1, " "1, " "1, " "1, " "1, " "1, " "1, " "1, " "1, " "1, " "1, " "1, " "1, " "1, " "1, " "1, " "1, " "1, " "1, " "1, " "1, " "1, " "1, " "1, " "1, " "1, " "1, " "1, " "1, " "1, " "1, " "1, " "1, " "1, " "1, " "1, " "1, " "1, " "1, " "1, " "1, " "1, " "1, " "1, " "1, " "1, " "1, " "1, " "1, " "1, " "1, " "1, " "1, " "1, " "1, " "1, " "1, " "1, " "1, " "1, " "1, " "1, " "1, " "1, " "1, " "1, " "1, " "1, " "1, " "1, " "1, " "1, " "1, " "1, " "1, " "1, " "1, " "1, " "1, " "1, " "1, " "1, " "1, " "1, " "1, " "1, " "1, " "1, " "1, " "1, " "1, " "1, " "1, " "1, " "1, " "1, " "1, " "1, " "1, " "1, " "1, " "1, " "1, " "1, " "1, " "1, " "1, " "1, " "1, " "1, " "1, " "1, " "1, " "1, " "1, " "1, " "1, " "1, " "1, " "1, " "1, " "1, " "1, " "1, " "1, " "1, " "1, " "1, " "1, " "1, " "1, " "1, " "1, " "1, " "1, " "1, " "1, " "1, " "1, " "1, " "1, " "1, " "1, " "1, " "1, " "1, " "1, " "1, " "1, " "1, " "1, " "1, " "1, " "1, " "1, " "1, " "1, " "1, " "1, " "1, " "1, " "1, " "1, " "1, " "1, " "1, " "1, " "1, " "1, " "1, " "1, " "1, " "1, " "1, " "1, " "1, " "1, " "1, " "1, " "1, " "1, " "1, " "1, " "1, " "1, " "1, " "1, " "1, " "1, " "1, " "1, " "1, " "1, " "1, " "1, " "1, " "1, " "1, " "1, " "1, " "1, " "1, " "1, " "1, " "1, " "1, " "1, " "1, " "1, " "1, " "1, " "1, " "1, " "1, " "1, " "1, " "1, " "1, " "1, " "1, " "1, " "1, " "1, " "1, " "1, " "1, " "1, " "1, " "1, " "1, " "1, " "1, " "1, " "1, " "1, " "1, " "1, " "1, " "1, " "1, " "1, " "1, " "1, " "1, " "1, " "0, " "1, " "1, " "1, " "1, " "1, " "1, " "1, " "1, " "1, " "1, " "1, " "1, " "1, " "1, " "1, " "1, " "1, " "1, " "1, " "1, " "1, " "1, " "1, " "1, " "1, " "1, " "1, " "1, " "1, " "1, " "1, " "1, " "1, " "1, " "1, " "1, " "1, " "1, " "1, " "1, " "1, " "1, " "1, " "1, " "1, " "1, " "1, " "1, " "1, " "1, " "1, " "1, " "1, " "1, " "1, " "1, " "1, " "1, " "1, " "1, " "1, " "1, " "1, " "1, " "1, " "1, " "1, " "1, " "1, " "1, " "1, " "1, " "1, " "1, " "1, " "1, " "1, " "1, " "1, " "1, " "1, " "1, " "1, " "1, " "1, " "1, " "1, " "1, " "1, " "1, " "1, " "1, " "1, " "1, " "1, " "1, " "1, " "1, " "1, " "1, " "1, " "1, " "1, " "1, " "1, " "1, " "1, " "1, " "1, " "1, " "1, " "1, " "1, " "1, " "1, " "1, " "1, " "1, " "1, " "1, " "1, " "1, " "1, " "1, " "1, " "1, " "1, " "1, " "1, " "1, " "1, " "1, " "1, " "1, " "1, " "1, " "1, " "1, " "1, " "1, " "1, " "1, " "1, " "1, " "1, " "1, " "1, " "1, " "1, "204
 "Nei364, 0.353, " "0.015, " "1, " "1, " "1, " "1, " "1, " "1, " "1, " "1, " "1, " "1, " "1, " "1, " "1, " "1, " "1, " "1, " "1, " "1, " "1, " "1, " "1, " "1, " "1, " "1, " "1, " "1, " "1, " "1, " "1, " "1, " "1, " "1, " "1, " "1, " "1, " "1, " "1, " "1, " "1, " "1, " "1, " "1, " "1, " "1, " "1, " "1, " "1, " "1, " "1, " "1, " "1, " "1, " "1, " "1, " "1, " "1, " "1, " "1, " "1, " "1, " "1, " "1, " "1, " "1, " "1, " "1, " "1, " "1, " "1, " "1, " "1, " "1, " "1, " "1, " "1, " "1, " "1, " "1, " "1, " "1, " "1, " "1, " "1, " "1, " "1, " "1, " "1, " "1, " "1, " "1, " "1, " "1, " "1, " "1, " "1, " "1, " "1, " "1, " "1, " "1, " "1, " "1, " "1, " "1, " "1, " "1, " "1, " "1, " "1, " "1, " "1, " "1, " "1, " "1, " "1, " "1, " "1, " "1, " "1, " "1, " "1, " "1, " "1, " "1, " "1, " "1, " "1, " "1, " "1, " "1, " "1, " "1, " "1, " "1, " "1, " "1, " "1, " "1, " "1, " "1, " "1, " "1, " "1, " "1, " "1, " "1, " "1, " "1, " "1, " "1, " "1, " "1, " "1, " "1, " "1, " "1, " "1, " "1, " "1, " "1, " "1, " "1, " "1, " "1, " "1, " "1, " "1, " "1, " "1, " "1, " "1, " "1, " "1, " "1, " "1, " "1, " "1, " "1, " "1, " "1, " "1, " "1, " "1, " "1, " "1, " "1, " "1, " "1, " "1, " "1, " "1, " "1, " "1, " "1, " "1, " "1, " "1, " "1, " "1, " "1, " "1, " "1, " "1, " "1, " "1, " "1, " "1, " "1, " "1, " "1, " "1, " "1, " "1, " "1, " "1, " "1, " "1, " "1, " "1, " "1, " "1, " "1, " "1, " "1, " "1, " "1, " "1, " "1, " "1, " "1, " "1, " "1, " "1, " "1, " "1, " "1, " "1, " "1, " "1, " "1, " "1, " "1, " "1, " "1, " "1, " "1, " "1, " "1, " "1, " "1, " "1, " "1, " "1, " "1, " "1, " "1, " "1, " "1, " "1, " "1, " "1, " "1, " "1, " "1, " "1, " "1, " "1, " "1, " "1, " "1, " "1, " "1, " "1, " "1, " "1, " "1, " "1, " "1, " "1, " "1, " "1, " "1, " "1, " "1, " "1, " "1, " "1, " "1, " "1, " "1, " "1, " "1, " "1, " "1, " "1, " "1, " "1, " "1, " "1, " "1, " "1, " "1, " "1, " "1, " "1, " "1, " "1, " "1, " "1, " "1, " "1, " "1, " "1, " "1, " "1, " "1, " "1, " "1, " "1, " "1, " "1, " "1, " "1, " "1, " "1, " "1, " "1, " "1, " "1, " "1, " "1, " "1, " "1, " "1, " "1, " "1, " "1, " "1, " "1, " "1, " "1, " "1, " "1, " "1, " "1, " "1, " "1, " "1, " "1, " "1, " "1, " "1, " "1, " "1, " "1, " "1, " "1, " "1, " "1, " "1, " "1, " "1, " "1, " "1, " "0, " "1, " "1, " "1, " "1, " "1, " "1, " "1, " "1, " "1, " "1, " "1, " "1, " "1, " "1, " "1, " "1, " "1, " "1, " "1, " "1, " "1, " "1, " "1, " "1, " "1, " "1, " "1, " "1, " "1, " "1, " "1, " "1, " "1, " "1, " "1, " "1, " "1, " "1, " "1, " "1, " "1, " "1, " "1, " "1, " "1, " "1, " "1, " "1, " "1, " "1, " "1, " "1, " "1, " "1, " "1, " "1, " "1, " "1, " "1, " "1, " "1, " "1, " "1, " "1, " "1, " "1, " "1, " "1, " "1, " "1, " "1, " "1, " "1, " "1, " "1, " "1, " "1, " "1, " "1, " "1, " "1, " "1, " "1, " "1, " "1, " "1, " "1, " "1, " "1, " "1, " "1, " "1, " "1, " "1, " "1, " "1, " "1, " "1, " "1, " "1, " "1, " "1, " "1, " "1, " "1, " "1, " "1, " "1, " "1, " "1, " "1, " "1, " "1, " "1, " "1, " "1, " "1, " "1, " "1, " "1, " "1, " "1, " "1, " "1, " "1, " "1, " "1, " "1, " "1, " "1, " "1, " "1, " "1, " "1, " "1, " "1, " "1, " "1, " "1, " "1, " "1, " "1, " "1, " "1, " "1, " "1, " "1, " "1, "204
 "Nei365, 0.135, " "0.015, " "1, " "1, " "1, " "1, " "1, " "1, " "1, " "1, " "1, " "1, " "1, " "1, " "1, " "1, " "1, " "1, " "1, " "1, " "1, " "1, " "1, " "1, " "1, " "1, " "1, " "1, " "1, " "1, " "1, " "1, " "1, " "1, " "1, " "1, " "1, " "1, " "1, " "1, " "1, " "1, " "1, " "1, " "1, " "1, " "1, " "1, " "1, " "1, " "1, " "1, " "1, " "1, " "1, " "1, " "1, " "1, " "1, " "1, " "1, " "1, " "1, " "1, " "1, " "1, " "1, " "1, " "1, " "1, " "1, " "1, " "1, " "1, " "1, " "1, " "1, " "1, " "1, " "1, " "1, " "1, " "1, " "1, " "1, " "1, " "1, " "1, " "1, " "1, " "1, " "1, " "1, " "1, " "1, " "1, " "1, " "1, " "1, " "1, " "1, " "1, " "1, " "1, " "1, " "1, " "1, " "1, " "1, " "1, " "1, " "1, " "1, " "1, " "1, " "1, " "1, " "1, " "1, " "1, " "1, " "1, " "1, " "1, " "1, " "1, " "1, " "1, " "1, " "1, " "1, " "1, " "1, " "1, " "1, " "1, " "1, " "1, " "1, " "1, " "1, " "1, " "1, " "1, " "1, " "1, " "1, " "1, " "1, " "1, " "1, " "1, " "1, " "1, " "1, " "1, " "1, " "1, " "1, " "1, " "1, " "1, " "1, " "1, " "1, " "1, " "1, " "1, " "1, " "1, " "1, " "1, " "1, " "1, " "1, " "1, " "1, " "1, " "1, " "1, " "1, " "1, " "1, " "1, " "1, " "1, " "1, " "1, " "1, " "1, " "1, " "1, " "1, " "1, " "1, " "1, " "1, " "1, " "1, " "1, " "1, " "1, " "1, " "1, " "1, " "1, " "1, " "1, " "1, " "1, " "1, " "1, " "1, " "1, " "1, " "1, " "1, " "1, " "1, " "1, " "1, " "1, " "1, " "1, " "1, " "1, " "1, " "1, " "1, " "1, " "1, " "1, " "1, " "1, " "1, " "1, " "1, " "1, " "1, " "1, " "1, " "1, " "1, " "1, " "1, " "1, " "1, " "1, " "1, " "1, " "1, " "1, " "1, " "1, " "1, " "1, " "1, " "1, " "1, " "1, " "1, " "1, " "1, " "1, " "1, " "1, " "1, " "1, " "1, " "1, " "1, " "1, " "1, " "1, " "1, " "1, " "1, " "1, " "1, " "1, " "1, " "1, " "1, " "1, " "1, " "1, " "1, " "1, " "1, " "1, " "1, " "1, " "1, " "1, " "1, " "1, " "1, " "1, " "1, " "1, " "1, " "1, " "1, " "1, " "1, " "1, " "1, " "1, " "1, " "1, " "1, " "1, " "1, " "1, " "1, " "1, " "1, " "1, " "1, " "1, " "1, " "1, " "1, " "1, " "1, " "1, " "1, " "1, " "1, " "1, " "1, " "1, " "1, " "1, " "1, " "1, " "1, " "1, " "1, " "1, " "1, " "1, " "1, " "1, " "1, " "1, " "1, " "1, " "1, " "1, " "1, " "1, " "1, " "1, " "1, " "1, " "1, " "1, " "1, " "1, " "1, " "1, " "1, " "1, " "1, " "1, " "1, " "0, " "1, " "1, " "1, " "1, " "1, " "1, " "1, " "1, " "1, " "1, " "1, " "1, " "1, " "1, " "1, " "1, " "1, " "1, " "1, " "1, " "1, " "1, " "1, " "1, " "1, " "1, " "1, " "1, " "1, " "1, " "1, " "1, " "1, " "1, " "1, " "1, " "1, " "1, " "1, " "1, " "1, " "1, " "1, " "1, " "1, " "1, " "1, " "1, " "1, " "1, " "1, " "1, " "1, " "1, " "1, " "1, " "1, " "1, " "1, " "1, " "1, " "1, " "1, " "1, " "1, " "1, " "1, " "1, " "1, " "1, " "1, " "1, " "1, " "1, " "1, " "1, " "1, " "1, " "1, " "1, " "1, " "1, " "1, " "1, " "1, " "1, " "1, " "1, " "1, " "1, " "1, " "1, " "1, " "1, " "1, " "1, " "1, " "1, " "1, " "1, " "1, " "1, " "1, " "1, " "1, " "1, " "1, " "1, " "1, " "1, " "1, " "1, " "1, " "1, " "1, " "1, " "1, " "1, " "1, " "1, " "1, " "1, " "1, " "1, " "1, " "1, " "1, " "1, " "1, " "1, " "1, " "1, " "1, " "1, " "1, " "1, " "1, " "1, " "1, " "1, " "1, " "1, " "1, " "1, " "1, " "1, " "1, "204
 "Nei366, 0.173, " "0.015, " "1, " "1, " "1, " "1, " "1, " "1, " "1, " "1, " "1, " "1, " "1, " "1, " "1, " "1, " "1, " "1, " "1, " "1, " "1, " "1, " "1, " "1, " "1, " "1, " "1, " "1, " "1, " "1, " "1, " "1, " "1, " "1, " "1, " "1, " "1, " "1, " "1, " "1, " "1, " "1, " "1, " "1, " "1, " "1, " "1, " "1, " "1, " "1, " "1, " "1, " "1, " "1, " "1, " "1, " "1, " "1, " "1, " "1, " "1, " "1, " "1, " "1, " "1, " "1, " "1, " "1, " "1, " "1, " "1, " "1, " "1, " "1, " "1, " "1, " "1, " "1, " "1, " "1, " "1, " "1, " "1, " "1, " "1, " "1, " "1, " "1, " "1, " "1, " "1, " "1, " "1, " "1, " "1, " "1, " "1, " "1, " "1, " "1, " "1, " "1, " "1, " "1, " "1, " "1, " "1, " "1, " "1, " "1, " "1, " "1, " "1, " "1, " "1, " "1, " "1, " "1, " "1, " "1, " "1, " "1, " "1, " "1, " "1, " "1, " "1, " "1, " "1, " "1, " "1, " "1, " "1, " "1, " "1, " "1, " "1, " "1, " "1, " "1, " "1, " "1, " "1, " "1, " "1, " "1, " "1, " "1, " "1, " "1, " "1, " "1, " "1, " "1, " "1, " "1, " "1, " "1, " "1, " "1, " "1, " "1, " "1, " "1, " "1, " "1, " "1, " "1, " "1, " "1, " "1, " "1, " "1, " "1, " "1, " "1, " "1, " "1, " "1, " "1, " "1, " "1, " "1, " "1, " "1, " "1, " "1, " "1, " "1, " "1, " "1, " "1, " "1, " "1, " "1, " "1, " "1, " "1, " "1, " "1, " "1, " "1, " "1, " "1, " "1, " "1, " "1, " "1, " "1, " "1, " "1, " "1, " "1, " "1, " "1, " "1, " "1, " "1, " "1, " "1, " "1, " "1, " "1, " "1, " "1, " "1, " "1, " "1, " "1, " "1, " "1, " "1, " "1, " "1, " "1, " "1, " "1, " "1, " "1, " "1, " "1, " "1, " "1, " "1, " "1, " "1, " "1, " "1, " "1, " "1, " "1, " "1, " "1, " "1, " "1, " "1, " "1, " "1, " "1, " "1, " "1, " "1, " "1, " "1, " "1, " "1, " "1, " "1, " "1, " "1, " "1, " "1, " "1, " "1, " "1, " "1, " "1, " "1, " "1, " "1, " "1, " "1, " "1, " "1, " "1, " "1, " "1, " "1, " "1, " "1, " "1, " "1, " "1, " "1, " "1, " "1, " "1, " "1, " "1, " "1, " "1, " "1, " "1, " "1, " "1, " "1, " "1, " "1, " "1, " "1, " "1, " "1, " "1, " "1, " "1, " "1, " "1, " "1, " "1, " "1, " "1, " "1, " "1, " "1, " "1, " "1, " "1, " "1, " "1, " "1, " "1, " "1, " "1, " "1, " "1, " "1, " "1, " "1, " "1, " "1, " "1, " "1, " "1, " "1, " "1, " "1, " "1, " "1, " "1, " "1, " "1, " "1, " "1, " "1, " "1, " "1, " "1, " "1, " "1, " "1, " "1, " "1, " "1, " "1, " "1, " "1, " "1, " "1, " "0, " "1, " "1, " "1, " "1, " "1, " "1, " "1, " "1, " "1, " "1, " "1, " "1, " "1, " "1, " "1, " "1, " "1, " "1, " "1, " "1, " "1, " "1, " "1, " "1, " "1, " "1, " "1, " "1, " "1, " "1, " "1, " "1, " "1, " "1, " "1, " "1, " "1, " "1, " "1, " "1, " "1, " "1, " "1, " "1, " "1, " "1, " "1, " "1, " "1, " "1, " "1, " "1, " "1, " "1, " "1, " "1, " "1, " "1, " "1, " "1, " "1, " "1, " "1, " "1, " "1, " "1, " "1, " "1, " "1, " "1, " "1, " "1, " "1, " "1, " "1, " "1, " "1, " "1, " "1, " "1, " "1, " "1, " "1, " "1, " "1, " "1, " "1, " "1, " "1, " "1, " "1, " "1, " "1, " "1, " "1, " "1, " "1, " "1, " "1, " "1, " "1, " "1, " "1, " "1, " "1, " "1, " "1, " "1, " "1, " "1, " "1, " "1, " "1, " "1, " "1, " "1, " "1, " "1, " "1, " "1, " "1, " "1, " "1, " "1, " "1, " "1, " "1, " "1, " "1, " "1, " "1, " "1, " "1, " "1, " "1, " "1, " "1, " "1, " "1, " "1, " "1, " "1, " "1, " "1, " "1, " "1, "204
 "Nei367, 0.366, " "0.015, " "1, " "1, " "1, " "1, " "1, " "1, " "1, " "1, " "1, " "1, " "1, " "1, " "1, " "1, " "1, " "1, " "1, " "1, " "1, " "1, " "1, " "1, " "1, " "1, " "1, " "1, " "1, " "1, " "1, " "1, " "1, " "1, " "1, " "1, " "1, " "1, " "1, " "1, " "1, " "1, " "1, " "1, " "1, " "1, " "1, " "1, " "1, " "1, " "1, " "1, " "1, " "1, " "1, " "1, " "1, " "1, " "1, " "1, " "1, " "1, " "1, " "1, " "1, " "1, " "1, " "1, " "1, " "1, " "1, " "1, " "1, " "1, " "1, " "1, " "1, " "1, " "1, " "1, " "1, " "1, " "1, " "1, " "1, " "1, " "1, " "1, " "1, " "1, " "1, " "1, " "1, " "1, " "1, " "1, " "1, " "1, " "1, " "1, " "1, " "1, " "1, " "1, " "1, " "1, " "1, " "1, " "1, " "1, " "1, " "1, " "1, " "1, " "1, " "1, " "1, " "1, " "1, " "1, " "1, " "1, " "1, " "1, " "1, " "1, " "1, " "1, " "1, " "1, " "1, " "1, " "1, " "1, " "1, " "1, " "1, " "1, " "1, " "1, " "1, " "1, " "1, " "1, " "1, " "1, " "1, " "1, " "1, " "1, " "1, " "1, " "1, " "1, " "1, " "1, " "1, " "1, " "1, " "1, " "1, " "1, " "1, " "1, " "1, " "1, " "1, " "1, " "1, " "1, " "1, " "1, " "1, " "1, " "1, " "1, " "1, " "1, " "1, " "1, " "1, " "1, " "1, " "1, " "1, " "1, " "1, " "1, " "1, " "1, " "1, " "1, " "1, " "1, " "1, " "1, " "1, " "1, " "1, " "1, " "1, " "1, " "1, " "1, " "1, " "1, " "1, " "1, " "1, " "1, " "1, " "1, " "1, " "1, " "1, " "1, " "1, " "1, " "1, " "1, " "1, " "1, " "1, " "1, " "1, " "1, " "1, " "1, " "1, " "1, " "1, " "1, " "1, " "1, " "1, " "1, " "1, " "1, " "1, " "1, " "1, " "1, " "1, " "1, " "1, " "1, " "1, " "1, " "1, " "1, " "1, " "1, " "1, " "1, " "1, " "1, " "1, " "1, " "1, " "1, " "1, " "1, " "1, " "1, " "1, " "1, " "1, " "1, " "1, " "1, " "1, " "1, " "1, " "1, " "1, " "1, " "1, " "1, " "1, " "1, " "1, " "1, " "1, " "1, " "1, " "1, " "1, " "1, " "1, " "1, " "1, " "1, " "1, " "1, " "1, " "1, " "1, " "1, " "1, " "1, " "1, " "1, " "1, " "1, " "1, " "1, " "1, " "1, " "1, " "1, " "1, " "1, " "1, " "1, " "1, " "1, " "1, " "1, " "1, " "1, " "1, " "1, " "1, " "1, " "1, " "1, " "1, " "1, " "1, " "1, " "1, " "1, " "1, " "1, " "1, " "1, " "1, " "1, " "1, " "1, " "1, " "1, " "1, " "1, " "1, " "1, " "1, " "1, " "1, " "1, " "1, " "1, " "1, " "1, " "1, " "1, " "1, " "1, " "1, " "1, " "1, " "1, " "1, " "1, " "1, " "1, " "1, " "1, " "1, " "0, " "1, " "1, " "1, " "1, " "1, " "1, " "1, " "1, " "1, " "1, " "1, " "1, " "1, " "1, " "1, " "1, " "1, " "1, " "1, " "1, " "1, " "1, " "1, " "1, " "1, " "1, " "1, " "1, " "1, " "1, " "1, " "1, " "1, " "1, " "1, " "1, " "1, " "1, " "1, " "1, " "1, " "1, " "1, " "1, " "1, " "1, " "1, " "1, " "1, " "1, " "1, " "1, " "1, " "1, " "1, " "1, " "1, " "1, " "1, " "1, " "1, " "1, " "1, " "1, " "1, " "1, " "1, " "1, " "1, " "1, " "1, " "1, " "1, " "1, " "1, " "1, " "1, " "1, " "1, " "1, " "1, " "1, " "1, " "1, " "1, " "1, " "1, " "1, " "1, " "1, " "1, " "1, " "1, " "1, " "1, " "1, " "1, " "1, " "1, " "1, " "1, " "1, " "1, " "1, " "1, " "1, " "1, " "1, " "1, " "1, " "1, " "1, " "1, " "1, " "1, " "1, " "1, " "1, " "1, " "1, " "1, " "1, " "1, " "1, " "1, " "1, " "1, " "1, " "1, " "1, " "1, " "1, " "1, " "1, " "1, " "1, " "1, " "1, " "1, " "1, " "1, " "1, " "1, " "1, " "1, "204
 "Nei368, 0.226, " "0.015, " "1, " "1, " "1, " "1, " "1, " "1, " "1, " "1, " "1, " "1, " "1, " "1, " "1, " "1, " "1, " "1, " "1, " "1, " "1, " "1, " "1, " "1, " "1, " "1, " "1, " "1, " "1, " "1, " "1, " "1, " "1, " "1, " "1, " "1, " "1, " "1, " "1, " "1, " "1, " "1, " "1, " "1, " "1, " "1, " "1, " "1, " "1, " "1, " "1, " "1, " "1, " "1, " "1, " "1, " "1, " "1, " "1, " "1, " "1, " "1, " "1, " "1, " "1, " "1, " "1, " "1, " "1, " "1, " "1, " "1, " "1, " "1, " "1, " "1, " "1, " "1, " "1, " "1, " "1, " "1, " "1, " "1, " "1, " "1, " "1, " "1, " "1, " "1, " "1, " "1, " "1, " "1, " "1, " "1, " "1, " "1, " "1, " "1, " "1, " "1, " "1, " "1, " "1, " "1, " "1, " "1, " "1, " "1, " "1, " "1, " "1, " "1, " "1, " "1, " "1, " "1, " "1, " "1, " "1, " "1, " "1, " "1, " "1, " "1, " "1, " "1, " "1, " "1, " "1, " "1, " "1, " "1, " "1, " "1, " "1, " "1, " "1, " "1, " "1, " "1, " "1, " "1, " "1, " "1, " "1, " "1, " "1, " "1, " "1, " "1, " "1, " "1, " "1, " "1, " "1, " "1, " "1, " "1, " "1, " "1, " "1, " "1, " "1, " "1, " "1, " "1, " "1, " "1, " "1, " "1, " "1, " "1, " "1, " "1, " "1, " "1, " "1, " "1, " "1, " "1, " "1, " "1, " "1, " "1, " "1, " "1, " "1, " "1, " "1, " "1, " "1, " "1, " "1, " "1, " "1, " "1, " "1, " "1, " "1, " "1, " "1, " "1, " "1, " "1, " "1, " "1, " "1, " "1, " "1, " "1, " "1, " "1, " "1, " "1, " "1, " "1, " "1, " "1, " "1, " "1, " "1, " "1, " "1, " "1, " "1, " "1, " "1, " "1, " "1, " "1, " "1, " "1, " "1, " "1, " "1, " "1, " "1, " "1, " "1, " "1, " "1, " "1, " "1, " "1, " "1, " "1, " "1, " "1, " "1, " "1, " "1, " "1, " "1, " "1, " "1, " "1, " "1, " "1, " "1, " "1, " "1, " "1, " "1, " "1, " "1, " "1, " "1, " "1, " "1, " "1, " "1, " "1, " "1, " "1, " "1, " "1, " "1, " "1, " "1, " "1, " "1, " "1, " "1, " "1, " "1, " "1, " "1, " "1, " "1, " "1, " "1, " "1, " "1, " "1, " "1, " "1, " "1, " "1, " "1, " "1, " "1, " "1, " "1, " "1, " "1, " "1, " "1, " "1, " "1, " "1, " "1, " "1, " "1, " "1, " "1, " "1, " "1, " "1, " "1, " "1, " "1, " "1, " "1, " "1, " "1, " "1, " "1, " "1, " "1, " "1, " "1, " "1, " "1, " "1, " "1, " "1, " "1, " "1, " "1, " "1, " "1, " "1, " "1, " "1, " "1, " "1, " "1, " "1, " "1, " "1, " "1, " "1, " "1, " "1, " "1, " "1, " "1, " "1, " "1, " "1, " "1, " "1, " "1, " "1, " "1, " "1, " "1, " "1, " "0, " "1, " "1, " "1, " "1, " "1, " "1, " "1, " "1, " "1, " "1, " "1, " "1, " "1, " "1, " "1, " "1, " "1, " "1, " "1, " "1, " "1, " "1, " "1, " "1, " "1, " "1, " "1, " "1, " "1, " "1, " "1, " "1, " "1, " "1, " "1, " "1, " "1, " "1, " "1, " "1, " "1, " "1, " "1, " "1, " "1, " "1, " "1, " "1, " "1, " "1, " "1, " "1, " "1, " "1, " "1, " "1, " "1, " "1, " "1, " "1, " "1, " "1, " "1, " "1, " "1, " "1, " "1, " "1, " "1, " "1, " "1, " "1, " "1, " "1, " "1, " "1, " "1, " "1, " "1, " "1, " "1, " "1, " "1, " "1, " "1, " "1, " "1, " "1, " "1, " "1, " "1, " "1, " "1, " "1, " "1, " "1, " "1, " "1, " "1, " "1, " "1, " "1, " "1, " "1, " "1, " "1, " "1, " "1, " "1, " "1, " "1, " "1, " "1, " "1, " "1, " "1, " "1, " "1, " "1, " "1, " "1, " "1, " "1, " "1, " "1, " "1, " "1, " "1, " "1, " "1, " "1, " "1, " "1, " "1, " "1, " "1, " "1, " "1, " "1, " "1, " "1, " "1, " "1, " "1, "204
 "Nei369, 0.291, " "0.015, " "1, " "1, " "1, " "1, " "1, " "1, " "1, " "1, " "1, " "1, " "1, " "1, " "1, " "1, " "1, " "1, " "1, " "1, " "1, " "1, " "1, " "1, " "1, " "1, " "1, " "1, " "1, " "1, " "1, " "1, " "1, " "1, " "1, " "1, " "1, " "1, " "1, " "1, " "1, " "1, " "1, " "1, " "1, " "1, " "1, " "1, " "1, " "1, " "1, " "1, " "1, " "1, " "1, " "1, " "1, " "1, " "1, " "1, " "1, " "1, " "1, " "1, " "1, " "1, " "1, " "1, " "1, " "1, " "1, " "1, " "1, " "1, " "1, " "1, " "1, " "1, " "1, " "1, " "1, " "1, " "1, " "1, " "1, " "1, " "1, " "1, " "1, " "1, " "1, " "1, " "1, " "1, " "1, " "1, " "1, " "1, " "1, " "1, " "1, " "1, " "1, " "1, " "1, " "1, " "1, " "1, " "1, " "1, " "1, " "1, " "1, " "1, " "1, " "1, " "1, " "1, " "1, " "1, " "1, " "1, " "1, " "1, " "1, " "1, " "1, " "1, " "1, " "1, " "1, " "1, " "1, " "1, " "1, " "1, " "1, " "1, " "1, " "1, " "1, " "1, " "1, " "1, " "1, " "1, " "1, " "1, " "1, " "1, " "1, " "1, " "1, " "1, " "1, " "1, " "1, " "1, " "1, " "1, " "1, " "1, " "1, " "1, " "1, " "1, " "1, " "1, " "1, " "1, " "1, " "1, " "1, " "1, " "1, " "1, " "1, " "1, " "1, " "1, " "1, " "1, " "1, " "1, " "1, " "1, " "1, " "1, " "1, " "1, " "1, " "1, " "1, " "1, " "1, " "1, " "1, " "1, " "1, " "1, " "1, " "1, " "1, " "1, " "1, " "1, " "1, " "1, " "1, " "1, " "1, " "1, " "1, " "1, " "1, " "1, " "1, " "1, " "1, " "1, " "1, " "1, " "1, " "1, " "1, " "1, " "1, " "1, " "1, " "1, " "1, " "1, " "1, " "1, " "1, " "1, " "1, " "1, " "1, " "1, " "1, " "1, " "1, " "1, " "1, " "1, " "1, " "1, " "1, " "1, " "1, " "1, " "1, " "1, " "1, " "1, " "1, " "1, " "1, " "1, " "1, " "1, " "1, " "1, " "1, " "1, " "1, " "1, " "1, " "1, " "1, " "1, " "1, " "1, " "1, " "1, " "1, " "1, " "1, " "1, " "1, " "1, " "1, " "1, " "1, " "1, " "1, " "1, " "1, " "1, " "1, " "1, " "1, " "1, " "1, " "1, " "1, " "1, " "1, " "1, " "1, " "1, " "1, " "1, " "1, " "1, " "1, " "1, " "1, " "1, " "1, " "1, " "1, " "1, " "1, " "1, " "1, " "1, " "1, " "1, " "1, " "1, " "1, " "1, " "1, " "1, " "1, " "1, " "1, " "1, " "1, " "1, " "1, " "1, " "1, " "1, " "1, " "1, " "1, " "1, " "1, " "1, " "1, " "1, " "1, " "1, " "1, " "1, " "1, " "1, " "1, " "1, " "1, " "1, " "1, " "1, " "1, " "1, " "1, " "1, " "1, " "1, " "1, " "1, " "1, " "1, " "1, " "1, " "1, " "1, " "1, " "0, " "1, " "1, " "1, " "1, " "1, " "1, " "1, " "1, " "1, " "1, " "1, " "1, " "1, " "1, " "1, " "1, " "1, " "1, " "1, " "1, " "1, " "1, " "1, " "1, " "1, " "1, " "1, " "1, " "1, " "1, " "1, " "1, " "1, " "1, " "1, " "1, " "1, " "1, " "1, " "1, " "1, " "1, " "1, " "1, " "1, " "1, " "1, " "1, " "1, " "1, " "1, " "1, " "1, " "1, " "1, " "1, " "1, " "1, " "1, " "1, " "1, " "1, " "1, " "1, " "1, " "1, " "1, " "1, " "1, " "1, " "1, " "1, " "1, " "1, " "1, " "1, " "1, " "1, " "1, " "1, " "1, " "1, " "1, " "1, " "1, " "1, " "1, " "1, " "1, " "1, " "1, " "1, " "1, " "1, " "1, " "1, " "1, " "1, " "1, " "1, " "1, " "1, " "1, " "1, " "1, " "1, " "1, " "1, " "1, " "1, " "1, " "1, " "1, " "1, " "1, " "1, " "1, " "1, " "1, " "1, " "1, " "1, " "1, " "1, " "1, " "1, " "1, " "1, " "1, " "1, " "1, " "1, " "1, " "1, " "1, " "1, " "1, " "1, " "1, " "1, " "1, " "1, " "1, "204
 "Nei370, 0.251, " "0.015, " "1, " "1, " "1, " "1, " "1, " "1, " "1, " "1, " "1, " "1, " "1, " "1, " "1, " "1, " "1, " "1, " "1, " "1, " "1, " "1, " "1, " "1, " "1, " "1, " "1, " "1, " "1, " "1, " "1, " "1, " "1, " "1, " "1, " "1, " "1, " "1, " "1, " "1, " "1, " "1, " "1, " "1, " "1, " "1, " "1, " "1, " "1, " "1, " "1, " "1, " "1, " "1, " "1, " "1, " "1, " "1, " "1, " "1, " "1, " "1, " "1, " "1, " "1, " "1, " "1, " "1, " "1, " "1, " "1, " "1, " "1, " "1, " "1, " "1, " "1, " "1, " "1, " "1, " "1, " "1, " "1, " "1, " "1, " "1, " "1, " "1, " "1, " "1, " "1, " "1, " "1, " "1, " "1, " "1, " "1, " "1, " "1, " "1, " "1, " "1, " "1, " "1, " "1, " "1, " "1, " "1, " "1, " "1, " "1, " "1, " "1, " "1, " "1, " "1, " "1, " "1, " "1, " "1, " "1, " "1, " "1, " "1, " "1, " "1, " "1, " "1, " "1, " "1, " "1, " "1, " "1, " "1, " "1, " "1, " "1, " "1, " "1, " "1, " "1, " "1, " "1, " "1, " "1, " "1, " "1, " "1, " "1, " "1, " "1, " "1, " "1, " "1, " "1, " "1, " "1, " "1, " "1, " "1, " "1, " "1, " "1, " "1, " "1, " "1, " "1, " "1, " "1, " "1, " "1, " "1, " "1, " "1, " "1, " "1, " "1, " "1, " "1, " "1, " "1, " "1, " "1, " "1, " "1, " "1, " "1, " "1, " "1, " "1, " "1, " "1, " "1, " "1, " "1, " "1, " "1, " "1, " "1, " "1, " "1, " "1, " "1, " "1, " "1, " "1, " "1, " "1, " "1, " "1, " "1, " "1, " "1, " "1, " "1, " "1, " "1, " "1, " "1, " "1, " "1, " "1, " "1, " "1, " "1, " "1, " "1, " "1, " "1, " "1, " "1, " "1, " "1, " "1, " "1, " "1, " "1, " "1, " "1, " "1, " "1, " "1, " "1, " "1, " "1, " "1, " "1, " "1, " "1, " "1, " "1, " "1, " "1, " "1, " "1, " "1, " "1, " "1, " "1, " "1, " "1, " "1, " "1, " "1, " "1, " "1, " "1, " "1, " "1, " "1, " "1, " "1, " "1, " "1, " "1, " "1, " "1, " "1, " "1, " "1, " "1, " "1, " "1, " "1, " "1, " "1, " "1, " "1, " "1, " "1, " "1, " "1, " "1, " "1, " "1, " "1, " "1, " "1, " "1, " "1, " "1, " "1, " "1, " "1, " "1, " "1, " "1, " "1, " "1, " "1, " "1, " "1, " "1, " "1, " "1, " "1, " "1, " "1, " "1, " "1, " "1, " "1, " "1, " "1, " "1, " "1, " "1, " "1, " "1, " "1, " "1, " "1, " "1, " "1, " "1, " "1, " "1, " "1, " "1, " "1, " "1, " "1, " "1, " "1, " "1, " "1, " "1, " "1, " "1, " "1, " "1, " "1, " "1, " "1, " "1, " "1, " "1, " "1, " "1, " "1, " "1, " "1, " "1, " "1, " "1, " "1, " "1, " "1, " "1, " "1, " "1, " "1, " "0, " "1, " "1, " "1, " "1, " "1, " "1, " "1, " "1, " "1, " "1, " "1, " "1, " "1, " "1, " "1, " "1, " "1, " "1, " "1, " "1, " "1, " "1, " "1, " "1, " "1, " "1, " "1, " "1, " "1, " "1, " "1, " "1, " "1, " "1, " "1, " "1, " "1, " "1, " "1, " "1, " "1, " "1, " "1, " "1, " "1, " "1, " "1, " "1, " "1, " "1, " "1, " "1, " "1, " "1, " "1, " "1, " "1, " "1, " "1, " "1, " "1, " "1, " "1, " "1, " "1, " "1, " "1, " "1, " "1, " "1, " "1, " "1, " "1, " "1, " "1, " "1, " "1, " "1, " "1, " "1, " "1, " "1, " "1, " "1, " "1, " "1, " "1, " "1, " "1, " "1, " "1, " "1, " "1, " "1, " "1, " "1, " "1, " "1, " "1, " "1, " "1, " "1, " "1, " "1, " "1, " "1, " "1, " "1, " "1, " "1, " "1, " "1, " "1, " "1, " "1, " "1, " "1, " "1, " "1, " "1, " "1, " "1, " "1, " "1, " "1, " "1, " "1, " "1, " "1, " "1, " "1, " "1, " "1, " "1, " "1, " "1, " "1, " "1, " "1, " "1, " "1, " "1, "204
 "Nei371, 0.383, " "0.015, " "1, " "1, " "1, " "1, " "1, " "1, " "1, " "1, " "1, " "1, " "1, " "1, " "1, " "1, " "1, " "1, " "1, " "1, " "1, " "1, " "1, " "1, " "1, " "1, " "1, " "1, " "1, " "1, " "1, " "1, " "1, " "1, " "1, " "1, " "1, " "1, " "1, " "1, " "1, " "1, " "1, " "1, " "1, " "1, " "1, " "1, " "1, " "1, " "1, " "1, " "1, " "1, " "1, " "1, " "1, " "1, " "1, " "1, " "1, " "1, " "1, " "1, " "1, " "1, " "1, " "1, " "1, " "1, " "1, " "1, " "1, " "1, " "1, " "1, " "1, " "1, " "1, " "1, " "1, " "1, " "1, " "1, " "1, " "1, " "1, " "1, " "1, " "1, " "1, " "1, " "1, " "1, " "1, " "1, " "1, " "1, " "1, " "1, " "1, " "1, " "1, " "1, " "1, " "1, " "1, " "1, " "1, " "1, " "1, " "1, " "1, " "1, " "1, " "1, " "1, " "1, " "1, " "1, " "1, " "1, " "1, " "1, " "1, " "1, " "1, " "1, " "1, " "1, " "1, " "1, " "1, " "1, " "1, " "1, " "1, " "1, " "1, " "1, " "1, " "1, " "1, " "1, " "1, " "1, " "1, " "1, " "1, " "1, " "1, " "1, " "1, " "1, " "1, " "1, " "1, " "1, " "1, " "1, " "1, " "1, " "1, " "1, " "1, " "1, " "1, " "1, " "1, " "1, " "1, " "1, " "1, " "1, " "1, " "1, " "1, " "1, " "1, " "1, " "1, " "1, " "1, " "1, " "1, " "1, " "1, " "1, " "1, " "1, " "1, " "1, " "1, " "1, " "1, " "1, " "1, " "1, " "1, " "1, " "1, " "1, " "1, " "1, " "1, " "1, " "1, " "1, " "1, " "1, " "1, " "1, " "1, " "1, " "1, " "1, " "1, " "1, " "1, " "1, " "1, " "1, " "1, " "1, " "1, " "1, " "1, " "1, " "1, " "1, " "1, " "1, " "1, " "1, " "1, " "1, " "1, " "1, " "1, " "1, " "1, " "1, " "1, " "1, " "1, " "1, " "1, " "1, " "1, " "1, " "1, " "1, " "1, " "1, " "1, " "1, " "1, " "1, " "1, " "1, " "1, " "1, " "1, " "1, " "1, " "1, " "1, " "1, " "1, " "1, " "1, " "1, " "1, " "1, " "1, " "1, " "1, " "1, " "1, " "1, " "1, " "1, " "1, " "1, " "1, " "1, " "1, " "1, " "1, " "1, " "1, " "1, " "1, " "1, " "1, " "1, " "1, " "1, " "1, " "1, " "1, " "1, " "1, " "1, " "1, " "1, " "1, " "1, " "1, " "1, " "1, " "1, " "1, " "1, " "1, " "1, " "1, " "1, " "1, " "1, " "1, " "1, " "1, " "1, " "1, " "1, " "1, " "1, " "1, " "1, " "1, " "1, " "1, " "1, " "1, " "1, " "1, " "1, " "1, " "1, " "1, " "1, " "1, " "1, " "1, " "1, " "1, " "1, " "1, " "1, " "1, " "1, " "1, " "1, " "1, " "1, " "1, " "1, " "1, " "1, " "1, " "1, " "1, " "1, " "1, " "1, " "1, " "1, " "1, " "1, " "1, " "1, " "1, " "0, " "1, " "1, " "1, " "1, " "1, " "1, " "1, " "1, " "1, " "1, " "1, " "1, " "1, " "1, " "1, " "1, " "1, " "1, " "1, " "1, " "1, " "1, " "1, " "1, " "1, " "1, " "1, " "1, " "1, " "1, " "1, " "1, " "1, " "1, " "1, " "1, " "1, " "1, " "1, " "1, " "1, " "1, " "1, " "1, " "1, " "1, " "1, " "1, " "1, " "1, " "1, " "1, " "1, " "1, " "1, " "1, " "1, " "1, " "1, " "1, " "1, " "1, " "1, " "1, " "1, " "1, " "1, " "1, " "1, " "1, " "1, " "1, " "1, " "1, " "1, " "1, " "1, " "1, " "1, " "1, " "1, " "1, " "1, " "1, " "1, " "1, " "1, " "1, " "1, " "1, " "1, " "1, " "1, " "1, " "1, " "1, " "1, " "1, " "1, " "1, " "1, " "1, " "1, " "1, " "1, " "1, " "1, " "1, " "1, " "1, " "1, " "1, " "1, " "1, " "1, " "1, " "1, " "1, " "1, " "1, " "1, " "1, " "1, " "1, " "1, " "1, " "1, " "1, " "1, " "1, " "1, " "1, " "1, " "1, " "1, " "1, " "1, " "1, " "1, " "1, " "1, "204
 "Nei372, 0.384, " "0.015, " "1, " "1, " "1, " "1, " "1, " "1, " "1, " "1, " "1, " "1, " "1, " "1, " "1, " "1, " "1, " "1, " "1, " "1, " "1, " "1, " "1, " "1, " "1, " "1, " "1, " "1, " "1, " "1, " "1, " "1, " "1, " "1, " "1, " "1, " "1, " "1, " "1, " "1, " "1, " "1, " "1, " "1, " "1, " "1, " "1, " "1, " "1, " "1, " "1, " "1, " "1, " "1, " "1, " "1, " "1, " "1, " "1, " "1, " "1, " "1, " "1, " "1, " "1, " "1, " "1, " "1, " "1, " "1, " "1, " "1, " "1, " "1, " "1, " "1, " "1, " "1, " "1, " "1, " "1, " "1, " "1, " "1, " "1, " "1, " "1, " "1, " "1, " "1, " "1, " "1, " "1, " "1, " "1, " "1, " "1, " "1, " "1, " "1, " "1, " "1, " "1, " "1, " "1, " "1, " "1, " "1, " "1, " "1, " "1, " "1, " "1, " "1, " "1, " "1, " "1, " "1, " "1, " "1, " "1, " "1, " "1, " "1, " "1, " "1, " "1, " "1, " "1, " "1, " "1, " "1, " "1, " "1, " "1, " "1, " "1, " "1, " "1, " "1, " "1, " "1, " "1, " "1, " "1, " "1, " "1, " "1, " "1, " "1, " "1, " "1, " "1, " "1, " "1, " "1, " "1, " "1, " "1, " "1, " "1, " "1, " "1, " "1, " "1, " "1, " "1, " "1, " "1, " "1, " "1, " "1, " "1, " "1, " "1, " "1, " "1, " "1, " "1, " "1, " "1, " "1, " "1, " "1, " "1, " "1, " "1, " "1, " "1, " "1, " "1, " "1, " "1, " "1, " "1, " "1, " "1, " "1, " "1, " "1, " "1, " "1, " "1, " "1, " "1, " "1, " "1, " "1, " "1, " "1, " "1, " "1, " "1, " "1, " "1, " "1, " "1, " "1, " "1, " "1, " "1, " "1, " "1, " "1, " "1, " "1, " "1, " "1, " "1, " "1, " "1, " "1, " "1, " "1, " "1, " "1, " "1, " "1, " "1, " "1, " "1, " "1, " "1, " "1, " "1, " "1, " "1, " "1, " "1, " "1, " "1, " "1, " "1, " "1, " "1, " "1, " "1, " "1, " "1, " "1, " "1, " "1, " "1, " "1, " "1, " "1, " "1, " "1, " "1, " "1, " "1, " "1, " "1, " "1, " "1, " "1, " "1, " "1, " "1, " "1, " "1, " "1, " "1, " "1, " "1, " "1, " "1, " "1, " "1, " "1, " "1, " "1, " "1, " "1, " "1, " "1, " "1, " "1, " "1, " "1, " "1, " "1, " "1, " "1, " "1, " "1, " "1, " "1, " "1, " "1, " "1, " "1, " "1, " "1, " "1, " "1, " "1, " "1, " "1, " "1, " "1, " "1, " "1, " "1, " "1, " "1, " "1, " "1, " "1, " "1, " "1, " "1, " "1, " "1, " "1, " "1, " "1, " "1, " "1, " "1, " "1, " "1, " "1, " "1, " "1, " "1, " "1, " "1, " "1, " "1, " "1, " "1, " "1, " "1, " "1, " "1, " "1, " "1, " "1, " "1, " "1, " "1, " "1, " "1, " "1, " "1, " "1, " "1, " "1, " "1, " "1, " "1, " "1, " "1, " "0, " "1, " "1, " "1, " "1, " "1, " "1, " "1, " "1, " "1, " "1, " "1, " "1, " "1, " "1, " "1, " "1, " "1, " "1, " "1, " "1, " "1, " "1, " "1, " "1, " "1, " "1, " "1, " "1, " "1, " "1, " "1, " "1, " "1, " "1, " "1, " "1, " "1, " "1, " "1, " "1, " "1, " "1, " "1, " "1, " "1, " "1, " "1, " "1, " "1, " "1, " "1, " "1, " "1, " "1, " "1, " "1, " "1, " "1, " "1, " "1, " "1, " "1, " "1, " "1, " "1, " "1, " "1, " "1, " "1, " "1, " "1, " "1, " "1, " "1, " "1, " "1, " "1, " "1, " "1, " "1, " "1, " "1, " "1, " "1, " "1, " "1, " "1, " "1, " "1, " "1, " "1, " "1, " "1, " "1, " "1, " "1, " "1, " "1, " "1, " "1, " "1, " "1, " "1, " "1, " "1, " "1, " "1, " "1, " "1, " "1, " "1, " "1, " "1, " "1, " "1, " "1, " "1, " "1, " "1, " "1, " "1, " "1, " "1, " "1, " "1, " "1, " "1, " "1, " "1, " "1, " "1, " "1, " "1, " "1, " "1, " "1, " "1, " "1, " "1, " "1, "204
 "Nei373, 0.158, " "0.015, " "1, " "1, " "1, " "1, " "1, " "1, " "1, " "1, " "1, " "1, " "1, " "1, " "1, " "1, " "1, " "1, " "1, " "1, " "1, " "1, " "1, " "1, " "1, " "1, " "1, " "1, " "1, " "1, " "1, " "1, " "1, " "1, " "1, " "1, " "1, " "1, " "1, " "1, " "1, " "1, " "1, " "1, " "1, " "1, " "1, " "1, " "1, " "1, " "1, " "1, " "1, " "1, " "1, " "1, " "1, " "1, " "1, " "1, " "1, " "1, " "1, " "1, " "1, " "1, " "1, " "1, " "1, " "1, " "1, " "1, " "1, " "1, " "1, " "1, " "1, " "1, " "1, " "1, " "1, " "1, " "1, " "1, " "1, " "1, " "1, " "1, " "1, " "1, " "1, " "1, " "1, " "1, " "1, " "1, " "1, " "1, " "1, " "1, " "1, " "1, " "1, " "1, " "1, " "1, " "1, " "1, " "1, " "1, " "1, " "1, " "1, " "1, " "1, " "1, " "1, " "1, " "1, " "1, " "1, " "1, " "1, " "1, " "1, " "1, " "1, " "1, " "1, " "1, " "1, " "1, " "1, " "1, " "1, " "1, " "1, " "1, " "1, " "1, " "1, " "1, " "1, " "1, " "1, " "1, " "1, " "1, " "1, " "1, " "1, " "1, " "1, " "1, " "1, " "1, " "1, " "1, " "1, " "1, " "1, " "1, " "1, " "1, " "1, " "1, " "1, " "1, " "1, " "1, " "1, " "1, " "1, " "1, " "1, " "1, " "1, " "1, " "1, " "1, " "1, " "1, " "1, " "1, " "1, " "1, " "1, " "1, " "1, " "1, " "1, " "1, " "1, " "1, " "1, " "1, " "1, " "1, " "1, " "1, " "1, " "1, " "1, " "1, " "1, " "1, " "1, " "1, " "1, " "1, " "1, " "1, " "1, " "1, " "1, " "1, " "1, " "1, " "1, " "1, " "1, " "1, " "1, " "1, " "1, " "1, " "1, " "1, " "1, " "1, " "1, " "1, " "1, " "1, " "1, " "1, " "1, " "1, " "1, " "1, " "1, " "1, " "1, " "1, " "1, " "1, " "1, " "1, " "1, " "1, " "1, " "1, " "1, " "1, " "1, " "1, " "1, " "1, " "1, " "1, " "1, " "1, " "1, " "1, " "1, " "1, " "1, " "1, " "1, " "1, " "1, " "1, " "1, " "1, " "1, " "1, " "1, " "1, " "1, " "1, " "1, " "1, " "1, " "1, " "1, " "1, " "1, " "1, " "1, " "1, " "1, " "1, " "1, " "1, " "1, " "1, " "1, " "1, " "1, " "1, " "1, " "1, " "1, " "1, " "1, " "1, " "1, " "1, " "1, " "1, " "1, " "1, " "1, " "1, " "1, " "1, " "1, " "1, " "1, " "1, " "1, " "1, " "1, " "1, " "1, " "1, " "1, " "1, " "1, " "1, " "1, " "1, " "1, " "1, " "1, " "1, " "1, " "1, " "1, " "1, " "1, " "1, " "1, " "1, " "1, " "1, " "1, " "1, " "1, " "1, " "1, " "1, " "1, " "1, " "1, " "1, " "1, " "1, " "1, " "1, " "1, " "1, " "1, " "1, " "1, " "1, " "1, " "1, " "1, " "1, " "1, " "1, " "1, " "1, " "1, " "0, " "1, " "1, " "1, " "1, " "1, " "1, " "1, " "1, " "1, " "1, " "1, " "1, " "1, " "1, " "1, " "1, " "1, " "1, " "1, " "1, " "1, " "1, " "1, " "1, " "1, " "1, " "1, " "1, " "1, " "1, " "1, " "1, " "1, " "1, " "1, " "1, " "1, " "1, " "1, " "1, " "1, " "1, " "1, " "1, " "1, " "1, " "1, " "1, " "1, " "1, " "1, " "1, " "1, " "1, " "1, " "1, " "1, " "1, " "1, " "1, " "1, " "1, " "1, " "1, " "1, " "1, " "1, " "1, " "1, " "1, " "1, " "1, " "1, " "1, " "1, " "1, " "1, " "1, " "1, " "1, " "1, " "1, " "1, " "1, " "1, " "1, " "1, " "1, " "1, " "1, " "1, " "1, " "1, " "1, " "1, " "1, " "1, " "1, " "1, " "1, " "1, " "1, " "1, " "1, " "1, " "1, " "1, " "1, " "1, " "1, " "1, " "1, " "1, " "1, " "1, " "1, " "1, " "1, " "1, " "1, " "1, " "1, " "1, " "1, " "1, " "1, " "1, " "1, " "1, " "1, " "1, " "1, " "1, " "1, " "1, " "1, " "1, " "1, " "1, "204
 "Nei374, 0.004, " "0.015, " "1, " "1, " "1, " "1, " "1, " "1, " "1, " "1, " "1, " "1, " "1, " "1, " "1, " "1, " "1, " "1, " "1, " "1, " "1, " "1, " "1, " "1, " "1, " "1, " "1, " "1, " "1, " "1, " "1, " "1, " "1, " "1, " "1, " "1, " "1, " "1, " "1, " "1, " "1, " "1, " "1, " "1, " "1, " "1, " "1, " "1, " "1, " "1, " "1, " "1, " "1, " "1, " "1, " "1, " "1, " "1, " "1, " "1, " "1, " "1, " "1, " "1, " "1, " "1, " "1, " "1, " "1, " "1, " "1, " "1, " "1, " "1, " "1, " "1, " "1, " "1, " "1, " "1, " "1, " "1, " "1, " "1, " "1, " "1, " "1, " "1, " "1, " "1, " "1, " "1, " "1, " "1, " "1, " "1, " "1, " "1, " "1, " "1, " "1, " "1, " "1, " "1, " "1, " "1, " "1, " "1, " "1, " "1, " "1, " "1, " "1, " "1, " "1, " "1, " "1, " "1, " "1, " "1, " "1, " "1, " "1, " "1, " "1, " "1, " "1, " "1, " "1, " "1, " "1, " "1, " "1, " "1, " "1, " "1, " "1, " "1, " "1, " "1, " "1, " "1, " "1, " "1, " "1, " "1, " "1, " "1, " "1, " "1, " "1, " "1, " "1, " "1, " "1, " "1, " "1, " "1, " "1, " "1, " "1, " "1, " "1, " "1, " "1, " "1, " "1, " "1, " "1, " "1, " "1, " "1, " "1, " "1, " "1, " "1, " "1, " "1, " "1, " "1, " "1, " "1, " "1, " "1, " "1, " "1, " "1, " "1, " "1, " "1, " "1, " "1, " "1, " "1, " "1, " "1, " "1, " "1, " "1, " "1, " "1, " "1, " "1, " "1, " "1, " "1, " "1, " "1, " "1, " "1, " "1, " "1, " "1, " "1, " "1, " "1, " "1, " "1, " "1, " "1, " "1, " "1, " "1, " "1, " "1, " "1, " "1, " "1, " "1, " "1, " "1, " "1, " "1, " "1, " "1, " "1, " "1, " "1, " "1, " "1, " "1, " "1, " "1, " "1, " "1, " "1, " "1, " "1, " "1, " "1, " "1, " "1, " "1, " "1, " "1, " "1, " "1, " "1, " "1, " "1, " "1, " "1, " "1, " "1, " "1, " "1, " "1, " "1, " "1, " "1, " "1, " "1, " "1, " "1, " "1, " "1, " "1, " "1, " "1, " "1, " "1, " "1, " "1, " "1, " "1, " "1, " "1, " "1, " "1, " "1, " "1, " "1, " "1, " "1, " "1, " "1, " "1, " "1, " "1, " "1, " "1, " "1, " "1, " "1, " "1, " "1, " "1, " "1, " "1, " "1, " "1, " "1, " "1, " "1, " "1, " "1, " "1, " "1, " "1, " "1, " "1, " "1, " "1, " "1, " "1, " "1, " "1, " "1, " "1, " "1, " "1, " "1, " "1, " "1, " "1, " "1, " "1, " "1, " "1, " "1, " "1, " "1, " "1, " "1, " "1, " "1, " "1, " "1, " "1, " "1, " "1, " "1, " "1, " "1, " "1, " "1, " "1, " "1, " "1, " "1, " "1, " "1, " "1, " "1, " "1, " "1, " "1, " "1, " "1, " "1, " "1, " "1, " "1, " "1, " "1, " "1, " "0, " "1, " "1, " "1, " "1, " "1, " "1, " "1, " "1, " "1, " "1, " "1, " "1, " "1, " "1, " "1, " "1, " "1, " "1, " "1, " "1, " "1, " "1, " "1, " "1, " "1, " "1, " "1, " "1, " "1, " "1, " "1, " "1, " "1, " "1, " "1, " "1, " "1, " "1, " "1, " "1, " "1, " "1, " "1, " "1, " "1, " "1, " "1, " "1, " "1, " "1, " "1, " "1, " "1, " "1, " "1, " "1, " "1, " "1, " "1, " "1, " "1, " "1, " "1, " "1, " "1, " "1, " "1, " "1, " "1, " "1, " "1, " "1, " "1, " "1, " "1, " "1, " "1, " "1, " "1, " "1, " "1, " "1, " "1, " "1, " "1, " "1, " "1, " "1, " "1, " "1, " "1, " "1, " "1, " "1, " "1, " "1, " "1, " "1, " "1, " "1, " "1, " "1, " "1, " "1, " "1, " "1, " "1, " "1, " "1, " "1, " "1, " "1, " "1, " "1, " "1, " "1, " "1, " "1, " "1, " "1, " "1, " "1, " "1, " "1, " "1, " "1, " "1, " "1, " "1, " "1, " "1, " "1, " "1, " "1, " "1, " "1, " "1, " "1, "204
 "Nei375, 0.329, " "0.015, " "1, " "1, " "1, " "1, " "1, " "1, " "1, " "1, " "1, " "1, " "1, " "1, " "1, " "1, " "1, " "1, " "1, " "1, " "1, " "1, " "1, " "1, " "1, " "1, " "1, " "1, " "1, " "1, " "1, " "1, " "1, " "1, " "1, " "1, " "1, " "1, " "1, " "1, " "1, " "1, " "1, " "1, " "1, " "1, " "1, " "1, " "1, " "1, " "1, " "1, " "1, " "1, " "1, " "1, " "1, " "1, " "1, " "1, " "1, " "1, " "1, " "1, " "1, " "1, " "1, " "1, " "1, " "1, " "1, " "1, " "1, " "1, " "1, " "1, " "1, " "1, " "1, " "1, " "1, " "1, " "1, " "1, " "1, " "1, " "1, " "1, " "1, " "1, " "1, " "1, " "1, " "1, " "1, " "1, " "1, " "1, " "1, " "1, " "1, " "1, " "1, " "1, " "1, " "1, " "1, " "1, " "1, " "1, " "1, " "1, " "1, " "1, " "1, " "1, " "1, " "1, " "1, " "1, " "1, " "1, " "1, " "1, " "1, " "1, " "1, " "1, " "1, " "1, " "1, " "1, " "1, " "1, " "1, " "1, " "1, " "1, " "1, " "1, " "1, " "1, " "1, " "1, " "1, " "1, " "1, " "1, " "1, " "1, " "1, " "1, " "1, " "1, " "1, " "1, " "1, " "1, " "1, " "1, " "1, " "1, " "1, " "1, " "1, " "1, " "1, " "1, " "1, " "1, " "1, " "1, " "1, " "1, " "1, " "1, " "1, " "1, " "1, " "1, " "1, " "1, " "1, " "1, " "1, " "1, " "1, " "1, " "1, " "1, " "1, " "1, " "1, " "1, " "1, " "1, " "1, " "1, " "1, " "1, " "1, " "1, " "1, " "1, " "1, " "1, " "1, " "1, " "1, " "1, " "1, " "1, " "1, " "1, " "1, " "1, " "1, " "1, " "1, " "1, " "1, " "1, " "1, " "1, " "1, " "1, " "1, " "1, " "1, " "1, " "1, " "1, " "1, " "1, " "1, " "1, " "1, " "1, " "1, " "1, " "1, " "1, " "1, " "1, " "1, " "1, " "1, " "1, " "1, " "1, " "1, " "1, " "1, " "1, " "1, " "1, " "1, " "1, " "1, " "1, " "1, " "1, " "1, " "1, " "1, " "1, " "1, " "1, " "1, " "1, " "1, " "1, " "1, " "1, " "1, " "1, " "1, " "1, " "1, " "1, " "1, " "1, " "1, " "1, " "1, " "1, " "1, " "1, " "1, " "1, " "1, " "1, " "1, " "1, " "1, " "1, " "1, " "1, " "1, " "1, " "1, " "1, " "1, " "1, " "1, " "1, " "1, " "1, " "1, " "1, " "1, " "1, " "1, " "1, " "1, " "1, " "1, " "1, " "1, " "1, " "1, " "1, " "1, " "1, " "1, " "1, " "1, " "1, " "1, " "1, " "1, " "1, " "1, " "1, " "1, " "1, " "1, " "1, " "1, " "1, " "1, " "1, " "1, " "1, " "1, " "1, " "1, " "1, " "1, " "1, " "1, " "1, " "1, " "1, " "1, " "1, " "1, " "1, " "1, " "1, " "1, " "1, " "1, " "1, " "1, " "1, " "1, " "1, " "1, " "1, " "1, " "1, " "1, " "1, " "1, " "1, " "1, " "0, " "1, " "1, " "1, " "1, " "1, " "1, " "1, " "1, " "1, " "1, " "1, " "1, " "1, " "1, " "1, " "1, " "1, " "1, " "1, " "1, " "1, " "1, " "1, " "1, " "1, " "1, " "1, " "1, " "1, " "1, " "1, " "1, " "1, " "1, " "1, " "1, " "1, " "1, " "1, " "1, " "1, " "1, " "1, " "1, " "1, " "1, " "1, " "1, " "1, " "1, " "1, " "1, " "1, " "1, " "1, " "1, " "1, " "1, " "1, " "1, " "1, " "1, " "1, " "1, " "1, " "1, " "1, " "1, " "1, " "1, " "1, " "1, " "1, " "1, " "1, " "1, " "1, " "1, " "1, " "1, " "1, " "1, " "1, " "1, " "1, " "1, " "1, " "1, " "1, " "1, " "1, " "1, " "1, " "1, " "1, " "1, " "1, " "1, " "1, " "1, " "1, " "1, " "1, " "1, " "1, " "1, " "1, " "1, " "1, " "1, " "1, " "1, " "1, " "1, " "1, " "1, " "1, " "1, " "1, " "1, " "1, " "1, " "1, " "1, " "1, " "1, " "1, " "1, " "1, " "1, " "1, " "1, " "1, " "1, " "1, " "1, " "1, "204
 "Nei376, 0.193, " "0.015, " "1, " "1, " "1, " "1, " "1, " "1, " "1, " "1, " "1, " "1, " "1, " "1, " "1, " "1, " "1, " "1, " "1, " "1, " "1, " "1, " "1, " "1, " "1, " "1, " "1, " "1, " "1, " "1, " "1, " "1, " "1, " "1, " "1, " "1, " "1, " "1, " "1, " "1, " "1, " "1, " "1, " "1, " "1, " "1, " "1, " "1, " "1, " "1, " "1, " "1, " "1, " "1, " "1, " "1, " "1, " "1, " "1, " "1, " "1, " "1, " "1, " "1, " "1, " "1, " "1, " "1, " "1, " "1, " "1, " "1, " "1, " "1, " "1, " "1, " "1, " "1, " "1, " "1, " "1, " "1, " "1, " "1, " "1, " "1, " "1, " "1, " "1, " "1, " "1, " "1, " "1, " "1, " "1, " "1, " "1, " "1, " "1, " "1, " "1, " "1, " "1, " "1, " "1, " "1, " "1, " "1, " "1, " "1, " "1, " "1, " "1, " "1, " "1, " "1, " "1, " "1, " "1, " "1, " "1, " "1, " "1, " "1, " "1, " "1, " "1, " "1, " "1, " "1, " "1, " "1, " "1, " "1, " "1, " "1, " "1, " "1, " "1, " "1, " "1, " "1, " "1, " "1, " "1, " "1, " "1, " "1, " "1, " "1, " "1, " "1, " "1, " "1, " "1, " "1, " "1, " "1, " "1, " "1, " "1, " "1, " "1, " "1, " "1, " "1, " "1, " "1, " "1, " "1, " "1, " "1, " "1, " "1, " "1, " "1, " "1, " "1, " "1, " "1, " "1, " "1, " "1, " "1, " "1, " "1, " "1, " "1, " "1, " "1, " "1, " "1, " "1, " "1, " "1, " "1, " "1, " "1, " "1, " "1, " "1, " "1, " "1, " "1, " "1, " "1, " "1, " "1, " "1, " "1, " "1, " "1, " "1, " "1, " "1, " "1, " "1, " "1, " "1, " "1, " "1, " "1, " "1, " "1, " "1, " "1, " "1, " "1, " "1, " "1, " "1, " "1, " "1, " "1, " "1, " "1, " "1, " "1, " "1, " "1, " "1, " "1, " "1, " "1, " "1, " "1, " "1, " "1, " "1, " "1, " "1, " "1, " "1, " "1, " "1, " "1, " "1, " "1, " "1, " "1, " "1, " "1, " "1, " "1, " "1, " "1, " "1, " "1, " "1, " "1, " "1, " "1, " "1, " "1, " "1, " "1, " "1, " "1, " "1, " "1, " "1, " "1, " "1, " "1, " "1, " "1, " "1, " "1, " "1, " "1, " "1, " "1, " "1, " "1, " "1, " "1, " "1, " "1, " "1, " "1, " "1, " "1, " "1, " "1, " "1, " "1, " "1, " "1, " "1, " "1, " "1, " "1, " "1, " "1, " "1, " "1, " "1, " "1, " "1, " "1, " "1, " "1, " "1, " "1, " "1, " "1, " "1, " "1, " "1, " "1, " "1, " "1, " "1, " "1, " "1, " "1, " "1, " "1, " "1, " "1, " "1, " "1, " "1, " "1, " "1, " "1, " "1, " "1, " "1, " "1, " "1, " "1, " "1, " "1, " "1, " "1, " "1, " "1, " "1, " "1, " "1, " "1, " "1, " "1, " "1, " "1, " "1, " "1, " "1, " "1, " "1, " "1, " "1, " "1, " "1, " "1, " "1, " "1, " "0, " "1, " "1, " "1, " "1, " "1, " "1, " "1, " "1, " "1, " "1, " "1, " "1, " "1, " "1, " "1, " "1, " "1, " "1, " "1, " "1, " "1, " "1, " "1, " "1, " "1, " "1, " "1, " "1, " "1, " "1, " "1, " "1, " "1, " "1, " "1, " "1, " "1, " "1, " "1, " "1, " "1, " "1, " "1, " "1, " "1, " "1, " "1, " "1, " "1, " "1, " "1, " "1, " "1, " "1, " "1, " "1, " "1, " "1, " "1, " "1, " "1, " "1, " "1, " "1, " "1, " "1, " "1, " "1, " "1, " "1, " "1, " "1, " "1, " "1, " "1, " "1, " "1, " "1, " "1, " "1, " "1, " "1, " "1, " "1, " "1, " "1, " "1, " "1, " "1, " "1, " "1, " "1, " "1, " "1, " "1, " "1, " "1, " "1, " "1, " "1, " "1, " "1, " "1, " "1, " "1, " "1, " "1, " "1, " "1, " "1, " "1, " "1, " "1, " "1, " "1, " "1, " "1, " "1, " "1, " "1, " "1, " "1, " "1, " "1, " "1, " "1, " "1, " "1, " "1, " "1, " "1, " "1, " "1, " "1, " "1, " "1, "204
 "Nei377, 0.256, " "0.015, " "1, " "1, " "1, " "1, " "1, " "1, " "1, " "1, " "1, " "1, " "1, " "1, " "1, " "1, " "1, " "1, " "1, " "1, " "1, " "1, " "1, " "1, " "1, " "1, " "1, " "1, " "1, " "1, " "1, " "1, " "1, " "1, " "1, " "1, " "1, " "1, " "1, " "1, " "1, " "1, " "1, " "1, " "1, " "1, " "1, " "1, " "1, " "1, " "1, " "1, " "1, " "1, " "1, " "1, " "1, " "1, " "1, " "1, " "1, " "1, " "1, " "1, " "1, " "1, " "1, " "1, " "1, " "1, " "1, " "1, " "1, " "1, " "1, " "1, " "1, " "1, " "1, " "1, " "1, " "1, " "1, " "1, " "1, " "1, " "1, " "1, " "1, " "1, " "1, " "1, " "1, " "1, " "1, " "1, " "1, " "1, " "1, " "1, " "1, " "1, " "1, " "1, " "1, " "1, " "1, " "1, " "1, " "1, " "1, " "1, " "1, " "1, " "1, " "1, " "1, " "1, " "1, " "1, " "1, " "1, " "1, " "1, " "1, " "1, " "1, " "1, " "1, " "1, " "1, " "1, " "1, " "1, " "1, " "1, " "1, " "1, " "1, " "1, " "1, " "1, " "1, " "1, " "1, " "1, " "1, " "1, " "1, " "1, " "1, " "1, " "1, " "1, " "1, " "1, " "1, " "1, " "1, " "1, " "1, " "1, " "1, " "1, " "1, " "1, " "1, " "1, " "1, " "1, " "1, " "1, " "1, " "1, " "1, " "1, " "1, " "1, " "1, " "1, " "1, " "1, " "1, " "1, " "1, " "1, " "1, " "1, " "1, " "1, " "1, " "1, " "1, " "1, " "1, " "1, " "1, " "1, " "1, " "1, " "1, " "1, " "1, " "1, " "1, " "1, " "1, " "1, " "1, " "1, " "1, " "1, " "1, " "1, " "1, " "1, " "1, " "1, " "1, " "1, " "1, " "1, " "1, " "1, " "1, " "1, " "1, " "1, " "1, " "1, " "1, " "1, " "1, " "1, " "1, " "1, " "1, " "1, " "1, " "1, " "1, " "1, " "1, " "1, " "1, " "1, " "1, " "1, " "1, " "1, " "1, " "1, " "1, " "1, " "1, " "1, " "1, " "1, " "1, " "1, " "1, " "1, " "1, " "1, " "1, " "1, " "1, " "1, " "1, " "1, " "1, " "1, " "1, " "1, " "1, " "1, " "1, " "1, " "1, " "1, " "1, " "1, " "1, " "1, " "1, " "1, " "1, " "1, " "1, " "1, " "1, " "1, " "1, " "1, " "1, " "1, " "1, " "1, " "1, " "1, " "1, " "1, " "1, " "1, " "1, " "1, " "1, " "1, " "1, " "1, " "1, " "1, " "1, " "1, " "1, " "1, " "1, " "1, " "1, " "1, " "1, " "1, " "1, " "1, " "1, " "1, " "1, " "1, " "1, " "1, " "1, " "1, " "1, " "1, " "1, " "1, " "1, " "1, " "1, " "1, " "1, " "1, " "1, " "1, " "1, " "1, " "1, " "1, " "1, " "1, " "1, " "1, " "1, " "1, " "1, " "1, " "1, " "1, " "1, " "1, " "1, " "1, " "1, " "1, " "1, " "1, " "1, " "1, " "1, " "1, " "1, " "1, " "1, " "1, " "1, " "1, " "1, " "1, " "1, " "0, " "1, " "1, " "1, " "1, " "1, " "1, " "1, " "1, " "1, " "1, " "1, " "1, " "1, " "1, " "1, " "1, " "1, " "1, " "1, " "1, " "1, " "1, " "1, " "1, " "1, " "1, " "1, " "1, " "1, " "1, " "1, " "1, " "1, " "1, " "1, " "1, " "1, " "1, " "1, " "1, " "1, " "1, " "1, " "1, " "1, " "1, " "1, " "1, " "1, " "1, " "1, " "1, " "1, " "1, " "1, " "1, " "1, " "1, " "1, " "1, " "1, " "1, " "1, " "1, " "1, " "1, " "1, " "1, " "1, " "1, " "1, " "1, " "1, " "1, " "1, " "1, " "1, " "1, " "1, " "1, " "1, " "1, " "1, " "1, " "1, " "1, " "1, " "1, " "1, " "1, " "1, " "1, " "1, " "1, " "1, " "1, " "1, " "1, " "1, " "1, " "1, " "1, " "1, " "1, " "1, " "1, " "1, " "1, " "1, " "1, " "1, " "1, " "1, " "1, " "1, " "1, " "1, " "1, " "1, " "1, " "1, " "1, " "1, " "1, " "1, " "1, " "1, " "1, " "1, " "1, " "1, " "1, " "1, " "1, " "1, "204
 "Nei378, 0.245, " "0.015, " "1, " "1, " "1, " "1, " "1, " "1, " "1, " "1, " "1, " "1, " "1, " "1, " "1, " "1, " "1, " "1, " "1, " "1, " "1, " "1, " "1, " "1, " "1, " "1, " "1, " "1, " "1, " "1, " "1, " "1, " "1, " "1, " "1, " "1, " "1, " "1, " "1, " "1, " "1, " "1, " "1, " "1, " "1, " "1, " "1, " "1, " "1, " "1, " "1, " "1, " "1, " "1, " "1, " "1, " "1, " "1, " "1, " "1, " "1, " "1, " "1, " "1, " "1, " "1, " "1, " "1, " "1, " "1, " "1, " "1, " "1, " "1, " "1, " "1, " "1, " "1, " "1, " "1, " "1, " "1, " "1, " "1, " "1, " "1, " "1, " "1, " "1, " "1, " "1, " "1, " "1, " "1, " "1, " "1, " "1, " "1, " "1, " "1, " "1, " "1, " "1, " "1, " "1, " "1, " "1, " "1, " "1, " "1, " "1, " "1, " "1, " "1, " "1, " "1, " "1, " "1, " "1, " "1, " "1, " "1, " "1, " "1, " "1, " "1, " "1, " "1, " "1, " "1, " "1, " "1, " "1, " "1, " "1, " "1, " "1, " "1, " "1, " "1, " "1, " "1, " "1, " "1, " "1, " "1, " "1, " "1, " "1, " "1, " "1, " "1, " "1, " "1, " "1, " "1, " "1, " "1, " "1, " "1, " "1, " "1, " "1, " "1, " "1, " "1, " "1, " "1, " "1, " "1, " "1, " "1, " "1, " "1, " "1, " "1, " "1, " "1, " "1, " "1, " "1, " "1, " "1, " "1, " "1, " "1, " "1, " "1, " "1, " "1, " "1, " "1, " "1, " "1, " "1, " "1, " "1, " "1, " "1, " "1, " "1, " "1, " "1, " "1, " "1, " "1, " "1, " "1, " "1, " "1, " "1, " "1, " "1, " "1, " "1, " "1, " "1, " "1, " "1, " "1, " "1, " "1, " "1, " "1, " "1, " "1, " "1, " "1, " "1, " "1, " "1, " "1, " "1, " "1, " "1, " "1, " "1, " "1, " "1, " "1, " "1, " "1, " "1, " "1, " "1, " "1, " "1, " "1, " "1, " "1, " "1, " "1, " "1, " "1, " "1, " "1, " "1, " "1, " "1, " "1, " "1, " "1, " "1, " "1, " "1, " "1, " "1, " "1, " "1, " "1, " "1, " "1, " "1, " "1, " "1, " "1, " "1, " "1, " "1, " "1, " "1, " "1, " "1, " "1, " "1, " "1, " "1, " "1, " "1, " "1, " "1, " "1, " "1, " "1, " "1, " "1, " "1, " "1, " "1, " "1, " "1, " "1, " "1, " "1, " "1, " "1, " "1, " "1, " "1, " "1, " "1, " "1, " "1, " "1, " "1, " "1, " "1, " "1, " "1, " "1, " "1, " "1, " "1, " "1, " "1, " "1, " "1, " "1, " "1, " "1, " "1, " "1, " "1, " "1, " "1, " "1, " "1, " "1, " "1, " "1, " "1, " "1, " "1, " "1, " "1, " "1, " "1, " "1, " "1, " "1, " "1, " "1, " "1, " "1, " "1, " "1, " "1, " "1, " "1, " "1, " "1, " "1, " "1, " "1, " "1, " "1, " "1, " "1, " "1, " "1, " "1, " "1, " "1, " "1, " "1, " "1, " "1, " "1, " "1, " "1, " "0, " "1, " "1, " "1, " "1, " "1, " "1, " "1, " "1, " "1, " "1, " "1, " "1, " "1, " "1, " "1, " "1, " "1, " "1, " "1, " "1, " "1, " "1, " "1, " "1, " "1, " "1, " "1, " "1, " "1, " "1, " "1, " "1, " "1, " "1, " "1, " "1, " "1, " "1, " "1, " "1, " "1, " "1, " "1, " "1, " "1, " "1, " "1, " "1, " "1, " "1, " "1, " "1, " "1, " "1, " "1, " "1, " "1, " "1, " "1, " "1, " "1, " "1, " "1, " "1, " "1, " "1, " "1, " "1, " "1, " "1, " "1, " "1, " "1, " "1, " "1, " "1, " "1, " "1, " "1, " "1, " "1, " "1, " "1, " "1, " "1, " "1, " "1, " "1, " "1, " "1, " "1, " "1, " "1, " "1, " "1, " "1, " "1, " "1, " "1, " "1, " "1, " "1, " "1, " "1, " "1, " "1, " "1, " "1, " "1, " "1, " "1, " "1, " "1, " "1, " "1, " "1, " "1, " "1, " "1, " "1, " "1, " "1, " "1, " "1, " "1, " "1, " "1, " "1, " "1, " "1, " "1, " "1, " "1, " "1, "204
 "Nei379, 0.059, " "0.015, " "1, " "1, " "1, " "1, " "1, " "1, " "1, " "1, " "1, " "1, " "1, " "1, " "1, " "1, " "1, " "1, " "1, " "1, " "1, " "1, " "1, " "1, " "1, " "1, " "1, " "1, " "1, " "1, " "1, " "1, " "1, " "1, " "1, " "1, " "1, " "1, " "1, " "1, " "1, " "1, " "1, " "1, " "1, " "1, " "1, " "1, " "1, " "1, " "1, " "1, " "1, " "1, " "1, " "1, " "1, " "1, " "1, " "1, " "1, " "1, " "1, " "1, " "1, " "1, " "1, " "1, " "1, " "1, " "1, " "1, " "1, " "1, " "1, " "1, " "1, " "1, " "1, " "1, " "1, " "1, " "1, " "1, " "1, " "1, " "1, " "1, " "1, " "1, " "1, " "1, " "1, " "1, " "1, " "1, " "1, " "1, " "1, " "1, " "1, " "1, " "1, " "1, " "1, " "1, " "1, " "1, " "1, " "1, " "1, " "1, " "1, " "1, " "1, " "1, " "1, " "1, " "1, " "1, " "1, " "1, " "1, " "1, " "1, " "1, " "1, " "1, " "1, " "1, " "1, " "1, " "1, " "1, " "1, " "1, " "1, " "1, " "1, " "1, " "1, " "1, " "1, " "1, " "1, " "1, " "1, " "1, " "1, " "1, " "1, " "1, " "1, " "1, " "1, " "1, " "1, " "1, " "1, " "1, " "1, " "1, " "1, " "1, " "1, " "1, " "1, " "1, " "1, " "1, " "1, " "1, " "1, " "1, " "1, " "1, " "1, " "1, " "1, " "1, " "1, " "1, " "1, " "1, " "1, " "1, " "1, " "1, " "1, " "1, " "1, " "1, " "1, " "1, " "1, " "1, " "1, " "1, " "1, " "1, " "1, " "1, " "1, " "1, " "1, " "1, " "1, " "1, " "1, " "1, " "1, " "1, " "1, " "1, " "1, " "1, " "1, " "1, " "1, " "1, " "1, " "1, " "1, " "1, " "1, " "1, " "1, " "1, " "1, " "1, " "1, " "1, " "1, " "1, " "1, " "1, " "1, " "1, " "1, " "1, " "1, " "1, " "1, " "1, " "1, " "1, " "1, " "1, " "1, " "1, " "1, " "1, " "1, " "1, " "1, " "1, " "1, " "1, " "1, " "1, " "1, " "1, " "1, " "1, " "1, " "1, " "1, " "1, " "1, " "1, " "1, " "1, " "1, " "1, " "1, " "1, " "1, " "1, " "1, " "1, " "1, " "1, " "1, " "1, " "1, " "1, " "1, " "1, " "1, " "1, " "1, " "1, " "1, " "1, " "1, " "1, " "1, " "1, " "1, " "1, " "1, " "1, " "1, " "1, " "1, " "1, " "1, " "1, " "1, " "1, " "1, " "1, " "1, " "1, " "1, " "1, " "1, " "1, " "1, " "1, " "1, " "1, " "1, " "1, " "1, " "1, " "1, " "1, " "1, " "1, " "1, " "1, " "1, " "1, " "1, " "1, " "1, " "1, " "1, " "1, " "1, " "1, " "1, " "1, " "1, " "1, " "1, " "1, " "1, " "1, " "1, " "1, " "1, " "1, " "1, " "1, " "1, " "1, " "1, " "1, " "1, " "1, " "1, " "1, " "1, " "1, " "1, " "1, " "1, " "1, " "1, " "1, " "1, " "1, " "1, " "1, " "1, " "1, " "1, " "1, " "1, " "0, " "1, " "1, " "1, " "1, " "1, " "1, " "1, " "1, " "1, " "1, " "1, " "1, " "1, " "1, " "1, " "1, " "1, " "1, " "1, " "1, " "1, " "1, " "1, " "1, " "1, " "1, " "1, " "1, " "1, " "1, " "1, " "1, " "1, " "1, " "1, " "1, " "1, " "1, " "1, " "1, " "1, " "1, " "1, " "1, " "1, " "1, " "1, " "1, " "1, " "1, " "1, " "1, " "1, " "1, " "1, " "1, " "1, " "1, " "1, " "1, " "1, " "1, " "1, " "1, " "1, " "1, " "1, " "1, " "1, " "1, " "1, " "1, " "1, " "1, " "1, " "1, " "1, " "1, " "1, " "1, " "1, " "1, " "1, " "1, " "1, " "1, " "1, " "1, " "1, " "1, " "1, " "1, " "1, " "1, " "1, " "1, " "1, " "1, " "1, " "1, " "1, " "1, " "1, " "1, " "1, " "1, " "1, " "1, " "1, " "1, " "1, " "1, " "1, " "1, " "1, " "1, " "1, " "1, " "1, " "1, " "1, " "1, " "1, " "1, " "1, " "1, " "1, " "1, " "1, " "1, " "1, " "1, " "1, "204
 "Nei380, 0.008, " "0.015, " "1, " "1, " "1, " "1, " "1, " "1, " "1, " "1, " "1, " "1, " "1, " "1, " "1, " "1, " "1, " "1, " "1, " "1, " "1, " "1, " "1, " "1, " "1, " "1, " "1, " "1, " "1, " "1, " "1, " "1, " "1, " "1, " "1, " "1, " "1, " "1, " "1, " "1, " "1, " "1, " "1, " "1, " "1, " "1, " "1, " "1, " "1, " "1, " "1, " "1, " "1, " "1, " "1, " "1, " "1, " "1, " "1, " "1, " "1, " "1, " "1, " "1, " "1, " "1, " "1, " "1, " "1, " "1, " "1, " "1, " "1, " "1, " "1, " "1, " "1, " "1, " "1, " "1, " "1, " "1, " "1, " "1, " "1, " "1, " "1, " "1, " "1, " "1, " "1, " "1, " "1, " "1, " "1, " "1, " "1, " "1, " "1, " "1, " "1, " "1, " "1, " "1, " "1, " "1, " "1, " "1, " "1, " "1, " "1, " "1, " "1, " "1, " "1, " "1, " "1, " "1, " "1, " "1, " "1, " "1, " "1, " "1, " "1, " "1, " "1, " "1, " "1, " "1, " "1, " "1, " "1, " "1, " "1, " "1, " "1, " "1, " "1, " "1, " "1, " "1, " "1, " "1, " "1, " "1, " "1, " "1, " "1, " "1, " "1, " "1, " "1, " "1, " "1, " "1, " "1, " "1, " "1, " "1, " "1, " "1, " "1, " "1, " "1, " "1, " "1, " "1, " "1, " "1, " "1, " "1, " "1, " "1, " "1, " "1, " "1, " "1, " "1, " "1, " "1, " "1, " "1, " "1, " "1, " "1, " "1, " "1, " "1, " "1, " "1, " "1, " "1, " "1, " "1, " "1, " "1, " "1, " "1, " "1, " "1, " "1, " "1, " "1, " "1, " "1, " "1, " "1, " "1, " "1, " "1, " "1, " "1, " "1, " "1, " "1, " "1, " "1, " "1, " "1, " "1, " "1, " "1, " "1, " "1, " "1, " "1, " "1, " "1, " "1, " "1, " "1, " "1, " "1, " "1, " "1, " "1, " "1, " "1, " "1, " "1, " "1, " "1, " "1, " "1, " "1, " "1, " "1, " "1, " "1, " "1, " "1, " "1, " "1, " "1, " "1, " "1, " "1, " "1, " "1, " "1, " "1, " "1, " "1, " "1, " "1, " "1, " "1, " "1, " "1, " "1, " "1, " "1, " "1, " "1, " "1, " "1, " "1, " "1, " "1, " "1, " "1, " "1, " "1, " "1, " "1, " "1, " "1, " "1, " "1, " "1, " "1, " "1, " "1, " "1, " "1, " "1, " "1, " "1, " "1, " "1, " "1, " "1, " "1, " "1, " "1, " "1, " "1, " "1, " "1, " "1, " "1, " "1, " "1, " "1, " "1, " "1, " "1, " "1, " "1, " "1, " "1, " "1, " "1, " "1, " "1, " "1, " "1, " "1, " "1, " "1, " "1, " "1, " "1, " "1, " "1, " "1, " "1, " "1, " "1, " "1, " "1, " "1, " "1, " "1, " "1, " "1, " "1, " "1, " "1, " "1, " "1, " "1, " "1, " "1, " "1, " "1, " "1, " "1, " "1, " "1, " "1, " "1, " "1, " "1, " "1, " "1, " "1, " "1, " "1, " "1, " "1, " "1, " "1, " "1, " "1, " "1, " "1, " "1, " "1, " "1, " "1, " "0, " "1, " "1, " "1, " "1, " "1, " "1, " "1, " "1, " "1, " "1, " "1, " "1, " "1, " "1, " "1, " "1, " "1, " "1, " "1, " "1, " "1, " "1, " "1, " "1, " "1, " "1, " "1, " "1, " "1, " "1, " "1, " "1, " "1, " "1, " "1, " "1, " "1, " "1, " "1, " "1, " "1, " "1, " "1, " "1, " "1, " "1, " "1, " "1, " "1, " "1, " "1, " "1, " "1, " "1, " "1, " "1, " "1, " "1, " "1, " "1, " "1, " "1, " "1, " "1, " "1, " "1, " "1, " "1, " "1, " "1, " "1, " "1, " "1, " "1, " "1, " "1, " "1, " "1, " "1, " "1, " "1, " "1, " "1, " "1, " "1, " "1, " "1, " "1, " "1, " "1, " "1, " "1, " "1, " "1, " "1, " "1, " "1, " "1, " "1, " "1, " "1, " "1, " "1, " "1, " "1, " "1, " "1, " "1, " "1, " "1, " "1, " "1, " "1, " "1, " "1, " "1, " "1, " "1, " "1, " "1, " "1, " "1, " "1, " "1, " "1, " "1, " "1, " "1, " "1, " "1, " "1, " "1, "204
 "Nei381, 0.077, " "0.015, " "1, " "1, " "1, " "1, " "1, " "1, " "1, " "1, " "1, " "1, " "1, " "1, " "1, " "1, " "1, " "1, " "1, " "1, " "1, " "1, " "1, " "1, " "1, " "1, " "1, " "1, " "1, " "1, " "1, " "1, " "1, " "1, " "1, " "1, " "1, " "1, " "1, " "1, " "1, " "1, " "1, " "1, " "1, " "1, " "1, " "1, " "1, " "1, " "1, " "1, " "1, " "1, " "1, " "1, " "1, " "1, " "1, " "1, " "1, " "1, " "1, " "1, " "1, " "1, " "1, " "1, " "1, " "1, " "1, " "1, " "1, " "1, " "1, " "1, " "1, " "1, " "1, " "1, " "1, " "1, " "1, " "1, " "1, " "1, " "1, " "1, " "1, " "1, " "1, " "1, " "1, " "1, " "1, " "1, " "1, " "1, " "1, " "1, " "1, " "1, " "1, " "1, " "1, " "1, " "1, " "1, " "1, " "1, " "1, " "1, " "1, " "1, " "1, " "1, " "1, " "1, " "1, " "1, " "1, " "1, " "1, " "1, " "1, " "1, " "1, " "1, " "1, " "1, " "1, " "1, " "1, " "1, " "1, " "1, " "1, " "1, " "1, " "1, " "1, " "1, " "1, " "1, " "1, " "1, " "1, " "1, " "1, " "1, " "1, " "1, " "1, " "1, " "1, " "1, " "1, " "1, " "1, " "1, " "1, " "1, " "1, " "1, " "1, " "1, " "1, " "1, " "1, " "1, " "1, " "1, " "1, " "1, " "1, " "1, " "1, " "1, " "1, " "1, " "1, " "1, " "1, " "1, " "1, " "1, " "1, " "1, " "1, " "1, " "1, " "1, " "1, " "1, " "1, " "1, " "1, " "1, " "1, " "1, " "1, " "1, " "1, " "1, " "1, " "1, " "1, " "1, " "1, " "1, " "1, " "1, " "1, " "1, " "1, " "1, " "1, " "1, " "1, " "1, " "1, " "1, " "1, " "1, " "1, " "1, " "1, " "1, " "1, " "1, " "1, " "1, " "1, " "1, " "1, " "1, " "1, " "1, " "1, " "1, " "1, " "1, " "1, " "1, " "1, " "1, " "1, " "1, " "1, " "1, " "1, " "1, " "1, " "1, " "1, " "1, " "1, " "1, " "1, " "1, " "1, " "1, " "1, " "1, " "1, " "1, " "1, " "1, " "1, " "1, " "1, " "1, " "1, " "1, " "1, " "1, " "1, " "1, " "1, " "1, " "1, " "1, " "1, " "1, " "1, " "1, " "1, " "1, " "1, " "1, " "1, " "1, " "1, " "1, " "1, " "1, " "1, " "1, " "1, " "1, " "1, " "1, " "1, " "1, " "1, " "1, " "1, " "1, " "1, " "1, " "1, " "1, " "1, " "1, " "1, " "1, " "1, " "1, " "1, " "1, " "1, " "1, " "1, " "1, " "1, " "1, " "1, " "1, " "1, " "1, " "1, " "1, " "1, " "1, " "1, " "1, " "1, " "1, " "1, " "1, " "1, " "1, " "1, " "1, " "1, " "1, " "1, " "1, " "1, " "1, " "1, " "1, " "1, " "1, " "1, " "1, " "1, " "1, " "1, " "1, " "1, " "1, " "1, " "1, " "1, " "1, " "1, " "1, " "1, " "1, " "1, " "1, " "1, " "1, " "1, " "1, " "1, " "1, " "1, " "1, " "1, " "1, " "1, " "0, " "1, " "1, " "1, " "1, " "1, " "1, " "1, " "1, " "1, " "1, " "1, " "1, " "1, " "1, " "1, " "1, " "1, " "1, " "1, " "1, " "1, " "1, " "1, " "1, " "1, " "1, " "1, " "1, " "1, " "1, " "1, " "1, " "1, " "1, " "1, " "1, " "1, " "1, " "1, " "1, " "1, " "1, " "1, " "1, " "1, " "1, " "1, " "1, " "1, " "1, " "1, " "1, " "1, " "1, " "1, " "1, " "1, " "1, " "1, " "1, " "1, " "1, " "1, " "1, " "1, " "1, " "1, " "1, " "1, " "1, " "1, " "1, " "1, " "1, " "1, " "1, " "1, " "1, " "1, " "1, " "1, " "1, " "1, " "1, " "1, " "1, " "1, " "1, " "1, " "1, " "1, " "1, " "1, " "1, " "1, " "1, " "1, " "1, " "1, " "1, " "1, " "1, " "1, " "1, " "1, " "1, " "1, " "1, " "1, " "1, " "1, " "1, " "1, " "1, " "1, " "1, " "1, " "1, " "1, " "1, " "1, " "1, " "1, " "1, " "1, " "1, " "1, " "1, " "1, " "1, " "1, "204
 "Nei382, 0.013, " "0.015, " "1, " "1, " "1, " "1, " "1, " "1, " "1, " "1, " "1, " "1, " "1, " "1, " "1, " "1, " "1, " "1, " "1, " "1, " "1, " "1, " "1, " "1, " "1, " "1, " "1, " "1, " "1, " "1, " "1, " "1, " "1, " "1, " "1, " "1, " "1, " "1, " "1, " "1, " "1, " "1, " "1, " "1, " "1, " "1, " "1, " "1, " "1, " "1, " "1, " "1, " "1, " "1, " "1, " "1, " "1, " "1, " "1, " "1, " "1, " "1, " "1, " "1, " "1, " "1, " "1, " "1, " "1, " "1, " "1, " "1, " "1, " "1, " "1, " "1, " "1, " "1, " "1, " "1, " "1, " "1, " "1, " "1, " "1, " "1, " "1, " "1, " "1, " "1, " "1, " "1, " "1, " "1, " "1, " "1, " "1, " "1, " "1, " "1, " "1, " "1, " "1, " "1, " "1, " "1, " "1, " "1, " "1, " "1, " "1, " "1, " "1, " "1, " "1, " "1, " "1, " "1, " "1, " "1, " "1, " "1, " "1, " "1, " "1, " "1, " "1, " "1, " "1, " "1, " "1, " "1, " "1, " "1, " "1, " "1, " "1, " "1, " "1, " "1, " "1, " "1, " "1, " "1, " "1, " "1, " "1, " "1, " "1, " "1, " "1, " "1, " "1, " "1, " "1, " "1, " "1, " "1, " "1, " "1, " "1, " "1, " "1, " "1, " "1, " "1, " "1, " "1, " "1, " "1, " "1, " "1, " "1, " "1, " "1, " "1, " "1, " "1, " "1, " "1, " "1, " "1, " "1, " "1, " "1, " "1, " "1, " "1, " "1, " "1, " "1, " "1, " "1, " "1, " "1, " "1, " "1, " "1, " "1, " "1, " "1, " "1, " "1, " "1, " "1, " "1, " "1, " "1, " "1, " "1, " "1, " "1, " "1, " "1, " "1, " "1, " "1, " "1, " "1, " "1, " "1, " "1, " "1, " "1, " "1, " "1, " "1, " "1, " "1, " "1, " "1, " "1, " "1, " "1, " "1, " "1, " "1, " "1, " "1, " "1, " "1, " "1, " "1, " "1, " "1, " "1, " "1, " "1, " "1, " "1, " "1, " "1, " "1, " "1, " "1, " "1, " "1, " "1, " "1, " "1, " "1, " "1, " "1, " "1, " "1, " "1, " "1, " "1, " "1, " "1, " "1, " "1, " "1, " "1, " "1, " "1, " "1, " "1, " "1, " "1, " "1, " "1, " "1, " "1, " "1, " "1, " "1, " "1, " "1, " "1, " "1, " "1, " "1, " "1, " "1, " "1, " "1, " "1, " "1, " "1, " "1, " "1, " "1, " "1, " "1, " "1, " "1, " "1, " "1, " "1, " "1, " "1, " "1, " "1, " "1, " "1, " "1, " "1, " "1, " "1, " "1, " "1, " "1, " "1, " "1, " "1, " "1, " "1, " "1, " "1, " "1, " "1, " "1, " "1, " "1, " "1, " "1, " "1, " "1, " "1, " "1, " "1, " "1, " "1, " "1, " "1, " "1, " "1, " "1, " "1, " "1, " "1, " "1, " "1, " "1, " "1, " "1, " "1, " "1, " "1, " "1, " "1, " "1, " "1, " "1, " "1, " "1, " "1, " "1, " "1, " "1, " "1, " "1, " "1, " "1, " "1, " "1, " "1, " "1, " "1, " "1, " "1, " "1, " "1, " "0, " "1, " "1, " "1, " "1, " "1, " "1, " "1, " "1, " "1, " "1, " "1, " "1, " "1, " "1, " "1, " "1, " "1, " "1, " "1, " "1, " "1, " "1, " "1, " "1, " "1, " "1, " "1, " "1, " "1, " "1, " "1, " "1, " "1, " "1, " "1, " "1, " "1, " "1, " "1, " "1, " "1, " "1, " "1, " "1, " "1, " "1, " "1, " "1, " "1, " "1, " "1, " "1, " "1, " "1, " "1, " "1, " "1, " "1, " "1, " "1, " "1, " "1, " "1, " "1, " "1, " "1, " "1, " "1, " "1, " "1, " "1, " "1, " "1, " "1, " "1, " "1, " "1, " "1, " "1, " "1, " "1, " "1, " "1, " "1, " "1, " "1, " "1, " "1, " "1, " "1, " "1, " "1, " "1, " "1, " "1, " "1, " "1, " "1, " "1, " "1, " "1, " "1, " "1, " "1, " "1, " "1, " "1, " "1, " "1, " "1, " "1, " "1, " "1, " "1, " "1, " "1, " "1, " "1, " "1, " "1, " "1, " "1, " "1, " "1, " "1, " "1, " "1, " "1, " "1, " "1, "204
 "Nei383, 0.168, " "0.015, " "1, " "1, " "1, " "1, " "1, " "1, " "1, " "1, " "1, " "1, " "1, " "1, " "1, " "1, " "1, " "1, " "1, " "1, " "1, " "1, " "1, " "1, " "1, " "1, " "1, " "1, " "1, " "1, " "1, " "1, " "1, " "1, " "1, " "1, " "1, " "1, " "1, " "1, " "1, " "1, " "1, " "1, " "1, " "1, " "1, " "1, " "1, " "1, " "1, " "1, " "1, " "1, " "1, " "1, " "1, " "1, " "1, " "1, " "1, " "1, " "1, " "1, " "1, " "1, " "1, " "1, " "1, " "1, " "1, " "1, " "1, " "1, " "1, " "1, " "1, " "1, " "1, " "1, " "1, " "1, " "1, " "1, " "1, " "1, " "1, " "1, " "1, " "1, " "1, " "1, " "1, " "1, " "1, " "1, " "1, " "1, " "1, " "1, " "1, " "1, " "1, " "1, " "1, " "1, " "1, " "1, " "1, " "1, " "1, " "1, " "1, " "1, " "1, " "1, " "1, " "1, " "1, " "1, " "1, " "1, " "1, " "1, " "1, " "1, " "1, " "1, " "1, " "1, " "1, " "1, " "1, " "1, " "1, " "1, " "1, " "1, " "1, " "1, " "1, " "1, " "1, " "1, " "1, " "1, " "1, " "1, " "1, " "1, " "1, " "1, " "1, " "1, " "1, " "1, " "1, " "1, " "1, " "1, " "1, " "1, " "1, " "1, " "1, " "1, " "1, " "1, " "1, " "1, " "1, " "1, " "1, " "1, " "1, " "1, " "1, " "1, " "1, " "1, " "1, " "1, " "1, " "1, " "1, " "1, " "1, " "1, " "1, " "1, " "1, " "1, " "1, " "1, " "1, " "1, " "1, " "1, " "1, " "1, " "1, " "1, " "1, " "1, " "1, " "1, " "1, " "1, " "1, " "1, " "1, " "1, " "1, " "1, " "1, " "1, " "1, " "1, " "1, " "1, " "1, " "1, " "1, " "1, " "1, " "1, " "1, " "1, " "1, " "1, " "1, " "1, " "1, " "1, " "1, " "1, " "1, " "1, " "1, " "1, " "1, " "1, " "1, " "1, " "1, " "1, " "1, " "1, " "1, " "1, " "1, " "1, " "1, " "1, " "1, " "1, " "1, " "1, " "1, " "1, " "1, " "1, " "1, " "1, " "1, " "1, " "1, " "1, " "1, " "1, " "1, " "1, " "1, " "1, " "1, " "1, " "1, " "1, " "1, " "1, " "1, " "1, " "1, " "1, " "1, " "1, " "1, " "1, " "1, " "1, " "1, " "1, " "1, " "1, " "1, " "1, " "1, " "1, " "1, " "1, " "1, " "1, " "1, " "1, " "1, " "1, " "1, " "1, " "1, " "1, " "1, " "1, " "1, " "1, " "1, " "1, " "1, " "1, " "1, " "1, " "1, " "1, " "1, " "1, " "1, " "1, " "1, " "1, " "1, " "1, " "1, " "1, " "1, " "1, " "1, " "1, " "1, " "1, " "1, " "1, " "1, " "1, " "1, " "1, " "1, " "1, " "1, " "1, " "1, " "1, " "1, " "1, " "1, " "1, " "1, " "1, " "1, " "1, " "1, " "1, " "1, " "1, " "1, " "1, " "1, " "1, " "1, " "1, " "1, " "1, " "1, " "1, " "1, " "1, " "1, " "1, " "1, " "1, " "1, " "1, " "1, " "1, " "1, " "1, " "1, " "0, " "1, " "1, " "1, " "1, " "1, " "1, " "1, " "1, " "1, " "1, " "1, " "1, " "1, " "1, " "1, " "1, " "1, " "1, " "1, " "1, " "1, " "1, " "1, " "1, " "1, " "1, " "1, " "1, " "1, " "1, " "1, " "1, " "1, " "1, " "1, " "1, " "1, " "1, " "1, " "1, " "1, " "1, " "1, " "1, " "1, " "1, " "1, " "1, " "1, " "1, " "1, " "1, " "1, " "1, " "1, " "1, " "1, " "1, " "1, " "1, " "1, " "1, " "1, " "1, " "1, " "1, " "1, " "1, " "1, " "1, " "1, " "1, " "1, " "1, " "1, " "1, " "1, " "1, " "1, " "1, " "1, " "1, " "1, " "1, " "1, " "1, " "1, " "1, " "1, " "1, " "1, " "1, " "1, " "1, " "1, " "1, " "1, " "1, " "1, " "1, " "1, " "1, " "1, " "1, " "1, " "1, " "1, " "1, " "1, " "1, " "1, " "1, " "1, " "1, " "1, " "1, " "1, " "1, " "1, " "1, " "1, " "1, " "1, " "1, " "1, " "1, " "1, " "1, " "1, "204
 "Nei384, 0.024, " "0.015, " "1, " "1, " "1, " "1, " "1, " "1, " "1, " "1, " "1, " "1, " "1, " "1, " "1, " "1, " "1, " "1, " "1, " "1, " "1, " "1, " "1, " "1, " "1, " "1, " "1, " "1, " "1, " "1, " "1, " "1, " "1, " "1, " "1, " "1, " "1, " "1, " "1, " "1, " "1, " "1, " "1, " "1, " "1, " "1, " "1, " "1, " "1, " "1, " "1, " "1, " "1, " "1, " "1, " "1, " "1, " "1, " "1, " "1, " "1, " "1, " "1, " "1, " "1, " "1, " "1, " "1, " "1, " "1, " "1, " "1, " "1, " "1, " "1, " "1, " "1, " "1, " "1, " "1, " "1, " "1, " "1, " "1, " "1, " "1, " "1, " "1, " "1, " "1, " "1, " "1, " "1, " "1, " "1, " "1, " "1, " "1, " "1, " "1, " "1, " "1, " "1, " "1, " "1, " "1, " "1, " "1, " "1, " "1, " "1, " "1, " "1, " "1, " "1, " "1, " "1, " "1, " "1, " "1, " "1, " "1, " "1, " "1, " "1, " "1, " "1, " "1, " "1, " "1, " "1, " "1, " "1, " "1, " "1, " "1, " "1, " "1, " "1, " "1, " "1, " "1, " "1, " "1, " "1, " "1, " "1, " "1, " "1, " "1, " "1, " "1, " "1, " "1, " "1, " "1, " "1, " "1, " "1, " "1, " "1, " "1, " "1, " "1, " "1, " "1, " "1, " "1, " "1, " "1, " "1, " "1, " "1, " "1, " "1, " "1, " "1, " "1, " "1, " "1, " "1, " "1, " "1, " "1, " "1, " "1, " "1, " "1, " "1, " "1, " "1, " "1, " "1, " "1, " "1, " "1, " "1, " "1, " "1, " "1, " "1, " "1, " "1, " "1, " "1, " "1, " "1, " "1, " "1, " "1, " "1, " "1, " "1, " "1, " "1, " "1, " "1, " "1, " "1, " "1, " "1, " "1, " "1, " "1, " "1, " "1, " "1, " "1, " "1, " "1, " "1, " "1, " "1, " "1, " "1, " "1, " "1, " "1, " "1, " "1, " "1, " "1, " "1, " "1, " "1, " "1, " "1, " "1, " "1, " "1, " "1, " "1, " "1, " "1, " "1, " "1, " "1, " "1, " "1, " "1, " "1, " "1, " "1, " "1, " "1, " "1, " "1, " "1, " "1, " "1, " "1, " "1, " "1, " "1, " "1, " "1, " "1, " "1, " "1, " "1, " "1, " "1, " "1, " "1, " "1, " "1, " "1, " "1, " "1, " "1, " "1, " "1, " "1, " "1, " "1, " "1, " "1, " "1, " "1, " "1, " "1, " "1, " "1, " "1, " "1, " "1, " "1, " "1, " "1, " "1, " "1, " "1, " "1, " "1, " "1, " "1, " "1, " "1, " "1, " "1, " "1, " "1, " "1, " "1, " "1, " "1, " "1, " "1, " "1, " "1, " "1, " "1, " "1, " "1, " "1, " "1, " "1, " "1, " "1, " "1, " "1, " "1, " "1, " "1, " "1, " "1, " "1, " "1, " "1, " "1, " "1, " "1, " "1, " "1, " "1, " "1, " "1, " "1, " "1, " "1, " "1, " "1, " "1, " "1, " "1, " "1, " "1, " "1, " "1, " "1, " "1, " "1, " "1, " "1, " "1, " "1, " "1, " "1, " "1, " "1, " "1, " "1, " "1, " "1, " "1, " "1, " "0, " "1, " "1, " "1, " "1, " "1, " "1, " "1, " "1, " "1, " "1, " "1, " "1, " "1, " "1, " "1, " "1, " "1, " "1, " "1, " "1, " "1, " "1, " "1, " "1, " "1, " "1, " "1, " "1, " "1, " "1, " "1, " "1, " "1, " "1, " "1, " "1, " "1, " "1, " "1, " "1, " "1, " "1, " "1, " "1, " "1, " "1, " "1, " "1, " "1, " "1, " "1, " "1, " "1, " "1, " "1, " "1, " "1, " "1, " "1, " "1, " "1, " "1, " "1, " "1, " "1, " "1, " "1, " "1, " "1, " "1, " "1, " "1, " "1, " "1, " "1, " "1, " "1, " "1, " "1, " "1, " "1, " "1, " "1, " "1, " "1, " "1, " "1, " "1, " "1, " "1, " "1, " "1, " "1, " "1, " "1, " "1, " "1, " "1, " "1, " "1, " "1, " "1, " "1, " "1, " "1, " "1, " "1, " "1, " "1, " "1, " "1, " "1, " "1, " "1, " "1, " "1, " "1, " "1, " "1, " "1, " "1, " "1, " "1, " "1, " "1, " "1, " "1, " "1, "204
 "Nei385, 0.319, " "0.015, " "1, " "1, " "1, " "1, " "1, " "1, " "1, " "1, " "1, " "1, " "1, " "1, " "1, " "1, " "1, " "1, " "1, " "1, " "1, " "1, " "1, " "1, " "1, " "1, " "1, " "1, " "1, " "1, " "1, " "1, " "1, " "1, " "1, " "1, " "1, " "1, " "1, " "1, " "1, " "1, " "1, " "1, " "1, " "1, " "1, " "1, " "1, " "1, " "1, " "1, " "1, " "1, " "1, " "1, " "1, " "1, " "1, " "1, " "1, " "1, " "1, " "1, " "1, " "1, " "1, " "1, " "1, " "1, " "1, " "1, " "1, " "1, " "1, " "1, " "1, " "1, " "1, " "1, " "1, " "1, " "1, " "1, " "1, " "1, " "1, " "1, " "1, " "1, " "1, " "1, " "1, " "1, " "1, " "1, " "1, " "1, " "1, " "1, " "1, " "1, " "1, " "1, " "1, " "1, " "1, " "1, " "1, " "1, " "1, " "1, " "1, " "1, " "1, " "1, " "1, " "1, " "1, " "1, " "1, " "1, " "1, " "1, " "1, " "1, " "1, " "1, " "1, " "1, " "1, " "1, " "1, " "1, " "1, " "1, " "1, " "1, " "1, " "1, " "1, " "1, " "1, " "1, " "1, " "1, " "1, " "1, " "1, " "1, " "1, " "1, " "1, " "1, " "1, " "1, " "1, " "1, " "1, " "1, " "1, " "1, " "1, " "1, " "1, " "1, " "1, " "1, " "1, " "1, " "1, " "1, " "1, " "1, " "1, " "1, " "1, " "1, " "1, " "1, " "1, " "1, " "1, " "1, " "1, " "1, " "1, " "1, " "1, " "1, " "1, " "1, " "1, " "1, " "1, " "1, " "1, " "1, " "1, " "1, " "1, " "1, " "1, " "1, " "1, " "1, " "1, " "1, " "1, " "1, " "1, " "1, " "1, " "1, " "1, " "1, " "1, " "1, " "1, " "1, " "1, " "1, " "1, " "1, " "1, " "1, " "1, " "1, " "1, " "1, " "1, " "1, " "1, " "1, " "1, " "1, " "1, " "1, " "1, " "1, " "1, " "1, " "1, " "1, " "1, " "1, " "1, " "1, " "1, " "1, " "1, " "1, " "1, " "1, " "1, " "1, " "1, " "1, " "1, " "1, " "1, " "1, " "1, " "1, " "1, " "1, " "1, " "1, " "1, " "1, " "1, " "1, " "1, " "1, " "1, " "1, " "1, " "1, " "1, " "1, " "1, " "1, " "1, " "1, " "1, " "1, " "1, " "1, " "1, " "1, " "1, " "1, " "1, " "1, " "1, " "1, " "1, " "1, " "1, " "1, " "1, " "1, " "1, " "1, " "1, " "1, " "1, " "1, " "1, " "1, " "1, " "1, " "1, " "1, " "1, " "1, " "1, " "1, " "1, " "1, " "1, " "1, " "1, " "1, " "1, " "1, " "1, " "1, " "1, " "1, " "1, " "1, " "1, " "1, " "1, " "1, " "1, " "1, " "1, " "1, " "1, " "1, " "1, " "1, " "1, " "1, " "1, " "1, " "1, " "1, " "1, " "1, " "1, " "1, " "1, " "1, " "1, " "1, " "1, " "1, " "1, " "1, " "1, " "1, " "1, " "1, " "1, " "1, " "1, " "1, " "1, " "1, " "1, " "1, " "1, " "1, " "1, " "1, " "1, " "1, " "1, " "1, " "1, " "1, " "1, " "1, " "1, " "0, " "1, " "1, " "1, " "1, " "1, " "1, " "1, " "1, " "1, " "1, " "1, " "1, " "1, " "1, " "1, " "1, " "1, " "1, " "1, " "1, " "1, " "1, " "1, " "1, " "1, " "1, " "1, " "1, " "1, " "1, " "1, " "1, " "1, " "1, " "1, " "1, " "1, " "1, " "1, " "1, " "1, " "1, " "1, " "1, " "1, " "1, " "1, " "1, " "1, " "1, " "1, " "1, " "1, " "1, " "1, " "1, " "1, " "1, " "1, " "1, " "1, " "1, " "1, " "1, " "1, " "1, " "1, " "1, " "1, " "1, " "1, " "1, " "1, " "1, " "1, " "1, " "1, " "1, " "1, " "1, " "1, " "1, " "1, " "1, " "1, " "1, " "1, " "1, " "1, " "1, " "1, " "1, " "1, " "1, " "1, " "1, " "1, " "1, " "1, " "1, " "1, " "1, " "1, " "1, " "1, " "1, " "1, " "1, " "1, " "1, " "1, " "1, " "1, " "1, " "1, " "1, " "1, " "1, " "1, " "1, " "1, " "1, " "1, " "1, " "1, " "1, " "1, "204
 "Nei386, 0.165, " "0.015, " "1, " "1, " "1, " "1, " "1, " "1, " "1, " "1, " "1, " "1, " "1, " "1, " "1, " "1, " "1, " "1, " "1, " "1, " "1, " "1, " "1, " "1, " "1, " "1, " "1, " "1, " "1, " "1, " "1, " "1, " "1, " "1, " "1, " "1, " "1, " "1, " "1, " "1, " "1, " "1, " "1, " "1, " "1, " "1, " "1, " "1, " "1, " "1, " "1, " "1, " "1, " "1, " "1, " "1, " "1, " "1, " "1, " "1, " "1, " "1, " "1, " "1, " "1, " "1, " "1, " "1, " "1, " "1, " "1, " "1, " "1, " "1, " "1, " "1, " "1, " "1, " "1, " "1, " "1, " "1, " "1, " "1, " "1, " "1, " "1, " "1, " "1, " "1, " "1, " "1, " "1, " "1, " "1, " "1, " "1, " "1, " "1, " "1, " "1, " "1, " "1, " "1, " "1, " "1, " "1, " "1, " "1, " "1, " "1, " "1, " "1, " "1, " "1, " "1, " "1, " "1, " "1, " "1, " "1, " "1, " "1, " "1, " "1, " "1, " "1, " "1, " "1, " "1, " "1, " "1, " "1, " "1, " "1, " "1, " "1, " "1, " "1, " "1, " "1, " "1, " "1, " "1, " "1, " "1, " "1, " "1, " "1, " "1, " "1, " "1, " "1, " "1, " "1, " "1, " "1, " "1, " "1, " "1, " "1, " "1, " "1, " "1, " "1, " "1, " "1, " "1, " "1, " "1, " "1, " "1, " "1, " "1, " "1, " "1, " "1, " "1, " "1, " "1, " "1, " "1, " "1, " "1, " "1, " "1, " "1, " "1, " "1, " "1, " "1, " "1, " "1, " "1, " "1, " "1, " "1, " "1, " "1, " "1, " "1, " "1, " "1, " "1, " "1, " "1, " "1, " "1, " "1, " "1, " "1, " "1, " "1, " "1, " "1, " "1, " "1, " "1, " "1, " "1, " "1, " "1, " "1, " "1, " "1, " "1, " "1, " "1, " "1, " "1, " "1, " "1, " "1, " "1, " "1, " "1, " "1, " "1, " "1, " "1, " "1, " "1, " "1, " "1, " "1, " "1, " "1, " "1, " "1, " "1, " "1, " "1, " "1, " "1, " "1, " "1, " "1, " "1, " "1, " "1, " "1, " "1, " "1, " "1, " "1, " "1, " "1, " "1, " "1, " "1, " "1, " "1, " "1, " "1, " "1, " "1, " "1, " "1, " "1, " "1, " "1, " "1, " "1, " "1, " "1, " "1, " "1, " "1, " "1, " "1, " "1, " "1, " "1, " "1, " "1, " "1, " "1, " "1, " "1, " "1, " "1, " "1, " "1, " "1, " "1, " "1, " "1, " "1, " "1, " "1, " "1, " "1, " "1, " "1, " "1, " "1, " "1, " "1, " "1, " "1, " "1, " "1, " "1, " "1, " "1, " "1, " "1, " "1, " "1, " "1, " "1, " "1, " "1, " "1, " "1, " "1, " "1, " "1, " "1, " "1, " "1, " "1, " "1, " "1, " "1, " "1, " "1, " "1, " "1, " "1, " "1, " "1, " "1, " "1, " "1, " "1, " "1, " "1, " "1, " "1, " "1, " "1, " "1, " "1, " "1, " "1, " "1, " "1, " "1, " "1, " "1, " "1, " "1, " "1, " "1, " "1, " "1, " "1, " "1, " "1, " "1, " "1, " "1, " "1, " "1, " "1, " "1, " "1, " "0, " "1, " "1, " "1, " "1, " "1, " "1, " "1, " "1, " "1, " "1, " "1, " "1, " "1, " "1, " "1, " "1, " "1, " "1, " "1, " "1, " "1, " "1, " "1, " "1, " "1, " "1, " "1, " "1, " "1, " "1, " "1, " "1, " "1, " "1, " "1, " "1, " "1, " "1, " "1, " "1, " "1, " "1, " "1, " "1, " "1, " "1, " "1, " "1, " "1, " "1, " "1, " "1, " "1, " "1, " "1, " "1, " "1, " "1, " "1, " "1, " "1, " "1, " "1, " "1, " "1, " "1, " "1, " "1, " "1, " "1, " "1, " "1, " "1, " "1, " "1, " "1, " "1, " "1, " "1, " "1, " "1, " "1, " "1, " "1, " "1, " "1, " "1, " "1, " "1, " "1, " "1, " "1, " "1, " "1, " "1, " "1, " "1, " "1, " "1, " "1, " "1, " "1, " "1, " "1, " "1, " "1, " "1, " "1, " "1, " "1, " "1, " "1, " "1, " "1, " "1, " "1, " "1, " "1, " "1, " "1, " "1, " "1, " "1, " "1, " "1, " "1, "204
 "Nei387, 0.376, " "0.015, " "1, " "1, " "1, " "1, " "1, " "1, " "1, " "1, " "1, " "1, " "1, " "1, " "1, " "1, " "1, " "1, " "1, " "1, " "1, " "1, " "1, " "1, " "1, " "1, " "1, " "1, " "1, " "1, " "1, " "1, " "1, " "1, " "1, " "1, " "1, " "1, " "1, " "1, " "1, " "1, " "1, " "1, " "1, " "1, " "1, " "1, " "1, " "1, " "1, " "1, " "1, " "1, " "1, " "1, " "1, " "1, " "1, " "1, " "1, " "1, " "1, " "1, " "1, " "1, " "1, " "1, " "1, " "1, " "1, " "1, " "1, " "1, " "1, " "1, " "1, " "1, " "1, " "1, " "1, " "1, " "1, " "1, " "1, " "1, " "1, " "1, " "1, " "1, " "1, " "1, " "1, " "1, " "1, " "1, " "1, " "1, " "1, " "1, " "1, " "1, " "1, " "1, " "1, " "1, " "1, " "1, " "1, " "1, " "1, " "1, " "1, " "1, " "1, " "1, " "1, " "1, " "1, " "1, " "1, " "1, " "1, " "1, " "1, " "1, " "1, " "1, " "1, " "1, " "1, " "1, " "1, " "1, " "1, " "1, " "1, " "1, " "1, " "1, " "1, " "1, " "1, " "1, " "1, " "1, " "1, " "1, " "1, " "1, " "1, " "1, " "1, " "1, " "1, " "1, " "1, " "1, " "1, " "1, " "1, " "1, " "1, " "1, " "1, " "1, " "1, " "1, " "1, " "1, " "1, " "1, " "1, " "1, " "1, " "1, " "1, " "1, " "1, " "1, " "1, " "1, " "1, " "1, " "1, " "1, " "1, " "1, " "1, " "1, " "1, " "1, " "1, " "1, " "1, " "1, " "1, " "1, " "1, " "1, " "1, " "1, " "1, " "1, " "1, " "1, " "1, " "1, " "1, " "1, " "1, " "1, " "1, " "1, " "1, " "1, " "1, " "1, " "1, " "1, " "1, " "1, " "1, " "1, " "1, " "1, " "1, " "1, " "1, " "1, " "1, " "1, " "1, " "1, " "1, " "1, " "1, " "1, " "1, " "1, " "1, " "1, " "1, " "1, " "1, " "1, " "1, " "1, " "1, " "1, " "1, " "1, " "1, " "1, " "1, " "1, " "1, " "1, " "1, " "1, " "1, " "1, " "1, " "1, " "1, " "1, " "1, " "1, " "1, " "1, " "1, " "1, " "1, " "1, " "1, " "1, " "1, " "1, " "1, " "1, " "1, " "1, " "1, " "1, " "1, " "1, " "1, " "1, " "1, " "1, " "1, " "1, " "1, " "1, " "1, " "1, " "1, " "1, " "1, " "1, " "1, " "1, " "1, " "1, " "1, " "1, " "1, " "1, " "1, " "1, " "1, " "1, " "1, " "1, " "1, " "1, " "1, " "1, " "1, " "1, " "1, " "1, " "1, " "1, " "1, " "1, " "1, " "1, " "1, " "1, " "1, " "1, " "1, " "1, " "1, " "1, " "1, " "1, " "1, " "1, " "1, " "1, " "1, " "1, " "1, " "1, " "1, " "1, " "1, " "1, " "1, " "1, " "1, " "1, " "1, " "1, " "1, " "1, " "1, " "1, " "1, " "1, " "1, " "1, " "1, " "1, " "1, " "1, " "1, " "1, " "1, " "1, " "1, " "1, " "1, " "1, " "1, " "1, " "1, " "1, " "1, " "1, " "1, " "1, " "1, " "1, " "1, " "1, " "1, " "0, " "1, " "1, " "1, " "1, " "1, " "1, " "1, " "1, " "1, " "1, " "1, " "1, " "1, " "1, " "1, " "1, " "1, " "1, " "1, " "1, " "1, " "1, " "1, " "1, " "1, " "1, " "1, " "1, " "1, " "1, " "1, " "1, " "1, " "1, " "1, " "1, " "1, " "1, " "1, " "1, " "1, " "1, " "1, " "1, " "1, " "1, " "1, " "1, " "1, " "1, " "1, " "1, " "1, " "1, " "1, " "1, " "1, " "1, " "1, " "1, " "1, " "1, " "1, " "1, " "1, " "1, " "1, " "1, " "1, " "1, " "1, " "1, " "1, " "1, " "1, " "1, " "1, " "1, " "1, " "1, " "1, " "1, " "1, " "1, " "1, " "1, " "1, " "1, " "1, " "1, " "1, " "1, " "1, " "1, " "1, " "1, " "1, " "1, " "1, " "1, " "1, " "1, " "1, " "1, " "1, " "1, " "1, " "1, " "1, " "1, " "1, " "1, " "1, " "1, " "1, " "1, " "1, " "1, " "1, " "1, " "1, " "1, " "1, " "1, " "1, "204
 "Nei388, 0.364, " "0.015, " "1, " "1, " "1, " "1, " "1, " "1, " "1, " "1, " "1, " "1, " "1, " "1, " "1, " "1, " "1, " "1, " "1, " "1, " "1, " "1, " "1, " "1, " "1, " "1, " "1, " "1, " "1, " "1, " "1, " "1, " "1, " "1, " "1, " "1, " "1, " "1, " "1, " "1, " "1, " "1, " "1, " "1, " "1, " "1, " "1, " "1, " "1, " "1, " "1, " "1, " "1, " "1, " "1, " "1, " "1, " "1, " "1, " "1, " "1, " "1, " "1, " "1, " "1, " "1, " "1, " "1, " "1, " "1, " "1, " "1, " "1, " "1, " "1, " "1, " "1, " "1, " "1, " "1, " "1, " "1, " "1, " "1, " "1, " "1, " "1, " "1, " "1, " "1, " "1, " "1, " "1, " "1, " "1, " "1, " "1, " "1, " "1, " "1, " "1, " "1, " "1, " "1, " "1, " "1, " "1, " "1, " "1, " "1, " "1, " "1, " "1, " "1, " "1, " "1, " "1, " "1, " "1, " "1, " "1, " "1, " "1, " "1, " "1, " "1, " "1, " "1, " "1, " "1, " "1, " "1, " "1, " "1, " "1, " "1, " "1, " "1, " "1, " "1, " "1, " "1, " "1, " "1, " "1, " "1, " "1, " "1, " "1, " "1, " "1, " "1, " "1, " "1, " "1, " "1, " "1, " "1, " "1, " "1, " "1, " "1, " "1, " "1, " "1, " "1, " "1, " "1, " "1, " "1, " "1, " "1, " "1, " "1, " "1, " "1, " "1, " "1, " "1, " "1, " "1, " "1, " "1, " "1, " "1, " "1, " "1, " "1, " "1, " "1, " "1, " "1, " "1, " "1, " "1, " "1, " "1, " "1, " "1, " "1, " "1, " "1, " "1, " "1, " "1, " "1, " "1, " "1, " "1, " "1, " "1, " "1, " "1, " "1, " "1, " "1, " "1, " "1, " "1, " "1, " "1, " "1, " "1, " "1, " "1, " "1, " "1, " "1, " "1, " "1, " "1, " "1, " "1, " "1, " "1, " "1, " "1, " "1, " "1, " "1, " "1, " "1, " "1, " "1, " "1, " "1, " "1, " "1, " "1, " "1, " "1, " "1, " "1, " "1, " "1, " "1, " "1, " "1, " "1, " "1, " "1, " "1, " "1, " "1, " "1, " "1, " "1, " "1, " "1, " "1, " "1, " "1, " "1, " "1, " "1, " "1, " "1, " "1, " "1, " "1, " "1, " "1, " "1, " "1, " "1, " "1, " "1, " "1, " "1, " "1, " "1, " "1, " "1, " "1, " "1, " "1, " "1, " "1, " "1, " "1, " "1, " "1, " "1, " "1, " "1, " "1, " "1, " "1, " "1, " "1, " "1, " "1, " "1, " "1, " "1, " "1, " "1, " "1, " "1, " "1, " "1, " "1, " "1, " "1, " "1, " "1, " "1, " "1, " "1, " "1, " "1, " "1, " "1, " "1, " "1, " "1, " "1, " "1, " "1, " "1, " "1, " "1, " "1, " "1, " "1, " "1, " "1, " "1, " "1, " "1, " "1, " "1, " "1, " "1, " "1, " "1, " "1, " "1, " "1, " "1, " "1, " "1, " "1, " "1, " "1, " "1, " "1, " "1, " "1, " "1, " "1, " "1, " "1, " "1, " "1, " "1, " "1, " "1, " "1, " "1, " "1, " "1, " "1, " "1, " "1, " "1, " "1, " "1, " "1, " "1, " "0, " "1, " "1, " "1, " "1, " "1, " "1, " "1, " "1, " "1, " "1, " "1, " "1, " "1, " "1, " "1, " "1, " "1, " "1, " "1, " "1, " "1, " "1, " "1, " "1, " "1, " "1, " "1, " "1, " "1, " "1, " "1, " "1, " "1, " "1, " "1, " "1, " "1, " "1, " "1, " "1, " "1, " "1, " "1, " "1, " "1, " "1, " "1, " "1, " "1, " "1, " "1, " "1, " "1, " "1, " "1, " "1, " "1, " "1, " "1, " "1, " "1, " "1, " "1, " "1, " "1, " "1, " "1, " "1, " "1, " "1, " "1, " "1, " "1, " "1, " "1, " "1, " "1, " "1, " "1, " "1, " "1, " "1, " "1, " "1, " "1, " "1, " "1, " "1, " "1, " "1, " "1, " "1, " "1, " "1, " "1, " "1, " "1, " "1, " "1, " "1, " "1, " "1, " "1, " "1, " "1, " "1, " "1, " "1, " "1, " "1, " "1, " "1, " "1, " "1, " "1, " "1, " "1, " "1, " "1, " "1, " "1, " "1, " "1, " "1, "204
 "Nei389, 0.294, " "0.015, " "1, " "1, " "1, " "1, " "1, " "1, " "1, " "1, " "1, " "1, " "1, " "1, " "1, " "1, " "1, " "1, " "1, " "1, " "1, " "1, " "1, " "1, " "1, " "1, " "1, " "1, " "1, " "1, " "1, " "1, " "1, " "1, " "1, " "1, " "1, " "1, " "1, " "1, " "1, " "1, " "1, " "1, " "1, " "1, " "1, " "1, " "1, " "1, " "1, " "1, " "1, " "1, " "1, " "1, " "1, " "1, " "1, " "1, " "1, " "1, " "1, " "1, " "1, " "1, " "1, " "1, " "1, " "1, " "1, " "1, " "1, " "1, " "1, " "1, " "1, " "1, " "1, " "1, " "1, " "1, " "1, " "1, " "1, " "1, " "1, " "1, " "1, " "1, " "1, " "1, " "1, " "1, " "1, " "1, " "1, " "1, " "1, " "1, " "1, " "1, " "1, " "1, " "1, " "1, " "1, " "1, " "1, " "1, " "1, " "1, " "1, " "1, " "1, " "1, " "1, " "1, " "1, " "1, " "1, " "1, " "1, " "1, " "1, " "1, " "1, " "1, " "1, " "1, " "1, " "1, " "1, " "1, " "1, " "1, " "1, " "1, " "1, " "1, " "1, " "1, " "1, " "1, " "1, " "1, " "1, " "1, " "1, " "1, " "1, " "1, " "1, " "1, " "1, " "1, " "1, " "1, " "1, " "1, " "1, " "1, " "1, " "1, " "1, " "1, " "1, " "1, " "1, " "1, " "1, " "1, " "1, " "1, " "1, " "1, " "1, " "1, " "1, " "1, " "1, " "1, " "1, " "1, " "1, " "1, " "1, " "1, " "1, " "1, " "1, " "1, " "1, " "1, " "1, " "1, " "1, " "1, " "1, " "1, " "1, " "1, " "1, " "1, " "1, " "1, " "1, " "1, " "1, " "1, " "1, " "1, " "1, " "1, " "1, " "1, " "1, " "1, " "1, " "1, " "1, " "1, " "1, " "1, " "1, " "1, " "1, " "1, " "1, " "1, " "1, " "1, " "1, " "1, " "1, " "1, " "1, " "1, " "1, " "1, " "1, " "1, " "1, " "1, " "1, " "1, " "1, " "1, " "1, " "1, " "1, " "1, " "1, " "1, " "1, " "1, " "1, " "1, " "1, " "1, " "1, " "1, " "1, " "1, " "1, " "1, " "1, " "1, " "1, " "1, " "1, " "1, " "1, " "1, " "1, " "1, " "1, " "1, " "1, " "1, " "1, " "1, " "1, " "1, " "1, " "1, " "1, " "1, " "1, " "1, " "1, " "1, " "1, " "1, " "1, " "1, " "1, " "1, " "1, " "1, " "1, " "1, " "1, " "1, " "1, " "1, " "1, " "1, " "1, " "1, " "1, " "1, " "1, " "1, " "1, " "1, " "1, " "1, " "1, " "1, " "1, " "1, " "1, " "1, " "1, " "1, " "1, " "1, " "1, " "1, " "1, " "1, " "1, " "1, " "1, " "1, " "1, " "1, " "1, " "1, " "1, " "1, " "1, " "1, " "1, " "1, " "1, " "1, " "1, " "1, " "1, " "1, " "1, " "1, " "1, " "1, " "1, " "1, " "1, " "1, " "1, " "1, " "1, " "1, " "1, " "1, " "1, " "1, " "1, " "1, " "1, " "1, " "1, " "1, " "1, " "1, " "1, " "1, " "1, " "1, " "1, " "1, " "1, " "1, " "1, " "1, " "1, " "1, " "1, " "1, " "1, " "0, " "1, " "1, " "1, " "1, " "1, " "1, " "1, " "1, " "1, " "1, " "1, " "1, " "1, " "1, " "1, " "1, " "1, " "1, " "1, " "1, " "1, " "1, " "1, " "1, " "1, " "1, " "1, " "1, " "1, " "1, " "1, " "1, " "1, " "1, " "1, " "1, " "1, " "1, " "1, " "1, " "1, " "1, " "1, " "1, " "1, " "1, " "1, " "1, " "1, " "1, " "1, " "1, " "1, " "1, " "1, " "1, " "1, " "1, " "1, " "1, " "1, " "1, " "1, " "1, " "1, " "1, " "1, " "1, " "1, " "1, " "1, " "1, " "1, " "1, " "1, " "1, " "1, " "1, " "1, " "1, " "1, " "1, " "1, " "1, " "1, " "1, " "1, " "1, " "1, " "1, " "1, " "1, " "1, " "1, " "1, " "1, " "1, " "1, " "1, " "1, " "1, " "1, " "1, " "1, " "1, " "1, " "1, " "1, " "1, " "1, " "1, " "1, " "1, " "1, " "1, " "1, " "1, " "1, " "1, " "1, " "1, " "1, " "1, "204
 "Nei390, 0.206, " "0.015, " "1, " "1, " "1, " "1, " "1, " "1, " "1, " "1, " "1, " "1, " "1, " "1, " "1, " "1, " "1, " "1, " "1, " "1, " "1, " "1, " "1, " "1, " "1, " "1, " "1, " "1, " "1, " "1, " "1, " "1, " "1, " "1, " "1, " "1, " "1, " "1, " "1, " "1, " "1, " "1, " "1, " "1, " "1, " "1, " "1, " "1, " "1, " "1, " "1, " "1, " "1, " "1, " "1, " "1, " "1, " "1, " "1, " "1, " "1, " "1, " "1, " "1, " "1, " "1, " "1, " "1, " "1, " "1, " "1, " "1, " "1, " "1, " "1, " "1, " "1, " "1, " "1, " "1, " "1, " "1, " "1, " "1, " "1, " "1, " "1, " "1, " "1, " "1, " "1, " "1, " "1, " "1, " "1, " "1, " "1, " "1, " "1, " "1, " "1, " "1, " "1, " "1, " "1, " "1, " "1, " "1, " "1, " "1, " "1, " "1, " "1, " "1, " "1, " "1, " "1, " "1, " "1, " "1, " "1, " "1, " "1, " "1, " "1, " "1, " "1, " "1, " "1, " "1, " "1, " "1, " "1, " "1, " "1, " "1, " "1, " "1, " "1, " "1, " "1, " "1, " "1, " "1, " "1, " "1, " "1, " "1, " "1, " "1, " "1, " "1, " "1, " "1, " "1, " "1, " "1, " "1, " "1, " "1, " "1, " "1, " "1, " "1, " "1, " "1, " "1, " "1, " "1, " "1, " "1, " "1, " "1, " "1, " "1, " "1, " "1, " "1, " "1, " "1, " "1, " "1, " "1, " "1, " "1, " "1, " "1, " "1, " "1, " "1, " "1, " "1, " "1, " "1, " "1, " "1, " "1, " "1, " "1, " "1, " "1, " "1, " "1, " "1, " "1, " "1, " "1, " "1, " "1, " "1, " "1, " "1, " "1, " "1, " "1, " "1, " "1, " "1, " "1, " "1, " "1, " "1, " "1, " "1, " "1, " "1, " "1, " "1, " "1, " "1, " "1, " "1, " "1, " "1, " "1, " "1, " "1, " "1, " "1, " "1, " "1, " "1, " "1, " "1, " "1, " "1, " "1, " "1, " "1, " "1, " "1, " "1, " "1, " "1, " "1, " "1, " "1, " "1, " "1, " "1, " "1, " "1, " "1, " "1, " "1, " "1, " "1, " "1, " "1, " "1, " "1, " "1, " "1, " "1, " "1, " "1, " "1, " "1, " "1, " "1, " "1, " "1, " "1, " "1, " "1, " "1, " "1, " "1, " "1, " "1, " "1, " "1, " "1, " "1, " "1, " "1, " "1, " "1, " "1, " "1, " "1, " "1, " "1, " "1, " "1, " "1, " "1, " "1, " "1, " "1, " "1, " "1, " "1, " "1, " "1, " "1, " "1, " "1, " "1, " "1, " "1, " "1, " "1, " "1, " "1, " "1, " "1, " "1, " "1, " "1, " "1, " "1, " "1, " "1, " "1, " "1, " "1, " "1, " "1, " "1, " "1, " "1, " "1, " "1, " "1, " "1, " "1, " "1, " "1, " "1, " "1, " "1, " "1, " "1, " "1, " "1, " "1, " "1, " "1, " "1, " "1, " "1, " "1, " "1, " "1, " "1, " "1, " "1, " "1, " "1, " "1, " "1, " "1, " "1, " "1, " "1, " "1, " "1, " "1, " "1, " "1, " "1, " "1, " "1, " "1, " "1, " "1, " "1, " "1, " "1, " "1, " "1, " "0, " "1, " "1, " "1, " "1, " "1, " "1, " "1, " "1, " "1, " "1, " "1, " "1, " "1, " "1, " "1, " "1, " "1, " "1, " "1, " "1, " "1, " "1, " "1, " "1, " "1, " "1, " "1, " "1, " "1, " "1, " "1, " "1, " "1, " "1, " "1, " "1, " "1, " "1, " "1, " "1, " "1, " "1, " "1, " "1, " "1, " "1, " "1, " "1, " "1, " "1, " "1, " "1, " "1, " "1, " "1, " "1, " "1, " "1, " "1, " "1, " "1, " "1, " "1, " "1, " "1, " "1, " "1, " "1, " "1, " "1, " "1, " "1, " "1, " "1, " "1, " "1, " "1, " "1, " "1, " "1, " "1, " "1, " "1, " "1, " "1, " "1, " "1, " "1, " "1, " "1, " "1, " "1, " "1, " "1, " "1, " "1, " "1, " "1, " "1, " "1, " "1, " "1, " "1, " "1, " "1, " "1, " "1, " "1, " "1, " "1, " "1, " "1, " "1, " "1, " "1, " "1, " "1, " "1, " "1, " "1, " "1, " "1, "204
 "Nei391, 0.33, " "0.015, " "1, " "1, " "1, " "1, " "1, " "1, " "1, " "1, " "1, " "1, " "1, " "1, " "1, " "1, " "1, " "1, " "1, " "1, " "1, " "1, " "1, " "1, " "1, " "1, " "1, " "1, " "1, " "1, " "1, " "1, " "1, " "1, " "1, " "1, " "1, " "1, " "1, " "1, " "1, " "1, " "1, " "1, " "1, " "1, " "1, " "1, " "1, " "1, " "1, " "1, " "1, " "1, " "1, " "1, " "1, " "1, " "1, " "1, " "1, " "1, " "1, " "1, " "1, " "1, " "1, " "1, " "1, " "1, " "1, " "1, " "1, " "1, " "1, " "1, " "1, " "1, " "1, " "1, " "1, " "1, " "1, " "1, " "1, " "1, " "1, " "1, " "1, " "1, " "1, " "1, " "1, " "1, " "1, " "1, " "1, " "1, " "1, " "1, " "1, " "1, " "1, " "1, " "1, " "1, " "1, " "1, " "1, " "1, " "1, " "1, " "1, " "1, " "1, " "1, " "1, " "1, " "1, " "1, " "1, " "1, " "1, " "1, " "1, " "1, " "1, " "1, " "1, " "1, " "1, " "1, " "1, " "1, " "1, " "1, " "1, " "1, " "1, " "1, " "1, " "1, " "1, " "1, " "1, " "1, " "1, " "1, " "1, " "1, " "1, " "1, " "1, " "1, " "1, " "1, " "1, " "1, " "1, " "1, " "1, " "1, " "1, " "1, " "1, " "1, " "1, " "1, " "1, " "1, " "1, " "1, " "1, " "1, " "1, " "1, " "1, " "1, " "1, " "1, " "1, " "1, " "1, " "1, " "1, " "1, " "1, " "1, " "1, " "1, " "1, " "1, " "1, " "1, " "1, " "1, " "1, " "1, " "1, " "1, " "1, " "1, " "1, " "1, " "1, " "1, " "1, " "1, " "1, " "1, " "1, " "1, " "1, " "1, " "1, " "1, " "1, " "1, " "1, " "1, " "1, " "1, " "1, " "1, " "1, " "1, " "1, " "1, " "1, " "1, " "1, " "1, " "1, " "1, " "1, " "1, " "1, " "1, " "1, " "1, " "1, " "1, " "1, " "1, " "1, " "1, " "1, " "1, " "1, " "1, " "1, " "1, " "1, " "1, " "1, " "1, " "1, " "1, " "1, " "1, " "1, " "1, " "1, " "1, " "1, " "1, " "1, " "1, " "1, " "1, " "1, " "1, " "1, " "1, " "1, " "1, " "1, " "1, " "1, " "1, " "1, " "1, " "1, " "1, " "1, " "1, " "1, " "1, " "1, " "1, " "1, " "1, " "1, " "1, " "1, " "1, " "1, " "1, " "1, " "1, " "1, " "1, " "1, " "1, " "1, " "1, " "1, " "1, " "1, " "1, " "1, " "1, " "1, " "1, " "1, " "1, " "1, " "1, " "1, " "1, " "1, " "1, " "1, " "1, " "1, " "1, " "1, " "1, " "1, " "1, " "1, " "1, " "1, " "1, " "1, " "1, " "1, " "1, " "1, " "1, " "1, " "1, " "1, " "1, " "1, " "1, " "1, " "1, " "1, " "1, " "1, " "1, " "1, " "1, " "1, " "1, " "1, " "1, " "1, " "1, " "1, " "1, " "1, " "1, " "1, " "1, " "1, " "1, " "1, " "1, " "1, " "1, " "1, " "1, " "1, " "1, " "1, " "1, " "1, " "1, " "1, " "1, " "1, " "1, " "1, " "1, " "1, " "1, " "1, " "1, " "1, " "1, " "1, " "0, " "1, " "1, " "1, " "1, " "1, " "1, " "1, " "1, " "1, " "1, " "1, " "1, " "1, " "1, " "1, " "1, " "1, " "1, " "1, " "1, " "1, " "1, " "1, " "1, " "1, " "1, " "1, " "1, " "1, " "1, " "1, " "1, " "1, " "1, " "1, " "1, " "1, " "1, " "1, " "1, " "1, " "1, " "1, " "1, " "1, " "1, " "1, " "1, " "1, " "1, " "1, " "1, " "1, " "1, " "1, " "1, " "1, " "1, " "1, " "1, " "1, " "1, " "1, " "1, " "1, " "1, " "1, " "1, " "1, " "1, " "1, " "1, " "1, " "1, " "1, " "1, " "1, " "1, " "1, " "1, " "1, " "1, " "1, " "1, " "1, " "1, " "1, " "1, " "1, " "1, " "1, " "1, " "1, " "1, " "1, " "1, " "1, " "1, " "1, " "1, " "1, " "1, " "1, " "1, " "1, " "1, " "1, " "1, " "1, " "1, " "1, " "1, " "1, " "1, " "1, " "1, " "1, " "1, " "1, " "1, " "1, "204
 "Nei392, 0.27, " "0.015, " "1, " "1, " "1, " "1, " "1, " "1, " "1, " "1, " "1, " "1, " "1, " "1, " "1, " "1, " "1, " "1, " "1, " "1, " "1, " "1, " "1, " "1, " "1, " "1, " "1, " "1, " "1, " "1, " "1, " "1, " "1, " "1, " "1, " "1, " "1, " "1, " "1, " "1, " "1, " "1, " "1, " "1, " "1, " "1, " "1, " "1, " "1, " "1, " "1, " "1, " "1, " "1, " "1, " "1, " "1, " "1, " "1, " "1, " "1, " "1, " "1, " "1, " "1, " "1, " "1, " "1, " "1, " "1, " "1, " "1, " "1, " "1, " "1, " "1, " "1, " "1, " "1, " "1, " "1, " "1, " "1, " "1, " "1, " "1, " "1, " "1, " "1, " "1, " "1, " "1, " "1, " "1, " "1, " "1, " "1, " "1, " "1, " "1, " "1, " "1, " "1, " "1, " "1, " "1, " "1, " "1, " "1, " "1, " "1, " "1, " "1, " "1, " "1, " "1, " "1, " "1, " "1, " "1, " "1, " "1, " "1, " "1, " "1, " "1, " "1, " "1, " "1, " "1, " "1, " "1, " "1, " "1, " "1, " "1, " "1, " "1, " "1, " "1, " "1, " "1, " "1, " "1, " "1, " "1, " "1, " "1, " "1, " "1, " "1, " "1, " "1, " "1, " "1, " "1, " "1, " "1, " "1, " "1, " "1, " "1, " "1, " "1, " "1, " "1, " "1, " "1, " "1, " "1, " "1, " "1, " "1, " "1, " "1, " "1, " "1, " "1, " "1, " "1, " "1, " "1, " "1, " "1, " "1, " "1, " "1, " "1, " "1, " "1, " "1, " "1, " "1, " "1, " "1, " "1, " "1, " "1, " "1, " "1, " "1, " "1, " "1, " "1, " "1, " "1, " "1, " "1, " "1, " "1, " "1, " "1, " "1, " "1, " "1, " "1, " "1, " "1, " "1, " "1, " "1, " "1, " "1, " "1, " "1, " "1, " "1, " "1, " "1, " "1, " "1, " "1, " "1, " "1, " "1, " "1, " "1, " "1, " "1, " "1, " "1, " "1, " "1, " "1, " "1, " "1, " "1, " "1, " "1, " "1, " "1, " "1, " "1, " "1, " "1, " "1, " "1, " "1, " "1, " "1, " "1, " "1, " "1, " "1, " "1, " "1, " "1, " "1, " "1, " "1, " "1, " "1, " "1, " "1, " "1, " "1, " "1, " "1, " "1, " "1, " "1, " "1, " "1, " "1, " "1, " "1, " "1, " "1, " "1, " "1, " "1, " "1, " "1, " "1, " "1, " "1, " "1, " "1, " "1, " "1, " "1, " "1, " "1, " "1, " "1, " "1, " "1, " "1, " "1, " "1, " "1, " "1, " "1, " "1, " "1, " "1, " "1, " "1, " "1, " "1, " "1, " "1, " "1, " "1, " "1, " "1, " "1, " "1, " "1, " "1, " "1, " "1, " "1, " "1, " "1, " "1, " "1, " "1, " "1, " "1, " "1, " "1, " "1, " "1, " "1, " "1, " "1, " "1, " "1, " "1, " "1, " "1, " "1, " "1, " "1, " "1, " "1, " "1, " "1, " "1, " "1, " "1, " "1, " "1, " "1, " "1, " "1, " "1, " "1, " "1, " "1, " "1, " "1, " "1, " "1, " "1, " "1, " "1, " "1, " "1, " "1, " "1, " "1, " "1, " "1, " "1, " "1, " "1, " "1, " "1, " "1, " "1, " "1, " "1, " "0, " "1, " "1, " "1, " "1, " "1, " "1, " "1, " "1, " "1, " "1, " "1, " "1, " "1, " "1, " "1, " "1, " "1, " "1, " "1, " "1, " "1, " "1, " "1, " "1, " "1, " "1, " "1, " "1, " "1, " "1, " "1, " "1, " "1, " "1, " "1, " "1, " "1, " "1, " "1, " "1, " "1, " "1, " "1, " "1, " "1, " "1, " "1, " "1, " "1, " "1, " "1, " "1, " "1, " "1, " "1, " "1, " "1, " "1, " "1, " "1, " "1, " "1, " "1, " "1, " "1, " "1, " "1, " "1, " "1, " "1, " "1, " "1, " "1, " "1, " "1, " "1, " "1, " "1, " "1, " "1, " "1, " "1, " "1, " "1, " "1, " "1, " "1, " "1, " "1, " "1, " "1, " "1, " "1, " "1, " "1, " "1, " "1, " "1, " "1, " "1, " "1, " "1, " "1, " "1, " "1, " "1, " "1, " "1, " "1, " "1, " "1, " "1, " "1, " "1, " "1, " "1, " "1, " "1, " "1, " "1, "204
 "Nei393, 0.356, " "0.015, " "1, " "1, " "1, " "1, " "1, " "1, " "1, " "1, " "1, " "1, " "1, " "1, " "1, " "1, " "1, " "1, " "1, " "1, " "1, " "1, " "1, " "1, " "1, " "1, " "1, " "1, " "1, " "1, " "1, " "1, " "1, " "1, " "1, " "1, " "1, " "1, " "1, " "1, " "1, " "1, " "1, " "1, " "1, " "1, " "1, " "1, " "1, " "1, " "1, " "1, " "1, " "1, " "1, " "1, " "1, " "1, " "1, " "1, " "1, " "1, " "1, " "1, " "1, " "1, " "1, " "1, " "1, " "1, " "1, " "1, " "1, " "1, " "1, " "1, " "1, " "1, " "1, " "1, " "1, " "1, " "1, " "1, " "1, " "1, " "1, " "1, " "1, " "1, " "1, " "1, " "1, " "1, " "1, " "1, " "1, " "1, " "1, " "1, " "1, " "1, " "1, " "1, " "1, " "1, " "1, " "1, " "1, " "1, " "1, " "1, " "1, " "1, " "1, " "1, " "1, " "1, " "1, " "1, " "1, " "1, " "1, " "1, " "1, " "1, " "1, " "1, " "1, " "1, " "1, " "1, " "1, " "1, " "1, " "1, " "1, " "1, " "1, " "1, " "1, " "1, " "1, " "1, " "1, " "1, " "1, " "1, " "1, " "1, " "1, " "1, " "1, " "1, " "1, " "1, " "1, " "1, " "1, " "1, " "1, " "1, " "1, " "1, " "1, " "1, " "1, " "1, " "1, " "1, " "1, " "1, " "1, " "1, " "1, " "1, " "1, " "1, " "1, " "1, " "1, " "1, " "1, " "1, " "1, " "1, " "1, " "1, " "1, " "1, " "1, " "1, " "1, " "1, " "1, " "1, " "1, " "1, " "1, " "1, " "1, " "1, " "1, " "1, " "1, " "1, " "1, " "1, " "1, " "1, " "1, " "1, " "1, " "1, " "1, " "1, " "1, " "1, " "1, " "1, " "1, " "1, " "1, " "1, " "1, " "1, " "1, " "1, " "1, " "1, " "1, " "1, " "1, " "1, " "1, " "1, " "1, " "1, " "1, " "1, " "1, " "1, " "1, " "1, " "1, " "1, " "1, " "1, " "1, " "1, " "1, " "1, " "1, " "1, " "1, " "1, " "1, " "1, " "1, " "1, " "1, " "1, " "1, " "1, " "1, " "1, " "1, " "1, " "1, " "1, " "1, " "1, " "1, " "1, " "1, " "1, " "1, " "1, " "1, " "1, " "1, " "1, " "1, " "1, " "1, " "1, " "1, " "1, " "1, " "1, " "1, " "1, " "1, " "1, " "1, " "1, " "1, " "1, " "1, " "1, " "1, " "1, " "1, " "1, " "1, " "1, " "1, " "1, " "1, " "1, " "1, " "1, " "1, " "1, " "1, " "1, " "1, " "1, " "1, " "1, " "1, " "1, " "1, " "1, " "1, " "1, " "1, " "1, " "1, " "1, " "1, " "1, " "1, " "1, " "1, " "1, " "1, " "1, " "1, " "1, " "1, " "1, " "1, " "1, " "1, " "1, " "1, " "1, " "1, " "1, " "1, " "1, " "1, " "1, " "1, " "1, " "1, " "1, " "1, " "1, " "1, " "1, " "1, " "1, " "1, " "1, " "1, " "1, " "1, " "1, " "1, " "1, " "1, " "1, " "1, " "1, " "1, " "1, " "1, " "1, " "1, " "1, " "1, " "1, " "1, " "1, " "1, " "1, " "1, " "1, " "1, " "1, " "1, " "1, " "1, " "0, " "1, " "1, " "1, " "1, " "1, " "1, " "1, " "1, " "1, " "1, " "1, " "1, " "1, " "1, " "1, " "1, " "1, " "1, " "1, " "1, " "1, " "1, " "1, " "1, " "1, " "1, " "1, " "1, " "1, " "1, " "1, " "1, " "1, " "1, " "1, " "1, " "1, " "1, " "1, " "1, " "1, " "1, " "1, " "1, " "1, " "1, " "1, " "1, " "1, " "1, " "1, " "1, " "1, " "1, " "1, " "1, " "1, " "1, " "1, " "1, " "1, " "1, " "1, " "1, " "1, " "1, " "1, " "1, " "1, " "1, " "1, " "1, " "1, " "1, " "1, " "1, " "1, " "1, " "1, " "1, " "1, " "1, " "1, " "1, " "1, " "1, " "1, " "1, " "1, " "1, " "1, " "1, " "1, " "1, " "1, " "1, " "1, " "1, " "1, " "1, " "1, " "1, " "1, " "1, " "1, " "1, " "1, " "1, " "1, " "1, " "1, " "1, " "1, " "1, " "1, " "1, " "1, " "1, " "1, "204
 "Nei394, 0.233, " "0.015, " "1, " "1, " "1, " "1, " "1, " "1, " "1, " "1, " "1, " "1, " "1, " "1, " "1, " "1, " "1, " "1, " "1, " "1, " "1, " "1, " "1, " "1, " "1, " "1, " "1, " "1, " "1, " "1, " "1, " "1, " "1, " "1, " "1, " "1, " "1, " "1, " "1, " "1, " "1, " "1, " "1, " "1, " "1, " "1, " "1, " "1, " "1, " "1, " "1, " "1, " "1, " "1, " "1, " "1, " "1, " "1, " "1, " "1, " "1, " "1, " "1, " "1, " "1, " "1, " "1, " "1, " "1, " "1, " "1, " "1, " "1, " "1, " "1, " "1, " "1, " "1, " "1, " "1, " "1, " "1, " "1, " "1, " "1, " "1, " "1, " "1, " "1, " "1, " "1, " "1, " "1, " "1, " "1, " "1, " "1, " "1, " "1, " "1, " "1, " "1, " "1, " "1, " "1, " "1, " "1, " "1, " "1, " "1, " "1, " "1, " "1, " "1, " "1, " "1, " "1, " "1, " "1, " "1, " "1, " "1, " "1, " "1, " "1, " "1, " "1, " "1, " "1, " "1, " "1, " "1, " "1, " "1, " "1, " "1, " "1, " "1, " "1, " "1, " "1, " "1, " "1, " "1, " "1, " "1, " "1, " "1, " "1, " "1, " "1, " "1, " "1, " "1, " "1, " "1, " "1, " "1, " "1, " "1, " "1, " "1, " "1, " "1, " "1, " "1, " "1, " "1, " "1, " "1, " "1, " "1, " "1, " "1, " "1, " "1, " "1, " "1, " "1, " "1, " "1, " "1, " "1, " "1, " "1, " "1, " "1, " "1, " "1, " "1, " "1, " "1, " "1, " "1, " "1, " "1, " "1, " "1, " "1, " "1, " "1, " "1, " "1, " "1, " "1, " "1, " "1, " "1, " "1, " "1, " "1, " "1, " "1, " "1, " "1, " "1, " "1, " "1, " "1, " "1, " "1, " "1, " "1, " "1, " "1, " "1, " "1, " "1, " "1, " "1, " "1, " "1, " "1, " "1, " "1, " "1, " "1, " "1, " "1, " "1, " "1, " "1, " "1, " "1, " "1, " "1, " "1, " "1, " "1, " "1, " "1, " "1, " "1, " "1, " "1, " "1, " "1, " "1, " "1, " "1, " "1, " "1, " "1, " "1, " "1, " "1, " "1, " "1, " "1, " "1, " "1, " "1, " "1, " "1, " "1, " "1, " "1, " "1, " "1, " "1, " "1, " "1, " "1, " "1, " "1, " "1, " "1, " "1, " "1, " "1, " "1, " "1, " "1, " "1, " "1, " "1, " "1, " "1, " "1, " "1, " "1, " "1, " "1, " "1, " "1, " "1, " "1, " "1, " "1, " "1, " "1, " "1, " "1, " "1, " "1, " "1, " "1, " "1, " "1, " "1, " "1, " "1, " "1, " "1, " "1, " "1, " "1, " "1, " "1, " "1, " "1, " "1, " "1, " "1, " "1, " "1, " "1, " "1, " "1, " "1, " "1, " "1, " "1, " "1, " "1, " "1, " "1, " "1, " "1, " "1, " "1, " "1, " "1, " "1, " "1, " "1, " "1, " "1, " "1, " "1, " "1, " "1, " "1, " "1, " "1, " "1, " "1, " "1, " "1, " "1, " "1, " "1, " "1, " "1, " "1, " "1, " "1, " "1, " "1, " "1, " "1, " "1, " "1, " "1, " "1, " "1, " "1, " "1, " "1, " "1, " "1, " "1, " "1, " "1, " "1, " "1, " "0, " "1, " "1, " "1, " "1, " "1, " "1, " "1, " "1, " "1, " "1, " "1, " "1, " "1, " "1, " "1, " "1, " "1, " "1, " "1, " "1, " "1, " "1, " "1, " "1, " "1, " "1, " "1, " "1, " "1, " "1, " "1, " "1, " "1, " "1, " "1, " "1, " "1, " "1, " "1, " "1, " "1, " "1, " "1, " "1, " "1, " "1, " "1, " "1, " "1, " "1, " "1, " "1, " "1, " "1, " "1, " "1, " "1, " "1, " "1, " "1, " "1, " "1, " "1, " "1, " "1, " "1, " "1, " "1, " "1, " "1, " "1, " "1, " "1, " "1, " "1, " "1, " "1, " "1, " "1, " "1, " "1, " "1, " "1, " "1, " "1, " "1, " "1, " "1, " "1, " "1, " "1, " "1, " "1, " "1, " "1, " "1, " "1, " "1, " "1, " "1, " "1, " "1, " "1, " "1, " "1, " "1, " "1, " "1, " "1, " "1, " "1, " "1, " "1, " "1, " "1, " "1, " "1, " "1, "204
 "Nei395, 0.28, " "0.015, " "1, " "1, " "1, " "1, " "1, " "1, " "1, " "1, " "1, " "1, " "1, " "1, " "1, " "1, " "1, " "1, " "1, " "1, " "1, " "1, " "1, " "1, " "1, " "1, " "1, " "1, " "1, " "1, " "1, " "1, " "1, " "1, " "1, " "1, " "1, " "1, " "1, " "1, " "1, " "1, " "1, " "1, " "1, " "1, " "1, " "1, " "1, " "1, " "1, " "1, " "1, " "1, " "1, " "1, " "1, " "1, " "1, " "1, " "1, " "1, " "1, " "1, " "1, " "1, " "1, " "1, " "1, " "1, " "1, " "1, " "1, " "1, " "1, " "1, " "1, " "1, " "1, " "1, " "1, " "1, " "1, " "1, " "1, " "1, " "1, " "1, " "1, " "1, " "1, " "1, " "1, " "1, " "1, " "1, " "1, " "1, " "1, " "1, " "1, " "1, " "1, " "1, " "1, " "1, " "1, " "1, " "1, " "1, " "1, " "1, " "1, " "1, " "1, " "1, " "1, " "1, " "1, " "1, " "1, " "1, " "1, " "1, " "1, " "1, " "1, " "1, " "1, " "1, " "1, " "1, " "1, " "1, " "1, " "1, " "1, " "1, " "1, " "1, " "1, " "1, " "1, " "1, " "1, " "1, " "1, " "1, " "1, " "1, " "1, " "1, " "1, " "1, " "1, " "1, " "1, " "1, " "1, " "1, " "1, " "1, " "1, " "1, " "1, " "1, " "1, " "1, " "1, " "1, " "1, " "1, " "1, " "1, " "1, " "1, " "1, " "1, " "1, " "1, " "1, " "1, " "1, " "1, " "1, " "1, " "1, " "1, " "1, " "1, " "1, " "1, " "1, " "1, " "1, " "1, " "1, " "1, " "1, " "1, " "1, " "1, " "1, " "1, " "1, " "1, " "1, " "1, " "1, " "1, " "1, " "1, " "1, " "1, " "1, " "1, " "1, " "1, " "1, " "1, " "1, " "1, " "1, " "1, " "1, " "1, " "1, " "1, " "1, " "1, " "1, " "1, " "1, " "1, " "1, " "1, " "1, " "1, " "1, " "1, " "1, " "1, " "1, " "1, " "1, " "1, " "1, " "1, " "1, " "1, " "1, " "1, " "1, " "1, " "1, " "1, " "1, " "1, " "1, " "1, " "1, " "1, " "1, " "1, " "1, " "1, " "1, " "1, " "1, " "1, " "1, " "1, " "1, " "1, " "1, " "1, " "1, " "1, " "1, " "1, " "1, " "1, " "1, " "1, " "1, " "1, " "1, " "1, " "1, " "1, " "1, " "1, " "1, " "1, " "1, " "1, " "1, " "1, " "1, " "1, " "1, " "1, " "1, " "1, " "1, " "1, " "1, " "1, " "1, " "1, " "1, " "1, " "1, " "1, " "1, " "1, " "1, " "1, " "1, " "1, " "1, " "1, " "1, " "1, " "1, " "1, " "1, " "1, " "1, " "1, " "1, " "1, " "1, " "1, " "1, " "1, " "1, " "1, " "1, " "1, " "1, " "1, " "1, " "1, " "1, " "1, " "1, " "1, " "1, " "1, " "1, " "1, " "1, " "1, " "1, " "1, " "1, " "1, " "1, " "1, " "1, " "1, " "1, " "1, " "1, " "1, " "1, " "1, " "1, " "1, " "1, " "1, " "1, " "1, " "1, " "1, " "1, " "1, " "1, " "1, " "1, " "1, " "1, " "1, " "1, " "1, " "1, " "1, " "1, " "1, " "1, " "1, " "1, " "1, " "1, " "1, " "1, " "0, " "1, " "1, " "1, " "1, " "1, " "1, " "1, " "1, " "1, " "1, " "1, " "1, " "1, " "1, " "1, " "1, " "1, " "1, " "1, " "1, " "1, " "1, " "1, " "1, " "1, " "1, " "1, " "1, " "1, " "1, " "1, " "1, " "1, " "1, " "1, " "1, " "1, " "1, " "1, " "1, " "1, " "1, " "1, " "1, " "1, " "1, " "1, " "1, " "1, " "1, " "1, " "1, " "1, " "1, " "1, " "1, " "1, " "1, " "1, " "1, " "1, " "1, " "1, " "1, " "1, " "1, " "1, " "1, " "1, " "1, " "1, " "1, " "1, " "1, " "1, " "1, " "1, " "1, " "1, " "1, " "1, " "1, " "1, " "1, " "1, " "1, " "1, " "1, " "1, " "1, " "1, " "1, " "1, " "1, " "1, " "1, " "1, " "1, " "1, " "1, " "1, " "1, " "1, " "1, " "1, " "1, " "1, " "1, " "1, " "1, " "1, " "1, " "1, " "1, " "1, " "1, " "1, "204
 "Nei396, 0.37, " "0.015, " "1, " "1, " "1, " "1, " "1, " "1, " "1, " "1, " "1, " "1, " "1, " "1, " "1, " "1, " "1, " "1, " "1, " "1, " "1, " "1, " "1, " "1, " "1, " "1, " "1, " "1, " "1, " "1, " "1, " "1, " "1, " "1, " "1, " "1, " "1, " "1, " "1, " "1, " "1, " "1, " "1, " "1, " "1, " "1, " "1, " "1, " "1, " "1, " "1, " "1, " "1, " "1, " "1, " "1, " "1, " "1, " "1, " "1, " "1, " "1, " "1, " "1, " "1, " "1, " "1, " "1, " "1, " "1, " "1, " "1, " "1, " "1, " "1, " "1, " "1, " "1, " "1, " "1, " "1, " "1, " "1, " "1, " "1, " "1, " "1, " "1, " "1, " "1, " "1, " "1, " "1, " "1, " "1, " "1, " "1, " "1, " "1, " "1, " "1, " "1, " "1, " "1, " "1, " "1, " "1, " "1, " "1, " "1, " "1, " "1, " "1, " "1, " "1, " "1, " "1, " "1, " "1, " "1, " "1, " "1, " "1, " "1, " "1, " "1, " "1, " "1, " "1, " "1, " "1, " "1, " "1, " "1, " "1, " "1, " "1, " "1, " "1, " "1, " "1, " "1, " "1, " "1, " "1, " "1, " "1, " "1, " "1, " "1, " "1, " "1, " "1, " "1, " "1, " "1, " "1, " "1, " "1, " "1, " "1, " "1, " "1, " "1, " "1, " "1, " "1, " "1, " "1, " "1, " "1, " "1, " "1, " "1, " "1, " "1, " "1, " "1, " "1, " "1, " "1, " "1, " "1, " "1, " "1, " "1, " "1, " "1, " "1, " "1, " "1, " "1, " "1, " "1, " "1, " "1, " "1, " "1, " "1, " "1, " "1, " "1, " "1, " "1, " "1, " "1, " "1, " "1, " "1, " "1, " "1, " "1, " "1, " "1, " "1, " "1, " "1, " "1, " "1, " "1, " "1, " "1, " "1, " "1, " "1, " "1, " "1, " "1, " "1, " "1, " "1, " "1, " "1, " "1, " "1, " "1, " "1, " "1, " "1, " "1, " "1, " "1, " "1, " "1, " "1, " "1, " "1, " "1, " "1, " "1, " "1, " "1, " "1, " "1, " "1, " "1, " "1, " "1, " "1, " "1, " "1, " "1, " "1, " "1, " "1, " "1, " "1, " "1, " "1, " "1, " "1, " "1, " "1, " "1, " "1, " "1, " "1, " "1, " "1, " "1, " "1, " "1, " "1, " "1, " "1, " "1, " "1, " "1, " "1, " "1, " "1, " "1, " "1, " "1, " "1, " "1, " "1, " "1, " "1, " "1, " "1, " "1, " "1, " "1, " "1, " "1, " "1, " "1, " "1, " "1, " "1, " "1, " "1, " "1, " "1, " "1, " "1, " "1, " "1, " "1, " "1, " "1, " "1, " "1, " "1, " "1, " "1, " "1, " "1, " "1, " "1, " "1, " "1, " "1, " "1, " "1, " "1, " "1, " "1, " "1, " "1, " "1, " "1, " "1, " "1, " "1, " "1, " "1, " "1, " "1, " "1, " "1, " "1, " "1, " "1, " "1, " "1, " "1, " "1, " "1, " "1, " "1, " "1, " "1, " "1, " "1, " "1, " "1, " "1, " "1, " "1, " "1, " "1, " "1, " "1, " "1, " "1, " "1, " "1, " "1, " "1, " "1, " "1, " "1, " "1, " "1, " "1, " "1, " "1, " "1, " "1, " "1, " "1, " "1, " "1, " "1, " "1, " "1, " "0, " "1, " "1, " "1, " "1, " "1, " "1, " "1, " "1, " "1, " "1, " "1, " "1, " "1, " "1, " "1, " "1, " "1, " "1, " "1, " "1, " "1, " "1, " "1, " "1, " "1, " "1, " "1, " "1, " "1, " "1, " "1, " "1, " "1, " "1, " "1, " "1, " "1, " "1, " "1, " "1, " "1, " "1, " "1, " "1, " "1, " "1, " "1, " "1, " "1, " "1, " "1, " "1, " "1, " "1, " "1, " "1, " "1, " "1, " "1, " "1, " "1, " "1, " "1, " "1, " "1, " "1, " "1, " "1, " "1, " "1, " "1, " "1, " "1, " "1, " "1, " "1, " "1, " "1, " "1, " "1, " "1, " "1, " "1, " "1, " "1, " "1, " "1, " "1, " "1, " "1, " "1, " "1, " "1, " "1, " "1, " "1, " "1, " "1, " "1, " "1, " "1, " "1, " "1, " "1, " "1, " "1, " "1, " "1, " "1, " "1, " "1, " "1, " "1, " "1, " "1, " "1, "204
 "Nei397, 0.271, " "0.015, " "1, " "1, " "1, " "1, " "1, " "1, " "1, " "1, " "1, " "1, " "1, " "1, " "1, " "1, " "1, " "1, " "1, " "1, " "1, " "1, " "1, " "1, " "1, " "1, " "1, " "1, " "1, " "1, " "1, " "1, " "1, " "1, " "1, " "1, " "1, " "1, " "1, " "1, " "1, " "1, " "1, " "1, " "1, " "1, " "1, " "1, " "1, " "1, " "1, " "1, " "1, " "1, " "1, " "1, " "1, " "1, " "1, " "1, " "1, " "1, " "1, " "1, " "1, " "1, " "1, " "1, " "1, " "1, " "1, " "1, " "1, " "1, " "1, " "1, " "1, " "1, " "1, " "1, " "1, " "1, " "1, " "1, " "1, " "1, " "1, " "1, " "1, " "1, " "1, " "1, " "1, " "1, " "1, " "1, " "1, " "1, " "1, " "1, " "1, " "1, " "1, " "1, " "1, " "1, " "1, " "1, " "1, " "1, " "1, " "1, " "1, " "1, " "1, " "1, " "1, " "1, " "1, " "1, " "1, " "1, " "1, " "1, " "1, " "1, " "1, " "1, " "1, " "1, " "1, " "1, " "1, " "1, " "1, " "1, " "1, " "1, " "1, " "1, " "1, " "1, " "1, " "1, " "1, " "1, " "1, " "1, " "1, " "1, " "1, " "1, " "1, " "1, " "1, " "1, " "1, " "1, " "1, " "1, " "1, " "1, " "1, " "1, " "1, " "1, " "1, " "1, " "1, " "1, " "1, " "1, " "1, " "1, " "1, " "1, " "1, " "1, " "1, " "1, " "1, " "1, " "1, " "1, " "1, " "1, " "1, " "1, " "1, " "1, " "1, " "1, " "1, " "1, " "1, " "1, " "1, " "1, " "1, " "1, " "1, " "1, " "1, " "1, " "1, " "1, " "1, " "1, " "1, " "1, " "1, " "1, " "1, " "1, " "1, " "1, " "1, " "1, " "1, " "1, " "1, " "1, " "1, " "1, " "1, " "1, " "1, " "1, " "1, " "1, " "1, " "1, " "1, " "1, " "1, " "1, " "1, " "1, " "1, " "1, " "1, " "1, " "1, " "1, " "1, " "1, " "1, " "1, " "1, " "1, " "1, " "1, " "1, " "1, " "1, " "1, " "1, " "1, " "1, " "1, " "1, " "1, " "1, " "1, " "1, " "1, " "1, " "1, " "1, " "1, " "1, " "1, " "1, " "1, " "1, " "1, " "1, " "1, " "1, " "1, " "1, " "1, " "1, " "1, " "1, " "1, " "1, " "1, " "1, " "1, " "1, " "1, " "1, " "1, " "1, " "1, " "1, " "1, " "1, " "1, " "1, " "1, " "1, " "1, " "1, " "1, " "1, " "1, " "1, " "1, " "1, " "1, " "1, " "1, " "1, " "1, " "1, " "1, " "1, " "1, " "1, " "1, " "1, " "1, " "1, " "1, " "1, " "1, " "1, " "1, " "1, " "1, " "1, " "1, " "1, " "1, " "1, " "1, " "1, " "1, " "1, " "1, " "1, " "1, " "1, " "1, " "1, " "1, " "1, " "1, " "1, " "1, " "1, " "1, " "1, " "1, " "1, " "1, " "1, " "1, " "1, " "1, " "1, " "1, " "1, " "1, " "1, " "1, " "1, " "1, " "1, " "1, " "1, " "1, " "1, " "1, " "1, " "1, " "1, " "1, " "1, " "1, " "1, " "1, " "1, " "1, " "1, " "1, " "1, " "1, " "1, " "1, " "1, " "1, " "1, " "1, " "1, " "1, " "1, " "0, " "1, " "1, " "1, " "1, " "1, " "1, " "1, " "1, " "1, " "1, " "1, " "1, " "1, " "1, " "1, " "1, " "1, " "1, " "1, " "1, " "1, " "1, " "1, " "1, " "1, " "1, " "1, " "1, " "1, " "1, " "1, " "1, " "1, " "1, " "1, " "1, " "1, " "1, " "1, " "1, " "1, " "1, " "1, " "1, " "1, " "1, " "1, " "1, " "1, " "1, " "1, " "1, " "1, " "1, " "1, " "1, " "1, " "1, " "1, " "1, " "1, " "1, " "1, " "1, " "1, " "1, " "1, " "1, " "1, " "1, " "1, " "1, " "1, " "1, " "1, " "1, " "1, " "1, " "1, " "1, " "1, " "1, " "1, " "1, " "1, " "1, " "1, " "1, " "1, " "1, " "1, " "1, " "1, " "1, " "1, " "1, " "1, " "1, " "1, " "1, " "1, " "1, " "1, " "1, " "1, " "1, " "1, " "1, " "1, " "1, " "1, " "1, " "1, " "1, " "1, "204
 "Nei398, 0.192, " "0.015, " "1, " "1, " "1, " "1, " "1, " "1, " "1, " "1, " "1, " "1, " "1, " "1, " "1, " "1, " "1, " "1, " "1, " "1, " "1, " "1, " "1, " "1, " "1, " "1, " "1, " "1, " "1, " "1, " "1, " "1, " "1, " "1, " "1, " "1, " "1, " "1, " "1, " "1, " "1, " "1, " "1, " "1, " "1, " "1, " "1, " "1, " "1, " "1, " "1, " "1, " "1, " "1, " "1, " "1, " "1, " "1, " "1, " "1, " "1, " "1, " "1, " "1, " "1, " "1, " "1, " "1, " "1, " "1, " "1, " "1, " "1, " "1, " "1, " "1, " "1, " "1, " "1, " "1, " "1, " "1, " "1, " "1, " "1, " "1, " "1, " "1, " "1, " "1, " "1, " "1, " "1, " "1, " "1, " "1, " "1, " "1, " "1, " "1, " "1, " "1, " "1, " "1, " "1, " "1, " "1, " "1, " "1, " "1, " "1, " "1, " "1, " "1, " "1, " "1, " "1, " "1, " "1, " "1, " "1, " "1, " "1, " "1, " "1, " "1, " "1, " "1, " "1, " "1, " "1, " "1, " "1, " "1, " "1, " "1, " "1, " "1, " "1, " "1, " "1, " "1, " "1, " "1, " "1, " "1, " "1, " "1, " "1, " "1, " "1, " "1, " "1, " "1, " "1, " "1, " "1, " "1, " "1, " "1, " "1, " "1, " "1, " "1, " "1, " "1, " "1, " "1, " "1, " "1, " "1, " "1, " "1, " "1, " "1, " "1, " "1, " "1, " "1, " "1, " "1, " "1, " "1, " "1, " "1, " "1, " "1, " "1, " "1, " "1, " "1, " "1, " "1, " "1, " "1, " "1, " "1, " "1, " "1, " "1, " "1, " "1, " "1, " "1, " "1, " "1, " "1, " "1, " "1, " "1, " "1, " "1, " "1, " "1, " "1, " "1, " "1, " "1, " "1, " "1, " "1, " "1, " "1, " "1, " "1, " "1, " "1, " "1, " "1, " "1, " "1, " "1, " "1, " "1, " "1, " "1, " "1, " "1, " "1, " "1, " "1, " "1, " "1, " "1, " "1, " "1, " "1, " "1, " "1, " "1, " "1, " "1, " "1, " "1, " "1, " "1, " "1, " "1, " "1, " "1, " "1, " "1, " "1, " "1, " "1, " "1, " "1, " "1, " "1, " "1, " "1, " "1, " "1, " "1, " "1, " "1, " "1, " "1, " "1, " "1, " "1, " "1, " "1, " "1, " "1, " "1, " "1, " "1, " "1, " "1, " "1, " "1, " "1, " "1, " "1, " "1, " "1, " "1, " "1, " "1, " "1, " "1, " "1, " "1, " "1, " "1, " "1, " "1, " "1, " "1, " "1, " "1, " "1, " "1, " "1, " "1, " "1, " "1, " "1, " "1, " "1, " "1, " "1, " "1, " "1, " "1, " "1, " "1, " "1, " "1, " "1, " "1, " "1, " "1, " "1, " "1, " "1, " "1, " "1, " "1, " "1, " "1, " "1, " "1, " "1, " "1, " "1, " "1, " "1, " "1, " "1, " "1, " "1, " "1, " "1, " "1, " "1, " "1, " "1, " "1, " "1, " "1, " "1, " "1, " "1, " "1, " "1, " "1, " "1, " "1, " "1, " "1, " "1, " "1, " "1, " "1, " "1, " "1, " "1, " "1, " "1, " "1, " "1, " "1, " "1, " "1, " "1, " "1, " "1, " "1, " "1, " "1, " "1, " "1, " "1, " "1, " "1, " "1, " "1, " "1, " "0, " "1, " "1, " "1, " "1, " "1, " "1, " "1, " "1, " "1, " "1, " "1, " "1, " "1, " "1, " "1, " "1, " "1, " "1, " "1, " "1, " "1, " "1, " "1, " "1, " "1, " "1, " "1, " "1, " "1, " "1, " "1, " "1, " "1, " "1, " "1, " "1, " "1, " "1, " "1, " "1, " "1, " "1, " "1, " "1, " "1, " "1, " "1, " "1, " "1, " "1, " "1, " "1, " "1, " "1, " "1, " "1, " "1, " "1, " "1, " "1, " "1, " "1, " "1, " "1, " "1, " "1, " "1, " "1, " "1, " "1, " "1, " "1, " "1, " "1, " "1, " "1, " "1, " "1, " "1, " "1, " "1, " "1, " "1, " "1, " "1, " "1, " "1, " "1, " "1, " "1, " "1, " "1, " "1, " "1, " "1, " "1, " "1, " "1, " "1, " "1, " "1, " "1, " "1, " "1, " "1, " "1, " "1, " "1, " "1, " "1, " "1, " "1, " "1, " "1, "204
 "Nei399, 0.375, " "0.015, " "1, " "1, " "1, " "1, " "1, " "1, " "1, " "1, " "1, " "1, " "1, " "1, " "1, " "1, " "1, " "1, " "1, " "1, " "1, " "1, " "1, " "1, " "1, " "1, " "1, " "1, " "1, " "1, " "1, " "1, " "1, " "1, " "1, " "1, " "1, " "1, " "1, " "1, " "1, " "1, " "1, " "1, " "1, " "1, " "1, " "1, " "1, " "1, " "1, " "1, " "1, " "1, " "1, " "1, " "1, " "1, " "1, " "1, " "1, " "1, " "1, " "1, " "1, " "1, " "1, " "1, " "1, " "1, " "1, " "1, " "1, " "1, " "1, " "1, " "1, " "1, " "1, " "1, " "1, " "1, " "1, " "1, " "1, " "1, " "1, " "1, " "1, " "1, " "1, " "1, " "1, " "1, " "1, " "1, " "1, " "1, " "1, " "1, " "1, " "1, " "1, " "1, " "1, " "1, " "1, " "1, " "1, " "1, " "1, " "1, " "1, " "1, " "1, " "1, " "1, " "1, " "1, " "1, " "1, " "1, " "1, " "1, " "1, " "1, " "1, " "1, " "1, " "1, " "1, " "1, " "1, " "1, " "1, " "1, " "1, " "1, " "1, " "1, " "1, " "1, " "1, " "1, " "1, " "1, " "1, " "1, " "1, " "1, " "1, " "1, " "1, " "1, " "1, " "1, " "1, " "1, " "1, " "1, " "1, " "1, " "1, " "1, " "1, " "1, " "1, " "1, " "1, " "1, " "1, " "1, " "1, " "1, " "1, " "1, " "1, " "1, " "1, " "1, " "1, " "1, " "1, " "1, " "1, " "1, " "1, " "1, " "1, " "1, " "1, " "1, " "1, " "1, " "1, " "1, " "1, " "1, " "1, " "1, " "1, " "1, " "1, " "1, " "1, " "1, " "1, " "1, " "1, " "1, " "1, " "1, " "1, " "1, " "1, " "1, " "1, " "1, " "1, " "1, " "1, " "1, " "1, " "1, " "1, " "1, " "1, " "1, " "1, " "1, " "1, " "1, " "1, " "1, " "1, " "1, " "1, " "1, " "1, " "1, " "1, " "1, " "1, " "1, " "1, " "1, " "1, " "1, " "1, " "1, " "1, " "1, " "1, " "1, " "1, " "1, " "1, " "1, " "1, " "1, " "1, " "1, " "1, " "1, " "1, " "1, " "1, " "1, " "1, " "1, " "1, " "1, " "1, " "1, " "1, " "1, " "1, " "1, " "1, " "1, " "1, " "1, " "1, " "1, " "1, " "1, " "1, " "1, " "1, " "1, " "1, " "1, " "1, " "1, " "1, " "1, " "1, " "1, " "1, " "1, " "1, " "1, " "1, " "1, " "1, " "1, " "1, " "1, " "1, " "1, " "1, " "1, " "1, " "1, " "1, " "1, " "1, " "1, " "1, " "1, " "1, " "1, " "1, " "1, " "1, " "1, " "1, " "1, " "1, " "1, " "1, " "1, " "1, " "1, " "1, " "1, " "1, " "1, " "1, " "1, " "1, " "1, " "1, " "1, " "1, " "1, " "1, " "1, " "1, " "1, " "1, " "1, " "1, " "1, " "1, " "1, " "1, " "1, " "1, " "1, " "1, " "1, " "1, " "1, " "1, " "1, " "1, " "1, " "1, " "1, " "1, " "1, " "1, " "1, " "1, " "1, " "1, " "1, " "1, " "1, " "1, " "1, " "1, " "1, " "1, " "1, " "1, " "1, " "1, " "1, " "1, " "1, " "1, " "1, " "1, " "1, " "1, " "1, " "1, " "1, " "1, " "0, " "1, " "1, " "1, " "1, " "1, " "1, " "1, " "1, " "1, " "1, " "1, " "1, " "1, " "1, " "1, " "1, " "1, " "1, " "1, " "1, " "1, " "1, " "1, " "1, " "1, " "1, " "1, " "1, " "1, " "1, " "1, " "1, " "1, " "1, " "1, " "1, " "1, " "1, " "1, " "1, " "1, " "1, " "1, " "1, " "1, " "1, " "1, " "1, " "1, " "1, " "1, " "1, " "1, " "1, " "1, " "1, " "1, " "1, " "1, " "1, " "1, " "1, " "1, " "1, " "1, " "1, " "1, " "1, " "1, " "1, " "1, " "1, " "1, " "1, " "1, " "1, " "1, " "1, " "1, " "1, " "1, " "1, " "1, " "1, " "1, " "1, " "1, " "1, " "1, " "1, " "1, " "1, " "1, " "1, " "1, " "1, " "1, " "1, " "1, " "1, " "1, " "1, " "1, " "1, " "1, " "1, " "1, " "1, " "1, " "1, " "1, " "1, " "1, "204
 "Nei400, 0.313, " "0.015, " "1, " "1, " "1, " "1, " "1, " "1, " "1, " "1, " "1, " "1, " "1, " "1, " "1, " "1, " "1, " "1, " "1, " "1, " "1, " "1, " "1, " "1, " "1, " "1, " "1, " "1, " "1, " "1, " "1, " "1, " "1, " "1, " "1, " "1, " "1, " "1, " "1, " "1, " "1, " "1, " "1, " "1, " "1, " "1, " "1, " "1, " "1, " "1, " "1, " "1, " "1, " "1, " "1, " "1, " "1, " "1, " "1, " "1, " "1, " "1, " "1, " "1, " "1, " "1, " "1, " "1, " "1, " "1, " "1, " "1, " "1, " "1, " "1, " "1, " "1, " "1, " "1, " "1, " "1, " "1, " "1, " "1, " "1, " "1, " "1, " "1, " "1, " "1, " "1, " "1, " "1, " "1, " "1, " "1, " "1, " "1, " "1, " "1, " "1, " "1, " "1, " "1, " "1, " "1, " "1, " "1, " "1, " "1, " "1, " "1, " "1, " "1, " "1, " "1, " "1, " "1, " "1, " "1, " "1, " "1, " "1, " "1, " "1, " "1, " "1, " "1, " "1, " "1, " "1, " "1, " "1, " "1, " "1, " "1, " "1, " "1, " "1, " "1, " "1, " "1, " "1, " "1, " "1, " "1, " "1, " "1, " "1, " "1, " "1, " "1, " "1, " "1, " "1, " "1, " "1, " "1, " "1, " "1, " "1, " "1, " "1, " "1, " "1, " "1, " "1, " "1, " "1, " "1, " "1, " "1, " "1, " "1, " "1, " "1, " "1, " "1, " "1, " "1, " "1, " "1, " "1, " "1, " "1, " "1, " "1, " "1, " "1, " "1, " "1, " "1, " "1, " "1, " "1, " "1, " "1, " "1, " "1, " "1, " "1, " "1, " "1, " "1, " "1, " "1, " "1, " "1, " "1, " "1, " "1, " "1, " "1, " "1, " "1, " "1, " "1, " "1, " "1, " "1, " "1, " "1, " "1, " "1, " "1, " "1, " "1, " "1, " "1, " "1, " "1, " "1, " "1, " "1, " "1, " "1, " "1, " "1, " "1, " "1, " "1, " "1, " "1, " "1, " "1, " "1, " "1, " "1, " "1, " "1, " "1, " "1, " "1, " "1, " "1, " "1, " "1, " "1, " "1, " "1, " "1, " "1, " "1, " "1, " "1, " "1, " "1, " "1, " "1, " "1, " "1, " "1, " "1, " "1, " "1, " "1, " "1, " "1, " "1, " "1, " "1, " "1, " "1, " "1, " "1, " "1, " "1, " "1, " "1, " "1, " "1, " "1, " "1, " "1, " "1, " "1, " "1, " "1, " "1, " "1, " "1, " "1, " "1, " "1, " "1, " "1, " "1, " "1, " "1, " "1, " "1, " "1, " "1, " "1, " "1, " "1, " "1, " "1, " "1, " "1, " "1, " "1, " "1, " "1, " "1, " "1, " "1, " "1, " "1, " "1, " "1, " "1, " "1, " "1, " "1, " "1, " "1, " "1, " "1, " "1, " "1, " "1, " "1, " "1, " "1, " "1, " "1, " "1, " "1, " "1, " "1, " "1, " "1, " "1, " "1, " "1, " "1, " "1, " "1, " "1, " "1, " "1, " "1, " "1, " "1, " "1, " "1, " "1, " "1, " "1, " "1, " "1, " "1, " "1, " "1, " "1, " "1, " "1, " "1, " "1, " "1, " "1, " "1, " "1, " "1, " "1, " "1, " "1, " "1, " "1, " "1, " "1, " "1, " "1, " "1, " "1, " "1, " "1, " "1, " "1, " "1, " "1, " "0, " "1, " "1, " "1, " "1, " "1, " "1, " "1, " "1, " "1, " "1, " "1, " "1, " "1, " "1, " "1, " "1, " "1, " "1, " "1, " "1, " "1, " "1, " "1, " "1, " "1, " "1, " "1, " "1, " "1, " "1, " "1, " "1, " "1, " "1, " "1, " "1, " "1, " "1, " "1, " "1, " "1, " "1, " "1, " "1, " "1, " "1, " "1, " "1, " "1, " "1, " "1, " "1, " "1, " "1, " "1, " "1, " "1, " "1, " "1, " "1, " "1, " "1, " "1, " "1, " "1, " "1, " "1, " "1, " "1, " "1, " "1, " "1, " "1, " "1, " "1, " "1, " "1, " "1, " "1, " "1, " "1, " "1, " "1, " "1, " "1, " "1, " "1, " "1, " "1, " "1, " "1, " "1, " "1, " "1, " "1, " "1, " "1, " "1, " "1, " "1, " "1, " "1, " "1, " "1, " "1, " "1, " "1, " "1, " "1, " "1, " "1, " "1, "204
 "Nei401, 0.004, " "0.015, " "1, " "1, " "1, " "1, " "1, " "1, " "1, " "1, " "1, " "1, " "1, " "1, " "1, " "1, " "1, " "1, " "1, " "1, " "1, " "1, " "1, " "1, " "1, " "1, " "1, " "1, " "1, " "1, " "1, " "1, " "1, " "1, " "1, " "1, " "1, " "1, " "1, " "1, " "1, " "1, " "1, " "1, " "1, " "1, " "1, " "1, " "1, " "1, " "1, " "1, " "1, " "1, " "1, " "1, " "1, " "1, " "1, " "1, " "1, " "1, " "1, " "1, " "1, " "1, " "1, " "1, " "1, " "1, " "1, " "1, " "1, " "1, " "1, " "1, " "1, " "1, " "1, " "1, " "1, " "1, " "1, " "1, " "1, " "1, " "1, " "1, " "1, " "1, " "1, " "1, " "1, " "1, " "1, " "1, " "1, " "1, " "1, " "1, " "1, " "1, " "1, " "1, " "1, " "1, " "1, " "1, " "1, " "1, " "1, " "1, " "1, " "1, " "1, " "1, " "1, " "1, " "1, " "1, " "1, " "1, " "1, " "1, " "1, " "1, " "1, " "1, " "1, " "1, " "1, " "1, " "1, " "1, " "1, " "1, " "1, " "1, " "1, " "1, " "1, " "1, " "1, " "1, " "1, " "1, " "1, " "1, " "1, " "1, " "1, " "1, " "1, " "1, " "1, " "1, " "1, " "1, " "1, " "1, " "1, " "1, " "1, " "1, " "1, " "1, " "1, " "1, " "1, " "1, " "1, " "1, " "1, " "1, " "1, " "1, " "1, " "1, " "1, " "1, " "1, " "1, " "1, " "1, " "1, " "1, " "1, " "1, " "1, " "1, " "1, " "1, " "1, " "1, " "1, " "1, " "1, " "1, " "1, " "1, " "1, " "1, " "1, " "1, " "1, " "1, " "1, " "1, " "1, " "1, " "1, " "1, " "1, " "1, " "1, " "1, " "1, " "1, " "1, " "1, " "1, " "1, " "1, " "1, " "1, " "1, " "1, " "1, " "1, " "1, " "1, " "1, " "1, " "1, " "1, " "1, " "1, " "1, " "1, " "1, " "1, " "1, " "1, " "1, " "1, " "1, " "1, " "1, " "1, " "1, " "1, " "1, " "1, " "1, " "1, " "1, " "1, " "1, " "1, " "1, " "1, " "1, " "1, " "1, " "1, " "1, " "1, " "1, " "1, " "1, " "1, " "1, " "1, " "1, " "1, " "1, " "1, " "1, " "1, " "1, " "1, " "1, " "1, " "1, " "1, " "1, " "1, " "1, " "1, " "1, " "1, " "1, " "1, " "1, " "1, " "1, " "1, " "1, " "1, " "1, " "1, " "1, " "1, " "1, " "1, " "1, " "1, " "1, " "1, " "1, " "1, " "1, " "1, " "1, " "1, " "1, " "1, " "1, " "1, " "1, " "1, " "1, " "1, " "1, " "1, " "1, " "1, " "1, " "1, " "1, " "1, " "1, " "1, " "1, " "1, " "1, " "1, " "1, " "1, " "1, " "1, " "1, " "1, " "1, " "1, " "1, " "1, " "1, " "1, " "1, " "1, " "1, " "1, " "1, " "1, " "1, " "1, " "1, " "1, " "1, " "1, " "1, " "1, " "1, " "1, " "1, " "1, " "1, " "1, " "1, " "1, " "1, " "1, " "1, " "1, " "1, " "1, " "1, " "1, " "1, " "1, " "1, " "1, " "1, " "1, " "1, " "1, " "1, " "1, " "1, " "1, " "1, " "1, " "1, " "1, " "1, " "1, " "1, " "1, " "1, " "1, " "1, " "1, " "0, " "1, " "1, " "1, " "1, " "1, " "1, " "1, " "1, " "1, " "1, " "1, " "1, " "1, " "1, " "1, " "1, " "1, " "1, " "1, " "1, " "1, " "1, " "1, " "1, " "1, " "1, " "1, " "1, " "1, " "1, " "1, " "1, " "1, " "1, " "1, " "1, " "1, " "1, " "1, " "1, " "1, " "1, " "1, " "1, " "1, " "1, " "1, " "1, " "1, " "1, " "1, " "1, " "1, " "1, " "1, " "1, " "1, " "1, " "1, " "1, " "1, " "1, " "1, " "1, " "1, " "1, " "1, " "1, " "1, " "1, " "1, " "1, " "1, " "1, " "1, " "1, " "1, " "1, " "1, " "1, " "1, " "1, " "1, " "1, " "1, " "1, " "1, " "1, " "1, " "1, " "1, " "1, " "1, " "1, " "1, " "1, " "1, " "1, " "1, " "1, " "1, " "1, " "1, " "1, " "1, " "1, " "1, " "1, " "1, " "1, " "1, "204
 "Nei402, 0.112, " "0.015, " "1, " "1, " "1, " "1, " "1, " "1, " "1, " "1, " "1, " "1, " "1, " "1, " "1, " "1, " "1, " "1, " "1, " "1, " "1, " "1, " "1, " "1, " "1, " "1, " "1, " "1, " "1, " "1, " "1, " "1, " "1, " "1, " "1, " "1, " "1, " "1, " "1, " "1, " "1, " "1, " "1, " "1, " "1, " "1, " "1, " "1, " "1, " "1, " "1, " "1, " "1, " "1, " "1, " "1, " "1, " "1, " "1, " "1, " "1, " "1, " "1, " "1, " "1, " "1, " "1, " "1, " "1, " "1, " "1, " "1, " "1, " "1, " "1, " "1, " "1, " "1, " "1, " "1, " "1, " "1, " "1, " "1, " "1, " "1, " "1, " "1, " "1, " "1, " "1, " "1, " "1, " "1, " "1, " "1, " "1, " "1, " "1, " "1, " "1, " "1, " "1, " "1, " "1, " "1, " "1, " "1, " "1, " "1, " "1, " "1, " "1, " "1, " "1, " "1, " "1, " "1, " "1, " "1, " "1, " "1, " "1, " "1, " "1, " "1, " "1, " "1, " "1, " "1, " "1, " "1, " "1, " "1, " "1, " "1, " "1, " "1, " "1, " "1, " "1, " "1, " "1, " "1, " "1, " "1, " "1, " "1, " "1, " "1, " "1, " "1, " "1, " "1, " "1, " "1, " "1, " "1, " "1, " "1, " "1, " "1, " "1, " "1, " "1, " "1, " "1, " "1, " "1, " "1, " "1, " "1, " "1, " "1, " "1, " "1, " "1, " "1, " "1, " "1, " "1, " "1, " "1, " "1, " "1, " "1, " "1, " "1, " "1, " "1, " "1, " "1, " "1, " "1, " "1, " "1, " "1, " "1, " "1, " "1, " "1, " "1, " "1, " "1, " "1, " "1, " "1, " "1, " "1, " "1, " "1, " "1, " "1, " "1, " "1, " "1, " "1, " "1, " "1, " "1, " "1, " "1, " "1, " "1, " "1, " "1, " "1, " "1, " "1, " "1, " "1, " "1, " "1, " "1, " "1, " "1, " "1, " "1, " "1, " "1, " "1, " "1, " "1, " "1, " "1, " "1, " "1, " "1, " "1, " "1, " "1, " "1, " "1, " "1, " "1, " "1, " "1, " "1, " "1, " "1, " "1, " "1, " "1, " "1, " "1, " "1, " "1, " "1, " "1, " "1, " "1, " "1, " "1, " "1, " "1, " "1, " "1, " "1, " "1, " "1, " "1, " "1, " "1, " "1, " "1, " "1, " "1, " "1, " "1, " "1, " "1, " "1, " "1, " "1, " "1, " "1, " "1, " "1, " "1, " "1, " "1, " "1, " "1, " "1, " "1, " "1, " "1, " "1, " "1, " "1, " "1, " "1, " "1, " "1, " "1, " "1, " "1, " "1, " "1, " "1, " "1, " "1, " "1, " "1, " "1, " "1, " "1, " "1, " "1, " "1, " "1, " "1, " "1, " "1, " "1, " "1, " "1, " "1, " "1, " "1, " "1, " "1, " "1, " "1, " "1, " "1, " "1, " "1, " "1, " "1, " "1, " "1, " "1, " "1, " "1, " "1, " "1, " "1, " "1, " "1, " "1, " "1, " "1, " "1, " "1, " "1, " "1, " "1, " "1, " "1, " "1, " "1, " "1, " "1, " "1, " "1, " "1, " "1, " "1, " "1, " "1, " "1, " "1, " "1, " "1, " "1, " "1, " "1, " "1, " "1, " "1, " "1, " "1, " "1, " "1, " "1, " "1, " "1, " "1, " "1, " "1, " "1, " "1, " "1, " "0, " "1, " "1, " "1, " "1, " "1, " "1, " "1, " "1, " "1, " "1, " "1, " "1, " "1, " "1, " "1, " "1, " "1, " "1, " "1, " "1, " "1, " "1, " "1, " "1, " "1, " "1, " "1, " "1, " "1, " "1, " "1, " "1, " "1, " "1, " "1, " "1, " "1, " "1, " "1, " "1, " "1, " "1, " "1, " "1, " "1, " "1, " "1, " "1, " "1, " "1, " "1, " "1, " "1, " "1, " "1, " "1, " "1, " "1, " "1, " "1, " "1, " "1, " "1, " "1, " "1, " "1, " "1, " "1, " "1, " "1, " "1, " "1, " "1, " "1, " "1, " "1, " "1, " "1, " "1, " "1, " "1, " "1, " "1, " "1, " "1, " "1, " "1, " "1, " "1, " "1, " "1, " "1, " "1, " "1, " "1, " "1, " "1, " "1, " "1, " "1, " "1, " "1, " "1, " "1, " "1, " "1, " "1, " "1, " "1, " "1, "204
 "Nei403, 0.297, " "0.015, " "1, " "1, " "1, " "1, " "1, " "1, " "1, " "1, " "1, " "1, " "1, " "1, " "1, " "1, " "1, " "1, " "1, " "1, " "1, " "1, " "1, " "1, " "1, " "1, " "1, " "1, " "1, " "1, " "1, " "1, " "1, " "1, " "1, " "1, " "1, " "1, " "1, " "1, " "1, " "1, " "1, " "1, " "1, " "1, " "1, " "1, " "1, " "1, " "1, " "1, " "1, " "1, " "1, " "1, " "1, " "1, " "1, " "1, " "1, " "1, " "1, " "1, " "1, " "1, " "1, " "1, " "1, " "1, " "1, " "1, " "1, " "1, " "1, " "1, " "1, " "1, " "1, " "1, " "1, " "1, " "1, " "1, " "1, " "1, " "1, " "1, " "1, " "1, " "1, " "1, " "1, " "1, " "1, " "1, " "1, " "1, " "1, " "1, " "1, " "1, " "1, " "1, " "1, " "1, " "1, " "1, " "1, " "1, " "1, " "1, " "1, " "1, " "1, " "1, " "1, " "1, " "1, " "1, " "1, " "1, " "1, " "1, " "1, " "1, " "1, " "1, " "1, " "1, " "1, " "1, " "1, " "1, " "1, " "1, " "1, " "1, " "1, " "1, " "1, " "1, " "1, " "1, " "1, " "1, " "1, " "1, " "1, " "1, " "1, " "1, " "1, " "1, " "1, " "1, " "1, " "1, " "1, " "1, " "1, " "1, " "1, " "1, " "1, " "1, " "1, " "1, " "1, " "1, " "1, " "1, " "1, " "1, " "1, " "1, " "1, " "1, " "1, " "1, " "1, " "1, " "1, " "1, " "1, " "1, " "1, " "1, " "1, " "1, " "1, " "1, " "1, " "1, " "1, " "1, " "1, " "1, " "1, " "1, " "1, " "1, " "1, " "1, " "1, " "1, " "1, " "1, " "1, " "1, " "1, " "1, " "1, " "1, " "1, " "1, " "1, " "1, " "1, " "1, " "1, " "1, " "1, " "1, " "1, " "1, " "1, " "1, " "1, " "1, " "1, " "1, " "1, " "1, " "1, " "1, " "1, " "1, " "1, " "1, " "1, " "1, " "1, " "1, " "1, " "1, " "1, " "1, " "1, " "1, " "1, " "1, " "1, " "1, " "1, " "1, " "1, " "1, " "1, " "1, " "1, " "1, " "1, " "1, " "1, " "1, " "1, " "1, " "1, " "1, " "1, " "1, " "1, " "1, " "1, " "1, " "1, " "1, " "1, " "1, " "1, " "1, " "1, " "1, " "1, " "1, " "1, " "1, " "1, " "1, " "1, " "1, " "1, " "1, " "1, " "1, " "1, " "1, " "1, " "1, " "1, " "1, " "1, " "1, " "1, " "1, " "1, " "1, " "1, " "1, " "1, " "1, " "1, " "1, " "1, " "1, " "1, " "1, " "1, " "1, " "1, " "1, " "1, " "1, " "1, " "1, " "1, " "1, " "1, " "1, " "1, " "1, " "1, " "1, " "1, " "1, " "1, " "1, " "1, " "1, " "1, " "1, " "1, " "1, " "1, " "1, " "1, " "1, " "1, " "1, " "1, " "1, " "1, " "1, " "1, " "1, " "1, " "1, " "1, " "1, " "1, " "1, " "1, " "1, " "1, " "1, " "1, " "1, " "1, " "1, " "1, " "1, " "1, " "1, " "1, " "1, " "1, " "1, " "1, " "1, " "1, " "1, " "1, " "1, " "1, " "1, " "1, " "1, " "1, " "1, " "1, " "1, " "1, " "1, " "1, " "1, " "1, " "1, " "1, " "1, " "1, " "1, " "1, " "1, " "1, " "0, " "1, " "1, " "1, " "1, " "1, " "1, " "1, " "1, " "1, " "1, " "1, " "1, " "1, " "1, " "1, " "1, " "1, " "1, " "1, " "1, " "1, " "1, " "1, " "1, " "1, " "1, " "1, " "1, " "1, " "1, " "1, " "1, " "1, " "1, " "1, " "1, " "1, " "1, " "1, " "1, " "1, " "1, " "1, " "1, " "1, " "1, " "1, " "1, " "1, " "1, " "1, " "1, " "1, " "1, " "1, " "1, " "1, " "1, " "1, " "1, " "1, " "1, " "1, " "1, " "1, " "1, " "1, " "1, " "1, " "1, " "1, " "1, " "1, " "1, " "1, " "1, " "1, " "1, " "1, " "1, " "1, " "1, " "1, " "1, " "1, " "1, " "1, " "1, " "1, " "1, " "1, " "1, " "1, " "1, " "1, " "1, " "1, " "1, " "1, " "1, " "1, " "1, " "1, " "1, " "1, " "1, " "1, " "1, " "1, "204
 "Nei404, 0.296, " "0.015, " "1, " "1, " "1, " "1, " "1, " "1, " "1, " "1, " "1, " "1, " "1, " "1, " "1, " "1, " "1, " "1, " "1, " "1, " "1, " "1, " "1, " "1, " "1, " "1, " "1, " "1, " "1, " "1, " "1, " "1, " "1, " "1, " "1, " "1, " "1, " "1, " "1, " "1, " "1, " "1, " "1, " "1, " "1, " "1, " "1, " "1, " "1, " "1, " "1, " "1, " "1, " "1, " "1, " "1, " "1, " "1, " "1, " "1, " "1, " "1, " "1, " "1, " "1, " "1, " "1, " "1, " "1, " "1, " "1, " "1, " "1, " "1, " "1, " "1, " "1, " "1, " "1, " "1, " "1, " "1, " "1, " "1, " "1, " "1, " "1, " "1, " "1, " "1, " "1, " "1, " "1, " "1, " "1, " "1, " "1, " "1, " "1, " "1, " "1, " "1, " "1, " "1, " "1, " "1, " "1, " "1, " "1, " "1, " "1, " "1, " "1, " "1, " "1, " "1, " "1, " "1, " "1, " "1, " "1, " "1, " "1, " "1, " "1, " "1, " "1, " "1, " "1, " "1, " "1, " "1, " "1, " "1, " "1, " "1, " "1, " "1, " "1, " "1, " "1, " "1, " "1, " "1, " "1, " "1, " "1, " "1, " "1, " "1, " "1, " "1, " "1, " "1, " "1, " "1, " "1, " "1, " "1, " "1, " "1, " "1, " "1, " "1, " "1, " "1, " "1, " "1, " "1, " "1, " "1, " "1, " "1, " "1, " "1, " "1, " "1, " "1, " "1, " "1, " "1, " "1, " "1, " "1, " "1, " "1, " "1, " "1, " "1, " "1, " "1, " "1, " "1, " "1, " "1, " "1, " "1, " "1, " "1, " "1, " "1, " "1, " "1, " "1, " "1, " "1, " "1, " "1, " "1, " "1, " "1, " "1, " "1, " "1, " "1, " "1, " "1, " "1, " "1, " "1, " "1, " "1, " "1, " "1, " "1, " "1, " "1, " "1, " "1, " "1, " "1, " "1, " "1, " "1, " "1, " "1, " "1, " "1, " "1, " "1, " "1, " "1, " "1, " "1, " "1, " "1, " "1, " "1, " "1, " "1, " "1, " "1, " "1, " "1, " "1, " "1, " "1, " "1, " "1, " "1, " "1, " "1, " "1, " "1, " "1, " "1, " "1, " "1, " "1, " "1, " "1, " "1, " "1, " "1, " "1, " "1, " "1, " "1, " "1, " "1, " "1, " "1, " "1, " "1, " "1, " "1, " "1, " "1, " "1, " "1, " "1, " "1, " "1, " "1, " "1, " "1, " "1, " "1, " "1, " "1, " "1, " "1, " "1, " "1, " "1, " "1, " "1, " "1, " "1, " "1, " "1, " "1, " "1, " "1, " "1, " "1, " "1, " "1, " "1, " "1, " "1, " "1, " "1, " "1, " "1, " "1, " "1, " "1, " "1, " "1, " "1, " "1, " "1, " "1, " "1, " "1, " "1, " "1, " "1, " "1, " "1, " "1, " "1, " "1, " "1, " "1, " "1, " "1, " "1, " "1, " "1, " "1, " "1, " "1, " "1, " "1, " "1, " "1, " "1, " "1, " "1, " "1, " "1, " "1, " "1, " "1, " "1, " "1, " "1, " "1, " "1, " "1, " "1, " "1, " "1, " "1, " "1, " "1, " "1, " "1, " "1, " "1, " "1, " "1, " "1, " "1, " "1, " "1, " "1, " "1, " "1, " "1, " "1, " "1, " "1, " "1, " "1, " "1, " "1, " "1, " "1, " "1, " "1, " "1, " "1, " "1, " "0, " "1, " "1, " "1, " "1, " "1, " "1, " "1, " "1, " "1, " "1, " "1, " "1, " "1, " "1, " "1, " "1, " "1, " "1, " "1, " "1, " "1, " "1, " "1, " "1, " "1, " "1, " "1, " "1, " "1, " "1, " "1, " "1, " "1, " "1, " "1, " "1, " "1, " "1, " "1, " "1, " "1, " "1, " "1, " "1, " "1, " "1, " "1, " "1, " "1, " "1, " "1, " "1, " "1, " "1, " "1, " "1, " "1, " "1, " "1, " "1, " "1, " "1, " "1, " "1, " "1, " "1, " "1, " "1, " "1, " "1, " "1, " "1, " "1, " "1, " "1, " "1, " "1, " "1, " "1, " "1, " "1, " "1, " "1, " "1, " "1, " "1, " "1, " "1, " "1, " "1, " "1, " "1, " "1, " "1, " "1, " "1, " "1, " "1, " "1, " "1, " "1, " "1, " "1, " "1, " "1, " "1, " "1, " "1, "204
 "Nei405, 0.191, " "0.015, " "1, " "1, " "1, " "1, " "1, " "1, " "1, " "1, " "1, " "1, " "1, " "1, " "1, " "1, " "1, " "1, " "1, " "1, " "1, " "1, " "1, " "1, " "1, " "1, " "1, " "1, " "1, " "1, " "1, " "1, " "1, " "1, " "1, " "1, " "1, " "1, " "1, " "1, " "1, " "1, " "1, " "1, " "1, " "1, " "1, " "1, " "1, " "1, " "1, " "1, " "1, " "1, " "1, " "1, " "1, " "1, " "1, " "1, " "1, " "1, " "1, " "1, " "1, " "1, " "1, " "1, " "1, " "1, " "1, " "1, " "1, " "1, " "1, " "1, " "1, " "1, " "1, " "1, " "1, " "1, " "1, " "1, " "1, " "1, " "1, " "1, " "1, " "1, " "1, " "1, " "1, " "1, " "1, " "1, " "1, " "1, " "1, " "1, " "1, " "1, " "1, " "1, " "1, " "1, " "1, " "1, " "1, " "1, " "1, " "1, " "1, " "1, " "1, " "1, " "1, " "1, " "1, " "1, " "1, " "1, " "1, " "1, " "1, " "1, " "1, " "1, " "1, " "1, " "1, " "1, " "1, " "1, " "1, " "1, " "1, " "1, " "1, " "1, " "1, " "1, " "1, " "1, " "1, " "1, " "1, " "1, " "1, " "1, " "1, " "1, " "1, " "1, " "1, " "1, " "1, " "1, " "1, " "1, " "1, " "1, " "1, " "1, " "1, " "1, " "1, " "1, " "1, " "1, " "1, " "1, " "1, " "1, " "1, " "1, " "1, " "1, " "1, " "1, " "1, " "1, " "1, " "1, " "1, " "1, " "1, " "1, " "1, " "1, " "1, " "1, " "1, " "1, " "1, " "1, " "1, " "1, " "1, " "1, " "1, " "1, " "1, " "1, " "1, " "1, " "1, " "1, " "1, " "1, " "1, " "1, " "1, " "1, " "1, " "1, " "1, " "1, " "1, " "1, " "1, " "1, " "1, " "1, " "1, " "1, " "1, " "1, " "1, " "1, " "1, " "1, " "1, " "1, " "1, " "1, " "1, " "1, " "1, " "1, " "1, " "1, " "1, " "1, " "1, " "1, " "1, " "1, " "1, " "1, " "1, " "1, " "1, " "1, " "1, " "1, " "1, " "1, " "1, " "1, " "1, " "1, " "1, " "1, " "1, " "1, " "1, " "1, " "1, " "1, " "1, " "1, " "1, " "1, " "1, " "1, " "1, " "1, " "1, " "1, " "1, " "1, " "1, " "1, " "1, " "1, " "1, " "1, " "1, " "1, " "1, " "1, " "1, " "1, " "1, " "1, " "1, " "1, " "1, " "1, " "1, " "1, " "1, " "1, " "1, " "1, " "1, " "1, " "1, " "1, " "1, " "1, " "1, " "1, " "1, " "1, " "1, " "1, " "1, " "1, " "1, " "1, " "1, " "1, " "1, " "1, " "1, " "1, " "1, " "1, " "1, " "1, " "1, " "1, " "1, " "1, " "1, " "1, " "1, " "1, " "1, " "1, " "1, " "1, " "1, " "1, " "1, " "1, " "1, " "1, " "1, " "1, " "1, " "1, " "1, " "1, " "1, " "1, " "1, " "1, " "1, " "1, " "1, " "1, " "1, " "1, " "1, " "1, " "1, " "1, " "1, " "1, " "1, " "1, " "1, " "1, " "1, " "1, " "1, " "1, " "1, " "1, " "1, " "1, " "1, " "1, " "1, " "1, " "1, " "1, " "1, " "1, " "1, " "1, " "1, " "1, " "1, " "1, " "1, " "1, " "1, " "1, " "1, " "1, " "1, " "1, " "1, " "0, " "1, " "1, " "1, " "1, " "1, " "1, " "1, " "1, " "1, " "1, " "1, " "1, " "1, " "1, " "1, " "1, " "1, " "1, " "1, " "1, " "1, " "1, " "1, " "1, " "1, " "1, " "1, " "1, " "1, " "1, " "1, " "1, " "1, " "1, " "1, " "1, " "1, " "1, " "1, " "1, " "1, " "1, " "1, " "1, " "1, " "1, " "1, " "1, " "1, " "1, " "1, " "1, " "1, " "1, " "1, " "1, " "1, " "1, " "1, " "1, " "1, " "1, " "1, " "1, " "1, " "1, " "1, " "1, " "1, " "1, " "1, " "1, " "1, " "1, " "1, " "1, " "1, " "1, " "1, " "1, " "1, " "1, " "1, " "1, " "1, " "1, " "1, " "1, " "1, " "1, " "1, " "1, " "1, " "1, " "1, " "1, " "1, " "1, " "1, " "1, " "1, " "1, " "1, " "1, " "1, " "1, " "1, "204
 "Nei406, 0.216, " "0.015, " "1, " "1, " "1, " "1, " "1, " "1, " "1, " "1, " "1, " "1, " "1, " "1, " "1, " "1, " "1, " "1, " "1, " "1, " "1, " "1, " "1, " "1, " "1, " "1, " "1, " "1, " "1, " "1, " "1, " "1, " "1, " "1, " "1, " "1, " "1, " "1, " "1, " "1, " "1, " "1, " "1, " "1, " "1, " "1, " "1, " "1, " "1, " "1, " "1, " "1, " "1, " "1, " "1, " "1, " "1, " "1, " "1, " "1, " "1, " "1, " "1, " "1, " "1, " "1, " "1, " "1, " "1, " "1, " "1, " "1, " "1, " "1, " "1, " "1, " "1, " "1, " "1, " "1, " "1, " "1, " "1, " "1, " "1, " "1, " "1, " "1, " "1, " "1, " "1, " "1, " "1, " "1, " "1, " "1, " "1, " "1, " "1, " "1, " "1, " "1, " "1, " "1, " "1, " "1, " "1, " "1, " "1, " "1, " "1, " "1, " "1, " "1, " "1, " "1, " "1, " "1, " "1, " "1, " "1, " "1, " "1, " "1, " "1, " "1, " "1, " "1, " "1, " "1, " "1, " "1, " "1, " "1, " "1, " "1, " "1, " "1, " "1, " "1, " "1, " "1, " "1, " "1, " "1, " "1, " "1, " "1, " "1, " "1, " "1, " "1, " "1, " "1, " "1, " "1, " "1, " "1, " "1, " "1, " "1, " "1, " "1, " "1, " "1, " "1, " "1, " "1, " "1, " "1, " "1, " "1, " "1, " "1, " "1, " "1, " "1, " "1, " "1, " "1, " "1, " "1, " "1, " "1, " "1, " "1, " "1, " "1, " "1, " "1, " "1, " "1, " "1, " "1, " "1, " "1, " "1, " "1, " "1, " "1, " "1, " "1, " "1, " "1, " "1, " "1, " "1, " "1, " "1, " "1, " "1, " "1, " "1, " "1, " "1, " "1, " "1, " "1, " "1, " "1, " "1, " "1, " "1, " "1, " "1, " "1, " "1, " "1, " "1, " "1, " "1, " "1, " "1, " "1, " "1, " "1, " "1, " "1, " "1, " "1, " "1, " "1, " "1, " "1, " "1, " "1, " "1, " "1, " "1, " "1, " "1, " "1, " "1, " "1, " "1, " "1, " "1, " "1, " "1, " "1, " "1, " "1, " "1, " "1, " "1, " "1, " "1, " "1, " "1, " "1, " "1, " "1, " "1, " "1, " "1, " "1, " "1, " "1, " "1, " "1, " "1, " "1, " "1, " "1, " "1, " "1, " "1, " "1, " "1, " "1, " "1, " "1, " "1, " "1, " "1, " "1, " "1, " "1, " "1, " "1, " "1, " "1, " "1, " "1, " "1, " "1, " "1, " "1, " "1, " "1, " "1, " "1, " "1, " "1, " "1, " "1, " "1, " "1, " "1, " "1, " "1, " "1, " "1, " "1, " "1, " "1, " "1, " "1, " "1, " "1, " "1, " "1, " "1, " "1, " "1, " "1, " "1, " "1, " "1, " "1, " "1, " "1, " "1, " "1, " "1, " "1, " "1, " "1, " "1, " "1, " "1, " "1, " "1, " "1, " "1, " "1, " "1, " "1, " "1, " "1, " "1, " "1, " "1, " "1, " "1, " "1, " "1, " "1, " "1, " "1, " "1, " "1, " "1, " "1, " "1, " "1, " "1, " "1, " "1, " "1, " "1, " "1, " "1, " "1, " "1, " "1, " "1, " "1, " "1, " "1, " "1, " "1, " "1, " "1, " "1, " "1, " "1, " "1, " "1, " "1, " "1, " "1, " "1, " "1, " "1, " "1, " "1, " "1, " "0, " "1, " "1, " "1, " "1, " "1, " "1, " "1, " "1, " "1, " "1, " "1, " "1, " "1, " "1, " "1, " "1, " "1, " "1, " "1, " "1, " "1, " "1, " "1, " "1, " "1, " "1, " "1, " "1, " "1, " "1, " "1, " "1, " "1, " "1, " "1, " "1, " "1, " "1, " "1, " "1, " "1, " "1, " "1, " "1, " "1, " "1, " "1, " "1, " "1, " "1, " "1, " "1, " "1, " "1, " "1, " "1, " "1, " "1, " "1, " "1, " "1, " "1, " "1, " "1, " "1, " "1, " "1, " "1, " "1, " "1, " "1, " "1, " "1, " "1, " "1, " "1, " "1, " "1, " "1, " "1, " "1, " "1, " "1, " "1, " "1, " "1, " "1, " "1, " "1, " "1, " "1, " "1, " "1, " "1, " "1, " "1, " "1, " "1, " "1, " "1, " "1, " "1, " "1, " "1, " "1, " "1, "204
 "Nei407, 0.286, " "0.015, " "1, " "1, " "1, " "1, " "1, " "1, " "1, " "1, " "1, " "1, " "1, " "1, " "1, " "1, " "1, " "1, " "1, " "1, " "1, " "1, " "1, " "1, " "1, " "1, " "1, " "1, " "1, " "1, " "1, " "1, " "1, " "1, " "1, " "1, " "1, " "1, " "1, " "1, " "1, " "1, " "1, " "1, " "1, " "1, " "1, " "1, " "1, " "1, " "1, " "1, " "1, " "1, " "1, " "1, " "1, " "1, " "1, " "1, " "1, " "1, " "1, " "1, " "1, " "1, " "1, " "1, " "1, " "1, " "1, " "1, " "1, " "1, " "1, " "1, " "1, " "1, " "1, " "1, " "1, " "1, " "1, " "1, " "1, " "1, " "1, " "1, " "1, " "1, " "1, " "1, " "1, " "1, " "1, " "1, " "1, " "1, " "1, " "1, " "1, " "1, " "1, " "1, " "1, " "1, " "1, " "1, " "1, " "1, " "1, " "1, " "1, " "1, " "1, " "1, " "1, " "1, " "1, " "1, " "1, " "1, " "1, " "1, " "1, " "1, " "1, " "1, " "1, " "1, " "1, " "1, " "1, " "1, " "1, " "1, " "1, " "1, " "1, " "1, " "1, " "1, " "1, " "1, " "1, " "1, " "1, " "1, " "1, " "1, " "1, " "1, " "1, " "1, " "1, " "1, " "1, " "1, " "1, " "1, " "1, " "1, " "1, " "1, " "1, " "1, " "1, " "1, " "1, " "1, " "1, " "1, " "1, " "1, " "1, " "1, " "1, " "1, " "1, " "1, " "1, " "1, " "1, " "1, " "1, " "1, " "1, " "1, " "1, " "1, " "1, " "1, " "1, " "1, " "1, " "1, " "1, " "1, " "1, " "1, " "1, " "1, " "1, " "1, " "1, " "1, " "1, " "1, " "1, " "1, " "1, " "1, " "1, " "1, " "1, " "1, " "1, " "1, " "1, " "1, " "1, " "1, " "1, " "1, " "1, " "1, " "1, " "1, " "1, " "1, " "1, " "1, " "1, " "1, " "1, " "1, " "1, " "1, " "1, " "1, " "1, " "1, " "1, " "1, " "1, " "1, " "1, " "1, " "1, " "1, " "1, " "1, " "1, " "1, " "1, " "1, " "1, " "1, " "1, " "1, " "1, " "1, " "1, " "1, " "1, " "1, " "1, " "1, " "1, " "1, " "1, " "1, " "1, " "1, " "1, " "1, " "1, " "1, " "1, " "1, " "1, " "1, " "1, " "1, " "1, " "1, " "1, " "1, " "1, " "1, " "1, " "1, " "1, " "1, " "1, " "1, " "1, " "1, " "1, " "1, " "1, " "1, " "1, " "1, " "1, " "1, " "1, " "1, " "1, " "1, " "1, " "1, " "1, " "1, " "1, " "1, " "1, " "1, " "1, " "1, " "1, " "1, " "1, " "1, " "1, " "1, " "1, " "1, " "1, " "1, " "1, " "1, " "1, " "1, " "1, " "1, " "1, " "1, " "1, " "1, " "1, " "1, " "1, " "1, " "1, " "1, " "1, " "1, " "1, " "1, " "1, " "1, " "1, " "1, " "1, " "1, " "1, " "1, " "1, " "1, " "1, " "1, " "1, " "1, " "1, " "1, " "1, " "1, " "1, " "1, " "1, " "1, " "1, " "1, " "1, " "1, " "1, " "1, " "1, " "1, " "1, " "1, " "1, " "1, " "1, " "1, " "1, " "1, " "1, " "1, " "1, " "1, " "1, " "1, " "1, " "1, " "1, " "1, " "1, " "1, " "1, " "1, " "1, " "1, " "1, " "1, " "1, " "1, " "1, " "0, " "1, " "1, " "1, " "1, " "1, " "1, " "1, " "1, " "1, " "1, " "1, " "1, " "1, " "1, " "1, " "1, " "1, " "1, " "1, " "1, " "1, " "1, " "1, " "1, " "1, " "1, " "1, " "1, " "1, " "1, " "1, " "1, " "1, " "1, " "1, " "1, " "1, " "1, " "1, " "1, " "1, " "1, " "1, " "1, " "1, " "1, " "1, " "1, " "1, " "1, " "1, " "1, " "1, " "1, " "1, " "1, " "1, " "1, " "1, " "1, " "1, " "1, " "1, " "1, " "1, " "1, " "1, " "1, " "1, " "1, " "1, " "1, " "1, " "1, " "1, " "1, " "1, " "1, " "1, " "1, " "1, " "1, " "1, " "1, " "1, " "1, " "1, " "1, " "1, " "1, " "1, " "1, " "1, " "1, " "1, " "1, " "1, " "1, " "1, " "1, " "1, " "1, " "1, " "1, " "1, "204
 "Nei408, 0.006, " "0.015, " "1, " "1, " "1, " "1, " "1, " "1, " "1, " "1, " "1, " "1, " "1, " "1, " "1, " "1, " "1, " "1, " "1, " "1, " "1, " "1, " "1, " "1, " "1, " "1, " "1, " "1, " "1, " "1, " "1, " "1, " "1, " "1, " "1, " "1, " "1, " "1, " "1, " "1, " "1, " "1, " "1, " "1, " "1, " "1, " "1, " "1, " "1, " "1, " "1, " "1, " "1, " "1, " "1, " "1, " "1, " "1, " "1, " "1, " "1, " "1, " "1, " "1, " "1, " "1, " "1, " "1, " "1, " "1, " "1, " "1, " "1, " "1, " "1, " "1, " "1, " "1, " "1, " "1, " "1, " "1, " "1, " "1, " "1, " "1, " "1, " "1, " "1, " "1, " "1, " "1, " "1, " "1, " "1, " "1, " "1, " "1, " "1, " "1, " "1, " "1, " "1, " "1, " "1, " "1, " "1, " "1, " "1, " "1, " "1, " "1, " "1, " "1, " "1, " "1, " "1, " "1, " "1, " "1, " "1, " "1, " "1, " "1, " "1, " "1, " "1, " "1, " "1, " "1, " "1, " "1, " "1, " "1, " "1, " "1, " "1, " "1, " "1, " "1, " "1, " "1, " "1, " "1, " "1, " "1, " "1, " "1, " "1, " "1, " "1, " "1, " "1, " "1, " "1, " "1, " "1, " "1, " "1, " "1, " "1, " "1, " "1, " "1, " "1, " "1, " "1, " "1, " "1, " "1, " "1, " "1, " "1, " "1, " "1, " "1, " "1, " "1, " "1, " "1, " "1, " "1, " "1, " "1, " "1, " "1, " "1, " "1, " "1, " "1, " "1, " "1, " "1, " "1, " "1, " "1, " "1, " "1, " "1, " "1, " "1, " "1, " "1, " "1, " "1, " "1, " "1, " "1, " "1, " "1, " "1, " "1, " "1, " "1, " "1, " "1, " "1, " "1, " "1, " "1, " "1, " "1, " "1, " "1, " "1, " "1, " "1, " "1, " "1, " "1, " "1, " "1, " "1, " "1, " "1, " "1, " "1, " "1, " "1, " "1, " "1, " "1, " "1, " "1, " "1, " "1, " "1, " "1, " "1, " "1, " "1, " "1, " "1, " "1, " "1, " "1, " "1, " "1, " "1, " "1, " "1, " "1, " "1, " "1, " "1, " "1, " "1, " "1, " "1, " "1, " "1, " "1, " "1, " "1, " "1, " "1, " "1, " "1, " "1, " "1, " "1, " "1, " "1, " "1, " "1, " "1, " "1, " "1, " "1, " "1, " "1, " "1, " "1, " "1, " "1, " "1, " "1, " "1, " "1, " "1, " "1, " "1, " "1, " "1, " "1, " "1, " "1, " "1, " "1, " "1, " "1, " "1, " "1, " "1, " "1, " "1, " "1, " "1, " "1, " "1, " "1, " "1, " "1, " "1, " "1, " "1, " "1, " "1, " "1, " "1, " "1, " "1, " "1, " "1, " "1, " "1, " "1, " "1, " "1, " "1, " "1, " "1, " "1, " "1, " "1, " "1, " "1, " "1, " "1, " "1, " "1, " "1, " "1, " "1, " "1, " "1, " "1, " "1, " "1, " "1, " "1, " "1, " "1, " "1, " "1, " "1, " "1, " "1, " "1, " "1, " "1, " "1, " "1, " "1, " "1, " "1, " "1, " "1, " "1, " "1, " "1, " "1, " "1, " "1, " "1, " "1, " "1, " "1, " "1, " "1, " "1, " "1, " "1, " "1, " "1, " "1, " "1, " "1, " "1, " "1, " "1, " "1, " "1, " "1, " "1, " "1, " "1, " "1, " "1, " "1, " "0, " "1, " "1, " "1, " "1, " "1, " "1, " "1, " "1, " "1, " "1, " "1, " "1, " "1, " "1, " "1, " "1, " "1, " "1, " "1, " "1, " "1, " "1, " "1, " "1, " "1, " "1, " "1, " "1, " "1, " "1, " "1, " "1, " "1, " "1, " "1, " "1, " "1, " "1, " "1, " "1, " "1, " "1, " "1, " "1, " "1, " "1, " "1, " "1, " "1, " "1, " "1, " "1, " "1, " "1, " "1, " "1, " "1, " "1, " "1, " "1, " "1, " "1, " "1, " "1, " "1, " "1, " "1, " "1, " "1, " "1, " "1, " "1, " "1, " "1, " "1, " "1, " "1, " "1, " "1, " "1, " "1, " "1, " "1, " "1, " "1, " "1, " "1, " "1, " "1, " "1, " "1, " "1, " "1, " "1, " "1, " "1, " "1, " "1, " "1, " "1, " "1, " "1, " "1, " "1, "204
 "Nei409, 0.338, " "0.015, " "1, " "1, " "1, " "1, " "1, " "1, " "1, " "1, " "1, " "1, " "1, " "1, " "1, " "1, " "1, " "1, " "1, " "1, " "1, " "1, " "1, " "1, " "1, " "1, " "1, " "1, " "1, " "1, " "1, " "1, " "1, " "1, " "1, " "1, " "1, " "1, " "1, " "1, " "1, " "1, " "1, " "1, " "1, " "1, " "1, " "1, " "1, " "1, " "1, " "1, " "1, " "1, " "1, " "1, " "1, " "1, " "1, " "1, " "1, " "1, " "1, " "1, " "1, " "1, " "1, " "1, " "1, " "1, " "1, " "1, " "1, " "1, " "1, " "1, " "1, " "1, " "1, " "1, " "1, " "1, " "1, " "1, " "1, " "1, " "1, " "1, " "1, " "1, " "1, " "1, " "1, " "1, " "1, " "1, " "1, " "1, " "1, " "1, " "1, " "1, " "1, " "1, " "1, " "1, " "1, " "1, " "1, " "1, " "1, " "1, " "1, " "1, " "1, " "1, " "1, " "1, " "1, " "1, " "1, " "1, " "1, " "1, " "1, " "1, " "1, " "1, " "1, " "1, " "1, " "1, " "1, " "1, " "1, " "1, " "1, " "1, " "1, " "1, " "1, " "1, " "1, " "1, " "1, " "1, " "1, " "1, " "1, " "1, " "1, " "1, " "1, " "1, " "1, " "1, " "1, " "1, " "1, " "1, " "1, " "1, " "1, " "1, " "1, " "1, " "1, " "1, " "1, " "1, " "1, " "1, " "1, " "1, " "1, " "1, " "1, " "1, " "1, " "1, " "1, " "1, " "1, " "1, " "1, " "1, " "1, " "1, " "1, " "1, " "1, " "1, " "1, " "1, " "1, " "1, " "1, " "1, " "1, " "1, " "1, " "1, " "1, " "1, " "1, " "1, " "1, " "1, " "1, " "1, " "1, " "1, " "1, " "1, " "1, " "1, " "1, " "1, " "1, " "1, " "1, " "1, " "1, " "1, " "1, " "1, " "1, " "1, " "1, " "1, " "1, " "1, " "1, " "1, " "1, " "1, " "1, " "1, " "1, " "1, " "1, " "1, " "1, " "1, " "1, " "1, " "1, " "1, " "1, " "1, " "1, " "1, " "1, " "1, " "1, " "1, " "1, " "1, " "1, " "1, " "1, " "1, " "1, " "1, " "1, " "1, " "1, " "1, " "1, " "1, " "1, " "1, " "1, " "1, " "1, " "1, " "1, " "1, " "1, " "1, " "1, " "1, " "1, " "1, " "1, " "1, " "1, " "1, " "1, " "1, " "1, " "1, " "1, " "1, " "1, " "1, " "1, " "1, " "1, " "1, " "1, " "1, " "1, " "1, " "1, " "1, " "1, " "1, " "1, " "1, " "1, " "1, " "1, " "1, " "1, " "1, " "1, " "1, " "1, " "1, " "1, " "1, " "1, " "1, " "1, " "1, " "1, " "1, " "1, " "1, " "1, " "1, " "1, " "1, " "1, " "1, " "1, " "1, " "1, " "1, " "1, " "1, " "1, " "1, " "1, " "1, " "1, " "1, " "1, " "1, " "1, " "1, " "1, " "1, " "1, " "1, " "1, " "1, " "1, " "1, " "1, " "1, " "1, " "1, " "1, " "1, " "1, " "1, " "1, " "1, " "1, " "1, " "1, " "1, " "1, " "1, " "1, " "1, " "1, " "1, " "1, " "1, " "1, " "1, " "1, " "1, " "1, " "1, " "1, " "1, " "1, " "1, " "1, " "1, " "1, " "1, " "1, " "1, " "1, " "1, " "1, " "1, " "1, " "1, " "1, " "1, " "1, " "1, " "1, " "1, " "1, " "0, " "1, " "1, " "1, " "1, " "1, " "1, " "1, " "1, " "1, " "1, " "1, " "1, " "1, " "1, " "1, " "1, " "1, " "1, " "1, " "1, " "1, " "1, " "1, " "1, " "1, " "1, " "1, " "1, " "1, " "1, " "1, " "1, " "1, " "1, " "1, " "1, " "1, " "1, " "1, " "1, " "1, " "1, " "1, " "1, " "1, " "1, " "1, " "1, " "1, " "1, " "1, " "1, " "1, " "1, " "1, " "1, " "1, " "1, " "1, " "1, " "1, " "1, " "1, " "1, " "1, " "1, " "1, " "1, " "1, " "1, " "1, " "1, " "1, " "1, " "1, " "1, " "1, " "1, " "1, " "1, " "1, " "1, " "1, " "1, " "1, " "1, " "1, " "1, " "1, " "1, " "1, " "1, " "1, " "1, " "1, " "1, " "1, " "1, " "1, " "1, " "1, " "1, " "1, "204
 "Nei410, 0.31, " "0.015, " "1, " "1, " "1, " "1, " "1, " "1, " "1, " "1, " "1, " "1, " "1, " "1, " "1, " "1, " "1, " "1, " "1, " "1, " "1, " "1, " "1, " "1, " "1, " "1, " "1, " "1, " "1, " "1, " "1, " "1, " "1, " "1, " "1, " "1, " "1, " "1, " "1, " "1, " "1, " "1, " "1, " "1, " "1, " "1, " "1, " "1, " "1, " "1, " "1, " "1, " "1, " "1, " "1, " "1, " "1, " "1, " "1, " "1, " "1, " "1, " "1, " "1, " "1, " "1, " "1, " "1, " "1, " "1, " "1, " "1, " "1, " "1, " "1, " "1, " "1, " "1, " "1, " "1, " "1, " "1, " "1, " "1, " "1, " "1, " "1, " "1, " "1, " "1, " "1, " "1, " "1, " "1, " "1, " "1, " "1, " "1, " "1, " "1, " "1, " "1, " "1, " "1, " "1, " "1, " "1, " "1, " "1, " "1, " "1, " "1, " "1, " "1, " "1, " "1, " "1, " "1, " "1, " "1, " "1, " "1, " "1, " "1, " "1, " "1, " "1, " "1, " "1, " "1, " "1, " "1, " "1, " "1, " "1, " "1, " "1, " "1, " "1, " "1, " "1, " "1, " "1, " "1, " "1, " "1, " "1, " "1, " "1, " "1, " "1, " "1, " "1, " "1, " "1, " "1, " "1, " "1, " "1, " "1, " "1, " "1, " "1, " "1, " "1, " "1, " "1, " "1, " "1, " "1, " "1, " "1, " "1, " "1, " "1, " "1, " "1, " "1, " "1, " "1, " "1, " "1, " "1, " "1, " "1, " "1, " "1, " "1, " "1, " "1, " "1, " "1, " "1, " "1, " "1, " "1, " "1, " "1, " "1, " "1, " "1, " "1, " "1, " "1, " "1, " "1, " "1, " "1, " "1, " "1, " "1, " "1, " "1, " "1, " "1, " "1, " "1, " "1, " "1, " "1, " "1, " "1, " "1, " "1, " "1, " "1, " "1, " "1, " "1, " "1, " "1, " "1, " "1, " "1, " "1, " "1, " "1, " "1, " "1, " "1, " "1, " "1, " "1, " "1, " "1, " "1, " "1, " "1, " "1, " "1, " "1, " "1, " "1, " "1, " "1, " "1, " "1, " "1, " "1, " "1, " "1, " "1, " "1, " "1, " "1, " "1, " "1, " "1, " "1, " "1, " "1, " "1, " "1, " "1, " "1, " "1, " "1, " "1, " "1, " "1, " "1, " "1, " "1, " "1, " "1, " "1, " "1, " "1, " "1, " "1, " "1, " "1, " "1, " "1, " "1, " "1, " "1, " "1, " "1, " "1, " "1, " "1, " "1, " "1, " "1, " "1, " "1, " "1, " "1, " "1, " "1, " "1, " "1, " "1, " "1, " "1, " "1, " "1, " "1, " "1, " "1, " "1, " "1, " "1, " "1, " "1, " "1, " "1, " "1, " "1, " "1, " "1, " "1, " "1, " "1, " "1, " "1, " "1, " "1, " "1, " "1, " "1, " "1, " "1, " "1, " "1, " "1, " "1, " "1, " "1, " "1, " "1, " "1, " "1, " "1, " "1, " "1, " "1, " "1, " "1, " "1, " "1, " "1, " "1, " "1, " "1, " "1, " "1, " "1, " "1, " "1, " "1, " "1, " "1, " "1, " "1, " "1, " "1, " "1, " "1, " "1, " "1, " "1, " "1, " "1, " "1, " "1, " "1, " "1, " "1, " "1, " "1, " "1, " "1, " "1, " "1, " "1, " "1, " "1, " "1, " "1, " "1, " "1, " "1, " "1, " "1, " "1, " "1, " "1, " "1, " "1, " "1, " "0, " "1, " "1, " "1, " "1, " "1, " "1, " "1, " "1, " "1, " "1, " "1, " "1, " "1, " "1, " "1, " "1, " "1, " "1, " "1, " "1, " "1, " "1, " "1, " "1, " "1, " "1, " "1, " "1, " "1, " "1, " "1, " "1, " "1, " "1, " "1, " "1, " "1, " "1, " "1, " "1, " "1, " "1, " "1, " "1, " "1, " "1, " "1, " "1, " "1, " "1, " "1, " "1, " "1, " "1, " "1, " "1, " "1, " "1, " "1, " "1, " "1, " "1, " "1, " "1, " "1, " "1, " "1, " "1, " "1, " "1, " "1, " "1, " "1, " "1, " "1, " "1, " "1, " "1, " "1, " "1, " "1, " "1, " "1, " "1, " "1, " "1, " "1, " "1, " "1, " "1, " "1, " "1, " "1, " "1, " "1, " "1, " "1, " "1, " "1, " "1, " "1, " "1, "204
 "Nei411, 0.198, " "0.015, " "1, " "1, " "1, " "1, " "1, " "1, " "1, " "1, " "1, " "1, " "1, " "1, " "1, " "1, " "1, " "1, " "1, " "1, " "1, " "1, " "1, " "1, " "1, " "1, " "1, " "1, " "1, " "1, " "1, " "1, " "1, " "1, " "1, " "1, " "1, " "1, " "1, " "1, " "1, " "1, " "1, " "1, " "1, " "1, " "1, " "1, " "1, " "1, " "1, " "1, " "1, " "1, " "1, " "1, " "1, " "1, " "1, " "1, " "1, " "1, " "1, " "1, " "1, " "1, " "1, " "1, " "1, " "1, " "1, " "1, " "1, " "1, " "1, " "1, " "1, " "1, " "1, " "1, " "1, " "1, " "1, " "1, " "1, " "1, " "1, " "1, " "1, " "1, " "1, " "1, " "1, " "1, " "1, " "1, " "1, " "1, " "1, " "1, " "1, " "1, " "1, " "1, " "1, " "1, " "1, " "1, " "1, " "1, " "1, " "1, " "1, " "1, " "1, " "1, " "1, " "1, " "1, " "1, " "1, " "1, " "1, " "1, " "1, " "1, " "1, " "1, " "1, " "1, " "1, " "1, " "1, " "1, " "1, " "1, " "1, " "1, " "1, " "1, " "1, " "1, " "1, " "1, " "1, " "1, " "1, " "1, " "1, " "1, " "1, " "1, " "1, " "1, " "1, " "1, " "1, " "1, " "1, " "1, " "1, " "1, " "1, " "1, " "1, " "1, " "1, " "1, " "1, " "1, " "1, " "1, " "1, " "1, " "1, " "1, " "1, " "1, " "1, " "1, " "1, " "1, " "1, " "1, " "1, " "1, " "1, " "1, " "1, " "1, " "1, " "1, " "1, " "1, " "1, " "1, " "1, " "1, " "1, " "1, " "1, " "1, " "1, " "1, " "1, " "1, " "1, " "1, " "1, " "1, " "1, " "1, " "1, " "1, " "1, " "1, " "1, " "1, " "1, " "1, " "1, " "1, " "1, " "1, " "1, " "1, " "1, " "1, " "1, " "1, " "1, " "1, " "1, " "1, " "1, " "1, " "1, " "1, " "1, " "1, " "1, " "1, " "1, " "1, " "1, " "1, " "1, " "1, " "1, " "1, " "1, " "1, " "1, " "1, " "1, " "1, " "1, " "1, " "1, " "1, " "1, " "1, " "1, " "1, " "1, " "1, " "1, " "1, " "1, " "1, " "1, " "1, " "1, " "1, " "1, " "1, " "1, " "1, " "1, " "1, " "1, " "1, " "1, " "1, " "1, " "1, " "1, " "1, " "1, " "1, " "1, " "1, " "1, " "1, " "1, " "1, " "1, " "1, " "1, " "1, " "1, " "1, " "1, " "1, " "1, " "1, " "1, " "1, " "1, " "1, " "1, " "1, " "1, " "1, " "1, " "1, " "1, " "1, " "1, " "1, " "1, " "1, " "1, " "1, " "1, " "1, " "1, " "1, " "1, " "1, " "1, " "1, " "1, " "1, " "1, " "1, " "1, " "1, " "1, " "1, " "1, " "1, " "1, " "1, " "1, " "1, " "1, " "1, " "1, " "1, " "1, " "1, " "1, " "1, " "1, " "1, " "1, " "1, " "1, " "1, " "1, " "1, " "1, " "1, " "1, " "1, " "1, " "1, " "1, " "1, " "1, " "1, " "1, " "1, " "1, " "1, " "1, " "1, " "1, " "1, " "1, " "1, " "1, " "1, " "1, " "1, " "1, " "1, " "1, " "1, " "1, " "1, " "1, " "1, " "1, " "1, " "1, " "1, " "1, " "1, " "1, " "1, " "1, " "1, " "1, " "1, " "1, " "1, " "1, " "1, " "1, " "1, " "1, " "0, " "1, " "1, " "1, " "1, " "1, " "1, " "1, " "1, " "1, " "1, " "1, " "1, " "1, " "1, " "1, " "1, " "1, " "1, " "1, " "1, " "1, " "1, " "1, " "1, " "1, " "1, " "1, " "1, " "1, " "1, " "1, " "1, " "1, " "1, " "1, " "1, " "1, " "1, " "1, " "1, " "1, " "1, " "1, " "1, " "1, " "1, " "1, " "1, " "1, " "1, " "1, " "1, " "1, " "1, " "1, " "1, " "1, " "1, " "1, " "1, " "1, " "1, " "1, " "1, " "1, " "1, " "1, " "1, " "1, " "1, " "1, " "1, " "1, " "1, " "1, " "1, " "1, " "1, " "1, " "1, " "1, " "1, " "1, " "1, " "1, " "1, " "1, " "1, " "1, " "1, " "1, " "1, " "1, " "1, " "1, " "1, " "1, " "1, " "1, " "1, " "1, "204
 "Nei412, 0.249, " "0.015, " "1, " "1, " "1, " "1, " "1, " "1, " "1, " "1, " "1, " "1, " "1, " "1, " "1, " "1, " "1, " "1, " "1, " "1, " "1, " "1, " "1, " "1, " "1, " "1, " "1, " "1, " "1, " "1, " "1, " "1, " "1, " "1, " "1, " "1, " "1, " "1, " "1, " "1, " "1, " "1, " "1, " "1, " "1, " "1, " "1, " "1, " "1, " "1, " "1, " "1, " "1, " "1, " "1, " "1, " "1, " "1, " "1, " "1, " "1, " "1, " "1, " "1, " "1, " "1, " "1, " "1, " "1, " "1, " "1, " "1, " "1, " "1, " "1, " "1, " "1, " "1, " "1, " "1, " "1, " "1, " "1, " "1, " "1, " "1, " "1, " "1, " "1, " "1, " "1, " "1, " "1, " "1, " "1, " "1, " "1, " "1, " "1, " "1, " "1, " "1, " "1, " "1, " "1, " "1, " "1, " "1, " "1, " "1, " "1, " "1, " "1, " "1, " "1, " "1, " "1, " "1, " "1, " "1, " "1, " "1, " "1, " "1, " "1, " "1, " "1, " "1, " "1, " "1, " "1, " "1, " "1, " "1, " "1, " "1, " "1, " "1, " "1, " "1, " "1, " "1, " "1, " "1, " "1, " "1, " "1, " "1, " "1, " "1, " "1, " "1, " "1, " "1, " "1, " "1, " "1, " "1, " "1, " "1, " "1, " "1, " "1, " "1, " "1, " "1, " "1, " "1, " "1, " "1, " "1, " "1, " "1, " "1, " "1, " "1, " "1, " "1, " "1, " "1, " "1, " "1, " "1, " "1, " "1, " "1, " "1, " "1, " "1, " "1, " "1, " "1, " "1, " "1, " "1, " "1, " "1, " "1, " "1, " "1, " "1, " "1, " "1, " "1, " "1, " "1, " "1, " "1, " "1, " "1, " "1, " "1, " "1, " "1, " "1, " "1, " "1, " "1, " "1, " "1, " "1, " "1, " "1, " "1, " "1, " "1, " "1, " "1, " "1, " "1, " "1, " "1, " "1, " "1, " "1, " "1, " "1, " "1, " "1, " "1, " "1, " "1, " "1, " "1, " "1, " "1, " "1, " "1, " "1, " "1, " "1, " "1, " "1, " "1, " "1, " "1, " "1, " "1, " "1, " "1, " "1, " "1, " "1, " "1, " "1, " "1, " "1, " "1, " "1, " "1, " "1, " "1, " "1, " "1, " "1, " "1, " "1, " "1, " "1, " "1, " "1, " "1, " "1, " "1, " "1, " "1, " "1, " "1, " "1, " "1, " "1, " "1, " "1, " "1, " "1, " "1, " "1, " "1, " "1, " "1, " "1, " "1, " "1, " "1, " "1, " "1, " "1, " "1, " "1, " "1, " "1, " "1, " "1, " "1, " "1, " "1, " "1, " "1, " "1, " "1, " "1, " "1, " "1, " "1, " "1, " "1, " "1, " "1, " "1, " "1, " "1, " "1, " "1, " "1, " "1, " "1, " "1, " "1, " "1, " "1, " "1, " "1, " "1, " "1, " "1, " "1, " "1, " "1, " "1, " "1, " "1, " "1, " "1, " "1, " "1, " "1, " "1, " "1, " "1, " "1, " "1, " "1, " "1, " "1, " "1, " "1, " "1, " "1, " "1, " "1, " "1, " "1, " "1, " "1, " "1, " "1, " "1, " "1, " "1, " "1, " "1, " "1, " "1, " "1, " "1, " "1, " "1, " "1, " "1, " "1, " "1, " "1, " "1, " "1, " "1, " "1, " "1, " "1, " "1, " "1, " "1, " "1, " "1, " "1, " "1, " "1, " "1, " "1, " "1, " "1, " "1, " "1, " "1, " "1, " "0, " "1, " "1, " "1, " "1, " "1, " "1, " "1, " "1, " "1, " "1, " "1, " "1, " "1, " "1, " "1, " "1, " "1, " "1, " "1, " "1, " "1, " "1, " "1, " "1, " "1, " "1, " "1, " "1, " "1, " "1, " "1, " "1, " "1, " "1, " "1, " "1, " "1, " "1, " "1, " "1, " "1, " "1, " "1, " "1, " "1, " "1, " "1, " "1, " "1, " "1, " "1, " "1, " "1, " "1, " "1, " "1, " "1, " "1, " "1, " "1, " "1, " "1, " "1, " "1, " "1, " "1, " "1, " "1, " "1, " "1, " "1, " "1, " "1, " "1, " "1, " "1, " "1, " "1, " "1, " "1, " "1, " "1, " "1, " "1, " "1, " "1, " "1, " "1, " "1, " "1, " "1, " "1, " "1, " "1, " "1, " "1, " "1, " "1, " "1, " "1, "204
 "Nei413, 0.11, " "0.015, " "1, " "1, " "1, " "1, " "1, " "1, " "1, " "1, " "1, " "1, " "1, " "1, " "1, " "1, " "1, " "1, " "1, " "1, " "1, " "1, " "1, " "1, " "1, " "1, " "1, " "1, " "1, " "1, " "1, " "1, " "1, " "1, " "1, " "1, " "1, " "1, " "1, " "1, " "1, " "1, " "1, " "1, " "1, " "1, " "1, " "1, " "1, " "1, " "1, " "1, " "1, " "1, " "1, " "1, " "1, " "1, " "1, " "1, " "1, " "1, " "1, " "1, " "1, " "1, " "1, " "1, " "1, " "1, " "1, " "1, " "1, " "1, " "1, " "1, " "1, " "1, " "1, " "1, " "1, " "1, " "1, " "1, " "1, " "1, " "1, " "1, " "1, " "1, " "1, " "1, " "1, " "1, " "1, " "1, " "1, " "1, " "1, " "1, " "1, " "1, " "1, " "1, " "1, " "1, " "1, " "1, " "1, " "1, " "1, " "1, " "1, " "1, " "1, " "1, " "1, " "1, " "1, " "1, " "1, " "1, " "1, " "1, " "1, " "1, " "1, " "1, " "1, " "1, " "1, " "1, " "1, " "1, " "1, " "1, " "1, " "1, " "1, " "1, " "1, " "1, " "1, " "1, " "1, " "1, " "1, " "1, " "1, " "1, " "1, " "1, " "1, " "1, " "1, " "1, " "1, " "1, " "1, " "1, " "1, " "1, " "1, " "1, " "1, " "1, " "1, " "1, " "1, " "1, " "1, " "1, " "1, " "1, " "1, " "1, " "1, " "1, " "1, " "1, " "1, " "1, " "1, " "1, " "1, " "1, " "1, " "1, " "1, " "1, " "1, " "1, " "1, " "1, " "1, " "1, " "1, " "1, " "1, " "1, " "1, " "1, " "1, " "1, " "1, " "1, " "1, " "1, " "1, " "1, " "1, " "1, " "1, " "1, " "1, " "1, " "1, " "1, " "1, " "1, " "1, " "1, " "1, " "1, " "1, " "1, " "1, " "1, " "1, " "1, " "1, " "1, " "1, " "1, " "1, " "1, " "1, " "1, " "1, " "1, " "1, " "1, " "1, " "1, " "1, " "1, " "1, " "1, " "1, " "1, " "1, " "1, " "1, " "1, " "1, " "1, " "1, " "1, " "1, " "1, " "1, " "1, " "1, " "1, " "1, " "1, " "1, " "1, " "1, " "1, " "1, " "1, " "1, " "1, " "1, " "1, " "1, " "1, " "1, " "1, " "1, " "1, " "1, " "1, " "1, " "1, " "1, " "1, " "1, " "1, " "1, " "1, " "1, " "1, " "1, " "1, " "1, " "1, " "1, " "1, " "1, " "1, " "1, " "1, " "1, " "1, " "1, " "1, " "1, " "1, " "1, " "1, " "1, " "1, " "1, " "1, " "1, " "1, " "1, " "1, " "1, " "1, " "1, " "1, " "1, " "1, " "1, " "1, " "1, " "1, " "1, " "1, " "1, " "1, " "1, " "1, " "1, " "1, " "1, " "1, " "1, " "1, " "1, " "1, " "1, " "1, " "1, " "1, " "1, " "1, " "1, " "1, " "1, " "1, " "1, " "1, " "1, " "1, " "1, " "1, " "1, " "1, " "1, " "1, " "1, " "1, " "1, " "1, " "1, " "1, " "1, " "1, " "1, " "1, " "1, " "1, " "1, " "1, " "1, " "1, " "1, " "1, " "1, " "1, " "1, " "1, " "1, " "1, " "1, " "1, " "1, " "1, " "1, " "1, " "1, " "1, " "1, " "1, " "1, " "1, " "1, " "1, " "1, " "1, " "1, " "1, " "1, " "1, " "1, " "1, " "1, " "1, " "1, " "1, " "1, " "0, " "1, " "1, " "1, " "1, " "1, " "1, " "1, " "1, " "1, " "1, " "1, " "1, " "1, " "1, " "1, " "1, " "1, " "1, " "1, " "1, " "1, " "1, " "1, " "1, " "1, " "1, " "1, " "1, " "1, " "1, " "1, " "1, " "1, " "1, " "1, " "1, " "1, " "1, " "1, " "1, " "1, " "1, " "1, " "1, " "1, " "1, " "1, " "1, " "1, " "1, " "1, " "1, " "1, " "1, " "1, " "1, " "1, " "1, " "1, " "1, " "1, " "1, " "1, " "1, " "1, " "1, " "1, " "1, " "1, " "1, " "1, " "1, " "1, " "1, " "1, " "1, " "1, " "1, " "1, " "1, " "1, " "1, " "1, " "1, " "1, " "1, " "1, " "1, " "1, " "1, " "1, " "1, " "1, " "1, " "1, " "1, " "1, " "1, " "1, "204
 "Nei414, 0.033, " "0.015, " "1, " "1, " "1, " "1, " "1, " "1, " "1, " "1, " "1, " "1, " "1, " "1, " "1, " "1, " "1, " "1, " "1, " "1, " "1, " "1, " "1, " "1, " "1, " "1, " "1, " "1, " "1, " "1, " "1, " "1, " "1, " "1, " "1, " "1, " "1, " "1, " "1, " "1, " "1, " "1, " "1, " "1, " "1, " "1, " "1, " "1, " "1, " "1, " "1, " "1, " "1, " "1, " "1, " "1, " "1, " "1, " "1, " "1, " "1, " "1, " "1, " "1, " "1, " "1, " "1, " "1, " "1, " "1, " "1, " "1, " "1, " "1, " "1, " "1, " "1, " "1, " "1, " "1, " "1, " "1, " "1, " "1, " "1, " "1, " "1, " "1, " "1, " "1, " "1, " "1, " "1, " "1, " "1, " "1, " "1, " "1, " "1, " "1, " "1, " "1, " "1, " "1, " "1, " "1, " "1, " "1, " "1, " "1, " "1, " "1, " "1, " "1, " "1, " "1, " "1, " "1, " "1, " "1, " "1, " "1, " "1, " "1, " "1, " "1, " "1, " "1, " "1, " "1, " "1, " "1, " "1, " "1, " "1, " "1, " "1, " "1, " "1, " "1, " "1, " "1, " "1, " "1, " "1, " "1, " "1, " "1, " "1, " "1, " "1, " "1, " "1, " "1, " "1, " "1, " "1, " "1, " "1, " "1, " "1, " "1, " "1, " "1, " "1, " "1, " "1, " "1, " "1, " "1, " "1, " "1, " "1, " "1, " "1, " "1, " "1, " "1, " "1, " "1, " "1, " "1, " "1, " "1, " "1, " "1, " "1, " "1, " "1, " "1, " "1, " "1, " "1, " "1, " "1, " "1, " "1, " "1, " "1, " "1, " "1, " "1, " "1, " "1, " "1, " "1, " "1, " "1, " "1, " "1, " "1, " "1, " "1, " "1, " "1, " "1, " "1, " "1, " "1, " "1, " "1, " "1, " "1, " "1, " "1, " "1, " "1, " "1, " "1, " "1, " "1, " "1, " "1, " "1, " "1, " "1, " "1, " "1, " "1, " "1, " "1, " "1, " "1, " "1, " "1, " "1, " "1, " "1, " "1, " "1, " "1, " "1, " "1, " "1, " "1, " "1, " "1, " "1, " "1, " "1, " "1, " "1, " "1, " "1, " "1, " "1, " "1, " "1, " "1, " "1, " "1, " "1, " "1, " "1, " "1, " "1, " "1, " "1, " "1, " "1, " "1, " "1, " "1, " "1, " "1, " "1, " "1, " "1, " "1, " "1, " "1, " "1, " "1, " "1, " "1, " "1, " "1, " "1, " "1, " "1, " "1, " "1, " "1, " "1, " "1, " "1, " "1, " "1, " "1, " "1, " "1, " "1, " "1, " "1, " "1, " "1, " "1, " "1, " "1, " "1, " "1, " "1, " "1, " "1, " "1, " "1, " "1, " "1, " "1, " "1, " "1, " "1, " "1, " "1, " "1, " "1, " "1, " "1, " "1, " "1, " "1, " "1, " "1, " "1, " "1, " "1, " "1, " "1, " "1, " "1, " "1, " "1, " "1, " "1, " "1, " "1, " "1, " "1, " "1, " "1, " "1, " "1, " "1, " "1, " "1, " "1, " "1, " "1, " "1, " "1, " "1, " "1, " "1, " "1, " "1, " "1, " "1, " "1, " "1, " "1, " "1, " "1, " "1, " "1, " "1, " "1, " "1, " "1, " "1, " "1, " "1, " "1, " "1, " "1, " "1, " "1, " "1, " "1, " "1, " "1, " "1, " "1, " "1, " "1, " "1, " "1, " "1, " "1, " "1, " "1, " "1, " "1, " "1, " "1, " "1, " "1, " "0, " "1, " "1, " "1, " "1, " "1, " "1, " "1, " "1, " "1, " "1, " "1, " "1, " "1, " "1, " "1, " "1, " "1, " "1, " "1, " "1, " "1, " "1, " "1, " "1, " "1, " "1, " "1, " "1, " "1, " "1, " "1, " "1, " "1, " "1, " "1, " "1, " "1, " "1, " "1, " "1, " "1, " "1, " "1, " "1, " "1, " "1, " "1, " "1, " "1, " "1, " "1, " "1, " "1, " "1, " "1, " "1, " "1, " "1, " "1, " "1, " "1, " "1, " "1, " "1, " "1, " "1, " "1, " "1, " "1, " "1, " "1, " "1, " "1, " "1, " "1, " "1, " "1, " "1, " "1, " "1, " "1, " "1, " "1, " "1, " "1, " "1, " "1, " "1, " "1, " "1, " "1, " "1, " "1, " "1, " "1, " "1, " "1, " "1, "204
 "Nei415, 0.322, " "0.015, " "1, " "1, " "1, " "1, " "1, " "1, " "1, " "1, " "1, " "1, " "1, " "1, " "1, " "1, " "1, " "1, " "1, " "1, " "1, " "1, " "1, " "1, " "1, " "1, " "1, " "1, " "1, " "1, " "1, " "1, " "1, " "1, " "1, " "1, " "1, " "1, " "1, " "1, " "1, " "1, " "1, " "1, " "1, " "1, " "1, " "1, " "1, " "1, " "1, " "1, " "1, " "1, " "1, " "1, " "1, " "1, " "1, " "1, " "1, " "1, " "1, " "1, " "1, " "1, " "1, " "1, " "1, " "1, " "1, " "1, " "1, " "1, " "1, " "1, " "1, " "1, " "1, " "1, " "1, " "1, " "1, " "1, " "1, " "1, " "1, " "1, " "1, " "1, " "1, " "1, " "1, " "1, " "1, " "1, " "1, " "1, " "1, " "1, " "1, " "1, " "1, " "1, " "1, " "1, " "1, " "1, " "1, " "1, " "1, " "1, " "1, " "1, " "1, " "1, " "1, " "1, " "1, " "1, " "1, " "1, " "1, " "1, " "1, " "1, " "1, " "1, " "1, " "1, " "1, " "1, " "1, " "1, " "1, " "1, " "1, " "1, " "1, " "1, " "1, " "1, " "1, " "1, " "1, " "1, " "1, " "1, " "1, " "1, " "1, " "1, " "1, " "1, " "1, " "1, " "1, " "1, " "1, " "1, " "1, " "1, " "1, " "1, " "1, " "1, " "1, " "1, " "1, " "1, " "1, " "1, " "1, " "1, " "1, " "1, " "1, " "1, " "1, " "1, " "1, " "1, " "1, " "1, " "1, " "1, " "1, " "1, " "1, " "1, " "1, " "1, " "1, " "1, " "1, " "1, " "1, " "1, " "1, " "1, " "1, " "1, " "1, " "1, " "1, " "1, " "1, " "1, " "1, " "1, " "1, " "1, " "1, " "1, " "1, " "1, " "1, " "1, " "1, " "1, " "1, " "1, " "1, " "1, " "1, " "1, " "1, " "1, " "1, " "1, " "1, " "1, " "1, " "1, " "1, " "1, " "1, " "1, " "1, " "1, " "1, " "1, " "1, " "1, " "1, " "1, " "1, " "1, " "1, " "1, " "1, " "1, " "1, " "1, " "1, " "1, " "1, " "1, " "1, " "1, " "1, " "1, " "1, " "1, " "1, " "1, " "1, " "1, " "1, " "1, " "1, " "1, " "1, " "1, " "1, " "1, " "1, " "1, " "1, " "1, " "1, " "1, " "1, " "1, " "1, " "1, " "1, " "1, " "1, " "1, " "1, " "1, " "1, " "1, " "1, " "1, " "1, " "1, " "1, " "1, " "1, " "1, " "1, " "1, " "1, " "1, " "1, " "1, " "1, " "1, " "1, " "1, " "1, " "1, " "1, " "1, " "1, " "1, " "1, " "1, " "1, " "1, " "1, " "1, " "1, " "1, " "1, " "1, " "1, " "1, " "1, " "1, " "1, " "1, " "1, " "1, " "1, " "1, " "1, " "1, " "1, " "1, " "1, " "1, " "1, " "1, " "1, " "1, " "1, " "1, " "1, " "1, " "1, " "1, " "1, " "1, " "1, " "1, " "1, " "1, " "1, " "1, " "1, " "1, " "1, " "1, " "1, " "1, " "1, " "1, " "1, " "1, " "1, " "1, " "1, " "1, " "1, " "1, " "1, " "1, " "1, " "1, " "1, " "1, " "1, " "1, " "1, " "1, " "1, " "1, " "1, " "1, " "1, " "1, " "1, " "1, " "1, " "1, " "1, " "1, " "1, " "1, " "1, " "1, " "1, " "1, " "1, " "1, " "1, " "1, " "1, " "1, " "1, " "1, " "1, " "1, " "1, " "0, " "1, " "1, " "1, " "1, " "1, " "1, " "1, " "1, " "1, " "1, " "1, " "1, " "1, " "1, " "1, " "1, " "1, " "1, " "1, " "1, " "1, " "1, " "1, " "1, " "1, " "1, " "1, " "1, " "1, " "1, " "1, " "1, " "1, " "1, " "1, " "1, " "1, " "1, " "1, " "1, " "1, " "1, " "1, " "1, " "1, " "1, " "1, " "1, " "1, " "1, " "1, " "1, " "1, " "1, " "1, " "1, " "1, " "1, " "1, " "1, " "1, " "1, " "1, " "1, " "1, " "1, " "1, " "1, " "1, " "1, " "1, " "1, " "1, " "1, " "1, " "1, " "1, " "1, " "1, " "1, " "1, " "1, " "1, " "1, " "1, " "1, " "1, " "1, " "1, " "1, " "1, " "1, " "1, " "1, " "1, " "1, " "1, "204
 "Nei416, 0.325, " "0.015, " "1, " "1, " "1, " "1, " "1, " "1, " "1, " "1, " "1, " "1, " "1, " "1, " "1, " "1, " "1, " "1, " "1, " "1, " "1, " "1, " "1, " "1, " "1, " "1, " "1, " "1, " "1, " "1, " "1, " "1, " "1, " "1, " "1, " "1, " "1, " "1, " "1, " "1, " "1, " "1, " "1, " "1, " "1, " "1, " "1, " "1, " "1, " "1, " "1, " "1, " "1, " "1, " "1, " "1, " "1, " "1, " "1, " "1, " "1, " "1, " "1, " "1, " "1, " "1, " "1, " "1, " "1, " "1, " "1, " "1, " "1, " "1, " "1, " "1, " "1, " "1, " "1, " "1, " "1, " "1, " "1, " "1, " "1, " "1, " "1, " "1, " "1, " "1, " "1, " "1, " "1, " "1, " "1, " "1, " "1, " "1, " "1, " "1, " "1, " "1, " "1, " "1, " "1, " "1, " "1, " "1, " "1, " "1, " "1, " "1, " "1, " "1, " "1, " "1, " "1, " "1, " "1, " "1, " "1, " "1, " "1, " "1, " "1, " "1, " "1, " "1, " "1, " "1, " "1, " "1, " "1, " "1, " "1, " "1, " "1, " "1, " "1, " "1, " "1, " "1, " "1, " "1, " "1, " "1, " "1, " "1, " "1, " "1, " "1, " "1, " "1, " "1, " "1, " "1, " "1, " "1, " "1, " "1, " "1, " "1, " "1, " "1, " "1, " "1, " "1, " "1, " "1, " "1, " "1, " "1, " "1, " "1, " "1, " "1, " "1, " "1, " "1, " "1, " "1, " "1, " "1, " "1, " "1, " "1, " "1, " "1, " "1, " "1, " "1, " "1, " "1, " "1, " "1, " "1, " "1, " "1, " "1, " "1, " "1, " "1, " "1, " "1, " "1, " "1, " "1, " "1, " "1, " "1, " "1, " "1, " "1, " "1, " "1, " "1, " "1, " "1, " "1, " "1, " "1, " "1, " "1, " "1, " "1, " "1, " "1, " "1, " "1, " "1, " "1, " "1, " "1, " "1, " "1, " "1, " "1, " "1, " "1, " "1, " "1, " "1, " "1, " "1, " "1, " "1, " "1, " "1, " "1, " "1, " "1, " "1, " "1, " "1, " "1, " "1, " "1, " "1, " "1, " "1, " "1, " "1, " "1, " "1, " "1, " "1, " "1, " "1, " "1, " "1, " "1, " "1, " "1, " "1, " "1, " "1, " "1, " "1, " "1, " "1, " "1, " "1, " "1, " "1, " "1, " "1, " "1, " "1, " "1, " "1, " "1, " "1, " "1, " "1, " "1, " "1, " "1, " "1, " "1, " "1, " "1, " "1, " "1, " "1, " "1, " "1, " "1, " "1, " "1, " "1, " "1, " "1, " "1, " "1, " "1, " "1, " "1, " "1, " "1, " "1, " "1, " "1, " "1, " "1, " "1, " "1, " "1, " "1, " "1, " "1, " "1, " "1, " "1, " "1, " "1, " "1, " "1, " "1, " "1, " "1, " "1, " "1, " "1, " "1, " "1, " "1, " "1, " "1, " "1, " "1, " "1, " "1, " "1, " "1, " "1, " "1, " "1, " "1, " "1, " "1, " "1, " "1, " "1, " "1, " "1, " "1, " "1, " "1, " "1, " "1, " "1, " "1, " "1, " "1, " "1, " "1, " "1, " "1, " "1, " "1, " "1, " "1, " "1, " "1, " "1, " "1, " "1, " "1, " "1, " "1, " "1, " "1, " "1, " "1, " "1, " "1, " "1, " "1, " "1, " "1, " "1, " "1, " "1, " "1, " "1, " "1, " "1, " "1, " "1, " "1, " "1, " "1, " "1, " "1, " "1, " "1, " "1, " "1, " "0, " "1, " "1, " "1, " "1, " "1, " "1, " "1, " "1, " "1, " "1, " "1, " "1, " "1, " "1, " "1, " "1, " "1, " "1, " "1, " "1, " "1, " "1, " "1, " "1, " "1, " "1, " "1, " "1, " "1, " "1, " "1, " "1, " "1, " "1, " "1, " "1, " "1, " "1, " "1, " "1, " "1, " "1, " "1, " "1, " "1, " "1, " "1, " "1, " "1, " "1, " "1, " "1, " "1, " "1, " "1, " "1, " "1, " "1, " "1, " "1, " "1, " "1, " "1, " "1, " "1, " "1, " "1, " "1, " "1, " "1, " "1, " "1, " "1, " "1, " "1, " "1, " "1, " "1, " "1, " "1, " "1, " "1, " "1, " "1, " "1, " "1, " "1, " "1, " "1, " "1, " "1, " "1, " "1, " "1, " "1, " "1, "204
 "Nei417, 0.076, " "0.015, " "1, " "1, " "1, " "1, " "1, " "1, " "1, " "1, " "1, " "1, " "1, " "1, " "1, " "1, " "1, " "1, " "1, " "1, " "1, " "1, " "1, " "1, " "1, " "1, " "1, " "1, " "1, " "1, " "1, " "1, " "1, " "1, " "1, " "1, " "1, " "1, " "1, " "1, " "1, " "1, " "1, " "1, " "1, " "1, " "1, " "1, " "1, " "1, " "1, " "1, " "1, " "1, " "1, " "1, " "1, " "1, " "1, " "1, " "1, " "1, " "1, " "1, " "1, " "1, " "1, " "1, " "1, " "1, " "1, " "1, " "1, " "1, " "1, " "1, " "1, " "1, " "1, " "1, " "1, " "1, " "1, " "1, " "1, " "1, " "1, " "1, " "1, " "1, " "1, " "1, " "1, " "1, " "1, " "1, " "1, " "1, " "1, " "1, " "1, " "1, " "1, " "1, " "1, " "1, " "1, " "1, " "1, " "1, " "1, " "1, " "1, " "1, " "1, " "1, " "1, " "1, " "1, " "1, " "1, " "1, " "1, " "1, " "1, " "1, " "1, " "1, " "1, " "1, " "1, " "1, " "1, " "1, " "1, " "1, " "1, " "1, " "1, " "1, " "1, " "1, " "1, " "1, " "1, " "1, " "1, " "1, " "1, " "1, " "1, " "1, " "1, " "1, " "1, " "1, " "1, " "1, " "1, " "1, " "1, " "1, " "1, " "1, " "1, " "1, " "1, " "1, " "1, " "1, " "1, " "1, " "1, " "1, " "1, " "1, " "1, " "1, " "1, " "1, " "1, " "1, " "1, " "1, " "1, " "1, " "1, " "1, " "1, " "1, " "1, " "1, " "1, " "1, " "1, " "1, " "1, " "1, " "1, " "1, " "1, " "1, " "1, " "1, " "1, " "1, " "1, " "1, " "1, " "1, " "1, " "1, " "1, " "1, " "1, " "1, " "1, " "1, " "1, " "1, " "1, " "1, " "1, " "1, " "1, " "1, " "1, " "1, " "1, " "1, " "1, " "1, " "1, " "1, " "1, " "1, " "1, " "1, " "1, " "1, " "1, " "1, " "1, " "1, " "1, " "1, " "1, " "1, " "1, " "1, " "1, " "1, " "1, " "1, " "1, " "1, " "1, " "1, " "1, " "1, " "1, " "1, " "1, " "1, " "1, " "1, " "1, " "1, " "1, " "1, " "1, " "1, " "1, " "1, " "1, " "1, " "1, " "1, " "1, " "1, " "1, " "1, " "1, " "1, " "1, " "1, " "1, " "1, " "1, " "1, " "1, " "1, " "1, " "1, " "1, " "1, " "1, " "1, " "1, " "1, " "1, " "1, " "1, " "1, " "1, " "1, " "1, " "1, " "1, " "1, " "1, " "1, " "1, " "1, " "1, " "1, " "1, " "1, " "1, " "1, " "1, " "1, " "1, " "1, " "1, " "1, " "1, " "1, " "1, " "1, " "1, " "1, " "1, " "1, " "1, " "1, " "1, " "1, " "1, " "1, " "1, " "1, " "1, " "1, " "1, " "1, " "1, " "1, " "1, " "1, " "1, " "1, " "1, " "1, " "1, " "1, " "1, " "1, " "1, " "1, " "1, " "1, " "1, " "1, " "1, " "1, " "1, " "1, " "1, " "1, " "1, " "1, " "1, " "1, " "1, " "1, " "1, " "1, " "1, " "1, " "1, " "1, " "1, " "1, " "1, " "1, " "1, " "1, " "1, " "1, " "1, " "1, " "1, " "1, " "1, " "1, " "1, " "1, " "1, " "1, " "1, " "1, " "1, " "1, " "1, " "1, " "1, " "1, " "1, " "1, " "1, " "1, " "1, " "1, " "1, " "1, " "1, " "1, " "1, " "0, " "1, " "1, " "1, " "1, " "1, " "1, " "1, " "1, " "1, " "1, " "1, " "1, " "1, " "1, " "1, " "1, " "1, " "1, " "1, " "1, " "1, " "1, " "1, " "1, " "1, " "1, " "1, " "1, " "1, " "1, " "1, " "1, " "1, " "1, " "1, " "1, " "1, " "1, " "1, " "1, " "1, " "1, " "1, " "1, " "1, " "1, " "1, " "1, " "1, " "1, " "1, " "1, " "1, " "1, " "1, " "1, " "1, " "1, " "1, " "1, " "1, " "1, " "1, " "1, " "1, " "1, " "1, " "1, " "1, " "1, " "1, " "1, " "1, " "1, " "1, " "1, " "1, " "1, " "1, " "1, " "1, " "1, " "1, " "1, " "1, " "1, " "1, " "1, " "1, " "1, " "1, " "1, " "1, " "1, " "1, "204
 "Nei418, 0.115, " "0.015, " "1, " "1, " "1, " "1, " "1, " "1, " "1, " "1, " "1, " "1, " "1, " "1, " "1, " "1, " "1, " "1, " "1, " "1, " "1, " "1, " "1, " "1, " "1, " "1, " "1, " "1, " "1, " "1, " "1, " "1, " "1, " "1, " "1, " "1, " "1, " "1, " "1, " "1, " "1, " "1, " "1, " "1, " "1, " "1, " "1, " "1, " "1, " "1, " "1, " "1, " "1, " "1, " "1, " "1, " "1, " "1, " "1, " "1, " "1, " "1, " "1, " "1, " "1, " "1, " "1, " "1, " "1, " "1, " "1, " "1, " "1, " "1, " "1, " "1, " "1, " "1, " "1, " "1, " "1, " "1, " "1, " "1, " "1, " "1, " "1, " "1, " "1, " "1, " "1, " "1, " "1, " "1, " "1, " "1, " "1, " "1, " "1, " "1, " "1, " "1, " "1, " "1, " "1, " "1, " "1, " "1, " "1, " "1, " "1, " "1, " "1, " "1, " "1, " "1, " "1, " "1, " "1, " "1, " "1, " "1, " "1, " "1, " "1, " "1, " "1, " "1, " "1, " "1, " "1, " "1, " "1, " "1, " "1, " "1, " "1, " "1, " "1, " "1, " "1, " "1, " "1, " "1, " "1, " "1, " "1, " "1, " "1, " "1, " "1, " "1, " "1, " "1, " "1, " "1, " "1, " "1, " "1, " "1, " "1, " "1, " "1, " "1, " "1, " "1, " "1, " "1, " "1, " "1, " "1, " "1, " "1, " "1, " "1, " "1, " "1, " "1, " "1, " "1, " "1, " "1, " "1, " "1, " "1, " "1, " "1, " "1, " "1, " "1, " "1, " "1, " "1, " "1, " "1, " "1, " "1, " "1, " "1, " "1, " "1, " "1, " "1, " "1, " "1, " "1, " "1, " "1, " "1, " "1, " "1, " "1, " "1, " "1, " "1, " "1, " "1, " "1, " "1, " "1, " "1, " "1, " "1, " "1, " "1, " "1, " "1, " "1, " "1, " "1, " "1, " "1, " "1, " "1, " "1, " "1, " "1, " "1, " "1, " "1, " "1, " "1, " "1, " "1, " "1, " "1, " "1, " "1, " "1, " "1, " "1, " "1, " "1, " "1, " "1, " "1, " "1, " "1, " "1, " "1, " "1, " "1, " "1, " "1, " "1, " "1, " "1, " "1, " "1, " "1, " "1, " "1, " "1, " "1, " "1, " "1, " "1, " "1, " "1, " "1, " "1, " "1, " "1, " "1, " "1, " "1, " "1, " "1, " "1, " "1, " "1, " "1, " "1, " "1, " "1, " "1, " "1, " "1, " "1, " "1, " "1, " "1, " "1, " "1, " "1, " "1, " "1, " "1, " "1, " "1, " "1, " "1, " "1, " "1, " "1, " "1, " "1, " "1, " "1, " "1, " "1, " "1, " "1, " "1, " "1, " "1, " "1, " "1, " "1, " "1, " "1, " "1, " "1, " "1, " "1, " "1, " "1, " "1, " "1, " "1, " "1, " "1, " "1, " "1, " "1, " "1, " "1, " "1, " "1, " "1, " "1, " "1, " "1, " "1, " "1, " "1, " "1, " "1, " "1, " "1, " "1, " "1, " "1, " "1, " "1, " "1, " "1, " "1, " "1, " "1, " "1, " "1, " "1, " "1, " "1, " "1, " "1, " "1, " "1, " "1, " "1, " "1, " "1, " "1, " "1, " "1, " "1, " "1, " "1, " "1, " "1, " "1, " "1, " "1, " "1, " "1, " "1, " "1, " "1, " "1, " "1, " "1, " "1, " "1, " "1, " "1, " "1, " "1, " "1, " "1, " "1, " "1, " "1, " "1, " "1, " "1, " "1, " "1, " "1, " "1, " "0, " "1, " "1, " "1, " "1, " "1, " "1, " "1, " "1, " "1, " "1, " "1, " "1, " "1, " "1, " "1, " "1, " "1, " "1, " "1, " "1, " "1, " "1, " "1, " "1, " "1, " "1, " "1, " "1, " "1, " "1, " "1, " "1, " "1, " "1, " "1, " "1, " "1, " "1, " "1, " "1, " "1, " "1, " "1, " "1, " "1, " "1, " "1, " "1, " "1, " "1, " "1, " "1, " "1, " "1, " "1, " "1, " "1, " "1, " "1, " "1, " "1, " "1, " "1, " "1, " "1, " "1, " "1, " "1, " "1, " "1, " "1, " "1, " "1, " "1, " "1, " "1, " "1, " "1, " "1, " "1, " "1, " "1, " "1, " "1, " "1, " "1, " "1, " "1, " "1, " "1, " "1, " "1, " "1, " "1, "204
 "Nei419, 0.058, " "0.015, " "1, " "1, " "1, " "1, " "1, " "1, " "1, " "1, " "1, " "1, " "1, " "1, " "1, " "1, " "1, " "1, " "1, " "1, " "1, " "1, " "1, " "1, " "1, " "1, " "1, " "1, " "1, " "1, " "1, " "1, " "1, " "1, " "1, " "1, " "1, " "1, " "1, " "1, " "1, " "1, " "1, " "1, " "1, " "1, " "1, " "1, " "1, " "1, " "1, " "1, " "1, " "1, " "1, " "1, " "1, " "1, " "1, " "1, " "1, " "1, " "1, " "1, " "1, " "1, " "1, " "1, " "1, " "1, " "1, " "1, " "1, " "1, " "1, " "1, " "1, " "1, " "1, " "1, " "1, " "1, " "1, " "1, " "1, " "1, " "1, " "1, " "1, " "1, " "1, " "1, " "1, " "1, " "1, " "1, " "1, " "1, " "1, " "1, " "1, " "1, " "1, " "1, " "1, " "1, " "1, " "1, " "1, " "1, " "1, " "1, " "1, " "1, " "1, " "1, " "1, " "1, " "1, " "1, " "1, " "1, " "1, " "1, " "1, " "1, " "1, " "1, " "1, " "1, " "1, " "1, " "1, " "1, " "1, " "1, " "1, " "1, " "1, " "1, " "1, " "1, " "1, " "1, " "1, " "1, " "1, " "1, " "1, " "1, " "1, " "1, " "1, " "1, " "1, " "1, " "1, " "1, " "1, " "1, " "1, " "1, " "1, " "1, " "1, " "1, " "1, " "1, " "1, " "1, " "1, " "1, " "1, " "1, " "1, " "1, " "1, " "1, " "1, " "1, " "1, " "1, " "1, " "1, " "1, " "1, " "1, " "1, " "1, " "1, " "1, " "1, " "1, " "1, " "1, " "1, " "1, " "1, " "1, " "1, " "1, " "1, " "1, " "1, " "1, " "1, " "1, " "1, " "1, " "1, " "1, " "1, " "1, " "1, " "1, " "1, " "1, " "1, " "1, " "1, " "1, " "1, " "1, " "1, " "1, " "1, " "1, " "1, " "1, " "1, " "1, " "1, " "1, " "1, " "1, " "1, " "1, " "1, " "1, " "1, " "1, " "1, " "1, " "1, " "1, " "1, " "1, " "1, " "1, " "1, " "1, " "1, " "1, " "1, " "1, " "1, " "1, " "1, " "1, " "1, " "1, " "1, " "1, " "1, " "1, " "1, " "1, " "1, " "1, " "1, " "1, " "1, " "1, " "1, " "1, " "1, " "1, " "1, " "1, " "1, " "1, " "1, " "1, " "1, " "1, " "1, " "1, " "1, " "1, " "1, " "1, " "1, " "1, " "1, " "1, " "1, " "1, " "1, " "1, " "1, " "1, " "1, " "1, " "1, " "1, " "1, " "1, " "1, " "1, " "1, " "1, " "1, " "1, " "1, " "1, " "1, " "1, " "1, " "1, " "1, " "1, " "1, " "1, " "1, " "1, " "1, " "1, " "1, " "1, " "1, " "1, " "1, " "1, " "1, " "1, " "1, " "1, " "1, " "1, " "1, " "1, " "1, " "1, " "1, " "1, " "1, " "1, " "1, " "1, " "1, " "1, " "1, " "1, " "1, " "1, " "1, " "1, " "1, " "1, " "1, " "1, " "1, " "1, " "1, " "1, " "1, " "1, " "1, " "1, " "1, " "1, " "1, " "1, " "1, " "1, " "1, " "1, " "1, " "1, " "1, " "1, " "1, " "1, " "1, " "1, " "1, " "1, " "1, " "1, " "1, " "1, " "1, " "1, " "1, " "1, " "1, " "1, " "1, " "1, " "1, " "1, " "1, " "1, " "1, " "1, " "1, " "1, " "1, " "1, " "1, " "1, " "1, " "1, " "1, " "1, " "1, " "1, " "1, " "1, " "1, " "1, " "0, " "1, " "1, " "1, " "1, " "1, " "1, " "1, " "1, " "1, " "1, " "1, " "1, " "1, " "1, " "1, " "1, " "1, " "1, " "1, " "1, " "1, " "1, " "1, " "1, " "1, " "1, " "1, " "1, " "1, " "1, " "1, " "1, " "1, " "1, " "1, " "1, " "1, " "1, " "1, " "1, " "1, " "1, " "1, " "1, " "1, " "1, " "1, " "1, " "1, " "1, " "1, " "1, " "1, " "1, " "1, " "1, " "1, " "1, " "1, " "1, " "1, " "1, " "1, " "1, " "1, " "1, " "1, " "1, " "1, " "1, " "1, " "1, " "1, " "1, " "1, " "1, " "1, " "1, " "1, " "1, " "1, " "1, " "1, " "1, " "1, " "1, " "1, " "1, " "1, " "1, " "1, " "1, " "1, "204
 "Nei420, 0.266, " "0.015, " "1, " "1, " "1, " "1, " "1, " "1, " "1, " "1, " "1, " "1, " "1, " "1, " "1, " "1, " "1, " "1, " "1, " "1, " "1, " "1, " "1, " "1, " "1, " "1, " "1, " "1, " "1, " "1, " "1, " "1, " "1, " "1, " "1, " "1, " "1, " "1, " "1, " "1, " "1, " "1, " "1, " "1, " "1, " "1, " "1, " "1, " "1, " "1, " "1, " "1, " "1, " "1, " "1, " "1, " "1, " "1, " "1, " "1, " "1, " "1, " "1, " "1, " "1, " "1, " "1, " "1, " "1, " "1, " "1, " "1, " "1, " "1, " "1, " "1, " "1, " "1, " "1, " "1, " "1, " "1, " "1, " "1, " "1, " "1, " "1, " "1, " "1, " "1, " "1, " "1, " "1, " "1, " "1, " "1, " "1, " "1, " "1, " "1, " "1, " "1, " "1, " "1, " "1, " "1, " "1, " "1, " "1, " "1, " "1, " "1, " "1, " "1, " "1, " "1, " "1, " "1, " "1, " "1, " "1, " "1, " "1, " "1, " "1, " "1, " "1, " "1, " "1, " "1, " "1, " "1, " "1, " "1, " "1, " "1, " "1, " "1, " "1, " "1, " "1, " "1, " "1, " "1, " "1, " "1, " "1, " "1, " "1, " "1, " "1, " "1, " "1, " "1, " "1, " "1, " "1, " "1, " "1, " "1, " "1, " "1, " "1, " "1, " "1, " "1, " "1, " "1, " "1, " "1, " "1, " "1, " "1, " "1, " "1, " "1, " "1, " "1, " "1, " "1, " "1, " "1, " "1, " "1, " "1, " "1, " "1, " "1, " "1, " "1, " "1, " "1, " "1, " "1, " "1, " "1, " "1, " "1, " "1, " "1, " "1, " "1, " "1, " "1, " "1, " "1, " "1, " "1, " "1, " "1, " "1, " "1, " "1, " "1, " "1, " "1, " "1, " "1, " "1, " "1, " "1, " "1, " "1, " "1, " "1, " "1, " "1, " "1, " "1, " "1, " "1, " "1, " "1, " "1, " "1, " "1, " "1, " "1, " "1, " "1, " "1, " "1, " "1, " "1, " "1, " "1, " "1, " "1, " "1, " "1, " "1, " "1, " "1, " "1, " "1, " "1, " "1, " "1, " "1, " "1, " "1, " "1, " "1, " "1, " "1, " "1, " "1, " "1, " "1, " "1, " "1, " "1, " "1, " "1, " "1, " "1, " "1, " "1, " "1, " "1, " "1, " "1, " "1, " "1, " "1, " "1, " "1, " "1, " "1, " "1, " "1, " "1, " "1, " "1, " "1, " "1, " "1, " "1, " "1, " "1, " "1, " "1, " "1, " "1, " "1, " "1, " "1, " "1, " "1, " "1, " "1, " "1, " "1, " "1, " "1, " "1, " "1, " "1, " "1, " "1, " "1, " "1, " "1, " "1, " "1, " "1, " "1, " "1, " "1, " "1, " "1, " "1, " "1, " "1, " "1, " "1, " "1, " "1, " "1, " "1, " "1, " "1, " "1, " "1, " "1, " "1, " "1, " "1, " "1, " "1, " "1, " "1, " "1, " "1, " "1, " "1, " "1, " "1, " "1, " "1, " "1, " "1, " "1, " "1, " "1, " "1, " "1, " "1, " "1, " "1, " "1, " "1, " "1, " "1, " "1, " "1, " "1, " "1, " "1, " "1, " "1, " "1, " "1, " "1, " "1, " "1, " "1, " "1, " "1, " "1, " "1, " "1, " "1, " "1, " "1, " "1, " "1, " "1, " "1, " "1, " "1, " "1, " "1, " "1, " "1, " "1, " "1, " "1, " "1, " "1, " "1, " "1, " "1, " "1, " "1, " "1, " "1, " "1, " "1, " "1, " "1, " "1, " "0, " "1, " "1, " "1, " "1, " "1, " "1, " "1, " "1, " "1, " "1, " "1, " "1, " "1, " "1, " "1, " "1, " "1, " "1, " "1, " "1, " "1, " "1, " "1, " "1, " "1, " "1, " "1, " "1, " "1, " "1, " "1, " "1, " "1, " "1, " "1, " "1, " "1, " "1, " "1, " "1, " "1, " "1, " "1, " "1, " "1, " "1, " "1, " "1, " "1, " "1, " "1, " "1, " "1, " "1, " "1, " "1, " "1, " "1, " "1, " "1, " "1, " "1, " "1, " "1, " "1, " "1, " "1, " "1, " "1, " "1, " "1, " "1, " "1, " "1, " "1, " "1, " "1, " "1, " "1, " "1, " "1, " "1, " "1, " "1, " "1, " "1, " "1, " "1, " "1, " "1, " "1, " "1, "204
 "Nei421, 0.164, " "0.015, " "1, " "1, " "1, " "1, " "1, " "1, " "1, " "1, " "1, " "1, " "1, " "1, " "1, " "1, " "1, " "1, " "1, " "1, " "1, " "1, " "1, " "1, " "1, " "1, " "1, " "1, " "1, " "1, " "1, " "1, " "1, " "1, " "1, " "1, " "1, " "1, " "1, " "1, " "1, " "1, " "1, " "1, " "1, " "1, " "1, " "1, " "1, " "1, " "1, " "1, " "1, " "1, " "1, " "1, " "1, " "1, " "1, " "1, " "1, " "1, " "1, " "1, " "1, " "1, " "1, " "1, " "1, " "1, " "1, " "1, " "1, " "1, " "1, " "1, " "1, " "1, " "1, " "1, " "1, " "1, " "1, " "1, " "1, " "1, " "1, " "1, " "1, " "1, " "1, " "1, " "1, " "1, " "1, " "1, " "1, " "1, " "1, " "1, " "1, " "1, " "1, " "1, " "1, " "1, " "1, " "1, " "1, " "1, " "1, " "1, " "1, " "1, " "1, " "1, " "1, " "1, " "1, " "1, " "1, " "1, " "1, " "1, " "1, " "1, " "1, " "1, " "1, " "1, " "1, " "1, " "1, " "1, " "1, " "1, " "1, " "1, " "1, " "1, " "1, " "1, " "1, " "1, " "1, " "1, " "1, " "1, " "1, " "1, " "1, " "1, " "1, " "1, " "1, " "1, " "1, " "1, " "1, " "1, " "1, " "1, " "1, " "1, " "1, " "1, " "1, " "1, " "1, " "1, " "1, " "1, " "1, " "1, " "1, " "1, " "1, " "1, " "1, " "1, " "1, " "1, " "1, " "1, " "1, " "1, " "1, " "1, " "1, " "1, " "1, " "1, " "1, " "1, " "1, " "1, " "1, " "1, " "1, " "1, " "1, " "1, " "1, " "1, " "1, " "1, " "1, " "1, " "1, " "1, " "1, " "1, " "1, " "1, " "1, " "1, " "1, " "1, " "1, " "1, " "1, " "1, " "1, " "1, " "1, " "1, " "1, " "1, " "1, " "1, " "1, " "1, " "1, " "1, " "1, " "1, " "1, " "1, " "1, " "1, " "1, " "1, " "1, " "1, " "1, " "1, " "1, " "1, " "1, " "1, " "1, " "1, " "1, " "1, " "1, " "1, " "1, " "1, " "1, " "1, " "1, " "1, " "1, " "1, " "1, " "1, " "1, " "1, " "1, " "1, " "1, " "1, " "1, " "1, " "1, " "1, " "1, " "1, " "1, " "1, " "1, " "1, " "1, " "1, " "1, " "1, " "1, " "1, " "1, " "1, " "1, " "1, " "1, " "1, " "1, " "1, " "1, " "1, " "1, " "1, " "1, " "1, " "1, " "1, " "1, " "1, " "1, " "1, " "1, " "1, " "1, " "1, " "1, " "1, " "1, " "1, " "1, " "1, " "1, " "1, " "1, " "1, " "1, " "1, " "1, " "1, " "1, " "1, " "1, " "1, " "1, " "1, " "1, " "1, " "1, " "1, " "1, " "1, " "1, " "1, " "1, " "1, " "1, " "1, " "1, " "1, " "1, " "1, " "1, " "1, " "1, " "1, " "1, " "1, " "1, " "1, " "1, " "1, " "1, " "1, " "1, " "1, " "1, " "1, " "1, " "1, " "1, " "1, " "1, " "1, " "1, " "1, " "1, " "1, " "1, " "1, " "1, " "1, " "1, " "1, " "1, " "1, " "1, " "1, " "1, " "1, " "1, " "1, " "1, " "1, " "1, " "1, " "1, " "1, " "1, " "1, " "1, " "1, " "1, " "1, " "1, " "1, " "1, " "1, " "1, " "1, " "1, " "1, " "1, " "1, " "1, " "1, " "1, " "1, " "1, " "1, " "1, " "1, " "1, " "1, " "1, " "1, " "1, " "0, " "1, " "1, " "1, " "1, " "1, " "1, " "1, " "1, " "1, " "1, " "1, " "1, " "1, " "1, " "1, " "1, " "1, " "1, " "1, " "1, " "1, " "1, " "1, " "1, " "1, " "1, " "1, " "1, " "1, " "1, " "1, " "1, " "1, " "1, " "1, " "1, " "1, " "1, " "1, " "1, " "1, " "1, " "1, " "1, " "1, " "1, " "1, " "1, " "1, " "1, " "1, " "1, " "1, " "1, " "1, " "1, " "1, " "1, " "1, " "1, " "1, " "1, " "1, " "1, " "1, " "1, " "1, " "1, " "1, " "1, " "1, " "1, " "1, " "1, " "1, " "1, " "1, " "1, " "1, " "1, " "1, " "1, " "1, " "1, " "1, " "1, " "1, " "1, " "1, " "1, " "1, "204
 "Nei422, 0.057, " "0.015, " "1, " "1, " "1, " "1, " "1, " "1, " "1, " "1, " "1, " "1, " "1, " "1, " "1, " "1, " "1, " "1, " "1, " "1, " "1, " "1, " "1, " "1, " "1, " "1, " "1, " "1, " "1, " "1, " "1, " "1, " "1, " "1, " "1, " "1, " "1, " "1, " "1, " "1, " "1, " "1, " "1, " "1, " "1, " "1, " "1, " "1, " "1, " "1, " "1, " "1, " "1, " "1, " "1, " "1, " "1, " "1, " "1, " "1, " "1, " "1, " "1, " "1, " "1, " "1, " "1, " "1, " "1, " "1, " "1, " "1, " "1, " "1, " "1, " "1, " "1, " "1, " "1, " "1, " "1, " "1, " "1, " "1, " "1, " "1, " "1, " "1, " "1, " "1, " "1, " "1, " "1, " "1, " "1, " "1, " "1, " "1, " "1, " "1, " "1, " "1, " "1, " "1, " "1, " "1, " "1, " "1, " "1, " "1, " "1, " "1, " "1, " "1, " "1, " "1, " "1, " "1, " "1, " "1, " "1, " "1, " "1, " "1, " "1, " "1, " "1, " "1, " "1, " "1, " "1, " "1, " "1, " "1, " "1, " "1, " "1, " "1, " "1, " "1, " "1, " "1, " "1, " "1, " "1, " "1, " "1, " "1, " "1, " "1, " "1, " "1, " "1, " "1, " "1, " "1, " "1, " "1, " "1, " "1, " "1, " "1, " "1, " "1, " "1, " "1, " "1, " "1, " "1, " "1, " "1, " "1, " "1, " "1, " "1, " "1, " "1, " "1, " "1, " "1, " "1, " "1, " "1, " "1, " "1, " "1, " "1, " "1, " "1, " "1, " "1, " "1, " "1, " "1, " "1, " "1, " "1, " "1, " "1, " "1, " "1, " "1, " "1, " "1, " "1, " "1, " "1, " "1, " "1, " "1, " "1, " "1, " "1, " "1, " "1, " "1, " "1, " "1, " "1, " "1, " "1, " "1, " "1, " "1, " "1, " "1, " "1, " "1, " "1, " "1, " "1, " "1, " "1, " "1, " "1, " "1, " "1, " "1, " "1, " "1, " "1, " "1, " "1, " "1, " "1, " "1, " "1, " "1, " "1, " "1, " "1, " "1, " "1, " "1, " "1, " "1, " "1, " "1, " "1, " "1, " "1, " "1, " "1, " "1, " "1, " "1, " "1, " "1, " "1, " "1, " "1, " "1, " "1, " "1, " "1, " "1, " "1, " "1, " "1, " "1, " "1, " "1, " "1, " "1, " "1, " "1, " "1, " "1, " "1, " "1, " "1, " "1, " "1, " "1, " "1, " "1, " "1, " "1, " "1, " "1, " "1, " "1, " "1, " "1, " "1, " "1, " "1, " "1, " "1, " "1, " "1, " "1, " "1, " "1, " "1, " "1, " "1, " "1, " "1, " "1, " "1, " "1, " "1, " "1, " "1, " "1, " "1, " "1, " "1, " "1, " "1, " "1, " "1, " "1, " "1, " "1, " "1, " "1, " "1, " "1, " "1, " "1, " "1, " "1, " "1, " "1, " "1, " "1, " "1, " "1, " "1, " "1, " "1, " "1, " "1, " "1, " "1, " "1, " "1, " "1, " "1, " "1, " "1, " "1, " "1, " "1, " "1, " "1, " "1, " "1, " "1, " "1, " "1, " "1, " "1, " "1, " "1, " "1, " "1, " "1, " "1, " "1, " "1, " "1, " "1, " "1, " "1, " "1, " "1, " "1, " "1, " "1, " "1, " "1, " "1, " "1, " "1, " "1, " "1, " "1, " "1, " "1, " "1, " "1, " "1, " "1, " "1, " "1, " "1, " "1, " "1, " "1, " "1, " "1, " "1, " "1, " "1, " "1, " "1, " "1, " "1, " "1, " "1, " "1, " "0, " "1, " "1, " "1, " "1, " "1, " "1, " "1, " "1, " "1, " "1, " "1, " "1, " "1, " "1, " "1, " "1, " "1, " "1, " "1, " "1, " "1, " "1, " "1, " "1, " "1, " "1, " "1, " "1, " "1, " "1, " "1, " "1, " "1, " "1, " "1, " "1, " "1, " "1, " "1, " "1, " "1, " "1, " "1, " "1, " "1, " "1, " "1, " "1, " "1, " "1, " "1, " "1, " "1, " "1, " "1, " "1, " "1, " "1, " "1, " "1, " "1, " "1, " "1, " "1, " "1, " "1, " "1, " "1, " "1, " "1, " "1, " "1, " "1, " "1, " "1, " "1, " "1, " "1, " "1, " "1, " "1, " "1, " "1, " "1, " "1, " "1, " "1, " "1, " "1, " "1, "204
 "Nei423, 0.327, " "0.015, " "1, " "1, " "1, " "1, " "1, " "1, " "1, " "1, " "1, " "1, " "1, " "1, " "1, " "1, " "1, " "1, " "1, " "1, " "1, " "1, " "1, " "1, " "1, " "1, " "1, " "1, " "1, " "1, " "1, " "1, " "1, " "1, " "1, " "1, " "1, " "1, " "1, " "1, " "1, " "1, " "1, " "1, " "1, " "1, " "1, " "1, " "1, " "1, " "1, " "1, " "1, " "1, " "1, " "1, " "1, " "1, " "1, " "1, " "1, " "1, " "1, " "1, " "1, " "1, " "1, " "1, " "1, " "1, " "1, " "1, " "1, " "1, " "1, " "1, " "1, " "1, " "1, " "1, " "1, " "1, " "1, " "1, " "1, " "1, " "1, " "1, " "1, " "1, " "1, " "1, " "1, " "1, " "1, " "1, " "1, " "1, " "1, " "1, " "1, " "1, " "1, " "1, " "1, " "1, " "1, " "1, " "1, " "1, " "1, " "1, " "1, " "1, " "1, " "1, " "1, " "1, " "1, " "1, " "1, " "1, " "1, " "1, " "1, " "1, " "1, " "1, " "1, " "1, " "1, " "1, " "1, " "1, " "1, " "1, " "1, " "1, " "1, " "1, " "1, " "1, " "1, " "1, " "1, " "1, " "1, " "1, " "1, " "1, " "1, " "1, " "1, " "1, " "1, " "1, " "1, " "1, " "1, " "1, " "1, " "1, " "1, " "1, " "1, " "1, " "1, " "1, " "1, " "1, " "1, " "1, " "1, " "1, " "1, " "1, " "1, " "1, " "1, " "1, " "1, " "1, " "1, " "1, " "1, " "1, " "1, " "1, " "1, " "1, " "1, " "1, " "1, " "1, " "1, " "1, " "1, " "1, " "1, " "1, " "1, " "1, " "1, " "1, " "1, " "1, " "1, " "1, " "1, " "1, " "1, " "1, " "1, " "1, " "1, " "1, " "1, " "1, " "1, " "1, " "1, " "1, " "1, " "1, " "1, " "1, " "1, " "1, " "1, " "1, " "1, " "1, " "1, " "1, " "1, " "1, " "1, " "1, " "1, " "1, " "1, " "1, " "1, " "1, " "1, " "1, " "1, " "1, " "1, " "1, " "1, " "1, " "1, " "1, " "1, " "1, " "1, " "1, " "1, " "1, " "1, " "1, " "1, " "1, " "1, " "1, " "1, " "1, " "1, " "1, " "1, " "1, " "1, " "1, " "1, " "1, " "1, " "1, " "1, " "1, " "1, " "1, " "1, " "1, " "1, " "1, " "1, " "1, " "1, " "1, " "1, " "1, " "1, " "1, " "1, " "1, " "1, " "1, " "1, " "1, " "1, " "1, " "1, " "1, " "1, " "1, " "1, " "1, " "1, " "1, " "1, " "1, " "1, " "1, " "1, " "1, " "1, " "1, " "1, " "1, " "1, " "1, " "1, " "1, " "1, " "1, " "1, " "1, " "1, " "1, " "1, " "1, " "1, " "1, " "1, " "1, " "1, " "1, " "1, " "1, " "1, " "1, " "1, " "1, " "1, " "1, " "1, " "1, " "1, " "1, " "1, " "1, " "1, " "1, " "1, " "1, " "1, " "1, " "1, " "1, " "1, " "1, " "1, " "1, " "1, " "1, " "1, " "1, " "1, " "1, " "1, " "1, " "1, " "1, " "1, " "1, " "1, " "1, " "1, " "1, " "1, " "1, " "1, " "1, " "1, " "1, " "1, " "1, " "1, " "1, " "1, " "1, " "1, " "1, " "1, " "1, " "1, " "1, " "1, " "1, " "1, " "1, " "1, " "1, " "1, " "1, " "1, " "1, " "1, " "1, " "1, " "1, " "1, " "1, " "1, " "1, " "1, " "1, " "1, " "1, " "1, " "1, " "1, " "1, " "1, " "0, " "1, " "1, " "1, " "1, " "1, " "1, " "1, " "1, " "1, " "1, " "1, " "1, " "1, " "1, " "1, " "1, " "1, " "1, " "1, " "1, " "1, " "1, " "1, " "1, " "1, " "1, " "1, " "1, " "1, " "1, " "1, " "1, " "1, " "1, " "1, " "1, " "1, " "1, " "1, " "1, " "1, " "1, " "1, " "1, " "1, " "1, " "1, " "1, " "1, " "1, " "1, " "1, " "1, " "1, " "1, " "1, " "1, " "1, " "1, " "1, " "1, " "1, " "1, " "1, " "1, " "1, " "1, " "1, " "1, " "1, " "1, " "1, " "1, " "1, " "1, " "1, " "1, " "1, " "1, " "1, " "1, " "1, " "1, " "1, " "1, " "1, " "1, " "1, " "1, "204
 "Nei424, 0.162, " "0.015, " "1, " "1, " "1, " "1, " "1, " "1, " "1, " "1, " "1, " "1, " "1, " "1, " "1, " "1, " "1, " "1, " "1, " "1, " "1, " "1, " "1, " "1, " "1, " "1, " "1, " "1, " "1, " "1, " "1, " "1, " "1, " "1, " "1, " "1, " "1, " "1, " "1, " "1, " "1, " "1, " "1, " "1, " "1, " "1, " "1, " "1, " "1, " "1, " "1, " "1, " "1, " "1, " "1, " "1, " "1, " "1, " "1, " "1, " "1, " "1, " "1, " "1, " "1, " "1, " "1, " "1, " "1, " "1, " "1, " "1, " "1, " "1, " "1, " "1, " "1, " "1, " "1, " "1, " "1, " "1, " "1, " "1, " "1, " "1, " "1, " "1, " "1, " "1, " "1, " "1, " "1, " "1, " "1, " "1, " "1, " "1, " "1, " "1, " "1, " "1, " "1, " "1, " "1, " "1, " "1, " "1, " "1, " "1, " "1, " "1, " "1, " "1, " "1, " "1, " "1, " "1, " "1, " "1, " "1, " "1, " "1, " "1, " "1, " "1, " "1, " "1, " "1, " "1, " "1, " "1, " "1, " "1, " "1, " "1, " "1, " "1, " "1, " "1, " "1, " "1, " "1, " "1, " "1, " "1, " "1, " "1, " "1, " "1, " "1, " "1, " "1, " "1, " "1, " "1, " "1, " "1, " "1, " "1, " "1, " "1, " "1, " "1, " "1, " "1, " "1, " "1, " "1, " "1, " "1, " "1, " "1, " "1, " "1, " "1, " "1, " "1, " "1, " "1, " "1, " "1, " "1, " "1, " "1, " "1, " "1, " "1, " "1, " "1, " "1, " "1, " "1, " "1, " "1, " "1, " "1, " "1, " "1, " "1, " "1, " "1, " "1, " "1, " "1, " "1, " "1, " "1, " "1, " "1, " "1, " "1, " "1, " "1, " "1, " "1, " "1, " "1, " "1, " "1, " "1, " "1, " "1, " "1, " "1, " "1, " "1, " "1, " "1, " "1, " "1, " "1, " "1, " "1, " "1, " "1, " "1, " "1, " "1, " "1, " "1, " "1, " "1, " "1, " "1, " "1, " "1, " "1, " "1, " "1, " "1, " "1, " "1, " "1, " "1, " "1, " "1, " "1, " "1, " "1, " "1, " "1, " "1, " "1, " "1, " "1, " "1, " "1, " "1, " "1, " "1, " "1, " "1, " "1, " "1, " "1, " "1, " "1, " "1, " "1, " "1, " "1, " "1, " "1, " "1, " "1, " "1, " "1, " "1, " "1, " "1, " "1, " "1, " "1, " "1, " "1, " "1, " "1, " "1, " "1, " "1, " "1, " "1, " "1, " "1, " "1, " "1, " "1, " "1, " "1, " "1, " "1, " "1, " "1, " "1, " "1, " "1, " "1, " "1, " "1, " "1, " "1, " "1, " "1, " "1, " "1, " "1, " "1, " "1, " "1, " "1, " "1, " "1, " "1, " "1, " "1, " "1, " "1, " "1, " "1, " "1, " "1, " "1, " "1, " "1, " "1, " "1, " "1, " "1, " "1, " "1, " "1, " "1, " "1, " "1, " "1, " "1, " "1, " "1, " "1, " "1, " "1, " "1, " "1, " "1, " "1, " "1, " "1, " "1, " "1, " "1, " "1, " "1, " "1, " "1, " "1, " "1, " "1, " "1, " "1, " "1, " "1, " "1, " "1, " "1, " "1, " "1, " "1, " "1, " "1, " "1, " "1, " "1, " "1, " "1, " "1, " "1, " "1, " "1, " "1, " "1, " "1, " "1, " "1, " "1, " "1, " "1, " "1, " "1, " "1, " "1, " "1, " "1, " "1, " "1, " "1, " "1, " "1, " "1, " "1, " "1, " "1, " "1, " "1, " "1, " "1, " "0, " "1, " "1, " "1, " "1, " "1, " "1, " "1, " "1, " "1, " "1, " "1, " "1, " "1, " "1, " "1, " "1, " "1, " "1, " "1, " "1, " "1, " "1, " "1, " "1, " "1, " "1, " "1, " "1, " "1, " "1, " "1, " "1, " "1, " "1, " "1, " "1, " "1, " "1, " "1, " "1, " "1, " "1, " "1, " "1, " "1, " "1, " "1, " "1, " "1, " "1, " "1, " "1, " "1, " "1, " "1, " "1, " "1, " "1, " "1, " "1, " "1, " "1, " "1, " "1, " "1, " "1, " "1, " "1, " "1, " "1, " "1, " "1, " "1, " "1, " "1, " "1, " "1, " "1, " "1, " "1, " "1, " "1, " "1, " "1, " "1, " "1, " "1, " "1, "204
 "Nei425, 0.216, " "0.015, " "1, " "1, " "1, " "1, " "1, " "1, " "1, " "1, " "1, " "1, " "1, " "1, " "1, " "1, " "1, " "1, " "1, " "1, " "1, " "1, " "1, " "1, " "1, " "1, " "1, " "1, " "1, " "1, " "1, " "1, " "1, " "1, " "1, " "1, " "1, " "1, " "1, " "1, " "1, " "1, " "1, " "1, " "1, " "1, " "1, " "1, " "1, " "1, " "1, " "1, " "1, " "1, " "1, " "1, " "1, " "1, " "1, " "1, " "1, " "1, " "1, " "1, " "1, " "1, " "1, " "1, " "1, " "1, " "1, " "1, " "1, " "1, " "1, " "1, " "1, " "1, " "1, " "1, " "1, " "1, " "1, " "1, " "1, " "1, " "1, " "1, " "1, " "1, " "1, " "1, " "1, " "1, " "1, " "1, " "1, " "1, " "1, " "1, " "1, " "1, " "1, " "1, " "1, " "1, " "1, " "1, " "1, " "1, " "1, " "1, " "1, " "1, " "1, " "1, " "1, " "1, " "1, " "1, " "1, " "1, " "1, " "1, " "1, " "1, " "1, " "1, " "1, " "1, " "1, " "1, " "1, " "1, " "1, " "1, " "1, " "1, " "1, " "1, " "1, " "1, " "1, " "1, " "1, " "1, " "1, " "1, " "1, " "1, " "1, " "1, " "1, " "1, " "1, " "1, " "1, " "1, " "1, " "1, " "1, " "1, " "1, " "1, " "1, " "1, " "1, " "1, " "1, " "1, " "1, " "1, " "1, " "1, " "1, " "1, " "1, " "1, " "1, " "1, " "1, " "1, " "1, " "1, " "1, " "1, " "1, " "1, " "1, " "1, " "1, " "1, " "1, " "1, " "1, " "1, " "1, " "1, " "1, " "1, " "1, " "1, " "1, " "1, " "1, " "1, " "1, " "1, " "1, " "1, " "1, " "1, " "1, " "1, " "1, " "1, " "1, " "1, " "1, " "1, " "1, " "1, " "1, " "1, " "1, " "1, " "1, " "1, " "1, " "1, " "1, " "1, " "1, " "1, " "1, " "1, " "1, " "1, " "1, " "1, " "1, " "1, " "1, " "1, " "1, " "1, " "1, " "1, " "1, " "1, " "1, " "1, " "1, " "1, " "1, " "1, " "1, " "1, " "1, " "1, " "1, " "1, " "1, " "1, " "1, " "1, " "1, " "1, " "1, " "1, " "1, " "1, " "1, " "1, " "1, " "1, " "1, " "1, " "1, " "1, " "1, " "1, " "1, " "1, " "1, " "1, " "1, " "1, " "1, " "1, " "1, " "1, " "1, " "1, " "1, " "1, " "1, " "1, " "1, " "1, " "1, " "1, " "1, " "1, " "1, " "1, " "1, " "1, " "1, " "1, " "1, " "1, " "1, " "1, " "1, " "1, " "1, " "1, " "1, " "1, " "1, " "1, " "1, " "1, " "1, " "1, " "1, " "1, " "1, " "1, " "1, " "1, " "1, " "1, " "1, " "1, " "1, " "1, " "1, " "1, " "1, " "1, " "1, " "1, " "1, " "1, " "1, " "1, " "1, " "1, " "1, " "1, " "1, " "1, " "1, " "1, " "1, " "1, " "1, " "1, " "1, " "1, " "1, " "1, " "1, " "1, " "1, " "1, " "1, " "1, " "1, " "1, " "1, " "1, " "1, " "1, " "1, " "1, " "1, " "1, " "1, " "1, " "1, " "1, " "1, " "1, " "1, " "1, " "1, " "1, " "1, " "1, " "1, " "1, " "1, " "1, " "1, " "1, " "1, " "1, " "1, " "1, " "1, " "1, " "1, " "1, " "1, " "1, " "1, " "1, " "1, " "1, " "1, " "1, " "1, " "1, " "1, " "1, " "1, " "1, " "1, " "1, " "1, " "1, " "1, " "1, " "1, " "0, " "1, " "1, " "1, " "1, " "1, " "1, " "1, " "1, " "1, " "1, " "1, " "1, " "1, " "1, " "1, " "1, " "1, " "1, " "1, " "1, " "1, " "1, " "1, " "1, " "1, " "1, " "1, " "1, " "1, " "1, " "1, " "1, " "1, " "1, " "1, " "1, " "1, " "1, " "1, " "1, " "1, " "1, " "1, " "1, " "1, " "1, " "1, " "1, " "1, " "1, " "1, " "1, " "1, " "1, " "1, " "1, " "1, " "1, " "1, " "1, " "1, " "1, " "1, " "1, " "1, " "1, " "1, " "1, " "1, " "1, " "1, " "1, " "1, " "1, " "1, " "1, " "1, " "1, " "1, " "1, " "1, " "1, " "1, " "1, " "1, " "1, " "1, "204
 "Nei426, 0.332, " "0.015, " "1, " "1, " "1, " "1, " "1, " "1, " "1, " "1, " "1, " "1, " "1, " "1, " "1, " "1, " "1, " "1, " "1, " "1, " "1, " "1, " "1, " "1, " "1, " "1, " "1, " "1, " "1, " "1, " "1, " "1, " "1, " "1, " "1, " "1, " "1, " "1, " "1, " "1, " "1, " "1, " "1, " "1, " "1, " "1, " "1, " "1, " "1, " "1, " "1, " "1, " "1, " "1, " "1, " "1, " "1, " "1, " "1, " "1, " "1, " "1, " "1, " "1, " "1, " "1, " "1, " "1, " "1, " "1, " "1, " "1, " "1, " "1, " "1, " "1, " "1, " "1, " "1, " "1, " "1, " "1, " "1, " "1, " "1, " "1, " "1, " "1, " "1, " "1, " "1, " "1, " "1, " "1, " "1, " "1, " "1, " "1, " "1, " "1, " "1, " "1, " "1, " "1, " "1, " "1, " "1, " "1, " "1, " "1, " "1, " "1, " "1, " "1, " "1, " "1, " "1, " "1, " "1, " "1, " "1, " "1, " "1, " "1, " "1, " "1, " "1, " "1, " "1, " "1, " "1, " "1, " "1, " "1, " "1, " "1, " "1, " "1, " "1, " "1, " "1, " "1, " "1, " "1, " "1, " "1, " "1, " "1, " "1, " "1, " "1, " "1, " "1, " "1, " "1, " "1, " "1, " "1, " "1, " "1, " "1, " "1, " "1, " "1, " "1, " "1, " "1, " "1, " "1, " "1, " "1, " "1, " "1, " "1, " "1, " "1, " "1, " "1, " "1, " "1, " "1, " "1, " "1, " "1, " "1, " "1, " "1, " "1, " "1, " "1, " "1, " "1, " "1, " "1, " "1, " "1, " "1, " "1, " "1, " "1, " "1, " "1, " "1, " "1, " "1, " "1, " "1, " "1, " "1, " "1, " "1, " "1, " "1, " "1, " "1, " "1, " "1, " "1, " "1, " "1, " "1, " "1, " "1, " "1, " "1, " "1, " "1, " "1, " "1, " "1, " "1, " "1, " "1, " "1, " "1, " "1, " "1, " "1, " "1, " "1, " "1, " "1, " "1, " "1, " "1, " "1, " "1, " "1, " "1, " "1, " "1, " "1, " "1, " "1, " "1, " "1, " "1, " "1, " "1, " "1, " "1, " "1, " "1, " "1, " "1, " "1, " "1, " "1, " "1, " "1, " "1, " "1, " "1, " "1, " "1, " "1, " "1, " "1, " "1, " "1, " "1, " "1, " "1, " "1, " "1, " "1, " "1, " "1, " "1, " "1, " "1, " "1, " "1, " "1, " "1, " "1, " "1, " "1, " "1, " "1, " "1, " "1, " "1, " "1, " "1, " "1, " "1, " "1, " "1, " "1, " "1, " "1, " "1, " "1, " "1, " "1, " "1, " "1, " "1, " "1, " "1, " "1, " "1, " "1, " "1, " "1, " "1, " "1, " "1, " "1, " "1, " "1, " "1, " "1, " "1, " "1, " "1, " "1, " "1, " "1, " "1, " "1, " "1, " "1, " "1, " "1, " "1, " "1, " "1, " "1, " "1, " "1, " "1, " "1, " "1, " "1, " "1, " "1, " "1, " "1, " "1, " "1, " "1, " "1, " "1, " "1, " "1, " "1, " "1, " "1, " "1, " "1, " "1, " "1, " "1, " "1, " "1, " "1, " "1, " "1, " "1, " "1, " "1, " "1, " "1, " "1, " "1, " "1, " "1, " "1, " "1, " "1, " "1, " "1, " "1, " "1, " "1, " "1, " "1, " "1, " "1, " "1, " "1, " "1, " "1, " "1, " "1, " "1, " "1, " "1, " "1, " "1, " "1, " "1, " "1, " "1, " "1, " "1, " "1, " "1, " "1, " "1, " "1, " "1, " "1, " "1, " "1, " "1, " "0, " "1, " "1, " "1, " "1, " "1, " "1, " "1, " "1, " "1, " "1, " "1, " "1, " "1, " "1, " "1, " "1, " "1, " "1, " "1, " "1, " "1, " "1, " "1, " "1, " "1, " "1, " "1, " "1, " "1, " "1, " "1, " "1, " "1, " "1, " "1, " "1, " "1, " "1, " "1, " "1, " "1, " "1, " "1, " "1, " "1, " "1, " "1, " "1, " "1, " "1, " "1, " "1, " "1, " "1, " "1, " "1, " "1, " "1, " "1, " "1, " "1, " "1, " "1, " "1, " "1, " "1, " "1, " "1, " "1, " "1, " "1, " "1, " "1, " "1, " "1, " "1, " "1, " "1, " "1, " "1, " "1, " "1, " "1, " "1, " "1, " "1, "204
 "Nei427, 0.038, " "0.015, " "1, " "1, " "1, " "1, " "1, " "1, " "1, " "1, " "1, " "1, " "1, " "1, " "1, " "1, " "1, " "1, " "1, " "1, " "1, " "1, " "1, " "1, " "1, " "1, " "1, " "1, " "1, " "1, " "1, " "1, " "1, " "1, " "1, " "1, " "1, " "1, " "1, " "1, " "1, " "1, " "1, " "1, " "1, " "1, " "1, " "1, " "1, " "1, " "1, " "1, " "1, " "1, " "1, " "1, " "1, " "1, " "1, " "1, " "1, " "1, " "1, " "1, " "1, " "1, " "1, " "1, " "1, " "1, " "1, " "1, " "1, " "1, " "1, " "1, " "1, " "1, " "1, " "1, " "1, " "1, " "1, " "1, " "1, " "1, " "1, " "1, " "1, " "1, " "1, " "1, " "1, " "1, " "1, " "1, " "1, " "1, " "1, " "1, " "1, " "1, " "1, " "1, " "1, " "1, " "1, " "1, " "1, " "1, " "1, " "1, " "1, " "1, " "1, " "1, " "1, " "1, " "1, " "1, " "1, " "1, " "1, " "1, " "1, " "1, " "1, " "1, " "1, " "1, " "1, " "1, " "1, " "1, " "1, " "1, " "1, " "1, " "1, " "1, " "1, " "1, " "1, " "1, " "1, " "1, " "1, " "1, " "1, " "1, " "1, " "1, " "1, " "1, " "1, " "1, " "1, " "1, " "1, " "1, " "1, " "1, " "1, " "1, " "1, " "1, " "1, " "1, " "1, " "1, " "1, " "1, " "1, " "1, " "1, " "1, " "1, " "1, " "1, " "1, " "1, " "1, " "1, " "1, " "1, " "1, " "1, " "1, " "1, " "1, " "1, " "1, " "1, " "1, " "1, " "1, " "1, " "1, " "1, " "1, " "1, " "1, " "1, " "1, " "1, " "1, " "1, " "1, " "1, " "1, " "1, " "1, " "1, " "1, " "1, " "1, " "1, " "1, " "1, " "1, " "1, " "1, " "1, " "1, " "1, " "1, " "1, " "1, " "1, " "1, " "1, " "1, " "1, " "1, " "1, " "1, " "1, " "1, " "1, " "1, " "1, " "1, " "1, " "1, " "1, " "1, " "1, " "1, " "1, " "1, " "1, " "1, " "1, " "1, " "1, " "1, " "1, " "1, " "1, " "1, " "1, " "1, " "1, " "1, " "1, " "1, " "1, " "1, " "1, " "1, " "1, " "1, " "1, " "1, " "1, " "1, " "1, " "1, " "1, " "1, " "1, " "1, " "1, " "1, " "1, " "1, " "1, " "1, " "1, " "1, " "1, " "1, " "1, " "1, " "1, " "1, " "1, " "1, " "1, " "1, " "1, " "1, " "1, " "1, " "1, " "1, " "1, " "1, " "1, " "1, " "1, " "1, " "1, " "1, " "1, " "1, " "1, " "1, " "1, " "1, " "1, " "1, " "1, " "1, " "1, " "1, " "1, " "1, " "1, " "1, " "1, " "1, " "1, " "1, " "1, " "1, " "1, " "1, " "1, " "1, " "1, " "1, " "1, " "1, " "1, " "1, " "1, " "1, " "1, " "1, " "1, " "1, " "1, " "1, " "1, " "1, " "1, " "1, " "1, " "1, " "1, " "1, " "1, " "1, " "1, " "1, " "1, " "1, " "1, " "1, " "1, " "1, " "1, " "1, " "1, " "1, " "1, " "1, " "1, " "1, " "1, " "1, " "1, " "1, " "1, " "1, " "1, " "1, " "1, " "1, " "1, " "1, " "1, " "1, " "1, " "1, " "1, " "1, " "1, " "1, " "1, " "1, " "1, " "1, " "1, " "1, " "1, " "1, " "1, " "1, " "1, " "1, " "1, " "1, " "1, " "1, " "1, " "1, " "1, " "1, " "1, " "1, " "1, " "1, " "1, " "1, " "1, " "1, " "1, " "0, " "1, " "1, " "1, " "1, " "1, " "1, " "1, " "1, " "1, " "1, " "1, " "1, " "1, " "1, " "1, " "1, " "1, " "1, " "1, " "1, " "1, " "1, " "1, " "1, " "1, " "1, " "1, " "1, " "1, " "1, " "1, " "1, " "1, " "1, " "1, " "1, " "1, " "1, " "1, " "1, " "1, " "1, " "1, " "1, " "1, " "1, " "1, " "1, " "1, " "1, " "1, " "1, " "1, " "1, " "1, " "1, " "1, " "1, " "1, " "1, " "1, " "1, " "1, " "1, " "1, " "1, " "1, " "1, " "1, " "1, " "1, " "1, " "1, " "1, " "1, " "1, " "1, " "1, " "1, " "1, " "1, " "1, " "1, " "1, " "1, "204
 "Nei428, 0.286, " "0.015, " "1, " "1, " "1, " "1, " "1, " "1, " "1, " "1, " "1, " "1, " "1, " "1, " "1, " "1, " "1, " "1, " "1, " "1, " "1, " "1, " "1, " "1, " "1, " "1, " "1, " "1, " "1, " "1, " "1, " "1, " "1, " "1, " "1, " "1, " "1, " "1, " "1, " "1, " "1, " "1, " "1, " "1, " "1, " "1, " "1, " "1, " "1, " "1, " "1, " "1, " "1, " "1, " "1, " "1, " "1, " "1, " "1, " "1, " "1, " "1, " "1, " "1, " "1, " "1, " "1, " "1, " "1, " "1, " "1, " "1, " "1, " "1, " "1, " "1, " "1, " "1, " "1, " "1, " "1, " "1, " "1, " "1, " "1, " "1, " "1, " "1, " "1, " "1, " "1, " "1, " "1, " "1, " "1, " "1, " "1, " "1, " "1, " "1, " "1, " "1, " "1, " "1, " "1, " "1, " "1, " "1, " "1, " "1, " "1, " "1, " "1, " "1, " "1, " "1, " "1, " "1, " "1, " "1, " "1, " "1, " "1, " "1, " "1, " "1, " "1, " "1, " "1, " "1, " "1, " "1, " "1, " "1, " "1, " "1, " "1, " "1, " "1, " "1, " "1, " "1, " "1, " "1, " "1, " "1, " "1, " "1, " "1, " "1, " "1, " "1, " "1, " "1, " "1, " "1, " "1, " "1, " "1, " "1, " "1, " "1, " "1, " "1, " "1, " "1, " "1, " "1, " "1, " "1, " "1, " "1, " "1, " "1, " "1, " "1, " "1, " "1, " "1, " "1, " "1, " "1, " "1, " "1, " "1, " "1, " "1, " "1, " "1, " "1, " "1, " "1, " "1, " "1, " "1, " "1, " "1, " "1, " "1, " "1, " "1, " "1, " "1, " "1, " "1, " "1, " "1, " "1, " "1, " "1, " "1, " "1, " "1, " "1, " "1, " "1, " "1, " "1, " "1, " "1, " "1, " "1, " "1, " "1, " "1, " "1, " "1, " "1, " "1, " "1, " "1, " "1, " "1, " "1, " "1, " "1, " "1, " "1, " "1, " "1, " "1, " "1, " "1, " "1, " "1, " "1, " "1, " "1, " "1, " "1, " "1, " "1, " "1, " "1, " "1, " "1, " "1, " "1, " "1, " "1, " "1, " "1, " "1, " "1, " "1, " "1, " "1, " "1, " "1, " "1, " "1, " "1, " "1, " "1, " "1, " "1, " "1, " "1, " "1, " "1, " "1, " "1, " "1, " "1, " "1, " "1, " "1, " "1, " "1, " "1, " "1, " "1, " "1, " "1, " "1, " "1, " "1, " "1, " "1, " "1, " "1, " "1, " "1, " "1, " "1, " "1, " "1, " "1, " "1, " "1, " "1, " "1, " "1, " "1, " "1, " "1, " "1, " "1, " "1, " "1, " "1, " "1, " "1, " "1, " "1, " "1, " "1, " "1, " "1, " "1, " "1, " "1, " "1, " "1, " "1, " "1, " "1, " "1, " "1, " "1, " "1, " "1, " "1, " "1, " "1, " "1, " "1, " "1, " "1, " "1, " "1, " "1, " "1, " "1, " "1, " "1, " "1, " "1, " "1, " "1, " "1, " "1, " "1, " "1, " "1, " "1, " "1, " "1, " "1, " "1, " "1, " "1, " "1, " "1, " "1, " "1, " "1, " "1, " "1, " "1, " "1, " "1, " "1, " "1, " "1, " "1, " "1, " "1, " "1, " "1, " "1, " "1, " "1, " "1, " "1, " "1, " "1, " "1, " "1, " "1, " "1, " "1, " "1, " "1, " "1, " "1, " "1, " "1, " "1, " "1, " "1, " "1, " "1, " "1, " "1, " "1, " "1, " "1, " "1, " "1, " "1, " "1, " "1, " "1, " "1, " "1, " "1, " "1, " "1, " "1, " "0, " "1, " "1, " "1, " "1, " "1, " "1, " "1, " "1, " "1, " "1, " "1, " "1, " "1, " "1, " "1, " "1, " "1, " "1, " "1, " "1, " "1, " "1, " "1, " "1, " "1, " "1, " "1, " "1, " "1, " "1, " "1, " "1, " "1, " "1, " "1, " "1, " "1, " "1, " "1, " "1, " "1, " "1, " "1, " "1, " "1, " "1, " "1, " "1, " "1, " "1, " "1, " "1, " "1, " "1, " "1, " "1, " "1, " "1, " "1, " "1, " "1, " "1, " "1, " "1, " "1, " "1, " "1, " "1, " "1, " "1, " "1, " "1, " "1, " "1, " "1, " "1, " "1, " "1, " "1, " "1, " "1, " "1, " "1, " "1, "204
 "Nei429, 0.022, " "0.015, " "1, " "1, " "1, " "1, " "1, " "1, " "1, " "1, " "1, " "1, " "1, " "1, " "1, " "1, " "1, " "1, " "1, " "1, " "1, " "1, " "1, " "1, " "1, " "1, " "1, " "1, " "1, " "1, " "1, " "1, " "1, " "1, " "1, " "1, " "1, " "1, " "1, " "1, " "1, " "1, " "1, " "1, " "1, " "1, " "1, " "1, " "1, " "1, " "1, " "1, " "1, " "1, " "1, " "1, " "1, " "1, " "1, " "1, " "1, " "1, " "1, " "1, " "1, " "1, " "1, " "1, " "1, " "1, " "1, " "1, " "1, " "1, " "1, " "1, " "1, " "1, " "1, " "1, " "1, " "1, " "1, " "1, " "1, " "1, " "1, " "1, " "1, " "1, " "1, " "1, " "1, " "1, " "1, " "1, " "1, " "1, " "1, " "1, " "1, " "1, " "1, " "1, " "1, " "1, " "1, " "1, " "1, " "1, " "1, " "1, " "1, " "1, " "1, " "1, " "1, " "1, " "1, " "1, " "1, " "1, " "1, " "1, " "1, " "1, " "1, " "1, " "1, " "1, " "1, " "1, " "1, " "1, " "1, " "1, " "1, " "1, " "1, " "1, " "1, " "1, " "1, " "1, " "1, " "1, " "1, " "1, " "1, " "1, " "1, " "1, " "1, " "1, " "1, " "1, " "1, " "1, " "1, " "1, " "1, " "1, " "1, " "1, " "1, " "1, " "1, " "1, " "1, " "1, " "1, " "1, " "1, " "1, " "1, " "1, " "1, " "1, " "1, " "1, " "1, " "1, " "1, " "1, " "1, " "1, " "1, " "1, " "1, " "1, " "1, " "1, " "1, " "1, " "1, " "1, " "1, " "1, " "1, " "1, " "1, " "1, " "1, " "1, " "1, " "1, " "1, " "1, " "1, " "1, " "1, " "1, " "1, " "1, " "1, " "1, " "1, " "1, " "1, " "1, " "1, " "1, " "1, " "1, " "1, " "1, " "1, " "1, " "1, " "1, " "1, " "1, " "1, " "1, " "1, " "1, " "1, " "1, " "1, " "1, " "1, " "1, " "1, " "1, " "1, " "1, " "1, " "1, " "1, " "1, " "1, " "1, " "1, " "1, " "1, " "1, " "1, " "1, " "1, " "1, " "1, " "1, " "1, " "1, " "1, " "1, " "1, " "1, " "1, " "1, " "1, " "1, " "1, " "1, " "1, " "1, " "1, " "1, " "1, " "1, " "1, " "1, " "1, " "1, " "1, " "1, " "1, " "1, " "1, " "1, " "1, " "1, " "1, " "1, " "1, " "1, " "1, " "1, " "1, " "1, " "1, " "1, " "1, " "1, " "1, " "1, " "1, " "1, " "1, " "1, " "1, " "1, " "1, " "1, " "1, " "1, " "1, " "1, " "1, " "1, " "1, " "1, " "1, " "1, " "1, " "1, " "1, " "1, " "1, " "1, " "1, " "1, " "1, " "1, " "1, " "1, " "1, " "1, " "1, " "1, " "1, " "1, " "1, " "1, " "1, " "1, " "1, " "1, " "1, " "1, " "1, " "1, " "1, " "1, " "1, " "1, " "1, " "1, " "1, " "1, " "1, " "1, " "1, " "1, " "1, " "1, " "1, " "1, " "1, " "1, " "1, " "1, " "1, " "1, " "1, " "1, " "1, " "1, " "1, " "1, " "1, " "1, " "1, " "1, " "1, " "1, " "1, " "1, " "1, " "1, " "1, " "1, " "1, " "1, " "1, " "1, " "1, " "1, " "1, " "1, " "1, " "1, " "1, " "1, " "1, " "1, " "1, " "1, " "1, " "1, " "1, " "1, " "1, " "1, " "1, " "1, " "1, " "1, " "1, " "1, " "1, " "1, " "1, " "1, " "1, " "1, " "1, " "1, " "1, " "1, " "1, " "0, " "1, " "1, " "1, " "1, " "1, " "1, " "1, " "1, " "1, " "1, " "1, " "1, " "1, " "1, " "1, " "1, " "1, " "1, " "1, " "1, " "1, " "1, " "1, " "1, " "1, " "1, " "1, " "1, " "1, " "1, " "1, " "1, " "1, " "1, " "1, " "1, " "1, " "1, " "1, " "1, " "1, " "1, " "1, " "1, " "1, " "1, " "1, " "1, " "1, " "1, " "1, " "1, " "1, " "1, " "1, " "1, " "1, " "1, " "1, " "1, " "1, " "1, " "1, " "1, " "1, " "1, " "1, " "1, " "1, " "1, " "1, " "1, " "1, " "1, " "1, " "1, " "1, " "1, " "1, " "1, " "1, " "1, " "1, "204
 "Nei430, 0.303, " "0.015, " "1, " "1, " "1, " "1, " "1, " "1, " "1, " "1, " "1, " "1, " "1, " "1, " "1, " "1, " "1, " "1, " "1, " "1, " "1, " "1, " "1, " "1, " "1, " "1, " "1, " "1, " "1, " "1, " "1, " "1, " "1, " "1, " "1, " "1, " "1, " "1, " "1, " "1, " "1, " "1, " "1, " "1, " "1, " "1, " "1, " "1, " "1, " "1, " "1, " "1, " "1, " "1, " "1, " "1, " "1, " "1, " "1, " "1, " "1, " "1, " "1, " "1, " "1, " "1, " "1, " "1, " "1, " "1, " "1, " "1, " "1, " "1, " "1, " "1, " "1, " "1, " "1, " "1, " "1, " "1, " "1, " "1, " "1, " "1, " "1, " "1, " "1, " "1, " "1, " "1, " "1, " "1, " "1, " "1, " "1, " "1, " "1, " "1, " "1, " "1, " "1, " "1, " "1, " "1, " "1, " "1, " "1, " "1, " "1, " "1, " "1, " "1, " "1, " "1, " "1, " "1, " "1, " "1, " "1, " "1, " "1, " "1, " "1, " "1, " "1, " "1, " "1, " "1, " "1, " "1, " "1, " "1, " "1, " "1, " "1, " "1, " "1, " "1, " "1, " "1, " "1, " "1, " "1, " "1, " "1, " "1, " "1, " "1, " "1, " "1, " "1, " "1, " "1, " "1, " "1, " "1, " "1, " "1, " "1, " "1, " "1, " "1, " "1, " "1, " "1, " "1, " "1, " "1, " "1, " "1, " "1, " "1, " "1, " "1, " "1, " "1, " "1, " "1, " "1, " "1, " "1, " "1, " "1, " "1, " "1, " "1, " "1, " "1, " "1, " "1, " "1, " "1, " "1, " "1, " "1, " "1, " "1, " "1, " "1, " "1, " "1, " "1, " "1, " "1, " "1, " "1, " "1, " "1, " "1, " "1, " "1, " "1, " "1, " "1, " "1, " "1, " "1, " "1, " "1, " "1, " "1, " "1, " "1, " "1, " "1, " "1, " "1, " "1, " "1, " "1, " "1, " "1, " "1, " "1, " "1, " "1, " "1, " "1, " "1, " "1, " "1, " "1, " "1, " "1, " "1, " "1, " "1, " "1, " "1, " "1, " "1, " "1, " "1, " "1, " "1, " "1, " "1, " "1, " "1, " "1, " "1, " "1, " "1, " "1, " "1, " "1, " "1, " "1, " "1, " "1, " "1, " "1, " "1, " "1, " "1, " "1, " "1, " "1, " "1, " "1, " "1, " "1, " "1, " "1, " "1, " "1, " "1, " "1, " "1, " "1, " "1, " "1, " "1, " "1, " "1, " "1, " "1, " "1, " "1, " "1, " "1, " "1, " "1, " "1, " "1, " "1, " "1, " "1, " "1, " "1, " "1, " "1, " "1, " "1, " "1, " "1, " "1, " "1, " "1, " "1, " "1, " "1, " "1, " "1, " "1, " "1, " "1, " "1, " "1, " "1, " "1, " "1, " "1, " "1, " "1, " "1, " "1, " "1, " "1, " "1, " "1, " "1, " "1, " "1, " "1, " "1, " "1, " "1, " "1, " "1, " "1, " "1, " "1, " "1, " "1, " "1, " "1, " "1, " "1, " "1, " "1, " "1, " "1, " "1, " "1, " "1, " "1, " "1, " "1, " "1, " "1, " "1, " "1, " "1, " "1, " "1, " "1, " "1, " "1, " "1, " "1, " "1, " "1, " "1, " "1, " "1, " "1, " "1, " "1, " "1, " "1, " "1, " "1, " "1, " "1, " "1, " "1, " "1, " "1, " "1, " "1, " "1, " "1, " "1, " "1, " "1, " "1, " "1, " "1, " "1, " "1, " "1, " "1, " "1, " "1, " "1, " "1, " "1, " "1, " "1, " "1, " "1, " "1, " "1, " "1, " "1, " "1, " "1, " "1, " "1, " "0, " "1, " "1, " "1, " "1, " "1, " "1, " "1, " "1, " "1, " "1, " "1, " "1, " "1, " "1, " "1, " "1, " "1, " "1, " "1, " "1, " "1, " "1, " "1, " "1, " "1, " "1, " "1, " "1, " "1, " "1, " "1, " "1, " "1, " "1, " "1, " "1, " "1, " "1, " "1, " "1, " "1, " "1, " "1, " "1, " "1, " "1, " "1, " "1, " "1, " "1, " "1, " "1, " "1, " "1, " "1, " "1, " "1, " "1, " "1, " "1, " "1, " "1, " "1, " "1, " "1, " "1, " "1, " "1, " "1, " "1, " "1, " "1, " "1, " "1, " "1, " "1, " "1, " "1, " "1, " "1, " "1, " "1, "204
 "Nei431, 0.061, " "0.015, " "1, " "1, " "1, " "1, " "1, " "1, " "1, " "1, " "1, " "1, " "1, " "1, " "1, " "1, " "1, " "1, " "1, " "1, " "1, " "1, " "1, " "1, " "1, " "1, " "1, " "1, " "1, " "1, " "1, " "1, " "1, " "1, " "1, " "1, " "1, " "1, " "1, " "1, " "1, " "1, " "1, " "1, " "1, " "1, " "1, " "1, " "1, " "1, " "1, " "1, " "1, " "1, " "1, " "1, " "1, " "1, " "1, " "1, " "1, " "1, " "1, " "1, " "1, " "1, " "1, " "1, " "1, " "1, " "1, " "1, " "1, " "1, " "1, " "1, " "1, " "1, " "1, " "1, " "1, " "1, " "1, " "1, " "1, " "1, " "1, " "1, " "1, " "1, " "1, " "1, " "1, " "1, " "1, " "1, " "1, " "1, " "1, " "1, " "1, " "1, " "1, " "1, " "1, " "1, " "1, " "1, " "1, " "1, " "1, " "1, " "1, " "1, " "1, " "1, " "1, " "1, " "1, " "1, " "1, " "1, " "1, " "1, " "1, " "1, " "1, " "1, " "1, " "1, " "1, " "1, " "1, " "1, " "1, " "1, " "1, " "1, " "1, " "1, " "1, " "1, " "1, " "1, " "1, " "1, " "1, " "1, " "1, " "1, " "1, " "1, " "1, " "1, " "1, " "1, " "1, " "1, " "1, " "1, " "1, " "1, " "1, " "1, " "1, " "1, " "1, " "1, " "1, " "1, " "1, " "1, " "1, " "1, " "1, " "1, " "1, " "1, " "1, " "1, " "1, " "1, " "1, " "1, " "1, " "1, " "1, " "1, " "1, " "1, " "1, " "1, " "1, " "1, " "1, " "1, " "1, " "1, " "1, " "1, " "1, " "1, " "1, " "1, " "1, " "1, " "1, " "1, " "1, " "1, " "1, " "1, " "1, " "1, " "1, " "1, " "1, " "1, " "1, " "1, " "1, " "1, " "1, " "1, " "1, " "1, " "1, " "1, " "1, " "1, " "1, " "1, " "1, " "1, " "1, " "1, " "1, " "1, " "1, " "1, " "1, " "1, " "1, " "1, " "1, " "1, " "1, " "1, " "1, " "1, " "1, " "1, " "1, " "1, " "1, " "1, " "1, " "1, " "1, " "1, " "1, " "1, " "1, " "1, " "1, " "1, " "1, " "1, " "1, " "1, " "1, " "1, " "1, " "1, " "1, " "1, " "1, " "1, " "1, " "1, " "1, " "1, " "1, " "1, " "1, " "1, " "1, " "1, " "1, " "1, " "1, " "1, " "1, " "1, " "1, " "1, " "1, " "1, " "1, " "1, " "1, " "1, " "1, " "1, " "1, " "1, " "1, " "1, " "1, " "1, " "1, " "1, " "1, " "1, " "1, " "1, " "1, " "1, " "1, " "1, " "1, " "1, " "1, " "1, " "1, " "1, " "1, " "1, " "1, " "1, " "1, " "1, " "1, " "1, " "1, " "1, " "1, " "1, " "1, " "1, " "1, " "1, " "1, " "1, " "1, " "1, " "1, " "1, " "1, " "1, " "1, " "1, " "1, " "1, " "1, " "1, " "1, " "1, " "1, " "1, " "1, " "1, " "1, " "1, " "1, " "1, " "1, " "1, " "1, " "1, " "1, " "1, " "1, " "1, " "1, " "1, " "1, " "1, " "1, " "1, " "1, " "1, " "1, " "1, " "1, " "1, " "1, " "1, " "1, " "1, " "1, " "1, " "1, " "1, " "1, " "1, " "1, " "1, " "1, " "1, " "1, " "1, " "1, " "1, " "1, " "1, " "1, " "1, " "1, " "1, " "1, " "1, " "1, " "1, " "1, " "1, " "1, " "1, " "1, " "1, " "1, " "1, " "1, " "1, " "1, " "1, " "1, " "1, " "1, " "1, " "1, " "1, " "1, " "0, " "1, " "1, " "1, " "1, " "1, " "1, " "1, " "1, " "1, " "1, " "1, " "1, " "1, " "1, " "1, " "1, " "1, " "1, " "1, " "1, " "1, " "1, " "1, " "1, " "1, " "1, " "1, " "1, " "1, " "1, " "1, " "1, " "1, " "1, " "1, " "1, " "1, " "1, " "1, " "1, " "1, " "1, " "1, " "1, " "1, " "1, " "1, " "1, " "1, " "1, " "1, " "1, " "1, " "1, " "1, " "1, " "1, " "1, " "1, " "1, " "1, " "1, " "1, " "1, " "1, " "1, " "1, " "1, " "1, " "1, " "1, " "1, " "1, " "1, " "1, " "1, " "1, " "1, " "1, " "1, " "1, "204
 "Nei432, 0.363, " "0.015, " "1, " "1, " "1, " "1, " "1, " "1, " "1, " "1, " "1, " "1, " "1, " "1, " "1, " "1, " "1, " "1, " "1, " "1, " "1, " "1, " "1, " "1, " "1, " "1, " "1, " "1, " "1, " "1, " "1, " "1, " "1, " "1, " "1, " "1, " "1, " "1, " "1, " "1, " "1, " "1, " "1, " "1, " "1, " "1, " "1, " "1, " "1, " "1, " "1, " "1, " "1, " "1, " "1, " "1, " "1, " "1, " "1, " "1, " "1, " "1, " "1, " "1, " "1, " "1, " "1, " "1, " "1, " "1, " "1, " "1, " "1, " "1, " "1, " "1, " "1, " "1, " "1, " "1, " "1, " "1, " "1, " "1, " "1, " "1, " "1, " "1, " "1, " "1, " "1, " "1, " "1, " "1, " "1, " "1, " "1, " "1, " "1, " "1, " "1, " "1, " "1, " "1, " "1, " "1, " "1, " "1, " "1, " "1, " "1, " "1, " "1, " "1, " "1, " "1, " "1, " "1, " "1, " "1, " "1, " "1, " "1, " "1, " "1, " "1, " "1, " "1, " "1, " "1, " "1, " "1, " "1, " "1, " "1, " "1, " "1, " "1, " "1, " "1, " "1, " "1, " "1, " "1, " "1, " "1, " "1, " "1, " "1, " "1, " "1, " "1, " "1, " "1, " "1, " "1, " "1, " "1, " "1, " "1, " "1, " "1, " "1, " "1, " "1, " "1, " "1, " "1, " "1, " "1, " "1, " "1, " "1, " "1, " "1, " "1, " "1, " "1, " "1, " "1, " "1, " "1, " "1, " "1, " "1, " "1, " "1, " "1, " "1, " "1, " "1, " "1, " "1, " "1, " "1, " "1, " "1, " "1, " "1, " "1, " "1, " "1, " "1, " "1, " "1, " "1, " "1, " "1, " "1, " "1, " "1, " "1, " "1, " "1, " "1, " "1, " "1, " "1, " "1, " "1, " "1, " "1, " "1, " "1, " "1, " "1, " "1, " "1, " "1, " "1, " "1, " "1, " "1, " "1, " "1, " "1, " "1, " "1, " "1, " "1, " "1, " "1, " "1, " "1, " "1, " "1, " "1, " "1, " "1, " "1, " "1, " "1, " "1, " "1, " "1, " "1, " "1, " "1, " "1, " "1, " "1, " "1, " "1, " "1, " "1, " "1, " "1, " "1, " "1, " "1, " "1, " "1, " "1, " "1, " "1, " "1, " "1, " "1, " "1, " "1, " "1, " "1, " "1, " "1, " "1, " "1, " "1, " "1, " "1, " "1, " "1, " "1, " "1, " "1, " "1, " "1, " "1, " "1, " "1, " "1, " "1, " "1, " "1, " "1, " "1, " "1, " "1, " "1, " "1, " "1, " "1, " "1, " "1, " "1, " "1, " "1, " "1, " "1, " "1, " "1, " "1, " "1, " "1, " "1, " "1, " "1, " "1, " "1, " "1, " "1, " "1, " "1, " "1, " "1, " "1, " "1, " "1, " "1, " "1, " "1, " "1, " "1, " "1, " "1, " "1, " "1, " "1, " "1, " "1, " "1, " "1, " "1, " "1, " "1, " "1, " "1, " "1, " "1, " "1, " "1, " "1, " "1, " "1, " "1, " "1, " "1, " "1, " "1, " "1, " "1, " "1, " "1, " "1, " "1, " "1, " "1, " "1, " "1, " "1, " "1, " "1, " "1, " "1, " "1, " "1, " "1, " "1, " "1, " "1, " "1, " "1, " "1, " "1, " "1, " "1, " "1, " "1, " "1, " "1, " "1, " "1, " "1, " "1, " "1, " "1, " "1, " "1, " "1, " "1, " "1, " "1, " "1, " "1, " "1, " "1, " "1, " "1, " "1, " "1, " "1, " "1, " "1, " "1, " "1, " "1, " "1, " "1, " "1, " "1, " "1, " "1, " "1, " "1, " "1, " "0, " "1, " "1, " "1, " "1, " "1, " "1, " "1, " "1, " "1, " "1, " "1, " "1, " "1, " "1, " "1, " "1, " "1, " "1, " "1, " "1, " "1, " "1, " "1, " "1, " "1, " "1, " "1, " "1, " "1, " "1, " "1, " "1, " "1, " "1, " "1, " "1, " "1, " "1, " "1, " "1, " "1, " "1, " "1, " "1, " "1, " "1, " "1, " "1, " "1, " "1, " "1, " "1, " "1, " "1, " "1, " "1, " "1, " "1, " "1, " "1, " "1, " "1, " "1, " "1, " "1, " "1, " "1, " "1, " "1, " "1, " "1, " "1, " "1, " "1, " "1, " "1, " "1, " "1, " "1, " "1, "204
 "Nei433, 0.308, " "0.015, " "1, " "1, " "1, " "1, " "1, " "1, " "1, " "1, " "1, " "1, " "1, " "1, " "1, " "1, " "1, " "1, " "1, " "1, " "1, " "1, " "1, " "1, " "1, " "1, " "1, " "1, " "1, " "1, " "1, " "1, " "1, " "1, " "1, " "1, " "1, " "1, " "1, " "1, " "1, " "1, " "1, " "1, " "1, " "1, " "1, " "1, " "1, " "1, " "1, " "1, " "1, " "1, " "1, " "1, " "1, " "1, " "1, " "1, " "1, " "1, " "1, " "1, " "1, " "1, " "1, " "1, " "1, " "1, " "1, " "1, " "1, " "1, " "1, " "1, " "1, " "1, " "1, " "1, " "1, " "1, " "1, " "1, " "1, " "1, " "1, " "1, " "1, " "1, " "1, " "1, " "1, " "1, " "1, " "1, " "1, " "1, " "1, " "1, " "1, " "1, " "1, " "1, " "1, " "1, " "1, " "1, " "1, " "1, " "1, " "1, " "1, " "1, " "1, " "1, " "1, " "1, " "1, " "1, " "1, " "1, " "1, " "1, " "1, " "1, " "1, " "1, " "1, " "1, " "1, " "1, " "1, " "1, " "1, " "1, " "1, " "1, " "1, " "1, " "1, " "1, " "1, " "1, " "1, " "1, " "1, " "1, " "1, " "1, " "1, " "1, " "1, " "1, " "1, " "1, " "1, " "1, " "1, " "1, " "1, " "1, " "1, " "1, " "1, " "1, " "1, " "1, " "1, " "1, " "1, " "1, " "1, " "1, " "1, " "1, " "1, " "1, " "1, " "1, " "1, " "1, " "1, " "1, " "1, " "1, " "1, " "1, " "1, " "1, " "1, " "1, " "1, " "1, " "1, " "1, " "1, " "1, " "1, " "1, " "1, " "1, " "1, " "1, " "1, " "1, " "1, " "1, " "1, " "1, " "1, " "1, " "1, " "1, " "1, " "1, " "1, " "1, " "1, " "1, " "1, " "1, " "1, " "1, " "1, " "1, " "1, " "1, " "1, " "1, " "1, " "1, " "1, " "1, " "1, " "1, " "1, " "1, " "1, " "1, " "1, " "1, " "1, " "1, " "1, " "1, " "1, " "1, " "1, " "1, " "1, " "1, " "1, " "1, " "1, " "1, " "1, " "1, " "1, " "1, " "1, " "1, " "1, " "1, " "1, " "1, " "1, " "1, " "1, " "1, " "1, " "1, " "1, " "1, " "1, " "1, " "1, " "1, " "1, " "1, " "1, " "1, " "1, " "1, " "1, " "1, " "1, " "1, " "1, " "1, " "1, " "1, " "1, " "1, " "1, " "1, " "1, " "1, " "1, " "1, " "1, " "1, " "1, " "1, " "1, " "1, " "1, " "1, " "1, " "1, " "1, " "1, " "1, " "1, " "1, " "1, " "1, " "1, " "1, " "1, " "1, " "1, " "1, " "1, " "1, " "1, " "1, " "1, " "1, " "1, " "1, " "1, " "1, " "1, " "1, " "1, " "1, " "1, " "1, " "1, " "1, " "1, " "1, " "1, " "1, " "1, " "1, " "1, " "1, " "1, " "1, " "1, " "1, " "1, " "1, " "1, " "1, " "1, " "1, " "1, " "1, " "1, " "1, " "1, " "1, " "1, " "1, " "1, " "1, " "1, " "1, " "1, " "1, " "1, " "1, " "1, " "1, " "1, " "1, " "1, " "1, " "1, " "1, " "1, " "1, " "1, " "1, " "1, " "1, " "1, " "1, " "1, " "1, " "1, " "1, " "1, " "1, " "1, " "1, " "1, " "1, " "1, " "1, " "1, " "1, " "1, " "1, " "1, " "1, " "1, " "1, " "1, " "1, " "1, " "1, " "1, " "1, " "1, " "1, " "1, " "1, " "1, " "1, " "1, " "1, " "1, " "1, " "1, " "1, " "1, " "1, " "1, " "1, " "1, " "1, " "0, " "1, " "1, " "1, " "1, " "1, " "1, " "1, " "1, " "1, " "1, " "1, " "1, " "1, " "1, " "1, " "1, " "1, " "1, " "1, " "1, " "1, " "1, " "1, " "1, " "1, " "1, " "1, " "1, " "1, " "1, " "1, " "1, " "1, " "1, " "1, " "1, " "1, " "1, " "1, " "1, " "1, " "1, " "1, " "1, " "1, " "1, " "1, " "1, " "1, " "1, " "1, " "1, " "1, " "1, " "1, " "1, " "1, " "1, " "1, " "1, " "1, " "1, " "1, " "1, " "1, " "1, " "1, " "1, " "1, " "1, " "1, " "1, " "1, " "1, " "1, " "1, " "1, " "1, " "1, "204
 "Nei434, 0.173, " "0.015, " "1, " "1, " "1, " "1, " "1, " "1, " "1, " "1, " "1, " "1, " "1, " "1, " "1, " "1, " "1, " "1, " "1, " "1, " "1, " "1, " "1, " "1, " "1, " "1, " "1, " "1, " "1, " "1, " "1, " "1, " "1, " "1, " "1, " "1, " "1, " "1, " "1, " "1, " "1, " "1, " "1, " "1, " "1, " "1, " "1, " "1, " "1, " "1, " "1, " "1, " "1, " "1, " "1, " "1, " "1, " "1, " "1, " "1, " "1, " "1, " "1, " "1, " "1, " "1, " "1, " "1, " "1, " "1, " "1, " "1, " "1, " "1, " "1, " "1, " "1, " "1, " "1, " "1, " "1, " "1, " "1, " "1, " "1, " "1, " "1, " "1, " "1, " "1, " "1, " "1, " "1, " "1, " "1, " "1, " "1, " "1, " "1, " "1, " "1, " "1, " "1, " "1, " "1, " "1, " "1, " "1, " "1, " "1, " "1, " "1, " "1, " "1, " "1, " "1, " "1, " "1, " "1, " "1, " "1, " "1, " "1, " "1, " "1, " "1, " "1, " "1, " "1, " "1, " "1, " "1, " "1, " "1, " "1, " "1, " "1, " "1, " "1, " "1, " "1, " "1, " "1, " "1, " "1, " "1, " "1, " "1, " "1, " "1, " "1, " "1, " "1, " "1, " "1, " "1, " "1, " "1, " "1, " "1, " "1, " "1, " "1, " "1, " "1, " "1, " "1, " "1, " "1, " "1, " "1, " "1, " "1, " "1, " "1, " "1, " "1, " "1, " "1, " "1, " "1, " "1, " "1, " "1, " "1, " "1, " "1, " "1, " "1, " "1, " "1, " "1, " "1, " "1, " "1, " "1, " "1, " "1, " "1, " "1, " "1, " "1, " "1, " "1, " "1, " "1, " "1, " "1, " "1, " "1, " "1, " "1, " "1, " "1, " "1, " "1, " "1, " "1, " "1, " "1, " "1, " "1, " "1, " "1, " "1, " "1, " "1, " "1, " "1, " "1, " "1, " "1, " "1, " "1, " "1, " "1, " "1, " "1, " "1, " "1, " "1, " "1, " "1, " "1, " "1, " "1, " "1, " "1, " "1, " "1, " "1, " "1, " "1, " "1, " "1, " "1, " "1, " "1, " "1, " "1, " "1, " "1, " "1, " "1, " "1, " "1, " "1, " "1, " "1, " "1, " "1, " "1, " "1, " "1, " "1, " "1, " "1, " "1, " "1, " "1, " "1, " "1, " "1, " "1, " "1, " "1, " "1, " "1, " "1, " "1, " "1, " "1, " "1, " "1, " "1, " "1, " "1, " "1, " "1, " "1, " "1, " "1, " "1, " "1, " "1, " "1, " "1, " "1, " "1, " "1, " "1, " "1, " "1, " "1, " "1, " "1, " "1, " "1, " "1, " "1, " "1, " "1, " "1, " "1, " "1, " "1, " "1, " "1, " "1, " "1, " "1, " "1, " "1, " "1, " "1, " "1, " "1, " "1, " "1, " "1, " "1, " "1, " "1, " "1, " "1, " "1, " "1, " "1, " "1, " "1, " "1, " "1, " "1, " "1, " "1, " "1, " "1, " "1, " "1, " "1, " "1, " "1, " "1, " "1, " "1, " "1, " "1, " "1, " "1, " "1, " "1, " "1, " "1, " "1, " "1, " "1, " "1, " "1, " "1, " "1, " "1, " "1, " "1, " "1, " "1, " "1, " "1, " "1, " "1, " "1, " "1, " "1, " "1, " "1, " "1, " "1, " "1, " "1, " "1, " "1, " "1, " "1, " "1, " "1, " "1, " "1, " "1, " "1, " "1, " "1, " "1, " "1, " "1, " "1, " "1, " "1, " "1, " "1, " "1, " "1, " "1, " "1, " "1, " "1, " "1, " "1, " "1, " "1, " "1, " "1, " "1, " "1, " "1, " "1, " "1, " "1, " "0, " "1, " "1, " "1, " "1, " "1, " "1, " "1, " "1, " "1, " "1, " "1, " "1, " "1, " "1, " "1, " "1, " "1, " "1, " "1, " "1, " "1, " "1, " "1, " "1, " "1, " "1, " "1, " "1, " "1, " "1, " "1, " "1, " "1, " "1, " "1, " "1, " "1, " "1, " "1, " "1, " "1, " "1, " "1, " "1, " "1, " "1, " "1, " "1, " "1, " "1, " "1, " "1, " "1, " "1, " "1, " "1, " "1, " "1, " "1, " "1, " "1, " "1, " "1, " "1, " "1, " "1, " "1, " "1, " "1, " "1, " "1, " "1, " "1, " "1, " "1, " "1, " "1, " "1, "204
 "Nei435, 0.1, " "0.015, " "1, " "1, " "1, " "1, " "1, " "1, " "1, " "1, " "1, " "1, " "1, " "1, " "1, " "1, " "1, " "1, " "1, " "1, " "1, " "1, " "1, " "1, " "1, " "1, " "1, " "1, " "1, " "1, " "1, " "1, " "1, " "1, " "1, " "1, " "1, " "1, " "1, " "1, " "1, " "1, " "1, " "1, " "1, " "1, " "1, " "1, " "1, " "1, " "1, " "1, " "1, " "1, " "1, " "1, " "1, " "1, " "1, " "1, " "1, " "1, " "1, " "1, " "1, " "1, " "1, " "1, " "1, " "1, " "1, " "1, " "1, " "1, " "1, " "1, " "1, " "1, " "1, " "1, " "1, " "1, " "1, " "1, " "1, " "1, " "1, " "1, " "1, " "1, " "1, " "1, " "1, " "1, " "1, " "1, " "1, " "1, " "1, " "1, " "1, " "1, " "1, " "1, " "1, " "1, " "1, " "1, " "1, " "1, " "1, " "1, " "1, " "1, " "1, " "1, " "1, " "1, " "1, " "1, " "1, " "1, " "1, " "1, " "1, " "1, " "1, " "1, " "1, " "1, " "1, " "1, " "1, " "1, " "1, " "1, " "1, " "1, " "1, " "1, " "1, " "1, " "1, " "1, " "1, " "1, " "1, " "1, " "1, " "1, " "1, " "1, " "1, " "1, " "1, " "1, " "1, " "1, " "1, " "1, " "1, " "1, " "1, " "1, " "1, " "1, " "1, " "1, " "1, " "1, " "1, " "1, " "1, " "1, " "1, " "1, " "1, " "1, " "1, " "1, " "1, " "1, " "1, " "1, " "1, " "1, " "1, " "1, " "1, " "1, " "1, " "1, " "1, " "1, " "1, " "1, " "1, " "1, " "1, " "1, " "1, " "1, " "1, " "1, " "1, " "1, " "1, " "1, " "1, " "1, " "1, " "1, " "1, " "1, " "1, " "1, " "1, " "1, " "1, " "1, " "1, " "1, " "1, " "1, " "1, " "1, " "1, " "1, " "1, " "1, " "1, " "1, " "1, " "1, " "1, " "1, " "1, " "1, " "1, " "1, " "1, " "1, " "1, " "1, " "1, " "1, " "1, " "1, " "1, " "1, " "1, " "1, " "1, " "1, " "1, " "1, " "1, " "1, " "1, " "1, " "1, " "1, " "1, " "1, " "1, " "1, " "1, " "1, " "1, " "1, " "1, " "1, " "1, " "1, " "1, " "1, " "1, " "1, " "1, " "1, " "1, " "1, " "1, " "1, " "1, " "1, " "1, " "1, " "1, " "1, " "1, " "1, " "1, " "1, " "1, " "1, " "1, " "1, " "1, " "1, " "1, " "1, " "1, " "1, " "1, " "1, " "1, " "1, " "1, " "1, " "1, " "1, " "1, " "1, " "1, " "1, " "1, " "1, " "1, " "1, " "1, " "1, " "1, " "1, " "1, " "1, " "1, " "1, " "1, " "1, " "1, " "1, " "1, " "1, " "1, " "1, " "1, " "1, " "1, " "1, " "1, " "1, " "1, " "1, " "1, " "1, " "1, " "1, " "1, " "1, " "1, " "1, " "1, " "1, " "1, " "1, " "1, " "1, " "1, " "1, " "1, " "1, " "1, " "1, " "1, " "1, " "1, " "1, " "1, " "1, " "1, " "1, " "1, " "1, " "1, " "1, " "1, " "1, " "1, " "1, " "1, " "1, " "1, " "1, " "1, " "1, " "1, " "1, " "1, " "1, " "1, " "1, " "1, " "1, " "1, " "1, " "1, " "1, " "1, " "1, " "1, " "1, " "1, " "1, " "1, " "1, " "1, " "1, " "1, " "1, " "1, " "1, " "1, " "1, " "1, " "1, " "1, " "1, " "1, " "1, " "1, " "1, " "1, " "1, " "1, " "1, " "1, " "1, " "1, " "1, " "1, " "1, " "1, " "1, " "1, " "1, " "1, " "0, " "1, " "1, " "1, " "1, " "1, " "1, " "1, " "1, " "1, " "1, " "1, " "1, " "1, " "1, " "1, " "1, " "1, " "1, " "1, " "1, " "1, " "1, " "1, " "1, " "1, " "1, " "1, " "1, " "1, " "1, " "1, " "1, " "1, " "1, " "1, " "1, " "1, " "1, " "1, " "1, " "1, " "1, " "1, " "1, " "1, " "1, " "1, " "1, " "1, " "1, " "1, " "1, " "1, " "1, " "1, " "1, " "1, " "1, " "1, " "1, " "1, " "1, " "1, " "1, " "1, " "1, " "1, " "1, " "1, " "1, " "1, " "1, " "1, " "1, " "1, " "1, " "1, "204
 "Nei436, 0.314, " "0.015, " "1, " "1, " "1, " "1, " "1, " "1, " "1, " "1, " "1, " "1, " "1, " "1, " "1, " "1, " "1, " "1, " "1, " "1, " "1, " "1, " "1, " "1, " "1, " "1, " "1, " "1, " "1, " "1, " "1, " "1, " "1, " "1, " "1, " "1, " "1, " "1, " "1, " "1, " "1, " "1, " "1, " "1, " "1, " "1, " "1, " "1, " "1, " "1, " "1, " "1, " "1, " "1, " "1, " "1, " "1, " "1, " "1, " "1, " "1, " "1, " "1, " "1, " "1, " "1, " "1, " "1, " "1, " "1, " "1, " "1, " "1, " "1, " "1, " "1, " "1, " "1, " "1, " "1, " "1, " "1, " "1, " "1, " "1, " "1, " "1, " "1, " "1, " "1, " "1, " "1, " "1, " "1, " "1, " "1, " "1, " "1, " "1, " "1, " "1, " "1, " "1, " "1, " "1, " "1, " "1, " "1, " "1, " "1, " "1, " "1, " "1, " "1, " "1, " "1, " "1, " "1, " "1, " "1, " "1, " "1, " "1, " "1, " "1, " "1, " "1, " "1, " "1, " "1, " "1, " "1, " "1, " "1, " "1, " "1, " "1, " "1, " "1, " "1, " "1, " "1, " "1, " "1, " "1, " "1, " "1, " "1, " "1, " "1, " "1, " "1, " "1, " "1, " "1, " "1, " "1, " "1, " "1, " "1, " "1, " "1, " "1, " "1, " "1, " "1, " "1, " "1, " "1, " "1, " "1, " "1, " "1, " "1, " "1, " "1, " "1, " "1, " "1, " "1, " "1, " "1, " "1, " "1, " "1, " "1, " "1, " "1, " "1, " "1, " "1, " "1, " "1, " "1, " "1, " "1, " "1, " "1, " "1, " "1, " "1, " "1, " "1, " "1, " "1, " "1, " "1, " "1, " "1, " "1, " "1, " "1, " "1, " "1, " "1, " "1, " "1, " "1, " "1, " "1, " "1, " "1, " "1, " "1, " "1, " "1, " "1, " "1, " "1, " "1, " "1, " "1, " "1, " "1, " "1, " "1, " "1, " "1, " "1, " "1, " "1, " "1, " "1, " "1, " "1, " "1, " "1, " "1, " "1, " "1, " "1, " "1, " "1, " "1, " "1, " "1, " "1, " "1, " "1, " "1, " "1, " "1, " "1, " "1, " "1, " "1, " "1, " "1, " "1, " "1, " "1, " "1, " "1, " "1, " "1, " "1, " "1, " "1, " "1, " "1, " "1, " "1, " "1, " "1, " "1, " "1, " "1, " "1, " "1, " "1, " "1, " "1, " "1, " "1, " "1, " "1, " "1, " "1, " "1, " "1, " "1, " "1, " "1, " "1, " "1, " "1, " "1, " "1, " "1, " "1, " "1, " "1, " "1, " "1, " "1, " "1, " "1, " "1, " "1, " "1, " "1, " "1, " "1, " "1, " "1, " "1, " "1, " "1, " "1, " "1, " "1, " "1, " "1, " "1, " "1, " "1, " "1, " "1, " "1, " "1, " "1, " "1, " "1, " "1, " "1, " "1, " "1, " "1, " "1, " "1, " "1, " "1, " "1, " "1, " "1, " "1, " "1, " "1, " "1, " "1, " "1, " "1, " "1, " "1, " "1, " "1, " "1, " "1, " "1, " "1, " "1, " "1, " "1, " "1, " "1, " "1, " "1, " "1, " "1, " "1, " "1, " "1, " "1, " "1, " "1, " "1, " "1, " "1, " "1, " "1, " "1, " "1, " "1, " "1, " "1, " "1, " "1, " "1, " "1, " "1, " "1, " "1, " "1, " "1, " "1, " "1, " "1, " "1, " "1, " "1, " "1, " "1, " "1, " "1, " "1, " "1, " "1, " "1, " "1, " "1, " "1, " "1, " "1, " "1, " "1, " "1, " "1, " "1, " "1, " "1, " "1, " "1, " "1, " "1, " "1, " "1, " "1, " "1, " "0, " "1, " "1, " "1, " "1, " "1, " "1, " "1, " "1, " "1, " "1, " "1, " "1, " "1, " "1, " "1, " "1, " "1, " "1, " "1, " "1, " "1, " "1, " "1, " "1, " "1, " "1, " "1, " "1, " "1, " "1, " "1, " "1, " "1, " "1, " "1, " "1, " "1, " "1, " "1, " "1, " "1, " "1, " "1, " "1, " "1, " "1, " "1, " "1, " "1, " "1, " "1, " "1, " "1, " "1, " "1, " "1, " "1, " "1, " "1, " "1, " "1, " "1, " "1, " "1, " "1, " "1, " "1, " "1, " "1, " "1, " "1, " "1, " "1, " "1, " "1, " "1, "204
 "Nei437, 0.292, " "0.015, " "1, " "1, " "1, " "1, " "1, " "1, " "1, " "1, " "1, " "1, " "1, " "1, " "1, " "1, " "1, " "1, " "1, " "1, " "1, " "1, " "1, " "1, " "1, " "1, " "1, " "1, " "1, " "1, " "1, " "1, " "1, " "1, " "1, " "1, " "1, " "1, " "1, " "1, " "1, " "1, " "1, " "1, " "1, " "1, " "1, " "1, " "1, " "1, " "1, " "1, " "1, " "1, " "1, " "1, " "1, " "1, " "1, " "1, " "1, " "1, " "1, " "1, " "1, " "1, " "1, " "1, " "1, " "1, " "1, " "1, " "1, " "1, " "1, " "1, " "1, " "1, " "1, " "1, " "1, " "1, " "1, " "1, " "1, " "1, " "1, " "1, " "1, " "1, " "1, " "1, " "1, " "1, " "1, " "1, " "1, " "1, " "1, " "1, " "1, " "1, " "1, " "1, " "1, " "1, " "1, " "1, " "1, " "1, " "1, " "1, " "1, " "1, " "1, " "1, " "1, " "1, " "1, " "1, " "1, " "1, " "1, " "1, " "1, " "1, " "1, " "1, " "1, " "1, " "1, " "1, " "1, " "1, " "1, " "1, " "1, " "1, " "1, " "1, " "1, " "1, " "1, " "1, " "1, " "1, " "1, " "1, " "1, " "1, " "1, " "1, " "1, " "1, " "1, " "1, " "1, " "1, " "1, " "1, " "1, " "1, " "1, " "1, " "1, " "1, " "1, " "1, " "1, " "1, " "1, " "1, " "1, " "1, " "1, " "1, " "1, " "1, " "1, " "1, " "1, " "1, " "1, " "1, " "1, " "1, " "1, " "1, " "1, " "1, " "1, " "1, " "1, " "1, " "1, " "1, " "1, " "1, " "1, " "1, " "1, " "1, " "1, " "1, " "1, " "1, " "1, " "1, " "1, " "1, " "1, " "1, " "1, " "1, " "1, " "1, " "1, " "1, " "1, " "1, " "1, " "1, " "1, " "1, " "1, " "1, " "1, " "1, " "1, " "1, " "1, " "1, " "1, " "1, " "1, " "1, " "1, " "1, " "1, " "1, " "1, " "1, " "1, " "1, " "1, " "1, " "1, " "1, " "1, " "1, " "1, " "1, " "1, " "1, " "1, " "1, " "1, " "1, " "1, " "1, " "1, " "1, " "1, " "1, " "1, " "1, " "1, " "1, " "1, " "1, " "1, " "1, " "1, " "1, " "1, " "1, " "1, " "1, " "1, " "1, " "1, " "1, " "1, " "1, " "1, " "1, " "1, " "1, " "1, " "1, " "1, " "1, " "1, " "1, " "1, " "1, " "1, " "1, " "1, " "1, " "1, " "1, " "1, " "1, " "1, " "1, " "1, " "1, " "1, " "1, " "1, " "1, " "1, " "1, " "1, " "1, " "1, " "1, " "1, " "1, " "1, " "1, " "1, " "1, " "1, " "1, " "1, " "1, " "1, " "1, " "1, " "1, " "1, " "1, " "1, " "1, " "1, " "1, " "1, " "1, " "1, " "1, " "1, " "1, " "1, " "1, " "1, " "1, " "1, " "1, " "1, " "1, " "1, " "1, " "1, " "1, " "1, " "1, " "1, " "1, " "1, " "1, " "1, " "1, " "1, " "1, " "1, " "1, " "1, " "1, " "1, " "1, " "1, " "1, " "1, " "1, " "1, " "1, " "1, " "1, " "1, " "1, " "1, " "1, " "1, " "1, " "1, " "1, " "1, " "1, " "1, " "1, " "1, " "1, " "1, " "1, " "1, " "1, " "1, " "1, " "1, " "1, " "1, " "1, " "1, " "1, " "1, " "1, " "1, " "1, " "1, " "1, " "1, " "1, " "1, " "1, " "1, " "1, " "1, " "1, " "1, " "1, " "1, " "1, " "1, " "1, " "1, " "1, " "1, " "1, " "1, " "1, " "1, " "1, " "1, " "1, " "1, " "1, " "1, " "0, " "1, " "1, " "1, " "1, " "1, " "1, " "1, " "1, " "1, " "1, " "1, " "1, " "1, " "1, " "1, " "1, " "1, " "1, " "1, " "1, " "1, " "1, " "1, " "1, " "1, " "1, " "1, " "1, " "1, " "1, " "1, " "1, " "1, " "1, " "1, " "1, " "1, " "1, " "1, " "1, " "1, " "1, " "1, " "1, " "1, " "1, " "1, " "1, " "1, " "1, " "1, " "1, " "1, " "1, " "1, " "1, " "1, " "1, " "1, " "1, " "1, " "1, " "1, " "1, " "1, " "1, " "1, " "1, " "1, " "1, " "1, " "1, " "1, " "1, " "1, "204
 "Nei438, 0.104, " "0.015, " "1, " "1, " "1, " "1, " "1, " "1, " "1, " "1, " "1, " "1, " "1, " "1, " "1, " "1, " "1, " "1, " "1, " "1, " "1, " "1, " "1, " "1, " "1, " "1, " "1, " "1, " "1, " "1, " "1, " "1, " "1, " "1, " "1, " "1, " "1, " "1, " "1, " "1, " "1, " "1, " "1, " "1, " "1, " "1, " "1, " "1, " "1, " "1, " "1, " "1, " "1, " "1, " "1, " "1, " "1, " "1, " "1, " "1, " "1, " "1, " "1, " "1, " "1, " "1, " "1, " "1, " "1, " "1, " "1, " "1, " "1, " "1, " "1, " "1, " "1, " "1, " "1, " "1, " "1, " "1, " "1, " "1, " "1, " "1, " "1, " "1, " "1, " "1, " "1, " "1, " "1, " "1, " "1, " "1, " "1, " "1, " "1, " "1, " "1, " "1, " "1, " "1, " "1, " "1, " "1, " "1, " "1, " "1, " "1, " "1, " "1, " "1, " "1, " "1, " "1, " "1, " "1, " "1, " "1, " "1, " "1, " "1, " "1, " "1, " "1, " "1, " "1, " "1, " "1, " "1, " "1, " "1, " "1, " "1, " "1, " "1, " "1, " "1, " "1, " "1, " "1, " "1, " "1, " "1, " "1, " "1, " "1, " "1, " "1, " "1, " "1, " "1, " "1, " "1, " "1, " "1, " "1, " "1, " "1, " "1, " "1, " "1, " "1, " "1, " "1, " "1, " "1, " "1, " "1, " "1, " "1, " "1, " "1, " "1, " "1, " "1, " "1, " "1, " "1, " "1, " "1, " "1, " "1, " "1, " "1, " "1, " "1, " "1, " "1, " "1, " "1, " "1, " "1, " "1, " "1, " "1, " "1, " "1, " "1, " "1, " "1, " "1, " "1, " "1, " "1, " "1, " "1, " "1, " "1, " "1, " "1, " "1, " "1, " "1, " "1, " "1, " "1, " "1, " "1, " "1, " "1, " "1, " "1, " "1, " "1, " "1, " "1, " "1, " "1, " "1, " "1, " "1, " "1, " "1, " "1, " "1, " "1, " "1, " "1, " "1, " "1, " "1, " "1, " "1, " "1, " "1, " "1, " "1, " "1, " "1, " "1, " "1, " "1, " "1, " "1, " "1, " "1, " "1, " "1, " "1, " "1, " "1, " "1, " "1, " "1, " "1, " "1, " "1, " "1, " "1, " "1, " "1, " "1, " "1, " "1, " "1, " "1, " "1, " "1, " "1, " "1, " "1, " "1, " "1, " "1, " "1, " "1, " "1, " "1, " "1, " "1, " "1, " "1, " "1, " "1, " "1, " "1, " "1, " "1, " "1, " "1, " "1, " "1, " "1, " "1, " "1, " "1, " "1, " "1, " "1, " "1, " "1, " "1, " "1, " "1, " "1, " "1, " "1, " "1, " "1, " "1, " "1, " "1, " "1, " "1, " "1, " "1, " "1, " "1, " "1, " "1, " "1, " "1, " "1, " "1, " "1, " "1, " "1, " "1, " "1, " "1, " "1, " "1, " "1, " "1, " "1, " "1, " "1, " "1, " "1, " "1, " "1, " "1, " "1, " "1, " "1, " "1, " "1, " "1, " "1, " "1, " "1, " "1, " "1, " "1, " "1, " "1, " "1, " "1, " "1, " "1, " "1, " "1, " "1, " "1, " "1, " "1, " "1, " "1, " "1, " "1, " "1, " "1, " "1, " "1, " "1, " "1, " "1, " "1, " "1, " "1, " "1, " "1, " "1, " "1, " "1, " "1, " "1, " "1, " "1, " "1, " "1, " "1, " "1, " "1, " "1, " "1, " "1, " "1, " "1, " "1, " "1, " "1, " "1, " "1, " "1, " "1, " "1, " "1, " "1, " "1, " "1, " "1, " "1, " "1, " "1, " "1, " "1, " "1, " "1, " "1, " "1, " "1, " "1, " "1, " "1, " "1, " "1, " "0, " "1, " "1, " "1, " "1, " "1, " "1, " "1, " "1, " "1, " "1, " "1, " "1, " "1, " "1, " "1, " "1, " "1, " "1, " "1, " "1, " "1, " "1, " "1, " "1, " "1, " "1, " "1, " "1, " "1, " "1, " "1, " "1, " "1, " "1, " "1, " "1, " "1, " "1, " "1, " "1, " "1, " "1, " "1, " "1, " "1, " "1, " "1, " "1, " "1, " "1, " "1, " "1, " "1, " "1, " "1, " "1, " "1, " "1, " "1, " "1, " "1, " "1, " "1, " "1, " "1, " "1, " "1, " "1, " "1, " "1, " "1, " "1, " "1, " "1, "204
 "Nei439, 0.203, " "0.015, " "1, " "1, " "1, " "1, " "1, " "1, " "1, " "1, " "1, " "1, " "1, " "1, " "1, " "1, " "1, " "1, " "1, " "1, " "1, " "1, " "1, " "1, " "1, " "1, " "1, " "1, " "1, " "1, " "1, " "1, " "1, " "1, " "1, " "1, " "1, " "1, " "1, " "1, " "1, " "1, " "1, " "1, " "1, " "1, " "1, " "1, " "1, " "1, " "1, " "1, " "1, " "1, " "1, " "1, " "1, " "1, " "1, " "1, " "1, " "1, " "1, " "1, " "1, " "1, " "1, " "1, " "1, " "1, " "1, " "1, " "1, " "1, " "1, " "1, " "1, " "1, " "1, " "1, " "1, " "1, " "1, " "1, " "1, " "1, " "1, " "1, " "1, " "1, " "1, " "1, " "1, " "1, " "1, " "1, " "1, " "1, " "1, " "1, " "1, " "1, " "1, " "1, " "1, " "1, " "1, " "1, " "1, " "1, " "1, " "1, " "1, " "1, " "1, " "1, " "1, " "1, " "1, " "1, " "1, " "1, " "1, " "1, " "1, " "1, " "1, " "1, " "1, " "1, " "1, " "1, " "1, " "1, " "1, " "1, " "1, " "1, " "1, " "1, " "1, " "1, " "1, " "1, " "1, " "1, " "1, " "1, " "1, " "1, " "1, " "1, " "1, " "1, " "1, " "1, " "1, " "1, " "1, " "1, " "1, " "1, " "1, " "1, " "1, " "1, " "1, " "1, " "1, " "1, " "1, " "1, " "1, " "1, " "1, " "1, " "1, " "1, " "1, " "1, " "1, " "1, " "1, " "1, " "1, " "1, " "1, " "1, " "1, " "1, " "1, " "1, " "1, " "1, " "1, " "1, " "1, " "1, " "1, " "1, " "1, " "1, " "1, " "1, " "1, " "1, " "1, " "1, " "1, " "1, " "1, " "1, " "1, " "1, " "1, " "1, " "1, " "1, " "1, " "1, " "1, " "1, " "1, " "1, " "1, " "1, " "1, " "1, " "1, " "1, " "1, " "1, " "1, " "1, " "1, " "1, " "1, " "1, " "1, " "1, " "1, " "1, " "1, " "1, " "1, " "1, " "1, " "1, " "1, " "1, " "1, " "1, " "1, " "1, " "1, " "1, " "1, " "1, " "1, " "1, " "1, " "1, " "1, " "1, " "1, " "1, " "1, " "1, " "1, " "1, " "1, " "1, " "1, " "1, " "1, " "1, " "1, " "1, " "1, " "1, " "1, " "1, " "1, " "1, " "1, " "1, " "1, " "1, " "1, " "1, " "1, " "1, " "1, " "1, " "1, " "1, " "1, " "1, " "1, " "1, " "1, " "1, " "1, " "1, " "1, " "1, " "1, " "1, " "1, " "1, " "1, " "1, " "1, " "1, " "1, " "1, " "1, " "1, " "1, " "1, " "1, " "1, " "1, " "1, " "1, " "1, " "1, " "1, " "1, " "1, " "1, " "1, " "1, " "1, " "1, " "1, " "1, " "1, " "1, " "1, " "1, " "1, " "1, " "1, " "1, " "1, " "1, " "1, " "1, " "1, " "1, " "1, " "1, " "1, " "1, " "1, " "1, " "1, " "1, " "1, " "1, " "1, " "1, " "1, " "1, " "1, " "1, " "1, " "1, " "1, " "1, " "1, " "1, " "1, " "1, " "1, " "1, " "1, " "1, " "1, " "1, " "1, " "1, " "1, " "1, " "1, " "1, " "1, " "1, " "1, " "1, " "1, " "1, " "1, " "1, " "1, " "1, " "1, " "1, " "1, " "1, " "1, " "1, " "1, " "1, " "1, " "1, " "1, " "1, " "1, " "1, " "1, " "1, " "1, " "1, " "1, " "1, " "1, " "1, " "1, " "1, " "1, " "1, " "1, " "1, " "1, " "1, " "1, " "1, " "1, " "1, " "1, " "1, " "1, " "1, " "1, " "1, " "1, " "1, " "1, " "1, " "0, " "1, " "1, " "1, " "1, " "1, " "1, " "1, " "1, " "1, " "1, " "1, " "1, " "1, " "1, " "1, " "1, " "1, " "1, " "1, " "1, " "1, " "1, " "1, " "1, " "1, " "1, " "1, " "1, " "1, " "1, " "1, " "1, " "1, " "1, " "1, " "1, " "1, " "1, " "1, " "1, " "1, " "1, " "1, " "1, " "1, " "1, " "1, " "1, " "1, " "1, " "1, " "1, " "1, " "1, " "1, " "1, " "1, " "1, " "1, " "1, " "1, " "1, " "1, " "1, " "1, " "1, " "1, " "1, " "1, " "1, " "1, " "1, " "1, "204
 "Nei440, 0.181, " "0.015, " "1, " "1, " "1, " "1, " "1, " "1, " "1, " "1, " "1, " "1, " "1, " "1, " "1, " "1, " "1, " "1, " "1, " "1, " "1, " "1, " "1, " "1, " "1, " "1, " "1, " "1, " "1, " "1, " "1, " "1, " "1, " "1, " "1, " "1, " "1, " "1, " "1, " "1, " "1, " "1, " "1, " "1, " "1, " "1, " "1, " "1, " "1, " "1, " "1, " "1, " "1, " "1, " "1, " "1, " "1, " "1, " "1, " "1, " "1, " "1, " "1, " "1, " "1, " "1, " "1, " "1, " "1, " "1, " "1, " "1, " "1, " "1, " "1, " "1, " "1, " "1, " "1, " "1, " "1, " "1, " "1, " "1, " "1, " "1, " "1, " "1, " "1, " "1, " "1, " "1, " "1, " "1, " "1, " "1, " "1, " "1, " "1, " "1, " "1, " "1, " "1, " "1, " "1, " "1, " "1, " "1, " "1, " "1, " "1, " "1, " "1, " "1, " "1, " "1, " "1, " "1, " "1, " "1, " "1, " "1, " "1, " "1, " "1, " "1, " "1, " "1, " "1, " "1, " "1, " "1, " "1, " "1, " "1, " "1, " "1, " "1, " "1, " "1, " "1, " "1, " "1, " "1, " "1, " "1, " "1, " "1, " "1, " "1, " "1, " "1, " "1, " "1, " "1, " "1, " "1, " "1, " "1, " "1, " "1, " "1, " "1, " "1, " "1, " "1, " "1, " "1, " "1, " "1, " "1, " "1, " "1, " "1, " "1, " "1, " "1, " "1, " "1, " "1, " "1, " "1, " "1, " "1, " "1, " "1, " "1, " "1, " "1, " "1, " "1, " "1, " "1, " "1, " "1, " "1, " "1, " "1, " "1, " "1, " "1, " "1, " "1, " "1, " "1, " "1, " "1, " "1, " "1, " "1, " "1, " "1, " "1, " "1, " "1, " "1, " "1, " "1, " "1, " "1, " "1, " "1, " "1, " "1, " "1, " "1, " "1, " "1, " "1, " "1, " "1, " "1, " "1, " "1, " "1, " "1, " "1, " "1, " "1, " "1, " "1, " "1, " "1, " "1, " "1, " "1, " "1, " "1, " "1, " "1, " "1, " "1, " "1, " "1, " "1, " "1, " "1, " "1, " "1, " "1, " "1, " "1, " "1, " "1, " "1, " "1, " "1, " "1, " "1, " "1, " "1, " "1, " "1, " "1, " "1, " "1, " "1, " "1, " "1, " "1, " "1, " "1, " "1, " "1, " "1, " "1, " "1, " "1, " "1, " "1, " "1, " "1, " "1, " "1, " "1, " "1, " "1, " "1, " "1, " "1, " "1, " "1, " "1, " "1, " "1, " "1, " "1, " "1, " "1, " "1, " "1, " "1, " "1, " "1, " "1, " "1, " "1, " "1, " "1, " "1, " "1, " "1, " "1, " "1, " "1, " "1, " "1, " "1, " "1, " "1, " "1, " "1, " "1, " "1, " "1, " "1, " "1, " "1, " "1, " "1, " "1, " "1, " "1, " "1, " "1, " "1, " "1, " "1, " "1, " "1, " "1, " "1, " "1, " "1, " "1, " "1, " "1, " "1, " "1, " "1, " "1, " "1, " "1, " "1, " "1, " "1, " "1, " "1, " "1, " "1, " "1, " "1, " "1, " "1, " "1, " "1, " "1, " "1, " "1, " "1, " "1, " "1, " "1, " "1, " "1, " "1, " "1, " "1, " "1, " "1, " "1, " "1, " "1, " "1, " "1, " "1, " "1, " "1, " "1, " "1, " "1, " "1, " "1, " "1, " "1, " "1, " "1, " "1, " "1, " "1, " "1, " "1, " "1, " "1, " "1, " "1, " "1, " "1, " "1, " "1, " "1, " "1, " "1, " "1, " "1, " "1, " "1, " "1, " "1, " "1, " "1, " "1, " "1, " "1, " "1, " "1, " "1, " "1, " "1, " "1, " "1, " "1, " "0, " "1, " "1, " "1, " "1, " "1, " "1, " "1, " "1, " "1, " "1, " "1, " "1, " "1, " "1, " "1, " "1, " "1, " "1, " "1, " "1, " "1, " "1, " "1, " "1, " "1, " "1, " "1, " "1, " "1, " "1, " "1, " "1, " "1, " "1, " "1, " "1, " "1, " "1, " "1, " "1, " "1, " "1, " "1, " "1, " "1, " "1, " "1, " "1, " "1, " "1, " "1, " "1, " "1, " "1, " "1, " "1, " "1, " "1, " "1, " "1, " "1, " "1, " "1, " "1, " "1, " "1, " "1, " "1, " "1, " "1, " "1, " "1, "204
 "Nei441, 0.015, " "0.015, " "1, " "1, " "1, " "1, " "1, " "1, " "1, " "1, " "1, " "1, " "1, " "1, " "1, " "1, " "1, " "1, " "1, " "1, " "1, " "1, " "1, " "1, " "1, " "1, " "1, " "1, " "1, " "1, " "1, " "1, " "1, " "1, " "1, " "1, " "1, " "1, " "1, " "1, " "1, " "1, " "1, " "1, " "1, " "1, " "1, " "1, " "1, " "1, " "1, " "1, " "1, " "1, " "1, " "1, " "1, " "1, " "1, " "1, " "1, " "1, " "1, " "1, " "1, " "1, " "1, " "1, " "1, " "1, " "1, " "1, " "1, " "1, " "1, " "1, " "1, " "1, " "1, " "1, " "1, " "1, " "1, " "1, " "1, " "1, " "1, " "1, " "1, " "1, " "1, " "1, " "1, " "1, " "1, " "1, " "1, " "1, " "1, " "1, " "1, " "1, " "1, " "1, " "1, " "1, " "1, " "1, " "1, " "1, " "1, " "1, " "1, " "1, " "1, " "1, " "1, " "1, " "1, " "1, " "1, " "1, " "1, " "1, " "1, " "1, " "1, " "1, " "1, " "1, " "1, " "1, " "1, " "1, " "1, " "1, " "1, " "1, " "1, " "1, " "1, " "1, " "1, " "1, " "1, " "1, " "1, " "1, " "1, " "1, " "1, " "1, " "1, " "1, " "1, " "1, " "1, " "1, " "1, " "1, " "1, " "1, " "1, " "1, " "1, " "1, " "1, " "1, " "1, " "1, " "1, " "1, " "1, " "1, " "1, " "1, " "1, " "1, " "1, " "1, " "1, " "1, " "1, " "1, " "1, " "1, " "1, " "1, " "1, " "1, " "1, " "1, " "1, " "1, " "1, " "1, " "1, " "1, " "1, " "1, " "1, " "1, " "1, " "1, " "1, " "1, " "1, " "1, " "1, " "1, " "1, " "1, " "1, " "1, " "1, " "1, " "1, " "1, " "1, " "1, " "1, " "1, " "1, " "1, " "1, " "1, " "1, " "1, " "1, " "1, " "1, " "1, " "1, " "1, " "1, " "1, " "1, " "1, " "1, " "1, " "1, " "1, " "1, " "1, " "1, " "1, " "1, " "1, " "1, " "1, " "1, " "1, " "1, " "1, " "1, " "1, " "1, " "1, " "1, " "1, " "1, " "1, " "1, " "1, " "1, " "1, " "1, " "1, " "1, " "1, " "1, " "1, " "1, " "1, " "1, " "1, " "1, " "1, " "1, " "1, " "1, " "1, " "1, " "1, " "1, " "1, " "1, " "1, " "1, " "1, " "1, " "1, " "1, " "1, " "1, " "1, " "1, " "1, " "1, " "1, " "1, " "1, " "1, " "1, " "1, " "1, " "1, " "1, " "1, " "1, " "1, " "1, " "1, " "1, " "1, " "1, " "1, " "1, " "1, " "1, " "1, " "1, " "1, " "1, " "1, " "1, " "1, " "1, " "1, " "1, " "1, " "1, " "1, " "1, " "1, " "1, " "1, " "1, " "1, " "1, " "1, " "1, " "1, " "1, " "1, " "1, " "1, " "1, " "1, " "1, " "1, " "1, " "1, " "1, " "1, " "1, " "1, " "1, " "1, " "1, " "1, " "1, " "1, " "1, " "1, " "1, " "1, " "1, " "1, " "1, " "1, " "1, " "1, " "1, " "1, " "1, " "1, " "1, " "1, " "1, " "1, " "1, " "1, " "1, " "1, " "1, " "1, " "1, " "1, " "1, " "1, " "1, " "1, " "1, " "1, " "1, " "1, " "1, " "1, " "1, " "1, " "1, " "1, " "1, " "1, " "1, " "1, " "1, " "1, " "1, " "1, " "1, " "1, " "1, " "1, " "1, " "1, " "1, " "1, " "1, " "1, " "1, " "1, " "1, " "1, " "1, " "1, " "1, " "1, " "1, " "1, " "1, " "1, " "1, " "1, " "1, " "1, " "1, " "1, " "1, " "1, " "1, " "1, " "0, " "1, " "1, " "1, " "1, " "1, " "1, " "1, " "1, " "1, " "1, " "1, " "1, " "1, " "1, " "1, " "1, " "1, " "1, " "1, " "1, " "1, " "1, " "1, " "1, " "1, " "1, " "1, " "1, " "1, " "1, " "1, " "1, " "1, " "1, " "1, " "1, " "1, " "1, " "1, " "1, " "1, " "1, " "1, " "1, " "1, " "1, " "1, " "1, " "1, " "1, " "1, " "1, " "1, " "1, " "1, " "1, " "1, " "1, " "1, " "1, " "1, " "1, " "1, " "1, " "1, " "1, " "1, " "1, " "1, " "1, " "1, "204
 "Nei442, 0.192, " "0.015, " "1, " "1, " "1, " "1, " "1, " "1, " "1, " "1, " "1, " "1, " "1, " "1, " "1, " "1, " "1, " "1, " "1, " "1, " "1, " "1, " "1, " "1, " "1, " "1, " "1, " "1, " "1, " "1, " "1, " "1, " "1, " "1, " "1, " "1, " "1, " "1, " "1, " "1, " "1, " "1, " "1, " "1, " "1, " "1, " "1, " "1, " "1, " "1, " "1, " "1, " "1, " "1, " "1, " "1, " "1, " "1, " "1, " "1, " "1, " "1, " "1, " "1, " "1, " "1, " "1, " "1, " "1, " "1, " "1, " "1, " "1, " "1, " "1, " "1, " "1, " "1, " "1, " "1, " "1, " "1, " "1, " "1, " "1, " "1, " "1, " "1, " "1, " "1, " "1, " "1, " "1, " "1, " "1, " "1, " "1, " "1, " "1, " "1, " "1, " "1, " "1, " "1, " "1, " "1, " "1, " "1, " "1, " "1, " "1, " "1, " "1, " "1, " "1, " "1, " "1, " "1, " "1, " "1, " "1, " "1, " "1, " "1, " "1, " "1, " "1, " "1, " "1, " "1, " "1, " "1, " "1, " "1, " "1, " "1, " "1, " "1, " "1, " "1, " "1, " "1, " "1, " "1, " "1, " "1, " "1, " "1, " "1, " "1, " "1, " "1, " "1, " "1, " "1, " "1, " "1, " "1, " "1, " "1, " "1, " "1, " "1, " "1, " "1, " "1, " "1, " "1, " "1, " "1, " "1, " "1, " "1, " "1, " "1, " "1, " "1, " "1, " "1, " "1, " "1, " "1, " "1, " "1, " "1, " "1, " "1, " "1, " "1, " "1, " "1, " "1, " "1, " "1, " "1, " "1, " "1, " "1, " "1, " "1, " "1, " "1, " "1, " "1, " "1, " "1, " "1, " "1, " "1, " "1, " "1, " "1, " "1, " "1, " "1, " "1, " "1, " "1, " "1, " "1, " "1, " "1, " "1, " "1, " "1, " "1, " "1, " "1, " "1, " "1, " "1, " "1, " "1, " "1, " "1, " "1, " "1, " "1, " "1, " "1, " "1, " "1, " "1, " "1, " "1, " "1, " "1, " "1, " "1, " "1, " "1, " "1, " "1, " "1, " "1, " "1, " "1, " "1, " "1, " "1, " "1, " "1, " "1, " "1, " "1, " "1, " "1, " "1, " "1, " "1, " "1, " "1, " "1, " "1, " "1, " "1, " "1, " "1, " "1, " "1, " "1, " "1, " "1, " "1, " "1, " "1, " "1, " "1, " "1, " "1, " "1, " "1, " "1, " "1, " "1, " "1, " "1, " "1, " "1, " "1, " "1, " "1, " "1, " "1, " "1, " "1, " "1, " "1, " "1, " "1, " "1, " "1, " "1, " "1, " "1, " "1, " "1, " "1, " "1, " "1, " "1, " "1, " "1, " "1, " "1, " "1, " "1, " "1, " "1, " "1, " "1, " "1, " "1, " "1, " "1, " "1, " "1, " "1, " "1, " "1, " "1, " "1, " "1, " "1, " "1, " "1, " "1, " "1, " "1, " "1, " "1, " "1, " "1, " "1, " "1, " "1, " "1, " "1, " "1, " "1, " "1, " "1, " "1, " "1, " "1, " "1, " "1, " "1, " "1, " "1, " "1, " "1, " "1, " "1, " "1, " "1, " "1, " "1, " "1, " "1, " "1, " "1, " "1, " "1, " "1, " "1, " "1, " "1, " "1, " "1, " "1, " "1, " "1, " "1, " "1, " "1, " "1, " "1, " "1, " "1, " "1, " "1, " "1, " "1, " "1, " "1, " "1, " "1, " "1, " "1, " "1, " "1, " "1, " "1, " "1, " "1, " "1, " "1, " "1, " "1, " "1, " "1, " "1, " "1, " "1, " "1, " "1, " "1, " "1, " "1, " "1, " "1, " "1, " "1, " "1, " "1, " "1, " "1, " "1, " "1, " "1, " "1, " "1, " "1, " "0, " "1, " "1, " "1, " "1, " "1, " "1, " "1, " "1, " "1, " "1, " "1, " "1, " "1, " "1, " "1, " "1, " "1, " "1, " "1, " "1, " "1, " "1, " "1, " "1, " "1, " "1, " "1, " "1, " "1, " "1, " "1, " "1, " "1, " "1, " "1, " "1, " "1, " "1, " "1, " "1, " "1, " "1, " "1, " "1, " "1, " "1, " "1, " "1, " "1, " "1, " "1, " "1, " "1, " "1, " "1, " "1, " "1, " "1, " "1, " "1, " "1, " "1, " "1, " "1, " "1, " "1, " "1, " "1, " "1, " "1, "204
 "Nei443, 0.116, " "0.015, " "1, " "1, " "1, " "1, " "1, " "1, " "1, " "1, " "1, " "1, " "1, " "1, " "1, " "1, " "1, " "1, " "1, " "1, " "1, " "1, " "1, " "1, " "1, " "1, " "1, " "1, " "1, " "1, " "1, " "1, " "1, " "1, " "1, " "1, " "1, " "1, " "1, " "1, " "1, " "1, " "1, " "1, " "1, " "1, " "1, " "1, " "1, " "1, " "1, " "1, " "1, " "1, " "1, " "1, " "1, " "1, " "1, " "1, " "1, " "1, " "1, " "1, " "1, " "1, " "1, " "1, " "1, " "1, " "1, " "1, " "1, " "1, " "1, " "1, " "1, " "1, " "1, " "1, " "1, " "1, " "1, " "1, " "1, " "1, " "1, " "1, " "1, " "1, " "1, " "1, " "1, " "1, " "1, " "1, " "1, " "1, " "1, " "1, " "1, " "1, " "1, " "1, " "1, " "1, " "1, " "1, " "1, " "1, " "1, " "1, " "1, " "1, " "1, " "1, " "1, " "1, " "1, " "1, " "1, " "1, " "1, " "1, " "1, " "1, " "1, " "1, " "1, " "1, " "1, " "1, " "1, " "1, " "1, " "1, " "1, " "1, " "1, " "1, " "1, " "1, " "1, " "1, " "1, " "1, " "1, " "1, " "1, " "1, " "1, " "1, " "1, " "1, " "1, " "1, " "1, " "1, " "1, " "1, " "1, " "1, " "1, " "1, " "1, " "1, " "1, " "1, " "1, " "1, " "1, " "1, " "1, " "1, " "1, " "1, " "1, " "1, " "1, " "1, " "1, " "1, " "1, " "1, " "1, " "1, " "1, " "1, " "1, " "1, " "1, " "1, " "1, " "1, " "1, " "1, " "1, " "1, " "1, " "1, " "1, " "1, " "1, " "1, " "1, " "1, " "1, " "1, " "1, " "1, " "1, " "1, " "1, " "1, " "1, " "1, " "1, " "1, " "1, " "1, " "1, " "1, " "1, " "1, " "1, " "1, " "1, " "1, " "1, " "1, " "1, " "1, " "1, " "1, " "1, " "1, " "1, " "1, " "1, " "1, " "1, " "1, " "1, " "1, " "1, " "1, " "1, " "1, " "1, " "1, " "1, " "1, " "1, " "1, " "1, " "1, " "1, " "1, " "1, " "1, " "1, " "1, " "1, " "1, " "1, " "1, " "1, " "1, " "1, " "1, " "1, " "1, " "1, " "1, " "1, " "1, " "1, " "1, " "1, " "1, " "1, " "1, " "1, " "1, " "1, " "1, " "1, " "1, " "1, " "1, " "1, " "1, " "1, " "1, " "1, " "1, " "1, " "1, " "1, " "1, " "1, " "1, " "1, " "1, " "1, " "1, " "1, " "1, " "1, " "1, " "1, " "1, " "1, " "1, " "1, " "1, " "1, " "1, " "1, " "1, " "1, " "1, " "1, " "1, " "1, " "1, " "1, " "1, " "1, " "1, " "1, " "1, " "1, " "1, " "1, " "1, " "1, " "1, " "1, " "1, " "1, " "1, " "1, " "1, " "1, " "1, " "1, " "1, " "1, " "1, " "1, " "1, " "1, " "1, " "1, " "1, " "1, " "1, " "1, " "1, " "1, " "1, " "1, " "1, " "1, " "1, " "1, " "1, " "1, " "1, " "1, " "1, " "1, " "1, " "1, " "1, " "1, " "1, " "1, " "1, " "1, " "1, " "1, " "1, " "1, " "1, " "1, " "1, " "1, " "1, " "1, " "1, " "1, " "1, " "1, " "1, " "1, " "1, " "1, " "1, " "1, " "1, " "1, " "1, " "1, " "1, " "1, " "1, " "1, " "1, " "1, " "1, " "1, " "1, " "1, " "1, " "1, " "1, " "1, " "1, " "1, " "1, " "1, " "1, " "1, " "1, " "1, " "1, " "1, " "1, " "1, " "1, " "1, " "1, " "1, " "1, " "1, " "1, " "1, " "1, " "1, " "1, " "1, " "1, " "1, " "0, " "1, " "1, " "1, " "1, " "1, " "1, " "1, " "1, " "1, " "1, " "1, " "1, " "1, " "1, " "1, " "1, " "1, " "1, " "1, " "1, " "1, " "1, " "1, " "1, " "1, " "1, " "1, " "1, " "1, " "1, " "1, " "1, " "1, " "1, " "1, " "1, " "1, " "1, " "1, " "1, " "1, " "1, " "1, " "1, " "1, " "1, " "1, " "1, " "1, " "1, " "1, " "1, " "1, " "1, " "1, " "1, " "1, " "1, " "1, " "1, " "1, " "1, " "1, " "1, " "1, " "1, " "1, " "1, " "1, "204
 "Nei444, 0.023, " "0.015, " "1, " "1, " "1, " "1, " "1, " "1, " "1, " "1, " "1, " "1, " "1, " "1, " "1, " "1, " "1, " "1, " "1, " "1, " "1, " "1, " "1, " "1, " "1, " "1, " "1, " "1, " "1, " "1, " "1, " "1, " "1, " "1, " "1, " "1, " "1, " "1, " "1, " "1, " "1, " "1, " "1, " "1, " "1, " "1, " "1, " "1, " "1, " "1, " "1, " "1, " "1, " "1, " "1, " "1, " "1, " "1, " "1, " "1, " "1, " "1, " "1, " "1, " "1, " "1, " "1, " "1, " "1, " "1, " "1, " "1, " "1, " "1, " "1, " "1, " "1, " "1, " "1, " "1, " "1, " "1, " "1, " "1, " "1, " "1, " "1, " "1, " "1, " "1, " "1, " "1, " "1, " "1, " "1, " "1, " "1, " "1, " "1, " "1, " "1, " "1, " "1, " "1, " "1, " "1, " "1, " "1, " "1, " "1, " "1, " "1, " "1, " "1, " "1, " "1, " "1, " "1, " "1, " "1, " "1, " "1, " "1, " "1, " "1, " "1, " "1, " "1, " "1, " "1, " "1, " "1, " "1, " "1, " "1, " "1, " "1, " "1, " "1, " "1, " "1, " "1, " "1, " "1, " "1, " "1, " "1, " "1, " "1, " "1, " "1, " "1, " "1, " "1, " "1, " "1, " "1, " "1, " "1, " "1, " "1, " "1, " "1, " "1, " "1, " "1, " "1, " "1, " "1, " "1, " "1, " "1, " "1, " "1, " "1, " "1, " "1, " "1, " "1, " "1, " "1, " "1, " "1, " "1, " "1, " "1, " "1, " "1, " "1, " "1, " "1, " "1, " "1, " "1, " "1, " "1, " "1, " "1, " "1, " "1, " "1, " "1, " "1, " "1, " "1, " "1, " "1, " "1, " "1, " "1, " "1, " "1, " "1, " "1, " "1, " "1, " "1, " "1, " "1, " "1, " "1, " "1, " "1, " "1, " "1, " "1, " "1, " "1, " "1, " "1, " "1, " "1, " "1, " "1, " "1, " "1, " "1, " "1, " "1, " "1, " "1, " "1, " "1, " "1, " "1, " "1, " "1, " "1, " "1, " "1, " "1, " "1, " "1, " "1, " "1, " "1, " "1, " "1, " "1, " "1, " "1, " "1, " "1, " "1, " "1, " "1, " "1, " "1, " "1, " "1, " "1, " "1, " "1, " "1, " "1, " "1, " "1, " "1, " "1, " "1, " "1, " "1, " "1, " "1, " "1, " "1, " "1, " "1, " "1, " "1, " "1, " "1, " "1, " "1, " "1, " "1, " "1, " "1, " "1, " "1, " "1, " "1, " "1, " "1, " "1, " "1, " "1, " "1, " "1, " "1, " "1, " "1, " "1, " "1, " "1, " "1, " "1, " "1, " "1, " "1, " "1, " "1, " "1, " "1, " "1, " "1, " "1, " "1, " "1, " "1, " "1, " "1, " "1, " "1, " "1, " "1, " "1, " "1, " "1, " "1, " "1, " "1, " "1, " "1, " "1, " "1, " "1, " "1, " "1, " "1, " "1, " "1, " "1, " "1, " "1, " "1, " "1, " "1, " "1, " "1, " "1, " "1, " "1, " "1, " "1, " "1, " "1, " "1, " "1, " "1, " "1, " "1, " "1, " "1, " "1, " "1, " "1, " "1, " "1, " "1, " "1, " "1, " "1, " "1, " "1, " "1, " "1, " "1, " "1, " "1, " "1, " "1, " "1, " "1, " "1, " "1, " "1, " "1, " "1, " "1, " "1, " "1, " "1, " "1, " "1, " "1, " "1, " "1, " "1, " "1, " "1, " "1, " "1, " "1, " "1, " "1, " "1, " "1, " "1, " "1, " "1, " "1, " "1, " "1, " "1, " "1, " "1, " "1, " "1, " "1, " "1, " "1, " "1, " "1, " "1, " "1, " "1, " "1, " "1, " "1, " "1, " "1, " "1, " "1, " "1, " "1, " "0, " "1, " "1, " "1, " "1, " "1, " "1, " "1, " "1, " "1, " "1, " "1, " "1, " "1, " "1, " "1, " "1, " "1, " "1, " "1, " "1, " "1, " "1, " "1, " "1, " "1, " "1, " "1, " "1, " "1, " "1, " "1, " "1, " "1, " "1, " "1, " "1, " "1, " "1, " "1, " "1, " "1, " "1, " "1, " "1, " "1, " "1, " "1, " "1, " "1, " "1, " "1, " "1, " "1, " "1, " "1, " "1, " "1, " "1, " "1, " "1, " "1, " "1, " "1, " "1, " "1, " "1, " "1, " "1, "204
 "Nei445, 0.303, " "0.015, " "1, " "1, " "1, " "1, " "1, " "1, " "1, " "1, " "1, " "1, " "1, " "1, " "1, " "1, " "1, " "1, " "1, " "1, " "1, " "1, " "1, " "1, " "1, " "1, " "1, " "1, " "1, " "1, " "1, " "1, " "1, " "1, " "1, " "1, " "1, " "1, " "1, " "1, " "1, " "1, " "1, " "1, " "1, " "1, " "1, " "1, " "1, " "1, " "1, " "1, " "1, " "1, " "1, " "1, " "1, " "1, " "1, " "1, " "1, " "1, " "1, " "1, " "1, " "1, " "1, " "1, " "1, " "1, " "1, " "1, " "1, " "1, " "1, " "1, " "1, " "1, " "1, " "1, " "1, " "1, " "1, " "1, " "1, " "1, " "1, " "1, " "1, " "1, " "1, " "1, " "1, " "1, " "1, " "1, " "1, " "1, " "1, " "1, " "1, " "1, " "1, " "1, " "1, " "1, " "1, " "1, " "1, " "1, " "1, " "1, " "1, " "1, " "1, " "1, " "1, " "1, " "1, " "1, " "1, " "1, " "1, " "1, " "1, " "1, " "1, " "1, " "1, " "1, " "1, " "1, " "1, " "1, " "1, " "1, " "1, " "1, " "1, " "1, " "1, " "1, " "1, " "1, " "1, " "1, " "1, " "1, " "1, " "1, " "1, " "1, " "1, " "1, " "1, " "1, " "1, " "1, " "1, " "1, " "1, " "1, " "1, " "1, " "1, " "1, " "1, " "1, " "1, " "1, " "1, " "1, " "1, " "1, " "1, " "1, " "1, " "1, " "1, " "1, " "1, " "1, " "1, " "1, " "1, " "1, " "1, " "1, " "1, " "1, " "1, " "1, " "1, " "1, " "1, " "1, " "1, " "1, " "1, " "1, " "1, " "1, " "1, " "1, " "1, " "1, " "1, " "1, " "1, " "1, " "1, " "1, " "1, " "1, " "1, " "1, " "1, " "1, " "1, " "1, " "1, " "1, " "1, " "1, " "1, " "1, " "1, " "1, " "1, " "1, " "1, " "1, " "1, " "1, " "1, " "1, " "1, " "1, " "1, " "1, " "1, " "1, " "1, " "1, " "1, " "1, " "1, " "1, " "1, " "1, " "1, " "1, " "1, " "1, " "1, " "1, " "1, " "1, " "1, " "1, " "1, " "1, " "1, " "1, " "1, " "1, " "1, " "1, " "1, " "1, " "1, " "1, " "1, " "1, " "1, " "1, " "1, " "1, " "1, " "1, " "1, " "1, " "1, " "1, " "1, " "1, " "1, " "1, " "1, " "1, " "1, " "1, " "1, " "1, " "1, " "1, " "1, " "1, " "1, " "1, " "1, " "1, " "1, " "1, " "1, " "1, " "1, " "1, " "1, " "1, " "1, " "1, " "1, " "1, " "1, " "1, " "1, " "1, " "1, " "1, " "1, " "1, " "1, " "1, " "1, " "1, " "1, " "1, " "1, " "1, " "1, " "1, " "1, " "1, " "1, " "1, " "1, " "1, " "1, " "1, " "1, " "1, " "1, " "1, " "1, " "1, " "1, " "1, " "1, " "1, " "1, " "1, " "1, " "1, " "1, " "1, " "1, " "1, " "1, " "1, " "1, " "1, " "1, " "1, " "1, " "1, " "1, " "1, " "1, " "1, " "1, " "1, " "1, " "1, " "1, " "1, " "1, " "1, " "1, " "1, " "1, " "1, " "1, " "1, " "1, " "1, " "1, " "1, " "1, " "1, " "1, " "1, " "1, " "1, " "1, " "1, " "1, " "1, " "1, " "1, " "1, " "1, " "1, " "1, " "1, " "1, " "1, " "1, " "1, " "1, " "1, " "1, " "1, " "1, " "1, " "1, " "1, " "1, " "1, " "1, " "1, " "1, " "1, " "1, " "1, " "1, " "1, " "1, " "1, " "1, " "1, " "1, " "1, " "1, " "1, " "1, " "1, " "1, " "1, " "1, " "1, " "1, " "1, " "1, " "1, " "1, " "1, " "0, " "1, " "1, " "1, " "1, " "1, " "1, " "1, " "1, " "1, " "1, " "1, " "1, " "1, " "1, " "1, " "1, " "1, " "1, " "1, " "1, " "1, " "1, " "1, " "1, " "1, " "1, " "1, " "1, " "1, " "1, " "1, " "1, " "1, " "1, " "1, " "1, " "1, " "1, " "1, " "1, " "1, " "1, " "1, " "1, " "1, " "1, " "1, " "1, " "1, " "1, " "1, " "1, " "1, " "1, " "1, " "1, " "1, " "1, " "1, " "1, " "1, " "1, " "1, " "1, " "1, " "1, " "1, "204
 "Nei446, 0.27, " "0.015, " "1, " "1, " "1, " "1, " "1, " "1, " "1, " "1, " "1, " "1, " "1, " "1, " "1, " "1, " "1, " "1, " "1, " "1, " "1, " "1, " "1, " "1, " "1, " "1, " "1, " "1, " "1, " "1, " "1, " "1, " "1, " "1, " "1, " "1, " "1, " "1, " "1, " "1, " "1, " "1, " "1, " "1, " "1, " "1, " "1, " "1, " "1, " "1, " "1, " "1, " "1, " "1, " "1, " "1, " "1, " "1, " "1, " "1, " "1, " "1, " "1, " "1, " "1, " "1, " "1, " "1, " "1, " "1, " "1, " "1, " "1, " "1, " "1, " "1, " "1, " "1, " "1, " "1, " "1, " "1, " "1, " "1, " "1, " "1, " "1, " "1, " "1, " "1, " "1, " "1, " "1, " "1, " "1, " "1, " "1, " "1, " "1, " "1, " "1, " "1, " "1, " "1, " "1, " "1, " "1, " "1, " "1, " "1, " "1, " "1, " "1, " "1, " "1, " "1, " "1, " "1, " "1, " "1, " "1, " "1, " "1, " "1, " "1, " "1, " "1, " "1, " "1, " "1, " "1, " "1, " "1, " "1, " "1, " "1, " "1, " "1, " "1, " "1, " "1, " "1, " "1, " "1, " "1, " "1, " "1, " "1, " "1, " "1, " "1, " "1, " "1, " "1, " "1, " "1, " "1, " "1, " "1, " "1, " "1, " "1, " "1, " "1, " "1, " "1, " "1, " "1, " "1, " "1, " "1, " "1, " "1, " "1, " "1, " "1, " "1, " "1, " "1, " "1, " "1, " "1, " "1, " "1, " "1, " "1, " "1, " "1, " "1, " "1, " "1, " "1, " "1, " "1, " "1, " "1, " "1, " "1, " "1, " "1, " "1, " "1, " "1, " "1, " "1, " "1, " "1, " "1, " "1, " "1, " "1, " "1, " "1, " "1, " "1, " "1, " "1, " "1, " "1, " "1, " "1, " "1, " "1, " "1, " "1, " "1, " "1, " "1, " "1, " "1, " "1, " "1, " "1, " "1, " "1, " "1, " "1, " "1, " "1, " "1, " "1, " "1, " "1, " "1, " "1, " "1, " "1, " "1, " "1, " "1, " "1, " "1, " "1, " "1, " "1, " "1, " "1, " "1, " "1, " "1, " "1, " "1, " "1, " "1, " "1, " "1, " "1, " "1, " "1, " "1, " "1, " "1, " "1, " "1, " "1, " "1, " "1, " "1, " "1, " "1, " "1, " "1, " "1, " "1, " "1, " "1, " "1, " "1, " "1, " "1, " "1, " "1, " "1, " "1, " "1, " "1, " "1, " "1, " "1, " "1, " "1, " "1, " "1, " "1, " "1, " "1, " "1, " "1, " "1, " "1, " "1, " "1, " "1, " "1, " "1, " "1, " "1, " "1, " "1, " "1, " "1, " "1, " "1, " "1, " "1, " "1, " "1, " "1, " "1, " "1, " "1, " "1, " "1, " "1, " "1, " "1, " "1, " "1, " "1, " "1, " "1, " "1, " "1, " "1, " "1, " "1, " "1, " "1, " "1, " "1, " "1, " "1, " "1, " "1, " "1, " "1, " "1, " "1, " "1, " "1, " "1, " "1, " "1, " "1, " "1, " "1, " "1, " "1, " "1, " "1, " "1, " "1, " "1, " "1, " "1, " "1, " "1, " "1, " "1, " "1, " "1, " "1, " "1, " "1, " "1, " "1, " "1, " "1, " "1, " "1, " "1, " "1, " "1, " "1, " "1, " "1, " "1, " "1, " "1, " "1, " "1, " "1, " "1, " "1, " "1, " "1, " "1, " "1, " "1, " "1, " "1, " "1, " "1, " "1, " "1, " "1, " "1, " "1, " "1, " "1, " "1, " "1, " "1, " "1, " "1, " "1, " "1, " "1, " "1, " "1, " "1, " "1, " "1, " "1, " "1, " "1, " "1, " "1, " "1, " "1, " "1, " "1, " "1, " "1, " "1, " "1, " "1, " "1, " "0, " "1, " "1, " "1, " "1, " "1, " "1, " "1, " "1, " "1, " "1, " "1, " "1, " "1, " "1, " "1, " "1, " "1, " "1, " "1, " "1, " "1, " "1, " "1, " "1, " "1, " "1, " "1, " "1, " "1, " "1, " "1, " "1, " "1, " "1, " "1, " "1, " "1, " "1, " "1, " "1, " "1, " "1, " "1, " "1, " "1, " "1, " "1, " "1, " "1, " "1, " "1, " "1, " "1, " "1, " "1, " "1, " "1, " "1, " "1, " "1, " "1, " "1, " "1, " "1, " "1, " "1, "204
 "Nei447, 0.343, " "0.015, " "1, " "1, " "1, " "1, " "1, " "1, " "1, " "1, " "1, " "1, " "1, " "1, " "1, " "1, " "1, " "1, " "1, " "1, " "1, " "1, " "1, " "1, " "1, " "1, " "1, " "1, " "1, " "1, " "1, " "1, " "1, " "1, " "1, " "1, " "1, " "1, " "1, " "1, " "1, " "1, " "1, " "1, " "1, " "1, " "1, " "1, " "1, " "1, " "1, " "1, " "1, " "1, " "1, " "1, " "1, " "1, " "1, " "1, " "1, " "1, " "1, " "1, " "1, " "1, " "1, " "1, " "1, " "1, " "1, " "1, " "1, " "1, " "1, " "1, " "1, " "1, " "1, " "1, " "1, " "1, " "1, " "1, " "1, " "1, " "1, " "1, " "1, " "1, " "1, " "1, " "1, " "1, " "1, " "1, " "1, " "1, " "1, " "1, " "1, " "1, " "1, " "1, " "1, " "1, " "1, " "1, " "1, " "1, " "1, " "1, " "1, " "1, " "1, " "1, " "1, " "1, " "1, " "1, " "1, " "1, " "1, " "1, " "1, " "1, " "1, " "1, " "1, " "1, " "1, " "1, " "1, " "1, " "1, " "1, " "1, " "1, " "1, " "1, " "1, " "1, " "1, " "1, " "1, " "1, " "1, " "1, " "1, " "1, " "1, " "1, " "1, " "1, " "1, " "1, " "1, " "1, " "1, " "1, " "1, " "1, " "1, " "1, " "1, " "1, " "1, " "1, " "1, " "1, " "1, " "1, " "1, " "1, " "1, " "1, " "1, " "1, " "1, " "1, " "1, " "1, " "1, " "1, " "1, " "1, " "1, " "1, " "1, " "1, " "1, " "1, " "1, " "1, " "1, " "1, " "1, " "1, " "1, " "1, " "1, " "1, " "1, " "1, " "1, " "1, " "1, " "1, " "1, " "1, " "1, " "1, " "1, " "1, " "1, " "1, " "1, " "1, " "1, " "1, " "1, " "1, " "1, " "1, " "1, " "1, " "1, " "1, " "1, " "1, " "1, " "1, " "1, " "1, " "1, " "1, " "1, " "1, " "1, " "1, " "1, " "1, " "1, " "1, " "1, " "1, " "1, " "1, " "1, " "1, " "1, " "1, " "1, " "1, " "1, " "1, " "1, " "1, " "1, " "1, " "1, " "1, " "1, " "1, " "1, " "1, " "1, " "1, " "1, " "1, " "1, " "1, " "1, " "1, " "1, " "1, " "1, " "1, " "1, " "1, " "1, " "1, " "1, " "1, " "1, " "1, " "1, " "1, " "1, " "1, " "1, " "1, " "1, " "1, " "1, " "1, " "1, " "1, " "1, " "1, " "1, " "1, " "1, " "1, " "1, " "1, " "1, " "1, " "1, " "1, " "1, " "1, " "1, " "1, " "1, " "1, " "1, " "1, " "1, " "1, " "1, " "1, " "1, " "1, " "1, " "1, " "1, " "1, " "1, " "1, " "1, " "1, " "1, " "1, " "1, " "1, " "1, " "1, " "1, " "1, " "1, " "1, " "1, " "1, " "1, " "1, " "1, " "1, " "1, " "1, " "1, " "1, " "1, " "1, " "1, " "1, " "1, " "1, " "1, " "1, " "1, " "1, " "1, " "1, " "1, " "1, " "1, " "1, " "1, " "1, " "1, " "1, " "1, " "1, " "1, " "1, " "1, " "1, " "1, " "1, " "1, " "1, " "1, " "1, " "1, " "1, " "1, " "1, " "1, " "1, " "1, " "1, " "1, " "1, " "1, " "1, " "1, " "1, " "1, " "1, " "1, " "1, " "1, " "1, " "1, " "1, " "1, " "1, " "1, " "1, " "1, " "1, " "1, " "1, " "1, " "1, " "1, " "1, " "1, " "1, " "1, " "1, " "1, " "1, " "1, " "1, " "1, " "1, " "1, " "1, " "1, " "1, " "1, " "1, " "1, " "1, " "1, " "1, " "1, " "1, " "1, " "1, " "1, " "1, " "1, " "1, " "1, " "1, " "1, " "0, " "1, " "1, " "1, " "1, " "1, " "1, " "1, " "1, " "1, " "1, " "1, " "1, " "1, " "1, " "1, " "1, " "1, " "1, " "1, " "1, " "1, " "1, " "1, " "1, " "1, " "1, " "1, " "1, " "1, " "1, " "1, " "1, " "1, " "1, " "1, " "1, " "1, " "1, " "1, " "1, " "1, " "1, " "1, " "1, " "1, " "1, " "1, " "1, " "1, " "1, " "1, " "1, " "1, " "1, " "1, " "1, " "1, " "1, " "1, " "1, " "1, " "1, " "1, " "1, " "1, "204
 "Nei448, 0.07, " "0.015, " "1, " "1, " "1, " "1, " "1, " "1, " "1, " "1, " "1, " "1, " "1, " "1, " "1, " "1, " "1, " "1, " "1, " "1, " "1, " "1, " "1, " "1, " "1, " "1, " "1, " "1, " "1, " "1, " "1, " "1, " "1, " "1, " "1, " "1, " "1, " "1, " "1, " "1, " "1, " "1, " "1, " "1, " "1, " "1, " "1, " "1, " "1, " "1, " "1, " "1, " "1, " "1, " "1, " "1, " "1, " "1, " "1, " "1, " "1, " "1, " "1, " "1, " "1, " "1, " "1, " "1, " "1, " "1, " "1, " "1, " "1, " "1, " "1, " "1, " "1, " "1, " "1, " "1, " "1, " "1, " "1, " "1, " "1, " "1, " "1, " "1, " "1, " "1, " "1, " "1, " "1, " "1, " "1, " "1, " "1, " "1, " "1, " "1, " "1, " "1, " "1, " "1, " "1, " "1, " "1, " "1, " "1, " "1, " "1, " "1, " "1, " "1, " "1, " "1, " "1, " "1, " "1, " "1, " "1, " "1, " "1, " "1, " "1, " "1, " "1, " "1, " "1, " "1, " "1, " "1, " "1, " "1, " "1, " "1, " "1, " "1, " "1, " "1, " "1, " "1, " "1, " "1, " "1, " "1, " "1, " "1, " "1, " "1, " "1, " "1, " "1, " "1, " "1, " "1, " "1, " "1, " "1, " "1, " "1, " "1, " "1, " "1, " "1, " "1, " "1, " "1, " "1, " "1, " "1, " "1, " "1, " "1, " "1, " "1, " "1, " "1, " "1, " "1, " "1, " "1, " "1, " "1, " "1, " "1, " "1, " "1, " "1, " "1, " "1, " "1, " "1, " "1, " "1, " "1, " "1, " "1, " "1, " "1, " "1, " "1, " "1, " "1, " "1, " "1, " "1, " "1, " "1, " "1, " "1, " "1, " "1, " "1, " "1, " "1, " "1, " "1, " "1, " "1, " "1, " "1, " "1, " "1, " "1, " "1, " "1, " "1, " "1, " "1, " "1, " "1, " "1, " "1, " "1, " "1, " "1, " "1, " "1, " "1, " "1, " "1, " "1, " "1, " "1, " "1, " "1, " "1, " "1, " "1, " "1, " "1, " "1, " "1, " "1, " "1, " "1, " "1, " "1, " "1, " "1, " "1, " "1, " "1, " "1, " "1, " "1, " "1, " "1, " "1, " "1, " "1, " "1, " "1, " "1, " "1, " "1, " "1, " "1, " "1, " "1, " "1, " "1, " "1, " "1, " "1, " "1, " "1, " "1, " "1, " "1, " "1, " "1, " "1, " "1, " "1, " "1, " "1, " "1, " "1, " "1, " "1, " "1, " "1, " "1, " "1, " "1, " "1, " "1, " "1, " "1, " "1, " "1, " "1, " "1, " "1, " "1, " "1, " "1, " "1, " "1, " "1, " "1, " "1, " "1, " "1, " "1, " "1, " "1, " "1, " "1, " "1, " "1, " "1, " "1, " "1, " "1, " "1, " "1, " "1, " "1, " "1, " "1, " "1, " "1, " "1, " "1, " "1, " "1, " "1, " "1, " "1, " "1, " "1, " "1, " "1, " "1, " "1, " "1, " "1, " "1, " "1, " "1, " "1, " "1, " "1, " "1, " "1, " "1, " "1, " "1, " "1, " "1, " "1, " "1, " "1, " "1, " "1, " "1, " "1, " "1, " "1, " "1, " "1, " "1, " "1, " "1, " "1, " "1, " "1, " "1, " "1, " "1, " "1, " "1, " "1, " "1, " "1, " "1, " "1, " "1, " "1, " "1, " "1, " "1, " "1, " "1, " "1, " "1, " "1, " "1, " "1, " "1, " "1, " "1, " "1, " "1, " "1, " "1, " "1, " "1, " "1, " "1, " "1, " "1, " "1, " "1, " "1, " "1, " "1, " "1, " "1, " "1, " "1, " "1, " "1, " "1, " "1, " "1, " "1, " "1, " "1, " "1, " "1, " "1, " "1, " "1, " "1, " "1, " "1, " "0, " "1, " "1, " "1, " "1, " "1, " "1, " "1, " "1, " "1, " "1, " "1, " "1, " "1, " "1, " "1, " "1, " "1, " "1, " "1, " "1, " "1, " "1, " "1, " "1, " "1, " "1, " "1, " "1, " "1, " "1, " "1, " "1, " "1, " "1, " "1, " "1, " "1, " "1, " "1, " "1, " "1, " "1, " "1, " "1, " "1, " "1, " "1, " "1, " "1, " "1, " "1, " "1, " "1, " "1, " "1, " "1, " "1, " "1, " "1, " "1, " "1, " "1, " "1, " "1, "204
 "Nei449, 0.366, " "0.015, " "1, " "1, " "1, " "1, " "1, " "1, " "1, " "1, " "1, " "1, " "1, " "1, " "1, " "1, " "1, " "1, " "1, " "1, " "1, " "1, " "1, " "1, " "1, " "1, " "1, " "1, " "1, " "1, " "1, " "1, " "1, " "1, " "1, " "1, " "1, " "1, " "1, " "1, " "1, " "1, " "1, " "1, " "1, " "1, " "1, " "1, " "1, " "1, " "1, " "1, " "1, " "1, " "1, " "1, " "1, " "1, " "1, " "1, " "1, " "1, " "1, " "1, " "1, " "1, " "1, " "1, " "1, " "1, " "1, " "1, " "1, " "1, " "1, " "1, " "1, " "1, " "1, " "1, " "1, " "1, " "1, " "1, " "1, " "1, " "1, " "1, " "1, " "1, " "1, " "1, " "1, " "1, " "1, " "1, " "1, " "1, " "1, " "1, " "1, " "1, " "1, " "1, " "1, " "1, " "1, " "1, " "1, " "1, " "1, " "1, " "1, " "1, " "1, " "1, " "1, " "1, " "1, " "1, " "1, " "1, " "1, " "1, " "1, " "1, " "1, " "1, " "1, " "1, " "1, " "1, " "1, " "1, " "1, " "1, " "1, " "1, " "1, " "1, " "1, " "1, " "1, " "1, " "1, " "1, " "1, " "1, " "1, " "1, " "1, " "1, " "1, " "1, " "1, " "1, " "1, " "1, " "1, " "1, " "1, " "1, " "1, " "1, " "1, " "1, " "1, " "1, " "1, " "1, " "1, " "1, " "1, " "1, " "1, " "1, " "1, " "1, " "1, " "1, " "1, " "1, " "1, " "1, " "1, " "1, " "1, " "1, " "1, " "1, " "1, " "1, " "1, " "1, " "1, " "1, " "1, " "1, " "1, " "1, " "1, " "1, " "1, " "1, " "1, " "1, " "1, " "1, " "1, " "1, " "1, " "1, " "1, " "1, " "1, " "1, " "1, " "1, " "1, " "1, " "1, " "1, " "1, " "1, " "1, " "1, " "1, " "1, " "1, " "1, " "1, " "1, " "1, " "1, " "1, " "1, " "1, " "1, " "1, " "1, " "1, " "1, " "1, " "1, " "1, " "1, " "1, " "1, " "1, " "1, " "1, " "1, " "1, " "1, " "1, " "1, " "1, " "1, " "1, " "1, " "1, " "1, " "1, " "1, " "1, " "1, " "1, " "1, " "1, " "1, " "1, " "1, " "1, " "1, " "1, " "1, " "1, " "1, " "1, " "1, " "1, " "1, " "1, " "1, " "1, " "1, " "1, " "1, " "1, " "1, " "1, " "1, " "1, " "1, " "1, " "1, " "1, " "1, " "1, " "1, " "1, " "1, " "1, " "1, " "1, " "1, " "1, " "1, " "1, " "1, " "1, " "1, " "1, " "1, " "1, " "1, " "1, " "1, " "1, " "1, " "1, " "1, " "1, " "1, " "1, " "1, " "1, " "1, " "1, " "1, " "1, " "1, " "1, " "1, " "1, " "1, " "1, " "1, " "1, " "1, " "1, " "1, " "1, " "1, " "1, " "1, " "1, " "1, " "1, " "1, " "1, " "1, " "1, " "1, " "1, " "1, " "1, " "1, " "1, " "1, " "1, " "1, " "1, " "1, " "1, " "1, " "1, " "1, " "1, " "1, " "1, " "1, " "1, " "1, " "1, " "1, " "1, " "1, " "1, " "1, " "1, " "1, " "1, " "1, " "1, " "1, " "1, " "1, " "1, " "1, " "1, " "1, " "1, " "1, " "1, " "1, " "1, " "1, " "1, " "1, " "1, " "1, " "1, " "1, " "1, " "1, " "1, " "1, " "1, " "1, " "1, " "1, " "1, " "1, " "1, " "1, " "1, " "1, " "1, " "1, " "1, " "1, " "1, " "1, " "1, " "1, " "1, " "1, " "1, " "1, " "1, " "1, " "1, " "1, " "1, " "1, " "1, " "1, " "1, " "1, " "1, " "1, " "1, " "1, " "1, " "1, " "1, " "1, " "1, " "1, " "1, " "0, " "1, " "1, " "1, " "1, " "1, " "1, " "1, " "1, " "1, " "1, " "1, " "1, " "1, " "1, " "1, " "1, " "1, " "1, " "1, " "1, " "1, " "1, " "1, " "1, " "1, " "1, " "1, " "1, " "1, " "1, " "1, " "1, " "1, " "1, " "1, " "1, " "1, " "1, " "1, " "1, " "1, " "1, " "1, " "1, " "1, " "1, " "1, " "1, " "1, " "1, " "1, " "1, " "1, " "1, " "1, " "1, " "1, " "1, " "1, " "1, " "1, " "1, " "1, "204
 "Nei450, 0.338, " "0.015, " "1, " "1, " "1, " "1, " "1, " "1, " "1, " "1, " "1, " "1, " "1, " "1, " "1, " "1, " "1, " "1, " "1, " "1, " "1, " "1, " "1, " "1, " "1, " "1, " "1, " "1, " "1, " "1, " "1, " "1, " "1, " "1, " "1, " "1, " "1, " "1, " "1, " "1, " "1, " "1, " "1, " "1, " "1, " "1, " "1, " "1, " "1, " "1, " "1, " "1, " "1, " "1, " "1, " "1, " "1, " "1, " "1, " "1, " "1, " "1, " "1, " "1, " "1, " "1, " "1, " "1, " "1, " "1, " "1, " "1, " "1, " "1, " "1, " "1, " "1, " "1, " "1, " "1, " "1, " "1, " "1, " "1, " "1, " "1, " "1, " "1, " "1, " "1, " "1, " "1, " "1, " "1, " "1, " "1, " "1, " "1, " "1, " "1, " "1, " "1, " "1, " "1, " "1, " "1, " "1, " "1, " "1, " "1, " "1, " "1, " "1, " "1, " "1, " "1, " "1, " "1, " "1, " "1, " "1, " "1, " "1, " "1, " "1, " "1, " "1, " "1, " "1, " "1, " "1, " "1, " "1, " "1, " "1, " "1, " "1, " "1, " "1, " "1, " "1, " "1, " "1, " "1, " "1, " "1, " "1, " "1, " "1, " "1, " "1, " "1, " "1, " "1, " "1, " "1, " "1, " "1, " "1, " "1, " "1, " "1, " "1, " "1, " "1, " "1, " "1, " "1, " "1, " "1, " "1, " "1, " "1, " "1, " "1, " "1, " "1, " "1, " "1, " "1, " "1, " "1, " "1, " "1, " "1, " "1, " "1, " "1, " "1, " "1, " "1, " "1, " "1, " "1, " "1, " "1, " "1, " "1, " "1, " "1, " "1, " "1, " "1, " "1, " "1, " "1, " "1, " "1, " "1, " "1, " "1, " "1, " "1, " "1, " "1, " "1, " "1, " "1, " "1, " "1, " "1, " "1, " "1, " "1, " "1, " "1, " "1, " "1, " "1, " "1, " "1, " "1, " "1, " "1, " "1, " "1, " "1, " "1, " "1, " "1, " "1, " "1, " "1, " "1, " "1, " "1, " "1, " "1, " "1, " "1, " "1, " "1, " "1, " "1, " "1, " "1, " "1, " "1, " "1, " "1, " "1, " "1, " "1, " "1, " "1, " "1, " "1, " "1, " "1, " "1, " "1, " "1, " "1, " "1, " "1, " "1, " "1, " "1, " "1, " "1, " "1, " "1, " "1, " "1, " "1, " "1, " "1, " "1, " "1, " "1, " "1, " "1, " "1, " "1, " "1, " "1, " "1, " "1, " "1, " "1, " "1, " "1, " "1, " "1, " "1, " "1, " "1, " "1, " "1, " "1, " "1, " "1, " "1, " "1, " "1, " "1, " "1, " "1, " "1, " "1, " "1, " "1, " "1, " "1, " "1, " "1, " "1, " "1, " "1, " "1, " "1, " "1, " "1, " "1, " "1, " "1, " "1, " "1, " "1, " "1, " "1, " "1, " "1, " "1, " "1, " "1, " "1, " "1, " "1, " "1, " "1, " "1, " "1, " "1, " "1, " "1, " "1, " "1, " "1, " "1, " "1, " "1, " "1, " "1, " "1, " "1, " "1, " "1, " "1, " "1, " "1, " "1, " "1, " "1, " "1, " "1, " "1, " "1, " "1, " "1, " "1, " "1, " "1, " "1, " "1, " "1, " "1, " "1, " "1, " "1, " "1, " "1, " "1, " "1, " "1, " "1, " "1, " "1, " "1, " "1, " "1, " "1, " "1, " "1, " "1, " "1, " "1, " "1, " "1, " "1, " "1, " "1, " "1, " "1, " "1, " "1, " "1, " "1, " "1, " "1, " "1, " "1, " "1, " "1, " "1, " "1, " "1, " "1, " "1, " "1, " "1, " "1, " "1, " "1, " "1, " "1, " "1, " "1, " "1, " "1, " "1, " "1, " "1, " "1, " "1, " "1, " "1, " "1, " "1, " "1, " "1, " "1, " "0, " "1, " "1, " "1, " "1, " "1, " "1, " "1, " "1, " "1, " "1, " "1, " "1, " "1, " "1, " "1, " "1, " "1, " "1, " "1, " "1, " "1, " "1, " "1, " "1, " "1, " "1, " "1, " "1, " "1, " "1, " "1, " "1, " "1, " "1, " "1, " "1, " "1, " "1, " "1, " "1, " "1, " "1, " "1, " "1, " "1, " "1, " "1, " "1, " "1, " "1, " "1, " "1, " "1, " "1, " "1, " "1, " "1, " "1, " "1, " "1, " "1, " "1, "204
 "Nei451, 0.333, " "0.015, " "1, " "1, " "1, " "1, " "1, " "1, " "1, " "1, " "1, " "1, " "1, " "1, " "1, " "1, " "1, " "1, " "1, " "1, " "1, " "1, " "1, " "1, " "1, " "1, " "1, " "1, " "1, " "1, " "1, " "1, " "1, " "1, " "1, " "1, " "1, " "1, " "1, " "1, " "1, " "1, " "1, " "1, " "1, " "1, " "1, " "1, " "1, " "1, " "1, " "1, " "1, " "1, " "1, " "1, " "1, " "1, " "1, " "1, " "1, " "1, " "1, " "1, " "1, " "1, " "1, " "1, " "1, " "1, " "1, " "1, " "1, " "1, " "1, " "1, " "1, " "1, " "1, " "1, " "1, " "1, " "1, " "1, " "1, " "1, " "1, " "1, " "1, " "1, " "1, " "1, " "1, " "1, " "1, " "1, " "1, " "1, " "1, " "1, " "1, " "1, " "1, " "1, " "1, " "1, " "1, " "1, " "1, " "1, " "1, " "1, " "1, " "1, " "1, " "1, " "1, " "1, " "1, " "1, " "1, " "1, " "1, " "1, " "1, " "1, " "1, " "1, " "1, " "1, " "1, " "1, " "1, " "1, " "1, " "1, " "1, " "1, " "1, " "1, " "1, " "1, " "1, " "1, " "1, " "1, " "1, " "1, " "1, " "1, " "1, " "1, " "1, " "1, " "1, " "1, " "1, " "1, " "1, " "1, " "1, " "1, " "1, " "1, " "1, " "1, " "1, " "1, " "1, " "1, " "1, " "1, " "1, " "1, " "1, " "1, " "1, " "1, " "1, " "1, " "1, " "1, " "1, " "1, " "1, " "1, " "1, " "1, " "1, " "1, " "1, " "1, " "1, " "1, " "1, " "1, " "1, " "1, " "1, " "1, " "1, " "1, " "1, " "1, " "1, " "1, " "1, " "1, " "1, " "1, " "1, " "1, " "1, " "1, " "1, " "1, " "1, " "1, " "1, " "1, " "1, " "1, " "1, " "1, " "1, " "1, " "1, " "1, " "1, " "1, " "1, " "1, " "1, " "1, " "1, " "1, " "1, " "1, " "1, " "1, " "1, " "1, " "1, " "1, " "1, " "1, " "1, " "1, " "1, " "1, " "1, " "1, " "1, " "1, " "1, " "1, " "1, " "1, " "1, " "1, " "1, " "1, " "1, " "1, " "1, " "1, " "1, " "1, " "1, " "1, " "1, " "1, " "1, " "1, " "1, " "1, " "1, " "1, " "1, " "1, " "1, " "1, " "1, " "1, " "1, " "1, " "1, " "1, " "1, " "1, " "1, " "1, " "1, " "1, " "1, " "1, " "1, " "1, " "1, " "1, " "1, " "1, " "1, " "1, " "1, " "1, " "1, " "1, " "1, " "1, " "1, " "1, " "1, " "1, " "1, " "1, " "1, " "1, " "1, " "1, " "1, " "1, " "1, " "1, " "1, " "1, " "1, " "1, " "1, " "1, " "1, " "1, " "1, " "1, " "1, " "1, " "1, " "1, " "1, " "1, " "1, " "1, " "1, " "1, " "1, " "1, " "1, " "1, " "1, " "1, " "1, " "1, " "1, " "1, " "1, " "1, " "1, " "1, " "1, " "1, " "1, " "1, " "1, " "1, " "1, " "1, " "1, " "1, " "1, " "1, " "1, " "1, " "1, " "1, " "1, " "1, " "1, " "1, " "1, " "1, " "1, " "1, " "1, " "1, " "1, " "1, " "1, " "1, " "1, " "1, " "1, " "1, " "1, " "1, " "1, " "1, " "1, " "1, " "1, " "1, " "1, " "1, " "1, " "1, " "1, " "1, " "1, " "1, " "1, " "1, " "1, " "1, " "1, " "1, " "1, " "1, " "1, " "1, " "1, " "1, " "1, " "1, " "1, " "1, " "1, " "1, " "1, " "1, " "1, " "1, " "1, " "1, " "1, " "1, " "1, " "1, " "1, " "1, " "1, " "1, " "1, " "1, " "1, " "1, " "1, " "1, " "1, " "1, " "1, " "1, " "1, " "1, " "1, " "0, " "1, " "1, " "1, " "1, " "1, " "1, " "1, " "1, " "1, " "1, " "1, " "1, " "1, " "1, " "1, " "1, " "1, " "1, " "1, " "1, " "1, " "1, " "1, " "1, " "1, " "1, " "1, " "1, " "1, " "1, " "1, " "1, " "1, " "1, " "1, " "1, " "1, " "1, " "1, " "1, " "1, " "1, " "1, " "1, " "1, " "1, " "1, " "1, " "1, " "1, " "1, " "1, " "1, " "1, " "1, " "1, " "1, " "1, " "1, " "1, " "1, "204
 "Nei452, 0.25, " "0.015, " "1, " "1, " "1, " "1, " "1, " "1, " "1, " "1, " "1, " "1, " "1, " "1, " "1, " "1, " "1, " "1, " "1, " "1, " "1, " "1, " "1, " "1, " "1, " "1, " "1, " "1, " "1, " "1, " "1, " "1, " "1, " "1, " "1, " "1, " "1, " "1, " "1, " "1, " "1, " "1, " "1, " "1, " "1, " "1, " "1, " "1, " "1, " "1, " "1, " "1, " "1, " "1, " "1, " "1, " "1, " "1, " "1, " "1, " "1, " "1, " "1, " "1, " "1, " "1, " "1, " "1, " "1, " "1, " "1, " "1, " "1, " "1, " "1, " "1, " "1, " "1, " "1, " "1, " "1, " "1, " "1, " "1, " "1, " "1, " "1, " "1, " "1, " "1, " "1, " "1, " "1, " "1, " "1, " "1, " "1, " "1, " "1, " "1, " "1, " "1, " "1, " "1, " "1, " "1, " "1, " "1, " "1, " "1, " "1, " "1, " "1, " "1, " "1, " "1, " "1, " "1, " "1, " "1, " "1, " "1, " "1, " "1, " "1, " "1, " "1, " "1, " "1, " "1, " "1, " "1, " "1, " "1, " "1, " "1, " "1, " "1, " "1, " "1, " "1, " "1, " "1, " "1, " "1, " "1, " "1, " "1, " "1, " "1, " "1, " "1, " "1, " "1, " "1, " "1, " "1, " "1, " "1, " "1, " "1, " "1, " "1, " "1, " "1, " "1, " "1, " "1, " "1, " "1, " "1, " "1, " "1, " "1, " "1, " "1, " "1, " "1, " "1, " "1, " "1, " "1, " "1, " "1, " "1, " "1, " "1, " "1, " "1, " "1, " "1, " "1, " "1, " "1, " "1, " "1, " "1, " "1, " "1, " "1, " "1, " "1, " "1, " "1, " "1, " "1, " "1, " "1, " "1, " "1, " "1, " "1, " "1, " "1, " "1, " "1, " "1, " "1, " "1, " "1, " "1, " "1, " "1, " "1, " "1, " "1, " "1, " "1, " "1, " "1, " "1, " "1, " "1, " "1, " "1, " "1, " "1, " "1, " "1, " "1, " "1, " "1, " "1, " "1, " "1, " "1, " "1, " "1, " "1, " "1, " "1, " "1, " "1, " "1, " "1, " "1, " "1, " "1, " "1, " "1, " "1, " "1, " "1, " "1, " "1, " "1, " "1, " "1, " "1, " "1, " "1, " "1, " "1, " "1, " "1, " "1, " "1, " "1, " "1, " "1, " "1, " "1, " "1, " "1, " "1, " "1, " "1, " "1, " "1, " "1, " "1, " "1, " "1, " "1, " "1, " "1, " "1, " "1, " "1, " "1, " "1, " "1, " "1, " "1, " "1, " "1, " "1, " "1, " "1, " "1, " "1, " "1, " "1, " "1, " "1, " "1, " "1, " "1, " "1, " "1, " "1, " "1, " "1, " "1, " "1, " "1, " "1, " "1, " "1, " "1, " "1, " "1, " "1, " "1, " "1, " "1, " "1, " "1, " "1, " "1, " "1, " "1, " "1, " "1, " "1, " "1, " "1, " "1, " "1, " "1, " "1, " "1, " "1, " "1, " "1, " "1, " "1, " "1, " "1, " "1, " "1, " "1, " "1, " "1, " "1, " "1, " "1, " "1, " "1, " "1, " "1, " "1, " "1, " "1, " "1, " "1, " "1, " "1, " "1, " "1, " "1, " "1, " "1, " "1, " "1, " "1, " "1, " "1, " "1, " "1, " "1, " "1, " "1, " "1, " "1, " "1, " "1, " "1, " "1, " "1, " "1, " "1, " "1, " "1, " "1, " "1, " "1, " "1, " "1, " "1, " "1, " "1, " "1, " "1, " "1, " "1, " "1, " "1, " "1, " "1, " "1, " "1, " "1, " "1, " "1, " "1, " "1, " "1, " "1, " "1, " "1, " "1, " "1, " "1, " "1, " "1, " "1, " "1, " "1, " "1, " "1, " "1, " "1, " "1, " "1, " "1, " "1, " "1, " "1, " "1, " "1, " "1, " "1, " "1, " "0, " "1, " "1, " "1, " "1, " "1, " "1, " "1, " "1, " "1, " "1, " "1, " "1, " "1, " "1, " "1, " "1, " "1, " "1, " "1, " "1, " "1, " "1, " "1, " "1, " "1, " "1, " "1, " "1, " "1, " "1, " "1, " "1, " "1, " "1, " "1, " "1, " "1, " "1, " "1, " "1, " "1, " "1, " "1, " "1, " "1, " "1, " "1, " "1, " "1, " "1, " "1, " "1, " "1, " "1, " "1, " "1, " "1, " "1, " "1, " "1, "204
 "Nei453, 0.356, " "0.015, " "1, " "1, " "1, " "1, " "1, " "1, " "1, " "1, " "1, " "1, " "1, " "1, " "1, " "1, " "1, " "1, " "1, " "1, " "1, " "1, " "1, " "1, " "1, " "1, " "1, " "1, " "1, " "1, " "1, " "1, " "1, " "1, " "1, " "1, " "1, " "1, " "1, " "1, " "1, " "1, " "1, " "1, " "1, " "1, " "1, " "1, " "1, " "1, " "1, " "1, " "1, " "1, " "1, " "1, " "1, " "1, " "1, " "1, " "1, " "1, " "1, " "1, " "1, " "1, " "1, " "1, " "1, " "1, " "1, " "1, " "1, " "1, " "1, " "1, " "1, " "1, " "1, " "1, " "1, " "1, " "1, " "1, " "1, " "1, " "1, " "1, " "1, " "1, " "1, " "1, " "1, " "1, " "1, " "1, " "1, " "1, " "1, " "1, " "1, " "1, " "1, " "1, " "1, " "1, " "1, " "1, " "1, " "1, " "1, " "1, " "1, " "1, " "1, " "1, " "1, " "1, " "1, " "1, " "1, " "1, " "1, " "1, " "1, " "1, " "1, " "1, " "1, " "1, " "1, " "1, " "1, " "1, " "1, " "1, " "1, " "1, " "1, " "1, " "1, " "1, " "1, " "1, " "1, " "1, " "1, " "1, " "1, " "1, " "1, " "1, " "1, " "1, " "1, " "1, " "1, " "1, " "1, " "1, " "1, " "1, " "1, " "1, " "1, " "1, " "1, " "1, " "1, " "1, " "1, " "1, " "1, " "1, " "1, " "1, " "1, " "1, " "1, " "1, " "1, " "1, " "1, " "1, " "1, " "1, " "1, " "1, " "1, " "1, " "1, " "1, " "1, " "1, " "1, " "1, " "1, " "1, " "1, " "1, " "1, " "1, " "1, " "1, " "1, " "1, " "1, " "1, " "1, " "1, " "1, " "1, " "1, " "1, " "1, " "1, " "1, " "1, " "1, " "1, " "1, " "1, " "1, " "1, " "1, " "1, " "1, " "1, " "1, " "1, " "1, " "1, " "1, " "1, " "1, " "1, " "1, " "1, " "1, " "1, " "1, " "1, " "1, " "1, " "1, " "1, " "1, " "1, " "1, " "1, " "1, " "1, " "1, " "1, " "1, " "1, " "1, " "1, " "1, " "1, " "1, " "1, " "1, " "1, " "1, " "1, " "1, " "1, " "1, " "1, " "1, " "1, " "1, " "1, " "1, " "1, " "1, " "1, " "1, " "1, " "1, " "1, " "1, " "1, " "1, " "1, " "1, " "1, " "1, " "1, " "1, " "1, " "1, " "1, " "1, " "1, " "1, " "1, " "1, " "1, " "1, " "1, " "1, " "1, " "1, " "1, " "1, " "1, " "1, " "1, " "1, " "1, " "1, " "1, " "1, " "1, " "1, " "1, " "1, " "1, " "1, " "1, " "1, " "1, " "1, " "1, " "1, " "1, " "1, " "1, " "1, " "1, " "1, " "1, " "1, " "1, " "1, " "1, " "1, " "1, " "1, " "1, " "1, " "1, " "1, " "1, " "1, " "1, " "1, " "1, " "1, " "1, " "1, " "1, " "1, " "1, " "1, " "1, " "1, " "1, " "1, " "1, " "1, " "1, " "1, " "1, " "1, " "1, " "1, " "1, " "1, " "1, " "1, " "1, " "1, " "1, " "1, " "1, " "1, " "1, " "1, " "1, " "1, " "1, " "1, " "1, " "1, " "1, " "1, " "1, " "1, " "1, " "1, " "1, " "1, " "1, " "1, " "1, " "1, " "1, " "1, " "1, " "1, " "1, " "1, " "1, " "1, " "1, " "1, " "1, " "1, " "1, " "1, " "1, " "1, " "1, " "1, " "1, " "1, " "1, " "1, " "1, " "1, " "1, " "1, " "1, " "1, " "1, " "1, " "1, " "1, " "1, " "1, " "1, " "1, " "1, " "1, " "1, " "1, " "1, " "1, " "1, " "1, " "1, " "1, " "1, " "1, " "1, " "1, " "1, " "1, " "1, " "1, " "1, " "1, " "0, " "1, " "1, " "1, " "1, " "1, " "1, " "1, " "1, " "1, " "1, " "1, " "1, " "1, " "1, " "1, " "1, " "1, " "1, " "1, " "1, " "1, " "1, " "1, " "1, " "1, " "1, " "1, " "1, " "1, " "1, " "1, " "1, " "1, " "1, " "1, " "1, " "1, " "1, " "1, " "1, " "1, " "1, " "1, " "1, " "1, " "1, " "1, " "1, " "1, " "1, " "1, " "1, " "1, " "1, " "1, " "1, " "1, " "1, " "1, "204
 "Nei454, 0.05, " "0.015, " "1, " "1, " "1, " "1, " "1, " "1, " "1, " "1, " "1, " "1, " "1, " "1, " "1, " "1, " "1, " "1, " "1, " "1, " "1, " "1, " "1, " "1, " "1, " "1, " "1, " "1, " "1, " "1, " "1, " "1, " "1, " "1, " "1, " "1, " "1, " "1, " "1, " "1, " "1, " "1, " "1, " "1, " "1, " "1, " "1, " "1, " "1, " "1, " "1, " "1, " "1, " "1, " "1, " "1, " "1, " "1, " "1, " "1, " "1, " "1, " "1, " "1, " "1, " "1, " "1, " "1, " "1, " "1, " "1, " "1, " "1, " "1, " "1, " "1, " "1, " "1, " "1, " "1, " "1, " "1, " "1, " "1, " "1, " "1, " "1, " "1, " "1, " "1, " "1, " "1, " "1, " "1, " "1, " "1, " "1, " "1, " "1, " "1, " "1, " "1, " "1, " "1, " "1, " "1, " "1, " "1, " "1, " "1, " "1, " "1, " "1, " "1, " "1, " "1, " "1, " "1, " "1, " "1, " "1, " "1, " "1, " "1, " "1, " "1, " "1, " "1, " "1, " "1, " "1, " "1, " "1, " "1, " "1, " "1, " "1, " "1, " "1, " "1, " "1, " "1, " "1, " "1, " "1, " "1, " "1, " "1, " "1, " "1, " "1, " "1, " "1, " "1, " "1, " "1, " "1, " "1, " "1, " "1, " "1, " "1, " "1, " "1, " "1, " "1, " "1, " "1, " "1, " "1, " "1, " "1, " "1, " "1, " "1, " "1, " "1, " "1, " "1, " "1, " "1, " "1, " "1, " "1, " "1, " "1, " "1, " "1, " "1, " "1, " "1, " "1, " "1, " "1, " "1, " "1, " "1, " "1, " "1, " "1, " "1, " "1, " "1, " "1, " "1, " "1, " "1, " "1, " "1, " "1, " "1, " "1, " "1, " "1, " "1, " "1, " "1, " "1, " "1, " "1, " "1, " "1, " "1, " "1, " "1, " "1, " "1, " "1, " "1, " "1, " "1, " "1, " "1, " "1, " "1, " "1, " "1, " "1, " "1, " "1, " "1, " "1, " "1, " "1, " "1, " "1, " "1, " "1, " "1, " "1, " "1, " "1, " "1, " "1, " "1, " "1, " "1, " "1, " "1, " "1, " "1, " "1, " "1, " "1, " "1, " "1, " "1, " "1, " "1, " "1, " "1, " "1, " "1, " "1, " "1, " "1, " "1, " "1, " "1, " "1, " "1, " "1, " "1, " "1, " "1, " "1, " "1, " "1, " "1, " "1, " "1, " "1, " "1, " "1, " "1, " "1, " "1, " "1, " "1, " "1, " "1, " "1, " "1, " "1, " "1, " "1, " "1, " "1, " "1, " "1, " "1, " "1, " "1, " "1, " "1, " "1, " "1, " "1, " "1, " "1, " "1, " "1, " "1, " "1, " "1, " "1, " "1, " "1, " "1, " "1, " "1, " "1, " "1, " "1, " "1, " "1, " "1, " "1, " "1, " "1, " "1, " "1, " "1, " "1, " "1, " "1, " "1, " "1, " "1, " "1, " "1, " "1, " "1, " "1, " "1, " "1, " "1, " "1, " "1, " "1, " "1, " "1, " "1, " "1, " "1, " "1, " "1, " "1, " "1, " "1, " "1, " "1, " "1, " "1, " "1, " "1, " "1, " "1, " "1, " "1, " "1, " "1, " "1, " "1, " "1, " "1, " "1, " "1, " "1, " "1, " "1, " "1, " "1, " "1, " "1, " "1, " "1, " "1, " "1, " "1, " "1, " "1, " "1, " "1, " "1, " "1, " "1, " "1, " "1, " "1, " "1, " "1, " "1, " "1, " "1, " "1, " "1, " "1, " "1, " "1, " "1, " "1, " "1, " "1, " "1, " "1, " "1, " "1, " "1, " "1, " "1, " "1, " "1, " "1, " "1, " "1, " "1, " "1, " "1, " "1, " "1, " "1, " "1, " "1, " "1, " "1, " "1, " "1, " "1, " "1, " "1, " "1, " "1, " "1, " "1, " "1, " "0, " "1, " "1, " "1, " "1, " "1, " "1, " "1, " "1, " "1, " "1, " "1, " "1, " "1, " "1, " "1, " "1, " "1, " "1, " "1, " "1, " "1, " "1, " "1, " "1, " "1, " "1, " "1, " "1, " "1, " "1, " "1, " "1, " "1, " "1, " "1, " "1, " "1, " "1, " "1, " "1, " "1, " "1, " "1, " "1, " "1, " "1, " "1, " "1, " "1, " "1, " "1, " "1, " "1, " "1, " "1, " "1, " "1, " "1, "204
 "Nei455, 0.341, " "0.015, " "1, " "1, " "1, " "1, " "1, " "1, " "1, " "1, " "1, " "1, " "1, " "1, " "1, " "1, " "1, " "1, " "1, " "1, " "1, " "1, " "1, " "1, " "1, " "1, " "1, " "1, " "1, " "1, " "1, " "1, " "1, " "1, " "1, " "1, " "1, " "1, " "1, " "1, " "1, " "1, " "1, " "1, " "1, " "1, " "1, " "1, " "1, " "1, " "1, " "1, " "1, " "1, " "1, " "1, " "1, " "1, " "1, " "1, " "1, " "1, " "1, " "1, " "1, " "1, " "1, " "1, " "1, " "1, " "1, " "1, " "1, " "1, " "1, " "1, " "1, " "1, " "1, " "1, " "1, " "1, " "1, " "1, " "1, " "1, " "1, " "1, " "1, " "1, " "1, " "1, " "1, " "1, " "1, " "1, " "1, " "1, " "1, " "1, " "1, " "1, " "1, " "1, " "1, " "1, " "1, " "1, " "1, " "1, " "1, " "1, " "1, " "1, " "1, " "1, " "1, " "1, " "1, " "1, " "1, " "1, " "1, " "1, " "1, " "1, " "1, " "1, " "1, " "1, " "1, " "1, " "1, " "1, " "1, " "1, " "1, " "1, " "1, " "1, " "1, " "1, " "1, " "1, " "1, " "1, " "1, " "1, " "1, " "1, " "1, " "1, " "1, " "1, " "1, " "1, " "1, " "1, " "1, " "1, " "1, " "1, " "1, " "1, " "1, " "1, " "1, " "1, " "1, " "1, " "1, " "1, " "1, " "1, " "1, " "1, " "1, " "1, " "1, " "1, " "1, " "1, " "1, " "1, " "1, " "1, " "1, " "1, " "1, " "1, " "1, " "1, " "1, " "1, " "1, " "1, " "1, " "1, " "1, " "1, " "1, " "1, " "1, " "1, " "1, " "1, " "1, " "1, " "1, " "1, " "1, " "1, " "1, " "1, " "1, " "1, " "1, " "1, " "1, " "1, " "1, " "1, " "1, " "1, " "1, " "1, " "1, " "1, " "1, " "1, " "1, " "1, " "1, " "1, " "1, " "1, " "1, " "1, " "1, " "1, " "1, " "1, " "1, " "1, " "1, " "1, " "1, " "1, " "1, " "1, " "1, " "1, " "1, " "1, " "1, " "1, " "1, " "1, " "1, " "1, " "1, " "1, " "1, " "1, " "1, " "1, " "1, " "1, " "1, " "1, " "1, " "1, " "1, " "1, " "1, " "1, " "1, " "1, " "1, " "1, " "1, " "1, " "1, " "1, " "1, " "1, " "1, " "1, " "1, " "1, " "1, " "1, " "1, " "1, " "1, " "1, " "1, " "1, " "1, " "1, " "1, " "1, " "1, " "1, " "1, " "1, " "1, " "1, " "1, " "1, " "1, " "1, " "1, " "1, " "1, " "1, " "1, " "1, " "1, " "1, " "1, " "1, " "1, " "1, " "1, " "1, " "1, " "1, " "1, " "1, " "1, " "1, " "1, " "1, " "1, " "1, " "1, " "1, " "1, " "1, " "1, " "1, " "1, " "1, " "1, " "1, " "1, " "1, " "1, " "1, " "1, " "1, " "1, " "1, " "1, " "1, " "1, " "1, " "1, " "1, " "1, " "1, " "1, " "1, " "1, " "1, " "1, " "1, " "1, " "1, " "1, " "1, " "1, " "1, " "1, " "1, " "1, " "1, " "1, " "1, " "1, " "1, " "1, " "1, " "1, " "1, " "1, " "1, " "1, " "1, " "1, " "1, " "1, " "1, " "1, " "1, " "1, " "1, " "1, " "1, " "1, " "1, " "1, " "1, " "1, " "1, " "1, " "1, " "1, " "1, " "1, " "1, " "1, " "1, " "1, " "1, " "1, " "1, " "1, " "1, " "1, " "1, " "1, " "1, " "1, " "1, " "1, " "1, " "1, " "1, " "1, " "1, " "1, " "1, " "1, " "1, " "1, " "1, " "1, " "1, " "1, " "1, " "1, " "1, " "1, " "1, " "1, " "1, " "1, " "1, " "1, " "1, " "1, " "1, " "1, " "1, " "1, " "0, " "1, " "1, " "1, " "1, " "1, " "1, " "1, " "1, " "1, " "1, " "1, " "1, " "1, " "1, " "1, " "1, " "1, " "1, " "1, " "1, " "1, " "1, " "1, " "1, " "1, " "1, " "1, " "1, " "1, " "1, " "1, " "1, " "1, " "1, " "1, " "1, " "1, " "1, " "1, " "1, " "1, " "1, " "1, " "1, " "1, " "1, " "1, " "1, " "1, " "1, " "1, " "1, " "1, " "1, " "1, " "1, " "1, "204
 "Nei456, 0.137, " "0.015, " "1, " "1, " "1, " "1, " "1, " "1, " "1, " "1, " "1, " "1, " "1, " "1, " "1, " "1, " "1, " "1, " "1, " "1, " "1, " "1, " "1, " "1, " "1, " "1, " "1, " "1, " "1, " "1, " "1, " "1, " "1, " "1, " "1, " "1, " "1, " "1, " "1, " "1, " "1, " "1, " "1, " "1, " "1, " "1, " "1, " "1, " "1, " "1, " "1, " "1, " "1, " "1, " "1, " "1, " "1, " "1, " "1, " "1, " "1, " "1, " "1, " "1, " "1, " "1, " "1, " "1, " "1, " "1, " "1, " "1, " "1, " "1, " "1, " "1, " "1, " "1, " "1, " "1, " "1, " "1, " "1, " "1, " "1, " "1, " "1, " "1, " "1, " "1, " "1, " "1, " "1, " "1, " "1, " "1, " "1, " "1, " "1, " "1, " "1, " "1, " "1, " "1, " "1, " "1, " "1, " "1, " "1, " "1, " "1, " "1, " "1, " "1, " "1, " "1, " "1, " "1, " "1, " "1, " "1, " "1, " "1, " "1, " "1, " "1, " "1, " "1, " "1, " "1, " "1, " "1, " "1, " "1, " "1, " "1, " "1, " "1, " "1, " "1, " "1, " "1, " "1, " "1, " "1, " "1, " "1, " "1, " "1, " "1, " "1, " "1, " "1, " "1, " "1, " "1, " "1, " "1, " "1, " "1, " "1, " "1, " "1, " "1, " "1, " "1, " "1, " "1, " "1, " "1, " "1, " "1, " "1, " "1, " "1, " "1, " "1, " "1, " "1, " "1, " "1, " "1, " "1, " "1, " "1, " "1, " "1, " "1, " "1, " "1, " "1, " "1, " "1, " "1, " "1, " "1, " "1, " "1, " "1, " "1, " "1, " "1, " "1, " "1, " "1, " "1, " "1, " "1, " "1, " "1, " "1, " "1, " "1, " "1, " "1, " "1, " "1, " "1, " "1, " "1, " "1, " "1, " "1, " "1, " "1, " "1, " "1, " "1, " "1, " "1, " "1, " "1, " "1, " "1, " "1, " "1, " "1, " "1, " "1, " "1, " "1, " "1, " "1, " "1, " "1, " "1, " "1, " "1, " "1, " "1, " "1, " "1, " "1, " "1, " "1, " "1, " "1, " "1, " "1, " "1, " "1, " "1, " "1, " "1, " "1, " "1, " "1, " "1, " "1, " "1, " "1, " "1, " "1, " "1, " "1, " "1, " "1, " "1, " "1, " "1, " "1, " "1, " "1, " "1, " "1, " "1, " "1, " "1, " "1, " "1, " "1, " "1, " "1, " "1, " "1, " "1, " "1, " "1, " "1, " "1, " "1, " "1, " "1, " "1, " "1, " "1, " "1, " "1, " "1, " "1, " "1, " "1, " "1, " "1, " "1, " "1, " "1, " "1, " "1, " "1, " "1, " "1, " "1, " "1, " "1, " "1, " "1, " "1, " "1, " "1, " "1, " "1, " "1, " "1, " "1, " "1, " "1, " "1, " "1, " "1, " "1, " "1, " "1, " "1, " "1, " "1, " "1, " "1, " "1, " "1, " "1, " "1, " "1, " "1, " "1, " "1, " "1, " "1, " "1, " "1, " "1, " "1, " "1, " "1, " "1, " "1, " "1, " "1, " "1, " "1, " "1, " "1, " "1, " "1, " "1, " "1, " "1, " "1, " "1, " "1, " "1, " "1, " "1, " "1, " "1, " "1, " "1, " "1, " "1, " "1, " "1, " "1, " "1, " "1, " "1, " "1, " "1, " "1, " "1, " "1, " "1, " "1, " "1, " "1, " "1, " "1, " "1, " "1, " "1, " "1, " "1, " "1, " "1, " "1, " "1, " "1, " "1, " "1, " "1, " "1, " "1, " "1, " "1, " "1, " "1, " "1, " "1, " "1, " "1, " "1, " "1, " "1, " "1, " "1, " "1, " "1, " "1, " "1, " "1, " "1, " "1, " "1, " "1, " "1, " "1, " "1, " "1, " "1, " "1, " "1, " "1, " "1, " "1, " "1, " "1, " "1, " "1, " "1, " "0, " "1, " "1, " "1, " "1, " "1, " "1, " "1, " "1, " "1, " "1, " "1, " "1, " "1, " "1, " "1, " "1, " "1, " "1, " "1, " "1, " "1, " "1, " "1, " "1, " "1, " "1, " "1, " "1, " "1, " "1, " "1, " "1, " "1, " "1, " "1, " "1, " "1, " "1, " "1, " "1, " "1, " "1, " "1, " "1, " "1, " "1, " "1, " "1, " "1, " "1, " "1, " "1, " "1, " "1, " "1, " "1, "204
 "Nei457, 0.178, " "0.015, " "1, " "1, " "1, " "1, " "1, " "1, " "1, " "1, " "1, " "1, " "1, " "1, " "1, " "1, " "1, " "1, " "1, " "1, " "1, " "1, " "1, " "1, " "1, " "1, " "1, " "1, " "1, " "1, " "1, " "1, " "1, " "1, " "1, " "1, " "1, " "1, " "1, " "1, " "1, " "1, " "1, " "1, " "1, " "1, " "1, " "1, " "1, " "1, " "1, " "1, " "1, " "1, " "1, " "1, " "1, " "1, " "1, " "1, " "1, " "1, " "1, " "1, " "1, " "1, " "1, " "1, " "1, " "1, " "1, " "1, " "1, " "1, " "1, " "1, " "1, " "1, " "1, " "1, " "1, " "1, " "1, " "1, " "1, " "1, " "1, " "1, " "1, " "1, " "1, " "1, " "1, " "1, " "1, " "1, " "1, " "1, " "1, " "1, " "1, " "1, " "1, " "1, " "1, " "1, " "1, " "1, " "1, " "1, " "1, " "1, " "1, " "1, " "1, " "1, " "1, " "1, " "1, " "1, " "1, " "1, " "1, " "1, " "1, " "1, " "1, " "1, " "1, " "1, " "1, " "1, " "1, " "1, " "1, " "1, " "1, " "1, " "1, " "1, " "1, " "1, " "1, " "1, " "1, " "1, " "1, " "1, " "1, " "1, " "1, " "1, " "1, " "1, " "1, " "1, " "1, " "1, " "1, " "1, " "1, " "1, " "1, " "1, " "1, " "1, " "1, " "1, " "1, " "1, " "1, " "1, " "1, " "1, " "1, " "1, " "1, " "1, " "1, " "1, " "1, " "1, " "1, " "1, " "1, " "1, " "1, " "1, " "1, " "1, " "1, " "1, " "1, " "1, " "1, " "1, " "1, " "1, " "1, " "1, " "1, " "1, " "1, " "1, " "1, " "1, " "1, " "1, " "1, " "1, " "1, " "1, " "1, " "1, " "1, " "1, " "1, " "1, " "1, " "1, " "1, " "1, " "1, " "1, " "1, " "1, " "1, " "1, " "1, " "1, " "1, " "1, " "1, " "1, " "1, " "1, " "1, " "1, " "1, " "1, " "1, " "1, " "1, " "1, " "1, " "1, " "1, " "1, " "1, " "1, " "1, " "1, " "1, " "1, " "1, " "1, " "1, " "1, " "1, " "1, " "1, " "1, " "1, " "1, " "1, " "1, " "1, " "1, " "1, " "1, " "1, " "1, " "1, " "1, " "1, " "1, " "1, " "1, " "1, " "1, " "1, " "1, " "1, " "1, " "1, " "1, " "1, " "1, " "1, " "1, " "1, " "1, " "1, " "1, " "1, " "1, " "1, " "1, " "1, " "1, " "1, " "1, " "1, " "1, " "1, " "1, " "1, " "1, " "1, " "1, " "1, " "1, " "1, " "1, " "1, " "1, " "1, " "1, " "1, " "1, " "1, " "1, " "1, " "1, " "1, " "1, " "1, " "1, " "1, " "1, " "1, " "1, " "1, " "1, " "1, " "1, " "1, " "1, " "1, " "1, " "1, " "1, " "1, " "1, " "1, " "1, " "1, " "1, " "1, " "1, " "1, " "1, " "1, " "1, " "1, " "1, " "1, " "1, " "1, " "1, " "1, " "1, " "1, " "1, " "1, " "1, " "1, " "1, " "1, " "1, " "1, " "1, " "1, " "1, " "1, " "1, " "1, " "1, " "1, " "1, " "1, " "1, " "1, " "1, " "1, " "1, " "1, " "1, " "1, " "1, " "1, " "1, " "1, " "1, " "1, " "1, " "1, " "1, " "1, " "1, " "1, " "1, " "1, " "1, " "1, " "1, " "1, " "1, " "1, " "1, " "1, " "1, " "1, " "1, " "1, " "1, " "1, " "1, " "1, " "1, " "1, " "1, " "1, " "1, " "1, " "1, " "1, " "1, " "1, " "1, " "1, " "1, " "1, " "1, " "1, " "1, " "1, " "1, " "1, " "1, " "1, " "1, " "1, " "1, " "1, " "1, " "1, " "1, " "1, " "1, " "1, " "1, " "1, " "1, " "1, " "1, " "1, " "1, " "1, " "0, " "1, " "1, " "1, " "1, " "1, " "1, " "1, " "1, " "1, " "1, " "1, " "1, " "1, " "1, " "1, " "1, " "1, " "1, " "1, " "1, " "1, " "1, " "1, " "1, " "1, " "1, " "1, " "1, " "1, " "1, " "1, " "1, " "1, " "1, " "1, " "1, " "1, " "1, " "1, " "1, " "1, " "1, " "1, " "1, " "1, " "1, " "1, " "1, " "1, " "1, " "1, " "1, " "1, " "1, " "1, "204
 "Nei458, 0.389, " "0.015, " "1, " "1, " "1, " "1, " "1, " "1, " "1, " "1, " "1, " "1, " "1, " "1, " "1, " "1, " "1, " "1, " "1, " "1, " "1, " "1, " "1, " "1, " "1, " "1, " "1, " "1, " "1, " "1, " "1, " "1, " "1, " "1, " "1, " "1, " "1, " "1, " "1, " "1, " "1, " "1, " "1, " "1, " "1, " "1, " "1, " "1, " "1, " "1, " "1, " "1, " "1, " "1, " "1, " "1, " "1, " "1, " "1, " "1, " "1, " "1, " "1, " "1, " "1, " "1, " "1, " "1, " "1, " "1, " "1, " "1, " "1, " "1, " "1, " "1, " "1, " "1, " "1, " "1, " "1, " "1, " "1, " "1, " "1, " "1, " "1, " "1, " "1, " "1, " "1, " "1, " "1, " "1, " "1, " "1, " "1, " "1, " "1, " "1, " "1, " "1, " "1, " "1, " "1, " "1, " "1, " "1, " "1, " "1, " "1, " "1, " "1, " "1, " "1, " "1, " "1, " "1, " "1, " "1, " "1, " "1, " "1, " "1, " "1, " "1, " "1, " "1, " "1, " "1, " "1, " "1, " "1, " "1, " "1, " "1, " "1, " "1, " "1, " "1, " "1, " "1, " "1, " "1, " "1, " "1, " "1, " "1, " "1, " "1, " "1, " "1, " "1, " "1, " "1, " "1, " "1, " "1, " "1, " "1, " "1, " "1, " "1, " "1, " "1, " "1, " "1, " "1, " "1, " "1, " "1, " "1, " "1, " "1, " "1, " "1, " "1, " "1, " "1, " "1, " "1, " "1, " "1, " "1, " "1, " "1, " "1, " "1, " "1, " "1, " "1, " "1, " "1, " "1, " "1, " "1, " "1, " "1, " "1, " "1, " "1, " "1, " "1, " "1, " "1, " "1, " "1, " "1, " "1, " "1, " "1, " "1, " "1, " "1, " "1, " "1, " "1, " "1, " "1, " "1, " "1, " "1, " "1, " "1, " "1, " "1, " "1, " "1, " "1, " "1, " "1, " "1, " "1, " "1, " "1, " "1, " "1, " "1, " "1, " "1, " "1, " "1, " "1, " "1, " "1, " "1, " "1, " "1, " "1, " "1, " "1, " "1, " "1, " "1, " "1, " "1, " "1, " "1, " "1, " "1, " "1, " "1, " "1, " "1, " "1, " "1, " "1, " "1, " "1, " "1, " "1, " "1, " "1, " "1, " "1, " "1, " "1, " "1, " "1, " "1, " "1, " "1, " "1, " "1, " "1, " "1, " "1, " "1, " "1, " "1, " "1, " "1, " "1, " "1, " "1, " "1, " "1, " "1, " "1, " "1, " "1, " "1, " "1, " "1, " "1, " "1, " "1, " "1, " "1, " "1, " "1, " "1, " "1, " "1, " "1, " "1, " "1, " "1, " "1, " "1, " "1, " "1, " "1, " "1, " "1, " "1, " "1, " "1, " "1, " "1, " "1, " "1, " "1, " "1, " "1, " "1, " "1, " "1, " "1, " "1, " "1, " "1, " "1, " "1, " "1, " "1, " "1, " "1, " "1, " "1, " "1, " "1, " "1, " "1, " "1, " "1, " "1, " "1, " "1, " "1, " "1, " "1, " "1, " "1, " "1, " "1, " "1, " "1, " "1, " "1, " "1, " "1, " "1, " "1, " "1, " "1, " "1, " "1, " "1, " "1, " "1, " "1, " "1, " "1, " "1, " "1, " "1, " "1, " "1, " "1, " "1, " "1, " "1, " "1, " "1, " "1, " "1, " "1, " "1, " "1, " "1, " "1, " "1, " "1, " "1, " "1, " "1, " "1, " "1, " "1, " "1, " "1, " "1, " "1, " "1, " "1, " "1, " "1, " "1, " "1, " "1, " "1, " "1, " "1, " "1, " "1, " "1, " "1, " "1, " "1, " "1, " "1, " "1, " "1, " "1, " "1, " "1, " "1, " "1, " "1, " "1, " "1, " "1, " "1, " "1, " "1, " "1, " "1, " "1, " "1, " "1, " "1, " "1, " "1, " "1, " "1, " "1, " "1, " "1, " "1, " "0, " "1, " "1, " "1, " "1, " "1, " "1, " "1, " "1, " "1, " "1, " "1, " "1, " "1, " "1, " "1, " "1, " "1, " "1, " "1, " "1, " "1, " "1, " "1, " "1, " "1, " "1, " "1, " "1, " "1, " "1, " "1, " "1, " "1, " "1, " "1, " "1, " "1, " "1, " "1, " "1, " "1, " "1, " "1, " "1, " "1, " "1, " "1, " "1, " "1, " "1, " "1, " "1, " "1, " "1, "204
 "Nei459, 0.365, " "0.015, " "1, " "1, " "1, " "1, " "1, " "1, " "1, " "1, " "1, " "1, " "1, " "1, " "1, " "1, " "1, " "1, " "1, " "1, " "1, " "1, " "1, " "1, " "1, " "1, " "1, " "1, " "1, " "1, " "1, " "1, " "1, " "1, " "1, " "1, " "1, " "1, " "1, " "1, " "1, " "1, " "1, " "1, " "1, " "1, " "1, " "1, " "1, " "1, " "1, " "1, " "1, " "1, " "1, " "1, " "1, " "1, " "1, " "1, " "1, " "1, " "1, " "1, " "1, " "1, " "1, " "1, " "1, " "1, " "1, " "1, " "1, " "1, " "1, " "1, " "1, " "1, " "1, " "1, " "1, " "1, " "1, " "1, " "1, " "1, " "1, " "1, " "1, " "1, " "1, " "1, " "1, " "1, " "1, " "1, " "1, " "1, " "1, " "1, " "1, " "1, " "1, " "1, " "1, " "1, " "1, " "1, " "1, " "1, " "1, " "1, " "1, " "1, " "1, " "1, " "1, " "1, " "1, " "1, " "1, " "1, " "1, " "1, " "1, " "1, " "1, " "1, " "1, " "1, " "1, " "1, " "1, " "1, " "1, " "1, " "1, " "1, " "1, " "1, " "1, " "1, " "1, " "1, " "1, " "1, " "1, " "1, " "1, " "1, " "1, " "1, " "1, " "1, " "1, " "1, " "1, " "1, " "1, " "1, " "1, " "1, " "1, " "1, " "1, " "1, " "1, " "1, " "1, " "1, " "1, " "1, " "1, " "1, " "1, " "1, " "1, " "1, " "1, " "1, " "1, " "1, " "1, " "1, " "1, " "1, " "1, " "1, " "1, " "1, " "1, " "1, " "1, " "1, " "1, " "1, " "1, " "1, " "1, " "1, " "1, " "1, " "1, " "1, " "1, " "1, " "1, " "1, " "1, " "1, " "1, " "1, " "1, " "1, " "1, " "1, " "1, " "1, " "1, " "1, " "1, " "1, " "1, " "1, " "1, " "1, " "1, " "1, " "1, " "1, " "1, " "1, " "1, " "1, " "1, " "1, " "1, " "1, " "1, " "1, " "1, " "1, " "1, " "1, " "1, " "1, " "1, " "1, " "1, " "1, " "1, " "1, " "1, " "1, " "1, " "1, " "1, " "1, " "1, " "1, " "1, " "1, " "1, " "1, " "1, " "1, " "1, " "1, " "1, " "1, " "1, " "1, " "1, " "1, " "1, " "1, " "1, " "1, " "1, " "1, " "1, " "1, " "1, " "1, " "1, " "1, " "1, " "1, " "1, " "1, " "1, " "1, " "1, " "1, " "1, " "1, " "1, " "1, " "1, " "1, " "1, " "1, " "1, " "1, " "1, " "1, " "1, " "1, " "1, " "1, " "1, " "1, " "1, " "1, " "1, " "1, " "1, " "1, " "1, " "1, " "1, " "1, " "1, " "1, " "1, " "1, " "1, " "1, " "1, " "1, " "1, " "1, " "1, " "1, " "1, " "1, " "1, " "1, " "1, " "1, " "1, " "1, " "1, " "1, " "1, " "1, " "1, " "1, " "1, " "1, " "1, " "1, " "1, " "1, " "1, " "1, " "1, " "1, " "1, " "1, " "1, " "1, " "1, " "1, " "1, " "1, " "1, " "1, " "1, " "1, " "1, " "1, " "1, " "1, " "1, " "1, " "1, " "1, " "1, " "1, " "1, " "1, " "1, " "1, " "1, " "1, " "1, " "1, " "1, " "1, " "1, " "1, " "1, " "1, " "1, " "1, " "1, " "1, " "1, " "1, " "1, " "1, " "1, " "1, " "1, " "1, " "1, " "1, " "1, " "1, " "1, " "1, " "1, " "1, " "1, " "1, " "1, " "1, " "1, " "1, " "1, " "1, " "1, " "1, " "1, " "1, " "1, " "1, " "1, " "1, " "1, " "1, " "1, " "1, " "1, " "1, " "1, " "1, " "1, " "1, " "1, " "1, " "1, " "1, " "1, " "1, " "1, " "1, " "1, " "1, " "1, " "1, " "1, " "1, " "1, " "1, " "1, " "1, " "1, " "1, " "1, " "0, " "1, " "1, " "1, " "1, " "1, " "1, " "1, " "1, " "1, " "1, " "1, " "1, " "1, " "1, " "1, " "1, " "1, " "1, " "1, " "1, " "1, " "1, " "1, " "1, " "1, " "1, " "1, " "1, " "1, " "1, " "1, " "1, " "1, " "1, " "1, " "1, " "1, " "1, " "1, " "1, " "1, " "1, " "1, " "1, " "1, " "1, " "1, " "1, " "1, " "1, " "1, " "1, " "1, "204
 "Nei460, 0.09, " "0.015, " "1, " "1, " "1, " "1, " "1, " "1, " "1, " "1, " "1, " "1, " "1, " "1, " "1, " "1, " "1, " "1, " "1, " "1, " "1, " "1, " "1, " "1, " "1, " "1, " "1, " "1, " "1, " "1, " "1, " "1, " "1, " "1, " "1, " "1, " "1, " "1, " "1, " "1, " "1, " "1, " "1, " "1, " "1, " "1, " "1, " "1, " "1, " "1, " "1, " "1, " "1, " "1, " "1, " "1, " "1, " "1, " "1, " "1, " "1, " "1, " "1, " "1, " "1, " "1, " "1, " "1, " "1, " "1, " "1, " "1, " "1, " "1, " "1, " "1, " "1, " "1, " "1, " "1, " "1, " "1, " "1, " "1, " "1, " "1, " "1, " "1, " "1, " "1, " "1, " "1, " "1, " "1, " "1, " "1, " "1, " "1, " "1, " "1, " "1, " "1, " "1, " "1, " "1, " "1, " "1, " "1, " "1, " "1, " "1, " "1, " "1, " "1, " "1, " "1, " "1, " "1, " "1, " "1, " "1, " "1, " "1, " "1, " "1, " "1, " "1, " "1, " "1, " "1, " "1, " "1, " "1, " "1, " "1, " "1, " "1, " "1, " "1, " "1, " "1, " "1, " "1, " "1, " "1, " "1, " "1, " "1, " "1, " "1, " "1, " "1, " "1, " "1, " "1, " "1, " "1, " "1, " "1, " "1, " "1, " "1, " "1, " "1, " "1, " "1, " "1, " "1, " "1, " "1, " "1, " "1, " "1, " "1, " "1, " "1, " "1, " "1, " "1, " "1, " "1, " "1, " "1, " "1, " "1, " "1, " "1, " "1, " "1, " "1, " "1, " "1, " "1, " "1, " "1, " "1, " "1, " "1, " "1, " "1, " "1, " "1, " "1, " "1, " "1, " "1, " "1, " "1, " "1, " "1, " "1, " "1, " "1, " "1, " "1, " "1, " "1, " "1, " "1, " "1, " "1, " "1, " "1, " "1, " "1, " "1, " "1, " "1, " "1, " "1, " "1, " "1, " "1, " "1, " "1, " "1, " "1, " "1, " "1, " "1, " "1, " "1, " "1, " "1, " "1, " "1, " "1, " "1, " "1, " "1, " "1, " "1, " "1, " "1, " "1, " "1, " "1, " "1, " "1, " "1, " "1, " "1, " "1, " "1, " "1, " "1, " "1, " "1, " "1, " "1, " "1, " "1, " "1, " "1, " "1, " "1, " "1, " "1, " "1, " "1, " "1, " "1, " "1, " "1, " "1, " "1, " "1, " "1, " "1, " "1, " "1, " "1, " "1, " "1, " "1, " "1, " "1, " "1, " "1, " "1, " "1, " "1, " "1, " "1, " "1, " "1, " "1, " "1, " "1, " "1, " "1, " "1, " "1, " "1, " "1, " "1, " "1, " "1, " "1, " "1, " "1, " "1, " "1, " "1, " "1, " "1, " "1, " "1, " "1, " "1, " "1, " "1, " "1, " "1, " "1, " "1, " "1, " "1, " "1, " "1, " "1, " "1, " "1, " "1, " "1, " "1, " "1, " "1, " "1, " "1, " "1, " "1, " "1, " "1, " "1, " "1, " "1, " "1, " "1, " "1, " "1, " "1, " "1, " "1, " "1, " "1, " "1, " "1, " "1, " "1, " "1, " "1, " "1, " "1, " "1, " "1, " "1, " "1, " "1, " "1, " "1, " "1, " "1, " "1, " "1, " "1, " "1, " "1, " "1, " "1, " "1, " "1, " "1, " "1, " "1, " "1, " "1, " "1, " "1, " "1, " "1, " "1, " "1, " "1, " "1, " "1, " "1, " "1, " "1, " "1, " "1, " "1, " "1, " "1, " "1, " "1, " "1, " "1, " "1, " "1, " "1, " "1, " "1, " "1, " "1, " "1, " "1, " "1, " "1, " "1, " "1, " "1, " "1, " "1, " "1, " "1, " "1, " "1, " "1, " "1, " "1, " "1, " "1, " "1, " "1, " "1, " "1, " "1, " "1, " "1, " "1, " "1, " "1, " "1, " "1, " "1, " "1, " "1, " "1, " "1, " "1, " "1, " "0, " "1, " "1, " "1, " "1, " "1, " "1, " "1, " "1, " "1, " "1, " "1, " "1, " "1, " "1, " "1, " "1, " "1, " "1, " "1, " "1, " "1, " "1, " "1, " "1, " "1, " "1, " "1, " "1, " "1, " "1, " "1, " "1, " "1, " "1, " "1, " "1, " "1, " "1, " "1, " "1, " "1, " "1, " "1, " "1, " "1, " "1, " "1, " "1, " "1, " "1, " "1, " "1, "204
 "Nei461, 0.012, " "0.015, " "1, " "1, " "1, " "1, " "1, " "1, " "1, " "1, " "1, " "1, " "1, " "1, " "1, " "1, " "1, " "1, " "1, " "1, " "1, " "1, " "1, " "1, " "1, " "1, " "1, " "1, " "1, " "1, " "1, " "1, " "1, " "1, " "1, " "1, " "1, " "1, " "1, " "1, " "1, " "1, " "1, " "1, " "1, " "1, " "1, " "1, " "1, " "1, " "1, " "1, " "1, " "1, " "1, " "1, " "1, " "1, " "1, " "1, " "1, " "1, " "1, " "1, " "1, " "1, " "1, " "1, " "1, " "1, " "1, " "1, " "1, " "1, " "1, " "1, " "1, " "1, " "1, " "1, " "1, " "1, " "1, " "1, " "1, " "1, " "1, " "1, " "1, " "1, " "1, " "1, " "1, " "1, " "1, " "1, " "1, " "1, " "1, " "1, " "1, " "1, " "1, " "1, " "1, " "1, " "1, " "1, " "1, " "1, " "1, " "1, " "1, " "1, " "1, " "1, " "1, " "1, " "1, " "1, " "1, " "1, " "1, " "1, " "1, " "1, " "1, " "1, " "1, " "1, " "1, " "1, " "1, " "1, " "1, " "1, " "1, " "1, " "1, " "1, " "1, " "1, " "1, " "1, " "1, " "1, " "1, " "1, " "1, " "1, " "1, " "1, " "1, " "1, " "1, " "1, " "1, " "1, " "1, " "1, " "1, " "1, " "1, " "1, " "1, " "1, " "1, " "1, " "1, " "1, " "1, " "1, " "1, " "1, " "1, " "1, " "1, " "1, " "1, " "1, " "1, " "1, " "1, " "1, " "1, " "1, " "1, " "1, " "1, " "1, " "1, " "1, " "1, " "1, " "1, " "1, " "1, " "1, " "1, " "1, " "1, " "1, " "1, " "1, " "1, " "1, " "1, " "1, " "1, " "1, " "1, " "1, " "1, " "1, " "1, " "1, " "1, " "1, " "1, " "1, " "1, " "1, " "1, " "1, " "1, " "1, " "1, " "1, " "1, " "1, " "1, " "1, " "1, " "1, " "1, " "1, " "1, " "1, " "1, " "1, " "1, " "1, " "1, " "1, " "1, " "1, " "1, " "1, " "1, " "1, " "1, " "1, " "1, " "1, " "1, " "1, " "1, " "1, " "1, " "1, " "1, " "1, " "1, " "1, " "1, " "1, " "1, " "1, " "1, " "1, " "1, " "1, " "1, " "1, " "1, " "1, " "1, " "1, " "1, " "1, " "1, " "1, " "1, " "1, " "1, " "1, " "1, " "1, " "1, " "1, " "1, " "1, " "1, " "1, " "1, " "1, " "1, " "1, " "1, " "1, " "1, " "1, " "1, " "1, " "1, " "1, " "1, " "1, " "1, " "1, " "1, " "1, " "1, " "1, " "1, " "1, " "1, " "1, " "1, " "1, " "1, " "1, " "1, " "1, " "1, " "1, " "1, " "1, " "1, " "1, " "1, " "1, " "1, " "1, " "1, " "1, " "1, " "1, " "1, " "1, " "1, " "1, " "1, " "1, " "1, " "1, " "1, " "1, " "1, " "1, " "1, " "1, " "1, " "1, " "1, " "1, " "1, " "1, " "1, " "1, " "1, " "1, " "1, " "1, " "1, " "1, " "1, " "1, " "1, " "1, " "1, " "1, " "1, " "1, " "1, " "1, " "1, " "1, " "1, " "1, " "1, " "1, " "1, " "1, " "1, " "1, " "1, " "1, " "1, " "1, " "1, " "1, " "1, " "1, " "1, " "1, " "1, " "1, " "1, " "1, " "1, " "1, " "1, " "1, " "1, " "1, " "1, " "1, " "1, " "1, " "1, " "1, " "1, " "1, " "1, " "1, " "1, " "1, " "1, " "1, " "1, " "1, " "1, " "1, " "1, " "1, " "1, " "1, " "1, " "1, " "1, " "1, " "1, " "1, " "1, " "1, " "1, " "1, " "1, " "1, " "1, " "1, " "1, " "1, " "1, " "1, " "1, " "1, " "1, " "1, " "1, " "1, " "1, " "1, " "1, " "1, " "1, " "1, " "1, " "1, " "1, " "1, " "1, " "0, " "1, " "1, " "1, " "1, " "1, " "1, " "1, " "1, " "1, " "1, " "1, " "1, " "1, " "1, " "1, " "1, " "1, " "1, " "1, " "1, " "1, " "1, " "1, " "1, " "1, " "1, " "1, " "1, " "1, " "1, " "1, " "1, " "1, " "1, " "1, " "1, " "1, " "1, " "1, " "1, " "1, " "1, " "1, " "1, " "1, " "1, " "1, " "1, " "1, " "1, " "1, "204
 "Nei462, 0.246, " "0.015, " "1, " "1, " "1, " "1, " "1, " "1, " "1, " "1, " "1, " "1, " "1, " "1, " "1, " "1, " "1, " "1, " "1, " "1, " "1, " "1, " "1, " "1, " "1, " "1, " "1, " "1, " "1, " "1, " "1, " "1, " "1, " "1, " "1, " "1, " "1, " "1, " "1, " "1, " "1, " "1, " "1, " "1, " "1, " "1, " "1, " "1, " "1, " "1, " "1, " "1, " "1, " "1, " "1, " "1, " "1, " "1, " "1, " "1, " "1, " "1, " "1, " "1, " "1, " "1, " "1, " "1, " "1, " "1, " "1, " "1, " "1, " "1, " "1, " "1, " "1, " "1, " "1, " "1, " "1, " "1, " "1, " "1, " "1, " "1, " "1, " "1, " "1, " "1, " "1, " "1, " "1, " "1, " "1, " "1, " "1, " "1, " "1, " "1, " "1, " "1, " "1, " "1, " "1, " "1, " "1, " "1, " "1, " "1, " "1, " "1, " "1, " "1, " "1, " "1, " "1, " "1, " "1, " "1, " "1, " "1, " "1, " "1, " "1, " "1, " "1, " "1, " "1, " "1, " "1, " "1, " "1, " "1, " "1, " "1, " "1, " "1, " "1, " "1, " "1, " "1, " "1, " "1, " "1, " "1, " "1, " "1, " "1, " "1, " "1, " "1, " "1, " "1, " "1, " "1, " "1, " "1, " "1, " "1, " "1, " "1, " "1, " "1, " "1, " "1, " "1, " "1, " "1, " "1, " "1, " "1, " "1, " "1, " "1, " "1, " "1, " "1, " "1, " "1, " "1, " "1, " "1, " "1, " "1, " "1, " "1, " "1, " "1, " "1, " "1, " "1, " "1, " "1, " "1, " "1, " "1, " "1, " "1, " "1, " "1, " "1, " "1, " "1, " "1, " "1, " "1, " "1, " "1, " "1, " "1, " "1, " "1, " "1, " "1, " "1, " "1, " "1, " "1, " "1, " "1, " "1, " "1, " "1, " "1, " "1, " "1, " "1, " "1, " "1, " "1, " "1, " "1, " "1, " "1, " "1, " "1, " "1, " "1, " "1, " "1, " "1, " "1, " "1, " "1, " "1, " "1, " "1, " "1, " "1, " "1, " "1, " "1, " "1, " "1, " "1, " "1, " "1, " "1, " "1, " "1, " "1, " "1, " "1, " "1, " "1, " "1, " "1, " "1, " "1, " "1, " "1, " "1, " "1, " "1, " "1, " "1, " "1, " "1, " "1, " "1, " "1, " "1, " "1, " "1, " "1, " "1, " "1, " "1, " "1, " "1, " "1, " "1, " "1, " "1, " "1, " "1, " "1, " "1, " "1, " "1, " "1, " "1, " "1, " "1, " "1, " "1, " "1, " "1, " "1, " "1, " "1, " "1, " "1, " "1, " "1, " "1, " "1, " "1, " "1, " "1, " "1, " "1, " "1, " "1, " "1, " "1, " "1, " "1, " "1, " "1, " "1, " "1, " "1, " "1, " "1, " "1, " "1, " "1, " "1, " "1, " "1, " "1, " "1, " "1, " "1, " "1, " "1, " "1, " "1, " "1, " "1, " "1, " "1, " "1, " "1, " "1, " "1, " "1, " "1, " "1, " "1, " "1, " "1, " "1, " "1, " "1, " "1, " "1, " "1, " "1, " "1, " "1, " "1, " "1, " "1, " "1, " "1, " "1, " "1, " "1, " "1, " "1, " "1, " "1, " "1, " "1, " "1, " "1, " "1, " "1, " "1, " "1, " "1, " "1, " "1, " "1, " "1, " "1, " "1, " "1, " "1, " "1, " "1, " "1, " "1, " "1, " "1, " "1, " "1, " "1, " "1, " "1, " "1, " "1, " "1, " "1, " "1, " "1, " "1, " "1, " "1, " "1, " "1, " "1, " "1, " "1, " "1, " "1, " "1, " "1, " "1, " "1, " "1, " "1, " "1, " "1, " "1, " "1, " "1, " "1, " "1, " "1, " "1, " "1, " "1, " "1, " "1, " "1, " "1, " "1, " "1, " "1, " "1, " "1, " "1, " "1, " "1, " "1, " "1, " "1, " "1, " "1, " "1, " "0, " "1, " "1, " "1, " "1, " "1, " "1, " "1, " "1, " "1, " "1, " "1, " "1, " "1, " "1, " "1, " "1, " "1, " "1, " "1, " "1, " "1, " "1, " "1, " "1, " "1, " "1, " "1, " "1, " "1, " "1, " "1, " "1, " "1, " "1, " "1, " "1, " "1, " "1, " "1, " "1, " "1, " "1, " "1, " "1, " "1, " "1, " "1, " "1, " "1, " "1, "204
 "Nei463, 0.321, " "0.015, " "1, " "1, " "1, " "1, " "1, " "1, " "1, " "1, " "1, " "1, " "1, " "1, " "1, " "1, " "1, " "1, " "1, " "1, " "1, " "1, " "1, " "1, " "1, " "1, " "1, " "1, " "1, " "1, " "1, " "1, " "1, " "1, " "1, " "1, " "1, " "1, " "1, " "1, " "1, " "1, " "1, " "1, " "1, " "1, " "1, " "1, " "1, " "1, " "1, " "1, " "1, " "1, " "1, " "1, " "1, " "1, " "1, " "1, " "1, " "1, " "1, " "1, " "1, " "1, " "1, " "1, " "1, " "1, " "1, " "1, " "1, " "1, " "1, " "1, " "1, " "1, " "1, " "1, " "1, " "1, " "1, " "1, " "1, " "1, " "1, " "1, " "1, " "1, " "1, " "1, " "1, " "1, " "1, " "1, " "1, " "1, " "1, " "1, " "1, " "1, " "1, " "1, " "1, " "1, " "1, " "1, " "1, " "1, " "1, " "1, " "1, " "1, " "1, " "1, " "1, " "1, " "1, " "1, " "1, " "1, " "1, " "1, " "1, " "1, " "1, " "1, " "1, " "1, " "1, " "1, " "1, " "1, " "1, " "1, " "1, " "1, " "1, " "1, " "1, " "1, " "1, " "1, " "1, " "1, " "1, " "1, " "1, " "1, " "1, " "1, " "1, " "1, " "1, " "1, " "1, " "1, " "1, " "1, " "1, " "1, " "1, " "1, " "1, " "1, " "1, " "1, " "1, " "1, " "1, " "1, " "1, " "1, " "1, " "1, " "1, " "1, " "1, " "1, " "1, " "1, " "1, " "1, " "1, " "1, " "1, " "1, " "1, " "1, " "1, " "1, " "1, " "1, " "1, " "1, " "1, " "1, " "1, " "1, " "1, " "1, " "1, " "1, " "1, " "1, " "1, " "1, " "1, " "1, " "1, " "1, " "1, " "1, " "1, " "1, " "1, " "1, " "1, " "1, " "1, " "1, " "1, " "1, " "1, " "1, " "1, " "1, " "1, " "1, " "1, " "1, " "1, " "1, " "1, " "1, " "1, " "1, " "1, " "1, " "1, " "1, " "1, " "1, " "1, " "1, " "1, " "1, " "1, " "1, " "1, " "1, " "1, " "1, " "1, " "1, " "1, " "1, " "1, " "1, " "1, " "1, " "1, " "1, " "1, " "1, " "1, " "1, " "1, " "1, " "1, " "1, " "1, " "1, " "1, " "1, " "1, " "1, " "1, " "1, " "1, " "1, " "1, " "1, " "1, " "1, " "1, " "1, " "1, " "1, " "1, " "1, " "1, " "1, " "1, " "1, " "1, " "1, " "1, " "1, " "1, " "1, " "1, " "1, " "1, " "1, " "1, " "1, " "1, " "1, " "1, " "1, " "1, " "1, " "1, " "1, " "1, " "1, " "1, " "1, " "1, " "1, " "1, " "1, " "1, " "1, " "1, " "1, " "1, " "1, " "1, " "1, " "1, " "1, " "1, " "1, " "1, " "1, " "1, " "1, " "1, " "1, " "1, " "1, " "1, " "1, " "1, " "1, " "1, " "1, " "1, " "1, " "1, " "1, " "1, " "1, " "1, " "1, " "1, " "1, " "1, " "1, " "1, " "1, " "1, " "1, " "1, " "1, " "1, " "1, " "1, " "1, " "1, " "1, " "1, " "1, " "1, " "1, " "1, " "1, " "1, " "1, " "1, " "1, " "1, " "1, " "1, " "1, " "1, " "1, " "1, " "1, " "1, " "1, " "1, " "1, " "1, " "1, " "1, " "1, " "1, " "1, " "1, " "1, " "1, " "1, " "1, " "1, " "1, " "1, " "1, " "1, " "1, " "1, " "1, " "1, " "1, " "1, " "1, " "1, " "1, " "1, " "1, " "1, " "1, " "1, " "1, " "1, " "1, " "1, " "1, " "1, " "1, " "1, " "1, " "1, " "1, " "1, " "1, " "1, " "1, " "1, " "1, " "1, " "1, " "1, " "1, " "1, " "1, " "1, " "1, " "1, " "1, " "1, " "1, " "1, " "1, " "1, " "1, " "1, " "1, " "1, " "1, " "1, " "1, " "0, " "1, " "1, " "1, " "1, " "1, " "1, " "1, " "1, " "1, " "1, " "1, " "1, " "1, " "1, " "1, " "1, " "1, " "1, " "1, " "1, " "1, " "1, " "1, " "1, " "1, " "1, " "1, " "1, " "1, " "1, " "1, " "1, " "1, " "1, " "1, " "1, " "1, " "1, " "1, " "1, " "1, " "1, " "1, " "1, " "1, " "1, " "1, " "1, " "1, "204
 "Nei464, 0.156, " "0.015, " "1, " "1, " "1, " "1, " "1, " "1, " "1, " "1, " "1, " "1, " "1, " "1, " "1, " "1, " "1, " "1, " "1, " "1, " "1, " "1, " "1, " "1, " "1, " "1, " "1, " "1, " "1, " "1, " "1, " "1, " "1, " "1, " "1, " "1, " "1, " "1, " "1, " "1, " "1, " "1, " "1, " "1, " "1, " "1, " "1, " "1, " "1, " "1, " "1, " "1, " "1, " "1, " "1, " "1, " "1, " "1, " "1, " "1, " "1, " "1, " "1, " "1, " "1, " "1, " "1, " "1, " "1, " "1, " "1, " "1, " "1, " "1, " "1, " "1, " "1, " "1, " "1, " "1, " "1, " "1, " "1, " "1, " "1, " "1, " "1, " "1, " "1, " "1, " "1, " "1, " "1, " "1, " "1, " "1, " "1, " "1, " "1, " "1, " "1, " "1, " "1, " "1, " "1, " "1, " "1, " "1, " "1, " "1, " "1, " "1, " "1, " "1, " "1, " "1, " "1, " "1, " "1, " "1, " "1, " "1, " "1, " "1, " "1, " "1, " "1, " "1, " "1, " "1, " "1, " "1, " "1, " "1, " "1, " "1, " "1, " "1, " "1, " "1, " "1, " "1, " "1, " "1, " "1, " "1, " "1, " "1, " "1, " "1, " "1, " "1, " "1, " "1, " "1, " "1, " "1, " "1, " "1, " "1, " "1, " "1, " "1, " "1, " "1, " "1, " "1, " "1, " "1, " "1, " "1, " "1, " "1, " "1, " "1, " "1, " "1, " "1, " "1, " "1, " "1, " "1, " "1, " "1, " "1, " "1, " "1, " "1, " "1, " "1, " "1, " "1, " "1, " "1, " "1, " "1, " "1, " "1, " "1, " "1, " "1, " "1, " "1, " "1, " "1, " "1, " "1, " "1, " "1, " "1, " "1, " "1, " "1, " "1, " "1, " "1, " "1, " "1, " "1, " "1, " "1, " "1, " "1, " "1, " "1, " "1, " "1, " "1, " "1, " "1, " "1, " "1, " "1, " "1, " "1, " "1, " "1, " "1, " "1, " "1, " "1, " "1, " "1, " "1, " "1, " "1, " "1, " "1, " "1, " "1, " "1, " "1, " "1, " "1, " "1, " "1, " "1, " "1, " "1, " "1, " "1, " "1, " "1, " "1, " "1, " "1, " "1, " "1, " "1, " "1, " "1, " "1, " "1, " "1, " "1, " "1, " "1, " "1, " "1, " "1, " "1, " "1, " "1, " "1, " "1, " "1, " "1, " "1, " "1, " "1, " "1, " "1, " "1, " "1, " "1, " "1, " "1, " "1, " "1, " "1, " "1, " "1, " "1, " "1, " "1, " "1, " "1, " "1, " "1, " "1, " "1, " "1, " "1, " "1, " "1, " "1, " "1, " "1, " "1, " "1, " "1, " "1, " "1, " "1, " "1, " "1, " "1, " "1, " "1, " "1, " "1, " "1, " "1, " "1, " "1, " "1, " "1, " "1, " "1, " "1, " "1, " "1, " "1, " "1, " "1, " "1, " "1, " "1, " "1, " "1, " "1, " "1, " "1, " "1, " "1, " "1, " "1, " "1, " "1, " "1, " "1, " "1, " "1, " "1, " "1, " "1, " "1, " "1, " "1, " "1, " "1, " "1, " "1, " "1, " "1, " "1, " "1, " "1, " "1, " "1, " "1, " "1, " "1, " "1, " "1, " "1, " "1, " "1, " "1, " "1, " "1, " "1, " "1, " "1, " "1, " "1, " "1, " "1, " "1, " "1, " "1, " "1, " "1, " "1, " "1, " "1, " "1, " "1, " "1, " "1, " "1, " "1, " "1, " "1, " "1, " "1, " "1, " "1, " "1, " "1, " "1, " "1, " "1, " "1, " "1, " "1, " "1, " "1, " "1, " "1, " "1, " "1, " "1, " "1, " "1, " "1, " "1, " "1, " "1, " "1, " "1, " "1, " "1, " "1, " "1, " "1, " "1, " "1, " "1, " "1, " "1, " "1, " "1, " "1, " "1, " "1, " "1, " "1, " "1, " "1, " "1, " "1, " "1, " "1, " "1, " "1, " "0, " "1, " "1, " "1, " "1, " "1, " "1, " "1, " "1, " "1, " "1, " "1, " "1, " "1, " "1, " "1, " "1, " "1, " "1, " "1, " "1, " "1, " "1, " "1, " "1, " "1, " "1, " "1, " "1, " "1, " "1, " "1, " "1, " "1, " "1, " "1, " "1, " "1, " "1, " "1, " "1, " "1, " "1, " "1, " "1, " "1, " "1, " "1, " "1, "204
 "Nei465, 0.366, " "0.015, " "1, " "1, " "1, " "1, " "1, " "1, " "1, " "1, " "1, " "1, " "1, " "1, " "1, " "1, " "1, " "1, " "1, " "1, " "1, " "1, " "1, " "1, " "1, " "1, " "1, " "1, " "1, " "1, " "1, " "1, " "1, " "1, " "1, " "1, " "1, " "1, " "1, " "1, " "1, " "1, " "1, " "1, " "1, " "1, " "1, " "1, " "1, " "1, " "1, " "1, " "1, " "1, " "1, " "1, " "1, " "1, " "1, " "1, " "1, " "1, " "1, " "1, " "1, " "1, " "1, " "1, " "1, " "1, " "1, " "1, " "1, " "1, " "1, " "1, " "1, " "1, " "1, " "1, " "1, " "1, " "1, " "1, " "1, " "1, " "1, " "1, " "1, " "1, " "1, " "1, " "1, " "1, " "1, " "1, " "1, " "1, " "1, " "1, " "1, " "1, " "1, " "1, " "1, " "1, " "1, " "1, " "1, " "1, " "1, " "1, " "1, " "1, " "1, " "1, " "1, " "1, " "1, " "1, " "1, " "1, " "1, " "1, " "1, " "1, " "1, " "1, " "1, " "1, " "1, " "1, " "1, " "1, " "1, " "1, " "1, " "1, " "1, " "1, " "1, " "1, " "1, " "1, " "1, " "1, " "1, " "1, " "1, " "1, " "1, " "1, " "1, " "1, " "1, " "1, " "1, " "1, " "1, " "1, " "1, " "1, " "1, " "1, " "1, " "1, " "1, " "1, " "1, " "1, " "1, " "1, " "1, " "1, " "1, " "1, " "1, " "1, " "1, " "1, " "1, " "1, " "1, " "1, " "1, " "1, " "1, " "1, " "1, " "1, " "1, " "1, " "1, " "1, " "1, " "1, " "1, " "1, " "1, " "1, " "1, " "1, " "1, " "1, " "1, " "1, " "1, " "1, " "1, " "1, " "1, " "1, " "1, " "1, " "1, " "1, " "1, " "1, " "1, " "1, " "1, " "1, " "1, " "1, " "1, " "1, " "1, " "1, " "1, " "1, " "1, " "1, " "1, " "1, " "1, " "1, " "1, " "1, " "1, " "1, " "1, " "1, " "1, " "1, " "1, " "1, " "1, " "1, " "1, " "1, " "1, " "1, " "1, " "1, " "1, " "1, " "1, " "1, " "1, " "1, " "1, " "1, " "1, " "1, " "1, " "1, " "1, " "1, " "1, " "1, " "1, " "1, " "1, " "1, " "1, " "1, " "1, " "1, " "1, " "1, " "1, " "1, " "1, " "1, " "1, " "1, " "1, " "1, " "1, " "1, " "1, " "1, " "1, " "1, " "1, " "1, " "1, " "1, " "1, " "1, " "1, " "1, " "1, " "1, " "1, " "1, " "1, " "1, " "1, " "1, " "1, " "1, " "1, " "1, " "1, " "1, " "1, " "1, " "1, " "1, " "1, " "1, " "1, " "1, " "1, " "1, " "1, " "1, " "1, " "1, " "1, " "1, " "1, " "1, " "1, " "1, " "1, " "1, " "1, " "1, " "1, " "1, " "1, " "1, " "1, " "1, " "1, " "1, " "1, " "1, " "1, " "1, " "1, " "1, " "1, " "1, " "1, " "1, " "1, " "1, " "1, " "1, " "1, " "1, " "1, " "1, " "1, " "1, " "1, " "1, " "1, " "1, " "1, " "1, " "1, " "1, " "1, " "1, " "1, " "1, " "1, " "1, " "1, " "1, " "1, " "1, " "1, " "1, " "1, " "1, " "1, " "1, " "1, " "1, " "1, " "1, " "1, " "1, " "1, " "1, " "1, " "1, " "1, " "1, " "1, " "1, " "1, " "1, " "1, " "1, " "1, " "1, " "1, " "1, " "1, " "1, " "1, " "1, " "1, " "1, " "1, " "1, " "1, " "1, " "1, " "1, " "1, " "1, " "1, " "1, " "1, " "1, " "1, " "1, " "1, " "1, " "1, " "1, " "1, " "1, " "1, " "1, " "1, " "1, " "1, " "1, " "1, " "1, " "1, " "1, " "1, " "1, " "1, " "1, " "1, " "1, " "1, " "1, " "1, " "1, " "1, " "1, " "1, " "1, " "1, " "1, " "1, " "0, " "1, " "1, " "1, " "1, " "1, " "1, " "1, " "1, " "1, " "1, " "1, " "1, " "1, " "1, " "1, " "1, " "1, " "1, " "1, " "1, " "1, " "1, " "1, " "1, " "1, " "1, " "1, " "1, " "1, " "1, " "1, " "1, " "1, " "1, " "1, " "1, " "1, " "1, " "1, " "1, " "1, " "1, " "1, " "1, " "1, " "1, " "1, "204
 "Nei466, 0.283, " "0.015, " "1, " "1, " "1, " "1, " "1, " "1, " "1, " "1, " "1, " "1, " "1, " "1, " "1, " "1, " "1, " "1, " "1, " "1, " "1, " "1, " "1, " "1, " "1, " "1, " "1, " "1, " "1, " "1, " "1, " "1, " "1, " "1, " "1, " "1, " "1, " "1, " "1, " "1, " "1, " "1, " "1, " "1, " "1, " "1, " "1, " "1, " "1, " "1, " "1, " "1, " "1, " "1, " "1, " "1, " "1, " "1, " "1, " "1, " "1, " "1, " "1, " "1, " "1, " "1, " "1, " "1, " "1, " "1, " "1, " "1, " "1, " "1, " "1, " "1, " "1, " "1, " "1, " "1, " "1, " "1, " "1, " "1, " "1, " "1, " "1, " "1, " "1, " "1, " "1, " "1, " "1, " "1, " "1, " "1, " "1, " "1, " "1, " "1, " "1, " "1, " "1, " "1, " "1, " "1, " "1, " "1, " "1, " "1, " "1, " "1, " "1, " "1, " "1, " "1, " "1, " "1, " "1, " "1, " "1, " "1, " "1, " "1, " "1, " "1, " "1, " "1, " "1, " "1, " "1, " "1, " "1, " "1, " "1, " "1, " "1, " "1, " "1, " "1, " "1, " "1, " "1, " "1, " "1, " "1, " "1, " "1, " "1, " "1, " "1, " "1, " "1, " "1, " "1, " "1, " "1, " "1, " "1, " "1, " "1, " "1, " "1, " "1, " "1, " "1, " "1, " "1, " "1, " "1, " "1, " "1, " "1, " "1, " "1, " "1, " "1, " "1, " "1, " "1, " "1, " "1, " "1, " "1, " "1, " "1, " "1, " "1, " "1, " "1, " "1, " "1, " "1, " "1, " "1, " "1, " "1, " "1, " "1, " "1, " "1, " "1, " "1, " "1, " "1, " "1, " "1, " "1, " "1, " "1, " "1, " "1, " "1, " "1, " "1, " "1, " "1, " "1, " "1, " "1, " "1, " "1, " "1, " "1, " "1, " "1, " "1, " "1, " "1, " "1, " "1, " "1, " "1, " "1, " "1, " "1, " "1, " "1, " "1, " "1, " "1, " "1, " "1, " "1, " "1, " "1, " "1, " "1, " "1, " "1, " "1, " "1, " "1, " "1, " "1, " "1, " "1, " "1, " "1, " "1, " "1, " "1, " "1, " "1, " "1, " "1, " "1, " "1, " "1, " "1, " "1, " "1, " "1, " "1, " "1, " "1, " "1, " "1, " "1, " "1, " "1, " "1, " "1, " "1, " "1, " "1, " "1, " "1, " "1, " "1, " "1, " "1, " "1, " "1, " "1, " "1, " "1, " "1, " "1, " "1, " "1, " "1, " "1, " "1, " "1, " "1, " "1, " "1, " "1, " "1, " "1, " "1, " "1, " "1, " "1, " "1, " "1, " "1, " "1, " "1, " "1, " "1, " "1, " "1, " "1, " "1, " "1, " "1, " "1, " "1, " "1, " "1, " "1, " "1, " "1, " "1, " "1, " "1, " "1, " "1, " "1, " "1, " "1, " "1, " "1, " "1, " "1, " "1, " "1, " "1, " "1, " "1, " "1, " "1, " "1, " "1, " "1, " "1, " "1, " "1, " "1, " "1, " "1, " "1, " "1, " "1, " "1, " "1, " "1, " "1, " "1, " "1, " "1, " "1, " "1, " "1, " "1, " "1, " "1, " "1, " "1, " "1, " "1, " "1, " "1, " "1, " "1, " "1, " "1, " "1, " "1, " "1, " "1, " "1, " "1, " "1, " "1, " "1, " "1, " "1, " "1, " "1, " "1, " "1, " "1, " "1, " "1, " "1, " "1, " "1, " "1, " "1, " "1, " "1, " "1, " "1, " "1, " "1, " "1, " "1, " "1, " "1, " "1, " "1, " "1, " "1, " "1, " "1, " "1, " "1, " "1, " "1, " "1, " "1, " "1, " "1, " "1, " "1, " "1, " "1, " "1, " "1, " "1, " "1, " "1, " "1, " "1, " "1, " "1, " "1, " "1, " "1, " "1, " "1, " "1, " "1, " "1, " "1, " "1, " "1, " "1, " "1, " "1, " "1, " "1, " "1, " "1, " "1, " "0, " "1, " "1, " "1, " "1, " "1, " "1, " "1, " "1, " "1, " "1, " "1, " "1, " "1, " "1, " "1, " "1, " "1, " "1, " "1, " "1, " "1, " "1, " "1, " "1, " "1, " "1, " "1, " "1, " "1, " "1, " "1, " "1, " "1, " "1, " "1, " "1, " "1, " "1, " "1, " "1, " "1, " "1, " "1, " "1, " "1, " "1, "204
 "Nei467, 0.048, " "0.015, " "1, " "1, " "1, " "1, " "1, " "1, " "1, " "1, " "1, " "1, " "1, " "1, " "1, " "1, " "1, " "1, " "1, " "1, " "1, " "1, " "1, " "1, " "1, " "1, " "1, " "1, " "1, " "1, " "1, " "1, " "1, " "1, " "1, " "1, " "1, " "1, " "1, " "1, " "1, " "1, " "1, " "1, " "1, " "1, " "1, " "1, " "1, " "1, " "1, " "1, " "1, " "1, " "1, " "1, " "1, " "1, " "1, " "1, " "1, " "1, " "1, " "1, " "1, " "1, " "1, " "1, " "1, " "1, " "1, " "1, " "1, " "1, " "1, " "1, " "1, " "1, " "1, " "1, " "1, " "1, " "1, " "1, " "1, " "1, " "1, " "1, " "1, " "1, " "1, " "1, " "1, " "1, " "1, " "1, " "1, " "1, " "1, " "1, " "1, " "1, " "1, " "1, " "1, " "1, " "1, " "1, " "1, " "1, " "1, " "1, " "1, " "1, " "1, " "1, " "1, " "1, " "1, " "1, " "1, " "1, " "1, " "1, " "1, " "1, " "1, " "1, " "1, " "1, " "1, " "1, " "1, " "1, " "1, " "1, " "1, " "1, " "1, " "1, " "1, " "1, " "1, " "1, " "1, " "1, " "1, " "1, " "1, " "1, " "1, " "1, " "1, " "1, " "1, " "1, " "1, " "1, " "1, " "1, " "1, " "1, " "1, " "1, " "1, " "1, " "1, " "1, " "1, " "1, " "1, " "1, " "1, " "1, " "1, " "1, " "1, " "1, " "1, " "1, " "1, " "1, " "1, " "1, " "1, " "1, " "1, " "1, " "1, " "1, " "1, " "1, " "1, " "1, " "1, " "1, " "1, " "1, " "1, " "1, " "1, " "1, " "1, " "1, " "1, " "1, " "1, " "1, " "1, " "1, " "1, " "1, " "1, " "1, " "1, " "1, " "1, " "1, " "1, " "1, " "1, " "1, " "1, " "1, " "1, " "1, " "1, " "1, " "1, " "1, " "1, " "1, " "1, " "1, " "1, " "1, " "1, " "1, " "1, " "1, " "1, " "1, " "1, " "1, " "1, " "1, " "1, " "1, " "1, " "1, " "1, " "1, " "1, " "1, " "1, " "1, " "1, " "1, " "1, " "1, " "1, " "1, " "1, " "1, " "1, " "1, " "1, " "1, " "1, " "1, " "1, " "1, " "1, " "1, " "1, " "1, " "1, " "1, " "1, " "1, " "1, " "1, " "1, " "1, " "1, " "1, " "1, " "1, " "1, " "1, " "1, " "1, " "1, " "1, " "1, " "1, " "1, " "1, " "1, " "1, " "1, " "1, " "1, " "1, " "1, " "1, " "1, " "1, " "1, " "1, " "1, " "1, " "1, " "1, " "1, " "1, " "1, " "1, " "1, " "1, " "1, " "1, " "1, " "1, " "1, " "1, " "1, " "1, " "1, " "1, " "1, " "1, " "1, " "1, " "1, " "1, " "1, " "1, " "1, " "1, " "1, " "1, " "1, " "1, " "1, " "1, " "1, " "1, " "1, " "1, " "1, " "1, " "1, " "1, " "1, " "1, " "1, " "1, " "1, " "1, " "1, " "1, " "1, " "1, " "1, " "1, " "1, " "1, " "1, " "1, " "1, " "1, " "1, " "1, " "1, " "1, " "1, " "1, " "1, " "1, " "1, " "1, " "1, " "1, " "1, " "1, " "1, " "1, " "1, " "1, " "1, " "1, " "1, " "1, " "1, " "1, " "1, " "1, " "1, " "1, " "1, " "1, " "1, " "1, " "1, " "1, " "1, " "1, " "1, " "1, " "1, " "1, " "1, " "1, " "1, " "1, " "1, " "1, " "1, " "1, " "1, " "1, " "1, " "1, " "1, " "1, " "1, " "1, " "1, " "1, " "1, " "1, " "1, " "1, " "1, " "1, " "1, " "1, " "1, " "1, " "1, " "1, " "1, " "1, " "1, " "1, " "1, " "1, " "1, " "1, " "1, " "1, " "1, " "1, " "1, " "1, " "1, " "1, " "1, " "1, " "1, " "1, " "1, " "1, " "1, " "1, " "1, " "1, " "1, " "0, " "1, " "1, " "1, " "1, " "1, " "1, " "1, " "1, " "1, " "1, " "1, " "1, " "1, " "1, " "1, " "1, " "1, " "1, " "1, " "1, " "1, " "1, " "1, " "1, " "1, " "1, " "1, " "1, " "1, " "1, " "1, " "1, " "1, " "1, " "1, " "1, " "1, " "1, " "1, " "1, " "1, " "1, " "1, " "1, " "1, "204
 "Nei468, 0.373, " "0.015, " "1, " "1, " "1, " "1, " "1, " "1, " "1, " "1, " "1, " "1, " "1, " "1, " "1, " "1, " "1, " "1, " "1, " "1, " "1, " "1, " "1, " "1, " "1, " "1, " "1, " "1, " "1, " "1, " "1, " "1, " "1, " "1, " "1, " "1, " "1, " "1, " "1, " "1, " "1, " "1, " "1, " "1, " "1, " "1, " "1, " "1, " "1, " "1, " "1, " "1, " "1, " "1, " "1, " "1, " "1, " "1, " "1, " "1, " "1, " "1, " "1, " "1, " "1, " "1, " "1, " "1, " "1, " "1, " "1, " "1, " "1, " "1, " "1, " "1, " "1, " "1, " "1, " "1, " "1, " "1, " "1, " "1, " "1, " "1, " "1, " "1, " "1, " "1, " "1, " "1, " "1, " "1, " "1, " "1, " "1, " "1, " "1, " "1, " "1, " "1, " "1, " "1, " "1, " "1, " "1, " "1, " "1, " "1, " "1, " "1, " "1, " "1, " "1, " "1, " "1, " "1, " "1, " "1, " "1, " "1, " "1, " "1, " "1, " "1, " "1, " "1, " "1, " "1, " "1, " "1, " "1, " "1, " "1, " "1, " "1, " "1, " "1, " "1, " "1, " "1, " "1, " "1, " "1, " "1, " "1, " "1, " "1, " "1, " "1, " "1, " "1, " "1, " "1, " "1, " "1, " "1, " "1, " "1, " "1, " "1, " "1, " "1, " "1, " "1, " "1, " "1, " "1, " "1, " "1, " "1, " "1, " "1, " "1, " "1, " "1, " "1, " "1, " "1, " "1, " "1, " "1, " "1, " "1, " "1, " "1, " "1, " "1, " "1, " "1, " "1, " "1, " "1, " "1, " "1, " "1, " "1, " "1, " "1, " "1, " "1, " "1, " "1, " "1, " "1, " "1, " "1, " "1, " "1, " "1, " "1, " "1, " "1, " "1, " "1, " "1, " "1, " "1, " "1, " "1, " "1, " "1, " "1, " "1, " "1, " "1, " "1, " "1, " "1, " "1, " "1, " "1, " "1, " "1, " "1, " "1, " "1, " "1, " "1, " "1, " "1, " "1, " "1, " "1, " "1, " "1, " "1, " "1, " "1, " "1, " "1, " "1, " "1, " "1, " "1, " "1, " "1, " "1, " "1, " "1, " "1, " "1, " "1, " "1, " "1, " "1, " "1, " "1, " "1, " "1, " "1, " "1, " "1, " "1, " "1, " "1, " "1, " "1, " "1, " "1, " "1, " "1, " "1, " "1, " "1, " "1, " "1, " "1, " "1, " "1, " "1, " "1, " "1, " "1, " "1, " "1, " "1, " "1, " "1, " "1, " "1, " "1, " "1, " "1, " "1, " "1, " "1, " "1, " "1, " "1, " "1, " "1, " "1, " "1, " "1, " "1, " "1, " "1, " "1, " "1, " "1, " "1, " "1, " "1, " "1, " "1, " "1, " "1, " "1, " "1, " "1, " "1, " "1, " "1, " "1, " "1, " "1, " "1, " "1, " "1, " "1, " "1, " "1, " "1, " "1, " "1, " "1, " "1, " "1, " "1, " "1, " "1, " "1, " "1, " "1, " "1, " "1, " "1, " "1, " "1, " "1, " "1, " "1, " "1, " "1, " "1, " "1, " "1, " "1, " "1, " "1, " "1, " "1, " "1, " "1, " "1, " "1, " "1, " "1, " "1, " "1, " "1, " "1, " "1, " "1, " "1, " "1, " "1, " "1, " "1, " "1, " "1, " "1, " "1, " "1, " "1, " "1, " "1, " "1, " "1, " "1, " "1, " "1, " "1, " "1, " "1, " "1, " "1, " "1, " "1, " "1, " "1, " "1, " "1, " "1, " "1, " "1, " "1, " "1, " "1, " "1, " "1, " "1, " "1, " "1, " "1, " "1, " "1, " "1, " "1, " "1, " "1, " "1, " "1, " "1, " "1, " "1, " "1, " "1, " "1, " "1, " "1, " "1, " "1, " "1, " "1, " "1, " "1, " "1, " "1, " "1, " "1, " "1, " "1, " "1, " "1, " "1, " "1, " "1, " "1, " "1, " "1, " "1, " "1, " "1, " "1, " "1, " "1, " "1, " "0, " "1, " "1, " "1, " "1, " "1, " "1, " "1, " "1, " "1, " "1, " "1, " "1, " "1, " "1, " "1, " "1, " "1, " "1, " "1, " "1, " "1, " "1, " "1, " "1, " "1, " "1, " "1, " "1, " "1, " "1, " "1, " "1, " "1, " "1, " "1, " "1, " "1, " "1, " "1, " "1, " "1, " "1, " "1, " "1, "204
 "Nei469, 0.252, " "0.015, " "1, " "1, " "1, " "1, " "1, " "1, " "1, " "1, " "1, " "1, " "1, " "1, " "1, " "1, " "1, " "1, " "1, " "1, " "1, " "1, " "1, " "1, " "1, " "1, " "1, " "1, " "1, " "1, " "1, " "1, " "1, " "1, " "1, " "1, " "1, " "1, " "1, " "1, " "1, " "1, " "1, " "1, " "1, " "1, " "1, " "1, " "1, " "1, " "1, " "1, " "1, " "1, " "1, " "1, " "1, " "1, " "1, " "1, " "1, " "1, " "1, " "1, " "1, " "1, " "1, " "1, " "1, " "1, " "1, " "1, " "1, " "1, " "1, " "1, " "1, " "1, " "1, " "1, " "1, " "1, " "1, " "1, " "1, " "1, " "1, " "1, " "1, " "1, " "1, " "1, " "1, " "1, " "1, " "1, " "1, " "1, " "1, " "1, " "1, " "1, " "1, " "1, " "1, " "1, " "1, " "1, " "1, " "1, " "1, " "1, " "1, " "1, " "1, " "1, " "1, " "1, " "1, " "1, " "1, " "1, " "1, " "1, " "1, " "1, " "1, " "1, " "1, " "1, " "1, " "1, " "1, " "1, " "1, " "1, " "1, " "1, " "1, " "1, " "1, " "1, " "1, " "1, " "1, " "1, " "1, " "1, " "1, " "1, " "1, " "1, " "1, " "1, " "1, " "1, " "1, " "1, " "1, " "1, " "1, " "1, " "1, " "1, " "1, " "1, " "1, " "1, " "1, " "1, " "1, " "1, " "1, " "1, " "1, " "1, " "1, " "1, " "1, " "1, " "1, " "1, " "1, " "1, " "1, " "1, " "1, " "1, " "1, " "1, " "1, " "1, " "1, " "1, " "1, " "1, " "1, " "1, " "1, " "1, " "1, " "1, " "1, " "1, " "1, " "1, " "1, " "1, " "1, " "1, " "1, " "1, " "1, " "1, " "1, " "1, " "1, " "1, " "1, " "1, " "1, " "1, " "1, " "1, " "1, " "1, " "1, " "1, " "1, " "1, " "1, " "1, " "1, " "1, " "1, " "1, " "1, " "1, " "1, " "1, " "1, " "1, " "1, " "1, " "1, " "1, " "1, " "1, " "1, " "1, " "1, " "1, " "1, " "1, " "1, " "1, " "1, " "1, " "1, " "1, " "1, " "1, " "1, " "1, " "1, " "1, " "1, " "1, " "1, " "1, " "1, " "1, " "1, " "1, " "1, " "1, " "1, " "1, " "1, " "1, " "1, " "1, " "1, " "1, " "1, " "1, " "1, " "1, " "1, " "1, " "1, " "1, " "1, " "1, " "1, " "1, " "1, " "1, " "1, " "1, " "1, " "1, " "1, " "1, " "1, " "1, " "1, " "1, " "1, " "1, " "1, " "1, " "1, " "1, " "1, " "1, " "1, " "1, " "1, " "1, " "1, " "1, " "1, " "1, " "1, " "1, " "1, " "1, " "1, " "1, " "1, " "1, " "1, " "1, " "1, " "1, " "1, " "1, " "1, " "1, " "1, " "1, " "1, " "1, " "1, " "1, " "1, " "1, " "1, " "1, " "1, " "1, " "1, " "1, " "1, " "1, " "1, " "1, " "1, " "1, " "1, " "1, " "1, " "1, " "1, " "1, " "1, " "1, " "1, " "1, " "1, " "1, " "1, " "1, " "1, " "1, " "1, " "1, " "1, " "1, " "1, " "1, " "1, " "1, " "1, " "1, " "1, " "1, " "1, " "1, " "1, " "1, " "1, " "1, " "1, " "1, " "1, " "1, " "1, " "1, " "1, " "1, " "1, " "1, " "1, " "1, " "1, " "1, " "1, " "1, " "1, " "1, " "1, " "1, " "1, " "1, " "1, " "1, " "1, " "1, " "1, " "1, " "1, " "1, " "1, " "1, " "1, " "1, " "1, " "1, " "1, " "1, " "1, " "1, " "1, " "1, " "1, " "1, " "1, " "1, " "1, " "1, " "1, " "1, " "1, " "1, " "1, " "1, " "1, " "1, " "1, " "1, " "1, " "1, " "1, " "1, " "1, " "1, " "1, " "1, " "1, " "1, " "1, " "1, " "1, " "1, " "1, " "1, " "1, " "1, " "1, " "0, " "1, " "1, " "1, " "1, " "1, " "1, " "1, " "1, " "1, " "1, " "1, " "1, " "1, " "1, " "1, " "1, " "1, " "1, " "1, " "1, " "1, " "1, " "1, " "1, " "1, " "1, " "1, " "1, " "1, " "1, " "1, " "1, " "1, " "1, " "1, " "1, " "1, " "1, " "1, " "1, " "1, " "1, " "1, "204
 "Nei470, 0.036, " "0.015, " "1, " "1, " "1, " "1, " "1, " "1, " "1, " "1, " "1, " "1, " "1, " "1, " "1, " "1, " "1, " "1, " "1, " "1, " "1, " "1, " "1, " "1, " "1, " "1, " "1, " "1, " "1, " "1, " "1, " "1, " "1, " "1, " "1, " "1, " "1, " "1, " "1, " "1, " "1, " "1, " "1, " "1, " "1, " "1, " "1, " "1, " "1, " "1, " "1, " "1, " "1, " "1, " "1, " "1, " "1, " "1, " "1, " "1, " "1, " "1, " "1, " "1, " "1, " "1, " "1, " "1, " "1, " "1, " "1, " "1, " "1, " "1, " "1, " "1, " "1, " "1, " "1, " "1, " "1, " "1, " "1, " "1, " "1, " "1, " "1, " "1, " "1, " "1, " "1, " "1, " "1, " "1, " "1, " "1, " "1, " "1, " "1, " "1, " "1, " "1, " "1, " "1, " "1, " "1, " "1, " "1, " "1, " "1, " "1, " "1, " "1, " "1, " "1, " "1, " "1, " "1, " "1, " "1, " "1, " "1, " "1, " "1, " "1, " "1, " "1, " "1, " "1, " "1, " "1, " "1, " "1, " "1, " "1, " "1, " "1, " "1, " "1, " "1, " "1, " "1, " "1, " "1, " "1, " "1, " "1, " "1, " "1, " "1, " "1, " "1, " "1, " "1, " "1, " "1, " "1, " "1, " "1, " "1, " "1, " "1, " "1, " "1, " "1, " "1, " "1, " "1, " "1, " "1, " "1, " "1, " "1, " "1, " "1, " "1, " "1, " "1, " "1, " "1, " "1, " "1, " "1, " "1, " "1, " "1, " "1, " "1, " "1, " "1, " "1, " "1, " "1, " "1, " "1, " "1, " "1, " "1, " "1, " "1, " "1, " "1, " "1, " "1, " "1, " "1, " "1, " "1, " "1, " "1, " "1, " "1, " "1, " "1, " "1, " "1, " "1, " "1, " "1, " "1, " "1, " "1, " "1, " "1, " "1, " "1, " "1, " "1, " "1, " "1, " "1, " "1, " "1, " "1, " "1, " "1, " "1, " "1, " "1, " "1, " "1, " "1, " "1, " "1, " "1, " "1, " "1, " "1, " "1, " "1, " "1, " "1, " "1, " "1, " "1, " "1, " "1, " "1, " "1, " "1, " "1, " "1, " "1, " "1, " "1, " "1, " "1, " "1, " "1, " "1, " "1, " "1, " "1, " "1, " "1, " "1, " "1, " "1, " "1, " "1, " "1, " "1, " "1, " "1, " "1, " "1, " "1, " "1, " "1, " "1, " "1, " "1, " "1, " "1, " "1, " "1, " "1, " "1, " "1, " "1, " "1, " "1, " "1, " "1, " "1, " "1, " "1, " "1, " "1, " "1, " "1, " "1, " "1, " "1, " "1, " "1, " "1, " "1, " "1, " "1, " "1, " "1, " "1, " "1, " "1, " "1, " "1, " "1, " "1, " "1, " "1, " "1, " "1, " "1, " "1, " "1, " "1, " "1, " "1, " "1, " "1, " "1, " "1, " "1, " "1, " "1, " "1, " "1, " "1, " "1, " "1, " "1, " "1, " "1, " "1, " "1, " "1, " "1, " "1, " "1, " "1, " "1, " "1, " "1, " "1, " "1, " "1, " "1, " "1, " "1, " "1, " "1, " "1, " "1, " "1, " "1, " "1, " "1, " "1, " "1, " "1, " "1, " "1, " "1, " "1, " "1, " "1, " "1, " "1, " "1, " "1, " "1, " "1, " "1, " "1, " "1, " "1, " "1, " "1, " "1, " "1, " "1, " "1, " "1, " "1, " "1, " "1, " "1, " "1, " "1, " "1, " "1, " "1, " "1, " "1, " "1, " "1, " "1, " "1, " "1, " "1, " "1, " "1, " "1, " "1, " "1, " "1, " "1, " "1, " "1, " "1, " "1, " "1, " "1, " "1, " "1, " "1, " "1, " "1, " "1, " "1, " "1, " "1, " "1, " "1, " "1, " "1, " "1, " "1, " "1, " "1, " "1, " "1, " "1, " "1, " "1, " "1, " "1, " "1, " "1, " "1, " "1, " "1, " "1, " "1, " "1, " "1, " "1, " "1, " "1, " "1, " "1, " "0, " "1, " "1, " "1, " "1, " "1, " "1, " "1, " "1, " "1, " "1, " "1, " "1, " "1, " "1, " "1, " "1, " "1, " "1, " "1, " "1, " "1, " "1, " "1, " "1, " "1, " "1, " "1, " "1, " "1, " "1, " "1, " "1, " "1, " "1, " "1, " "1, " "1, " "1, " "1, " "1, " "1, " "1, "204
 "Nei471, 0.093, " "0.015, " "1, " "1, " "1, " "1, " "1, " "1, " "1, " "1, " "1, " "1, " "1, " "1, " "1, " "1, " "1, " "1, " "1, " "1, " "1, " "1, " "1, " "1, " "1, " "1, " "1, " "1, " "1, " "1, " "1, " "1, " "1, " "1, " "1, " "1, " "1, " "1, " "1, " "1, " "1, " "1, " "1, " "1, " "1, " "1, " "1, " "1, " "1, " "1, " "1, " "1, " "1, " "1, " "1, " "1, " "1, " "1, " "1, " "1, " "1, " "1, " "1, " "1, " "1, " "1, " "1, " "1, " "1, " "1, " "1, " "1, " "1, " "1, " "1, " "1, " "1, " "1, " "1, " "1, " "1, " "1, " "1, " "1, " "1, " "1, " "1, " "1, " "1, " "1, " "1, " "1, " "1, " "1, " "1, " "1, " "1, " "1, " "1, " "1, " "1, " "1, " "1, " "1, " "1, " "1, " "1, " "1, " "1, " "1, " "1, " "1, " "1, " "1, " "1, " "1, " "1, " "1, " "1, " "1, " "1, " "1, " "1, " "1, " "1, " "1, " "1, " "1, " "1, " "1, " "1, " "1, " "1, " "1, " "1, " "1, " "1, " "1, " "1, " "1, " "1, " "1, " "1, " "1, " "1, " "1, " "1, " "1, " "1, " "1, " "1, " "1, " "1, " "1, " "1, " "1, " "1, " "1, " "1, " "1, " "1, " "1, " "1, " "1, " "1, " "1, " "1, " "1, " "1, " "1, " "1, " "1, " "1, " "1, " "1, " "1, " "1, " "1, " "1, " "1, " "1, " "1, " "1, " "1, " "1, " "1, " "1, " "1, " "1, " "1, " "1, " "1, " "1, " "1, " "1, " "1, " "1, " "1, " "1, " "1, " "1, " "1, " "1, " "1, " "1, " "1, " "1, " "1, " "1, " "1, " "1, " "1, " "1, " "1, " "1, " "1, " "1, " "1, " "1, " "1, " "1, " "1, " "1, " "1, " "1, " "1, " "1, " "1, " "1, " "1, " "1, " "1, " "1, " "1, " "1, " "1, " "1, " "1, " "1, " "1, " "1, " "1, " "1, " "1, " "1, " "1, " "1, " "1, " "1, " "1, " "1, " "1, " "1, " "1, " "1, " "1, " "1, " "1, " "1, " "1, " "1, " "1, " "1, " "1, " "1, " "1, " "1, " "1, " "1, " "1, " "1, " "1, " "1, " "1, " "1, " "1, " "1, " "1, " "1, " "1, " "1, " "1, " "1, " "1, " "1, " "1, " "1, " "1, " "1, " "1, " "1, " "1, " "1, " "1, " "1, " "1, " "1, " "1, " "1, " "1, " "1, " "1, " "1, " "1, " "1, " "1, " "1, " "1, " "1, " "1, " "1, " "1, " "1, " "1, " "1, " "1, " "1, " "1, " "1, " "1, " "1, " "1, " "1, " "1, " "1, " "1, " "1, " "1, " "1, " "1, " "1, " "1, " "1, " "1, " "1, " "1, " "1, " "1, " "1, " "1, " "1, " "1, " "1, " "1, " "1, " "1, " "1, " "1, " "1, " "1, " "1, " "1, " "1, " "1, " "1, " "1, " "1, " "1, " "1, " "1, " "1, " "1, " "1, " "1, " "1, " "1, " "1, " "1, " "1, " "1, " "1, " "1, " "1, " "1, " "1, " "1, " "1, " "1, " "1, " "1, " "1, " "1, " "1, " "1, " "1, " "1, " "1, " "1, " "1, " "1, " "1, " "1, " "1, " "1, " "1, " "1, " "1, " "1, " "1, " "1, " "1, " "1, " "1, " "1, " "1, " "1, " "1, " "1, " "1, " "1, " "1, " "1, " "1, " "1, " "1, " "1, " "1, " "1, " "1, " "1, " "1, " "1, " "1, " "1, " "1, " "1, " "1, " "1, " "1, " "1, " "1, " "1, " "1, " "1, " "1, " "1, " "1, " "1, " "1, " "1, " "1, " "1, " "1, " "1, " "1, " "1, " "1, " "1, " "1, " "1, " "1, " "1, " "1, " "1, " "1, " "1, " "1, " "1, " "1, " "1, " "1, " "1, " "1, " "1, " "1, " "1, " "1, " "1, " "1, " "1, " "1, " "1, " "1, " "0, " "1, " "1, " "1, " "1, " "1, " "1, " "1, " "1, " "1, " "1, " "1, " "1, " "1, " "1, " "1, " "1, " "1, " "1, " "1, " "1, " "1, " "1, " "1, " "1, " "1, " "1, " "1, " "1, " "1, " "1, " "1, " "1, " "1, " "1, " "1, " "1, " "1, " "1, " "1, " "1, " "1, "204
 "Nei472, 0.248, " "0.015, " "1, " "1, " "1, " "1, " "1, " "1, " "1, " "1, " "1, " "1, " "1, " "1, " "1, " "1, " "1, " "1, " "1, " "1, " "1, " "1, " "1, " "1, " "1, " "1, " "1, " "1, " "1, " "1, " "1, " "1, " "1, " "1, " "1, " "1, " "1, " "1, " "1, " "1, " "1, " "1, " "1, " "1, " "1, " "1, " "1, " "1, " "1, " "1, " "1, " "1, " "1, " "1, " "1, " "1, " "1, " "1, " "1, " "1, " "1, " "1, " "1, " "1, " "1, " "1, " "1, " "1, " "1, " "1, " "1, " "1, " "1, " "1, " "1, " "1, " "1, " "1, " "1, " "1, " "1, " "1, " "1, " "1, " "1, " "1, " "1, " "1, " "1, " "1, " "1, " "1, " "1, " "1, " "1, " "1, " "1, " "1, " "1, " "1, " "1, " "1, " "1, " "1, " "1, " "1, " "1, " "1, " "1, " "1, " "1, " "1, " "1, " "1, " "1, " "1, " "1, " "1, " "1, " "1, " "1, " "1, " "1, " "1, " "1, " "1, " "1, " "1, " "1, " "1, " "1, " "1, " "1, " "1, " "1, " "1, " "1, " "1, " "1, " "1, " "1, " "1, " "1, " "1, " "1, " "1, " "1, " "1, " "1, " "1, " "1, " "1, " "1, " "1, " "1, " "1, " "1, " "1, " "1, " "1, " "1, " "1, " "1, " "1, " "1, " "1, " "1, " "1, " "1, " "1, " "1, " "1, " "1, " "1, " "1, " "1, " "1, " "1, " "1, " "1, " "1, " "1, " "1, " "1, " "1, " "1, " "1, " "1, " "1, " "1, " "1, " "1, " "1, " "1, " "1, " "1, " "1, " "1, " "1, " "1, " "1, " "1, " "1, " "1, " "1, " "1, " "1, " "1, " "1, " "1, " "1, " "1, " "1, " "1, " "1, " "1, " "1, " "1, " "1, " "1, " "1, " "1, " "1, " "1, " "1, " "1, " "1, " "1, " "1, " "1, " "1, " "1, " "1, " "1, " "1, " "1, " "1, " "1, " "1, " "1, " "1, " "1, " "1, " "1, " "1, " "1, " "1, " "1, " "1, " "1, " "1, " "1, " "1, " "1, " "1, " "1, " "1, " "1, " "1, " "1, " "1, " "1, " "1, " "1, " "1, " "1, " "1, " "1, " "1, " "1, " "1, " "1, " "1, " "1, " "1, " "1, " "1, " "1, " "1, " "1, " "1, " "1, " "1, " "1, " "1, " "1, " "1, " "1, " "1, " "1, " "1, " "1, " "1, " "1, " "1, " "1, " "1, " "1, " "1, " "1, " "1, " "1, " "1, " "1, " "1, " "1, " "1, " "1, " "1, " "1, " "1, " "1, " "1, " "1, " "1, " "1, " "1, " "1, " "1, " "1, " "1, " "1, " "1, " "1, " "1, " "1, " "1, " "1, " "1, " "1, " "1, " "1, " "1, " "1, " "1, " "1, " "1, " "1, " "1, " "1, " "1, " "1, " "1, " "1, " "1, " "1, " "1, " "1, " "1, " "1, " "1, " "1, " "1, " "1, " "1, " "1, " "1, " "1, " "1, " "1, " "1, " "1, " "1, " "1, " "1, " "1, " "1, " "1, " "1, " "1, " "1, " "1, " "1, " "1, " "1, " "1, " "1, " "1, " "1, " "1, " "1, " "1, " "1, " "1, " "1, " "1, " "1, " "1, " "1, " "1, " "1, " "1, " "1, " "1, " "1, " "1, " "1, " "1, " "1, " "1, " "1, " "1, " "1, " "1, " "1, " "1, " "1, " "1, " "1, " "1, " "1, " "1, " "1, " "1, " "1, " "1, " "1, " "1, " "1, " "1, " "1, " "1, " "1, " "1, " "1, " "1, " "1, " "1, " "1, " "1, " "1, " "1, " "1, " "1, " "1, " "1, " "1, " "1, " "1, " "1, " "1, " "1, " "1, " "1, " "1, " "1, " "1, " "1, " "1, " "1, " "1, " "1, " "1, " "1, " "1, " "1, " "1, " "1, " "1, " "1, " "1, " "1, " "1, " "1, " "1, " "1, " "1, " "1, " "1, " "1, " "1, " "1, " "1, " "1, " "0, " "1, " "1, " "1, " "1, " "1, " "1, " "1, " "1, " "1, " "1, " "1, " "1, " "1, " "1, " "1, " "1, " "1, " "1, " "1, " "1, " "1, " "1, " "1, " "1, " "1, " "1, " "1, " "1, " "1, " "1, " "1, " "1, " "1, " "1, " "1, " "1, " "1, " "1, " "1, " "1, "204
 "Nei473, 0.084, " "0.015, " "1, " "1, " "1, " "1, " "1, " "1, " "1, " "1, " "1, " "1, " "1, " "1, " "1, " "1, " "1, " "1, " "1, " "1, " "1, " "1, " "1, " "1, " "1, " "1, " "1, " "1, " "1, " "1, " "1, " "1, " "1, " "1, " "1, " "1, " "1, " "1, " "1, " "1, " "1, " "1, " "1, " "1, " "1, " "1, " "1, " "1, " "1, " "1, " "1, " "1, " "1, " "1, " "1, " "1, " "1, " "1, " "1, " "1, " "1, " "1, " "1, " "1, " "1, " "1, " "1, " "1, " "1, " "1, " "1, " "1, " "1, " "1, " "1, " "1, " "1, " "1, " "1, " "1, " "1, " "1, " "1, " "1, " "1, " "1, " "1, " "1, " "1, " "1, " "1, " "1, " "1, " "1, " "1, " "1, " "1, " "1, " "1, " "1, " "1, " "1, " "1, " "1, " "1, " "1, " "1, " "1, " "1, " "1, " "1, " "1, " "1, " "1, " "1, " "1, " "1, " "1, " "1, " "1, " "1, " "1, " "1, " "1, " "1, " "1, " "1, " "1, " "1, " "1, " "1, " "1, " "1, " "1, " "1, " "1, " "1, " "1, " "1, " "1, " "1, " "1, " "1, " "1, " "1, " "1, " "1, " "1, " "1, " "1, " "1, " "1, " "1, " "1, " "1, " "1, " "1, " "1, " "1, " "1, " "1, " "1, " "1, " "1, " "1, " "1, " "1, " "1, " "1, " "1, " "1, " "1, " "1, " "1, " "1, " "1, " "1, " "1, " "1, " "1, " "1, " "1, " "1, " "1, " "1, " "1, " "1, " "1, " "1, " "1, " "1, " "1, " "1, " "1, " "1, " "1, " "1, " "1, " "1, " "1, " "1, " "1, " "1, " "1, " "1, " "1, " "1, " "1, " "1, " "1, " "1, " "1, " "1, " "1, " "1, " "1, " "1, " "1, " "1, " "1, " "1, " "1, " "1, " "1, " "1, " "1, " "1, " "1, " "1, " "1, " "1, " "1, " "1, " "1, " "1, " "1, " "1, " "1, " "1, " "1, " "1, " "1, " "1, " "1, " "1, " "1, " "1, " "1, " "1, " "1, " "1, " "1, " "1, " "1, " "1, " "1, " "1, " "1, " "1, " "1, " "1, " "1, " "1, " "1, " "1, " "1, " "1, " "1, " "1, " "1, " "1, " "1, " "1, " "1, " "1, " "1, " "1, " "1, " "1, " "1, " "1, " "1, " "1, " "1, " "1, " "1, " "1, " "1, " "1, " "1, " "1, " "1, " "1, " "1, " "1, " "1, " "1, " "1, " "1, " "1, " "1, " "1, " "1, " "1, " "1, " "1, " "1, " "1, " "1, " "1, " "1, " "1, " "1, " "1, " "1, " "1, " "1, " "1, " "1, " "1, " "1, " "1, " "1, " "1, " "1, " "1, " "1, " "1, " "1, " "1, " "1, " "1, " "1, " "1, " "1, " "1, " "1, " "1, " "1, " "1, " "1, " "1, " "1, " "1, " "1, " "1, " "1, " "1, " "1, " "1, " "1, " "1, " "1, " "1, " "1, " "1, " "1, " "1, " "1, " "1, " "1, " "1, " "1, " "1, " "1, " "1, " "1, " "1, " "1, " "1, " "1, " "1, " "1, " "1, " "1, " "1, " "1, " "1, " "1, " "1, " "1, " "1, " "1, " "1, " "1, " "1, " "1, " "1, " "1, " "1, " "1, " "1, " "1, " "1, " "1, " "1, " "1, " "1, " "1, " "1, " "1, " "1, " "1, " "1, " "1, " "1, " "1, " "1, " "1, " "1, " "1, " "1, " "1, " "1, " "1, " "1, " "1, " "1, " "1, " "1, " "1, " "1, " "1, " "1, " "1, " "1, " "1, " "1, " "1, " "1, " "1, " "1, " "1, " "1, " "1, " "1, " "1, " "1, " "1, " "1, " "1, " "1, " "1, " "1, " "1, " "1, " "1, " "1, " "1, " "1, " "1, " "1, " "1, " "1, " "1, " "1, " "1, " "1, " "1, " "1, " "1, " "1, " "1, " "1, " "1, " "1, " "1, " "1, " "1, " "1, " "1, " "1, " "1, " "1, " "1, " "0, " "1, " "1, " "1, " "1, " "1, " "1, " "1, " "1, " "1, " "1, " "1, " "1, " "1, " "1, " "1, " "1, " "1, " "1, " "1, " "1, " "1, " "1, " "1, " "1, " "1, " "1, " "1, " "1, " "1, " "1, " "1, " "1, " "1, " "1, " "1, " "1, " "1, " "1, " "1, "204
 "Nei474, 0.096, " "0.015, " "1, " "1, " "1, " "1, " "1, " "1, " "1, " "1, " "1, " "1, " "1, " "1, " "1, " "1, " "1, " "1, " "1, " "1, " "1, " "1, " "1, " "1, " "1, " "1, " "1, " "1, " "1, " "1, " "1, " "1, " "1, " "1, " "1, " "1, " "1, " "1, " "1, " "1, " "1, " "1, " "1, " "1, " "1, " "1, " "1, " "1, " "1, " "1, " "1, " "1, " "1, " "1, " "1, " "1, " "1, " "1, " "1, " "1, " "1, " "1, " "1, " "1, " "1, " "1, " "1, " "1, " "1, " "1, " "1, " "1, " "1, " "1, " "1, " "1, " "1, " "1, " "1, " "1, " "1, " "1, " "1, " "1, " "1, " "1, " "1, " "1, " "1, " "1, " "1, " "1, " "1, " "1, " "1, " "1, " "1, " "1, " "1, " "1, " "1, " "1, " "1, " "1, " "1, " "1, " "1, " "1, " "1, " "1, " "1, " "1, " "1, " "1, " "1, " "1, " "1, " "1, " "1, " "1, " "1, " "1, " "1, " "1, " "1, " "1, " "1, " "1, " "1, " "1, " "1, " "1, " "1, " "1, " "1, " "1, " "1, " "1, " "1, " "1, " "1, " "1, " "1, " "1, " "1, " "1, " "1, " "1, " "1, " "1, " "1, " "1, " "1, " "1, " "1, " "1, " "1, " "1, " "1, " "1, " "1, " "1, " "1, " "1, " "1, " "1, " "1, " "1, " "1, " "1, " "1, " "1, " "1, " "1, " "1, " "1, " "1, " "1, " "1, " "1, " "1, " "1, " "1, " "1, " "1, " "1, " "1, " "1, " "1, " "1, " "1, " "1, " "1, " "1, " "1, " "1, " "1, " "1, " "1, " "1, " "1, " "1, " "1, " "1, " "1, " "1, " "1, " "1, " "1, " "1, " "1, " "1, " "1, " "1, " "1, " "1, " "1, " "1, " "1, " "1, " "1, " "1, " "1, " "1, " "1, " "1, " "1, " "1, " "1, " "1, " "1, " "1, " "1, " "1, " "1, " "1, " "1, " "1, " "1, " "1, " "1, " "1, " "1, " "1, " "1, " "1, " "1, " "1, " "1, " "1, " "1, " "1, " "1, " "1, " "1, " "1, " "1, " "1, " "1, " "1, " "1, " "1, " "1, " "1, " "1, " "1, " "1, " "1, " "1, " "1, " "1, " "1, " "1, " "1, " "1, " "1, " "1, " "1, " "1, " "1, " "1, " "1, " "1, " "1, " "1, " "1, " "1, " "1, " "1, " "1, " "1, " "1, " "1, " "1, " "1, " "1, " "1, " "1, " "1, " "1, " "1, " "1, " "1, " "1, " "1, " "1, " "1, " "1, " "1, " "1, " "1, " "1, " "1, " "1, " "1, " "1, " "1, " "1, " "1, " "1, " "1, " "1, " "1, " "1, " "1, " "1, " "1, " "1, " "1, " "1, " "1, " "1, " "1, " "1, " "1, " "1, " "1, " "1, " "1, " "1, " "1, " "1, " "1, " "1, " "1, " "1, " "1, " "1, " "1, " "1, " "1, " "1, " "1, " "1, " "1, " "1, " "1, " "1, " "1, " "1, " "1, " "1, " "1, " "1, " "1, " "1, " "1, " "1, " "1, " "1, " "1, " "1, " "1, " "1, " "1, " "1, " "1, " "1, " "1, " "1, " "1, " "1, " "1, " "1, " "1, " "1, " "1, " "1, " "1, " "1, " "1, " "1, " "1, " "1, " "1, " "1, " "1, " "1, " "1, " "1, " "1, " "1, " "1, " "1, " "1, " "1, " "1, " "1, " "1, " "1, " "1, " "1, " "1, " "1, " "1, " "1, " "1, " "1, " "1, " "1, " "1, " "1, " "1, " "1, " "1, " "1, " "1, " "1, " "1, " "1, " "1, " "1, " "1, " "1, " "1, " "1, " "1, " "1, " "1, " "1, " "1, " "1, " "1, " "1, " "1, " "1, " "1, " "1, " "1, " "1, " "1, " "1, " "1, " "1, " "1, " "1, " "1, " "1, " "1, " "1, " "1, " "1, " "1, " "1, " "1, " "1, " "1, " "1, " "1, " "1, " "1, " "1, " "1, " "1, " "1, " "1, " "0, " "1, " "1, " "1, " "1, " "1, " "1, " "1, " "1, " "1, " "1, " "1, " "1, " "1, " "1, " "1, " "1, " "1, " "1, " "1, " "1, " "1, " "1, " "1, " "1, " "1, " "1, " "1, " "1, " "1, " "1, " "1, " "1, " "1, " "1, " "1, " "1, " "1, " "1, "204
 "Nei475, 0.071, " "0.015, " "1, " "1, " "1, " "1, " "1, " "1, " "1, " "1, " "1, " "1, " "1, " "1, " "1, " "1, " "1, " "1, " "1, " "1, " "1, " "1, " "1, " "1, " "1, " "1, " "1, " "1, " "1, " "1, " "1, " "1, " "1, " "1, " "1, " "1, " "1, " "1, " "1, " "1, " "1, " "1, " "1, " "1, " "1, " "1, " "1, " "1, " "1, " "1, " "1, " "1, " "1, " "1, " "1, " "1, " "1, " "1, " "1, " "1, " "1, " "1, " "1, " "1, " "1, " "1, " "1, " "1, " "1, " "1, " "1, " "1, " "1, " "1, " "1, " "1, " "1, " "1, " "1, " "1, " "1, " "1, " "1, " "1, " "1, " "1, " "1, " "1, " "1, " "1, " "1, " "1, " "1, " "1, " "1, " "1, " "1, " "1, " "1, " "1, " "1, " "1, " "1, " "1, " "1, " "1, " "1, " "1, " "1, " "1, " "1, " "1, " "1, " "1, " "1, " "1, " "1, " "1, " "1, " "1, " "1, " "1, " "1, " "1, " "1, " "1, " "1, " "1, " "1, " "1, " "1, " "1, " "1, " "1, " "1, " "1, " "1, " "1, " "1, " "1, " "1, " "1, " "1, " "1, " "1, " "1, " "1, " "1, " "1, " "1, " "1, " "1, " "1, " "1, " "1, " "1, " "1, " "1, " "1, " "1, " "1, " "1, " "1, " "1, " "1, " "1, " "1, " "1, " "1, " "1, " "1, " "1, " "1, " "1, " "1, " "1, " "1, " "1, " "1, " "1, " "1, " "1, " "1, " "1, " "1, " "1, " "1, " "1, " "1, " "1, " "1, " "1, " "1, " "1, " "1, " "1, " "1, " "1, " "1, " "1, " "1, " "1, " "1, " "1, " "1, " "1, " "1, " "1, " "1, " "1, " "1, " "1, " "1, " "1, " "1, " "1, " "1, " "1, " "1, " "1, " "1, " "1, " "1, " "1, " "1, " "1, " "1, " "1, " "1, " "1, " "1, " "1, " "1, " "1, " "1, " "1, " "1, " "1, " "1, " "1, " "1, " "1, " "1, " "1, " "1, " "1, " "1, " "1, " "1, " "1, " "1, " "1, " "1, " "1, " "1, " "1, " "1, " "1, " "1, " "1, " "1, " "1, " "1, " "1, " "1, " "1, " "1, " "1, " "1, " "1, " "1, " "1, " "1, " "1, " "1, " "1, " "1, " "1, " "1, " "1, " "1, " "1, " "1, " "1, " "1, " "1, " "1, " "1, " "1, " "1, " "1, " "1, " "1, " "1, " "1, " "1, " "1, " "1, " "1, " "1, " "1, " "1, " "1, " "1, " "1, " "1, " "1, " "1, " "1, " "1, " "1, " "1, " "1, " "1, " "1, " "1, " "1, " "1, " "1, " "1, " "1, " "1, " "1, " "1, " "1, " "1, " "1, " "1, " "1, " "1, " "1, " "1, " "1, " "1, " "1, " "1, " "1, " "1, " "1, " "1, " "1, " "1, " "1, " "1, " "1, " "1, " "1, " "1, " "1, " "1, " "1, " "1, " "1, " "1, " "1, " "1, " "1, " "1, " "1, " "1, " "1, " "1, " "1, " "1, " "1, " "1, " "1, " "1, " "1, " "1, " "1, " "1, " "1, " "1, " "1, " "1, " "1, " "1, " "1, " "1, " "1, " "1, " "1, " "1, " "1, " "1, " "1, " "1, " "1, " "1, " "1, " "1, " "1, " "1, " "1, " "1, " "1, " "1, " "1, " "1, " "1, " "1, " "1, " "1, " "1, " "1, " "1, " "1, " "1, " "1, " "1, " "1, " "1, " "1, " "1, " "1, " "1, " "1, " "1, " "1, " "1, " "1, " "1, " "1, " "1, " "1, " "1, " "1, " "1, " "1, " "1, " "1, " "1, " "1, " "1, " "1, " "1, " "1, " "1, " "1, " "1, " "1, " "1, " "1, " "1, " "1, " "1, " "1, " "1, " "1, " "1, " "1, " "1, " "1, " "1, " "1, " "1, " "1, " "1, " "1, " "1, " "1, " "1, " "1, " "1, " "1, " "1, " "1, " "1, " "1, " "1, " "1, " "1, " "1, " "1, " "1, " "1, " "0, " "1, " "1, " "1, " "1, " "1, " "1, " "1, " "1, " "1, " "1, " "1, " "1, " "1, " "1, " "1, " "1, " "1, " "1, " "1, " "1, " "1, " "1, " "1, " "1, " "1, " "1, " "1, " "1, " "1, " "1, " "1, " "1, " "1, " "1, " "1, " "1, " "1, "204
 "Nei476, 0.289, " "0.015, " "1, " "1, " "1, " "1, " "1, " "1, " "1, " "1, " "1, " "1, " "1, " "1, " "1, " "1, " "1, " "1, " "1, " "1, " "1, " "1, " "1, " "1, " "1, " "1, " "1, " "1, " "1, " "1, " "1, " "1, " "1, " "1, " "1, " "1, " "1, " "1, " "1, " "1, " "1, " "1, " "1, " "1, " "1, " "1, " "1, " "1, " "1, " "1, " "1, " "1, " "1, " "1, " "1, " "1, " "1, " "1, " "1, " "1, " "1, " "1, " "1, " "1, " "1, " "1, " "1, " "1, " "1, " "1, " "1, " "1, " "1, " "1, " "1, " "1, " "1, " "1, " "1, " "1, " "1, " "1, " "1, " "1, " "1, " "1, " "1, " "1, " "1, " "1, " "1, " "1, " "1, " "1, " "1, " "1, " "1, " "1, " "1, " "1, " "1, " "1, " "1, " "1, " "1, " "1, " "1, " "1, " "1, " "1, " "1, " "1, " "1, " "1, " "1, " "1, " "1, " "1, " "1, " "1, " "1, " "1, " "1, " "1, " "1, " "1, " "1, " "1, " "1, " "1, " "1, " "1, " "1, " "1, " "1, " "1, " "1, " "1, " "1, " "1, " "1, " "1, " "1, " "1, " "1, " "1, " "1, " "1, " "1, " "1, " "1, " "1, " "1, " "1, " "1, " "1, " "1, " "1, " "1, " "1, " "1, " "1, " "1, " "1, " "1, " "1, " "1, " "1, " "1, " "1, " "1, " "1, " "1, " "1, " "1, " "1, " "1, " "1, " "1, " "1, " "1, " "1, " "1, " "1, " "1, " "1, " "1, " "1, " "1, " "1, " "1, " "1, " "1, " "1, " "1, " "1, " "1, " "1, " "1, " "1, " "1, " "1, " "1, " "1, " "1, " "1, " "1, " "1, " "1, " "1, " "1, " "1, " "1, " "1, " "1, " "1, " "1, " "1, " "1, " "1, " "1, " "1, " "1, " "1, " "1, " "1, " "1, " "1, " "1, " "1, " "1, " "1, " "1, " "1, " "1, " "1, " "1, " "1, " "1, " "1, " "1, " "1, " "1, " "1, " "1, " "1, " "1, " "1, " "1, " "1, " "1, " "1, " "1, " "1, " "1, " "1, " "1, " "1, " "1, " "1, " "1, " "1, " "1, " "1, " "1, " "1, " "1, " "1, " "1, " "1, " "1, " "1, " "1, " "1, " "1, " "1, " "1, " "1, " "1, " "1, " "1, " "1, " "1, " "1, " "1, " "1, " "1, " "1, " "1, " "1, " "1, " "1, " "1, " "1, " "1, " "1, " "1, " "1, " "1, " "1, " "1, " "1, " "1, " "1, " "1, " "1, " "1, " "1, " "1, " "1, " "1, " "1, " "1, " "1, " "1, " "1, " "1, " "1, " "1, " "1, " "1, " "1, " "1, " "1, " "1, " "1, " "1, " "1, " "1, " "1, " "1, " "1, " "1, " "1, " "1, " "1, " "1, " "1, " "1, " "1, " "1, " "1, " "1, " "1, " "1, " "1, " "1, " "1, " "1, " "1, " "1, " "1, " "1, " "1, " "1, " "1, " "1, " "1, " "1, " "1, " "1, " "1, " "1, " "1, " "1, " "1, " "1, " "1, " "1, " "1, " "1, " "1, " "1, " "1, " "1, " "1, " "1, " "1, " "1, " "1, " "1, " "1, " "1, " "1, " "1, " "1, " "1, " "1, " "1, " "1, " "1, " "1, " "1, " "1, " "1, " "1, " "1, " "1, " "1, " "1, " "1, " "1, " "1, " "1, " "1, " "1, " "1, " "1, " "1, " "1, " "1, " "1, " "1, " "1, " "1, " "1, " "1, " "1, " "1, " "1, " "1, " "1, " "1, " "1, " "1, " "1, " "1, " "1, " "1, " "1, " "1, " "1, " "1, " "1, " "1, " "1, " "1, " "1, " "1, " "1, " "1, " "1, " "1, " "1, " "1, " "1, " "1, " "1, " "1, " "1, " "1, " "1, " "1, " "1, " "1, " "1, " "1, " "1, " "1, " "1, " "1, " "1, " "1, " "1, " "1, " "1, " "1, " "1, " "1, " "1, " "1, " "1, " "1, " "1, " "1, " "1, " "1, " "1, " "0, " "1, " "1, " "1, " "1, " "1, " "1, " "1, " "1, " "1, " "1, " "1, " "1, " "1, " "1, " "1, " "1, " "1, " "1, " "1, " "1, " "1, " "1, " "1, " "1, " "1, " "1, " "1, " "1, " "1, " "1, " "1, " "1, " "1, " "1, " "1, " "1, "204
 "Nei477, 0.165, " "0.015, " "1, " "1, " "1, " "1, " "1, " "1, " "1, " "1, " "1, " "1, " "1, " "1, " "1, " "1, " "1, " "1, " "1, " "1, " "1, " "1, " "1, " "1, " "1, " "1, " "1, " "1, " "1, " "1, " "1, " "1, " "1, " "1, " "1, " "1, " "1, " "1, " "1, " "1, " "1, " "1, " "1, " "1, " "1, " "1, " "1, " "1, " "1, " "1, " "1, " "1, " "1, " "1, " "1, " "1, " "1, " "1, " "1, " "1, " "1, " "1, " "1, " "1, " "1, " "1, " "1, " "1, " "1, " "1, " "1, " "1, " "1, " "1, " "1, " "1, " "1, " "1, " "1, " "1, " "1, " "1, " "1, " "1, " "1, " "1, " "1, " "1, " "1, " "1, " "1, " "1, " "1, " "1, " "1, " "1, " "1, " "1, " "1, " "1, " "1, " "1, " "1, " "1, " "1, " "1, " "1, " "1, " "1, " "1, " "1, " "1, " "1, " "1, " "1, " "1, " "1, " "1, " "1, " "1, " "1, " "1, " "1, " "1, " "1, " "1, " "1, " "1, " "1, " "1, " "1, " "1, " "1, " "1, " "1, " "1, " "1, " "1, " "1, " "1, " "1, " "1, " "1, " "1, " "1, " "1, " "1, " "1, " "1, " "1, " "1, " "1, " "1, " "1, " "1, " "1, " "1, " "1, " "1, " "1, " "1, " "1, " "1, " "1, " "1, " "1, " "1, " "1, " "1, " "1, " "1, " "1, " "1, " "1, " "1, " "1, " "1, " "1, " "1, " "1, " "1, " "1, " "1, " "1, " "1, " "1, " "1, " "1, " "1, " "1, " "1, " "1, " "1, " "1, " "1, " "1, " "1, " "1, " "1, " "1, " "1, " "1, " "1, " "1, " "1, " "1, " "1, " "1, " "1, " "1, " "1, " "1, " "1, " "1, " "1, " "1, " "1, " "1, " "1, " "1, " "1, " "1, " "1, " "1, " "1, " "1, " "1, " "1, " "1, " "1, " "1, " "1, " "1, " "1, " "1, " "1, " "1, " "1, " "1, " "1, " "1, " "1, " "1, " "1, " "1, " "1, " "1, " "1, " "1, " "1, " "1, " "1, " "1, " "1, " "1, " "1, " "1, " "1, " "1, " "1, " "1, " "1, " "1, " "1, " "1, " "1, " "1, " "1, " "1, " "1, " "1, " "1, " "1, " "1, " "1, " "1, " "1, " "1, " "1, " "1, " "1, " "1, " "1, " "1, " "1, " "1, " "1, " "1, " "1, " "1, " "1, " "1, " "1, " "1, " "1, " "1, " "1, " "1, " "1, " "1, " "1, " "1, " "1, " "1, " "1, " "1, " "1, " "1, " "1, " "1, " "1, " "1, " "1, " "1, " "1, " "1, " "1, " "1, " "1, " "1, " "1, " "1, " "1, " "1, " "1, " "1, " "1, " "1, " "1, " "1, " "1, " "1, " "1, " "1, " "1, " "1, " "1, " "1, " "1, " "1, " "1, " "1, " "1, " "1, " "1, " "1, " "1, " "1, " "1, " "1, " "1, " "1, " "1, " "1, " "1, " "1, " "1, " "1, " "1, " "1, " "1, " "1, " "1, " "1, " "1, " "1, " "1, " "1, " "1, " "1, " "1, " "1, " "1, " "1, " "1, " "1, " "1, " "1, " "1, " "1, " "1, " "1, " "1, " "1, " "1, " "1, " "1, " "1, " "1, " "1, " "1, " "1, " "1, " "1, " "1, " "1, " "1, " "1, " "1, " "1, " "1, " "1, " "1, " "1, " "1, " "1, " "1, " "1, " "1, " "1, " "1, " "1, " "1, " "1, " "1, " "1, " "1, " "1, " "1, " "1, " "1, " "1, " "1, " "1, " "1, " "1, " "1, " "1, " "1, " "1, " "1, " "1, " "1, " "1, " "1, " "1, " "1, " "1, " "1, " "1, " "1, " "1, " "1, " "1, " "1, " "1, " "1, " "1, " "1, " "1, " "1, " "1, " "1, " "1, " "1, " "1, " "1, " "1, " "1, " "1, " "1, " "1, " "1, " "1, " "1, " "1, " "1, " "1, " "1, " "1, " "1, " "1, " "1, " "1, " "1, " "1, " "1, " "1, " "1, " "0, " "1, " "1, " "1, " "1, " "1, " "1, " "1, " "1, " "1, " "1, " "1, " "1, " "1, " "1, " "1, " "1, " "1, " "1, " "1, " "1, " "1, " "1, " "1, " "1, " "1, " "1, " "1, " "1, " "1, " "1, " "1, " "1, " "1, " "1, " "1, "204
 "Nei478, 0.244, " "0.015, " "1, " "1, " "1, " "1, " "1, " "1, " "1, " "1, " "1, " "1, " "1, " "1, " "1, " "1, " "1, " "1, " "1, " "1, " "1, " "1, " "1, " "1, " "1, " "1, " "1, " "1, " "1, " "1, " "1, " "1, " "1, " "1, " "1, " "1, " "1, " "1, " "1, " "1, " "1, " "1, " "1, " "1, " "1, " "1, " "1, " "1, " "1, " "1, " "1, " "1, " "1, " "1, " "1, " "1, " "1, " "1, " "1, " "1, " "1, " "1, " "1, " "1, " "1, " "1, " "1, " "1, " "1, " "1, " "1, " "1, " "1, " "1, " "1, " "1, " "1, " "1, " "1, " "1, " "1, " "1, " "1, " "1, " "1, " "1, " "1, " "1, " "1, " "1, " "1, " "1, " "1, " "1, " "1, " "1, " "1, " "1, " "1, " "1, " "1, " "1, " "1, " "1, " "1, " "1, " "1, " "1, " "1, " "1, " "1, " "1, " "1, " "1, " "1, " "1, " "1, " "1, " "1, " "1, " "1, " "1, " "1, " "1, " "1, " "1, " "1, " "1, " "1, " "1, " "1, " "1, " "1, " "1, " "1, " "1, " "1, " "1, " "1, " "1, " "1, " "1, " "1, " "1, " "1, " "1, " "1, " "1, " "1, " "1, " "1, " "1, " "1, " "1, " "1, " "1, " "1, " "1, " "1, " "1, " "1, " "1, " "1, " "1, " "1, " "1, " "1, " "1, " "1, " "1, " "1, " "1, " "1, " "1, " "1, " "1, " "1, " "1, " "1, " "1, " "1, " "1, " "1, " "1, " "1, " "1, " "1, " "1, " "1, " "1, " "1, " "1, " "1, " "1, " "1, " "1, " "1, " "1, " "1, " "1, " "1, " "1, " "1, " "1, " "1, " "1, " "1, " "1, " "1, " "1, " "1, " "1, " "1, " "1, " "1, " "1, " "1, " "1, " "1, " "1, " "1, " "1, " "1, " "1, " "1, " "1, " "1, " "1, " "1, " "1, " "1, " "1, " "1, " "1, " "1, " "1, " "1, " "1, " "1, " "1, " "1, " "1, " "1, " "1, " "1, " "1, " "1, " "1, " "1, " "1, " "1, " "1, " "1, " "1, " "1, " "1, " "1, " "1, " "1, " "1, " "1, " "1, " "1, " "1, " "1, " "1, " "1, " "1, " "1, " "1, " "1, " "1, " "1, " "1, " "1, " "1, " "1, " "1, " "1, " "1, " "1, " "1, " "1, " "1, " "1, " "1, " "1, " "1, " "1, " "1, " "1, " "1, " "1, " "1, " "1, " "1, " "1, " "1, " "1, " "1, " "1, " "1, " "1, " "1, " "1, " "1, " "1, " "1, " "1, " "1, " "1, " "1, " "1, " "1, " "1, " "1, " "1, " "1, " "1, " "1, " "1, " "1, " "1, " "1, " "1, " "1, " "1, " "1, " "1, " "1, " "1, " "1, " "1, " "1, " "1, " "1, " "1, " "1, " "1, " "1, " "1, " "1, " "1, " "1, " "1, " "1, " "1, " "1, " "1, " "1, " "1, " "1, " "1, " "1, " "1, " "1, " "1, " "1, " "1, " "1, " "1, " "1, " "1, " "1, " "1, " "1, " "1, " "1, " "1, " "1, " "1, " "1, " "1, " "1, " "1, " "1, " "1, " "1, " "1, " "1, " "1, " "1, " "1, " "1, " "1, " "1, " "1, " "1, " "1, " "1, " "1, " "1, " "1, " "1, " "1, " "1, " "1, " "1, " "1, " "1, " "1, " "1, " "1, " "1, " "1, " "1, " "1, " "1, " "1, " "1, " "1, " "1, " "1, " "1, " "1, " "1, " "1, " "1, " "1, " "1, " "1, " "1, " "1, " "1, " "1, " "1, " "1, " "1, " "1, " "1, " "1, " "1, " "1, " "1, " "1, " "1, " "1, " "1, " "1, " "1, " "1, " "1, " "1, " "1, " "1, " "1, " "1, " "1, " "1, " "1, " "1, " "1, " "1, " "1, " "1, " "1, " "1, " "1, " "1, " "1, " "1, " "1, " "1, " "1, " "1, " "1, " "1, " "1, " "1, " "1, " "1, " "1, " "1, " "1, " "1, " "1, " "1, " "1, " "1, " "1, " "0, " "1, " "1, " "1, " "1, " "1, " "1, " "1, " "1, " "1, " "1, " "1, " "1, " "1, " "1, " "1, " "1, " "1, " "1, " "1, " "1, " "1, " "1, " "1, " "1, " "1, " "1, " "1, " "1, " "1, " "1, " "1, " "1, " "1, " "1, "204
 "Nei479, 0.31, " "0.015, " "1, " "1, " "1, " "1, " "1, " "1, " "1, " "1, " "1, " "1, " "1, " "1, " "1, " "1, " "1, " "1, " "1, " "1, " "1, " "1, " "1, " "1, " "1, " "1, " "1, " "1, " "1, " "1, " "1, " "1, " "1, " "1, " "1, " "1, " "1, " "1, " "1, " "1, " "1, " "1, " "1, " "1, " "1, " "1, " "1, " "1, " "1, " "1, " "1, " "1, " "1, " "1, " "1, " "1, " "1, " "1, " "1, " "1, " "1, " "1, " "1, " "1, " "1, " "1, " "1, " "1, " "1, " "1, " "1, " "1, " "1, " "1, " "1, " "1, " "1, " "1, " "1, " "1, " "1, " "1, " "1, " "1, " "1, " "1, " "1, " "1, " "1, " "1, " "1, " "1, " "1, " "1, " "1, " "1, " "1, " "1, " "1, " "1, " "1, " "1, " "1, " "1, " "1, " "1, " "1, " "1, " "1, " "1, " "1, " "1, " "1, " "1, " "1, " "1, " "1, " "1, " "1, " "1, " "1, " "1, " "1, " "1, " "1, " "1, " "1, " "1, " "1, " "1, " "1, " "1, " "1, " "1, " "1, " "1, " "1, " "1, " "1, " "1, " "1, " "1, " "1, " "1, " "1, " "1, " "1, " "1, " "1, " "1, " "1, " "1, " "1, " "1, " "1, " "1, " "1, " "1, " "1, " "1, " "1, " "1, " "1, " "1, " "1, " "1, " "1, " "1, " "1, " "1, " "1, " "1, " "1, " "1, " "1, " "1, " "1, " "1, " "1, " "1, " "1, " "1, " "1, " "1, " "1, " "1, " "1, " "1, " "1, " "1, " "1, " "1, " "1, " "1, " "1, " "1, " "1, " "1, " "1, " "1, " "1, " "1, " "1, " "1, " "1, " "1, " "1, " "1, " "1, " "1, " "1, " "1, " "1, " "1, " "1, " "1, " "1, " "1, " "1, " "1, " "1, " "1, " "1, " "1, " "1, " "1, " "1, " "1, " "1, " "1, " "1, " "1, " "1, " "1, " "1, " "1, " "1, " "1, " "1, " "1, " "1, " "1, " "1, " "1, " "1, " "1, " "1, " "1, " "1, " "1, " "1, " "1, " "1, " "1, " "1, " "1, " "1, " "1, " "1, " "1, " "1, " "1, " "1, " "1, " "1, " "1, " "1, " "1, " "1, " "1, " "1, " "1, " "1, " "1, " "1, " "1, " "1, " "1, " "1, " "1, " "1, " "1, " "1, " "1, " "1, " "1, " "1, " "1, " "1, " "1, " "1, " "1, " "1, " "1, " "1, " "1, " "1, " "1, " "1, " "1, " "1, " "1, " "1, " "1, " "1, " "1, " "1, " "1, " "1, " "1, " "1, " "1, " "1, " "1, " "1, " "1, " "1, " "1, " "1, " "1, " "1, " "1, " "1, " "1, " "1, " "1, " "1, " "1, " "1, " "1, " "1, " "1, " "1, " "1, " "1, " "1, " "1, " "1, " "1, " "1, " "1, " "1, " "1, " "1, " "1, " "1, " "1, " "1, " "1, " "1, " "1, " "1, " "1, " "1, " "1, " "1, " "1, " "1, " "1, " "1, " "1, " "1, " "1, " "1, " "1, " "1, " "1, " "1, " "1, " "1, " "1, " "1, " "1, " "1, " "1, " "1, " "1, " "1, " "1, " "1, " "1, " "1, " "1, " "1, " "1, " "1, " "1, " "1, " "1, " "1, " "1, " "1, " "1, " "1, " "1, " "1, " "1, " "1, " "1, " "1, " "1, " "1, " "1, " "1, " "1, " "1, " "1, " "1, " "1, " "1, " "1, " "1, " "1, " "1, " "1, " "1, " "1, " "1, " "1, " "1, " "1, " "1, " "1, " "1, " "1, " "1, " "1, " "1, " "1, " "1, " "1, " "1, " "1, " "1, " "1, " "1, " "1, " "1, " "1, " "1, " "1, " "1, " "1, " "1, " "1, " "1, " "1, " "1, " "1, " "1, " "1, " "1, " "1, " "1, " "1, " "1, " "1, " "1, " "1, " "1, " "1, " "1, " "1, " "1, " "1, " "1, " "1, " "1, " "1, " "1, " "1, " "1, " "1, " "1, " "1, " "1, " "1, " "1, " "1, " "1, " "1, " "0, " "1, " "1, " "1, " "1, " "1, " "1, " "1, " "1, " "1, " "1, " "1, " "1, " "1, " "1, " "1, " "1, " "1, " "1, " "1, " "1, " "1, " "1, " "1, " "1, " "1, " "1, " "1, " "1, " "1, " "1, " "1, " "1, " "1, "204
 "Nei480, 0.244, " "0.015, " "1, " "1, " "1, " "1, " "1, " "1, " "1, " "1, " "1, " "1, " "1, " "1, " "1, " "1, " "1, " "1, " "1, " "1, " "1, " "1, " "1, " "1, " "1, " "1, " "1, " "1, " "1, " "1, " "1, " "1, " "1, " "1, " "1, " "1, " "1, " "1, " "1, " "1, " "1, " "1, " "1, " "1, " "1, " "1, " "1, " "1, " "1, " "1, " "1, " "1, " "1, " "1, " "1, " "1, " "1, " "1, " "1, " "1, " "1, " "1, " "1, " "1, " "1, " "1, " "1, " "1, " "1, " "1, " "1, " "1, " "1, " "1, " "1, " "1, " "1, " "1, " "1, " "1, " "1, " "1, " "1, " "1, " "1, " "1, " "1, " "1, " "1, " "1, " "1, " "1, " "1, " "1, " "1, " "1, " "1, " "1, " "1, " "1, " "1, " "1, " "1, " "1, " "1, " "1, " "1, " "1, " "1, " "1, " "1, " "1, " "1, " "1, " "1, " "1, " "1, " "1, " "1, " "1, " "1, " "1, " "1, " "1, " "1, " "1, " "1, " "1, " "1, " "1, " "1, " "1, " "1, " "1, " "1, " "1, " "1, " "1, " "1, " "1, " "1, " "1, " "1, " "1, " "1, " "1, " "1, " "1, " "1, " "1, " "1, " "1, " "1, " "1, " "1, " "1, " "1, " "1, " "1, " "1, " "1, " "1, " "1, " "1, " "1, " "1, " "1, " "1, " "1, " "1, " "1, " "1, " "1, " "1, " "1, " "1, " "1, " "1, " "1, " "1, " "1, " "1, " "1, " "1, " "1, " "1, " "1, " "1, " "1, " "1, " "1, " "1, " "1, " "1, " "1, " "1, " "1, " "1, " "1, " "1, " "1, " "1, " "1, " "1, " "1, " "1, " "1, " "1, " "1, " "1, " "1, " "1, " "1, " "1, " "1, " "1, " "1, " "1, " "1, " "1, " "1, " "1, " "1, " "1, " "1, " "1, " "1, " "1, " "1, " "1, " "1, " "1, " "1, " "1, " "1, " "1, " "1, " "1, " "1, " "1, " "1, " "1, " "1, " "1, " "1, " "1, " "1, " "1, " "1, " "1, " "1, " "1, " "1, " "1, " "1, " "1, " "1, " "1, " "1, " "1, " "1, " "1, " "1, " "1, " "1, " "1, " "1, " "1, " "1, " "1, " "1, " "1, " "1, " "1, " "1, " "1, " "1, " "1, " "1, " "1, " "1, " "1, " "1, " "1, " "1, " "1, " "1, " "1, " "1, " "1, " "1, " "1, " "1, " "1, " "1, " "1, " "1, " "1, " "1, " "1, " "1, " "1, " "1, " "1, " "1, " "1, " "1, " "1, " "1, " "1, " "1, " "1, " "1, " "1, " "1, " "1, " "1, " "1, " "1, " "1, " "1, " "1, " "1, " "1, " "1, " "1, " "1, " "1, " "1, " "1, " "1, " "1, " "1, " "1, " "1, " "1, " "1, " "1, " "1, " "1, " "1, " "1, " "1, " "1, " "1, " "1, " "1, " "1, " "1, " "1, " "1, " "1, " "1, " "1, " "1, " "1, " "1, " "1, " "1, " "1, " "1, " "1, " "1, " "1, " "1, " "1, " "1, " "1, " "1, " "1, " "1, " "1, " "1, " "1, " "1, " "1, " "1, " "1, " "1, " "1, " "1, " "1, " "1, " "1, " "1, " "1, " "1, " "1, " "1, " "1, " "1, " "1, " "1, " "1, " "1, " "1, " "1, " "1, " "1, " "1, " "1, " "1, " "1, " "1, " "1, " "1, " "1, " "1, " "1, " "1, " "1, " "1, " "1, " "1, " "1, " "1, " "1, " "1, " "1, " "1, " "1, " "1, " "1, " "1, " "1, " "1, " "1, " "1, " "1, " "1, " "1, " "1, " "1, " "1, " "1, " "1, " "1, " "1, " "1, " "1, " "1, " "1, " "1, " "1, " "1, " "1, " "1, " "1, " "1, " "1, " "1, " "1, " "1, " "1, " "1, " "1, " "1, " "1, " "1, " "1, " "1, " "1, " "1, " "1, " "1, " "1, " "1, " "1, " "1, " "1, " "1, " "1, " "1, " "1, " "1, " "1, " "1, " "1, " "1, " "1, " "1, " "1, " "0, " "1, " "1, " "1, " "1, " "1, " "1, " "1, " "1, " "1, " "1, " "1, " "1, " "1, " "1, " "1, " "1, " "1, " "1, " "1, " "1, " "1, " "1, " "1, " "1, " "1, " "1, " "1, " "1, " "1, " "1, " "1, " "1, "204
 "Nei481, 0.006, " "0.015, " "1, " "1, " "1, " "1, " "1, " "1, " "1, " "1, " "1, " "1, " "1, " "1, " "1, " "1, " "1, " "1, " "1, " "1, " "1, " "1, " "1, " "1, " "1, " "1, " "1, " "1, " "1, " "1, " "1, " "1, " "1, " "1, " "1, " "1, " "1, " "1, " "1, " "1, " "1, " "1, " "1, " "1, " "1, " "1, " "1, " "1, " "1, " "1, " "1, " "1, " "1, " "1, " "1, " "1, " "1, " "1, " "1, " "1, " "1, " "1, " "1, " "1, " "1, " "1, " "1, " "1, " "1, " "1, " "1, " "1, " "1, " "1, " "1, " "1, " "1, " "1, " "1, " "1, " "1, " "1, " "1, " "1, " "1, " "1, " "1, " "1, " "1, " "1, " "1, " "1, " "1, " "1, " "1, " "1, " "1, " "1, " "1, " "1, " "1, " "1, " "1, " "1, " "1, " "1, " "1, " "1, " "1, " "1, " "1, " "1, " "1, " "1, " "1, " "1, " "1, " "1, " "1, " "1, " "1, " "1, " "1, " "1, " "1, " "1, " "1, " "1, " "1, " "1, " "1, " "1, " "1, " "1, " "1, " "1, " "1, " "1, " "1, " "1, " "1, " "1, " "1, " "1, " "1, " "1, " "1, " "1, " "1, " "1, " "1, " "1, " "1, " "1, " "1, " "1, " "1, " "1, " "1, " "1, " "1, " "1, " "1, " "1, " "1, " "1, " "1, " "1, " "1, " "1, " "1, " "1, " "1, " "1, " "1, " "1, " "1, " "1, " "1, " "1, " "1, " "1, " "1, " "1, " "1, " "1, " "1, " "1, " "1, " "1, " "1, " "1, " "1, " "1, " "1, " "1, " "1, " "1, " "1, " "1, " "1, " "1, " "1, " "1, " "1, " "1, " "1, " "1, " "1, " "1, " "1, " "1, " "1, " "1, " "1, " "1, " "1, " "1, " "1, " "1, " "1, " "1, " "1, " "1, " "1, " "1, " "1, " "1, " "1, " "1, " "1, " "1, " "1, " "1, " "1, " "1, " "1, " "1, " "1, " "1, " "1, " "1, " "1, " "1, " "1, " "1, " "1, " "1, " "1, " "1, " "1, " "1, " "1, " "1, " "1, " "1, " "1, " "1, " "1, " "1, " "1, " "1, " "1, " "1, " "1, " "1, " "1, " "1, " "1, " "1, " "1, " "1, " "1, " "1, " "1, " "1, " "1, " "1, " "1, " "1, " "1, " "1, " "1, " "1, " "1, " "1, " "1, " "1, " "1, " "1, " "1, " "1, " "1, " "1, " "1, " "1, " "1, " "1, " "1, " "1, " "1, " "1, " "1, " "1, " "1, " "1, " "1, " "1, " "1, " "1, " "1, " "1, " "1, " "1, " "1, " "1, " "1, " "1, " "1, " "1, " "1, " "1, " "1, " "1, " "1, " "1, " "1, " "1, " "1, " "1, " "1, " "1, " "1, " "1, " "1, " "1, " "1, " "1, " "1, " "1, " "1, " "1, " "1, " "1, " "1, " "1, " "1, " "1, " "1, " "1, " "1, " "1, " "1, " "1, " "1, " "1, " "1, " "1, " "1, " "1, " "1, " "1, " "1, " "1, " "1, " "1, " "1, " "1, " "1, " "1, " "1, " "1, " "1, " "1, " "1, " "1, " "1, " "1, " "1, " "1, " "1, " "1, " "1, " "1, " "1, " "1, " "1, " "1, " "1, " "1, " "1, " "1, " "1, " "1, " "1, " "1, " "1, " "1, " "1, " "1, " "1, " "1, " "1, " "1, " "1, " "1, " "1, " "1, " "1, " "1, " "1, " "1, " "1, " "1, " "1, " "1, " "1, " "1, " "1, " "1, " "1, " "1, " "1, " "1, " "1, " "1, " "1, " "1, " "1, " "1, " "1, " "1, " "1, " "1, " "1, " "1, " "1, " "1, " "1, " "1, " "1, " "1, " "1, " "1, " "1, " "1, " "1, " "1, " "1, " "1, " "1, " "1, " "1, " "1, " "1, " "1, " "1, " "1, " "1, " "1, " "1, " "1, " "1, " "1, " "1, " "1, " "1, " "1, " "1, " "1, " "1, " "1, " "1, " "1, " "1, " "1, " "1, " "1, " "1, " "1, " "1, " "1, " "1, " "0, " "1, " "1, " "1, " "1, " "1, " "1, " "1, " "1, " "1, " "1, " "1, " "1, " "1, " "1, " "1, " "1, " "1, " "1, " "1, " "1, " "1, " "1, " "1, " "1, " "1, " "1, " "1, " "1, " "1, " "1, " "1, "204
 "Nei482, 0.239, " "0.015, " "1, " "1, " "1, " "1, " "1, " "1, " "1, " "1, " "1, " "1, " "1, " "1, " "1, " "1, " "1, " "1, " "1, " "1, " "1, " "1, " "1, " "1, " "1, " "1, " "1, " "1, " "1, " "1, " "1, " "1, " "1, " "1, " "1, " "1, " "1, " "1, " "1, " "1, " "1, " "1, " "1, " "1, " "1, " "1, " "1, " "1, " "1, " "1, " "1, " "1, " "1, " "1, " "1, " "1, " "1, " "1, " "1, " "1, " "1, " "1, " "1, " "1, " "1, " "1, " "1, " "1, " "1, " "1, " "1, " "1, " "1, " "1, " "1, " "1, " "1, " "1, " "1, " "1, " "1, " "1, " "1, " "1, " "1, " "1, " "1, " "1, " "1, " "1, " "1, " "1, " "1, " "1, " "1, " "1, " "1, " "1, " "1, " "1, " "1, " "1, " "1, " "1, " "1, " "1, " "1, " "1, " "1, " "1, " "1, " "1, " "1, " "1, " "1, " "1, " "1, " "1, " "1, " "1, " "1, " "1, " "1, " "1, " "1, " "1, " "1, " "1, " "1, " "1, " "1, " "1, " "1, " "1, " "1, " "1, " "1, " "1, " "1, " "1, " "1, " "1, " "1, " "1, " "1, " "1, " "1, " "1, " "1, " "1, " "1, " "1, " "1, " "1, " "1, " "1, " "1, " "1, " "1, " "1, " "1, " "1, " "1, " "1, " "1, " "1, " "1, " "1, " "1, " "1, " "1, " "1, " "1, " "1, " "1, " "1, " "1, " "1, " "1, " "1, " "1, " "1, " "1, " "1, " "1, " "1, " "1, " "1, " "1, " "1, " "1, " "1, " "1, " "1, " "1, " "1, " "1, " "1, " "1, " "1, " "1, " "1, " "1, " "1, " "1, " "1, " "1, " "1, " "1, " "1, " "1, " "1, " "1, " "1, " "1, " "1, " "1, " "1, " "1, " "1, " "1, " "1, " "1, " "1, " "1, " "1, " "1, " "1, " "1, " "1, " "1, " "1, " "1, " "1, " "1, " "1, " "1, " "1, " "1, " "1, " "1, " "1, " "1, " "1, " "1, " "1, " "1, " "1, " "1, " "1, " "1, " "1, " "1, " "1, " "1, " "1, " "1, " "1, " "1, " "1, " "1, " "1, " "1, " "1, " "1, " "1, " "1, " "1, " "1, " "1, " "1, " "1, " "1, " "1, " "1, " "1, " "1, " "1, " "1, " "1, " "1, " "1, " "1, " "1, " "1, " "1, " "1, " "1, " "1, " "1, " "1, " "1, " "1, " "1, " "1, " "1, " "1, " "1, " "1, " "1, " "1, " "1, " "1, " "1, " "1, " "1, " "1, " "1, " "1, " "1, " "1, " "1, " "1, " "1, " "1, " "1, " "1, " "1, " "1, " "1, " "1, " "1, " "1, " "1, " "1, " "1, " "1, " "1, " "1, " "1, " "1, " "1, " "1, " "1, " "1, " "1, " "1, " "1, " "1, " "1, " "1, " "1, " "1, " "1, " "1, " "1, " "1, " "1, " "1, " "1, " "1, " "1, " "1, " "1, " "1, " "1, " "1, " "1, " "1, " "1, " "1, " "1, " "1, " "1, " "1, " "1, " "1, " "1, " "1, " "1, " "1, " "1, " "1, " "1, " "1, " "1, " "1, " "1, " "1, " "1, " "1, " "1, " "1, " "1, " "1, " "1, " "1, " "1, " "1, " "1, " "1, " "1, " "1, " "1, " "1, " "1, " "1, " "1, " "1, " "1, " "1, " "1, " "1, " "1, " "1, " "1, " "1, " "1, " "1, " "1, " "1, " "1, " "1, " "1, " "1, " "1, " "1, " "1, " "1, " "1, " "1, " "1, " "1, " "1, " "1, " "1, " "1, " "1, " "1, " "1, " "1, " "1, " "1, " "1, " "1, " "1, " "1, " "1, " "1, " "1, " "1, " "1, " "1, " "1, " "1, " "1, " "1, " "1, " "1, " "1, " "1, " "1, " "1, " "1, " "1, " "1, " "1, " "1, " "1, " "1, " "1, " "1, " "1, " "1, " "1, " "1, " "1, " "1, " "1, " "1, " "1, " "1, " "1, " "1, " "1, " "1, " "1, " "1, " "1, " "1, " "1, " "1, " "1, " "1, " "0, " "1, " "1, " "1, " "1, " "1, " "1, " "1, " "1, " "1, " "1, " "1, " "1, " "1, " "1, " "1, " "1, " "1, " "1, " "1, " "1, " "1, " "1, " "1, " "1, " "1, " "1, " "1, " "1, " "1, " "1, "204
 "Nei483, 0.091, " "0.015, " "1, " "1, " "1, " "1, " "1, " "1, " "1, " "1, " "1, " "1, " "1, " "1, " "1, " "1, " "1, " "1, " "1, " "1, " "1, " "1, " "1, " "1, " "1, " "1, " "1, " "1, " "1, " "1, " "1, " "1, " "1, " "1, " "1, " "1, " "1, " "1, " "1, " "1, " "1, " "1, " "1, " "1, " "1, " "1, " "1, " "1, " "1, " "1, " "1, " "1, " "1, " "1, " "1, " "1, " "1, " "1, " "1, " "1, " "1, " "1, " "1, " "1, " "1, " "1, " "1, " "1, " "1, " "1, " "1, " "1, " "1, " "1, " "1, " "1, " "1, " "1, " "1, " "1, " "1, " "1, " "1, " "1, " "1, " "1, " "1, " "1, " "1, " "1, " "1, " "1, " "1, " "1, " "1, " "1, " "1, " "1, " "1, " "1, " "1, " "1, " "1, " "1, " "1, " "1, " "1, " "1, " "1, " "1, " "1, " "1, " "1, " "1, " "1, " "1, " "1, " "1, " "1, " "1, " "1, " "1, " "1, " "1, " "1, " "1, " "1, " "1, " "1, " "1, " "1, " "1, " "1, " "1, " "1, " "1, " "1, " "1, " "1, " "1, " "1, " "1, " "1, " "1, " "1, " "1, " "1, " "1, " "1, " "1, " "1, " "1, " "1, " "1, " "1, " "1, " "1, " "1, " "1, " "1, " "1, " "1, " "1, " "1, " "1, " "1, " "1, " "1, " "1, " "1, " "1, " "1, " "1, " "1, " "1, " "1, " "1, " "1, " "1, " "1, " "1, " "1, " "1, " "1, " "1, " "1, " "1, " "1, " "1, " "1, " "1, " "1, " "1, " "1, " "1, " "1, " "1, " "1, " "1, " "1, " "1, " "1, " "1, " "1, " "1, " "1, " "1, " "1, " "1, " "1, " "1, " "1, " "1, " "1, " "1, " "1, " "1, " "1, " "1, " "1, " "1, " "1, " "1, " "1, " "1, " "1, " "1, " "1, " "1, " "1, " "1, " "1, " "1, " "1, " "1, " "1, " "1, " "1, " "1, " "1, " "1, " "1, " "1, " "1, " "1, " "1, " "1, " "1, " "1, " "1, " "1, " "1, " "1, " "1, " "1, " "1, " "1, " "1, " "1, " "1, " "1, " "1, " "1, " "1, " "1, " "1, " "1, " "1, " "1, " "1, " "1, " "1, " "1, " "1, " "1, " "1, " "1, " "1, " "1, " "1, " "1, " "1, " "1, " "1, " "1, " "1, " "1, " "1, " "1, " "1, " "1, " "1, " "1, " "1, " "1, " "1, " "1, " "1, " "1, " "1, " "1, " "1, " "1, " "1, " "1, " "1, " "1, " "1, " "1, " "1, " "1, " "1, " "1, " "1, " "1, " "1, " "1, " "1, " "1, " "1, " "1, " "1, " "1, " "1, " "1, " "1, " "1, " "1, " "1, " "1, " "1, " "1, " "1, " "1, " "1, " "1, " "1, " "1, " "1, " "1, " "1, " "1, " "1, " "1, " "1, " "1, " "1, " "1, " "1, " "1, " "1, " "1, " "1, " "1, " "1, " "1, " "1, " "1, " "1, " "1, " "1, " "1, " "1, " "1, " "1, " "1, " "1, " "1, " "1, " "1, " "1, " "1, " "1, " "1, " "1, " "1, " "1, " "1, " "1, " "1, " "1, " "1, " "1, " "1, " "1, " "1, " "1, " "1, " "1, " "1, " "1, " "1, " "1, " "1, " "1, " "1, " "1, " "1, " "1, " "1, " "1, " "1, " "1, " "1, " "1, " "1, " "1, " "1, " "1, " "1, " "1, " "1, " "1, " "1, " "1, " "1, " "1, " "1, " "1, " "1, " "1, " "1, " "1, " "1, " "1, " "1, " "1, " "1, " "1, " "1, " "1, " "1, " "1, " "1, " "1, " "1, " "1, " "1, " "1, " "1, " "1, " "1, " "1, " "1, " "1, " "1, " "1, " "1, " "1, " "1, " "1, " "1, " "1, " "1, " "1, " "1, " "1, " "1, " "1, " "1, " "1, " "1, " "1, " "1, " "1, " "1, " "1, " "1, " "1, " "1, " "1, " "1, " "1, " "1, " "1, " "1, " "1, " "1, " "1, " "1, " "1, " "1, " "1, " "1, " "1, " "0, " "1, " "1, " "1, " "1, " "1, " "1, " "1, " "1, " "1, " "1, " "1, " "1, " "1, " "1, " "1, " "1, " "1, " "1, " "1, " "1, " "1, " "1, " "1, " "1, " "1, " "1, " "1, " "1, " "1, "204
 "Nei484, 0.078, " "0.015, " "1, " "1, " "1, " "1, " "1, " "1, " "1, " "1, " "1, " "1, " "1, " "1, " "1, " "1, " "1, " "1, " "1, " "1, " "1, " "1, " "1, " "1, " "1, " "1, " "1, " "1, " "1, " "1, " "1, " "1, " "1, " "1, " "1, " "1, " "1, " "1, " "1, " "1, " "1, " "1, " "1, " "1, " "1, " "1, " "1, " "1, " "1, " "1, " "1, " "1, " "1, " "1, " "1, " "1, " "1, " "1, " "1, " "1, " "1, " "1, " "1, " "1, " "1, " "1, " "1, " "1, " "1, " "1, " "1, " "1, " "1, " "1, " "1, " "1, " "1, " "1, " "1, " "1, " "1, " "1, " "1, " "1, " "1, " "1, " "1, " "1, " "1, " "1, " "1, " "1, " "1, " "1, " "1, " "1, " "1, " "1, " "1, " "1, " "1, " "1, " "1, " "1, " "1, " "1, " "1, " "1, " "1, " "1, " "1, " "1, " "1, " "1, " "1, " "1, " "1, " "1, " "1, " "1, " "1, " "1, " "1, " "1, " "1, " "1, " "1, " "1, " "1, " "1, " "1, " "1, " "1, " "1, " "1, " "1, " "1, " "1, " "1, " "1, " "1, " "1, " "1, " "1, " "1, " "1, " "1, " "1, " "1, " "1, " "1, " "1, " "1, " "1, " "1, " "1, " "1, " "1, " "1, " "1, " "1, " "1, " "1, " "1, " "1, " "1, " "1, " "1, " "1, " "1, " "1, " "1, " "1, " "1, " "1, " "1, " "1, " "1, " "1, " "1, " "1, " "1, " "1, " "1, " "1, " "1, " "1, " "1, " "1, " "1, " "1, " "1, " "1, " "1, " "1, " "1, " "1, " "1, " "1, " "1, " "1, " "1, " "1, " "1, " "1, " "1, " "1, " "1, " "1, " "1, " "1, " "1, " "1, " "1, " "1, " "1, " "1, " "1, " "1, " "1, " "1, " "1, " "1, " "1, " "1, " "1, " "1, " "1, " "1, " "1, " "1, " "1, " "1, " "1, " "1, " "1, " "1, " "1, " "1, " "1, " "1, " "1, " "1, " "1, " "1, " "1, " "1, " "1, " "1, " "1, " "1, " "1, " "1, " "1, " "1, " "1, " "1, " "1, " "1, " "1, " "1, " "1, " "1, " "1, " "1, " "1, " "1, " "1, " "1, " "1, " "1, " "1, " "1, " "1, " "1, " "1, " "1, " "1, " "1, " "1, " "1, " "1, " "1, " "1, " "1, " "1, " "1, " "1, " "1, " "1, " "1, " "1, " "1, " "1, " "1, " "1, " "1, " "1, " "1, " "1, " "1, " "1, " "1, " "1, " "1, " "1, " "1, " "1, " "1, " "1, " "1, " "1, " "1, " "1, " "1, " "1, " "1, " "1, " "1, " "1, " "1, " "1, " "1, " "1, " "1, " "1, " "1, " "1, " "1, " "1, " "1, " "1, " "1, " "1, " "1, " "1, " "1, " "1, " "1, " "1, " "1, " "1, " "1, " "1, " "1, " "1, " "1, " "1, " "1, " "1, " "1, " "1, " "1, " "1, " "1, " "1, " "1, " "1, " "1, " "1, " "1, " "1, " "1, " "1, " "1, " "1, " "1, " "1, " "1, " "1, " "1, " "1, " "1, " "1, " "1, " "1, " "1, " "1, " "1, " "1, " "1, " "1, " "1, " "1, " "1, " "1, " "1, " "1, " "1, " "1, " "1, " "1, " "1, " "1, " "1, " "1, " "1, " "1, " "1, " "1, " "1, " "1, " "1, " "1, " "1, " "1, " "1, " "1, " "1, " "1, " "1, " "1, " "1, " "1, " "1, " "1, " "1, " "1, " "1, " "1, " "1, " "1, " "1, " "1, " "1, " "1, " "1, " "1, " "1, " "1, " "1, " "1, " "1, " "1, " "1, " "1, " "1, " "1, " "1, " "1, " "1, " "1, " "1, " "1, " "1, " "1, " "1, " "1, " "1, " "1, " "1, " "1, " "1, " "1, " "1, " "1, " "1, " "1, " "1, " "1, " "1, " "1, " "1, " "1, " "1, " "1, " "1, " "1, " "1, " "1, " "1, " "1, " "1, " "1, " "1, " "1, " "1, " "1, " "1, " "1, " "1, " "1, " "1, " "1, " "1, " "1, " "0, " "1, " "1, " "1, " "1, " "1, " "1, " "1, " "1, " "1, " "1, " "1, " "1, " "1, " "1, " "1, " "1, " "1, " "1, " "1, " "1, " "1, " "1, " "1, " "1, " "1, " "1, " "1, " "1, "204
 "Nei485, 0.07, " "0.015, " "1, " "1, " "1, " "1, " "1, " "1, " "1, " "1, " "1, " "1, " "1, " "1, " "1, " "1, " "1, " "1, " "1, " "1, " "1, " "1, " "1, " "1, " "1, " "1, " "1, " "1, " "1, " "1, " "1, " "1, " "1, " "1, " "1, " "1, " "1, " "1, " "1, " "1, " "1, " "1, " "1, " "1, " "1, " "1, " "1, " "1, " "1, " "1, " "1, " "1, " "1, " "1, " "1, " "1, " "1, " "1, " "1, " "1, " "1, " "1, " "1, " "1, " "1, " "1, " "1, " "1, " "1, " "1, " "1, " "1, " "1, " "1, " "1, " "1, " "1, " "1, " "1, " "1, " "1, " "1, " "1, " "1, " "1, " "1, " "1, " "1, " "1, " "1, " "1, " "1, " "1, " "1, " "1, " "1, " "1, " "1, " "1, " "1, " "1, " "1, " "1, " "1, " "1, " "1, " "1, " "1, " "1, " "1, " "1, " "1, " "1, " "1, " "1, " "1, " "1, " "1, " "1, " "1, " "1, " "1, " "1, " "1, " "1, " "1, " "1, " "1, " "1, " "1, " "1, " "1, " "1, " "1, " "1, " "1, " "1, " "1, " "1, " "1, " "1, " "1, " "1, " "1, " "1, " "1, " "1, " "1, " "1, " "1, " "1, " "1, " "1, " "1, " "1, " "1, " "1, " "1, " "1, " "1, " "1, " "1, " "1, " "1, " "1, " "1, " "1, " "1, " "1, " "1, " "1, " "1, " "1, " "1, " "1, " "1, " "1, " "1, " "1, " "1, " "1, " "1, " "1, " "1, " "1, " "1, " "1, " "1, " "1, " "1, " "1, " "1, " "1, " "1, " "1, " "1, " "1, " "1, " "1, " "1, " "1, " "1, " "1, " "1, " "1, " "1, " "1, " "1, " "1, " "1, " "1, " "1, " "1, " "1, " "1, " "1, " "1, " "1, " "1, " "1, " "1, " "1, " "1, " "1, " "1, " "1, " "1, " "1, " "1, " "1, " "1, " "1, " "1, " "1, " "1, " "1, " "1, " "1, " "1, " "1, " "1, " "1, " "1, " "1, " "1, " "1, " "1, " "1, " "1, " "1, " "1, " "1, " "1, " "1, " "1, " "1, " "1, " "1, " "1, " "1, " "1, " "1, " "1, " "1, " "1, " "1, " "1, " "1, " "1, " "1, " "1, " "1, " "1, " "1, " "1, " "1, " "1, " "1, " "1, " "1, " "1, " "1, " "1, " "1, " "1, " "1, " "1, " "1, " "1, " "1, " "1, " "1, " "1, " "1, " "1, " "1, " "1, " "1, " "1, " "1, " "1, " "1, " "1, " "1, " "1, " "1, " "1, " "1, " "1, " "1, " "1, " "1, " "1, " "1, " "1, " "1, " "1, " "1, " "1, " "1, " "1, " "1, " "1, " "1, " "1, " "1, " "1, " "1, " "1, " "1, " "1, " "1, " "1, " "1, " "1, " "1, " "1, " "1, " "1, " "1, " "1, " "1, " "1, " "1, " "1, " "1, " "1, " "1, " "1, " "1, " "1, " "1, " "1, " "1, " "1, " "1, " "1, " "1, " "1, " "1, " "1, " "1, " "1, " "1, " "1, " "1, " "1, " "1, " "1, " "1, " "1, " "1, " "1, " "1, " "1, " "1, " "1, " "1, " "1, " "1, " "1, " "1, " "1, " "1, " "1, " "1, " "1, " "1, " "1, " "1, " "1, " "1, " "1, " "1, " "1, " "1, " "1, " "1, " "1, " "1, " "1, " "1, " "1, " "1, " "1, " "1, " "1, " "1, " "1, " "1, " "1, " "1, " "1, " "1, " "1, " "1, " "1, " "1, " "1, " "1, " "1, " "1, " "1, " "1, " "1, " "1, " "1, " "1, " "1, " "1, " "1, " "1, " "1, " "1, " "1, " "1, " "1, " "1, " "1, " "1, " "1, " "1, " "1, " "1, " "1, " "1, " "1, " "1, " "1, " "1, " "1, " "1, " "1, " "1, " "1, " "1, " "1, " "1, " "1, " "1, " "1, " "1, " "1, " "1, " "1, " "1, " "1, " "1, " "1, " "1, " "1, " "1, " "1, " "1, " "1, " "1, " "1, " "1, " "1, " "1, " "1, " "1, " "1, " "1, " "1, " "1, " "1, " "0, " "1, " "1, " "1, " "1, " "1, " "1, " "1, " "1, " "1, " "1, " "1, " "1, " "1, " "1, " "1, " "1, " "1, " "1, " "1, " "1, " "1, " "1, " "1, " "1, " "1, " "1, " "1, "204
 "Nei486, 0.223, " "0.015, " "1, " "1, " "1, " "1, " "1, " "1, " "1, " "1, " "1, " "1, " "1, " "1, " "1, " "1, " "1, " "1, " "1, " "1, " "1, " "1, " "1, " "1, " "1, " "1, " "1, " "1, " "1, " "1, " "1, " "1, " "1, " "1, " "1, " "1, " "1, " "1, " "1, " "1, " "1, " "1, " "1, " "1, " "1, " "1, " "1, " "1, " "1, " "1, " "1, " "1, " "1, " "1, " "1, " "1, " "1, " "1, " "1, " "1, " "1, " "1, " "1, " "1, " "1, " "1, " "1, " "1, " "1, " "1, " "1, " "1, " "1, " "1, " "1, " "1, " "1, " "1, " "1, " "1, " "1, " "1, " "1, " "1, " "1, " "1, " "1, " "1, " "1, " "1, " "1, " "1, " "1, " "1, " "1, " "1, " "1, " "1, " "1, " "1, " "1, " "1, " "1, " "1, " "1, " "1, " "1, " "1, " "1, " "1, " "1, " "1, " "1, " "1, " "1, " "1, " "1, " "1, " "1, " "1, " "1, " "1, " "1, " "1, " "1, " "1, " "1, " "1, " "1, " "1, " "1, " "1, " "1, " "1, " "1, " "1, " "1, " "1, " "1, " "1, " "1, " "1, " "1, " "1, " "1, " "1, " "1, " "1, " "1, " "1, " "1, " "1, " "1, " "1, " "1, " "1, " "1, " "1, " "1, " "1, " "1, " "1, " "1, " "1, " "1, " "1, " "1, " "1, " "1, " "1, " "1, " "1, " "1, " "1, " "1, " "1, " "1, " "1, " "1, " "1, " "1, " "1, " "1, " "1, " "1, " "1, " "1, " "1, " "1, " "1, " "1, " "1, " "1, " "1, " "1, " "1, " "1, " "1, " "1, " "1, " "1, " "1, " "1, " "1, " "1, " "1, " "1, " "1, " "1, " "1, " "1, " "1, " "1, " "1, " "1, " "1, " "1, " "1, " "1, " "1, " "1, " "1, " "1, " "1, " "1, " "1, " "1, " "1, " "1, " "1, " "1, " "1, " "1, " "1, " "1, " "1, " "1, " "1, " "1, " "1, " "1, " "1, " "1, " "1, " "1, " "1, " "1, " "1, " "1, " "1, " "1, " "1, " "1, " "1, " "1, " "1, " "1, " "1, " "1, " "1, " "1, " "1, " "1, " "1, " "1, " "1, " "1, " "1, " "1, " "1, " "1, " "1, " "1, " "1, " "1, " "1, " "1, " "1, " "1, " "1, " "1, " "1, " "1, " "1, " "1, " "1, " "1, " "1, " "1, " "1, " "1, " "1, " "1, " "1, " "1, " "1, " "1, " "1, " "1, " "1, " "1, " "1, " "1, " "1, " "1, " "1, " "1, " "1, " "1, " "1, " "1, " "1, " "1, " "1, " "1, " "1, " "1, " "1, " "1, " "1, " "1, " "1, " "1, " "1, " "1, " "1, " "1, " "1, " "1, " "1, " "1, " "1, " "1, " "1, " "1, " "1, " "1, " "1, " "1, " "1, " "1, " "1, " "1, " "1, " "1, " "1, " "1, " "1, " "1, " "1, " "1, " "1, " "1, " "1, " "1, " "1, " "1, " "1, " "1, " "1, " "1, " "1, " "1, " "1, " "1, " "1, " "1, " "1, " "1, " "1, " "1, " "1, " "1, " "1, " "1, " "1, " "1, " "1, " "1, " "1, " "1, " "1, " "1, " "1, " "1, " "1, " "1, " "1, " "1, " "1, " "1, " "1, " "1, " "1, " "1, " "1, " "1, " "1, " "1, " "1, " "1, " "1, " "1, " "1, " "1, " "1, " "1, " "1, " "1, " "1, " "1, " "1, " "1, " "1, " "1, " "1, " "1, " "1, " "1, " "1, " "1, " "1, " "1, " "1, " "1, " "1, " "1, " "1, " "1, " "1, " "1, " "1, " "1, " "1, " "1, " "1, " "1, " "1, " "1, " "1, " "1, " "1, " "1, " "1, " "1, " "1, " "1, " "1, " "1, " "1, " "1, " "1, " "1, " "1, " "1, " "1, " "1, " "1, " "1, " "1, " "1, " "1, " "1, " "1, " "1, " "1, " "1, " "1, " "1, " "1, " "1, " "1, " "1, " "1, " "1, " "1, " "1, " "1, " "1, " "1, " "1, " "1, " "1, " "1, " "1, " "1, " "1, " "1, " "0, " "1, " "1, " "1, " "1, " "1, " "1, " "1, " "1, " "1, " "1, " "1, " "1, " "1, " "1, " "1, " "1, " "1, " "1, " "1, " "1, " "1, " "1, " "1, " "1, " "1, " "1, "204
 "Nei487, 0.009, " "0.015, " "1, " "1, " "1, " "1, " "1, " "1, " "1, " "1, " "1, " "1, " "1, " "1, " "1, " "1, " "1, " "1, " "1, " "1, " "1, " "1, " "1, " "1, " "1, " "1, " "1, " "1, " "1, " "1, " "1, " "1, " "1, " "1, " "1, " "1, " "1, " "1, " "1, " "1, " "1, " "1, " "1, " "1, " "1, " "1, " "1, " "1, " "1, " "1, " "1, " "1, " "1, " "1, " "1, " "1, " "1, " "1, " "1, " "1, " "1, " "1, " "1, " "1, " "1, " "1, " "1, " "1, " "1, " "1, " "1, " "1, " "1, " "1, " "1, " "1, " "1, " "1, " "1, " "1, " "1, " "1, " "1, " "1, " "1, " "1, " "1, " "1, " "1, " "1, " "1, " "1, " "1, " "1, " "1, " "1, " "1, " "1, " "1, " "1, " "1, " "1, " "1, " "1, " "1, " "1, " "1, " "1, " "1, " "1, " "1, " "1, " "1, " "1, " "1, " "1, " "1, " "1, " "1, " "1, " "1, " "1, " "1, " "1, " "1, " "1, " "1, " "1, " "1, " "1, " "1, " "1, " "1, " "1, " "1, " "1, " "1, " "1, " "1, " "1, " "1, " "1, " "1, " "1, " "1, " "1, " "1, " "1, " "1, " "1, " "1, " "1, " "1, " "1, " "1, " "1, " "1, " "1, " "1, " "1, " "1, " "1, " "1, " "1, " "1, " "1, " "1, " "1, " "1, " "1, " "1, " "1, " "1, " "1, " "1, " "1, " "1, " "1, " "1, " "1, " "1, " "1, " "1, " "1, " "1, " "1, " "1, " "1, " "1, " "1, " "1, " "1, " "1, " "1, " "1, " "1, " "1, " "1, " "1, " "1, " "1, " "1, " "1, " "1, " "1, " "1, " "1, " "1, " "1, " "1, " "1, " "1, " "1, " "1, " "1, " "1, " "1, " "1, " "1, " "1, " "1, " "1, " "1, " "1, " "1, " "1, " "1, " "1, " "1, " "1, " "1, " "1, " "1, " "1, " "1, " "1, " "1, " "1, " "1, " "1, " "1, " "1, " "1, " "1, " "1, " "1, " "1, " "1, " "1, " "1, " "1, " "1, " "1, " "1, " "1, " "1, " "1, " "1, " "1, " "1, " "1, " "1, " "1, " "1, " "1, " "1, " "1, " "1, " "1, " "1, " "1, " "1, " "1, " "1, " "1, " "1, " "1, " "1, " "1, " "1, " "1, " "1, " "1, " "1, " "1, " "1, " "1, " "1, " "1, " "1, " "1, " "1, " "1, " "1, " "1, " "1, " "1, " "1, " "1, " "1, " "1, " "1, " "1, " "1, " "1, " "1, " "1, " "1, " "1, " "1, " "1, " "1, " "1, " "1, " "1, " "1, " "1, " "1, " "1, " "1, " "1, " "1, " "1, " "1, " "1, " "1, " "1, " "1, " "1, " "1, " "1, " "1, " "1, " "1, " "1, " "1, " "1, " "1, " "1, " "1, " "1, " "1, " "1, " "1, " "1, " "1, " "1, " "1, " "1, " "1, " "1, " "1, " "1, " "1, " "1, " "1, " "1, " "1, " "1, " "1, " "1, " "1, " "1, " "1, " "1, " "1, " "1, " "1, " "1, " "1, " "1, " "1, " "1, " "1, " "1, " "1, " "1, " "1, " "1, " "1, " "1, " "1, " "1, " "1, " "1, " "1, " "1, " "1, " "1, " "1, " "1, " "1, " "1, " "1, " "1, " "1, " "1, " "1, " "1, " "1, " "1, " "1, " "1, " "1, " "1, " "1, " "1, " "1, " "1, " "1, " "1, " "1, " "1, " "1, " "1, " "1, " "1, " "1, " "1, " "1, " "1, " "1, " "1, " "1, " "1, " "1, " "1, " "1, " "1, " "1, " "1, " "1, " "1, " "1, " "1, " "1, " "1, " "1, " "1, " "1, " "1, " "1, " "1, " "1, " "1, " "1, " "1, " "1, " "1, " "1, " "1, " "1, " "1, " "1, " "1, " "1, " "1, " "1, " "1, " "1, " "1, " "1, " "1, " "1, " "1, " "1, " "1, " "1, " "1, " "1, " "1, " "1, " "1, " "1, " "1, " "1, " "1, " "1, " "1, " "1, " "1, " "1, " "1, " "1, " "1, " "1, " "1, " "1, " "1, " "0, " "1, " "1, " "1, " "1, " "1, " "1, " "1, " "1, " "1, " "1, " "1, " "1, " "1, " "1, " "1, " "1, " "1, " "1, " "1, " "1, " "1, " "1, " "1, " "1, " "1, "204
 "Nei488, 0.171, " "0.015, " "1, " "1, " "1, " "1, " "1, " "1, " "1, " "1, " "1, " "1, " "1, " "1, " "1, " "1, " "1, " "1, " "1, " "1, " "1, " "1, " "1, " "1, " "1, " "1, " "1, " "1, " "1, " "1, " "1, " "1, " "1, " "1, " "1, " "1, " "1, " "1, " "1, " "1, " "1, " "1, " "1, " "1, " "1, " "1, " "1, " "1, " "1, " "1, " "1, " "1, " "1, " "1, " "1, " "1, " "1, " "1, " "1, " "1, " "1, " "1, " "1, " "1, " "1, " "1, " "1, " "1, " "1, " "1, " "1, " "1, " "1, " "1, " "1, " "1, " "1, " "1, " "1, " "1, " "1, " "1, " "1, " "1, " "1, " "1, " "1, " "1, " "1, " "1, " "1, " "1, " "1, " "1, " "1, " "1, " "1, " "1, " "1, " "1, " "1, " "1, " "1, " "1, " "1, " "1, " "1, " "1, " "1, " "1, " "1, " "1, " "1, " "1, " "1, " "1, " "1, " "1, " "1, " "1, " "1, " "1, " "1, " "1, " "1, " "1, " "1, " "1, " "1, " "1, " "1, " "1, " "1, " "1, " "1, " "1, " "1, " "1, " "1, " "1, " "1, " "1, " "1, " "1, " "1, " "1, " "1, " "1, " "1, " "1, " "1, " "1, " "1, " "1, " "1, " "1, " "1, " "1, " "1, " "1, " "1, " "1, " "1, " "1, " "1, " "1, " "1, " "1, " "1, " "1, " "1, " "1, " "1, " "1, " "1, " "1, " "1, " "1, " "1, " "1, " "1, " "1, " "1, " "1, " "1, " "1, " "1, " "1, " "1, " "1, " "1, " "1, " "1, " "1, " "1, " "1, " "1, " "1, " "1, " "1, " "1, " "1, " "1, " "1, " "1, " "1, " "1, " "1, " "1, " "1, " "1, " "1, " "1, " "1, " "1, " "1, " "1, " "1, " "1, " "1, " "1, " "1, " "1, " "1, " "1, " "1, " "1, " "1, " "1, " "1, " "1, " "1, " "1, " "1, " "1, " "1, " "1, " "1, " "1, " "1, " "1, " "1, " "1, " "1, " "1, " "1, " "1, " "1, " "1, " "1, " "1, " "1, " "1, " "1, " "1, " "1, " "1, " "1, " "1, " "1, " "1, " "1, " "1, " "1, " "1, " "1, " "1, " "1, " "1, " "1, " "1, " "1, " "1, " "1, " "1, " "1, " "1, " "1, " "1, " "1, " "1, " "1, " "1, " "1, " "1, " "1, " "1, " "1, " "1, " "1, " "1, " "1, " "1, " "1, " "1, " "1, " "1, " "1, " "1, " "1, " "1, " "1, " "1, " "1, " "1, " "1, " "1, " "1, " "1, " "1, " "1, " "1, " "1, " "1, " "1, " "1, " "1, " "1, " "1, " "1, " "1, " "1, " "1, " "1, " "1, " "1, " "1, " "1, " "1, " "1, " "1, " "1, " "1, " "1, " "1, " "1, " "1, " "1, " "1, " "1, " "1, " "1, " "1, " "1, " "1, " "1, " "1, " "1, " "1, " "1, " "1, " "1, " "1, " "1, " "1, " "1, " "1, " "1, " "1, " "1, " "1, " "1, " "1, " "1, " "1, " "1, " "1, " "1, " "1, " "1, " "1, " "1, " "1, " "1, " "1, " "1, " "1, " "1, " "1, " "1, " "1, " "1, " "1, " "1, " "1, " "1, " "1, " "1, " "1, " "1, " "1, " "1, " "1, " "1, " "1, " "1, " "1, " "1, " "1, " "1, " "1, " "1, " "1, " "1, " "1, " "1, " "1, " "1, " "1, " "1, " "1, " "1, " "1, " "1, " "1, " "1, " "1, " "1, " "1, " "1, " "1, " "1, " "1, " "1, " "1, " "1, " "1, " "1, " "1, " "1, " "1, " "1, " "1, " "1, " "1, " "1, " "1, " "1, " "1, " "1, " "1, " "1, " "1, " "1, " "1, " "1, " "1, " "1, " "1, " "1, " "1, " "1, " "1, " "1, " "1, " "1, " "1, " "1, " "1, " "1, " "1, " "1, " "1, " "1, " "1, " "1, " "1, " "1, " "1, " "1, " "1, " "1, " "1, " "1, " "1, " "1, " "1, " "1, " "1, " "1, " "1, " "1, " "1, " "1, " "1, " "1, " "1, " "1, " "1, " "1, " "0, " "1, " "1, " "1, " "1, " "1, " "1, " "1, " "1, " "1, " "1, " "1, " "1, " "1, " "1, " "1, " "1, " "1, " "1, " "1, " "1, " "1, " "1, " "1, " "1, "204
 "Nei489, 0.291, " "0.015, " "1, " "1, " "1, " "1, " "1, " "1, " "1, " "1, " "1, " "1, " "1, " "1, " "1, " "1, " "1, " "1, " "1, " "1, " "1, " "1, " "1, " "1, " "1, " "1, " "1, " "1, " "1, " "1, " "1, " "1, " "1, " "1, " "1, " "1, " "1, " "1, " "1, " "1, " "1, " "1, " "1, " "1, " "1, " "1, " "1, " "1, " "1, " "1, " "1, " "1, " "1, " "1, " "1, " "1, " "1, " "1, " "1, " "1, " "1, " "1, " "1, " "1, " "1, " "1, " "1, " "1, " "1, " "1, " "1, " "1, " "1, " "1, " "1, " "1, " "1, " "1, " "1, " "1, " "1, " "1, " "1, " "1, " "1, " "1, " "1, " "1, " "1, " "1, " "1, " "1, " "1, " "1, " "1, " "1, " "1, " "1, " "1, " "1, " "1, " "1, " "1, " "1, " "1, " "1, " "1, " "1, " "1, " "1, " "1, " "1, " "1, " "1, " "1, " "1, " "1, " "1, " "1, " "1, " "1, " "1, " "1, " "1, " "1, " "1, " "1, " "1, " "1, " "1, " "1, " "1, " "1, " "1, " "1, " "1, " "1, " "1, " "1, " "1, " "1, " "1, " "1, " "1, " "1, " "1, " "1, " "1, " "1, " "1, " "1, " "1, " "1, " "1, " "1, " "1, " "1, " "1, " "1, " "1, " "1, " "1, " "1, " "1, " "1, " "1, " "1, " "1, " "1, " "1, " "1, " "1, " "1, " "1, " "1, " "1, " "1, " "1, " "1, " "1, " "1, " "1, " "1, " "1, " "1, " "1, " "1, " "1, " "1, " "1, " "1, " "1, " "1, " "1, " "1, " "1, " "1, " "1, " "1, " "1, " "1, " "1, " "1, " "1, " "1, " "1, " "1, " "1, " "1, " "1, " "1, " "1, " "1, " "1, " "1, " "1, " "1, " "1, " "1, " "1, " "1, " "1, " "1, " "1, " "1, " "1, " "1, " "1, " "1, " "1, " "1, " "1, " "1, " "1, " "1, " "1, " "1, " "1, " "1, " "1, " "1, " "1, " "1, " "1, " "1, " "1, " "1, " "1, " "1, " "1, " "1, " "1, " "1, " "1, " "1, " "1, " "1, " "1, " "1, " "1, " "1, " "1, " "1, " "1, " "1, " "1, " "1, " "1, " "1, " "1, " "1, " "1, " "1, " "1, " "1, " "1, " "1, " "1, " "1, " "1, " "1, " "1, " "1, " "1, " "1, " "1, " "1, " "1, " "1, " "1, " "1, " "1, " "1, " "1, " "1, " "1, " "1, " "1, " "1, " "1, " "1, " "1, " "1, " "1, " "1, " "1, " "1, " "1, " "1, " "1, " "1, " "1, " "1, " "1, " "1, " "1, " "1, " "1, " "1, " "1, " "1, " "1, " "1, " "1, " "1, " "1, " "1, " "1, " "1, " "1, " "1, " "1, " "1, " "1, " "1, " "1, " "1, " "1, " "1, " "1, " "1, " "1, " "1, " "1, " "1, " "1, " "1, " "1, " "1, " "1, " "1, " "1, " "1, " "1, " "1, " "1, " "1, " "1, " "1, " "1, " "1, " "1, " "1, " "1, " "1, " "1, " "1, " "1, " "1, " "1, " "1, " "1, " "1, " "1, " "1, " "1, " "1, " "1, " "1, " "1, " "1, " "1, " "1, " "1, " "1, " "1, " "1, " "1, " "1, " "1, " "1, " "1, " "1, " "1, " "1, " "1, " "1, " "1, " "1, " "1, " "1, " "1, " "1, " "1, " "1, " "1, " "1, " "1, " "1, " "1, " "1, " "1, " "1, " "1, " "1, " "1, " "1, " "1, " "1, " "1, " "1, " "1, " "1, " "1, " "1, " "1, " "1, " "1, " "1, " "1, " "1, " "1, " "1, " "1, " "1, " "1, " "1, " "1, " "1, " "1, " "1, " "1, " "1, " "1, " "1, " "1, " "1, " "1, " "1, " "1, " "1, " "1, " "1, " "1, " "1, " "1, " "1, " "1, " "1, " "1, " "1, " "1, " "1, " "1, " "1, " "1, " "1, " "1, " "1, " "1, " "1, " "1, " "1, " "1, " "1, " "1, " "1, " "1, " "1, " "1, " "1, " "1, " "1, " "1, " "1, " "1, " "1, " "1, " "1, " "1, " "1, " "0, " "1, " "1, " "1, " "1, " "1, " "1, " "1, " "1, " "1, " "1, " "1, " "1, " "1, " "1, " "1, " "1, " "1, " "1, " "1, " "1, " "1, " "1, " "1, "204
 "Nei490, 0.25, " "0.015, " "1, " "1, " "1, " "1, " "1, " "1, " "1, " "1, " "1, " "1, " "1, " "1, " "1, " "1, " "1, " "1, " "1, " "1, " "1, " "1, " "1, " "1, " "1, " "1, " "1, " "1, " "1, " "1, " "1, " "1, " "1, " "1, " "1, " "1, " "1, " "1, " "1, " "1, " "1, " "1, " "1, " "1, " "1, " "1, " "1, " "1, " "1, " "1, " "1, " "1, " "1, " "1, " "1, " "1, " "1, " "1, " "1, " "1, " "1, " "1, " "1, " "1, " "1, " "1, " "1, " "1, " "1, " "1, " "1, " "1, " "1, " "1, " "1, " "1, " "1, " "1, " "1, " "1, " "1, " "1, " "1, " "1, " "1, " "1, " "1, " "1, " "1, " "1, " "1, " "1, " "1, " "1, " "1, " "1, " "1, " "1, " "1, " "1, " "1, " "1, " "1, " "1, " "1, " "1, " "1, " "1, " "1, " "1, " "1, " "1, " "1, " "1, " "1, " "1, " "1, " "1, " "1, " "1, " "1, " "1, " "1, " "1, " "1, " "1, " "1, " "1, " "1, " "1, " "1, " "1, " "1, " "1, " "1, " "1, " "1, " "1, " "1, " "1, " "1, " "1, " "1, " "1, " "1, " "1, " "1, " "1, " "1, " "1, " "1, " "1, " "1, " "1, " "1, " "1, " "1, " "1, " "1, " "1, " "1, " "1, " "1, " "1, " "1, " "1, " "1, " "1, " "1, " "1, " "1, " "1, " "1, " "1, " "1, " "1, " "1, " "1, " "1, " "1, " "1, " "1, " "1, " "1, " "1, " "1, " "1, " "1, " "1, " "1, " "1, " "1, " "1, " "1, " "1, " "1, " "1, " "1, " "1, " "1, " "1, " "1, " "1, " "1, " "1, " "1, " "1, " "1, " "1, " "1, " "1, " "1, " "1, " "1, " "1, " "1, " "1, " "1, " "1, " "1, " "1, " "1, " "1, " "1, " "1, " "1, " "1, " "1, " "1, " "1, " "1, " "1, " "1, " "1, " "1, " "1, " "1, " "1, " "1, " "1, " "1, " "1, " "1, " "1, " "1, " "1, " "1, " "1, " "1, " "1, " "1, " "1, " "1, " "1, " "1, " "1, " "1, " "1, " "1, " "1, " "1, " "1, " "1, " "1, " "1, " "1, " "1, " "1, " "1, " "1, " "1, " "1, " "1, " "1, " "1, " "1, " "1, " "1, " "1, " "1, " "1, " "1, " "1, " "1, " "1, " "1, " "1, " "1, " "1, " "1, " "1, " "1, " "1, " "1, " "1, " "1, " "1, " "1, " "1, " "1, " "1, " "1, " "1, " "1, " "1, " "1, " "1, " "1, " "1, " "1, " "1, " "1, " "1, " "1, " "1, " "1, " "1, " "1, " "1, " "1, " "1, " "1, " "1, " "1, " "1, " "1, " "1, " "1, " "1, " "1, " "1, " "1, " "1, " "1, " "1, " "1, " "1, " "1, " "1, " "1, " "1, " "1, " "1, " "1, " "1, " "1, " "1, " "1, " "1, " "1, " "1, " "1, " "1, " "1, " "1, " "1, " "1, " "1, " "1, " "1, " "1, " "1, " "1, " "1, " "1, " "1, " "1, " "1, " "1, " "1, " "1, " "1, " "1, " "1, " "1, " "1, " "1, " "1, " "1, " "1, " "1, " "1, " "1, " "1, " "1, " "1, " "1, " "1, " "1, " "1, " "1, " "1, " "1, " "1, " "1, " "1, " "1, " "1, " "1, " "1, " "1, " "1, " "1, " "1, " "1, " "1, " "1, " "1, " "1, " "1, " "1, " "1, " "1, " "1, " "1, " "1, " "1, " "1, " "1, " "1, " "1, " "1, " "1, " "1, " "1, " "1, " "1, " "1, " "1, " "1, " "1, " "1, " "1, " "1, " "1, " "1, " "1, " "1, " "1, " "1, " "1, " "1, " "1, " "1, " "1, " "1, " "1, " "1, " "1, " "1, " "1, " "1, " "1, " "1, " "1, " "1, " "1, " "1, " "1, " "1, " "1, " "1, " "1, " "1, " "1, " "1, " "1, " "1, " "1, " "1, " "1, " "1, " "1, " "1, " "1, " "1, " "1, " "1, " "1, " "1, " "1, " "1, " "1, " "1, " "1, " "1, " "1, " "1, " "1, " "1, " "1, " "1, " "0, " "1, " "1, " "1, " "1, " "1, " "1, " "1, " "1, " "1, " "1, " "1, " "1, " "1, " "1, " "1, " "1, " "1, " "1, " "1, " "1, " "1, " "1, "204
 "Nei491, 0.257, " "0.015, " "1, " "1, " "1, " "1, " "1, " "1, " "1, " "1, " "1, " "1, " "1, " "1, " "1, " "1, " "1, " "1, " "1, " "1, " "1, " "1, " "1, " "1, " "1, " "1, " "1, " "1, " "1, " "1, " "1, " "1, " "1, " "1, " "1, " "1, " "1, " "1, " "1, " "1, " "1, " "1, " "1, " "1, " "1, " "1, " "1, " "1, " "1, " "1, " "1, " "1, " "1, " "1, " "1, " "1, " "1, " "1, " "1, " "1, " "1, " "1, " "1, " "1, " "1, " "1, " "1, " "1, " "1, " "1, " "1, " "1, " "1, " "1, " "1, " "1, " "1, " "1, " "1, " "1, " "1, " "1, " "1, " "1, " "1, " "1, " "1, " "1, " "1, " "1, " "1, " "1, " "1, " "1, " "1, " "1, " "1, " "1, " "1, " "1, " "1, " "1, " "1, " "1, " "1, " "1, " "1, " "1, " "1, " "1, " "1, " "1, " "1, " "1, " "1, " "1, " "1, " "1, " "1, " "1, " "1, " "1, " "1, " "1, " "1, " "1, " "1, " "1, " "1, " "1, " "1, " "1, " "1, " "1, " "1, " "1, " "1, " "1, " "1, " "1, " "1, " "1, " "1, " "1, " "1, " "1, " "1, " "1, " "1, " "1, " "1, " "1, " "1, " "1, " "1, " "1, " "1, " "1, " "1, " "1, " "1, " "1, " "1, " "1, " "1, " "1, " "1, " "1, " "1, " "1, " "1, " "1, " "1, " "1, " "1, " "1, " "1, " "1, " "1, " "1, " "1, " "1, " "1, " "1, " "1, " "1, " "1, " "1, " "1, " "1, " "1, " "1, " "1, " "1, " "1, " "1, " "1, " "1, " "1, " "1, " "1, " "1, " "1, " "1, " "1, " "1, " "1, " "1, " "1, " "1, " "1, " "1, " "1, " "1, " "1, " "1, " "1, " "1, " "1, " "1, " "1, " "1, " "1, " "1, " "1, " "1, " "1, " "1, " "1, " "1, " "1, " "1, " "1, " "1, " "1, " "1, " "1, " "1, " "1, " "1, " "1, " "1, " "1, " "1, " "1, " "1, " "1, " "1, " "1, " "1, " "1, " "1, " "1, " "1, " "1, " "1, " "1, " "1, " "1, " "1, " "1, " "1, " "1, " "1, " "1, " "1, " "1, " "1, " "1, " "1, " "1, " "1, " "1, " "1, " "1, " "1, " "1, " "1, " "1, " "1, " "1, " "1, " "1, " "1, " "1, " "1, " "1, " "1, " "1, " "1, " "1, " "1, " "1, " "1, " "1, " "1, " "1, " "1, " "1, " "1, " "1, " "1, " "1, " "1, " "1, " "1, " "1, " "1, " "1, " "1, " "1, " "1, " "1, " "1, " "1, " "1, " "1, " "1, " "1, " "1, " "1, " "1, " "1, " "1, " "1, " "1, " "1, " "1, " "1, " "1, " "1, " "1, " "1, " "1, " "1, " "1, " "1, " "1, " "1, " "1, " "1, " "1, " "1, " "1, " "1, " "1, " "1, " "1, " "1, " "1, " "1, " "1, " "1, " "1, " "1, " "1, " "1, " "1, " "1, " "1, " "1, " "1, " "1, " "1, " "1, " "1, " "1, " "1, " "1, " "1, " "1, " "1, " "1, " "1, " "1, " "1, " "1, " "1, " "1, " "1, " "1, " "1, " "1, " "1, " "1, " "1, " "1, " "1, " "1, " "1, " "1, " "1, " "1, " "1, " "1, " "1, " "1, " "1, " "1, " "1, " "1, " "1, " "1, " "1, " "1, " "1, " "1, " "1, " "1, " "1, " "1, " "1, " "1, " "1, " "1, " "1, " "1, " "1, " "1, " "1, " "1, " "1, " "1, " "1, " "1, " "1, " "1, " "1, " "1, " "1, " "1, " "1, " "1, " "1, " "1, " "1, " "1, " "1, " "1, " "1, " "1, " "1, " "1, " "1, " "1, " "1, " "1, " "1, " "1, " "1, " "1, " "1, " "1, " "1, " "1, " "1, " "1, " "1, " "1, " "1, " "1, " "1, " "1, " "1, " "1, " "1, " "1, " "1, " "1, " "1, " "1, " "1, " "1, " "1, " "1, " "1, " "1, " "1, " "1, " "1, " "1, " "1, " "1, " "1, " "1, " "1, " "1, " "1, " "1, " "1, " "1, " "1, " "1, " "0, " "1, " "1, " "1, " "1, " "1, " "1, " "1, " "1, " "1, " "1, " "1, " "1, " "1, " "1, " "1, " "1, " "1, " "1, " "1, " "1, " "1, "204
 "Nei492, 0.218, " "0.015, " "1, " "1, " "1, " "1, " "1, " "1, " "1, " "1, " "1, " "1, " "1, " "1, " "1, " "1, " "1, " "1, " "1, " "1, " "1, " "1, " "1, " "1, " "1, " "1, " "1, " "1, " "1, " "1, " "1, " "1, " "1, " "1, " "1, " "1, " "1, " "1, " "1, " "1, " "1, " "1, " "1, " "1, " "1, " "1, " "1, " "1, " "1, " "1, " "1, " "1, " "1, " "1, " "1, " "1, " "1, " "1, " "1, " "1, " "1, " "1, " "1, " "1, " "1, " "1, " "1, " "1, " "1, " "1, " "1, " "1, " "1, " "1, " "1, " "1, " "1, " "1, " "1, " "1, " "1, " "1, " "1, " "1, " "1, " "1, " "1, " "1, " "1, " "1, " "1, " "1, " "1, " "1, " "1, " "1, " "1, " "1, " "1, " "1, " "1, " "1, " "1, " "1, " "1, " "1, " "1, " "1, " "1, " "1, " "1, " "1, " "1, " "1, " "1, " "1, " "1, " "1, " "1, " "1, " "1, " "1, " "1, " "1, " "1, " "1, " "1, " "1, " "1, " "1, " "1, " "1, " "1, " "1, " "1, " "1, " "1, " "1, " "1, " "1, " "1, " "1, " "1, " "1, " "1, " "1, " "1, " "1, " "1, " "1, " "1, " "1, " "1, " "1, " "1, " "1, " "1, " "1, " "1, " "1, " "1, " "1, " "1, " "1, " "1, " "1, " "1, " "1, " "1, " "1, " "1, " "1, " "1, " "1, " "1, " "1, " "1, " "1, " "1, " "1, " "1, " "1, " "1, " "1, " "1, " "1, " "1, " "1, " "1, " "1, " "1, " "1, " "1, " "1, " "1, " "1, " "1, " "1, " "1, " "1, " "1, " "1, " "1, " "1, " "1, " "1, " "1, " "1, " "1, " "1, " "1, " "1, " "1, " "1, " "1, " "1, " "1, " "1, " "1, " "1, " "1, " "1, " "1, " "1, " "1, " "1, " "1, " "1, " "1, " "1, " "1, " "1, " "1, " "1, " "1, " "1, " "1, " "1, " "1, " "1, " "1, " "1, " "1, " "1, " "1, " "1, " "1, " "1, " "1, " "1, " "1, " "1, " "1, " "1, " "1, " "1, " "1, " "1, " "1, " "1, " "1, " "1, " "1, " "1, " "1, " "1, " "1, " "1, " "1, " "1, " "1, " "1, " "1, " "1, " "1, " "1, " "1, " "1, " "1, " "1, " "1, " "1, " "1, " "1, " "1, " "1, " "1, " "1, " "1, " "1, " "1, " "1, " "1, " "1, " "1, " "1, " "1, " "1, " "1, " "1, " "1, " "1, " "1, " "1, " "1, " "1, " "1, " "1, " "1, " "1, " "1, " "1, " "1, " "1, " "1, " "1, " "1, " "1, " "1, " "1, " "1, " "1, " "1, " "1, " "1, " "1, " "1, " "1, " "1, " "1, " "1, " "1, " "1, " "1, " "1, " "1, " "1, " "1, " "1, " "1, " "1, " "1, " "1, " "1, " "1, " "1, " "1, " "1, " "1, " "1, " "1, " "1, " "1, " "1, " "1, " "1, " "1, " "1, " "1, " "1, " "1, " "1, " "1, " "1, " "1, " "1, " "1, " "1, " "1, " "1, " "1, " "1, " "1, " "1, " "1, " "1, " "1, " "1, " "1, " "1, " "1, " "1, " "1, " "1, " "1, " "1, " "1, " "1, " "1, " "1, " "1, " "1, " "1, " "1, " "1, " "1, " "1, " "1, " "1, " "1, " "1, " "1, " "1, " "1, " "1, " "1, " "1, " "1, " "1, " "1, " "1, " "1, " "1, " "1, " "1, " "1, " "1, " "1, " "1, " "1, " "1, " "1, " "1, " "1, " "1, " "1, " "1, " "1, " "1, " "1, " "1, " "1, " "1, " "1, " "1, " "1, " "1, " "1, " "1, " "1, " "1, " "1, " "1, " "1, " "1, " "1, " "1, " "1, " "1, " "1, " "1, " "1, " "1, " "1, " "1, " "1, " "1, " "1, " "1, " "1, " "1, " "1, " "1, " "1, " "1, " "1, " "1, " "1, " "1, " "1, " "1, " "1, " "1, " "1, " "1, " "1, " "1, " "1, " "1, " "1, " "1, " "1, " "1, " "1, " "1, " "1, " "1, " "1, " "1, " "1, " "1, " "1, " "1, " "1, " "0, " "1, " "1, " "1, " "1, " "1, " "1, " "1, " "1, " "1, " "1, " "1, " "1, " "1, " "1, " "1, " "1, " "1, " "1, " "1, " "1, "204
 "Nei493, 0.132, " "0.015, " "1, " "1, " "1, " "1, " "1, " "1, " "1, " "1, " "1, " "1, " "1, " "1, " "1, " "1, " "1, " "1, " "1, " "1, " "1, " "1, " "1, " "1, " "1, " "1, " "1, " "1, " "1, " "1, " "1, " "1, " "1, " "1, " "1, " "1, " "1, " "1, " "1, " "1, " "1, " "1, " "1, " "1, " "1, " "1, " "1, " "1, " "1, " "1, " "1, " "1, " "1, " "1, " "1, " "1, " "1, " "1, " "1, " "1, " "1, " "1, " "1, " "1, " "1, " "1, " "1, " "1, " "1, " "1, " "1, " "1, " "1, " "1, " "1, " "1, " "1, " "1, " "1, " "1, " "1, " "1, " "1, " "1, " "1, " "1, " "1, " "1, " "1, " "1, " "1, " "1, " "1, " "1, " "1, " "1, " "1, " "1, " "1, " "1, " "1, " "1, " "1, " "1, " "1, " "1, " "1, " "1, " "1, " "1, " "1, " "1, " "1, " "1, " "1, " "1, " "1, " "1, " "1, " "1, " "1, " "1, " "1, " "1, " "1, " "1, " "1, " "1, " "1, " "1, " "1, " "1, " "1, " "1, " "1, " "1, " "1, " "1, " "1, " "1, " "1, " "1, " "1, " "1, " "1, " "1, " "1, " "1, " "1, " "1, " "1, " "1, " "1, " "1, " "1, " "1, " "1, " "1, " "1, " "1, " "1, " "1, " "1, " "1, " "1, " "1, " "1, " "1, " "1, " "1, " "1, " "1, " "1, " "1, " "1, " "1, " "1, " "1, " "1, " "1, " "1, " "1, " "1, " "1, " "1, " "1, " "1, " "1, " "1, " "1, " "1, " "1, " "1, " "1, " "1, " "1, " "1, " "1, " "1, " "1, " "1, " "1, " "1, " "1, " "1, " "1, " "1, " "1, " "1, " "1, " "1, " "1, " "1, " "1, " "1, " "1, " "1, " "1, " "1, " "1, " "1, " "1, " "1, " "1, " "1, " "1, " "1, " "1, " "1, " "1, " "1, " "1, " "1, " "1, " "1, " "1, " "1, " "1, " "1, " "1, " "1, " "1, " "1, " "1, " "1, " "1, " "1, " "1, " "1, " "1, " "1, " "1, " "1, " "1, " "1, " "1, " "1, " "1, " "1, " "1, " "1, " "1, " "1, " "1, " "1, " "1, " "1, " "1, " "1, " "1, " "1, " "1, " "1, " "1, " "1, " "1, " "1, " "1, " "1, " "1, " "1, " "1, " "1, " "1, " "1, " "1, " "1, " "1, " "1, " "1, " "1, " "1, " "1, " "1, " "1, " "1, " "1, " "1, " "1, " "1, " "1, " "1, " "1, " "1, " "1, " "1, " "1, " "1, " "1, " "1, " "1, " "1, " "1, " "1, " "1, " "1, " "1, " "1, " "1, " "1, " "1, " "1, " "1, " "1, " "1, " "1, " "1, " "1, " "1, " "1, " "1, " "1, " "1, " "1, " "1, " "1, " "1, " "1, " "1, " "1, " "1, " "1, " "1, " "1, " "1, " "1, " "1, " "1, " "1, " "1, " "1, " "1, " "1, " "1, " "1, " "1, " "1, " "1, " "1, " "1, " "1, " "1, " "1, " "1, " "1, " "1, " "1, " "1, " "1, " "1, " "1, " "1, " "1, " "1, " "1, " "1, " "1, " "1, " "1, " "1, " "1, " "1, " "1, " "1, " "1, " "1, " "1, " "1, " "1, " "1, " "1, " "1, " "1, " "1, " "1, " "1, " "1, " "1, " "1, " "1, " "1, " "1, " "1, " "1, " "1, " "1, " "1, " "1, " "1, " "1, " "1, " "1, " "1, " "1, " "1, " "1, " "1, " "1, " "1, " "1, " "1, " "1, " "1, " "1, " "1, " "1, " "1, " "1, " "1, " "1, " "1, " "1, " "1, " "1, " "1, " "1, " "1, " "1, " "1, " "1, " "1, " "1, " "1, " "1, " "1, " "1, " "1, " "1, " "1, " "1, " "1, " "1, " "1, " "1, " "1, " "1, " "1, " "1, " "1, " "1, " "1, " "1, " "1, " "1, " "1, " "1, " "1, " "1, " "1, " "1, " "1, " "1, " "1, " "1, " "1, " "1, " "1, " "1, " "1, " "1, " "1, " "1, " "1, " "1, " "1, " "1, " "1, " "1, " "1, " "1, " "1, " "1, " "1, " "1, " "1, " "0, " "1, " "1, " "1, " "1, " "1, " "1, " "1, " "1, " "1, " "1, " "1, " "1, " "1, " "1, " "1, " "1, " "1, " "1, " "1, "204
 "Nei494, 0.105, " "0.015, " "1, " "1, " "1, " "1, " "1, " "1, " "1, " "1, " "1, " "1, " "1, " "1, " "1, " "1, " "1, " "1, " "1, " "1, " "1, " "1, " "1, " "1, " "1, " "1, " "1, " "1, " "1, " "1, " "1, " "1, " "1, " "1, " "1, " "1, " "1, " "1, " "1, " "1, " "1, " "1, " "1, " "1, " "1, " "1, " "1, " "1, " "1, " "1, " "1, " "1, " "1, " "1, " "1, " "1, " "1, " "1, " "1, " "1, " "1, " "1, " "1, " "1, " "1, " "1, " "1, " "1, " "1, " "1, " "1, " "1, " "1, " "1, " "1, " "1, " "1, " "1, " "1, " "1, " "1, " "1, " "1, " "1, " "1, " "1, " "1, " "1, " "1, " "1, " "1, " "1, " "1, " "1, " "1, " "1, " "1, " "1, " "1, " "1, " "1, " "1, " "1, " "1, " "1, " "1, " "1, " "1, " "1, " "1, " "1, " "1, " "1, " "1, " "1, " "1, " "1, " "1, " "1, " "1, " "1, " "1, " "1, " "1, " "1, " "1, " "1, " "1, " "1, " "1, " "1, " "1, " "1, " "1, " "1, " "1, " "1, " "1, " "1, " "1, " "1, " "1, " "1, " "1, " "1, " "1, " "1, " "1, " "1, " "1, " "1, " "1, " "1, " "1, " "1, " "1, " "1, " "1, " "1, " "1, " "1, " "1, " "1, " "1, " "1, " "1, " "1, " "1, " "1, " "1, " "1, " "1, " "1, " "1, " "1, " "1, " "1, " "1, " "1, " "1, " "1, " "1, " "1, " "1, " "1, " "1, " "1, " "1, " "1, " "1, " "1, " "1, " "1, " "1, " "1, " "1, " "1, " "1, " "1, " "1, " "1, " "1, " "1, " "1, " "1, " "1, " "1, " "1, " "1, " "1, " "1, " "1, " "1, " "1, " "1, " "1, " "1, " "1, " "1, " "1, " "1, " "1, " "1, " "1, " "1, " "1, " "1, " "1, " "1, " "1, " "1, " "1, " "1, " "1, " "1, " "1, " "1, " "1, " "1, " "1, " "1, " "1, " "1, " "1, " "1, " "1, " "1, " "1, " "1, " "1, " "1, " "1, " "1, " "1, " "1, " "1, " "1, " "1, " "1, " "1, " "1, " "1, " "1, " "1, " "1, " "1, " "1, " "1, " "1, " "1, " "1, " "1, " "1, " "1, " "1, " "1, " "1, " "1, " "1, " "1, " "1, " "1, " "1, " "1, " "1, " "1, " "1, " "1, " "1, " "1, " "1, " "1, " "1, " "1, " "1, " "1, " "1, " "1, " "1, " "1, " "1, " "1, " "1, " "1, " "1, " "1, " "1, " "1, " "1, " "1, " "1, " "1, " "1, " "1, " "1, " "1, " "1, " "1, " "1, " "1, " "1, " "1, " "1, " "1, " "1, " "1, " "1, " "1, " "1, " "1, " "1, " "1, " "1, " "1, " "1, " "1, " "1, " "1, " "1, " "1, " "1, " "1, " "1, " "1, " "1, " "1, " "1, " "1, " "1, " "1, " "1, " "1, " "1, " "1, " "1, " "1, " "1, " "1, " "1, " "1, " "1, " "1, " "1, " "1, " "1, " "1, " "1, " "1, " "1, " "1, " "1, " "1, " "1, " "1, " "1, " "1, " "1, " "1, " "1, " "1, " "1, " "1, " "1, " "1, " "1, " "1, " "1, " "1, " "1, " "1, " "1, " "1, " "1, " "1, " "1, " "1, " "1, " "1, " "1, " "1, " "1, " "1, " "1, " "1, " "1, " "1, " "1, " "1, " "1, " "1, " "1, " "1, " "1, " "1, " "1, " "1, " "1, " "1, " "1, " "1, " "1, " "1, " "1, " "1, " "1, " "1, " "1, " "1, " "1, " "1, " "1, " "1, " "1, " "1, " "1, " "1, " "1, " "1, " "1, " "1, " "1, " "1, " "1, " "1, " "1, " "1, " "1, " "1, " "1, " "1, " "1, " "1, " "1, " "1, " "1, " "1, " "1, " "1, " "1, " "1, " "1, " "1, " "1, " "1, " "1, " "1, " "1, " "1, " "1, " "1, " "1, " "1, " "1, " "1, " "1, " "1, " "1, " "1, " "1, " "1, " "1, " "1, " "1, " "1, " "1, " "1, " "1, " "1, " "1, " "1, " "1, " "1, " "1, " "1, " "1, " "1, " "0, " "1, " "1, " "1, " "1, " "1, " "1, " "1, " "1, " "1, " "1, " "1, " "1, " "1, " "1, " "1, " "1, " "1, " "1, "204
 "Nei495, 0.285, " "0.015, " "1, " "1, " "1, " "1, " "1, " "1, " "1, " "1, " "1, " "1, " "1, " "1, " "1, " "1, " "1, " "1, " "1, " "1, " "1, " "1, " "1, " "1, " "1, " "1, " "1, " "1, " "1, " "1, " "1, " "1, " "1, " "1, " "1, " "1, " "1, " "1, " "1, " "1, " "1, " "1, " "1, " "1, " "1, " "1, " "1, " "1, " "1, " "1, " "1, " "1, " "1, " "1, " "1, " "1, " "1, " "1, " "1, " "1, " "1, " "1, " "1, " "1, " "1, " "1, " "1, " "1, " "1, " "1, " "1, " "1, " "1, " "1, " "1, " "1, " "1, " "1, " "1, " "1, " "1, " "1, " "1, " "1, " "1, " "1, " "1, " "1, " "1, " "1, " "1, " "1, " "1, " "1, " "1, " "1, " "1, " "1, " "1, " "1, " "1, " "1, " "1, " "1, " "1, " "1, " "1, " "1, " "1, " "1, " "1, " "1, " "1, " "1, " "1, " "1, " "1, " "1, " "1, " "1, " "1, " "1, " "1, " "1, " "1, " "1, " "1, " "1, " "1, " "1, " "1, " "1, " "1, " "1, " "1, " "1, " "1, " "1, " "1, " "1, " "1, " "1, " "1, " "1, " "1, " "1, " "1, " "1, " "1, " "1, " "1, " "1, " "1, " "1, " "1, " "1, " "1, " "1, " "1, " "1, " "1, " "1, " "1, " "1, " "1, " "1, " "1, " "1, " "1, " "1, " "1, " "1, " "1, " "1, " "1, " "1, " "1, " "1, " "1, " "1, " "1, " "1, " "1, " "1, " "1, " "1, " "1, " "1, " "1, " "1, " "1, " "1, " "1, " "1, " "1, " "1, " "1, " "1, " "1, " "1, " "1, " "1, " "1, " "1, " "1, " "1, " "1, " "1, " "1, " "1, " "1, " "1, " "1, " "1, " "1, " "1, " "1, " "1, " "1, " "1, " "1, " "1, " "1, " "1, " "1, " "1, " "1, " "1, " "1, " "1, " "1, " "1, " "1, " "1, " "1, " "1, " "1, " "1, " "1, " "1, " "1, " "1, " "1, " "1, " "1, " "1, " "1, " "1, " "1, " "1, " "1, " "1, " "1, " "1, " "1, " "1, " "1, " "1, " "1, " "1, " "1, " "1, " "1, " "1, " "1, " "1, " "1, " "1, " "1, " "1, " "1, " "1, " "1, " "1, " "1, " "1, " "1, " "1, " "1, " "1, " "1, " "1, " "1, " "1, " "1, " "1, " "1, " "1, " "1, " "1, " "1, " "1, " "1, " "1, " "1, " "1, " "1, " "1, " "1, " "1, " "1, " "1, " "1, " "1, " "1, " "1, " "1, " "1, " "1, " "1, " "1, " "1, " "1, " "1, " "1, " "1, " "1, " "1, " "1, " "1, " "1, " "1, " "1, " "1, " "1, " "1, " "1, " "1, " "1, " "1, " "1, " "1, " "1, " "1, " "1, " "1, " "1, " "1, " "1, " "1, " "1, " "1, " "1, " "1, " "1, " "1, " "1, " "1, " "1, " "1, " "1, " "1, " "1, " "1, " "1, " "1, " "1, " "1, " "1, " "1, " "1, " "1, " "1, " "1, " "1, " "1, " "1, " "1, " "1, " "1, " "1, " "1, " "1, " "1, " "1, " "1, " "1, " "1, " "1, " "1, " "1, " "1, " "1, " "1, " "1, " "1, " "1, " "1, " "1, " "1, " "1, " "1, " "1, " "1, " "1, " "1, " "1, " "1, " "1, " "1, " "1, " "1, " "1, " "1, " "1, " "1, " "1, " "1, " "1, " "1, " "1, " "1, " "1, " "1, " "1, " "1, " "1, " "1, " "1, " "1, " "1, " "1, " "1, " "1, " "1, " "1, " "1, " "1, " "1, " "1, " "1, " "1, " "1, " "1, " "1, " "1, " "1, " "1, " "1, " "1, " "1, " "1, " "1, " "1, " "1, " "1, " "1, " "1, " "1, " "1, " "1, " "1, " "1, " "1, " "1, " "1, " "1, " "1, " "1, " "1, " "1, " "1, " "1, " "1, " "1, " "1, " "1, " "1, " "1, " "1, " "1, " "1, " "1, " "1, " "1, " "1, " "1, " "1, " "1, " "1, " "1, " "1, " "1, " "1, " "1, " "1, " "1, " "1, " "1, " "1, " "1, " "1, " "1, " "1, " "1, " "1, " "1, " "0, " "1, " "1, " "1, " "1, " "1, " "1, " "1, " "1, " "1, " "1, " "1, " "1, " "1, " "1, " "1, " "1, " "1, "204
 "Nei496, 0.074, " "0.015, " "1, " "1, " "1, " "1, " "1, " "1, " "1, " "1, " "1, " "1, " "1, " "1, " "1, " "1, " "1, " "1, " "1, " "1, " "1, " "1, " "1, " "1, " "1, " "1, " "1, " "1, " "1, " "1, " "1, " "1, " "1, " "1, " "1, " "1, " "1, " "1, " "1, " "1, " "1, " "1, " "1, " "1, " "1, " "1, " "1, " "1, " "1, " "1, " "1, " "1, " "1, " "1, " "1, " "1, " "1, " "1, " "1, " "1, " "1, " "1, " "1, " "1, " "1, " "1, " "1, " "1, " "1, " "1, " "1, " "1, " "1, " "1, " "1, " "1, " "1, " "1, " "1, " "1, " "1, " "1, " "1, " "1, " "1, " "1, " "1, " "1, " "1, " "1, " "1, " "1, " "1, " "1, " "1, " "1, " "1, " "1, " "1, " "1, " "1, " "1, " "1, " "1, " "1, " "1, " "1, " "1, " "1, " "1, " "1, " "1, " "1, " "1, " "1, " "1, " "1, " "1, " "1, " "1, " "1, " "1, " "1, " "1, " "1, " "1, " "1, " "1, " "1, " "1, " "1, " "1, " "1, " "1, " "1, " "1, " "1, " "1, " "1, " "1, " "1, " "1, " "1, " "1, " "1, " "1, " "1, " "1, " "1, " "1, " "1, " "1, " "1, " "1, " "1, " "1, " "1, " "1, " "1, " "1, " "1, " "1, " "1, " "1, " "1, " "1, " "1, " "1, " "1, " "1, " "1, " "1, " "1, " "1, " "1, " "1, " "1, " "1, " "1, " "1, " "1, " "1, " "1, " "1, " "1, " "1, " "1, " "1, " "1, " "1, " "1, " "1, " "1, " "1, " "1, " "1, " "1, " "1, " "1, " "1, " "1, " "1, " "1, " "1, " "1, " "1, " "1, " "1, " "1, " "1, " "1, " "1, " "1, " "1, " "1, " "1, " "1, " "1, " "1, " "1, " "1, " "1, " "1, " "1, " "1, " "1, " "1, " "1, " "1, " "1, " "1, " "1, " "1, " "1, " "1, " "1, " "1, " "1, " "1, " "1, " "1, " "1, " "1, " "1, " "1, " "1, " "1, " "1, " "1, " "1, " "1, " "1, " "1, " "1, " "1, " "1, " "1, " "1, " "1, " "1, " "1, " "1, " "1, " "1, " "1, " "1, " "1, " "1, " "1, " "1, " "1, " "1, " "1, " "1, " "1, " "1, " "1, " "1, " "1, " "1, " "1, " "1, " "1, " "1, " "1, " "1, " "1, " "1, " "1, " "1, " "1, " "1, " "1, " "1, " "1, " "1, " "1, " "1, " "1, " "1, " "1, " "1, " "1, " "1, " "1, " "1, " "1, " "1, " "1, " "1, " "1, " "1, " "1, " "1, " "1, " "1, " "1, " "1, " "1, " "1, " "1, " "1, " "1, " "1, " "1, " "1, " "1, " "1, " "1, " "1, " "1, " "1, " "1, " "1, " "1, " "1, " "1, " "1, " "1, " "1, " "1, " "1, " "1, " "1, " "1, " "1, " "1, " "1, " "1, " "1, " "1, " "1, " "1, " "1, " "1, " "1, " "1, " "1, " "1, " "1, " "1, " "1, " "1, " "1, " "1, " "1, " "1, " "1, " "1, " "1, " "1, " "1, " "1, " "1, " "1, " "1, " "1, " "1, " "1, " "1, " "1, " "1, " "1, " "1, " "1, " "1, " "1, " "1, " "1, " "1, " "1, " "1, " "1, " "1, " "1, " "1, " "1, " "1, " "1, " "1, " "1, " "1, " "1, " "1, " "1, " "1, " "1, " "1, " "1, " "1, " "1, " "1, " "1, " "1, " "1, " "1, " "1, " "1, " "1, " "1, " "1, " "1, " "1, " "1, " "1, " "1, " "1, " "1, " "1, " "1, " "1, " "1, " "1, " "1, " "1, " "1, " "1, " "1, " "1, " "1, " "1, " "1, " "1, " "1, " "1, " "1, " "1, " "1, " "1, " "1, " "1, " "1, " "1, " "1, " "1, " "1, " "1, " "1, " "1, " "1, " "1, " "1, " "1, " "1, " "1, " "1, " "1, " "1, " "1, " "1, " "1, " "1, " "1, " "1, " "1, " "1, " "1, " "1, " "1, " "1, " "1, " "1, " "1, " "1, " "1, " "1, " "1, " "1, " "1, " "1, " "1, " "1, " "1, " "1, " "1, " "1, " "1, " "1, " "0, " "1, " "1, " "1, " "1, " "1, " "1, " "1, " "1, " "1, " "1, " "1, " "1, " "1, " "1, " "1, " "1, "204
 "Nei497, 0.005, " "0.015, " "1, " "1, " "1, " "1, " "1, " "1, " "1, " "1, " "1, " "1, " "1, " "1, " "1, " "1, " "1, " "1, " "1, " "1, " "1, " "1, " "1, " "1, " "1, " "1, " "1, " "1, " "1, " "1, " "1, " "1, " "1, " "1, " "1, " "1, " "1, " "1, " "1, " "1, " "1, " "1, " "1, " "1, " "1, " "1, " "1, " "1, " "1, " "1, " "1, " "1, " "1, " "1, " "1, " "1, " "1, " "1, " "1, " "1, " "1, " "1, " "1, " "1, " "1, " "1, " "1, " "1, " "1, " "1, " "1, " "1, " "1, " "1, " "1, " "1, " "1, " "1, " "1, " "1, " "1, " "1, " "1, " "1, " "1, " "1, " "1, " "1, " "1, " "1, " "1, " "1, " "1, " "1, " "1, " "1, " "1, " "1, " "1, " "1, " "1, " "1, " "1, " "1, " "1, " "1, " "1, " "1, " "1, " "1, " "1, " "1, " "1, " "1, " "1, " "1, " "1, " "1, " "1, " "1, " "1, " "1, " "1, " "1, " "1, " "1, " "1, " "1, " "1, " "1, " "1, " "1, " "1, " "1, " "1, " "1, " "1, " "1, " "1, " "1, " "1, " "1, " "1, " "1, " "1, " "1, " "1, " "1, " "1, " "1, " "1, " "1, " "1, " "1, " "1, " "1, " "1, " "1, " "1, " "1, " "1, " "1, " "1, " "1, " "1, " "1, " "1, " "1, " "1, " "1, " "1, " "1, " "1, " "1, " "1, " "1, " "1, " "1, " "1, " "1, " "1, " "1, " "1, " "1, " "1, " "1, " "1, " "1, " "1, " "1, " "1, " "1, " "1, " "1, " "1, " "1, " "1, " "1, " "1, " "1, " "1, " "1, " "1, " "1, " "1, " "1, " "1, " "1, " "1, " "1, " "1, " "1, " "1, " "1, " "1, " "1, " "1, " "1, " "1, " "1, " "1, " "1, " "1, " "1, " "1, " "1, " "1, " "1, " "1, " "1, " "1, " "1, " "1, " "1, " "1, " "1, " "1, " "1, " "1, " "1, " "1, " "1, " "1, " "1, " "1, " "1, " "1, " "1, " "1, " "1, " "1, " "1, " "1, " "1, " "1, " "1, " "1, " "1, " "1, " "1, " "1, " "1, " "1, " "1, " "1, " "1, " "1, " "1, " "1, " "1, " "1, " "1, " "1, " "1, " "1, " "1, " "1, " "1, " "1, " "1, " "1, " "1, " "1, " "1, " "1, " "1, " "1, " "1, " "1, " "1, " "1, " "1, " "1, " "1, " "1, " "1, " "1, " "1, " "1, " "1, " "1, " "1, " "1, " "1, " "1, " "1, " "1, " "1, " "1, " "1, " "1, " "1, " "1, " "1, " "1, " "1, " "1, " "1, " "1, " "1, " "1, " "1, " "1, " "1, " "1, " "1, " "1, " "1, " "1, " "1, " "1, " "1, " "1, " "1, " "1, " "1, " "1, " "1, " "1, " "1, " "1, " "1, " "1, " "1, " "1, " "1, " "1, " "1, " "1, " "1, " "1, " "1, " "1, " "1, " "1, " "1, " "1, " "1, " "1, " "1, " "1, " "1, " "1, " "1, " "1, " "1, " "1, " "1, " "1, " "1, " "1, " "1, " "1, " "1, " "1, " "1, " "1, " "1, " "1, " "1, " "1, " "1, " "1, " "1, " "1, " "1, " "1, " "1, " "1, " "1, " "1, " "1, " "1, " "1, " "1, " "1, " "1, " "1, " "1, " "1, " "1, " "1, " "1, " "1, " "1, " "1, " "1, " "1, " "1, " "1, " "1, " "1, " "1, " "1, " "1, " "1, " "1, " "1, " "1, " "1, " "1, " "1, " "1, " "1, " "1, " "1, " "1, " "1, " "1, " "1, " "1, " "1, " "1, " "1, " "1, " "1, " "1, " "1, " "1, " "1, " "1, " "1, " "1, " "1, " "1, " "1, " "1, " "1, " "1, " "1, " "1, " "1, " "1, " "1, " "1, " "1, " "1, " "1, " "1, " "1, " "1, " "1, " "1, " "1, " "1, " "1, " "1, " "1, " "1, " "1, " "1, " "1, " "1, " "1, " "1, " "1, " "1, " "1, " "1, " "1, " "1, " "1, " "1, " "1, " "1, " "1, " "1, " "1, " "1, " "1, " "1, " "1, " "1, " "1, " "1, " "1, " "1, " "1, " "1, " "0, " "1, " "1, " "1, " "1, " "1, " "1, " "1, " "1, " "1, " "1, " "1, " "1, " "1, " "1, " "1, "204
 "Nei498, 0.113, " "0.015, " "1, " "1, " "1, " "1, " "1, " "1, " "1, " "1, " "1, " "1, " "1, " "1, " "1, " "1, " "1, " "1, " "1, " "1, " "1, " "1, " "1, " "1, " "1, " "1, " "1, " "1, " "1, " "1, " "1, " "1, " "1, " "1, " "1, " "1, " "1, " "1, " "1, " "1, " "1, " "1, " "1, " "1, " "1, " "1, " "1, " "1, " "1, " "1, " "1, " "1, " "1, " "1, " "1, " "1, " "1, " "1, " "1, " "1, " "1, " "1, " "1, " "1, " "1, " "1, " "1, " "1, " "1, " "1, " "1, " "1, " "1, " "1, " "1, " "1, " "1, " "1, " "1, " "1, " "1, " "1, " "1, " "1, " "1, " "1, " "1, " "1, " "1, " "1, " "1, " "1, " "1, " "1, " "1, " "1, " "1, " "1, " "1, " "1, " "1, " "1, " "1, " "1, " "1, " "1, " "1, " "1, " "1, " "1, " "1, " "1, " "1, " "1, " "1, " "1, " "1, " "1, " "1, " "1, " "1, " "1, " "1, " "1, " "1, " "1, " "1, " "1, " "1, " "1, " "1, " "1, " "1, " "1, " "1, " "1, " "1, " "1, " "1, " "1, " "1, " "1, " "1, " "1, " "1, " "1, " "1, " "1, " "1, " "1, " "1, " "1, " "1, " "1, " "1, " "1, " "1, " "1, " "1, " "1, " "1, " "1, " "1, " "1, " "1, " "1, " "1, " "1, " "1, " "1, " "1, " "1, " "1, " "1, " "1, " "1, " "1, " "1, " "1, " "1, " "1, " "1, " "1, " "1, " "1, " "1, " "1, " "1, " "1, " "1, " "1, " "1, " "1, " "1, " "1, " "1, " "1, " "1, " "1, " "1, " "1, " "1, " "1, " "1, " "1, " "1, " "1, " "1, " "1, " "1, " "1, " "1, " "1, " "1, " "1, " "1, " "1, " "1, " "1, " "1, " "1, " "1, " "1, " "1, " "1, " "1, " "1, " "1, " "1, " "1, " "1, " "1, " "1, " "1, " "1, " "1, " "1, " "1, " "1, " "1, " "1, " "1, " "1, " "1, " "1, " "1, " "1, " "1, " "1, " "1, " "1, " "1, " "1, " "1, " "1, " "1, " "1, " "1, " "1, " "1, " "1, " "1, " "1, " "1, " "1, " "1, " "1, " "1, " "1, " "1, " "1, " "1, " "1, " "1, " "1, " "1, " "1, " "1, " "1, " "1, " "1, " "1, " "1, " "1, " "1, " "1, " "1, " "1, " "1, " "1, " "1, " "1, " "1, " "1, " "1, " "1, " "1, " "1, " "1, " "1, " "1, " "1, " "1, " "1, " "1, " "1, " "1, " "1, " "1, " "1, " "1, " "1, " "1, " "1, " "1, " "1, " "1, " "1, " "1, " "1, " "1, " "1, " "1, " "1, " "1, " "1, " "1, " "1, " "1, " "1, " "1, " "1, " "1, " "1, " "1, " "1, " "1, " "1, " "1, " "1, " "1, " "1, " "1, " "1, " "1, " "1, " "1, " "1, " "1, " "1, " "1, " "1, " "1, " "1, " "1, " "1, " "1, " "1, " "1, " "1, " "1, " "1, " "1, " "1, " "1, " "1, " "1, " "1, " "1, " "1, " "1, " "1, " "1, " "1, " "1, " "1, " "1, " "1, " "1, " "1, " "1, " "1, " "1, " "1, " "1, " "1, " "1, " "1, " "1, " "1, " "1, " "1, " "1, " "1, " "1, " "1, " "1, " "1, " "1, " "1, " "1, " "1, " "1, " "1, " "1, " "1, " "1, " "1, " "1, " "1, " "1, " "1, " "1, " "1, " "1, " "1, " "1, " "1, " "1, " "1, " "1, " "1, " "1, " "1, " "1, " "1, " "1, " "1, " "1, " "1, " "1, " "1, " "1, " "1, " "1, " "1, " "1, " "1, " "1, " "1, " "1, " "1, " "1, " "1, " "1, " "1, " "1, " "1, " "1, " "1, " "1, " "1, " "1, " "1, " "1, " "1, " "1, " "1, " "1, " "1, " "1, " "1, " "1, " "1, " "1, " "1, " "1, " "1, " "1, " "1, " "1, " "1, " "1, " "1, " "1, " "1, " "1, " "1, " "1, " "1, " "1, " "1, " "1, " "1, " "1, " "1, " "1, " "1, " "1, " "1, " "1, " "1, " "1, " "1, " "1, " "1, " "1, " "1, " "1, " "1, " "0, " "1, " "1, " "1, " "1, " "1, " "1, " "1, " "1, " "1, " "1, " "1, " "1, " "1, " "1, "204
 "Nei499, 0.288, " "0.015, " "1, " "1, " "1, " "1, " "1, " "1, " "1, " "1, " "1, " "1, " "1, " "1, " "1, " "1, " "1, " "1, " "1, " "1, " "1, " "1, " "1, " "1, " "1, " "1, " "1, " "1, " "1, " "1, " "1, " "1, " "1, " "1, " "1, " "1, " "1, " "1, " "1, " "1, " "1, " "1, " "1, " "1, " "1, " "1, " "1, " "1, " "1, " "1, " "1, " "1, " "1, " "1, " "1, " "1, " "1, " "1, " "1, " "1, " "1, " "1, " "1, " "1, " "1, " "1, " "1, " "1, " "1, " "1, " "1, " "1, " "1, " "1, " "1, " "1, " "1, " "1, " "1, " "1, " "1, " "1, " "1, " "1, " "1, " "1, " "1, " "1, " "1, " "1, " "1, " "1, " "1, " "1, " "1, " "1, " "1, " "1, " "1, " "1, " "1, " "1, " "1, " "1, " "1, " "1, " "1, " "1, " "1, " "1, " "1, " "1, " "1, " "1, " "1, " "1, " "1, " "1, " "1, " "1, " "1, " "1, " "1, " "1, " "1, " "1, " "1, " "1, " "1, " "1, " "1, " "1, " "1, " "1, " "1, " "1, " "1, " "1, " "1, " "1, " "1, " "1, " "1, " "1, " "1, " "1, " "1, " "1, " "1, " "1, " "1, " "1, " "1, " "1, " "1, " "1, " "1, " "1, " "1, " "1, " "1, " "1, " "1, " "1, " "1, " "1, " "1, " "1, " "1, " "1, " "1, " "1, " "1, " "1, " "1, " "1, " "1, " "1, " "1, " "1, " "1, " "1, " "1, " "1, " "1, " "1, " "1, " "1, " "1, " "1, " "1, " "1, " "1, " "1, " "1, " "1, " "1, " "1, " "1, " "1, " "1, " "1, " "1, " "1, " "1, " "1, " "1, " "1, " "1, " "1, " "1, " "1, " "1, " "1, " "1, " "1, " "1, " "1, " "1, " "1, " "1, " "1, " "1, " "1, " "1, " "1, " "1, " "1, " "1, " "1, " "1, " "1, " "1, " "1, " "1, " "1, " "1, " "1, " "1, " "1, " "1, " "1, " "1, " "1, " "1, " "1, " "1, " "1, " "1, " "1, " "1, " "1, " "1, " "1, " "1, " "1, " "1, " "1, " "1, " "1, " "1, " "1, " "1, " "1, " "1, " "1, " "1, " "1, " "1, " "1, " "1, " "1, " "1, " "1, " "1, " "1, " "1, " "1, " "1, " "1, " "1, " "1, " "1, " "1, " "1, " "1, " "1, " "1, " "1, " "1, " "1, " "1, " "1, " "1, " "1, " "1, " "1, " "1, " "1, " "1, " "1, " "1, " "1, " "1, " "1, " "1, " "1, " "1, " "1, " "1, " "1, " "1, " "1, " "1, " "1, " "1, " "1, " "1, " "1, " "1, " "1, " "1, " "1, " "1, " "1, " "1, " "1, " "1, " "1, " "1, " "1, " "1, " "1, " "1, " "1, " "1, " "1, " "1, " "1, " "1, " "1, " "1, " "1, " "1, " "1, " "1, " "1, " "1, " "1, " "1, " "1, " "1, " "1, " "1, " "1, " "1, " "1, " "1, " "1, " "1, " "1, " "1, " "1, " "1, " "1, " "1, " "1, " "1, " "1, " "1, " "1, " "1, " "1, " "1, " "1, " "1, " "1, " "1, " "1, " "1, " "1, " "1, " "1, " "1, " "1, " "1, " "1, " "1, " "1, " "1, " "1, " "1, " "1, " "1, " "1, " "1, " "1, " "1, " "1, " "1, " "1, " "1, " "1, " "1, " "1, " "1, " "1, " "1, " "1, " "1, " "1, " "1, " "1, " "1, " "1, " "1, " "1, " "1, " "1, " "1, " "1, " "1, " "1, " "1, " "1, " "1, " "1, " "1, " "1, " "1, " "1, " "1, " "1, " "1, " "1, " "1, " "1, " "1, " "1, " "1, " "1, " "1, " "1, " "1, " "1, " "1, " "1, " "1, " "1, " "1, " "1, " "1, " "1, " "1, " "1, " "1, " "1, " "1, " "1, " "1, " "1, " "1, " "1, " "1, " "1, " "1, " "1, " "1, " "1, " "1, " "1, " "1, " "1, " "1, " "1, " "1, " "1, " "1, " "1, " "1, " "1, " "1, " "1, " "1, " "1, " "1, " "1, " "1, " "1, " "1, " "1, " "1, " "1, " "1, " "1, " "1, " "1, " "1, " "1, " "1, " "1, " "0, " "1, " "1, " "1, " "1, " "1, " "1, " "1, " "1, " "1, " "1, " "1, " "1, " "1, "204
 "Nei500, 0.326, " "0.015, " "1, " "1, " "1, " "1, " "1, " "1, " "1, " "1, " "1, " "1, " "1, " "1, " "1, " "1, " "1, " "1, " "1, " "1, " "1, " "1, " "1, " "1, " "1, " "1, " "1, " "1, " "1, " "1, " "1, " "1, " "1, " "1, " "1, " "1, " "1, " "1, " "1, " "1, " "1, " "1, " "1, " "1, " "1, " "1, " "1, " "1, " "1, " "1, " "1, " "1, " "1, " "1, " "1, " "1, " "1, " "1, " "1, " "1, " "1, " "1, " "1, " "1, " "1, " "1, " "1, " "1, " "1, " "1, " "1, " "1, " "1, " "1, " "1, " "1, " "1, " "1, " "1, " "1, " "1, " "1, " "1, " "1, " "1, " "1, " "1, " "1, " "1, " "1, " "1, " "1, " "1, " "1, " "1, " "1, " "1, " "1, " "1, " "1, " "1, " "1, " "1, " "1, " "1, " "1, " "1, " "1, " "1, " "1, " "1, " "1, " "1, " "1, " "1, " "1, " "1, " "1, " "1, " "1, " "1, " "1, " "1, " "1, " "1, " "1, " "1, " "1, " "1, " "1, " "1, " "1, " "1, " "1, " "1, " "1, " "1, " "1, " "1, " "1, " "1, " "1, " "1, " "1, " "1, " "1, " "1, " "1, " "1, " "1, " "1, " "1, " "1, " "1, " "1, " "1, " "1, " "1, " "1, " "1, " "1, " "1, " "1, " "1, " "1, " "1, " "1, " "1, " "1, " "1, " "1, " "1, " "1, " "1, " "1, " "1, " "1, " "1, " "1, " "1, " "1, " "1, " "1, " "1, " "1, " "1, " "1, " "1, " "1, " "1, " "1, " "1, " "1, " "1, " "1, " "1, " "1, " "1, " "1, " "1, " "1, " "1, " "1, " "1, " "1, " "1, " "1, " "1, " "1, " "1, " "1, " "1, " "1, " "1, " "1, " "1, " "1, " "1, " "1, " "1, " "1, " "1, " "1, " "1, " "1, " "1, " "1, " "1, " "1, " "1, " "1, " "1, " "1, " "1, " "1, " "1, " "1, " "1, " "1, " "1, " "1, " "1, " "1, " "1, " "1, " "1, " "1, " "1, " "1, " "1, " "1, " "1, " "1, " "1, " "1, " "1, " "1, " "1, " "1, " "1, " "1, " "1, " "1, " "1, " "1, " "1, " "1, " "1, " "1, " "1, " "1, " "1, " "1, " "1, " "1, " "1, " "1, " "1, " "1, " "1, " "1, " "1, " "1, " "1, " "1, " "1, " "1, " "1, " "1, " "1, " "1, " "1, " "1, " "1, " "1, " "1, " "1, " "1, " "1, " "1, " "1, " "1, " "1, " "1, " "1, " "1, " "1, " "1, " "1, " "1, " "1, " "1, " "1, " "1, " "1, " "1, " "1, " "1, " "1, " "1, " "1, " "1, " "1, " "1, " "1, " "1, " "1, " "1, " "1, " "1, " "1, " "1, " "1, " "1, " "1, " "1, " "1, " "1, " "1, " "1, " "1, " "1, " "1, " "1, " "1, " "1, " "1, " "1, " "1, " "1, " "1, " "1, " "1, " "1, " "1, " "1, " "1, " "1, " "1, " "1, " "1, " "1, " "1, " "1, " "1, " "1, " "1, " "1, " "1, " "1, " "1, " "1, " "1, " "1, " "1, " "1, " "1, " "1, " "1, " "1, " "1, " "1, " "1, " "1, " "1, " "1, " "1, " "1, " "1, " "1, " "1, " "1, " "1, " "1, " "1, " "1, " "1, " "1, " "1, " "1, " "1, " "1, " "1, " "1, " "1, " "1, " "1, " "1, " "1, " "1, " "1, " "1, " "1, " "1, " "1, " "1, " "1, " "1, " "1, " "1, " "1, " "1, " "1, " "1, " "1, " "1, " "1, " "1, " "1, " "1, " "1, " "1, " "1, " "1, " "1, " "1, " "1, " "1, " "1, " "1, " "1, " "1, " "1, " "1, " "1, " "1, " "1, " "1, " "1, " "1, " "1, " "1, " "1, " "1, " "1, " "1, " "1, " "1, " "1, " "1, " "1, " "1, " "1, " "1, " "1, " "1, " "1, " "1, " "1, " "1, " "1, " "1, " "1, " "1, " "1, " "1, " "1, " "1, " "1, " "1, " "1, " "1, " "1, " "1, " "1, " "1, " "1, " "1, " "1, " "1, " "1, " "1, " "1, " "1, " "1, " "1, " "1, " "1, " "1, " "1, " "1, " "1, " "0, " "1, " "1, " "1, " "1, " "1, " "1, " "1, " "1, " "1, " "1, " "1, " "1, "204
 "Nei501, 0.128, " "0.015, " "1, " "1, " "1, " "1, " "1, " "1, " "1, " "1, " "1, " "1, " "1, " "1, " "1, " "1, " "1, " "1, " "1, " "1, " "1, " "1, " "1, " "1, " "1, " "1, " "1, " "1, " "1, " "1, " "1, " "1, " "1, " "1, " "1, " "1, " "1, " "1, " "1, " "1, " "1, " "1, " "1, " "1, " "1, " "1, " "1, " "1, " "1, " "1, " "1, " "1, " "1, " "1, " "1, " "1, " "1, " "1, " "1, " "1, " "1, " "1, " "1, " "1, " "1, " "1, " "1, " "1, " "1, " "1, " "1, " "1, " "1, " "1, " "1, " "1, " "1, " "1, " "1, " "1, " "1, " "1, " "1, " "1, " "1, " "1, " "1, " "1, " "1, " "1, " "1, " "1, " "1, " "1, " "1, " "1, " "1, " "1, " "1, " "1, " "1, " "1, " "1, " "1, " "1, " "1, " "1, " "1, " "1, " "1, " "1, " "1, " "1, " "1, " "1, " "1, " "1, " "1, " "1, " "1, " "1, " "1, " "1, " "1, " "1, " "1, " "1, " "1, " "1, " "1, " "1, " "1, " "1, " "1, " "1, " "1, " "1, " "1, " "1, " "1, " "1, " "1, " "1, " "1, " "1, " "1, " "1, " "1, " "1, " "1, " "1, " "1, " "1, " "1, " "1, " "1, " "1, " "1, " "1, " "1, " "1, " "1, " "1, " "1, " "1, " "1, " "1, " "1, " "1, " "1, " "1, " "1, " "1, " "1, " "1, " "1, " "1, " "1, " "1, " "1, " "1, " "1, " "1, " "1, " "1, " "1, " "1, " "1, " "1, " "1, " "1, " "1, " "1, " "1, " "1, " "1, " "1, " "1, " "1, " "1, " "1, " "1, " "1, " "1, " "1, " "1, " "1, " "1, " "1, " "1, " "1, " "1, " "1, " "1, " "1, " "1, " "1, " "1, " "1, " "1, " "1, " "1, " "1, " "1, " "1, " "1, " "1, " "1, " "1, " "1, " "1, " "1, " "1, " "1, " "1, " "1, " "1, " "1, " "1, " "1, " "1, " "1, " "1, " "1, " "1, " "1, " "1, " "1, " "1, " "1, " "1, " "1, " "1, " "1, " "1, " "1, " "1, " "1, " "1, " "1, " "1, " "1, " "1, " "1, " "1, " "1, " "1, " "1, " "1, " "1, " "1, " "1, " "1, " "1, " "1, " "1, " "1, " "1, " "1, " "1, " "1, " "1, " "1, " "1, " "1, " "1, " "1, " "1, " "1, " "1, " "1, " "1, " "1, " "1, " "1, " "1, " "1, " "1, " "1, " "1, " "1, " "1, " "1, " "1, " "1, " "1, " "1, " "1, " "1, " "1, " "1, " "1, " "1, " "1, " "1, " "1, " "1, " "1, " "1, " "1, " "1, " "1, " "1, " "1, " "1, " "1, " "1, " "1, " "1, " "1, " "1, " "1, " "1, " "1, " "1, " "1, " "1, " "1, " "1, " "1, " "1, " "1, " "1, " "1, " "1, " "1, " "1, " "1, " "1, " "1, " "1, " "1, " "1, " "1, " "1, " "1, " "1, " "1, " "1, " "1, " "1, " "1, " "1, " "1, " "1, " "1, " "1, " "1, " "1, " "1, " "1, " "1, " "1, " "1, " "1, " "1, " "1, " "1, " "1, " "1, " "1, " "1, " "1, " "1, " "1, " "1, " "1, " "1, " "1, " "1, " "1, " "1, " "1, " "1, " "1, " "1, " "1, " "1, " "1, " "1, " "1, " "1, " "1, " "1, " "1, " "1, " "1, " "1, " "1, " "1, " "1, " "1, " "1, " "1, " "1, " "1, " "1, " "1, " "1, " "1, " "1, " "1, " "1, " "1, " "1, " "1, " "1, " "1, " "1, " "1, " "1, " "1, " "1, " "1, " "1, " "1, " "1, " "1, " "1, " "1, " "1, " "1, " "1, " "1, " "1, " "1, " "1, " "1, " "1, " "1, " "1, " "1, " "1, " "1, " "1, " "1, " "1, " "1, " "1, " "1, " "1, " "1, " "1, " "1, " "1, " "1, " "1, " "1, " "1, " "1, " "1, " "1, " "1, " "1, " "1, " "1, " "1, " "1, " "1, " "1, " "1, " "1, " "1, " "1, " "1, " "1, " "1, " "1, " "1, " "1, " "1, " "1, " "1, " "1, " "1, " "1, " "1, " "1, " "1, " "1, " "1, " "1, " "1, " "0, " "1, " "1, " "1, " "1, " "1, " "1, " "1, " "1, " "1, " "1, " "1, "204
 "Nei502, 0.231, " "0.015, " "1, " "1, " "1, " "1, " "1, " "1, " "1, " "1, " "1, " "1, " "1, " "1, " "1, " "1, " "1, " "1, " "1, " "1, " "1, " "1, " "1, " "1, " "1, " "1, " "1, " "1, " "1, " "1, " "1, " "1, " "1, " "1, " "1, " "1, " "1, " "1, " "1, " "1, " "1, " "1, " "1, " "1, " "1, " "1, " "1, " "1, " "1, " "1, " "1, " "1, " "1, " "1, " "1, " "1, " "1, " "1, " "1, " "1, " "1, " "1, " "1, " "1, " "1, " "1, " "1, " "1, " "1, " "1, " "1, " "1, " "1, " "1, " "1, " "1, " "1, " "1, " "1, " "1, " "1, " "1, " "1, " "1, " "1, " "1, " "1, " "1, " "1, " "1, " "1, " "1, " "1, " "1, " "1, " "1, " "1, " "1, " "1, " "1, " "1, " "1, " "1, " "1, " "1, " "1, " "1, " "1, " "1, " "1, " "1, " "1, " "1, " "1, " "1, " "1, " "1, " "1, " "1, " "1, " "1, " "1, " "1, " "1, " "1, " "1, " "1, " "1, " "1, " "1, " "1, " "1, " "1, " "1, " "1, " "1, " "1, " "1, " "1, " "1, " "1, " "1, " "1, " "1, " "1, " "1, " "1, " "1, " "1, " "1, " "1, " "1, " "1, " "1, " "1, " "1, " "1, " "1, " "1, " "1, " "1, " "1, " "1, " "1, " "1, " "1, " "1, " "1, " "1, " "1, " "1, " "1, " "1, " "1, " "1, " "1, " "1, " "1, " "1, " "1, " "1, " "1, " "1, " "1, " "1, " "1, " "1, " "1, " "1, " "1, " "1, " "1, " "1, " "1, " "1, " "1, " "1, " "1, " "1, " "1, " "1, " "1, " "1, " "1, " "1, " "1, " "1, " "1, " "1, " "1, " "1, " "1, " "1, " "1, " "1, " "1, " "1, " "1, " "1, " "1, " "1, " "1, " "1, " "1, " "1, " "1, " "1, " "1, " "1, " "1, " "1, " "1, " "1, " "1, " "1, " "1, " "1, " "1, " "1, " "1, " "1, " "1, " "1, " "1, " "1, " "1, " "1, " "1, " "1, " "1, " "1, " "1, " "1, " "1, " "1, " "1, " "1, " "1, " "1, " "1, " "1, " "1, " "1, " "1, " "1, " "1, " "1, " "1, " "1, " "1, " "1, " "1, " "1, " "1, " "1, " "1, " "1, " "1, " "1, " "1, " "1, " "1, " "1, " "1, " "1, " "1, " "1, " "1, " "1, " "1, " "1, " "1, " "1, " "1, " "1, " "1, " "1, " "1, " "1, " "1, " "1, " "1, " "1, " "1, " "1, " "1, " "1, " "1, " "1, " "1, " "1, " "1, " "1, " "1, " "1, " "1, " "1, " "1, " "1, " "1, " "1, " "1, " "1, " "1, " "1, " "1, " "1, " "1, " "1, " "1, " "1, " "1, " "1, " "1, " "1, " "1, " "1, " "1, " "1, " "1, " "1, " "1, " "1, " "1, " "1, " "1, " "1, " "1, " "1, " "1, " "1, " "1, " "1, " "1, " "1, " "1, " "1, " "1, " "1, " "1, " "1, " "1, " "1, " "1, " "1, " "1, " "1, " "1, " "1, " "1, " "1, " "1, " "1, " "1, " "1, " "1, " "1, " "1, " "1, " "1, " "1, " "1, " "1, " "1, " "1, " "1, " "1, " "1, " "1, " "1, " "1, " "1, " "1, " "1, " "1, " "1, " "1, " "1, " "1, " "1, " "1, " "1, " "1, " "1, " "1, " "1, " "1, " "1, " "1, " "1, " "1, " "1, " "1, " "1, " "1, " "1, " "1, " "1, " "1, " "1, " "1, " "1, " "1, " "1, " "1, " "1, " "1, " "1, " "1, " "1, " "1, " "1, " "1, " "1, " "1, " "1, " "1, " "1, " "1, " "1, " "1, " "1, " "1, " "1, " "1, " "1, " "1, " "1, " "1, " "1, " "1, " "1, " "1, " "1, " "1, " "1, " "1, " "1, " "1, " "1, " "1, " "1, " "1, " "1, " "1, " "1, " "1, " "1, " "1, " "1, " "1, " "1, " "1, " "1, " "1, " "1, " "1, " "1, " "1, " "1, " "1, " "1, " "1, " "1, " "1, " "1, " "1, " "1, " "1, " "1, " "1, " "1, " "1, " "1, " "1, " "1, " "1, " "1, " "1, " "1, " "1, " "1, " "1, " "1, " "0, " "1, " "1, " "1, " "1, " "1, " "1, " "1, " "1, " "1, " "1, "204
 "Nei503, 0.349, " "0.015, " "1, " "1, " "1, " "1, " "1, " "1, " "1, " "1, " "1, " "1, " "1, " "1, " "1, " "1, " "1, " "1, " "1, " "1, " "1, " "1, " "1, " "1, " "1, " "1, " "1, " "1, " "1, " "1, " "1, " "1, " "1, " "1, " "1, " "1, " "1, " "1, " "1, " "1, " "1, " "1, " "1, " "1, " "1, " "1, " "1, " "1, " "1, " "1, " "1, " "1, " "1, " "1, " "1, " "1, " "1, " "1, " "1, " "1, " "1, " "1, " "1, " "1, " "1, " "1, " "1, " "1, " "1, " "1, " "1, " "1, " "1, " "1, " "1, " "1, " "1, " "1, " "1, " "1, " "1, " "1, " "1, " "1, " "1, " "1, " "1, " "1, " "1, " "1, " "1, " "1, " "1, " "1, " "1, " "1, " "1, " "1, " "1, " "1, " "1, " "1, " "1, " "1, " "1, " "1, " "1, " "1, " "1, " "1, " "1, " "1, " "1, " "1, " "1, " "1, " "1, " "1, " "1, " "1, " "1, " "1, " "1, " "1, " "1, " "1, " "1, " "1, " "1, " "1, " "1, " "1, " "1, " "1, " "1, " "1, " "1, " "1, " "1, " "1, " "1, " "1, " "1, " "1, " "1, " "1, " "1, " "1, " "1, " "1, " "1, " "1, " "1, " "1, " "1, " "1, " "1, " "1, " "1, " "1, " "1, " "1, " "1, " "1, " "1, " "1, " "1, " "1, " "1, " "1, " "1, " "1, " "1, " "1, " "1, " "1, " "1, " "1, " "1, " "1, " "1, " "1, " "1, " "1, " "1, " "1, " "1, " "1, " "1, " "1, " "1, " "1, " "1, " "1, " "1, " "1, " "1, " "1, " "1, " "1, " "1, " "1, " "1, " "1, " "1, " "1, " "1, " "1, " "1, " "1, " "1, " "1, " "1, " "1, " "1, " "1, " "1, " "1, " "1, " "1, " "1, " "1, " "1, " "1, " "1, " "1, " "1, " "1, " "1, " "1, " "1, " "1, " "1, " "1, " "1, " "1, " "1, " "1, " "1, " "1, " "1, " "1, " "1, " "1, " "1, " "1, " "1, " "1, " "1, " "1, " "1, " "1, " "1, " "1, " "1, " "1, " "1, " "1, " "1, " "1, " "1, " "1, " "1, " "1, " "1, " "1, " "1, " "1, " "1, " "1, " "1, " "1, " "1, " "1, " "1, " "1, " "1, " "1, " "1, " "1, " "1, " "1, " "1, " "1, " "1, " "1, " "1, " "1, " "1, " "1, " "1, " "1, " "1, " "1, " "1, " "1, " "1, " "1, " "1, " "1, " "1, " "1, " "1, " "1, " "1, " "1, " "1, " "1, " "1, " "1, " "1, " "1, " "1, " "1, " "1, " "1, " "1, " "1, " "1, " "1, " "1, " "1, " "1, " "1, " "1, " "1, " "1, " "1, " "1, " "1, " "1, " "1, " "1, " "1, " "1, " "1, " "1, " "1, " "1, " "1, " "1, " "1, " "1, " "1, " "1, " "1, " "1, " "1, " "1, " "1, " "1, " "1, " "1, " "1, " "1, " "1, " "1, " "1, " "1, " "1, " "1, " "1, " "1, " "1, " "1, " "1, " "1, " "1, " "1, " "1, " "1, " "1, " "1, " "1, " "1, " "1, " "1, " "1, " "1, " "1, " "1, " "1, " "1, " "1, " "1, " "1, " "1, " "1, " "1, " "1, " "1, " "1, " "1, " "1, " "1, " "1, " "1, " "1, " "1, " "1, " "1, " "1, " "1, " "1, " "1, " "1, " "1, " "1, " "1, " "1, " "1, " "1, " "1, " "1, " "1, " "1, " "1, " "1, " "1, " "1, " "1, " "1, " "1, " "1, " "1, " "1, " "1, " "1, " "1, " "1, " "1, " "1, " "1, " "1, " "1, " "1, " "1, " "1, " "1, " "1, " "1, " "1, " "1, " "1, " "1, " "1, " "1, " "1, " "1, " "1, " "1, " "1, " "1, " "1, " "1, " "1, " "1, " "1, " "1, " "1, " "1, " "1, " "1, " "1, " "1, " "1, " "1, " "1, " "1, " "1, " "1, " "1, " "1, " "1, " "1, " "1, " "1, " "1, " "1, " "1, " "1, " "1, " "1, " "1, " "1, " "1, " "1, " "1, " "1, " "1, " "1, " "1, " "1, " "1, " "1, " "1, " "1, " "1, " "1, " "1, " "1, " "1, " "1, " "1, " "1, " "0, " "1, " "1, " "1, " "1, " "1, " "1, " "1, " "1, " "1, "204
 "Nei504, 0.289, " "0.015, " "1, " "1, " "1, " "1, " "1, " "1, " "1, " "1, " "1, " "1, " "1, " "1, " "1, " "1, " "1, " "1, " "1, " "1, " "1, " "1, " "1, " "1, " "1, " "1, " "1, " "1, " "1, " "1, " "1, " "1, " "1, " "1, " "1, " "1, " "1, " "1, " "1, " "1, " "1, " "1, " "1, " "1, " "1, " "1, " "1, " "1, " "1, " "1, " "1, " "1, " "1, " "1, " "1, " "1, " "1, " "1, " "1, " "1, " "1, " "1, " "1, " "1, " "1, " "1, " "1, " "1, " "1, " "1, " "1, " "1, " "1, " "1, " "1, " "1, " "1, " "1, " "1, " "1, " "1, " "1, " "1, " "1, " "1, " "1, " "1, " "1, " "1, " "1, " "1, " "1, " "1, " "1, " "1, " "1, " "1, " "1, " "1, " "1, " "1, " "1, " "1, " "1, " "1, " "1, " "1, " "1, " "1, " "1, " "1, " "1, " "1, " "1, " "1, " "1, " "1, " "1, " "1, " "1, " "1, " "1, " "1, " "1, " "1, " "1, " "1, " "1, " "1, " "1, " "1, " "1, " "1, " "1, " "1, " "1, " "1, " "1, " "1, " "1, " "1, " "1, " "1, " "1, " "1, " "1, " "1, " "1, " "1, " "1, " "1, " "1, " "1, " "1, " "1, " "1, " "1, " "1, " "1, " "1, " "1, " "1, " "1, " "1, " "1, " "1, " "1, " "1, " "1, " "1, " "1, " "1, " "1, " "1, " "1, " "1, " "1, " "1, " "1, " "1, " "1, " "1, " "1, " "1, " "1, " "1, " "1, " "1, " "1, " "1, " "1, " "1, " "1, " "1, " "1, " "1, " "1, " "1, " "1, " "1, " "1, " "1, " "1, " "1, " "1, " "1, " "1, " "1, " "1, " "1, " "1, " "1, " "1, " "1, " "1, " "1, " "1, " "1, " "1, " "1, " "1, " "1, " "1, " "1, " "1, " "1, " "1, " "1, " "1, " "1, " "1, " "1, " "1, " "1, " "1, " "1, " "1, " "1, " "1, " "1, " "1, " "1, " "1, " "1, " "1, " "1, " "1, " "1, " "1, " "1, " "1, " "1, " "1, " "1, " "1, " "1, " "1, " "1, " "1, " "1, " "1, " "1, " "1, " "1, " "1, " "1, " "1, " "1, " "1, " "1, " "1, " "1, " "1, " "1, " "1, " "1, " "1, " "1, " "1, " "1, " "1, " "1, " "1, " "1, " "1, " "1, " "1, " "1, " "1, " "1, " "1, " "1, " "1, " "1, " "1, " "1, " "1, " "1, " "1, " "1, " "1, " "1, " "1, " "1, " "1, " "1, " "1, " "1, " "1, " "1, " "1, " "1, " "1, " "1, " "1, " "1, " "1, " "1, " "1, " "1, " "1, " "1, " "1, " "1, " "1, " "1, " "1, " "1, " "1, " "1, " "1, " "1, " "1, " "1, " "1, " "1, " "1, " "1, " "1, " "1, " "1, " "1, " "1, " "1, " "1, " "1, " "1, " "1, " "1, " "1, " "1, " "1, " "1, " "1, " "1, " "1, " "1, " "1, " "1, " "1, " "1, " "1, " "1, " "1, " "1, " "1, " "1, " "1, " "1, " "1, " "1, " "1, " "1, " "1, " "1, " "1, " "1, " "1, " "1, " "1, " "1, " "1, " "1, " "1, " "1, " "1, " "1, " "1, " "1, " "1, " "1, " "1, " "1, " "1, " "1, " "1, " "1, " "1, " "1, " "1, " "1, " "1, " "1, " "1, " "1, " "1, " "1, " "1, " "1, " "1, " "1, " "1, " "1, " "1, " "1, " "1, " "1, " "1, " "1, " "1, " "1, " "1, " "1, " "1, " "1, " "1, " "1, " "1, " "1, " "1, " "1, " "1, " "1, " "1, " "1, " "1, " "1, " "1, " "1, " "1, " "1, " "1, " "1, " "1, " "1, " "1, " "1, " "1, " "1, " "1, " "1, " "1, " "1, " "1, " "1, " "1, " "1, " "1, " "1, " "1, " "1, " "1, " "1, " "1, " "1, " "1, " "1, " "1, " "1, " "1, " "1, " "1, " "1, " "1, " "1, " "1, " "1, " "1, " "1, " "1, " "1, " "1, " "1, " "1, " "1, " "1, " "1, " "1, " "1, " "1, " "1, " "1, " "1, " "1, " "1, " "1, " "1, " "1, " "1, " "1, " "1, " "1, " "1, " "1, " "1, " "1, " "0, " "1, " "1, " "1, " "1, " "1, " "1, " "1, " "1, "204
 "Nei505, 0.206, " "0.015, " "1, " "1, " "1, " "1, " "1, " "1, " "1, " "1, " "1, " "1, " "1, " "1, " "1, " "1, " "1, " "1, " "1, " "1, " "1, " "1, " "1, " "1, " "1, " "1, " "1, " "1, " "1, " "1, " "1, " "1, " "1, " "1, " "1, " "1, " "1, " "1, " "1, " "1, " "1, " "1, " "1, " "1, " "1, " "1, " "1, " "1, " "1, " "1, " "1, " "1, " "1, " "1, " "1, " "1, " "1, " "1, " "1, " "1, " "1, " "1, " "1, " "1, " "1, " "1, " "1, " "1, " "1, " "1, " "1, " "1, " "1, " "1, " "1, " "1, " "1, " "1, " "1, " "1, " "1, " "1, " "1, " "1, " "1, " "1, " "1, " "1, " "1, " "1, " "1, " "1, " "1, " "1, " "1, " "1, " "1, " "1, " "1, " "1, " "1, " "1, " "1, " "1, " "1, " "1, " "1, " "1, " "1, " "1, " "1, " "1, " "1, " "1, " "1, " "1, " "1, " "1, " "1, " "1, " "1, " "1, " "1, " "1, " "1, " "1, " "1, " "1, " "1, " "1, " "1, " "1, " "1, " "1, " "1, " "1, " "1, " "1, " "1, " "1, " "1, " "1, " "1, " "1, " "1, " "1, " "1, " "1, " "1, " "1, " "1, " "1, " "1, " "1, " "1, " "1, " "1, " "1, " "1, " "1, " "1, " "1, " "1, " "1, " "1, " "1, " "1, " "1, " "1, " "1, " "1, " "1, " "1, " "1, " "1, " "1, " "1, " "1, " "1, " "1, " "1, " "1, " "1, " "1, " "1, " "1, " "1, " "1, " "1, " "1, " "1, " "1, " "1, " "1, " "1, " "1, " "1, " "1, " "1, " "1, " "1, " "1, " "1, " "1, " "1, " "1, " "1, " "1, " "1, " "1, " "1, " "1, " "1, " "1, " "1, " "1, " "1, " "1, " "1, " "1, " "1, " "1, " "1, " "1, " "1, " "1, " "1, " "1, " "1, " "1, " "1, " "1, " "1, " "1, " "1, " "1, " "1, " "1, " "1, " "1, " "1, " "1, " "1, " "1, " "1, " "1, " "1, " "1, " "1, " "1, " "1, " "1, " "1, " "1, " "1, " "1, " "1, " "1, " "1, " "1, " "1, " "1, " "1, " "1, " "1, " "1, " "1, " "1, " "1, " "1, " "1, " "1, " "1, " "1, " "1, " "1, " "1, " "1, " "1, " "1, " "1, " "1, " "1, " "1, " "1, " "1, " "1, " "1, " "1, " "1, " "1, " "1, " "1, " "1, " "1, " "1, " "1, " "1, " "1, " "1, " "1, " "1, " "1, " "1, " "1, " "1, " "1, " "1, " "1, " "1, " "1, " "1, " "1, " "1, " "1, " "1, " "1, " "1, " "1, " "1, " "1, " "1, " "1, " "1, " "1, " "1, " "1, " "1, " "1, " "1, " "1, " "1, " "1, " "1, " "1, " "1, " "1, " "1, " "1, " "1, " "1, " "1, " "1, " "1, " "1, " "1, " "1, " "1, " "1, " "1, " "1, " "1, " "1, " "1, " "1, " "1, " "1, " "1, " "1, " "1, " "1, " "1, " "1, " "1, " "1, " "1, " "1, " "1, " "1, " "1, " "1, " "1, " "1, " "1, " "1, " "1, " "1, " "1, " "1, " "1, " "1, " "1, " "1, " "1, " "1, " "1, " "1, " "1, " "1, " "1, " "1, " "1, " "1, " "1, " "1, " "1, " "1, " "1, " "1, " "1, " "1, " "1, " "1, " "1, " "1, " "1, " "1, " "1, " "1, " "1, " "1, " "1, " "1, " "1, " "1, " "1, " "1, " "1, " "1, " "1, " "1, " "1, " "1, " "1, " "1, " "1, " "1, " "1, " "1, " "1, " "1, " "1, " "1, " "1, " "1, " "1, " "1, " "1, " "1, " "1, " "1, " "1, " "1, " "1, " "1, " "1, " "1, " "1, " "1, " "1, " "1, " "1, " "1, " "1, " "1, " "1, " "1, " "1, " "1, " "1, " "1, " "1, " "1, " "1, " "1, " "1, " "1, " "1, " "1, " "1, " "1, " "1, " "1, " "1, " "1, " "1, " "1, " "1, " "1, " "1, " "1, " "1, " "1, " "1, " "1, " "1, " "1, " "1, " "1, " "1, " "1, " "1, " "1, " "1, " "1, " "1, " "1, " "1, " "1, " "1, " "1, " "1, " "1, " "1, " "1, " "1, " "1, " "0, " "1, " "1, " "1, " "1, " "1, " "1, " "1, "204
 "Nei506, 0.231, " "0.015, " "1, " "1, " "1, " "1, " "1, " "1, " "1, " "1, " "1, " "1, " "1, " "1, " "1, " "1, " "1, " "1, " "1, " "1, " "1, " "1, " "1, " "1, " "1, " "1, " "1, " "1, " "1, " "1, " "1, " "1, " "1, " "1, " "1, " "1, " "1, " "1, " "1, " "1, " "1, " "1, " "1, " "1, " "1, " "1, " "1, " "1, " "1, " "1, " "1, " "1, " "1, " "1, " "1, " "1, " "1, " "1, " "1, " "1, " "1, " "1, " "1, " "1, " "1, " "1, " "1, " "1, " "1, " "1, " "1, " "1, " "1, " "1, " "1, " "1, " "1, " "1, " "1, " "1, " "1, " "1, " "1, " "1, " "1, " "1, " "1, " "1, " "1, " "1, " "1, " "1, " "1, " "1, " "1, " "1, " "1, " "1, " "1, " "1, " "1, " "1, " "1, " "1, " "1, " "1, " "1, " "1, " "1, " "1, " "1, " "1, " "1, " "1, " "1, " "1, " "1, " "1, " "1, " "1, " "1, " "1, " "1, " "1, " "1, " "1, " "1, " "1, " "1, " "1, " "1, " "1, " "1, " "1, " "1, " "1, " "1, " "1, " "1, " "1, " "1, " "1, " "1, " "1, " "1, " "1, " "1, " "1, " "1, " "1, " "1, " "1, " "1, " "1, " "1, " "1, " "1, " "1, " "1, " "1, " "1, " "1, " "1, " "1, " "1, " "1, " "1, " "1, " "1, " "1, " "1, " "1, " "1, " "1, " "1, " "1, " "1, " "1, " "1, " "1, " "1, " "1, " "1, " "1, " "1, " "1, " "1, " "1, " "1, " "1, " "1, " "1, " "1, " "1, " "1, " "1, " "1, " "1, " "1, " "1, " "1, " "1, " "1, " "1, " "1, " "1, " "1, " "1, " "1, " "1, " "1, " "1, " "1, " "1, " "1, " "1, " "1, " "1, " "1, " "1, " "1, " "1, " "1, " "1, " "1, " "1, " "1, " "1, " "1, " "1, " "1, " "1, " "1, " "1, " "1, " "1, " "1, " "1, " "1, " "1, " "1, " "1, " "1, " "1, " "1, " "1, " "1, " "1, " "1, " "1, " "1, " "1, " "1, " "1, " "1, " "1, " "1, " "1, " "1, " "1, " "1, " "1, " "1, " "1, " "1, " "1, " "1, " "1, " "1, " "1, " "1, " "1, " "1, " "1, " "1, " "1, " "1, " "1, " "1, " "1, " "1, " "1, " "1, " "1, " "1, " "1, " "1, " "1, " "1, " "1, " "1, " "1, " "1, " "1, " "1, " "1, " "1, " "1, " "1, " "1, " "1, " "1, " "1, " "1, " "1, " "1, " "1, " "1, " "1, " "1, " "1, " "1, " "1, " "1, " "1, " "1, " "1, " "1, " "1, " "1, " "1, " "1, " "1, " "1, " "1, " "1, " "1, " "1, " "1, " "1, " "1, " "1, " "1, " "1, " "1, " "1, " "1, " "1, " "1, " "1, " "1, " "1, " "1, " "1, " "1, " "1, " "1, " "1, " "1, " "1, " "1, " "1, " "1, " "1, " "1, " "1, " "1, " "1, " "1, " "1, " "1, " "1, " "1, " "1, " "1, " "1, " "1, " "1, " "1, " "1, " "1, " "1, " "1, " "1, " "1, " "1, " "1, " "1, " "1, " "1, " "1, " "1, " "1, " "1, " "1, " "1, " "1, " "1, " "1, " "1, " "1, " "1, " "1, " "1, " "1, " "1, " "1, " "1, " "1, " "1, " "1, " "1, " "1, " "1, " "1, " "1, " "1, " "1, " "1, " "1, " "1, " "1, " "1, " "1, " "1, " "1, " "1, " "1, " "1, " "1, " "1, " "1, " "1, " "1, " "1, " "1, " "1, " "1, " "1, " "1, " "1, " "1, " "1, " "1, " "1, " "1, " "1, " "1, " "1, " "1, " "1, " "1, " "1, " "1, " "1, " "1, " "1, " "1, " "1, " "1, " "1, " "1, " "1, " "1, " "1, " "1, " "1, " "1, " "1, " "1, " "1, " "1, " "1, " "1, " "1, " "1, " "1, " "1, " "1, " "1, " "1, " "1, " "1, " "1, " "1, " "1, " "1, " "1, " "1, " "1, " "1, " "1, " "1, " "1, " "1, " "1, " "1, " "1, " "1, " "1, " "1, " "1, " "1, " "1, " "1, " "1, " "1, " "1, " "1, " "1, " "1, " "1, " "1, " "1, " "1, " "1, " "1, " "1, " "0, " "1, " "1, " "1, " "1, " "1, " "1, "204
 "Nei507, 0.02, " "0.015, " "1, " "1, " "1, " "1, " "1, " "1, " "1, " "1, " "1, " "1, " "1, " "1, " "1, " "1, " "1, " "1, " "1, " "1, " "1, " "1, " "1, " "1, " "1, " "1, " "1, " "1, " "1, " "1, " "1, " "1, " "1, " "1, " "1, " "1, " "1, " "1, " "1, " "1, " "1, " "1, " "1, " "1, " "1, " "1, " "1, " "1, " "1, " "1, " "1, " "1, " "1, " "1, " "1, " "1, " "1, " "1, " "1, " "1, " "1, " "1, " "1, " "1, " "1, " "1, " "1, " "1, " "1, " "1, " "1, " "1, " "1, " "1, " "1, " "1, " "1, " "1, " "1, " "1, " "1, " "1, " "1, " "1, " "1, " "1, " "1, " "1, " "1, " "1, " "1, " "1, " "1, " "1, " "1, " "1, " "1, " "1, " "1, " "1, " "1, " "1, " "1, " "1, " "1, " "1, " "1, " "1, " "1, " "1, " "1, " "1, " "1, " "1, " "1, " "1, " "1, " "1, " "1, " "1, " "1, " "1, " "1, " "1, " "1, " "1, " "1, " "1, " "1, " "1, " "1, " "1, " "1, " "1, " "1, " "1, " "1, " "1, " "1, " "1, " "1, " "1, " "1, " "1, " "1, " "1, " "1, " "1, " "1, " "1, " "1, " "1, " "1, " "1, " "1, " "1, " "1, " "1, " "1, " "1, " "1, " "1, " "1, " "1, " "1, " "1, " "1, " "1, " "1, " "1, " "1, " "1, " "1, " "1, " "1, " "1, " "1, " "1, " "1, " "1, " "1, " "1, " "1, " "1, " "1, " "1, " "1, " "1, " "1, " "1, " "1, " "1, " "1, " "1, " "1, " "1, " "1, " "1, " "1, " "1, " "1, " "1, " "1, " "1, " "1, " "1, " "1, " "1, " "1, " "1, " "1, " "1, " "1, " "1, " "1, " "1, " "1, " "1, " "1, " "1, " "1, " "1, " "1, " "1, " "1, " "1, " "1, " "1, " "1, " "1, " "1, " "1, " "1, " "1, " "1, " "1, " "1, " "1, " "1, " "1, " "1, " "1, " "1, " "1, " "1, " "1, " "1, " "1, " "1, " "1, " "1, " "1, " "1, " "1, " "1, " "1, " "1, " "1, " "1, " "1, " "1, " "1, " "1, " "1, " "1, " "1, " "1, " "1, " "1, " "1, " "1, " "1, " "1, " "1, " "1, " "1, " "1, " "1, " "1, " "1, " "1, " "1, " "1, " "1, " "1, " "1, " "1, " "1, " "1, " "1, " "1, " "1, " "1, " "1, " "1, " "1, " "1, " "1, " "1, " "1, " "1, " "1, " "1, " "1, " "1, " "1, " "1, " "1, " "1, " "1, " "1, " "1, " "1, " "1, " "1, " "1, " "1, " "1, " "1, " "1, " "1, " "1, " "1, " "1, " "1, " "1, " "1, " "1, " "1, " "1, " "1, " "1, " "1, " "1, " "1, " "1, " "1, " "1, " "1, " "1, " "1, " "1, " "1, " "1, " "1, " "1, " "1, " "1, " "1, " "1, " "1, " "1, " "1, " "1, " "1, " "1, " "1, " "1, " "1, " "1, " "1, " "1, " "1, " "1, " "1, " "1, " "1, " "1, " "1, " "1, " "1, " "1, " "1, " "1, " "1, " "1, " "1, " "1, " "1, " "1, " "1, " "1, " "1, " "1, " "1, " "1, " "1, " "1, " "1, " "1, " "1, " "1, " "1, " "1, " "1, " "1, " "1, " "1, " "1, " "1, " "1, " "1, " "1, " "1, " "1, " "1, " "1, " "1, " "1, " "1, " "1, " "1, " "1, " "1, " "1, " "1, " "1, " "1, " "1, " "1, " "1, " "1, " "1, " "1, " "1, " "1, " "1, " "1, " "1, " "1, " "1, " "1, " "1, " "1, " "1, " "1, " "1, " "1, " "1, " "1, " "1, " "1, " "1, " "1, " "1, " "1, " "1, " "1, " "1, " "1, " "1, " "1, " "1, " "1, " "1, " "1, " "1, " "1, " "1, " "1, " "1, " "1, " "1, " "1, " "1, " "1, " "1, " "1, " "1, " "1, " "1, " "1, " "1, " "1, " "1, " "1, " "1, " "1, " "1, " "1, " "1, " "1, " "1, " "1, " "1, " "1, " "1, " "1, " "1, " "1, " "1, " "1, " "1, " "1, " "1, " "1, " "1, " "1, " "1, " "1, " "1, " "1, " "1, " "1, " "1, " "1, " "1, " "1, " "1, " "0, " "1, " "1, " "1, " "1, " "1, "204
 "Nei508, 0.119, " "0.015, " "1, " "1, " "1, " "1, " "1, " "1, " "1, " "1, " "1, " "1, " "1, " "1, " "1, " "1, " "1, " "1, " "1, " "1, " "1, " "1, " "1, " "1, " "1, " "1, " "1, " "1, " "1, " "1, " "1, " "1, " "1, " "1, " "1, " "1, " "1, " "1, " "1, " "1, " "1, " "1, " "1, " "1, " "1, " "1, " "1, " "1, " "1, " "1, " "1, " "1, " "1, " "1, " "1, " "1, " "1, " "1, " "1, " "1, " "1, " "1, " "1, " "1, " "1, " "1, " "1, " "1, " "1, " "1, " "1, " "1, " "1, " "1, " "1, " "1, " "1, " "1, " "1, " "1, " "1, " "1, " "1, " "1, " "1, " "1, " "1, " "1, " "1, " "1, " "1, " "1, " "1, " "1, " "1, " "1, " "1, " "1, " "1, " "1, " "1, " "1, " "1, " "1, " "1, " "1, " "1, " "1, " "1, " "1, " "1, " "1, " "1, " "1, " "1, " "1, " "1, " "1, " "1, " "1, " "1, " "1, " "1, " "1, " "1, " "1, " "1, " "1, " "1, " "1, " "1, " "1, " "1, " "1, " "1, " "1, " "1, " "1, " "1, " "1, " "1, " "1, " "1, " "1, " "1, " "1, " "1, " "1, " "1, " "1, " "1, " "1, " "1, " "1, " "1, " "1, " "1, " "1, " "1, " "1, " "1, " "1, " "1, " "1, " "1, " "1, " "1, " "1, " "1, " "1, " "1, " "1, " "1, " "1, " "1, " "1, " "1, " "1, " "1, " "1, " "1, " "1, " "1, " "1, " "1, " "1, " "1, " "1, " "1, " "1, " "1, " "1, " "1, " "1, " "1, " "1, " "1, " "1, " "1, " "1, " "1, " "1, " "1, " "1, " "1, " "1, " "1, " "1, " "1, " "1, " "1, " "1, " "1, " "1, " "1, " "1, " "1, " "1, " "1, " "1, " "1, " "1, " "1, " "1, " "1, " "1, " "1, " "1, " "1, " "1, " "1, " "1, " "1, " "1, " "1, " "1, " "1, " "1, " "1, " "1, " "1, " "1, " "1, " "1, " "1, " "1, " "1, " "1, " "1, " "1, " "1, " "1, " "1, " "1, " "1, " "1, " "1, " "1, " "1, " "1, " "1, " "1, " "1, " "1, " "1, " "1, " "1, " "1, " "1, " "1, " "1, " "1, " "1, " "1, " "1, " "1, " "1, " "1, " "1, " "1, " "1, " "1, " "1, " "1, " "1, " "1, " "1, " "1, " "1, " "1, " "1, " "1, " "1, " "1, " "1, " "1, " "1, " "1, " "1, " "1, " "1, " "1, " "1, " "1, " "1, " "1, " "1, " "1, " "1, " "1, " "1, " "1, " "1, " "1, " "1, " "1, " "1, " "1, " "1, " "1, " "1, " "1, " "1, " "1, " "1, " "1, " "1, " "1, " "1, " "1, " "1, " "1, " "1, " "1, " "1, " "1, " "1, " "1, " "1, " "1, " "1, " "1, " "1, " "1, " "1, " "1, " "1, " "1, " "1, " "1, " "1, " "1, " "1, " "1, " "1, " "1, " "1, " "1, " "1, " "1, " "1, " "1, " "1, " "1, " "1, " "1, " "1, " "1, " "1, " "1, " "1, " "1, " "1, " "1, " "1, " "1, " "1, " "1, " "1, " "1, " "1, " "1, " "1, " "1, " "1, " "1, " "1, " "1, " "1, " "1, " "1, " "1, " "1, " "1, " "1, " "1, " "1, " "1, " "1, " "1, " "1, " "1, " "1, " "1, " "1, " "1, " "1, " "1, " "1, " "1, " "1, " "1, " "1, " "1, " "1, " "1, " "1, " "1, " "1, " "1, " "1, " "1, " "1, " "1, " "1, " "1, " "1, " "1, " "1, " "1, " "1, " "1, " "1, " "1, " "1, " "1, " "1, " "1, " "1, " "1, " "1, " "1, " "1, " "1, " "1, " "1, " "1, " "1, " "1, " "1, " "1, " "1, " "1, " "1, " "1, " "1, " "1, " "1, " "1, " "1, " "1, " "1, " "1, " "1, " "1, " "1, " "1, " "1, " "1, " "1, " "1, " "1, " "1, " "1, " "1, " "1, " "1, " "1, " "1, " "1, " "1, " "1, " "1, " "1, " "1, " "1, " "1, " "1, " "1, " "1, " "1, " "1, " "1, " "1, " "1, " "1, " "1, " "1, " "1, " "1, " "1, " "1, " "1, " "1, " "1, " "1, " "1, " "1, " "1, " "1, " "0, " "1, " "1, " "1, " "1, "204
 "Nei509, 0.021, " "0.015, " "1, " "1, " "1, " "1, " "1, " "1, " "1, " "1, " "1, " "1, " "1, " "1, " "1, " "1, " "1, " "1, " "1, " "1, " "1, " "1, " "1, " "1, " "1, " "1, " "1, " "1, " "1, " "1, " "1, " "1, " "1, " "1, " "1, " "1, " "1, " "1, " "1, " "1, " "1, " "1, " "1, " "1, " "1, " "1, " "1, " "1, " "1, " "1, " "1, " "1, " "1, " "1, " "1, " "1, " "1, " "1, " "1, " "1, " "1, " "1, " "1, " "1, " "1, " "1, " "1, " "1, " "1, " "1, " "1, " "1, " "1, " "1, " "1, " "1, " "1, " "1, " "1, " "1, " "1, " "1, " "1, " "1, " "1, " "1, " "1, " "1, " "1, " "1, " "1, " "1, " "1, " "1, " "1, " "1, " "1, " "1, " "1, " "1, " "1, " "1, " "1, " "1, " "1, " "1, " "1, " "1, " "1, " "1, " "1, " "1, " "1, " "1, " "1, " "1, " "1, " "1, " "1, " "1, " "1, " "1, " "1, " "1, " "1, " "1, " "1, " "1, " "1, " "1, " "1, " "1, " "1, " "1, " "1, " "1, " "1, " "1, " "1, " "1, " "1, " "1, " "1, " "1, " "1, " "1, " "1, " "1, " "1, " "1, " "1, " "1, " "1, " "1, " "1, " "1, " "1, " "1, " "1, " "1, " "1, " "1, " "1, " "1, " "1, " "1, " "1, " "1, " "1, " "1, " "1, " "1, " "1, " "1, " "1, " "1, " "1, " "1, " "1, " "1, " "1, " "1, " "1, " "1, " "1, " "1, " "1, " "1, " "1, " "1, " "1, " "1, " "1, " "1, " "1, " "1, " "1, " "1, " "1, " "1, " "1, " "1, " "1, " "1, " "1, " "1, " "1, " "1, " "1, " "1, " "1, " "1, " "1, " "1, " "1, " "1, " "1, " "1, " "1, " "1, " "1, " "1, " "1, " "1, " "1, " "1, " "1, " "1, " "1, " "1, " "1, " "1, " "1, " "1, " "1, " "1, " "1, " "1, " "1, " "1, " "1, " "1, " "1, " "1, " "1, " "1, " "1, " "1, " "1, " "1, " "1, " "1, " "1, " "1, " "1, " "1, " "1, " "1, " "1, " "1, " "1, " "1, " "1, " "1, " "1, " "1, " "1, " "1, " "1, " "1, " "1, " "1, " "1, " "1, " "1, " "1, " "1, " "1, " "1, " "1, " "1, " "1, " "1, " "1, " "1, " "1, " "1, " "1, " "1, " "1, " "1, " "1, " "1, " "1, " "1, " "1, " "1, " "1, " "1, " "1, " "1, " "1, " "1, " "1, " "1, " "1, " "1, " "1, " "1, " "1, " "1, " "1, " "1, " "1, " "1, " "1, " "1, " "1, " "1, " "1, " "1, " "1, " "1, " "1, " "1, " "1, " "1, " "1, " "1, " "1, " "1, " "1, " "1, " "1, " "1, " "1, " "1, " "1, " "1, " "1, " "1, " "1, " "1, " "1, " "1, " "1, " "1, " "1, " "1, " "1, " "1, " "1, " "1, " "1, " "1, " "1, " "1, " "1, " "1, " "1, " "1, " "1, " "1, " "1, " "1, " "1, " "1, " "1, " "1, " "1, " "1, " "1, " "1, " "1, " "1, " "1, " "1, " "1, " "1, " "1, " "1, " "1, " "1, " "1, " "1, " "1, " "1, " "1, " "1, " "1, " "1, " "1, " "1, " "1, " "1, " "1, " "1, " "1, " "1, " "1, " "1, " "1, " "1, " "1, " "1, " "1, " "1, " "1, " "1, " "1, " "1, " "1, " "1, " "1, " "1, " "1, " "1, " "1, " "1, " "1, " "1, " "1, " "1, " "1, " "1, " "1, " "1, " "1, " "1, " "1, " "1, " "1, " "1, " "1, " "1, " "1, " "1, " "1, " "1, " "1, " "1, " "1, " "1, " "1, " "1, " "1, " "1, " "1, " "1, " "1, " "1, " "1, " "1, " "1, " "1, " "1, " "1, " "1, " "1, " "1, " "1, " "1, " "1, " "1, " "1, " "1, " "1, " "1, " "1, " "1, " "1, " "1, " "1, " "1, " "1, " "1, " "1, " "1, " "1, " "1, " "1, " "1, " "1, " "1, " "1, " "1, " "1, " "1, " "1, " "1, " "1, " "1, " "1, " "1, " "1, " "1, " "1, " "1, " "1, " "1, " "1, " "1, " "1, " "1, " "1, " "1, " "1, " "1, " "1, " "1, " "1, " "0, " "1, " "1, " "1, "204
 "Nei510, 0.038, " "0.015, " "1, " "1, " "1, " "1, " "1, " "1, " "1, " "1, " "1, " "1, " "1, " "1, " "1, " "1, " "1, " "1, " "1, " "1, " "1, " "1, " "1, " "1, " "1, " "1, " "1, " "1, " "1, " "1, " "1, " "1, " "1, " "1, " "1, " "1, " "1, " "1, " "1, " "1, " "1, " "1, " "1, " "1, " "1, " "1, " "1, " "1, " "1, " "1, " "1, " "1, " "1, " "1, " "1, " "1, " "1, " "1, " "1, " "1, " "1, " "1, " "1, " "1, " "1, " "1, " "1, " "1, " "1, " "1, " "1, " "1, " "1, " "1, " "1, " "1, " "1, " "1, " "1, " "1, " "1, " "1, " "1, " "1, " "1, " "1, " "1, " "1, " "1, " "1, " "1, " "1, " "1, " "1, " "1, " "1, " "1, " "1, " "1, " "1, " "1, " "1, " "1, " "1, " "1, " "1, " "1, " "1, " "1, " "1, " "1, " "1, " "1, " "1, " "1, " "1, " "1, " "1, " "1, " "1, " "1, " "1, " "1, " "1, " "1, " "1, " "1, " "1, " "1, " "1, " "1, " "1, " "1, " "1, " "1, " "1, " "1, " "1, " "1, " "1, " "1, " "1, " "1, " "1, " "1, " "1, " "1, " "1, " "1, " "1, " "1, " "1, " "1, " "1, " "1, " "1, " "1, " "1, " "1, " "1, " "1, " "1, " "1, " "1, " "1, " "1, " "1, " "1, " "1, " "1, " "1, " "1, " "1, " "1, " "1, " "1, " "1, " "1, " "1, " "1, " "1, " "1, " "1, " "1, " "1, " "1, " "1, " "1, " "1, " "1, " "1, " "1, " "1, " "1, " "1, " "1, " "1, " "1, " "1, " "1, " "1, " "1, " "1, " "1, " "1, " "1, " "1, " "1, " "1, " "1, " "1, " "1, " "1, " "1, " "1, " "1, " "1, " "1, " "1, " "1, " "1, " "1, " "1, " "1, " "1, " "1, " "1, " "1, " "1, " "1, " "1, " "1, " "1, " "1, " "1, " "1, " "1, " "1, " "1, " "1, " "1, " "1, " "1, " "1, " "1, " "1, " "1, " "1, " "1, " "1, " "1, " "1, " "1, " "1, " "1, " "1, " "1, " "1, " "1, " "1, " "1, " "1, " "1, " "1, " "1, " "1, " "1, " "1, " "1, " "1, " "1, " "1, " "1, " "1, " "1, " "1, " "1, " "1, " "1, " "1, " "1, " "1, " "1, " "1, " "1, " "1, " "1, " "1, " "1, " "1, " "1, " "1, " "1, " "1, " "1, " "1, " "1, " "1, " "1, " "1, " "1, " "1, " "1, " "1, " "1, " "1, " "1, " "1, " "1, " "1, " "1, " "1, " "1, " "1, " "1, " "1, " "1, " "1, " "1, " "1, " "1, " "1, " "1, " "1, " "1, " "1, " "1, " "1, " "1, " "1, " "1, " "1, " "1, " "1, " "1, " "1, " "1, " "1, " "1, " "1, " "1, " "1, " "1, " "1, " "1, " "1, " "1, " "1, " "1, " "1, " "1, " "1, " "1, " "1, " "1, " "1, " "1, " "1, " "1, " "1, " "1, " "1, " "1, " "1, " "1, " "1, " "1, " "1, " "1, " "1, " "1, " "1, " "1, " "1, " "1, " "1, " "1, " "1, " "1, " "1, " "1, " "1, " "1, " "1, " "1, " "1, " "1, " "1, " "1, " "1, " "1, " "1, " "1, " "1, " "1, " "1, " "1, " "1, " "1, " "1, " "1, " "1, " "1, " "1, " "1, " "1, " "1, " "1, " "1, " "1, " "1, " "1, " "1, " "1, " "1, " "1, " "1, " "1, " "1, " "1, " "1, " "1, " "1, " "1, " "1, " "1, " "1, " "1, " "1, " "1, " "1, " "1, " "1, " "1, " "1, " "1, " "1, " "1, " "1, " "1, " "1, " "1, " "1, " "1, " "1, " "1, " "1, " "1, " "1, " "1, " "1, " "1, " "1, " "1, " "1, " "1, " "1, " "1, " "1, " "1, " "1, " "1, " "1, " "1, " "1, " "1, " "1, " "1, " "1, " "1, " "1, " "1, " "1, " "1, " "1, " "1, " "1, " "1, " "1, " "1, " "1, " "1, " "1, " "1, " "1, " "1, " "1, " "1, " "1, " "1, " "1, " "1, " "1, " "1, " "1, " "1, " "1, " "1, " "1, " "1, " "1, " "1, " "1, " "1, " "1, " "1, " "1, " "1, " "1, " "1, " "1, " "1, " "0, " "1, " "1, "204
 "Nei511, 0.261, " "0.015, " "1, " "1, " "1, " "1, " "1, " "1, " "1, " "1, " "1, " "1, " "1, " "1, " "1, " "1, " "1, " "1, " "1, " "1, " "1, " "1, " "1, " "1, " "1, " "1, " "1, " "1, " "1, " "1, " "1, " "1, " "1, " "1, " "1, " "1, " "1, " "1, " "1, " "1, " "1, " "1, " "1, " "1, " "1, " "1, " "1, " "1, " "1, " "1, " "1, " "1, " "1, " "1, " "1, " "1, " "1, " "1, " "1, " "1, " "1, " "1, " "1, " "1, " "1, " "1, " "1, " "1, " "1, " "1, " "1, " "1, " "1, " "1, " "1, " "1, " "1, " "1, " "1, " "1, " "1, " "1, " "1, " "1, " "1, " "1, " "1, " "1, " "1, " "1, " "1, " "1, " "1, " "1, " "1, " "1, " "1, " "1, " "1, " "1, " "1, " "1, " "1, " "1, " "1, " "1, " "1, " "1, " "1, " "1, " "1, " "1, " "1, " "1, " "1, " "1, " "1, " "1, " "1, " "1, " "1, " "1, " "1, " "1, " "1, " "1, " "1, " "1, " "1, " "1, " "1, " "1, " "1, " "1, " "1, " "1, " "1, " "1, " "1, " "1, " "1, " "1, " "1, " "1, " "1, " "1, " "1, " "1, " "1, " "1, " "1, " "1, " "1, " "1, " "1, " "1, " "1, " "1, " "1, " "1, " "1, " "1, " "1, " "1, " "1, " "1, " "1, " "1, " "1, " "1, " "1, " "1, " "1, " "1, " "1, " "1, " "1, " "1, " "1, " "1, " "1, " "1, " "1, " "1, " "1, " "1, " "1, " "1, " "1, " "1, " "1, " "1, " "1, " "1, " "1, " "1, " "1, " "1, " "1, " "1, " "1, " "1, " "1, " "1, " "1, " "1, " "1, " "1, " "1, " "1, " "1, " "1, " "1, " "1, " "1, " "1, " "1, " "1, " "1, " "1, " "1, " "1, " "1, " "1, " "1, " "1, " "1, " "1, " "1, " "1, " "1, " "1, " "1, " "1, " "1, " "1, " "1, " "1, " "1, " "1, " "1, " "1, " "1, " "1, " "1, " "1, " "1, " "1, " "1, " "1, " "1, " "1, " "1, " "1, " "1, " "1, " "1, " "1, " "1, " "1, " "1, " "1, " "1, " "1, " "1, " "1, " "1, " "1, " "1, " "1, " "1, " "1, " "1, " "1, " "1, " "1, " "1, " "1, " "1, " "1, " "1, " "1, " "1, " "1, " "1, " "1, " "1, " "1, " "1, " "1, " "1, " "1, " "1, " "1, " "1, " "1, " "1, " "1, " "1, " "1, " "1, " "1, " "1, " "1, " "1, " "1, " "1, " "1, " "1, " "1, " "1, " "1, " "1, " "1, " "1, " "1, " "1, " "1, " "1, " "1, " "1, " "1, " "1, " "1, " "1, " "1, " "1, " "1, " "1, " "1, " "1, " "1, " "1, " "1, " "1, " "1, " "1, " "1, " "1, " "1, " "1, " "1, " "1, " "1, " "1, " "1, " "1, " "1, " "1, " "1, " "1, " "1, " "1, " "1, " "1, " "1, " "1, " "1, " "1, " "1, " "1, " "1, " "1, " "1, " "1, " "1, " "1, " "1, " "1, " "1, " "1, " "1, " "1, " "1, " "1, " "1, " "1, " "1, " "1, " "1, " "1, " "1, " "1, " "1, " "1, " "1, " "1, " "1, " "1, " "1, " "1, " "1, " "1, " "1, " "1, " "1, " "1, " "1, " "1, " "1, " "1, " "1, " "1, " "1, " "1, " "1, " "1, " "1, " "1, " "1, " "1, " "1, " "1, " "1, " "1, " "1, " "1, " "1, " "1, " "1, " "1, " "1, " "1, " "1, " "1, " "1, " "1, " "1, " "1, " "1, " "1, " "1, " "1, " "1, " "1, " "1, " "1, " "1, " "1, " "1, " "1, " "1, " "1, " "1, " "1, " "1, " "1, " "1, " "1, " "1, " "1, " "1, " "1, " "1, " "1, " "1, " "1, " "1, " "1, " "1, " "1, " "1, " "1, " "1, " "1, " "1, " "1, " "1, " "1, " "1, " "1, " "1, " "1, " "1, " "1, " "1, " "1, " "1, " "1, " "1, " "1, " "1, " "1, " "1, " "1, " "1, " "1, " "1, " "1, " "1, " "1, " "1, " "1, " "1, " "1, " "1, " "1, " "1, " "1, " "1, " "1, " "1, " "1, " "1, " "1, " "1, " "1, " "1, " "1, " "1, " "1, " "1, " "1, " "0, " "1, "204
 "Nei512, 0.341, " "0.015, " "1, " "1, " "1, " "1, " "1, " "1, " "1, " "1, " "1, " "1, " "1, " "1, " "1, " "1, " "1, " "1, " "1, " "1, " "1, " "1, " "1, " "1, " "1, " "1, " "1, " "1, " "1, " "1, " "1, " "1, " "1, " "1, " "1, " "1, " "1, " "1, " "1, " "1, " "1, " "1, " "1, " "1, " "1, " "1, " "1, " "1, " "1, " "1, " "1, " "1, " "1, " "1, " "1, " "1, " "1, " "1, " "1, " "1, " "1, " "1, " "1, " "1, " "1, " "1, " "1, " "1, " "1, " "1, " "1, " "1, " "1, " "1, " "1, " "1, " "1, " "1, " "1, " "1, " "1, " "1, " "1, " "1, " "1, " "1, " "1, " "1, " "1, " "1, " "1, " "1, " "1, " "1, " "1, " "1, " "1, " "1, " "1, " "1, " "1, " "1, " "1, " "1, " "1, " "1, " "1, " "1, " "1, " "1, " "1, " "1, " "1, " "1, " "1, " "1, " "1, " "1, " "1, " "1, " "1, " "1, " "1, " "1, " "1, " "1, " "1, " "1, " "1, " "1, " "1, " "1, " "1, " "1, " "1, " "1, " "1, " "1, " "1, " "1, " "1, " "1, " "1, " "1, " "1, " "1, " "1, " "1, " "1, " "1, " "1, " "1, " "1, " "1, " "1, " "1, " "1, " "1, " "1, " "1, " "1, " "1, " "1, " "1, " "1, " "1, " "1, " "1, " "1, " "1, " "1, " "1, " "1, " "1, " "1, " "1, " "1, " "1, " "1, " "1, " "1, " "1, " "1, " "1, " "1, " "1, " "1, " "1, " "1, " "1, " "1, " "1, " "1, " "1, " "1, " "1, " "1, " "1, " "1, " "1, " "1, " "1, " "1, " "1, " "1, " "1, " "1, " "1, " "1, " "1, " "1, " "1, " "1, " "1, " "1, " "1, " "1, " "1, " "1, " "1, " "1, " "1, " "1, " "1, " "1, " "1, " "1, " "1, " "1, " "1, " "1, " "1, " "1, " "1, " "1, " "1, " "1, " "1, " "1, " "1, " "1, " "1, " "1, " "1, " "1, " "1, " "1, " "1, " "1, " "1, " "1, " "1, " "1, " "1, " "1, " "1, " "1, " "1, " "1, " "1, " "1, " "1, " "1, " "1, " "1, " "1, " "1, " "1, " "1, " "1, " "1, " "1, " "1, " "1, " "1, " "1, " "1, " "1, " "1, " "1, " "1, " "1, " "1, " "1, " "1, " "1, " "1, " "1, " "1, " "1, " "1, " "1, " "1, " "1, " "1, " "1, " "1, " "1, " "1, " "1, " "1, " "1, " "1, " "1, " "1, " "1, " "1, " "1, " "1, " "1, " "1, " "1, " "1, " "1, " "1, " "1, " "1, " "1, " "1, " "1, " "1, " "1, " "1, " "1, " "1, " "1, " "1, " "1, " "1, " "1, " "1, " "1, " "1, " "1, " "1, " "1, " "1, " "1, " "1, " "1, " "1, " "1, " "1, " "1, " "1, " "1, " "1, " "1, " "1, " "1, " "1, " "1, " "1, " "1, " "1, " "1, " "1, " "1, " "1, " "1, " "1, " "1, " "1, " "1, " "1, " "1, " "1, " "1, " "1, " "1, " "1, " "1, " "1, " "1, " "1, " "1, " "1, " "1, " "1, " "1, " "1, " "1, " "1, " "1, " "1, " "1, " "1, " "1, " "1, " "1, " "1, " "1, " "1, " "1, " "1, " "1, " "1, " "1, " "1, " "1, " "1, " "1, " "1, " "1, " "1, " "1, " "1, " "1, " "1, " "1, " "1, " "1, " "1, " "1, " "1, " "1, " "1, " "1, " "1, " "1, " "1, " "1, " "1, " "1, " "1, " "1, " "1, " "1, " "1, " "1, " "1, " "1, " "1, " "1, " "1, " "1, " "1, " "1, " "1, " "1, " "1, " "1, " "1, " "1, " "1, " "1, " "1, " "1, " "1, " "1, " "1, " "1, " "1, " "1, " "1, " "1, " "1, " "1, " "1, " "1, " "1, " "1, " "1, " "1, " "1, " "1, " "1, " "1, " "1, " "1, " "1, " "1, " "1, " "1, " "1, " "1, " "1, " "1, " "1, " "1, " "1, " "1, " "1, " "1, " "1, " "1, " "1, " "1, " "1, " "1, " "1, " "1, " "1, " "1, " "1, " "1, " "1, " "1, " "1, " "1, " "1, " "1, " "1, " "1, " "1, " "1, " "1, " "1, " "1, " "1, " "1, " "1, " "1, " "1, " "0, "204
