 "ID, Uncertainty, Opinion1, Opinion2, " "Nei0, " "Nei1, " "Nei2, " "Nei3, " "Nei4, " "Nei5, " "Nei6, " "Nei7, " "Nei8, " "Nei9, " "Nei10, " "Nei11, " "Nei12, " "Nei13, " "Nei14, " "Nei15, " "Nei16, " "Nei17, " "Nei18, " "Nei19, " "Nei20, " "Nei21, " "Nei22, " "Nei23, " "Nei24, " "Nei25, " "Nei26, " "Nei27, " "Nei28, " "Nei29, " "Nei30, " "Nei31, " "Nei32, " "Nei33, " "Nei34, " "Nei35, " "Nei36, " "Nei37, " "Nei38, " "Nei39, " "Nei40, " "Nei41, " "Nei42, " "Nei43, " "Nei44, " "Nei45, " "Nei46, " "Nei47, " "Nei48, " "Nei49, " "Nei50, " "Nei51, " "Nei52, " "Nei53, " "Nei54, " "Nei55, " "Nei56, " "Nei57, " "Nei58, " "Nei59, " "Nei60, " "Nei61, " "Nei62, " "Nei63, " "Nei64, " "Nei65, " "Nei66, " "Nei67, " "Nei68, " "Nei69, " "Nei70, " "Nei71, " "Nei72, " "Nei73, " "Nei74, " "Nei75, " "Nei76, " "Nei77, " "Nei78, " "Nei79, " "Nei80, " "Nei81, " "Nei82, " "Nei83, " "Nei84, " "Nei85, " "Nei86, " "Nei87, " "Nei88, " "Nei89, " "Nei90, " "Nei91, " "Nei92, " "Nei93, " "Nei94, " "Nei95, " "Nei96, " "Nei97, " "Nei98, " "Nei99, " "Nei100, " "Nei101, " "Nei102, " "Nei103, " "Nei104, " "Nei105, " "Nei106, " "Nei107, " "Nei108, " "Nei109, " "Nei110, " "Nei111, " "Nei112, " "Nei113, " "Nei114, " "Nei115, " "Nei116, " "Nei117, " "Nei118, " "Nei119, " "Nei120, " "Nei121, " "Nei122, " "Nei123, " "Nei124, " "Nei125, " "Nei126, " "Nei127, " "Nei128, " "Nei129, " "Nei130, " "Nei131, " "Nei132, " "Nei133, " "Nei134, " "Nei135, " "Nei136, " "Nei137, " "Nei138, " "Nei139, " "Nei140, " "Nei141, " "Nei142, " "Nei143, " "Nei144, " "Nei145, " "Nei146, " "Nei147, " "Nei148, " "Nei149, " "Nei150, " "Nei151, " "Nei152, " "Nei153, " "Nei154, " "Nei155, " "Nei156, " "Nei157, " "Nei158, " "Nei159, " "Nei160, " "Nei161, " "Nei162, " "Nei163, " "Nei164, " "Nei165, " "Nei166, " "Nei167, " "Nei168, " "Nei169, " "Nei170, " "Nei171, " "Nei172, " "Nei173, " "Nei174, " "Nei175, " "Nei176, " "Nei177, " "Nei178, " "Nei179, " "Nei180, " "Nei181, " "Nei182, " "Nei183, " "Nei184, " "Nei185, " "Nei186, " "Nei187, " "Nei188, " "Nei189, " "Nei190, " "Nei191, " "Nei192, " "Nei193, " "Nei194, " "Nei195, " "Nei196, " "Nei197, " "Nei198, " "Nei199, " "Nei200, " "Nei201, " "Nei202, " "Nei203, " "Nei204, " "Nei205, " "Nei206, " "Nei207, " "Nei208, " "Nei209, " "Nei210, " "Nei211, " "Nei212, " "Nei213, " "Nei214, " "Nei215, " "Nei216, " "Nei217, " "Nei218, " "Nei219, " "Nei220, " "Nei221, " "Nei222, " "Nei223, " "Nei224, " "Nei225, " "Nei226, " "Nei227, " "Nei228, " "Nei229, " "Nei230, " "Nei231, " "Nei232, " "Nei233, " "Nei234, " "Nei235, " "Nei236, " "Nei237, " "Nei238, " "Nei239, " "Nei240, " "Nei241, " "Nei242, " "Nei243, " "Nei244, " "Nei245, " "Nei246, " "Nei247, " "Nei248, " "Nei249, " "Nei250, " "Nei251, " "Nei252, " "Nei253, " "Nei254, " "Nei255, " "Nei256, "Step
 "Nei0, 0.141, " "-0.676, " "0.944, " "0, " "1, " "1, " "0, " "1, " "1, " "1, " "1, " "1, " "1, " "1, " "1, " "1, " "1, " "1, " "1, " "1, " "0, " "0, " "0, " "0, " "0, " "0, " "0, " "0, " "0, " "1, " "0, " "1, " "0, " "0, " "0, " "0, " "0, " "0, " "0, " "0, " "0, " "0, " "0, " "0, " "0, " "0, " "0, " "0, " "0, " "0, " "0, " "0, " "0, " "0, " "0, " "0, " "0, " "0, " "0, " "0, " "0, " "0, " "0, " "0, " "0, " "0, " "0, " "0, " "0, " "0, " "0, " "0, " "0, " "0, " "0, " "0, " "0, " "0, " "0, " "0, " "0, " "0, " "0, " "0, " "0, " "0, " "0, " "0, " "0, " "0, " "0, " "0, " "0, " "0, " "0, " "0, " "0, " "0, " "0, " "0, " "0, " "0, " "0, " "0, " "0, " "0, " "0, " "0, " "0, " "0, " "0, " "0, " "0, " "0, " "0, " "0, " "0, " "0, " "0, " "0, " "0, " "0, " "0, " "0, " "0, " "0, " "0, " "0, " "0, " "0, " "0, " "0, " "0, " "0, " "0, " "0, " "0, " "0, " "0, " "0, " "0, " "0, " "0, " "0, " "0, " "0, " "0, " "0, " "0, " "0, " "0, " "0, " "0, " "0, " "0, " "0, " "0, " "0, " "0, " "0, " "0, " "0, " "0, " "0, " "0, " "0, " "0, " "0, " "0, " "0, " "0, " "0, " "0, " "0, " "0, " "0, " "0, " "0, " "0, " "0, " "0, " "0, " "0, " "0, " "0, " "0, " "0, " "0, " "0, " "0, " "0, " "0, " "0, " "0, " "0, " "0, " "0, " "0, " "0, " "0, " "0, " "0, " "0, " "0, " "0, " "0, " "0, " "0, " "0, " "0, " "0, " "0, " "0, " "0, " "0, " "0, " "0, " "0, " "0, " "0, " "0, " "0, " "0, " "0, " "0, " "0, " "0, " "0, " "0, " "0, " "0, " "0, " "0, " "0, " "0, " "0, " "0, " "0, " "0, " "0, " "0, " "0, " "0, " "0, " "1, " "1, " "1, " "1, " "1, " "1, " "1, " "1, " "1, " "1, " "1, " "1, " "1, " "1, " "1, " "1, "0
 "Nei1, 0.061, " "0.187, " "-0.409, " "1, " "0, " "1, " "1, " "1, " "1, " "1, " "1, " "1, " "1, " "1, " "1, " "1, " "1, " "1, " "1, " "1, " "1, " "0, " "0, " "0, " "0, " "0, " "0, " "0, " "0, " "0, " "0, " "0, " "0, " "0, " "0, " "0, " "0, " "0, " "0, " "0, " "0, " "0, " "0, " "0, " "0, " "0, " "0, " "0, " "0, " "0, " "0, " "0, " "0, " "0, " "0, " "0, " "0, " "0, " "0, " "0, " "0, " "0, " "0, " "0, " "0, " "0, " "0, " "0, " "0, " "0, " "0, " "0, " "0, " "0, " "0, " "0, " "0, " "0, " "0, " "0, " "0, " "0, " "0, " "0, " "0, " "0, " "0, " "0, " "0, " "0, " "0, " "0, " "0, " "0, " "0, " "0, " "0, " "0, " "0, " "0, " "0, " "0, " "0, " "0, " "0, " "0, " "0, " "0, " "0, " "0, " "0, " "0, " "0, " "0, " "0, " "0, " "0, " "0, " "0, " "0, " "0, " "0, " "0, " "0, " "0, " "0, " "0, " "0, " "0, " "0, " "0, " "0, " "0, " "0, " "0, " "0, " "0, " "0, " "0, " "0, " "0, " "0, " "0, " "0, " "0, " "0, " "0, " "0, " "0, " "0, " "0, " "0, " "0, " "0, " "0, " "0, " "0, " "0, " "0, " "0, " "0, " "0, " "0, " "0, " "0, " "0, " "0, " "0, " "0, " "0, " "0, " "0, " "0, " "0, " "0, " "0, " "0, " "0, " "0, " "0, " "0, " "0, " "0, " "0, " "0, " "0, " "0, " "0, " "0, " "0, " "0, " "0, " "0, " "0, " "0, " "0, " "0, " "0, " "0, " "0, " "0, " "0, " "0, " "0, " "0, " "0, " "0, " "0, " "0, " "0, " "0, " "0, " "0, " "0, " "0, " "0, " "0, " "0, " "0, " "0, " "0, " "0, " "0, " "0, " "0, " "0, " "0, " "0, " "0, " "0, " "0, " "0, " "0, " "0, " "0, " "0, " "0, " "0, " "0, " "0, " "0, " "0, " "0, " "0, " "0, " "1, " "1, " "1, " "1, " "0, " "1, " "1, " "1, " "1, " "1, " "1, " "1, " "1, " "0, " "1, "0
 "Nei2, 0.113, " "0.731, " "-0.615, " "1, " "1, " "0, " "1, " "1, " "1, " "1, " "1, " "1, " "0, " "1, " "1, " "1, " "1, " "1, " "1, " "1, " "1, " "1, " "0, " "0, " "0, " "0, " "0, " "0, " "0, " "0, " "0, " "0, " "0, " "0, " "0, " "0, " "0, " "0, " "0, " "0, " "0, " "0, " "0, " "0, " "0, " "0, " "0, " "0, " "0, " "0, " "0, " "0, " "0, " "0, " "0, " "0, " "0, " "0, " "0, " "0, " "0, " "0, " "0, " "0, " "0, " "0, " "0, " "0, " "0, " "0, " "1, " "0, " "0, " "0, " "0, " "0, " "0, " "0, " "0, " "0, " "0, " "0, " "0, " "0, " "0, " "0, " "0, " "0, " "0, " "0, " "0, " "0, " "0, " "0, " "0, " "0, " "0, " "0, " "0, " "0, " "0, " "0, " "0, " "0, " "0, " "0, " "0, " "0, " "0, " "0, " "0, " "0, " "0, " "0, " "0, " "0, " "0, " "0, " "0, " "0, " "0, " "0, " "0, " "0, " "0, " "0, " "0, " "0, " "0, " "0, " "0, " "0, " "0, " "0, " "0, " "0, " "0, " "0, " "0, " "0, " "0, " "0, " "0, " "0, " "0, " "0, " "0, " "0, " "0, " "0, " "0, " "0, " "0, " "1, " "0, " "0, " "0, " "0, " "0, " "0, " "0, " "0, " "0, " "0, " "0, " "0, " "0, " "0, " "0, " "0, " "0, " "0, " "0, " "0, " "0, " "0, " "0, " "0, " "0, " "0, " "0, " "0, " "0, " "0, " "0, " "0, " "0, " "0, " "0, " "0, " "0, " "0, " "0, " "0, " "0, " "0, " "0, " "0, " "0, " "0, " "0, " "0, " "0, " "0, " "0, " "0, " "0, " "0, " "0, " "0, " "0, " "0, " "0, " "0, " "0, " "0, " "0, " "0, " "0, " "0, " "0, " "0, " "0, " "0, " "0, " "0, " "0, " "0, " "0, " "0, " "0, " "0, " "0, " "0, " "0, " "0, " "0, " "0, " "0, " "0, " "0, " "0, " "0, " "0, " "0, " "0, " "1, " "1, " "1, " "1, " "1, " "1, " "1, " "1, " "1, " "1, " "1, " "1, " "1, " "1, "0
 "Nei3, 0.138, " "-0.966, " "0.637, " "0, " "1, " "1, " "0, " "1, " "0, " "1, " "1, " "1, " "1, " "1, " "1, " "1, " "1, " "1, " "1, " "1, " "1, " "1, " "1, " "0, " "0, " "0, " "0, " "0, " "0, " "0, " "0, " "0, " "0, " "0, " "0, " "0, " "0, " "0, " "0, " "0, " "0, " "0, " "0, " "0, " "0, " "0, " "0, " "0, " "0, " "0, " "0, " "0, " "0, " "0, " "0, " "0, " "0, " "0, " "0, " "0, " "0, " "0, " "0, " "0, " "0, " "0, " "0, " "0, " "0, " "0, " "0, " "0, " "0, " "0, " "0, " "0, " "0, " "0, " "0, " "0, " "0, " "0, " "0, " "0, " "0, " "0, " "0, " "0, " "0, " "0, " "0, " "0, " "0, " "0, " "0, " "0, " "0, " "0, " "0, " "0, " "0, " "0, " "0, " "0, " "0, " "0, " "0, " "0, " "0, " "0, " "0, " "0, " "0, " "0, " "0, " "0, " "0, " "0, " "0, " "0, " "0, " "0, " "0, " "0, " "0, " "0, " "0, " "0, " "0, " "0, " "0, " "0, " "0, " "0, " "0, " "0, " "0, " "0, " "0, " "0, " "0, " "0, " "0, " "0, " "0, " "0, " "0, " "0, " "0, " "0, " "0, " "0, " "0, " "0, " "0, " "0, " "0, " "0, " "0, " "0, " "0, " "0, " "0, " "0, " "0, " "1, " "0, " "0, " "0, " "0, " "0, " "0, " "0, " "0, " "0, " "0, " "0, " "0, " "0, " "0, " "0, " "0, " "0, " "0, " "0, " "0, " "0, " "0, " "0, " "0, " "0, " "0, " "0, " "0, " "0, " "0, " "0, " "0, " "0, " "0, " "0, " "0, " "0, " "0, " "0, " "0, " "0, " "0, " "0, " "0, " "0, " "0, " "0, " "0, " "0, " "0, " "0, " "0, " "0, " "0, " "0, " "0, " "0, " "0, " "0, " "0, " "0, " "0, " "0, " "0, " "0, " "0, " "0, " "0, " "0, " "0, " "0, " "0, " "0, " "0, " "0, " "0, " "0, " "0, " "0, " "0, " "0, " "0, " "1, " "1, " "1, " "1, " "1, " "1, " "1, " "1, " "0, " "1, " "1, " "1, "0
 "Nei4, 0.172, " "-0.1, " "-0.495, " "1, " "1, " "1, " "1, " "0, " "0, " "1, " "1, " "1, " "1, " "1, " "1, " "1, " "1, " "1, " "1, " "1, " "1, " "1, " "1, " "1, " "0, " "0, " "0, " "0, " "0, " "0, " "0, " "0, " "0, " "0, " "0, " "0, " "0, " "0, " "0, " "0, " "0, " "0, " "0, " "0, " "0, " "0, " "0, " "0, " "0, " "0, " "0, " "0, " "0, " "0, " "0, " "0, " "0, " "0, " "0, " "0, " "0, " "0, " "0, " "0, " "0, " "0, " "0, " "0, " "0, " "0, " "0, " "0, " "0, " "0, " "0, " "0, " "0, " "0, " "0, " "0, " "0, " "0, " "0, " "0, " "0, " "0, " "0, " "0, " "0, " "0, " "0, " "0, " "0, " "1, " "0, " "0, " "0, " "0, " "0, " "0, " "0, " "0, " "0, " "0, " "0, " "0, " "0, " "0, " "0, " "0, " "0, " "0, " "0, " "0, " "0, " "0, " "0, " "0, " "0, " "0, " "0, " "0, " "0, " "0, " "0, " "0, " "0, " "0, " "0, " "0, " "0, " "0, " "0, " "0, " "0, " "0, " "0, " "0, " "0, " "0, " "0, " "0, " "0, " "0, " "0, " "0, " "0, " "0, " "0, " "0, " "0, " "0, " "0, " "0, " "0, " "0, " "0, " "0, " "0, " "0, " "0, " "0, " "0, " "0, " "0, " "0, " "0, " "0, " "0, " "0, " "0, " "0, " "0, " "0, " "0, " "0, " "0, " "0, " "0, " "0, " "0, " "0, " "0, " "0, " "0, " "0, " "0, " "0, " "0, " "0, " "0, " "0, " "0, " "0, " "0, " "0, " "0, " "0, " "0, " "0, " "0, " "0, " "0, " "0, " "0, " "0, " "0, " "0, " "0, " "0, " "0, " "0, " "0, " "0, " "0, " "0, " "0, " "0, " "0, " "0, " "0, " "0, " "0, " "0, " "0, " "0, " "0, " "0, " "0, " "0, " "0, " "0, " "0, " "0, " "0, " "0, " "0, " "0, " "0, " "0, " "0, " "0, " "0, " "0, " "0, " "0, " "0, " "0, " "1, " "1, " "1, " "1, " "1, " "1, " "0, " "1, " "1, " "1, " "1, " "1, "0
 "Nei5, 0.093, " "0.776, " "0.374, " "1, " "1, " "1, " "0, " "0, " "0, " "1, " "1, " "1, " "1, " "1, " "1, " "1, " "1, " "1, " "1, " "1, " "1, " "1, " "1, " "1, " "1, " "0, " "0, " "0, " "0, " "0, " "0, " "0, " "0, " "0, " "0, " "0, " "0, " "0, " "0, " "0, " "0, " "0, " "0, " "0, " "0, " "0, " "0, " "0, " "0, " "0, " "0, " "0, " "0, " "0, " "0, " "0, " "0, " "0, " "0, " "0, " "0, " "0, " "0, " "0, " "0, " "0, " "0, " "0, " "0, " "0, " "0, " "0, " "0, " "0, " "0, " "0, " "0, " "0, " "0, " "0, " "0, " "0, " "0, " "0, " "0, " "0, " "0, " "0, " "0, " "0, " "0, " "0, " "0, " "0, " "0, " "0, " "0, " "0, " "0, " "0, " "0, " "0, " "0, " "0, " "0, " "0, " "1, " "0, " "0, " "0, " "0, " "0, " "0, " "0, " "0, " "0, " "0, " "0, " "0, " "0, " "0, " "0, " "0, " "0, " "0, " "0, " "0, " "0, " "0, " "0, " "0, " "0, " "0, " "0, " "0, " "0, " "0, " "0, " "0, " "0, " "0, " "0, " "0, " "0, " "0, " "0, " "0, " "0, " "0, " "0, " "0, " "0, " "0, " "0, " "0, " "0, " "0, " "0, " "0, " "0, " "0, " "0, " "0, " "0, " "0, " "0, " "0, " "0, " "0, " "0, " "0, " "0, " "0, " "0, " "0, " "0, " "0, " "0, " "0, " "0, " "0, " "0, " "0, " "0, " "0, " "0, " "0, " "0, " "0, " "0, " "0, " "0, " "0, " "0, " "0, " "0, " "0, " "0, " "0, " "0, " "0, " "0, " "0, " "0, " "0, " "0, " "0, " "0, " "0, " "0, " "0, " "0, " "0, " "0, " "0, " "0, " "0, " "0, " "0, " "0, " "0, " "0, " "0, " "0, " "0, " "0, " "0, " "0, " "0, " "0, " "0, " "0, " "0, " "0, " "0, " "0, " "0, " "0, " "0, " "0, " "0, " "0, " "0, " "0, " "0, " "0, " "0, " "0, " "0, " "1, " "1, " "1, " "1, " "1, " "0, " "1, " "1, " "1, " "1, " "1, "0
 "Nei6, 0.189, " "-0.276, " "-0.194, " "1, " "1, " "1, " "1, " "1, " "1, " "0, " "0, " "1, " "1, " "0, " "1, " "1, " "1, " "0, " "1, " "1, " "1, " "1, " "1, " "1, " "1, " "1, " "0, " "0, " "0, " "0, " "0, " "0, " "0, " "0, " "0, " "0, " "0, " "0, " "0, " "0, " "0, " "0, " "0, " "0, " "0, " "0, " "0, " "0, " "0, " "0, " "0, " "0, " "0, " "0, " "0, " "0, " "0, " "0, " "0, " "0, " "0, " "0, " "0, " "0, " "0, " "0, " "0, " "0, " "0, " "0, " "0, " "0, " "0, " "1, " "0, " "0, " "0, " "0, " "0, " "0, " "0, " "0, " "0, " "0, " "0, " "0, " "1, " "0, " "0, " "0, " "0, " "0, " "0, " "0, " "0, " "0, " "0, " "0, " "0, " "0, " "0, " "0, " "0, " "0, " "0, " "0, " "0, " "0, " "0, " "0, " "0, " "0, " "0, " "0, " "0, " "0, " "0, " "0, " "0, " "0, " "0, " "0, " "0, " "0, " "0, " "0, " "0, " "0, " "0, " "0, " "0, " "0, " "0, " "0, " "0, " "0, " "0, " "0, " "0, " "0, " "0, " "0, " "0, " "0, " "0, " "0, " "0, " "0, " "0, " "0, " "0, " "0, " "0, " "0, " "0, " "0, " "0, " "0, " "0, " "0, " "0, " "0, " "0, " "0, " "0, " "0, " "0, " "0, " "0, " "0, " "0, " "0, " "0, " "0, " "0, " "0, " "0, " "0, " "0, " "0, " "0, " "0, " "0, " "0, " "0, " "0, " "0, " "0, " "0, " "0, " "0, " "0, " "0, " "0, " "0, " "0, " "0, " "0, " "0, " "0, " "0, " "0, " "0, " "0, " "0, " "0, " "0, " "0, " "0, " "0, " "0, " "0, " "0, " "0, " "0, " "0, " "0, " "0, " "0, " "0, " "0, " "0, " "0, " "0, " "0, " "1, " "0, " "0, " "0, " "0, " "0, " "0, " "0, " "0, " "0, " "0, " "0, " "0, " "0, " "0, " "0, " "0, " "0, " "0, " "0, " "0, " "0, " "0, " "0, " "0, " "1, " "1, " "1, " "0, " "1, " "1, " "1, " "0, " "1, " "1, "0
 "Nei7, 0.193, " "-0.273, " "-0.354, " "1, " "1, " "1, " "1, " "1, " "1, " "0, " "0, " "1, " "1, " "0, " "1, " "1, " "1, " "1, " "1, " "1, " "1, " "1, " "1, " "1, " "1, " "1, " "1, " "0, " "0, " "0, " "0, " "0, " "0, " "0, " "0, " "1, " "0, " "0, " "0, " "0, " "0, " "0, " "0, " "0, " "0, " "0, " "0, " "0, " "0, " "1, " "0, " "0, " "0, " "0, " "0, " "0, " "0, " "0, " "0, " "0, " "0, " "0, " "0, " "0, " "0, " "0, " "0, " "0, " "0, " "0, " "0, " "0, " "0, " "0, " "0, " "0, " "0, " "0, " "0, " "0, " "0, " "0, " "0, " "0, " "0, " "0, " "0, " "0, " "0, " "0, " "0, " "0, " "0, " "0, " "0, " "0, " "0, " "0, " "0, " "0, " "0, " "0, " "0, " "0, " "0, " "0, " "0, " "0, " "0, " "0, " "0, " "0, " "0, " "0, " "0, " "0, " "0, " "1, " "0, " "0, " "0, " "0, " "0, " "0, " "0, " "0, " "0, " "0, " "0, " "0, " "0, " "0, " "0, " "0, " "0, " "0, " "0, " "0, " "0, " "0, " "0, " "0, " "0, " "0, " "0, " "0, " "0, " "0, " "0, " "0, " "0, " "0, " "0, " "0, " "0, " "0, " "0, " "0, " "0, " "0, " "0, " "0, " "0, " "0, " "0, " "0, " "0, " "0, " "0, " "0, " "0, " "0, " "0, " "0, " "0, " "0, " "0, " "0, " "0, " "0, " "0, " "0, " "0, " "0, " "0, " "0, " "0, " "0, " "0, " "0, " "0, " "0, " "0, " "0, " "0, " "0, " "0, " "0, " "0, " "0, " "0, " "0, " "0, " "0, " "0, " "0, " "0, " "0, " "0, " "0, " "0, " "0, " "0, " "0, " "0, " "0, " "0, " "0, " "0, " "0, " "0, " "0, " "0, " "0, " "0, " "0, " "0, " "0, " "0, " "0, " "0, " "0, " "0, " "0, " "0, " "0, " "0, " "0, " "0, " "0, " "0, " "0, " "0, " "0, " "0, " "0, " "0, " "0, " "0, " "0, " "0, " "1, " "1, " "1, " "1, " "1, " "1, " "1, " "1, " "1, "0
 "Nei8, 0.082, " "0.355, " "-0.342, " "1, " "1, " "1, " "1, " "1, " "1, " "1, " "1, " "0, " "1, " "1, " "1, " "1, " "1, " "1, " "1, " "1, " "1, " "1, " "1, " "1, " "1, " "1, " "1, " "0, " "0, " "0, " "0, " "0, " "0, " "0, " "0, " "0, " "0, " "0, " "0, " "0, " "0, " "0, " "0, " "0, " "0, " "0, " "0, " "1, " "0, " "0, " "0, " "0, " "0, " "0, " "0, " "0, " "0, " "0, " "0, " "0, " "0, " "0, " "0, " "0, " "0, " "0, " "0, " "0, " "0, " "0, " "0, " "0, " "0, " "0, " "0, " "0, " "0, " "0, " "0, " "0, " "0, " "0, " "0, " "0, " "0, " "0, " "0, " "0, " "0, " "0, " "0, " "0, " "0, " "0, " "0, " "0, " "0, " "0, " "0, " "0, " "0, " "0, " "0, " "0, " "0, " "0, " "0, " "0, " "0, " "0, " "0, " "0, " "0, " "0, " "0, " "0, " "0, " "0, " "0, " "0, " "0, " "0, " "0, " "0, " "0, " "0, " "0, " "0, " "0, " "0, " "0, " "0, " "0, " "0, " "0, " "0, " "0, " "0, " "0, " "0, " "0, " "0, " "0, " "0, " "0, " "0, " "0, " "0, " "0, " "0, " "0, " "0, " "0, " "0, " "0, " "0, " "0, " "0, " "0, " "0, " "0, " "0, " "0, " "0, " "0, " "0, " "0, " "0, " "0, " "0, " "0, " "0, " "0, " "0, " "0, " "0, " "0, " "0, " "0, " "0, " "0, " "0, " "0, " "0, " "0, " "0, " "0, " "0, " "0, " "0, " "0, " "0, " "0, " "0, " "0, " "0, " "0, " "0, " "0, " "0, " "0, " "0, " "0, " "0, " "0, " "0, " "0, " "0, " "0, " "0, " "0, " "0, " "0, " "0, " "0, " "0, " "0, " "0, " "0, " "0, " "0, " "1, " "0, " "0, " "0, " "0, " "0, " "0, " "0, " "0, " "0, " "0, " "0, " "0, " "0, " "0, " "0, " "0, " "0, " "0, " "0, " "0, " "0, " "0, " "0, " "0, " "0, " "0, " "0, " "0, " "0, " "0, " "1, " "1, " "1, " "1, " "1, " "1, " "0, " "1, "0
 "Nei9, 0.047, " "-0.947, " "0.31, " "1, " "1, " "0, " "1, " "1, " "1, " "1, " "1, " "1, " "0, " "0, " "1, " "1, " "1, " "1, " "1, " "1, " "1, " "1, " "1, " "1, " "1, " "1, " "1, " "1, " "1, " "0, " "0, " "0, " "0, " "0, " "0, " "0, " "0, " "0, " "0, " "0, " "0, " "0, " "0, " "0, " "0, " "0, " "0, " "0, " "0, " "0, " "0, " "0, " "0, " "0, " "0, " "0, " "0, " "0, " "0, " "0, " "0, " "0, " "0, " "0, " "0, " "0, " "0, " "0, " "0, " "0, " "0, " "0, " "0, " "0, " "0, " "0, " "0, " "0, " "0, " "0, " "0, " "0, " "0, " "0, " "0, " "0, " "0, " "0, " "0, " "0, " "0, " "0, " "0, " "0, " "0, " "0, " "0, " "0, " "0, " "0, " "0, " "0, " "0, " "0, " "0, " "0, " "0, " "0, " "0, " "0, " "0, " "0, " "0, " "0, " "0, " "0, " "0, " "0, " "0, " "0, " "0, " "0, " "0, " "0, " "0, " "0, " "0, " "0, " "0, " "0, " "0, " "0, " "0, " "0, " "0, " "0, " "0, " "0, " "0, " "0, " "0, " "0, " "0, " "0, " "0, " "0, " "0, " "0, " "0, " "0, " "0, " "0, " "0, " "0, " "0, " "0, " "0, " "0, " "0, " "0, " "0, " "0, " "0, " "0, " "0, " "0, " "0, " "0, " "0, " "0, " "0, " "0, " "0, " "0, " "0, " "0, " "0, " "0, " "0, " "0, " "0, " "0, " "0, " "0, " "0, " "0, " "0, " "0, " "0, " "0, " "0, " "0, " "0, " "0, " "0, " "0, " "0, " "0, " "0, " "0, " "0, " "1, " "0, " "0, " "0, " "0, " "0, " "0, " "0, " "0, " "0, " "0, " "0, " "0, " "0, " "0, " "0, " "0, " "0, " "0, " "0, " "0, " "0, " "0, " "0, " "0, " "0, " "0, " "0, " "0, " "0, " "0, " "0, " "0, " "0, " "0, " "0, " "0, " "0, " "0, " "0, " "0, " "0, " "0, " "0, " "0, " "0, " "0, " "0, " "0, " "0, " "0, " "0, " "1, " "1, " "1, " "1, " "1, " "1, " "1, "0
 "Nei10, 0.062, " "-0.257, " "0.42, " "1, " "1, " "1, " "1, " "1, " "1, " "0, " "0, " "1, " "0, " "0, " "1, " "0, " "1, " "1, " "1, " "1, " "1, " "1, " "1, " "1, " "1, " "1, " "1, " "1, " "1, " "1, " "0, " "0, " "0, " "0, " "0, " "0, " "0, " "0, " "0, " "0, " "0, " "0, " "0, " "0, " "0, " "0, " "0, " "0, " "0, " "0, " "0, " "0, " "0, " "0, " "0, " "0, " "0, " "0, " "0, " "0, " "0, " "0, " "0, " "0, " "0, " "0, " "0, " "0, " "0, " "0, " "0, " "0, " "0, " "0, " "0, " "0, " "0, " "0, " "0, " "0, " "0, " "0, " "0, " "0, " "0, " "0, " "0, " "0, " "0, " "0, " "0, " "0, " "0, " "0, " "0, " "0, " "0, " "0, " "0, " "0, " "0, " "0, " "0, " "0, " "0, " "0, " "0, " "0, " "0, " "0, " "0, " "0, " "0, " "1, " "0, " "0, " "0, " "0, " "0, " "0, " "0, " "0, " "0, " "0, " "0, " "0, " "0, " "0, " "0, " "0, " "0, " "0, " "0, " "0, " "0, " "0, " "0, " "0, " "0, " "0, " "0, " "0, " "0, " "0, " "0, " "0, " "0, " "1, " "0, " "0, " "0, " "0, " "0, " "0, " "0, " "0, " "0, " "0, " "0, " "0, " "0, " "0, " "0, " "0, " "0, " "0, " "0, " "0, " "0, " "0, " "0, " "0, " "0, " "0, " "0, " "0, " "0, " "0, " "0, " "0, " "0, " "0, " "0, " "0, " "0, " "0, " "0, " "0, " "0, " "0, " "0, " "0, " "0, " "0, " "0, " "0, " "0, " "0, " "0, " "0, " "0, " "0, " "0, " "0, " "0, " "0, " "0, " "0, " "0, " "0, " "0, " "0, " "0, " "0, " "0, " "0, " "0, " "0, " "0, " "0, " "0, " "0, " "0, " "0, " "0, " "0, " "0, " "0, " "0, " "0, " "0, " "0, " "0, " "0, " "0, " "0, " "0, " "0, " "0, " "0, " "0, " "0, " "0, " "0, " "0, " "0, " "0, " "0, " "0, " "0, " "0, " "0, " "0, " "0, " "1, " "1, " "1, " "1, " "1, " "1, "0
 "Nei11, 0.101, " "0.161, " "-0.546, " "1, " "1, " "1, " "1, " "1, " "1, " "1, " "1, " "1, " "1, " "1, " "0, " "1, " "1, " "1, " "1, " "1, " "1, " "1, " "1, " "1, " "1, " "1, " "1, " "1, " "1, " "0, " "1, " "0, " "0, " "0, " "0, " "0, " "0, " "0, " "0, " "0, " "0, " "0, " "0, " "0, " "0, " "0, " "0, " "0, " "0, " "0, " "0, " "0, " "0, " "0, " "0, " "0, " "0, " "0, " "0, " "0, " "0, " "0, " "0, " "0, " "0, " "0, " "0, " "0, " "0, " "0, " "0, " "0, " "0, " "0, " "0, " "0, " "0, " "0, " "0, " "0, " "0, " "0, " "0, " "0, " "0, " "0, " "1, " "0, " "0, " "0, " "0, " "0, " "0, " "0, " "0, " "0, " "0, " "0, " "0, " "0, " "0, " "0, " "0, " "0, " "0, " "0, " "0, " "0, " "0, " "0, " "0, " "0, " "0, " "0, " "0, " "0, " "0, " "0, " "0, " "0, " "0, " "0, " "0, " "0, " "0, " "0, " "0, " "0, " "0, " "0, " "0, " "0, " "0, " "0, " "0, " "0, " "0, " "0, " "0, " "0, " "0, " "0, " "0, " "0, " "0, " "0, " "0, " "0, " "0, " "0, " "0, " "0, " "0, " "0, " "0, " "0, " "0, " "0, " "0, " "0, " "0, " "0, " "0, " "0, " "0, " "0, " "0, " "0, " "0, " "0, " "0, " "0, " "0, " "0, " "0, " "0, " "0, " "0, " "0, " "0, " "0, " "0, " "0, " "0, " "0, " "0, " "0, " "0, " "0, " "0, " "0, " "0, " "0, " "0, " "0, " "0, " "0, " "0, " "0, " "0, " "0, " "0, " "0, " "0, " "0, " "0, " "0, " "0, " "0, " "0, " "0, " "0, " "0, " "0, " "0, " "0, " "0, " "0, " "0, " "0, " "0, " "0, " "0, " "0, " "0, " "0, " "0, " "0, " "0, " "0, " "0, " "0, " "0, " "0, " "0, " "0, " "0, " "0, " "0, " "0, " "0, " "0, " "0, " "0, " "0, " "0, " "0, " "0, " "0, " "0, " "0, " "0, " "0, " "0, " "1, " "0, " "1, " "1, " "1, " "1, "0
 "Nei12, 0.118, " "-0.506, " "0.985, " "1, " "1, " "1, " "1, " "1, " "1, " "1, " "1, " "1, " "1, " "0, " "1, " "0, " "1, " "1, " "1, " "1, " "0, " "1, " "1, " "1, " "1, " "1, " "1, " "1, " "1, " "1, " "1, " "1, " "0, " "0, " "0, " "0, " "0, " "0, " "0, " "0, " "0, " "0, " "0, " "0, " "1, " "0, " "0, " "0, " "0, " "0, " "0, " "0, " "0, " "0, " "0, " "0, " "0, " "0, " "0, " "0, " "0, " "0, " "0, " "0, " "0, " "0, " "0, " "0, " "0, " "0, " "0, " "0, " "0, " "0, " "0, " "0, " "0, " "0, " "0, " "0, " "0, " "0, " "0, " "0, " "0, " "0, " "0, " "0, " "0, " "0, " "0, " "0, " "0, " "0, " "0, " "0, " "0, " "0, " "0, " "0, " "0, " "0, " "0, " "0, " "0, " "0, " "0, " "0, " "0, " "0, " "0, " "0, " "0, " "0, " "0, " "1, " "0, " "0, " "0, " "0, " "0, " "0, " "0, " "0, " "0, " "0, " "0, " "0, " "0, " "0, " "0, " "0, " "0, " "0, " "0, " "0, " "0, " "0, " "0, " "0, " "0, " "0, " "0, " "0, " "0, " "0, " "0, " "0, " "0, " "0, " "0, " "0, " "0, " "0, " "0, " "0, " "0, " "0, " "0, " "0, " "0, " "0, " "0, " "0, " "0, " "0, " "0, " "0, " "0, " "0, " "0, " "0, " "0, " "0, " "0, " "0, " "0, " "0, " "0, " "0, " "0, " "0, " "0, " "0, " "0, " "0, " "0, " "0, " "0, " "0, " "0, " "0, " "0, " "0, " "0, " "0, " "0, " "0, " "0, " "0, " "0, " "0, " "0, " "0, " "0, " "0, " "0, " "0, " "0, " "0, " "0, " "0, " "0, " "0, " "0, " "0, " "0, " "0, " "0, " "0, " "0, " "0, " "0, " "0, " "0, " "0, " "0, " "0, " "0, " "0, " "0, " "0, " "0, " "0, " "0, " "0, " "0, " "0, " "0, " "0, " "0, " "0, " "0, " "0, " "0, " "0, " "0, " "0, " "0, " "0, " "0, " "0, " "0, " "0, " "0, " "0, " "1, " "1, " "1, " "1, "0
 "Nei13, 0.155, " "0.235, " "0.06, " "1, " "1, " "1, " "1, " "1, " "1, " "1, " "1, " "1, " "1, " "1, " "1, " "1, " "0, " "1, " "0, " "1, " "1, " "1, " "1, " "1, " "1, " "1, " "1, " "1, " "1, " "1, " "0, " "1, " "1, " "0, " "0, " "0, " "0, " "0, " "0, " "0, " "0, " "0, " "0, " "0, " "0, " "0, " "0, " "0, " "0, " "0, " "0, " "0, " "0, " "0, " "0, " "0, " "0, " "0, " "0, " "0, " "0, " "0, " "0, " "0, " "0, " "0, " "0, " "0, " "0, " "0, " "0, " "0, " "0, " "0, " "0, " "0, " "0, " "0, " "0, " "0, " "0, " "0, " "0, " "0, " "0, " "0, " "0, " "0, " "0, " "0, " "0, " "0, " "0, " "0, " "0, " "0, " "0, " "0, " "0, " "0, " "0, " "0, " "0, " "0, " "0, " "0, " "0, " "0, " "0, " "0, " "0, " "0, " "0, " "0, " "0, " "0, " "0, " "0, " "0, " "0, " "0, " "0, " "0, " "0, " "0, " "0, " "0, " "0, " "0, " "0, " "0, " "0, " "0, " "0, " "0, " "0, " "0, " "0, " "0, " "0, " "0, " "0, " "0, " "0, " "0, " "0, " "0, " "0, " "0, " "0, " "0, " "0, " "0, " "0, " "0, " "0, " "0, " "0, " "0, " "0, " "0, " "0, " "0, " "0, " "0, " "0, " "0, " "0, " "0, " "0, " "0, " "0, " "0, " "0, " "0, " "0, " "0, " "0, " "0, " "0, " "0, " "0, " "0, " "0, " "0, " "0, " "0, " "0, " "0, " "0, " "0, " "0, " "0, " "0, " "0, " "0, " "0, " "0, " "0, " "0, " "0, " "0, " "0, " "0, " "0, " "0, " "0, " "0, " "1, " "0, " "0, " "0, " "0, " "0, " "0, " "0, " "0, " "0, " "0, " "0, " "0, " "0, " "0, " "0, " "0, " "1, " "0, " "0, " "0, " "0, " "0, " "0, " "0, " "0, " "0, " "0, " "0, " "0, " "0, " "0, " "0, " "0, " "0, " "0, " "0, " "0, " "0, " "0, " "0, " "0, " "0, " "0, " "0, " "0, " "0, " "0, " "0, " "1, " "1, " "1, "0
 "Nei14, 0.018, " "-0.862, " "0.03, " "1, " "1, " "1, " "1, " "1, " "1, " "0, " "1, " "1, " "1, " "1, " "1, " "1, " "1, " "0, " "1, " "1, " "1, " "1, " "0, " "1, " "1, " "1, " "1, " "1, " "1, " "1, " "1, " "0, " "0, " "1, " "0, " "0, " "0, " "0, " "0, " "0, " "0, " "0, " "0, " "0, " "0, " "0, " "0, " "0, " "0, " "0, " "0, " "0, " "0, " "1, " "0, " "0, " "0, " "0, " "0, " "0, " "0, " "0, " "0, " "0, " "0, " "0, " "0, " "0, " "0, " "0, " "0, " "0, " "0, " "0, " "0, " "0, " "0, " "0, " "0, " "0, " "0, " "0, " "0, " "0, " "0, " "0, " "0, " "0, " "0, " "0, " "0, " "0, " "0, " "0, " "0, " "0, " "0, " "0, " "0, " "0, " "0, " "0, " "0, " "0, " "0, " "0, " "0, " "0, " "0, " "0, " "0, " "1, " "0, " "0, " "0, " "0, " "0, " "0, " "0, " "0, " "0, " "0, " "0, " "0, " "0, " "0, " "0, " "0, " "0, " "0, " "0, " "0, " "0, " "0, " "0, " "0, " "0, " "0, " "0, " "0, " "0, " "0, " "0, " "0, " "0, " "0, " "0, " "0, " "0, " "0, " "0, " "0, " "0, " "0, " "0, " "0, " "0, " "0, " "0, " "0, " "0, " "0, " "0, " "0, " "0, " "1, " "0, " "0, " "0, " "0, " "0, " "0, " "0, " "0, " "0, " "0, " "0, " "0, " "0, " "0, " "0, " "0, " "0, " "0, " "0, " "0, " "0, " "0, " "0, " "0, " "0, " "0, " "0, " "0, " "0, " "0, " "0, " "0, " "0, " "0, " "0, " "0, " "0, " "0, " "0, " "0, " "0, " "0, " "0, " "0, " "0, " "0, " "0, " "0, " "0, " "0, " "0, " "0, " "0, " "1, " "0, " "0, " "0, " "0, " "0, " "0, " "0, " "0, " "0, " "0, " "0, " "0, " "0, " "0, " "0, " "0, " "0, " "0, " "0, " "0, " "0, " "0, " "0, " "0, " "0, " "0, " "0, " "0, " "0, " "0, " "0, " "0, " "0, " "0, " "0, " "0, " "0, " "0, " "1, " "1, "0
 "Nei15, 0.109, " "0.758, " "0.559, " "1, " "1, " "1, " "1, " "1, " "1, " "1, " "1, " "1, " "1, " "1, " "1, " "1, " "0, " "1, " "0, " "0, " "1, " "1, " "1, " "1, " "1, " "1, " "1, " "1, " "1, " "1, " "0, " "1, " "1, " "1, " "1, " "1, " "0, " "0, " "0, " "0, " "0, " "0, " "0, " "0, " "0, " "0, " "0, " "0, " "0, " "0, " "0, " "0, " "0, " "0, " "0, " "0, " "0, " "0, " "0, " "0, " "0, " "0, " "0, " "0, " "0, " "0, " "0, " "0, " "0, " "0, " "0, " "0, " "0, " "0, " "0, " "0, " "0, " "0, " "0, " "0, " "0, " "0, " "0, " "0, " "0, " "0, " "0, " "0, " "0, " "0, " "0, " "0, " "0, " "0, " "0, " "0, " "0, " "0, " "0, " "0, " "0, " "0, " "0, " "0, " "0, " "0, " "0, " "0, " "0, " "0, " "0, " "0, " "0, " "0, " "0, " "0, " "0, " "0, " "0, " "0, " "0, " "0, " "0, " "0, " "0, " "0, " "0, " "0, " "0, " "0, " "0, " "0, " "0, " "0, " "0, " "0, " "0, " "0, " "0, " "0, " "0, " "0, " "0, " "0, " "0, " "0, " "0, " "0, " "0, " "0, " "0, " "0, " "0, " "0, " "0, " "0, " "0, " "0, " "0, " "0, " "0, " "0, " "0, " "0, " "0, " "0, " "0, " "0, " "0, " "0, " "0, " "0, " "0, " "1, " "0, " "0, " "0, " "0, " "0, " "0, " "0, " "0, " "0, " "0, " "0, " "0, " "0, " "0, " "0, " "0, " "0, " "0, " "0, " "0, " "0, " "0, " "0, " "0, " "0, " "0, " "0, " "0, " "0, " "0, " "0, " "0, " "0, " "0, " "0, " "0, " "0, " "0, " "0, " "0, " "0, " "0, " "0, " "0, " "0, " "0, " "0, " "0, " "0, " "0, " "0, " "0, " "0, " "0, " "0, " "0, " "0, " "0, " "0, " "0, " "0, " "0, " "0, " "0, " "0, " "0, " "0, " "0, " "0, " "0, " "0, " "0, " "0, " "0, " "0, " "0, " "0, " "0, " "0, " "0, " "0, " "0, " "0, " "0, " "0, " "1, "0
 "Nei16, 0.145, " "0.449, " "0.876, " "1, " "1, " "1, " "1, " "1, " "1, " "1, " "1, " "1, " "1, " "1, " "1, " "1, " "1, " "1, " "0, " "0, " "1, " "1, " "1, " "1, " "1, " "1, " "1, " "1, " "1, " "1, " "1, " "1, " "1, " "1, " "1, " "1, " "0, " "0, " "0, " "0, " "0, " "0, " "0, " "0, " "0, " "0, " "0, " "0, " "0, " "0, " "0, " "0, " "0, " "0, " "0, " "0, " "0, " "0, " "0, " "0, " "0, " "0, " "0, " "0, " "0, " "0, " "0, " "0, " "0, " "0, " "0, " "0, " "0, " "0, " "0, " "0, " "0, " "0, " "0, " "0, " "0, " "0, " "0, " "0, " "0, " "0, " "0, " "0, " "0, " "0, " "0, " "0, " "0, " "0, " "0, " "0, " "0, " "0, " "0, " "0, " "0, " "0, " "0, " "0, " "0, " "0, " "0, " "0, " "0, " "0, " "0, " "0, " "0, " "0, " "0, " "0, " "0, " "0, " "0, " "0, " "0, " "0, " "0, " "0, " "0, " "0, " "0, " "0, " "0, " "0, " "0, " "0, " "0, " "0, " "0, " "0, " "0, " "0, " "0, " "0, " "0, " "0, " "0, " "0, " "0, " "0, " "0, " "0, " "0, " "0, " "0, " "0, " "0, " "0, " "0, " "0, " "0, " "0, " "0, " "0, " "0, " "0, " "0, " "0, " "0, " "0, " "0, " "0, " "0, " "0, " "0, " "0, " "0, " "0, " "0, " "0, " "0, " "0, " "0, " "0, " "0, " "0, " "0, " "0, " "0, " "0, " "0, " "0, " "0, " "0, " "0, " "0, " "0, " "0, " "0, " "0, " "0, " "0, " "0, " "0, " "0, " "0, " "0, " "0, " "0, " "0, " "0, " "0, " "0, " "0, " "0, " "0, " "0, " "0, " "0, " "0, " "0, " "0, " "0, " "0, " "0, " "0, " "0, " "0, " "0, " "0, " "0, " "0, " "0, " "0, " "0, " "0, " "0, " "0, " "0, " "0, " "0, " "0, " "0, " "0, " "0, " "0, " "0, " "0, " "1, " "0, " "0, " "0, " "0, " "0, " "0, " "0, " "0, " "0, " "0, " "0, " "0, " "0, " "0, " "0, "0
 "Nei17, 0.136, " "0.108, " "-0.844, " "0, " "1, " "1, " "1, " "1, " "1, " "1, " "1, " "1, " "1, " "1, " "1, " "0, " "1, " "1, " "1, " "1, " "0, " "1, " "1, " "1, " "1, " "1, " "1, " "1, " "1, " "1, " "1, " "1, " "1, " "1, " "1, " "1, " "1, " "0, " "0, " "0, " "0, " "0, " "0, " "0, " "0, " "0, " "0, " "0, " "0, " "0, " "0, " "0, " "0, " "0, " "0, " "0, " "0, " "0, " "0, " "0, " "0, " "0, " "0, " "0, " "0, " "0, " "0, " "0, " "0, " "0, " "0, " "0, " "0, " "0, " "0, " "0, " "0, " "0, " "0, " "0, " "0, " "0, " "0, " "0, " "0, " "0, " "0, " "0, " "0, " "0, " "0, " "0, " "0, " "0, " "0, " "0, " "0, " "0, " "0, " "0, " "0, " "0, " "0, " "0, " "0, " "0, " "0, " "0, " "0, " "0, " "0, " "0, " "0, " "0, " "0, " "0, " "0, " "0, " "0, " "0, " "0, " "0, " "0, " "0, " "0, " "0, " "0, " "0, " "0, " "0, " "0, " "0, " "0, " "0, " "0, " "0, " "0, " "0, " "0, " "0, " "0, " "0, " "0, " "0, " "0, " "0, " "0, " "0, " "0, " "0, " "0, " "0, " "0, " "0, " "0, " "0, " "0, " "0, " "0, " "0, " "0, " "0, " "0, " "0, " "0, " "0, " "0, " "0, " "0, " "0, " "0, " "0, " "0, " "0, " "0, " "0, " "0, " "0, " "0, " "0, " "0, " "0, " "0, " "0, " "0, " "0, " "0, " "0, " "0, " "0, " "0, " "0, " "0, " "0, " "0, " "0, " "0, " "0, " "0, " "0, " "0, " "0, " "0, " "0, " "0, " "0, " "0, " "0, " "0, " "0, " "0, " "0, " "0, " "0, " "0, " "0, " "0, " "0, " "0, " "0, " "0, " "0, " "0, " "0, " "0, " "0, " "0, " "0, " "0, " "0, " "0, " "0, " "0, " "0, " "0, " "0, " "0, " "0, " "0, " "0, " "0, " "0, " "0, " "0, " "0, " "0, " "0, " "0, " "0, " "0, " "0, " "0, " "0, " "0, " "0, " "0, " "0, " "0, " "0, " "0, "0
 "Nei18, 0.057, " "-0.209, " "-0.658, " "0, " "0, " "1, " "1, " "1, " "1, " "1, " "1, " "1, " "1, " "1, " "1, " "1, " "1, " "1, " "1, " "1, " "1, " "0, " "1, " "1, " "1, " "1, " "1, " "1, " "1, " "1, " "1, " "1, " "1, " "1, " "1, " "1, " "1, " "1, " "0, " "0, " "0, " "0, " "1, " "0, " "0, " "0, " "0, " "0, " "0, " "0, " "0, " "0, " "0, " "0, " "0, " "0, " "0, " "0, " "0, " "0, " "0, " "0, " "0, " "0, " "0, " "0, " "0, " "0, " "0, " "0, " "0, " "0, " "0, " "0, " "0, " "0, " "0, " "0, " "0, " "0, " "0, " "0, " "0, " "0, " "0, " "0, " "0, " "0, " "0, " "0, " "0, " "0, " "0, " "0, " "0, " "0, " "0, " "0, " "0, " "0, " "0, " "0, " "0, " "0, " "0, " "0, " "0, " "0, " "0, " "0, " "0, " "0, " "0, " "0, " "0, " "0, " "0, " "0, " "0, " "0, " "0, " "0, " "0, " "0, " "0, " "0, " "0, " "0, " "0, " "0, " "0, " "0, " "0, " "0, " "0, " "0, " "0, " "0, " "0, " "0, " "0, " "0, " "0, " "0, " "0, " "0, " "0, " "0, " "0, " "0, " "0, " "0, " "0, " "0, " "0, " "0, " "0, " "0, " "0, " "0, " "0, " "0, " "0, " "0, " "0, " "0, " "0, " "0, " "0, " "0, " "0, " "0, " "0, " "0, " "0, " "0, " "0, " "0, " "0, " "0, " "0, " "0, " "0, " "0, " "0, " "0, " "0, " "0, " "0, " "0, " "0, " "0, " "0, " "0, " "0, " "0, " "0, " "0, " "0, " "0, " "0, " "0, " "0, " "0, " "0, " "0, " "0, " "0, " "0, " "0, " "0, " "0, " "0, " "0, " "0, " "0, " "0, " "0, " "0, " "0, " "0, " "0, " "0, " "0, " "0, " "0, " "0, " "0, " "0, " "0, " "0, " "0, " "0, " "0, " "0, " "0, " "0, " "0, " "0, " "0, " "0, " "0, " "0, " "0, " "0, " "0, " "0, " "0, " "0, " "0, " "0, " "0, " "0, " "0, " "0, " "0, " "0, " "0, " "0, " "0, "0
 "Nei19, 0.098, " "0.39, " "0.017, " "0, " "0, " "0, " "1, " "1, " "1, " "1, " "1, " "1, " "1, " "1, " "1, " "1, " "1, " "0, " "1, " "1, " "1, " "1, " "0, " "1, " "1, " "1, " "1, " "1, " "1, " "1, " "1, " "1, " "1, " "1, " "1, " "1, " "1, " "1, " "1, " "0, " "0, " "0, " "0, " "0, " "0, " "0, " "0, " "0, " "0, " "0, " "0, " "0, " "0, " "0, " "0, " "0, " "0, " "0, " "0, " "0, " "0, " "0, " "0, " "0, " "0, " "0, " "0, " "0, " "0, " "0, " "0, " "0, " "0, " "0, " "0, " "0, " "0, " "0, " "0, " "0, " "0, " "0, " "0, " "0, " "0, " "0, " "0, " "0, " "0, " "0, " "0, " "0, " "0, " "0, " "0, " "0, " "0, " "0, " "0, " "0, " "0, " "0, " "0, " "0, " "0, " "0, " "0, " "0, " "0, " "0, " "0, " "0, " "0, " "0, " "0, " "0, " "0, " "0, " "0, " "0, " "0, " "0, " "0, " "0, " "0, " "0, " "0, " "0, " "0, " "0, " "0, " "0, " "0, " "0, " "0, " "0, " "0, " "0, " "0, " "0, " "0, " "0, " "0, " "0, " "0, " "0, " "0, " "0, " "0, " "0, " "0, " "0, " "0, " "0, " "0, " "0, " "0, " "0, " "0, " "0, " "0, " "0, " "0, " "0, " "0, " "0, " "0, " "0, " "0, " "0, " "0, " "0, " "0, " "0, " "0, " "0, " "0, " "0, " "0, " "0, " "0, " "0, " "0, " "0, " "0, " "0, " "0, " "0, " "0, " "0, " "0, " "0, " "0, " "0, " "0, " "0, " "0, " "0, " "0, " "0, " "0, " "0, " "0, " "0, " "0, " "0, " "0, " "0, " "0, " "0, " "0, " "0, " "0, " "0, " "0, " "0, " "0, " "0, " "0, " "0, " "0, " "0, " "0, " "0, " "0, " "0, " "0, " "0, " "0, " "0, " "0, " "0, " "0, " "0, " "0, " "0, " "0, " "0, " "0, " "0, " "0, " "0, " "0, " "0, " "0, " "0, " "0, " "0, " "0, " "0, " "0, " "0, " "0, " "0, " "0, " "0, " "0, " "0, " "0, " "0, "0
 "Nei20, 0.101, " "-0.128, " "0.735, " "0, " "0, " "0, " "0, " "1, " "1, " "1, " "1, " "1, " "1, " "1, " "1, " "1, " "1, " "1, " "1, " "1, " "1, " "1, " "1, " "0, " "1, " "1, " "1, " "1, " "0, " "1, " "1, " "1, " "1, " "1, " "1, " "1, " "1, " "1, " "1, " "1, " "0, " "0, " "0, " "0, " "0, " "0, " "0, " "0, " "0, " "0, " "0, " "0, " "0, " "0, " "0, " "0, " "0, " "0, " "0, " "0, " "0, " "0, " "0, " "0, " "0, " "0, " "0, " "0, " "0, " "0, " "0, " "0, " "0, " "0, " "0, " "0, " "0, " "0, " "0, " "0, " "0, " "0, " "0, " "0, " "0, " "0, " "0, " "0, " "0, " "0, " "0, " "0, " "0, " "0, " "0, " "0, " "0, " "0, " "0, " "0, " "0, " "0, " "0, " "0, " "1, " "0, " "0, " "0, " "0, " "0, " "0, " "0, " "0, " "0, " "0, " "0, " "0, " "0, " "0, " "0, " "0, " "0, " "0, " "0, " "0, " "0, " "0, " "0, " "0, " "0, " "0, " "0, " "0, " "0, " "0, " "0, " "0, " "0, " "0, " "0, " "0, " "0, " "0, " "0, " "0, " "0, " "0, " "0, " "0, " "0, " "0, " "0, " "0, " "0, " "0, " "0, " "0, " "0, " "0, " "0, " "0, " "0, " "0, " "0, " "0, " "0, " "0, " "0, " "0, " "0, " "0, " "0, " "0, " "0, " "0, " "0, " "0, " "0, " "0, " "0, " "0, " "0, " "0, " "0, " "0, " "0, " "0, " "0, " "0, " "0, " "0, " "0, " "0, " "0, " "0, " "0, " "0, " "0, " "0, " "0, " "0, " "0, " "0, " "0, " "0, " "0, " "0, " "0, " "0, " "0, " "0, " "0, " "0, " "0, " "0, " "0, " "0, " "0, " "0, " "0, " "0, " "0, " "0, " "0, " "0, " "0, " "0, " "0, " "0, " "0, " "0, " "0, " "0, " "0, " "0, " "0, " "0, " "0, " "0, " "0, " "0, " "0, " "0, " "0, " "0, " "0, " "0, " "0, " "0, " "0, " "0, " "0, " "0, " "0, " "0, " "0, " "0, " "0, " "0, " "0, "0
 "Nei21, 0.163, " "0.563, " "0.503, " "0, " "0, " "0, " "0, " "0, " "1, " "1, " "1, " "1, " "1, " "1, " "1, " "1, " "1, " "1, " "1, " "1, " "1, " "1, " "1, " "1, " "0, " "1, " "0, " "1, " "1, " "1, " "1, " "1, " "1, " "1, " "1, " "0, " "1, " "1, " "1, " "1, " "1, " "0, " "0, " "0, " "0, " "0, " "0, " "0, " "0, " "0, " "0, " "0, " "0, " "0, " "0, " "0, " "0, " "0, " "0, " "0, " "0, " "0, " "0, " "0, " "0, " "0, " "0, " "0, " "0, " "0, " "0, " "0, " "0, " "0, " "0, " "0, " "0, " "0, " "0, " "0, " "0, " "0, " "0, " "0, " "0, " "0, " "1, " "0, " "0, " "0, " "0, " "0, " "0, " "0, " "0, " "0, " "0, " "0, " "0, " "0, " "0, " "0, " "0, " "0, " "0, " "0, " "0, " "0, " "0, " "0, " "0, " "0, " "0, " "0, " "0, " "0, " "0, " "0, " "0, " "0, " "0, " "0, " "0, " "0, " "0, " "0, " "0, " "0, " "0, " "0, " "0, " "0, " "0, " "0, " "0, " "0, " "0, " "0, " "0, " "0, " "0, " "0, " "0, " "0, " "0, " "0, " "0, " "0, " "0, " "0, " "0, " "0, " "0, " "0, " "0, " "0, " "0, " "0, " "0, " "0, " "0, " "0, " "0, " "0, " "0, " "0, " "0, " "0, " "0, " "0, " "0, " "0, " "0, " "0, " "0, " "0, " "0, " "0, " "0, " "0, " "0, " "0, " "0, " "0, " "0, " "0, " "0, " "0, " "0, " "0, " "0, " "0, " "0, " "0, " "0, " "0, " "0, " "0, " "0, " "0, " "0, " "0, " "0, " "0, " "1, " "0, " "1, " "0, " "0, " "0, " "0, " "0, " "0, " "0, " "0, " "0, " "0, " "0, " "0, " "0, " "0, " "0, " "0, " "0, " "0, " "0, " "0, " "0, " "0, " "1, " "0, " "0, " "0, " "0, " "0, " "0, " "0, " "0, " "1, " "0, " "0, " "0, " "0, " "0, " "0, " "0, " "0, " "0, " "0, " "0, " "0, " "0, " "0, " "0, " "0, " "0, " "0, " "0, " "0, " "0, "0
 "Nei22, 0.192, " "0.8, " "-0.074, " "0, " "0, " "0, " "0, " "0, " "0, " "1, " "1, " "1, " "1, " "1, " "1, " "1, " "1, " "1, " "1, " "1, " "1, " "1, " "1, " "1, " "1, " "0, " "1, " "1, " "1, " "1, " "1, " "1, " "0, " "1, " "1, " "1, " "1, " "1, " "1, " "1, " "1, " "1, " "0, " "0, " "0, " "0, " "0, " "0, " "0, " "0, " "0, " "0, " "0, " "0, " "0, " "0, " "0, " "0, " "0, " "0, " "0, " "0, " "0, " "0, " "0, " "0, " "0, " "0, " "0, " "0, " "0, " "0, " "0, " "0, " "0, " "0, " "0, " "0, " "0, " "0, " "0, " "0, " "0, " "0, " "0, " "0, " "0, " "1, " "0, " "0, " "0, " "0, " "0, " "0, " "0, " "0, " "0, " "0, " "0, " "0, " "0, " "0, " "0, " "0, " "0, " "0, " "0, " "0, " "0, " "0, " "0, " "0, " "0, " "0, " "0, " "0, " "0, " "0, " "0, " "0, " "0, " "0, " "0, " "0, " "0, " "0, " "0, " "0, " "0, " "0, " "0, " "0, " "0, " "0, " "0, " "0, " "0, " "0, " "0, " "0, " "0, " "0, " "0, " "0, " "0, " "0, " "0, " "0, " "0, " "0, " "0, " "0, " "0, " "0, " "0, " "0, " "0, " "0, " "0, " "0, " "0, " "0, " "0, " "0, " "0, " "0, " "0, " "0, " "0, " "0, " "0, " "0, " "0, " "0, " "0, " "0, " "0, " "0, " "0, " "0, " "0, " "0, " "0, " "0, " "0, " "0, " "0, " "0, " "0, " "0, " "0, " "0, " "0, " "0, " "0, " "0, " "0, " "0, " "0, " "0, " "0, " "0, " "0, " "0, " "0, " "0, " "0, " "0, " "0, " "0, " "0, " "0, " "0, " "0, " "0, " "0, " "0, " "0, " "0, " "0, " "0, " "0, " "0, " "0, " "0, " "0, " "0, " "0, " "0, " "0, " "0, " "0, " "0, " "0, " "0, " "0, " "0, " "0, " "0, " "0, " "0, " "1, " "0, " "0, " "0, " "0, " "0, " "0, " "0, " "0, " "0, " "0, " "0, " "0, " "0, " "0, " "0, " "0, " "0, " "0, "0
 "Nei23, 0.153, " "0.249, " "-0.951, " "0, " "0, " "0, " "0, " "0, " "0, " "0, " "1, " "1, " "1, " "1, " "1, " "1, " "1, " "1, " "1, " "1, " "1, " "1, " "1, " "1, " "0, " "1, " "0, " "1, " "1, " "1, " "1, " "1, " "1, " "1, " "1, " "1, " "1, " "1, " "1, " "1, " "1, " "1, " "1, " "0, " "0, " "0, " "0, " "0, " "0, " "0, " "0, " "0, " "0, " "0, " "0, " "0, " "0, " "0, " "0, " "0, " "0, " "0, " "0, " "0, " "0, " "0, " "0, " "0, " "0, " "0, " "0, " "0, " "0, " "0, " "0, " "0, " "0, " "0, " "0, " "0, " "0, " "0, " "0, " "0, " "0, " "0, " "0, " "0, " "0, " "0, " "0, " "0, " "0, " "0, " "0, " "0, " "0, " "0, " "0, " "0, " "0, " "0, " "0, " "0, " "0, " "0, " "0, " "0, " "0, " "0, " "0, " "0, " "0, " "0, " "0, " "0, " "0, " "0, " "0, " "0, " "0, " "0, " "0, " "0, " "0, " "0, " "0, " "0, " "0, " "0, " "0, " "0, " "0, " "0, " "0, " "0, " "0, " "0, " "0, " "0, " "0, " "0, " "0, " "0, " "0, " "0, " "0, " "0, " "0, " "0, " "0, " "0, " "0, " "0, " "0, " "0, " "0, " "0, " "0, " "0, " "0, " "0, " "0, " "0, " "0, " "0, " "0, " "0, " "0, " "0, " "0, " "0, " "0, " "0, " "0, " "0, " "0, " "0, " "0, " "0, " "0, " "0, " "0, " "0, " "0, " "0, " "0, " "0, " "0, " "0, " "0, " "0, " "0, " "0, " "0, " "0, " "0, " "0, " "0, " "0, " "0, " "0, " "0, " "0, " "0, " "0, " "0, " "0, " "0, " "0, " "0, " "0, " "0, " "0, " "0, " "0, " "0, " "0, " "0, " "0, " "0, " "0, " "0, " "0, " "0, " "0, " "0, " "0, " "0, " "0, " "0, " "0, " "0, " "0, " "0, " "0, " "0, " "0, " "0, " "0, " "0, " "0, " "0, " "0, " "0, " "0, " "0, " "0, " "0, " "0, " "0, " "0, " "0, " "0, " "0, " "0, " "0, " "0, " "0, " "0, "0
 "Nei24, 0.051, " "0.201, " "-0.154, " "0, " "0, " "0, " "0, " "0, " "0, " "0, " "0, " "0, " "1, " "1, " "1, " "1, " "1, " "1, " "1, " "1, " "1, " "1, " "1, " "1, " "1, " "1, " "1, " "0, " "1, " "1, " "1, " "1, " "1, " "1, " "1, " "1, " "1, " "1, " "1, " "1, " "1, " "1, " "0, " "1, " "0, " "0, " "0, " "0, " "0, " "0, " "0, " "0, " "0, " "0, " "0, " "0, " "0, " "0, " "0, " "0, " "0, " "0, " "0, " "0, " "0, " "0, " "0, " "0, " "0, " "0, " "0, " "0, " "0, " "0, " "0, " "0, " "0, " "0, " "0, " "0, " "0, " "0, " "0, " "0, " "1, " "0, " "0, " "0, " "0, " "0, " "0, " "0, " "0, " "0, " "0, " "0, " "0, " "0, " "0, " "0, " "0, " "0, " "0, " "0, " "0, " "0, " "1, " "0, " "0, " "0, " "0, " "0, " "0, " "0, " "0, " "0, " "0, " "0, " "0, " "0, " "0, " "0, " "0, " "0, " "0, " "0, " "0, " "0, " "0, " "0, " "0, " "0, " "0, " "0, " "0, " "0, " "0, " "0, " "0, " "0, " "0, " "0, " "0, " "0, " "0, " "0, " "0, " "0, " "0, " "0, " "0, " "0, " "0, " "0, " "0, " "0, " "0, " "0, " "0, " "0, " "0, " "0, " "0, " "0, " "0, " "0, " "0, " "0, " "0, " "0, " "0, " "0, " "0, " "0, " "0, " "0, " "0, " "0, " "0, " "0, " "0, " "0, " "0, " "0, " "0, " "0, " "0, " "0, " "0, " "0, " "0, " "0, " "0, " "0, " "0, " "0, " "0, " "0, " "0, " "0, " "0, " "0, " "0, " "0, " "0, " "0, " "0, " "0, " "0, " "0, " "0, " "0, " "0, " "0, " "0, " "0, " "0, " "0, " "0, " "0, " "0, " "0, " "0, " "0, " "0, " "0, " "0, " "0, " "0, " "0, " "0, " "0, " "0, " "0, " "0, " "0, " "0, " "0, " "0, " "0, " "0, " "0, " "0, " "0, " "0, " "0, " "0, " "0, " "0, " "0, " "0, " "0, " "0, " "0, " "0, " "0, " "0, " "0, " "0, " "0, "0
 "Nei25, 0.103, " "0.168, " "-0.233, " "0, " "0, " "0, " "0, " "0, " "0, " "0, " "0, " "0, " "1, " "1, " "1, " "1, " "1, " "1, " "1, " "1, " "1, " "1, " "1, " "0, " "1, " "1, " "1, " "1, " "0, " "1, " "1, " "1, " "1, " "1, " "1, " "1, " "1, " "0, " "1, " "1, " "1, " "1, " "1, " "1, " "1, " "0, " "0, " "0, " "0, " "0, " "0, " "0, " "0, " "0, " "0, " "0, " "0, " "0, " "0, " "0, " "0, " "0, " "0, " "0, " "0, " "0, " "0, " "0, " "0, " "0, " "0, " "0, " "0, " "0, " "0, " "0, " "0, " "0, " "0, " "0, " "0, " "0, " "0, " "0, " "0, " "0, " "0, " "0, " "0, " "0, " "0, " "0, " "0, " "0, " "0, " "0, " "0, " "0, " "0, " "0, " "0, " "0, " "0, " "0, " "0, " "0, " "0, " "0, " "0, " "0, " "0, " "0, " "0, " "0, " "0, " "0, " "0, " "0, " "0, " "0, " "0, " "0, " "0, " "0, " "0, " "0, " "0, " "0, " "0, " "0, " "0, " "0, " "0, " "0, " "0, " "0, " "0, " "0, " "0, " "0, " "0, " "0, " "0, " "0, " "0, " "0, " "0, " "0, " "0, " "0, " "0, " "0, " "0, " "0, " "0, " "0, " "0, " "0, " "0, " "0, " "0, " "0, " "0, " "0, " "0, " "0, " "0, " "0, " "0, " "0, " "0, " "0, " "0, " "0, " "0, " "0, " "0, " "0, " "0, " "0, " "0, " "0, " "0, " "0, " "0, " "0, " "0, " "0, " "0, " "0, " "0, " "0, " "0, " "0, " "0, " "0, " "0, " "0, " "0, " "0, " "0, " "0, " "0, " "0, " "0, " "0, " "0, " "0, " "0, " "0, " "0, " "0, " "0, " "0, " "0, " "0, " "0, " "0, " "0, " "0, " "0, " "0, " "0, " "0, " "0, " "0, " "0, " "0, " "1, " "0, " "0, " "0, " "0, " "0, " "0, " "0, " "0, " "0, " "0, " "0, " "0, " "0, " "0, " "0, " "0, " "0, " "0, " "0, " "0, " "0, " "0, " "0, " "0, " "0, " "0, " "0, " "0, " "0, " "0, " "0, "0
 "Nei26, 0.039, " "0.864, " "-0.147, " "1, " "0, " "0, " "0, " "0, " "0, " "0, " "0, " "0, " "0, " "1, " "0, " "1, " "1, " "1, " "1, " "1, " "1, " "1, " "1, " "1, " "1, " "1, " "1, " "1, " "1, " "0, " "1, " "1, " "1, " "1, " "1, " "1, " "1, " "1, " "0, " "1, " "0, " "0, " "1, " "1, " "1, " "1, " "0, " "0, " "0, " "0, " "0, " "0, " "0, " "0, " "0, " "0, " "0, " "1, " "0, " "0, " "0, " "0, " "0, " "0, " "0, " "0, " "0, " "0, " "0, " "0, " "0, " "0, " "0, " "1, " "0, " "0, " "0, " "0, " "0, " "0, " "0, " "0, " "0, " "0, " "0, " "0, " "0, " "0, " "0, " "0, " "0, " "0, " "0, " "0, " "0, " "0, " "0, " "0, " "0, " "0, " "0, " "0, " "0, " "0, " "0, " "0, " "0, " "0, " "0, " "0, " "0, " "0, " "0, " "0, " "0, " "0, " "0, " "0, " "0, " "0, " "0, " "0, " "0, " "0, " "0, " "0, " "0, " "0, " "0, " "0, " "0, " "0, " "0, " "0, " "0, " "0, " "0, " "0, " "0, " "0, " "0, " "0, " "0, " "0, " "0, " "0, " "0, " "0, " "1, " "0, " "0, " "0, " "0, " "0, " "0, " "0, " "0, " "0, " "0, " "0, " "0, " "0, " "0, " "0, " "0, " "0, " "0, " "0, " "0, " "0, " "0, " "0, " "0, " "0, " "0, " "0, " "0, " "0, " "0, " "0, " "0, " "0, " "0, " "0, " "0, " "0, " "0, " "0, " "0, " "0, " "0, " "0, " "0, " "0, " "0, " "0, " "0, " "0, " "0, " "0, " "0, " "0, " "0, " "0, " "0, " "0, " "0, " "0, " "1, " "0, " "0, " "0, " "0, " "0, " "0, " "0, " "0, " "0, " "0, " "0, " "0, " "0, " "0, " "0, " "0, " "0, " "0, " "0, " "0, " "0, " "0, " "0, " "0, " "0, " "0, " "0, " "0, " "0, " "0, " "0, " "0, " "0, " "0, " "0, " "0, " "0, " "0, " "0, " "0, " "0, " "0, " "0, " "0, " "0, " "0, " "0, " "0, " "0, " "0, " "0, "0
 "Nei27, 0.196, " "0.284, " "-0.226, " "0, " "0, " "0, " "0, " "0, " "0, " "0, " "0, " "0, " "0, " "0, " "1, " "1, " "0, " "1, " "0, " "1, " "1, " "1, " "1, " "1, " "1, " "1, " "1, " "1, " "1, " "1, " "0, " "1, " "1, " "1, " "1, " "1, " "1, " "1, " "1, " "1, " "1, " "1, " "1, " "1, " "1, " "1, " "1, " "0, " "0, " "0, " "0, " "0, " "0, " "0, " "0, " "0, " "0, " "0, " "0, " "0, " "0, " "0, " "0, " "0, " "0, " "0, " "0, " "0, " "0, " "0, " "0, " "0, " "0, " "0, " "0, " "0, " "0, " "0, " "0, " "0, " "0, " "0, " "0, " "0, " "0, " "0, " "0, " "0, " "0, " "0, " "0, " "0, " "0, " "0, " "0, " "0, " "0, " "0, " "0, " "0, " "0, " "0, " "0, " "0, " "0, " "0, " "0, " "0, " "0, " "0, " "0, " "0, " "0, " "0, " "0, " "0, " "0, " "0, " "0, " "0, " "0, " "0, " "0, " "0, " "0, " "0, " "0, " "0, " "0, " "0, " "0, " "0, " "0, " "0, " "0, " "0, " "0, " "0, " "0, " "0, " "0, " "0, " "0, " "0, " "0, " "0, " "0, " "0, " "0, " "0, " "0, " "0, " "0, " "0, " "0, " "0, " "0, " "0, " "0, " "0, " "0, " "0, " "0, " "0, " "0, " "0, " "0, " "0, " "0, " "0, " "0, " "0, " "0, " "0, " "0, " "0, " "0, " "0, " "0, " "0, " "0, " "0, " "0, " "0, " "0, " "0, " "0, " "0, " "0, " "0, " "0, " "0, " "0, " "0, " "0, " "0, " "0, " "0, " "0, " "0, " "0, " "0, " "0, " "0, " "0, " "0, " "0, " "0, " "0, " "0, " "0, " "0, " "0, " "0, " "0, " "0, " "0, " "0, " "0, " "0, " "0, " "0, " "0, " "0, " "0, " "1, " "0, " "0, " "0, " "0, " "0, " "0, " "0, " "0, " "0, " "0, " "0, " "0, " "0, " "0, " "0, " "0, " "0, " "0, " "0, " "0, " "0, " "0, " "0, " "0, " "0, " "0, " "0, " "0, " "0, " "0, " "0, " "0, " "0, " "0, "0
 "Nei28, 0.123, " "0.511, " "0.841, " "1, " "0, " "0, " "0, " "0, " "0, " "0, " "0, " "0, " "0, " "0, " "0, " "1, " "1, " "0, " "1, " "1, " "1, " "1, " "1, " "1, " "1, " "1, " "1, " "1, " "1, " "1, " "1, " "0, " "1, " "1, " "1, " "1, " "1, " "1, " "1, " "1, " "0, " "1, " "0, " "1, " "1, " "1, " "1, " "1, " "0, " "0, " "0, " "0, " "0, " "0, " "0, " "0, " "0, " "0, " "0, " "0, " "0, " "0, " "0, " "0, " "0, " "0, " "0, " "0, " "0, " "0, " "0, " "0, " "0, " "0, " "0, " "0, " "0, " "0, " "0, " "0, " "0, " "0, " "0, " "0, " "0, " "0, " "0, " "0, " "0, " "0, " "0, " "0, " "0, " "0, " "0, " "1, " "0, " "0, " "0, " "0, " "0, " "0, " "0, " "0, " "0, " "0, " "0, " "0, " "0, " "0, " "0, " "0, " "0, " "0, " "0, " "0, " "0, " "0, " "0, " "0, " "0, " "0, " "0, " "0, " "0, " "0, " "0, " "0, " "0, " "0, " "0, " "0, " "0, " "0, " "0, " "0, " "0, " "0, " "0, " "0, " "0, " "0, " "0, " "0, " "0, " "0, " "0, " "0, " "0, " "0, " "0, " "0, " "0, " "0, " "0, " "0, " "0, " "0, " "0, " "0, " "0, " "0, " "0, " "0, " "0, " "0, " "0, " "0, " "0, " "0, " "0, " "0, " "0, " "0, " "0, " "0, " "0, " "0, " "0, " "0, " "0, " "0, " "0, " "0, " "0, " "0, " "0, " "0, " "0, " "0, " "0, " "0, " "0, " "0, " "0, " "0, " "0, " "0, " "0, " "0, " "0, " "0, " "0, " "0, " "0, " "0, " "0, " "0, " "0, " "0, " "0, " "1, " "0, " "0, " "0, " "0, " "0, " "0, " "0, " "0, " "0, " "0, " "0, " "0, " "0, " "0, " "0, " "0, " "0, " "0, " "0, " "0, " "0, " "0, " "0, " "0, " "0, " "0, " "0, " "0, " "0, " "0, " "0, " "0, " "0, " "0, " "0, " "0, " "0, " "0, " "0, " "0, " "0, " "0, " "0, " "0, " "0, " "0, " "0, " "0, "0
 "Nei29, 0.102, " "-0.842, " "-0.348, " "0, " "0, " "0, " "0, " "0, " "0, " "0, " "0, " "0, " "0, " "0, " "0, " "0, " "1, " "0, " "1, " "1, " "1, " "1, " "1, " "1, " "1, " "0, " "1, " "1, " "1, " "1, " "1, " "1, " "0, " "1, " "1, " "1, " "1, " "1, " "1, " "1, " "1, " "1, " "1, " "1, " "1, " "1, " "1, " "1, " "1, " "0, " "0, " "0, " "0, " "0, " "0, " "0, " "0, " "0, " "0, " "0, " "0, " "0, " "0, " "0, " "0, " "0, " "0, " "0, " "0, " "0, " "0, " "0, " "0, " "0, " "0, " "0, " "0, " "0, " "0, " "0, " "0, " "0, " "0, " "0, " "0, " "0, " "0, " "0, " "0, " "0, " "0, " "0, " "0, " "0, " "0, " "0, " "0, " "0, " "0, " "0, " "0, " "0, " "0, " "0, " "0, " "0, " "0, " "0, " "0, " "0, " "0, " "0, " "0, " "0, " "0, " "0, " "0, " "0, " "0, " "0, " "0, " "0, " "0, " "0, " "0, " "0, " "0, " "0, " "0, " "0, " "0, " "0, " "0, " "0, " "0, " "0, " "0, " "0, " "0, " "0, " "0, " "0, " "0, " "0, " "0, " "0, " "0, " "0, " "0, " "0, " "0, " "0, " "0, " "0, " "0, " "0, " "0, " "0, " "0, " "0, " "0, " "0, " "0, " "0, " "0, " "0, " "0, " "0, " "0, " "0, " "0, " "0, " "0, " "0, " "0, " "0, " "0, " "0, " "0, " "0, " "0, " "0, " "0, " "0, " "0, " "0, " "0, " "0, " "0, " "0, " "0, " "0, " "0, " "0, " "0, " "0, " "0, " "0, " "0, " "0, " "0, " "0, " "0, " "0, " "0, " "0, " "0, " "0, " "0, " "0, " "0, " "0, " "0, " "0, " "0, " "0, " "0, " "0, " "0, " "0, " "0, " "0, " "0, " "0, " "0, " "0, " "0, " "0, " "0, " "0, " "0, " "0, " "0, " "0, " "0, " "0, " "0, " "0, " "0, " "0, " "0, " "0, " "0, " "0, " "0, " "0, " "0, " "0, " "0, " "0, " "0, " "0, " "0, " "0, " "0, " "0, " "0, " "0, " "0, " "0, "0
 "Nei30, 0.04, " "0.143, " "-0.729, " "0, " "0, " "0, " "0, " "0, " "0, " "0, " "0, " "0, " "0, " "0, " "0, " "0, " "0, " "1, " "1, " "1, " "1, " "1, " "1, " "1, " "1, " "1, " "1, " "1, " "1, " "1, " "1, " "1, " "1, " "0, " "1, " "1, " "1, " "1, " "1, " "1, " "1, " "1, " "1, " "1, " "1, " "1, " "1, " "1, " "1, " "1, " "0, " "0, " "0, " "0, " "0, " "0, " "0, " "0, " "0, " "0, " "0, " "0, " "0, " "0, " "0, " "0, " "0, " "0, " "0, " "0, " "0, " "0, " "0, " "1, " "0, " "0, " "0, " "0, " "0, " "0, " "0, " "0, " "0, " "0, " "0, " "0, " "0, " "0, " "0, " "0, " "0, " "0, " "0, " "0, " "0, " "0, " "0, " "0, " "0, " "0, " "0, " "0, " "0, " "0, " "0, " "0, " "0, " "0, " "0, " "0, " "0, " "0, " "0, " "0, " "0, " "0, " "0, " "0, " "0, " "0, " "0, " "0, " "0, " "0, " "0, " "0, " "0, " "0, " "0, " "0, " "0, " "0, " "0, " "0, " "0, " "0, " "0, " "0, " "0, " "0, " "0, " "0, " "0, " "0, " "0, " "0, " "0, " "0, " "0, " "0, " "0, " "0, " "0, " "0, " "0, " "0, " "0, " "0, " "0, " "0, " "0, " "0, " "0, " "0, " "0, " "0, " "0, " "0, " "0, " "0, " "0, " "0, " "0, " "0, " "0, " "0, " "0, " "0, " "0, " "0, " "0, " "0, " "0, " "0, " "0, " "0, " "0, " "0, " "0, " "0, " "0, " "0, " "0, " "0, " "0, " "0, " "0, " "0, " "0, " "0, " "0, " "0, " "0, " "0, " "0, " "0, " "0, " "0, " "0, " "0, " "0, " "0, " "0, " "0, " "0, " "0, " "0, " "0, " "0, " "0, " "0, " "0, " "0, " "0, " "0, " "0, " "0, " "0, " "0, " "0, " "0, " "0, " "0, " "0, " "0, " "0, " "0, " "0, " "0, " "0, " "0, " "0, " "0, " "0, " "0, " "0, " "0, " "0, " "0, " "0, " "0, " "0, " "0, " "0, " "0, " "0, " "0, " "0, " "0, " "0, "0
 "Nei31, 0.169, " "0.625, " "-0.045, " "0, " "0, " "0, " "0, " "0, " "0, " "0, " "0, " "0, " "0, " "0, " "0, " "0, " "0, " "0, " "1, " "1, " "1, " "1, " "1, " "1, " "1, " "1, " "1, " "1, " "1, " "1, " "1, " "1, " "1, " "1, " "0, " "1, " "1, " "1, " "1, " "1, " "1, " "1, " "1, " "1, " "1, " "1, " "1, " "1, " "1, " "1, " "1, " "0, " "0, " "0, " "0, " "0, " "0, " "0, " "0, " "0, " "0, " "0, " "0, " "0, " "0, " "0, " "0, " "0, " "0, " "0, " "0, " "0, " "0, " "0, " "0, " "0, " "0, " "0, " "0, " "0, " "0, " "0, " "0, " "0, " "0, " "0, " "0, " "1, " "0, " "0, " "0, " "0, " "0, " "0, " "0, " "0, " "0, " "0, " "0, " "0, " "0, " "0, " "0, " "0, " "0, " "0, " "0, " "0, " "0, " "0, " "0, " "0, " "0, " "0, " "0, " "0, " "0, " "0, " "0, " "0, " "0, " "0, " "0, " "0, " "0, " "0, " "0, " "0, " "0, " "0, " "0, " "0, " "0, " "0, " "0, " "0, " "0, " "0, " "0, " "0, " "0, " "0, " "0, " "0, " "0, " "0, " "0, " "0, " "0, " "0, " "0, " "0, " "0, " "0, " "0, " "0, " "0, " "0, " "0, " "0, " "0, " "0, " "0, " "0, " "0, " "0, " "0, " "0, " "0, " "0, " "0, " "0, " "0, " "0, " "0, " "0, " "0, " "0, " "0, " "0, " "0, " "0, " "0, " "0, " "0, " "0, " "0, " "0, " "0, " "0, " "0, " "0, " "0, " "0, " "0, " "0, " "0, " "0, " "0, " "0, " "0, " "0, " "0, " "0, " "0, " "0, " "0, " "0, " "0, " "0, " "0, " "0, " "0, " "0, " "0, " "0, " "0, " "0, " "0, " "0, " "0, " "0, " "0, " "0, " "0, " "0, " "0, " "0, " "0, " "0, " "0, " "0, " "0, " "0, " "0, " "0, " "0, " "0, " "0, " "0, " "0, " "0, " "0, " "0, " "0, " "0, " "0, " "0, " "0, " "0, " "0, " "0, " "0, " "0, " "0, " "0, " "0, " "0, " "0, " "0, "0
 "Nei32, 0.091, " "-0.164, " "0.413, " "0, " "0, " "0, " "0, " "0, " "0, " "0, " "1, " "0, " "0, " "0, " "0, " "0, " "0, " "0, " "1, " "1, " "1, " "1, " "1, " "1, " "0, " "1, " "1, " "1, " "1, " "1, " "1, " "1, " "1, " "1, " "1, " "0, " "1, " "1, " "1, " "1, " "1, " "1, " "1, " "1, " "1, " "1, " "1, " "1, " "1, " "1, " "1, " "1, " "0, " "0, " "0, " "0, " "0, " "0, " "0, " "0, " "0, " "0, " "0, " "0, " "0, " "0, " "0, " "0, " "0, " "0, " "0, " "0, " "0, " "0, " "0, " "0, " "0, " "0, " "0, " "0, " "0, " "0, " "0, " "0, " "0, " "0, " "0, " "0, " "0, " "0, " "0, " "0, " "0, " "0, " "0, " "0, " "0, " "0, " "0, " "0, " "1, " "0, " "0, " "0, " "0, " "0, " "0, " "0, " "0, " "0, " "0, " "0, " "0, " "0, " "0, " "0, " "0, " "0, " "0, " "0, " "0, " "0, " "0, " "0, " "0, " "0, " "0, " "0, " "0, " "0, " "0, " "0, " "0, " "0, " "0, " "0, " "0, " "0, " "0, " "0, " "0, " "0, " "0, " "0, " "0, " "0, " "0, " "0, " "0, " "0, " "0, " "0, " "0, " "0, " "0, " "0, " "0, " "0, " "0, " "0, " "0, " "0, " "0, " "0, " "0, " "0, " "0, " "0, " "0, " "0, " "0, " "0, " "0, " "0, " "0, " "0, " "0, " "0, " "0, " "0, " "0, " "0, " "0, " "0, " "0, " "0, " "0, " "0, " "0, " "0, " "0, " "0, " "0, " "0, " "0, " "0, " "0, " "0, " "0, " "0, " "0, " "0, " "0, " "0, " "0, " "0, " "0, " "0, " "0, " "0, " "0, " "0, " "0, " "0, " "0, " "0, " "0, " "0, " "0, " "0, " "0, " "0, " "0, " "0, " "0, " "0, " "0, " "0, " "0, " "0, " "0, " "0, " "0, " "0, " "0, " "0, " "0, " "0, " "0, " "0, " "0, " "0, " "0, " "0, " "0, " "0, " "0, " "0, " "0, " "1, " "0, " "0, " "0, " "0, " "0, " "0, " "0, " "0, " "0, " "0, "0
 "Nei33, 0.066, " "0.437, " "0.942, " "0, " "0, " "0, " "0, " "0, " "0, " "0, " "0, " "0, " "0, " "0, " "0, " "0, " "0, " "0, " "0, " "0, " "1, " "1, " "1, " "1, " "1, " "1, " "1, " "1, " "1, " "1, " "1, " "1, " "1, " "1, " "1, " "1, " "0, " "1, " "1, " "1, " "1, " "1, " "1, " "0, " "1, " "1, " "1, " "1, " "1, " "1, " "1, " "0, " "1, " "0, " "0, " "0, " "0, " "0, " "0, " "0, " "0, " "0, " "0, " "0, " "0, " "0, " "0, " "0, " "0, " "0, " "0, " "0, " "0, " "0, " "0, " "0, " "0, " "0, " "0, " "0, " "0, " "0, " "0, " "0, " "0, " "0, " "0, " "0, " "0, " "0, " "0, " "0, " "0, " "0, " "0, " "0, " "0, " "0, " "0, " "0, " "0, " "0, " "0, " "0, " "0, " "0, " "0, " "0, " "0, " "0, " "0, " "0, " "0, " "0, " "0, " "0, " "1, " "0, " "0, " "0, " "0, " "0, " "0, " "0, " "0, " "0, " "0, " "0, " "0, " "0, " "0, " "0, " "0, " "0, " "0, " "0, " "0, " "0, " "0, " "0, " "0, " "0, " "0, " "0, " "0, " "0, " "0, " "0, " "0, " "0, " "0, " "0, " "0, " "0, " "0, " "0, " "0, " "0, " "1, " "0, " "0, " "0, " "0, " "0, " "0, " "0, " "0, " "0, " "0, " "0, " "0, " "0, " "0, " "0, " "0, " "0, " "0, " "0, " "0, " "0, " "0, " "0, " "0, " "0, " "0, " "0, " "0, " "0, " "0, " "0, " "0, " "0, " "0, " "0, " "0, " "0, " "0, " "0, " "0, " "0, " "0, " "0, " "0, " "0, " "0, " "0, " "1, " "0, " "0, " "0, " "0, " "0, " "0, " "0, " "0, " "0, " "0, " "0, " "0, " "0, " "0, " "0, " "0, " "0, " "0, " "0, " "0, " "0, " "0, " "0, " "0, " "0, " "0, " "0, " "0, " "0, " "0, " "0, " "0, " "0, " "0, " "0, " "0, " "0, " "0, " "0, " "0, " "0, " "0, " "0, " "0, " "0, " "0, " "0, " "0, " "0, " "0, " "0, " "0, " "0, "0
 "Nei34, 0.052, " "-0.122, " "-0.561, " "0, " "0, " "0, " "0, " "0, " "0, " "0, " "0, " "0, " "0, " "0, " "0, " "0, " "0, " "0, " "0, " "0, " "0, " "1, " "1, " "1, " "1, " "1, " "1, " "1, " "0, " "1, " "1, " "1, " "1, " "1, " "1, " "1, " "1, " "0, " "1, " "1, " "1, " "1, " "1, " "1, " "1, " "1, " "1, " "1, " "1, " "1, " "1, " "1, " "1, " "1, " "0, " "0, " "0, " "0, " "0, " "0, " "0, " "0, " "0, " "0, " "0, " "0, " "0, " "0, " "0, " "0, " "0, " "0, " "0, " "0, " "0, " "0, " "0, " "0, " "0, " "0, " "0, " "0, " "0, " "0, " "0, " "0, " "0, " "0, " "0, " "0, " "0, " "0, " "0, " "0, " "0, " "0, " "0, " "0, " "0, " "0, " "0, " "0, " "0, " "0, " "0, " "0, " "0, " "0, " "0, " "0, " "0, " "0, " "0, " "0, " "0, " "0, " "0, " "0, " "0, " "0, " "0, " "0, " "0, " "0, " "0, " "0, " "0, " "0, " "0, " "0, " "0, " "0, " "0, " "0, " "0, " "0, " "0, " "0, " "0, " "0, " "0, " "0, " "0, " "0, " "0, " "0, " "0, " "0, " "0, " "0, " "0, " "0, " "0, " "0, " "0, " "0, " "0, " "0, " "0, " "0, " "0, " "0, " "0, " "0, " "0, " "0, " "0, " "0, " "0, " "0, " "0, " "0, " "0, " "0, " "0, " "0, " "0, " "0, " "0, " "0, " "0, " "0, " "0, " "0, " "0, " "0, " "0, " "0, " "0, " "0, " "0, " "0, " "0, " "0, " "0, " "0, " "0, " "0, " "0, " "0, " "0, " "0, " "0, " "0, " "0, " "0, " "0, " "0, " "0, " "0, " "0, " "0, " "0, " "0, " "0, " "0, " "0, " "0, " "0, " "0, " "0, " "0, " "0, " "0, " "0, " "0, " "0, " "0, " "0, " "0, " "0, " "0, " "0, " "0, " "0, " "0, " "0, " "0, " "0, " "0, " "0, " "0, " "0, " "0, " "0, " "0, " "0, " "0, " "0, " "0, " "0, " "0, " "0, " "0, " "0, " "0, " "0, " "0, " "0, " "0, "0
 "Nei35, 0.063, " "-0.048, " "-0.51, " "0, " "0, " "0, " "0, " "0, " "0, " "0, " "0, " "0, " "0, " "0, " "0, " "0, " "0, " "0, " "0, " "0, " "0, " "0, " "1, " "1, " "1, " "1, " "1, " "1, " "1, " "0, " "1, " "1, " "1, " "1, " "1, " "1, " "1, " "1, " "0, " "1, " "1, " "0, " "1, " "1, " "1, " "1, " "1, " "1, " "1, " "1, " "1, " "1, " "1, " "1, " "1, " "0, " "0, " "0, " "0, " "0, " "0, " "0, " "0, " "0, " "0, " "0, " "0, " "0, " "0, " "0, " "0, " "0, " "0, " "0, " "0, " "0, " "0, " "0, " "0, " "0, " "0, " "0, " "0, " "0, " "0, " "0, " "0, " "0, " "0, " "0, " "0, " "0, " "0, " "0, " "0, " "0, " "0, " "0, " "0, " "0, " "0, " "0, " "0, " "0, " "0, " "0, " "0, " "0, " "0, " "0, " "0, " "0, " "0, " "0, " "0, " "0, " "0, " "0, " "0, " "0, " "0, " "0, " "0, " "0, " "0, " "0, " "0, " "0, " "0, " "0, " "0, " "0, " "0, " "0, " "0, " "0, " "0, " "0, " "0, " "0, " "0, " "0, " "0, " "0, " "0, " "1, " "0, " "0, " "0, " "0, " "0, " "0, " "0, " "0, " "0, " "0, " "0, " "0, " "0, " "0, " "0, " "0, " "0, " "0, " "0, " "0, " "0, " "0, " "0, " "0, " "0, " "0, " "0, " "0, " "0, " "0, " "0, " "0, " "0, " "0, " "0, " "0, " "0, " "0, " "0, " "0, " "0, " "0, " "0, " "0, " "0, " "0, " "0, " "0, " "0, " "0, " "0, " "0, " "0, " "0, " "0, " "0, " "0, " "0, " "0, " "0, " "0, " "0, " "0, " "0, " "0, " "0, " "0, " "0, " "0, " "0, " "0, " "0, " "0, " "0, " "0, " "0, " "0, " "0, " "0, " "0, " "0, " "0, " "0, " "0, " "0, " "0, " "0, " "0, " "0, " "0, " "0, " "0, " "0, " "0, " "0, " "0, " "0, " "0, " "0, " "0, " "0, " "0, " "0, " "0, " "0, " "0, " "0, " "0, " "0, " "0, " "0, " "0, " "0, " "0, "0
 "Nei36, 0.089, " "0.486, " "-0.265, " "0, " "0, " "0, " "0, " "0, " "0, " "0, " "0, " "0, " "0, " "0, " "0, " "0, " "0, " "0, " "0, " "0, " "0, " "0, " "0, " "1, " "1, " "1, " "1, " "1, " "1, " "1, " "1, " "1, " "1, " "1, " "1, " "1, " "1, " "1, " "1, " "0, " "1, " "1, " "1, " "0, " "1, " "1, " "1, " "1, " "1, " "1, " "1, " "1, " "1, " "1, " "1, " "1, " "0, " "0, " "0, " "0, " "0, " "0, " "0, " "0, " "0, " "0, " "0, " "0, " "0, " "0, " "0, " "0, " "0, " "0, " "0, " "0, " "0, " "0, " "0, " "0, " "0, " "0, " "0, " "0, " "0, " "0, " "0, " "0, " "0, " "0, " "0, " "0, " "0, " "0, " "0, " "0, " "0, " "0, " "0, " "0, " "0, " "0, " "0, " "0, " "0, " "0, " "0, " "0, " "0, " "0, " "0, " "0, " "0, " "0, " "0, " "0, " "0, " "0, " "0, " "0, " "0, " "0, " "0, " "0, " "0, " "0, " "0, " "0, " "0, " "0, " "0, " "0, " "0, " "0, " "0, " "0, " "0, " "0, " "0, " "0, " "0, " "0, " "0, " "0, " "0, " "0, " "0, " "0, " "0, " "0, " "0, " "0, " "0, " "0, " "0, " "0, " "0, " "0, " "0, " "0, " "0, " "0, " "0, " "0, " "0, " "0, " "0, " "0, " "0, " "0, " "0, " "0, " "0, " "0, " "0, " "0, " "0, " "0, " "0, " "0, " "0, " "0, " "0, " "0, " "0, " "0, " "0, " "0, " "0, " "0, " "0, " "0, " "0, " "0, " "0, " "0, " "0, " "0, " "0, " "0, " "0, " "0, " "0, " "0, " "0, " "0, " "0, " "0, " "0, " "0, " "0, " "0, " "0, " "0, " "0, " "0, " "0, " "0, " "0, " "0, " "0, " "0, " "0, " "0, " "0, " "0, " "0, " "0, " "0, " "0, " "0, " "0, " "0, " "0, " "0, " "0, " "0, " "0, " "0, " "0, " "0, " "0, " "0, " "0, " "0, " "0, " "0, " "0, " "0, " "0, " "0, " "0, " "0, " "0, " "0, " "0, " "0, " "0, " "1, " "0, "0
 "Nei37, 0.043, " "-0.548, " "0.145, " "0, " "0, " "0, " "0, " "0, " "0, " "0, " "0, " "0, " "0, " "0, " "0, " "0, " "0, " "0, " "0, " "0, " "0, " "0, " "0, " "0, " "1, " "1, " "1, " "1, " "1, " "0, " "1, " "0, " "1, " "1, " "1, " "1, " "1, " "1, " "1, " "1, " "0, " "1, " "0, " "1, " "1, " "1, " "1, " "1, " "1, " "1, " "1, " "1, " "1, " "1, " "1, " "1, " "1, " "0, " "0, " "0, " "1, " "0, " "0, " "0, " "0, " "0, " "0, " "0, " "0, " "0, " "0, " "0, " "0, " "0, " "0, " "0, " "0, " "0, " "0, " "0, " "0, " "0, " "0, " "0, " "0, " "0, " "0, " "0, " "0, " "0, " "0, " "0, " "0, " "0, " "0, " "0, " "0, " "0, " "0, " "0, " "0, " "0, " "0, " "0, " "0, " "0, " "0, " "0, " "0, " "0, " "0, " "0, " "0, " "0, " "0, " "0, " "0, " "0, " "0, " "0, " "0, " "0, " "0, " "0, " "0, " "0, " "0, " "0, " "0, " "0, " "0, " "0, " "0, " "0, " "0, " "0, " "0, " "0, " "0, " "0, " "0, " "0, " "0, " "0, " "0, " "0, " "0, " "0, " "0, " "0, " "0, " "0, " "0, " "0, " "0, " "0, " "0, " "0, " "0, " "0, " "0, " "0, " "0, " "0, " "0, " "0, " "0, " "0, " "0, " "0, " "0, " "0, " "0, " "0, " "0, " "0, " "0, " "0, " "0, " "0, " "0, " "0, " "0, " "0, " "0, " "0, " "0, " "0, " "0, " "0, " "0, " "0, " "0, " "0, " "0, " "0, " "0, " "0, " "0, " "1, " "0, " "0, " "0, " "0, " "0, " "0, " "0, " "0, " "0, " "0, " "0, " "0, " "0, " "0, " "0, " "0, " "0, " "0, " "0, " "0, " "0, " "0, " "0, " "0, " "0, " "0, " "0, " "0, " "0, " "0, " "0, " "0, " "0, " "0, " "0, " "0, " "0, " "0, " "0, " "0, " "0, " "0, " "0, " "0, " "0, " "0, " "0, " "0, " "0, " "0, " "0, " "0, " "0, " "0, " "0, " "0, " "0, " "0, " "0, " "0, "0
 "Nei38, 0.197, " "0.286, " "0.784, " "0, " "0, " "0, " "0, " "0, " "0, " "0, " "0, " "0, " "0, " "0, " "0, " "0, " "0, " "0, " "0, " "0, " "0, " "0, " "0, " "0, " "0, " "1, " "1, " "1, " "1, " "0, " "1, " "1, " "1, " "1, " "1, " "1, " "1, " "1, " "0, " "1, " "1, " "0, " "1, " "1, " "1, " "1, " "1, " "1, " "1, " "1, " "1, " "1, " "1, " "1, " "1, " "1, " "1, " "1, " "0, " "0, " "0, " "0, " "0, " "0, " "0, " "0, " "0, " "0, " "0, " "0, " "0, " "0, " "0, " "0, " "0, " "0, " "0, " "0, " "0, " "0, " "0, " "0, " "0, " "0, " "0, " "0, " "0, " "0, " "0, " "0, " "0, " "0, " "0, " "0, " "0, " "0, " "0, " "0, " "0, " "0, " "0, " "0, " "0, " "0, " "0, " "0, " "0, " "0, " "0, " "0, " "0, " "0, " "0, " "0, " "0, " "0, " "0, " "0, " "0, " "0, " "0, " "0, " "0, " "0, " "0, " "0, " "0, " "0, " "0, " "0, " "0, " "0, " "0, " "0, " "0, " "0, " "0, " "0, " "0, " "0, " "0, " "0, " "0, " "0, " "0, " "0, " "0, " "0, " "0, " "0, " "0, " "0, " "0, " "0, " "0, " "0, " "0, " "0, " "0, " "0, " "0, " "0, " "0, " "0, " "0, " "0, " "0, " "0, " "0, " "0, " "0, " "0, " "0, " "0, " "0, " "0, " "0, " "0, " "0, " "0, " "1, " "0, " "0, " "0, " "0, " "0, " "0, " "0, " "0, " "0, " "0, " "0, " "0, " "0, " "0, " "0, " "0, " "0, " "0, " "0, " "0, " "0, " "0, " "0, " "0, " "0, " "0, " "0, " "0, " "0, " "0, " "0, " "0, " "0, " "0, " "0, " "0, " "0, " "0, " "0, " "0, " "0, " "0, " "0, " "0, " "0, " "0, " "0, " "0, " "0, " "0, " "0, " "0, " "0, " "0, " "0, " "0, " "0, " "0, " "0, " "0, " "0, " "0, " "0, " "0, " "0, " "0, " "0, " "0, " "0, " "0, " "0, " "0, " "0, " "0, " "0, " "0, " "0, " "0, " "0, "0
 "Nei39, 0.077, " "-0.147, " "0.278, " "0, " "0, " "0, " "0, " "0, " "0, " "0, " "0, " "0, " "0, " "0, " "0, " "0, " "0, " "0, " "0, " "0, " "0, " "1, " "0, " "0, " "0, " "0, " "1, " "0, " "1, " "1, " "1, " "0, " "1, " "1, " "1, " "1, " "1, " "1, " "1, " "1, " "0, " "1, " "0, " "1, " "1, " "1, " "1, " "1, " "1, " "1, " "1, " "1, " "1, " "1, " "1, " "1, " "0, " "1, " "1, " "0, " "0, " "0, " "0, " "0, " "0, " "0, " "0, " "0, " "0, " "0, " "0, " "0, " "0, " "0, " "0, " "0, " "0, " "0, " "0, " "0, " "0, " "0, " "0, " "0, " "0, " "0, " "0, " "0, " "0, " "0, " "0, " "0, " "0, " "0, " "0, " "0, " "0, " "0, " "0, " "0, " "0, " "0, " "0, " "0, " "0, " "0, " "0, " "0, " "0, " "0, " "0, " "0, " "0, " "0, " "0, " "0, " "0, " "0, " "0, " "0, " "0, " "0, " "0, " "0, " "0, " "0, " "0, " "0, " "0, " "0, " "0, " "0, " "0, " "0, " "0, " "0, " "0, " "0, " "0, " "0, " "0, " "0, " "0, " "0, " "0, " "0, " "0, " "0, " "0, " "0, " "0, " "0, " "0, " "0, " "0, " "0, " "0, " "0, " "0, " "0, " "1, " "0, " "0, " "0, " "0, " "0, " "0, " "0, " "0, " "0, " "0, " "0, " "0, " "0, " "0, " "0, " "0, " "0, " "0, " "0, " "0, " "0, " "0, " "0, " "0, " "0, " "0, " "0, " "0, " "0, " "0, " "0, " "0, " "0, " "0, " "0, " "0, " "0, " "0, " "0, " "0, " "0, " "0, " "0, " "0, " "0, " "0, " "0, " "0, " "0, " "0, " "0, " "0, " "0, " "0, " "0, " "0, " "0, " "0, " "0, " "0, " "0, " "0, " "0, " "0, " "0, " "0, " "0, " "0, " "0, " "0, " "0, " "0, " "0, " "0, " "0, " "0, " "0, " "0, " "0, " "0, " "0, " "0, " "0, " "0, " "0, " "0, " "0, " "0, " "0, " "0, " "0, " "0, " "0, " "0, " "0, " "0, " "0, " "0, " "0, "0
 "Nei40, 0.128, " "-0.898, " "-0.9, " "0, " "0, " "0, " "0, " "0, " "0, " "0, " "0, " "0, " "0, " "0, " "0, " "0, " "0, " "0, " "0, " "0, " "0, " "0, " "0, " "0, " "0, " "0, " "0, " "1, " "1, " "1, " "1, " "1, " "1, " "1, " "1, " "1, " "0, " "1, " "1, " "0, " "1, " "1, " "1, " "0, " "1, " "1, " "1, " "1, " "1, " "1, " "1, " "1, " "0, " "1, " "1, " "1, " "1, " "1, " "1, " "1, " "0, " "0, " "0, " "0, " "0, " "0, " "0, " "0, " "0, " "0, " "0, " "0, " "0, " "0, " "0, " "0, " "0, " "0, " "0, " "0, " "0, " "0, " "0, " "0, " "0, " "0, " "0, " "0, " "0, " "0, " "0, " "0, " "0, " "0, " "0, " "0, " "0, " "0, " "0, " "0, " "1, " "0, " "0, " "0, " "0, " "0, " "0, " "0, " "0, " "0, " "0, " "0, " "0, " "0, " "0, " "0, " "0, " "0, " "0, " "0, " "0, " "0, " "0, " "0, " "0, " "0, " "0, " "0, " "0, " "0, " "0, " "0, " "0, " "0, " "0, " "0, " "0, " "0, " "0, " "0, " "0, " "0, " "0, " "0, " "0, " "0, " "0, " "0, " "0, " "0, " "0, " "0, " "0, " "0, " "0, " "1, " "0, " "0, " "0, " "0, " "0, " "0, " "0, " "0, " "0, " "0, " "0, " "0, " "0, " "0, " "0, " "0, " "0, " "0, " "0, " "0, " "0, " "0, " "0, " "0, " "0, " "0, " "0, " "0, " "0, " "0, " "0, " "0, " "0, " "0, " "0, " "0, " "0, " "0, " "0, " "0, " "0, " "0, " "0, " "0, " "0, " "0, " "0, " "0, " "0, " "0, " "0, " "0, " "0, " "0, " "0, " "0, " "0, " "0, " "0, " "0, " "0, " "0, " "0, " "0, " "0, " "0, " "0, " "0, " "0, " "0, " "0, " "0, " "0, " "0, " "0, " "0, " "0, " "0, " "0, " "0, " "0, " "0, " "0, " "0, " "0, " "0, " "0, " "0, " "0, " "0, " "0, " "0, " "0, " "0, " "0, " "0, " "0, " "0, " "0, " "0, " "0, " "0, " "0, " "0, "0
 "Nei41, 0.004, " "-0.384, " "0.369, " "0, " "0, " "0, " "0, " "0, " "0, " "0, " "0, " "0, " "0, " "0, " "0, " "1, " "0, " "0, " "0, " "0, " "0, " "0, " "0, " "0, " "0, " "0, " "0, " "0, " "1, " "1, " "1, " "1, " "1, " "1, " "1, " "1, " "1, " "1, " "1, " "1, " "1, " "1, " "1, " "1, " "0, " "1, " "1, " "1, " "1, " "1, " "0, " "1, " "1, " "1, " "1, " "1, " "1, " "1, " "1, " "1, " "1, " "0, " "0, " "0, " "0, " "0, " "0, " "0, " "0, " "0, " "0, " "0, " "0, " "0, " "0, " "0, " "0, " "0, " "0, " "0, " "0, " "0, " "0, " "0, " "0, " "0, " "0, " "0, " "0, " "0, " "0, " "0, " "0, " "0, " "0, " "0, " "0, " "0, " "0, " "0, " "0, " "0, " "0, " "0, " "0, " "0, " "0, " "0, " "0, " "0, " "0, " "0, " "0, " "0, " "0, " "0, " "0, " "0, " "0, " "0, " "0, " "0, " "0, " "0, " "0, " "0, " "0, " "0, " "0, " "0, " "0, " "0, " "0, " "0, " "0, " "0, " "0, " "0, " "0, " "0, " "0, " "0, " "0, " "0, " "0, " "0, " "0, " "0, " "0, " "0, " "0, " "0, " "0, " "0, " "0, " "0, " "0, " "0, " "0, " "0, " "0, " "0, " "0, " "0, " "0, " "0, " "0, " "0, " "0, " "0, " "0, " "0, " "0, " "0, " "0, " "0, " "0, " "0, " "0, " "0, " "0, " "0, " "0, " "0, " "0, " "0, " "0, " "0, " "0, " "0, " "0, " "0, " "0, " "0, " "0, " "0, " "0, " "0, " "0, " "0, " "0, " "0, " "0, " "0, " "0, " "0, " "0, " "0, " "0, " "0, " "0, " "0, " "0, " "0, " "0, " "0, " "0, " "0, " "0, " "0, " "0, " "0, " "0, " "0, " "0, " "0, " "0, " "0, " "1, " "0, " "0, " "0, " "0, " "0, " "0, " "0, " "0, " "0, " "0, " "0, " "0, " "0, " "0, " "0, " "0, " "0, " "0, " "0, " "0, " "0, " "0, " "0, " "0, " "0, " "0, " "0, " "0, " "0, " "0, " "0, "0
 "Nei42, 0.161, " "0.095, " "0.1, " "0, " "0, " "0, " "0, " "0, " "0, " "0, " "0, " "0, " "0, " "0, " "0, " "0, " "0, " "0, " "0, " "0, " "0, " "0, " "0, " "0, " "0, " "0, " "0, " "0, " "0, " "1, " "1, " "1, " "1, " "1, " "1, " "1, " "1, " "1, " "1, " "1, " "1, " "1, " "1, " "1, " "1, " "0, " "1, " "1, " "1, " "1, " "1, " "1, " "1, " "1, " "1, " "0, " "1, " "1, " "1, " "1, " "1, " "1, " "0, " "0, " "0, " "0, " "0, " "0, " "0, " "0, " "0, " "0, " "0, " "0, " "0, " "0, " "0, " "0, " "0, " "0, " "0, " "0, " "0, " "0, " "0, " "0, " "0, " "0, " "0, " "0, " "0, " "0, " "0, " "0, " "0, " "0, " "0, " "0, " "0, " "0, " "0, " "0, " "0, " "0, " "0, " "0, " "0, " "0, " "0, " "0, " "0, " "0, " "0, " "0, " "0, " "0, " "0, " "0, " "0, " "0, " "0, " "0, " "0, " "0, " "0, " "0, " "0, " "0, " "0, " "0, " "0, " "0, " "0, " "0, " "0, " "0, " "0, " "0, " "0, " "0, " "0, " "0, " "0, " "0, " "0, " "0, " "0, " "0, " "0, " "0, " "0, " "0, " "0, " "0, " "0, " "0, " "0, " "0, " "1, " "0, " "0, " "0, " "0, " "1, " "0, " "0, " "0, " "0, " "0, " "0, " "0, " "0, " "0, " "0, " "0, " "0, " "0, " "0, " "0, " "0, " "0, " "0, " "0, " "0, " "0, " "0, " "0, " "0, " "0, " "0, " "0, " "0, " "0, " "0, " "0, " "0, " "0, " "0, " "0, " "0, " "0, " "0, " "0, " "0, " "0, " "0, " "0, " "0, " "0, " "0, " "0, " "0, " "0, " "0, " "0, " "0, " "0, " "0, " "0, " "0, " "0, " "0, " "0, " "0, " "0, " "0, " "0, " "0, " "0, " "0, " "0, " "0, " "0, " "0, " "0, " "0, " "0, " "0, " "0, " "0, " "0, " "0, " "0, " "0, " "0, " "0, " "0, " "0, " "0, " "0, " "0, " "0, " "0, " "0, " "0, " "1, " "0, " "0, " "0, " "0, "0
 "Nei43, 0.146, " "0.595, " "0.138, " "0, " "0, " "0, " "0, " "0, " "0, " "0, " "0, " "0, " "0, " "0, " "0, " "0, " "0, " "0, " "0, " "0, " "0, " "0, " "0, " "0, " "0, " "0, " "0, " "0, " "0, " "0, " "1, " "1, " "1, " "1, " "1, " "1, " "1, " "1, " "1, " "1, " "1, " "1, " "1, " "1, " "1, " "1, " "0, " "1, " "1, " "1, " "1, " "1, " "1, " "1, " "1, " "1, " "1, " "1, " "1, " "1, " "1, " "1, " "1, " "0, " "0, " "0, " "0, " "0, " "0, " "0, " "0, " "0, " "0, " "0, " "0, " "0, " "0, " "0, " "0, " "0, " "0, " "0, " "0, " "0, " "0, " "0, " "0, " "0, " "0, " "0, " "0, " "0, " "0, " "0, " "0, " "0, " "0, " "0, " "0, " "0, " "0, " "0, " "0, " "0, " "0, " "0, " "0, " "0, " "0, " "0, " "0, " "0, " "0, " "0, " "0, " "0, " "0, " "0, " "0, " "0, " "0, " "0, " "0, " "0, " "0, " "0, " "0, " "0, " "0, " "0, " "0, " "0, " "0, " "0, " "0, " "0, " "0, " "0, " "0, " "0, " "0, " "0, " "0, " "0, " "0, " "0, " "0, " "0, " "0, " "0, " "0, " "0, " "0, " "0, " "0, " "0, " "0, " "0, " "0, " "0, " "0, " "0, " "0, " "0, " "0, " "0, " "0, " "0, " "0, " "0, " "0, " "0, " "0, " "0, " "0, " "0, " "0, " "0, " "0, " "0, " "0, " "0, " "0, " "0, " "0, " "0, " "0, " "0, " "0, " "0, " "0, " "0, " "0, " "0, " "0, " "0, " "0, " "0, " "0, " "0, " "0, " "0, " "0, " "0, " "0, " "0, " "0, " "0, " "0, " "0, " "0, " "0, " "0, " "0, " "0, " "0, " "0, " "0, " "0, " "0, " "0, " "0, " "0, " "0, " "0, " "0, " "0, " "0, " "0, " "0, " "0, " "0, " "0, " "0, " "0, " "0, " "0, " "0, " "0, " "0, " "0, " "0, " "0, " "0, " "0, " "0, " "0, " "0, " "0, " "0, " "0, " "0, " "0, " "0, " "0, " "0, " "0, " "0, " "0, " "0, "0
 "Nei44, 0.053, " "0.388, " "-0.774, " "0, " "0, " "0, " "0, " "0, " "0, " "0, " "0, " "1, " "0, " "0, " "0, " "0, " "0, " "0, " "0, " "0, " "0, " "0, " "0, " "0, " "0, " "0, " "0, " "0, " "0, " "0, " "0, " "1, " "1, " "1, " "1, " "1, " "1, " "1, " "1, " "1, " "1, " "1, " "1, " "1, " "1, " "1, " "1, " "0, " "1, " "1, " "1, " "1, " "1, " "1, " "1, " "1, " "1, " "1, " "1, " "1, " "0, " "1, " "1, " "1, " "0, " "0, " "0, " "0, " "0, " "0, " "0, " "0, " "0, " "0, " "0, " "0, " "0, " "0, " "0, " "0, " "0, " "0, " "0, " "0, " "0, " "0, " "0, " "0, " "0, " "0, " "0, " "0, " "0, " "0, " "0, " "0, " "0, " "0, " "0, " "0, " "0, " "0, " "0, " "0, " "0, " "0, " "0, " "0, " "0, " "0, " "0, " "0, " "0, " "0, " "0, " "0, " "0, " "0, " "0, " "0, " "0, " "0, " "0, " "0, " "0, " "0, " "0, " "0, " "0, " "0, " "0, " "0, " "0, " "0, " "0, " "0, " "0, " "0, " "0, " "0, " "0, " "0, " "0, " "0, " "0, " "0, " "1, " "0, " "0, " "0, " "0, " "0, " "0, " "0, " "0, " "0, " "0, " "0, " "0, " "0, " "0, " "0, " "0, " "0, " "0, " "0, " "0, " "0, " "0, " "0, " "0, " "0, " "0, " "0, " "0, " "0, " "0, " "0, " "0, " "0, " "0, " "0, " "0, " "0, " "0, " "0, " "0, " "0, " "0, " "0, " "0, " "0, " "0, " "0, " "0, " "0, " "0, " "0, " "0, " "0, " "0, " "0, " "0, " "0, " "0, " "0, " "0, " "0, " "0, " "0, " "0, " "0, " "0, " "0, " "0, " "0, " "0, " "0, " "0, " "0, " "0, " "0, " "0, " "0, " "0, " "0, " "0, " "0, " "0, " "0, " "0, " "0, " "0, " "0, " "0, " "0, " "0, " "0, " "0, " "0, " "0, " "0, " "0, " "0, " "0, " "0, " "0, " "0, " "0, " "0, " "0, " "0, " "0, " "0, " "0, " "0, " "0, " "0, " "0, " "0, "0
 "Nei45, 0.077, " "0.511, " "-0.309, " "0, " "0, " "0, " "0, " "0, " "0, " "0, " "0, " "0, " "0, " "0, " "0, " "0, " "0, " "0, " "0, " "0, " "0, " "0, " "0, " "0, " "0, " "0, " "0, " "0, " "0, " "0, " "0, " "0, " "1, " "1, " "1, " "1, " "1, " "1, " "1, " "1, " "1, " "1, " "1, " "1, " "1, " "1, " "1, " "1, " "0, " "0, " "1, " "1, " "1, " "1, " "1, " "1, " "1, " "1, " "1, " "1, " "1, " "1, " "1, " "1, " "1, " "0, " "0, " "0, " "0, " "0, " "0, " "0, " "0, " "1, " "0, " "0, " "0, " "0, " "0, " "0, " "0, " "0, " "0, " "0, " "0, " "0, " "0, " "0, " "0, " "0, " "0, " "0, " "0, " "0, " "0, " "0, " "0, " "0, " "0, " "0, " "0, " "0, " "0, " "0, " "0, " "0, " "0, " "0, " "0, " "0, " "0, " "0, " "0, " "0, " "0, " "0, " "0, " "0, " "0, " "0, " "0, " "0, " "0, " "0, " "0, " "0, " "0, " "0, " "0, " "0, " "0, " "0, " "0, " "0, " "0, " "0, " "0, " "0, " "0, " "0, " "0, " "0, " "0, " "0, " "0, " "0, " "0, " "0, " "0, " "0, " "0, " "0, " "0, " "0, " "0, " "0, " "0, " "0, " "0, " "0, " "0, " "0, " "0, " "0, " "0, " "0, " "0, " "0, " "0, " "0, " "0, " "0, " "0, " "0, " "0, " "0, " "0, " "0, " "0, " "0, " "0, " "0, " "0, " "0, " "0, " "0, " "0, " "0, " "0, " "0, " "0, " "0, " "0, " "0, " "0, " "0, " "0, " "0, " "0, " "0, " "0, " "0, " "0, " "0, " "0, " "0, " "0, " "0, " "0, " "0, " "0, " "0, " "0, " "0, " "0, " "0, " "0, " "0, " "0, " "0, " "0, " "0, " "0, " "0, " "0, " "0, " "0, " "0, " "0, " "0, " "0, " "0, " "0, " "0, " "0, " "0, " "0, " "0, " "0, " "0, " "0, " "0, " "0, " "0, " "0, " "0, " "0, " "0, " "0, " "0, " "0, " "0, " "0, " "0, " "0, " "0, " "0, " "0, " "0, " "0, "0
 "Nei46, 0.151, " "0.726, " "-0.865, " "0, " "0, " "0, " "0, " "0, " "0, " "0, " "1, " "0, " "0, " "0, " "0, " "0, " "0, " "0, " "0, " "0, " "0, " "0, " "0, " "0, " "0, " "0, " "0, " "0, " "0, " "0, " "0, " "0, " "0, " "1, " "1, " "1, " "1, " "1, " "1, " "1, " "1, " "1, " "1, " "1, " "1, " "1, " "1, " "1, " "0, " "0, " "1, " "1, " "1, " "1, " "0, " "1, " "0, " "1, " "1, " "1, " "1, " "1, " "1, " "1, " "1, " "1, " "0, " "0, " "0, " "0, " "0, " "0, " "0, " "0, " "0, " "0, " "1, " "0, " "0, " "0, " "0, " "0, " "0, " "0, " "0, " "0, " "0, " "0, " "0, " "0, " "0, " "0, " "0, " "0, " "0, " "0, " "0, " "0, " "0, " "0, " "0, " "0, " "0, " "0, " "0, " "0, " "0, " "0, " "0, " "0, " "0, " "0, " "0, " "0, " "0, " "0, " "0, " "0, " "0, " "0, " "0, " "0, " "0, " "0, " "0, " "0, " "0, " "0, " "0, " "0, " "0, " "0, " "0, " "0, " "0, " "0, " "0, " "0, " "0, " "0, " "0, " "0, " "0, " "0, " "0, " "0, " "0, " "0, " "0, " "0, " "0, " "0, " "0, " "0, " "0, " "0, " "0, " "0, " "0, " "0, " "0, " "0, " "0, " "0, " "0, " "0, " "0, " "0, " "0, " "0, " "0, " "0, " "0, " "0, " "0, " "0, " "0, " "0, " "0, " "0, " "0, " "0, " "0, " "0, " "0, " "0, " "0, " "0, " "0, " "0, " "0, " "0, " "0, " "0, " "0, " "0, " "0, " "0, " "0, " "0, " "0, " "0, " "0, " "0, " "0, " "0, " "0, " "0, " "0, " "0, " "0, " "0, " "0, " "0, " "0, " "0, " "0, " "1, " "0, " "0, " "0, " "0, " "0, " "0, " "0, " "0, " "0, " "0, " "0, " "0, " "0, " "0, " "0, " "0, " "0, " "0, " "0, " "0, " "0, " "0, " "0, " "0, " "0, " "0, " "0, " "0, " "0, " "0, " "0, " "0, " "0, " "0, " "0, " "0, " "0, " "0, " "0, " "0, " "0, " "0, "0
 "Nei47, 0.022, " "0.602, " "0.715, " "0, " "0, " "0, " "0, " "0, " "0, " "0, " "0, " "0, " "0, " "0, " "0, " "0, " "0, " "0, " "0, " "0, " "0, " "0, " "0, " "0, " "0, " "0, " "0, " "0, " "0, " "0, " "0, " "0, " "0, " "0, " "1, " "1, " "1, " "1, " "1, " "1, " "1, " "1, " "1, " "1, " "0, " "1, " "1, " "1, " "1, " "1, " "0, " "1, " "1, " "1, " "1, " "1, " "1, " "1, " "1, " "1, " "1, " "1, " "1, " "1, " "1, " "1, " "1, " "0, " "0, " "0, " "0, " "0, " "0, " "0, " "0, " "0, " "0, " "0, " "0, " "0, " "0, " "0, " "0, " "0, " "0, " "0, " "0, " "0, " "0, " "0, " "0, " "0, " "0, " "0, " "0, " "0, " "0, " "0, " "0, " "0, " "0, " "0, " "0, " "0, " "0, " "0, " "0, " "0, " "0, " "0, " "0, " "0, " "0, " "0, " "0, " "0, " "0, " "0, " "0, " "0, " "0, " "0, " "0, " "0, " "0, " "0, " "0, " "0, " "0, " "0, " "0, " "0, " "0, " "0, " "0, " "0, " "0, " "0, " "0, " "0, " "0, " "0, " "0, " "0, " "0, " "0, " "1, " "0, " "0, " "0, " "0, " "0, " "0, " "0, " "0, " "0, " "0, " "0, " "0, " "0, " "0, " "0, " "0, " "0, " "0, " "0, " "0, " "0, " "0, " "0, " "0, " "0, " "0, " "0, " "0, " "0, " "0, " "0, " "0, " "0, " "0, " "0, " "0, " "0, " "0, " "0, " "0, " "0, " "0, " "0, " "0, " "0, " "0, " "0, " "0, " "0, " "0, " "0, " "0, " "0, " "0, " "0, " "0, " "0, " "0, " "0, " "0, " "0, " "0, " "0, " "0, " "0, " "0, " "0, " "0, " "0, " "0, " "0, " "0, " "0, " "0, " "0, " "0, " "0, " "0, " "0, " "0, " "0, " "0, " "0, " "0, " "0, " "0, " "0, " "0, " "0, " "0, " "0, " "0, " "0, " "0, " "0, " "0, " "0, " "0, " "0, " "0, " "0, " "0, " "0, " "0, " "0, " "0, " "0, " "0, " "0, " "0, " "0, " "0, " "0, "0
 "Nei48, 0.098, " "0.624, " "-0.494, " "0, " "0, " "0, " "0, " "0, " "0, " "0, " "0, " "0, " "0, " "0, " "0, " "0, " "0, " "0, " "0, " "0, " "0, " "0, " "0, " "0, " "0, " "0, " "0, " "0, " "0, " "0, " "0, " "0, " "0, " "0, " "0, " "1, " "0, " "1, " "1, " "1, " "1, " "1, " "1, " "1, " "1, " "1, " "1, " "1, " "1, " "1, " "1, " "0, " "1, " "1, " "1, " "1, " "1, " "1, " "1, " "1, " "1, " "1, " "1, " "1, " "1, " "1, " "1, " "1, " "0, " "0, " "0, " "0, " "0, " "0, " "0, " "0, " "0, " "0, " "0, " "0, " "0, " "0, " "0, " "0, " "0, " "0, " "0, " "0, " "0, " "0, " "0, " "0, " "0, " "0, " "0, " "0, " "0, " "0, " "0, " "0, " "0, " "0, " "0, " "0, " "0, " "0, " "0, " "0, " "0, " "0, " "0, " "0, " "0, " "0, " "0, " "0, " "0, " "0, " "0, " "0, " "0, " "0, " "0, " "0, " "0, " "0, " "0, " "0, " "0, " "0, " "0, " "0, " "0, " "0, " "0, " "0, " "0, " "0, " "0, " "0, " "0, " "0, " "0, " "0, " "0, " "0, " "0, " "0, " "0, " "0, " "0, " "0, " "0, " "0, " "0, " "0, " "0, " "0, " "0, " "0, " "0, " "0, " "0, " "0, " "0, " "0, " "0, " "0, " "0, " "0, " "0, " "0, " "0, " "0, " "0, " "0, " "0, " "0, " "0, " "0, " "0, " "0, " "0, " "0, " "0, " "0, " "0, " "0, " "0, " "0, " "0, " "0, " "0, " "0, " "0, " "0, " "0, " "0, " "0, " "0, " "0, " "0, " "0, " "0, " "0, " "0, " "0, " "0, " "0, " "0, " "0, " "0, " "0, " "0, " "0, " "0, " "0, " "0, " "0, " "0, " "0, " "0, " "0, " "0, " "0, " "0, " "0, " "0, " "0, " "0, " "0, " "0, " "0, " "0, " "0, " "0, " "0, " "0, " "0, " "0, " "0, " "0, " "0, " "0, " "0, " "0, " "0, " "0, " "0, " "0, " "0, " "0, " "0, " "0, " "1, " "0, " "0, " "0, " "0, " "0, "0
 "Nei49, 0.123, " "-0.632, " "0.093, " "0, " "0, " "0, " "0, " "0, " "0, " "0, " "0, " "0, " "0, " "0, " "0, " "0, " "0, " "0, " "0, " "0, " "0, " "0, " "0, " "0, " "0, " "0, " "0, " "0, " "0, " "0, " "0, " "0, " "0, " "0, " "0, " "0, " "1, " "1, " "1, " "1, " "1, " "1, " "1, " "0, " "1, " "1, " "1, " "1, " "1, " "1, " "1, " "1, " "0, " "0, " "1, " "1, " "1, " "1, " "1, " "1, " "1, " "1, " "1, " "1, " "0, " "1, " "1, " "1, " "1, " "0, " "0, " "0, " "0, " "0, " "0, " "0, " "0, " "0, " "0, " "0, " "0, " "0, " "0, " "0, " "0, " "0, " "0, " "0, " "0, " "0, " "0, " "0, " "0, " "0, " "0, " "0, " "0, " "0, " "0, " "0, " "0, " "0, " "0, " "0, " "0, " "0, " "0, " "0, " "0, " "0, " "0, " "0, " "0, " "0, " "0, " "0, " "0, " "0, " "0, " "0, " "0, " "0, " "0, " "0, " "0, " "0, " "0, " "0, " "0, " "0, " "0, " "0, " "0, " "0, " "0, " "0, " "0, " "0, " "0, " "0, " "0, " "0, " "0, " "0, " "0, " "0, " "0, " "0, " "0, " "0, " "0, " "0, " "0, " "0, " "0, " "0, " "0, " "0, " "0, " "0, " "0, " "0, " "0, " "0, " "0, " "0, " "0, " "0, " "0, " "0, " "0, " "0, " "0, " "0, " "0, " "0, " "0, " "0, " "0, " "0, " "0, " "0, " "0, " "0, " "0, " "0, " "0, " "0, " "0, " "0, " "0, " "0, " "0, " "0, " "0, " "0, " "0, " "0, " "0, " "0, " "0, " "0, " "0, " "0, " "0, " "0, " "0, " "0, " "0, " "0, " "0, " "0, " "0, " "0, " "0, " "0, " "0, " "0, " "0, " "0, " "0, " "0, " "0, " "0, " "0, " "0, " "1, " "0, " "0, " "0, " "0, " "0, " "0, " "0, " "0, " "0, " "0, " "0, " "0, " "0, " "0, " "0, " "0, " "0, " "0, " "0, " "0, " "0, " "0, " "0, " "0, " "0, " "0, " "1, " "0, " "0, " "0, " "0, " "0, " "0, "0
 "Nei50, 0.15, " "-0.502, " "-0.452, " "0, " "0, " "0, " "0, " "0, " "0, " "0, " "0, " "0, " "0, " "0, " "0, " "0, " "0, " "1, " "0, " "0, " "0, " "0, " "0, " "0, " "0, " "0, " "0, " "0, " "0, " "0, " "0, " "0, " "0, " "0, " "0, " "0, " "0, " "1, " "1, " "1, " "1, " "1, " "1, " "1, " "1, " "1, " "1, " "1, " "1, " "1, " "1, " "1, " "0, " "0, " "1, " "1, " "1, " "1, " "1, " "1, " "1, " "1, " "1, " "1, " "1, " "1, " "1, " "1, " "1, " "1, " "0, " "0, " "0, " "0, " "0, " "0, " "0, " "0, " "0, " "0, " "0, " "0, " "0, " "0, " "0, " "0, " "0, " "0, " "0, " "0, " "0, " "0, " "0, " "0, " "0, " "0, " "0, " "0, " "0, " "0, " "0, " "0, " "0, " "0, " "0, " "0, " "0, " "0, " "0, " "0, " "0, " "0, " "0, " "0, " "0, " "0, " "0, " "0, " "0, " "0, " "0, " "0, " "0, " "0, " "0, " "0, " "0, " "0, " "0, " "0, " "0, " "0, " "0, " "0, " "0, " "0, " "0, " "0, " "0, " "0, " "0, " "0, " "0, " "0, " "0, " "0, " "0, " "0, " "0, " "0, " "0, " "0, " "0, " "0, " "0, " "0, " "0, " "0, " "0, " "0, " "0, " "0, " "0, " "0, " "0, " "0, " "0, " "0, " "0, " "0, " "0, " "0, " "0, " "0, " "0, " "0, " "0, " "0, " "0, " "0, " "0, " "0, " "0, " "0, " "0, " "0, " "0, " "0, " "0, " "0, " "0, " "0, " "0, " "0, " "0, " "0, " "0, " "0, " "0, " "0, " "0, " "0, " "0, " "0, " "0, " "0, " "0, " "0, " "0, " "0, " "0, " "0, " "0, " "0, " "0, " "0, " "0, " "0, " "0, " "0, " "0, " "0, " "0, " "0, " "0, " "0, " "0, " "0, " "0, " "0, " "0, " "0, " "0, " "0, " "0, " "0, " "0, " "0, " "0, " "0, " "0, " "0, " "0, " "0, " "0, " "0, " "0, " "0, " "0, " "0, " "0, " "0, " "0, " "0, " "0, " "0, " "0, " "0, " "0, " "0, "0
 "Nei51, 0.063, " "0.86, " "0.027, " "0, " "0, " "0, " "0, " "0, " "0, " "0, " "0, " "0, " "0, " "0, " "0, " "0, " "0, " "0, " "0, " "0, " "0, " "0, " "0, " "0, " "0, " "0, " "0, " "0, " "0, " "0, " "0, " "0, " "0, " "0, " "0, " "0, " "0, " "0, " "1, " "1, " "1, " "1, " "1, " "1, " "1, " "1, " "1, " "1, " "1, " "0, " "1, " "1, " "1, " "1, " "0, " "1, " "1, " "1, " "1, " "1, " "1, " "1, " "1, " "1, " "1, " "1, " "1, " "1, " "1, " "1, " "1, " "0, " "0, " "0, " "0, " "0, " "0, " "0, " "0, " "0, " "0, " "0, " "0, " "0, " "0, " "0, " "0, " "0, " "0, " "0, " "0, " "0, " "0, " "0, " "0, " "0, " "0, " "0, " "0, " "0, " "0, " "0, " "0, " "0, " "0, " "0, " "0, " "0, " "0, " "0, " "0, " "0, " "0, " "0, " "0, " "0, " "0, " "0, " "0, " "0, " "0, " "0, " "0, " "0, " "0, " "0, " "0, " "0, " "0, " "0, " "0, " "0, " "0, " "0, " "0, " "0, " "0, " "0, " "0, " "0, " "0, " "0, " "0, " "0, " "0, " "0, " "0, " "0, " "0, " "0, " "0, " "0, " "0, " "0, " "0, " "0, " "0, " "0, " "0, " "0, " "0, " "0, " "0, " "0, " "0, " "0, " "0, " "0, " "0, " "0, " "0, " "0, " "0, " "0, " "0, " "0, " "0, " "0, " "0, " "0, " "0, " "0, " "0, " "0, " "0, " "0, " "0, " "0, " "0, " "0, " "0, " "0, " "0, " "0, " "0, " "0, " "0, " "0, " "0, " "0, " "0, " "0, " "0, " "0, " "0, " "0, " "0, " "0, " "0, " "0, " "0, " "0, " "0, " "0, " "0, " "0, " "0, " "0, " "0, " "1, " "0, " "0, " "0, " "0, " "0, " "0, " "0, " "0, " "0, " "0, " "0, " "0, " "0, " "0, " "0, " "0, " "0, " "0, " "0, " "0, " "0, " "0, " "0, " "0, " "0, " "0, " "0, " "0, " "0, " "0, " "0, " "0, " "0, " "0, " "0, " "0, " "0, " "0, " "0, " "0, "0
 "Nei52, 0.165, " "0.092, " "0.969, " "0, " "0, " "0, " "0, " "0, " "0, " "0, " "0, " "0, " "0, " "0, " "0, " "0, " "0, " "0, " "0, " "0, " "0, " "0, " "0, " "0, " "0, " "0, " "0, " "0, " "0, " "0, " "0, " "0, " "0, " "0, " "0, " "0, " "0, " "0, " "0, " "1, " "1, " "1, " "1, " "1, " "1, " "0, " "1, " "1, " "1, " "1, " "1, " "1, " "1, " "1, " "1, " "0, " "1, " "1, " "1, " "1, " "1, " "1, " "1, " "1, " "1, " "1, " "1, " "1, " "1, " "1, " "1, " "1, " "0, " "0, " "0, " "0, " "0, " "0, " "0, " "0, " "0, " "0, " "0, " "0, " "0, " "0, " "0, " "0, " "0, " "0, " "0, " "0, " "0, " "0, " "0, " "0, " "0, " "0, " "0, " "0, " "0, " "0, " "0, " "0, " "0, " "0, " "0, " "0, " "0, " "0, " "0, " "0, " "0, " "0, " "0, " "0, " "0, " "0, " "0, " "0, " "0, " "0, " "0, " "0, " "0, " "0, " "0, " "0, " "0, " "0, " "0, " "0, " "0, " "0, " "0, " "0, " "0, " "0, " "0, " "0, " "0, " "0, " "0, " "0, " "0, " "0, " "0, " "0, " "0, " "0, " "0, " "0, " "0, " "0, " "0, " "0, " "0, " "0, " "0, " "0, " "0, " "0, " "0, " "0, " "0, " "0, " "0, " "0, " "0, " "0, " "0, " "0, " "0, " "0, " "0, " "0, " "0, " "0, " "0, " "0, " "0, " "0, " "0, " "0, " "0, " "0, " "0, " "0, " "0, " "0, " "0, " "0, " "0, " "0, " "0, " "0, " "0, " "0, " "0, " "0, " "0, " "0, " "0, " "0, " "0, " "0, " "0, " "0, " "0, " "0, " "0, " "0, " "0, " "0, " "0, " "0, " "0, " "0, " "0, " "0, " "0, " "0, " "0, " "0, " "0, " "0, " "0, " "0, " "0, " "0, " "0, " "0, " "0, " "0, " "0, " "0, " "0, " "0, " "0, " "0, " "0, " "0, " "0, " "0, " "0, " "0, " "0, " "0, " "0, " "0, " "0, " "0, " "0, " "0, " "0, " "0, " "0, " "0, " "0, " "0, "0
 "Nei53, 0.009, " "-0.003, " "-0.545, " "0, " "0, " "0, " "0, " "0, " "0, " "0, " "0, " "0, " "0, " "0, " "0, " "0, " "0, " "0, " "0, " "0, " "0, " "0, " "0, " "0, " "0, " "0, " "0, " "0, " "0, " "0, " "0, " "0, " "0, " "0, " "0, " "0, " "0, " "0, " "0, " "0, " "1, " "1, " "0, " "1, " "1, " "1, " "1, " "1, " "1, " "0, " "1, " "1, " "1, " "1, " "1, " "1, " "0, " "0, " "1, " "1, " "1, " "1, " "1, " "0, " "1, " "1, " "1, " "1, " "1, " "0, " "1, " "1, " "1, " "0, " "0, " "0, " "0, " "0, " "1, " "0, " "0, " "0, " "0, " "0, " "0, " "0, " "0, " "0, " "0, " "0, " "0, " "1, " "0, " "0, " "0, " "0, " "0, " "0, " "0, " "0, " "0, " "0, " "0, " "0, " "0, " "0, " "1, " "0, " "0, " "0, " "0, " "0, " "0, " "0, " "0, " "0, " "0, " "0, " "0, " "0, " "0, " "0, " "0, " "0, " "0, " "0, " "0, " "0, " "0, " "0, " "0, " "0, " "0, " "0, " "0, " "0, " "0, " "1, " "0, " "0, " "0, " "0, " "0, " "0, " "0, " "0, " "0, " "0, " "0, " "0, " "0, " "0, " "0, " "0, " "0, " "0, " "0, " "0, " "0, " "0, " "0, " "0, " "0, " "0, " "0, " "0, " "0, " "0, " "0, " "0, " "0, " "0, " "0, " "0, " "0, " "0, " "0, " "0, " "0, " "0, " "0, " "0, " "0, " "0, " "0, " "0, " "0, " "0, " "0, " "0, " "0, " "0, " "0, " "0, " "0, " "0, " "0, " "0, " "0, " "0, " "0, " "0, " "0, " "0, " "0, " "0, " "0, " "0, " "0, " "0, " "0, " "0, " "0, " "0, " "0, " "0, " "0, " "0, " "0, " "0, " "0, " "0, " "0, " "0, " "0, " "0, " "0, " "0, " "0, " "0, " "0, " "0, " "0, " "0, " "0, " "0, " "0, " "0, " "0, " "0, " "0, " "0, " "0, " "0, " "0, " "0, " "0, " "0, " "0, " "0, " "0, " "0, " "0, " "0, " "0, " "0, " "0, " "0, " "0, " "0, "0
 "Nei54, 0.169, " "0.7, " "-0.718, " "0, " "0, " "0, " "0, " "0, " "0, " "0, " "0, " "0, " "0, " "0, " "0, " "0, " "0, " "0, " "0, " "0, " "0, " "0, " "0, " "0, " "0, " "0, " "0, " "0, " "0, " "1, " "0, " "0, " "0, " "0, " "0, " "0, " "0, " "0, " "0, " "0, " "0, " "1, " "1, " "1, " "1, " "1, " "1, " "1, " "1, " "1, " "1, " "1, " "1, " "1, " "1, " "1, " "0, " "0, " "1, " "1, " "1, " "1, " "1, " "1, " "1, " "1, " "0, " "0, " "1, " "1, " "1, " "1, " "0, " "0, " "0, " "0, " "0, " "0, " "0, " "0, " "0, " "0, " "0, " "0, " "0, " "0, " "0, " "0, " "0, " "0, " "0, " "1, " "0, " "0, " "0, " "0, " "0, " "0, " "0, " "0, " "0, " "0, " "0, " "0, " "1, " "0, " "0, " "0, " "0, " "0, " "0, " "0, " "0, " "0, " "0, " "0, " "0, " "0, " "0, " "0, " "0, " "0, " "0, " "0, " "0, " "0, " "0, " "0, " "0, " "0, " "0, " "0, " "0, " "0, " "0, " "0, " "0, " "0, " "0, " "0, " "0, " "0, " "0, " "0, " "0, " "0, " "0, " "0, " "0, " "0, " "0, " "0, " "0, " "0, " "0, " "0, " "0, " "0, " "0, " "0, " "0, " "0, " "0, " "0, " "0, " "0, " "0, " "0, " "0, " "0, " "0, " "0, " "0, " "0, " "0, " "0, " "0, " "0, " "0, " "0, " "0, " "0, " "0, " "0, " "0, " "0, " "0, " "0, " "0, " "0, " "0, " "0, " "0, " "0, " "0, " "0, " "0, " "0, " "0, " "0, " "0, " "0, " "0, " "0, " "0, " "0, " "0, " "0, " "0, " "0, " "0, " "0, " "0, " "0, " "0, " "0, " "0, " "0, " "0, " "0, " "0, " "0, " "0, " "0, " "0, " "0, " "0, " "0, " "0, " "0, " "0, " "0, " "0, " "0, " "0, " "0, " "0, " "0, " "0, " "0, " "0, " "0, " "0, " "0, " "0, " "0, " "0, " "1, " "0, " "0, " "0, " "0, " "0, " "0, " "0, " "0, " "0, " "0, " "0, " "0, "0
 "Nei55, 0.083, " "0.591, " "-0.756, " "0, " "0, " "0, " "0, " "0, " "0, " "0, " "0, " "0, " "0, " "0, " "0, " "0, " "0, " "0, " "0, " "0, " "0, " "0, " "0, " "0, " "0, " "0, " "0, " "0, " "0, " "0, " "0, " "0, " "0, " "0, " "0, " "0, " "0, " "0, " "0, " "0, " "0, " "0, " "1, " "1, " "1, " "1, " "1, " "1, " "1, " "1, " "1, " "1, " "1, " "1, " "1, " "1, " "1, " "1, " "0, " "1, " "1, " "1, " "1, " "1, " "1, " "1, " "1, " "1, " "1, " "1, " "1, " "1, " "1, " "1, " "1, " "0, " "0, " "0, " "0, " "0, " "0, " "0, " "0, " "0, " "0, " "0, " "0, " "0, " "0, " "0, " "0, " "0, " "0, " "0, " "0, " "0, " "0, " "0, " "0, " "0, " "0, " "0, " "0, " "0, " "0, " "0, " "0, " "0, " "0, " "0, " "0, " "0, " "0, " "0, " "0, " "0, " "0, " "0, " "0, " "0, " "0, " "0, " "0, " "0, " "0, " "0, " "0, " "0, " "0, " "0, " "0, " "0, " "0, " "0, " "0, " "0, " "0, " "0, " "0, " "0, " "0, " "0, " "0, " "0, " "0, " "0, " "0, " "0, " "0, " "0, " "0, " "0, " "0, " "0, " "0, " "0, " "0, " "0, " "0, " "0, " "0, " "0, " "0, " "0, " "0, " "0, " "0, " "0, " "0, " "0, " "0, " "0, " "0, " "0, " "0, " "0, " "0, " "0, " "0, " "0, " "0, " "0, " "0, " "0, " "0, " "0, " "0, " "0, " "0, " "0, " "0, " "0, " "0, " "0, " "0, " "0, " "0, " "0, " "0, " "0, " "0, " "0, " "0, " "0, " "0, " "0, " "0, " "0, " "0, " "0, " "0, " "0, " "0, " "0, " "0, " "0, " "0, " "0, " "0, " "0, " "1, " "0, " "0, " "0, " "0, " "0, " "0, " "0, " "0, " "0, " "0, " "0, " "0, " "0, " "0, " "0, " "0, " "0, " "0, " "0, " "0, " "0, " "0, " "0, " "0, " "0, " "0, " "0, " "0, " "0, " "0, " "0, " "0, " "0, " "0, " "0, " "0, " "0, " "1, " "0, "0
 "Nei56, 0.125, " "0.214, " "0.838, " "0, " "0, " "0, " "0, " "0, " "0, " "0, " "0, " "0, " "0, " "0, " "0, " "0, " "0, " "0, " "0, " "0, " "0, " "0, " "0, " "0, " "0, " "0, " "0, " "0, " "0, " "0, " "0, " "0, " "0, " "0, " "0, " "0, " "0, " "0, " "0, " "0, " "0, " "0, " "0, " "1, " "1, " "1, " "1, " "1, " "1, " "1, " "1, " "1, " "1, " "1, " "1, " "1, " "1, " "1, " "1, " "0, " "1, " "1, " "1, " "1, " "0, " "1, " "1, " "1, " "1, " "1, " "0, " "1, " "1, " "1, " "1, " "1, " "0, " "0, " "0, " "0, " "0, " "0, " "0, " "0, " "0, " "0, " "0, " "0, " "0, " "0, " "0, " "0, " "0, " "0, " "0, " "0, " "1, " "0, " "0, " "0, " "0, " "0, " "1, " "0, " "0, " "0, " "0, " "0, " "0, " "0, " "0, " "0, " "0, " "0, " "0, " "1, " "0, " "0, " "0, " "0, " "0, " "0, " "0, " "0, " "0, " "0, " "0, " "0, " "0, " "0, " "0, " "0, " "0, " "0, " "0, " "0, " "0, " "0, " "0, " "0, " "0, " "0, " "0, " "0, " "0, " "0, " "0, " "0, " "0, " "0, " "0, " "0, " "0, " "0, " "0, " "0, " "0, " "0, " "0, " "0, " "0, " "0, " "0, " "0, " "0, " "0, " "0, " "0, " "0, " "0, " "0, " "0, " "0, " "0, " "0, " "0, " "0, " "0, " "0, " "0, " "0, " "0, " "0, " "0, " "0, " "0, " "0, " "0, " "0, " "0, " "0, " "0, " "0, " "0, " "0, " "0, " "0, " "0, " "0, " "0, " "0, " "0, " "0, " "0, " "0, " "0, " "0, " "0, " "0, " "0, " "0, " "0, " "0, " "0, " "0, " "0, " "0, " "0, " "0, " "0, " "0, " "0, " "0, " "0, " "0, " "0, " "0, " "0, " "0, " "0, " "0, " "0, " "0, " "0, " "1, " "0, " "0, " "0, " "0, " "0, " "0, " "0, " "0, " "0, " "0, " "0, " "0, " "0, " "0, " "0, " "0, " "0, " "0, " "0, " "0, " "0, " "0, " "0, " "0, " "0, "0
 "Nei57, 0.068, " "0.074, " "0.142, " "0, " "0, " "0, " "0, " "0, " "0, " "0, " "0, " "0, " "0, " "0, " "0, " "0, " "0, " "0, " "0, " "0, " "0, " "0, " "0, " "0, " "0, " "0, " "0, " "0, " "0, " "0, " "0, " "0, " "0, " "0, " "0, " "0, " "0, " "0, " "0, " "0, " "1, " "0, " "0, " "0, " "1, " "1, " "1, " "0, " "1, " "1, " "1, " "1, " "1, " "1, " "1, " "1, " "1, " "1, " "1, " "1, " "0, " "1, " "1, " "1, " "0, " "1, " "1, " "1, " "1, " "1, " "1, " "1, " "1, " "1, " "1, " "1, " "1, " "0, " "0, " "0, " "0, " "0, " "0, " "0, " "0, " "0, " "0, " "0, " "0, " "0, " "0, " "0, " "0, " "0, " "0, " "0, " "0, " "0, " "0, " "0, " "0, " "0, " "0, " "0, " "0, " "0, " "0, " "0, " "0, " "0, " "0, " "0, " "0, " "0, " "0, " "0, " "0, " "0, " "0, " "0, " "0, " "0, " "0, " "0, " "0, " "0, " "0, " "0, " "0, " "0, " "0, " "0, " "0, " "0, " "0, " "0, " "0, " "0, " "0, " "0, " "0, " "0, " "0, " "0, " "0, " "0, " "0, " "0, " "0, " "0, " "0, " "0, " "0, " "0, " "0, " "0, " "0, " "0, " "0, " "0, " "0, " "0, " "0, " "0, " "0, " "0, " "0, " "0, " "0, " "0, " "0, " "0, " "0, " "0, " "0, " "0, " "0, " "0, " "0, " "0, " "0, " "0, " "0, " "0, " "0, " "0, " "0, " "0, " "0, " "0, " "0, " "0, " "0, " "0, " "0, " "0, " "0, " "0, " "0, " "0, " "0, " "0, " "0, " "0, " "0, " "0, " "0, " "0, " "0, " "0, " "0, " "0, " "0, " "0, " "0, " "0, " "0, " "0, " "0, " "0, " "0, " "0, " "0, " "0, " "0, " "0, " "0, " "0, " "0, " "0, " "0, " "0, " "0, " "0, " "0, " "0, " "0, " "0, " "0, " "0, " "0, " "0, " "0, " "0, " "0, " "0, " "0, " "0, " "0, " "0, " "0, " "0, " "0, " "0, " "0, " "0, " "0, " "0, " "0, " "0, "0
 "Nei58, 0.023, " "-0.71, " "0.436, " "0, " "0, " "0, " "0, " "0, " "0, " "0, " "0, " "0, " "0, " "0, " "0, " "0, " "0, " "0, " "0, " "0, " "0, " "0, " "0, " "0, " "0, " "0, " "0, " "0, " "0, " "0, " "0, " "0, " "0, " "0, " "0, " "0, " "0, " "0, " "0, " "0, " "0, " "0, " "0, " "0, " "0, " "1, " "1, " "1, " "1, " "1, " "1, " "1, " "1, " "1, " "1, " "1, " "1, " "1, " "1, " "1, " "1, " "0, " "1, " "1, " "1, " "1, " "1, " "1, " "1, " "1, " "1, " "1, " "1, " "1, " "1, " "1, " "1, " "1, " "0, " "0, " "0, " "0, " "0, " "0, " "0, " "0, " "0, " "0, " "0, " "0, " "0, " "0, " "0, " "0, " "0, " "0, " "0, " "0, " "0, " "0, " "0, " "0, " "0, " "0, " "0, " "1, " "0, " "0, " "0, " "0, " "0, " "0, " "0, " "0, " "0, " "0, " "0, " "0, " "0, " "0, " "0, " "0, " "0, " "0, " "0, " "0, " "0, " "0, " "0, " "0, " "0, " "0, " "0, " "0, " "0, " "0, " "0, " "0, " "0, " "0, " "0, " "0, " "0, " "0, " "0, " "0, " "0, " "0, " "0, " "0, " "0, " "0, " "0, " "0, " "0, " "0, " "0, " "0, " "0, " "0, " "0, " "0, " "0, " "0, " "0, " "0, " "0, " "0, " "0, " "0, " "0, " "0, " "0, " "1, " "0, " "0, " "0, " "0, " "0, " "0, " "0, " "0, " "0, " "0, " "0, " "0, " "0, " "0, " "0, " "0, " "0, " "0, " "0, " "0, " "0, " "0, " "0, " "0, " "0, " "0, " "0, " "0, " "0, " "0, " "0, " "0, " "0, " "0, " "0, " "0, " "0, " "0, " "0, " "0, " "0, " "0, " "0, " "0, " "0, " "0, " "0, " "0, " "0, " "0, " "0, " "0, " "0, " "0, " "0, " "0, " "0, " "0, " "0, " "0, " "0, " "0, " "0, " "0, " "0, " "0, " "0, " "0, " "0, " "0, " "0, " "0, " "0, " "0, " "0, " "0, " "0, " "0, " "0, " "0, " "0, " "0, " "0, " "0, " "0, " "0, "0
 "Nei59, 0.017, " "-0.874, " "-0.689, " "0, " "0, " "0, " "0, " "0, " "0, " "0, " "0, " "0, " "0, " "0, " "0, " "0, " "0, " "0, " "0, " "0, " "0, " "0, " "0, " "0, " "0, " "0, " "0, " "0, " "0, " "0, " "0, " "0, " "0, " "0, " "0, " "0, " "0, " "0, " "0, " "0, " "0, " "0, " "0, " "0, " "0, " "0, " "1, " "1, " "1, " "1, " "1, " "1, " "1, " "1, " "1, " "1, " "1, " "1, " "1, " "1, " "1, " "1, " "0, " "1, " "1, " "1, " "1, " "0, " "1, " "1, " "1, " "1, " "1, " "1, " "1, " "1, " "1, " "1, " "1, " "0, " "0, " "0, " "0, " "0, " "0, " "0, " "0, " "0, " "0, " "0, " "0, " "0, " "0, " "0, " "0, " "0, " "0, " "0, " "0, " "0, " "0, " "0, " "0, " "0, " "0, " "0, " "0, " "0, " "0, " "0, " "0, " "0, " "0, " "0, " "0, " "0, " "0, " "0, " "0, " "0, " "0, " "0, " "0, " "0, " "0, " "0, " "0, " "0, " "0, " "0, " "0, " "0, " "0, " "0, " "0, " "0, " "0, " "0, " "0, " "0, " "0, " "0, " "0, " "0, " "0, " "0, " "0, " "0, " "0, " "0, " "0, " "0, " "0, " "0, " "0, " "0, " "0, " "0, " "0, " "0, " "0, " "0, " "0, " "0, " "0, " "0, " "0, " "0, " "0, " "0, " "0, " "0, " "0, " "0, " "0, " "0, " "0, " "0, " "0, " "0, " "0, " "0, " "0, " "0, " "0, " "0, " "0, " "1, " "0, " "0, " "0, " "0, " "0, " "0, " "0, " "0, " "0, " "1, " "0, " "0, " "0, " "0, " "0, " "0, " "0, " "0, " "0, " "0, " "0, " "0, " "0, " "0, " "0, " "0, " "0, " "0, " "0, " "0, " "0, " "0, " "0, " "0, " "0, " "0, " "0, " "0, " "0, " "0, " "0, " "0, " "0, " "0, " "0, " "0, " "0, " "0, " "0, " "0, " "0, " "0, " "0, " "0, " "0, " "0, " "0, " "0, " "0, " "0, " "0, " "0, " "0, " "0, " "0, " "0, " "0, " "0, " "0, " "0, " "0, " "0, "0
 "Nei60, 0.13, " "0.326, " "-0.017, " "0, " "0, " "0, " "0, " "0, " "0, " "0, " "0, " "0, " "0, " "0, " "0, " "0, " "0, " "0, " "0, " "0, " "0, " "0, " "0, " "0, " "0, " "0, " "0, " "0, " "0, " "0, " "0, " "0, " "0, " "0, " "0, " "0, " "0, " "0, " "0, " "0, " "0, " "0, " "0, " "0, " "0, " "0, " "0, " "1, " "1, " "1, " "1, " "1, " "1, " "1, " "1, " "1, " "0, " "1, " "1, " "1, " "1, " "1, " "1, " "0, " "1, " "1, " "1, " "1, " "1, " "1, " "1, " "1, " "1, " "1, " "1, " "1, " "0, " "1, " "1, " "1, " "0, " "0, " "0, " "0, " "0, " "0, " "0, " "0, " "0, " "0, " "0, " "0, " "0, " "0, " "0, " "0, " "0, " "0, " "0, " "0, " "0, " "0, " "0, " "0, " "0, " "0, " "0, " "0, " "0, " "0, " "0, " "0, " "0, " "1, " "0, " "0, " "0, " "0, " "0, " "1, " "0, " "0, " "0, " "0, " "0, " "0, " "0, " "0, " "0, " "0, " "0, " "0, " "0, " "0, " "0, " "0, " "0, " "0, " "0, " "0, " "0, " "0, " "0, " "0, " "0, " "0, " "0, " "0, " "0, " "0, " "0, " "0, " "0, " "0, " "0, " "0, " "0, " "0, " "0, " "0, " "0, " "0, " "0, " "0, " "0, " "0, " "0, " "0, " "0, " "0, " "0, " "0, " "1, " "0, " "0, " "0, " "0, " "0, " "0, " "0, " "0, " "0, " "0, " "0, " "0, " "0, " "0, " "0, " "0, " "0, " "0, " "0, " "0, " "0, " "0, " "0, " "0, " "0, " "0, " "0, " "0, " "0, " "0, " "0, " "0, " "0, " "0, " "0, " "0, " "0, " "0, " "0, " "0, " "0, " "0, " "0, " "0, " "0, " "0, " "0, " "0, " "0, " "0, " "0, " "0, " "0, " "0, " "0, " "0, " "0, " "0, " "0, " "0, " "0, " "0, " "0, " "0, " "0, " "0, " "0, " "0, " "0, " "0, " "0, " "0, " "0, " "0, " "0, " "0, " "0, " "0, " "0, " "0, " "0, " "0, " "0, " "0, " "0, " "0, " "0, "0
 "Nei61, 0.042, " "0.47, " "0.867, " "0, " "0, " "0, " "0, " "0, " "0, " "0, " "0, " "0, " "0, " "0, " "0, " "0, " "0, " "0, " "0, " "0, " "0, " "0, " "0, " "0, " "0, " "0, " "0, " "0, " "0, " "0, " "0, " "0, " "0, " "0, " "0, " "0, " "0, " "0, " "0, " "0, " "0, " "0, " "0, " "0, " "0, " "0, " "0, " "0, " "1, " "1, " "1, " "1, " "0, " "1, " "1, " "1, " "1, " "1, " "1, " "0, " "0, " "1, " "1, " "1, " "0, " "1, " "1, " "1, " "1, " "1, " "0, " "1, " "1, " "1, " "1, " "1, " "1, " "1, " "1, " "0, " "1, " "0, " "0, " "0, " "0, " "0, " "0, " "0, " "0, " "0, " "1, " "0, " "0, " "0, " "0, " "0, " "0, " "0, " "0, " "0, " "0, " "0, " "0, " "0, " "0, " "0, " "0, " "0, " "0, " "0, " "0, " "0, " "0, " "0, " "0, " "0, " "0, " "0, " "0, " "0, " "0, " "0, " "0, " "0, " "0, " "0, " "0, " "0, " "0, " "0, " "0, " "0, " "0, " "0, " "0, " "0, " "0, " "0, " "0, " "0, " "0, " "0, " "0, " "0, " "0, " "0, " "0, " "0, " "0, " "0, " "0, " "0, " "0, " "0, " "0, " "0, " "0, " "0, " "0, " "0, " "0, " "0, " "0, " "0, " "0, " "0, " "0, " "0, " "0, " "0, " "0, " "0, " "0, " "0, " "0, " "0, " "0, " "0, " "0, " "0, " "0, " "0, " "0, " "0, " "0, " "0, " "0, " "0, " "0, " "0, " "0, " "0, " "0, " "0, " "0, " "0, " "0, " "0, " "0, " "0, " "0, " "0, " "0, " "0, " "0, " "0, " "0, " "0, " "0, " "0, " "0, " "0, " "0, " "0, " "0, " "0, " "0, " "0, " "0, " "0, " "0, " "0, " "0, " "0, " "0, " "0, " "0, " "0, " "0, " "0, " "0, " "0, " "0, " "0, " "0, " "0, " "0, " "0, " "0, " "0, " "0, " "0, " "0, " "0, " "0, " "0, " "0, " "1, " "0, " "0, " "0, " "0, " "0, " "0, " "0, " "0, " "0, " "0, " "0, " "0, "0
 "Nei62, 0.088, " "-0.498, " "-0.727, " "0, " "0, " "0, " "0, " "0, " "0, " "0, " "0, " "0, " "0, " "0, " "0, " "0, " "0, " "0, " "0, " "0, " "0, " "0, " "0, " "0, " "0, " "0, " "0, " "0, " "0, " "0, " "0, " "0, " "0, " "0, " "0, " "0, " "0, " "0, " "0, " "0, " "0, " "0, " "0, " "0, " "0, " "0, " "0, " "0, " "0, " "1, " "1, " "1, " "1, " "1, " "1, " "1, " "1, " "1, " "1, " "1, " "1, " "1, " "1, " "1, " "1, " "0, " "1, " "1, " "1, " "1, " "1, " "1, " "1, " "1, " "1, " "1, " "1, " "1, " "1, " "1, " "1, " "1, " "0, " "0, " "0, " "0, " "0, " "0, " "0, " "0, " "0, " "0, " "0, " "0, " "0, " "0, " "0, " "0, " "0, " "0, " "0, " "0, " "0, " "0, " "0, " "0, " "0, " "0, " "0, " "0, " "0, " "0, " "1, " "0, " "0, " "0, " "0, " "0, " "0, " "0, " "0, " "0, " "0, " "0, " "0, " "0, " "0, " "0, " "0, " "0, " "0, " "0, " "0, " "0, " "0, " "0, " "0, " "0, " "0, " "0, " "0, " "0, " "0, " "0, " "0, " "0, " "1, " "0, " "0, " "0, " "0, " "0, " "0, " "0, " "0, " "0, " "0, " "0, " "0, " "0, " "0, " "0, " "0, " "0, " "0, " "0, " "0, " "0, " "0, " "0, " "0, " "0, " "0, " "0, " "0, " "0, " "0, " "0, " "0, " "0, " "0, " "0, " "0, " "0, " "0, " "0, " "0, " "0, " "0, " "0, " "0, " "0, " "0, " "0, " "0, " "0, " "0, " "0, " "0, " "0, " "0, " "0, " "0, " "0, " "0, " "0, " "0, " "0, " "0, " "0, " "0, " "0, " "0, " "0, " "0, " "0, " "0, " "0, " "0, " "0, " "0, " "0, " "0, " "0, " "0, " "0, " "0, " "0, " "0, " "0, " "0, " "0, " "0, " "0, " "0, " "0, " "0, " "0, " "0, " "0, " "0, " "0, " "0, " "0, " "0, " "0, " "0, " "0, " "0, " "0, " "0, " "0, " "0, " "0, " "0, " "0, " "0, " "0, " "0, " "0, "0
 "Nei63, 0.091, " "0.831, " "0.115, " "0, " "0, " "0, " "0, " "0, " "0, " "0, " "0, " "0, " "0, " "0, " "0, " "0, " "0, " "0, " "0, " "0, " "0, " "0, " "0, " "0, " "0, " "0, " "0, " "0, " "0, " "0, " "0, " "0, " "0, " "0, " "0, " "0, " "0, " "0, " "0, " "0, " "0, " "0, " "0, " "0, " "0, " "0, " "0, " "0, " "0, " "0, " "1, " "1, " "1, " "1, " "1, " "1, " "1, " "0, " "1, " "1, " "1, " "1, " "1, " "1, " "1, " "1, " "0, " "1, " "1, " "1, " "1, " "0, " "1, " "1, " "1, " "1, " "1, " "1, " "1, " "1, " "1, " "1, " "1, " "0, " "0, " "0, " "0, " "0, " "0, " "0, " "0, " "0, " "0, " "0, " "0, " "0, " "0, " "0, " "0, " "0, " "0, " "0, " "0, " "0, " "0, " "0, " "0, " "0, " "0, " "0, " "0, " "0, " "0, " "0, " "0, " "0, " "0, " "0, " "0, " "0, " "0, " "0, " "0, " "0, " "0, " "0, " "0, " "0, " "0, " "0, " "0, " "0, " "0, " "0, " "0, " "0, " "0, " "0, " "0, " "0, " "0, " "0, " "0, " "0, " "0, " "0, " "0, " "0, " "0, " "0, " "0, " "0, " "0, " "0, " "0, " "0, " "0, " "0, " "0, " "0, " "0, " "0, " "0, " "0, " "0, " "0, " "0, " "1, " "0, " "0, " "0, " "0, " "0, " "0, " "0, " "0, " "0, " "0, " "0, " "0, " "0, " "0, " "0, " "0, " "0, " "0, " "0, " "0, " "0, " "0, " "0, " "0, " "0, " "0, " "0, " "0, " "0, " "0, " "0, " "0, " "0, " "0, " "0, " "0, " "0, " "0, " "0, " "0, " "0, " "0, " "0, " "0, " "0, " "0, " "0, " "0, " "0, " "0, " "0, " "0, " "0, " "0, " "0, " "0, " "0, " "0, " "0, " "0, " "0, " "0, " "0, " "0, " "0, " "0, " "0, " "0, " "0, " "0, " "0, " "0, " "0, " "0, " "0, " "0, " "0, " "0, " "0, " "0, " "0, " "0, " "0, " "0, " "0, " "0, " "0, " "0, " "0, " "0, " "0, " "0, "0
 "Nei64, 0.12, " "-0.204, " "-0.927, " "0, " "0, " "0, " "0, " "0, " "0, " "0, " "0, " "0, " "0, " "0, " "0, " "0, " "0, " "0, " "0, " "0, " "0, " "0, " "0, " "0, " "0, " "0, " "0, " "0, " "0, " "0, " "0, " "0, " "0, " "0, " "0, " "0, " "0, " "0, " "0, " "0, " "0, " "0, " "0, " "0, " "0, " "0, " "0, " "0, " "0, " "0, " "0, " "1, " "1, " "1, " "1, " "1, " "1, " "0, " "1, " "1, " "1, " "1, " "0, " "1, " "1, " "1, " "1, " "0, " "1, " "1, " "1, " "1, " "1, " "1, " "1, " "1, " "1, " "1, " "1, " "1, " "1, " "1, " "1, " "1, " "0, " "0, " "0, " "0, " "0, " "0, " "0, " "0, " "0, " "0, " "0, " "0, " "0, " "0, " "0, " "0, " "0, " "0, " "0, " "0, " "0, " "0, " "0, " "0, " "0, " "0, " "0, " "0, " "0, " "0, " "0, " "0, " "0, " "0, " "0, " "0, " "0, " "0, " "0, " "0, " "0, " "0, " "0, " "0, " "0, " "0, " "0, " "0, " "0, " "0, " "0, " "0, " "0, " "0, " "0, " "0, " "0, " "0, " "0, " "0, " "0, " "0, " "0, " "0, " "0, " "0, " "0, " "0, " "0, " "0, " "0, " "0, " "0, " "0, " "0, " "0, " "0, " "0, " "0, " "0, " "0, " "0, " "0, " "0, " "0, " "0, " "0, " "0, " "0, " "0, " "0, " "0, " "0, " "0, " "0, " "0, " "0, " "0, " "0, " "0, " "0, " "0, " "0, " "0, " "0, " "0, " "0, " "0, " "0, " "0, " "0, " "0, " "0, " "0, " "0, " "0, " "0, " "0, " "0, " "0, " "0, " "0, " "0, " "0, " "0, " "0, " "0, " "0, " "0, " "0, " "0, " "0, " "0, " "0, " "0, " "0, " "0, " "0, " "0, " "0, " "0, " "0, " "0, " "0, " "0, " "0, " "0, " "0, " "0, " "0, " "0, " "0, " "0, " "0, " "0, " "0, " "0, " "0, " "0, " "0, " "0, " "0, " "0, " "0, " "0, " "0, " "0, " "0, " "0, " "0, " "0, " "0, " "0, " "0, " "0, " "0, "0
 "Nei65, 0.044, " "-0.418, " "0.694, " "0, " "0, " "0, " "0, " "0, " "0, " "0, " "0, " "0, " "0, " "0, " "0, " "0, " "0, " "0, " "0, " "0, " "0, " "0, " "0, " "0, " "0, " "0, " "0, " "0, " "0, " "0, " "0, " "0, " "0, " "0, " "0, " "0, " "0, " "0, " "0, " "0, " "0, " "0, " "0, " "0, " "0, " "0, " "0, " "0, " "0, " "0, " "0, " "0, " "1, " "1, " "1, " "1, " "1, " "1, " "1, " "1, " "1, " "1, " "1, " "1, " "1, " "1, " "1, " "1, " "0, " "1, " "1, " "1, " "1, " "1, " "1, " "1, " "1, " "1, " "1, " "1, " "1, " "1, " "1, " "1, " "1, " "0, " "0, " "0, " "0, " "0, " "0, " "0, " "0, " "0, " "0, " "0, " "0, " "0, " "0, " "0, " "0, " "0, " "0, " "0, " "0, " "0, " "0, " "0, " "0, " "0, " "0, " "0, " "0, " "0, " "0, " "0, " "0, " "0, " "0, " "0, " "0, " "0, " "0, " "0, " "0, " "0, " "0, " "0, " "0, " "0, " "0, " "0, " "0, " "0, " "0, " "0, " "0, " "0, " "0, " "0, " "0, " "0, " "0, " "0, " "0, " "0, " "0, " "0, " "0, " "0, " "0, " "0, " "0, " "0, " "0, " "0, " "0, " "0, " "0, " "0, " "0, " "0, " "0, " "0, " "0, " "0, " "0, " "0, " "0, " "0, " "0, " "0, " "0, " "0, " "0, " "0, " "0, " "0, " "0, " "0, " "0, " "0, " "0, " "0, " "0, " "0, " "0, " "0, " "0, " "0, " "0, " "0, " "0, " "0, " "0, " "0, " "0, " "0, " "0, " "0, " "0, " "0, " "1, " "0, " "0, " "0, " "0, " "0, " "0, " "0, " "0, " "0, " "0, " "0, " "0, " "0, " "0, " "0, " "0, " "0, " "0, " "0, " "0, " "0, " "0, " "0, " "0, " "0, " "0, " "0, " "0, " "0, " "0, " "0, " "0, " "0, " "0, " "0, " "0, " "0, " "0, " "0, " "0, " "0, " "0, " "0, " "0, " "0, " "0, " "0, " "0, " "0, " "0, " "1, " "0, " "0, " "0, " "0, " "0, " "0, "0
 "Nei66, 0.14, " "0.651, " "0.316, " "0, " "0, " "0, " "0, " "0, " "0, " "0, " "0, " "0, " "0, " "0, " "0, " "0, " "0, " "0, " "0, " "0, " "0, " "0, " "0, " "0, " "0, " "0, " "0, " "0, " "0, " "0, " "0, " "0, " "0, " "0, " "0, " "0, " "0, " "0, " "0, " "0, " "0, " "0, " "0, " "0, " "0, " "0, " "0, " "0, " "0, " "0, " "0, " "0, " "0, " "1, " "1, " "1, " "0, " "1, " "1, " "1, " "1, " "1, " "1, " "1, " "1, " "1, " "1, " "1, " "1, " "0, " "1, " "1, " "1, " "1, " "1, " "1, " "1, " "1, " "1, " "1, " "0, " "1, " "1, " "1, " "1, " "1, " "0, " "0, " "0, " "0, " "0, " "0, " "0, " "0, " "0, " "0, " "1, " "0, " "0, " "0, " "0, " "0, " "0, " "0, " "0, " "0, " "0, " "0, " "0, " "0, " "0, " "0, " "0, " "0, " "0, " "0, " "0, " "0, " "0, " "0, " "0, " "0, " "0, " "0, " "0, " "0, " "0, " "0, " "0, " "0, " "0, " "0, " "0, " "0, " "0, " "0, " "0, " "0, " "0, " "0, " "0, " "0, " "0, " "0, " "0, " "0, " "0, " "0, " "0, " "0, " "0, " "0, " "0, " "0, " "0, " "0, " "0, " "0, " "0, " "0, " "0, " "0, " "0, " "0, " "0, " "0, " "0, " "0, " "0, " "0, " "0, " "0, " "0, " "0, " "0, " "0, " "0, " "0, " "0, " "0, " "0, " "0, " "0, " "0, " "0, " "0, " "0, " "0, " "0, " "0, " "0, " "0, " "0, " "0, " "0, " "0, " "0, " "0, " "0, " "0, " "0, " "0, " "0, " "0, " "0, " "0, " "0, " "0, " "0, " "0, " "0, " "0, " "0, " "0, " "0, " "0, " "0, " "0, " "0, " "0, " "0, " "0, " "0, " "0, " "0, " "0, " "0, " "0, " "0, " "0, " "0, " "0, " "0, " "0, " "0, " "0, " "0, " "0, " "0, " "0, " "0, " "0, " "0, " "0, " "0, " "0, " "0, " "0, " "0, " "0, " "0, " "0, " "0, " "0, " "0, " "0, " "0, " "0, " "0, " "0, "0
 "Nei67, 0.196, " "0.668, " "-0.25, " "0, " "0, " "1, " "0, " "0, " "0, " "0, " "0, " "0, " "0, " "0, " "0, " "0, " "0, " "0, " "0, " "0, " "0, " "0, " "0, " "0, " "0, " "0, " "0, " "0, " "0, " "0, " "0, " "0, " "0, " "0, " "0, " "0, " "0, " "0, " "0, " "0, " "0, " "0, " "0, " "0, " "0, " "0, " "0, " "0, " "0, " "0, " "0, " "0, " "0, " "0, " "1, " "1, " "1, " "1, " "1, " "0, " "1, " "1, " "1, " "1, " "0, " "1, " "1, " "1, " "1, " "1, " "0, " "1, " "1, " "1, " "1, " "1, " "1, " "1, " "1, " "1, " "1, " "1, " "1, " "1, " "1, " "1, " "1, " "0, " "0, " "0, " "0, " "0, " "0, " "0, " "0, " "0, " "0, " "0, " "0, " "0, " "0, " "0, " "0, " "0, " "0, " "0, " "0, " "0, " "0, " "0, " "0, " "0, " "0, " "0, " "0, " "0, " "0, " "0, " "0, " "0, " "0, " "0, " "0, " "0, " "0, " "0, " "0, " "0, " "0, " "0, " "0, " "0, " "0, " "0, " "0, " "1, " "0, " "0, " "0, " "0, " "0, " "0, " "0, " "0, " "0, " "0, " "0, " "0, " "0, " "0, " "0, " "0, " "0, " "0, " "0, " "0, " "0, " "0, " "0, " "0, " "0, " "0, " "0, " "0, " "0, " "0, " "0, " "0, " "0, " "0, " "0, " "0, " "0, " "0, " "0, " "0, " "0, " "0, " "0, " "0, " "0, " "0, " "0, " "0, " "0, " "0, " "0, " "0, " "0, " "0, " "0, " "0, " "0, " "0, " "0, " "0, " "0, " "0, " "0, " "0, " "0, " "0, " "0, " "0, " "0, " "0, " "0, " "0, " "0, " "0, " "0, " "0, " "0, " "0, " "0, " "0, " "0, " "0, " "0, " "0, " "0, " "0, " "0, " "0, " "0, " "0, " "0, " "0, " "0, " "0, " "0, " "0, " "0, " "0, " "0, " "0, " "0, " "0, " "0, " "0, " "0, " "0, " "0, " "0, " "0, " "0, " "0, " "0, " "0, " "0, " "0, " "0, " "0, " "0, " "0, " "0, " "0, " "0, " "0, " "0, "0
 "Nei68, 0.018, " "-0.441, " "1, " "0, " "0, " "0, " "0, " "0, " "0, " "0, " "0, " "0, " "0, " "0, " "0, " "0, " "0, " "0, " "0, " "0, " "0, " "0, " "0, " "0, " "0, " "0, " "0, " "0, " "0, " "0, " "0, " "0, " "0, " "0, " "0, " "0, " "0, " "0, " "0, " "0, " "0, " "0, " "0, " "0, " "0, " "0, " "0, " "0, " "0, " "0, " "0, " "0, " "0, " "0, " "0, " "1, " "1, " "1, " "1, " "1, " "1, " "1, " "1, " "1, " "1, " "1, " "0, " "1, " "1, " "1, " "1, " "0, " "1, " "1, " "1, " "1, " "1, " "1, " "1, " "1, " "1, " "1, " "1, " "1, " "1, " "1, " "1, " "1, " "0, " "0, " "0, " "0, " "0, " "0, " "0, " "0, " "0, " "0, " "0, " "0, " "0, " "0, " "0, " "0, " "0, " "0, " "0, " "0, " "0, " "0, " "0, " "0, " "0, " "0, " "0, " "0, " "0, " "0, " "0, " "0, " "0, " "0, " "0, " "0, " "0, " "0, " "0, " "0, " "0, " "0, " "0, " "0, " "0, " "0, " "0, " "0, " "0, " "0, " "0, " "0, " "0, " "0, " "0, " "0, " "0, " "0, " "0, " "0, " "0, " "0, " "0, " "0, " "0, " "0, " "0, " "0, " "0, " "0, " "1, " "0, " "0, " "0, " "0, " "0, " "0, " "0, " "0, " "0, " "0, " "0, " "0, " "0, " "0, " "0, " "0, " "0, " "0, " "0, " "0, " "0, " "0, " "0, " "0, " "0, " "0, " "0, " "0, " "0, " "0, " "0, " "0, " "0, " "0, " "0, " "0, " "0, " "0, " "0, " "0, " "0, " "0, " "0, " "0, " "1, " "0, " "0, " "0, " "0, " "0, " "0, " "0, " "0, " "0, " "0, " "0, " "0, " "0, " "0, " "0, " "0, " "0, " "0, " "0, " "0, " "0, " "0, " "0, " "0, " "0, " "0, " "0, " "0, " "0, " "0, " "0, " "0, " "0, " "0, " "0, " "0, " "0, " "0, " "0, " "0, " "0, " "0, " "0, " "0, " "0, " "0, " "0, " "0, " "0, " "0, " "0, " "0, " "0, " "0, " "0, " "0, "0
 "Nei69, 0.084, " "-0.063, " "0.74, " "0, " "0, " "0, " "0, " "0, " "0, " "0, " "0, " "0, " "0, " "0, " "0, " "0, " "0, " "0, " "0, " "0, " "0, " "0, " "0, " "0, " "0, " "0, " "0, " "0, " "0, " "0, " "0, " "0, " "0, " "0, " "0, " "0, " "0, " "0, " "0, " "0, " "0, " "0, " "0, " "0, " "0, " "0, " "0, " "0, " "0, " "0, " "0, " "0, " "0, " "0, " "0, " "0, " "1, " "0, " "1, " "1, " "1, " "1, " "1, " "1, " "1, " "1, " "1, " "1, " "1, " "1, " "1, " "1, " "0, " "1, " "1, " "1, " "1, " "1, " "1, " "1, " "1, " "1, " "1, " "1, " "1, " "1, " "1, " "1, " "1, " "0, " "0, " "0, " "0, " "0, " "0, " "0, " "0, " "0, " "0, " "0, " "0, " "0, " "0, " "0, " "0, " "0, " "0, " "0, " "0, " "0, " "0, " "0, " "0, " "0, " "0, " "0, " "0, " "0, " "0, " "0, " "0, " "0, " "0, " "0, " "0, " "0, " "0, " "0, " "0, " "0, " "0, " "0, " "0, " "0, " "0, " "0, " "0, " "0, " "0, " "0, " "0, " "0, " "0, " "0, " "0, " "0, " "0, " "0, " "0, " "0, " "0, " "0, " "0, " "0, " "0, " "0, " "0, " "0, " "0, " "0, " "0, " "0, " "0, " "0, " "0, " "0, " "0, " "0, " "0, " "0, " "0, " "0, " "0, " "0, " "0, " "0, " "0, " "0, " "0, " "0, " "0, " "0, " "0, " "0, " "0, " "0, " "0, " "0, " "0, " "0, " "0, " "0, " "0, " "0, " "0, " "0, " "0, " "0, " "0, " "0, " "0, " "0, " "0, " "0, " "0, " "0, " "0, " "0, " "0, " "0, " "0, " "0, " "0, " "0, " "0, " "0, " "0, " "0, " "0, " "0, " "0, " "0, " "0, " "0, " "0, " "0, " "0, " "0, " "0, " "0, " "0, " "0, " "0, " "0, " "0, " "0, " "0, " "0, " "0, " "0, " "0, " "0, " "0, " "0, " "0, " "0, " "0, " "0, " "0, " "0, " "0, " "0, " "0, " "0, " "0, " "0, " "0, " "0, " "0, " "0, "0
 "Nei70, 0.044, " "-0.248, " "-0.321, " "0, " "0, " "0, " "0, " "0, " "0, " "1, " "0, " "0, " "0, " "0, " "0, " "0, " "0, " "0, " "0, " "0, " "0, " "0, " "0, " "0, " "0, " "0, " "0, " "0, " "0, " "1, " "0, " "0, " "0, " "1, " "0, " "0, " "0, " "0, " "0, " "0, " "0, " "0, " "0, " "0, " "0, " "0, " "0, " "0, " "1, " "0, " "0, " "0, " "0, " "0, " "0, " "0, " "0, " "0, " "1, " "1, " "1, " "1, " "1, " "1, " "1, " "1, " "1, " "1, " "1, " "1, " "1, " "1, " "1, " "0, " "1, " "1, " "1, " "1, " "0, " "1, " "1, " "1, " "1, " "1, " "1, " "1, " "1, " "1, " "1, " "1, " "0, " "0, " "0, " "0, " "0, " "0, " "0, " "0, " "0, " "0, " "0, " "0, " "0, " "0, " "0, " "0, " "0, " "0, " "0, " "0, " "0, " "0, " "0, " "0, " "0, " "0, " "0, " "0, " "0, " "0, " "0, " "0, " "0, " "0, " "0, " "0, " "0, " "0, " "0, " "0, " "0, " "0, " "0, " "0, " "0, " "0, " "0, " "0, " "0, " "0, " "0, " "0, " "0, " "0, " "0, " "0, " "0, " "0, " "0, " "0, " "0, " "0, " "0, " "0, " "0, " "0, " "0, " "0, " "0, " "0, " "0, " "0, " "0, " "0, " "0, " "0, " "0, " "0, " "0, " "0, " "0, " "0, " "0, " "0, " "0, " "0, " "0, " "0, " "0, " "0, " "0, " "0, " "0, " "0, " "0, " "0, " "0, " "0, " "0, " "0, " "0, " "0, " "0, " "0, " "0, " "0, " "0, " "0, " "0, " "0, " "0, " "0, " "0, " "0, " "0, " "0, " "0, " "0, " "0, " "0, " "0, " "0, " "0, " "0, " "0, " "0, " "0, " "0, " "0, " "0, " "0, " "0, " "0, " "0, " "0, " "0, " "0, " "0, " "0, " "0, " "0, " "0, " "0, " "0, " "0, " "0, " "0, " "0, " "0, " "0, " "0, " "0, " "0, " "0, " "0, " "0, " "0, " "0, " "0, " "0, " "0, " "0, " "0, " "0, " "0, " "0, " "0, " "0, " "0, " "0, "0
 "Nei71, 0.078, " "0.963, " "-0.601, " "0, " "0, " "0, " "0, " "0, " "0, " "0, " "0, " "0, " "0, " "0, " "0, " "0, " "0, " "0, " "0, " "0, " "0, " "0, " "0, " "0, " "0, " "0, " "0, " "0, " "0, " "0, " "0, " "0, " "0, " "0, " "0, " "0, " "0, " "0, " "0, " "0, " "0, " "0, " "0, " "0, " "0, " "0, " "0, " "0, " "0, " "0, " "0, " "0, " "0, " "0, " "0, " "0, " "0, " "0, " "1, " "1, " "1, " "1, " "1, " "1, " "1, " "1, " "1, " "1, " "1, " "1, " "1, " "1, " "1, " "1, " "0, " "1, " "1, " "1, " "1, " "1, " "1, " "1, " "1, " "1, " "1, " "1, " "1, " "1, " "1, " "1, " "1, " "0, " "0, " "0, " "0, " "0, " "0, " "0, " "0, " "0, " "0, " "0, " "0, " "0, " "0, " "0, " "0, " "0, " "0, " "0, " "0, " "0, " "0, " "0, " "0, " "0, " "0, " "0, " "0, " "0, " "0, " "0, " "0, " "0, " "0, " "0, " "0, " "0, " "0, " "0, " "0, " "0, " "0, " "0, " "0, " "0, " "0, " "0, " "0, " "0, " "0, " "0, " "0, " "0, " "0, " "0, " "0, " "0, " "0, " "0, " "0, " "0, " "0, " "0, " "0, " "0, " "0, " "0, " "0, " "0, " "0, " "0, " "0, " "0, " "0, " "0, " "0, " "0, " "0, " "0, " "0, " "0, " "0, " "0, " "0, " "0, " "0, " "0, " "0, " "0, " "0, " "0, " "0, " "0, " "0, " "0, " "0, " "0, " "0, " "0, " "0, " "0, " "0, " "0, " "0, " "0, " "0, " "0, " "0, " "0, " "0, " "0, " "0, " "0, " "0, " "0, " "0, " "0, " "0, " "0, " "0, " "0, " "0, " "0, " "0, " "0, " "0, " "0, " "0, " "0, " "0, " "0, " "0, " "0, " "0, " "0, " "0, " "0, " "0, " "0, " "0, " "0, " "0, " "0, " "0, " "0, " "0, " "0, " "0, " "0, " "0, " "0, " "0, " "0, " "0, " "0, " "0, " "0, " "0, " "0, " "0, " "0, " "0, " "0, " "0, " "0, " "0, " "0, " "0, " "0, "0
 "Nei72, 0.03, " "-0.409, " "-0.363, " "0, " "0, " "0, " "0, " "0, " "0, " "0, " "0, " "0, " "0, " "0, " "0, " "0, " "0, " "0, " "0, " "0, " "0, " "0, " "0, " "0, " "0, " "0, " "0, " "0, " "0, " "0, " "0, " "0, " "0, " "0, " "0, " "0, " "0, " "0, " "0, " "0, " "0, " "0, " "0, " "0, " "0, " "0, " "0, " "0, " "0, " "0, " "0, " "0, " "0, " "0, " "0, " "0, " "0, " "0, " "0, " "1, " "1, " "1, " "1, " "1, " "1, " "1, " "1, " "1, " "1, " "1, " "1, " "1, " "1, " "1, " "1, " "0, " "1, " "1, " "1, " "1, " "1, " "1, " "1, " "1, " "1, " "1, " "1, " "1, " "1, " "1, " "1, " "1, " "0, " "0, " "0, " "0, " "0, " "0, " "0, " "0, " "0, " "0, " "0, " "0, " "0, " "0, " "0, " "0, " "0, " "0, " "0, " "0, " "0, " "0, " "0, " "0, " "0, " "0, " "0, " "0, " "0, " "0, " "0, " "0, " "0, " "0, " "0, " "0, " "0, " "0, " "0, " "0, " "0, " "0, " "0, " "0, " "0, " "0, " "0, " "0, " "0, " "0, " "0, " "0, " "0, " "0, " "0, " "0, " "0, " "0, " "0, " "0, " "0, " "0, " "0, " "0, " "0, " "0, " "0, " "0, " "0, " "0, " "0, " "0, " "0, " "0, " "0, " "0, " "0, " "0, " "0, " "0, " "0, " "0, " "0, " "0, " "0, " "0, " "0, " "0, " "0, " "0, " "0, " "0, " "0, " "0, " "0, " "0, " "0, " "0, " "0, " "0, " "1, " "0, " "0, " "0, " "0, " "0, " "0, " "0, " "0, " "0, " "0, " "0, " "0, " "0, " "0, " "0, " "0, " "0, " "0, " "0, " "0, " "0, " "0, " "0, " "0, " "0, " "0, " "0, " "0, " "0, " "0, " "0, " "0, " "0, " "0, " "0, " "0, " "0, " "0, " "0, " "0, " "0, " "0, " "0, " "0, " "0, " "0, " "0, " "0, " "0, " "0, " "0, " "0, " "0, " "0, " "0, " "0, " "0, " "0, " "0, " "0, " "0, " "0, " "0, " "0, " "0, " "0, " "0, "0
 "Nei73, 0.186, " "0.676, " "0.287, " "0, " "0, " "0, " "0, " "0, " "0, " "0, " "0, " "0, " "0, " "0, " "0, " "0, " "0, " "0, " "0, " "0, " "0, " "0, " "0, " "0, " "0, " "0, " "0, " "0, " "0, " "0, " "0, " "0, " "0, " "0, " "0, " "0, " "0, " "0, " "0, " "0, " "0, " "0, " "0, " "0, " "0, " "0, " "0, " "0, " "0, " "1, " "0, " "0, " "0, " "0, " "0, " "0, " "0, " "0, " "0, " "0, " "1, " "1, " "1, " "0, " "1, " "1, " "1, " "1, " "1, " "1, " "1, " "1, " "1, " "1, " "1, " "1, " "0, " "1, " "1, " "1, " "1, " "1, " "1, " "1, " "1, " "1, " "1, " "1, " "1, " "1, " "1, " "1, " "1, " "0, " "0, " "0, " "0, " "0, " "0, " "0, " "0, " "0, " "0, " "0, " "0, " "0, " "0, " "0, " "0, " "0, " "0, " "0, " "0, " "0, " "0, " "0, " "0, " "0, " "0, " "0, " "0, " "0, " "0, " "0, " "0, " "0, " "0, " "0, " "0, " "0, " "0, " "0, " "0, " "0, " "0, " "0, " "0, " "0, " "0, " "0, " "0, " "0, " "0, " "0, " "0, " "0, " "0, " "0, " "0, " "0, " "0, " "0, " "0, " "0, " "0, " "0, " "0, " "0, " "0, " "0, " "0, " "0, " "0, " "0, " "0, " "0, " "0, " "0, " "0, " "0, " "0, " "0, " "0, " "0, " "0, " "0, " "0, " "0, " "0, " "0, " "0, " "0, " "0, " "0, " "0, " "0, " "0, " "0, " "0, " "0, " "0, " "0, " "0, " "0, " "0, " "0, " "0, " "0, " "0, " "0, " "0, " "0, " "0, " "0, " "0, " "0, " "0, " "0, " "0, " "0, " "0, " "0, " "0, " "0, " "0, " "0, " "0, " "0, " "0, " "0, " "0, " "0, " "0, " "0, " "0, " "0, " "0, " "0, " "0, " "0, " "0, " "0, " "0, " "0, " "0, " "0, " "0, " "0, " "0, " "0, " "0, " "0, " "0, " "0, " "0, " "0, " "0, " "0, " "0, " "0, " "0, " "0, " "0, " "0, " "0, " "0, " "0, " "0, " "0, " "0, "0
 "Nei74, 0.117, " "-0.948, " "0.754, " "0, " "0, " "0, " "0, " "0, " "0, " "0, " "0, " "0, " "0, " "0, " "0, " "0, " "0, " "0, " "0, " "0, " "0, " "0, " "0, " "0, " "0, " "0, " "0, " "0, " "0, " "0, " "0, " "0, " "0, " "0, " "0, " "0, " "0, " "0, " "0, " "0, " "0, " "0, " "0, " "0, " "0, " "0, " "0, " "0, " "0, " "0, " "0, " "0, " "0, " "0, " "0, " "0, " "0, " "0, " "0, " "0, " "0, " "1, " "1, " "1, " "1, " "1, " "1, " "1, " "1, " "1, " "1, " "1, " "1, " "1, " "1, " "1, " "1, " "0, " "1, " "1, " "1, " "1, " "1, " "1, " "1, " "1, " "1, " "1, " "1, " "1, " "1, " "1, " "1, " "1, " "0, " "0, " "0, " "0, " "0, " "0, " "0, " "0, " "0, " "0, " "0, " "0, " "0, " "0, " "0, " "0, " "0, " "0, " "0, " "0, " "0, " "0, " "0, " "0, " "0, " "0, " "0, " "0, " "0, " "0, " "0, " "0, " "0, " "0, " "0, " "0, " "0, " "0, " "0, " "0, " "0, " "0, " "0, " "0, " "0, " "0, " "0, " "0, " "0, " "0, " "0, " "0, " "0, " "0, " "0, " "0, " "0, " "0, " "0, " "0, " "0, " "0, " "0, " "0, " "0, " "0, " "0, " "0, " "0, " "0, " "0, " "0, " "0, " "0, " "0, " "0, " "0, " "0, " "0, " "0, " "0, " "0, " "0, " "0, " "0, " "0, " "0, " "0, " "0, " "0, " "0, " "0, " "0, " "0, " "0, " "0, " "0, " "0, " "0, " "0, " "0, " "0, " "0, " "0, " "0, " "0, " "0, " "0, " "0, " "0, " "0, " "0, " "0, " "0, " "0, " "0, " "0, " "0, " "0, " "0, " "0, " "0, " "0, " "0, " "0, " "0, " "0, " "0, " "0, " "0, " "0, " "0, " "0, " "0, " "0, " "0, " "0, " "0, " "0, " "0, " "0, " "0, " "0, " "0, " "0, " "0, " "0, " "0, " "0, " "0, " "0, " "0, " "0, " "0, " "0, " "0, " "0, " "0, " "1, " "0, " "0, " "0, " "0, " "0, " "0, " "0, "0
 "Nei75, 0.082, " "0.882, " "-0.341, " "0, " "0, " "0, " "0, " "0, " "0, " "0, " "0, " "0, " "0, " "0, " "0, " "0, " "0, " "0, " "0, " "0, " "0, " "0, " "0, " "0, " "0, " "0, " "0, " "0, " "0, " "0, " "0, " "0, " "0, " "0, " "0, " "0, " "0, " "0, " "0, " "0, " "0, " "0, " "0, " "0, " "0, " "0, " "0, " "0, " "0, " "0, " "0, " "0, " "0, " "0, " "0, " "0, " "1, " "0, " "0, " "0, " "0, " "0, " "1, " "1, " "1, " "1, " "1, " "1, " "1, " "1, " "1, " "1, " "1, " "0, " "1, " "1, " "1, " "1, " "0, " "0, " "0, " "1, " "1, " "1, " "1, " "1, " "1, " "1, " "1, " "1, " "1, " "1, " "1, " "1, " "0, " "0, " "0, " "0, " "0, " "0, " "0, " "0, " "0, " "0, " "0, " "0, " "0, " "0, " "0, " "0, " "0, " "0, " "0, " "1, " "0, " "0, " "0, " "0, " "0, " "0, " "0, " "0, " "0, " "0, " "0, " "0, " "0, " "0, " "0, " "0, " "0, " "0, " "0, " "0, " "0, " "0, " "0, " "0, " "0, " "0, " "0, " "0, " "0, " "0, " "0, " "0, " "0, " "0, " "0, " "0, " "0, " "0, " "0, " "0, " "0, " "0, " "0, " "0, " "0, " "0, " "0, " "0, " "0, " "0, " "0, " "0, " "0, " "0, " "0, " "0, " "0, " "0, " "0, " "0, " "0, " "0, " "0, " "0, " "0, " "0, " "0, " "0, " "0, " "0, " "0, " "0, " "0, " "0, " "0, " "0, " "0, " "0, " "0, " "0, " "0, " "0, " "0, " "0, " "0, " "0, " "0, " "0, " "0, " "0, " "0, " "0, " "0, " "0, " "0, " "0, " "0, " "0, " "0, " "0, " "0, " "0, " "0, " "0, " "0, " "0, " "0, " "0, " "0, " "0, " "0, " "0, " "0, " "0, " "0, " "0, " "1, " "0, " "0, " "0, " "0, " "0, " "0, " "0, " "0, " "0, " "0, " "0, " "0, " "0, " "0, " "0, " "0, " "0, " "0, " "0, " "0, " "0, " "0, " "0, " "0, " "0, " "0, " "0, " "0, " "0, "0
 "Nei76, 0.093, " "-0.851, " "0.324, " "0, " "0, " "0, " "0, " "0, " "0, " "0, " "0, " "0, " "0, " "0, " "0, " "0, " "0, " "0, " "0, " "0, " "0, " "0, " "0, " "0, " "0, " "0, " "0, " "0, " "0, " "0, " "0, " "0, " "0, " "0, " "0, " "0, " "0, " "0, " "0, " "0, " "0, " "0, " "0, " "0, " "0, " "0, " "0, " "0, " "0, " "0, " "0, " "0, " "0, " "0, " "0, " "0, " "0, " "0, " "0, " "0, " "0, " "0, " "0, " "1, " "0, " "1, " "1, " "1, " "1, " "1, " "1, " "1, " "1, " "1, " "1, " "1, " "1, " "1, " "0, " "0, " "1, " "1, " "1, " "1, " "1, " "1, " "1, " "1, " "1, " "1, " "1, " "1, " "1, " "1, " "1, " "1, " "0, " "0, " "0, " "0, " "0, " "0, " "0, " "0, " "0, " "0, " "0, " "0, " "0, " "0, " "0, " "0, " "0, " "0, " "0, " "0, " "0, " "0, " "0, " "0, " "0, " "0, " "0, " "0, " "0, " "0, " "0, " "0, " "0, " "0, " "0, " "0, " "1, " "0, " "0, " "0, " "0, " "0, " "0, " "0, " "0, " "0, " "0, " "0, " "0, " "0, " "0, " "0, " "0, " "0, " "0, " "0, " "0, " "0, " "0, " "0, " "0, " "0, " "0, " "0, " "0, " "0, " "0, " "0, " "0, " "0, " "0, " "0, " "0, " "0, " "0, " "0, " "0, " "0, " "0, " "0, " "0, " "0, " "0, " "0, " "0, " "0, " "0, " "0, " "0, " "0, " "0, " "0, " "0, " "0, " "0, " "0, " "0, " "0, " "0, " "0, " "0, " "0, " "0, " "0, " "0, " "0, " "0, " "0, " "0, " "0, " "0, " "0, " "0, " "0, " "0, " "0, " "0, " "0, " "0, " "0, " "0, " "0, " "0, " "1, " "0, " "0, " "0, " "0, " "0, " "0, " "0, " "0, " "0, " "0, " "0, " "0, " "0, " "0, " "0, " "0, " "0, " "0, " "0, " "0, " "0, " "0, " "0, " "0, " "0, " "0, " "0, " "0, " "0, " "0, " "0, " "0, " "0, " "0, " "0, " "0, " "0, " "1, " "0, " "0, "0
 "Nei77, 0.125, " "0.894, " "0.601, " "0, " "0, " "0, " "0, " "0, " "0, " "0, " "0, " "0, " "0, " "0, " "0, " "0, " "0, " "0, " "0, " "0, " "0, " "0, " "0, " "0, " "0, " "0, " "0, " "0, " "0, " "0, " "0, " "0, " "0, " "0, " "0, " "0, " "0, " "0, " "0, " "0, " "0, " "0, " "0, " "0, " "0, " "0, " "0, " "0, " "0, " "0, " "0, " "0, " "0, " "0, " "0, " "0, " "0, " "0, " "0, " "0, " "0, " "0, " "0, " "0, " "1, " "1, " "1, " "1, " "1, " "0, " "1, " "1, " "1, " "1, " "1, " "1, " "1, " "1, " "0, " "1, " "0, " "1, " "1, " "1, " "1, " "1, " "1, " "1, " "0, " "1, " "1, " "1, " "0, " "1, " "1, " "1, " "1, " "0, " "0, " "0, " "0, " "0, " "0, " "0, " "0, " "0, " "0, " "0, " "0, " "0, " "0, " "0, " "0, " "0, " "0, " "0, " "0, " "0, " "0, " "0, " "1, " "0, " "0, " "0, " "0, " "0, " "0, " "0, " "0, " "0, " "0, " "0, " "0, " "0, " "0, " "0, " "0, " "0, " "0, " "0, " "0, " "0, " "0, " "0, " "0, " "1, " "0, " "0, " "0, " "0, " "0, " "0, " "0, " "0, " "0, " "0, " "0, " "0, " "0, " "0, " "0, " "0, " "0, " "0, " "0, " "0, " "0, " "0, " "0, " "0, " "0, " "0, " "0, " "0, " "0, " "0, " "0, " "0, " "0, " "0, " "0, " "0, " "0, " "0, " "0, " "0, " "0, " "0, " "0, " "0, " "0, " "0, " "0, " "0, " "0, " "0, " "0, " "0, " "0, " "0, " "0, " "0, " "0, " "0, " "0, " "0, " "0, " "0, " "0, " "0, " "0, " "0, " "0, " "0, " "0, " "0, " "0, " "0, " "0, " "0, " "0, " "0, " "0, " "0, " "0, " "1, " "0, " "0, " "0, " "0, " "0, " "0, " "0, " "0, " "0, " "0, " "0, " "0, " "0, " "0, " "0, " "0, " "0, " "0, " "0, " "0, " "0, " "0, " "0, " "0, " "0, " "0, " "0, " "1, " "0, " "0, " "0, " "0, " "0, " "0, "0
 "Nei78, 0.067, " "-0.072, " "0.92, " "0, " "0, " "0, " "0, " "0, " "0, " "0, " "0, " "0, " "0, " "0, " "0, " "0, " "0, " "0, " "0, " "0, " "0, " "0, " "0, " "0, " "0, " "0, " "0, " "0, " "0, " "0, " "0, " "0, " "0, " "0, " "0, " "0, " "0, " "0, " "0, " "0, " "0, " "0, " "0, " "0, " "0, " "0, " "0, " "0, " "0, " "0, " "0, " "0, " "0, " "0, " "0, " "0, " "0, " "0, " "0, " "0, " "0, " "0, " "0, " "0, " "0, " "1, " "1, " "1, " "1, " "1, " "1, " "1, " "1, " "1, " "1, " "1, " "1, " "1, " "1, " "1, " "1, " "0, " "1, " "1, " "1, " "1, " "1, " "1, " "1, " "1, " "1, " "1, " "1, " "1, " "1, " "1, " "1, " "1, " "0, " "0, " "0, " "0, " "0, " "0, " "0, " "0, " "0, " "0, " "0, " "0, " "0, " "0, " "0, " "0, " "0, " "0, " "0, " "0, " "0, " "0, " "0, " "0, " "0, " "0, " "0, " "0, " "0, " "0, " "0, " "0, " "0, " "0, " "0, " "0, " "0, " "0, " "0, " "0, " "0, " "0, " "0, " "0, " "0, " "0, " "0, " "0, " "0, " "0, " "0, " "0, " "0, " "0, " "0, " "0, " "0, " "0, " "0, " "0, " "0, " "0, " "0, " "0, " "0, " "0, " "0, " "0, " "0, " "0, " "0, " "0, " "0, " "0, " "0, " "0, " "0, " "0, " "0, " "0, " "0, " "0, " "0, " "0, " "0, " "0, " "0, " "0, " "0, " "0, " "0, " "0, " "0, " "0, " "0, " "0, " "0, " "0, " "0, " "0, " "0, " "0, " "0, " "0, " "0, " "0, " "0, " "0, " "0, " "0, " "0, " "0, " "0, " "0, " "0, " "0, " "0, " "0, " "0, " "0, " "0, " "0, " "0, " "0, " "0, " "0, " "0, " "0, " "0, " "0, " "0, " "0, " "0, " "0, " "0, " "0, " "0, " "0, " "0, " "0, " "0, " "0, " "0, " "0, " "0, " "0, " "0, " "0, " "0, " "0, " "0, " "0, " "0, " "0, " "0, " "0, " "0, " "0, " "0, " "0, " "0, " "0, "0
 "Nei79, 0, " "0.879, " "0.979, " "0, " "0, " "0, " "0, " "0, " "0, " "0, " "0, " "0, " "0, " "0, " "0, " "0, " "0, " "0, " "0, " "0, " "0, " "0, " "0, " "0, " "0, " "0, " "0, " "0, " "0, " "0, " "0, " "0, " "0, " "0, " "0, " "0, " "0, " "0, " "0, " "0, " "0, " "0, " "0, " "0, " "0, " "0, " "0, " "0, " "0, " "0, " "0, " "0, " "0, " "0, " "0, " "0, " "0, " "0, " "0, " "0, " "0, " "0, " "0, " "0, " "0, " "0, " "1, " "1, " "1, " "1, " "1, " "1, " "1, " "1, " "1, " "1, " "1, " "1, " "1, " "1, " "1, " "1, " "0, " "1, " "1, " "1, " "1, " "1, " "1, " "1, " "1, " "1, " "1, " "1, " "1, " "1, " "1, " "1, " "1, " "0, " "0, " "0, " "0, " "0, " "0, " "0, " "0, " "0, " "0, " "0, " "0, " "0, " "0, " "0, " "0, " "0, " "0, " "0, " "0, " "0, " "0, " "0, " "0, " "0, " "0, " "0, " "0, " "0, " "0, " "0, " "0, " "0, " "0, " "0, " "0, " "0, " "0, " "0, " "0, " "0, " "0, " "0, " "0, " "0, " "0, " "0, " "0, " "0, " "0, " "0, " "0, " "0, " "0, " "0, " "0, " "0, " "0, " "0, " "0, " "0, " "0, " "0, " "0, " "0, " "0, " "0, " "0, " "0, " "0, " "0, " "0, " "0, " "0, " "0, " "0, " "0, " "0, " "0, " "0, " "0, " "0, " "0, " "0, " "0, " "0, " "0, " "0, " "0, " "0, " "0, " "0, " "0, " "0, " "0, " "0, " "0, " "0, " "0, " "0, " "0, " "0, " "0, " "0, " "0, " "0, " "0, " "0, " "0, " "0, " "0, " "0, " "0, " "0, " "0, " "0, " "0, " "0, " "0, " "0, " "0, " "0, " "0, " "0, " "0, " "0, " "0, " "0, " "0, " "0, " "0, " "0, " "0, " "0, " "0, " "0, " "0, " "0, " "0, " "0, " "0, " "0, " "0, " "0, " "0, " "0, " "0, " "0, " "0, " "0, " "0, " "0, " "0, " "0, " "0, " "0, " "0, " "0, " "0, " "0, " "0, "0
 "Nei80, 0.188, " "0.336, " "0.738, " "0, " "0, " "0, " "0, " "0, " "0, " "0, " "0, " "0, " "0, " "0, " "0, " "0, " "0, " "0, " "0, " "0, " "0, " "0, " "0, " "0, " "0, " "0, " "0, " "0, " "0, " "0, " "0, " "0, " "0, " "0, " "0, " "0, " "0, " "0, " "0, " "0, " "0, " "0, " "0, " "0, " "0, " "0, " "0, " "0, " "0, " "0, " "0, " "0, " "0, " "0, " "0, " "0, " "0, " "0, " "0, " "0, " "0, " "0, " "0, " "0, " "0, " "0, " "0, " "1, " "1, " "1, " "1, " "1, " "1, " "1, " "1, " "1, " "1, " "1, " "1, " "1, " "1, " "1, " "1, " "0, " "1, " "1, " "1, " "1, " "1, " "0, " "1, " "1, " "1, " "1, " "1, " "1, " "1, " "1, " "1, " "1, " "0, " "0, " "0, " "0, " "0, " "0, " "0, " "0, " "0, " "0, " "0, " "0, " "0, " "0, " "0, " "0, " "0, " "0, " "0, " "0, " "0, " "0, " "0, " "0, " "0, " "0, " "0, " "0, " "0, " "0, " "0, " "0, " "0, " "0, " "0, " "0, " "0, " "0, " "0, " "0, " "0, " "0, " "0, " "0, " "0, " "0, " "0, " "0, " "0, " "0, " "0, " "0, " "0, " "0, " "0, " "0, " "0, " "0, " "0, " "0, " "0, " "0, " "0, " "0, " "0, " "0, " "0, " "0, " "0, " "0, " "0, " "0, " "0, " "0, " "0, " "0, " "0, " "0, " "0, " "0, " "0, " "0, " "0, " "0, " "0, " "0, " "0, " "0, " "0, " "0, " "0, " "0, " "0, " "0, " "0, " "1, " "0, " "0, " "0, " "0, " "0, " "0, " "0, " "0, " "0, " "0, " "0, " "0, " "0, " "0, " "0, " "0, " "0, " "0, " "0, " "0, " "0, " "0, " "0, " "0, " "0, " "0, " "0, " "0, " "0, " "0, " "0, " "0, " "0, " "0, " "0, " "0, " "0, " "0, " "0, " "0, " "0, " "0, " "0, " "0, " "0, " "0, " "0, " "0, " "0, " "0, " "0, " "0, " "0, " "0, " "0, " "0, " "0, " "0, " "0, " "0, " "0, " "0, " "0, " "0, "0
 "Nei81, 0.155, " "0.799, " "0.943, " "0, " "0, " "0, " "0, " "0, " "0, " "0, " "0, " "0, " "0, " "0, " "0, " "0, " "0, " "0, " "0, " "0, " "0, " "0, " "0, " "0, " "0, " "0, " "0, " "1, " "0, " "0, " "0, " "0, " "0, " "0, " "0, " "0, " "0, " "0, " "0, " "0, " "0, " "0, " "0, " "0, " "0, " "0, " "0, " "0, " "0, " "0, " "0, " "0, " "0, " "0, " "0, " "0, " "0, " "0, " "0, " "0, " "0, " "0, " "0, " "0, " "0, " "0, " "0, " "0, " "1, " "1, " "1, " "1, " "1, " "1, " "1, " "1, " "1, " "1, " "1, " "1, " "1, " "1, " "1, " "1, " "0, " "1, " "1, " "1, " "1, " "1, " "1, " "1, " "1, " "1, " "1, " "1, " "1, " "1, " "0, " "0, " "0, " "0, " "0, " "0, " "0, " "0, " "0, " "0, " "0, " "0, " "0, " "0, " "0, " "0, " "0, " "0, " "0, " "0, " "0, " "0, " "0, " "0, " "0, " "0, " "0, " "0, " "0, " "0, " "0, " "0, " "0, " "0, " "0, " "0, " "0, " "0, " "0, " "0, " "0, " "0, " "0, " "0, " "0, " "0, " "0, " "0, " "0, " "0, " "0, " "0, " "0, " "0, " "0, " "0, " "0, " "0, " "0, " "0, " "0, " "0, " "0, " "0, " "0, " "0, " "0, " "0, " "0, " "0, " "1, " "0, " "0, " "0, " "0, " "0, " "0, " "0, " "0, " "0, " "0, " "0, " "0, " "0, " "0, " "0, " "0, " "0, " "0, " "0, " "0, " "0, " "0, " "0, " "0, " "0, " "0, " "0, " "0, " "0, " "0, " "0, " "0, " "0, " "0, " "0, " "0, " "0, " "0, " "0, " "0, " "0, " "0, " "0, " "0, " "0, " "0, " "0, " "0, " "0, " "0, " "0, " "0, " "0, " "0, " "0, " "0, " "0, " "0, " "0, " "0, " "0, " "0, " "0, " "0, " "0, " "0, " "0, " "0, " "0, " "0, " "0, " "0, " "0, " "0, " "0, " "0, " "0, " "0, " "0, " "0, " "0, " "0, " "0, " "0, " "0, " "0, " "0, " "0, " "1, " "0, " "0, "0
 "Nei82, 0.181, " "0.979, " "-0.077, " "0, " "0, " "0, " "0, " "0, " "0, " "0, " "0, " "0, " "0, " "0, " "0, " "0, " "0, " "0, " "0, " "0, " "0, " "0, " "0, " "0, " "0, " "0, " "0, " "0, " "0, " "0, " "0, " "0, " "0, " "0, " "0, " "0, " "0, " "0, " "0, " "0, " "0, " "0, " "0, " "0, " "0, " "0, " "0, " "0, " "0, " "0, " "0, " "0, " "0, " "0, " "0, " "0, " "0, " "0, " "0, " "0, " "0, " "0, " "0, " "0, " "0, " "0, " "0, " "0, " "0, " "1, " "1, " "1, " "1, " "1, " "1, " "1, " "1, " "1, " "1, " "1, " "1, " "1, " "1, " "1, " "1, " "0, " "1, " "1, " "1, " "1, " "1, " "1, " "1, " "1, " "1, " "1, " "1, " "1, " "1, " "1, " "1, " "1, " "0, " "0, " "0, " "0, " "0, " "0, " "0, " "0, " "0, " "0, " "0, " "0, " "0, " "0, " "0, " "0, " "0, " "0, " "0, " "0, " "0, " "0, " "0, " "0, " "0, " "0, " "0, " "0, " "0, " "0, " "0, " "0, " "0, " "0, " "0, " "0, " "0, " "0, " "0, " "0, " "0, " "0, " "0, " "0, " "0, " "0, " "0, " "0, " "0, " "0, " "0, " "0, " "0, " "0, " "0, " "0, " "0, " "0, " "0, " "1, " "0, " "0, " "0, " "0, " "0, " "0, " "0, " "0, " "0, " "0, " "0, " "0, " "0, " "0, " "1, " "0, " "0, " "0, " "0, " "0, " "0, " "0, " "0, " "0, " "0, " "0, " "0, " "0, " "0, " "0, " "0, " "0, " "0, " "0, " "0, " "0, " "0, " "0, " "0, " "0, " "0, " "0, " "0, " "0, " "0, " "0, " "0, " "0, " "0, " "0, " "0, " "0, " "0, " "0, " "0, " "0, " "0, " "0, " "0, " "0, " "0, " "0, " "0, " "0, " "0, " "0, " "0, " "0, " "0, " "0, " "0, " "0, " "0, " "0, " "0, " "0, " "0, " "0, " "0, " "0, " "0, " "0, " "0, " "0, " "0, " "0, " "0, " "0, " "0, " "0, " "0, " "0, " "0, " "0, " "0, " "0, " "0, " "0, "0
 "Nei83, 0.086, " "0.359, " "-0.631, " "0, " "0, " "0, " "0, " "0, " "0, " "1, " "0, " "0, " "0, " "0, " "1, " "0, " "0, " "0, " "0, " "0, " "0, " "0, " "0, " "0, " "1, " "0, " "0, " "0, " "0, " "0, " "0, " "0, " "0, " "0, " "0, " "0, " "0, " "0, " "0, " "0, " "0, " "0, " "0, " "0, " "0, " "0, " "0, " "0, " "0, " "0, " "0, " "0, " "0, " "0, " "0, " "0, " "0, " "0, " "0, " "0, " "0, " "0, " "0, " "0, " "0, " "0, " "0, " "0, " "0, " "0, " "1, " "1, " "1, " "1, " "1, " "1, " "1, " "1, " "1, " "1, " "1, " "1, " "1, " "1, " "1, " "1, " "0, " "1, " "1, " "1, " "1, " "1, " "1, " "1, " "1, " "1, " "1, " "1, " "1, " "1, " "1, " "1, " "1, " "0, " "0, " "0, " "0, " "0, " "0, " "0, " "0, " "0, " "0, " "0, " "0, " "0, " "0, " "0, " "0, " "0, " "0, " "0, " "0, " "0, " "0, " "0, " "0, " "0, " "0, " "0, " "0, " "0, " "0, " "0, " "0, " "0, " "0, " "0, " "0, " "0, " "0, " "0, " "0, " "0, " "0, " "0, " "0, " "0, " "0, " "0, " "0, " "0, " "0, " "0, " "0, " "0, " "0, " "0, " "0, " "0, " "0, " "0, " "0, " "0, " "0, " "0, " "0, " "0, " "0, " "0, " "0, " "0, " "0, " "0, " "0, " "0, " "0, " "0, " "0, " "0, " "0, " "0, " "0, " "0, " "0, " "0, " "0, " "0, " "0, " "0, " "0, " "0, " "0, " "0, " "0, " "0, " "0, " "0, " "0, " "0, " "0, " "0, " "0, " "0, " "0, " "0, " "0, " "0, " "0, " "0, " "0, " "0, " "0, " "0, " "0, " "0, " "0, " "0, " "0, " "1, " "0, " "0, " "0, " "0, " "0, " "0, " "0, " "0, " "0, " "0, " "0, " "0, " "0, " "0, " "0, " "0, " "0, " "0, " "0, " "0, " "0, " "0, " "0, " "0, " "0, " "0, " "0, " "0, " "0, " "1, " "0, " "0, " "0, " "0, " "0, " "0, " "0, " "0, " "0, " "0, "0
 "Nei84, 0.041, " "-0.745, " "0.157, " "0, " "0, " "0, " "0, " "0, " "0, " "0, " "0, " "0, " "0, " "0, " "0, " "0, " "0, " "0, " "0, " "0, " "0, " "0, " "0, " "0, " "0, " "1, " "0, " "0, " "0, " "0, " "0, " "0, " "0, " "0, " "1, " "0, " "0, " "0, " "0, " "0, " "0, " "0, " "0, " "0, " "0, " "0, " "0, " "0, " "0, " "0, " "0, " "0, " "0, " "0, " "0, " "0, " "0, " "0, " "0, " "0, " "0, " "0, " "0, " "0, " "0, " "0, " "0, " "0, " "0, " "0, " "0, " "1, " "1, " "1, " "1, " "1, " "1, " "1, " "1, " "1, " "1, " "1, " "1, " "1, " "1, " "1, " "1, " "0, " "1, " "0, " "1, " "1, " "1, " "1, " "0, " "1, " "1, " "1, " "1, " "1, " "1, " "1, " "1, " "1, " "0, " "0, " "0, " "0, " "0, " "0, " "0, " "0, " "0, " "0, " "0, " "0, " "0, " "0, " "0, " "0, " "0, " "0, " "0, " "0, " "0, " "0, " "0, " "0, " "0, " "0, " "0, " "0, " "0, " "0, " "0, " "0, " "0, " "0, " "0, " "0, " "0, " "0, " "0, " "0, " "0, " "0, " "0, " "0, " "0, " "0, " "0, " "0, " "0, " "0, " "0, " "0, " "0, " "0, " "0, " "0, " "0, " "0, " "0, " "0, " "0, " "0, " "0, " "0, " "0, " "0, " "0, " "0, " "0, " "0, " "0, " "0, " "0, " "0, " "0, " "0, " "0, " "0, " "0, " "0, " "0, " "0, " "0, " "0, " "0, " "0, " "0, " "0, " "0, " "0, " "0, " "0, " "0, " "0, " "0, " "0, " "0, " "0, " "0, " "0, " "0, " "0, " "0, " "0, " "1, " "0, " "0, " "0, " "0, " "0, " "0, " "0, " "0, " "0, " "0, " "0, " "0, " "0, " "0, " "0, " "0, " "0, " "0, " "0, " "0, " "0, " "0, " "0, " "0, " "0, " "0, " "0, " "0, " "0, " "0, " "0, " "0, " "0, " "0, " "0, " "0, " "0, " "0, " "0, " "0, " "0, " "0, " "0, " "0, " "0, " "0, " "0, " "0, " "0, " "0, " "0, "0
 "Nei85, 0.064, " "-0.676, " "0.984, " "0, " "0, " "0, " "0, " "0, " "0, " "0, " "0, " "0, " "0, " "0, " "0, " "0, " "0, " "0, " "0, " "0, " "0, " "0, " "0, " "0, " "0, " "0, " "0, " "0, " "0, " "0, " "0, " "0, " "0, " "0, " "0, " "0, " "0, " "0, " "0, " "0, " "0, " "0, " "0, " "0, " "0, " "0, " "0, " "0, " "0, " "0, " "0, " "0, " "0, " "0, " "0, " "0, " "0, " "0, " "0, " "0, " "0, " "0, " "0, " "0, " "0, " "0, " "0, " "0, " "0, " "0, " "0, " "0, " "1, " "1, " "1, " "1, " "1, " "1, " "1, " "1, " "0, " "1, " "1, " "1, " "1, " "1, " "1, " "1, " "0, " "1, " "1, " "1, " "1, " "1, " "1, " "1, " "1, " "1, " "1, " "1, " "1, " "1, " "1, " "0, " "1, " "0, " "0, " "0, " "0, " "0, " "0, " "0, " "0, " "0, " "0, " "0, " "0, " "0, " "0, " "0, " "0, " "0, " "0, " "0, " "0, " "0, " "0, " "0, " "0, " "0, " "0, " "0, " "0, " "0, " "0, " "0, " "0, " "0, " "0, " "0, " "0, " "0, " "0, " "0, " "0, " "0, " "0, " "0, " "0, " "0, " "0, " "0, " "0, " "0, " "0, " "0, " "0, " "0, " "0, " "0, " "0, " "0, " "0, " "0, " "0, " "0, " "0, " "0, " "0, " "0, " "0, " "0, " "0, " "0, " "0, " "0, " "0, " "0, " "0, " "0, " "0, " "0, " "0, " "0, " "0, " "1, " "0, " "0, " "0, " "0, " "0, " "0, " "0, " "0, " "0, " "0, " "0, " "0, " "0, " "0, " "0, " "0, " "0, " "0, " "0, " "0, " "0, " "0, " "0, " "0, " "0, " "0, " "0, " "0, " "0, " "0, " "0, " "0, " "0, " "0, " "0, " "0, " "0, " "0, " "0, " "0, " "0, " "0, " "0, " "0, " "0, " "1, " "0, " "0, " "0, " "0, " "0, " "0, " "0, " "0, " "0, " "0, " "0, " "0, " "0, " "0, " "0, " "0, " "0, " "0, " "0, " "0, " "0, " "0, " "0, " "0, " "0, " "0, " "0, " "0, "0
 "Nei86, 0.152, " "-0.169, " "0.151, " "0, " "0, " "0, " "0, " "0, " "0, " "0, " "0, " "0, " "0, " "0, " "0, " "0, " "0, " "0, " "0, " "0, " "0, " "0, " "0, " "0, " "0, " "0, " "0, " "0, " "0, " "0, " "0, " "0, " "0, " "0, " "0, " "0, " "0, " "0, " "0, " "0, " "0, " "0, " "0, " "0, " "0, " "0, " "0, " "0, " "0, " "0, " "0, " "0, " "0, " "0, " "0, " "0, " "0, " "0, " "0, " "0, " "0, " "0, " "0, " "0, " "0, " "0, " "0, " "0, " "0, " "0, " "0, " "0, " "0, " "1, " "1, " "1, " "1, " "1, " "1, " "1, " "1, " "1, " "1, " "0, " "1, " "1, " "1, " "0, " "1, " "0, " "1, " "1, " "1, " "1, " "1, " "1, " "1, " "1, " "1, " "1, " "1, " "1, " "1, " "0, " "1, " "1, " "0, " "0, " "0, " "0, " "0, " "0, " "0, " "0, " "0, " "0, " "1, " "0, " "0, " "0, " "0, " "0, " "0, " "0, " "0, " "0, " "0, " "0, " "0, " "0, " "0, " "0, " "0, " "0, " "0, " "0, " "0, " "0, " "0, " "0, " "0, " "0, " "0, " "0, " "0, " "0, " "0, " "0, " "0, " "0, " "0, " "0, " "0, " "0, " "0, " "0, " "0, " "0, " "0, " "0, " "0, " "0, " "0, " "0, " "0, " "0, " "0, " "0, " "0, " "0, " "0, " "0, " "0, " "0, " "0, " "0, " "0, " "0, " "0, " "0, " "0, " "0, " "0, " "0, " "0, " "0, " "0, " "0, " "0, " "0, " "0, " "0, " "0, " "0, " "0, " "0, " "0, " "0, " "0, " "0, " "0, " "0, " "0, " "0, " "0, " "0, " "0, " "0, " "0, " "0, " "0, " "0, " "0, " "0, " "0, " "0, " "0, " "0, " "0, " "0, " "0, " "0, " "0, " "0, " "0, " "0, " "0, " "0, " "0, " "0, " "0, " "0, " "0, " "0, " "0, " "0, " "0, " "0, " "0, " "0, " "0, " "0, " "0, " "0, " "0, " "0, " "0, " "0, " "0, " "0, " "0, " "0, " "0, " "0, " "0, " "0, " "0, " "0, " "0, " "0, "0
 "Nei87, 0.069, " "0.81, " "-0.683, " "0, " "0, " "0, " "0, " "0, " "0, " "0, " "0, " "0, " "0, " "0, " "0, " "0, " "0, " "0, " "0, " "0, " "0, " "0, " "0, " "0, " "0, " "0, " "0, " "0, " "0, " "0, " "0, " "0, " "0, " "0, " "0, " "0, " "0, " "0, " "0, " "0, " "0, " "0, " "0, " "0, " "0, " "0, " "0, " "0, " "0, " "0, " "0, " "0, " "0, " "0, " "0, " "0, " "0, " "0, " "0, " "0, " "0, " "0, " "0, " "0, " "1, " "0, " "0, " "0, " "0, " "0, " "0, " "0, " "0, " "0, " "1, " "1, " "1, " "1, " "1, " "1, " "1, " "1, " "1, " "1, " "1, " "1, " "1, " "1, " "1, " "1, " "0, " "1, " "1, " "1, " "1, " "1, " "1, " "1, " "1, " "1, " "1, " "1, " "1, " "1, " "1, " "1, " "1, " "0, " "0, " "0, " "0, " "0, " "0, " "0, " "0, " "0, " "0, " "0, " "0, " "0, " "0, " "0, " "0, " "0, " "0, " "0, " "0, " "0, " "0, " "0, " "0, " "0, " "0, " "0, " "0, " "0, " "0, " "0, " "0, " "0, " "0, " "0, " "0, " "0, " "0, " "0, " "0, " "0, " "0, " "0, " "0, " "0, " "0, " "0, " "0, " "0, " "0, " "0, " "0, " "0, " "0, " "0, " "0, " "0, " "0, " "0, " "0, " "0, " "0, " "0, " "0, " "0, " "0, " "0, " "0, " "0, " "0, " "0, " "0, " "0, " "0, " "0, " "0, " "0, " "0, " "0, " "0, " "0, " "0, " "0, " "0, " "0, " "0, " "0, " "0, " "0, " "0, " "0, " "0, " "0, " "0, " "0, " "0, " "0, " "0, " "0, " "0, " "0, " "0, " "0, " "0, " "0, " "0, " "0, " "0, " "0, " "0, " "0, " "0, " "0, " "0, " "0, " "0, " "0, " "0, " "0, " "0, " "0, " "0, " "0, " "0, " "0, " "0, " "0, " "0, " "0, " "0, " "0, " "0, " "0, " "0, " "0, " "0, " "0, " "0, " "0, " "0, " "0, " "0, " "0, " "0, " "0, " "0, " "0, " "0, " "0, " "0, " "0, " "0, " "0, "0
 "Nei88, 0.014, " "0.553, " "0.265, " "0, " "0, " "0, " "0, " "0, " "0, " "0, " "0, " "0, " "0, " "0, " "0, " "0, " "0, " "0, " "0, " "0, " "0, " "0, " "0, " "0, " "0, " "0, " "0, " "0, " "0, " "0, " "0, " "0, " "0, " "0, " "0, " "0, " "0, " "0, " "0, " "0, " "0, " "0, " "0, " "0, " "0, " "0, " "0, " "0, " "0, " "0, " "0, " "0, " "0, " "0, " "0, " "0, " "1, " "1, " "0, " "0, " "0, " "0, " "0, " "0, " "0, " "0, " "0, " "0, " "0, " "0, " "0, " "0, " "0, " "0, " "0, " "1, " "1, " "1, " "1, " "1, " "1, " "1, " "1, " "1, " "1, " "1, " "1, " "1, " "1, " "1, " "1, " "0, " "1, " "1, " "1, " "1, " "1, " "1, " "0, " "1, " "1, " "1, " "1, " "1, " "1, " "1, " "1, " "1, " "0, " "0, " "0, " "0, " "0, " "0, " "0, " "0, " "0, " "0, " "0, " "0, " "0, " "0, " "0, " "0, " "0, " "0, " "0, " "0, " "0, " "0, " "0, " "0, " "0, " "0, " "0, " "0, " "0, " "0, " "0, " "0, " "0, " "0, " "0, " "0, " "0, " "0, " "0, " "0, " "0, " "0, " "0, " "0, " "1, " "0, " "0, " "0, " "0, " "0, " "0, " "0, " "0, " "0, " "0, " "0, " "0, " "0, " "0, " "0, " "0, " "0, " "0, " "0, " "0, " "0, " "0, " "0, " "0, " "0, " "0, " "0, " "0, " "0, " "0, " "0, " "0, " "0, " "0, " "0, " "0, " "0, " "0, " "0, " "0, " "0, " "0, " "0, " "0, " "0, " "0, " "0, " "0, " "0, " "0, " "0, " "0, " "0, " "0, " "0, " "0, " "0, " "0, " "0, " "0, " "0, " "0, " "0, " "0, " "0, " "0, " "0, " "0, " "0, " "0, " "0, " "0, " "0, " "0, " "0, " "0, " "0, " "0, " "0, " "0, " "0, " "0, " "0, " "0, " "0, " "0, " "0, " "0, " "0, " "0, " "0, " "0, " "0, " "0, " "0, " "0, " "0, " "0, " "0, " "0, " "0, " "0, " "0, " "0, " "0, " "0, " "0, "0
 "Nei89, 0.068, " "0.645, " "-0.339, " "0, " "0, " "0, " "0, " "0, " "0, " "0, " "0, " "0, " "0, " "0, " "0, " "0, " "0, " "0, " "0, " "0, " "0, " "0, " "0, " "0, " "0, " "0, " "0, " "0, " "0, " "0, " "0, " "0, " "0, " "0, " "0, " "0, " "0, " "0, " "0, " "0, " "0, " "0, " "0, " "0, " "0, " "0, " "0, " "0, " "0, " "0, " "0, " "0, " "0, " "0, " "0, " "0, " "0, " "0, " "0, " "0, " "0, " "0, " "0, " "0, " "0, " "0, " "0, " "0, " "0, " "0, " "0, " "0, " "0, " "0, " "0, " "0, " "1, " "1, " "1, " "1, " "0, " "1, " "1, " "1, " "1, " "1, " "1, " "1, " "1, " "1, " "1, " "1, " "0, " "1, " "1, " "1, " "1, " "1, " "1, " "1, " "1, " "1, " "0, " "1, " "1, " "1, " "1, " "1, " "1, " "0, " "0, " "0, " "0, " "0, " "0, " "0, " "0, " "0, " "0, " "0, " "0, " "0, " "0, " "0, " "0, " "0, " "0, " "0, " "0, " "0, " "0, " "0, " "0, " "0, " "0, " "0, " "0, " "0, " "0, " "0, " "0, " "0, " "0, " "0, " "0, " "0, " "0, " "0, " "0, " "0, " "0, " "0, " "0, " "0, " "0, " "0, " "0, " "0, " "0, " "0, " "0, " "0, " "0, " "0, " "0, " "0, " "0, " "0, " "0, " "0, " "0, " "0, " "0, " "0, " "0, " "0, " "0, " "0, " "0, " "0, " "0, " "0, " "0, " "0, " "0, " "0, " "0, " "0, " "0, " "0, " "0, " "0, " "0, " "0, " "0, " "0, " "0, " "0, " "0, " "0, " "0, " "0, " "0, " "0, " "0, " "0, " "0, " "0, " "0, " "0, " "0, " "0, " "0, " "0, " "0, " "0, " "0, " "0, " "1, " "0, " "0, " "0, " "0, " "0, " "0, " "0, " "0, " "0, " "0, " "0, " "0, " "0, " "0, " "0, " "0, " "0, " "0, " "0, " "0, " "0, " "0, " "0, " "0, " "0, " "0, " "0, " "0, " "0, " "0, " "0, " "0, " "0, " "0, " "0, " "0, " "0, " "0, " "0, " "0, " "0, "0
 "Nei90, 0.028, " "0.016, " "-0.46, " "0, " "0, " "0, " "0, " "1, " "0, " "0, " "0, " "0, " "0, " "0, " "0, " "0, " "0, " "0, " "0, " "0, " "0, " "0, " "0, " "0, " "0, " "0, " "0, " "0, " "0, " "0, " "0, " "0, " "0, " "0, " "0, " "0, " "0, " "0, " "0, " "0, " "0, " "0, " "0, " "0, " "0, " "0, " "0, " "0, " "0, " "0, " "0, " "0, " "0, " "0, " "0, " "0, " "0, " "0, " "0, " "0, " "0, " "0, " "0, " "0, " "0, " "0, " "0, " "0, " "0, " "0, " "0, " "0, " "0, " "0, " "0, " "0, " "0, " "1, " "1, " "1, " "1, " "1, " "1, " "1, " "1, " "1, " "1, " "1, " "1, " "1, " "1, " "1, " "1, " "0, " "1, " "1, " "1, " "1, " "1, " "1, " "1, " "1, " "1, " "1, " "1, " "1, " "1, " "1, " "1, " "1, " "0, " "0, " "0, " "0, " "0, " "0, " "0, " "0, " "0, " "0, " "0, " "0, " "0, " "0, " "0, " "0, " "0, " "0, " "0, " "0, " "0, " "0, " "0, " "0, " "0, " "0, " "0, " "0, " "0, " "0, " "0, " "0, " "0, " "0, " "0, " "0, " "0, " "0, " "0, " "0, " "0, " "0, " "0, " "0, " "0, " "0, " "0, " "0, " "0, " "0, " "0, " "0, " "0, " "0, " "0, " "0, " "0, " "0, " "0, " "0, " "0, " "0, " "0, " "0, " "0, " "0, " "0, " "0, " "0, " "0, " "0, " "0, " "0, " "0, " "0, " "0, " "0, " "0, " "0, " "0, " "0, " "0, " "0, " "0, " "0, " "0, " "0, " "0, " "0, " "0, " "0, " "0, " "0, " "0, " "0, " "0, " "0, " "0, " "0, " "0, " "0, " "0, " "0, " "0, " "0, " "0, " "0, " "0, " "0, " "0, " "0, " "0, " "0, " "0, " "0, " "0, " "0, " "0, " "0, " "0, " "0, " "0, " "0, " "0, " "0, " "0, " "0, " "0, " "0, " "0, " "0, " "0, " "0, " "0, " "0, " "0, " "0, " "0, " "0, " "0, " "0, " "0, " "0, " "0, " "0, " "0, " "0, " "0, " "0, " "0, "0
 "Nei91, 0.059, " "0.382, " "0.058, " "0, " "0, " "0, " "0, " "0, " "0, " "0, " "0, " "0, " "0, " "0, " "0, " "0, " "0, " "0, " "0, " "0, " "0, " "0, " "0, " "0, " "0, " "0, " "0, " "0, " "0, " "0, " "0, " "0, " "0, " "0, " "0, " "0, " "0, " "0, " "0, " "0, " "0, " "0, " "0, " "0, " "0, " "0, " "0, " "0, " "0, " "0, " "0, " "0, " "0, " "0, " "0, " "0, " "0, " "0, " "0, " "0, " "0, " "0, " "0, " "0, " "0, " "0, " "0, " "0, " "0, " "0, " "0, " "0, " "0, " "0, " "0, " "0, " "0, " "0, " "0, " "1, " "1, " "1, " "1, " "1, " "1, " "1, " "1, " "0, " "1, " "1, " "1, " "1, " "1, " "1, " "0, " "1, " "1, " "1, " "1, " "1, " "1, " "1, " "1, " "1, " "1, " "1, " "1, " "1, " "1, " "1, " "1, " "0, " "0, " "0, " "0, " "0, " "0, " "0, " "0, " "0, " "0, " "0, " "0, " "0, " "0, " "0, " "0, " "0, " "0, " "0, " "0, " "0, " "0, " "0, " "0, " "0, " "0, " "0, " "0, " "0, " "0, " "0, " "0, " "0, " "0, " "0, " "0, " "0, " "0, " "0, " "0, " "0, " "0, " "0, " "0, " "0, " "0, " "0, " "0, " "0, " "0, " "0, " "0, " "0, " "0, " "0, " "0, " "0, " "0, " "0, " "0, " "0, " "0, " "0, " "0, " "0, " "0, " "0, " "0, " "0, " "0, " "0, " "0, " "0, " "0, " "0, " "0, " "0, " "0, " "0, " "0, " "0, " "0, " "0, " "0, " "0, " "0, " "0, " "0, " "0, " "0, " "0, " "0, " "0, " "0, " "0, " "0, " "0, " "0, " "0, " "0, " "0, " "0, " "0, " "0, " "0, " "0, " "0, " "0, " "0, " "0, " "0, " "0, " "0, " "0, " "0, " "0, " "0, " "0, " "0, " "0, " "0, " "0, " "0, " "0, " "0, " "0, " "0, " "0, " "0, " "0, " "0, " "0, " "0, " "0, " "0, " "0, " "0, " "0, " "0, " "0, " "0, " "0, " "0, " "0, " "0, " "0, " "0, " "0, " "0, "0
 "Nei92, 0.033, " "0.394, " "0.022, " "0, " "0, " "0, " "0, " "0, " "0, " "0, " "0, " "0, " "0, " "0, " "0, " "0, " "0, " "0, " "0, " "0, " "0, " "0, " "0, " "0, " "0, " "0, " "0, " "0, " "0, " "0, " "0, " "1, " "0, " "0, " "0, " "0, " "0, " "0, " "0, " "0, " "0, " "0, " "0, " "0, " "0, " "0, " "0, " "0, " "0, " "0, " "0, " "0, " "0, " "0, " "0, " "0, " "0, " "0, " "0, " "0, " "0, " "0, " "0, " "0, " "0, " "0, " "0, " "0, " "0, " "0, " "0, " "0, " "0, " "0, " "0, " "0, " "0, " "0, " "0, " "1, " "1, " "1, " "1, " "1, " "1, " "1, " "1, " "1, " "1, " "1, " "1, " "1, " "1, " "1, " "1, " "0, " "1, " "1, " "1, " "1, " "1, " "1, " "1, " "1, " "1, " "0, " "1, " "1, " "1, " "1, " "1, " "1, " "0, " "0, " "0, " "0, " "0, " "0, " "0, " "0, " "0, " "0, " "0, " "0, " "0, " "0, " "0, " "0, " "0, " "0, " "0, " "0, " "0, " "0, " "0, " "0, " "0, " "0, " "0, " "0, " "0, " "0, " "0, " "0, " "0, " "0, " "0, " "0, " "0, " "0, " "0, " "0, " "0, " "0, " "0, " "0, " "0, " "0, " "0, " "0, " "0, " "0, " "0, " "0, " "0, " "0, " "0, " "0, " "0, " "0, " "0, " "0, " "0, " "0, " "0, " "0, " "0, " "0, " "0, " "0, " "0, " "0, " "0, " "0, " "0, " "0, " "0, " "0, " "0, " "0, " "0, " "0, " "0, " "0, " "0, " "0, " "0, " "0, " "0, " "0, " "0, " "0, " "0, " "0, " "0, " "0, " "0, " "0, " "0, " "0, " "0, " "0, " "0, " "0, " "0, " "0, " "0, " "0, " "0, " "0, " "0, " "0, " "0, " "0, " "0, " "0, " "0, " "0, " "0, " "0, " "0, " "0, " "0, " "0, " "0, " "0, " "0, " "0, " "0, " "0, " "0, " "0, " "0, " "0, " "0, " "0, " "0, " "0, " "0, " "0, " "0, " "0, " "0, " "0, " "0, " "0, " "0, " "0, " "1, " "0, "0
 "Nei93, 0.108, " "-0.498, " "0.934, " "0, " "0, " "0, " "0, " "0, " "0, " "0, " "0, " "0, " "0, " "0, " "0, " "0, " "0, " "0, " "0, " "0, " "0, " "0, " "0, " "0, " "0, " "0, " "0, " "0, " "0, " "0, " "0, " "0, " "0, " "0, " "0, " "0, " "0, " "0, " "0, " "0, " "0, " "0, " "0, " "0, " "0, " "0, " "0, " "0, " "0, " "0, " "0, " "0, " "0, " "0, " "0, " "0, " "0, " "0, " "0, " "1, " "0, " "0, " "0, " "0, " "0, " "0, " "0, " "0, " "0, " "1, " "0, " "0, " "0, " "0, " "0, " "0, " "0, " "0, " "0, " "0, " "1, " "1, " "1, " "1, " "1, " "1, " "1, " "1, " "1, " "1, " "1, " "1, " "1, " "1, " "1, " "1, " "0, " "1, " "1, " "0, " "1, " "1, " "1, " "1, " "1, " "0, " "1, " "1, " "1, " "1, " "1, " "1, " "1, " "0, " "0, " "0, " "0, " "0, " "0, " "0, " "0, " "0, " "0, " "0, " "0, " "0, " "0, " "0, " "0, " "0, " "0, " "0, " "0, " "0, " "0, " "0, " "0, " "0, " "0, " "0, " "0, " "0, " "0, " "0, " "0, " "0, " "0, " "0, " "0, " "0, " "0, " "0, " "0, " "0, " "0, " "0, " "0, " "0, " "0, " "0, " "0, " "0, " "0, " "0, " "0, " "1, " "0, " "0, " "0, " "0, " "0, " "0, " "0, " "0, " "0, " "0, " "0, " "0, " "0, " "0, " "0, " "0, " "0, " "0, " "0, " "0, " "0, " "0, " "0, " "0, " "0, " "0, " "0, " "0, " "0, " "0, " "0, " "0, " "0, " "0, " "0, " "0, " "0, " "0, " "0, " "0, " "0, " "0, " "0, " "0, " "0, " "0, " "0, " "0, " "0, " "0, " "0, " "0, " "0, " "0, " "0, " "0, " "0, " "0, " "0, " "0, " "0, " "0, " "0, " "1, " "0, " "0, " "0, " "0, " "0, " "0, " "0, " "0, " "0, " "0, " "0, " "0, " "1, " "0, " "0, " "0, " "0, " "0, " "0, " "0, " "0, " "0, " "0, " "0, " "0, " "0, " "0, " "0, " "0, " "0, "0
 "Nei94, 0.182, " "-0.812, " "-0.98, " "0, " "0, " "0, " "0, " "0, " "0, " "0, " "0, " "0, " "0, " "0, " "0, " "0, " "0, " "0, " "0, " "0, " "0, " "0, " "0, " "0, " "0, " "0, " "0, " "0, " "0, " "0, " "0, " "0, " "0, " "0, " "0, " "0, " "0, " "0, " "0, " "0, " "0, " "0, " "0, " "0, " "0, " "0, " "0, " "0, " "0, " "0, " "0, " "0, " "0, " "0, " "0, " "0, " "0, " "0, " "0, " "0, " "0, " "0, " "0, " "0, " "0, " "0, " "0, " "0, " "0, " "0, " "0, " "0, " "0, " "0, " "0, " "0, " "0, " "0, " "0, " "0, " "0, " "1, " "1, " "1, " "1, " "1, " "1, " "1, " "1, " "1, " "1, " "1, " "1, " "1, " "1, " "1, " "1, " "0, " "1, " "1, " "1, " "1, " "1, " "1, " "1, " "1, " "1, " "1, " "1, " "1, " "1, " "1, " "1, " "1, " "0, " "0, " "0, " "0, " "0, " "0, " "0, " "0, " "0, " "0, " "0, " "0, " "0, " "0, " "0, " "0, " "0, " "0, " "0, " "0, " "0, " "0, " "0, " "0, " "0, " "0, " "0, " "0, " "0, " "0, " "0, " "0, " "0, " "0, " "0, " "0, " "0, " "0, " "0, " "0, " "0, " "0, " "0, " "0, " "0, " "0, " "0, " "0, " "0, " "0, " "0, " "0, " "0, " "0, " "0, " "0, " "0, " "0, " "0, " "0, " "0, " "0, " "0, " "0, " "0, " "0, " "0, " "0, " "0, " "0, " "0, " "0, " "0, " "0, " "0, " "0, " "0, " "0, " "0, " "0, " "0, " "0, " "0, " "0, " "0, " "0, " "0, " "0, " "0, " "0, " "0, " "0, " "0, " "0, " "0, " "0, " "0, " "0, " "0, " "0, " "0, " "0, " "0, " "0, " "0, " "0, " "0, " "0, " "0, " "0, " "0, " "0, " "0, " "0, " "0, " "0, " "0, " "0, " "0, " "0, " "0, " "0, " "0, " "0, " "0, " "0, " "0, " "0, " "0, " "0, " "0, " "0, " "0, " "0, " "0, " "0, " "0, " "0, " "0, " "0, " "0, " "0, " "0, " "0, " "0, " "0, "0
 "Nei95, 0.077, " "0.714, " "0.812, " "0, " "0, " "0, " "0, " "0, " "0, " "0, " "0, " "0, " "0, " "0, " "0, " "0, " "0, " "0, " "0, " "0, " "0, " "0, " "0, " "0, " "0, " "0, " "0, " "0, " "0, " "0, " "0, " "0, " "0, " "0, " "0, " "0, " "0, " "0, " "0, " "0, " "0, " "0, " "0, " "0, " "0, " "0, " "0, " "0, " "0, " "0, " "0, " "0, " "0, " "0, " "0, " "0, " "0, " "0, " "0, " "0, " "0, " "0, " "0, " "0, " "0, " "0, " "0, " "0, " "0, " "0, " "0, " "0, " "0, " "0, " "0, " "0, " "0, " "0, " "0, " "0, " "0, " "0, " "1, " "1, " "0, " "1, " "1, " "1, " "1, " "1, " "1, " "0, " "1, " "1, " "1, " "1, " "1, " "1, " "0, " "1, " "1, " "1, " "1, " "0, " "1, " "1, " "1, " "1, " "1, " "1, " "1, " "1, " "1, " "1, " "1, " "0, " "0, " "0, " "0, " "0, " "0, " "0, " "0, " "0, " "0, " "0, " "0, " "0, " "0, " "0, " "0, " "0, " "0, " "0, " "0, " "0, " "0, " "0, " "0, " "0, " "0, " "0, " "0, " "0, " "0, " "0, " "0, " "0, " "1, " "0, " "0, " "1, " "0, " "0, " "0, " "0, " "0, " "0, " "0, " "0, " "0, " "0, " "0, " "0, " "0, " "0, " "0, " "0, " "0, " "0, " "0, " "0, " "0, " "0, " "0, " "0, " "0, " "0, " "0, " "0, " "0, " "0, " "0, " "0, " "0, " "0, " "0, " "0, " "0, " "0, " "0, " "0, " "0, " "0, " "0, " "0, " "0, " "0, " "0, " "0, " "0, " "0, " "0, " "0, " "0, " "0, " "0, " "0, " "0, " "0, " "0, " "0, " "0, " "0, " "0, " "0, " "0, " "0, " "0, " "0, " "0, " "0, " "0, " "0, " "0, " "0, " "0, " "0, " "0, " "0, " "0, " "0, " "0, " "0, " "0, " "0, " "0, " "0, " "0, " "0, " "0, " "0, " "0, " "0, " "0, " "0, " "0, " "0, " "0, " "0, " "0, " "0, " "0, " "0, " "0, " "0, " "0, " "0, " "0, " "0, "0
 "Nei96, 0.122, " "-0.32, " "0.481, " "0, " "0, " "0, " "0, " "0, " "0, " "0, " "0, " "0, " "0, " "0, " "0, " "0, " "0, " "0, " "0, " "0, " "0, " "0, " "0, " "0, " "0, " "0, " "0, " "0, " "0, " "0, " "0, " "0, " "0, " "0, " "0, " "0, " "0, " "0, " "0, " "0, " "0, " "0, " "0, " "0, " "0, " "0, " "0, " "0, " "0, " "0, " "0, " "0, " "0, " "0, " "0, " "0, " "0, " "0, " "0, " "0, " "0, " "0, " "0, " "0, " "0, " "0, " "0, " "0, " "0, " "0, " "0, " "0, " "0, " "0, " "0, " "0, " "0, " "0, " "0, " "0, " "0, " "0, " "0, " "1, " "0, " "1, " "1, " "1, " "1, " "1, " "1, " "1, " "1, " "1, " "1, " "1, " "0, " "1, " "1, " "0, " "1, " "1, " "1, " "1, " "1, " "1, " "1, " "1, " "1, " "1, " "1, " "1, " "1, " "1, " "1, " "1, " "0, " "0, " "0, " "0, " "0, " "0, " "0, " "0, " "0, " "0, " "0, " "0, " "0, " "0, " "0, " "0, " "0, " "0, " "0, " "0, " "0, " "0, " "0, " "0, " "0, " "0, " "0, " "0, " "0, " "0, " "0, " "0, " "0, " "0, " "0, " "0, " "0, " "0, " "0, " "0, " "0, " "0, " "0, " "0, " "0, " "0, " "0, " "0, " "0, " "0, " "0, " "0, " "0, " "0, " "0, " "0, " "0, " "0, " "0, " "0, " "0, " "0, " "0, " "0, " "0, " "0, " "0, " "0, " "0, " "0, " "0, " "0, " "0, " "0, " "0, " "0, " "0, " "0, " "0, " "0, " "0, " "0, " "0, " "0, " "0, " "0, " "0, " "0, " "0, " "0, " "0, " "0, " "0, " "0, " "0, " "0, " "0, " "0, " "0, " "0, " "0, " "0, " "0, " "0, " "0, " "0, " "0, " "0, " "0, " "0, " "0, " "0, " "0, " "0, " "0, " "0, " "0, " "0, " "0, " "0, " "0, " "0, " "0, " "0, " "0, " "0, " "0, " "0, " "0, " "0, " "0, " "0, " "0, " "0, " "0, " "0, " "0, " "0, " "0, " "0, " "0, " "0, " "0, " "0, "0
 "Nei97, 0.105, " "0.378, " "-0.91, " "0, " "0, " "0, " "0, " "0, " "0, " "0, " "0, " "0, " "0, " "0, " "0, " "0, " "0, " "0, " "0, " "0, " "0, " "0, " "0, " "0, " "0, " "0, " "0, " "0, " "0, " "0, " "0, " "0, " "0, " "0, " "0, " "1, " "0, " "0, " "0, " "0, " "0, " "0, " "0, " "1, " "0, " "0, " "0, " "0, " "0, " "0, " "0, " "0, " "0, " "0, " "0, " "0, " "0, " "0, " "0, " "0, " "0, " "0, " "0, " "0, " "0, " "0, " "0, " "0, " "0, " "0, " "0, " "0, " "0, " "0, " "0, " "0, " "0, " "0, " "0, " "0, " "0, " "0, " "0, " "0, " "0, " "1, " "1, " "1, " "1, " "1, " "1, " "1, " "1, " "1, " "1, " "1, " "1, " "1, " "1, " "1, " "0, " "0, " "1, " "1, " "1, " "1, " "1, " "1, " "1, " "1, " "1, " "1, " "1, " "1, " "1, " "1, " "1, " "0, " "0, " "0, " "0, " "0, " "0, " "0, " "0, " "0, " "0, " "0, " "0, " "0, " "0, " "0, " "0, " "0, " "0, " "0, " "0, " "0, " "0, " "0, " "0, " "0, " "0, " "0, " "0, " "0, " "0, " "0, " "0, " "0, " "0, " "0, " "0, " "0, " "0, " "0, " "0, " "0, " "0, " "0, " "0, " "0, " "0, " "0, " "0, " "0, " "0, " "0, " "0, " "0, " "0, " "0, " "0, " "0, " "0, " "0, " "0, " "0, " "0, " "0, " "0, " "0, " "0, " "0, " "0, " "0, " "0, " "0, " "0, " "0, " "0, " "0, " "0, " "0, " "0, " "0, " "0, " "0, " "0, " "0, " "0, " "0, " "0, " "0, " "0, " "0, " "0, " "0, " "0, " "0, " "0, " "0, " "0, " "0, " "0, " "0, " "0, " "0, " "0, " "0, " "0, " "0, " "0, " "0, " "0, " "0, " "0, " "0, " "0, " "0, " "0, " "0, " "0, " "0, " "0, " "0, " "0, " "0, " "0, " "0, " "0, " "0, " "0, " "0, " "0, " "0, " "0, " "0, " "0, " "0, " "0, " "0, " "0, " "0, " "0, " "0, " "0, " "0, " "0, " "0, "0
 "Nei98, 0.009, " "-0.9, " "0.014, " "0, " "0, " "0, " "0, " "0, " "0, " "0, " "0, " "0, " "0, " "0, " "0, " "0, " "0, " "0, " "0, " "0, " "0, " "0, " "0, " "0, " "0, " "0, " "0, " "0, " "0, " "0, " "0, " "0, " "0, " "0, " "0, " "0, " "0, " "0, " "0, " "0, " "0, " "0, " "0, " "0, " "0, " "0, " "0, " "0, " "0, " "0, " "0, " "0, " "0, " "0, " "0, " "0, " "0, " "0, " "0, " "0, " "0, " "0, " "0, " "0, " "0, " "0, " "0, " "0, " "0, " "0, " "0, " "0, " "0, " "0, " "0, " "0, " "0, " "0, " "0, " "0, " "0, " "0, " "0, " "0, " "0, " "1, " "1, " "1, " "1, " "1, " "1, " "1, " "1, " "1, " "1, " "1, " "1, " "1, " "1, " "1, " "0, " "0, " "1, " "1, " "1, " "1, " "1, " "1, " "1, " "1, " "1, " "1, " "1, " "1, " "1, " "1, " "1, " "1, " "0, " "0, " "0, " "0, " "0, " "0, " "0, " "0, " "0, " "0, " "0, " "0, " "0, " "0, " "0, " "0, " "0, " "0, " "0, " "0, " "0, " "0, " "0, " "0, " "0, " "0, " "0, " "0, " "0, " "0, " "0, " "0, " "0, " "0, " "0, " "0, " "0, " "0, " "0, " "0, " "0, " "0, " "1, " "0, " "0, " "0, " "0, " "0, " "0, " "0, " "0, " "0, " "0, " "0, " "0, " "0, " "0, " "0, " "0, " "1, " "0, " "0, " "0, " "0, " "0, " "0, " "0, " "0, " "0, " "0, " "0, " "0, " "0, " "0, " "0, " "0, " "0, " "0, " "0, " "0, " "0, " "0, " "0, " "0, " "0, " "0, " "0, " "0, " "0, " "0, " "0, " "0, " "0, " "0, " "0, " "0, " "0, " "0, " "0, " "0, " "0, " "0, " "0, " "0, " "0, " "0, " "0, " "0, " "0, " "0, " "0, " "0, " "0, " "0, " "0, " "0, " "0, " "0, " "0, " "0, " "0, " "0, " "0, " "0, " "0, " "0, " "0, " "0, " "0, " "0, " "0, " "0, " "0, " "0, " "0, " "0, " "0, " "0, " "0, " "0, " "0, " "0, "0
 "Nei99, 0.145, " "0.716, " "-0.57, " "0, " "0, " "0, " "0, " "0, " "0, " "0, " "0, " "0, " "0, " "0, " "0, " "0, " "0, " "0, " "0, " "0, " "0, " "0, " "0, " "0, " "0, " "0, " "0, " "0, " "0, " "0, " "0, " "0, " "0, " "0, " "0, " "0, " "0, " "0, " "0, " "0, " "0, " "0, " "0, " "0, " "0, " "0, " "0, " "0, " "0, " "0, " "0, " "0, " "0, " "0, " "0, " "0, " "0, " "0, " "0, " "1, " "0, " "0, " "0, " "0, " "0, " "0, " "0, " "0, " "0, " "0, " "0, " "0, " "0, " "0, " "0, " "0, " "0, " "0, " "0, " "0, " "0, " "0, " "0, " "0, " "0, " "0, " "1, " "1, " "1, " "1, " "1, " "1, " "0, " "1, " "1, " "1, " "1, " "1, " "1, " "1, " "1, " "1, " "0, " "1, " "1, " "1, " "1, " "0, " "1, " "1, " "1, " "1, " "1, " "1, " "1, " "1, " "1, " "1, " "1, " "0, " "0, " "0, " "0, " "0, " "0, " "0, " "0, " "0, " "0, " "0, " "0, " "0, " "0, " "0, " "0, " "0, " "0, " "0, " "0, " "0, " "0, " "0, " "0, " "0, " "0, " "0, " "0, " "0, " "0, " "0, " "0, " "0, " "0, " "0, " "0, " "0, " "0, " "0, " "0, " "0, " "0, " "0, " "0, " "0, " "0, " "0, " "0, " "0, " "0, " "0, " "0, " "0, " "0, " "0, " "0, " "0, " "0, " "0, " "0, " "0, " "0, " "0, " "0, " "0, " "0, " "0, " "0, " "0, " "0, " "0, " "0, " "0, " "0, " "0, " "0, " "0, " "0, " "0, " "0, " "0, " "0, " "1, " "0, " "0, " "0, " "0, " "0, " "0, " "0, " "0, " "0, " "0, " "0, " "0, " "0, " "0, " "0, " "0, " "0, " "0, " "0, " "0, " "0, " "0, " "0, " "0, " "0, " "0, " "0, " "0, " "0, " "0, " "1, " "0, " "0, " "0, " "0, " "0, " "0, " "0, " "0, " "0, " "0, " "0, " "0, " "0, " "0, " "0, " "0, " "0, " "0, " "0, " "0, " "0, " "0, " "0, " "0, " "0, " "0, " "0, "0
 "Nei100, 0.144, " "-0.559, " "-0.989, " "0, " "0, " "0, " "0, " "0, " "0, " "0, " "0, " "0, " "0, " "0, " "0, " "0, " "0, " "0, " "0, " "0, " "0, " "0, " "0, " "0, " "0, " "0, " "0, " "0, " "0, " "0, " "0, " "0, " "0, " "0, " "0, " "0, " "0, " "0, " "0, " "0, " "0, " "0, " "0, " "0, " "0, " "0, " "0, " "0, " "0, " "0, " "0, " "0, " "0, " "0, " "0, " "0, " "0, " "0, " "0, " "0, " "0, " "0, " "0, " "0, " "0, " "0, " "0, " "0, " "0, " "0, " "0, " "0, " "0, " "0, " "0, " "0, " "0, " "0, " "0, " "0, " "0, " "0, " "0, " "0, " "0, " "0, " "0, " "1, " "0, " "0, " "1, " "1, " "1, " "1, " "1, " "1, " "1, " "1, " "0, " "1, " "1, " "1, " "1, " "0, " "1, " "1, " "1, " "1, " "1, " "1, " "1, " "1, " "1, " "1, " "1, " "1, " "1, " "1, " "1, " "1, " "0, " "0, " "0, " "0, " "0, " "0, " "0, " "0, " "0, " "0, " "0, " "0, " "0, " "0, " "0, " "0, " "0, " "0, " "0, " "0, " "0, " "0, " "0, " "0, " "0, " "0, " "0, " "0, " "0, " "0, " "0, " "0, " "0, " "0, " "0, " "0, " "0, " "0, " "0, " "0, " "0, " "0, " "0, " "0, " "0, " "0, " "0, " "0, " "0, " "0, " "0, " "0, " "0, " "0, " "0, " "0, " "0, " "0, " "0, " "0, " "0, " "0, " "0, " "0, " "0, " "0, " "0, " "0, " "0, " "0, " "0, " "0, " "1, " "0, " "0, " "0, " "0, " "0, " "0, " "0, " "0, " "0, " "0, " "0, " "0, " "0, " "0, " "0, " "0, " "0, " "0, " "0, " "0, " "0, " "0, " "0, " "0, " "0, " "0, " "0, " "0, " "0, " "0, " "0, " "0, " "0, " "0, " "0, " "0, " "0, " "0, " "0, " "0, " "0, " "0, " "0, " "0, " "0, " "0, " "0, " "0, " "0, " "0, " "0, " "0, " "0, " "0, " "0, " "0, " "0, " "0, " "0, " "0, " "0, " "0, " "0, " "0, " "0, " "0, " "0, "0
 "Nei101, 0.161, " "0.139, " "-0.878, " "0, " "0, " "0, " "0, " "0, " "0, " "0, " "0, " "0, " "0, " "0, " "0, " "0, " "0, " "0, " "0, " "0, " "0, " "0, " "0, " "1, " "0, " "0, " "0, " "0, " "0, " "0, " "0, " "0, " "0, " "0, " "0, " "0, " "0, " "0, " "0, " "0, " "0, " "0, " "0, " "0, " "0, " "0, " "0, " "0, " "0, " "0, " "0, " "0, " "0, " "0, " "0, " "0, " "0, " "1, " "0, " "0, " "0, " "0, " "0, " "0, " "0, " "0, " "0, " "0, " "0, " "0, " "0, " "0, " "0, " "0, " "0, " "0, " "0, " "0, " "0, " "0, " "0, " "0, " "0, " "0, " "0, " "0, " "0, " "0, " "1, " "1, " "1, " "1, " "1, " "1, " "1, " "1, " "1, " "1, " "1, " "1, " "1, " "1, " "1, " "1, " "0, " "1, " "1, " "1, " "1, " "1, " "1, " "1, " "1, " "1, " "1, " "1, " "1, " "1, " "1, " "1, " "1, " "0, " "0, " "0, " "0, " "0, " "0, " "0, " "0, " "0, " "0, " "0, " "0, " "0, " "0, " "0, " "0, " "0, " "0, " "0, " "0, " "0, " "0, " "0, " "0, " "0, " "0, " "0, " "0, " "0, " "0, " "0, " "0, " "0, " "0, " "0, " "0, " "0, " "0, " "0, " "0, " "0, " "0, " "0, " "0, " "0, " "0, " "0, " "0, " "0, " "0, " "0, " "0, " "0, " "0, " "0, " "0, " "0, " "0, " "0, " "0, " "0, " "0, " "0, " "0, " "0, " "0, " "0, " "0, " "0, " "0, " "0, " "0, " "0, " "0, " "0, " "0, " "0, " "0, " "0, " "0, " "0, " "0, " "0, " "0, " "0, " "0, " "1, " "0, " "0, " "0, " "0, " "0, " "0, " "0, " "0, " "0, " "0, " "0, " "0, " "0, " "0, " "0, " "0, " "1, " "0, " "0, " "0, " "0, " "0, " "0, " "0, " "0, " "0, " "0, " "0, " "0, " "0, " "0, " "0, " "0, " "0, " "0, " "0, " "0, " "0, " "0, " "0, " "0, " "0, " "0, " "0, " "0, " "0, " "0, " "0, " "0, " "0, " "0, " "0, "0
 "Nei102, 0.132, " "0.566, " "0.967, " "0, " "0, " "0, " "0, " "0, " "0, " "0, " "0, " "0, " "0, " "0, " "0, " "0, " "0, " "0, " "0, " "0, " "0, " "0, " "0, " "0, " "0, " "0, " "0, " "0, " "0, " "0, " "0, " "0, " "0, " "0, " "0, " "0, " "0, " "0, " "0, " "0, " "0, " "0, " "0, " "0, " "0, " "0, " "0, " "0, " "0, " "0, " "0, " "0, " "0, " "0, " "0, " "0, " "0, " "0, " "0, " "0, " "0, " "1, " "0, " "0, " "0, " "0, " "0, " "0, " "0, " "0, " "0, " "0, " "0, " "0, " "0, " "0, " "0, " "0, " "0, " "0, " "0, " "0, " "0, " "0, " "0, " "0, " "0, " "0, " "0, " "1, " "1, " "1, " "1, " "1, " "1, " "0, " "0, " "1, " "1, " "1, " "1, " "1, " "1, " "1, " "1, " "0, " "1, " "1, " "1, " "1, " "1, " "0, " "1, " "1, " "1, " "1, " "1, " "1, " "1, " "1, " "1, " "1, " "0, " "0, " "0, " "0, " "0, " "0, " "0, " "0, " "0, " "0, " "0, " "0, " "0, " "0, " "0, " "0, " "0, " "0, " "0, " "0, " "0, " "0, " "0, " "0, " "0, " "0, " "0, " "0, " "0, " "0, " "0, " "0, " "0, " "0, " "0, " "0, " "0, " "0, " "0, " "0, " "0, " "0, " "0, " "0, " "0, " "0, " "0, " "0, " "0, " "0, " "0, " "0, " "0, " "0, " "0, " "0, " "0, " "0, " "0, " "0, " "0, " "0, " "0, " "0, " "0, " "0, " "0, " "0, " "0, " "0, " "0, " "0, " "0, " "0, " "0, " "0, " "0, " "0, " "0, " "0, " "0, " "0, " "0, " "0, " "0, " "0, " "0, " "0, " "0, " "0, " "0, " "0, " "0, " "0, " "0, " "0, " "0, " "0, " "0, " "0, " "0, " "0, " "0, " "0, " "0, " "0, " "0, " "0, " "0, " "0, " "0, " "0, " "0, " "0, " "0, " "0, " "0, " "0, " "0, " "0, " "0, " "0, " "0, " "0, " "0, " "0, " "0, " "0, " "0, " "0, " "0, " "0, " "0, " "0, " "0, " "0, " "0, " "0, "0
 "Nei103, 0.002, " "0, " "0.825, " "0, " "0, " "0, " "0, " "0, " "1, " "0, " "0, " "0, " "0, " "0, " "0, " "0, " "0, " "0, " "0, " "0, " "0, " "0, " "0, " "0, " "0, " "0, " "0, " "1, " "0, " "0, " "0, " "0, " "0, " "0, " "0, " "0, " "0, " "0, " "0, " "0, " "0, " "0, " "0, " "0, " "0, " "0, " "0, " "0, " "0, " "0, " "0, " "0, " "0, " "0, " "0, " "0, " "1, " "0, " "0, " "0, " "0, " "0, " "0, " "0, " "0, " "0, " "0, " "0, " "0, " "0, " "0, " "0, " "0, " "0, " "0, " "0, " "0, " "0, " "0, " "0, " "0, " "0, " "0, " "0, " "0, " "0, " "0, " "0, " "0, " "0, " "1, " "1, " "1, " "1, " "1, " "1, " "1, " "1, " "1, " "1, " "1, " "1, " "1, " "1, " "1, " "1, " "0, " "0, " "1, " "1, " "1, " "1, " "1, " "0, " "1, " "1, " "1, " "1, " "1, " "1, " "1, " "1, " "1, " "0, " "0, " "0, " "0, " "0, " "0, " "0, " "0, " "0, " "0, " "0, " "0, " "0, " "0, " "0, " "0, " "0, " "0, " "0, " "0, " "0, " "0, " "0, " "0, " "0, " "0, " "0, " "0, " "1, " "0, " "0, " "0, " "0, " "0, " "0, " "0, " "0, " "0, " "0, " "0, " "0, " "0, " "0, " "0, " "0, " "0, " "0, " "0, " "0, " "0, " "0, " "0, " "0, " "0, " "0, " "0, " "0, " "0, " "0, " "0, " "0, " "0, " "0, " "0, " "0, " "0, " "0, " "0, " "0, " "0, " "0, " "0, " "0, " "0, " "0, " "0, " "0, " "0, " "0, " "0, " "0, " "0, " "0, " "0, " "0, " "0, " "0, " "0, " "0, " "0, " "0, " "0, " "0, " "0, " "0, " "0, " "0, " "0, " "0, " "0, " "0, " "0, " "0, " "0, " "0, " "0, " "0, " "0, " "0, " "0, " "0, " "0, " "0, " "0, " "0, " "0, " "0, " "0, " "0, " "0, " "0, " "0, " "0, " "0, " "0, " "0, " "0, " "0, " "0, " "0, " "0, " "0, " "0, " "0, " "0, " "0, " "0, "0
 "Nei104, 0.042, " "-0.5, " "0.086, " "0, " "0, " "0, " "0, " "0, " "0, " "0, " "0, " "0, " "0, " "0, " "0, " "0, " "0, " "0, " "0, " "0, " "0, " "0, " "0, " "0, " "0, " "0, " "0, " "0, " "0, " "0, " "0, " "0, " "0, " "0, " "0, " "0, " "0, " "0, " "0, " "0, " "0, " "0, " "0, " "0, " "0, " "0, " "0, " "0, " "0, " "0, " "0, " "0, " "0, " "0, " "0, " "0, " "0, " "0, " "0, " "0, " "0, " "0, " "0, " "0, " "0, " "0, " "0, " "0, " "0, " "0, " "0, " "0, " "0, " "0, " "0, " "0, " "0, " "0, " "0, " "0, " "0, " "0, " "0, " "0, " "0, " "0, " "0, " "0, " "0, " "0, " "0, " "1, " "1, " "1, " "1, " "1, " "1, " "1, " "1, " "1, " "1, " "1, " "0, " "1, " "1, " "1, " "0, " "0, " "1, " "1, " "1, " "1, " "1, " "1, " "1, " "1, " "1, " "1, " "1, " "1, " "1, " "1, " "1, " "1, " "0, " "0, " "0, " "0, " "0, " "0, " "0, " "0, " "0, " "0, " "0, " "0, " "0, " "0, " "0, " "0, " "0, " "0, " "0, " "0, " "0, " "0, " "0, " "0, " "0, " "1, " "0, " "0, " "0, " "0, " "0, " "0, " "0, " "0, " "0, " "0, " "0, " "0, " "0, " "0, " "0, " "0, " "0, " "0, " "0, " "0, " "0, " "0, " "0, " "0, " "0, " "0, " "0, " "0, " "0, " "0, " "0, " "0, " "0, " "0, " "0, " "0, " "0, " "0, " "0, " "0, " "0, " "0, " "0, " "0, " "0, " "0, " "0, " "0, " "0, " "0, " "0, " "0, " "0, " "0, " "0, " "0, " "0, " "0, " "0, " "0, " "0, " "0, " "0, " "0, " "0, " "0, " "0, " "0, " "0, " "0, " "0, " "0, " "0, " "0, " "0, " "0, " "0, " "0, " "0, " "0, " "0, " "0, " "0, " "0, " "0, " "0, " "0, " "0, " "0, " "0, " "0, " "0, " "0, " "0, " "0, " "0, " "0, " "0, " "0, " "0, " "0, " "0, " "0, " "0, " "0, " "0, " "0, " "0, " "0, " "0, "0
 "Nei105, 0.031, " "-0.504, " "0.144, " "0, " "0, " "0, " "0, " "0, " "0, " "0, " "0, " "0, " "0, " "0, " "0, " "0, " "0, " "0, " "0, " "0, " "0, " "0, " "0, " "0, " "0, " "0, " "0, " "0, " "0, " "0, " "0, " "0, " "0, " "0, " "0, " "0, " "0, " "0, " "0, " "0, " "0, " "0, " "0, " "0, " "0, " "0, " "0, " "0, " "0, " "0, " "0, " "0, " "0, " "0, " "0, " "0, " "0, " "0, " "0, " "0, " "0, " "0, " "0, " "0, " "0, " "0, " "0, " "0, " "0, " "0, " "0, " "0, " "0, " "0, " "0, " "0, " "0, " "0, " "0, " "0, " "0, " "0, " "0, " "0, " "0, " "0, " "0, " "0, " "0, " "0, " "0, " "0, " "1, " "1, " "1, " "1, " "1, " "1, " "1, " "1, " "1, " "1, " "1, " "1, " "1, " "1, " "1, " "1, " "0, " "1, " "1, " "1, " "1, " "1, " "1, " "1, " "1, " "1, " "1, " "1, " "1, " "1, " "1, " "1, " "1, " "0, " "0, " "0, " "0, " "0, " "0, " "0, " "0, " "0, " "0, " "0, " "0, " "0, " "0, " "0, " "0, " "0, " "0, " "0, " "0, " "0, " "0, " "0, " "0, " "0, " "0, " "0, " "0, " "0, " "0, " "0, " "0, " "0, " "0, " "0, " "0, " "0, " "0, " "0, " "0, " "0, " "0, " "0, " "0, " "0, " "0, " "0, " "0, " "0, " "0, " "0, " "0, " "0, " "0, " "0, " "0, " "0, " "0, " "0, " "0, " "0, " "0, " "0, " "0, " "0, " "0, " "0, " "0, " "0, " "0, " "0, " "0, " "0, " "0, " "0, " "0, " "0, " "0, " "0, " "0, " "0, " "0, " "0, " "0, " "0, " "0, " "0, " "0, " "0, " "0, " "0, " "0, " "0, " "0, " "0, " "0, " "0, " "0, " "0, " "0, " "0, " "0, " "0, " "0, " "0, " "0, " "0, " "0, " "0, " "0, " "0, " "0, " "0, " "0, " "0, " "0, " "0, " "0, " "0, " "0, " "0, " "0, " "0, " "0, " "0, " "0, " "0, " "0, " "0, " "0, " "0, " "0, " "0, " "0, " "0, "0
 "Nei106, 0.002, " "-0.693, " "-0.11, " "0, " "0, " "0, " "0, " "0, " "0, " "0, " "0, " "0, " "0, " "0, " "0, " "0, " "0, " "0, " "0, " "0, " "0, " "0, " "0, " "0, " "0, " "0, " "0, " "0, " "0, " "0, " "0, " "0, " "0, " "0, " "0, " "0, " "0, " "0, " "0, " "0, " "0, " "0, " "0, " "0, " "0, " "0, " "0, " "0, " "0, " "0, " "0, " "0, " "0, " "0, " "0, " "0, " "0, " "0, " "0, " "0, " "0, " "0, " "0, " "0, " "0, " "0, " "0, " "0, " "0, " "0, " "0, " "0, " "0, " "0, " "0, " "0, " "0, " "0, " "0, " "0, " "0, " "0, " "0, " "0, " "0, " "0, " "0, " "0, " "0, " "0, " "0, " "0, " "0, " "1, " "1, " "1, " "1, " "1, " "1, " "1, " "1, " "1, " "1, " "1, " "1, " "1, " "1, " "1, " "1, " "0, " "1, " "1, " "1, " "1, " "1, " "1, " "1, " "1, " "1, " "1, " "1, " "1, " "1, " "1, " "1, " "1, " "0, " "0, " "0, " "0, " "0, " "0, " "0, " "0, " "0, " "0, " "0, " "0, " "0, " "0, " "0, " "0, " "0, " "0, " "0, " "0, " "0, " "0, " "0, " "0, " "0, " "0, " "0, " "0, " "0, " "0, " "0, " "0, " "0, " "0, " "0, " "0, " "0, " "0, " "0, " "0, " "0, " "0, " "0, " "0, " "0, " "0, " "0, " "0, " "0, " "0, " "0, " "0, " "0, " "0, " "0, " "0, " "0, " "0, " "0, " "0, " "0, " "0, " "0, " "0, " "0, " "0, " "0, " "0, " "0, " "0, " "0, " "0, " "0, " "0, " "0, " "0, " "0, " "0, " "0, " "0, " "0, " "0, " "0, " "0, " "0, " "0, " "0, " "0, " "0, " "0, " "0, " "0, " "0, " "0, " "0, " "0, " "0, " "0, " "0, " "0, " "0, " "0, " "0, " "0, " "0, " "0, " "0, " "0, " "0, " "0, " "0, " "0, " "0, " "0, " "0, " "0, " "0, " "0, " "0, " "0, " "0, " "0, " "0, " "0, " "0, " "0, " "0, " "0, " "0, " "0, " "0, " "0, " "0, " "0, "0
 "Nei107, 0.105, " "-0.949, " "-0.273, " "0, " "0, " "0, " "0, " "0, " "0, " "0, " "0, " "0, " "0, " "0, " "0, " "0, " "0, " "0, " "0, " "0, " "0, " "0, " "0, " "0, " "0, " "0, " "0, " "0, " "0, " "0, " "0, " "0, " "0, " "0, " "0, " "0, " "0, " "0, " "0, " "0, " "0, " "0, " "0, " "0, " "0, " "0, " "0, " "0, " "0, " "0, " "0, " "0, " "0, " "0, " "0, " "0, " "0, " "0, " "0, " "0, " "0, " "0, " "0, " "0, " "0, " "0, " "0, " "0, " "0, " "0, " "0, " "0, " "0, " "0, " "0, " "0, " "0, " "0, " "0, " "0, " "0, " "0, " "0, " "0, " "0, " "0, " "0, " "0, " "0, " "0, " "0, " "0, " "0, " "0, " "1, " "1, " "1, " "1, " "1, " "1, " "1, " "1, " "1, " "1, " "1, " "1, " "1, " "1, " "1, " "1, " "0, " "1, " "1, " "1, " "1, " "1, " "1, " "1, " "1, " "0, " "1, " "1, " "1, " "1, " "1, " "1, " "1, " "0, " "0, " "0, " "0, " "0, " "0, " "0, " "0, " "0, " "0, " "0, " "0, " "0, " "0, " "0, " "0, " "0, " "0, " "0, " "0, " "0, " "0, " "0, " "0, " "0, " "0, " "0, " "0, " "0, " "0, " "0, " "0, " "0, " "0, " "0, " "0, " "0, " "0, " "0, " "0, " "0, " "0, " "0, " "0, " "0, " "0, " "0, " "0, " "0, " "0, " "0, " "0, " "1, " "0, " "0, " "0, " "0, " "0, " "0, " "0, " "0, " "0, " "0, " "0, " "0, " "0, " "0, " "0, " "0, " "0, " "0, " "0, " "0, " "0, " "0, " "0, " "0, " "0, " "0, " "0, " "0, " "0, " "0, " "0, " "0, " "0, " "0, " "0, " "0, " "0, " "0, " "0, " "0, " "0, " "0, " "0, " "0, " "0, " "1, " "0, " "0, " "0, " "0, " "0, " "0, " "0, " "0, " "0, " "0, " "0, " "0, " "0, " "0, " "0, " "0, " "0, " "0, " "0, " "0, " "0, " "0, " "0, " "0, " "0, " "0, " "0, " "0, " "0, " "0, " "0, " "0, " "0, " "0, "0
 "Nei108, 0.106, " "-0.962, " "-0.373, " "0, " "0, " "0, " "0, " "0, " "0, " "0, " "0, " "0, " "0, " "0, " "0, " "0, " "0, " "1, " "0, " "0, " "0, " "0, " "0, " "0, " "0, " "0, " "0, " "0, " "0, " "0, " "0, " "0, " "0, " "0, " "0, " "0, " "0, " "0, " "0, " "0, " "0, " "0, " "0, " "0, " "0, " "0, " "0, " "0, " "0, " "0, " "0, " "0, " "0, " "0, " "0, " "0, " "0, " "0, " "0, " "0, " "0, " "0, " "0, " "0, " "0, " "0, " "0, " "0, " "0, " "0, " "0, " "0, " "0, " "0, " "0, " "0, " "0, " "0, " "0, " "0, " "0, " "0, " "0, " "0, " "0, " "0, " "0, " "0, " "0, " "0, " "0, " "0, " "0, " "0, " "0, " "1, " "1, " "1, " "1, " "1, " "1, " "1, " "1, " "1, " "1, " "0, " "1, " "1, " "1, " "1, " "1, " "0, " "1, " "1, " "1, " "1, " "1, " "1, " "1, " "1, " "1, " "1, " "1, " "1, " "1, " "1, " "1, " "1, " "0, " "0, " "0, " "0, " "0, " "0, " "0, " "0, " "0, " "0, " "0, " "0, " "0, " "0, " "0, " "0, " "0, " "0, " "0, " "0, " "0, " "0, " "0, " "0, " "0, " "0, " "0, " "0, " "0, " "0, " "0, " "0, " "0, " "0, " "0, " "0, " "0, " "0, " "0, " "0, " "0, " "0, " "0, " "0, " "0, " "0, " "0, " "0, " "0, " "0, " "0, " "0, " "0, " "0, " "0, " "0, " "0, " "0, " "0, " "0, " "0, " "0, " "0, " "0, " "0, " "0, " "0, " "0, " "0, " "0, " "0, " "0, " "0, " "0, " "0, " "0, " "0, " "0, " "0, " "0, " "0, " "0, " "0, " "0, " "0, " "0, " "0, " "0, " "0, " "0, " "0, " "0, " "0, " "0, " "0, " "0, " "0, " "0, " "0, " "0, " "0, " "0, " "0, " "0, " "0, " "0, " "0, " "0, " "0, " "0, " "0, " "0, " "0, " "0, " "0, " "0, " "0, " "0, " "0, " "0, " "0, " "0, " "0, " "0, " "0, " "0, " "0, " "0, " "0, " "0, " "0, " "0, "0
 "Nei109, 0.054, " "0.102, " "-0.772, " "0, " "0, " "0, " "0, " "0, " "0, " "0, " "0, " "0, " "0, " "0, " "0, " "0, " "0, " "0, " "0, " "0, " "0, " "0, " "0, " "0, " "0, " "0, " "0, " "0, " "0, " "0, " "0, " "0, " "0, " "0, " "0, " "0, " "0, " "0, " "0, " "0, " "0, " "0, " "0, " "0, " "0, " "0, " "0, " "0, " "0, " "0, " "0, " "0, " "0, " "0, " "0, " "0, " "0, " "0, " "0, " "0, " "0, " "0, " "0, " "0, " "0, " "1, " "0, " "0, " "0, " "0, " "0, " "0, " "0, " "0, " "0, " "0, " "0, " "0, " "0, " "0, " "0, " "0, " "0, " "0, " "0, " "0, " "0, " "0, " "0, " "0, " "0, " "0, " "0, " "0, " "0, " "0, " "1, " "1, " "1, " "1, " "1, " "1, " "1, " "1, " "1, " "1, " "1, " "1, " "1, " "1, " "1, " "1, " "0, " "1, " "1, " "1, " "1, " "1, " "1, " "1, " "1, " "1, " "1, " "1, " "0, " "1, " "1, " "1, " "1, " "0, " "0, " "0, " "0, " "0, " "0, " "0, " "0, " "0, " "0, " "0, " "0, " "0, " "0, " "0, " "0, " "0, " "0, " "0, " "0, " "0, " "0, " "0, " "0, " "0, " "0, " "0, " "0, " "0, " "0, " "0, " "0, " "0, " "0, " "0, " "0, " "0, " "0, " "0, " "0, " "0, " "0, " "0, " "0, " "0, " "0, " "0, " "0, " "0, " "0, " "0, " "0, " "0, " "0, " "0, " "0, " "0, " "0, " "0, " "0, " "0, " "0, " "0, " "0, " "0, " "0, " "0, " "0, " "0, " "0, " "0, " "0, " "0, " "0, " "0, " "0, " "0, " "0, " "0, " "0, " "0, " "0, " "0, " "0, " "0, " "0, " "0, " "0, " "0, " "0, " "0, " "0, " "0, " "0, " "0, " "0, " "0, " "0, " "0, " "0, " "0, " "0, " "0, " "0, " "0, " "0, " "0, " "0, " "0, " "0, " "0, " "0, " "0, " "0, " "0, " "0, " "0, " "0, " "0, " "0, " "0, " "0, " "0, " "0, " "0, " "0, " "0, " "0, " "0, " "0, " "0, "0
 "Nei110, 0.07, " "0.63, " "-0.404, " "0, " "0, " "0, " "0, " "0, " "0, " "0, " "0, " "0, " "0, " "1, " "0, " "0, " "0, " "0, " "0, " "0, " "0, " "0, " "0, " "0, " "0, " "0, " "0, " "0, " "0, " "0, " "0, " "0, " "0, " "0, " "0, " "0, " "0, " "0, " "0, " "0, " "0, " "0, " "0, " "0, " "0, " "0, " "0, " "0, " "0, " "0, " "0, " "0, " "0, " "0, " "0, " "0, " "0, " "0, " "0, " "0, " "0, " "0, " "0, " "1, " "0, " "0, " "0, " "0, " "0, " "0, " "0, " "0, " "0, " "0, " "0, " "0, " "0, " "0, " "1, " "0, " "0, " "0, " "0, " "0, " "0, " "0, " "0, " "0, " "0, " "0, " "0, " "0, " "0, " "0, " "0, " "0, " "0, " "1, " "1, " "1, " "1, " "1, " "1, " "1, " "1, " "1, " "0, " "1, " "1, " "1, " "1, " "1, " "1, " "0, " "1, " "1, " "1, " "1, " "1, " "1, " "1, " "1, " "1, " "1, " "1, " "1, " "1, " "1, " "1, " "1, " "0, " "0, " "0, " "0, " "0, " "0, " "0, " "0, " "0, " "0, " "0, " "0, " "0, " "0, " "0, " "0, " "0, " "0, " "0, " "0, " "0, " "0, " "0, " "0, " "0, " "0, " "0, " "0, " "0, " "0, " "0, " "0, " "0, " "0, " "0, " "0, " "0, " "0, " "0, " "0, " "0, " "0, " "0, " "0, " "0, " "0, " "0, " "0, " "0, " "0, " "0, " "0, " "0, " "0, " "0, " "0, " "0, " "0, " "0, " "0, " "0, " "0, " "0, " "0, " "0, " "0, " "0, " "0, " "0, " "0, " "0, " "0, " "0, " "0, " "0, " "0, " "0, " "0, " "0, " "0, " "0, " "0, " "0, " "0, " "0, " "0, " "0, " "0, " "0, " "0, " "0, " "0, " "0, " "0, " "0, " "0, " "0, " "0, " "0, " "0, " "0, " "0, " "0, " "0, " "0, " "0, " "0, " "0, " "0, " "0, " "0, " "0, " "0, " "0, " "0, " "0, " "0, " "0, " "0, " "0, " "0, " "0, " "0, " "0, " "0, " "0, " "0, " "0, " "0, " "0, "0
 "Nei111, 0.175, " "-0.147, " "-0.278, " "0, " "0, " "0, " "0, " "0, " "0, " "0, " "0, " "0, " "0, " "0, " "0, " "0, " "0, " "0, " "0, " "0, " "0, " "0, " "0, " "0, " "0, " "0, " "0, " "0, " "0, " "0, " "0, " "0, " "0, " "0, " "0, " "0, " "0, " "0, " "0, " "0, " "0, " "0, " "0, " "0, " "0, " "0, " "0, " "0, " "0, " "0, " "0, " "0, " "0, " "0, " "0, " "0, " "0, " "0, " "0, " "0, " "0, " "0, " "0, " "0, " "0, " "0, " "0, " "0, " "0, " "0, " "0, " "0, " "0, " "0, " "0, " "0, " "0, " "0, " "0, " "0, " "0, " "0, " "0, " "0, " "0, " "0, " "0, " "0, " "0, " "0, " "0, " "0, " "0, " "0, " "0, " "0, " "0, " "0, " "1, " "1, " "1, " "1, " "1, " "1, " "1, " "1, " "1, " "1, " "1, " "1, " "1, " "1, " "1, " "1, " "0, " "1, " "1, " "1, " "1, " "1, " "1, " "1, " "1, " "1, " "1, " "1, " "1, " "1, " "1, " "1, " "1, " "0, " "0, " "0, " "0, " "0, " "0, " "0, " "0, " "0, " "1, " "0, " "0, " "0, " "0, " "0, " "0, " "0, " "0, " "0, " "0, " "0, " "0, " "0, " "0, " "0, " "0, " "0, " "0, " "0, " "0, " "0, " "0, " "0, " "0, " "0, " "0, " "0, " "0, " "0, " "0, " "0, " "0, " "0, " "0, " "0, " "0, " "0, " "0, " "0, " "0, " "0, " "0, " "0, " "0, " "0, " "0, " "0, " "0, " "0, " "0, " "0, " "0, " "0, " "0, " "0, " "0, " "0, " "0, " "0, " "0, " "0, " "0, " "0, " "0, " "0, " "0, " "0, " "0, " "0, " "0, " "0, " "0, " "0, " "0, " "0, " "0, " "0, " "0, " "0, " "0, " "0, " "0, " "0, " "0, " "0, " "0, " "0, " "0, " "0, " "0, " "0, " "0, " "0, " "0, " "0, " "0, " "0, " "0, " "0, " "0, " "0, " "0, " "0, " "0, " "0, " "0, " "0, " "0, " "0, " "0, " "0, " "0, " "0, " "0, " "0, " "0, " "0, " "0, " "0, "0
 "Nei112, 0.092, " "-0.378, " "0.018, " "0, " "0, " "0, " "0, " "0, " "0, " "0, " "0, " "0, " "0, " "0, " "0, " "1, " "0, " "0, " "0, " "0, " "0, " "0, " "0, " "0, " "0, " "0, " "0, " "0, " "0, " "0, " "0, " "0, " "0, " "0, " "0, " "0, " "0, " "0, " "0, " "0, " "0, " "0, " "0, " "0, " "0, " "0, " "0, " "0, " "0, " "0, " "0, " "0, " "0, " "0, " "0, " "0, " "0, " "0, " "0, " "1, " "0, " "0, " "0, " "0, " "0, " "0, " "0, " "0, " "0, " "0, " "0, " "0, " "0, " "0, " "0, " "0, " "0, " "0, " "0, " "0, " "0, " "0, " "0, " "0, " "0, " "0, " "0, " "0, " "0, " "0, " "0, " "0, " "0, " "0, " "0, " "0, " "0, " "0, " "0, " "1, " "1, " "1, " "1, " "1, " "1, " "1, " "1, " "1, " "1, " "1, " "1, " "1, " "1, " "1, " "1, " "0, " "1, " "1, " "1, " "1, " "1, " "0, " "1, " "1, " "1, " "1, " "1, " "1, " "1, " "1, " "1, " "1, " "0, " "0, " "0, " "0, " "0, " "0, " "0, " "0, " "0, " "0, " "0, " "0, " "0, " "0, " "0, " "0, " "0, " "0, " "0, " "0, " "0, " "0, " "0, " "0, " "0, " "0, " "0, " "0, " "0, " "0, " "0, " "0, " "0, " "0, " "0, " "0, " "0, " "0, " "0, " "0, " "0, " "0, " "0, " "0, " "0, " "0, " "0, " "0, " "0, " "0, " "0, " "0, " "0, " "0, " "0, " "0, " "0, " "0, " "0, " "0, " "0, " "0, " "0, " "0, " "0, " "0, " "0, " "0, " "0, " "0, " "0, " "0, " "0, " "0, " "0, " "0, " "0, " "0, " "0, " "0, " "0, " "0, " "0, " "0, " "0, " "0, " "0, " "0, " "0, " "0, " "0, " "0, " "0, " "0, " "0, " "0, " "0, " "0, " "0, " "0, " "0, " "0, " "0, " "0, " "0, " "0, " "0, " "0, " "0, " "0, " "0, " "0, " "0, " "0, " "0, " "0, " "0, " "0, " "0, " "0, " "0, " "0, " "0, " "0, " "0, " "0, " "0, " "0, "0
 "Nei113, 0.094, " "0.975, " "0.081, " "0, " "0, " "0, " "0, " "0, " "0, " "0, " "0, " "0, " "0, " "0, " "0, " "0, " "0, " "0, " "0, " "0, " "0, " "0, " "0, " "0, " "0, " "0, " "0, " "0, " "0, " "0, " "0, " "0, " "0, " "0, " "0, " "0, " "1, " "0, " "0, " "0, " "0, " "0, " "0, " "0, " "0, " "0, " "0, " "0, " "0, " "0, " "0, " "0, " "0, " "0, " "0, " "0, " "0, " "0, " "0, " "0, " "0, " "0, " "0, " "0, " "0, " "0, " "0, " "0, " "0, " "0, " "0, " "0, " "0, " "0, " "0, " "0, " "0, " "0, " "0, " "0, " "0, " "0, " "0, " "0, " "0, " "0, " "0, " "0, " "0, " "1, " "0, " "0, " "0, " "0, " "0, " "0, " "0, " "0, " "0, " "0, " "1, " "1, " "1, " "1, " "1, " "1, " "1, " "1, " "1, " "1, " "1, " "1, " "1, " "1, " "1, " "1, " "0, " "1, " "1, " "1, " "0, " "1, " "1, " "1, " "1, " "1, " "1, " "1, " "1, " "1, " "1, " "1, " "1, " "0, " "1, " "0, " "0, " "0, " "0, " "0, " "0, " "0, " "0, " "0, " "0, " "0, " "0, " "0, " "0, " "0, " "0, " "0, " "0, " "0, " "0, " "0, " "0, " "0, " "0, " "0, " "0, " "0, " "0, " "0, " "0, " "0, " "0, " "0, " "0, " "0, " "0, " "0, " "0, " "0, " "0, " "0, " "0, " "0, " "0, " "0, " "0, " "0, " "0, " "0, " "0, " "0, " "0, " "0, " "0, " "0, " "0, " "0, " "0, " "0, " "0, " "0, " "0, " "0, " "0, " "0, " "0, " "0, " "0, " "0, " "0, " "0, " "0, " "0, " "0, " "0, " "0, " "0, " "0, " "0, " "0, " "0, " "0, " "0, " "0, " "0, " "0, " "0, " "0, " "0, " "0, " "0, " "0, " "0, " "0, " "0, " "0, " "0, " "0, " "0, " "0, " "0, " "0, " "0, " "0, " "0, " "0, " "0, " "0, " "0, " "0, " "0, " "0, " "0, " "0, " "0, " "0, " "0, " "0, " "0, " "0, " "0, " "0, " "0, " "0, " "0, "0
 "Nei114, 0.014, " "-0.528, " "-0.254, " "0, " "0, " "0, " "0, " "0, " "0, " "0, " "1, " "0, " "0, " "0, " "0, " "0, " "0, " "0, " "0, " "0, " "0, " "0, " "0, " "0, " "0, " "0, " "0, " "0, " "0, " "0, " "0, " "0, " "0, " "0, " "0, " "0, " "0, " "0, " "0, " "0, " "0, " "0, " "0, " "0, " "0, " "0, " "0, " "0, " "0, " "0, " "0, " "0, " "0, " "0, " "0, " "0, " "0, " "0, " "0, " "0, " "0, " "0, " "0, " "0, " "0, " "0, " "0, " "0, " "0, " "0, " "0, " "0, " "0, " "0, " "0, " "0, " "0, " "0, " "0, " "0, " "0, " "0, " "0, " "0, " "0, " "0, " "0, " "0, " "0, " "0, " "0, " "0, " "0, " "0, " "0, " "0, " "0, " "0, " "0, " "0, " "0, " "1, " "1, " "1, " "1, " "1, " "1, " "1, " "1, " "1, " "1, " "1, " "1, " "1, " "1, " "1, " "1, " "0, " "1, " "1, " "1, " "1, " "1, " "1, " "1, " "1, " "1, " "1, " "1, " "1, " "1, " "1, " "1, " "0, " "0, " "0, " "0, " "0, " "0, " "0, " "0, " "0, " "0, " "0, " "0, " "0, " "0, " "0, " "0, " "0, " "0, " "0, " "0, " "0, " "0, " "0, " "0, " "0, " "0, " "0, " "0, " "0, " "0, " "0, " "0, " "0, " "0, " "0, " "0, " "0, " "0, " "0, " "0, " "0, " "0, " "0, " "0, " "0, " "0, " "0, " "0, " "0, " "0, " "0, " "0, " "0, " "0, " "0, " "0, " "0, " "0, " "0, " "0, " "0, " "0, " "0, " "0, " "0, " "0, " "0, " "0, " "0, " "0, " "0, " "0, " "0, " "0, " "0, " "0, " "0, " "0, " "0, " "0, " "0, " "0, " "0, " "0, " "0, " "0, " "0, " "0, " "0, " "0, " "0, " "0, " "0, " "0, " "0, " "0, " "0, " "0, " "0, " "0, " "0, " "0, " "0, " "0, " "0, " "0, " "0, " "0, " "0, " "0, " "0, " "0, " "0, " "0, " "0, " "0, " "0, " "0, " "0, " "0, " "0, " "0, " "0, " "0, " "0, " "1, " "0, "0
 "Nei115, 0.022, " "0.375, " "-0.833, " "0, " "0, " "0, " "0, " "0, " "0, " "0, " "0, " "0, " "0, " "0, " "0, " "0, " "0, " "0, " "0, " "0, " "0, " "0, " "0, " "0, " "0, " "0, " "0, " "0, " "0, " "0, " "0, " "0, " "0, " "0, " "0, " "0, " "0, " "0, " "0, " "0, " "0, " "0, " "0, " "0, " "0, " "0, " "0, " "0, " "0, " "0, " "0, " "0, " "0, " "0, " "0, " "0, " "0, " "0, " "0, " "0, " "0, " "0, " "0, " "0, " "0, " "0, " "0, " "0, " "0, " "0, " "0, " "0, " "0, " "0, " "0, " "0, " "0, " "0, " "0, " "0, " "0, " "0, " "0, " "0, " "0, " "0, " "0, " "0, " "0, " "0, " "0, " "0, " "0, " "0, " "0, " "0, " "0, " "0, " "0, " "0, " "0, " "0, " "1, " "1, " "1, " "1, " "1, " "1, " "1, " "1, " "1, " "1, " "1, " "1, " "1, " "1, " "1, " "1, " "0, " "1, " "1, " "1, " "1, " "1, " "1, " "1, " "1, " "1, " "1, " "1, " "1, " "1, " "1, " "1, " "1, " "0, " "0, " "0, " "0, " "0, " "0, " "0, " "0, " "0, " "0, " "0, " "0, " "0, " "0, " "0, " "0, " "0, " "0, " "0, " "0, " "0, " "0, " "0, " "0, " "0, " "0, " "0, " "0, " "0, " "0, " "0, " "0, " "0, " "0, " "0, " "0, " "0, " "0, " "0, " "0, " "0, " "0, " "0, " "0, " "0, " "0, " "0, " "0, " "0, " "0, " "0, " "0, " "0, " "0, " "0, " "0, " "0, " "0, " "0, " "0, " "0, " "0, " "0, " "0, " "0, " "0, " "0, " "0, " "0, " "0, " "0, " "0, " "0, " "0, " "0, " "0, " "0, " "0, " "0, " "0, " "0, " "0, " "0, " "0, " "0, " "0, " "0, " "0, " "0, " "0, " "0, " "0, " "0, " "0, " "0, " "0, " "0, " "0, " "0, " "0, " "0, " "0, " "0, " "0, " "0, " "0, " "0, " "0, " "0, " "0, " "0, " "0, " "0, " "0, " "0, " "0, " "0, " "0, " "0, " "0, " "0, " "0, " "0, " "0, " "0, "0
 "Nei116, 0.092, " "-0.277, " "0.345, " "0, " "0, " "0, " "0, " "0, " "0, " "0, " "0, " "0, " "0, " "0, " "0, " "0, " "0, " "0, " "0, " "0, " "0, " "0, " "0, " "0, " "0, " "0, " "0, " "0, " "0, " "0, " "0, " "0, " "0, " "0, " "0, " "0, " "0, " "0, " "0, " "0, " "0, " "0, " "0, " "0, " "0, " "0, " "0, " "0, " "0, " "0, " "0, " "0, " "0, " "0, " "0, " "0, " "0, " "0, " "0, " "0, " "0, " "0, " "0, " "1, " "0, " "0, " "0, " "0, " "0, " "0, " "0, " "0, " "0, " "0, " "0, " "0, " "0, " "0, " "0, " "0, " "0, " "0, " "0, " "0, " "0, " "0, " "0, " "0, " "0, " "0, " "0, " "0, " "0, " "0, " "0, " "0, " "0, " "0, " "0, " "0, " "0, " "0, " "0, " "1, " "1, " "1, " "1, " "1, " "1, " "1, " "0, " "1, " "1, " "1, " "1, " "1, " "1, " "1, " "1, " "0, " "1, " "1, " "1, " "1, " "1, " "1, " "1, " "1, " "1, " "1, " "0, " "1, " "1, " "1, " "1, " "0, " "0, " "0, " "0, " "0, " "0, " "0, " "0, " "0, " "0, " "0, " "0, " "0, " "1, " "0, " "0, " "0, " "0, " "0, " "0, " "0, " "0, " "0, " "0, " "0, " "0, " "0, " "0, " "0, " "0, " "0, " "0, " "0, " "0, " "0, " "0, " "0, " "0, " "0, " "0, " "0, " "0, " "0, " "0, " "0, " "0, " "0, " "0, " "0, " "0, " "0, " "0, " "0, " "0, " "0, " "0, " "0, " "0, " "0, " "0, " "0, " "0, " "0, " "0, " "0, " "0, " "0, " "0, " "0, " "0, " "0, " "0, " "0, " "0, " "0, " "0, " "0, " "0, " "0, " "0, " "0, " "0, " "0, " "0, " "0, " "0, " "0, " "0, " "0, " "0, " "0, " "0, " "0, " "0, " "0, " "0, " "0, " "0, " "0, " "0, " "0, " "0, " "0, " "0, " "0, " "0, " "0, " "0, " "0, " "0, " "0, " "0, " "0, " "0, " "0, " "0, " "0, " "0, " "0, " "0, " "0, " "0, " "0, " "0, " "0, "0
 "Nei117, 0.182, " "0.347, " "-0.054, " "0, " "0, " "0, " "0, " "0, " "0, " "0, " "0, " "0, " "0, " "0, " "0, " "0, " "0, " "0, " "0, " "0, " "0, " "0, " "0, " "0, " "0, " "0, " "0, " "0, " "0, " "0, " "0, " "0, " "0, " "0, " "0, " "0, " "0, " "0, " "0, " "0, " "0, " "0, " "0, " "0, " "0, " "0, " "0, " "0, " "0, " "0, " "0, " "0, " "0, " "0, " "0, " "0, " "0, " "0, " "0, " "0, " "0, " "0, " "0, " "0, " "0, " "0, " "0, " "0, " "0, " "0, " "0, " "0, " "0, " "0, " "0, " "0, " "0, " "0, " "0, " "0, " "1, " "0, " "0, " "0, " "0, " "0, " "0, " "0, " "0, " "0, " "0, " "0, " "0, " "0, " "0, " "0, " "0, " "0, " "0, " "0, " "0, " "0, " "0, " "0, " "1, " "1, " "1, " "1, " "1, " "1, " "1, " "1, " "1, " "1, " "1, " "1, " "0, " "1, " "1, " "1, " "0, " "1, " "1, " "1, " "1, " "1, " "1, " "1, " "1, " "1, " "1, " "1, " "0, " "1, " "1, " "0, " "1, " "0, " "0, " "0, " "0, " "0, " "0, " "1, " "0, " "0, " "0, " "0, " "0, " "0, " "0, " "0, " "0, " "0, " "0, " "0, " "0, " "0, " "0, " "0, " "0, " "0, " "0, " "0, " "0, " "0, " "0, " "0, " "0, " "0, " "0, " "0, " "0, " "0, " "0, " "0, " "0, " "0, " "0, " "0, " "0, " "0, " "0, " "0, " "0, " "0, " "0, " "0, " "0, " "0, " "0, " "0, " "0, " "0, " "0, " "0, " "0, " "0, " "0, " "0, " "0, " "0, " "0, " "0, " "0, " "0, " "0, " "0, " "0, " "0, " "0, " "0, " "0, " "0, " "0, " "0, " "0, " "0, " "0, " "0, " "0, " "0, " "0, " "0, " "0, " "0, " "0, " "0, " "0, " "0, " "0, " "0, " "0, " "0, " "0, " "0, " "0, " "0, " "0, " "0, " "0, " "0, " "0, " "0, " "0, " "0, " "0, " "0, " "0, " "0, " "0, " "0, " "0, " "0, " "0, " "0, " "0, " "0, " "0, " "0, "0
 "Nei118, 0.001, " "0.552, " "0.435, " "0, " "0, " "0, " "0, " "0, " "0, " "0, " "0, " "0, " "0, " "0, " "0, " "0, " "0, " "0, " "0, " "0, " "0, " "0, " "0, " "0, " "0, " "0, " "0, " "0, " "0, " "0, " "0, " "0, " "0, " "0, " "0, " "0, " "0, " "0, " "0, " "0, " "0, " "0, " "0, " "0, " "0, " "0, " "0, " "0, " "0, " "0, " "0, " "0, " "0, " "0, " "0, " "0, " "0, " "0, " "0, " "0, " "0, " "0, " "0, " "0, " "0, " "0, " "0, " "0, " "0, " "0, " "0, " "0, " "0, " "0, " "0, " "0, " "0, " "0, " "0, " "0, " "0, " "0, " "0, " "0, " "0, " "0, " "0, " "0, " "0, " "0, " "0, " "0, " "0, " "0, " "0, " "0, " "0, " "0, " "0, " "0, " "0, " "0, " "0, " "0, " "0, " "1, " "1, " "1, " "1, " "1, " "1, " "1, " "1, " "1, " "1, " "0, " "1, " "1, " "1, " "1, " "1, " "0, " "1, " "1, " "1, " "1, " "1, " "1, " "1, " "1, " "1, " "1, " "1, " "1, " "1, " "1, " "1, " "1, " "0, " "0, " "0, " "0, " "0, " "0, " "0, " "0, " "0, " "0, " "0, " "0, " "0, " "0, " "0, " "0, " "0, " "0, " "0, " "0, " "0, " "0, " "0, " "0, " "0, " "0, " "0, " "0, " "0, " "0, " "0, " "0, " "0, " "0, " "0, " "0, " "0, " "0, " "0, " "0, " "0, " "0, " "0, " "0, " "0, " "0, " "0, " "0, " "0, " "0, " "0, " "0, " "0, " "0, " "0, " "0, " "0, " "0, " "0, " "0, " "0, " "0, " "0, " "0, " "0, " "0, " "0, " "0, " "0, " "0, " "0, " "0, " "0, " "0, " "0, " "0, " "0, " "0, " "0, " "0, " "0, " "0, " "0, " "0, " "0, " "0, " "0, " "0, " "0, " "0, " "0, " "0, " "0, " "0, " "0, " "0, " "0, " "0, " "0, " "0, " "0, " "0, " "0, " "0, " "0, " "0, " "0, " "0, " "0, " "0, " "0, " "0, " "0, " "0, " "0, " "0, " "0, " "0, " "0, " "0, " "0, " "0, "0
 "Nei119, 0.056, " "0.194, " "-0.517, " "0, " "0, " "0, " "0, " "0, " "0, " "0, " "0, " "0, " "0, " "0, " "0, " "0, " "0, " "0, " "0, " "0, " "0, " "0, " "0, " "0, " "0, " "0, " "0, " "0, " "0, " "0, " "0, " "0, " "0, " "0, " "0, " "0, " "0, " "0, " "0, " "0, " "0, " "0, " "0, " "0, " "0, " "0, " "0, " "0, " "0, " "0, " "0, " "0, " "0, " "0, " "0, " "0, " "0, " "0, " "0, " "0, " "0, " "0, " "0, " "0, " "0, " "0, " "0, " "0, " "0, " "0, " "0, " "0, " "0, " "0, " "0, " "0, " "0, " "0, " "0, " "0, " "0, " "0, " "0, " "0, " "0, " "0, " "0, " "0, " "0, " "0, " "0, " "0, " "0, " "0, " "0, " "0, " "0, " "0, " "0, " "0, " "0, " "0, " "0, " "0, " "0, " "0, " "1, " "1, " "1, " "1, " "1, " "1, " "1, " "1, " "1, " "1, " "1, " "1, " "1, " "1, " "1, " "1, " "0, " "1, " "1, " "1, " "1, " "1, " "1, " "1, " "1, " "1, " "1, " "1, " "1, " "1, " "1, " "1, " "1, " "0, " "0, " "0, " "0, " "0, " "0, " "0, " "0, " "1, " "0, " "0, " "0, " "0, " "0, " "0, " "0, " "0, " "0, " "0, " "0, " "0, " "0, " "0, " "0, " "0, " "0, " "0, " "0, " "0, " "0, " "0, " "0, " "0, " "0, " "0, " "0, " "0, " "0, " "0, " "0, " "0, " "0, " "0, " "0, " "0, " "0, " "0, " "0, " "0, " "0, " "0, " "0, " "0, " "0, " "0, " "0, " "0, " "0, " "0, " "0, " "0, " "0, " "0, " "0, " "0, " "0, " "0, " "0, " "0, " "0, " "0, " "0, " "0, " "0, " "0, " "0, " "0, " "0, " "0, " "0, " "0, " "0, " "0, " "0, " "0, " "0, " "0, " "0, " "0, " "0, " "0, " "0, " "0, " "0, " "0, " "0, " "0, " "0, " "0, " "0, " "0, " "0, " "0, " "0, " "0, " "0, " "0, " "0, " "0, " "0, " "0, " "0, " "0, " "0, " "0, " "0, " "0, " "0, " "0, " "0, " "0, "0
 "Nei120, 0.021, " "0.464, " "-0.674, " "0, " "0, " "0, " "0, " "0, " "0, " "0, " "0, " "0, " "0, " "0, " "0, " "0, " "0, " "0, " "0, " "0, " "0, " "0, " "0, " "0, " "0, " "0, " "0, " "0, " "0, " "0, " "0, " "0, " "0, " "0, " "0, " "0, " "0, " "0, " "0, " "0, " "0, " "0, " "0, " "0, " "0, " "0, " "0, " "0, " "0, " "0, " "0, " "0, " "0, " "0, " "0, " "0, " "0, " "0, " "0, " "0, " "0, " "0, " "0, " "0, " "0, " "0, " "0, " "0, " "0, " "0, " "0, " "0, " "0, " "0, " "0, " "0, " "0, " "0, " "0, " "0, " "0, " "0, " "0, " "0, " "0, " "0, " "0, " "0, " "0, " "0, " "0, " "0, " "0, " "0, " "0, " "0, " "0, " "0, " "0, " "0, " "0, " "0, " "0, " "0, " "0, " "0, " "0, " "1, " "1, " "1, " "1, " "1, " "1, " "1, " "1, " "1, " "1, " "1, " "1, " "1, " "1, " "1, " "1, " "0, " "0, " "1, " "1, " "1, " "1, " "1, " "1, " "1, " "1, " "0, " "1, " "1, " "1, " "1, " "1, " "1, " "0, " "0, " "0, " "0, " "0, " "0, " "0, " "0, " "0, " "0, " "0, " "0, " "0, " "0, " "0, " "0, " "0, " "0, " "0, " "0, " "0, " "0, " "0, " "0, " "0, " "0, " "0, " "0, " "0, " "0, " "0, " "0, " "0, " "0, " "0, " "0, " "0, " "0, " "0, " "0, " "0, " "0, " "0, " "0, " "1, " "0, " "0, " "0, " "0, " "0, " "0, " "0, " "0, " "0, " "0, " "1, " "0, " "0, " "0, " "0, " "0, " "0, " "0, " "0, " "0, " "0, " "0, " "0, " "0, " "0, " "0, " "0, " "0, " "0, " "0, " "0, " "0, " "0, " "0, " "0, " "0, " "0, " "0, " "0, " "0, " "0, " "0, " "0, " "0, " "0, " "0, " "0, " "0, " "0, " "0, " "0, " "0, " "0, " "0, " "0, " "0, " "0, " "0, " "0, " "0, " "0, " "0, " "0, " "0, " "0, " "0, " "0, " "0, " "0, " "0, " "0, " "0, " "1, " "0, " "0, "0
 "Nei121, 0.135, " "0.039, " "0.333, " "0, " "0, " "0, " "0, " "0, " "0, " "0, " "0, " "0, " "0, " "0, " "0, " "0, " "0, " "0, " "0, " "0, " "0, " "0, " "0, " "0, " "0, " "0, " "0, " "0, " "0, " "0, " "0, " "0, " "0, " "0, " "0, " "0, " "0, " "0, " "0, " "0, " "0, " "0, " "0, " "0, " "0, " "0, " "0, " "0, " "0, " "0, " "0, " "0, " "0, " "0, " "0, " "0, " "0, " "0, " "0, " "0, " "0, " "0, " "0, " "0, " "0, " "0, " "0, " "0, " "0, " "0, " "0, " "0, " "0, " "0, " "0, " "0, " "0, " "0, " "0, " "0, " "0, " "0, " "0, " "0, " "0, " "0, " "0, " "0, " "0, " "0, " "0, " "0, " "0, " "0, " "0, " "0, " "0, " "0, " "0, " "0, " "0, " "0, " "0, " "0, " "0, " "0, " "0, " "0, " "1, " "1, " "1, " "1, " "0, " "1, " "1, " "1, " "1, " "1, " "1, " "1, " "1, " "1, " "1, " "0, " "0, " "1, " "1, " "1, " "1, " "1, " "0, " "1, " "1, " "1, " "1, " "1, " "1, " "1, " "1, " "1, " "1, " "0, " "0, " "0, " "0, " "0, " "0, " "0, " "0, " "0, " "0, " "0, " "0, " "0, " "0, " "0, " "0, " "0, " "0, " "0, " "0, " "0, " "0, " "0, " "0, " "0, " "0, " "0, " "0, " "0, " "0, " "0, " "0, " "0, " "0, " "0, " "0, " "0, " "0, " "0, " "0, " "0, " "0, " "0, " "1, " "0, " "0, " "0, " "0, " "0, " "0, " "0, " "0, " "0, " "0, " "0, " "0, " "0, " "0, " "0, " "0, " "0, " "0, " "0, " "0, " "0, " "0, " "1, " "0, " "0, " "0, " "0, " "0, " "0, " "0, " "0, " "0, " "0, " "0, " "0, " "0, " "0, " "0, " "0, " "0, " "0, " "0, " "0, " "0, " "0, " "0, " "0, " "0, " "0, " "0, " "0, " "0, " "0, " "0, " "0, " "0, " "0, " "0, " "0, " "0, " "0, " "0, " "0, " "0, " "0, " "0, " "0, " "0, " "0, " "0, " "0, " "0, " "0, " "0, " "0, "0
 "Nei122, 0.029, " "0.781, " "-0.346, " "0, " "0, " "0, " "0, " "0, " "0, " "0, " "0, " "0, " "0, " "0, " "0, " "0, " "0, " "0, " "0, " "0, " "0, " "0, " "0, " "0, " "0, " "0, " "0, " "0, " "0, " "0, " "0, " "0, " "0, " "0, " "0, " "0, " "0, " "0, " "0, " "0, " "0, " "0, " "0, " "0, " "0, " "0, " "0, " "0, " "0, " "0, " "0, " "0, " "0, " "0, " "0, " "0, " "0, " "0, " "0, " "0, " "0, " "0, " "0, " "0, " "0, " "0, " "0, " "0, " "0, " "0, " "0, " "0, " "0, " "0, " "0, " "0, " "0, " "0, " "0, " "0, " "0, " "0, " "0, " "0, " "0, " "0, " "0, " "0, " "0, " "0, " "0, " "0, " "0, " "0, " "0, " "0, " "0, " "0, " "0, " "0, " "0, " "0, " "0, " "0, " "0, " "0, " "0, " "0, " "0, " "1, " "1, " "1, " "1, " "1, " "1, " "1, " "1, " "1, " "1, " "1, " "1, " "1, " "1, " "1, " "1, " "0, " "1, " "1, " "1, " "1, " "1, " "1, " "1, " "1, " "1, " "1, " "1, " "1, " "1, " "1, " "1, " "1, " "0, " "0, " "0, " "0, " "0, " "0, " "0, " "0, " "0, " "0, " "0, " "0, " "0, " "0, " "0, " "0, " "0, " "0, " "0, " "0, " "0, " "0, " "0, " "0, " "0, " "0, " "0, " "0, " "0, " "0, " "0, " "0, " "0, " "0, " "0, " "0, " "0, " "0, " "0, " "0, " "0, " "0, " "0, " "0, " "0, " "0, " "0, " "0, " "0, " "0, " "0, " "0, " "0, " "0, " "0, " "0, " "0, " "0, " "0, " "0, " "0, " "0, " "0, " "0, " "0, " "0, " "0, " "0, " "0, " "0, " "0, " "0, " "0, " "0, " "0, " "0, " "0, " "0, " "0, " "0, " "0, " "0, " "0, " "0, " "0, " "0, " "0, " "0, " "0, " "0, " "0, " "0, " "0, " "0, " "0, " "0, " "0, " "0, " "0, " "0, " "0, " "0, " "0, " "0, " "0, " "0, " "0, " "0, " "0, " "0, " "0, " "0, " "0, " "0, " "0, " "0, " "0, " "0, "0
 "Nei123, 0.123, " "0.086, " "0.208, " "0, " "0, " "0, " "0, " "0, " "0, " "0, " "0, " "0, " "0, " "0, " "0, " "0, " "0, " "0, " "0, " "0, " "0, " "0, " "0, " "0, " "0, " "0, " "0, " "0, " "0, " "0, " "0, " "0, " "0, " "0, " "0, " "0, " "0, " "0, " "0, " "0, " "0, " "0, " "0, " "0, " "0, " "0, " "0, " "0, " "0, " "0, " "0, " "0, " "0, " "0, " "0, " "0, " "0, " "0, " "0, " "0, " "0, " "0, " "0, " "0, " "0, " "0, " "0, " "0, " "0, " "0, " "0, " "0, " "0, " "0, " "0, " "0, " "0, " "0, " "0, " "0, " "0, " "0, " "0, " "0, " "0, " "0, " "0, " "0, " "0, " "0, " "0, " "0, " "0, " "0, " "0, " "0, " "0, " "0, " "0, " "0, " "0, " "0, " "0, " "0, " "0, " "0, " "0, " "0, " "0, " "0, " "1, " "1, " "1, " "1, " "1, " "1, " "1, " "1, " "1, " "1, " "1, " "1, " "1, " "1, " "1, " "1, " "0, " "0, " "1, " "1, " "1, " "1, " "1, " "1, " "1, " "1, " "1, " "1, " "1, " "0, " "1, " "1, " "1, " "0, " "0, " "0, " "0, " "0, " "0, " "0, " "0, " "0, " "0, " "0, " "0, " "0, " "0, " "0, " "0, " "0, " "0, " "0, " "0, " "0, " "0, " "0, " "0, " "0, " "0, " "0, " "0, " "0, " "0, " "0, " "0, " "0, " "0, " "0, " "0, " "0, " "0, " "0, " "0, " "1, " "0, " "0, " "0, " "0, " "0, " "0, " "0, " "0, " "0, " "0, " "0, " "0, " "0, " "0, " "0, " "0, " "0, " "0, " "0, " "0, " "0, " "0, " "0, " "0, " "0, " "0, " "0, " "0, " "0, " "0, " "0, " "0, " "0, " "0, " "0, " "0, " "0, " "0, " "0, " "0, " "0, " "1, " "0, " "0, " "0, " "0, " "0, " "0, " "0, " "0, " "0, " "0, " "0, " "0, " "0, " "0, " "0, " "0, " "0, " "0, " "0, " "1, " "1, " "0, " "0, " "0, " "0, " "0, " "0, " "0, " "0, " "0, " "0, " "0, " "0, " "0, "0
 "Nei124, 0.191, " "0.287, " "0.698, " "0, " "0, " "0, " "0, " "0, " "0, " "0, " "0, " "0, " "0, " "0, " "0, " "0, " "0, " "0, " "0, " "0, " "0, " "0, " "0, " "0, " "0, " "0, " "0, " "0, " "0, " "0, " "0, " "0, " "0, " "0, " "0, " "0, " "0, " "0, " "0, " "0, " "0, " "0, " "0, " "0, " "0, " "0, " "0, " "0, " "0, " "0, " "0, " "0, " "0, " "0, " "0, " "0, " "0, " "0, " "0, " "0, " "0, " "0, " "0, " "0, " "0, " "0, " "0, " "0, " "0, " "0, " "0, " "0, " "0, " "0, " "0, " "0, " "0, " "0, " "0, " "0, " "0, " "0, " "0, " "0, " "0, " "0, " "0, " "0, " "0, " "0, " "0, " "0, " "0, " "0, " "0, " "0, " "0, " "0, " "0, " "0, " "0, " "0, " "0, " "0, " "0, " "0, " "0, " "0, " "0, " "0, " "0, " "1, " "1, " "1, " "1, " "1, " "1, " "1, " "1, " "1, " "1, " "1, " "1, " "1, " "1, " "1, " "0, " "0, " "1, " "1, " "1, " "1, " "1, " "1, " "1, " "1, " "1, " "1, " "1, " "1, " "1, " "1, " "1, " "1, " "0, " "0, " "0, " "0, " "0, " "0, " "0, " "0, " "0, " "0, " "0, " "0, " "0, " "0, " "0, " "0, " "0, " "0, " "0, " "0, " "0, " "0, " "0, " "0, " "0, " "0, " "0, " "0, " "0, " "0, " "0, " "0, " "0, " "0, " "0, " "0, " "0, " "0, " "0, " "0, " "0, " "0, " "0, " "0, " "0, " "0, " "0, " "0, " "0, " "0, " "0, " "0, " "0, " "0, " "0, " "0, " "0, " "0, " "0, " "0, " "0, " "0, " "0, " "0, " "0, " "0, " "0, " "0, " "0, " "0, " "0, " "0, " "0, " "0, " "0, " "0, " "0, " "0, " "0, " "0, " "0, " "0, " "0, " "0, " "0, " "0, " "0, " "0, " "0, " "0, " "0, " "0, " "0, " "0, " "0, " "0, " "0, " "0, " "0, " "0, " "0, " "0, " "0, " "0, " "0, " "0, " "0, " "0, " "0, " "0, " "0, " "0, " "0, " "0, " "0, " "0, "0
 "Nei125, 0.168, " "0.837, " "0.054, " "0, " "0, " "0, " "0, " "0, " "0, " "0, " "0, " "0, " "0, " "0, " "0, " "0, " "0, " "0, " "0, " "0, " "0, " "0, " "0, " "0, " "0, " "0, " "0, " "0, " "0, " "0, " "0, " "0, " "0, " "0, " "0, " "0, " "0, " "0, " "0, " "0, " "0, " "0, " "0, " "0, " "0, " "0, " "0, " "0, " "0, " "0, " "0, " "0, " "0, " "0, " "0, " "0, " "0, " "0, " "0, " "0, " "0, " "0, " "0, " "0, " "0, " "0, " "0, " "0, " "0, " "0, " "0, " "0, " "0, " "0, " "0, " "0, " "0, " "0, " "0, " "0, " "0, " "0, " "0, " "0, " "0, " "0, " "0, " "0, " "0, " "0, " "0, " "0, " "0, " "0, " "0, " "0, " "0, " "0, " "0, " "0, " "0, " "0, " "0, " "0, " "0, " "0, " "0, " "0, " "0, " "0, " "0, " "0, " "1, " "1, " "1, " "1, " "1, " "1, " "1, " "1, " "1, " "1, " "1, " "1, " "1, " "1, " "1, " "1, " "0, " "1, " "1, " "1, " "1, " "1, " "1, " "1, " "1, " "1, " "1, " "1, " "1, " "1, " "1, " "1, " "1, " "0, " "0, " "0, " "0, " "0, " "0, " "0, " "0, " "0, " "0, " "0, " "0, " "0, " "0, " "0, " "0, " "0, " "0, " "0, " "0, " "0, " "0, " "0, " "0, " "0, " "0, " "0, " "0, " "0, " "0, " "0, " "0, " "0, " "0, " "0, " "0, " "0, " "0, " "0, " "0, " "0, " "0, " "0, " "0, " "0, " "0, " "0, " "0, " "0, " "0, " "0, " "0, " "0, " "0, " "0, " "0, " "0, " "0, " "0, " "0, " "0, " "0, " "0, " "0, " "0, " "0, " "0, " "0, " "0, " "0, " "0, " "0, " "0, " "0, " "0, " "0, " "0, " "0, " "0, " "0, " "0, " "0, " "0, " "0, " "0, " "0, " "0, " "0, " "0, " "0, " "0, " "0, " "0, " "0, " "0, " "0, " "0, " "0, " "0, " "0, " "0, " "0, " "0, " "0, " "0, " "0, " "0, " "0, " "0, " "0, " "0, " "0, " "0, " "1, " "0, "0
 "Nei126, 0.014, " "-0.861, " "-0.725, " "0, " "0, " "0, " "0, " "0, " "0, " "0, " "0, " "0, " "0, " "0, " "0, " "0, " "0, " "0, " "0, " "0, " "0, " "0, " "0, " "0, " "0, " "0, " "0, " "0, " "0, " "0, " "0, " "0, " "0, " "0, " "0, " "0, " "0, " "0, " "0, " "0, " "0, " "0, " "0, " "0, " "0, " "0, " "0, " "0, " "0, " "0, " "0, " "0, " "0, " "0, " "0, " "0, " "0, " "0, " "0, " "0, " "0, " "0, " "0, " "0, " "0, " "0, " "0, " "0, " "0, " "0, " "0, " "0, " "0, " "0, " "0, " "0, " "0, " "0, " "0, " "0, " "0, " "0, " "0, " "0, " "0, " "0, " "0, " "0, " "0, " "0, " "0, " "0, " "0, " "0, " "0, " "0, " "0, " "0, " "0, " "0, " "0, " "0, " "0, " "0, " "0, " "0, " "0, " "0, " "0, " "0, " "0, " "0, " "0, " "1, " "1, " "1, " "1, " "1, " "1, " "1, " "1, " "1, " "1, " "1, " "1, " "1, " "1, " "1, " "1, " "0, " "1, " "1, " "1, " "1, " "1, " "1, " "1, " "1, " "0, " "1, " "1, " "1, " "1, " "1, " "1, " "1, " "0, " "0, " "0, " "0, " "0, " "0, " "0, " "0, " "0, " "0, " "0, " "0, " "0, " "0, " "0, " "0, " "0, " "0, " "0, " "0, " "0, " "0, " "0, " "0, " "0, " "0, " "0, " "0, " "0, " "0, " "0, " "0, " "0, " "0, " "0, " "0, " "0, " "0, " "0, " "0, " "0, " "0, " "0, " "0, " "0, " "0, " "0, " "0, " "0, " "0, " "0, " "0, " "0, " "0, " "0, " "0, " "0, " "0, " "0, " "0, " "0, " "0, " "0, " "0, " "0, " "0, " "0, " "0, " "0, " "0, " "0, " "0, " "0, " "0, " "0, " "0, " "0, " "0, " "0, " "0, " "0, " "0, " "0, " "0, " "0, " "0, " "0, " "0, " "0, " "0, " "0, " "0, " "0, " "0, " "0, " "1, " "0, " "0, " "0, " "0, " "0, " "0, " "0, " "0, " "0, " "0, " "0, " "1, " "0, " "0, " "0, " "0, " "0, " "0, "0
 "Nei127, 0.182, " "-0.827, " "0.897, " "0, " "0, " "0, " "0, " "0, " "0, " "0, " "0, " "0, " "0, " "0, " "0, " "0, " "0, " "0, " "0, " "0, " "0, " "0, " "0, " "0, " "0, " "0, " "0, " "0, " "0, " "0, " "0, " "0, " "0, " "0, " "0, " "0, " "0, " "0, " "0, " "0, " "0, " "0, " "0, " "0, " "0, " "0, " "0, " "0, " "0, " "0, " "0, " "0, " "0, " "0, " "0, " "0, " "0, " "0, " "0, " "0, " "0, " "0, " "0, " "0, " "0, " "0, " "0, " "0, " "0, " "0, " "0, " "0, " "0, " "0, " "0, " "0, " "0, " "0, " "0, " "0, " "0, " "0, " "0, " "0, " "0, " "0, " "0, " "0, " "0, " "0, " "0, " "0, " "0, " "0, " "0, " "0, " "0, " "0, " "0, " "0, " "0, " "0, " "0, " "0, " "0, " "0, " "0, " "0, " "0, " "0, " "0, " "0, " "0, " "0, " "1, " "1, " "1, " "1, " "1, " "0, " "1, " "1, " "1, " "1, " "0, " "1, " "1, " "1, " "1, " "1, " "0, " "1, " "1, " "1, " "1, " "1, " "1, " "1, " "1, " "1, " "1, " "1, " "1, " "1, " "1, " "1, " "1, " "0, " "0, " "0, " "0, " "0, " "0, " "0, " "0, " "0, " "0, " "0, " "0, " "0, " "0, " "0, " "0, " "0, " "0, " "0, " "0, " "0, " "0, " "0, " "0, " "0, " "0, " "0, " "0, " "0, " "0, " "0, " "0, " "0, " "0, " "0, " "0, " "0, " "0, " "0, " "0, " "0, " "0, " "0, " "0, " "0, " "0, " "0, " "0, " "0, " "0, " "0, " "0, " "0, " "0, " "0, " "0, " "0, " "0, " "0, " "0, " "0, " "0, " "0, " "0, " "0, " "0, " "0, " "0, " "0, " "0, " "0, " "0, " "0, " "0, " "0, " "0, " "0, " "0, " "0, " "0, " "0, " "0, " "0, " "0, " "0, " "0, " "0, " "0, " "0, " "0, " "0, " "0, " "0, " "0, " "0, " "0, " "0, " "0, " "0, " "0, " "0, " "0, " "0, " "0, " "0, " "0, " "0, " "0, " "0, " "0, " "0, " "0, " "0, "0
 "Nei128, 0.038, " "-0.77, " "0.233, " "0, " "0, " "0, " "0, " "0, " "0, " "0, " "0, " "0, " "0, " "0, " "0, " "0, " "0, " "0, " "0, " "0, " "0, " "0, " "0, " "0, " "0, " "0, " "0, " "0, " "0, " "0, " "0, " "0, " "0, " "0, " "0, " "0, " "0, " "0, " "0, " "0, " "0, " "0, " "0, " "0, " "0, " "0, " "0, " "0, " "0, " "0, " "0, " "0, " "0, " "0, " "0, " "0, " "0, " "0, " "0, " "0, " "0, " "0, " "0, " "0, " "0, " "0, " "0, " "0, " "0, " "0, " "0, " "0, " "0, " "0, " "0, " "0, " "0, " "0, " "0, " "0, " "0, " "0, " "0, " "0, " "0, " "0, " "0, " "0, " "0, " "0, " "0, " "0, " "0, " "0, " "0, " "0, " "0, " "0, " "0, " "0, " "0, " "0, " "0, " "0, " "0, " "0, " "0, " "0, " "0, " "0, " "0, " "0, " "0, " "0, " "0, " "1, " "1, " "1, " "1, " "1, " "1, " "1, " "1, " "1, " "1, " "1, " "1, " "1, " "1, " "1, " "1, " "0, " "1, " "1, " "1, " "1, " "1, " "1, " "1, " "1, " "1, " "1, " "1, " "1, " "1, " "1, " "1, " "1, " "0, " "0, " "0, " "0, " "0, " "0, " "0, " "0, " "0, " "0, " "0, " "0, " "0, " "0, " "0, " "0, " "0, " "0, " "0, " "0, " "0, " "0, " "0, " "0, " "0, " "0, " "0, " "0, " "0, " "0, " "0, " "0, " "0, " "0, " "0, " "0, " "0, " "0, " "0, " "0, " "0, " "0, " "0, " "0, " "0, " "0, " "0, " "0, " "0, " "0, " "0, " "0, " "0, " "0, " "0, " "0, " "0, " "0, " "0, " "0, " "1, " "0, " "0, " "0, " "0, " "0, " "0, " "0, " "0, " "0, " "0, " "0, " "0, " "0, " "0, " "0, " "0, " "0, " "0, " "0, " "0, " "0, " "0, " "0, " "0, " "0, " "0, " "0, " "0, " "0, " "0, " "0, " "0, " "0, " "0, " "0, " "0, " "0, " "0, " "0, " "0, " "0, " "0, " "0, " "0, " "0, " "0, " "0, " "0, " "0, " "0, " "0, "0
 "Nei129, 0.02, " "-0.148, " "0.707, " "0, " "0, " "0, " "0, " "0, " "0, " "0, " "0, " "0, " "0, " "0, " "0, " "0, " "0, " "0, " "0, " "0, " "0, " "0, " "0, " "0, " "0, " "0, " "0, " "0, " "0, " "0, " "0, " "0, " "0, " "0, " "0, " "0, " "0, " "0, " "0, " "0, " "0, " "0, " "0, " "0, " "0, " "0, " "0, " "0, " "0, " "0, " "0, " "0, " "0, " "0, " "0, " "0, " "0, " "0, " "0, " "0, " "0, " "0, " "0, " "0, " "0, " "0, " "0, " "0, " "0, " "0, " "0, " "0, " "0, " "0, " "0, " "0, " "0, " "0, " "0, " "1, " "0, " "0, " "0, " "0, " "0, " "0, " "0, " "0, " "0, " "0, " "0, " "0, " "0, " "0, " "0, " "0, " "0, " "0, " "0, " "0, " "0, " "0, " "0, " "0, " "0, " "0, " "0, " "0, " "0, " "0, " "0, " "0, " "0, " "0, " "0, " "0, " "1, " "1, " "1, " "1, " "0, " "1, " "1, " "1, " "1, " "1, " "1, " "1, " "1, " "1, " "1, " "1, " "0, " "1, " "1, " "1, " "1, " "1, " "1, " "1, " "1, " "1, " "0, " "1, " "1, " "1, " "1, " "1, " "1, " "0, " "0, " "0, " "0, " "0, " "0, " "0, " "0, " "0, " "0, " "0, " "0, " "0, " "0, " "0, " "0, " "0, " "0, " "0, " "0, " "0, " "0, " "0, " "0, " "0, " "0, " "0, " "0, " "0, " "0, " "0, " "0, " "0, " "0, " "0, " "0, " "0, " "0, " "0, " "0, " "0, " "0, " "0, " "0, " "0, " "0, " "0, " "0, " "0, " "0, " "0, " "0, " "0, " "0, " "0, " "0, " "0, " "0, " "0, " "0, " "0, " "0, " "0, " "0, " "0, " "0, " "0, " "0, " "0, " "0, " "0, " "0, " "0, " "0, " "0, " "0, " "0, " "0, " "0, " "0, " "0, " "0, " "0, " "0, " "0, " "0, " "0, " "0, " "0, " "0, " "0, " "0, " "0, " "0, " "0, " "0, " "0, " "0, " "0, " "0, " "0, " "0, " "0, " "0, " "0, " "0, " "0, " "0, " "0, " "0, " "0, "0
 "Nei130, 0.14, " "0.358, " "-0.116, " "0, " "0, " "0, " "0, " "0, " "0, " "0, " "0, " "0, " "0, " "0, " "0, " "0, " "0, " "0, " "0, " "0, " "0, " "0, " "0, " "0, " "0, " "0, " "0, " "0, " "0, " "0, " "0, " "0, " "0, " "0, " "0, " "0, " "0, " "0, " "0, " "0, " "0, " "0, " "0, " "0, " "0, " "0, " "0, " "0, " "0, " "0, " "0, " "0, " "0, " "0, " "0, " "0, " "0, " "0, " "0, " "0, " "0, " "0, " "0, " "0, " "0, " "0, " "0, " "0, " "0, " "0, " "0, " "0, " "0, " "0, " "0, " "0, " "0, " "0, " "0, " "0, " "0, " "0, " "0, " "0, " "0, " "0, " "0, " "0, " "0, " "0, " "0, " "0, " "0, " "0, " "0, " "0, " "0, " "0, " "0, " "0, " "0, " "0, " "0, " "0, " "0, " "0, " "0, " "0, " "0, " "0, " "0, " "0, " "0, " "0, " "0, " "0, " "0, " "0, " "1, " "1, " "1, " "1, " "1, " "0, " "1, " "1, " "1, " "1, " "1, " "1, " "1, " "1, " "1, " "0, " "1, " "1, " "1, " "1, " "1, " "1, " "1, " "1, " "1, " "1, " "1, " "0, " "1, " "1, " "1, " "1, " "0, " "0, " "0, " "0, " "0, " "0, " "0, " "0, " "0, " "0, " "0, " "0, " "0, " "0, " "0, " "0, " "0, " "0, " "0, " "0, " "0, " "0, " "0, " "0, " "0, " "0, " "0, " "0, " "0, " "0, " "0, " "0, " "0, " "0, " "0, " "0, " "0, " "0, " "0, " "0, " "0, " "0, " "0, " "0, " "0, " "0, " "0, " "0, " "0, " "0, " "0, " "0, " "0, " "0, " "0, " "0, " "0, " "0, " "0, " "0, " "0, " "0, " "0, " "0, " "0, " "0, " "0, " "0, " "0, " "0, " "0, " "0, " "0, " "0, " "0, " "0, " "0, " "0, " "0, " "0, " "0, " "0, " "0, " "0, " "0, " "1, " "0, " "0, " "0, " "0, " "0, " "0, " "0, " "0, " "0, " "0, " "0, " "0, " "0, " "0, " "0, " "0, " "0, " "0, " "0, " "0, " "0, " "0, " "0, " "0, "0
 "Nei131, 0.045, " "-0.111, " "0.46, " "0, " "0, " "0, " "0, " "0, " "0, " "0, " "0, " "0, " "0, " "0, " "0, " "0, " "0, " "0, " "0, " "0, " "0, " "0, " "0, " "0, " "0, " "0, " "0, " "0, " "0, " "0, " "0, " "0, " "0, " "0, " "0, " "0, " "0, " "0, " "0, " "0, " "0, " "0, " "0, " "0, " "0, " "0, " "0, " "0, " "0, " "0, " "0, " "0, " "0, " "0, " "0, " "0, " "0, " "0, " "0, " "0, " "0, " "0, " "0, " "0, " "0, " "0, " "0, " "0, " "0, " "0, " "0, " "0, " "0, " "0, " "0, " "0, " "0, " "0, " "0, " "0, " "0, " "0, " "0, " "0, " "0, " "0, " "0, " "0, " "0, " "0, " "0, " "0, " "0, " "0, " "0, " "0, " "0, " "0, " "0, " "0, " "0, " "0, " "0, " "0, " "0, " "0, " "0, " "0, " "0, " "0, " "0, " "0, " "0, " "0, " "0, " "0, " "1, " "0, " "1, " "1, " "1, " "1, " "1, " "1, " "1, " "1, " "1, " "1, " "1, " "1, " "1, " "1, " "1, " "1, " "0, " "0, " "1, " "0, " "1, " "1, " "1, " "1, " "1, " "1, " "1, " "1, " "1, " "1, " "1, " "1, " "1, " "0, " "0, " "0, " "0, " "0, " "0, " "0, " "0, " "0, " "0, " "0, " "0, " "0, " "0, " "0, " "0, " "0, " "0, " "0, " "0, " "0, " "0, " "0, " "0, " "0, " "0, " "0, " "0, " "0, " "0, " "0, " "0, " "0, " "0, " "0, " "0, " "0, " "0, " "0, " "0, " "0, " "0, " "0, " "0, " "0, " "0, " "0, " "0, " "0, " "0, " "0, " "0, " "0, " "0, " "0, " "0, " "0, " "0, " "0, " "0, " "0, " "0, " "0, " "0, " "0, " "0, " "0, " "0, " "0, " "0, " "0, " "0, " "0, " "0, " "0, " "0, " "0, " "0, " "0, " "0, " "0, " "0, " "0, " "0, " "1, " "0, " "0, " "0, " "0, " "0, " "0, " "0, " "0, " "0, " "0, " "0, " "0, " "0, " "0, " "0, " "0, " "0, " "0, " "0, " "0, " "0, " "0, " "0, " "0, "0
 "Nei132, 0.007, " "-0.443, " "0.119, " "0, " "0, " "0, " "0, " "0, " "0, " "0, " "0, " "0, " "0, " "0, " "0, " "0, " "0, " "0, " "0, " "0, " "0, " "0, " "0, " "0, " "0, " "0, " "0, " "0, " "0, " "0, " "0, " "0, " "0, " "0, " "0, " "0, " "0, " "0, " "0, " "0, " "0, " "0, " "0, " "0, " "0, " "0, " "0, " "0, " "0, " "0, " "0, " "0, " "0, " "0, " "0, " "0, " "0, " "0, " "0, " "0, " "0, " "0, " "0, " "0, " "0, " "0, " "0, " "0, " "0, " "0, " "1, " "0, " "0, " "0, " "0, " "0, " "0, " "0, " "0, " "0, " "0, " "0, " "0, " "0, " "0, " "0, " "0, " "0, " "0, " "0, " "0, " "0, " "0, " "0, " "0, " "0, " "0, " "0, " "0, " "0, " "0, " "0, " "0, " "0, " "0, " "0, " "0, " "0, " "0, " "0, " "0, " "0, " "0, " "0, " "0, " "0, " "0, " "0, " "0, " "0, " "0, " "1, " "1, " "1, " "1, " "1, " "1, " "1, " "1, " "1, " "1, " "1, " "1, " "1, " "0, " "0, " "1, " "1, " "1, " "0, " "1, " "1, " "1, " "1, " "1, " "1, " "1, " "1, " "0, " "1, " "1, " "1, " "0, " "0, " "0, " "0, " "0, " "0, " "0, " "0, " "0, " "0, " "0, " "0, " "0, " "0, " "0, " "0, " "0, " "0, " "0, " "0, " "0, " "0, " "0, " "0, " "0, " "0, " "0, " "0, " "0, " "0, " "0, " "0, " "0, " "0, " "0, " "0, " "0, " "0, " "0, " "0, " "0, " "0, " "0, " "0, " "0, " "0, " "0, " "1, " "0, " "0, " "0, " "0, " "0, " "0, " "0, " "0, " "0, " "0, " "0, " "0, " "0, " "0, " "0, " "0, " "0, " "0, " "0, " "0, " "0, " "0, " "0, " "0, " "0, " "0, " "0, " "0, " "0, " "0, " "0, " "1, " "0, " "0, " "0, " "0, " "0, " "0, " "0, " "0, " "0, " "0, " "0, " "0, " "0, " "0, " "0, " "0, " "0, " "0, " "0, " "0, " "0, " "0, " "0, " "0, " "0, " "0, " "0, " "0, "0
 "Nei133, 0.099, " "-0.746, " "-0.401, " "0, " "0, " "0, " "0, " "0, " "0, " "0, " "0, " "0, " "0, " "0, " "0, " "0, " "0, " "0, " "0, " "0, " "0, " "0, " "0, " "0, " "0, " "0, " "0, " "0, " "0, " "0, " "0, " "0, " "0, " "0, " "0, " "0, " "0, " "0, " "0, " "0, " "0, " "0, " "0, " "0, " "0, " "0, " "0, " "0, " "0, " "0, " "0, " "0, " "0, " "0, " "0, " "0, " "0, " "0, " "0, " "0, " "0, " "0, " "0, " "0, " "0, " "0, " "0, " "0, " "0, " "0, " "0, " "0, " "0, " "0, " "0, " "0, " "0, " "0, " "0, " "0, " "0, " "0, " "0, " "0, " "0, " "0, " "0, " "0, " "0, " "0, " "0, " "0, " "0, " "0, " "0, " "0, " "0, " "0, " "0, " "0, " "0, " "0, " "0, " "0, " "0, " "0, " "0, " "0, " "0, " "0, " "0, " "0, " "0, " "0, " "0, " "0, " "0, " "0, " "0, " "0, " "1, " "1, " "1, " "1, " "1, " "1, " "1, " "1, " "1, " "1, " "1, " "1, " "1, " "1, " "1, " "1, " "0, " "1, " "1, " "0, " "1, " "1, " "1, " "1, " "1, " "1, " "1, " "1, " "1, " "1, " "1, " "1, " "1, " "0, " "0, " "0, " "0, " "0, " "0, " "0, " "0, " "0, " "0, " "0, " "0, " "0, " "0, " "0, " "0, " "0, " "0, " "0, " "0, " "0, " "0, " "0, " "0, " "0, " "0, " "0, " "0, " "0, " "0, " "0, " "0, " "0, " "0, " "0, " "0, " "0, " "0, " "0, " "0, " "0, " "0, " "0, " "0, " "0, " "0, " "0, " "1, " "0, " "0, " "0, " "0, " "0, " "0, " "0, " "0, " "0, " "0, " "0, " "0, " "0, " "0, " "0, " "0, " "0, " "0, " "0, " "0, " "0, " "0, " "0, " "0, " "0, " "0, " "0, " "0, " "0, " "0, " "0, " "0, " "0, " "0, " "0, " "0, " "0, " "0, " "0, " "0, " "0, " "0, " "0, " "0, " "0, " "0, " "0, " "0, " "0, " "0, " "0, " "0, " "0, " "0, " "0, " "0, " "0, " "0, " "0, "0
 "Nei134, 0.022, " "-0.4, " "-0.736, " "0, " "0, " "0, " "0, " "0, " "0, " "0, " "0, " "0, " "0, " "0, " "0, " "0, " "0, " "0, " "0, " "0, " "0, " "0, " "0, " "0, " "0, " "0, " "0, " "0, " "0, " "0, " "0, " "0, " "0, " "0, " "0, " "0, " "0, " "0, " "0, " "0, " "0, " "0, " "0, " "0, " "0, " "0, " "0, " "0, " "0, " "0, " "0, " "0, " "0, " "0, " "0, " "0, " "1, " "0, " "0, " "0, " "0, " "0, " "0, " "0, " "0, " "0, " "0, " "0, " "0, " "0, " "0, " "0, " "0, " "0, " "0, " "0, " "0, " "0, " "0, " "0, " "0, " "0, " "0, " "0, " "0, " "0, " "0, " "0, " "0, " "0, " "0, " "0, " "0, " "0, " "0, " "0, " "0, " "0, " "0, " "0, " "0, " "0, " "0, " "0, " "0, " "0, " "0, " "0, " "0, " "0, " "0, " "0, " "0, " "0, " "0, " "0, " "0, " "0, " "0, " "0, " "0, " "1, " "1, " "1, " "1, " "1, " "1, " "1, " "1, " "1, " "1, " "1, " "1, " "1, " "0, " "1, " "1, " "0, " "1, " "1, " "1, " "1, " "1, " "1, " "1, " "1, " "1, " "1, " "1, " "1, " "1, " "1, " "1, " "1, " "0, " "0, " "0, " "0, " "0, " "0, " "0, " "0, " "0, " "0, " "0, " "0, " "0, " "0, " "0, " "0, " "0, " "0, " "0, " "0, " "0, " "0, " "0, " "0, " "0, " "0, " "0, " "0, " "0, " "0, " "0, " "0, " "0, " "0, " "0, " "0, " "0, " "0, " "0, " "0, " "0, " "0, " "0, " "0, " "0, " "0, " "0, " "0, " "0, " "0, " "0, " "0, " "0, " "0, " "0, " "0, " "0, " "0, " "0, " "0, " "0, " "0, " "0, " "0, " "0, " "0, " "0, " "0, " "0, " "0, " "0, " "0, " "0, " "0, " "0, " "0, " "0, " "0, " "0, " "0, " "0, " "0, " "0, " "0, " "0, " "0, " "0, " "0, " "0, " "0, " "0, " "0, " "0, " "0, " "0, " "0, " "0, " "0, " "0, " "0, " "0, " "0, " "0, " "0, " "0, " "0, "0
 "Nei135, 0.111, " "-0.031, " "0.433, " "0, " "0, " "0, " "0, " "0, " "0, " "0, " "0, " "0, " "0, " "0, " "0, " "0, " "0, " "0, " "0, " "0, " "0, " "0, " "0, " "0, " "0, " "0, " "0, " "0, " "0, " "0, " "0, " "0, " "0, " "0, " "0, " "0, " "0, " "0, " "0, " "0, " "0, " "0, " "0, " "0, " "0, " "0, " "0, " "0, " "0, " "0, " "0, " "0, " "0, " "0, " "0, " "0, " "0, " "0, " "0, " "0, " "0, " "0, " "0, " "0, " "0, " "0, " "0, " "0, " "0, " "0, " "0, " "0, " "0, " "0, " "0, " "0, " "0, " "0, " "0, " "0, " "0, " "0, " "0, " "0, " "0, " "0, " "0, " "0, " "0, " "0, " "0, " "0, " "0, " "0, " "0, " "0, " "0, " "0, " "0, " "0, " "0, " "0, " "0, " "0, " "0, " "0, " "0, " "0, " "0, " "0, " "0, " "0, " "0, " "0, " "0, " "0, " "0, " "0, " "0, " "0, " "0, " "0, " "1, " "1, " "1, " "1, " "1, " "1, " "1, " "0, " "1, " "1, " "1, " "1, " "1, " "1, " "1, " "1, " "0, " "1, " "1, " "1, " "1, " "1, " "1, " "1, " "1, " "1, " "1, " "1, " "1, " "1, " "1, " "1, " "1, " "0, " "0, " "0, " "0, " "0, " "0, " "0, " "0, " "0, " "0, " "0, " "0, " "0, " "0, " "0, " "0, " "0, " "0, " "0, " "0, " "0, " "0, " "0, " "0, " "0, " "0, " "0, " "0, " "0, " "0, " "0, " "0, " "0, " "0, " "0, " "0, " "0, " "0, " "0, " "0, " "0, " "0, " "0, " "0, " "0, " "0, " "0, " "0, " "0, " "0, " "0, " "0, " "0, " "0, " "0, " "0, " "0, " "0, " "0, " "0, " "0, " "0, " "0, " "0, " "0, " "0, " "0, " "0, " "0, " "0, " "0, " "1, " "0, " "0, " "0, " "0, " "0, " "0, " "0, " "0, " "0, " "0, " "0, " "0, " "0, " "0, " "0, " "0, " "0, " "0, " "0, " "0, " "0, " "0, " "0, " "0, " "0, " "0, " "0, " "0, " "0, " "0, " "0, " "0, " "0, "0
 "Nei136, 0.141, " "-0.653, " "-0.708, " "0, " "0, " "0, " "0, " "0, " "0, " "0, " "0, " "0, " "0, " "0, " "0, " "0, " "0, " "0, " "0, " "0, " "0, " "0, " "0, " "0, " "0, " "0, " "0, " "0, " "0, " "0, " "0, " "0, " "0, " "0, " "0, " "0, " "0, " "0, " "0, " "0, " "0, " "0, " "0, " "0, " "0, " "0, " "0, " "0, " "0, " "0, " "0, " "0, " "0, " "0, " "0, " "0, " "0, " "0, " "0, " "0, " "0, " "0, " "0, " "0, " "0, " "0, " "0, " "0, " "0, " "0, " "0, " "0, " "0, " "0, " "0, " "0, " "0, " "0, " "0, " "0, " "0, " "0, " "0, " "0, " "0, " "0, " "0, " "0, " "0, " "0, " "0, " "0, " "0, " "0, " "0, " "0, " "0, " "0, " "0, " "0, " "0, " "0, " "0, " "0, " "0, " "0, " "0, " "0, " "0, " "0, " "0, " "0, " "0, " "0, " "0, " "0, " "0, " "0, " "0, " "0, " "0, " "0, " "0, " "1, " "1, " "1, " "0, " "1, " "1, " "1, " "1, " "1, " "1, " "1, " "1, " "0, " "0, " "1, " "1, " "0, " "1, " "1, " "1, " "1, " "1, " "1, " "0, " "1, " "1, " "1, " "1, " "1, " "1, " "1, " "1, " "1, " "0, " "0, " "0, " "0, " "0, " "0, " "0, " "0, " "0, " "0, " "0, " "0, " "0, " "0, " "0, " "0, " "0, " "0, " "0, " "0, " "0, " "0, " "0, " "0, " "0, " "0, " "0, " "0, " "0, " "0, " "0, " "0, " "0, " "0, " "0, " "0, " "0, " "0, " "0, " "0, " "0, " "0, " "0, " "0, " "0, " "1, " "0, " "0, " "0, " "0, " "0, " "0, " "0, " "0, " "0, " "0, " "0, " "0, " "0, " "0, " "0, " "0, " "0, " "0, " "0, " "0, " "0, " "0, " "0, " "0, " "0, " "0, " "0, " "0, " "0, " "0, " "0, " "0, " "0, " "0, " "0, " "0, " "0, " "0, " "0, " "0, " "0, " "0, " "0, " "0, " "0, " "0, " "0, " "0, " "0, " "0, " "0, " "0, " "1, " "0, " "0, " "0, " "0, " "0, "0
 "Nei137, 0.112, " "0.911, " "0.785, " "0, " "0, " "0, " "0, " "0, " "0, " "0, " "0, " "0, " "0, " "0, " "0, " "0, " "0, " "0, " "0, " "0, " "0, " "0, " "0, " "0, " "0, " "0, " "0, " "0, " "0, " "0, " "0, " "0, " "0, " "0, " "0, " "0, " "0, " "0, " "0, " "0, " "0, " "0, " "0, " "0, " "0, " "0, " "0, " "0, " "0, " "0, " "0, " "0, " "0, " "0, " "0, " "0, " "0, " "0, " "0, " "0, " "0, " "0, " "0, " "0, " "0, " "0, " "0, " "0, " "0, " "0, " "0, " "0, " "0, " "0, " "0, " "0, " "0, " "0, " "0, " "0, " "0, " "0, " "0, " "0, " "0, " "0, " "0, " "0, " "0, " "0, " "0, " "0, " "0, " "0, " "0, " "0, " "0, " "0, " "0, " "0, " "0, " "0, " "0, " "0, " "0, " "0, " "0, " "0, " "0, " "0, " "0, " "0, " "0, " "0, " "1, " "0, " "0, " "0, " "0, " "0, " "0, " "0, " "0, " "0, " "1, " "1, " "1, " "1, " "1, " "1, " "1, " "1, " "1, " "1, " "1, " "1, " "1, " "1, " "1, " "1, " "0, " "1, " "1, " "1, " "1, " "1, " "1, " "1, " "1, " "1, " "1, " "1, " "1, " "1, " "1, " "0, " "1, " "0, " "0, " "0, " "0, " "0, " "0, " "0, " "0, " "0, " "0, " "0, " "0, " "0, " "0, " "0, " "0, " "0, " "0, " "0, " "0, " "0, " "0, " "0, " "0, " "0, " "0, " "0, " "0, " "0, " "0, " "0, " "0, " "0, " "0, " "0, " "0, " "0, " "0, " "0, " "0, " "1, " "0, " "0, " "0, " "0, " "0, " "0, " "1, " "0, " "0, " "0, " "0, " "0, " "0, " "0, " "0, " "0, " "0, " "0, " "0, " "0, " "0, " "0, " "0, " "0, " "0, " "0, " "0, " "0, " "0, " "0, " "0, " "0, " "0, " "0, " "0, " "0, " "0, " "0, " "0, " "0, " "0, " "0, " "0, " "0, " "0, " "0, " "0, " "0, " "0, " "0, " "0, " "0, " "0, " "0, " "0, " "0, " "0, " "0, " "0, " "0, " "0, " "0, "0
 "Nei138, 0.155, " "0.24, " "-0.526, " "0, " "0, " "0, " "0, " "0, " "0, " "0, " "0, " "0, " "0, " "0, " "0, " "0, " "0, " "0, " "0, " "0, " "0, " "0, " "0, " "0, " "0, " "0, " "0, " "0, " "0, " "0, " "0, " "0, " "0, " "0, " "0, " "0, " "0, " "0, " "0, " "0, " "0, " "0, " "0, " "0, " "0, " "0, " "0, " "0, " "0, " "0, " "0, " "0, " "0, " "0, " "0, " "0, " "0, " "0, " "0, " "0, " "0, " "0, " "0, " "0, " "0, " "0, " "0, " "0, " "0, " "0, " "0, " "0, " "0, " "0, " "0, " "0, " "0, " "0, " "0, " "0, " "0, " "0, " "0, " "0, " "0, " "0, " "0, " "0, " "0, " "0, " "0, " "0, " "0, " "0, " "0, " "0, " "0, " "0, " "0, " "0, " "0, " "0, " "0, " "0, " "0, " "0, " "0, " "0, " "0, " "0, " "0, " "0, " "0, " "0, " "0, " "0, " "0, " "0, " "0, " "0, " "0, " "0, " "0, " "0, " "0, " "1, " "1, " "1, " "1, " "1, " "1, " "1, " "1, " "1, " "1, " "1, " "1, " "1, " "1, " "1, " "1, " "0, " "1, " "1, " "1, " "1, " "1, " "1, " "1, " "1, " "1, " "1, " "1, " "1, " "1, " "1, " "1, " "1, " "0, " "0, " "0, " "0, " "0, " "0, " "0, " "0, " "0, " "0, " "0, " "0, " "0, " "0, " "0, " "0, " "0, " "0, " "0, " "0, " "0, " "0, " "0, " "0, " "0, " "0, " "0, " "0, " "0, " "0, " "0, " "0, " "0, " "0, " "0, " "0, " "0, " "0, " "0, " "0, " "0, " "0, " "0, " "0, " "0, " "0, " "0, " "0, " "0, " "0, " "0, " "0, " "0, " "0, " "0, " "0, " "0, " "0, " "0, " "0, " "0, " "0, " "0, " "0, " "0, " "0, " "0, " "0, " "0, " "0, " "0, " "0, " "0, " "0, " "0, " "0, " "0, " "0, " "0, " "0, " "0, " "0, " "0, " "0, " "0, " "0, " "0, " "0, " "0, " "0, " "0, " "0, " "0, " "0, " "0, " "0, " "0, " "0, " "0, " "0, " "0, " "0, "0
 "Nei139, 0.049, " "0.855, " "0.342, " "0, " "0, " "0, " "0, " "0, " "0, " "0, " "0, " "0, " "0, " "0, " "0, " "0, " "0, " "0, " "0, " "0, " "0, " "0, " "0, " "0, " "0, " "0, " "0, " "0, " "0, " "0, " "0, " "0, " "0, " "0, " "0, " "0, " "0, " "0, " "0, " "0, " "0, " "0, " "0, " "0, " "0, " "0, " "0, " "0, " "0, " "0, " "0, " "0, " "0, " "0, " "0, " "0, " "0, " "0, " "0, " "0, " "0, " "0, " "0, " "0, " "0, " "0, " "0, " "0, " "0, " "0, " "0, " "0, " "0, " "0, " "0, " "0, " "0, " "0, " "0, " "0, " "0, " "0, " "0, " "0, " "0, " "0, " "0, " "0, " "0, " "0, " "0, " "0, " "0, " "0, " "0, " "0, " "0, " "0, " "0, " "0, " "0, " "0, " "0, " "0, " "0, " "0, " "0, " "0, " "0, " "0, " "0, " "0, " "0, " "0, " "0, " "0, " "0, " "0, " "0, " "0, " "0, " "0, " "0, " "0, " "0, " "0, " "1, " "1, " "1, " "1, " "1, " "1, " "0, " "1, " "1, " "1, " "1, " "1, " "1, " "1, " "1, " "1, " "0, " "1, " "1, " "1, " "1, " "1, " "0, " "1, " "1, " "1, " "1, " "1, " "1, " "1, " "1, " "1, " "1, " "0, " "0, " "0, " "0, " "0, " "0, " "0, " "0, " "0, " "0, " "0, " "0, " "0, " "0, " "0, " "0, " "0, " "0, " "0, " "0, " "0, " "0, " "0, " "0, " "0, " "0, " "1, " "0, " "0, " "0, " "0, " "0, " "0, " "0, " "0, " "0, " "0, " "0, " "0, " "0, " "0, " "0, " "0, " "0, " "0, " "0, " "0, " "0, " "0, " "0, " "0, " "0, " "0, " "0, " "0, " "0, " "0, " "0, " "0, " "0, " "0, " "0, " "0, " "0, " "0, " "0, " "0, " "0, " "0, " "0, " "0, " "0, " "0, " "0, " "0, " "0, " "0, " "0, " "0, " "0, " "0, " "0, " "0, " "0, " "0, " "0, " "0, " "0, " "0, " "0, " "0, " "0, " "0, " "0, " "0, " "0, " "0, " "0, " "0, " "0, " "0, "0
 "Nei140, 0.163, " "0.905, " "0.103, " "0, " "0, " "0, " "0, " "0, " "0, " "0, " "0, " "0, " "0, " "0, " "0, " "0, " "0, " "0, " "0, " "0, " "0, " "0, " "0, " "0, " "0, " "0, " "0, " "0, " "0, " "0, " "0, " "0, " "0, " "0, " "0, " "0, " "0, " "0, " "0, " "0, " "0, " "0, " "0, " "0, " "0, " "0, " "0, " "0, " "0, " "0, " "0, " "0, " "0, " "0, " "0, " "0, " "0, " "0, " "0, " "0, " "0, " "0, " "0, " "0, " "0, " "0, " "0, " "0, " "0, " "0, " "0, " "0, " "0, " "0, " "0, " "0, " "0, " "0, " "0, " "0, " "0, " "0, " "0, " "0, " "0, " "0, " "0, " "0, " "0, " "0, " "0, " "0, " "0, " "0, " "0, " "0, " "0, " "0, " "0, " "0, " "0, " "0, " "0, " "0, " "0, " "0, " "0, " "0, " "0, " "0, " "0, " "0, " "0, " "0, " "0, " "0, " "0, " "0, " "0, " "0, " "1, " "0, " "0, " "0, " "0, " "0, " "0, " "1, " "1, " "1, " "1, " "1, " "1, " "1, " "1, " "1, " "1, " "1, " "1, " "1, " "1, " "1, " "1, " "0, " "1, " "1, " "1, " "1, " "1, " "1, " "1, " "1, " "1, " "1, " "1, " "1, " "1, " "1, " "1, " "0, " "0, " "0, " "0, " "0, " "0, " "0, " "1, " "0, " "0, " "0, " "0, " "0, " "0, " "0, " "0, " "0, " "0, " "0, " "0, " "0, " "0, " "0, " "0, " "0, " "0, " "0, " "0, " "0, " "0, " "0, " "0, " "0, " "0, " "0, " "0, " "0, " "0, " "0, " "0, " "0, " "0, " "0, " "0, " "0, " "0, " "0, " "0, " "0, " "0, " "0, " "0, " "0, " "0, " "0, " "0, " "0, " "0, " "0, " "0, " "0, " "0, " "0, " "0, " "0, " "0, " "0, " "0, " "0, " "0, " "0, " "0, " "0, " "0, " "0, " "0, " "0, " "0, " "0, " "0, " "0, " "0, " "0, " "0, " "0, " "0, " "0, " "0, " "0, " "0, " "0, " "0, " "0, " "0, " "0, " "0, " "0, " "0, " "0, " "0, " "0, "0
 "Nei141, 0.002, " "-0.526, " "0.287, " "0, " "0, " "0, " "0, " "0, " "0, " "0, " "0, " "0, " "0, " "0, " "0, " "0, " "0, " "0, " "0, " "0, " "0, " "0, " "0, " "0, " "0, " "0, " "0, " "0, " "0, " "0, " "0, " "0, " "0, " "0, " "0, " "0, " "0, " "0, " "0, " "0, " "0, " "0, " "0, " "0, " "0, " "0, " "0, " "0, " "0, " "0, " "0, " "0, " "0, " "0, " "0, " "0, " "0, " "0, " "0, " "0, " "0, " "0, " "0, " "0, " "0, " "0, " "0, " "0, " "0, " "0, " "0, " "0, " "0, " "0, " "0, " "0, " "0, " "0, " "0, " "0, " "0, " "0, " "0, " "0, " "0, " "0, " "0, " "0, " "0, " "0, " "0, " "0, " "0, " "0, " "0, " "0, " "0, " "0, " "0, " "0, " "0, " "0, " "0, " "0, " "0, " "0, " "0, " "0, " "0, " "0, " "0, " "0, " "0, " "0, " "0, " "0, " "0, " "0, " "0, " "0, " "0, " "0, " "0, " "0, " "0, " "0, " "0, " "0, " "1, " "1, " "1, " "1, " "1, " "1, " "1, " "1, " "1, " "1, " "1, " "1, " "1, " "1, " "1, " "1, " "0, " "1, " "1, " "1, " "1, " "1, " "1, " "1, " "1, " "0, " "1, " "1, " "1, " "1, " "1, " "1, " "1, " "0, " "0, " "0, " "0, " "0, " "0, " "0, " "0, " "0, " "0, " "0, " "0, " "0, " "0, " "0, " "0, " "0, " "0, " "0, " "0, " "0, " "0, " "0, " "0, " "0, " "0, " "0, " "0, " "0, " "0, " "0, " "0, " "0, " "0, " "0, " "0, " "0, " "0, " "0, " "0, " "0, " "0, " "0, " "0, " "0, " "0, " "1, " "0, " "0, " "0, " "0, " "0, " "0, " "0, " "0, " "0, " "0, " "0, " "0, " "0, " "0, " "0, " "0, " "0, " "0, " "0, " "0, " "0, " "0, " "0, " "0, " "0, " "0, " "0, " "0, " "0, " "0, " "0, " "0, " "0, " "0, " "0, " "0, " "0, " "0, " "0, " "0, " "0, " "0, " "0, " "0, " "0, " "0, " "0, " "0, " "0, " "0, " "0, " "0, "0
 "Nei142, 0.069, " "0.63, " "-0.689, " "0, " "0, " "0, " "0, " "0, " "0, " "0, " "0, " "0, " "0, " "0, " "0, " "0, " "0, " "0, " "0, " "0, " "0, " "0, " "0, " "0, " "0, " "0, " "0, " "0, " "0, " "0, " "0, " "0, " "0, " "0, " "0, " "0, " "0, " "0, " "1, " "0, " "0, " "0, " "0, " "0, " "0, " "0, " "0, " "0, " "0, " "0, " "0, " "0, " "0, " "0, " "0, " "0, " "0, " "0, " "0, " "0, " "0, " "0, " "0, " "0, " "0, " "0, " "0, " "0, " "0, " "0, " "0, " "0, " "0, " "0, " "0, " "0, " "0, " "0, " "0, " "0, " "1, " "0, " "0, " "0, " "0, " "0, " "0, " "0, " "0, " "0, " "0, " "0, " "0, " "0, " "0, " "0, " "0, " "0, " "0, " "0, " "0, " "0, " "0, " "0, " "0, " "0, " "0, " "0, " "0, " "0, " "0, " "0, " "0, " "0, " "0, " "0, " "0, " "0, " "0, " "0, " "0, " "0, " "0, " "0, " "0, " "0, " "0, " "0, " "0, " "1, " "1, " "1, " "1, " "0, " "1, " "1, " "1, " "1, " "1, " "1, " "1, " "1, " "1, " "1, " "1, " "0, " "1, " "1, " "1, " "1, " "1, " "1, " "1, " "0, " "1, " "1, " "1, " "1, " "1, " "1, " "1, " "1, " "0, " "0, " "0, " "0, " "0, " "0, " "0, " "0, " "0, " "0, " "0, " "0, " "0, " "0, " "0, " "0, " "0, " "0, " "0, " "0, " "0, " "0, " "0, " "0, " "0, " "0, " "0, " "0, " "0, " "0, " "0, " "0, " "0, " "0, " "0, " "0, " "0, " "0, " "0, " "0, " "0, " "0, " "0, " "0, " "0, " "0, " "0, " "0, " "0, " "0, " "0, " "0, " "0, " "0, " "0, " "0, " "0, " "0, " "0, " "0, " "0, " "0, " "0, " "0, " "0, " "0, " "0, " "0, " "0, " "0, " "0, " "0, " "0, " "0, " "0, " "0, " "0, " "0, " "0, " "0, " "0, " "0, " "0, " "0, " "0, " "0, " "0, " "0, " "0, " "0, " "0, " "0, " "0, " "0, " "0, " "0, " "0, " "0, "0
 "Nei143, 0.012, " "-0.678, " "-0.046, " "0, " "0, " "0, " "0, " "0, " "0, " "0, " "0, " "0, " "0, " "0, " "0, " "0, " "0, " "0, " "0, " "0, " "0, " "0, " "0, " "0, " "0, " "0, " "0, " "0, " "0, " "0, " "0, " "0, " "0, " "0, " "0, " "0, " "0, " "0, " "0, " "0, " "0, " "0, " "0, " "0, " "0, " "0, " "0, " "1, " "0, " "0, " "1, " "0, " "0, " "0, " "0, " "0, " "0, " "0, " "0, " "0, " "0, " "0, " "0, " "0, " "0, " "1, " "0, " "0, " "0, " "0, " "0, " "0, " "0, " "0, " "0, " "0, " "0, " "0, " "0, " "0, " "0, " "0, " "0, " "0, " "0, " "0, " "0, " "0, " "0, " "0, " "0, " "0, " "0, " "0, " "0, " "0, " "0, " "0, " "0, " "0, " "0, " "0, " "0, " "0, " "0, " "0, " "0, " "0, " "0, " "0, " "0, " "0, " "0, " "0, " "0, " "0, " "0, " "0, " "0, " "0, " "0, " "0, " "0, " "0, " "0, " "0, " "0, " "0, " "0, " "0, " "1, " "1, " "1, " "1, " "1, " "1, " "1, " "1, " "1, " "0, " "1, " "1, " "1, " "1, " "1, " "1, " "0, " "1, " "1, " "0, " "1, " "1, " "1, " "1, " "1, " "1, " "0, " "1, " "1, " "1, " "1, " "1, " "0, " "0, " "0, " "0, " "0, " "0, " "0, " "0, " "0, " "0, " "0, " "0, " "0, " "0, " "0, " "0, " "0, " "0, " "0, " "0, " "0, " "0, " "0, " "0, " "0, " "0, " "0, " "0, " "0, " "0, " "0, " "0, " "0, " "0, " "0, " "0, " "1, " "0, " "0, " "0, " "0, " "0, " "0, " "0, " "0, " "0, " "0, " "0, " "0, " "0, " "0, " "0, " "0, " "0, " "0, " "0, " "0, " "0, " "0, " "0, " "0, " "0, " "0, " "0, " "0, " "0, " "0, " "0, " "0, " "0, " "0, " "0, " "0, " "0, " "0, " "0, " "0, " "0, " "0, " "0, " "0, " "0, " "0, " "0, " "0, " "0, " "0, " "0, " "0, " "0, " "0, " "0, " "0, " "0, " "0, " "0, " "0, " "0, "0
 "Nei144, 0.123, " "0.716, " "-0.438, " "0, " "0, " "0, " "0, " "0, " "0, " "0, " "0, " "0, " "0, " "1, " "0, " "0, " "0, " "0, " "0, " "0, " "0, " "0, " "0, " "0, " "0, " "0, " "0, " "0, " "0, " "0, " "0, " "0, " "0, " "0, " "0, " "0, " "0, " "0, " "0, " "0, " "0, " "0, " "0, " "0, " "0, " "0, " "0, " "0, " "0, " "0, " "0, " "0, " "0, " "0, " "0, " "0, " "0, " "0, " "0, " "0, " "0, " "0, " "0, " "0, " "0, " "0, " "0, " "0, " "0, " "0, " "0, " "0, " "0, " "0, " "0, " "0, " "0, " "0, " "0, " "0, " "0, " "0, " "0, " "0, " "0, " "0, " "0, " "0, " "0, " "0, " "0, " "0, " "0, " "0, " "0, " "0, " "0, " "0, " "0, " "0, " "0, " "0, " "0, " "0, " "0, " "0, " "0, " "0, " "0, " "0, " "0, " "0, " "0, " "0, " "0, " "0, " "0, " "0, " "0, " "0, " "0, " "0, " "1, " "0, " "0, " "0, " "0, " "0, " "0, " "0, " "0, " "1, " "1, " "1, " "1, " "1, " "1, " "1, " "1, " "1, " "1, " "1, " "1, " "1, " "1, " "1, " "1, " "0, " "1, " "0, " "1, " "1, " "1, " "1, " "1, " "1, " "1, " "1, " "1, " "1, " "0, " "1, " "1, " "1, " "0, " "0, " "0, " "0, " "0, " "0, " "0, " "0, " "0, " "0, " "0, " "0, " "0, " "0, " "0, " "0, " "0, " "0, " "0, " "0, " "0, " "0, " "0, " "0, " "0, " "0, " "0, " "0, " "0, " "0, " "0, " "0, " "0, " "0, " "0, " "0, " "0, " "0, " "0, " "0, " "0, " "0, " "0, " "0, " "0, " "0, " "0, " "0, " "0, " "0, " "0, " "0, " "0, " "0, " "0, " "0, " "0, " "0, " "0, " "0, " "0, " "0, " "0, " "0, " "0, " "0, " "0, " "0, " "0, " "0, " "0, " "0, " "0, " "0, " "0, " "0, " "0, " "0, " "0, " "0, " "0, " "0, " "0, " "0, " "0, " "0, " "0, " "0, " "0, " "0, " "0, " "0, " "0, " "0, " "0, " "0, "0
 "Nei145, 0.109, " "0.32, " "0.032, " "0, " "0, " "0, " "0, " "0, " "0, " "0, " "0, " "0, " "0, " "0, " "0, " "0, " "0, " "0, " "0, " "0, " "0, " "0, " "0, " "0, " "0, " "0, " "0, " "0, " "0, " "1, " "0, " "0, " "0, " "0, " "0, " "0, " "0, " "0, " "0, " "0, " "0, " "0, " "0, " "0, " "0, " "0, " "0, " "0, " "0, " "0, " "0, " "0, " "0, " "0, " "0, " "0, " "0, " "0, " "0, " "0, " "0, " "0, " "0, " "0, " "0, " "0, " "0, " "0, " "0, " "0, " "0, " "0, " "0, " "0, " "0, " "0, " "0, " "0, " "0, " "0, " "0, " "0, " "0, " "0, " "0, " "0, " "0, " "0, " "0, " "0, " "0, " "0, " "0, " "0, " "0, " "0, " "0, " "0, " "1, " "0, " "0, " "0, " "0, " "0, " "0, " "0, " "0, " "0, " "0, " "0, " "0, " "0, " "0, " "0, " "0, " "0, " "0, " "0, " "0, " "1, " "0, " "0, " "0, " "0, " "0, " "0, " "0, " "0, " "0, " "0, " "0, " "0, " "1, " "1, " "1, " "0, " "1, " "1, " "1, " "1, " "1, " "1, " "0, " "1, " "1, " "1, " "1, " "1, " "0, " "1, " "1, " "1, " "1, " "1, " "1, " "1, " "0, " "1, " "1, " "1, " "1, " "1, " "1, " "1, " "1, " "0, " "0, " "0, " "0, " "0, " "0, " "0, " "0, " "0, " "0, " "0, " "0, " "0, " "0, " "0, " "0, " "0, " "0, " "0, " "0, " "0, " "0, " "0, " "0, " "0, " "0, " "0, " "0, " "0, " "0, " "0, " "0, " "0, " "0, " "0, " "0, " "0, " "0, " "0, " "0, " "0, " "0, " "0, " "0, " "0, " "0, " "0, " "0, " "0, " "0, " "0, " "0, " "0, " "0, " "0, " "0, " "0, " "0, " "0, " "0, " "0, " "0, " "0, " "0, " "0, " "0, " "0, " "0, " "0, " "0, " "0, " "0, " "0, " "0, " "0, " "0, " "0, " "0, " "0, " "0, " "0, " "0, " "0, " "0, " "0, " "0, " "0, " "0, " "0, " "0, " "0, " "0, " "0, " "0, " "0, "0
 "Nei146, 0.154, " "-0.604, " "-0.145, " "0, " "0, " "0, " "0, " "0, " "0, " "0, " "0, " "0, " "0, " "0, " "0, " "0, " "0, " "0, " "0, " "0, " "0, " "0, " "0, " "0, " "0, " "0, " "0, " "0, " "0, " "0, " "0, " "0, " "0, " "0, " "0, " "0, " "0, " "0, " "0, " "0, " "0, " "0, " "0, " "0, " "0, " "0, " "0, " "0, " "0, " "0, " "0, " "0, " "0, " "0, " "0, " "0, " "0, " "0, " "0, " "0, " "0, " "0, " "0, " "0, " "0, " "0, " "0, " "0, " "0, " "0, " "0, " "0, " "0, " "0, " "0, " "0, " "0, " "0, " "0, " "0, " "0, " "0, " "0, " "0, " "0, " "0, " "0, " "0, " "0, " "0, " "0, " "0, " "0, " "0, " "0, " "0, " "0, " "0, " "0, " "0, " "0, " "0, " "0, " "0, " "0, " "0, " "0, " "1, " "0, " "0, " "0, " "0, " "0, " "0, " "0, " "0, " "0, " "0, " "0, " "0, " "0, " "0, " "0, " "0, " "0, " "0, " "0, " "0, " "0, " "0, " "0, " "0, " "0, " "1, " "1, " "1, " "1, " "1, " "1, " "1, " "1, " "1, " "1, " "1, " "1, " "1, " "0, " "0, " "1, " "0, " "1, " "1, " "1, " "1, " "0, " "1, " "1, " "1, " "1, " "1, " "1, " "1, " "1, " "1, " "0, " "1, " "0, " "0, " "0, " "0, " "0, " "0, " "0, " "0, " "0, " "0, " "0, " "0, " "0, " "0, " "0, " "0, " "0, " "0, " "0, " "0, " "0, " "0, " "0, " "0, " "0, " "0, " "0, " "0, " "0, " "0, " "0, " "0, " "0, " "1, " "0, " "0, " "0, " "0, " "0, " "0, " "0, " "0, " "0, " "0, " "0, " "0, " "0, " "0, " "0, " "0, " "0, " "0, " "0, " "0, " "0, " "0, " "0, " "0, " "0, " "0, " "0, " "0, " "0, " "0, " "0, " "0, " "0, " "0, " "0, " "0, " "0, " "0, " "0, " "0, " "0, " "0, " "0, " "0, " "0, " "0, " "0, " "0, " "1, " "0, " "0, " "0, " "0, " "0, " "0, " "0, " "0, " "0, " "0, " "0, "0
 "Nei147, 0.086, " "-0.793, " "0.517, " "0, " "0, " "0, " "0, " "0, " "0, " "0, " "0, " "0, " "0, " "0, " "0, " "0, " "0, " "0, " "0, " "0, " "0, " "0, " "0, " "0, " "0, " "0, " "0, " "0, " "0, " "0, " "0, " "0, " "0, " "0, " "0, " "0, " "0, " "0, " "0, " "0, " "0, " "0, " "0, " "0, " "0, " "0, " "0, " "0, " "0, " "0, " "0, " "0, " "0, " "0, " "0, " "0, " "0, " "0, " "0, " "0, " "0, " "0, " "0, " "0, " "0, " "0, " "0, " "0, " "0, " "0, " "0, " "0, " "0, " "0, " "0, " "0, " "0, " "0, " "0, " "0, " "0, " "0, " "0, " "0, " "0, " "0, " "0, " "0, " "0, " "0, " "0, " "0, " "0, " "0, " "0, " "0, " "0, " "0, " "0, " "0, " "0, " "0, " "0, " "0, " "0, " "0, " "0, " "0, " "0, " "0, " "0, " "0, " "0, " "0, " "0, " "0, " "0, " "0, " "0, " "0, " "0, " "0, " "0, " "0, " "0, " "0, " "0, " "0, " "0, " "0, " "0, " "0, " "0, " "0, " "1, " "1, " "1, " "1, " "1, " "1, " "1, " "1, " "1, " "1, " "1, " "1, " "1, " "1, " "1, " "1, " "0, " "1, " "1, " "1, " "1, " "1, " "1, " "1, " "1, " "1, " "1, " "1, " "1, " "1, " "1, " "1, " "1, " "0, " "0, " "0, " "0, " "0, " "0, " "0, " "0, " "0, " "0, " "0, " "0, " "0, " "0, " "0, " "0, " "0, " "0, " "0, " "0, " "0, " "0, " "0, " "0, " "0, " "0, " "0, " "0, " "0, " "0, " "0, " "0, " "0, " "0, " "0, " "0, " "0, " "0, " "0, " "0, " "0, " "0, " "0, " "0, " "0, " "0, " "0, " "0, " "0, " "0, " "0, " "0, " "0, " "0, " "0, " "0, " "0, " "0, " "0, " "0, " "0, " "0, " "0, " "0, " "0, " "0, " "0, " "0, " "0, " "0, " "0, " "0, " "0, " "0, " "0, " "0, " "0, " "0, " "0, " "0, " "0, " "0, " "0, " "0, " "0, " "0, " "0, " "0, " "0, " "0, " "0, " "0, " "0, "0
 "Nei148, 0.031, " "-0.267, " "-0.347, " "0, " "0, " "0, " "0, " "0, " "0, " "0, " "0, " "0, " "0, " "0, " "0, " "0, " "0, " "0, " "0, " "0, " "0, " "0, " "0, " "0, " "0, " "0, " "0, " "0, " "0, " "0, " "0, " "0, " "0, " "0, " "0, " "0, " "0, " "0, " "0, " "0, " "0, " "0, " "0, " "0, " "0, " "0, " "0, " "0, " "0, " "0, " "0, " "0, " "0, " "0, " "0, " "0, " "0, " "0, " "0, " "0, " "0, " "0, " "0, " "0, " "0, " "0, " "0, " "0, " "0, " "0, " "0, " "0, " "0, " "0, " "0, " "0, " "0, " "0, " "0, " "0, " "0, " "0, " "0, " "0, " "0, " "0, " "0, " "0, " "0, " "0, " "0, " "0, " "0, " "0, " "0, " "0, " "0, " "0, " "1, " "0, " "0, " "0, " "0, " "0, " "0, " "0, " "1, " "0, " "0, " "0, " "0, " "0, " "0, " "0, " "0, " "0, " "0, " "0, " "0, " "0, " "0, " "0, " "0, " "0, " "0, " "0, " "0, " "0, " "0, " "0, " "0, " "0, " "0, " "0, " "0, " "1, " "1, " "1, " "1, " "1, " "1, " "1, " "1, " "1, " "1, " "1, " "1, " "1, " "1, " "1, " "1, " "0, " "1, " "1, " "0, " "1, " "1, " "1, " "1, " "1, " "1, " "1, " "1, " "1, " "1, " "1, " "1, " "1, " "0, " "0, " "0, " "0, " "0, " "0, " "0, " "0, " "0, " "0, " "0, " "0, " "0, " "0, " "0, " "0, " "0, " "0, " "0, " "0, " "1, " "0, " "0, " "0, " "0, " "0, " "0, " "0, " "0, " "0, " "0, " "0, " "0, " "0, " "0, " "0, " "0, " "0, " "0, " "0, " "0, " "0, " "0, " "0, " "0, " "0, " "0, " "0, " "0, " "0, " "0, " "0, " "0, " "0, " "0, " "0, " "0, " "0, " "0, " "0, " "0, " "0, " "0, " "0, " "0, " "0, " "0, " "0, " "0, " "0, " "0, " "0, " "0, " "0, " "0, " "0, " "0, " "0, " "0, " "0, " "0, " "0, " "0, " "0, " "0, " "0, " "0, " "0, " "0, " "0, " "0, " "0, "0
 "Nei149, 0.087, " "-0.423, " "-0.108, " "0, " "0, " "0, " "0, " "0, " "0, " "0, " "0, " "0, " "0, " "0, " "0, " "0, " "0, " "0, " "0, " "0, " "0, " "0, " "0, " "0, " "0, " "0, " "0, " "0, " "0, " "0, " "0, " "0, " "0, " "0, " "0, " "0, " "0, " "0, " "0, " "0, " "0, " "0, " "0, " "0, " "0, " "0, " "0, " "0, " "0, " "0, " "0, " "0, " "0, " "0, " "0, " "0, " "0, " "0, " "0, " "0, " "0, " "0, " "0, " "0, " "0, " "0, " "0, " "0, " "0, " "0, " "0, " "0, " "0, " "0, " "0, " "0, " "0, " "0, " "0, " "0, " "0, " "0, " "0, " "0, " "0, " "0, " "0, " "0, " "0, " "0, " "0, " "1, " "0, " "0, " "0, " "0, " "0, " "0, " "0, " "0, " "0, " "0, " "0, " "0, " "0, " "0, " "0, " "0, " "0, " "0, " "0, " "0, " "0, " "0, " "0, " "0, " "0, " "0, " "0, " "0, " "0, " "0, " "0, " "0, " "0, " "0, " "0, " "0, " "0, " "0, " "0, " "0, " "0, " "0, " "0, " "0, " "1, " "1, " "1, " "1, " "1, " "1, " "1, " "1, " "1, " "1, " "1, " "1, " "1, " "1, " "1, " "1, " "0, " "1, " "1, " "1, " "1, " "1, " "1, " "1, " "1, " "1, " "1, " "1, " "1, " "1, " "1, " "1, " "1, " "0, " "0, " "0, " "0, " "0, " "0, " "0, " "0, " "0, " "0, " "0, " "0, " "0, " "0, " "0, " "0, " "0, " "0, " "0, " "0, " "0, " "0, " "0, " "0, " "0, " "0, " "0, " "0, " "0, " "0, " "0, " "0, " "0, " "0, " "0, " "0, " "0, " "0, " "0, " "0, " "0, " "0, " "0, " "0, " "0, " "0, " "0, " "0, " "0, " "0, " "0, " "0, " "0, " "0, " "0, " "0, " "0, " "0, " "0, " "0, " "0, " "0, " "0, " "0, " "0, " "0, " "0, " "0, " "0, " "0, " "0, " "0, " "0, " "0, " "0, " "0, " "0, " "0, " "0, " "0, " "0, " "0, " "0, " "0, " "0, " "0, " "0, " "0, " "0, " "0, " "0, "0
 "Nei150, 0.099, " "0.474, " "0.207, " "0, " "0, " "1, " "0, " "0, " "0, " "0, " "0, " "0, " "0, " "0, " "0, " "0, " "0, " "0, " "0, " "0, " "0, " "0, " "0, " "0, " "0, " "0, " "0, " "0, " "0, " "0, " "0, " "0, " "0, " "0, " "0, " "0, " "0, " "0, " "0, " "0, " "0, " "0, " "0, " "0, " "0, " "0, " "0, " "0, " "0, " "0, " "0, " "0, " "0, " "0, " "0, " "0, " "0, " "0, " "0, " "0, " "0, " "0, " "0, " "0, " "0, " "0, " "0, " "0, " "0, " "0, " "0, " "0, " "0, " "0, " "0, " "0, " "0, " "0, " "0, " "0, " "0, " "0, " "0, " "0, " "0, " "0, " "0, " "0, " "0, " "0, " "0, " "0, " "0, " "0, " "0, " "0, " "0, " "0, " "0, " "0, " "0, " "0, " "0, " "0, " "0, " "0, " "0, " "0, " "0, " "0, " "0, " "0, " "0, " "0, " "0, " "0, " "0, " "0, " "0, " "0, " "0, " "0, " "0, " "0, " "0, " "0, " "0, " "0, " "0, " "0, " "0, " "0, " "0, " "0, " "0, " "0, " "0, " "1, " "1, " "1, " "1, " "1, " "1, " "1, " "0, " "0, " "1, " "1, " "1, " "1, " "1, " "1, " "1, " "0, " "1, " "1, " "1, " "1, " "1, " "1, " "1, " "1, " "1, " "0, " "1, " "1, " "1, " "1, " "1, " "1, " "0, " "0, " "0, " "0, " "0, " "0, " "0, " "0, " "0, " "0, " "0, " "0, " "0, " "0, " "0, " "0, " "0, " "0, " "0, " "0, " "0, " "0, " "0, " "0, " "0, " "0, " "0, " "0, " "0, " "0, " "0, " "0, " "0, " "0, " "0, " "0, " "0, " "0, " "0, " "0, " "0, " "0, " "0, " "0, " "0, " "0, " "0, " "0, " "0, " "0, " "0, " "0, " "0, " "0, " "0, " "0, " "0, " "0, " "0, " "0, " "0, " "0, " "0, " "0, " "0, " "0, " "0, " "0, " "0, " "0, " "0, " "0, " "0, " "0, " "0, " "0, " "0, " "0, " "0, " "0, " "0, " "0, " "0, " "0, " "0, " "0, " "0, " "0, " "0, " "0, "0
 "Nei151, 0.072, " "-0.784, " "0.245, " "0, " "0, " "0, " "0, " "0, " "0, " "0, " "0, " "0, " "0, " "0, " "0, " "0, " "0, " "0, " "0, " "0, " "0, " "0, " "0, " "0, " "0, " "0, " "0, " "0, " "0, " "0, " "0, " "0, " "0, " "0, " "0, " "0, " "0, " "0, " "0, " "0, " "0, " "0, " "0, " "0, " "0, " "0, " "0, " "0, " "0, " "0, " "0, " "0, " "0, " "0, " "0, " "0, " "0, " "0, " "0, " "0, " "0, " "0, " "0, " "0, " "0, " "0, " "0, " "0, " "0, " "0, " "0, " "0, " "0, " "0, " "0, " "0, " "0, " "0, " "0, " "0, " "0, " "0, " "0, " "0, " "0, " "0, " "0, " "0, " "0, " "0, " "0, " "0, " "0, " "0, " "0, " "0, " "0, " "0, " "0, " "0, " "0, " "0, " "0, " "0, " "0, " "0, " "0, " "0, " "0, " "0, " "0, " "0, " "0, " "0, " "0, " "0, " "0, " "0, " "0, " "0, " "0, " "0, " "0, " "0, " "0, " "0, " "0, " "0, " "0, " "0, " "0, " "0, " "0, " "0, " "0, " "0, " "0, " "0, " "1, " "1, " "1, " "1, " "1, " "1, " "1, " "1, " "1, " "1, " "1, " "0, " "1, " "0, " "1, " "1, " "0, " "1, " "1, " "1, " "1, " "1, " "1, " "1, " "1, " "1, " "1, " "1, " "1, " "1, " "1, " "1, " "1, " "0, " "0, " "0, " "0, " "0, " "0, " "0, " "0, " "0, " "0, " "0, " "0, " "0, " "0, " "0, " "0, " "0, " "0, " "0, " "0, " "0, " "0, " "0, " "0, " "0, " "0, " "0, " "0, " "0, " "0, " "0, " "0, " "0, " "0, " "0, " "0, " "0, " "0, " "0, " "0, " "0, " "0, " "0, " "0, " "0, " "0, " "0, " "0, " "0, " "0, " "0, " "0, " "0, " "0, " "0, " "0, " "0, " "0, " "0, " "0, " "0, " "0, " "0, " "0, " "0, " "0, " "0, " "0, " "0, " "0, " "0, " "0, " "0, " "0, " "0, " "0, " "0, " "0, " "0, " "0, " "0, " "0, " "0, " "0, " "0, " "0, " "0, " "0, " "0, "0
 "Nei152, 0.195, " "-0.53, " "-0.199, " "0, " "0, " "0, " "0, " "0, " "0, " "0, " "0, " "0, " "0, " "0, " "0, " "0, " "0, " "0, " "0, " "0, " "0, " "0, " "0, " "0, " "0, " "0, " "0, " "0, " "0, " "0, " "0, " "0, " "0, " "0, " "0, " "0, " "0, " "0, " "0, " "0, " "0, " "0, " "0, " "1, " "0, " "0, " "0, " "0, " "0, " "0, " "0, " "0, " "0, " "0, " "0, " "0, " "0, " "0, " "0, " "0, " "0, " "0, " "0, " "0, " "0, " "0, " "0, " "0, " "0, " "0, " "0, " "0, " "0, " "0, " "0, " "0, " "0, " "0, " "0, " "0, " "0, " "0, " "0, " "0, " "0, " "0, " "0, " "0, " "0, " "0, " "0, " "0, " "0, " "0, " "0, " "0, " "0, " "0, " "0, " "0, " "0, " "0, " "0, " "0, " "0, " "0, " "0, " "0, " "0, " "0, " "0, " "0, " "0, " "0, " "0, " "0, " "0, " "0, " "0, " "0, " "0, " "0, " "0, " "0, " "0, " "0, " "0, " "0, " "0, " "0, " "0, " "0, " "0, " "0, " "0, " "0, " "0, " "0, " "0, " "1, " "0, " "1, " "1, " "1, " "1, " "1, " "1, " "1, " "1, " "1, " "1, " "1, " "1, " "1, " "1, " "0, " "1, " "1, " "1, " "1, " "1, " "1, " "0, " "1, " "1, " "1, " "1, " "1, " "1, " "1, " "1, " "1, " "0, " "0, " "0, " "0, " "0, " "0, " "0, " "0, " "0, " "0, " "0, " "0, " "0, " "0, " "0, " "0, " "0, " "0, " "0, " "0, " "0, " "0, " "0, " "0, " "0, " "0, " "0, " "0, " "0, " "0, " "0, " "0, " "0, " "0, " "0, " "0, " "0, " "0, " "0, " "0, " "0, " "0, " "0, " "0, " "0, " "0, " "0, " "0, " "0, " "0, " "0, " "0, " "0, " "0, " "0, " "0, " "0, " "0, " "0, " "0, " "0, " "0, " "0, " "0, " "0, " "0, " "0, " "0, " "0, " "0, " "0, " "0, " "0, " "0, " "0, " "0, " "0, " "0, " "0, " "0, " "0, " "0, " "0, " "0, " "0, " "0, " "0, " "0, "0
 "Nei153, 0.084, " "0.443, " "0.533, " "0, " "0, " "0, " "0, " "0, " "0, " "0, " "0, " "0, " "0, " "0, " "0, " "0, " "0, " "0, " "0, " "0, " "0, " "0, " "0, " "0, " "0, " "0, " "0, " "0, " "0, " "0, " "0, " "0, " "0, " "0, " "0, " "0, " "0, " "0, " "0, " "0, " "0, " "0, " "0, " "0, " "0, " "0, " "0, " "0, " "0, " "0, " "0, " "0, " "0, " "0, " "0, " "0, " "0, " "0, " "0, " "0, " "0, " "0, " "0, " "0, " "0, " "0, " "0, " "0, " "0, " "0, " "0, " "0, " "0, " "0, " "0, " "0, " "0, " "0, " "0, " "0, " "0, " "0, " "0, " "0, " "0, " "0, " "0, " "0, " "0, " "0, " "0, " "0, " "0, " "0, " "0, " "0, " "0, " "0, " "0, " "0, " "0, " "0, " "0, " "0, " "0, " "0, " "0, " "0, " "0, " "0, " "0, " "0, " "0, " "0, " "0, " "0, " "0, " "0, " "0, " "0, " "0, " "0, " "0, " "0, " "0, " "0, " "0, " "0, " "0, " "0, " "0, " "0, " "0, " "0, " "0, " "0, " "0, " "0, " "0, " "0, " "1, " "1, " "1, " "1, " "1, " "1, " "0, " "1, " "0, " "1, " "1, " "1, " "1, " "1, " "1, " "1, " "0, " "1, " "1, " "1, " "1, " "1, " "1, " "1, " "1, " "1, " "1, " "1, " "1, " "1, " "1, " "1, " "1, " "0, " "0, " "0, " "0, " "0, " "0, " "0, " "0, " "0, " "0, " "0, " "0, " "0, " "0, " "0, " "0, " "0, " "0, " "0, " "0, " "0, " "0, " "0, " "0, " "0, " "0, " "0, " "0, " "0, " "0, " "0, " "0, " "0, " "0, " "0, " "0, " "0, " "0, " "0, " "0, " "0, " "0, " "0, " "0, " "0, " "0, " "0, " "0, " "0, " "0, " "0, " "0, " "0, " "0, " "0, " "0, " "0, " "0, " "0, " "0, " "0, " "0, " "0, " "0, " "0, " "0, " "0, " "0, " "0, " "0, " "0, " "0, " "0, " "0, " "0, " "0, " "0, " "0, " "0, " "0, " "0, " "0, " "0, " "0, " "1, " "0, " "0, "0
 "Nei154, 0.161, " "0.837, " "0.143, " "0, " "0, " "0, " "0, " "0, " "0, " "0, " "0, " "0, " "0, " "0, " "0, " "0, " "0, " "0, " "0, " "0, " "0, " "0, " "0, " "0, " "0, " "0, " "0, " "0, " "0, " "0, " "0, " "0, " "0, " "0, " "0, " "0, " "0, " "0, " "0, " "0, " "0, " "0, " "0, " "0, " "0, " "0, " "0, " "0, " "0, " "0, " "0, " "0, " "0, " "0, " "0, " "0, " "0, " "0, " "0, " "0, " "0, " "0, " "0, " "0, " "0, " "0, " "0, " "0, " "0, " "0, " "0, " "0, " "0, " "0, " "0, " "0, " "0, " "0, " "0, " "0, " "0, " "0, " "0, " "0, " "0, " "0, " "0, " "0, " "0, " "0, " "0, " "0, " "0, " "0, " "0, " "0, " "0, " "0, " "0, " "0, " "0, " "0, " "0, " "0, " "0, " "0, " "0, " "0, " "0, " "0, " "0, " "0, " "0, " "0, " "0, " "0, " "0, " "0, " "0, " "0, " "0, " "0, " "0, " "0, " "0, " "0, " "0, " "0, " "0, " "0, " "0, " "0, " "0, " "0, " "0, " "0, " "0, " "0, " "0, " "0, " "0, " "1, " "1, " "1, " "1, " "1, " "1, " "1, " "1, " "1, " "1, " "1, " "1, " "1, " "1, " "1, " "1, " "0, " "1, " "1, " "1, " "1, " "1, " "1, " "1, " "1, " "1, " "1, " "1, " "1, " "1, " "1, " "1, " "1, " "0, " "0, " "0, " "0, " "0, " "0, " "0, " "0, " "0, " "0, " "0, " "0, " "0, " "0, " "0, " "0, " "0, " "0, " "0, " "0, " "0, " "0, " "0, " "0, " "0, " "0, " "0, " "0, " "0, " "0, " "0, " "0, " "0, " "0, " "0, " "0, " "0, " "0, " "0, " "0, " "0, " "0, " "0, " "0, " "0, " "0, " "0, " "0, " "0, " "0, " "0, " "0, " "0, " "0, " "0, " "0, " "0, " "0, " "0, " "0, " "0, " "0, " "0, " "0, " "0, " "0, " "0, " "0, " "0, " "0, " "0, " "0, " "0, " "0, " "0, " "0, " "0, " "0, " "0, " "0, " "0, " "0, " "0, " "0, " "0, " "0, "0
 "Nei155, 0.094, " "-0.297, " "-0.45, " "0, " "0, " "0, " "0, " "0, " "0, " "0, " "0, " "0, " "0, " "0, " "0, " "0, " "0, " "0, " "0, " "0, " "0, " "0, " "0, " "0, " "0, " "0, " "0, " "0, " "0, " "0, " "0, " "0, " "0, " "0, " "0, " "0, " "1, " "0, " "0, " "0, " "0, " "0, " "0, " "0, " "0, " "1, " "0, " "0, " "0, " "0, " "0, " "0, " "0, " "0, " "0, " "0, " "0, " "0, " "0, " "0, " "0, " "0, " "0, " "0, " "0, " "0, " "0, " "0, " "0, " "0, " "0, " "1, " "0, " "0, " "0, " "0, " "0, " "0, " "0, " "0, " "0, " "0, " "0, " "0, " "0, " "0, " "0, " "0, " "0, " "0, " "0, " "0, " "0, " "0, " "0, " "0, " "0, " "0, " "0, " "0, " "0, " "0, " "0, " "0, " "0, " "0, " "0, " "0, " "0, " "0, " "0, " "0, " "0, " "0, " "0, " "0, " "0, " "0, " "0, " "0, " "0, " "0, " "0, " "0, " "0, " "0, " "0, " "0, " "0, " "0, " "0, " "0, " "0, " "0, " "0, " "0, " "0, " "0, " "0, " "0, " "0, " "0, " "1, " "1, " "1, " "1, " "1, " "1, " "1, " "1, " "1, " "1, " "1, " "1, " "1, " "1, " "1, " "1, " "0, " "1, " "1, " "1, " "1, " "1, " "1, " "1, " "1, " "1, " "1, " "1, " "1, " "1, " "0, " "1, " "1, " "0, " "0, " "0, " "0, " "0, " "0, " "0, " "0, " "0, " "0, " "0, " "0, " "0, " "0, " "0, " "0, " "0, " "0, " "0, " "0, " "0, " "0, " "0, " "0, " "0, " "0, " "0, " "0, " "0, " "0, " "0, " "0, " "0, " "0, " "0, " "0, " "0, " "0, " "0, " "0, " "0, " "0, " "0, " "0, " "0, " "0, " "0, " "0, " "0, " "0, " "0, " "0, " "0, " "0, " "0, " "0, " "0, " "0, " "0, " "0, " "0, " "0, " "0, " "0, " "0, " "0, " "0, " "0, " "0, " "0, " "0, " "0, " "0, " "0, " "0, " "0, " "0, " "0, " "0, " "0, " "0, " "0, " "0, " "0, " "0, "0
 "Nei156, 0.168, " "-0.021, " "-0.431, " "0, " "0, " "0, " "0, " "0, " "0, " "0, " "0, " "0, " "0, " "0, " "0, " "0, " "0, " "0, " "0, " "0, " "0, " "0, " "0, " "0, " "0, " "0, " "0, " "0, " "0, " "0, " "0, " "0, " "0, " "0, " "0, " "0, " "0, " "0, " "0, " "0, " "0, " "0, " "0, " "0, " "0, " "0, " "0, " "0, " "0, " "0, " "0, " "0, " "0, " "0, " "0, " "0, " "0, " "0, " "0, " "0, " "0, " "0, " "0, " "0, " "0, " "0, " "0, " "0, " "0, " "0, " "0, " "0, " "0, " "0, " "0, " "0, " "0, " "0, " "0, " "0, " "0, " "0, " "0, " "0, " "0, " "0, " "0, " "0, " "0, " "0, " "0, " "0, " "0, " "0, " "0, " "0, " "0, " "0, " "0, " "0, " "0, " "0, " "0, " "0, " "0, " "0, " "0, " "0, " "0, " "0, " "0, " "0, " "0, " "0, " "0, " "0, " "0, " "0, " "0, " "0, " "0, " "0, " "0, " "0, " "0, " "0, " "0, " "0, " "0, " "0, " "0, " "0, " "0, " "0, " "0, " "0, " "0, " "0, " "0, " "0, " "0, " "0, " "0, " "0, " "1, " "1, " "1, " "1, " "1, " "1, " "1, " "1, " "1, " "1, " "1, " "1, " "1, " "1, " "1, " "0, " "1, " "1, " "1, " "1, " "1, " "1, " "1, " "1, " "1, " "1, " "0, " "1, " "1, " "1, " "1, " "1, " "0, " "0, " "0, " "0, " "0, " "0, " "0, " "0, " "0, " "0, " "0, " "0, " "0, " "0, " "0, " "0, " "0, " "0, " "0, " "0, " "0, " "0, " "0, " "0, " "0, " "0, " "0, " "0, " "0, " "0, " "0, " "0, " "0, " "0, " "0, " "0, " "0, " "1, " "0, " "0, " "0, " "0, " "0, " "0, " "0, " "0, " "0, " "0, " "0, " "0, " "0, " "0, " "0, " "0, " "0, " "0, " "0, " "0, " "0, " "0, " "0, " "0, " "0, " "0, " "0, " "0, " "0, " "0, " "0, " "0, " "0, " "0, " "0, " "0, " "0, " "0, " "0, " "0, " "0, " "0, " "0, " "0, " "0, " "0, "0
 "Nei157, 0.068, " "-0.652, " "0.629, " "0, " "0, " "0, " "0, " "0, " "0, " "0, " "0, " "0, " "0, " "0, " "0, " "0, " "0, " "0, " "0, " "0, " "0, " "0, " "0, " "0, " "0, " "0, " "0, " "0, " "0, " "0, " "0, " "0, " "0, " "0, " "0, " "0, " "0, " "0, " "0, " "0, " "0, " "0, " "1, " "0, " "0, " "0, " "0, " "0, " "0, " "0, " "0, " "0, " "0, " "0, " "0, " "0, " "0, " "0, " "0, " "0, " "0, " "0, " "0, " "0, " "0, " "0, " "0, " "0, " "0, " "0, " "0, " "0, " "0, " "0, " "0, " "0, " "0, " "0, " "0, " "0, " "0, " "0, " "0, " "0, " "0, " "0, " "0, " "0, " "0, " "0, " "0, " "0, " "0, " "0, " "0, " "0, " "0, " "0, " "0, " "0, " "0, " "1, " "0, " "0, " "0, " "0, " "0, " "0, " "0, " "0, " "0, " "0, " "0, " "0, " "0, " "0, " "0, " "0, " "0, " "0, " "0, " "0, " "0, " "0, " "0, " "0, " "0, " "0, " "0, " "0, " "0, " "0, " "0, " "0, " "0, " "0, " "0, " "0, " "0, " "0, " "0, " "0, " "0, " "0, " "1, " "1, " "1, " "0, " "1, " "1, " "1, " "1, " "1, " "1, " "1, " "1, " "1, " "1, " "1, " "1, " "0, " "1, " "1, " "1, " "0, " "1, " "1, " "1, " "1, " "1, " "1, " "1, " "1, " "1, " "0, " "1, " "1, " "0, " "0, " "0, " "0, " "0, " "0, " "0, " "0, " "0, " "0, " "0, " "0, " "0, " "0, " "0, " "0, " "0, " "0, " "0, " "0, " "0, " "0, " "0, " "0, " "0, " "0, " "0, " "0, " "0, " "0, " "0, " "0, " "0, " "0, " "0, " "0, " "0, " "0, " "0, " "0, " "0, " "0, " "0, " "0, " "0, " "0, " "0, " "0, " "0, " "0, " "0, " "0, " "0, " "0, " "0, " "0, " "0, " "0, " "0, " "0, " "0, " "0, " "0, " "0, " "0, " "0, " "0, " "0, " "0, " "0, " "0, " "0, " "0, " "0, " "0, " "0, " "0, " "0, " "0, " "0, " "0, " "0, " "0, "0
 "Nei158, 0.116, " "-0.243, " "0.771, " "0, " "0, " "0, " "0, " "0, " "0, " "0, " "0, " "0, " "0, " "0, " "0, " "0, " "0, " "0, " "0, " "0, " "0, " "0, " "0, " "0, " "0, " "0, " "0, " "0, " "0, " "0, " "0, " "0, " "0, " "0, " "0, " "0, " "0, " "0, " "0, " "0, " "0, " "0, " "0, " "0, " "0, " "0, " "0, " "0, " "0, " "0, " "0, " "0, " "0, " "0, " "0, " "0, " "0, " "0, " "0, " "0, " "0, " "0, " "0, " "0, " "0, " "0, " "0, " "0, " "0, " "0, " "0, " "0, " "0, " "0, " "0, " "0, " "0, " "0, " "0, " "0, " "0, " "0, " "0, " "0, " "0, " "1, " "0, " "0, " "0, " "0, " "0, " "0, " "0, " "0, " "0, " "0, " "0, " "0, " "0, " "0, " "0, " "0, " "0, " "0, " "0, " "0, " "0, " "0, " "0, " "0, " "0, " "0, " "0, " "0, " "0, " "0, " "0, " "0, " "0, " "0, " "0, " "0, " "0, " "0, " "0, " "0, " "0, " "0, " "0, " "0, " "0, " "0, " "0, " "0, " "0, " "0, " "0, " "0, " "0, " "0, " "0, " "0, " "0, " "0, " "0, " "1, " "1, " "1, " "1, " "1, " "1, " "1, " "1, " "1, " "1, " "1, " "1, " "1, " "1, " "1, " "1, " "0, " "1, " "1, " "1, " "1, " "1, " "1, " "1, " "0, " "1, " "1, " "1, " "1, " "1, " "1, " "1, " "1, " "0, " "0, " "0, " "0, " "0, " "0, " "0, " "0, " "0, " "0, " "0, " "0, " "0, " "0, " "0, " "0, " "0, " "0, " "1, " "0, " "0, " "0, " "0, " "0, " "0, " "0, " "0, " "0, " "0, " "0, " "0, " "0, " "0, " "0, " "0, " "0, " "0, " "0, " "0, " "0, " "0, " "0, " "0, " "0, " "0, " "0, " "0, " "0, " "0, " "0, " "0, " "0, " "0, " "0, " "0, " "0, " "0, " "0, " "0, " "0, " "0, " "0, " "0, " "0, " "0, " "0, " "0, " "0, " "0, " "0, " "0, " "0, " "0, " "0, " "0, " "0, " "0, " "0, " "0, " "0, " "0, " "0, "0
 "Nei159, 0.171, " "-0.857, " "0.898, " "0, " "0, " "0, " "0, " "0, " "0, " "0, " "0, " "0, " "0, " "0, " "0, " "0, " "0, " "0, " "0, " "0, " "0, " "0, " "0, " "0, " "0, " "0, " "0, " "0, " "0, " "0, " "0, " "0, " "0, " "0, " "0, " "0, " "0, " "0, " "0, " "0, " "0, " "0, " "0, " "0, " "0, " "0, " "0, " "0, " "0, " "0, " "0, " "0, " "0, " "0, " "0, " "0, " "0, " "0, " "0, " "0, " "0, " "0, " "0, " "0, " "0, " "0, " "0, " "0, " "0, " "0, " "0, " "0, " "0, " "0, " "0, " "0, " "0, " "0, " "0, " "0, " "0, " "0, " "0, " "0, " "0, " "0, " "0, " "0, " "0, " "0, " "0, " "0, " "0, " "0, " "0, " "0, " "0, " "0, " "0, " "0, " "0, " "0, " "0, " "0, " "0, " "0, " "0, " "0, " "0, " "0, " "0, " "0, " "0, " "0, " "0, " "0, " "0, " "0, " "0, " "0, " "0, " "0, " "0, " "0, " "0, " "0, " "0, " "0, " "0, " "0, " "0, " "0, " "0, " "0, " "0, " "0, " "0, " "0, " "0, " "0, " "0, " "0, " "0, " "0, " "0, " "0, " "0, " "1, " "1, " "1, " "1, " "1, " "1, " "1, " "1, " "0, " "1, " "1, " "1, " "1, " "1, " "1, " "0, " "1, " "1, " "1, " "1, " "1, " "1, " "1, " "1, " "1, " "1, " "1, " "1, " "1, " "1, " "1, " "1, " "0, " "0, " "0, " "0, " "0, " "0, " "0, " "0, " "0, " "0, " "0, " "0, " "0, " "0, " "0, " "0, " "0, " "0, " "0, " "0, " "0, " "0, " "0, " "0, " "0, " "0, " "0, " "0, " "0, " "0, " "0, " "0, " "0, " "0, " "0, " "0, " "0, " "0, " "0, " "0, " "0, " "0, " "0, " "0, " "0, " "0, " "0, " "0, " "0, " "0, " "0, " "0, " "0, " "0, " "0, " "0, " "0, " "0, " "0, " "0, " "0, " "0, " "0, " "0, " "0, " "0, " "0, " "0, " "0, " "0, " "0, " "0, " "0, " "0, " "0, " "0, " "0, " "0, " "0, " "0, " "0, "0
 "Nei160, 0.162, " "0.411, " "0.666, " "0, " "0, " "0, " "0, " "0, " "0, " "0, " "0, " "0, " "0, " "0, " "0, " "0, " "0, " "0, " "0, " "0, " "0, " "0, " "0, " "0, " "0, " "0, " "0, " "0, " "0, " "0, " "0, " "0, " "0, " "0, " "0, " "0, " "0, " "0, " "0, " "0, " "0, " "0, " "0, " "0, " "0, " "1, " "0, " "0, " "0, " "0, " "0, " "0, " "0, " "0, " "0, " "0, " "0, " "0, " "0, " "0, " "0, " "0, " "0, " "0, " "0, " "0, " "0, " "0, " "0, " "0, " "0, " "0, " "0, " "0, " "0, " "0, " "0, " "0, " "0, " "0, " "0, " "0, " "0, " "0, " "0, " "0, " "0, " "0, " "0, " "0, " "0, " "0, " "0, " "0, " "0, " "0, " "0, " "0, " "0, " "0, " "0, " "0, " "0, " "0, " "0, " "0, " "0, " "0, " "0, " "0, " "0, " "0, " "0, " "0, " "0, " "0, " "0, " "0, " "0, " "0, " "0, " "0, " "0, " "0, " "0, " "0, " "0, " "0, " "0, " "0, " "0, " "0, " "0, " "0, " "0, " "0, " "0, " "0, " "0, " "0, " "0, " "0, " "0, " "0, " "0, " "0, " "0, " "1, " "1, " "1, " "1, " "1, " "1, " "0, " "1, " "1, " "1, " "1, " "1, " "1, " "1, " "1, " "1, " "0, " "1, " "1, " "1, " "1, " "1, " "1, " "1, " "1, " "0, " "1, " "1, " "1, " "1, " "1, " "1, " "1, " "0, " "0, " "0, " "0, " "0, " "0, " "0, " "0, " "0, " "0, " "0, " "0, " "0, " "0, " "0, " "0, " "0, " "0, " "0, " "0, " "0, " "0, " "0, " "0, " "0, " "0, " "0, " "0, " "0, " "0, " "0, " "0, " "0, " "0, " "0, " "0, " "0, " "0, " "0, " "0, " "0, " "0, " "0, " "0, " "0, " "0, " "0, " "0, " "0, " "0, " "0, " "0, " "0, " "0, " "0, " "0, " "0, " "0, " "0, " "0, " "0, " "0, " "0, " "0, " "0, " "0, " "0, " "0, " "0, " "0, " "0, " "0, " "0, " "0, " "0, " "0, " "0, " "0, " "0, " "0, "0
 "Nei161, 0.099, " "-0.75, " "0.096, " "0, " "0, " "0, " "0, " "0, " "0, " "0, " "0, " "0, " "0, " "0, " "0, " "0, " "0, " "0, " "0, " "0, " "0, " "0, " "0, " "0, " "0, " "0, " "0, " "0, " "0, " "0, " "0, " "0, " "0, " "0, " "0, " "0, " "0, " "0, " "0, " "0, " "0, " "0, " "0, " "0, " "0, " "0, " "0, " "0, " "0, " "0, " "0, " "0, " "0, " "0, " "0, " "0, " "0, " "0, " "0, " "0, " "0, " "0, " "0, " "0, " "0, " "0, " "0, " "0, " "0, " "0, " "0, " "0, " "0, " "0, " "0, " "0, " "0, " "0, " "0, " "0, " "0, " "0, " "0, " "0, " "0, " "0, " "0, " "0, " "0, " "0, " "0, " "0, " "0, " "0, " "0, " "0, " "0, " "0, " "0, " "0, " "0, " "0, " "0, " "0, " "0, " "0, " "0, " "0, " "0, " "0, " "0, " "0, " "0, " "0, " "0, " "0, " "0, " "0, " "0, " "0, " "0, " "0, " "0, " "0, " "0, " "0, " "0, " "0, " "0, " "0, " "0, " "0, " "0, " "0, " "0, " "0, " "0, " "0, " "0, " "0, " "0, " "0, " "0, " "0, " "0, " "0, " "0, " "0, " "1, " "0, " "1, " "1, " "1, " "1, " "1, " "1, " "1, " "1, " "1, " "1, " "0, " "1, " "1, " "1, " "0, " "1, " "1, " "1, " "1, " "1, " "1, " "1, " "1, " "1, " "1, " "1, " "1, " "1, " "1, " "1, " "1, " "0, " "0, " "0, " "0, " "0, " "0, " "0, " "0, " "0, " "0, " "0, " "0, " "0, " "0, " "0, " "0, " "0, " "0, " "0, " "0, " "0, " "0, " "0, " "0, " "0, " "0, " "0, " "0, " "0, " "0, " "0, " "0, " "0, " "0, " "0, " "0, " "0, " "0, " "0, " "0, " "0, " "0, " "0, " "0, " "0, " "0, " "0, " "0, " "0, " "0, " "0, " "0, " "0, " "0, " "0, " "0, " "0, " "0, " "0, " "0, " "0, " "0, " "0, " "0, " "0, " "0, " "0, " "0, " "0, " "0, " "0, " "0, " "0, " "0, " "0, " "0, " "0, " "0, " "0, "0
 "Nei162, 0.179, " "-0.605, " "0.044, " "0, " "0, " "0, " "1, " "0, " "0, " "0, " "0, " "0, " "0, " "0, " "0, " "0, " "0, " "1, " "0, " "0, " "0, " "0, " "0, " "0, " "0, " "0, " "0, " "0, " "0, " "0, " "0, " "0, " "0, " "0, " "0, " "0, " "0, " "0, " "0, " "0, " "0, " "0, " "0, " "0, " "0, " "0, " "0, " "0, " "0, " "0, " "0, " "0, " "0, " "0, " "0, " "0, " "0, " "0, " "0, " "0, " "0, " "0, " "0, " "0, " "0, " "0, " "0, " "0, " "0, " "0, " "0, " "0, " "0, " "0, " "0, " "0, " "0, " "0, " "0, " "0, " "0, " "0, " "0, " "0, " "0, " "0, " "0, " "0, " "0, " "0, " "0, " "0, " "0, " "0, " "0, " "0, " "1, " "0, " "0, " "0, " "0, " "0, " "0, " "0, " "0, " "0, " "0, " "0, " "0, " "0, " "0, " "0, " "0, " "0, " "0, " "0, " "0, " "0, " "0, " "0, " "0, " "0, " "0, " "0, " "0, " "0, " "0, " "0, " "0, " "0, " "0, " "0, " "0, " "0, " "0, " "0, " "0, " "0, " "0, " "0, " "0, " "0, " "0, " "0, " "0, " "0, " "0, " "0, " "0, " "1, " "1, " "1, " "1, " "1, " "1, " "1, " "1, " "1, " "1, " "1, " "1, " "1, " "1, " "1, " "1, " "0, " "1, " "1, " "1, " "1, " "1, " "1, " "1, " "1, " "1, " "1, " "1, " "1, " "1, " "1, " "1, " "1, " "0, " "0, " "0, " "0, " "0, " "0, " "0, " "0, " "0, " "0, " "0, " "0, " "0, " "0, " "0, " "0, " "0, " "0, " "0, " "0, " "0, " "0, " "0, " "0, " "0, " "0, " "0, " "0, " "0, " "0, " "0, " "0, " "0, " "0, " "0, " "0, " "0, " "0, " "0, " "0, " "0, " "0, " "0, " "0, " "0, " "0, " "0, " "0, " "0, " "0, " "0, " "0, " "0, " "0, " "0, " "0, " "0, " "0, " "0, " "0, " "0, " "0, " "0, " "0, " "0, " "0, " "0, " "0, " "0, " "0, " "0, " "0, " "0, " "0, " "0, " "0, " "0, " "0, "0
 "Nei163, 0.176, " "0.603, " "0.147, " "0, " "0, " "0, " "0, " "0, " "0, " "0, " "0, " "0, " "0, " "0, " "0, " "0, " "0, " "0, " "0, " "0, " "0, " "0, " "0, " "0, " "0, " "0, " "0, " "0, " "0, " "0, " "0, " "0, " "0, " "0, " "0, " "0, " "0, " "0, " "0, " "0, " "0, " "0, " "0, " "0, " "0, " "0, " "0, " "0, " "0, " "0, " "0, " "0, " "0, " "0, " "0, " "0, " "0, " "0, " "0, " "0, " "0, " "0, " "0, " "0, " "0, " "0, " "0, " "0, " "0, " "0, " "0, " "0, " "0, " "0, " "0, " "0, " "0, " "0, " "0, " "0, " "0, " "0, " "0, " "0, " "0, " "0, " "0, " "0, " "0, " "0, " "0, " "0, " "0, " "0, " "0, " "0, " "0, " "0, " "0, " "0, " "0, " "0, " "0, " "0, " "0, " "0, " "0, " "0, " "0, " "0, " "0, " "0, " "0, " "0, " "0, " "0, " "0, " "0, " "0, " "0, " "0, " "0, " "0, " "0, " "0, " "0, " "0, " "0, " "0, " "0, " "0, " "0, " "0, " "0, " "0, " "0, " "0, " "0, " "0, " "0, " "0, " "0, " "0, " "1, " "0, " "0, " "0, " "0, " "0, " "0, " "1, " "1, " "1, " "1, " "1, " "1, " "1, " "1, " "1, " "1, " "1, " "1, " "1, " "1, " "1, " "1, " "0, " "1, " "1, " "1, " "1, " "1, " "1, " "1, " "1, " "1, " "1, " "1, " "1, " "1, " "1, " "1, " "1, " "0, " "0, " "0, " "0, " "0, " "0, " "0, " "0, " "0, " "0, " "0, " "0, " "0, " "0, " "0, " "0, " "0, " "0, " "0, " "0, " "0, " "0, " "0, " "0, " "0, " "0, " "0, " "0, " "0, " "0, " "0, " "0, " "0, " "0, " "0, " "0, " "0, " "0, " "0, " "0, " "0, " "0, " "0, " "0, " "0, " "0, " "0, " "0, " "0, " "0, " "0, " "0, " "0, " "0, " "0, " "0, " "0, " "0, " "0, " "0, " "0, " "0, " "0, " "0, " "0, " "0, " "1, " "0, " "0, " "0, " "0, " "0, " "0, " "0, " "0, " "0, " "0, "0
 "Nei164, 0.147, " "-0.049, " "-0.85, " "0, " "0, " "0, " "0, " "0, " "0, " "0, " "0, " "0, " "0, " "0, " "0, " "0, " "0, " "0, " "0, " "0, " "0, " "0, " "0, " "0, " "0, " "0, " "0, " "0, " "0, " "0, " "0, " "0, " "0, " "0, " "0, " "0, " "0, " "0, " "0, " "0, " "0, " "0, " "0, " "0, " "0, " "0, " "0, " "0, " "0, " "0, " "0, " "0, " "0, " "0, " "0, " "0, " "0, " "0, " "0, " "0, " "0, " "0, " "0, " "0, " "0, " "0, " "1, " "0, " "0, " "0, " "0, " "0, " "0, " "0, " "0, " "0, " "0, " "0, " "0, " "0, " "0, " "0, " "0, " "0, " "0, " "0, " "0, " "0, " "0, " "0, " "0, " "0, " "0, " "0, " "0, " "0, " "0, " "0, " "0, " "0, " "0, " "0, " "0, " "0, " "0, " "0, " "0, " "0, " "0, " "0, " "0, " "0, " "0, " "0, " "0, " "0, " "0, " "0, " "0, " "0, " "0, " "0, " "0, " "0, " "0, " "0, " "0, " "0, " "0, " "0, " "0, " "0, " "0, " "0, " "0, " "0, " "0, " "0, " "0, " "0, " "0, " "0, " "0, " "0, " "0, " "0, " "0, " "0, " "0, " "0, " "0, " "1, " "1, " "1, " "1, " "1, " "1, " "1, " "1, " "1, " "1, " "1, " "1, " "1, " "1, " "1, " "1, " "0, " "1, " "1, " "1, " "1, " "1, " "1, " "1, " "1, " "1, " "1, " "1, " "1, " "1, " "1, " "1, " "1, " "0, " "0, " "0, " "0, " "0, " "0, " "0, " "0, " "0, " "0, " "0, " "0, " "0, " "0, " "0, " "0, " "0, " "0, " "0, " "0, " "0, " "0, " "0, " "0, " "0, " "0, " "0, " "0, " "0, " "0, " "0, " "0, " "0, " "0, " "0, " "0, " "0, " "0, " "0, " "0, " "0, " "0, " "0, " "0, " "0, " "0, " "0, " "0, " "0, " "0, " "0, " "0, " "0, " "0, " "0, " "0, " "0, " "0, " "0, " "0, " "0, " "0, " "0, " "0, " "0, " "0, " "0, " "0, " "0, " "0, " "0, " "0, " "0, " "0, " "0, " "0, "0
 "Nei165, 0.112, " "-0.298, " "-0.347, " "0, " "0, " "0, " "0, " "0, " "0, " "0, " "0, " "0, " "0, " "0, " "0, " "0, " "0, " "0, " "0, " "0, " "0, " "0, " "0, " "0, " "0, " "0, " "0, " "0, " "0, " "0, " "0, " "0, " "0, " "0, " "0, " "0, " "0, " "0, " "0, " "0, " "0, " "0, " "0, " "0, " "0, " "0, " "0, " "0, " "0, " "0, " "0, " "0, " "0, " "0, " "0, " "0, " "0, " "0, " "0, " "0, " "0, " "0, " "0, " "0, " "0, " "0, " "0, " "0, " "0, " "0, " "0, " "0, " "0, " "0, " "0, " "0, " "0, " "0, " "0, " "0, " "0, " "0, " "0, " "0, " "1, " "0, " "0, " "0, " "0, " "0, " "0, " "0, " "0, " "0, " "0, " "0, " "0, " "0, " "0, " "0, " "0, " "0, " "0, " "0, " "0, " "0, " "0, " "0, " "0, " "0, " "0, " "0, " "0, " "0, " "0, " "0, " "0, " "0, " "0, " "0, " "0, " "0, " "0, " "0, " "0, " "0, " "0, " "0, " "0, " "0, " "0, " "0, " "0, " "0, " "0, " "0, " "0, " "0, " "0, " "0, " "0, " "0, " "0, " "0, " "0, " "0, " "0, " "0, " "0, " "0, " "0, " "0, " "1, " "1, " "1, " "1, " "1, " "1, " "1, " "1, " "1, " "1, " "1, " "1, " "1, " "1, " "1, " "1, " "0, " "1, " "1, " "1, " "1, " "1, " "1, " "1, " "1, " "1, " "1, " "1, " "1, " "1, " "1, " "0, " "1, " "0, " "0, " "0, " "0, " "0, " "0, " "0, " "0, " "0, " "0, " "0, " "0, " "0, " "0, " "0, " "0, " "0, " "0, " "0, " "0, " "0, " "0, " "0, " "0, " "0, " "0, " "0, " "0, " "0, " "0, " "0, " "0, " "0, " "0, " "0, " "0, " "0, " "0, " "0, " "1, " "0, " "0, " "0, " "0, " "0, " "0, " "0, " "0, " "0, " "0, " "0, " "0, " "0, " "0, " "0, " "0, " "0, " "0, " "0, " "0, " "0, " "0, " "0, " "0, " "0, " "0, " "0, " "0, " "0, " "0, " "0, " "0, " "0, " "0, " "0, "0
 "Nei166, 0.008, " "-0.385, " "-0.753, " "0, " "0, " "0, " "0, " "0, " "0, " "0, " "0, " "0, " "0, " "0, " "0, " "0, " "0, " "0, " "0, " "0, " "0, " "0, " "0, " "0, " "0, " "0, " "0, " "0, " "0, " "0, " "0, " "0, " "0, " "0, " "0, " "0, " "0, " "0, " "0, " "0, " "0, " "0, " "0, " "0, " "0, " "0, " "0, " "0, " "0, " "0, " "0, " "0, " "0, " "0, " "0, " "0, " "0, " "0, " "0, " "0, " "0, " "0, " "0, " "0, " "0, " "0, " "0, " "0, " "0, " "0, " "0, " "0, " "0, " "0, " "0, " "0, " "0, " "0, " "0, " "0, " "0, " "0, " "0, " "0, " "0, " "0, " "0, " "0, " "0, " "0, " "0, " "0, " "0, " "0, " "0, " "0, " "0, " "0, " "0, " "0, " "0, " "0, " "0, " "0, " "0, " "0, " "0, " "0, " "0, " "0, " "0, " "0, " "0, " "0, " "0, " "0, " "0, " "0, " "0, " "0, " "0, " "0, " "0, " "0, " "0, " "0, " "0, " "0, " "0, " "0, " "0, " "0, " "0, " "0, " "0, " "0, " "0, " "0, " "0, " "0, " "0, " "0, " "0, " "0, " "0, " "0, " "0, " "0, " "0, " "0, " "0, " "0, " "0, " "1, " "1, " "1, " "1, " "1, " "1, " "1, " "1, " "0, " "1, " "1, " "1, " "1, " "1, " "1, " "1, " "0, " "1, " "1, " "1, " "1, " "1, " "1, " "1, " "1, " "1, " "0, " "1, " "1, " "1, " "1, " "1, " "1, " "1, " "0, " "0, " "0, " "0, " "0, " "0, " "0, " "0, " "0, " "0, " "0, " "0, " "0, " "0, " "0, " "0, " "0, " "0, " "0, " "0, " "0, " "0, " "0, " "0, " "0, " "0, " "0, " "0, " "0, " "0, " "0, " "0, " "0, " "0, " "0, " "0, " "0, " "0, " "0, " "0, " "0, " "0, " "0, " "0, " "0, " "0, " "0, " "0, " "0, " "0, " "0, " "0, " "0, " "0, " "0, " "0, " "0, " "0, " "0, " "0, " "0, " "0, " "0, " "0, " "0, " "0, " "0, " "0, " "0, " "1, " "0, " "0, " "0, "0
 "Nei167, 0.004, " "-0.503, " "0.556, " "0, " "0, " "0, " "0, " "0, " "0, " "0, " "0, " "0, " "0, " "0, " "0, " "0, " "0, " "0, " "0, " "0, " "0, " "0, " "0, " "0, " "0, " "0, " "0, " "0, " "0, " "0, " "0, " "0, " "0, " "0, " "0, " "0, " "0, " "0, " "0, " "0, " "0, " "0, " "0, " "0, " "0, " "0, " "0, " "0, " "0, " "0, " "0, " "0, " "0, " "0, " "0, " "0, " "0, " "0, " "0, " "0, " "0, " "0, " "0, " "0, " "0, " "0, " "0, " "0, " "0, " "0, " "0, " "0, " "0, " "0, " "0, " "0, " "0, " "0, " "0, " "0, " "0, " "0, " "0, " "0, " "0, " "0, " "0, " "0, " "0, " "0, " "0, " "0, " "0, " "0, " "0, " "0, " "0, " "0, " "0, " "0, " "0, " "0, " "0, " "0, " "0, " "0, " "0, " "0, " "0, " "0, " "0, " "0, " "0, " "0, " "0, " "0, " "0, " "0, " "0, " "0, " "0, " "0, " "0, " "0, " "0, " "0, " "0, " "0, " "0, " "0, " "0, " "0, " "0, " "0, " "0, " "0, " "0, " "0, " "0, " "0, " "0, " "0, " "0, " "0, " "0, " "0, " "0, " "0, " "0, " "0, " "0, " "0, " "0, " "0, " "1, " "1, " "1, " "1, " "1, " "0, " "1, " "1, " "1, " "1, " "1, " "1, " "1, " "1, " "1, " "1, " "0, " "1, " "1, " "1, " "1, " "1, " "1, " "1, " "1, " "1, " "1, " "1, " "1, " "1, " "1, " "1, " "1, " "0, " "0, " "0, " "0, " "0, " "0, " "0, " "0, " "0, " "0, " "0, " "0, " "0, " "0, " "0, " "0, " "0, " "0, " "0, " "0, " "0, " "0, " "0, " "0, " "0, " "0, " "0, " "0, " "0, " "0, " "0, " "0, " "0, " "0, " "0, " "0, " "0, " "0, " "0, " "0, " "0, " "0, " "0, " "0, " "0, " "0, " "0, " "0, " "0, " "0, " "0, " "0, " "0, " "0, " "0, " "0, " "0, " "0, " "0, " "0, " "0, " "0, " "0, " "0, " "0, " "0, " "0, " "0, " "0, " "0, " "0, " "0, " "0, "0
 "Nei168, 0.111, " "0.909, " "0.108, " "0, " "0, " "0, " "0, " "0, " "0, " "0, " "0, " "0, " "0, " "0, " "0, " "0, " "0, " "0, " "0, " "0, " "0, " "0, " "0, " "0, " "0, " "0, " "0, " "0, " "0, " "0, " "0, " "0, " "0, " "0, " "0, " "0, " "0, " "0, " "0, " "0, " "0, " "0, " "0, " "0, " "0, " "0, " "0, " "0, " "0, " "0, " "0, " "0, " "0, " "0, " "0, " "0, " "0, " "0, " "0, " "0, " "0, " "0, " "0, " "0, " "0, " "0, " "0, " "0, " "0, " "0, " "0, " "0, " "0, " "0, " "0, " "0, " "0, " "0, " "0, " "0, " "0, " "0, " "0, " "0, " "0, " "0, " "0, " "0, " "0, " "0, " "0, " "0, " "0, " "0, " "0, " "0, " "0, " "0, " "0, " "0, " "0, " "0, " "0, " "0, " "0, " "0, " "0, " "0, " "0, " "0, " "0, " "0, " "0, " "0, " "0, " "0, " "0, " "0, " "0, " "0, " "0, " "0, " "0, " "0, " "0, " "0, " "0, " "0, " "0, " "0, " "0, " "0, " "0, " "0, " "0, " "0, " "0, " "0, " "0, " "0, " "0, " "0, " "0, " "0, " "0, " "0, " "0, " "0, " "0, " "0, " "0, " "0, " "0, " "0, " "0, " "1, " "1, " "1, " "1, " "1, " "1, " "1, " "1, " "1, " "1, " "1, " "1, " "1, " "1, " "1, " "1, " "0, " "1, " "1, " "1, " "1, " "1, " "1, " "1, " "1, " "1, " "1, " "1, " "1, " "1, " "1, " "1, " "1, " "0, " "0, " "0, " "0, " "0, " "0, " "0, " "0, " "0, " "0, " "0, " "0, " "0, " "0, " "0, " "0, " "0, " "0, " "0, " "0, " "0, " "0, " "0, " "0, " "0, " "0, " "0, " "0, " "0, " "0, " "0, " "0, " "0, " "0, " "0, " "0, " "0, " "0, " "0, " "0, " "0, " "0, " "0, " "0, " "0, " "0, " "0, " "0, " "0, " "0, " "0, " "0, " "0, " "0, " "0, " "0, " "0, " "0, " "0, " "0, " "0, " "0, " "0, " "0, " "0, " "0, " "0, " "0, " "0, " "0, " "0, " "0, "0
 "Nei169, 0.142, " "-0.904, " "-0.776, " "0, " "0, " "0, " "0, " "0, " "0, " "0, " "0, " "0, " "0, " "0, " "0, " "0, " "0, " "0, " "0, " "0, " "0, " "0, " "0, " "0, " "0, " "0, " "0, " "0, " "0, " "0, " "0, " "0, " "0, " "0, " "0, " "0, " "0, " "0, " "0, " "0, " "0, " "0, " "0, " "0, " "0, " "0, " "0, " "0, " "0, " "0, " "0, " "0, " "0, " "0, " "0, " "0, " "0, " "0, " "0, " "0, " "0, " "0, " "0, " "1, " "0, " "0, " "0, " "0, " "0, " "0, " "0, " "0, " "0, " "0, " "0, " "0, " "0, " "0, " "0, " "0, " "0, " "0, " "0, " "0, " "0, " "0, " "0, " "0, " "0, " "0, " "0, " "0, " "0, " "0, " "0, " "0, " "0, " "0, " "0, " "0, " "0, " "0, " "0, " "0, " "0, " "0, " "0, " "0, " "0, " "0, " "0, " "0, " "0, " "0, " "0, " "0, " "0, " "0, " "0, " "0, " "0, " "0, " "0, " "0, " "0, " "0, " "0, " "0, " "0, " "0, " "0, " "0, " "0, " "0, " "0, " "0, " "0, " "0, " "0, " "0, " "0, " "0, " "0, " "0, " "0, " "0, " "0, " "0, " "0, " "0, " "0, " "0, " "0, " "0, " "0, " "0, " "1, " "1, " "0, " "1, " "1, " "1, " "1, " "0, " "1, " "1, " "1, " "1, " "1, " "1, " "1, " "1, " "0, " "1, " "1, " "0, " "1, " "1, " "1, " "1, " "1, " "1, " "1, " "1, " "1, " "0, " "1, " "1, " "1, " "0, " "0, " "0, " "0, " "0, " "0, " "0, " "0, " "0, " "0, " "0, " "0, " "0, " "0, " "0, " "0, " "0, " "0, " "0, " "0, " "0, " "0, " "0, " "0, " "0, " "0, " "0, " "0, " "0, " "0, " "0, " "0, " "0, " "0, " "0, " "0, " "0, " "0, " "0, " "0, " "0, " "0, " "0, " "0, " "0, " "0, " "0, " "0, " "0, " "0, " "0, " "0, " "0, " "0, " "0, " "0, " "0, " "0, " "0, " "0, " "0, " "0, " "0, " "0, " "0, " "0, " "0, " "0, " "0, " "1, " "0, "0
 "Nei170, 0.152, " "0.403, " "0.591, " "0, " "0, " "0, " "0, " "0, " "0, " "0, " "0, " "0, " "0, " "0, " "0, " "0, " "0, " "0, " "1, " "0, " "0, " "0, " "0, " "0, " "0, " "0, " "0, " "0, " "0, " "0, " "0, " "0, " "0, " "0, " "0, " "0, " "0, " "0, " "0, " "0, " "0, " "0, " "0, " "0, " "0, " "0, " "0, " "0, " "0, " "0, " "0, " "0, " "0, " "0, " "0, " "0, " "0, " "0, " "0, " "0, " "0, " "1, " "0, " "0, " "0, " "0, " "0, " "0, " "0, " "0, " "0, " "0, " "0, " "0, " "0, " "0, " "0, " "0, " "0, " "0, " "0, " "0, " "0, " "0, " "0, " "0, " "0, " "0, " "0, " "0, " "0, " "0, " "0, " "0, " "0, " "0, " "0, " "0, " "0, " "0, " "0, " "0, " "0, " "0, " "0, " "0, " "0, " "0, " "0, " "0, " "0, " "0, " "0, " "0, " "0, " "0, " "0, " "0, " "0, " "0, " "0, " "0, " "0, " "0, " "0, " "0, " "0, " "0, " "0, " "0, " "0, " "0, " "0, " "0, " "0, " "0, " "0, " "0, " "0, " "0, " "0, " "0, " "0, " "0, " "0, " "0, " "0, " "0, " "0, " "0, " "0, " "0, " "0, " "0, " "0, " "0, " "0, " "1, " "1, " "1, " "1, " "1, " "1, " "1, " "1, " "1, " "1, " "1, " "1, " "1, " "1, " "1, " "1, " "0, " "1, " "1, " "1, " "1, " "1, " "1, " "1, " "1, " "1, " "1, " "1, " "1, " "1, " "1, " "1, " "0, " "0, " "0, " "0, " "0, " "0, " "0, " "0, " "0, " "0, " "0, " "0, " "0, " "0, " "0, " "0, " "0, " "0, " "0, " "0, " "0, " "0, " "0, " "0, " "0, " "0, " "0, " "0, " "0, " "0, " "0, " "0, " "0, " "0, " "0, " "0, " "0, " "0, " "1, " "0, " "0, " "0, " "0, " "0, " "0, " "0, " "0, " "0, " "0, " "0, " "0, " "0, " "0, " "0, " "0, " "0, " "0, " "0, " "0, " "0, " "0, " "0, " "0, " "0, " "0, " "0, " "0, " "0, " "0, " "0, " "0, "0
 "Nei171, 0.152, " "-0.48, " "0.7, " "0, " "0, " "0, " "0, " "0, " "0, " "0, " "0, " "0, " "0, " "0, " "0, " "0, " "0, " "0, " "0, " "0, " "0, " "0, " "0, " "0, " "0, " "0, " "0, " "0, " "0, " "0, " "0, " "0, " "0, " "0, " "0, " "0, " "0, " "0, " "0, " "0, " "0, " "0, " "0, " "0, " "0, " "0, " "0, " "0, " "0, " "0, " "0, " "0, " "0, " "0, " "0, " "0, " "0, " "0, " "0, " "0, " "0, " "0, " "0, " "0, " "0, " "0, " "0, " "0, " "0, " "0, " "0, " "0, " "0, " "0, " "0, " "0, " "0, " "0, " "0, " "0, " "0, " "0, " "0, " "0, " "0, " "0, " "0, " "0, " "0, " "0, " "0, " "0, " "0, " "0, " "0, " "0, " "0, " "0, " "0, " "0, " "0, " "0, " "0, " "0, " "0, " "0, " "0, " "0, " "0, " "0, " "0, " "0, " "0, " "0, " "0, " "0, " "0, " "0, " "0, " "0, " "0, " "0, " "0, " "0, " "0, " "0, " "0, " "0, " "0, " "0, " "0, " "0, " "0, " "0, " "0, " "0, " "0, " "0, " "0, " "0, " "0, " "0, " "0, " "0, " "0, " "0, " "0, " "0, " "0, " "0, " "0, " "0, " "0, " "0, " "0, " "0, " "0, " "0, " "1, " "1, " "0, " "1, " "1, " "1, " "1, " "1, " "1, " "1, " "1, " "1, " "1, " "1, " "1, " "1, " "0, " "1, " "1, " "1, " "1, " "1, " "1, " "1, " "1, " "1, " "1, " "1, " "1, " "1, " "1, " "1, " "1, " "0, " "0, " "0, " "0, " "0, " "0, " "0, " "0, " "0, " "0, " "0, " "0, " "0, " "0, " "0, " "0, " "0, " "0, " "0, " "0, " "0, " "0, " "0, " "0, " "0, " "0, " "0, " "0, " "0, " "0, " "0, " "0, " "0, " "0, " "0, " "0, " "0, " "0, " "0, " "0, " "0, " "0, " "0, " "0, " "0, " "0, " "0, " "0, " "0, " "0, " "0, " "0, " "0, " "0, " "0, " "0, " "0, " "0, " "0, " "0, " "0, " "0, " "0, " "0, " "0, " "0, " "0, " "0, " "0, "0
 "Nei172, 0.127, " "0.655, " "0.851, " "0, " "0, " "0, " "0, " "0, " "0, " "0, " "0, " "0, " "0, " "0, " "0, " "0, " "0, " "0, " "0, " "0, " "0, " "0, " "0, " "0, " "0, " "0, " "0, " "0, " "0, " "0, " "0, " "0, " "0, " "0, " "0, " "0, " "0, " "0, " "0, " "0, " "0, " "0, " "0, " "0, " "0, " "0, " "0, " "0, " "0, " "0, " "0, " "0, " "0, " "0, " "0, " "0, " "0, " "0, " "0, " "0, " "0, " "0, " "0, " "0, " "0, " "0, " "0, " "0, " "0, " "0, " "0, " "0, " "0, " "0, " "0, " "0, " "0, " "0, " "0, " "0, " "0, " "0, " "0, " "0, " "0, " "0, " "0, " "0, " "0, " "0, " "0, " "0, " "0, " "0, " "0, " "0, " "0, " "0, " "0, " "0, " "0, " "0, " "0, " "0, " "0, " "0, " "0, " "0, " "0, " "0, " "0, " "0, " "0, " "0, " "0, " "0, " "0, " "0, " "0, " "0, " "0, " "0, " "0, " "0, " "0, " "0, " "0, " "0, " "0, " "0, " "0, " "0, " "0, " "0, " "0, " "0, " "0, " "0, " "0, " "0, " "0, " "0, " "0, " "0, " "0, " "0, " "0, " "0, " "0, " "0, " "0, " "0, " "0, " "0, " "0, " "0, " "0, " "0, " "0, " "1, " "1, " "1, " "1, " "1, " "1, " "1, " "1, " "1, " "1, " "1, " "1, " "1, " "0, " "1, " "1, " "0, " "1, " "1, " "1, " "1, " "1, " "1, " "1, " "1, " "1, " "1, " "1, " "1, " "1, " "1, " "1, " "1, " "0, " "0, " "0, " "0, " "0, " "0, " "0, " "0, " "0, " "0, " "0, " "0, " "0, " "1, " "0, " "0, " "0, " "0, " "0, " "0, " "0, " "0, " "0, " "0, " "0, " "0, " "0, " "0, " "0, " "1, " "0, " "0, " "0, " "0, " "0, " "0, " "0, " "0, " "0, " "0, " "0, " "0, " "0, " "0, " "0, " "0, " "0, " "0, " "0, " "0, " "0, " "0, " "0, " "0, " "0, " "0, " "0, " "0, " "0, " "0, " "0, " "0, " "0, " "0, " "0, " "0, " "0, " "0, "0
 "Nei173, 0.117, " "0.833, " "-0.834, " "0, " "0, " "0, " "0, " "0, " "0, " "0, " "0, " "0, " "0, " "0, " "0, " "0, " "0, " "0, " "0, " "0, " "0, " "0, " "0, " "0, " "0, " "0, " "0, " "0, " "0, " "0, " "0, " "0, " "0, " "0, " "0, " "0, " "0, " "0, " "0, " "0, " "0, " "0, " "0, " "0, " "0, " "0, " "0, " "0, " "0, " "0, " "0, " "0, " "0, " "0, " "0, " "0, " "0, " "0, " "0, " "0, " "0, " "0, " "0, " "0, " "0, " "0, " "0, " "0, " "0, " "0, " "0, " "0, " "0, " "0, " "0, " "0, " "0, " "0, " "0, " "0, " "0, " "0, " "0, " "0, " "0, " "1, " "0, " "0, " "0, " "0, " "0, " "0, " "0, " "0, " "0, " "0, " "0, " "0, " "0, " "0, " "0, " "0, " "0, " "0, " "0, " "0, " "0, " "0, " "0, " "0, " "0, " "0, " "0, " "0, " "0, " "0, " "0, " "0, " "0, " "0, " "0, " "0, " "0, " "0, " "0, " "0, " "0, " "0, " "0, " "0, " "0, " "0, " "0, " "0, " "0, " "0, " "0, " "0, " "0, " "0, " "0, " "0, " "0, " "0, " "0, " "0, " "0, " "0, " "0, " "0, " "0, " "0, " "0, " "0, " "0, " "0, " "0, " "0, " "0, " "0, " "1, " "1, " "1, " "1, " "1, " "1, " "1, " "1, " "1, " "1, " "1, " "1, " "1, " "1, " "1, " "1, " "0, " "1, " "1, " "1, " "1, " "1, " "1, " "1, " "1, " "1, " "1, " "0, " "1, " "1, " "1, " "1, " "1, " "0, " "0, " "0, " "0, " "0, " "0, " "0, " "0, " "0, " "0, " "0, " "0, " "0, " "0, " "0, " "0, " "0, " "0, " "0, " "0, " "0, " "0, " "0, " "0, " "0, " "0, " "0, " "0, " "0, " "0, " "0, " "0, " "0, " "0, " "0, " "0, " "0, " "0, " "0, " "0, " "0, " "0, " "0, " "0, " "0, " "0, " "0, " "0, " "0, " "0, " "0, " "0, " "0, " "0, " "0, " "0, " "0, " "0, " "0, " "0, " "0, " "0, " "0, " "0, " "0, " "0, " "0, "0
 "Nei174, 0.038, " "-0.366, " "-0.798, " "0, " "0, " "0, " "0, " "0, " "0, " "0, " "0, " "0, " "0, " "0, " "0, " "0, " "0, " "0, " "0, " "0, " "0, " "0, " "0, " "0, " "0, " "0, " "0, " "0, " "0, " "0, " "0, " "0, " "0, " "0, " "0, " "0, " "0, " "0, " "0, " "0, " "0, " "0, " "0, " "0, " "0, " "0, " "0, " "0, " "0, " "0, " "0, " "0, " "0, " "0, " "0, " "0, " "0, " "0, " "0, " "0, " "0, " "0, " "0, " "0, " "0, " "0, " "0, " "0, " "0, " "0, " "0, " "0, " "0, " "0, " "0, " "0, " "0, " "0, " "0, " "0, " "0, " "0, " "0, " "0, " "0, " "0, " "0, " "0, " "0, " "0, " "0, " "0, " "0, " "0, " "0, " "0, " "0, " "0, " "0, " "0, " "0, " "1, " "0, " "0, " "0, " "0, " "0, " "0, " "0, " "0, " "0, " "0, " "0, " "0, " "0, " "0, " "0, " "0, " "0, " "0, " "0, " "0, " "0, " "0, " "0, " "0, " "0, " "0, " "0, " "0, " "0, " "0, " "0, " "0, " "0, " "0, " "0, " "0, " "0, " "0, " "0, " "0, " "0, " "0, " "0, " "0, " "0, " "0, " "0, " "0, " "0, " "0, " "0, " "0, " "0, " "0, " "0, " "0, " "0, " "0, " "0, " "1, " "1, " "1, " "1, " "1, " "1, " "1, " "1, " "1, " "1, " "1, " "1, " "1, " "1, " "1, " "1, " "0, " "1, " "1, " "1, " "1, " "1, " "1, " "1, " "0, " "1, " "1, " "1, " "1, " "1, " "1, " "1, " "1, " "0, " "0, " "0, " "0, " "0, " "0, " "0, " "0, " "0, " "0, " "0, " "0, " "0, " "0, " "0, " "0, " "0, " "0, " "0, " "0, " "0, " "0, " "0, " "0, " "0, " "0, " "0, " "0, " "0, " "0, " "1, " "0, " "0, " "0, " "0, " "0, " "0, " "0, " "0, " "0, " "0, " "0, " "0, " "0, " "0, " "0, " "0, " "0, " "0, " "0, " "0, " "0, " "0, " "0, " "0, " "0, " "0, " "0, " "0, " "0, " "0, " "0, " "0, " "0, " "0, " "0, "0
 "Nei175, 0.171, " "0.359, " "-0.965, " "0, " "0, " "0, " "0, " "0, " "0, " "0, " "0, " "0, " "0, " "0, " "0, " "0, " "0, " "0, " "0, " "0, " "0, " "0, " "0, " "0, " "0, " "0, " "0, " "0, " "0, " "0, " "0, " "0, " "0, " "0, " "0, " "0, " "0, " "0, " "0, " "0, " "0, " "0, " "0, " "0, " "0, " "0, " "0, " "0, " "0, " "0, " "0, " "0, " "0, " "0, " "0, " "0, " "0, " "0, " "0, " "0, " "0, " "0, " "0, " "0, " "0, " "0, " "0, " "0, " "0, " "0, " "0, " "0, " "0, " "0, " "0, " "0, " "0, " "0, " "0, " "0, " "0, " "0, " "0, " "0, " "0, " "0, " "0, " "0, " "0, " "0, " "0, " "0, " "0, " "0, " "0, " "0, " "0, " "0, " "0, " "0, " "0, " "0, " "0, " "0, " "0, " "0, " "0, " "0, " "0, " "0, " "0, " "0, " "0, " "0, " "0, " "0, " "0, " "0, " "0, " "0, " "0, " "0, " "0, " "0, " "0, " "0, " "0, " "0, " "0, " "0, " "0, " "0, " "0, " "0, " "0, " "0, " "0, " "0, " "0, " "0, " "0, " "0, " "0, " "0, " "0, " "0, " "0, " "0, " "0, " "0, " "0, " "0, " "0, " "0, " "0, " "0, " "0, " "0, " "0, " "0, " "0, " "0, " "1, " "1, " "1, " "1, " "1, " "1, " "1, " "1, " "1, " "1, " "1, " "1, " "1, " "1, " "1, " "1, " "0, " "1, " "1, " "1, " "1, " "1, " "1, " "1, " "1, " "1, " "1, " "1, " "1, " "0, " "1, " "1, " "1, " "0, " "0, " "0, " "0, " "0, " "0, " "0, " "0, " "0, " "0, " "0, " "0, " "0, " "0, " "0, " "0, " "0, " "0, " "0, " "0, " "0, " "0, " "0, " "0, " "0, " "0, " "0, " "0, " "0, " "0, " "0, " "0, " "0, " "0, " "0, " "0, " "0, " "0, " "0, " "0, " "0, " "0, " "0, " "0, " "0, " "1, " "0, " "0, " "0, " "0, " "0, " "0, " "0, " "0, " "0, " "0, " "0, " "0, " "0, " "0, " "0, " "0, " "0, " "0, " "0, "0
 "Nei176, 0.027, " "0.21, " "-0.927, " "0, " "0, " "0, " "0, " "0, " "0, " "0, " "0, " "0, " "0, " "0, " "0, " "0, " "0, " "0, " "0, " "0, " "0, " "0, " "0, " "0, " "0, " "0, " "0, " "0, " "0, " "0, " "0, " "0, " "0, " "0, " "0, " "0, " "0, " "0, " "0, " "0, " "0, " "0, " "0, " "0, " "0, " "0, " "0, " "0, " "0, " "0, " "0, " "0, " "0, " "0, " "0, " "0, " "0, " "0, " "0, " "0, " "0, " "0, " "0, " "0, " "0, " "0, " "0, " "0, " "0, " "0, " "0, " "0, " "0, " "0, " "0, " "0, " "0, " "0, " "0, " "0, " "0, " "0, " "0, " "0, " "0, " "0, " "0, " "0, " "0, " "0, " "0, " "0, " "0, " "0, " "0, " "0, " "0, " "0, " "0, " "0, " "0, " "0, " "0, " "0, " "0, " "0, " "0, " "0, " "0, " "0, " "1, " "0, " "0, " "0, " "0, " "0, " "0, " "0, " "0, " "0, " "0, " "0, " "0, " "0, " "0, " "0, " "0, " "0, " "0, " "0, " "0, " "0, " "0, " "0, " "0, " "0, " "0, " "0, " "0, " "0, " "0, " "0, " "0, " "0, " "0, " "0, " "0, " "0, " "0, " "0, " "0, " "0, " "0, " "0, " "0, " "0, " "0, " "0, " "0, " "0, " "0, " "0, " "0, " "1, " "1, " "1, " "1, " "1, " "1, " "0, " "1, " "1, " "1, " "1, " "1, " "1, " "1, " "1, " "1, " "0, " "1, " "1, " "1, " "1, " "1, " "1, " "1, " "1, " "0, " "1, " "1, " "0, " "1, " "0, " "1, " "1, " "0, " "0, " "0, " "0, " "0, " "0, " "0, " "0, " "0, " "0, " "0, " "0, " "0, " "0, " "0, " "0, " "0, " "0, " "1, " "0, " "0, " "0, " "0, " "0, " "0, " "0, " "0, " "0, " "0, " "0, " "0, " "0, " "0, " "0, " "0, " "0, " "0, " "0, " "0, " "0, " "0, " "1, " "0, " "0, " "0, " "0, " "0, " "0, " "0, " "0, " "0, " "0, " "0, " "0, " "0, " "0, " "0, " "0, " "0, " "0, " "0, " "0, " "0, " "0, "0
 "Nei177, 0.09, " "-0.62, " "0.975, " "0, " "0, " "0, " "0, " "0, " "0, " "0, " "0, " "0, " "0, " "0, " "0, " "0, " "0, " "0, " "0, " "0, " "0, " "0, " "0, " "0, " "0, " "0, " "0, " "0, " "0, " "0, " "0, " "0, " "0, " "0, " "0, " "0, " "0, " "0, " "0, " "0, " "0, " "1, " "0, " "0, " "0, " "0, " "0, " "0, " "0, " "0, " "0, " "0, " "0, " "0, " "0, " "0, " "0, " "0, " "0, " "0, " "0, " "0, " "0, " "0, " "0, " "0, " "0, " "0, " "0, " "0, " "0, " "0, " "0, " "0, " "0, " "0, " "0, " "0, " "0, " "0, " "0, " "0, " "0, " "0, " "0, " "0, " "0, " "0, " "0, " "0, " "0, " "0, " "0, " "0, " "0, " "0, " "0, " "0, " "0, " "0, " "0, " "0, " "0, " "0, " "0, " "0, " "0, " "0, " "0, " "0, " "0, " "0, " "0, " "0, " "0, " "0, " "0, " "0, " "0, " "0, " "0, " "0, " "0, " "0, " "0, " "0, " "0, " "0, " "0, " "0, " "0, " "0, " "0, " "0, " "0, " "0, " "0, " "0, " "0, " "0, " "0, " "0, " "0, " "0, " "0, " "0, " "0, " "0, " "0, " "0, " "0, " "0, " "0, " "0, " "0, " "0, " "0, " "0, " "0, " "0, " "0, " "0, " "0, " "0, " "1, " "1, " "1, " "1, " "1, " "1, " "1, " "1, " "1, " "1, " "1, " "1, " "1, " "1, " "1, " "1, " "0, " "1, " "1, " "1, " "1, " "1, " "1, " "1, " "1, " "1, " "1, " "1, " "1, " "1, " "1, " "0, " "1, " "0, " "0, " "0, " "0, " "0, " "0, " "0, " "0, " "0, " "0, " "0, " "0, " "0, " "0, " "0, " "0, " "0, " "0, " "0, " "0, " "0, " "0, " "0, " "0, " "0, " "0, " "0, " "0, " "0, " "0, " "0, " "0, " "0, " "0, " "0, " "0, " "0, " "0, " "0, " "0, " "0, " "0, " "0, " "0, " "0, " "0, " "0, " "0, " "0, " "0, " "0, " "0, " "0, " "0, " "0, " "0, " "0, " "0, " "0, " "0, " "0, " "0, " "0, "0
 "Nei178, 0.012, " "-0.902, " "-0.113, " "0, " "0, " "0, " "0, " "0, " "0, " "0, " "0, " "0, " "0, " "0, " "0, " "0, " "0, " "0, " "0, " "0, " "0, " "0, " "0, " "0, " "0, " "0, " "0, " "0, " "0, " "0, " "0, " "0, " "0, " "0, " "0, " "0, " "0, " "0, " "0, " "0, " "0, " "0, " "0, " "0, " "0, " "0, " "0, " "0, " "0, " "0, " "0, " "0, " "0, " "0, " "0, " "0, " "0, " "0, " "0, " "0, " "0, " "0, " "0, " "0, " "0, " "0, " "0, " "0, " "0, " "0, " "0, " "0, " "0, " "0, " "0, " "0, " "0, " "0, " "0, " "0, " "0, " "0, " "0, " "0, " "0, " "0, " "0, " "0, " "0, " "0, " "0, " "0, " "0, " "0, " "0, " "0, " "0, " "0, " "0, " "0, " "0, " "0, " "0, " "0, " "0, " "0, " "0, " "0, " "0, " "0, " "0, " "0, " "0, " "0, " "0, " "0, " "0, " "0, " "0, " "0, " "0, " "0, " "0, " "0, " "0, " "0, " "0, " "0, " "0, " "0, " "0, " "0, " "0, " "0, " "0, " "0, " "0, " "0, " "0, " "0, " "0, " "0, " "0, " "0, " "0, " "0, " "0, " "0, " "0, " "0, " "0, " "0, " "0, " "0, " "0, " "0, " "0, " "0, " "0, " "0, " "0, " "0, " "0, " "0, " "0, " "1, " "1, " "1, " "1, " "1, " "1, " "1, " "1, " "1, " "1, " "1, " "1, " "1, " "1, " "1, " "1, " "0, " "1, " "1, " "1, " "1, " "1, " "1, " "1, " "1, " "1, " "1, " "1, " "1, " "1, " "1, " "1, " "1, " "0, " "0, " "0, " "0, " "0, " "0, " "0, " "0, " "0, " "0, " "0, " "0, " "0, " "0, " "0, " "0, " "0, " "0, " "0, " "0, " "0, " "0, " "0, " "0, " "0, " "0, " "0, " "0, " "0, " "0, " "0, " "0, " "0, " "0, " "0, " "0, " "0, " "0, " "0, " "0, " "0, " "0, " "0, " "0, " "0, " "0, " "0, " "0, " "0, " "0, " "0, " "0, " "0, " "0, " "0, " "0, " "0, " "0, " "0, " "0, " "0, " "0, "0
 "Nei179, 0.123, " "0.289, " "0.885, " "0, " "0, " "0, " "0, " "0, " "0, " "0, " "0, " "0, " "0, " "0, " "0, " "0, " "0, " "0, " "0, " "0, " "0, " "0, " "0, " "0, " "0, " "0, " "0, " "0, " "0, " "0, " "0, " "0, " "0, " "0, " "0, " "0, " "0, " "0, " "0, " "0, " "0, " "0, " "0, " "0, " "0, " "0, " "0, " "0, " "0, " "0, " "0, " "0, " "0, " "0, " "0, " "0, " "0, " "0, " "0, " "0, " "0, " "0, " "0, " "0, " "0, " "0, " "0, " "0, " "0, " "0, " "0, " "0, " "0, " "0, " "0, " "0, " "0, " "0, " "0, " "0, " "0, " "0, " "0, " "0, " "0, " "0, " "0, " "0, " "0, " "0, " "0, " "0, " "0, " "0, " "0, " "0, " "0, " "0, " "0, " "0, " "0, " "0, " "0, " "0, " "0, " "0, " "0, " "0, " "0, " "0, " "0, " "0, " "0, " "0, " "0, " "0, " "0, " "0, " "0, " "0, " "0, " "0, " "0, " "0, " "0, " "0, " "0, " "0, " "0, " "0, " "0, " "0, " "0, " "0, " "0, " "0, " "0, " "0, " "0, " "0, " "0, " "0, " "0, " "0, " "0, " "0, " "0, " "0, " "0, " "0, " "0, " "0, " "0, " "0, " "0, " "0, " "0, " "0, " "0, " "0, " "0, " "0, " "0, " "0, " "0, " "0, " "1, " "1, " "1, " "1, " "1, " "1, " "1, " "1, " "1, " "1, " "1, " "1, " "1, " "1, " "1, " "1, " "0, " "1, " "1, " "1, " "1, " "1, " "1, " "1, " "1, " "1, " "1, " "1, " "1, " "1, " "1, " "1, " "1, " "0, " "0, " "0, " "0, " "0, " "0, " "0, " "0, " "0, " "0, " "0, " "0, " "0, " "0, " "0, " "0, " "0, " "0, " "0, " "0, " "0, " "0, " "0, " "0, " "0, " "0, " "0, " "0, " "0, " "0, " "0, " "0, " "0, " "0, " "0, " "0, " "0, " "0, " "0, " "0, " "0, " "0, " "0, " "0, " "0, " "0, " "0, " "0, " "0, " "0, " "0, " "0, " "0, " "0, " "0, " "0, " "0, " "0, " "0, " "0, " "0, "0
 "Nei180, 0.195, " "0.432, " "-0.056, " "0, " "0, " "0, " "0, " "0, " "0, " "0, " "0, " "0, " "0, " "0, " "0, " "0, " "0, " "0, " "0, " "0, " "0, " "0, " "0, " "0, " "0, " "0, " "0, " "0, " "0, " "0, " "0, " "0, " "0, " "0, " "0, " "0, " "0, " "0, " "0, " "0, " "0, " "0, " "0, " "0, " "0, " "0, " "0, " "0, " "0, " "0, " "0, " "0, " "0, " "0, " "0, " "0, " "0, " "0, " "0, " "0, " "0, " "0, " "0, " "0, " "0, " "0, " "0, " "0, " "0, " "0, " "0, " "0, " "0, " "0, " "0, " "0, " "0, " "0, " "0, " "0, " "0, " "0, " "0, " "0, " "0, " "0, " "0, " "0, " "0, " "0, " "0, " "0, " "0, " "0, " "0, " "0, " "0, " "0, " "0, " "0, " "0, " "0, " "0, " "0, " "0, " "0, " "0, " "0, " "0, " "0, " "0, " "0, " "0, " "0, " "0, " "0, " "0, " "0, " "0, " "0, " "0, " "0, " "0, " "0, " "0, " "0, " "1, " "0, " "0, " "0, " "0, " "0, " "0, " "0, " "0, " "0, " "0, " "0, " "0, " "0, " "0, " "0, " "0, " "0, " "0, " "0, " "0, " "0, " "0, " "0, " "0, " "0, " "0, " "0, " "0, " "0, " "0, " "0, " "0, " "0, " "0, " "0, " "0, " "0, " "0, " "0, " "0, " "1, " "0, " "1, " "1, " "1, " "1, " "1, " "1, " "1, " "1, " "1, " "1, " "1, " "1, " "1, " "1, " "0, " "1, " "1, " "1, " "1, " "0, " "1, " "1, " "1, " "1, " "1, " "1, " "1, " "1, " "1, " "1, " "1, " "0, " "0, " "0, " "0, " "0, " "0, " "0, " "0, " "0, " "0, " "0, " "0, " "0, " "0, " "0, " "0, " "0, " "0, " "0, " "0, " "0, " "0, " "0, " "0, " "0, " "0, " "0, " "0, " "0, " "0, " "0, " "0, " "0, " "0, " "0, " "0, " "0, " "0, " "0, " "0, " "0, " "0, " "0, " "0, " "0, " "0, " "0, " "0, " "0, " "0, " "0, " "0, " "0, " "0, " "0, " "0, " "0, " "0, " "0, " "0, "0
 "Nei181, 0.067, " "0.089, " "-0.21, " "0, " "0, " "0, " "0, " "0, " "0, " "0, " "0, " "0, " "0, " "0, " "0, " "0, " "0, " "0, " "0, " "0, " "0, " "0, " "0, " "0, " "0, " "0, " "0, " "0, " "0, " "0, " "0, " "0, " "0, " "0, " "0, " "0, " "0, " "0, " "0, " "0, " "0, " "0, " "0, " "0, " "0, " "0, " "0, " "0, " "0, " "0, " "0, " "0, " "0, " "0, " "0, " "0, " "0, " "0, " "0, " "0, " "0, " "0, " "0, " "0, " "0, " "0, " "0, " "0, " "0, " "0, " "0, " "0, " "0, " "0, " "0, " "0, " "0, " "0, " "0, " "0, " "0, " "0, " "0, " "0, " "0, " "0, " "0, " "0, " "0, " "0, " "0, " "0, " "0, " "0, " "0, " "0, " "0, " "0, " "0, " "0, " "0, " "0, " "0, " "0, " "0, " "0, " "0, " "0, " "0, " "0, " "0, " "0, " "0, " "0, " "0, " "0, " "0, " "0, " "0, " "0, " "0, " "0, " "0, " "1, " "1, " "0, " "0, " "0, " "0, " "0, " "0, " "0, " "0, " "0, " "0, " "0, " "0, " "0, " "0, " "0, " "0, " "0, " "0, " "0, " "0, " "0, " "0, " "0, " "0, " "0, " "0, " "0, " "0, " "0, " "0, " "0, " "0, " "0, " "0, " "0, " "0, " "0, " "0, " "0, " "0, " "0, " "0, " "0, " "1, " "1, " "1, " "1, " "1, " "1, " "1, " "1, " "1, " "1, " "1, " "1, " "1, " "1, " "1, " "1, " "0, " "1, " "1, " "1, " "1, " "1, " "1, " "1, " "1, " "1, " "1, " "1, " "1, " "1, " "1, " "1, " "1, " "0, " "0, " "0, " "0, " "0, " "0, " "0, " "0, " "0, " "0, " "0, " "0, " "0, " "0, " "0, " "0, " "0, " "0, " "0, " "0, " "0, " "0, " "0, " "0, " "0, " "0, " "0, " "0, " "0, " "0, " "0, " "0, " "0, " "0, " "0, " "0, " "0, " "0, " "0, " "0, " "0, " "0, " "0, " "0, " "0, " "0, " "0, " "0, " "0, " "0, " "0, " "0, " "0, " "0, " "0, " "0, " "0, " "0, " "0, "0
 "Nei182, 0.076, " "0.679, " "-0.74, " "0, " "0, " "0, " "0, " "0, " "0, " "0, " "0, " "0, " "0, " "0, " "0, " "0, " "0, " "0, " "0, " "0, " "0, " "0, " "0, " "0, " "0, " "0, " "0, " "0, " "0, " "0, " "0, " "0, " "0, " "0, " "0, " "0, " "0, " "0, " "0, " "0, " "0, " "0, " "0, " "0, " "0, " "0, " "0, " "0, " "0, " "0, " "0, " "0, " "0, " "0, " "0, " "0, " "0, " "0, " "0, " "0, " "0, " "0, " "0, " "0, " "0, " "0, " "0, " "0, " "0, " "0, " "0, " "0, " "0, " "0, " "0, " "0, " "0, " "0, " "0, " "0, " "0, " "0, " "0, " "0, " "0, " "0, " "0, " "0, " "1, " "0, " "0, " "0, " "0, " "0, " "0, " "0, " "0, " "0, " "0, " "0, " "0, " "0, " "0, " "0, " "0, " "0, " "0, " "0, " "0, " "0, " "0, " "0, " "0, " "0, " "0, " "0, " "0, " "0, " "0, " "0, " "0, " "0, " "0, " "0, " "0, " "0, " "0, " "0, " "0, " "0, " "0, " "0, " "0, " "0, " "0, " "0, " "0, " "0, " "0, " "0, " "0, " "0, " "1, " "0, " "0, " "0, " "0, " "0, " "0, " "0, " "0, " "0, " "0, " "0, " "0, " "0, " "0, " "0, " "0, " "0, " "0, " "0, " "0, " "0, " "0, " "0, " "0, " "0, " "0, " "1, " "1, " "1, " "0, " "1, " "1, " "1, " "1, " "0, " "1, " "1, " "1, " "1, " "1, " "1, " "1, " "0, " "1, " "1, " "1, " "1, " "1, " "1, " "0, " "1, " "1, " "1, " "1, " "1, " "1, " "1, " "1, " "0, " "1, " "0, " "0, " "0, " "0, " "0, " "0, " "0, " "0, " "0, " "0, " "0, " "0, " "0, " "0, " "0, " "0, " "0, " "0, " "0, " "0, " "0, " "0, " "0, " "0, " "0, " "0, " "0, " "0, " "0, " "0, " "0, " "0, " "0, " "0, " "0, " "0, " "0, " "0, " "0, " "0, " "0, " "0, " "0, " "0, " "0, " "0, " "0, " "0, " "0, " "0, " "0, " "0, " "0, " "0, " "0, " "0, " "0, "0
 "Nei183, 0.001, " "0.015, " "0.867, " "0, " "0, " "0, " "0, " "0, " "0, " "0, " "0, " "0, " "0, " "0, " "0, " "0, " "0, " "0, " "0, " "0, " "0, " "0, " "0, " "0, " "0, " "0, " "0, " "0, " "0, " "0, " "0, " "0, " "0, " "0, " "0, " "0, " "0, " "0, " "0, " "0, " "0, " "0, " "0, " "0, " "0, " "0, " "0, " "0, " "0, " "0, " "0, " "0, " "0, " "0, " "0, " "0, " "0, " "0, " "0, " "0, " "0, " "0, " "0, " "0, " "0, " "0, " "0, " "0, " "0, " "0, " "0, " "0, " "0, " "0, " "0, " "0, " "0, " "0, " "0, " "0, " "0, " "0, " "0, " "0, " "0, " "0, " "0, " "0, " "0, " "0, " "0, " "0, " "0, " "0, " "0, " "0, " "0, " "0, " "0, " "0, " "0, " "0, " "0, " "0, " "0, " "0, " "0, " "0, " "0, " "0, " "0, " "0, " "0, " "0, " "0, " "0, " "0, " "0, " "0, " "0, " "0, " "0, " "0, " "0, " "0, " "0, " "0, " "0, " "0, " "0, " "0, " "0, " "0, " "0, " "0, " "0, " "0, " "0, " "0, " "0, " "0, " "0, " "0, " "0, " "0, " "0, " "0, " "0, " "0, " "0, " "0, " "0, " "0, " "0, " "0, " "0, " "0, " "0, " "0, " "0, " "0, " "0, " "0, " "0, " "0, " "0, " "0, " "0, " "0, " "1, " "1, " "1, " "1, " "1, " "1, " "1, " "1, " "1, " "1, " "1, " "1, " "1, " "1, " "1, " "1, " "1, " "0, " "1, " "1, " "1, " "1, " "1, " "1, " "1, " "1, " "1, " "1, " "1, " "1, " "1, " "1, " "1, " "1, " "0, " "0, " "0, " "0, " "0, " "0, " "0, " "0, " "0, " "0, " "0, " "0, " "0, " "0, " "0, " "0, " "0, " "0, " "0, " "0, " "0, " "0, " "0, " "0, " "0, " "0, " "0, " "0, " "0, " "0, " "0, " "0, " "0, " "0, " "0, " "0, " "0, " "0, " "0, " "0, " "0, " "0, " "0, " "0, " "0, " "0, " "0, " "0, " "0, " "0, " "0, " "0, " "0, " "0, " "0, " "0, " "0, "0
 "Nei184, 0.195, " "-0.141, " "-0.994, " "0, " "0, " "0, " "0, " "0, " "0, " "0, " "0, " "0, " "0, " "0, " "0, " "0, " "0, " "0, " "0, " "0, " "0, " "0, " "0, " "0, " "0, " "0, " "0, " "0, " "0, " "0, " "0, " "0, " "0, " "0, " "0, " "0, " "0, " "0, " "0, " "0, " "0, " "0, " "0, " "0, " "0, " "0, " "0, " "0, " "0, " "0, " "0, " "0, " "0, " "0, " "0, " "0, " "0, " "0, " "0, " "0, " "0, " "0, " "1, " "0, " "0, " "0, " "0, " "0, " "0, " "0, " "0, " "0, " "0, " "0, " "0, " "0, " "0, " "0, " "0, " "0, " "0, " "0, " "0, " "0, " "0, " "0, " "0, " "0, " "0, " "0, " "0, " "0, " "0, " "0, " "0, " "0, " "0, " "0, " "0, " "0, " "0, " "0, " "0, " "0, " "0, " "0, " "0, " "0, " "0, " "0, " "0, " "0, " "0, " "0, " "0, " "0, " "0, " "0, " "0, " "0, " "0, " "0, " "0, " "0, " "0, " "0, " "0, " "0, " "0, " "0, " "0, " "0, " "0, " "0, " "0, " "0, " "0, " "0, " "0, " "0, " "0, " "0, " "0, " "0, " "0, " "0, " "0, " "0, " "0, " "0, " "0, " "0, " "0, " "0, " "0, " "0, " "0, " "0, " "0, " "0, " "0, " "0, " "0, " "0, " "0, " "0, " "0, " "0, " "0, " "0, " "0, " "1, " "1, " "1, " "1, " "1, " "0, " "1, " "1, " "1, " "1, " "1, " "1, " "1, " "1, " "1, " "1, " "0, " "1, " "1, " "1, " "1, " "1, " "1, " "1, " "1, " "1, " "1, " "1, " "1, " "1, " "1, " "1, " "0, " "0, " "0, " "0, " "0, " "0, " "0, " "0, " "0, " "0, " "0, " "0, " "0, " "0, " "0, " "0, " "0, " "0, " "0, " "0, " "0, " "0, " "0, " "0, " "0, " "0, " "0, " "0, " "0, " "0, " "0, " "0, " "0, " "0, " "0, " "0, " "0, " "0, " "0, " "0, " "0, " "0, " "0, " "0, " "0, " "0, " "0, " "0, " "0, " "0, " "0, " "0, " "0, " "0, " "0, " "0, " "0, "0
 "Nei185, 0.106, " "-0.574, " "-0.151, " "0, " "0, " "0, " "0, " "0, " "0, " "0, " "0, " "0, " "0, " "0, " "0, " "0, " "0, " "0, " "0, " "0, " "0, " "0, " "0, " "0, " "0, " "0, " "0, " "0, " "0, " "0, " "0, " "0, " "0, " "0, " "0, " "0, " "0, " "0, " "0, " "0, " "0, " "0, " "0, " "0, " "0, " "0, " "0, " "0, " "0, " "0, " "0, " "0, " "0, " "0, " "0, " "0, " "0, " "0, " "0, " "0, " "0, " "0, " "0, " "0, " "0, " "0, " "0, " "0, " "0, " "0, " "0, " "0, " "0, " "0, " "0, " "0, " "0, " "0, " "0, " "0, " "0, " "0, " "0, " "0, " "0, " "0, " "0, " "0, " "0, " "0, " "0, " "0, " "0, " "0, " "0, " "0, " "0, " "0, " "0, " "0, " "0, " "0, " "0, " "0, " "0, " "0, " "0, " "0, " "0, " "0, " "0, " "0, " "0, " "0, " "0, " "0, " "0, " "0, " "0, " "0, " "0, " "0, " "0, " "0, " "0, " "0, " "0, " "0, " "0, " "0, " "0, " "0, " "0, " "0, " "0, " "0, " "0, " "0, " "0, " "0, " "0, " "0, " "0, " "0, " "0, " "0, " "0, " "0, " "0, " "0, " "0, " "1, " "0, " "0, " "0, " "0, " "0, " "0, " "0, " "0, " "0, " "0, " "0, " "0, " "0, " "0, " "0, " "0, " "0, " "0, " "0, " "0, " "1, " "1, " "1, " "1, " "1, " "1, " "1, " "0, " "1, " "1, " "1, " "0, " "1, " "1, " "1, " "1, " "0, " "1, " "0, " "1, " "1, " "1, " "1, " "1, " "1, " "1, " "1, " "1, " "1, " "1, " "1, " "1, " "1, " "0, " "0, " "0, " "0, " "0, " "0, " "0, " "0, " "0, " "0, " "0, " "0, " "0, " "0, " "0, " "0, " "0, " "0, " "0, " "0, " "0, " "0, " "0, " "0, " "0, " "0, " "0, " "0, " "0, " "0, " "0, " "0, " "0, " "0, " "0, " "0, " "0, " "0, " "0, " "0, " "0, " "0, " "0, " "0, " "0, " "0, " "0, " "0, " "0, " "0, " "0, " "0, " "0, " "0, " "0, "0
 "Nei186, 0.195, " "0.267, " "0.29, " "0, " "0, " "0, " "0, " "0, " "0, " "0, " "0, " "0, " "0, " "0, " "0, " "0, " "0, " "0, " "0, " "0, " "0, " "0, " "0, " "0, " "0, " "0, " "0, " "0, " "0, " "0, " "0, " "0, " "0, " "0, " "0, " "0, " "0, " "0, " "0, " "0, " "0, " "0, " "0, " "0, " "0, " "0, " "0, " "0, " "0, " "0, " "0, " "0, " "0, " "0, " "0, " "0, " "0, " "0, " "0, " "0, " "0, " "0, " "0, " "0, " "0, " "0, " "0, " "0, " "0, " "0, " "0, " "0, " "0, " "0, " "0, " "0, " "0, " "0, " "0, " "0, " "0, " "0, " "0, " "0, " "0, " "0, " "0, " "0, " "0, " "0, " "0, " "0, " "0, " "0, " "0, " "0, " "0, " "0, " "0, " "0, " "0, " "0, " "0, " "0, " "0, " "0, " "0, " "0, " "0, " "0, " "0, " "0, " "0, " "0, " "0, " "0, " "0, " "0, " "0, " "0, " "0, " "0, " "0, " "0, " "0, " "0, " "0, " "0, " "0, " "0, " "0, " "0, " "0, " "0, " "0, " "0, " "0, " "0, " "0, " "0, " "0, " "0, " "0, " "0, " "0, " "0, " "0, " "0, " "0, " "0, " "0, " "0, " "0, " "0, " "0, " "0, " "0, " "0, " "0, " "0, " "0, " "0, " "0, " "0, " "0, " "0, " "0, " "0, " "0, " "0, " "0, " "0, " "0, " "0, " "1, " "1, " "1, " "1, " "1, " "1, " "1, " "1, " "1, " "1, " "1, " "1, " "1, " "1, " "1, " "0, " "1, " "1, " "1, " "1, " "1, " "1, " "1, " "1, " "1, " "1, " "1, " "1, " "1, " "1, " "1, " "1, " "0, " "0, " "0, " "0, " "0, " "0, " "0, " "0, " "0, " "0, " "0, " "0, " "0, " "0, " "0, " "0, " "0, " "0, " "0, " "0, " "0, " "0, " "0, " "0, " "0, " "0, " "0, " "0, " "0, " "0, " "0, " "0, " "0, " "0, " "0, " "0, " "0, " "0, " "0, " "0, " "0, " "0, " "0, " "0, " "0, " "0, " "0, " "0, " "0, " "0, " "0, " "0, " "0, " "0, "0
 "Nei187, 0.015, " "0.74, " "0.411, " "0, " "0, " "0, " "0, " "0, " "0, " "0, " "0, " "0, " "0, " "0, " "0, " "0, " "0, " "0, " "0, " "0, " "0, " "0, " "0, " "0, " "0, " "0, " "0, " "0, " "0, " "0, " "0, " "0, " "0, " "0, " "0, " "0, " "0, " "0, " "0, " "0, " "0, " "0, " "0, " "0, " "0, " "0, " "0, " "0, " "0, " "0, " "0, " "0, " "0, " "0, " "0, " "0, " "0, " "0, " "0, " "0, " "0, " "0, " "0, " "0, " "0, " "0, " "0, " "0, " "0, " "0, " "0, " "0, " "0, " "0, " "0, " "0, " "0, " "0, " "0, " "0, " "0, " "0, " "0, " "0, " "0, " "0, " "0, " "0, " "0, " "0, " "0, " "0, " "0, " "0, " "0, " "0, " "0, " "0, " "0, " "0, " "0, " "0, " "0, " "0, " "0, " "0, " "0, " "0, " "0, " "0, " "0, " "0, " "0, " "0, " "0, " "0, " "0, " "0, " "0, " "0, " "0, " "0, " "0, " "0, " "0, " "0, " "0, " "0, " "0, " "0, " "0, " "0, " "0, " "0, " "0, " "0, " "0, " "0, " "0, " "0, " "0, " "0, " "0, " "0, " "0, " "0, " "0, " "0, " "0, " "0, " "0, " "0, " "0, " "0, " "0, " "0, " "0, " "0, " "0, " "0, " "0, " "0, " "0, " "0, " "0, " "0, " "0, " "0, " "0, " "0, " "0, " "0, " "0, " "0, " "1, " "1, " "1, " "1, " "1, " "1, " "1, " "1, " "1, " "1, " "1, " "1, " "1, " "1, " "0, " "1, " "0, " "1, " "1, " "1, " "1, " "1, " "1, " "1, " "1, " "1, " "1, " "1, " "1, " "1, " "1, " "1, " "1, " "0, " "0, " "0, " "0, " "0, " "0, " "0, " "0, " "0, " "0, " "0, " "0, " "0, " "0, " "0, " "0, " "0, " "0, " "0, " "0, " "0, " "0, " "0, " "0, " "0, " "0, " "0, " "0, " "0, " "0, " "0, " "0, " "0, " "0, " "0, " "0, " "0, " "0, " "0, " "0, " "0, " "0, " "0, " "0, " "0, " "0, " "0, " "0, " "0, " "0, " "0, " "0, " "0, "0
 "Nei188, 0.11, " "0.373, " "-0.81, " "0, " "0, " "0, " "0, " "0, " "0, " "0, " "0, " "0, " "0, " "0, " "0, " "0, " "0, " "0, " "0, " "0, " "0, " "0, " "0, " "0, " "0, " "0, " "0, " "0, " "0, " "0, " "0, " "0, " "0, " "0, " "0, " "0, " "0, " "0, " "0, " "0, " "0, " "0, " "0, " "0, " "0, " "0, " "0, " "0, " "0, " "0, " "0, " "0, " "0, " "0, " "0, " "0, " "0, " "0, " "0, " "0, " "0, " "0, " "0, " "0, " "0, " "0, " "0, " "0, " "0, " "0, " "0, " "0, " "0, " "0, " "0, " "0, " "0, " "0, " "0, " "0, " "0, " "0, " "0, " "0, " "0, " "0, " "0, " "0, " "0, " "0, " "0, " "0, " "0, " "0, " "0, " "0, " "0, " "0, " "0, " "0, " "0, " "0, " "0, " "0, " "0, " "0, " "0, " "0, " "0, " "0, " "0, " "0, " "0, " "0, " "0, " "0, " "0, " "0, " "0, " "0, " "0, " "0, " "0, " "0, " "0, " "0, " "0, " "0, " "0, " "0, " "0, " "0, " "0, " "0, " "0, " "0, " "0, " "0, " "0, " "0, " "0, " "0, " "0, " "0, " "0, " "0, " "0, " "0, " "0, " "0, " "0, " "0, " "0, " "0, " "0, " "0, " "0, " "0, " "0, " "0, " "0, " "0, " "0, " "0, " "0, " "0, " "0, " "0, " "0, " "0, " "0, " "0, " "0, " "0, " "0, " "1, " "1, " "1, " "0, " "0, " "1, " "1, " "1, " "1, " "1, " "1, " "1, " "1, " "1, " "1, " "1, " "0, " "1, " "1, " "1, " "1, " "1, " "1, " "1, " "1, " "1, " "1, " "1, " "1, " "1, " "1, " "1, " "1, " "0, " "0, " "0, " "0, " "0, " "0, " "0, " "0, " "0, " "0, " "0, " "0, " "0, " "0, " "0, " "0, " "0, " "0, " "0, " "0, " "0, " "0, " "0, " "0, " "0, " "0, " "0, " "0, " "0, " "0, " "0, " "0, " "0, " "0, " "0, " "0, " "0, " "0, " "0, " "0, " "0, " "0, " "0, " "0, " "0, " "0, " "0, " "0, " "0, " "0, " "0, " "0, "0
 "Nei189, 0.169, " "-0.488, " "0.609, " "0, " "0, " "0, " "0, " "0, " "0, " "0, " "0, " "0, " "0, " "0, " "0, " "0, " "0, " "0, " "0, " "0, " "0, " "0, " "0, " "0, " "0, " "0, " "0, " "0, " "0, " "0, " "0, " "0, " "0, " "0, " "0, " "0, " "0, " "0, " "0, " "0, " "0, " "0, " "0, " "0, " "0, " "0, " "0, " "0, " "0, " "0, " "0, " "0, " "0, " "0, " "0, " "0, " "0, " "0, " "0, " "0, " "0, " "0, " "0, " "0, " "0, " "0, " "0, " "0, " "0, " "0, " "0, " "0, " "0, " "0, " "0, " "1, " "0, " "0, " "0, " "0, " "0, " "0, " "0, " "0, " "0, " "0, " "0, " "0, " "0, " "0, " "0, " "0, " "0, " "0, " "0, " "0, " "0, " "0, " "0, " "0, " "0, " "0, " "0, " "1, " "0, " "0, " "0, " "0, " "0, " "0, " "0, " "0, " "0, " "0, " "0, " "0, " "0, " "0, " "0, " "0, " "0, " "0, " "0, " "0, " "0, " "0, " "0, " "0, " "0, " "0, " "0, " "0, " "0, " "0, " "0, " "0, " "0, " "0, " "0, " "0, " "0, " "0, " "0, " "0, " "0, " "0, " "0, " "0, " "0, " "0, " "0, " "0, " "0, " "0, " "0, " "0, " "0, " "0, " "0, " "0, " "0, " "0, " "0, " "0, " "0, " "0, " "0, " "0, " "0, " "0, " "0, " "0, " "0, " "0, " "0, " "0, " "1, " "1, " "1, " "1, " "1, " "1, " "1, " "1, " "1, " "0, " "1, " "1, " "1, " "1, " "1, " "1, " "0, " "1, " "1, " "1, " "1, " "0, " "1, " "1, " "1, " "1, " "1, " "1, " "1, " "1, " "1, " "1, " "0, " "0, " "0, " "0, " "0, " "0, " "0, " "0, " "0, " "0, " "0, " "0, " "0, " "0, " "0, " "0, " "0, " "0, " "0, " "0, " "0, " "0, " "0, " "0, " "0, " "0, " "0, " "0, " "0, " "0, " "0, " "0, " "0, " "0, " "0, " "0, " "0, " "0, " "0, " "0, " "0, " "0, " "0, " "0, " "0, " "0, " "0, " "0, " "0, " "0, " "0, " "0, "0
 "Nei190, 0.178, " "0.145, " "0.749, " "0, " "0, " "0, " "0, " "0, " "0, " "0, " "0, " "0, " "0, " "0, " "0, " "0, " "0, " "0, " "0, " "0, " "0, " "0, " "0, " "0, " "0, " "0, " "0, " "0, " "0, " "0, " "0, " "0, " "0, " "0, " "0, " "0, " "0, " "0, " "0, " "0, " "0, " "0, " "0, " "0, " "0, " "0, " "0, " "0, " "0, " "0, " "0, " "0, " "0, " "0, " "0, " "0, " "0, " "0, " "0, " "0, " "0, " "0, " "0, " "0, " "0, " "0, " "0, " "0, " "0, " "0, " "0, " "0, " "0, " "0, " "0, " "0, " "0, " "0, " "0, " "0, " "0, " "0, " "0, " "0, " "0, " "0, " "0, " "0, " "0, " "0, " "0, " "0, " "0, " "0, " "0, " "0, " "0, " "0, " "0, " "0, " "0, " "0, " "0, " "0, " "0, " "0, " "0, " "0, " "0, " "0, " "0, " "0, " "0, " "0, " "0, " "0, " "0, " "0, " "0, " "0, " "0, " "0, " "0, " "0, " "0, " "0, " "0, " "0, " "0, " "0, " "0, " "0, " "0, " "0, " "0, " "0, " "0, " "0, " "0, " "0, " "0, " "0, " "0, " "0, " "0, " "0, " "0, " "0, " "0, " "0, " "0, " "0, " "0, " "0, " "0, " "0, " "0, " "0, " "0, " "0, " "0, " "0, " "0, " "0, " "0, " "0, " "0, " "0, " "0, " "0, " "0, " "0, " "0, " "0, " "0, " "0, " "0, " "1, " "1, " "0, " "1, " "1, " "1, " "1, " "1, " "1, " "1, " "1, " "1, " "1, " "1, " "1, " "1, " "0, " "1, " "1, " "1, " "1, " "1, " "1, " "1, " "1, " "1, " "0, " "1, " "1, " "1, " "1, " "1, " "1, " "0, " "0, " "0, " "0, " "0, " "0, " "0, " "0, " "0, " "0, " "0, " "0, " "0, " "0, " "0, " "0, " "0, " "0, " "0, " "0, " "0, " "0, " "0, " "0, " "0, " "0, " "0, " "0, " "0, " "0, " "0, " "0, " "0, " "1, " "0, " "0, " "0, " "0, " "0, " "0, " "0, " "0, " "0, " "0, " "0, " "0, " "0, " "0, " "0, " "0, "0
 "Nei191, 0.005, " "-0.878, " "0.938, " "0, " "0, " "0, " "0, " "0, " "0, " "0, " "0, " "0, " "0, " "0, " "0, " "0, " "0, " "0, " "0, " "0, " "0, " "0, " "0, " "0, " "0, " "0, " "0, " "0, " "0, " "0, " "0, " "0, " "0, " "0, " "0, " "0, " "0, " "0, " "0, " "0, " "0, " "0, " "0, " "0, " "0, " "0, " "0, " "0, " "0, " "0, " "0, " "0, " "0, " "0, " "0, " "0, " "0, " "0, " "0, " "0, " "0, " "0, " "0, " "0, " "0, " "0, " "0, " "0, " "0, " "0, " "0, " "0, " "0, " "0, " "0, " "0, " "0, " "0, " "0, " "0, " "0, " "0, " "0, " "0, " "0, " "0, " "0, " "0, " "0, " "0, " "0, " "0, " "0, " "0, " "0, " "0, " "0, " "0, " "0, " "0, " "0, " "0, " "0, " "0, " "0, " "0, " "0, " "0, " "0, " "0, " "0, " "0, " "0, " "0, " "0, " "0, " "0, " "0, " "0, " "0, " "0, " "0, " "0, " "0, " "0, " "0, " "0, " "0, " "0, " "0, " "0, " "0, " "0, " "0, " "0, " "0, " "0, " "0, " "0, " "0, " "0, " "0, " "0, " "0, " "0, " "0, " "0, " "0, " "0, " "0, " "0, " "0, " "0, " "0, " "0, " "0, " "0, " "0, " "0, " "0, " "0, " "0, " "0, " "0, " "0, " "0, " "0, " "0, " "0, " "0, " "0, " "0, " "0, " "0, " "0, " "0, " "0, " "0, " "1, " "1, " "1, " "1, " "1, " "1, " "1, " "1, " "1, " "1, " "1, " "1, " "1, " "1, " "1, " "1, " "0, " "1, " "1, " "1, " "1, " "1, " "1, " "1, " "1, " "1, " "1, " "1, " "1, " "1, " "1, " "1, " "1, " "0, " "0, " "0, " "0, " "0, " "0, " "0, " "0, " "0, " "0, " "0, " "0, " "0, " "0, " "0, " "0, " "0, " "0, " "0, " "0, " "0, " "0, " "0, " "0, " "0, " "0, " "0, " "0, " "0, " "0, " "0, " "0, " "0, " "0, " "0, " "0, " "0, " "0, " "0, " "0, " "0, " "0, " "0, " "0, " "0, " "0, " "0, " "0, " "0, "0
 "Nei192, 0.108, " "0.906, " "0.489, " "0, " "0, " "0, " "0, " "0, " "0, " "0, " "0, " "0, " "0, " "0, " "0, " "0, " "0, " "0, " "0, " "0, " "0, " "0, " "0, " "0, " "0, " "0, " "0, " "0, " "0, " "0, " "0, " "0, " "0, " "0, " "0, " "0, " "0, " "0, " "0, " "0, " "0, " "0, " "0, " "0, " "0, " "0, " "0, " "0, " "0, " "0, " "0, " "0, " "0, " "0, " "0, " "0, " "0, " "0, " "0, " "0, " "0, " "0, " "0, " "0, " "0, " "0, " "0, " "0, " "0, " "0, " "0, " "0, " "0, " "0, " "0, " "0, " "0, " "0, " "0, " "0, " "0, " "0, " "0, " "1, " "0, " "0, " "0, " "0, " "0, " "0, " "0, " "0, " "0, " "0, " "0, " "0, " "0, " "0, " "0, " "0, " "0, " "0, " "0, " "0, " "0, " "0, " "0, " "0, " "0, " "0, " "0, " "0, " "0, " "0, " "0, " "0, " "0, " "0, " "0, " "0, " "0, " "0, " "0, " "1, " "0, " "0, " "0, " "0, " "0, " "0, " "0, " "0, " "0, " "0, " "0, " "0, " "0, " "0, " "0, " "0, " "0, " "0, " "0, " "0, " "0, " "0, " "0, " "0, " "0, " "0, " "0, " "0, " "0, " "0, " "0, " "0, " "0, " "0, " "0, " "0, " "0, " "0, " "0, " "0, " "0, " "0, " "0, " "0, " "0, " "0, " "0, " "0, " "0, " "0, " "0, " "0, " "0, " "0, " "0, " "1, " "0, " "1, " "1, " "1, " "1, " "1, " "1, " "1, " "1, " "1, " "1, " "1, " "1, " "1, " "1, " "0, " "0, " "1, " "1, " "1, " "1, " "1, " "1, " "1, " "1, " "1, " "1, " "1, " "1, " "1, " "1, " "1, " "0, " "0, " "0, " "0, " "0, " "0, " "0, " "0, " "0, " "0, " "0, " "0, " "0, " "0, " "0, " "0, " "0, " "0, " "0, " "0, " "0, " "0, " "0, " "0, " "0, " "0, " "0, " "0, " "0, " "0, " "0, " "0, " "0, " "0, " "0, " "0, " "0, " "0, " "0, " "0, " "0, " "0, " "0, " "0, " "0, " "0, " "0, " "0, "0
 "Nei193, 0.141, " "0.866, " "-0.624, " "0, " "0, " "0, " "0, " "0, " "0, " "0, " "0, " "0, " "0, " "0, " "0, " "0, " "0, " "0, " "0, " "0, " "0, " "0, " "0, " "0, " "0, " "0, " "0, " "0, " "0, " "0, " "0, " "0, " "0, " "0, " "0, " "0, " "0, " "0, " "0, " "0, " "0, " "0, " "0, " "0, " "0, " "0, " "0, " "0, " "0, " "0, " "0, " "0, " "0, " "0, " "0, " "0, " "0, " "0, " "0, " "0, " "0, " "0, " "0, " "0, " "0, " "0, " "0, " "0, " "0, " "0, " "0, " "0, " "0, " "0, " "0, " "0, " "0, " "0, " "0, " "0, " "0, " "0, " "0, " "0, " "0, " "0, " "0, " "0, " "0, " "0, " "0, " "0, " "0, " "0, " "0, " "0, " "0, " "0, " "0, " "0, " "0, " "0, " "0, " "0, " "0, " "0, " "0, " "0, " "0, " "0, " "0, " "0, " "0, " "0, " "0, " "0, " "0, " "0, " "0, " "0, " "0, " "0, " "0, " "0, " "0, " "0, " "0, " "0, " "0, " "0, " "0, " "0, " "0, " "0, " "0, " "0, " "0, " "0, " "0, " "0, " "0, " "0, " "0, " "0, " "0, " "0, " "0, " "0, " "0, " "0, " "0, " "0, " "0, " "0, " "0, " "0, " "0, " "0, " "0, " "0, " "0, " "1, " "0, " "0, " "0, " "0, " "0, " "0, " "0, " "0, " "0, " "0, " "0, " "0, " "0, " "0, " "0, " "0, " "0, " "0, " "1, " "1, " "1, " "1, " "1, " "1, " "1, " "1, " "1, " "1, " "1, " "1, " "1, " "1, " "1, " "0, " "0, " "1, " "1, " "1, " "1, " "1, " "1, " "1, " "0, " "1, " "1, " "1, " "1, " "1, " "1, " "1, " "1, " "0, " "0, " "0, " "0, " "0, " "0, " "0, " "0, " "0, " "0, " "0, " "0, " "0, " "0, " "0, " "0, " "0, " "0, " "0, " "0, " "0, " "0, " "0, " "0, " "0, " "0, " "0, " "0, " "0, " "0, " "0, " "0, " "0, " "0, " "0, " "0, " "0, " "0, " "0, " "0, " "0, " "0, " "0, " "0, " "0, " "0, " "0, "0
 "Nei194, 0.066, " "-0.302, " "-0.63, " "0, " "0, " "0, " "0, " "0, " "0, " "0, " "0, " "0, " "0, " "0, " "0, " "0, " "0, " "0, " "0, " "0, " "0, " "0, " "0, " "0, " "0, " "0, " "0, " "0, " "0, " "0, " "0, " "0, " "0, " "0, " "0, " "0, " "0, " "0, " "0, " "0, " "0, " "0, " "0, " "0, " "0, " "0, " "0, " "0, " "0, " "0, " "0, " "0, " "0, " "0, " "0, " "0, " "0, " "0, " "0, " "0, " "0, " "0, " "1, " "0, " "0, " "0, " "0, " "0, " "0, " "0, " "0, " "0, " "0, " "0, " "0, " "0, " "0, " "0, " "0, " "0, " "0, " "0, " "0, " "0, " "0, " "0, " "0, " "0, " "0, " "0, " "0, " "0, " "0, " "0, " "0, " "0, " "0, " "0, " "0, " "0, " "0, " "0, " "0, " "0, " "0, " "0, " "0, " "0, " "0, " "0, " "0, " "0, " "0, " "0, " "0, " "0, " "0, " "0, " "0, " "0, " "0, " "0, " "0, " "0, " "0, " "0, " "0, " "0, " "0, " "0, " "0, " "0, " "0, " "0, " "0, " "0, " "0, " "0, " "0, " "0, " "1, " "0, " "0, " "0, " "0, " "0, " "0, " "0, " "0, " "0, " "0, " "0, " "0, " "0, " "0, " "0, " "0, " "0, " "0, " "0, " "0, " "0, " "0, " "0, " "0, " "0, " "0, " "0, " "0, " "0, " "0, " "0, " "0, " "0, " "0, " "0, " "0, " "0, " "0, " "0, " "0, " "1, " "1, " "1, " "1, " "1, " "1, " "1, " "1, " "1, " "1, " "1, " "0, " "1, " "1, " "1, " "1, " "0, " "1, " "1, " "1, " "0, " "1, " "1, " "1, " "1, " "1, " "1, " "1, " "1, " "1, " "1, " "1, " "1, " "0, " "0, " "0, " "0, " "0, " "0, " "0, " "0, " "0, " "0, " "0, " "0, " "0, " "0, " "0, " "0, " "0, " "0, " "0, " "0, " "0, " "0, " "0, " "0, " "0, " "0, " "0, " "0, " "0, " "0, " "0, " "0, " "0, " "0, " "0, " "0, " "0, " "0, " "0, " "0, " "0, " "0, " "0, " "0, " "0, " "0, "0
 "Nei195, 0.171, " "-0.471, " "-0.926, " "0, " "0, " "0, " "0, " "0, " "0, " "0, " "0, " "0, " "0, " "0, " "0, " "0, " "0, " "0, " "0, " "0, " "0, " "0, " "0, " "0, " "0, " "0, " "0, " "0, " "0, " "0, " "0, " "0, " "0, " "0, " "0, " "0, " "0, " "0, " "0, " "0, " "0, " "0, " "0, " "0, " "0, " "0, " "0, " "0, " "0, " "0, " "0, " "0, " "0, " "0, " "0, " "0, " "0, " "0, " "0, " "0, " "0, " "0, " "0, " "0, " "0, " "0, " "0, " "0, " "0, " "0, " "0, " "0, " "0, " "0, " "0, " "0, " "0, " "0, " "0, " "0, " "0, " "0, " "0, " "0, " "0, " "0, " "0, " "0, " "0, " "0, " "0, " "0, " "0, " "0, " "0, " "0, " "0, " "0, " "0, " "0, " "0, " "0, " "0, " "0, " "0, " "0, " "0, " "0, " "0, " "0, " "0, " "0, " "0, " "0, " "0, " "0, " "0, " "0, " "0, " "0, " "0, " "0, " "0, " "0, " "0, " "0, " "0, " "0, " "0, " "0, " "0, " "0, " "0, " "0, " "0, " "0, " "0, " "0, " "0, " "0, " "0, " "0, " "0, " "0, " "0, " "0, " "1, " "0, " "0, " "0, " "0, " "0, " "0, " "0, " "0, " "0, " "0, " "0, " "0, " "0, " "0, " "0, " "0, " "0, " "0, " "0, " "0, " "0, " "0, " "0, " "0, " "0, " "0, " "0, " "0, " "0, " "0, " "0, " "0, " "0, " "0, " "0, " "1, " "1, " "1, " "1, " "1, " "1, " "1, " "1, " "1, " "1, " "1, " "1, " "1, " "1, " "1, " "1, " "0, " "1, " "1, " "1, " "1, " "1, " "1, " "1, " "1, " "1, " "1, " "1, " "1, " "1, " "1, " "1, " "1, " "0, " "0, " "0, " "0, " "0, " "0, " "0, " "0, " "0, " "0, " "0, " "0, " "0, " "0, " "0, " "0, " "0, " "0, " "0, " "0, " "0, " "0, " "0, " "0, " "0, " "0, " "0, " "0, " "0, " "0, " "0, " "0, " "0, " "0, " "0, " "0, " "0, " "0, " "0, " "0, " "0, " "0, " "0, " "0, " "0, "0
 "Nei196, 0.123, " "-0.561, " "0.25, " "0, " "0, " "0, " "0, " "0, " "0, " "0, " "0, " "0, " "0, " "0, " "0, " "0, " "0, " "0, " "0, " "0, " "0, " "0, " "0, " "0, " "0, " "0, " "0, " "0, " "0, " "0, " "0, " "0, " "0, " "0, " "0, " "0, " "0, " "0, " "0, " "0, " "1, " "0, " "0, " "0, " "0, " "0, " "0, " "0, " "0, " "0, " "0, " "0, " "0, " "0, " "0, " "0, " "0, " "0, " "0, " "0, " "0, " "0, " "0, " "0, " "0, " "0, " "0, " "0, " "0, " "0, " "0, " "0, " "0, " "0, " "0, " "0, " "0, " "0, " "0, " "0, " "0, " "0, " "0, " "0, " "0, " "0, " "0, " "0, " "0, " "0, " "0, " "0, " "0, " "0, " "0, " "0, " "0, " "0, " "0, " "0, " "0, " "0, " "0, " "0, " "0, " "0, " "0, " "0, " "0, " "0, " "0, " "0, " "0, " "0, " "0, " "0, " "0, " "0, " "0, " "0, " "0, " "0, " "0, " "0, " "0, " "0, " "0, " "0, " "0, " "0, " "0, " "0, " "0, " "0, " "0, " "1, " "0, " "0, " "0, " "0, " "0, " "0, " "0, " "0, " "0, " "0, " "0, " "0, " "0, " "1, " "0, " "0, " "0, " "0, " "0, " "0, " "0, " "0, " "0, " "0, " "0, " "0, " "0, " "0, " "0, " "0, " "0, " "0, " "0, " "0, " "0, " "0, " "0, " "0, " "0, " "0, " "0, " "0, " "0, " "0, " "0, " "0, " "0, " "1, " "1, " "1, " "1, " "1, " "1, " "1, " "1, " "1, " "1, " "1, " "1, " "1, " "1, " "1, " "1, " "0, " "1, " "1, " "1, " "1, " "0, " "1, " "1, " "1, " "1, " "1, " "0, " "1, " "1, " "1, " "1, " "1, " "0, " "0, " "0, " "0, " "0, " "0, " "0, " "0, " "0, " "0, " "0, " "0, " "0, " "0, " "0, " "0, " "0, " "0, " "0, " "0, " "0, " "0, " "0, " "0, " "0, " "0, " "0, " "0, " "0, " "0, " "0, " "0, " "0, " "0, " "0, " "0, " "0, " "0, " "0, " "0, " "0, " "0, " "0, " "0, "0
 "Nei197, 0.084, " "0.632, " "-0.576, " "0, " "0, " "0, " "0, " "0, " "0, " "0, " "0, " "0, " "0, " "0, " "0, " "0, " "0, " "0, " "0, " "0, " "0, " "0, " "0, " "0, " "0, " "0, " "0, " "0, " "0, " "0, " "0, " "0, " "0, " "0, " "0, " "0, " "0, " "0, " "0, " "0, " "0, " "0, " "0, " "0, " "0, " "0, " "0, " "0, " "0, " "0, " "0, " "0, " "0, " "0, " "0, " "0, " "0, " "0, " "0, " "0, " "0, " "0, " "0, " "0, " "0, " "0, " "0, " "0, " "0, " "0, " "0, " "0, " "0, " "0, " "0, " "0, " "0, " "0, " "0, " "0, " "0, " "0, " "0, " "0, " "0, " "0, " "0, " "0, " "0, " "0, " "0, " "0, " "0, " "0, " "0, " "0, " "0, " "0, " "0, " "0, " "0, " "0, " "0, " "0, " "0, " "0, " "0, " "0, " "0, " "0, " "0, " "0, " "0, " "0, " "0, " "0, " "0, " "0, " "0, " "0, " "0, " "0, " "0, " "0, " "0, " "0, " "0, " "0, " "0, " "0, " "0, " "0, " "0, " "0, " "0, " "0, " "1, " "0, " "0, " "0, " "0, " "0, " "0, " "0, " "0, " "0, " "0, " "0, " "0, " "0, " "0, " "0, " "0, " "0, " "0, " "0, " "0, " "0, " "0, " "0, " "0, " "0, " "0, " "0, " "0, " "0, " "0, " "0, " "0, " "0, " "0, " "0, " "0, " "0, " "0, " "0, " "0, " "0, " "0, " "0, " "0, " "0, " "0, " "0, " "1, " "1, " "1, " "1, " "1, " "1, " "1, " "1, " "1, " "1, " "1, " "1, " "1, " "1, " "1, " "1, " "0, " "1, " "1, " "1, " "1, " "1, " "1, " "1, " "1, " "1, " "1, " "1, " "1, " "1, " "1, " "1, " "1, " "0, " "0, " "0, " "0, " "0, " "0, " "0, " "0, " "0, " "0, " "0, " "0, " "0, " "0, " "0, " "0, " "0, " "0, " "0, " "0, " "0, " "0, " "0, " "0, " "0, " "0, " "0, " "0, " "0, " "0, " "0, " "0, " "0, " "0, " "0, " "0, " "0, " "0, " "0, " "0, " "0, " "0, " "0, "0
 "Nei198, 0.008, " "0.597, " "0.756, " "0, " "0, " "0, " "0, " "0, " "0, " "0, " "0, " "0, " "1, " "0, " "0, " "0, " "0, " "0, " "0, " "0, " "0, " "0, " "0, " "0, " "0, " "0, " "0, " "0, " "0, " "0, " "0, " "0, " "0, " "0, " "0, " "0, " "0, " "0, " "0, " "0, " "0, " "0, " "0, " "0, " "0, " "0, " "0, " "0, " "0, " "0, " "0, " "0, " "0, " "0, " "0, " "0, " "0, " "0, " "0, " "0, " "0, " "0, " "0, " "0, " "0, " "0, " "0, " "0, " "0, " "0, " "0, " "0, " "0, " "0, " "0, " "0, " "0, " "0, " "0, " "0, " "0, " "0, " "0, " "0, " "0, " "0, " "0, " "0, " "0, " "0, " "0, " "0, " "0, " "0, " "0, " "0, " "0, " "0, " "0, " "0, " "0, " "0, " "1, " "0, " "0, " "0, " "0, " "0, " "0, " "0, " "0, " "0, " "0, " "0, " "0, " "0, " "0, " "0, " "0, " "0, " "0, " "0, " "0, " "0, " "0, " "0, " "0, " "0, " "0, " "0, " "0, " "0, " "0, " "0, " "0, " "0, " "0, " "0, " "0, " "1, " "0, " "0, " "0, " "0, " "0, " "0, " "0, " "0, " "0, " "0, " "0, " "0, " "0, " "0, " "0, " "0, " "0, " "0, " "0, " "0, " "0, " "0, " "0, " "0, " "0, " "0, " "0, " "0, " "0, " "0, " "0, " "0, " "0, " "0, " "0, " "0, " "0, " "0, " "0, " "0, " "0, " "0, " "0, " "0, " "0, " "0, " "1, " "1, " "1, " "1, " "1, " "1, " "1, " "1, " "1, " "1, " "1, " "0, " "1, " "1, " "1, " "0, " "1, " "1, " "1, " "1, " "1, " "1, " "1, " "1, " "1, " "1, " "1, " "1, " "1, " "0, " "1, " "1, " "0, " "0, " "0, " "0, " "0, " "0, " "0, " "0, " "0, " "0, " "0, " "0, " "0, " "0, " "0, " "0, " "0, " "0, " "0, " "0, " "0, " "0, " "0, " "0, " "0, " "0, " "0, " "0, " "0, " "0, " "0, " "0, " "0, " "0, " "0, " "0, " "0, " "0, " "0, " "0, " "0, " "0, "0
 "Nei199, 0.111, " "0.943, " "0.508, " "0, " "0, " "0, " "0, " "0, " "0, " "0, " "0, " "0, " "0, " "0, " "0, " "0, " "0, " "0, " "0, " "0, " "0, " "0, " "0, " "0, " "0, " "0, " "0, " "0, " "0, " "0, " "0, " "0, " "0, " "0, " "0, " "0, " "0, " "0, " "0, " "0, " "0, " "0, " "0, " "0, " "0, " "0, " "0, " "0, " "0, " "0, " "0, " "0, " "0, " "0, " "0, " "0, " "0, " "0, " "0, " "0, " "0, " "0, " "0, " "0, " "0, " "0, " "0, " "0, " "1, " "0, " "0, " "0, " "0, " "0, " "0, " "0, " "0, " "0, " "0, " "0, " "0, " "0, " "0, " "0, " "0, " "0, " "0, " "0, " "0, " "0, " "0, " "0, " "0, " "0, " "0, " "0, " "0, " "0, " "0, " "0, " "0, " "0, " "0, " "0, " "0, " "0, " "0, " "0, " "0, " "0, " "0, " "0, " "0, " "0, " "0, " "0, " "0, " "0, " "0, " "0, " "0, " "0, " "0, " "0, " "0, " "0, " "0, " "0, " "0, " "0, " "0, " "0, " "0, " "0, " "0, " "0, " "0, " "0, " "0, " "0, " "0, " "0, " "0, " "0, " "0, " "0, " "0, " "0, " "0, " "0, " "0, " "0, " "0, " "0, " "0, " "0, " "0, " "0, " "0, " "0, " "0, " "0, " "0, " "0, " "0, " "0, " "0, " "0, " "0, " "0, " "0, " "0, " "0, " "0, " "0, " "0, " "0, " "0, " "0, " "0, " "0, " "0, " "0, " "0, " "0, " "1, " "1, " "1, " "1, " "1, " "1, " "1, " "1, " "1, " "1, " "1, " "1, " "1, " "1, " "1, " "1, " "1, " "0, " "1, " "1, " "1, " "1, " "1, " "0, " "1, " "1, " "1, " "1, " "1, " "1, " "1, " "1, " "1, " "1, " "0, " "0, " "0, " "0, " "0, " "0, " "0, " "0, " "0, " "0, " "0, " "0, " "0, " "0, " "0, " "0, " "0, " "0, " "0, " "0, " "0, " "0, " "0, " "0, " "0, " "0, " "0, " "0, " "0, " "0, " "0, " "0, " "0, " "0, " "0, " "0, " "0, " "0, " "0, " "0, " "0, "0
 "Nei200, 0.037, " "0.1, " "-0.953, " "0, " "0, " "0, " "0, " "0, " "0, " "0, " "0, " "0, " "0, " "0, " "0, " "0, " "0, " "0, " "0, " "0, " "0, " "0, " "0, " "0, " "0, " "0, " "0, " "0, " "0, " "0, " "0, " "0, " "0, " "0, " "0, " "0, " "0, " "0, " "0, " "0, " "0, " "0, " "0, " "0, " "0, " "0, " "0, " "0, " "0, " "0, " "0, " "0, " "0, " "0, " "0, " "0, " "0, " "0, " "0, " "0, " "0, " "0, " "0, " "0, " "0, " "0, " "0, " "0, " "0, " "0, " "0, " "1, " "0, " "0, " "0, " "0, " "0, " "0, " "0, " "0, " "0, " "0, " "0, " "0, " "0, " "0, " "0, " "0, " "0, " "0, " "0, " "0, " "0, " "0, " "0, " "0, " "0, " "0, " "0, " "0, " "0, " "0, " "0, " "0, " "0, " "0, " "0, " "0, " "0, " "0, " "0, " "0, " "0, " "0, " "0, " "0, " "0, " "0, " "0, " "0, " "0, " "0, " "0, " "0, " "0, " "0, " "0, " "0, " "0, " "0, " "0, " "0, " "0, " "0, " "0, " "0, " "0, " "0, " "0, " "0, " "0, " "0, " "0, " "0, " "0, " "0, " "0, " "0, " "0, " "0, " "0, " "0, " "0, " "0, " "0, " "0, " "0, " "0, " "0, " "0, " "0, " "0, " "0, " "0, " "0, " "0, " "0, " "0, " "0, " "0, " "0, " "0, " "0, " "0, " "0, " "0, " "0, " "0, " "0, " "0, " "0, " "0, " "0, " "0, " "0, " "0, " "0, " "0, " "1, " "1, " "1, " "1, " "1, " "0, " "1, " "1, " "1, " "1, " "1, " "1, " "1, " "1, " "1, " "0, " "1, " "1, " "1, " "1, " "1, " "1, " "1, " "1, " "1, " "1, " "1, " "1, " "1, " "0, " "1, " "1, " "0, " "0, " "0, " "0, " "0, " "0, " "0, " "0, " "0, " "0, " "0, " "0, " "0, " "0, " "0, " "0, " "0, " "0, " "0, " "0, " "0, " "0, " "0, " "0, " "0, " "0, " "0, " "0, " "0, " "0, " "0, " "0, " "0, " "0, " "0, " "0, " "0, " "0, " "0, " "0, "0
 "Nei201, 0.05, " "-0.096, " "0.505, " "0, " "0, " "0, " "0, " "0, " "0, " "0, " "0, " "0, " "0, " "0, " "0, " "0, " "0, " "0, " "0, " "0, " "0, " "0, " "0, " "0, " "1, " "0, " "0, " "0, " "0, " "0, " "0, " "0, " "0, " "0, " "0, " "0, " "0, " "0, " "0, " "0, " "0, " "0, " "0, " "0, " "0, " "0, " "0, " "0, " "0, " "0, " "0, " "0, " "0, " "0, " "0, " "0, " "0, " "0, " "0, " "0, " "0, " "0, " "0, " "0, " "0, " "0, " "0, " "0, " "0, " "0, " "0, " "0, " "0, " "0, " "0, " "0, " "0, " "0, " "0, " "0, " "0, " "0, " "0, " "0, " "0, " "0, " "0, " "0, " "0, " "0, " "0, " "0, " "0, " "0, " "0, " "0, " "0, " "0, " "0, " "0, " "0, " "0, " "0, " "0, " "0, " "0, " "0, " "0, " "0, " "0, " "0, " "0, " "0, " "0, " "0, " "0, " "0, " "0, " "0, " "0, " "0, " "0, " "0, " "0, " "0, " "0, " "0, " "0, " "0, " "0, " "0, " "0, " "0, " "0, " "0, " "0, " "0, " "0, " "0, " "0, " "1, " "0, " "0, " "0, " "0, " "0, " "0, " "0, " "0, " "0, " "0, " "0, " "0, " "0, " "0, " "0, " "0, " "0, " "0, " "0, " "0, " "0, " "0, " "0, " "0, " "0, " "0, " "0, " "0, " "0, " "0, " "0, " "0, " "0, " "0, " "0, " "0, " "0, " "0, " "0, " "0, " "0, " "0, " "0, " "0, " "0, " "0, " "0, " "1, " "1, " "1, " "1, " "1, " "1, " "1, " "1, " "0, " "1, " "1, " "0, " "1, " "1, " "1, " "1, " "0, " "1, " "1, " "1, " "1, " "1, " "1, " "0, " "1, " "1, " "1, " "1, " "1, " "0, " "1, " "1, " "1, " "0, " "0, " "0, " "0, " "0, " "0, " "0, " "0, " "0, " "0, " "0, " "0, " "0, " "0, " "0, " "0, " "0, " "0, " "0, " "0, " "0, " "0, " "0, " "0, " "0, " "0, " "0, " "0, " "0, " "0, " "0, " "0, " "0, " "0, " "0, " "0, " "0, " "0, " "0, "0
 "Nei202, 0.013, " "-0.253, " "0.713, " "0, " "0, " "0, " "0, " "0, " "0, " "0, " "0, " "0, " "0, " "0, " "0, " "0, " "0, " "0, " "0, " "0, " "0, " "0, " "0, " "0, " "0, " "0, " "0, " "0, " "0, " "0, " "0, " "0, " "0, " "0, " "0, " "0, " "0, " "0, " "0, " "0, " "0, " "0, " "0, " "0, " "0, " "0, " "0, " "0, " "0, " "0, " "0, " "0, " "0, " "0, " "0, " "0, " "0, " "0, " "0, " "0, " "0, " "0, " "0, " "0, " "0, " "0, " "0, " "0, " "0, " "0, " "0, " "0, " "0, " "0, " "0, " "0, " "0, " "0, " "0, " "0, " "0, " "0, " "0, " "0, " "0, " "0, " "0, " "0, " "0, " "0, " "0, " "0, " "0, " "0, " "0, " "0, " "0, " "0, " "0, " "0, " "0, " "0, " "0, " "0, " "0, " "0, " "0, " "0, " "0, " "0, " "0, " "0, " "0, " "0, " "0, " "0, " "0, " "0, " "0, " "0, " "0, " "0, " "0, " "0, " "0, " "0, " "0, " "0, " "0, " "0, " "0, " "0, " "0, " "0, " "0, " "0, " "0, " "0, " "0, " "0, " "0, " "0, " "0, " "0, " "0, " "0, " "0, " "0, " "0, " "0, " "0, " "0, " "0, " "0, " "0, " "0, " "0, " "0, " "0, " "0, " "0, " "0, " "0, " "0, " "0, " "0, " "0, " "0, " "0, " "0, " "0, " "0, " "0, " "0, " "0, " "1, " "0, " "0, " "0, " "0, " "0, " "0, " "0, " "0, " "0, " "0, " "0, " "0, " "0, " "1, " "1, " "1, " "1, " "1, " "1, " "1, " "1, " "1, " "1, " "1, " "1, " "1, " "1, " "1, " "1, " "0, " "1, " "1, " "0, " "1, " "1, " "1, " "1, " "1, " "1, " "1, " "1, " "1, " "1, " "1, " "1, " "1, " "0, " "0, " "0, " "0, " "0, " "0, " "0, " "0, " "0, " "0, " "0, " "0, " "0, " "0, " "0, " "0, " "0, " "0, " "0, " "0, " "0, " "0, " "0, " "0, " "0, " "0, " "0, " "0, " "0, " "0, " "0, " "0, " "0, " "0, " "0, " "0, " "0, " "0, "0
 "Nei203, 0.096, " "0.146, " "-0.882, " "0, " "0, " "0, " "0, " "0, " "0, " "0, " "0, " "0, " "0, " "0, " "0, " "0, " "0, " "0, " "0, " "0, " "0, " "0, " "0, " "0, " "1, " "0, " "0, " "0, " "0, " "0, " "0, " "0, " "0, " "0, " "0, " "0, " "1, " "0, " "0, " "0, " "0, " "0, " "0, " "0, " "0, " "0, " "0, " "0, " "0, " "0, " "0, " "0, " "0, " "0, " "0, " "0, " "0, " "0, " "0, " "0, " "0, " "0, " "0, " "0, " "0, " "0, " "0, " "0, " "0, " "0, " "0, " "0, " "0, " "0, " "0, " "0, " "0, " "0, " "0, " "0, " "0, " "0, " "0, " "0, " "0, " "0, " "0, " "0, " "0, " "0, " "0, " "0, " "0, " "0, " "0, " "0, " "0, " "0, " "0, " "0, " "0, " "0, " "0, " "0, " "0, " "0, " "0, " "0, " "0, " "0, " "0, " "0, " "0, " "0, " "0, " "0, " "0, " "0, " "0, " "0, " "0, " "0, " "0, " "0, " "0, " "0, " "0, " "0, " "0, " "0, " "0, " "0, " "0, " "0, " "0, " "0, " "0, " "0, " "0, " "0, " "0, " "0, " "0, " "0, " "0, " "0, " "0, " "0, " "0, " "0, " "0, " "0, " "0, " "0, " "0, " "0, " "0, " "0, " "0, " "0, " "0, " "0, " "0, " "0, " "0, " "0, " "0, " "0, " "0, " "0, " "0, " "0, " "0, " "0, " "0, " "0, " "0, " "0, " "0, " "0, " "0, " "0, " "0, " "0, " "0, " "0, " "0, " "0, " "0, " "0, " "1, " "1, " "1, " "1, " "1, " "1, " "1, " "1, " "1, " "1, " "1, " "1, " "1, " "1, " "1, " "1, " "0, " "1, " "1, " "1, " "1, " "1, " "1, " "1, " "1, " "1, " "1, " "1, " "1, " "1, " "1, " "1, " "1, " "0, " "0, " "0, " "0, " "0, " "0, " "0, " "0, " "0, " "0, " "0, " "0, " "0, " "0, " "0, " "0, " "0, " "0, " "0, " "0, " "0, " "0, " "0, " "0, " "0, " "0, " "0, " "0, " "0, " "0, " "0, " "0, " "0, " "0, " "0, " "0, " "0, "0
 "Nei204, 0.062, " "0.149, " "-0.916, " "0, " "0, " "0, " "0, " "0, " "0, " "0, " "0, " "0, " "0, " "0, " "0, " "0, " "0, " "0, " "0, " "0, " "0, " "0, " "0, " "0, " "0, " "0, " "0, " "0, " "0, " "0, " "0, " "0, " "0, " "0, " "0, " "0, " "0, " "0, " "0, " "0, " "0, " "0, " "0, " "0, " "0, " "0, " "0, " "0, " "0, " "0, " "0, " "0, " "0, " "0, " "0, " "0, " "0, " "0, " "0, " "0, " "0, " "0, " "0, " "0, " "0, " "0, " "0, " "0, " "0, " "0, " "0, " "0, " "0, " "0, " "0, " "0, " "0, " "0, " "0, " "0, " "0, " "0, " "0, " "0, " "0, " "0, " "0, " "0, " "0, " "0, " "0, " "0, " "0, " "0, " "0, " "0, " "0, " "0, " "0, " "0, " "0, " "0, " "0, " "0, " "1, " "0, " "0, " "0, " "0, " "0, " "0, " "0, " "0, " "0, " "0, " "0, " "0, " "0, " "0, " "0, " "0, " "0, " "0, " "0, " "1, " "0, " "0, " "0, " "0, " "0, " "0, " "0, " "0, " "0, " "0, " "0, " "0, " "0, " "0, " "0, " "0, " "0, " "0, " "0, " "1, " "0, " "0, " "0, " "0, " "0, " "0, " "0, " "0, " "0, " "0, " "0, " "0, " "0, " "0, " "0, " "0, " "0, " "0, " "0, " "0, " "0, " "0, " "0, " "0, " "0, " "0, " "0, " "0, " "0, " "0, " "0, " "0, " "0, " "0, " "0, " "0, " "0, " "0, " "0, " "0, " "0, " "0, " "0, " "0, " "0, " "0, " "1, " "1, " "1, " "1, " "1, " "1, " "1, " "1, " "1, " "1, " "1, " "1, " "1, " "1, " "1, " "1, " "0, " "1, " "1, " "1, " "1, " "0, " "1, " "1, " "1, " "1, " "1, " "1, " "1, " "1, " "0, " "1, " "1, " "0, " "0, " "0, " "0, " "0, " "0, " "0, " "0, " "0, " "0, " "0, " "0, " "0, " "0, " "0, " "0, " "0, " "0, " "0, " "0, " "0, " "0, " "0, " "0, " "0, " "0, " "0, " "0, " "0, " "0, " "0, " "0, " "0, " "0, " "0, " "0, "0
 "Nei205, 0.12, " "-0.32, " "-0.38, " "0, " "0, " "0, " "0, " "0, " "0, " "0, " "0, " "0, " "0, " "0, " "0, " "0, " "1, " "0, " "0, " "0, " "0, " "0, " "0, " "0, " "0, " "0, " "0, " "0, " "0, " "1, " "0, " "0, " "0, " "0, " "0, " "0, " "0, " "0, " "0, " "0, " "0, " "0, " "0, " "0, " "0, " "0, " "0, " "0, " "0, " "0, " "0, " "0, " "0, " "0, " "0, " "0, " "0, " "0, " "0, " "0, " "0, " "0, " "0, " "0, " "0, " "0, " "0, " "0, " "0, " "0, " "0, " "0, " "0, " "0, " "0, " "0, " "0, " "0, " "0, " "0, " "0, " "0, " "0, " "0, " "0, " "0, " "0, " "1, " "0, " "0, " "0, " "0, " "0, " "0, " "0, " "0, " "0, " "0, " "0, " "0, " "0, " "0, " "0, " "0, " "0, " "0, " "0, " "0, " "0, " "0, " "0, " "0, " "0, " "0, " "0, " "0, " "0, " "0, " "0, " "0, " "0, " "0, " "0, " "0, " "0, " "0, " "0, " "0, " "0, " "0, " "0, " "1, " "0, " "0, " "0, " "0, " "0, " "0, " "0, " "0, " "0, " "0, " "0, " "0, " "0, " "0, " "0, " "0, " "0, " "0, " "0, " "0, " "0, " "0, " "0, " "0, " "0, " "0, " "0, " "0, " "0, " "0, " "0, " "0, " "0, " "0, " "0, " "0, " "0, " "0, " "0, " "0, " "0, " "0, " "0, " "0, " "0, " "0, " "0, " "0, " "0, " "0, " "0, " "0, " "0, " "0, " "0, " "0, " "0, " "0, " "0, " "0, " "0, " "1, " "1, " "1, " "1, " "1, " "1, " "1, " "1, " "1, " "0, " "1, " "1, " "0, " "1, " "1, " "0, " "1, " "1, " "1, " "1, " "1, " "1, " "1, " "0, " "1, " "1, " "1, " "1, " "1, " "1, " "0, " "1, " "0, " "0, " "0, " "0, " "0, " "0, " "0, " "0, " "0, " "0, " "0, " "0, " "0, " "0, " "0, " "0, " "0, " "0, " "0, " "0, " "0, " "0, " "0, " "0, " "0, " "0, " "0, " "0, " "0, " "0, " "0, " "0, " "0, " "0, " "0, "0
 "Nei206, 0.141, " "0.718, " "0.836, " "0, " "0, " "0, " "0, " "0, " "0, " "0, " "0, " "0, " "0, " "0, " "0, " "0, " "0, " "0, " "0, " "0, " "0, " "0, " "0, " "0, " "0, " "0, " "0, " "0, " "0, " "0, " "0, " "0, " "0, " "0, " "0, " "0, " "0, " "0, " "0, " "0, " "0, " "0, " "0, " "0, " "0, " "0, " "0, " "0, " "0, " "0, " "0, " "0, " "0, " "0, " "0, " "0, " "0, " "0, " "0, " "0, " "0, " "0, " "0, " "0, " "0, " "0, " "0, " "0, " "0, " "0, " "0, " "0, " "0, " "0, " "0, " "0, " "0, " "0, " "0, " "0, " "0, " "0, " "0, " "0, " "0, " "0, " "0, " "0, " "0, " "0, " "0, " "0, " "0, " "0, " "0, " "0, " "0, " "0, " "0, " "0, " "0, " "0, " "0, " "0, " "0, " "0, " "0, " "0, " "0, " "0, " "0, " "0, " "0, " "0, " "0, " "0, " "0, " "0, " "0, " "0, " "0, " "0, " "0, " "0, " "0, " "0, " "0, " "0, " "0, " "0, " "0, " "0, " "0, " "0, " "0, " "0, " "0, " "0, " "0, " "0, " "0, " "0, " "0, " "0, " "0, " "0, " "0, " "0, " "0, " "0, " "0, " "0, " "0, " "0, " "0, " "0, " "0, " "0, " "0, " "0, " "0, " "0, " "0, " "0, " "0, " "0, " "0, " "0, " "0, " "0, " "0, " "0, " "0, " "0, " "0, " "0, " "0, " "0, " "0, " "0, " "0, " "0, " "0, " "0, " "0, " "0, " "0, " "0, " "0, " "0, " "0, " "0, " "0, " "1, " "1, " "1, " "1, " "1, " "1, " "1, " "1, " "1, " "1, " "1, " "1, " "1, " "1, " "1, " "1, " "0, " "0, " "1, " "1, " "1, " "1, " "1, " "1, " "1, " "1, " "1, " "1, " "1, " "1, " "1, " "1, " "1, " "0, " "0, " "0, " "0, " "0, " "0, " "0, " "0, " "0, " "0, " "0, " "0, " "0, " "0, " "0, " "0, " "0, " "0, " "0, " "0, " "0, " "0, " "0, " "0, " "0, " "0, " "0, " "0, " "1, " "0, " "0, " "0, " "0, " "0, "0
 "Nei207, 0.117, " "-0.72, " "0.979, " "0, " "0, " "0, " "0, " "0, " "0, " "0, " "0, " "0, " "0, " "0, " "0, " "0, " "0, " "0, " "0, " "0, " "0, " "0, " "0, " "0, " "0, " "0, " "0, " "0, " "0, " "0, " "0, " "0, " "0, " "0, " "0, " "0, " "0, " "0, " "0, " "0, " "0, " "0, " "0, " "0, " "0, " "0, " "0, " "0, " "0, " "0, " "0, " "0, " "0, " "0, " "0, " "0, " "0, " "0, " "0, " "0, " "0, " "0, " "0, " "0, " "0, " "0, " "0, " "0, " "0, " "0, " "0, " "0, " "0, " "0, " "0, " "0, " "0, " "0, " "0, " "0, " "0, " "0, " "0, " "0, " "0, " "0, " "0, " "0, " "0, " "0, " "0, " "0, " "0, " "0, " "0, " "0, " "0, " "0, " "0, " "0, " "0, " "0, " "0, " "0, " "0, " "0, " "0, " "0, " "0, " "0, " "0, " "0, " "0, " "0, " "0, " "0, " "0, " "0, " "0, " "0, " "0, " "0, " "0, " "0, " "0, " "0, " "0, " "0, " "0, " "0, " "0, " "0, " "0, " "0, " "0, " "0, " "0, " "0, " "0, " "0, " "0, " "0, " "0, " "0, " "0, " "0, " "0, " "0, " "0, " "0, " "0, " "0, " "0, " "0, " "0, " "0, " "0, " "0, " "0, " "0, " "0, " "0, " "0, " "0, " "0, " "0, " "0, " "0, " "0, " "0, " "0, " "0, " "0, " "0, " "0, " "0, " "0, " "0, " "0, " "0, " "0, " "0, " "0, " "0, " "0, " "0, " "0, " "0, " "0, " "0, " "0, " "0, " "0, " "0, " "1, " "1, " "1, " "1, " "1, " "0, " "1, " "1, " "1, " "1, " "1, " "1, " "1, " "1, " "1, " "0, " "0, " "1, " "1, " "1, " "1, " "1, " "1, " "1, " "1, " "1, " "1, " "1, " "1, " "1, " "1, " "1, " "1, " "0, " "0, " "0, " "0, " "0, " "0, " "0, " "0, " "0, " "0, " "0, " "0, " "0, " "0, " "0, " "0, " "0, " "0, " "0, " "0, " "0, " "0, " "0, " "0, " "0, " "0, " "0, " "0, " "0, " "0, " "0, " "0, " "0, "0
 "Nei208, 0.11, " "0.446, " "-0.07, " "0, " "0, " "0, " "0, " "0, " "0, " "0, " "0, " "0, " "0, " "0, " "0, " "0, " "0, " "0, " "0, " "0, " "0, " "0, " "0, " "0, " "0, " "0, " "0, " "0, " "0, " "0, " "0, " "1, " "0, " "0, " "0, " "0, " "0, " "0, " "0, " "0, " "0, " "0, " "0, " "0, " "0, " "0, " "0, " "0, " "0, " "0, " "0, " "0, " "0, " "0, " "0, " "0, " "0, " "0, " "0, " "0, " "0, " "0, " "0, " "0, " "0, " "0, " "0, " "0, " "0, " "0, " "0, " "0, " "0, " "0, " "0, " "0, " "0, " "0, " "0, " "0, " "0, " "0, " "0, " "0, " "0, " "0, " "0, " "0, " "0, " "0, " "0, " "0, " "0, " "0, " "0, " "0, " "0, " "0, " "0, " "0, " "0, " "0, " "0, " "0, " "0, " "0, " "0, " "0, " "0, " "0, " "0, " "0, " "0, " "0, " "0, " "0, " "0, " "0, " "0, " "0, " "0, " "0, " "0, " "0, " "0, " "0, " "0, " "0, " "0, " "0, " "0, " "0, " "0, " "0, " "0, " "0, " "0, " "0, " "0, " "0, " "0, " "0, " "0, " "0, " "0, " "0, " "0, " "0, " "0, " "0, " "0, " "0, " "0, " "0, " "0, " "0, " "0, " "0, " "0, " "0, " "0, " "0, " "0, " "0, " "0, " "0, " "0, " "0, " "0, " "0, " "0, " "0, " "0, " "0, " "0, " "0, " "0, " "0, " "0, " "0, " "0, " "0, " "0, " "0, " "0, " "0, " "0, " "0, " "0, " "0, " "0, " "0, " "0, " "0, " "0, " "1, " "1, " "1, " "1, " "1, " "1, " "1, " "1, " "1, " "0, " "1, " "1, " "1, " "1, " "1, " "1, " "0, " "1, " "1, " "1, " "1, " "1, " "1, " "1, " "1, " "1, " "1, " "1, " "1, " "1, " "1, " "1, " "1, " "0, " "0, " "0, " "0, " "0, " "0, " "0, " "0, " "0, " "0, " "0, " "0, " "0, " "0, " "0, " "0, " "0, " "0, " "0, " "0, " "0, " "0, " "0, " "0, " "0, " "0, " "0, " "0, " "0, " "0, " "0, " "0, "0
 "Nei209, 0.023, " "-0.646, " "0.432, " "0, " "0, " "0, " "0, " "0, " "0, " "0, " "0, " "0, " "0, " "0, " "0, " "0, " "0, " "0, " "0, " "0, " "0, " "0, " "0, " "0, " "0, " "0, " "0, " "0, " "0, " "0, " "0, " "0, " "0, " "0, " "0, " "0, " "0, " "0, " "0, " "0, " "0, " "0, " "0, " "0, " "0, " "0, " "0, " "0, " "0, " "0, " "0, " "0, " "0, " "0, " "0, " "0, " "0, " "0, " "0, " "0, " "0, " "0, " "0, " "0, " "0, " "0, " "0, " "0, " "0, " "0, " "0, " "0, " "0, " "0, " "0, " "0, " "0, " "0, " "0, " "0, " "0, " "0, " "0, " "0, " "0, " "0, " "0, " "0, " "0, " "0, " "0, " "0, " "0, " "0, " "0, " "0, " "0, " "0, " "0, " "0, " "0, " "0, " "0, " "0, " "0, " "0, " "0, " "0, " "0, " "0, " "0, " "0, " "0, " "0, " "0, " "0, " "0, " "0, " "0, " "0, " "0, " "0, " "0, " "0, " "0, " "0, " "0, " "0, " "0, " "0, " "0, " "0, " "0, " "0, " "0, " "0, " "0, " "0, " "0, " "0, " "0, " "0, " "0, " "0, " "0, " "0, " "0, " "0, " "0, " "0, " "0, " "0, " "0, " "0, " "0, " "0, " "0, " "0, " "0, " "0, " "0, " "0, " "0, " "0, " "0, " "0, " "0, " "0, " "0, " "0, " "0, " "0, " "0, " "0, " "0, " "0, " "0, " "0, " "0, " "0, " "0, " "0, " "0, " "0, " "0, " "0, " "0, " "0, " "0, " "0, " "0, " "0, " "0, " "0, " "0, " "0, " "1, " "1, " "1, " "1, " "1, " "1, " "1, " "1, " "1, " "1, " "1, " "0, " "1, " "1, " "1, " "1, " "0, " "1, " "1, " "1, " "1, " "1, " "1, " "1, " "1, " "1, " "1, " "1, " "1, " "1, " "1, " "1, " "1, " "0, " "0, " "0, " "0, " "0, " "0, " "0, " "0, " "0, " "0, " "0, " "0, " "0, " "0, " "0, " "0, " "0, " "0, " "0, " "0, " "0, " "0, " "0, " "0, " "0, " "0, " "0, " "0, " "0, " "0, " "0, "0
 "Nei210, 0.183, " "0.781, " "0.708, " "0, " "0, " "0, " "0, " "0, " "0, " "0, " "0, " "0, " "0, " "0, " "0, " "0, " "0, " "0, " "0, " "0, " "0, " "0, " "0, " "0, " "0, " "0, " "0, " "0, " "0, " "0, " "0, " "0, " "0, " "0, " "0, " "0, " "0, " "0, " "0, " "0, " "0, " "0, " "0, " "0, " "0, " "0, " "0, " "0, " "0, " "0, " "0, " "0, " "0, " "0, " "0, " "0, " "0, " "0, " "0, " "0, " "0, " "0, " "0, " "0, " "0, " "0, " "0, " "0, " "0, " "0, " "0, " "0, " "0, " "0, " "0, " "0, " "0, " "0, " "0, " "0, " "0, " "0, " "0, " "0, " "0, " "0, " "0, " "0, " "0, " "0, " "0, " "0, " "0, " "0, " "0, " "0, " "0, " "0, " "0, " "0, " "0, " "0, " "0, " "0, " "0, " "0, " "0, " "0, " "0, " "0, " "0, " "0, " "0, " "0, " "0, " "0, " "0, " "0, " "0, " "0, " "0, " "0, " "0, " "0, " "0, " "0, " "0, " "0, " "0, " "0, " "0, " "0, " "0, " "0, " "0, " "0, " "0, " "0, " "0, " "0, " "0, " "0, " "0, " "0, " "0, " "0, " "0, " "0, " "0, " "0, " "0, " "0, " "0, " "0, " "0, " "0, " "0, " "0, " "0, " "1, " "0, " "0, " "0, " "0, " "0, " "0, " "0, " "0, " "0, " "0, " "0, " "0, " "0, " "0, " "0, " "0, " "0, " "0, " "0, " "0, " "0, " "0, " "0, " "0, " "0, " "0, " "0, " "0, " "0, " "0, " "0, " "0, " "0, " "0, " "0, " "0, " "0, " "1, " "1, " "1, " "1, " "1, " "1, " "1, " "1, " "1, " "1, " "1, " "1, " "1, " "1, " "1, " "1, " "0, " "1, " "1, " "1, " "1, " "1, " "1, " "1, " "1, " "1, " "1, " "1, " "1, " "1, " "1, " "1, " "1, " "0, " "0, " "0, " "0, " "0, " "0, " "0, " "0, " "0, " "0, " "0, " "0, " "0, " "0, " "0, " "0, " "0, " "0, " "0, " "0, " "0, " "0, " "0, " "0, " "0, " "0, " "0, " "0, " "0, " "0, "0
 "Nei211, 0.178, " "0.168, " "-0.238, " "0, " "0, " "0, " "0, " "0, " "0, " "0, " "0, " "0, " "0, " "0, " "0, " "0, " "0, " "0, " "0, " "0, " "0, " "0, " "0, " "0, " "0, " "0, " "0, " "0, " "0, " "0, " "0, " "0, " "0, " "0, " "0, " "0, " "0, " "0, " "0, " "0, " "0, " "0, " "0, " "0, " "0, " "0, " "0, " "0, " "0, " "0, " "0, " "0, " "0, " "0, " "0, " "0, " "0, " "0, " "0, " "0, " "0, " "0, " "0, " "0, " "0, " "0, " "0, " "0, " "0, " "0, " "0, " "0, " "0, " "0, " "0, " "0, " "0, " "0, " "0, " "0, " "0, " "0, " "0, " "0, " "0, " "0, " "0, " "0, " "0, " "0, " "0, " "0, " "0, " "0, " "0, " "0, " "0, " "0, " "0, " "0, " "0, " "0, " "0, " "0, " "0, " "0, " "0, " "0, " "0, " "0, " "0, " "0, " "0, " "0, " "0, " "0, " "0, " "0, " "0, " "0, " "0, " "0, " "0, " "0, " "0, " "0, " "0, " "0, " "0, " "0, " "0, " "0, " "0, " "0, " "0, " "0, " "0, " "0, " "0, " "0, " "0, " "0, " "0, " "0, " "0, " "0, " "0, " "0, " "0, " "0, " "0, " "0, " "0, " "0, " "0, " "0, " "0, " "0, " "0, " "0, " "0, " "0, " "0, " "0, " "0, " "0, " "0, " "0, " "0, " "0, " "0, " "0, " "0, " "0, " "0, " "0, " "0, " "0, " "0, " "1, " "0, " "0, " "0, " "0, " "0, " "0, " "0, " "0, " "0, " "0, " "0, " "0, " "0, " "0, " "0, " "0, " "0, " "0, " "1, " "1, " "1, " "1, " "1, " "1, " "1, " "1, " "1, " "1, " "1, " "1, " "1, " "1, " "1, " "1, " "0, " "1, " "1, " "1, " "1, " "1, " "1, " "1, " "1, " "1, " "1, " "1, " "1, " "1, " "1, " "1, " "1, " "0, " "0, " "0, " "0, " "0, " "0, " "0, " "0, " "0, " "0, " "0, " "0, " "0, " "0, " "0, " "0, " "0, " "0, " "0, " "0, " "0, " "0, " "0, " "0, " "0, " "0, " "0, " "0, " "0, "0
 "Nei212, 0.029, " "0.621, " "-0.93, " "0, " "0, " "0, " "0, " "0, " "0, " "0, " "0, " "0, " "0, " "0, " "0, " "0, " "0, " "0, " "0, " "0, " "0, " "0, " "0, " "0, " "0, " "0, " "0, " "0, " "0, " "0, " "0, " "0, " "0, " "0, " "0, " "0, " "0, " "0, " "0, " "0, " "0, " "0, " "0, " "0, " "0, " "0, " "0, " "0, " "0, " "0, " "0, " "0, " "0, " "0, " "0, " "0, " "0, " "0, " "0, " "0, " "0, " "0, " "0, " "0, " "0, " "0, " "0, " "0, " "0, " "0, " "0, " "0, " "0, " "0, " "0, " "0, " "0, " "0, " "0, " "0, " "0, " "0, " "0, " "0, " "0, " "0, " "0, " "0, " "0, " "0, " "0, " "0, " "0, " "0, " "0, " "0, " "0, " "0, " "0, " "0, " "0, " "0, " "0, " "0, " "0, " "0, " "0, " "0, " "0, " "0, " "0, " "0, " "0, " "0, " "0, " "0, " "0, " "0, " "0, " "0, " "0, " "0, " "0, " "0, " "0, " "0, " "0, " "0, " "0, " "0, " "0, " "0, " "0, " "0, " "0, " "0, " "0, " "0, " "0, " "0, " "0, " "0, " "0, " "0, " "0, " "0, " "0, " "0, " "0, " "0, " "0, " "0, " "0, " "0, " "0, " "0, " "0, " "0, " "0, " "0, " "0, " "0, " "0, " "0, " "0, " "0, " "0, " "0, " "0, " "0, " "0, " "0, " "0, " "0, " "0, " "0, " "0, " "0, " "0, " "0, " "0, " "0, " "0, " "0, " "0, " "0, " "0, " "0, " "0, " "0, " "0, " "0, " "0, " "0, " "0, " "0, " "0, " "0, " "0, " "1, " "1, " "0, " "1, " "1, " "1, " "1, " "1, " "1, " "1, " "1, " "1, " "1, " "1, " "1, " "1, " "0, " "1, " "1, " "1, " "1, " "1, " "1, " "1, " "1, " "1, " "1, " "1, " "1, " "1, " "1, " "1, " "1, " "0, " "0, " "0, " "0, " "0, " "0, " "0, " "0, " "0, " "0, " "0, " "0, " "0, " "0, " "0, " "1, " "0, " "0, " "0, " "0, " "0, " "0, " "0, " "0, " "0, " "0, " "0, " "0, "0
 "Nei213, 0.195, " "0.273, " "-0.315, " "0, " "0, " "0, " "0, " "0, " "0, " "0, " "0, " "0, " "0, " "0, " "0, " "0, " "0, " "0, " "0, " "0, " "0, " "0, " "0, " "0, " "0, " "0, " "0, " "0, " "0, " "0, " "0, " "0, " "0, " "0, " "0, " "0, " "0, " "0, " "0, " "0, " "0, " "0, " "0, " "0, " "0, " "0, " "0, " "0, " "0, " "0, " "0, " "0, " "0, " "0, " "0, " "0, " "0, " "0, " "0, " "0, " "0, " "0, " "0, " "0, " "0, " "0, " "0, " "0, " "0, " "0, " "0, " "0, " "0, " "0, " "0, " "0, " "0, " "0, " "0, " "0, " "0, " "0, " "0, " "0, " "0, " "0, " "0, " "0, " "0, " "0, " "0, " "0, " "0, " "0, " "0, " "0, " "0, " "0, " "0, " "0, " "0, " "0, " "0, " "0, " "0, " "0, " "0, " "0, " "0, " "0, " "0, " "0, " "0, " "0, " "0, " "0, " "0, " "0, " "0, " "0, " "0, " "0, " "0, " "0, " "0, " "0, " "0, " "0, " "0, " "0, " "0, " "0, " "0, " "0, " "0, " "0, " "0, " "0, " "0, " "0, " "0, " "0, " "0, " "0, " "0, " "0, " "0, " "0, " "0, " "0, " "0, " "0, " "0, " "0, " "0, " "0, " "0, " "0, " "0, " "0, " "0, " "0, " "0, " "0, " "0, " "0, " "0, " "0, " "0, " "0, " "0, " "0, " "0, " "0, " "0, " "0, " "0, " "0, " "0, " "0, " "0, " "0, " "0, " "0, " "0, " "0, " "0, " "0, " "0, " "0, " "0, " "0, " "0, " "0, " "0, " "0, " "0, " "0, " "0, " "0, " "1, " "1, " "1, " "1, " "1, " "1, " "1, " "1, " "0, " "1, " "1, " "1, " "1, " "1, " "1, " "1, " "0, " "1, " "1, " "1, " "1, " "1, " "1, " "1, " "1, " "1, " "1, " "1, " "1, " "1, " "1, " "1, " "1, " "0, " "0, " "0, " "0, " "0, " "0, " "0, " "0, " "0, " "0, " "0, " "0, " "0, " "0, " "0, " "0, " "0, " "0, " "0, " "0, " "0, " "0, " "0, " "0, " "0, " "0, " "0, "0
 "Nei214, 0.146, " "-0.474, " "0.669, " "0, " "0, " "0, " "0, " "0, " "0, " "0, " "0, " "0, " "0, " "0, " "0, " "0, " "0, " "0, " "0, " "0, " "0, " "0, " "0, " "0, " "0, " "0, " "0, " "0, " "0, " "0, " "0, " "0, " "0, " "0, " "0, " "0, " "0, " "0, " "0, " "0, " "0, " "0, " "0, " "0, " "0, " "0, " "0, " "0, " "0, " "1, " "0, " "0, " "0, " "0, " "0, " "0, " "0, " "0, " "0, " "0, " "0, " "0, " "0, " "0, " "0, " "0, " "0, " "0, " "0, " "0, " "0, " "0, " "0, " "0, " "0, " "0, " "0, " "0, " "0, " "0, " "0, " "0, " "0, " "0, " "0, " "0, " "0, " "0, " "0, " "0, " "0, " "0, " "0, " "0, " "0, " "0, " "0, " "0, " "0, " "0, " "0, " "0, " "0, " "0, " "0, " "0, " "0, " "0, " "0, " "0, " "0, " "0, " "0, " "0, " "0, " "0, " "0, " "0, " "0, " "0, " "0, " "0, " "0, " "0, " "0, " "0, " "0, " "0, " "0, " "0, " "0, " "0, " "0, " "0, " "0, " "0, " "0, " "0, " "0, " "0, " "0, " "0, " "0, " "0, " "0, " "0, " "0, " "0, " "0, " "0, " "0, " "0, " "0, " "0, " "0, " "0, " "0, " "0, " "0, " "0, " "0, " "0, " "0, " "0, " "0, " "0, " "0, " "0, " "0, " "0, " "0, " "0, " "0, " "0, " "0, " "0, " "0, " "0, " "0, " "0, " "0, " "0, " "0, " "0, " "0, " "0, " "0, " "0, " "0, " "0, " "0, " "0, " "0, " "0, " "0, " "0, " "0, " "0, " "0, " "0, " "0, " "1, " "1, " "0, " "0, " "1, " "1, " "1, " "1, " "1, " "1, " "1, " "1, " "1, " "1, " "1, " "1, " "0, " "1, " "1, " "1, " "1, " "1, " "1, " "1, " "1, " "0, " "1, " "1, " "1, " "1, " "1, " "1, " "1, " "0, " "0, " "0, " "0, " "0, " "0, " "0, " "0, " "0, " "0, " "0, " "0, " "0, " "0, " "0, " "0, " "0, " "0, " "0, " "0, " "0, " "0, " "0, " "0, " "0, " "0, "0
 "Nei215, 0.067, " "-0.632, " "0.477, " "0, " "0, " "0, " "0, " "0, " "0, " "0, " "0, " "0, " "0, " "0, " "0, " "0, " "0, " "0, " "0, " "0, " "0, " "0, " "0, " "0, " "0, " "0, " "0, " "0, " "0, " "0, " "0, " "0, " "0, " "0, " "0, " "0, " "0, " "0, " "0, " "0, " "0, " "0, " "0, " "0, " "0, " "0, " "0, " "0, " "0, " "0, " "0, " "0, " "0, " "0, " "0, " "0, " "0, " "0, " "0, " "0, " "0, " "0, " "0, " "0, " "0, " "0, " "0, " "0, " "0, " "0, " "0, " "0, " "0, " "0, " "0, " "0, " "0, " "0, " "0, " "0, " "0, " "0, " "0, " "0, " "0, " "0, " "0, " "0, " "0, " "0, " "0, " "0, " "1, " "0, " "0, " "0, " "0, " "0, " "0, " "0, " "0, " "0, " "0, " "0, " "0, " "0, " "0, " "0, " "0, " "0, " "0, " "0, " "0, " "0, " "0, " "0, " "0, " "0, " "0, " "0, " "0, " "0, " "0, " "0, " "0, " "0, " "0, " "0, " "0, " "0, " "0, " "0, " "0, " "0, " "0, " "0, " "0, " "0, " "0, " "0, " "0, " "0, " "0, " "0, " "0, " "0, " "0, " "0, " "0, " "0, " "0, " "0, " "0, " "0, " "0, " "0, " "0, " "0, " "0, " "0, " "0, " "0, " "0, " "0, " "0, " "0, " "0, " "0, " "0, " "0, " "0, " "0, " "0, " "0, " "0, " "0, " "0, " "0, " "0, " "0, " "0, " "0, " "0, " "0, " "0, " "0, " "0, " "0, " "0, " "0, " "0, " "0, " "0, " "0, " "0, " "0, " "0, " "0, " "0, " "0, " "0, " "0, " "1, " "1, " "1, " "1, " "1, " "1, " "1, " "1, " "1, " "1, " "1, " "1, " "1, " "1, " "1, " "1, " "0, " "1, " "1, " "1, " "1, " "1, " "1, " "1, " "1, " "1, " "1, " "1, " "1, " "1, " "1, " "1, " "1, " "0, " "0, " "0, " "0, " "0, " "0, " "0, " "0, " "0, " "0, " "0, " "0, " "0, " "0, " "0, " "0, " "0, " "0, " "0, " "0, " "0, " "0, " "0, " "0, " "0, "0
 "Nei216, 0.027, " "-0.03, " "-0.889, " "0, " "0, " "0, " "0, " "0, " "0, " "0, " "0, " "0, " "0, " "0, " "0, " "0, " "0, " "1, " "0, " "0, " "0, " "0, " "0, " "0, " "0, " "0, " "0, " "0, " "0, " "0, " "0, " "0, " "0, " "0, " "0, " "0, " "0, " "0, " "0, " "0, " "0, " "0, " "0, " "0, " "0, " "0, " "0, " "0, " "0, " "0, " "0, " "0, " "0, " "0, " "1, " "0, " "0, " "0, " "0, " "0, " "0, " "0, " "0, " "0, " "0, " "0, " "0, " "0, " "0, " "0, " "0, " "0, " "0, " "0, " "0, " "0, " "0, " "0, " "0, " "1, " "0, " "0, " "0, " "0, " "0, " "0, " "1, " "0, " "0, " "0, " "0, " "0, " "0, " "0, " "0, " "0, " "0, " "0, " "0, " "0, " "0, " "0, " "0, " "0, " "0, " "0, " "0, " "0, " "0, " "0, " "0, " "0, " "0, " "0, " "0, " "0, " "0, " "0, " "0, " "0, " "0, " "0, " "0, " "0, " "0, " "0, " "0, " "0, " "0, " "0, " "0, " "0, " "0, " "0, " "0, " "0, " "0, " "0, " "0, " "0, " "0, " "0, " "0, " "0, " "0, " "0, " "0, " "0, " "0, " "0, " "0, " "0, " "0, " "0, " "0, " "0, " "0, " "0, " "0, " "0, " "0, " "0, " "0, " "0, " "0, " "0, " "0, " "0, " "0, " "0, " "0, " "0, " "0, " "0, " "0, " "0, " "0, " "0, " "0, " "0, " "0, " "0, " "0, " "0, " "0, " "0, " "0, " "0, " "0, " "0, " "0, " "0, " "0, " "0, " "0, " "0, " "0, " "0, " "0, " "0, " "0, " "0, " "0, " "1, " "1, " "1, " "1, " "1, " "1, " "1, " "1, " "1, " "1, " "1, " "1, " "1, " "1, " "1, " "1, " "0, " "1, " "1, " "1, " "1, " "1, " "0, " "1, " "0, " "1, " "1, " "1, " "0, " "0, " "1, " "1, " "1, " "0, " "0, " "1, " "0, " "0, " "0, " "0, " "0, " "0, " "0, " "0, " "0, " "0, " "0, " "0, " "0, " "0, " "0, " "0, " "0, " "0, " "0, " "0, " "0, "0
 "Nei217, 0.044, " "0.192, " "0.728, " "0, " "0, " "0, " "0, " "0, " "0, " "0, " "0, " "0, " "0, " "0, " "0, " "0, " "0, " "0, " "0, " "0, " "0, " "0, " "0, " "0, " "0, " "0, " "0, " "0, " "0, " "0, " "0, " "0, " "0, " "0, " "0, " "0, " "0, " "0, " "0, " "0, " "0, " "0, " "0, " "0, " "0, " "0, " "0, " "0, " "0, " "0, " "0, " "0, " "0, " "0, " "0, " "0, " "0, " "0, " "1, " "0, " "0, " "0, " "0, " "0, " "0, " "0, " "0, " "0, " "0, " "0, " "0, " "0, " "0, " "0, " "0, " "0, " "0, " "0, " "0, " "0, " "0, " "0, " "0, " "0, " "0, " "0, " "0, " "0, " "0, " "0, " "0, " "0, " "0, " "0, " "0, " "0, " "0, " "0, " "0, " "0, " "0, " "0, " "0, " "0, " "0, " "0, " "0, " "0, " "0, " "0, " "0, " "0, " "0, " "0, " "0, " "0, " "0, " "0, " "0, " "0, " "0, " "0, " "0, " "0, " "0, " "0, " "0, " "0, " "0, " "0, " "0, " "0, " "0, " "0, " "0, " "0, " "0, " "0, " "0, " "0, " "0, " "0, " "0, " "0, " "0, " "0, " "0, " "0, " "0, " "0, " "0, " "0, " "0, " "0, " "0, " "0, " "0, " "0, " "0, " "0, " "0, " "0, " "0, " "0, " "0, " "0, " "0, " "0, " "0, " "0, " "0, " "0, " "0, " "0, " "0, " "0, " "0, " "0, " "0, " "0, " "0, " "0, " "0, " "0, " "0, " "0, " "0, " "0, " "0, " "0, " "0, " "0, " "0, " "0, " "0, " "0, " "0, " "0, " "0, " "0, " "0, " "0, " "0, " "0, " "1, " "1, " "1, " "1, " "1, " "1, " "1, " "1, " "1, " "1, " "1, " "1, " "1, " "1, " "1, " "1, " "0, " "1, " "1, " "1, " "1, " "0, " "1, " "1, " "1, " "1, " "1, " "1, " "1, " "1, " "1, " "1, " "1, " "0, " "0, " "0, " "0, " "0, " "0, " "0, " "0, " "0, " "0, " "0, " "0, " "0, " "0, " "0, " "0, " "0, " "0, " "0, " "0, " "0, " "0, " "0, "0
 "Nei218, 0.126, " "0.632, " "-0.898, " "0, " "0, " "0, " "0, " "0, " "0, " "0, " "0, " "1, " "0, " "0, " "0, " "0, " "0, " "0, " "0, " "0, " "0, " "0, " "0, " "0, " "0, " "0, " "0, " "0, " "0, " "0, " "0, " "0, " "0, " "0, " "0, " "0, " "0, " "0, " "0, " "0, " "0, " "0, " "0, " "0, " "0, " "0, " "0, " "0, " "0, " "0, " "0, " "0, " "0, " "0, " "0, " "0, " "0, " "0, " "0, " "0, " "0, " "0, " "0, " "0, " "0, " "0, " "0, " "0, " "0, " "0, " "0, " "0, " "0, " "0, " "0, " "0, " "0, " "0, " "0, " "0, " "0, " "0, " "0, " "0, " "0, " "0, " "0, " "0, " "0, " "0, " "0, " "0, " "0, " "0, " "0, " "0, " "0, " "0, " "0, " "0, " "0, " "0, " "0, " "0, " "0, " "0, " "0, " "0, " "0, " "0, " "0, " "0, " "0, " "0, " "0, " "0, " "0, " "0, " "0, " "0, " "0, " "0, " "0, " "0, " "0, " "0, " "0, " "0, " "0, " "0, " "0, " "0, " "0, " "0, " "0, " "0, " "0, " "0, " "0, " "0, " "0, " "0, " "0, " "0, " "0, " "0, " "0, " "0, " "0, " "0, " "0, " "0, " "0, " "0, " "0, " "0, " "0, " "0, " "0, " "0, " "0, " "0, " "0, " "0, " "0, " "0, " "0, " "0, " "0, " "0, " "0, " "0, " "0, " "0, " "0, " "1, " "0, " "0, " "0, " "0, " "0, " "0, " "0, " "0, " "0, " "0, " "0, " "0, " "0, " "0, " "0, " "0, " "0, " "0, " "0, " "0, " "0, " "0, " "0, " "0, " "0, " "0, " "0, " "0, " "0, " "1, " "1, " "0, " "1, " "1, " "1, " "1, " "1, " "1, " "1, " "1, " "1, " "1, " "1, " "1, " "1, " "0, " "1, " "1, " "1, " "1, " "1, " "1, " "1, " "1, " "1, " "1, " "1, " "0, " "1, " "1, " "0, " "1, " "0, " "0, " "0, " "0, " "0, " "0, " "0, " "0, " "0, " "0, " "0, " "0, " "0, " "0, " "0, " "0, " "0, " "0, " "0, " "0, " "0, " "0, "0
 "Nei219, 0.135, " "0.112, " "-0.656, " "0, " "0, " "0, " "0, " "0, " "0, " "0, " "0, " "0, " "0, " "0, " "0, " "0, " "0, " "0, " "0, " "0, " "0, " "0, " "0, " "0, " "0, " "0, " "0, " "0, " "0, " "0, " "0, " "0, " "0, " "0, " "0, " "0, " "0, " "0, " "0, " "0, " "0, " "0, " "0, " "0, " "0, " "0, " "0, " "0, " "0, " "0, " "0, " "0, " "0, " "0, " "0, " "0, " "0, " "0, " "0, " "0, " "0, " "0, " "0, " "0, " "0, " "0, " "0, " "0, " "0, " "0, " "0, " "0, " "0, " "0, " "0, " "0, " "0, " "0, " "0, " "0, " "0, " "0, " "0, " "0, " "0, " "0, " "0, " "0, " "0, " "0, " "0, " "0, " "0, " "0, " "0, " "0, " "0, " "0, " "0, " "0, " "0, " "0, " "0, " "0, " "0, " "0, " "0, " "0, " "0, " "0, " "0, " "0, " "0, " "0, " "0, " "0, " "0, " "0, " "0, " "0, " "0, " "0, " "0, " "0, " "0, " "0, " "0, " "0, " "0, " "0, " "0, " "0, " "0, " "0, " "0, " "0, " "0, " "0, " "0, " "0, " "0, " "0, " "0, " "0, " "0, " "0, " "0, " "0, " "0, " "0, " "0, " "0, " "0, " "0, " "0, " "0, " "0, " "0, " "0, " "0, " "0, " "0, " "0, " "0, " "0, " "0, " "0, " "0, " "0, " "0, " "0, " "0, " "0, " "0, " "0, " "0, " "0, " "0, " "0, " "0, " "0, " "0, " "0, " "0, " "0, " "0, " "0, " "0, " "0, " "0, " "0, " "0, " "0, " "0, " "0, " "0, " "0, " "0, " "0, " "0, " "0, " "0, " "0, " "0, " "0, " "0, " "1, " "1, " "1, " "1, " "1, " "1, " "1, " "1, " "1, " "1, " "1, " "1, " "1, " "1, " "1, " "1, " "0, " "1, " "1, " "1, " "1, " "1, " "1, " "1, " "1, " "1, " "1, " "1, " "1, " "1, " "1, " "1, " "1, " "0, " "0, " "0, " "0, " "0, " "0, " "0, " "0, " "0, " "0, " "0, " "0, " "0, " "0, " "0, " "0, " "0, " "0, " "0, " "0, " "0, "0
 "Nei220, 0.026, " "0.104, " "-0.817, " "0, " "0, " "0, " "0, " "0, " "0, " "0, " "0, " "0, " "0, " "0, " "0, " "0, " "0, " "0, " "0, " "0, " "0, " "0, " "0, " "0, " "0, " "0, " "0, " "0, " "0, " "0, " "0, " "0, " "0, " "0, " "0, " "0, " "0, " "0, " "0, " "0, " "0, " "0, " "0, " "0, " "0, " "0, " "0, " "0, " "0, " "0, " "0, " "0, " "0, " "0, " "0, " "0, " "0, " "0, " "0, " "0, " "0, " "0, " "0, " "0, " "0, " "0, " "0, " "0, " "0, " "0, " "0, " "0, " "0, " "0, " "0, " "0, " "0, " "0, " "0, " "0, " "0, " "0, " "0, " "0, " "0, " "0, " "0, " "0, " "0, " "0, " "0, " "0, " "0, " "0, " "0, " "0, " "0, " "0, " "0, " "0, " "0, " "0, " "0, " "0, " "0, " "0, " "0, " "0, " "0, " "0, " "0, " "0, " "0, " "0, " "0, " "0, " "0, " "0, " "0, " "0, " "0, " "0, " "0, " "0, " "0, " "0, " "0, " "0, " "0, " "0, " "0, " "0, " "0, " "0, " "0, " "0, " "0, " "0, " "0, " "0, " "0, " "0, " "0, " "0, " "0, " "0, " "0, " "0, " "0, " "0, " "0, " "0, " "0, " "0, " "0, " "0, " "0, " "0, " "0, " "0, " "0, " "0, " "0, " "0, " "0, " "0, " "0, " "0, " "0, " "0, " "0, " "0, " "0, " "0, " "0, " "0, " "0, " "0, " "0, " "0, " "0, " "0, " "0, " "0, " "0, " "0, " "0, " "0, " "0, " "0, " "0, " "0, " "0, " "0, " "0, " "0, " "0, " "0, " "0, " "0, " "0, " "0, " "0, " "0, " "0, " "0, " "0, " "1, " "0, " "1, " "1, " "1, " "1, " "1, " "1, " "1, " "1, " "1, " "1, " "1, " "1, " "1, " "1, " "0, " "1, " "1, " "1, " "1, " "1, " "1, " "1, " "1, " "1, " "1, " "1, " "1, " "1, " "1, " "1, " "1, " "0, " "0, " "0, " "0, " "0, " "0, " "0, " "0, " "0, " "0, " "0, " "0, " "0, " "0, " "0, " "0, " "0, " "0, " "0, " "0, "0
 "Nei221, 0.155, " "0.669, " "-0.114, " "0, " "0, " "0, " "0, " "0, " "0, " "0, " "0, " "0, " "0, " "0, " "0, " "0, " "0, " "0, " "0, " "0, " "0, " "0, " "0, " "0, " "0, " "0, " "0, " "0, " "0, " "0, " "0, " "0, " "0, " "0, " "0, " "0, " "0, " "0, " "0, " "0, " "0, " "0, " "0, " "0, " "0, " "0, " "0, " "0, " "0, " "0, " "0, " "0, " "0, " "0, " "0, " "0, " "0, " "0, " "0, " "0, " "0, " "0, " "0, " "0, " "0, " "0, " "0, " "0, " "0, " "0, " "0, " "0, " "0, " "0, " "0, " "0, " "0, " "0, " "0, " "0, " "0, " "0, " "0, " "0, " "0, " "0, " "0, " "0, " "0, " "0, " "0, " "0, " "0, " "0, " "0, " "0, " "0, " "0, " "0, " "0, " "0, " "0, " "0, " "0, " "1, " "0, " "0, " "0, " "0, " "0, " "0, " "0, " "0, " "0, " "0, " "0, " "0, " "0, " "0, " "0, " "0, " "0, " "0, " "0, " "0, " "0, " "0, " "0, " "0, " "0, " "0, " "0, " "0, " "0, " "0, " "0, " "0, " "0, " "0, " "0, " "0, " "0, " "0, " "0, " "0, " "0, " "0, " "0, " "0, " "0, " "0, " "0, " "0, " "0, " "0, " "0, " "0, " "0, " "0, " "0, " "0, " "0, " "0, " "0, " "0, " "0, " "0, " "0, " "1, " "0, " "0, " "0, " "0, " "0, " "0, " "0, " "0, " "1, " "0, " "0, " "0, " "0, " "0, " "0, " "0, " "0, " "0, " "0, " "0, " "0, " "0, " "0, " "0, " "0, " "0, " "0, " "0, " "0, " "0, " "0, " "0, " "0, " "0, " "0, " "0, " "0, " "0, " "0, " "1, " "1, " "1, " "1, " "1, " "1, " "1, " "1, " "1, " "1, " "1, " "1, " "1, " "1, " "1, " "1, " "0, " "1, " "1, " "0, " "1, " "1, " "1, " "1, " "1, " "0, " "1, " "1, " "1, " "1, " "1, " "1, " "1, " "0, " "1, " "0, " "0, " "0, " "1, " "0, " "0, " "0, " "0, " "0, " "0, " "0, " "0, " "0, " "0, " "0, " "0, " "0, "0
 "Nei222, 0.161, " "-0.5, " "-0.022, " "0, " "0, " "0, " "0, " "0, " "0, " "1, " "0, " "0, " "0, " "0, " "0, " "0, " "1, " "0, " "0, " "0, " "0, " "0, " "0, " "0, " "0, " "0, " "0, " "0, " "0, " "0, " "1, " "0, " "0, " "0, " "0, " "0, " "0, " "0, " "0, " "0, " "0, " "0, " "0, " "0, " "0, " "0, " "0, " "0, " "0, " "0, " "0, " "0, " "0, " "0, " "0, " "0, " "0, " "0, " "0, " "0, " "0, " "0, " "0, " "0, " "0, " "0, " "0, " "0, " "0, " "0, " "0, " "0, " "0, " "0, " "0, " "0, " "0, " "0, " "0, " "0, " "1, " "0, " "0, " "0, " "0, " "0, " "0, " "0, " "0, " "0, " "0, " "0, " "0, " "0, " "0, " "0, " "0, " "0, " "0, " "0, " "0, " "0, " "0, " "0, " "0, " "0, " "0, " "0, " "0, " "0, " "1, " "0, " "0, " "0, " "0, " "0, " "0, " "0, " "0, " "0, " "0, " "0, " "0, " "0, " "0, " "0, " "1, " "0, " "0, " "0, " "0, " "0, " "0, " "0, " "0, " "0, " "0, " "0, " "0, " "0, " "0, " "0, " "0, " "0, " "0, " "0, " "0, " "0, " "0, " "0, " "0, " "0, " "0, " "0, " "0, " "0, " "0, " "0, " "0, " "0, " "0, " "0, " "0, " "0, " "0, " "0, " "0, " "0, " "0, " "0, " "0, " "0, " "0, " "0, " "0, " "0, " "0, " "0, " "0, " "0, " "0, " "0, " "0, " "0, " "0, " "0, " "0, " "0, " "0, " "0, " "0, " "0, " "0, " "0, " "0, " "0, " "0, " "0, " "0, " "0, " "0, " "0, " "0, " "0, " "0, " "0, " "0, " "0, " "0, " "1, " "1, " "1, " "1, " "1, " "1, " "1, " "1, " "1, " "1, " "0, " "0, " "1, " "1, " "1, " "1, " "0, " "1, " "1, " "1, " "1, " "0, " "1, " "1, " "1, " "1, " "1, " "1, " "1, " "1, " "1, " "1, " "0, " "0, " "0, " "0, " "0, " "0, " "0, " "0, " "0, " "0, " "0, " "0, " "0, " "0, " "0, " "0, " "0, " "0, " "0, "0
 "Nei223, 0.04, " "-0.644, " "-0.256, " "0, " "0, " "0, " "0, " "0, " "0, " "0, " "0, " "0, " "0, " "0, " "0, " "0, " "0, " "0, " "0, " "0, " "0, " "0, " "0, " "0, " "0, " "0, " "0, " "0, " "0, " "0, " "0, " "0, " "0, " "0, " "0, " "0, " "0, " "0, " "0, " "0, " "0, " "0, " "0, " "0, " "0, " "0, " "0, " "0, " "0, " "0, " "0, " "0, " "1, " "0, " "0, " "0, " "0, " "0, " "0, " "0, " "0, " "0, " "0, " "0, " "0, " "0, " "0, " "0, " "0, " "0, " "0, " "0, " "0, " "0, " "0, " "0, " "0, " "0, " "0, " "0, " "0, " "0, " "0, " "0, " "0, " "0, " "0, " "0, " "0, " "0, " "0, " "0, " "0, " "0, " "0, " "0, " "0, " "0, " "0, " "0, " "0, " "0, " "0, " "0, " "0, " "0, " "0, " "0, " "0, " "0, " "0, " "0, " "0, " "0, " "0, " "0, " "0, " "0, " "0, " "0, " "0, " "0, " "0, " "0, " "0, " "0, " "0, " "0, " "0, " "0, " "0, " "0, " "0, " "0, " "0, " "0, " "0, " "0, " "1, " "0, " "0, " "0, " "0, " "0, " "0, " "0, " "0, " "0, " "0, " "0, " "0, " "0, " "0, " "0, " "0, " "0, " "0, " "0, " "0, " "0, " "0, " "0, " "0, " "0, " "0, " "0, " "0, " "0, " "0, " "0, " "0, " "0, " "0, " "0, " "0, " "0, " "0, " "0, " "0, " "0, " "0, " "0, " "0, " "0, " "0, " "0, " "0, " "0, " "0, " "0, " "0, " "0, " "0, " "0, " "0, " "0, " "0, " "0, " "0, " "0, " "0, " "0, " "0, " "0, " "0, " "0, " "0, " "0, " "0, " "0, " "1, " "1, " "1, " "1, " "1, " "1, " "1, " "0, " "1, " "1, " "1, " "1, " "1, " "1, " "1, " "1, " "0, " "1, " "0, " "1, " "1, " "1, " "1, " "1, " "1, " "1, " "1, " "1, " "0, " "1, " "1, " "1, " "1, " "0, " "0, " "0, " "0, " "0, " "0, " "0, " "0, " "1, " "0, " "0, " "0, " "0, " "0, " "0, " "0, " "0, "0
 "Nei224, 0.008, " "-0.503, " "-0.525, " "0, " "0, " "0, " "0, " "0, " "0, " "0, " "0, " "0, " "0, " "0, " "0, " "0, " "0, " "0, " "0, " "0, " "0, " "0, " "0, " "0, " "0, " "0, " "0, " "0, " "0, " "0, " "0, " "0, " "0, " "0, " "0, " "0, " "0, " "0, " "0, " "0, " "0, " "0, " "0, " "0, " "0, " "0, " "0, " "0, " "0, " "0, " "0, " "0, " "0, " "0, " "0, " "0, " "0, " "0, " "0, " "0, " "0, " "0, " "0, " "0, " "0, " "0, " "0, " "0, " "0, " "0, " "0, " "0, " "0, " "0, " "0, " "0, " "0, " "0, " "0, " "0, " "0, " "0, " "0, " "0, " "0, " "0, " "0, " "0, " "0, " "0, " "0, " "0, " "0, " "0, " "0, " "0, " "0, " "0, " "0, " "0, " "0, " "0, " "0, " "0, " "0, " "0, " "0, " "0, " "0, " "0, " "0, " "0, " "0, " "0, " "0, " "0, " "0, " "0, " "0, " "0, " "0, " "0, " "0, " "0, " "0, " "0, " "0, " "0, " "0, " "0, " "0, " "0, " "0, " "0, " "0, " "0, " "0, " "0, " "0, " "0, " "0, " "0, " "0, " "0, " "0, " "0, " "0, " "0, " "0, " "0, " "0, " "0, " "0, " "0, " "0, " "0, " "0, " "0, " "0, " "0, " "0, " "0, " "0, " "0, " "0, " "0, " "0, " "0, " "0, " "0, " "0, " "0, " "0, " "1, " "0, " "0, " "0, " "0, " "0, " "0, " "0, " "0, " "0, " "0, " "0, " "0, " "0, " "0, " "0, " "0, " "0, " "0, " "0, " "0, " "0, " "0, " "0, " "0, " "0, " "0, " "0, " "0, " "0, " "0, " "0, " "0, " "0, " "0, " "0, " "0, " "0, " "1, " "1, " "1, " "1, " "1, " "1, " "1, " "1, " "0, " "1, " "1, " "1, " "1, " "0, " "1, " "1, " "0, " "1, " "1, " "1, " "1, " "1, " "1, " "1, " "1, " "1, " "1, " "1, " "1, " "0, " "1, " "1, " "1, " "0, " "0, " "0, " "0, " "0, " "0, " "0, " "0, " "0, " "0, " "0, " "0, " "0, " "0, " "0, " "0, "0
 "Nei225, 0.16, " "0.822, " "0.63, " "0, " "0, " "0, " "0, " "0, " "0, " "0, " "0, " "0, " "0, " "0, " "0, " "0, " "0, " "0, " "0, " "0, " "0, " "0, " "0, " "0, " "0, " "0, " "0, " "0, " "1, " "0, " "0, " "0, " "0, " "0, " "0, " "0, " "0, " "0, " "0, " "0, " "0, " "0, " "0, " "0, " "1, " "0, " "0, " "0, " "0, " "0, " "0, " "0, " "0, " "0, " "0, " "0, " "0, " "0, " "0, " "0, " "0, " "0, " "0, " "0, " "0, " "0, " "0, " "0, " "0, " "0, " "0, " "0, " "0, " "0, " "0, " "0, " "0, " "0, " "0, " "0, " "0, " "0, " "0, " "0, " "0, " "0, " "0, " "0, " "0, " "0, " "0, " "0, " "0, " "0, " "0, " "0, " "0, " "0, " "0, " "0, " "0, " "0, " "0, " "0, " "0, " "0, " "0, " "0, " "0, " "0, " "0, " "0, " "0, " "0, " "0, " "0, " "0, " "0, " "0, " "0, " "0, " "0, " "0, " "0, " "0, " "0, " "0, " "0, " "0, " "0, " "0, " "0, " "0, " "0, " "0, " "0, " "0, " "0, " "0, " "0, " "0, " "0, " "0, " "0, " "0, " "0, " "0, " "0, " "0, " "0, " "0, " "0, " "0, " "0, " "0, " "0, " "0, " "0, " "0, " "0, " "0, " "0, " "0, " "0, " "0, " "0, " "0, " "0, " "0, " "0, " "0, " "0, " "0, " "0, " "0, " "0, " "0, " "0, " "0, " "0, " "0, " "0, " "0, " "0, " "0, " "0, " "0, " "0, " "0, " "0, " "0, " "0, " "0, " "0, " "0, " "0, " "0, " "0, " "0, " "0, " "0, " "0, " "0, " "0, " "0, " "0, " "0, " "0, " "0, " "0, " "0, " "0, " "1, " "1, " "1, " "1, " "1, " "1, " "1, " "1, " "1, " "1, " "1, " "1, " "1, " "1, " "0, " "1, " "0, " "1, " "1, " "1, " "1, " "1, " "1, " "1, " "1, " "1, " "1, " "1, " "1, " "0, " "1, " "1, " "1, " "0, " "0, " "0, " "0, " "0, " "0, " "0, " "0, " "0, " "0, " "0, " "0, " "0, " "0, " "0, "0
 "Nei226, 0.016, " "-0.815, " "-0.287, " "0, " "0, " "0, " "0, " "0, " "0, " "0, " "0, " "0, " "0, " "0, " "0, " "0, " "0, " "0, " "0, " "0, " "0, " "0, " "0, " "0, " "1, " "0, " "0, " "0, " "0, " "0, " "0, " "0, " "0, " "0, " "0, " "0, " "0, " "0, " "0, " "0, " "0, " "0, " "0, " "0, " "0, " "0, " "0, " "0, " "0, " "0, " "0, " "0, " "0, " "0, " "0, " "0, " "0, " "0, " "0, " "0, " "0, " "0, " "0, " "0, " "0, " "0, " "0, " "0, " "0, " "0, " "0, " "0, " "0, " "0, " "0, " "0, " "0, " "0, " "0, " "0, " "0, " "0, " "0, " "0, " "0, " "0, " "0, " "0, " "0, " "0, " "0, " "0, " "0, " "0, " "0, " "0, " "1, " "0, " "0, " "0, " "0, " "0, " "0, " "0, " "0, " "0, " "0, " "0, " "0, " "0, " "0, " "0, " "0, " "0, " "0, " "0, " "0, " "0, " "0, " "0, " "0, " "0, " "0, " "0, " "0, " "0, " "0, " "0, " "0, " "0, " "0, " "0, " "0, " "0, " "0, " "0, " "0, " "0, " "0, " "0, " "0, " "0, " "0, " "0, " "0, " "0, " "0, " "0, " "0, " "0, " "0, " "0, " "0, " "0, " "0, " "0, " "0, " "0, " "0, " "0, " "0, " "0, " "0, " "0, " "0, " "0, " "0, " "0, " "0, " "0, " "0, " "0, " "0, " "0, " "0, " "0, " "0, " "0, " "0, " "0, " "0, " "0, " "0, " "0, " "0, " "0, " "0, " "0, " "0, " "0, " "0, " "0, " "0, " "0, " "0, " "0, " "0, " "0, " "0, " "0, " "0, " "0, " "0, " "0, " "0, " "0, " "0, " "0, " "0, " "0, " "0, " "0, " "0, " "1, " "1, " "1, " "1, " "1, " "1, " "1, " "1, " "1, " "1, " "1, " "1, " "1, " "1, " "1, " "1, " "0, " "1, " "1, " "1, " "1, " "1, " "1, " "1, " "1, " "1, " "1, " "0, " "0, " "1, " "1, " "1, " "1, " "0, " "0, " "0, " "0, " "0, " "0, " "0, " "0, " "0, " "0, " "0, " "0, " "0, " "0, "0
 "Nei227, 0.012, " "-0.25, " "-0.295, " "0, " "0, " "0, " "0, " "0, " "0, " "0, " "0, " "0, " "0, " "0, " "0, " "0, " "0, " "0, " "0, " "0, " "0, " "0, " "0, " "0, " "0, " "0, " "0, " "0, " "0, " "0, " "0, " "0, " "0, " "0, " "0, " "0, " "0, " "0, " "0, " "0, " "0, " "0, " "0, " "0, " "0, " "0, " "0, " "0, " "0, " "0, " "0, " "0, " "0, " "0, " "0, " "0, " "0, " "0, " "0, " "0, " "0, " "0, " "0, " "0, " "0, " "0, " "0, " "0, " "0, " "0, " "0, " "0, " "0, " "0, " "0, " "0, " "0, " "0, " "1, " "0, " "0, " "0, " "0, " "0, " "0, " "0, " "0, " "0, " "0, " "0, " "0, " "0, " "0, " "0, " "0, " "0, " "0, " "0, " "0, " "0, " "0, " "0, " "0, " "0, " "0, " "0, " "0, " "0, " "0, " "0, " "0, " "0, " "0, " "0, " "0, " "0, " "0, " "0, " "0, " "0, " "0, " "0, " "0, " "0, " "0, " "0, " "0, " "0, " "0, " "0, " "0, " "0, " "0, " "0, " "0, " "0, " "0, " "0, " "0, " "0, " "0, " "0, " "0, " "0, " "0, " "0, " "0, " "0, " "0, " "0, " "0, " "0, " "0, " "0, " "0, " "0, " "0, " "0, " "0, " "0, " "0, " "0, " "0, " "0, " "0, " "0, " "0, " "0, " "0, " "0, " "0, " "0, " "0, " "0, " "0, " "0, " "0, " "0, " "0, " "0, " "0, " "0, " "0, " "0, " "0, " "0, " "0, " "0, " "0, " "0, " "0, " "0, " "0, " "0, " "0, " "0, " "0, " "0, " "0, " "0, " "0, " "0, " "0, " "0, " "0, " "0, " "0, " "0, " "0, " "0, " "0, " "0, " "0, " "0, " "1, " "1, " "1, " "1, " "1, " "1, " "1, " "1, " "1, " "1, " "1, " "0, " "1, " "1, " "1, " "1, " "0, " "1, " "1, " "1, " "1, " "1, " "1, " "1, " "1, " "1, " "1, " "1, " "1, " "1, " "1, " "1, " "1, " "0, " "0, " "0, " "0, " "0, " "0, " "0, " "0, " "0, " "0, " "0, " "0, " "0, "0
 "Nei228, 0.127, " "-0.019, " "0.406, " "0, " "0, " "0, " "0, " "0, " "0, " "0, " "0, " "0, " "0, " "0, " "0, " "0, " "0, " "0, " "0, " "0, " "0, " "0, " "0, " "0, " "0, " "0, " "0, " "0, " "0, " "0, " "0, " "0, " "0, " "0, " "0, " "0, " "0, " "0, " "0, " "0, " "0, " "0, " "0, " "0, " "0, " "0, " "0, " "0, " "0, " "0, " "0, " "0, " "0, " "0, " "0, " "0, " "0, " "0, " "0, " "0, " "0, " "0, " "0, " "0, " "0, " "0, " "0, " "0, " "0, " "0, " "0, " "0, " "0, " "0, " "0, " "0, " "0, " "0, " "0, " "0, " "0, " "0, " "0, " "0, " "0, " "0, " "0, " "0, " "1, " "0, " "0, " "0, " "0, " "0, " "0, " "0, " "0, " "0, " "0, " "0, " "0, " "0, " "0, " "0, " "0, " "0, " "0, " "0, " "0, " "0, " "0, " "0, " "0, " "0, " "0, " "0, " "0, " "0, " "0, " "0, " "0, " "0, " "0, " "0, " "0, " "0, " "0, " "0, " "0, " "0, " "0, " "0, " "0, " "0, " "0, " "1, " "0, " "0, " "0, " "0, " "0, " "0, " "0, " "0, " "0, " "0, " "0, " "0, " "0, " "0, " "0, " "0, " "0, " "0, " "0, " "0, " "0, " "0, " "0, " "0, " "0, " "0, " "0, " "0, " "0, " "0, " "0, " "0, " "0, " "0, " "0, " "0, " "0, " "0, " "0, " "0, " "0, " "0, " "0, " "0, " "0, " "0, " "0, " "0, " "0, " "0, " "0, " "0, " "0, " "0, " "0, " "0, " "0, " "0, " "0, " "0, " "0, " "0, " "0, " "0, " "0, " "0, " "0, " "0, " "0, " "0, " "0, " "0, " "0, " "0, " "0, " "0, " "0, " "0, " "0, " "1, " "1, " "1, " "1, " "0, " "1, " "1, " "1, " "1, " "1, " "1, " "1, " "1, " "1, " "1, " "1, " "0, " "1, " "1, " "1, " "1, " "1, " "1, " "1, " "1, " "1, " "1, " "1, " "1, " "1, " "1, " "1, " "1, " "0, " "0, " "0, " "0, " "0, " "0, " "0, " "0, " "0, " "0, " "0, " "0, "0
 "Nei229, 0.035, " "-0.248, " "0.581, " "0, " "0, " "0, " "0, " "0, " "0, " "0, " "0, " "0, " "0, " "0, " "0, " "0, " "0, " "0, " "0, " "0, " "0, " "0, " "0, " "0, " "0, " "0, " "0, " "0, " "0, " "0, " "0, " "0, " "0, " "0, " "0, " "0, " "0, " "0, " "0, " "0, " "0, " "0, " "0, " "0, " "0, " "0, " "0, " "0, " "0, " "0, " "0, " "0, " "0, " "0, " "0, " "0, " "0, " "0, " "0, " "0, " "0, " "0, " "0, " "0, " "0, " "0, " "0, " "0, " "0, " "0, " "0, " "0, " "0, " "0, " "0, " "0, " "0, " "0, " "0, " "0, " "0, " "0, " "0, " "0, " "0, " "0, " "0, " "0, " "0, " "0, " "0, " "0, " "0, " "0, " "0, " "0, " "0, " "0, " "0, " "0, " "0, " "0, " "1, " "0, " "0, " "0, " "0, " "0, " "0, " "0, " "0, " "0, " "0, " "0, " "0, " "0, " "0, " "0, " "0, " "0, " "0, " "0, " "0, " "0, " "0, " "0, " "0, " "0, " "0, " "0, " "0, " "0, " "0, " "0, " "0, " "0, " "0, " "0, " "0, " "0, " "0, " "0, " "0, " "0, " "0, " "0, " "0, " "0, " "0, " "0, " "0, " "0, " "0, " "0, " "0, " "0, " "0, " "0, " "0, " "0, " "0, " "0, " "0, " "0, " "0, " "0, " "0, " "0, " "0, " "0, " "0, " "0, " "0, " "0, " "0, " "0, " "0, " "0, " "0, " "0, " "0, " "0, " "0, " "0, " "0, " "0, " "0, " "0, " "0, " "0, " "0, " "0, " "0, " "0, " "0, " "0, " "0, " "0, " "0, " "0, " "0, " "0, " "0, " "0, " "0, " "0, " "0, " "0, " "0, " "0, " "0, " "0, " "0, " "0, " "0, " "0, " "1, " "1, " "1, " "0, " "1, " "1, " "1, " "1, " "1, " "1, " "1, " "1, " "1, " "1, " "1, " "1, " "0, " "1, " "1, " "1, " "1, " "1, " "1, " "1, " "1, " "1, " "1, " "1, " "1, " "1, " "1, " "0, " "1, " "0, " "0, " "0, " "0, " "0, " "0, " "0, " "0, " "0, " "0, " "0, "0
 "Nei230, 0.111, " "0.79, " "0.222, " "0, " "0, " "0, " "0, " "0, " "0, " "0, " "0, " "0, " "0, " "0, " "0, " "0, " "0, " "0, " "0, " "0, " "0, " "0, " "0, " "0, " "0, " "0, " "0, " "0, " "0, " "0, " "0, " "0, " "0, " "0, " "0, " "0, " "0, " "0, " "0, " "0, " "0, " "0, " "0, " "0, " "0, " "0, " "0, " "0, " "0, " "0, " "0, " "0, " "0, " "0, " "0, " "0, " "0, " "0, " "0, " "0, " "0, " "0, " "0, " "0, " "0, " "0, " "0, " "0, " "0, " "0, " "0, " "0, " "0, " "0, " "0, " "0, " "0, " "0, " "0, " "0, " "0, " "0, " "0, " "0, " "0, " "0, " "0, " "0, " "0, " "0, " "0, " "0, " "0, " "0, " "0, " "0, " "0, " "0, " "0, " "0, " "0, " "0, " "0, " "0, " "0, " "0, " "0, " "0, " "0, " "0, " "0, " "0, " "0, " "0, " "0, " "0, " "0, " "0, " "0, " "0, " "0, " "0, " "0, " "0, " "0, " "0, " "0, " "0, " "0, " "0, " "0, " "0, " "0, " "0, " "0, " "0, " "0, " "0, " "0, " "0, " "0, " "0, " "0, " "0, " "0, " "0, " "0, " "0, " "0, " "0, " "0, " "0, " "0, " "0, " "0, " "0, " "0, " "0, " "0, " "0, " "0, " "0, " "0, " "0, " "0, " "0, " "0, " "0, " "0, " "0, " "0, " "0, " "0, " "0, " "0, " "0, " "0, " "0, " "0, " "0, " "0, " "0, " "0, " "0, " "0, " "0, " "0, " "0, " "0, " "0, " "0, " "0, " "0, " "0, " "0, " "0, " "0, " "0, " "0, " "0, " "0, " "0, " "0, " "0, " "0, " "0, " "0, " "0, " "0, " "0, " "0, " "0, " "0, " "0, " "0, " "0, " "0, " "1, " "1, " "1, " "1, " "0, " "1, " "1, " "0, " "1, " "1, " "1, " "1, " "1, " "1, " "1, " "1, " "0, " "1, " "1, " "1, " "1, " "1, " "1, " "1, " "1, " "1, " "1, " "1, " "1, " "1, " "1, " "1, " "1, " "0, " "0, " "0, " "0, " "0, " "0, " "0, " "0, " "0, " "0, "0
 "Nei231, 0.161, " "-0.392, " "0.856, " "0, " "0, " "0, " "0, " "0, " "0, " "0, " "0, " "0, " "0, " "0, " "0, " "0, " "0, " "0, " "0, " "0, " "0, " "0, " "0, " "0, " "0, " "0, " "0, " "0, " "0, " "0, " "0, " "0, " "0, " "0, " "0, " "0, " "0, " "0, " "0, " "0, " "0, " "0, " "0, " "0, " "0, " "0, " "0, " "0, " "0, " "0, " "0, " "0, " "0, " "0, " "0, " "0, " "0, " "0, " "0, " "1, " "0, " "0, " "0, " "0, " "0, " "0, " "0, " "0, " "0, " "0, " "0, " "0, " "0, " "0, " "0, " "0, " "0, " "0, " "0, " "0, " "0, " "0, " "0, " "0, " "0, " "0, " "0, " "0, " "0, " "0, " "0, " "0, " "0, " "0, " "0, " "0, " "0, " "0, " "0, " "0, " "0, " "0, " "0, " "0, " "0, " "0, " "0, " "0, " "0, " "0, " "0, " "0, " "0, " "0, " "0, " "0, " "0, " "0, " "0, " "0, " "0, " "0, " "0, " "0, " "0, " "0, " "0, " "0, " "0, " "0, " "0, " "0, " "0, " "0, " "0, " "0, " "0, " "0, " "0, " "0, " "0, " "0, " "0, " "0, " "0, " "0, " "0, " "0, " "0, " "0, " "0, " "0, " "0, " "0, " "0, " "0, " "0, " "0, " "0, " "0, " "0, " "0, " "0, " "0, " "0, " "0, " "0, " "0, " "0, " "0, " "0, " "0, " "0, " "0, " "0, " "0, " "0, " "0, " "0, " "0, " "0, " "0, " "0, " "0, " "0, " "0, " "0, " "0, " "0, " "0, " "0, " "0, " "0, " "0, " "0, " "0, " "0, " "0, " "0, " "0, " "0, " "0, " "0, " "0, " "0, " "0, " "0, " "0, " "0, " "0, " "0, " "0, " "0, " "0, " "0, " "0, " "0, " "0, " "1, " "1, " "1, " "1, " "1, " "1, " "1, " "1, " "1, " "1, " "1, " "1, " "1, " "1, " "1, " "1, " "0, " "1, " "1, " "1, " "1, " "1, " "1, " "1, " "1, " "1, " "1, " "1, " "1, " "1, " "1, " "1, " "1, " "0, " "0, " "0, " "0, " "0, " "0, " "0, " "0, " "0, "0
 "Nei232, 0.106, " "0.4, " "0.84, " "0, " "0, " "0, " "0, " "0, " "0, " "0, " "0, " "0, " "0, " "0, " "0, " "0, " "0, " "0, " "0, " "0, " "0, " "0, " "0, " "0, " "0, " "0, " "0, " "0, " "0, " "0, " "0, " "0, " "0, " "0, " "0, " "0, " "0, " "0, " "0, " "0, " "0, " "0, " "0, " "0, " "0, " "0, " "0, " "0, " "0, " "0, " "0, " "0, " "0, " "0, " "0, " "0, " "0, " "0, " "0, " "0, " "0, " "0, " "0, " "0, " "0, " "0, " "0, " "0, " "0, " "0, " "0, " "0, " "0, " "0, " "0, " "0, " "0, " "0, " "0, " "0, " "0, " "0, " "0, " "0, " "0, " "0, " "0, " "0, " "0, " "0, " "0, " "0, " "0, " "0, " "0, " "0, " "0, " "0, " "0, " "0, " "0, " "0, " "0, " "0, " "0, " "0, " "0, " "0, " "0, " "0, " "0, " "0, " "0, " "0, " "0, " "0, " "0, " "0, " "0, " "0, " "0, " "0, " "0, " "0, " "0, " "0, " "0, " "0, " "0, " "0, " "0, " "0, " "0, " "1, " "1, " "0, " "0, " "0, " "0, " "0, " "0, " "0, " "0, " "0, " "0, " "0, " "0, " "0, " "0, " "0, " "0, " "0, " "0, " "0, " "0, " "0, " "0, " "0, " "0, " "0, " "0, " "0, " "0, " "0, " "0, " "0, " "0, " "0, " "0, " "0, " "0, " "0, " "0, " "0, " "0, " "0, " "0, " "0, " "0, " "0, " "0, " "0, " "0, " "0, " "0, " "0, " "0, " "0, " "0, " "0, " "0, " "0, " "0, " "0, " "0, " "0, " "0, " "0, " "0, " "0, " "0, " "0, " "0, " "0, " "0, " "0, " "0, " "0, " "0, " "0, " "0, " "0, " "0, " "0, " "0, " "0, " "0, " "0, " "0, " "1, " "1, " "1, " "1, " "1, " "1, " "1, " "1, " "1, " "1, " "1, " "1, " "1, " "1, " "1, " "1, " "0, " "1, " "1, " "1, " "1, " "1, " "1, " "1, " "1, " "1, " "1, " "1, " "1, " "1, " "1, " "1, " "1, " "0, " "0, " "0, " "0, " "0, " "0, " "0, " "0, "0
 "Nei233, 0.038, " "0.267, " "-0.725, " "0, " "0, " "0, " "0, " "0, " "0, " "0, " "0, " "0, " "0, " "0, " "0, " "0, " "0, " "0, " "0, " "0, " "0, " "0, " "0, " "0, " "0, " "0, " "0, " "0, " "0, " "0, " "0, " "0, " "0, " "0, " "0, " "0, " "0, " "0, " "0, " "0, " "0, " "0, " "0, " "0, " "0, " "0, " "0, " "0, " "0, " "0, " "0, " "0, " "0, " "0, " "0, " "0, " "0, " "0, " "0, " "0, " "0, " "0, " "0, " "0, " "0, " "0, " "0, " "0, " "0, " "0, " "0, " "0, " "0, " "0, " "0, " "0, " "0, " "0, " "0, " "0, " "0, " "0, " "0, " "0, " "0, " "0, " "0, " "0, " "0, " "0, " "0, " "0, " "0, " "0, " "0, " "0, " "0, " "0, " "0, " "0, " "0, " "0, " "0, " "0, " "0, " "0, " "0, " "0, " "0, " "0, " "0, " "0, " "0, " "0, " "0, " "0, " "0, " "0, " "0, " "0, " "0, " "0, " "0, " "0, " "0, " "0, " "0, " "0, " "0, " "0, " "0, " "0, " "0, " "0, " "0, " "0, " "0, " "0, " "0, " "0, " "0, " "0, " "0, " "0, " "0, " "0, " "0, " "0, " "0, " "0, " "0, " "0, " "0, " "0, " "0, " "0, " "0, " "0, " "0, " "0, " "0, " "0, " "0, " "0, " "0, " "0, " "0, " "0, " "0, " "0, " "0, " "0, " "0, " "0, " "0, " "0, " "0, " "0, " "0, " "0, " "0, " "0, " "0, " "0, " "0, " "0, " "0, " "0, " "0, " "0, " "0, " "0, " "0, " "0, " "0, " "0, " "0, " "0, " "0, " "0, " "0, " "0, " "0, " "0, " "0, " "0, " "0, " "0, " "0, " "0, " "0, " "0, " "0, " "0, " "0, " "0, " "0, " "0, " "0, " "0, " "1, " "0, " "1, " "1, " "1, " "1, " "1, " "1, " "1, " "1, " "1, " "1, " "1, " "1, " "1, " "1, " "0, " "1, " "1, " "1, " "1, " "1, " "1, " "1, " "1, " "1, " "1, " "1, " "1, " "1, " "1, " "1, " "1, " "0, " "0, " "0, " "0, " "0, " "0, " "0, "0
 "Nei234, 0.175, " "0.021, " "-0.079, " "0, " "0, " "0, " "0, " "0, " "0, " "0, " "0, " "0, " "0, " "0, " "0, " "0, " "0, " "0, " "0, " "0, " "0, " "0, " "0, " "0, " "0, " "0, " "0, " "0, " "0, " "0, " "0, " "0, " "0, " "0, " "0, " "0, " "0, " "0, " "0, " "0, " "0, " "0, " "0, " "0, " "0, " "0, " "0, " "0, " "0, " "0, " "0, " "0, " "0, " "0, " "0, " "0, " "0, " "0, " "0, " "0, " "0, " "0, " "0, " "0, " "0, " "0, " "0, " "0, " "0, " "0, " "0, " "0, " "0, " "0, " "0, " "0, " "0, " "0, " "0, " "0, " "0, " "0, " "0, " "0, " "0, " "0, " "0, " "0, " "0, " "0, " "0, " "0, " "0, " "0, " "0, " "0, " "0, " "0, " "0, " "0, " "0, " "0, " "0, " "0, " "0, " "0, " "0, " "0, " "0, " "0, " "0, " "0, " "0, " "0, " "0, " "0, " "0, " "0, " "0, " "0, " "0, " "0, " "0, " "0, " "0, " "0, " "0, " "0, " "0, " "0, " "0, " "0, " "0, " "0, " "0, " "0, " "0, " "0, " "0, " "0, " "0, " "0, " "0, " "0, " "0, " "0, " "0, " "0, " "0, " "0, " "0, " "0, " "0, " "0, " "0, " "0, " "0, " "0, " "0, " "0, " "0, " "0, " "0, " "0, " "0, " "0, " "0, " "0, " "0, " "0, " "0, " "0, " "0, " "0, " "0, " "0, " "0, " "0, " "0, " "1, " "0, " "0, " "0, " "0, " "0, " "0, " "0, " "0, " "0, " "0, " "0, " "0, " "0, " "0, " "0, " "0, " "0, " "0, " "0, " "0, " "0, " "0, " "0, " "0, " "0, " "0, " "0, " "0, " "0, " "0, " "0, " "0, " "0, " "0, " "0, " "0, " "0, " "0, " "0, " "0, " "0, " "1, " "1, " "1, " "1, " "1, " "1, " "1, " "1, " "1, " "1, " "1, " "1, " "1, " "1, " "1, " "1, " "0, " "1, " "1, " "1, " "1, " "1, " "1, " "1, " "1, " "1, " "1, " "1, " "1, " "1, " "1, " "1, " "1, " "0, " "0, " "0, " "0, " "0, " "0, "0
 "Nei235, 0.12, " "-0.962, " "-0.775, " "0, " "0, " "0, " "0, " "0, " "0, " "0, " "0, " "0, " "0, " "0, " "0, " "0, " "0, " "0, " "0, " "0, " "0, " "0, " "0, " "0, " "1, " "0, " "0, " "0, " "0, " "0, " "0, " "0, " "0, " "0, " "0, " "0, " "0, " "0, " "0, " "0, " "0, " "0, " "0, " "0, " "0, " "0, " "0, " "0, " "0, " "0, " "0, " "0, " "0, " "0, " "0, " "0, " "0, " "0, " "0, " "0, " "0, " "0, " "0, " "0, " "0, " "0, " "0, " "0, " "0, " "0, " "0, " "0, " "0, " "0, " "0, " "0, " "0, " "0, " "0, " "0, " "0, " "0, " "0, " "0, " "0, " "0, " "0, " "0, " "0, " "0, " "0, " "0, " "0, " "0, " "0, " "0, " "0, " "0, " "0, " "0, " "0, " "0, " "0, " "0, " "0, " "0, " "0, " "0, " "0, " "0, " "0, " "0, " "0, " "0, " "0, " "0, " "0, " "0, " "0, " "0, " "0, " "0, " "0, " "0, " "0, " "0, " "0, " "0, " "0, " "0, " "0, " "0, " "0, " "0, " "0, " "0, " "0, " "0, " "0, " "0, " "0, " "0, " "0, " "0, " "0, " "0, " "0, " "0, " "0, " "0, " "0, " "0, " "0, " "0, " "0, " "0, " "0, " "0, " "0, " "0, " "0, " "0, " "0, " "0, " "0, " "0, " "0, " "0, " "0, " "0, " "0, " "0, " "0, " "0, " "0, " "0, " "0, " "0, " "0, " "0, " "0, " "0, " "0, " "0, " "0, " "0, " "0, " "0, " "0, " "0, " "0, " "0, " "0, " "0, " "0, " "0, " "0, " "0, " "0, " "0, " "0, " "0, " "0, " "0, " "0, " "0, " "0, " "0, " "0, " "0, " "0, " "0, " "0, " "0, " "0, " "0, " "0, " "0, " "0, " "1, " "0, " "0, " "1, " "1, " "1, " "1, " "0, " "1, " "1, " "1, " "1, " "1, " "1, " "1, " "1, " "1, " "1, " "1, " "0, " "1, " "1, " "1, " "1, " "0, " "1, " "1, " "1, " "1, " "1, " "1, " "1, " "1, " "1, " "0, " "1, " "0, " "0, " "0, " "0, " "0, "0
 "Nei236, 0.186, " "-0.702, " "-0.314, " "0, " "0, " "0, " "0, " "0, " "0, " "0, " "0, " "0, " "0, " "0, " "0, " "0, " "0, " "0, " "0, " "0, " "0, " "0, " "0, " "0, " "0, " "0, " "0, " "0, " "0, " "0, " "0, " "0, " "0, " "0, " "0, " "0, " "0, " "0, " "0, " "0, " "0, " "0, " "0, " "0, " "0, " "0, " "0, " "0, " "0, " "0, " "0, " "0, " "0, " "0, " "0, " "0, " "0, " "0, " "0, " "0, " "0, " "0, " "0, " "0, " "0, " "0, " "0, " "0, " "0, " "0, " "0, " "0, " "0, " "0, " "0, " "0, " "0, " "0, " "0, " "0, " "0, " "0, " "0, " "0, " "0, " "0, " "0, " "0, " "0, " "0, " "0, " "0, " "0, " "0, " "0, " "0, " "0, " "0, " "0, " "0, " "0, " "0, " "0, " "0, " "0, " "0, " "0, " "0, " "0, " "0, " "0, " "0, " "0, " "0, " "0, " "0, " "0, " "0, " "0, " "0, " "0, " "0, " "0, " "0, " "0, " "0, " "0, " "0, " "0, " "0, " "0, " "0, " "0, " "0, " "0, " "0, " "0, " "0, " "0, " "0, " "0, " "0, " "0, " "0, " "0, " "0, " "0, " "0, " "0, " "0, " "0, " "0, " "0, " "0, " "0, " "0, " "0, " "0, " "0, " "0, " "0, " "0, " "0, " "0, " "0, " "0, " "0, " "0, " "0, " "0, " "0, " "0, " "0, " "0, " "0, " "0, " "0, " "0, " "0, " "0, " "0, " "0, " "0, " "0, " "0, " "0, " "0, " "0, " "0, " "0, " "0, " "0, " "0, " "0, " "0, " "0, " "0, " "0, " "0, " "0, " "0, " "0, " "0, " "0, " "0, " "0, " "0, " "0, " "0, " "0, " "0, " "0, " "0, " "0, " "0, " "0, " "0, " "0, " "0, " "0, " "0, " "0, " "0, " "1, " "1, " "1, " "1, " "1, " "1, " "1, " "1, " "1, " "1, " "1, " "1, " "1, " "1, " "1, " "1, " "0, " "1, " "1, " "1, " "1, " "1, " "1, " "1, " "1, " "1, " "1, " "1, " "1, " "1, " "1, " "1, " "1, " "0, " "0, " "0, " "0, "0
 "Nei237, 0.108, " "-0.564, " "-0.035, " "0, " "0, " "0, " "0, " "0, " "0, " "0, " "0, " "0, " "0, " "0, " "0, " "0, " "0, " "0, " "0, " "0, " "0, " "0, " "0, " "0, " "0, " "0, " "0, " "0, " "0, " "0, " "0, " "0, " "0, " "0, " "0, " "0, " "0, " "0, " "0, " "0, " "0, " "0, " "0, " "0, " "0, " "0, " "0, " "0, " "0, " "0, " "0, " "0, " "0, " "0, " "0, " "0, " "0, " "0, " "0, " "0, " "0, " "0, " "0, " "0, " "0, " "0, " "0, " "0, " "0, " "0, " "0, " "0, " "0, " "0, " "0, " "0, " "0, " "0, " "0, " "0, " "0, " "0, " "0, " "0, " "0, " "0, " "0, " "0, " "0, " "0, " "0, " "0, " "0, " "0, " "0, " "0, " "0, " "0, " "0, " "0, " "0, " "0, " "0, " "0, " "0, " "0, " "0, " "0, " "0, " "0, " "0, " "0, " "0, " "0, " "0, " "0, " "0, " "0, " "0, " "0, " "0, " "0, " "0, " "0, " "0, " "0, " "0, " "0, " "0, " "0, " "0, " "0, " "0, " "0, " "0, " "0, " "0, " "0, " "0, " "0, " "0, " "0, " "0, " "0, " "0, " "0, " "0, " "0, " "0, " "0, " "0, " "0, " "0, " "0, " "0, " "0, " "0, " "0, " "0, " "0, " "0, " "0, " "0, " "0, " "0, " "0, " "0, " "0, " "0, " "0, " "0, " "0, " "0, " "0, " "0, " "0, " "0, " "0, " "1, " "0, " "0, " "0, " "0, " "0, " "0, " "0, " "0, " "0, " "0, " "0, " "0, " "0, " "0, " "0, " "0, " "0, " "0, " "0, " "0, " "0, " "0, " "0, " "0, " "0, " "0, " "0, " "0, " "0, " "0, " "0, " "0, " "0, " "0, " "0, " "0, " "0, " "0, " "0, " "0, " "0, " "0, " "0, " "0, " "0, " "1, " "1, " "1, " "0, " "1, " "0, " "1, " "1, " "1, " "1, " "1, " "1, " "1, " "1, " "1, " "1, " "0, " "1, " "1, " "1, " "1, " "1, " "1, " "1, " "1, " "1, " "1, " "1, " "1, " "1, " "1, " "1, " "1, " "0, " "0, " "0, "0
 "Nei238, 0.053, " "0.471, " "-0.638, " "0, " "0, " "0, " "0, " "0, " "0, " "0, " "0, " "0, " "0, " "0, " "0, " "0, " "0, " "0, " "0, " "0, " "0, " "0, " "0, " "0, " "0, " "1, " "0, " "0, " "0, " "0, " "0, " "0, " "0, " "0, " "0, " "0, " "0, " "0, " "0, " "0, " "0, " "0, " "0, " "0, " "0, " "0, " "0, " "0, " "0, " "0, " "0, " "0, " "0, " "0, " "0, " "0, " "0, " "0, " "0, " "0, " "0, " "0, " "0, " "0, " "0, " "0, " "0, " "0, " "0, " "0, " "0, " "0, " "0, " "0, " "0, " "0, " "0, " "0, " "0, " "0, " "0, " "0, " "0, " "0, " "0, " "0, " "0, " "0, " "0, " "0, " "0, " "0, " "0, " "0, " "0, " "0, " "0, " "0, " "0, " "0, " "0, " "0, " "0, " "0, " "0, " "0, " "0, " "0, " "0, " "0, " "0, " "0, " "0, " "0, " "0, " "0, " "0, " "0, " "0, " "0, " "0, " "0, " "0, " "0, " "0, " "0, " "0, " "0, " "0, " "1, " "0, " "0, " "0, " "0, " "0, " "0, " "0, " "0, " "0, " "0, " "0, " "0, " "0, " "0, " "0, " "0, " "0, " "0, " "0, " "0, " "0, " "0, " "0, " "0, " "0, " "0, " "0, " "0, " "0, " "0, " "0, " "0, " "0, " "0, " "0, " "0, " "0, " "0, " "0, " "0, " "0, " "0, " "0, " "0, " "0, " "0, " "0, " "0, " "0, " "0, " "0, " "0, " "0, " "0, " "0, " "0, " "0, " "0, " "0, " "0, " "0, " "0, " "0, " "0, " "0, " "0, " "0, " "0, " "0, " "0, " "0, " "0, " "0, " "0, " "0, " "0, " "0, " "0, " "0, " "0, " "0, " "0, " "0, " "0, " "0, " "0, " "0, " "0, " "0, " "0, " "0, " "0, " "0, " "0, " "0, " "0, " "1, " "1, " "0, " "0, " "1, " "1, " "1, " "1, " "1, " "1, " "1, " "1, " "1, " "1, " "1, " "0, " "1, " "1, " "1, " "1, " "1, " "1, " "1, " "1, " "0, " "1, " "1, " "1, " "1, " "1, " "1, " "1, " "0, " "0, "0
 "Nei239, 0.036, " "-0.392, " "-0.556, " "0, " "0, " "0, " "0, " "0, " "0, " "0, " "0, " "0, " "0, " "0, " "0, " "0, " "0, " "0, " "0, " "0, " "0, " "0, " "0, " "0, " "0, " "0, " "0, " "0, " "0, " "0, " "0, " "0, " "0, " "0, " "0, " "0, " "0, " "0, " "0, " "0, " "0, " "0, " "0, " "0, " "0, " "0, " "0, " "0, " "0, " "0, " "0, " "0, " "0, " "0, " "0, " "0, " "0, " "0, " "0, " "0, " "0, " "0, " "0, " "0, " "0, " "0, " "0, " "0, " "0, " "0, " "0, " "0, " "0, " "0, " "0, " "0, " "0, " "0, " "0, " "0, " "0, " "0, " "0, " "0, " "0, " "0, " "0, " "0, " "0, " "0, " "0, " "0, " "0, " "0, " "0, " "0, " "1, " "0, " "0, " "0, " "0, " "0, " "0, " "0, " "0, " "0, " "0, " "0, " "0, " "0, " "0, " "0, " "0, " "0, " "0, " "0, " "0, " "0, " "0, " "0, " "0, " "0, " "0, " "0, " "0, " "0, " "0, " "0, " "0, " "0, " "0, " "0, " "0, " "0, " "0, " "0, " "0, " "0, " "0, " "0, " "0, " "0, " "0, " "0, " "0, " "0, " "0, " "0, " "0, " "0, " "0, " "0, " "0, " "0, " "0, " "0, " "0, " "0, " "0, " "0, " "0, " "0, " "0, " "0, " "0, " "0, " "0, " "0, " "0, " "0, " "0, " "0, " "0, " "0, " "0, " "0, " "0, " "0, " "0, " "0, " "0, " "0, " "0, " "0, " "0, " "0, " "0, " "0, " "0, " "0, " "0, " "0, " "0, " "0, " "0, " "0, " "0, " "0, " "0, " "0, " "0, " "0, " "0, " "0, " "0, " "0, " "0, " "0, " "0, " "0, " "0, " "0, " "0, " "0, " "0, " "0, " "0, " "0, " "0, " "0, " "0, " "0, " "0, " "0, " "1, " "0, " "1, " "1, " "1, " "1, " "1, " "1, " "1, " "1, " "1, " "1, " "1, " "1, " "1, " "1, " "1, " "1, " "0, " "1, " "1, " "1, " "1, " "0, " "1, " "1, " "1, " "1, " "0, " "1, " "1, " "1, " "1, " "1, " "1, " "0, "0
 "Nei240, 0.003, " "-0.597, " "0.429, " "0, " "0, " "0, " "0, " "0, " "0, " "0, " "0, " "0, " "0, " "0, " "0, " "0, " "0, " "0, " "0, " "0, " "0, " "0, " "0, " "0, " "0, " "0, " "0, " "0, " "0, " "0, " "0, " "0, " "0, " "0, " "0, " "0, " "0, " "0, " "0, " "0, " "0, " "0, " "0, " "0, " "0, " "0, " "0, " "0, " "0, " "0, " "0, " "0, " "0, " "0, " "0, " "0, " "0, " "0, " "0, " "0, " "0, " "0, " "0, " "0, " "0, " "0, " "0, " "0, " "0, " "0, " "0, " "0, " "0, " "0, " "0, " "0, " "0, " "0, " "0, " "0, " "0, " "0, " "0, " "0, " "0, " "0, " "0, " "0, " "0, " "0, " "0, " "0, " "0, " "0, " "0, " "0, " "0, " "0, " "0, " "0, " "0, " "0, " "0, " "0, " "0, " "0, " "0, " "0, " "0, " "0, " "0, " "0, " "0, " "0, " "0, " "0, " "0, " "0, " "0, " "0, " "0, " "0, " "0, " "0, " "0, " "0, " "0, " "0, " "0, " "0, " "0, " "0, " "0, " "0, " "0, " "0, " "0, " "0, " "0, " "0, " "0, " "0, " "0, " "0, " "0, " "0, " "0, " "0, " "0, " "0, " "0, " "0, " "0, " "0, " "0, " "0, " "0, " "0, " "0, " "0, " "0, " "0, " "0, " "0, " "0, " "0, " "0, " "0, " "0, " "0, " "0, " "0, " "0, " "0, " "0, " "0, " "0, " "0, " "0, " "0, " "0, " "0, " "0, " "0, " "0, " "0, " "0, " "0, " "0, " "0, " "0, " "0, " "0, " "1, " "0, " "0, " "0, " "0, " "0, " "0, " "0, " "0, " "0, " "0, " "0, " "0, " "0, " "0, " "0, " "0, " "0, " "0, " "0, " "0, " "0, " "0, " "0, " "0, " "0, " "0, " "0, " "0, " "0, " "0, " "0, " "0, " "0, " "1, " "1, " "1, " "1, " "1, " "1, " "1, " "1, " "1, " "1, " "1, " "0, " "1, " "1, " "1, " "1, " "0, " "1, " "1, " "1, " "1, " "1, " "1, " "1, " "1, " "1, " "1, " "1, " "1, " "1, " "1, " "1, " "1, "0
 "Nei241, 0.183, " "0.084, " "-0.775, " "1, " "0, " "0, " "0, " "0, " "0, " "0, " "0, " "0, " "0, " "0, " "0, " "0, " "0, " "0, " "0, " "1, " "0, " "0, " "0, " "0, " "0, " "0, " "0, " "0, " "0, " "0, " "0, " "0, " "0, " "0, " "0, " "0, " "0, " "0, " "0, " "0, " "0, " "0, " "0, " "0, " "0, " "0, " "0, " "0, " "0, " "0, " "0, " "0, " "0, " "0, " "0, " "0, " "0, " "0, " "0, " "0, " "0, " "0, " "0, " "0, " "0, " "0, " "0, " "0, " "0, " "0, " "0, " "0, " "0, " "0, " "0, " "0, " "0, " "0, " "0, " "0, " "0, " "0, " "0, " "0, " "0, " "0, " "0, " "0, " "0, " "0, " "0, " "0, " "0, " "0, " "0, " "0, " "0, " "0, " "0, " "0, " "0, " "0, " "0, " "0, " "0, " "0, " "0, " "0, " "0, " "0, " "0, " "0, " "0, " "0, " "0, " "0, " "0, " "0, " "0, " "0, " "0, " "0, " "0, " "0, " "0, " "0, " "0, " "0, " "0, " "0, " "0, " "0, " "0, " "0, " "0, " "0, " "0, " "0, " "0, " "0, " "0, " "0, " "0, " "0, " "0, " "0, " "0, " "0, " "0, " "0, " "0, " "0, " "0, " "0, " "0, " "0, " "0, " "0, " "0, " "0, " "0, " "0, " "0, " "0, " "0, " "0, " "0, " "0, " "0, " "0, " "0, " "0, " "0, " "0, " "0, " "0, " "0, " "0, " "0, " "0, " "0, " "0, " "0, " "0, " "0, " "0, " "0, " "0, " "0, " "0, " "0, " "0, " "0, " "0, " "0, " "0, " "0, " "0, " "0, " "0, " "0, " "0, " "0, " "0, " "0, " "0, " "0, " "0, " "0, " "0, " "0, " "0, " "0, " "0, " "0, " "0, " "0, " "0, " "0, " "0, " "0, " "0, " "0, " "0, " "0, " "0, " "0, " "0, " "1, " "1, " "1, " "1, " "1, " "1, " "1, " "1, " "1, " "1, " "1, " "1, " "1, " "1, " "1, " "1, " "0, " "1, " "1, " "1, " "0, " "1, " "1, " "1, " "1, " "1, " "1, " "1, " "1, " "1, " "1, " "1, "0
 "Nei242, 0.079, " "0.583, " "0.901, " "1, " "1, " "0, " "0, " "0, " "0, " "0, " "0, " "0, " "0, " "0, " "0, " "0, " "0, " "0, " "0, " "0, " "0, " "0, " "0, " "0, " "0, " "0, " "0, " "0, " "0, " "0, " "0, " "0, " "0, " "0, " "0, " "0, " "0, " "0, " "0, " "0, " "0, " "0, " "0, " "0, " "0, " "0, " "0, " "0, " "0, " "0, " "0, " "0, " "0, " "0, " "0, " "0, " "0, " "0, " "0, " "0, " "0, " "0, " "0, " "0, " "0, " "0, " "0, " "0, " "0, " "0, " "0, " "0, " "0, " "0, " "0, " "0, " "0, " "0, " "0, " "0, " "0, " "0, " "0, " "0, " "0, " "0, " "0, " "0, " "0, " "0, " "0, " "0, " "0, " "0, " "0, " "0, " "0, " "0, " "0, " "0, " "0, " "0, " "0, " "0, " "0, " "0, " "0, " "0, " "0, " "0, " "0, " "0, " "0, " "0, " "0, " "0, " "0, " "0, " "0, " "0, " "0, " "0, " "0, " "0, " "0, " "0, " "1, " "0, " "0, " "0, " "0, " "0, " "0, " "0, " "0, " "0, " "0, " "0, " "0, " "0, " "0, " "0, " "0, " "0, " "0, " "0, " "0, " "0, " "0, " "0, " "0, " "0, " "0, " "0, " "0, " "0, " "0, " "0, " "0, " "0, " "0, " "0, " "0, " "0, " "0, " "0, " "0, " "0, " "0, " "0, " "0, " "0, " "0, " "0, " "0, " "0, " "0, " "0, " "0, " "0, " "0, " "0, " "0, " "0, " "0, " "0, " "0, " "0, " "0, " "0, " "0, " "0, " "0, " "0, " "0, " "0, " "0, " "0, " "0, " "0, " "0, " "0, " "0, " "0, " "0, " "0, " "0, " "0, " "0, " "0, " "0, " "0, " "0, " "0, " "0, " "0, " "0, " "0, " "0, " "0, " "0, " "0, " "0, " "0, " "0, " "0, " "0, " "0, " "0, " "1, " "1, " "1, " "1, " "1, " "1, " "1, " "1, " "1, " "1, " "1, " "1, " "1, " "1, " "1, " "1, " "0, " "1, " "1, " "1, " "1, " "1, " "1, " "1, " "1, " "1, " "1, " "1, " "1, " "1, " "1, "0
 "Nei243, 0.164, " "0.083, " "-0.471, " "1, " "1, " "1, " "0, " "0, " "0, " "0, " "0, " "0, " "0, " "0, " "0, " "0, " "0, " "0, " "0, " "0, " "0, " "0, " "0, " "0, " "0, " "0, " "0, " "0, " "0, " "0, " "0, " "0, " "0, " "0, " "0, " "0, " "0, " "0, " "0, " "0, " "0, " "0, " "0, " "0, " "0, " "0, " "0, " "0, " "0, " "0, " "0, " "0, " "0, " "0, " "0, " "0, " "0, " "0, " "0, " "0, " "0, " "0, " "0, " "0, " "0, " "0, " "0, " "0, " "0, " "0, " "0, " "0, " "0, " "0, " "0, " "0, " "0, " "0, " "0, " "0, " "0, " "0, " "0, " "0, " "0, " "0, " "0, " "0, " "0, " "0, " "0, " "0, " "0, " "0, " "0, " "0, " "0, " "0, " "0, " "0, " "0, " "0, " "0, " "0, " "0, " "0, " "0, " "0, " "0, " "0, " "0, " "0, " "0, " "0, " "0, " "0, " "0, " "0, " "0, " "0, " "0, " "0, " "0, " "0, " "0, " "0, " "1, " "0, " "0, " "0, " "0, " "0, " "0, " "0, " "0, " "0, " "0, " "0, " "0, " "0, " "0, " "0, " "0, " "0, " "0, " "0, " "0, " "0, " "0, " "0, " "0, " "0, " "0, " "0, " "0, " "0, " "0, " "0, " "0, " "0, " "0, " "0, " "0, " "0, " "0, " "0, " "0, " "0, " "0, " "0, " "0, " "0, " "0, " "0, " "0, " "0, " "0, " "0, " "0, " "0, " "0, " "0, " "0, " "0, " "0, " "0, " "0, " "0, " "0, " "0, " "0, " "0, " "0, " "0, " "0, " "0, " "0, " "0, " "0, " "0, " "0, " "0, " "0, " "0, " "0, " "0, " "0, " "0, " "0, " "0, " "0, " "0, " "0, " "0, " "0, " "0, " "0, " "0, " "0, " "0, " "0, " "0, " "0, " "0, " "1, " "0, " "0, " "0, " "0, " "0, " "1, " "1, " "1, " "1, " "1, " "1, " "1, " "1, " "1, " "1, " "1, " "1, " "1, " "1, " "1, " "1, " "0, " "1, " "1, " "1, " "1, " "0, " "1, " "1, " "1, " "1, " "1, " "1, " "1, " "1, "0
 "Nei244, 0.114, " "-0.153, " "0.597, " "1, " "1, " "1, " "0, " "0, " "0, " "0, " "0, " "0, " "0, " "0, " "0, " "0, " "0, " "0, " "0, " "0, " "0, " "0, " "0, " "0, " "0, " "0, " "0, " "0, " "0, " "0, " "0, " "0, " "0, " "0, " "0, " "0, " "0, " "0, " "0, " "0, " "0, " "0, " "0, " "0, " "0, " "0, " "0, " "0, " "0, " "0, " "0, " "0, " "0, " "0, " "0, " "0, " "0, " "1, " "0, " "0, " "0, " "0, " "0, " "0, " "1, " "0, " "0, " "0, " "0, " "0, " "0, " "0, " "0, " "0, " "0, " "0, " "0, " "0, " "0, " "0, " "0, " "0, " "0, " "0, " "0, " "0, " "0, " "0, " "0, " "0, " "0, " "0, " "0, " "0, " "0, " "0, " "0, " "0, " "0, " "0, " "0, " "0, " "0, " "0, " "0, " "0, " "0, " "0, " "0, " "0, " "0, " "0, " "0, " "0, " "0, " "0, " "0, " "0, " "0, " "0, " "0, " "0, " "0, " "0, " "0, " "0, " "0, " "0, " "0, " "0, " "0, " "0, " "0, " "0, " "0, " "0, " "0, " "0, " "0, " "0, " "0, " "0, " "0, " "0, " "0, " "0, " "0, " "0, " "0, " "0, " "0, " "0, " "0, " "0, " "0, " "0, " "0, " "0, " "0, " "0, " "0, " "0, " "0, " "0, " "0, " "0, " "0, " "0, " "0, " "0, " "0, " "0, " "0, " "0, " "0, " "0, " "0, " "0, " "0, " "0, " "0, " "0, " "0, " "0, " "0, " "0, " "0, " "0, " "0, " "0, " "0, " "0, " "0, " "0, " "0, " "0, " "0, " "0, " "0, " "0, " "0, " "0, " "0, " "0, " "0, " "0, " "0, " "0, " "0, " "0, " "0, " "0, " "0, " "0, " "0, " "1, " "0, " "0, " "0, " "0, " "0, " "0, " "0, " "0, " "0, " "0, " "0, " "0, " "0, " "0, " "0, " "1, " "0, " "1, " "1, " "1, " "1, " "1, " "1, " "1, " "1, " "1, " "0, " "1, " "1, " "1, " "1, " "0, " "1, " "1, " "1, " "1, " "1, " "1, " "1, " "1, " "1, " "1, " "1, " "1, "0
 "Nei245, 0.011, " "-0.465, " "0.493, " "1, " "1, " "1, " "1, " "1, " "0, " "0, " "0, " "0, " "0, " "0, " "0, " "0, " "0, " "0, " "0, " "0, " "0, " "0, " "0, " "0, " "0, " "0, " "0, " "0, " "0, " "0, " "0, " "0, " "0, " "0, " "0, " "0, " "0, " "0, " "0, " "0, " "0, " "0, " "0, " "0, " "0, " "0, " "0, " "0, " "0, " "0, " "0, " "0, " "0, " "0, " "0, " "0, " "0, " "0, " "0, " "0, " "0, " "0, " "0, " "0, " "0, " "0, " "0, " "0, " "0, " "0, " "0, " "0, " "0, " "0, " "0, " "0, " "0, " "0, " "0, " "0, " "0, " "0, " "0, " "0, " "0, " "0, " "0, " "0, " "0, " "0, " "0, " "0, " "0, " "0, " "0, " "0, " "0, " "0, " "0, " "0, " "0, " "0, " "0, " "0, " "0, " "0, " "0, " "0, " "0, " "0, " "0, " "0, " "0, " "0, " "0, " "0, " "0, " "0, " "0, " "0, " "0, " "0, " "0, " "0, " "0, " "0, " "0, " "0, " "0, " "0, " "0, " "0, " "0, " "0, " "0, " "0, " "0, " "0, " "0, " "0, " "0, " "0, " "0, " "0, " "0, " "0, " "0, " "0, " "0, " "1, " "0, " "0, " "0, " "0, " "0, " "0, " "0, " "0, " "0, " "0, " "0, " "0, " "0, " "0, " "0, " "0, " "0, " "0, " "0, " "0, " "0, " "0, " "0, " "0, " "0, " "0, " "0, " "0, " "0, " "0, " "0, " "0, " "0, " "0, " "0, " "0, " "0, " "0, " "0, " "0, " "0, " "0, " "0, " "0, " "0, " "0, " "0, " "0, " "0, " "0, " "0, " "0, " "0, " "0, " "0, " "0, " "0, " "0, " "0, " "0, " "0, " "0, " "0, " "0, " "0, " "0, " "0, " "0, " "0, " "0, " "0, " "0, " "0, " "0, " "0, " "0, " "0, " "0, " "0, " "0, " "0, " "0, " "1, " "1, " "1, " "1, " "1, " "1, " "1, " "1, " "1, " "1, " "1, " "1, " "0, " "1, " "1, " "1, " "0, " "1, " "1, " "1, " "1, " "1, " "1, " "1, " "1, " "1, " "1, " "1, "0
 "Nei246, 0.173, " "-0.379, " "-0.742, " "1, " "0, " "1, " "1, " "1, " "1, " "0, " "0, " "0, " "0, " "0, " "0, " "0, " "0, " "0, " "0, " "0, " "0, " "0, " "0, " "0, " "0, " "0, " "0, " "0, " "0, " "0, " "0, " "0, " "0, " "0, " "0, " "1, " "0, " "0, " "0, " "0, " "0, " "0, " "0, " "0, " "0, " "0, " "0, " "0, " "0, " "0, " "0, " "0, " "0, " "0, " "0, " "0, " "0, " "0, " "0, " "0, " "0, " "0, " "0, " "0, " "0, " "0, " "0, " "0, " "0, " "0, " "0, " "0, " "0, " "0, " "0, " "0, " "0, " "0, " "0, " "0, " "0, " "0, " "0, " "0, " "0, " "0, " "1, " "0, " "0, " "0, " "0, " "0, " "0, " "0, " "0, " "0, " "0, " "0, " "0, " "0, " "0, " "0, " "0, " "0, " "0, " "0, " "0, " "0, " "0, " "0, " "0, " "0, " "0, " "0, " "0, " "0, " "0, " "0, " "0, " "0, " "0, " "0, " "0, " "0, " "0, " "0, " "0, " "0, " "0, " "0, " "0, " "0, " "0, " "0, " "0, " "0, " "0, " "0, " "0, " "0, " "0, " "0, " "0, " "0, " "0, " "0, " "0, " "0, " "0, " "0, " "0, " "0, " "0, " "0, " "0, " "0, " "0, " "0, " "0, " "0, " "0, " "0, " "0, " "0, " "0, " "0, " "1, " "0, " "0, " "0, " "0, " "0, " "0, " "0, " "0, " "0, " "0, " "0, " "0, " "0, " "0, " "0, " "0, " "0, " "0, " "0, " "0, " "0, " "0, " "0, " "0, " "0, " "0, " "0, " "0, " "0, " "0, " "0, " "0, " "0, " "0, " "0, " "0, " "0, " "0, " "0, " "0, " "0, " "0, " "0, " "0, " "0, " "0, " "0, " "0, " "0, " "0, " "0, " "0, " "0, " "0, " "0, " "0, " "0, " "0, " "0, " "0, " "0, " "0, " "0, " "0, " "0, " "0, " "1, " "1, " "1, " "1, " "1, " "1, " "1, " "1, " "1, " "1, " "1, " "1, " "1, " "1, " "1, " "1, " "0, " "1, " "1, " "0, " "1, " "1, " "1, " "1, " "0, " "1, " "1, "0
 "Nei247, 0.18, " "-0.395, " "0.851, " "1, " "1, " "1, " "1, " "1, " "1, " "1, " "0, " "0, " "0, " "0, " "0, " "0, " "0, " "0, " "0, " "0, " "0, " "0, " "0, " "0, " "0, " "0, " "0, " "0, " "0, " "0, " "0, " "0, " "0, " "0, " "0, " "0, " "0, " "0, " "0, " "0, " "0, " "0, " "0, " "0, " "0, " "0, " "0, " "0, " "0, " "0, " "0, " "0, " "0, " "0, " "0, " "0, " "0, " "0, " "0, " "0, " "0, " "0, " "0, " "0, " "0, " "0, " "0, " "0, " "0, " "0, " "0, " "0, " "0, " "0, " "0, " "0, " "0, " "0, " "0, " "0, " "0, " "0, " "0, " "0, " "0, " "0, " "0, " "0, " "0, " "0, " "0, " "0, " "0, " "0, " "0, " "0, " "0, " "0, " "0, " "0, " "0, " "0, " "0, " "0, " "0, " "0, " "0, " "0, " "0, " "0, " "0, " "0, " "0, " "0, " "0, " "0, " "0, " "0, " "0, " "0, " "0, " "0, " "0, " "0, " "0, " "0, " "0, " "0, " "0, " "0, " "0, " "0, " "0, " "0, " "0, " "0, " "0, " "0, " "0, " "0, " "0, " "0, " "0, " "0, " "0, " "0, " "0, " "0, " "0, " "0, " "0, " "0, " "0, " "0, " "0, " "0, " "0, " "0, " "0, " "0, " "0, " "0, " "0, " "0, " "0, " "0, " "0, " "0, " "0, " "0, " "0, " "0, " "0, " "0, " "0, " "0, " "0, " "0, " "0, " "0, " "0, " "0, " "0, " "0, " "0, " "0, " "0, " "0, " "0, " "0, " "0, " "0, " "0, " "0, " "0, " "0, " "0, " "0, " "0, " "0, " "0, " "0, " "0, " "0, " "0, " "0, " "0, " "0, " "0, " "0, " "0, " "0, " "0, " "0, " "0, " "0, " "0, " "0, " "0, " "0, " "0, " "0, " "0, " "0, " "0, " "0, " "0, " "0, " "0, " "0, " "0, " "0, " "0, " "0, " "1, " "1, " "1, " "1, " "1, " "1, " "1, " "0, " "1, " "1, " "1, " "1, " "1, " "1, " "1, " "1, " "0, " "1, " "1, " "1, " "1, " "1, " "1, " "1, " "1, " "1, "0
 "Nei248, 0.036, " "0.449, " "0.897, " "1, " "1, " "1, " "1, " "1, " "1, " "1, " "1, " "0, " "0, " "0, " "0, " "0, " "0, " "0, " "0, " "0, " "0, " "0, " "0, " "0, " "0, " "0, " "0, " "0, " "0, " "0, " "0, " "0, " "0, " "0, " "0, " "0, " "0, " "0, " "0, " "0, " "0, " "0, " "0, " "0, " "0, " "0, " "0, " "0, " "0, " "0, " "0, " "0, " "0, " "0, " "0, " "0, " "0, " "0, " "0, " "0, " "0, " "0, " "0, " "0, " "0, " "0, " "0, " "0, " "0, " "0, " "0, " "0, " "0, " "0, " "0, " "0, " "0, " "0, " "0, " "0, " "0, " "0, " "0, " "0, " "0, " "0, " "0, " "0, " "0, " "0, " "0, " "0, " "0, " "0, " "0, " "0, " "0, " "0, " "0, " "0, " "0, " "0, " "0, " "0, " "0, " "0, " "0, " "0, " "0, " "0, " "0, " "0, " "0, " "0, " "0, " "0, " "0, " "0, " "0, " "0, " "0, " "0, " "0, " "0, " "0, " "0, " "0, " "0, " "0, " "0, " "0, " "0, " "0, " "0, " "0, " "0, " "0, " "0, " "0, " "0, " "0, " "0, " "0, " "0, " "0, " "0, " "0, " "0, " "0, " "0, " "0, " "0, " "0, " "0, " "0, " "0, " "0, " "0, " "0, " "0, " "0, " "0, " "0, " "0, " "0, " "0, " "0, " "0, " "0, " "0, " "0, " "0, " "0, " "0, " "0, " "0, " "0, " "0, " "0, " "0, " "0, " "0, " "0, " "0, " "0, " "0, " "0, " "0, " "0, " "0, " "0, " "0, " "0, " "0, " "0, " "0, " "0, " "0, " "0, " "0, " "0, " "0, " "0, " "0, " "0, " "0, " "0, " "0, " "0, " "0, " "0, " "0, " "0, " "0, " "0, " "0, " "0, " "0, " "0, " "0, " "0, " "0, " "0, " "0, " "0, " "0, " "1, " "0, " "0, " "0, " "0, " "0, " "0, " "0, " "0, " "1, " "1, " "1, " "1, " "1, " "1, " "1, " "1, " "1, " "1, " "1, " "0, " "1, " "1, " "1, " "1, " "0, " "1, " "1, " "1, " "1, " "1, " "1, " "1, " "1, "0
 "Nei249, 0.087, " "-0.569, " "0.086, " "1, " "1, " "1, " "1, " "1, " "1, " "1, " "1, " "1, " "0, " "0, " "0, " "0, " "0, " "0, " "0, " "0, " "0, " "0, " "0, " "0, " "0, " "0, " "0, " "0, " "0, " "0, " "0, " "0, " "0, " "0, " "0, " "0, " "0, " "0, " "0, " "0, " "0, " "0, " "0, " "0, " "0, " "0, " "0, " "0, " "0, " "0, " "0, " "0, " "0, " "0, " "0, " "0, " "0, " "0, " "0, " "0, " "0, " "0, " "0, " "0, " "0, " "0, " "0, " "0, " "0, " "0, " "0, " "0, " "0, " "0, " "0, " "0, " "0, " "1, " "0, " "0, " "0, " "0, " "0, " "0, " "0, " "0, " "0, " "0, " "0, " "0, " "0, " "0, " "0, " "0, " "0, " "0, " "0, " "0, " "0, " "0, " "0, " "0, " "0, " "0, " "0, " "0, " "0, " "0, " "0, " "0, " "0, " "0, " "0, " "0, " "0, " "0, " "0, " "0, " "0, " "0, " "0, " "0, " "0, " "0, " "0, " "0, " "0, " "0, " "0, " "0, " "0, " "0, " "0, " "0, " "0, " "0, " "0, " "0, " "0, " "0, " "0, " "0, " "0, " "0, " "0, " "0, " "0, " "0, " "0, " "0, " "0, " "0, " "0, " "0, " "0, " "0, " "0, " "0, " "0, " "0, " "0, " "0, " "0, " "0, " "0, " "0, " "0, " "0, " "0, " "0, " "0, " "0, " "0, " "0, " "0, " "0, " "0, " "0, " "0, " "0, " "0, " "0, " "0, " "0, " "0, " "0, " "0, " "0, " "0, " "0, " "0, " "0, " "0, " "0, " "0, " "0, " "0, " "0, " "0, " "0, " "0, " "0, " "0, " "0, " "0, " "0, " "0, " "0, " "0, " "0, " "0, " "0, " "0, " "0, " "0, " "0, " "0, " "0, " "0, " "0, " "0, " "0, " "0, " "0, " "0, " "0, " "0, " "0, " "0, " "0, " "0, " "0, " "0, " "0, " "0, " "0, " "1, " "1, " "1, " "1, " "1, " "1, " "0, " "1, " "1, " "1, " "1, " "1, " "1, " "0, " "1, " "1, " "0, " "1, " "1, " "1, " "0, " "1, " "1, " "1, "0
 "Nei250, 0.12, " "-0.278, " "-0.131, " "1, " "1, " "1, " "1, " "1, " "1, " "0, " "1, " "1, " "1, " "0, " "0, " "0, " "0, " "0, " "0, " "0, " "0, " "0, " "0, " "0, " "0, " "0, " "0, " "0, " "0, " "0, " "0, " "0, " "0, " "0, " "0, " "0, " "0, " "0, " "0, " "0, " "0, " "0, " "0, " "0, " "0, " "0, " "0, " "0, " "0, " "0, " "0, " "0, " "1, " "0, " "0, " "0, " "0, " "0, " "0, " "0, " "0, " "0, " "0, " "0, " "0, " "0, " "0, " "0, " "1, " "0, " "0, " "0, " "0, " "0, " "0, " "0, " "0, " "0, " "0, " "0, " "1, " "0, " "0, " "0, " "0, " "0, " "0, " "0, " "0, " "0, " "0, " "0, " "0, " "0, " "0, " "0, " "0, " "0, " "0, " "0, " "0, " "0, " "0, " "0, " "0, " "0, " "0, " "0, " "0, " "0, " "0, " "0, " "0, " "0, " "0, " "0, " "0, " "0, " "0, " "0, " "0, " "0, " "0, " "0, " "0, " "0, " "0, " "0, " "0, " "1, " "0, " "0, " "0, " "0, " "0, " "0, " "0, " "0, " "0, " "0, " "0, " "0, " "0, " "0, " "0, " "0, " "0, " "0, " "0, " "0, " "0, " "0, " "0, " "0, " "0, " "0, " "0, " "0, " "0, " "0, " "0, " "0, " "0, " "0, " "0, " "0, " "0, " "0, " "0, " "0, " "0, " "0, " "0, " "0, " "0, " "0, " "0, " "0, " "0, " "0, " "0, " "0, " "0, " "0, " "0, " "0, " "0, " "0, " "0, " "0, " "0, " "0, " "0, " "0, " "0, " "0, " "0, " "0, " "0, " "0, " "0, " "0, " "0, " "0, " "0, " "0, " "0, " "0, " "0, " "0, " "0, " "0, " "0, " "0, " "0, " "0, " "0, " "0, " "0, " "0, " "0, " "0, " "0, " "0, " "0, " "0, " "0, " "0, " "0, " "0, " "0, " "0, " "0, " "0, " "0, " "0, " "0, " "1, " "0, " "1, " "1, " "1, " "1, " "1, " "1, " "1, " "1, " "1, " "1, " "1, " "1, " "1, " "1, " "0, " "1, " "1, " "1, " "1, " "1, " "1, "0
 "Nei251, 0.109, " "-0.395, " "0.463, " "1, " "1, " "1, " "1, " "0, " "0, " "1, " "1, " "1, " "1, " "1, " "1, " "0, " "0, " "0, " "0, " "0, " "0, " "0, " "0, " "0, " "0, " "0, " "0, " "0, " "0, " "0, " "0, " "0, " "0, " "0, " "0, " "0, " "0, " "0, " "0, " "0, " "0, " "0, " "0, " "0, " "0, " "0, " "0, " "0, " "0, " "0, " "0, " "1, " "0, " "0, " "0, " "0, " "0, " "0, " "0, " "0, " "0, " "0, " "0, " "0, " "0, " "0, " "0, " "0, " "0, " "0, " "0, " "0, " "0, " "0, " "0, " "0, " "0, " "0, " "0, " "0, " "0, " "0, " "0, " "0, " "0, " "0, " "0, " "0, " "0, " "0, " "0, " "0, " "0, " "0, " "0, " "0, " "0, " "0, " "0, " "0, " "0, " "0, " "0, " "0, " "0, " "0, " "0, " "0, " "0, " "0, " "0, " "0, " "0, " "0, " "0, " "0, " "0, " "0, " "0, " "0, " "0, " "0, " "0, " "0, " "0, " "0, " "0, " "0, " "0, " "0, " "0, " "0, " "0, " "0, " "0, " "0, " "0, " "0, " "0, " "1, " "0, " "0, " "0, " "0, " "0, " "0, " "0, " "0, " "0, " "0, " "0, " "0, " "0, " "0, " "0, " "0, " "0, " "0, " "0, " "0, " "0, " "0, " "0, " "0, " "0, " "0, " "0, " "0, " "0, " "0, " "0, " "0, " "0, " "0, " "0, " "0, " "0, " "0, " "0, " "0, " "0, " "0, " "0, " "0, " "0, " "0, " "0, " "0, " "0, " "0, " "0, " "0, " "0, " "0, " "0, " "0, " "0, " "0, " "0, " "0, " "0, " "0, " "0, " "0, " "0, " "0, " "0, " "0, " "0, " "1, " "0, " "0, " "0, " "0, " "0, " "0, " "0, " "0, " "0, " "0, " "0, " "0, " "0, " "0, " "0, " "0, " "0, " "0, " "0, " "0, " "0, " "0, " "0, " "0, " "0, " "0, " "0, " "0, " "1, " "1, " "1, " "1, " "1, " "1, " "1, " "1, " "1, " "1, " "1, " "1, " "1, " "1, " "1, " "1, " "0, " "1, " "1, " "1, " "1, " "1, "0
 "Nei252, 0.105, " "0.817, " "0.477, " "1, " "1, " "1, " "1, " "1, " "1, " "1, " "1, " "1, " "1, " "1, " "0, " "0, " "0, " "0, " "0, " "0, " "0, " "0, " "0, " "0, " "0, " "0, " "0, " "0, " "0, " "0, " "0, " "0, " "0, " "0, " "0, " "0, " "0, " "0, " "0, " "0, " "0, " "0, " "0, " "0, " "0, " "1, " "0, " "0, " "0, " "0, " "0, " "0, " "0, " "0, " "0, " "0, " "0, " "0, " "0, " "0, " "0, " "0, " "0, " "0, " "0, " "0, " "0, " "0, " "0, " "0, " "0, " "0, " "0, " "0, " "0, " "0, " "0, " "0, " "0, " "0, " "0, " "0, " "0, " "0, " "0, " "0, " "0, " "0, " "0, " "0, " "0, " "0, " "0, " "0, " "0, " "0, " "0, " "0, " "0, " "0, " "0, " "0, " "0, " "0, " "0, " "0, " "0, " "0, " "0, " "0, " "0, " "0, " "0, " "0, " "0, " "0, " "0, " "0, " "0, " "0, " "0, " "0, " "0, " "0, " "0, " "0, " "0, " "0, " "0, " "0, " "0, " "0, " "0, " "0, " "0, " "0, " "0, " "0, " "0, " "0, " "0, " "0, " "0, " "0, " "0, " "0, " "0, " "0, " "0, " "0, " "0, " "0, " "0, " "0, " "0, " "0, " "0, " "0, " "0, " "0, " "0, " "0, " "0, " "0, " "0, " "0, " "0, " "0, " "0, " "0, " "0, " "0, " "0, " "0, " "0, " "0, " "0, " "0, " "0, " "0, " "0, " "0, " "0, " "0, " "0, " "0, " "0, " "0, " "0, " "0, " "0, " "0, " "0, " "0, " "0, " "0, " "0, " "0, " "0, " "0, " "0, " "0, " "0, " "0, " "0, " "0, " "0, " "0, " "0, " "0, " "0, " "0, " "0, " "0, " "0, " "0, " "0, " "0, " "0, " "0, " "0, " "0, " "0, " "0, " "0, " "0, " "0, " "0, " "0, " "0, " "0, " "0, " "0, " "0, " "0, " "0, " "0, " "0, " "0, " "1, " "1, " "1, " "1, " "1, " "1, " "1, " "1, " "1, " "1, " "1, " "1, " "1, " "1, " "1, " "1, " "0, " "1, " "1, " "1, " "1, "0
 "Nei253, 0.102, " "0.565, " "0.6, " "1, " "1, " "1, " "0, " "1, " "1, " "1, " "1, " "1, " "1, " "1, " "1, " "1, " "0, " "0, " "0, " "0, " "0, " "0, " "0, " "0, " "0, " "0, " "0, " "0, " "0, " "0, " "0, " "0, " "0, " "0, " "0, " "0, " "0, " "0, " "0, " "0, " "0, " "0, " "0, " "0, " "0, " "0, " "0, " "0, " "0, " "0, " "0, " "0, " "0, " "0, " "0, " "0, " "0, " "0, " "0, " "0, " "0, " "0, " "0, " "0, " "0, " "0, " "0, " "0, " "0, " "0, " "0, " "0, " "0, " "0, " "0, " "0, " "0, " "0, " "0, " "0, " "0, " "0, " "0, " "0, " "0, " "0, " "0, " "0, " "0, " "0, " "0, " "0, " "0, " "0, " "0, " "0, " "0, " "0, " "0, " "0, " "0, " "0, " "0, " "0, " "0, " "0, " "0, " "0, " "0, " "0, " "0, " "0, " "0, " "0, " "0, " "0, " "0, " "0, " "0, " "0, " "0, " "0, " "0, " "0, " "0, " "0, " "0, " "0, " "0, " "0, " "0, " "0, " "0, " "0, " "0, " "0, " "0, " "0, " "0, " "0, " "0, " "0, " "0, " "0, " "0, " "0, " "0, " "0, " "0, " "0, " "0, " "0, " "0, " "0, " "0, " "0, " "0, " "0, " "0, " "0, " "0, " "0, " "0, " "0, " "0, " "0, " "0, " "0, " "0, " "1, " "0, " "0, " "0, " "0, " "0, " "0, " "0, " "0, " "0, " "0, " "0, " "0, " "0, " "0, " "0, " "0, " "0, " "0, " "0, " "0, " "0, " "0, " "0, " "0, " "0, " "0, " "0, " "0, " "0, " "0, " "0, " "0, " "0, " "0, " "0, " "0, " "0, " "0, " "0, " "0, " "0, " "0, " "0, " "0, " "0, " "0, " "0, " "0, " "0, " "0, " "0, " "0, " "0, " "0, " "0, " "0, " "0, " "0, " "0, " "0, " "0, " "0, " "0, " "0, " "0, " "0, " "0, " "0, " "0, " "0, " "1, " "1, " "1, " "1, " "1, " "1, " "1, " "1, " "1, " "1, " "1, " "1, " "0, " "1, " "1, " "1, " "0, " "1, " "1, " "1, "0
 "Nei254, 0.014, " "0.065, " "0.462, " "1, " "1, " "1, " "1, " "1, " "1, " "0, " "1, " "1, " "1, " "1, " "1, " "1, " "1, " "0, " "0, " "0, " "0, " "0, " "0, " "0, " "0, " "0, " "0, " "0, " "0, " "0, " "0, " "0, " "0, " "0, " "0, " "0, " "0, " "0, " "0, " "0, " "0, " "0, " "0, " "0, " "0, " "0, " "0, " "0, " "0, " "0, " "0, " "0, " "0, " "0, " "0, " "0, " "0, " "0, " "0, " "0, " "0, " "0, " "0, " "0, " "0, " "0, " "0, " "0, " "0, " "0, " "0, " "0, " "0, " "0, " "0, " "0, " "0, " "0, " "0, " "1, " "0, " "0, " "0, " "0, " "1, " "0, " "0, " "0, " "0, " "0, " "0, " "0, " "0, " "0, " "0, " "0, " "0, " "0, " "0, " "0, " "0, " "0, " "0, " "0, " "0, " "0, " "0, " "0, " "0, " "0, " "0, " "0, " "0, " "0, " "0, " "0, " "0, " "0, " "0, " "0, " "0, " "0, " "0, " "1, " "0, " "0, " "0, " "0, " "0, " "0, " "0, " "0, " "0, " "0, " "0, " "0, " "0, " "0, " "0, " "0, " "0, " "0, " "0, " "0, " "0, " "0, " "0, " "0, " "0, " "0, " "0, " "0, " "0, " "0, " "0, " "0, " "1, " "0, " "0, " "0, " "0, " "0, " "0, " "0, " "0, " "0, " "0, " "0, " "0, " "0, " "0, " "0, " "0, " "0, " "0, " "0, " "0, " "0, " "0, " "0, " "0, " "0, " "0, " "0, " "0, " "0, " "0, " "0, " "0, " "0, " "0, " "0, " "0, " "0, " "0, " "0, " "0, " "0, " "0, " "0, " "0, " "0, " "0, " "0, " "0, " "0, " "0, " "0, " "0, " "0, " "0, " "0, " "0, " "0, " "0, " "0, " "0, " "0, " "0, " "0, " "0, " "0, " "0, " "0, " "0, " "0, " "0, " "0, " "0, " "0, " "0, " "0, " "0, " "0, " "0, " "0, " "0, " "0, " "0, " "0, " "0, " "1, " "1, " "1, " "1, " "1, " "1, " "1, " "1, " "0, " "1, " "1, " "1, " "1, " "1, " "1, " "1, " "0, " "0, " "1, "0
 "Nei255, 0.053, " "-0.097, " "0.404, " "1, " "0, " "1, " "1, " "1, " "1, " "1, " "1, " "0, " "1, " "1, " "1, " "1, " "1, " "1, " "0, " "0, " "0, " "0, " "0, " "0, " "0, " "0, " "0, " "0, " "0, " "0, " "0, " "0, " "0, " "0, " "0, " "0, " "0, " "0, " "0, " "1, " "0, " "0, " "0, " "0, " "0, " "0, " "0, " "0, " "0, " "0, " "0, " "0, " "0, " "0, " "0, " "0, " "0, " "0, " "1, " "0, " "0, " "0, " "0, " "0, " "0, " "0, " "0, " "0, " "0, " "0, " "0, " "0, " "0, " "0, " "0, " "0, " "0, " "0, " "0, " "0, " "0, " "0, " "0, " "0, " "0, " "0, " "0, " "0, " "0, " "0, " "0, " "0, " "0, " "0, " "0, " "1, " "0, " "0, " "0, " "0, " "0, " "0, " "0, " "0, " "0, " "0, " "0, " "0, " "0, " "0, " "0, " "0, " "0, " "0, " "0, " "0, " "0, " "1, " "0, " "0, " "0, " "0, " "0, " "0, " "0, " "0, " "0, " "0, " "1, " "0, " "0, " "0, " "0, " "0, " "0, " "0, " "0, " "0, " "0, " "0, " "0, " "0, " "0, " "0, " "0, " "0, " "0, " "0, " "0, " "0, " "0, " "0, " "0, " "0, " "0, " "0, " "0, " "0, " "0, " "0, " "0, " "0, " "0, " "0, " "0, " "0, " "0, " "0, " "0, " "0, " "0, " "0, " "1, " "0, " "0, " "0, " "0, " "0, " "0, " "0, " "0, " "0, " "0, " "0, " "0, " "0, " "0, " "0, " "0, " "0, " "0, " "0, " "0, " "0, " "0, " "0, " "0, " "0, " "0, " "0, " "0, " "0, " "0, " "0, " "0, " "0, " "0, " "0, " "0, " "0, " "0, " "0, " "0, " "0, " "0, " "0, " "0, " "0, " "0, " "0, " "0, " "0, " "0, " "0, " "0, " "0, " "0, " "0, " "0, " "0, " "0, " "0, " "0, " "0, " "0, " "0, " "0, " "0, " "0, " "0, " "0, " "0, " "1, " "1, " "1, " "1, " "1, " "1, " "1, " "1, " "1, " "1, " "1, " "1, " "1, " "1, " "1, " "0, " "0, " "0, "0
 "Nei256, 0.063, " "0.224, " "-0.339, " "1, " "1, " "1, " "1, " "1, " "1, " "1, " "1, " "1, " "1, " "1, " "1, " "1, " "1, " "1, " "1, " "0, " "0, " "0, " "0, " "0, " "0, " "0, " "0, " "0, " "0, " "0, " "0, " "0, " "0, " "0, " "0, " "0, " "0, " "0, " "0, " "0, " "0, " "0, " "0, " "0, " "0, " "0, " "0, " "0, " "0, " "0, " "0, " "0, " "0, " "0, " "0, " "0, " "0, " "0, " "0, " "0, " "0, " "0, " "0, " "0, " "0, " "0, " "0, " "0, " "0, " "0, " "0, " "0, " "0, " "0, " "0, " "0, " "0, " "0, " "0, " "0, " "0, " "0, " "0, " "0, " "0, " "0, " "0, " "0, " "0, " "0, " "0, " "0, " "0, " "0, " "0, " "0, " "0, " "0, " "0, " "0, " "0, " "0, " "0, " "0, " "0, " "0, " "0, " "0, " "0, " "0, " "0, " "0, " "0, " "0, " "0, " "0, " "0, " "0, " "0, " "0, " "0, " "0, " "0, " "0, " "0, " "0, " "0, " "0, " "0, " "0, " "0, " "0, " "0, " "0, " "0, " "0, " "0, " "0, " "0, " "0, " "0, " "0, " "0, " "0, " "0, " "0, " "0, " "0, " "0, " "0, " "0, " "0, " "0, " "0, " "0, " "0, " "0, " "0, " "0, " "0, " "0, " "0, " "0, " "0, " "0, " "0, " "0, " "0, " "0, " "0, " "0, " "0, " "0, " "0, " "0, " "0, " "0, " "0, " "0, " "0, " "0, " "0, " "0, " "0, " "0, " "0, " "0, " "0, " "0, " "0, " "0, " "0, " "0, " "0, " "0, " "0, " "0, " "0, " "0, " "0, " "0, " "0, " "0, " "0, " "0, " "0, " "0, " "0, " "0, " "0, " "0, " "0, " "0, " "0, " "0, " "0, " "0, " "0, " "0, " "0, " "0, " "0, " "0, " "0, " "0, " "0, " "0, " "0, " "0, " "0, " "0, " "0, " "0, " "0, " "0, " "0, " "0, " "0, " "0, " "0, " "0, " "0, " "0, " "1, " "1, " "1, " "1, " "1, " "1, " "1, " "1, " "1, " "1, " "1, " "1, " "1, " "1, " "1, " "0, " "0, "0
 "Nei0, 0.141, " "-0.562, " "0.671, " "0, " "1, " "1, " "0, " "1, " "1, " "1, " "1, " "1, " "1, " "1, " "1, " "1, " "1, " "1, " "1, " "1, " "0, " "0, " "0, " "0, " "0, " "0, " "0, " "0, " "0, " "1, " "0, " "1, " "0, " "0, " "0, " "0, " "0, " "0, " "0, " "0, " "0, " "0, " "0, " "0, " "0, " "0, " "0, " "0, " "0, " "0, " "0, " "0, " "0, " "0, " "0, " "0, " "0, " "0, " "0, " "0, " "0, " "0, " "0, " "0, " "0, " "0, " "0, " "0, " "0, " "0, " "0, " "0, " "0, " "0, " "0, " "0, " "0, " "0, " "0, " "0, " "0, " "0, " "0, " "0, " "0, " "0, " "0, " "0, " "0, " "0, " "0, " "0, " "0, " "0, " "0, " "0, " "0, " "0, " "0, " "0, " "0, " "0, " "0, " "0, " "0, " "0, " "0, " "0, " "0, " "0, " "0, " "0, " "0, " "0, " "0, " "0, " "0, " "0, " "0, " "0, " "0, " "0, " "0, " "0, " "0, " "0, " "0, " "0, " "0, " "0, " "0, " "0, " "0, " "0, " "0, " "0, " "0, " "0, " "0, " "0, " "0, " "0, " "0, " "0, " "0, " "0, " "0, " "0, " "0, " "0, " "0, " "0, " "0, " "0, " "0, " "0, " "0, " "0, " "0, " "0, " "0, " "0, " "0, " "0, " "0, " "0, " "0, " "0, " "0, " "0, " "0, " "0, " "0, " "0, " "0, " "0, " "0, " "0, " "0, " "0, " "0, " "0, " "0, " "0, " "0, " "0, " "0, " "0, " "0, " "0, " "0, " "0, " "0, " "0, " "0, " "0, " "0, " "0, " "0, " "0, " "0, " "0, " "0, " "0, " "0, " "0, " "0, " "0, " "0, " "0, " "0, " "0, " "0, " "0, " "0, " "0, " "0, " "0, " "0, " "0, " "0, " "0, " "0, " "0, " "0, " "0, " "0, " "0, " "0, " "0, " "0, " "0, " "0, " "0, " "0, " "0, " "0, " "0, " "0, " "0, " "0, " "0, " "0, " "0, " "1, " "1, " "1, " "1, " "1, " "1, " "1, " "1, " "1, " "1, " "1, " "1, " "1, " "1, " "1, " "1, "5000
 "Nei1, 0.061, " "0.265, " "-0.25, " "1, " "0, " "1, " "1, " "1, " "1, " "1, " "1, " "1, " "1, " "1, " "1, " "1, " "1, " "1, " "1, " "1, " "1, " "0, " "0, " "0, " "0, " "0, " "0, " "0, " "0, " "0, " "0, " "0, " "0, " "0, " "0, " "0, " "0, " "0, " "0, " "0, " "0, " "0, " "0, " "0, " "0, " "0, " "0, " "0, " "0, " "0, " "0, " "0, " "0, " "0, " "0, " "0, " "0, " "0, " "0, " "0, " "0, " "0, " "0, " "0, " "0, " "0, " "0, " "0, " "0, " "0, " "0, " "0, " "0, " "0, " "0, " "0, " "0, " "0, " "0, " "0, " "0, " "0, " "0, " "0, " "0, " "0, " "0, " "0, " "0, " "0, " "0, " "0, " "0, " "0, " "0, " "0, " "0, " "0, " "0, " "0, " "0, " "0, " "0, " "0, " "0, " "0, " "0, " "0, " "0, " "0, " "0, " "0, " "0, " "0, " "0, " "0, " "0, " "0, " "0, " "0, " "0, " "0, " "0, " "0, " "0, " "0, " "0, " "0, " "0, " "0, " "0, " "0, " "0, " "0, " "0, " "0, " "0, " "0, " "0, " "0, " "0, " "0, " "0, " "0, " "0, " "0, " "0, " "0, " "0, " "0, " "0, " "0, " "0, " "0, " "0, " "0, " "0, " "0, " "0, " "0, " "0, " "0, " "0, " "0, " "0, " "0, " "0, " "0, " "0, " "0, " "0, " "0, " "0, " "0, " "0, " "0, " "0, " "0, " "0, " "0, " "0, " "0, " "0, " "0, " "0, " "0, " "0, " "0, " "0, " "0, " "0, " "0, " "0, " "0, " "0, " "0, " "0, " "0, " "0, " "0, " "0, " "0, " "0, " "0, " "0, " "0, " "0, " "0, " "0, " "0, " "0, " "0, " "0, " "0, " "0, " "0, " "0, " "0, " "0, " "0, " "0, " "0, " "0, " "0, " "0, " "0, " "0, " "0, " "0, " "0, " "0, " "0, " "0, " "0, " "0, " "0, " "0, " "0, " "0, " "0, " "0, " "0, " "0, " "0, " "0, " "1, " "1, " "1, " "1, " "0, " "1, " "1, " "1, " "1, " "1, " "1, " "1, " "1, " "0, " "1, "5000
 "Nei2, 0.113, " "0.265, " "-0.25, " "1, " "1, " "0, " "1, " "1, " "1, " "1, " "1, " "1, " "0, " "1, " "1, " "1, " "1, " "1, " "1, " "1, " "1, " "1, " "0, " "0, " "0, " "0, " "0, " "0, " "0, " "0, " "0, " "0, " "0, " "0, " "0, " "0, " "0, " "0, " "0, " "0, " "0, " "0, " "0, " "0, " "0, " "0, " "0, " "0, " "0, " "0, " "0, " "0, " "0, " "0, " "0, " "0, " "0, " "0, " "0, " "0, " "0, " "0, " "0, " "0, " "0, " "0, " "0, " "0, " "0, " "0, " "1, " "0, " "0, " "0, " "0, " "0, " "0, " "0, " "0, " "0, " "0, " "0, " "0, " "0, " "0, " "0, " "0, " "0, " "0, " "0, " "0, " "0, " "0, " "0, " "0, " "0, " "0, " "0, " "0, " "0, " "0, " "0, " "0, " "0, " "0, " "0, " "0, " "0, " "0, " "0, " "0, " "0, " "0, " "0, " "0, " "0, " "0, " "0, " "0, " "0, " "0, " "0, " "0, " "0, " "0, " "0, " "0, " "0, " "0, " "0, " "0, " "0, " "0, " "0, " "0, " "0, " "0, " "0, " "0, " "0, " "0, " "0, " "0, " "0, " "0, " "0, " "0, " "0, " "0, " "0, " "0, " "0, " "0, " "1, " "0, " "0, " "0, " "0, " "0, " "0, " "0, " "0, " "0, " "0, " "0, " "0, " "0, " "0, " "0, " "0, " "0, " "0, " "0, " "0, " "0, " "0, " "0, " "0, " "0, " "0, " "0, " "0, " "0, " "0, " "0, " "0, " "0, " "0, " "0, " "0, " "0, " "0, " "0, " "0, " "0, " "0, " "0, " "0, " "0, " "0, " "0, " "0, " "0, " "0, " "0, " "0, " "0, " "0, " "0, " "0, " "0, " "0, " "0, " "0, " "0, " "0, " "0, " "0, " "0, " "0, " "0, " "0, " "0, " "0, " "0, " "0, " "0, " "0, " "0, " "0, " "0, " "0, " "0, " "0, " "0, " "0, " "0, " "0, " "0, " "0, " "0, " "0, " "0, " "0, " "0, " "0, " "1, " "1, " "1, " "1, " "1, " "1, " "1, " "1, " "1, " "1, " "1, " "1, " "1, " "1, "5000
 "Nei3, 0.138, " "-0.562, " "0.671, " "0, " "1, " "1, " "0, " "1, " "0, " "1, " "1, " "1, " "1, " "1, " "1, " "1, " "1, " "1, " "1, " "1, " "1, " "1, " "1, " "0, " "0, " "0, " "0, " "0, " "0, " "0, " "0, " "0, " "0, " "0, " "0, " "0, " "0, " "0, " "0, " "0, " "0, " "0, " "0, " "0, " "0, " "0, " "0, " "0, " "0, " "0, " "0, " "0, " "0, " "0, " "0, " "0, " "0, " "0, " "0, " "0, " "0, " "0, " "0, " "0, " "0, " "0, " "0, " "0, " "0, " "0, " "0, " "0, " "0, " "0, " "0, " "0, " "0, " "0, " "0, " "0, " "0, " "0, " "0, " "0, " "0, " "0, " "0, " "0, " "0, " "0, " "0, " "0, " "0, " "0, " "0, " "0, " "0, " "0, " "0, " "0, " "0, " "0, " "0, " "0, " "0, " "0, " "0, " "0, " "0, " "0, " "0, " "0, " "0, " "0, " "0, " "0, " "0, " "0, " "0, " "0, " "0, " "0, " "0, " "0, " "0, " "0, " "0, " "0, " "0, " "0, " "0, " "0, " "0, " "0, " "0, " "0, " "0, " "0, " "0, " "0, " "0, " "0, " "0, " "0, " "0, " "0, " "0, " "0, " "0, " "0, " "0, " "0, " "0, " "0, " "0, " "0, " "0, " "0, " "0, " "0, " "0, " "0, " "0, " "0, " "0, " "1, " "0, " "0, " "0, " "0, " "0, " "0, " "0, " "0, " "0, " "0, " "0, " "0, " "0, " "0, " "0, " "0, " "0, " "0, " "0, " "0, " "0, " "0, " "0, " "0, " "0, " "0, " "0, " "0, " "0, " "0, " "0, " "0, " "0, " "0, " "0, " "0, " "0, " "0, " "0, " "0, " "0, " "0, " "0, " "0, " "0, " "0, " "0, " "0, " "0, " "0, " "0, " "0, " "0, " "0, " "0, " "0, " "0, " "0, " "0, " "0, " "0, " "0, " "0, " "0, " "0, " "0, " "0, " "0, " "0, " "0, " "0, " "0, " "0, " "0, " "0, " "0, " "0, " "0, " "0, " "0, " "0, " "0, " "1, " "1, " "1, " "1, " "1, " "1, " "1, " "1, " "0, " "1, " "1, " "1, "5000
 "Nei4, 0.172, " "0.265, " "-0.25, " "1, " "1, " "1, " "1, " "0, " "0, " "1, " "1, " "1, " "1, " "1, " "1, " "1, " "1, " "1, " "1, " "1, " "1, " "1, " "1, " "1, " "0, " "0, " "0, " "0, " "0, " "0, " "0, " "0, " "0, " "0, " "0, " "0, " "0, " "0, " "0, " "0, " "0, " "0, " "0, " "0, " "0, " "0, " "0, " "0, " "0, " "0, " "0, " "0, " "0, " "0, " "0, " "0, " "0, " "0, " "0, " "0, " "0, " "0, " "0, " "0, " "0, " "0, " "0, " "0, " "0, " "0, " "0, " "0, " "0, " "0, " "0, " "0, " "0, " "0, " "0, " "0, " "0, " "0, " "0, " "0, " "0, " "0, " "0, " "0, " "0, " "0, " "0, " "0, " "0, " "1, " "0, " "0, " "0, " "0, " "0, " "0, " "0, " "0, " "0, " "0, " "0, " "0, " "0, " "0, " "0, " "0, " "0, " "0, " "0, " "0, " "0, " "0, " "0, " "0, " "0, " "0, " "0, " "0, " "0, " "0, " "0, " "0, " "0, " "0, " "0, " "0, " "0, " "0, " "0, " "0, " "0, " "0, " "0, " "0, " "0, " "0, " "0, " "0, " "0, " "0, " "0, " "0, " "0, " "0, " "0, " "0, " "0, " "0, " "0, " "0, " "0, " "0, " "0, " "0, " "0, " "0, " "0, " "0, " "0, " "0, " "0, " "0, " "0, " "0, " "0, " "0, " "0, " "0, " "0, " "0, " "0, " "0, " "0, " "0, " "0, " "0, " "0, " "0, " "0, " "0, " "0, " "0, " "0, " "0, " "0, " "0, " "0, " "0, " "0, " "0, " "0, " "0, " "0, " "0, " "0, " "0, " "0, " "0, " "0, " "0, " "0, " "0, " "0, " "0, " "0, " "0, " "0, " "0, " "0, " "0, " "0, " "0, " "0, " "0, " "0, " "0, " "0, " "0, " "0, " "0, " "0, " "0, " "0, " "0, " "0, " "0, " "0, " "0, " "0, " "0, " "0, " "0, " "0, " "0, " "0, " "0, " "0, " "0, " "0, " "0, " "0, " "0, " "0, " "0, " "1, " "1, " "1, " "1, " "1, " "1, " "0, " "1, " "1, " "1, " "1, " "1, "5000
 "Nei5, 0.093, " "0.485, " "0.4, " "1, " "1, " "1, " "0, " "0, " "0, " "1, " "1, " "1, " "1, " "1, " "1, " "1, " "1, " "1, " "1, " "1, " "1, " "1, " "1, " "1, " "1, " "0, " "0, " "0, " "0, " "0, " "0, " "0, " "0, " "0, " "0, " "0, " "0, " "0, " "0, " "0, " "0, " "0, " "0, " "0, " "0, " "0, " "0, " "0, " "0, " "0, " "0, " "0, " "0, " "0, " "0, " "0, " "0, " "0, " "0, " "0, " "0, " "0, " "0, " "0, " "0, " "0, " "0, " "0, " "0, " "0, " "0, " "0, " "0, " "0, " "0, " "0, " "0, " "0, " "0, " "0, " "0, " "0, " "0, " "0, " "0, " "0, " "0, " "0, " "0, " "0, " "0, " "0, " "0, " "0, " "0, " "0, " "0, " "0, " "0, " "0, " "0, " "0, " "0, " "0, " "0, " "0, " "1, " "0, " "0, " "0, " "0, " "0, " "0, " "0, " "0, " "0, " "0, " "0, " "0, " "0, " "0, " "0, " "0, " "0, " "0, " "0, " "0, " "0, " "0, " "0, " "0, " "0, " "0, " "0, " "0, " "0, " "0, " "0, " "0, " "0, " "0, " "0, " "0, " "0, " "0, " "0, " "0, " "0, " "0, " "0, " "0, " "0, " "0, " "0, " "0, " "0, " "0, " "0, " "0, " "0, " "0, " "0, " "0, " "0, " "0, " "0, " "0, " "0, " "0, " "0, " "0, " "0, " "0, " "0, " "0, " "0, " "0, " "0, " "0, " "0, " "0, " "0, " "0, " "0, " "0, " "0, " "0, " "0, " "0, " "0, " "0, " "0, " "0, " "0, " "0, " "0, " "0, " "0, " "0, " "0, " "0, " "0, " "0, " "0, " "0, " "0, " "0, " "0, " "0, " "0, " "0, " "0, " "0, " "0, " "0, " "0, " "0, " "0, " "0, " "0, " "0, " "0, " "0, " "0, " "0, " "0, " "0, " "0, " "0, " "0, " "0, " "0, " "0, " "0, " "0, " "0, " "0, " "0, " "0, " "0, " "0, " "0, " "0, " "0, " "0, " "0, " "0, " "0, " "0, " "1, " "1, " "1, " "1, " "1, " "0, " "1, " "1, " "1, " "1, " "1, "5000
 "Nei6, 0.189, " "0.265, " "-0.25, " "1, " "1, " "1, " "1, " "1, " "1, " "0, " "0, " "1, " "1, " "0, " "1, " "1, " "1, " "0, " "1, " "1, " "1, " "1, " "1, " "1, " "1, " "1, " "0, " "0, " "0, " "0, " "0, " "0, " "0, " "0, " "0, " "0, " "0, " "0, " "0, " "0, " "0, " "0, " "0, " "0, " "0, " "0, " "0, " "0, " "0, " "0, " "0, " "0, " "0, " "0, " "0, " "0, " "0, " "0, " "0, " "0, " "0, " "0, " "0, " "0, " "0, " "0, " "0, " "0, " "0, " "0, " "0, " "0, " "0, " "1, " "0, " "0, " "0, " "0, " "0, " "0, " "0, " "0, " "0, " "0, " "0, " "0, " "1, " "0, " "0, " "0, " "0, " "0, " "0, " "0, " "0, " "0, " "0, " "0, " "0, " "0, " "0, " "0, " "0, " "0, " "0, " "0, " "0, " "0, " "0, " "0, " "0, " "0, " "0, " "0, " "0, " "0, " "0, " "0, " "0, " "0, " "0, " "0, " "0, " "0, " "0, " "0, " "0, " "0, " "0, " "0, " "0, " "0, " "0, " "0, " "0, " "0, " "0, " "0, " "0, " "0, " "0, " "0, " "0, " "0, " "0, " "0, " "0, " "0, " "0, " "0, " "0, " "0, " "0, " "0, " "0, " "0, " "0, " "0, " "0, " "0, " "0, " "0, " "0, " "0, " "0, " "0, " "0, " "0, " "0, " "0, " "0, " "0, " "0, " "0, " "0, " "0, " "0, " "0, " "0, " "0, " "0, " "0, " "0, " "0, " "0, " "0, " "0, " "0, " "0, " "0, " "0, " "0, " "0, " "0, " "0, " "0, " "0, " "0, " "0, " "0, " "0, " "0, " "0, " "0, " "0, " "0, " "0, " "0, " "0, " "0, " "0, " "0, " "0, " "0, " "0, " "0, " "0, " "0, " "0, " "0, " "0, " "0, " "0, " "0, " "0, " "1, " "0, " "0, " "0, " "0, " "0, " "0, " "0, " "0, " "0, " "0, " "0, " "0, " "0, " "0, " "0, " "0, " "0, " "0, " "0, " "0, " "0, " "0, " "0, " "0, " "1, " "1, " "1, " "0, " "1, " "1, " "1, " "0, " "1, " "1, "5000
 "Nei7, 0.193, " "0.265, " "-0.25, " "1, " "1, " "1, " "1, " "1, " "1, " "0, " "0, " "1, " "1, " "0, " "1, " "1, " "1, " "1, " "1, " "1, " "1, " "1, " "1, " "1, " "1, " "1, " "1, " "0, " "0, " "0, " "0, " "0, " "0, " "0, " "0, " "1, " "0, " "0, " "0, " "0, " "0, " "0, " "0, " "0, " "0, " "0, " "0, " "0, " "0, " "1, " "0, " "0, " "0, " "0, " "0, " "0, " "0, " "0, " "0, " "0, " "0, " "0, " "0, " "0, " "0, " "0, " "0, " "0, " "0, " "0, " "0, " "0, " "0, " "0, " "0, " "0, " "0, " "0, " "0, " "0, " "0, " "0, " "0, " "0, " "0, " "0, " "0, " "0, " "0, " "0, " "0, " "0, " "0, " "0, " "0, " "0, " "0, " "0, " "0, " "0, " "0, " "0, " "0, " "0, " "0, " "0, " "0, " "0, " "0, " "0, " "0, " "0, " "0, " "0, " "0, " "0, " "0, " "1, " "0, " "0, " "0, " "0, " "0, " "0, " "0, " "0, " "0, " "0, " "0, " "0, " "0, " "0, " "0, " "0, " "0, " "0, " "0, " "0, " "0, " "0, " "0, " "0, " "0, " "0, " "0, " "0, " "0, " "0, " "0, " "0, " "0, " "0, " "0, " "0, " "0, " "0, " "0, " "0, " "0, " "0, " "0, " "0, " "0, " "0, " "0, " "0, " "0, " "0, " "0, " "0, " "0, " "0, " "0, " "0, " "0, " "0, " "0, " "0, " "0, " "0, " "0, " "0, " "0, " "0, " "0, " "0, " "0, " "0, " "0, " "0, " "0, " "0, " "0, " "0, " "0, " "0, " "0, " "0, " "0, " "0, " "0, " "0, " "0, " "0, " "0, " "0, " "0, " "0, " "0, " "0, " "0, " "0, " "0, " "0, " "0, " "0, " "0, " "0, " "0, " "0, " "0, " "0, " "0, " "0, " "0, " "0, " "0, " "0, " "0, " "0, " "0, " "0, " "0, " "0, " "0, " "0, " "0, " "0, " "0, " "0, " "0, " "0, " "0, " "0, " "0, " "0, " "0, " "0, " "0, " "0, " "0, " "1, " "1, " "1, " "1, " "1, " "1, " "1, " "1, " "1, "5000
 "Nei8, 0.082, " "0.265, " "-0.25, " "1, " "1, " "1, " "1, " "1, " "1, " "1, " "1, " "0, " "1, " "1, " "1, " "1, " "1, " "1, " "1, " "1, " "1, " "1, " "1, " "1, " "1, " "1, " "1, " "0, " "0, " "0, " "0, " "0, " "0, " "0, " "0, " "0, " "0, " "0, " "0, " "0, " "0, " "0, " "0, " "0, " "0, " "0, " "0, " "1, " "0, " "0, " "0, " "0, " "0, " "0, " "0, " "0, " "0, " "0, " "0, " "0, " "0, " "0, " "0, " "0, " "0, " "0, " "0, " "0, " "0, " "0, " "0, " "0, " "0, " "0, " "0, " "0, " "0, " "0, " "0, " "0, " "0, " "0, " "0, " "0, " "0, " "0, " "0, " "0, " "0, " "0, " "0, " "0, " "0, " "0, " "0, " "0, " "0, " "0, " "0, " "0, " "0, " "0, " "0, " "0, " "0, " "0, " "0, " "0, " "0, " "0, " "0, " "0, " "0, " "0, " "0, " "0, " "0, " "0, " "0, " "0, " "0, " "0, " "0, " "0, " "0, " "0, " "0, " "0, " "0, " "0, " "0, " "0, " "0, " "0, " "0, " "0, " "0, " "0, " "0, " "0, " "0, " "0, " "0, " "0, " "0, " "0, " "0, " "0, " "0, " "0, " "0, " "0, " "0, " "0, " "0, " "0, " "0, " "0, " "0, " "0, " "0, " "0, " "0, " "0, " "0, " "0, " "0, " "0, " "0, " "0, " "0, " "0, " "0, " "0, " "0, " "0, " "0, " "0, " "0, " "0, " "0, " "0, " "0, " "0, " "0, " "0, " "0, " "0, " "0, " "0, " "0, " "0, " "0, " "0, " "0, " "0, " "0, " "0, " "0, " "0, " "0, " "0, " "0, " "0, " "0, " "0, " "0, " "0, " "0, " "0, " "0, " "0, " "0, " "0, " "0, " "0, " "0, " "0, " "0, " "0, " "0, " "1, " "0, " "0, " "0, " "0, " "0, " "0, " "0, " "0, " "0, " "0, " "0, " "0, " "0, " "0, " "0, " "0, " "0, " "0, " "0, " "0, " "0, " "0, " "0, " "0, " "0, " "0, " "0, " "0, " "0, " "0, " "1, " "1, " "1, " "1, " "1, " "1, " "0, " "1, "5000
 "Nei9, 0.047, " "-0.562, " "0.671, " "1, " "1, " "0, " "1, " "1, " "1, " "1, " "1, " "1, " "0, " "0, " "1, " "1, " "1, " "1, " "1, " "1, " "1, " "1, " "1, " "1, " "1, " "1, " "1, " "1, " "1, " "0, " "0, " "0, " "0, " "0, " "0, " "0, " "0, " "0, " "0, " "0, " "0, " "0, " "0, " "0, " "0, " "0, " "0, " "0, " "0, " "0, " "0, " "0, " "0, " "0, " "0, " "0, " "0, " "0, " "0, " "0, " "0, " "0, " "0, " "0, " "0, " "0, " "0, " "0, " "0, " "0, " "0, " "0, " "0, " "0, " "0, " "0, " "0, " "0, " "0, " "0, " "0, " "0, " "0, " "0, " "0, " "0, " "0, " "0, " "0, " "0, " "0, " "0, " "0, " "0, " "0, " "0, " "0, " "0, " "0, " "0, " "0, " "0, " "0, " "0, " "0, " "0, " "0, " "0, " "0, " "0, " "0, " "0, " "0, " "0, " "0, " "0, " "0, " "0, " "0, " "0, " "0, " "0, " "0, " "0, " "0, " "0, " "0, " "0, " "0, " "0, " "0, " "0, " "0, " "0, " "0, " "0, " "0, " "0, " "0, " "0, " "0, " "0, " "0, " "0, " "0, " "0, " "0, " "0, " "0, " "0, " "0, " "0, " "0, " "0, " "0, " "0, " "0, " "0, " "0, " "0, " "0, " "0, " "0, " "0, " "0, " "0, " "0, " "0, " "0, " "0, " "0, " "0, " "0, " "0, " "0, " "0, " "0, " "0, " "0, " "0, " "0, " "0, " "0, " "0, " "0, " "0, " "0, " "0, " "0, " "0, " "0, " "0, " "0, " "0, " "0, " "0, " "0, " "0, " "0, " "0, " "0, " "1, " "0, " "0, " "0, " "0, " "0, " "0, " "0, " "0, " "0, " "0, " "0, " "0, " "0, " "0, " "0, " "0, " "0, " "0, " "0, " "0, " "0, " "0, " "0, " "0, " "0, " "0, " "0, " "0, " "0, " "0, " "0, " "0, " "0, " "0, " "0, " "0, " "0, " "0, " "0, " "0, " "0, " "0, " "0, " "0, " "0, " "0, " "0, " "0, " "0, " "0, " "0, " "1, " "1, " "1, " "1, " "1, " "1, " "1, "5000
 "Nei10, 0.062, " "-0.562, " "0.671, " "1, " "1, " "1, " "1, " "1, " "1, " "0, " "0, " "1, " "0, " "0, " "1, " "0, " "1, " "1, " "1, " "1, " "1, " "1, " "1, " "1, " "1, " "1, " "1, " "1, " "1, " "1, " "0, " "0, " "0, " "0, " "0, " "0, " "0, " "0, " "0, " "0, " "0, " "0, " "0, " "0, " "0, " "0, " "0, " "0, " "0, " "0, " "0, " "0, " "0, " "0, " "0, " "0, " "0, " "0, " "0, " "0, " "0, " "0, " "0, " "0, " "0, " "0, " "0, " "0, " "0, " "0, " "0, " "0, " "0, " "0, " "0, " "0, " "0, " "0, " "0, " "0, " "0, " "0, " "0, " "0, " "0, " "0, " "0, " "0, " "0, " "0, " "0, " "0, " "0, " "0, " "0, " "0, " "0, " "0, " "0, " "0, " "0, " "0, " "0, " "0, " "0, " "0, " "0, " "0, " "0, " "0, " "0, " "0, " "0, " "1, " "0, " "0, " "0, " "0, " "0, " "0, " "0, " "0, " "0, " "0, " "0, " "0, " "0, " "0, " "0, " "0, " "0, " "0, " "0, " "0, " "0, " "0, " "0, " "0, " "0, " "0, " "0, " "0, " "0, " "0, " "0, " "0, " "0, " "1, " "0, " "0, " "0, " "0, " "0, " "0, " "0, " "0, " "0, " "0, " "0, " "0, " "0, " "0, " "0, " "0, " "0, " "0, " "0, " "0, " "0, " "0, " "0, " "0, " "0, " "0, " "0, " "0, " "0, " "0, " "0, " "0, " "0, " "0, " "0, " "0, " "0, " "0, " "0, " "0, " "0, " "0, " "0, " "0, " "0, " "0, " "0, " "0, " "0, " "0, " "0, " "0, " "0, " "0, " "0, " "0, " "0, " "0, " "0, " "0, " "0, " "0, " "0, " "0, " "0, " "0, " "0, " "0, " "0, " "0, " "0, " "0, " "0, " "0, " "0, " "0, " "0, " "0, " "0, " "0, " "0, " "0, " "0, " "0, " "0, " "0, " "0, " "0, " "0, " "0, " "0, " "0, " "0, " "0, " "0, " "0, " "0, " "0, " "0, " "0, " "0, " "0, " "0, " "0, " "0, " "0, " "1, " "1, " "1, " "1, " "1, " "1, "5000
 "Nei11, 0.101, " "0.265, " "-0.25, " "1, " "1, " "1, " "1, " "1, " "1, " "1, " "1, " "1, " "1, " "1, " "0, " "1, " "1, " "1, " "1, " "1, " "1, " "1, " "1, " "1, " "1, " "1, " "1, " "1, " "1, " "0, " "1, " "0, " "0, " "0, " "0, " "0, " "0, " "0, " "0, " "0, " "0, " "0, " "0, " "0, " "0, " "0, " "0, " "0, " "0, " "0, " "0, " "0, " "0, " "0, " "0, " "0, " "0, " "0, " "0, " "0, " "0, " "0, " "0, " "0, " "0, " "0, " "0, " "0, " "0, " "0, " "0, " "0, " "0, " "0, " "0, " "0, " "0, " "0, " "0, " "0, " "0, " "0, " "0, " "0, " "0, " "0, " "1, " "0, " "0, " "0, " "0, " "0, " "0, " "0, " "0, " "0, " "0, " "0, " "0, " "0, " "0, " "0, " "0, " "0, " "0, " "0, " "0, " "0, " "0, " "0, " "0, " "0, " "0, " "0, " "0, " "0, " "0, " "0, " "0, " "0, " "0, " "0, " "0, " "0, " "0, " "0, " "0, " "0, " "0, " "0, " "0, " "0, " "0, " "0, " "0, " "0, " "0, " "0, " "0, " "0, " "0, " "0, " "0, " "0, " "0, " "0, " "0, " "0, " "0, " "0, " "0, " "0, " "0, " "0, " "0, " "0, " "0, " "0, " "0, " "0, " "0, " "0, " "0, " "0, " "0, " "0, " "0, " "0, " "0, " "0, " "0, " "0, " "0, " "0, " "0, " "0, " "0, " "0, " "0, " "0, " "0, " "0, " "0, " "0, " "0, " "0, " "0, " "0, " "0, " "0, " "0, " "0, " "0, " "0, " "0, " "0, " "0, " "0, " "0, " "0, " "0, " "0, " "0, " "0, " "0, " "0, " "0, " "0, " "0, " "0, " "0, " "0, " "0, " "0, " "0, " "0, " "0, " "0, " "0, " "0, " "0, " "0, " "0, " "0, " "0, " "0, " "0, " "0, " "0, " "0, " "0, " "0, " "0, " "0, " "0, " "0, " "0, " "0, " "0, " "0, " "0, " "0, " "0, " "0, " "0, " "0, " "0, " "0, " "0, " "0, " "0, " "0, " "0, " "0, " "1, " "0, " "1, " "1, " "1, " "1, "5000
 "Nei12, 0.118, " "-0.562, " "0.671, " "1, " "1, " "1, " "1, " "1, " "1, " "1, " "1, " "1, " "1, " "0, " "1, " "0, " "1, " "1, " "1, " "1, " "0, " "1, " "1, " "1, " "1, " "1, " "1, " "1, " "1, " "1, " "1, " "1, " "0, " "0, " "0, " "0, " "0, " "0, " "0, " "0, " "0, " "0, " "0, " "0, " "1, " "0, " "0, " "0, " "0, " "0, " "0, " "0, " "0, " "0, " "0, " "0, " "0, " "0, " "0, " "0, " "0, " "0, " "0, " "0, " "0, " "0, " "0, " "0, " "0, " "0, " "0, " "0, " "0, " "0, " "0, " "0, " "0, " "0, " "0, " "0, " "0, " "0, " "0, " "0, " "0, " "0, " "0, " "0, " "0, " "0, " "0, " "0, " "0, " "0, " "0, " "0, " "0, " "0, " "0, " "0, " "0, " "0, " "0, " "0, " "0, " "0, " "0, " "0, " "0, " "0, " "0, " "0, " "0, " "0, " "0, " "1, " "0, " "0, " "0, " "0, " "0, " "0, " "0, " "0, " "0, " "0, " "0, " "0, " "0, " "0, " "0, " "0, " "0, " "0, " "0, " "0, " "0, " "0, " "0, " "0, " "0, " "0, " "0, " "0, " "0, " "0, " "0, " "0, " "0, " "0, " "0, " "0, " "0, " "0, " "0, " "0, " "0, " "0, " "0, " "0, " "0, " "0, " "0, " "0, " "0, " "0, " "0, " "0, " "0, " "0, " "0, " "0, " "0, " "0, " "0, " "0, " "0, " "0, " "0, " "0, " "0, " "0, " "0, " "0, " "0, " "0, " "0, " "0, " "0, " "0, " "0, " "0, " "0, " "0, " "0, " "0, " "0, " "0, " "0, " "0, " "0, " "0, " "0, " "0, " "0, " "0, " "0, " "0, " "0, " "0, " "0, " "0, " "0, " "0, " "0, " "0, " "0, " "0, " "0, " "0, " "0, " "0, " "0, " "0, " "0, " "0, " "0, " "0, " "0, " "0, " "0, " "0, " "0, " "0, " "0, " "0, " "0, " "0, " "0, " "0, " "0, " "0, " "0, " "0, " "0, " "0, " "0, " "0, " "0, " "0, " "0, " "0, " "0, " "0, " "0, " "0, " "1, " "1, " "1, " "1, "5000
 "Nei13, 0.155, " "0.265, " "-0.25, " "1, " "1, " "1, " "1, " "1, " "1, " "1, " "1, " "1, " "1, " "1, " "1, " "1, " "0, " "1, " "0, " "1, " "1, " "1, " "1, " "1, " "1, " "1, " "1, " "1, " "1, " "1, " "0, " "1, " "1, " "0, " "0, " "0, " "0, " "0, " "0, " "0, " "0, " "0, " "0, " "0, " "0, " "0, " "0, " "0, " "0, " "0, " "0, " "0, " "0, " "0, " "0, " "0, " "0, " "0, " "0, " "0, " "0, " "0, " "0, " "0, " "0, " "0, " "0, " "0, " "0, " "0, " "0, " "0, " "0, " "0, " "0, " "0, " "0, " "0, " "0, " "0, " "0, " "0, " "0, " "0, " "0, " "0, " "0, " "0, " "0, " "0, " "0, " "0, " "0, " "0, " "0, " "0, " "0, " "0, " "0, " "0, " "0, " "0, " "0, " "0, " "0, " "0, " "0, " "0, " "0, " "0, " "0, " "0, " "0, " "0, " "0, " "0, " "0, " "0, " "0, " "0, " "0, " "0, " "0, " "0, " "0, " "0, " "0, " "0, " "0, " "0, " "0, " "0, " "0, " "0, " "0, " "0, " "0, " "0, " "0, " "0, " "0, " "0, " "0, " "0, " "0, " "0, " "0, " "0, " "0, " "0, " "0, " "0, " "0, " "0, " "0, " "0, " "0, " "0, " "0, " "0, " "0, " "0, " "0, " "0, " "0, " "0, " "0, " "0, " "0, " "0, " "0, " "0, " "0, " "0, " "0, " "0, " "0, " "0, " "0, " "0, " "0, " "0, " "0, " "0, " "0, " "0, " "0, " "0, " "0, " "0, " "0, " "0, " "0, " "0, " "0, " "0, " "0, " "0, " "0, " "0, " "0, " "0, " "0, " "0, " "0, " "0, " "0, " "0, " "1, " "0, " "0, " "0, " "0, " "0, " "0, " "0, " "0, " "0, " "0, " "0, " "0, " "0, " "0, " "0, " "0, " "1, " "0, " "0, " "0, " "0, " "0, " "0, " "0, " "0, " "0, " "0, " "0, " "0, " "0, " "0, " "0, " "0, " "0, " "0, " "0, " "0, " "0, " "0, " "0, " "0, " "0, " "0, " "0, " "0, " "0, " "0, " "0, " "1, " "1, " "1, "5000
 "Nei14, 0.018, " "0.265, " "-0.25, " "1, " "1, " "1, " "1, " "1, " "1, " "0, " "1, " "1, " "1, " "1, " "1, " "1, " "1, " "0, " "1, " "1, " "1, " "1, " "0, " "1, " "1, " "1, " "1, " "1, " "1, " "1, " "1, " "0, " "0, " "1, " "0, " "0, " "0, " "0, " "0, " "0, " "0, " "0, " "0, " "0, " "0, " "0, " "0, " "0, " "0, " "0, " "0, " "0, " "0, " "1, " "0, " "0, " "0, " "0, " "0, " "0, " "0, " "0, " "0, " "0, " "0, " "0, " "0, " "0, " "0, " "0, " "0, " "0, " "0, " "0, " "0, " "0, " "0, " "0, " "0, " "0, " "0, " "0, " "0, " "0, " "0, " "0, " "0, " "0, " "0, " "0, " "0, " "0, " "0, " "0, " "0, " "0, " "0, " "0, " "0, " "0, " "0, " "0, " "0, " "0, " "0, " "0, " "0, " "0, " "0, " "0, " "0, " "1, " "0, " "0, " "0, " "0, " "0, " "0, " "0, " "0, " "0, " "0, " "0, " "0, " "0, " "0, " "0, " "0, " "0, " "0, " "0, " "0, " "0, " "0, " "0, " "0, " "0, " "0, " "0, " "0, " "0, " "0, " "0, " "0, " "0, " "0, " "0, " "0, " "0, " "0, " "0, " "0, " "0, " "0, " "0, " "0, " "0, " "0, " "0, " "0, " "0, " "0, " "0, " "0, " "0, " "1, " "0, " "0, " "0, " "0, " "0, " "0, " "0, " "0, " "0, " "0, " "0, " "0, " "0, " "0, " "0, " "0, " "0, " "0, " "0, " "0, " "0, " "0, " "0, " "0, " "0, " "0, " "0, " "0, " "0, " "0, " "0, " "0, " "0, " "0, " "0, " "0, " "0, " "0, " "0, " "0, " "0, " "0, " "0, " "0, " "0, " "0, " "0, " "0, " "0, " "0, " "0, " "0, " "0, " "1, " "0, " "0, " "0, " "0, " "0, " "0, " "0, " "0, " "0, " "0, " "0, " "0, " "0, " "0, " "0, " "0, " "0, " "0, " "0, " "0, " "0, " "0, " "0, " "0, " "0, " "0, " "0, " "0, " "0, " "0, " "0, " "0, " "0, " "0, " "0, " "0, " "0, " "0, " "1, " "1, "5000
 "Nei15, 0.109, " "0.486, " "0.4, " "1, " "1, " "1, " "1, " "1, " "1, " "1, " "1, " "1, " "1, " "1, " "1, " "1, " "0, " "1, " "0, " "0, " "1, " "1, " "1, " "1, " "1, " "1, " "1, " "1, " "1, " "1, " "0, " "1, " "1, " "1, " "1, " "1, " "0, " "0, " "0, " "0, " "0, " "0, " "0, " "0, " "0, " "0, " "0, " "0, " "0, " "0, " "0, " "0, " "0, " "0, " "0, " "0, " "0, " "0, " "0, " "0, " "0, " "0, " "0, " "0, " "0, " "0, " "0, " "0, " "0, " "0, " "0, " "0, " "0, " "0, " "0, " "0, " "0, " "0, " "0, " "0, " "0, " "0, " "0, " "0, " "0, " "0, " "0, " "0, " "0, " "0, " "0, " "0, " "0, " "0, " "0, " "0, " "0, " "0, " "0, " "0, " "0, " "0, " "0, " "0, " "0, " "0, " "0, " "0, " "0, " "0, " "0, " "0, " "0, " "0, " "0, " "0, " "0, " "0, " "0, " "0, " "0, " "0, " "0, " "0, " "0, " "0, " "0, " "0, " "0, " "0, " "0, " "0, " "0, " "0, " "0, " "0, " "0, " "0, " "0, " "0, " "0, " "0, " "0, " "0, " "0, " "0, " "0, " "0, " "0, " "0, " "0, " "0, " "0, " "0, " "0, " "0, " "0, " "0, " "0, " "0, " "0, " "0, " "0, " "0, " "0, " "0, " "0, " "0, " "0, " "0, " "0, " "0, " "0, " "1, " "0, " "0, " "0, " "0, " "0, " "0, " "0, " "0, " "0, " "0, " "0, " "0, " "0, " "0, " "0, " "0, " "0, " "0, " "0, " "0, " "0, " "0, " "0, " "0, " "0, " "0, " "0, " "0, " "0, " "0, " "0, " "0, " "0, " "0, " "0, " "0, " "0, " "0, " "0, " "0, " "0, " "0, " "0, " "0, " "0, " "0, " "0, " "0, " "0, " "0, " "0, " "0, " "0, " "0, " "0, " "0, " "0, " "0, " "0, " "0, " "0, " "0, " "0, " "0, " "0, " "0, " "0, " "0, " "0, " "0, " "0, " "0, " "0, " "0, " "0, " "0, " "0, " "0, " "0, " "0, " "0, " "0, " "0, " "0, " "0, " "1, "5000
 "Nei16, 0.145, " "0.486, " "0.4, " "1, " "1, " "1, " "1, " "1, " "1, " "1, " "1, " "1, " "1, " "1, " "1, " "1, " "1, " "1, " "0, " "0, " "1, " "1, " "1, " "1, " "1, " "1, " "1, " "1, " "1, " "1, " "1, " "1, " "1, " "1, " "1, " "1, " "0, " "0, " "0, " "0, " "0, " "0, " "0, " "0, " "0, " "0, " "0, " "0, " "0, " "0, " "0, " "0, " "0, " "0, " "0, " "0, " "0, " "0, " "0, " "0, " "0, " "0, " "0, " "0, " "0, " "0, " "0, " "0, " "0, " "0, " "0, " "0, " "0, " "0, " "0, " "0, " "0, " "0, " "0, " "0, " "0, " "0, " "0, " "0, " "0, " "0, " "0, " "0, " "0, " "0, " "0, " "0, " "0, " "0, " "0, " "0, " "0, " "0, " "0, " "0, " "0, " "0, " "0, " "0, " "0, " "0, " "0, " "0, " "0, " "0, " "0, " "0, " "0, " "0, " "0, " "0, " "0, " "0, " "0, " "0, " "0, " "0, " "0, " "0, " "0, " "0, " "0, " "0, " "0, " "0, " "0, " "0, " "0, " "0, " "0, " "0, " "0, " "0, " "0, " "0, " "0, " "0, " "0, " "0, " "0, " "0, " "0, " "0, " "0, " "0, " "0, " "0, " "0, " "0, " "0, " "0, " "0, " "0, " "0, " "0, " "0, " "0, " "0, " "0, " "0, " "0, " "0, " "0, " "0, " "0, " "0, " "0, " "0, " "0, " "0, " "0, " "0, " "0, " "0, " "0, " "0, " "0, " "0, " "0, " "0, " "0, " "0, " "0, " "0, " "0, " "0, " "0, " "0, " "0, " "0, " "0, " "0, " "0, " "0, " "0, " "0, " "0, " "0, " "0, " "0, " "0, " "0, " "0, " "0, " "0, " "0, " "0, " "0, " "0, " "0, " "0, " "0, " "0, " "0, " "0, " "0, " "0, " "0, " "0, " "0, " "0, " "0, " "0, " "0, " "0, " "0, " "0, " "0, " "0, " "0, " "0, " "0, " "0, " "0, " "0, " "0, " "0, " "0, " "0, " "1, " "0, " "0, " "0, " "0, " "0, " "0, " "0, " "0, " "0, " "0, " "0, " "0, " "0, " "0, " "0, "5000
 "Nei17, 0.136, " "0.086, " "-0.871, " "0, " "1, " "1, " "1, " "1, " "1, " "1, " "1, " "1, " "1, " "1, " "1, " "0, " "1, " "1, " "1, " "1, " "0, " "1, " "1, " "1, " "1, " "1, " "1, " "1, " "1, " "1, " "1, " "1, " "1, " "1, " "1, " "1, " "1, " "0, " "0, " "0, " "0, " "0, " "0, " "0, " "0, " "0, " "0, " "0, " "0, " "0, " "0, " "0, " "0, " "0, " "0, " "0, " "0, " "0, " "0, " "0, " "0, " "0, " "0, " "0, " "0, " "0, " "0, " "0, " "0, " "0, " "0, " "0, " "0, " "0, " "0, " "0, " "0, " "0, " "0, " "0, " "0, " "0, " "0, " "0, " "0, " "0, " "0, " "0, " "0, " "0, " "0, " "0, " "0, " "0, " "0, " "0, " "0, " "0, " "0, " "0, " "0, " "0, " "0, " "0, " "0, " "0, " "0, " "0, " "0, " "0, " "0, " "0, " "0, " "0, " "0, " "0, " "0, " "0, " "0, " "0, " "0, " "0, " "0, " "0, " "0, " "0, " "0, " "0, " "0, " "0, " "0, " "0, " "0, " "0, " "0, " "0, " "0, " "0, " "0, " "0, " "0, " "0, " "0, " "0, " "0, " "0, " "0, " "0, " "0, " "0, " "0, " "0, " "0, " "0, " "0, " "0, " "0, " "0, " "0, " "0, " "0, " "0, " "0, " "0, " "0, " "0, " "0, " "0, " "0, " "0, " "0, " "0, " "0, " "0, " "0, " "0, " "0, " "0, " "0, " "0, " "0, " "0, " "0, " "0, " "0, " "0, " "0, " "0, " "0, " "0, " "0, " "0, " "0, " "0, " "0, " "0, " "0, " "0, " "0, " "0, " "0, " "0, " "0, " "0, " "0, " "0, " "0, " "0, " "0, " "0, " "0, " "0, " "0, " "0, " "0, " "0, " "0, " "0, " "0, " "0, " "0, " "0, " "0, " "0, " "0, " "0, " "0, " "0, " "0, " "0, " "0, " "0, " "0, " "0, " "0, " "0, " "0, " "0, " "0, " "0, " "0, " "0, " "0, " "0, " "0, " "0, " "0, " "0, " "0, " "0, " "0, " "0, " "0, " "0, " "0, " "0, " "0, " "0, " "0, " "0, "5000
 "Nei18, 0.057, " "0.265, " "-0.25, " "0, " "0, " "1, " "1, " "1, " "1, " "1, " "1, " "1, " "1, " "1, " "1, " "1, " "1, " "1, " "1, " "1, " "1, " "0, " "1, " "1, " "1, " "1, " "1, " "1, " "1, " "1, " "1, " "1, " "1, " "1, " "1, " "1, " "1, " "1, " "0, " "0, " "0, " "0, " "1, " "0, " "0, " "0, " "0, " "0, " "0, " "0, " "0, " "0, " "0, " "0, " "0, " "0, " "0, " "0, " "0, " "0, " "0, " "0, " "0, " "0, " "0, " "0, " "0, " "0, " "0, " "0, " "0, " "0, " "0, " "0, " "0, " "0, " "0, " "0, " "0, " "0, " "0, " "0, " "0, " "0, " "0, " "0, " "0, " "0, " "0, " "0, " "0, " "0, " "0, " "0, " "0, " "0, " "0, " "0, " "0, " "0, " "0, " "0, " "0, " "0, " "0, " "0, " "0, " "0, " "0, " "0, " "0, " "0, " "0, " "0, " "0, " "0, " "0, " "0, " "0, " "0, " "0, " "0, " "0, " "0, " "0, " "0, " "0, " "0, " "0, " "0, " "0, " "0, " "0, " "0, " "0, " "0, " "0, " "0, " "0, " "0, " "0, " "0, " "0, " "0, " "0, " "0, " "0, " "0, " "0, " "0, " "0, " "0, " "0, " "0, " "0, " "0, " "0, " "0, " "0, " "0, " "0, " "0, " "0, " "0, " "0, " "0, " "0, " "0, " "0, " "0, " "0, " "0, " "0, " "0, " "0, " "0, " "0, " "0, " "0, " "0, " "0, " "0, " "0, " "0, " "0, " "0, " "0, " "0, " "0, " "0, " "0, " "0, " "0, " "0, " "0, " "0, " "0, " "0, " "0, " "0, " "0, " "0, " "0, " "0, " "0, " "0, " "0, " "0, " "0, " "0, " "0, " "0, " "0, " "0, " "0, " "0, " "0, " "0, " "0, " "0, " "0, " "0, " "0, " "0, " "0, " "0, " "0, " "0, " "0, " "0, " "0, " "0, " "0, " "0, " "0, " "0, " "0, " "0, " "0, " "0, " "0, " "0, " "0, " "0, " "0, " "0, " "0, " "0, " "0, " "0, " "0, " "0, " "0, " "0, " "0, " "0, " "0, " "0, " "0, " "0, "5000
 "Nei19, 0.098, " "0.265, " "-0.25, " "0, " "0, " "0, " "1, " "1, " "1, " "1, " "1, " "1, " "1, " "1, " "1, " "1, " "1, " "0, " "1, " "1, " "1, " "1, " "0, " "1, " "1, " "1, " "1, " "1, " "1, " "1, " "1, " "1, " "1, " "1, " "1, " "1, " "1, " "1, " "1, " "0, " "0, " "0, " "0, " "0, " "0, " "0, " "0, " "0, " "0, " "0, " "0, " "0, " "0, " "0, " "0, " "0, " "0, " "0, " "0, " "0, " "0, " "0, " "0, " "0, " "0, " "0, " "0, " "0, " "0, " "0, " "0, " "0, " "0, " "0, " "0, " "0, " "0, " "0, " "0, " "0, " "0, " "0, " "0, " "0, " "0, " "0, " "0, " "0, " "0, " "0, " "0, " "0, " "0, " "0, " "0, " "0, " "0, " "0, " "0, " "0, " "0, " "0, " "0, " "0, " "0, " "0, " "0, " "0, " "0, " "0, " "0, " "0, " "0, " "0, " "0, " "0, " "0, " "0, " "0, " "0, " "0, " "0, " "0, " "0, " "0, " "0, " "0, " "0, " "0, " "0, " "0, " "0, " "0, " "0, " "0, " "0, " "0, " "0, " "0, " "0, " "0, " "0, " "0, " "0, " "0, " "0, " "0, " "0, " "0, " "0, " "0, " "0, " "0, " "0, " "0, " "0, " "0, " "0, " "0, " "0, " "0, " "0, " "0, " "0, " "0, " "0, " "0, " "0, " "0, " "0, " "0, " "0, " "0, " "0, " "0, " "0, " "0, " "0, " "0, " "0, " "0, " "0, " "0, " "0, " "0, " "0, " "0, " "0, " "0, " "0, " "0, " "0, " "0, " "0, " "0, " "0, " "0, " "0, " "0, " "0, " "0, " "0, " "0, " "0, " "0, " "0, " "0, " "0, " "0, " "0, " "0, " "0, " "0, " "0, " "0, " "0, " "0, " "0, " "0, " "0, " "0, " "0, " "0, " "0, " "0, " "0, " "0, " "0, " "0, " "0, " "0, " "0, " "0, " "0, " "0, " "0, " "0, " "0, " "0, " "0, " "0, " "0, " "0, " "0, " "0, " "0, " "0, " "0, " "0, " "0, " "0, " "0, " "0, " "0, " "0, " "0, " "0, " "0, " "0, " "0, "5000
 "Nei20, 0.101, " "-0.562, " "0.671, " "0, " "0, " "0, " "0, " "1, " "1, " "1, " "1, " "1, " "1, " "1, " "1, " "1, " "1, " "1, " "1, " "1, " "1, " "1, " "1, " "0, " "1, " "1, " "1, " "1, " "0, " "1, " "1, " "1, " "1, " "1, " "1, " "1, " "1, " "1, " "1, " "1, " "0, " "0, " "0, " "0, " "0, " "0, " "0, " "0, " "0, " "0, " "0, " "0, " "0, " "0, " "0, " "0, " "0, " "0, " "0, " "0, " "0, " "0, " "0, " "0, " "0, " "0, " "0, " "0, " "0, " "0, " "0, " "0, " "0, " "0, " "0, " "0, " "0, " "0, " "0, " "0, " "0, " "0, " "0, " "0, " "0, " "0, " "0, " "0, " "0, " "0, " "0, " "0, " "0, " "0, " "0, " "0, " "0, " "0, " "0, " "0, " "0, " "0, " "0, " "0, " "1, " "0, " "0, " "0, " "0, " "0, " "0, " "0, " "0, " "0, " "0, " "0, " "0, " "0, " "0, " "0, " "0, " "0, " "0, " "0, " "0, " "0, " "0, " "0, " "0, " "0, " "0, " "0, " "0, " "0, " "0, " "0, " "0, " "0, " "0, " "0, " "0, " "0, " "0, " "0, " "0, " "0, " "0, " "0, " "0, " "0, " "0, " "0, " "0, " "0, " "0, " "0, " "0, " "0, " "0, " "0, " "0, " "0, " "0, " "0, " "0, " "0, " "0, " "0, " "0, " "0, " "0, " "0, " "0, " "0, " "0, " "0, " "0, " "0, " "0, " "0, " "0, " "0, " "0, " "0, " "0, " "0, " "0, " "0, " "0, " "0, " "0, " "0, " "0, " "0, " "0, " "0, " "0, " "0, " "0, " "0, " "0, " "0, " "0, " "0, " "0, " "0, " "0, " "0, " "0, " "0, " "0, " "0, " "0, " "0, " "0, " "0, " "0, " "0, " "0, " "0, " "0, " "0, " "0, " "0, " "0, " "0, " "0, " "0, " "0, " "0, " "0, " "0, " "0, " "0, " "0, " "0, " "0, " "0, " "0, " "0, " "0, " "0, " "0, " "0, " "0, " "0, " "0, " "0, " "0, " "0, " "0, " "0, " "0, " "0, " "0, " "0, " "0, " "0, " "0, " "0, "5000
 "Nei21, 0.163, " "0.486, " "0.4, " "0, " "0, " "0, " "0, " "0, " "1, " "1, " "1, " "1, " "1, " "1, " "1, " "1, " "1, " "1, " "1, " "1, " "1, " "1, " "1, " "1, " "0, " "1, " "0, " "1, " "1, " "1, " "1, " "1, " "1, " "1, " "1, " "0, " "1, " "1, " "1, " "1, " "1, " "0, " "0, " "0, " "0, " "0, " "0, " "0, " "0, " "0, " "0, " "0, " "0, " "0, " "0, " "0, " "0, " "0, " "0, " "0, " "0, " "0, " "0, " "0, " "0, " "0, " "0, " "0, " "0, " "0, " "0, " "0, " "0, " "0, " "0, " "0, " "0, " "0, " "0, " "0, " "0, " "0, " "0, " "0, " "0, " "0, " "1, " "0, " "0, " "0, " "0, " "0, " "0, " "0, " "0, " "0, " "0, " "0, " "0, " "0, " "0, " "0, " "0, " "0, " "0, " "0, " "0, " "0, " "0, " "0, " "0, " "0, " "0, " "0, " "0, " "0, " "0, " "0, " "0, " "0, " "0, " "0, " "0, " "0, " "0, " "0, " "0, " "0, " "0, " "0, " "0, " "0, " "0, " "0, " "0, " "0, " "0, " "0, " "0, " "0, " "0, " "0, " "0, " "0, " "0, " "0, " "0, " "0, " "0, " "0, " "0, " "0, " "0, " "0, " "0, " "0, " "0, " "0, " "0, " "0, " "0, " "0, " "0, " "0, " "0, " "0, " "0, " "0, " "0, " "0, " "0, " "0, " "0, " "0, " "0, " "0, " "0, " "0, " "0, " "0, " "0, " "0, " "0, " "0, " "0, " "0, " "0, " "0, " "0, " "0, " "0, " "0, " "0, " "0, " "0, " "0, " "0, " "0, " "0, " "0, " "0, " "0, " "0, " "0, " "1, " "0, " "1, " "0, " "0, " "0, " "0, " "0, " "0, " "0, " "0, " "0, " "0, " "0, " "0, " "0, " "0, " "0, " "0, " "0, " "0, " "0, " "0, " "0, " "0, " "1, " "0, " "0, " "0, " "0, " "0, " "0, " "0, " "0, " "1, " "0, " "0, " "0, " "0, " "0, " "0, " "0, " "0, " "0, " "0, " "0, " "0, " "0, " "0, " "0, " "0, " "0, " "0, " "0, " "0, " "0, "5000
 "Nei22, 0.192, " "0.265, " "-0.25, " "0, " "0, " "0, " "0, " "0, " "0, " "1, " "1, " "1, " "1, " "1, " "1, " "1, " "1, " "1, " "1, " "1, " "1, " "1, " "1, " "1, " "1, " "0, " "1, " "1, " "1, " "1, " "1, " "1, " "0, " "1, " "1, " "1, " "1, " "1, " "1, " "1, " "1, " "1, " "0, " "0, " "0, " "0, " "0, " "0, " "0, " "0, " "0, " "0, " "0, " "0, " "0, " "0, " "0, " "0, " "0, " "0, " "0, " "0, " "0, " "0, " "0, " "0, " "0, " "0, " "0, " "0, " "0, " "0, " "0, " "0, " "0, " "0, " "0, " "0, " "0, " "0, " "0, " "0, " "0, " "0, " "0, " "0, " "0, " "1, " "0, " "0, " "0, " "0, " "0, " "0, " "0, " "0, " "0, " "0, " "0, " "0, " "0, " "0, " "0, " "0, " "0, " "0, " "0, " "0, " "0, " "0, " "0, " "0, " "0, " "0, " "0, " "0, " "0, " "0, " "0, " "0, " "0, " "0, " "0, " "0, " "0, " "0, " "0, " "0, " "0, " "0, " "0, " "0, " "0, " "0, " "0, " "0, " "0, " "0, " "0, " "0, " "0, " "0, " "0, " "0, " "0, " "0, " "0, " "0, " "0, " "0, " "0, " "0, " "0, " "0, " "0, " "0, " "0, " "0, " "0, " "0, " "0, " "0, " "0, " "0, " "0, " "0, " "0, " "0, " "0, " "0, " "0, " "0, " "0, " "0, " "0, " "0, " "0, " "0, " "0, " "0, " "0, " "0, " "0, " "0, " "0, " "0, " "0, " "0, " "0, " "0, " "0, " "0, " "0, " "0, " "0, " "0, " "0, " "0, " "0, " "0, " "0, " "0, " "0, " "0, " "0, " "0, " "0, " "0, " "0, " "0, " "0, " "0, " "0, " "0, " "0, " "0, " "0, " "0, " "0, " "0, " "0, " "0, " "0, " "0, " "0, " "0, " "0, " "0, " "0, " "0, " "0, " "0, " "0, " "0, " "0, " "0, " "0, " "0, " "0, " "0, " "0, " "1, " "0, " "0, " "0, " "0, " "0, " "0, " "0, " "0, " "0, " "0, " "0, " "0, " "0, " "0, " "0, " "0, " "0, " "0, "5000
 "Nei23, 0.153, " "0.086, " "-0.871, " "0, " "0, " "0, " "0, " "0, " "0, " "0, " "1, " "1, " "1, " "1, " "1, " "1, " "1, " "1, " "1, " "1, " "1, " "1, " "1, " "1, " "0, " "1, " "0, " "1, " "1, " "1, " "1, " "1, " "1, " "1, " "1, " "1, " "1, " "1, " "1, " "1, " "1, " "1, " "1, " "0, " "0, " "0, " "0, " "0, " "0, " "0, " "0, " "0, " "0, " "0, " "0, " "0, " "0, " "0, " "0, " "0, " "0, " "0, " "0, " "0, " "0, " "0, " "0, " "0, " "0, " "0, " "0, " "0, " "0, " "0, " "0, " "0, " "0, " "0, " "0, " "0, " "0, " "0, " "0, " "0, " "0, " "0, " "0, " "0, " "0, " "0, " "0, " "0, " "0, " "0, " "0, " "0, " "0, " "0, " "0, " "0, " "0, " "0, " "0, " "0, " "0, " "0, " "0, " "0, " "0, " "0, " "0, " "0, " "0, " "0, " "0, " "0, " "0, " "0, " "0, " "0, " "0, " "0, " "0, " "0, " "0, " "0, " "0, " "0, " "0, " "0, " "0, " "0, " "0, " "0, " "0, " "0, " "0, " "0, " "0, " "0, " "0, " "0, " "0, " "0, " "0, " "0, " "0, " "0, " "0, " "0, " "0, " "0, " "0, " "0, " "0, " "0, " "0, " "0, " "0, " "0, " "0, " "0, " "0, " "0, " "0, " "0, " "0, " "0, " "0, " "0, " "0, " "0, " "0, " "0, " "0, " "0, " "0, " "0, " "0, " "0, " "0, " "0, " "0, " "0, " "0, " "0, " "0, " "0, " "0, " "0, " "0, " "0, " "0, " "0, " "0, " "0, " "0, " "0, " "0, " "0, " "0, " "0, " "0, " "0, " "0, " "0, " "0, " "0, " "0, " "0, " "0, " "0, " "0, " "0, " "0, " "0, " "0, " "0, " "0, " "0, " "0, " "0, " "0, " "0, " "0, " "0, " "0, " "0, " "0, " "0, " "0, " "0, " "0, " "0, " "0, " "0, " "0, " "0, " "0, " "0, " "0, " "0, " "0, " "0, " "0, " "0, " "0, " "0, " "0, " "0, " "0, " "0, " "0, " "0, " "0, " "0, " "0, " "0, " "0, " "0, "5000
 "Nei24, 0.051, " "0.265, " "-0.25, " "0, " "0, " "0, " "0, " "0, " "0, " "0, " "0, " "0, " "1, " "1, " "1, " "1, " "1, " "1, " "1, " "1, " "1, " "1, " "1, " "1, " "1, " "1, " "1, " "0, " "1, " "1, " "1, " "1, " "1, " "1, " "1, " "1, " "1, " "1, " "1, " "1, " "1, " "1, " "0, " "1, " "0, " "0, " "0, " "0, " "0, " "0, " "0, " "0, " "0, " "0, " "0, " "0, " "0, " "0, " "0, " "0, " "0, " "0, " "0, " "0, " "0, " "0, " "0, " "0, " "0, " "0, " "0, " "0, " "0, " "0, " "0, " "0, " "0, " "0, " "0, " "0, " "0, " "0, " "0, " "0, " "1, " "0, " "0, " "0, " "0, " "0, " "0, " "0, " "0, " "0, " "0, " "0, " "0, " "0, " "0, " "0, " "0, " "0, " "0, " "0, " "0, " "0, " "1, " "0, " "0, " "0, " "0, " "0, " "0, " "0, " "0, " "0, " "0, " "0, " "0, " "0, " "0, " "0, " "0, " "0, " "0, " "0, " "0, " "0, " "0, " "0, " "0, " "0, " "0, " "0, " "0, " "0, " "0, " "0, " "0, " "0, " "0, " "0, " "0, " "0, " "0, " "0, " "0, " "0, " "0, " "0, " "0, " "0, " "0, " "0, " "0, " "0, " "0, " "0, " "0, " "0, " "0, " "0, " "0, " "0, " "0, " "0, " "0, " "0, " "0, " "0, " "0, " "0, " "0, " "0, " "0, " "0, " "0, " "0, " "0, " "0, " "0, " "0, " "0, " "0, " "0, " "0, " "0, " "0, " "0, " "0, " "0, " "0, " "0, " "0, " "0, " "0, " "0, " "0, " "0, " "0, " "0, " "0, " "0, " "0, " "0, " "0, " "0, " "0, " "0, " "0, " "0, " "0, " "0, " "0, " "0, " "0, " "0, " "0, " "0, " "0, " "0, " "0, " "0, " "0, " "0, " "0, " "0, " "0, " "0, " "0, " "0, " "0, " "0, " "0, " "0, " "0, " "0, " "0, " "0, " "0, " "0, " "0, " "0, " "0, " "0, " "0, " "0, " "0, " "0, " "0, " "0, " "0, " "0, " "0, " "0, " "0, " "0, " "0, " "0, " "0, "5000
 "Nei25, 0.103, " "0.265, " "-0.25, " "0, " "0, " "0, " "0, " "0, " "0, " "0, " "0, " "0, " "1, " "1, " "1, " "1, " "1, " "1, " "1, " "1, " "1, " "1, " "1, " "0, " "1, " "1, " "1, " "1, " "0, " "1, " "1, " "1, " "1, " "1, " "1, " "1, " "1, " "0, " "1, " "1, " "1, " "1, " "1, " "1, " "1, " "0, " "0, " "0, " "0, " "0, " "0, " "0, " "0, " "0, " "0, " "0, " "0, " "0, " "0, " "0, " "0, " "0, " "0, " "0, " "0, " "0, " "0, " "0, " "0, " "0, " "0, " "0, " "0, " "0, " "0, " "0, " "0, " "0, " "0, " "0, " "0, " "0, " "0, " "0, " "0, " "0, " "0, " "0, " "0, " "0, " "0, " "0, " "0, " "0, " "0, " "0, " "0, " "0, " "0, " "0, " "0, " "0, " "0, " "0, " "0, " "0, " "0, " "0, " "0, " "0, " "0, " "0, " "0, " "0, " "0, " "0, " "0, " "0, " "0, " "0, " "0, " "0, " "0, " "0, " "0, " "0, " "0, " "0, " "0, " "0, " "0, " "0, " "0, " "0, " "0, " "0, " "0, " "0, " "0, " "0, " "0, " "0, " "0, " "0, " "0, " "0, " "0, " "0, " "0, " "0, " "0, " "0, " "0, " "0, " "0, " "0, " "0, " "0, " "0, " "0, " "0, " "0, " "0, " "0, " "0, " "0, " "0, " "0, " "0, " "0, " "0, " "0, " "0, " "0, " "0, " "0, " "0, " "0, " "0, " "0, " "0, " "0, " "0, " "0, " "0, " "0, " "0, " "0, " "0, " "0, " "0, " "0, " "0, " "0, " "0, " "0, " "0, " "0, " "0, " "0, " "0, " "0, " "0, " "0, " "0, " "0, " "0, " "0, " "0, " "0, " "0, " "0, " "0, " "0, " "0, " "0, " "0, " "0, " "0, " "0, " "0, " "0, " "0, " "0, " "0, " "0, " "0, " "0, " "1, " "0, " "0, " "0, " "0, " "0, " "0, " "0, " "0, " "0, " "0, " "0, " "0, " "0, " "0, " "0, " "0, " "0, " "0, " "0, " "0, " "0, " "0, " "0, " "0, " "0, " "0, " "0, " "0, " "0, " "0, " "0, "5000
 "Nei26, 0.039, " "0.265, " "-0.25, " "1, " "0, " "0, " "0, " "0, " "0, " "0, " "0, " "0, " "0, " "1, " "0, " "1, " "1, " "1, " "1, " "1, " "1, " "1, " "1, " "1, " "1, " "1, " "1, " "1, " "1, " "0, " "1, " "1, " "1, " "1, " "1, " "1, " "1, " "1, " "0, " "1, " "0, " "0, " "1, " "1, " "1, " "1, " "0, " "0, " "0, " "0, " "0, " "0, " "0, " "0, " "0, " "0, " "0, " "1, " "0, " "0, " "0, " "0, " "0, " "0, " "0, " "0, " "0, " "0, " "0, " "0, " "0, " "0, " "0, " "1, " "0, " "0, " "0, " "0, " "0, " "0, " "0, " "0, " "0, " "0, " "0, " "0, " "0, " "0, " "0, " "0, " "0, " "0, " "0, " "0, " "0, " "0, " "0, " "0, " "0, " "0, " "0, " "0, " "0, " "0, " "0, " "0, " "0, " "0, " "0, " "0, " "0, " "0, " "0, " "0, " "0, " "0, " "0, " "0, " "0, " "0, " "0, " "0, " "0, " "0, " "0, " "0, " "0, " "0, " "0, " "0, " "0, " "0, " "0, " "0, " "0, " "0, " "0, " "0, " "0, " "0, " "0, " "0, " "0, " "0, " "0, " "0, " "0, " "0, " "1, " "0, " "0, " "0, " "0, " "0, " "0, " "0, " "0, " "0, " "0, " "0, " "0, " "0, " "0, " "0, " "0, " "0, " "0, " "0, " "0, " "0, " "0, " "0, " "0, " "0, " "0, " "0, " "0, " "0, " "0, " "0, " "0, " "0, " "0, " "0, " "0, " "0, " "0, " "0, " "0, " "0, " "0, " "0, " "0, " "0, " "0, " "0, " "0, " "0, " "0, " "0, " "0, " "0, " "0, " "0, " "0, " "0, " "0, " "0, " "1, " "0, " "0, " "0, " "0, " "0, " "0, " "0, " "0, " "0, " "0, " "0, " "0, " "0, " "0, " "0, " "0, " "0, " "0, " "0, " "0, " "0, " "0, " "0, " "0, " "0, " "0, " "0, " "0, " "0, " "0, " "0, " "0, " "0, " "0, " "0, " "0, " "0, " "0, " "0, " "0, " "0, " "0, " "0, " "0, " "0, " "0, " "0, " "0, " "0, " "0, " "0, "5000
 "Nei27, 0.196, " "0.265, " "-0.25, " "0, " "0, " "0, " "0, " "0, " "0, " "0, " "0, " "0, " "0, " "0, " "1, " "1, " "0, " "1, " "0, " "1, " "1, " "1, " "1, " "1, " "1, " "1, " "1, " "1, " "1, " "1, " "0, " "1, " "1, " "1, " "1, " "1, " "1, " "1, " "1, " "1, " "1, " "1, " "1, " "1, " "1, " "1, " "1, " "0, " "0, " "0, " "0, " "0, " "0, " "0, " "0, " "0, " "0, " "0, " "0, " "0, " "0, " "0, " "0, " "0, " "0, " "0, " "0, " "0, " "0, " "0, " "0, " "0, " "0, " "0, " "0, " "0, " "0, " "0, " "0, " "0, " "0, " "0, " "0, " "0, " "0, " "0, " "0, " "0, " "0, " "0, " "0, " "0, " "0, " "0, " "0, " "0, " "0, " "0, " "0, " "0, " "0, " "0, " "0, " "0, " "0, " "0, " "0, " "0, " "0, " "0, " "0, " "0, " "0, " "0, " "0, " "0, " "0, " "0, " "0, " "0, " "0, " "0, " "0, " "0, " "0, " "0, " "0, " "0, " "0, " "0, " "0, " "0, " "0, " "0, " "0, " "0, " "0, " "0, " "0, " "0, " "0, " "0, " "0, " "0, " "0, " "0, " "0, " "0, " "0, " "0, " "0, " "0, " "0, " "0, " "0, " "0, " "0, " "0, " "0, " "0, " "0, " "0, " "0, " "0, " "0, " "0, " "0, " "0, " "0, " "0, " "0, " "0, " "0, " "0, " "0, " "0, " "0, " "0, " "0, " "0, " "0, " "0, " "0, " "0, " "0, " "0, " "0, " "0, " "0, " "0, " "0, " "0, " "0, " "0, " "0, " "0, " "0, " "0, " "0, " "0, " "0, " "0, " "0, " "0, " "0, " "0, " "0, " "0, " "0, " "0, " "0, " "0, " "0, " "0, " "0, " "0, " "0, " "0, " "0, " "0, " "0, " "0, " "0, " "0, " "0, " "1, " "0, " "0, " "0, " "0, " "0, " "0, " "0, " "0, " "0, " "0, " "0, " "0, " "0, " "0, " "0, " "0, " "0, " "0, " "0, " "0, " "0, " "0, " "0, " "0, " "0, " "0, " "0, " "0, " "0, " "0, " "0, " "0, " "0, " "0, "5000
 "Nei28, 0.123, " "0.486, " "0.4, " "1, " "0, " "0, " "0, " "0, " "0, " "0, " "0, " "0, " "0, " "0, " "0, " "1, " "1, " "0, " "1, " "1, " "1, " "1, " "1, " "1, " "1, " "1, " "1, " "1, " "1, " "1, " "1, " "0, " "1, " "1, " "1, " "1, " "1, " "1, " "1, " "1, " "0, " "1, " "0, " "1, " "1, " "1, " "1, " "1, " "0, " "0, " "0, " "0, " "0, " "0, " "0, " "0, " "0, " "0, " "0, " "0, " "0, " "0, " "0, " "0, " "0, " "0, " "0, " "0, " "0, " "0, " "0, " "0, " "0, " "0, " "0, " "0, " "0, " "0, " "0, " "0, " "0, " "0, " "0, " "0, " "0, " "0, " "0, " "0, " "0, " "0, " "0, " "0, " "0, " "0, " "0, " "1, " "0, " "0, " "0, " "0, " "0, " "0, " "0, " "0, " "0, " "0, " "0, " "0, " "0, " "0, " "0, " "0, " "0, " "0, " "0, " "0, " "0, " "0, " "0, " "0, " "0, " "0, " "0, " "0, " "0, " "0, " "0, " "0, " "0, " "0, " "0, " "0, " "0, " "0, " "0, " "0, " "0, " "0, " "0, " "0, " "0, " "0, " "0, " "0, " "0, " "0, " "0, " "0, " "0, " "0, " "0, " "0, " "0, " "0, " "0, " "0, " "0, " "0, " "0, " "0, " "0, " "0, " "0, " "0, " "0, " "0, " "0, " "0, " "0, " "0, " "0, " "0, " "0, " "0, " "0, " "0, " "0, " "0, " "0, " "0, " "0, " "0, " "0, " "0, " "0, " "0, " "0, " "0, " "0, " "0, " "0, " "0, " "0, " "0, " "0, " "0, " "0, " "0, " "0, " "0, " "0, " "0, " "0, " "0, " "0, " "0, " "0, " "0, " "0, " "0, " "0, " "1, " "0, " "0, " "0, " "0, " "0, " "0, " "0, " "0, " "0, " "0, " "0, " "0, " "0, " "0, " "0, " "0, " "0, " "0, " "0, " "0, " "0, " "0, " "0, " "0, " "0, " "0, " "0, " "0, " "0, " "0, " "0, " "0, " "0, " "0, " "0, " "0, " "0, " "0, " "0, " "0, " "0, " "0, " "0, " "0, " "0, " "0, " "0, " "0, "5000
 "Nei29, 0.102, " "-0.842, " "-0.348, " "0, " "0, " "0, " "0, " "0, " "0, " "0, " "0, " "0, " "0, " "0, " "0, " "0, " "1, " "0, " "1, " "1, " "1, " "1, " "1, " "1, " "1, " "0, " "1, " "1, " "1, " "1, " "1, " "1, " "0, " "1, " "1, " "1, " "1, " "1, " "1, " "1, " "1, " "1, " "1, " "1, " "1, " "1, " "1, " "1, " "1, " "0, " "0, " "0, " "0, " "0, " "0, " "0, " "0, " "0, " "0, " "0, " "0, " "0, " "0, " "0, " "0, " "0, " "0, " "0, " "0, " "0, " "0, " "0, " "0, " "0, " "0, " "0, " "0, " "0, " "0, " "0, " "0, " "0, " "0, " "0, " "0, " "0, " "0, " "0, " "0, " "0, " "0, " "0, " "0, " "0, " "0, " "0, " "0, " "0, " "0, " "0, " "0, " "0, " "0, " "0, " "0, " "0, " "0, " "0, " "0, " "0, " "0, " "0, " "0, " "0, " "0, " "0, " "0, " "0, " "0, " "0, " "0, " "0, " "0, " "0, " "0, " "0, " "0, " "0, " "0, " "0, " "0, " "0, " "0, " "0, " "0, " "0, " "0, " "0, " "0, " "0, " "0, " "0, " "0, " "0, " "0, " "0, " "0, " "0, " "0, " "0, " "0, " "0, " "0, " "0, " "0, " "0, " "0, " "0, " "0, " "0, " "0, " "0, " "0, " "0, " "0, " "0, " "0, " "0, " "0, " "0, " "0, " "0, " "0, " "0, " "0, " "0, " "0, " "0, " "0, " "0, " "0, " "0, " "0, " "0, " "0, " "0, " "0, " "0, " "0, " "0, " "0, " "0, " "0, " "0, " "0, " "0, " "0, " "0, " "0, " "0, " "0, " "0, " "0, " "0, " "0, " "0, " "0, " "0, " "0, " "0, " "0, " "0, " "0, " "0, " "0, " "0, " "0, " "0, " "0, " "0, " "0, " "0, " "0, " "0, " "0, " "0, " "0, " "0, " "0, " "0, " "0, " "0, " "0, " "0, " "0, " "0, " "0, " "0, " "0, " "0, " "0, " "0, " "0, " "0, " "0, " "0, " "0, " "0, " "0, " "0, " "0, " "0, " "0, " "0, " "0, " "0, " "0, " "0, " "0, " "0, "5000
 "Nei30, 0.04, " "0.086, " "-0.871, " "0, " "0, " "0, " "0, " "0, " "0, " "0, " "0, " "0, " "0, " "0, " "0, " "0, " "0, " "1, " "1, " "1, " "1, " "1, " "1, " "1, " "1, " "1, " "1, " "1, " "1, " "1, " "1, " "1, " "1, " "0, " "1, " "1, " "1, " "1, " "1, " "1, " "1, " "1, " "1, " "1, " "1, " "1, " "1, " "1, " "1, " "1, " "0, " "0, " "0, " "0, " "0, " "0, " "0, " "0, " "0, " "0, " "0, " "0, " "0, " "0, " "0, " "0, " "0, " "0, " "0, " "0, " "0, " "0, " "0, " "1, " "0, " "0, " "0, " "0, " "0, " "0, " "0, " "0, " "0, " "0, " "0, " "0, " "0, " "0, " "0, " "0, " "0, " "0, " "0, " "0, " "0, " "0, " "0, " "0, " "0, " "0, " "0, " "0, " "0, " "0, " "0, " "0, " "0, " "0, " "0, " "0, " "0, " "0, " "0, " "0, " "0, " "0, " "0, " "0, " "0, " "0, " "0, " "0, " "0, " "0, " "0, " "0, " "0, " "0, " "0, " "0, " "0, " "0, " "0, " "0, " "0, " "0, " "0, " "0, " "0, " "0, " "0, " "0, " "0, " "0, " "0, " "0, " "0, " "0, " "0, " "0, " "0, " "0, " "0, " "0, " "0, " "0, " "0, " "0, " "0, " "0, " "0, " "0, " "0, " "0, " "0, " "0, " "0, " "0, " "0, " "0, " "0, " "0, " "0, " "0, " "0, " "0, " "0, " "0, " "0, " "0, " "0, " "0, " "0, " "0, " "0, " "0, " "0, " "0, " "0, " "0, " "0, " "0, " "0, " "0, " "0, " "0, " "0, " "0, " "0, " "0, " "0, " "0, " "0, " "0, " "0, " "0, " "0, " "0, " "0, " "0, " "0, " "0, " "0, " "0, " "0, " "0, " "0, " "0, " "0, " "0, " "0, " "0, " "0, " "0, " "0, " "0, " "0, " "0, " "0, " "0, " "0, " "0, " "0, " "0, " "0, " "0, " "0, " "0, " "0, " "0, " "0, " "0, " "0, " "0, " "0, " "0, " "0, " "0, " "0, " "0, " "0, " "0, " "0, " "0, " "0, " "0, " "0, " "0, " "0, " "0, "5000
 "Nei31, 0.169, " "0.266, " "-0.25, " "0, " "0, " "0, " "0, " "0, " "0, " "0, " "0, " "0, " "0, " "0, " "0, " "0, " "0, " "0, " "1, " "1, " "1, " "1, " "1, " "1, " "1, " "1, " "1, " "1, " "1, " "1, " "1, " "1, " "1, " "1, " "0, " "1, " "1, " "1, " "1, " "1, " "1, " "1, " "1, " "1, " "1, " "1, " "1, " "1, " "1, " "1, " "1, " "0, " "0, " "0, " "0, " "0, " "0, " "0, " "0, " "0, " "0, " "0, " "0, " "0, " "0, " "0, " "0, " "0, " "0, " "0, " "0, " "0, " "0, " "0, " "0, " "0, " "0, " "0, " "0, " "0, " "0, " "0, " "0, " "0, " "0, " "0, " "0, " "1, " "0, " "0, " "0, " "0, " "0, " "0, " "0, " "0, " "0, " "0, " "0, " "0, " "0, " "0, " "0, " "0, " "0, " "0, " "0, " "0, " "0, " "0, " "0, " "0, " "0, " "0, " "0, " "0, " "0, " "0, " "0, " "0, " "0, " "0, " "0, " "0, " "0, " "0, " "0, " "0, " "0, " "0, " "0, " "0, " "0, " "0, " "0, " "0, " "0, " "0, " "0, " "0, " "0, " "0, " "0, " "0, " "0, " "0, " "0, " "0, " "0, " "0, " "0, " "0, " "0, " "0, " "0, " "0, " "0, " "0, " "0, " "0, " "0, " "0, " "0, " "0, " "0, " "0, " "0, " "0, " "0, " "0, " "0, " "0, " "0, " "0, " "0, " "0, " "0, " "0, " "0, " "0, " "0, " "0, " "0, " "0, " "0, " "0, " "0, " "0, " "0, " "0, " "0, " "0, " "0, " "0, " "0, " "0, " "0, " "0, " "0, " "0, " "0, " "0, " "0, " "0, " "0, " "0, " "0, " "0, " "0, " "0, " "0, " "0, " "0, " "0, " "0, " "0, " "0, " "0, " "0, " "0, " "0, " "0, " "0, " "0, " "0, " "0, " "0, " "0, " "0, " "0, " "0, " "0, " "0, " "0, " "0, " "0, " "0, " "0, " "0, " "0, " "0, " "0, " "0, " "0, " "0, " "0, " "0, " "0, " "0, " "0, " "0, " "0, " "0, " "0, " "0, " "0, " "0, " "0, " "0, " "0, "5000
 "Nei32, 0.091, " "0.265, " "-0.25, " "0, " "0, " "0, " "0, " "0, " "0, " "0, " "1, " "0, " "0, " "0, " "0, " "0, " "0, " "0, " "1, " "1, " "1, " "1, " "1, " "1, " "0, " "1, " "1, " "1, " "1, " "1, " "1, " "1, " "1, " "1, " "1, " "0, " "1, " "1, " "1, " "1, " "1, " "1, " "1, " "1, " "1, " "1, " "1, " "1, " "1, " "1, " "1, " "1, " "0, " "0, " "0, " "0, " "0, " "0, " "0, " "0, " "0, " "0, " "0, " "0, " "0, " "0, " "0, " "0, " "0, " "0, " "0, " "0, " "0, " "0, " "0, " "0, " "0, " "0, " "0, " "0, " "0, " "0, " "0, " "0, " "0, " "0, " "0, " "0, " "0, " "0, " "0, " "0, " "0, " "0, " "0, " "0, " "0, " "0, " "0, " "0, " "1, " "0, " "0, " "0, " "0, " "0, " "0, " "0, " "0, " "0, " "0, " "0, " "0, " "0, " "0, " "0, " "0, " "0, " "0, " "0, " "0, " "0, " "0, " "0, " "0, " "0, " "0, " "0, " "0, " "0, " "0, " "0, " "0, " "0, " "0, " "0, " "0, " "0, " "0, " "0, " "0, " "0, " "0, " "0, " "0, " "0, " "0, " "0, " "0, " "0, " "0, " "0, " "0, " "0, " "0, " "0, " "0, " "0, " "0, " "0, " "0, " "0, " "0, " "0, " "0, " "0, " "0, " "0, " "0, " "0, " "0, " "0, " "0, " "0, " "0, " "0, " "0, " "0, " "0, " "0, " "0, " "0, " "0, " "0, " "0, " "0, " "0, " "0, " "0, " "0, " "0, " "0, " "0, " "0, " "0, " "0, " "0, " "0, " "0, " "0, " "0, " "0, " "0, " "0, " "0, " "0, " "0, " "0, " "0, " "0, " "0, " "0, " "0, " "0, " "0, " "0, " "0, " "0, " "0, " "0, " "0, " "0, " "0, " "0, " "0, " "0, " "0, " "0, " "0, " "0, " "0, " "0, " "0, " "0, " "0, " "0, " "0, " "0, " "0, " "0, " "0, " "0, " "0, " "0, " "0, " "0, " "0, " "0, " "0, " "1, " "0, " "0, " "0, " "0, " "0, " "0, " "0, " "0, " "0, " "0, "5000
 "Nei33, 0.066, " "0.486, " "0.4, " "0, " "0, " "0, " "0, " "0, " "0, " "0, " "0, " "0, " "0, " "0, " "0, " "0, " "0, " "0, " "0, " "0, " "1, " "1, " "1, " "1, " "1, " "1, " "1, " "1, " "1, " "1, " "1, " "1, " "1, " "1, " "1, " "1, " "0, " "1, " "1, " "1, " "1, " "1, " "1, " "0, " "1, " "1, " "1, " "1, " "1, " "1, " "1, " "0, " "1, " "0, " "0, " "0, " "0, " "0, " "0, " "0, " "0, " "0, " "0, " "0, " "0, " "0, " "0, " "0, " "0, " "0, " "0, " "0, " "0, " "0, " "0, " "0, " "0, " "0, " "0, " "0, " "0, " "0, " "0, " "0, " "0, " "0, " "0, " "0, " "0, " "0, " "0, " "0, " "0, " "0, " "0, " "0, " "0, " "0, " "0, " "0, " "0, " "0, " "0, " "0, " "0, " "0, " "0, " "0, " "0, " "0, " "0, " "0, " "0, " "0, " "0, " "0, " "1, " "0, " "0, " "0, " "0, " "0, " "0, " "0, " "0, " "0, " "0, " "0, " "0, " "0, " "0, " "0, " "0, " "0, " "0, " "0, " "0, " "0, " "0, " "0, " "0, " "0, " "0, " "0, " "0, " "0, " "0, " "0, " "0, " "0, " "0, " "0, " "0, " "0, " "0, " "0, " "0, " "0, " "1, " "0, " "0, " "0, " "0, " "0, " "0, " "0, " "0, " "0, " "0, " "0, " "0, " "0, " "0, " "0, " "0, " "0, " "0, " "0, " "0, " "0, " "0, " "0, " "0, " "0, " "0, " "0, " "0, " "0, " "0, " "0, " "0, " "0, " "0, " "0, " "0, " "0, " "0, " "0, " "0, " "0, " "0, " "0, " "0, " "0, " "0, " "0, " "1, " "0, " "0, " "0, " "0, " "0, " "0, " "0, " "0, " "0, " "0, " "0, " "0, " "0, " "0, " "0, " "0, " "0, " "0, " "0, " "0, " "0, " "0, " "0, " "0, " "0, " "0, " "0, " "0, " "0, " "0, " "0, " "0, " "0, " "0, " "0, " "0, " "0, " "0, " "0, " "0, " "0, " "0, " "0, " "0, " "0, " "0, " "0, " "0, " "0, " "0, " "0, " "0, " "0, "5000
 "Nei34, 0.052, " "-0.482, " "-0.542, " "0, " "0, " "0, " "0, " "0, " "0, " "0, " "0, " "0, " "0, " "0, " "0, " "0, " "0, " "0, " "0, " "0, " "0, " "1, " "1, " "1, " "1, " "1, " "1, " "1, " "0, " "1, " "1, " "1, " "1, " "1, " "1, " "1, " "1, " "0, " "1, " "1, " "1, " "1, " "1, " "1, " "1, " "1, " "1, " "1, " "1, " "1, " "1, " "1, " "1, " "1, " "0, " "0, " "0, " "0, " "0, " "0, " "0, " "0, " "0, " "0, " "0, " "0, " "0, " "0, " "0, " "0, " "0, " "0, " "0, " "0, " "0, " "0, " "0, " "0, " "0, " "0, " "0, " "0, " "0, " "0, " "0, " "0, " "0, " "0, " "0, " "0, " "0, " "0, " "0, " "0, " "0, " "0, " "0, " "0, " "0, " "0, " "0, " "0, " "0, " "0, " "0, " "0, " "0, " "0, " "0, " "0, " "0, " "0, " "0, " "0, " "0, " "0, " "0, " "0, " "0, " "0, " "0, " "0, " "0, " "0, " "0, " "0, " "0, " "0, " "0, " "0, " "0, " "0, " "0, " "0, " "0, " "0, " "0, " "0, " "0, " "0, " "0, " "0, " "0, " "0, " "0, " "0, " "0, " "0, " "0, " "0, " "0, " "0, " "0, " "0, " "0, " "0, " "0, " "0, " "0, " "0, " "0, " "0, " "0, " "0, " "0, " "0, " "0, " "0, " "0, " "0, " "0, " "0, " "0, " "0, " "0, " "0, " "0, " "0, " "0, " "0, " "0, " "0, " "0, " "0, " "0, " "0, " "0, " "0, " "0, " "0, " "0, " "0, " "0, " "0, " "0, " "0, " "0, " "0, " "0, " "0, " "0, " "0, " "0, " "0, " "0, " "0, " "0, " "0, " "0, " "0, " "0, " "0, " "0, " "0, " "0, " "0, " "0, " "0, " "0, " "0, " "0, " "0, " "0, " "0, " "0, " "0, " "0, " "0, " "0, " "0, " "0, " "0, " "0, " "0, " "0, " "0, " "0, " "0, " "0, " "0, " "0, " "0, " "0, " "0, " "0, " "0, " "0, " "0, " "0, " "0, " "0, " "0, " "0, " "0, " "0, " "0, " "0, " "0, " "0, " "0, "5000
 "Nei35, 0.063, " "0.266, " "-0.25, " "0, " "0, " "0, " "0, " "0, " "0, " "0, " "0, " "0, " "0, " "0, " "0, " "0, " "0, " "0, " "0, " "0, " "0, " "0, " "1, " "1, " "1, " "1, " "1, " "1, " "1, " "0, " "1, " "1, " "1, " "1, " "1, " "1, " "1, " "1, " "0, " "1, " "1, " "0, " "1, " "1, " "1, " "1, " "1, " "1, " "1, " "1, " "1, " "1, " "1, " "1, " "1, " "0, " "0, " "0, " "0, " "0, " "0, " "0, " "0, " "0, " "0, " "0, " "0, " "0, " "0, " "0, " "0, " "0, " "0, " "0, " "0, " "0, " "0, " "0, " "0, " "0, " "0, " "0, " "0, " "0, " "0, " "0, " "0, " "0, " "0, " "0, " "0, " "0, " "0, " "0, " "0, " "0, " "0, " "0, " "0, " "0, " "0, " "0, " "0, " "0, " "0, " "0, " "0, " "0, " "0, " "0, " "0, " "0, " "0, " "0, " "0, " "0, " "0, " "0, " "0, " "0, " "0, " "0, " "0, " "0, " "0, " "0, " "0, " "0, " "0, " "0, " "0, " "0, " "0, " "0, " "0, " "0, " "0, " "0, " "0, " "0, " "0, " "0, " "0, " "0, " "0, " "1, " "0, " "0, " "0, " "0, " "0, " "0, " "0, " "0, " "0, " "0, " "0, " "0, " "0, " "0, " "0, " "0, " "0, " "0, " "0, " "0, " "0, " "0, " "0, " "0, " "0, " "0, " "0, " "0, " "0, " "0, " "0, " "0, " "0, " "0, " "0, " "0, " "0, " "0, " "0, " "0, " "0, " "0, " "0, " "0, " "0, " "0, " "0, " "0, " "0, " "0, " "0, " "0, " "0, " "0, " "0, " "0, " "0, " "0, " "0, " "0, " "0, " "0, " "0, " "0, " "0, " "0, " "0, " "0, " "0, " "0, " "0, " "0, " "0, " "0, " "0, " "0, " "0, " "0, " "0, " "0, " "0, " "0, " "0, " "0, " "0, " "0, " "0, " "0, " "0, " "0, " "0, " "0, " "0, " "0, " "0, " "0, " "0, " "0, " "0, " "0, " "0, " "0, " "0, " "0, " "0, " "0, " "0, " "0, " "0, " "0, " "0, " "0, " "0, " "0, "5000
 "Nei36, 0.089, " "0.266, " "-0.25, " "0, " "0, " "0, " "0, " "0, " "0, " "0, " "0, " "0, " "0, " "0, " "0, " "0, " "0, " "0, " "0, " "0, " "0, " "0, " "0, " "1, " "1, " "1, " "1, " "1, " "1, " "1, " "1, " "1, " "1, " "1, " "1, " "1, " "1, " "1, " "1, " "0, " "1, " "1, " "1, " "0, " "1, " "1, " "1, " "1, " "1, " "1, " "1, " "1, " "1, " "1, " "1, " "1, " "0, " "0, " "0, " "0, " "0, " "0, " "0, " "0, " "0, " "0, " "0, " "0, " "0, " "0, " "0, " "0, " "0, " "0, " "0, " "0, " "0, " "0, " "0, " "0, " "0, " "0, " "0, " "0, " "0, " "0, " "0, " "0, " "0, " "0, " "0, " "0, " "0, " "0, " "0, " "0, " "0, " "0, " "0, " "0, " "0, " "0, " "0, " "0, " "0, " "0, " "0, " "0, " "0, " "0, " "0, " "0, " "0, " "0, " "0, " "0, " "0, " "0, " "0, " "0, " "0, " "0, " "0, " "0, " "0, " "0, " "0, " "0, " "0, " "0, " "0, " "0, " "0, " "0, " "0, " "0, " "0, " "0, " "0, " "0, " "0, " "0, " "0, " "0, " "0, " "0, " "0, " "0, " "0, " "0, " "0, " "0, " "0, " "0, " "0, " "0, " "0, " "0, " "0, " "0, " "0, " "0, " "0, " "0, " "0, " "0, " "0, " "0, " "0, " "0, " "0, " "0, " "0, " "0, " "0, " "0, " "0, " "0, " "0, " "0, " "0, " "0, " "0, " "0, " "0, " "0, " "0, " "0, " "0, " "0, " "0, " "0, " "0, " "0, " "0, " "0, " "0, " "0, " "0, " "0, " "0, " "0, " "0, " "0, " "0, " "0, " "0, " "0, " "0, " "0, " "0, " "0, " "0, " "0, " "0, " "0, " "0, " "0, " "0, " "0, " "0, " "0, " "0, " "0, " "0, " "0, " "0, " "0, " "0, " "0, " "0, " "0, " "0, " "0, " "0, " "0, " "0, " "0, " "0, " "0, " "0, " "0, " "0, " "0, " "0, " "0, " "0, " "0, " "0, " "0, " "0, " "0, " "0, " "0, " "0, " "0, " "0, " "0, " "1, " "0, "5000
 "Nei37, 0.043, " "-0.563, " "0.186, " "0, " "0, " "0, " "0, " "0, " "0, " "0, " "0, " "0, " "0, " "0, " "0, " "0, " "0, " "0, " "0, " "0, " "0, " "0, " "0, " "0, " "1, " "1, " "1, " "1, " "1, " "0, " "1, " "0, " "1, " "1, " "1, " "1, " "1, " "1, " "1, " "1, " "0, " "1, " "0, " "1, " "1, " "1, " "1, " "1, " "1, " "1, " "1, " "1, " "1, " "1, " "1, " "1, " "1, " "0, " "0, " "0, " "1, " "0, " "0, " "0, " "0, " "0, " "0, " "0, " "0, " "0, " "0, " "0, " "0, " "0, " "0, " "0, " "0, " "0, " "0, " "0, " "0, " "0, " "0, " "0, " "0, " "0, " "0, " "0, " "0, " "0, " "0, " "0, " "0, " "0, " "0, " "0, " "0, " "0, " "0, " "0, " "0, " "0, " "0, " "0, " "0, " "0, " "0, " "0, " "0, " "0, " "0, " "0, " "0, " "0, " "0, " "0, " "0, " "0, " "0, " "0, " "0, " "0, " "0, " "0, " "0, " "0, " "0, " "0, " "0, " "0, " "0, " "0, " "0, " "0, " "0, " "0, " "0, " "0, " "0, " "0, " "0, " "0, " "0, " "0, " "0, " "0, " "0, " "0, " "0, " "0, " "0, " "0, " "0, " "0, " "0, " "0, " "0, " "0, " "0, " "0, " "0, " "0, " "0, " "0, " "0, " "0, " "0, " "0, " "0, " "0, " "0, " "0, " "0, " "0, " "0, " "0, " "0, " "0, " "0, " "0, " "0, " "0, " "0, " "0, " "0, " "0, " "0, " "0, " "0, " "0, " "0, " "0, " "0, " "0, " "0, " "0, " "0, " "0, " "0, " "1, " "0, " "0, " "0, " "0, " "0, " "0, " "0, " "0, " "0, " "0, " "0, " "0, " "0, " "0, " "0, " "0, " "0, " "0, " "0, " "0, " "0, " "0, " "0, " "0, " "0, " "0, " "0, " "0, " "0, " "0, " "0, " "0, " "0, " "0, " "0, " "0, " "0, " "0, " "0, " "0, " "0, " "0, " "0, " "0, " "0, " "0, " "0, " "0, " "0, " "0, " "0, " "0, " "0, " "0, " "0, " "0, " "0, " "0, " "0, " "0, "5000
 "Nei38, 0.197, " "0.486, " "0.4, " "0, " "0, " "0, " "0, " "0, " "0, " "0, " "0, " "0, " "0, " "0, " "0, " "0, " "0, " "0, " "0, " "0, " "0, " "0, " "0, " "0, " "0, " "1, " "1, " "1, " "1, " "0, " "1, " "1, " "1, " "1, " "1, " "1, " "1, " "1, " "0, " "1, " "1, " "0, " "1, " "1, " "1, " "1, " "1, " "1, " "1, " "1, " "1, " "1, " "1, " "1, " "1, " "1, " "1, " "1, " "0, " "0, " "0, " "0, " "0, " "0, " "0, " "0, " "0, " "0, " "0, " "0, " "0, " "0, " "0, " "0, " "0, " "0, " "0, " "0, " "0, " "0, " "0, " "0, " "0, " "0, " "0, " "0, " "0, " "0, " "0, " "0, " "0, " "0, " "0, " "0, " "0, " "0, " "0, " "0, " "0, " "0, " "0, " "0, " "0, " "0, " "0, " "0, " "0, " "0, " "0, " "0, " "0, " "0, " "0, " "0, " "0, " "0, " "0, " "0, " "0, " "0, " "0, " "0, " "0, " "0, " "0, " "0, " "0, " "0, " "0, " "0, " "0, " "0, " "0, " "0, " "0, " "0, " "0, " "0, " "0, " "0, " "0, " "0, " "0, " "0, " "0, " "0, " "0, " "0, " "0, " "0, " "0, " "0, " "0, " "0, " "0, " "0, " "0, " "0, " "0, " "0, " "0, " "0, " "0, " "0, " "0, " "0, " "0, " "0, " "0, " "0, " "0, " "0, " "0, " "0, " "0, " "0, " "0, " "0, " "0, " "0, " "1, " "0, " "0, " "0, " "0, " "0, " "0, " "0, " "0, " "0, " "0, " "0, " "0, " "0, " "0, " "0, " "0, " "0, " "0, " "0, " "0, " "0, " "0, " "0, " "0, " "0, " "0, " "0, " "0, " "0, " "0, " "0, " "0, " "0, " "0, " "0, " "0, " "0, " "0, " "0, " "0, " "0, " "0, " "0, " "0, " "0, " "0, " "0, " "0, " "0, " "0, " "0, " "0, " "0, " "0, " "0, " "0, " "0, " "0, " "0, " "0, " "0, " "0, " "0, " "0, " "0, " "0, " "0, " "0, " "0, " "0, " "0, " "0, " "0, " "0, " "0, " "0, " "0, " "0, " "0, "5000
 "Nei39, 0.077, " "0.266, " "-0.25, " "0, " "0, " "0, " "0, " "0, " "0, " "0, " "0, " "0, " "0, " "0, " "0, " "0, " "0, " "0, " "0, " "0, " "0, " "1, " "0, " "0, " "0, " "0, " "1, " "0, " "1, " "1, " "1, " "0, " "1, " "1, " "1, " "1, " "1, " "1, " "1, " "1, " "0, " "1, " "0, " "1, " "1, " "1, " "1, " "1, " "1, " "1, " "1, " "1, " "1, " "1, " "1, " "1, " "0, " "1, " "1, " "0, " "0, " "0, " "0, " "0, " "0, " "0, " "0, " "0, " "0, " "0, " "0, " "0, " "0, " "0, " "0, " "0, " "0, " "0, " "0, " "0, " "0, " "0, " "0, " "0, " "0, " "0, " "0, " "0, " "0, " "0, " "0, " "0, " "0, " "0, " "0, " "0, " "0, " "0, " "0, " "0, " "0, " "0, " "0, " "0, " "0, " "0, " "0, " "0, " "0, " "0, " "0, " "0, " "0, " "0, " "0, " "0, " "0, " "0, " "0, " "0, " "0, " "0, " "0, " "0, " "0, " "0, " "0, " "0, " "0, " "0, " "0, " "0, " "0, " "0, " "0, " "0, " "0, " "0, " "0, " "0, " "0, " "0, " "0, " "0, " "0, " "0, " "0, " "0, " "0, " "0, " "0, " "0, " "0, " "0, " "0, " "0, " "0, " "0, " "0, " "0, " "1, " "0, " "0, " "0, " "0, " "0, " "0, " "0, " "0, " "0, " "0, " "0, " "0, " "0, " "0, " "0, " "0, " "0, " "0, " "0, " "0, " "0, " "0, " "0, " "0, " "0, " "0, " "0, " "0, " "0, " "0, " "0, " "0, " "0, " "0, " "0, " "0, " "0, " "0, " "0, " "0, " "0, " "0, " "0, " "0, " "0, " "0, " "0, " "0, " "0, " "0, " "0, " "0, " "0, " "0, " "0, " "0, " "0, " "0, " "0, " "0, " "0, " "0, " "0, " "0, " "0, " "0, " "0, " "0, " "0, " "0, " "0, " "0, " "0, " "0, " "0, " "0, " "0, " "0, " "0, " "0, " "0, " "0, " "0, " "0, " "0, " "0, " "0, " "0, " "0, " "0, " "0, " "0, " "0, " "0, " "0, " "0, " "0, " "0, " "0, "5000
 "Nei40, 0.128, " "-0.898, " "-0.9, " "0, " "0, " "0, " "0, " "0, " "0, " "0, " "0, " "0, " "0, " "0, " "0, " "0, " "0, " "0, " "0, " "0, " "0, " "0, " "0, " "0, " "0, " "0, " "0, " "1, " "1, " "1, " "1, " "1, " "1, " "1, " "1, " "1, " "0, " "1, " "1, " "0, " "1, " "1, " "1, " "0, " "1, " "1, " "1, " "1, " "1, " "1, " "1, " "1, " "0, " "1, " "1, " "1, " "1, " "1, " "1, " "1, " "0, " "0, " "0, " "0, " "0, " "0, " "0, " "0, " "0, " "0, " "0, " "0, " "0, " "0, " "0, " "0, " "0, " "0, " "0, " "0, " "0, " "0, " "0, " "0, " "0, " "0, " "0, " "0, " "0, " "0, " "0, " "0, " "0, " "0, " "0, " "0, " "0, " "0, " "0, " "0, " "1, " "0, " "0, " "0, " "0, " "0, " "0, " "0, " "0, " "0, " "0, " "0, " "0, " "0, " "0, " "0, " "0, " "0, " "0, " "0, " "0, " "0, " "0, " "0, " "0, " "0, " "0, " "0, " "0, " "0, " "0, " "0, " "0, " "0, " "0, " "0, " "0, " "0, " "0, " "0, " "0, " "0, " "0, " "0, " "0, " "0, " "0, " "0, " "0, " "0, " "0, " "0, " "0, " "0, " "0, " "1, " "0, " "0, " "0, " "0, " "0, " "0, " "0, " "0, " "0, " "0, " "0, " "0, " "0, " "0, " "0, " "0, " "0, " "0, " "0, " "0, " "0, " "0, " "0, " "0, " "0, " "0, " "0, " "0, " "0, " "0, " "0, " "0, " "0, " "0, " "0, " "0, " "0, " "0, " "0, " "0, " "0, " "0, " "0, " "0, " "0, " "0, " "0, " "0, " "0, " "0, " "0, " "0, " "0, " "0, " "0, " "0, " "0, " "0, " "0, " "0, " "0, " "0, " "0, " "0, " "0, " "0, " "0, " "0, " "0, " "0, " "0, " "0, " "0, " "0, " "0, " "0, " "0, " "0, " "0, " "0, " "0, " "0, " "0, " "0, " "0, " "0, " "0, " "0, " "0, " "0, " "0, " "0, " "0, " "0, " "0, " "0, " "0, " "0, " "0, " "0, " "0, " "0, " "0, " "0, "5000
 "Nei41, 0.004, " "-0.563, " "0.186, " "0, " "0, " "0, " "0, " "0, " "0, " "0, " "0, " "0, " "0, " "0, " "0, " "1, " "0, " "0, " "0, " "0, " "0, " "0, " "0, " "0, " "0, " "0, " "0, " "0, " "1, " "1, " "1, " "1, " "1, " "1, " "1, " "1, " "1, " "1, " "1, " "1, " "1, " "1, " "1, " "1, " "0, " "1, " "1, " "1, " "1, " "1, " "0, " "1, " "1, " "1, " "1, " "1, " "1, " "1, " "1, " "1, " "1, " "0, " "0, " "0, " "0, " "0, " "0, " "0, " "0, " "0, " "0, " "0, " "0, " "0, " "0, " "0, " "0, " "0, " "0, " "0, " "0, " "0, " "0, " "0, " "0, " "0, " "0, " "0, " "0, " "0, " "0, " "0, " "0, " "0, " "0, " "0, " "0, " "0, " "0, " "0, " "0, " "0, " "0, " "0, " "0, " "0, " "0, " "0, " "0, " "0, " "0, " "0, " "0, " "0, " "0, " "0, " "0, " "0, " "0, " "0, " "0, " "0, " "0, " "0, " "0, " "0, " "0, " "0, " "0, " "0, " "0, " "0, " "0, " "0, " "0, " "0, " "0, " "0, " "0, " "0, " "0, " "0, " "0, " "0, " "0, " "0, " "0, " "0, " "0, " "0, " "0, " "0, " "0, " "0, " "0, " "0, " "0, " "0, " "0, " "0, " "0, " "0, " "0, " "0, " "0, " "0, " "0, " "0, " "0, " "0, " "0, " "0, " "0, " "0, " "0, " "0, " "0, " "0, " "0, " "0, " "0, " "0, " "0, " "0, " "0, " "0, " "0, " "0, " "0, " "0, " "0, " "0, " "0, " "0, " "0, " "0, " "0, " "0, " "0, " "0, " "0, " "0, " "0, " "0, " "0, " "0, " "0, " "0, " "0, " "0, " "0, " "0, " "0, " "0, " "0, " "0, " "0, " "0, " "0, " "0, " "0, " "0, " "0, " "0, " "0, " "0, " "0, " "0, " "1, " "0, " "0, " "0, " "0, " "0, " "0, " "0, " "0, " "0, " "0, " "0, " "0, " "0, " "0, " "0, " "0, " "0, " "0, " "0, " "0, " "0, " "0, " "0, " "0, " "0, " "0, " "0, " "0, " "0, " "0, " "0, "5000
 "Nei42, 0.161, " "0.266, " "-0.25, " "0, " "0, " "0, " "0, " "0, " "0, " "0, " "0, " "0, " "0, " "0, " "0, " "0, " "0, " "0, " "0, " "0, " "0, " "0, " "0, " "0, " "0, " "0, " "0, " "0, " "0, " "1, " "1, " "1, " "1, " "1, " "1, " "1, " "1, " "1, " "1, " "1, " "1, " "1, " "1, " "1, " "1, " "0, " "1, " "1, " "1, " "1, " "1, " "1, " "1, " "1, " "1, " "0, " "1, " "1, " "1, " "1, " "1, " "1, " "0, " "0, " "0, " "0, " "0, " "0, " "0, " "0, " "0, " "0, " "0, " "0, " "0, " "0, " "0, " "0, " "0, " "0, " "0, " "0, " "0, " "0, " "0, " "0, " "0, " "0, " "0, " "0, " "0, " "0, " "0, " "0, " "0, " "0, " "0, " "0, " "0, " "0, " "0, " "0, " "0, " "0, " "0, " "0, " "0, " "0, " "0, " "0, " "0, " "0, " "0, " "0, " "0, " "0, " "0, " "0, " "0, " "0, " "0, " "0, " "0, " "0, " "0, " "0, " "0, " "0, " "0, " "0, " "0, " "0, " "0, " "0, " "0, " "0, " "0, " "0, " "0, " "0, " "0, " "0, " "0, " "0, " "0, " "0, " "0, " "0, " "0, " "0, " "0, " "0, " "0, " "0, " "0, " "0, " "0, " "0, " "1, " "0, " "0, " "0, " "0, " "1, " "0, " "0, " "0, " "0, " "0, " "0, " "0, " "0, " "0, " "0, " "0, " "0, " "0, " "0, " "0, " "0, " "0, " "0, " "0, " "0, " "0, " "0, " "0, " "0, " "0, " "0, " "0, " "0, " "0, " "0, " "0, " "0, " "0, " "0, " "0, " "0, " "0, " "0, " "0, " "0, " "0, " "0, " "0, " "0, " "0, " "0, " "0, " "0, " "0, " "0, " "0, " "0, " "0, " "0, " "0, " "0, " "0, " "0, " "0, " "0, " "0, " "0, " "0, " "0, " "0, " "0, " "0, " "0, " "0, " "0, " "0, " "0, " "0, " "0, " "0, " "0, " "0, " "0, " "0, " "0, " "0, " "0, " "0, " "0, " "0, " "0, " "0, " "0, " "0, " "0, " "0, " "1, " "0, " "0, " "0, " "0, "5000
 "Nei43, 0.146, " "0.266, " "-0.25, " "0, " "0, " "0, " "0, " "0, " "0, " "0, " "0, " "0, " "0, " "0, " "0, " "0, " "0, " "0, " "0, " "0, " "0, " "0, " "0, " "0, " "0, " "0, " "0, " "0, " "0, " "0, " "1, " "1, " "1, " "1, " "1, " "1, " "1, " "1, " "1, " "1, " "1, " "1, " "1, " "1, " "1, " "1, " "0, " "1, " "1, " "1, " "1, " "1, " "1, " "1, " "1, " "1, " "1, " "1, " "1, " "1, " "1, " "1, " "1, " "0, " "0, " "0, " "0, " "0, " "0, " "0, " "0, " "0, " "0, " "0, " "0, " "0, " "0, " "0, " "0, " "0, " "0, " "0, " "0, " "0, " "0, " "0, " "0, " "0, " "0, " "0, " "0, " "0, " "0, " "0, " "0, " "0, " "0, " "0, " "0, " "0, " "0, " "0, " "0, " "0, " "0, " "0, " "0, " "0, " "0, " "0, " "0, " "0, " "0, " "0, " "0, " "0, " "0, " "0, " "0, " "0, " "0, " "0, " "0, " "0, " "0, " "0, " "0, " "0, " "0, " "0, " "0, " "0, " "0, " "0, " "0, " "0, " "0, " "0, " "0, " "0, " "0, " "0, " "0, " "0, " "0, " "0, " "0, " "0, " "0, " "0, " "0, " "0, " "0, " "0, " "0, " "0, " "0, " "0, " "0, " "0, " "0, " "0, " "0, " "0, " "0, " "0, " "0, " "0, " "0, " "0, " "0, " "0, " "0, " "0, " "0, " "0, " "0, " "0, " "0, " "0, " "0, " "0, " "0, " "0, " "0, " "0, " "0, " "0, " "0, " "0, " "0, " "0, " "0, " "0, " "0, " "0, " "0, " "0, " "0, " "0, " "0, " "0, " "0, " "0, " "0, " "0, " "0, " "0, " "0, " "0, " "0, " "0, " "0, " "0, " "0, " "0, " "0, " "0, " "0, " "0, " "0, " "0, " "0, " "0, " "0, " "0, " "0, " "0, " "0, " "0, " "0, " "0, " "0, " "0, " "0, " "0, " "0, " "0, " "0, " "0, " "0, " "0, " "0, " "0, " "0, " "0, " "0, " "0, " "0, " "0, " "0, " "0, " "0, " "0, " "0, " "0, " "0, " "0, " "0, " "0, "5000
 "Nei44, 0.053, " "0.266, " "-0.25, " "0, " "0, " "0, " "0, " "0, " "0, " "0, " "0, " "1, " "0, " "0, " "0, " "0, " "0, " "0, " "0, " "0, " "0, " "0, " "0, " "0, " "0, " "0, " "0, " "0, " "0, " "0, " "0, " "1, " "1, " "1, " "1, " "1, " "1, " "1, " "1, " "1, " "1, " "1, " "1, " "1, " "1, " "1, " "1, " "0, " "1, " "1, " "1, " "1, " "1, " "1, " "1, " "1, " "1, " "1, " "1, " "1, " "0, " "1, " "1, " "1, " "0, " "0, " "0, " "0, " "0, " "0, " "0, " "0, " "0, " "0, " "0, " "0, " "0, " "0, " "0, " "0, " "0, " "0, " "0, " "0, " "0, " "0, " "0, " "0, " "0, " "0, " "0, " "0, " "0, " "0, " "0, " "0, " "0, " "0, " "0, " "0, " "0, " "0, " "0, " "0, " "0, " "0, " "0, " "0, " "0, " "0, " "0, " "0, " "0, " "0, " "0, " "0, " "0, " "0, " "0, " "0, " "0, " "0, " "0, " "0, " "0, " "0, " "0, " "0, " "0, " "0, " "0, " "0, " "0, " "0, " "0, " "0, " "0, " "0, " "0, " "0, " "0, " "0, " "0, " "0, " "0, " "0, " "1, " "0, " "0, " "0, " "0, " "0, " "0, " "0, " "0, " "0, " "0, " "0, " "0, " "0, " "0, " "0, " "0, " "0, " "0, " "0, " "0, " "0, " "0, " "0, " "0, " "0, " "0, " "0, " "0, " "0, " "0, " "0, " "0, " "0, " "0, " "0, " "0, " "0, " "0, " "0, " "0, " "0, " "0, " "0, " "0, " "0, " "0, " "0, " "0, " "0, " "0, " "0, " "0, " "0, " "0, " "0, " "0, " "0, " "0, " "0, " "0, " "0, " "0, " "0, " "0, " "0, " "0, " "0, " "0, " "0, " "0, " "0, " "0, " "0, " "0, " "0, " "0, " "0, " "0, " "0, " "0, " "0, " "0, " "0, " "0, " "0, " "0, " "0, " "0, " "0, " "0, " "0, " "0, " "0, " "0, " "0, " "0, " "0, " "0, " "0, " "0, " "0, " "0, " "0, " "0, " "0, " "0, " "0, " "0, " "0, " "0, " "0, " "0, " "0, "5000
 "Nei45, 0.077, " "0.266, " "-0.25, " "0, " "0, " "0, " "0, " "0, " "0, " "0, " "0, " "0, " "0, " "0, " "0, " "0, " "0, " "0, " "0, " "0, " "0, " "0, " "0, " "0, " "0, " "0, " "0, " "0, " "0, " "0, " "0, " "0, " "1, " "1, " "1, " "1, " "1, " "1, " "1, " "1, " "1, " "1, " "1, " "1, " "1, " "1, " "1, " "1, " "0, " "0, " "1, " "1, " "1, " "1, " "1, " "1, " "1, " "1, " "1, " "1, " "1, " "1, " "1, " "1, " "1, " "0, " "0, " "0, " "0, " "0, " "0, " "0, " "0, " "1, " "0, " "0, " "0, " "0, " "0, " "0, " "0, " "0, " "0, " "0, " "0, " "0, " "0, " "0, " "0, " "0, " "0, " "0, " "0, " "0, " "0, " "0, " "0, " "0, " "0, " "0, " "0, " "0, " "0, " "0, " "0, " "0, " "0, " "0, " "0, " "0, " "0, " "0, " "0, " "0, " "0, " "0, " "0, " "0, " "0, " "0, " "0, " "0, " "0, " "0, " "0, " "0, " "0, " "0, " "0, " "0, " "0, " "0, " "0, " "0, " "0, " "0, " "0, " "0, " "0, " "0, " "0, " "0, " "0, " "0, " "0, " "0, " "0, " "0, " "0, " "0, " "0, " "0, " "0, " "0, " "0, " "0, " "0, " "0, " "0, " "0, " "0, " "0, " "0, " "0, " "0, " "0, " "0, " "0, " "0, " "0, " "0, " "0, " "0, " "0, " "0, " "0, " "0, " "0, " "0, " "0, " "0, " "0, " "0, " "0, " "0, " "0, " "0, " "0, " "0, " "0, " "0, " "0, " "0, " "0, " "0, " "0, " "0, " "0, " "0, " "0, " "0, " "0, " "0, " "0, " "0, " "0, " "0, " "0, " "0, " "0, " "0, " "0, " "0, " "0, " "0, " "0, " "0, " "0, " "0, " "0, " "0, " "0, " "0, " "0, " "0, " "0, " "0, " "0, " "0, " "0, " "0, " "0, " "0, " "0, " "0, " "0, " "0, " "0, " "0, " "0, " "0, " "0, " "0, " "0, " "0, " "0, " "0, " "0, " "0, " "0, " "0, " "0, " "0, " "0, " "0, " "0, " "0, " "0, " "0, " "0, "5000
 "Nei46, 0.151, " "0.266, " "-0.25, " "0, " "0, " "0, " "0, " "0, " "0, " "0, " "1, " "0, " "0, " "0, " "0, " "0, " "0, " "0, " "0, " "0, " "0, " "0, " "0, " "0, " "0, " "0, " "0, " "0, " "0, " "0, " "0, " "0, " "0, " "1, " "1, " "1, " "1, " "1, " "1, " "1, " "1, " "1, " "1, " "1, " "1, " "1, " "1, " "1, " "0, " "0, " "1, " "1, " "1, " "1, " "0, " "1, " "0, " "1, " "1, " "1, " "1, " "1, " "1, " "1, " "1, " "1, " "0, " "0, " "0, " "0, " "0, " "0, " "0, " "0, " "0, " "0, " "1, " "0, " "0, " "0, " "0, " "0, " "0, " "0, " "0, " "0, " "0, " "0, " "0, " "0, " "0, " "0, " "0, " "0, " "0, " "0, " "0, " "0, " "0, " "0, " "0, " "0, " "0, " "0, " "0, " "0, " "0, " "0, " "0, " "0, " "0, " "0, " "0, " "0, " "0, " "0, " "0, " "0, " "0, " "0, " "0, " "0, " "0, " "0, " "0, " "0, " "0, " "0, " "0, " "0, " "0, " "0, " "0, " "0, " "0, " "0, " "0, " "0, " "0, " "0, " "0, " "0, " "0, " "0, " "0, " "0, " "0, " "0, " "0, " "0, " "0, " "0, " "0, " "0, " "0, " "0, " "0, " "0, " "0, " "0, " "0, " "0, " "0, " "0, " "0, " "0, " "0, " "0, " "0, " "0, " "0, " "0, " "0, " "0, " "0, " "0, " "0, " "0, " "0, " "0, " "0, " "0, " "0, " "0, " "0, " "0, " "0, " "0, " "0, " "0, " "0, " "0, " "0, " "0, " "0, " "0, " "0, " "0, " "0, " "0, " "0, " "0, " "0, " "0, " "0, " "0, " "0, " "0, " "0, " "0, " "0, " "0, " "0, " "0, " "0, " "0, " "0, " "1, " "0, " "0, " "0, " "0, " "0, " "0, " "0, " "0, " "0, " "0, " "0, " "0, " "0, " "0, " "0, " "0, " "0, " "0, " "0, " "0, " "0, " "0, " "0, " "0, " "0, " "0, " "0, " "0, " "0, " "0, " "0, " "0, " "0, " "0, " "0, " "0, " "0, " "0, " "0, " "0, " "0, " "0, "5000
 "Nei47, 0.022, " "0.486, " "0.4, " "0, " "0, " "0, " "0, " "0, " "0, " "0, " "0, " "0, " "0, " "0, " "0, " "0, " "0, " "0, " "0, " "0, " "0, " "0, " "0, " "0, " "0, " "0, " "0, " "0, " "0, " "0, " "0, " "0, " "0, " "0, " "1, " "1, " "1, " "1, " "1, " "1, " "1, " "1, " "1, " "1, " "0, " "1, " "1, " "1, " "1, " "1, " "0, " "1, " "1, " "1, " "1, " "1, " "1, " "1, " "1, " "1, " "1, " "1, " "1, " "1, " "1, " "1, " "1, " "0, " "0, " "0, " "0, " "0, " "0, " "0, " "0, " "0, " "0, " "0, " "0, " "0, " "0, " "0, " "0, " "0, " "0, " "0, " "0, " "0, " "0, " "0, " "0, " "0, " "0, " "0, " "0, " "0, " "0, " "0, " "0, " "0, " "0, " "0, " "0, " "0, " "0, " "0, " "0, " "0, " "0, " "0, " "0, " "0, " "0, " "0, " "0, " "0, " "0, " "0, " "0, " "0, " "0, " "0, " "0, " "0, " "0, " "0, " "0, " "0, " "0, " "0, " "0, " "0, " "0, " "0, " "0, " "0, " "0, " "0, " "0, " "0, " "0, " "0, " "0, " "0, " "0, " "0, " "1, " "0, " "0, " "0, " "0, " "0, " "0, " "0, " "0, " "0, " "0, " "0, " "0, " "0, " "0, " "0, " "0, " "0, " "0, " "0, " "0, " "0, " "0, " "0, " "0, " "0, " "0, " "0, " "0, " "0, " "0, " "0, " "0, " "0, " "0, " "0, " "0, " "0, " "0, " "0, " "0, " "0, " "0, " "0, " "0, " "0, " "0, " "0, " "0, " "0, " "0, " "0, " "0, " "0, " "0, " "0, " "0, " "0, " "0, " "0, " "0, " "0, " "0, " "0, " "0, " "0, " "0, " "0, " "0, " "0, " "0, " "0, " "0, " "0, " "0, " "0, " "0, " "0, " "0, " "0, " "0, " "0, " "0, " "0, " "0, " "0, " "0, " "0, " "0, " "0, " "0, " "0, " "0, " "0, " "0, " "0, " "0, " "0, " "0, " "0, " "0, " "0, " "0, " "0, " "0, " "0, " "0, " "0, " "0, " "0, " "0, " "0, " "0, " "0, "5000
 "Nei48, 0.098, " "0.266, " "-0.25, " "0, " "0, " "0, " "0, " "0, " "0, " "0, " "0, " "0, " "0, " "0, " "0, " "0, " "0, " "0, " "0, " "0, " "0, " "0, " "0, " "0, " "0, " "0, " "0, " "0, " "0, " "0, " "0, " "0, " "0, " "0, " "0, " "1, " "0, " "1, " "1, " "1, " "1, " "1, " "1, " "1, " "1, " "1, " "1, " "1, " "1, " "1, " "1, " "0, " "1, " "1, " "1, " "1, " "1, " "1, " "1, " "1, " "1, " "1, " "1, " "1, " "1, " "1, " "1, " "1, " "0, " "0, " "0, " "0, " "0, " "0, " "0, " "0, " "0, " "0, " "0, " "0, " "0, " "0, " "0, " "0, " "0, " "0, " "0, " "0, " "0, " "0, " "0, " "0, " "0, " "0, " "0, " "0, " "0, " "0, " "0, " "0, " "0, " "0, " "0, " "0, " "0, " "0, " "0, " "0, " "0, " "0, " "0, " "0, " "0, " "0, " "0, " "0, " "0, " "0, " "0, " "0, " "0, " "0, " "0, " "0, " "0, " "0, " "0, " "0, " "0, " "0, " "0, " "0, " "0, " "0, " "0, " "0, " "0, " "0, " "0, " "0, " "0, " "0, " "0, " "0, " "0, " "0, " "0, " "0, " "0, " "0, " "0, " "0, " "0, " "0, " "0, " "0, " "0, " "0, " "0, " "0, " "0, " "0, " "0, " "0, " "0, " "0, " "0, " "0, " "0, " "0, " "0, " "0, " "0, " "0, " "0, " "0, " "0, " "0, " "0, " "0, " "0, " "0, " "0, " "0, " "0, " "0, " "0, " "0, " "0, " "0, " "0, " "0, " "0, " "0, " "0, " "0, " "0, " "0, " "0, " "0, " "0, " "0, " "0, " "0, " "0, " "0, " "0, " "0, " "0, " "0, " "0, " "0, " "0, " "0, " "0, " "0, " "0, " "0, " "0, " "0, " "0, " "0, " "0, " "0, " "0, " "0, " "0, " "0, " "0, " "0, " "0, " "0, " "0, " "0, " "0, " "0, " "0, " "0, " "0, " "0, " "0, " "0, " "0, " "0, " "0, " "0, " "0, " "0, " "0, " "0, " "0, " "0, " "0, " "0, " "1, " "0, " "0, " "0, " "0, " "0, "5000
 "Nei49, 0.123, " "-0.563, " "0.186, " "0, " "0, " "0, " "0, " "0, " "0, " "0, " "0, " "0, " "0, " "0, " "0, " "0, " "0, " "0, " "0, " "0, " "0, " "0, " "0, " "0, " "0, " "0, " "0, " "0, " "0, " "0, " "0, " "0, " "0, " "0, " "0, " "0, " "1, " "1, " "1, " "1, " "1, " "1, " "1, " "0, " "1, " "1, " "1, " "1, " "1, " "1, " "1, " "1, " "0, " "0, " "1, " "1, " "1, " "1, " "1, " "1, " "1, " "1, " "1, " "1, " "0, " "1, " "1, " "1, " "1, " "0, " "0, " "0, " "0, " "0, " "0, " "0, " "0, " "0, " "0, " "0, " "0, " "0, " "0, " "0, " "0, " "0, " "0, " "0, " "0, " "0, " "0, " "0, " "0, " "0, " "0, " "0, " "0, " "0, " "0, " "0, " "0, " "0, " "0, " "0, " "0, " "0, " "0, " "0, " "0, " "0, " "0, " "0, " "0, " "0, " "0, " "0, " "0, " "0, " "0, " "0, " "0, " "0, " "0, " "0, " "0, " "0, " "0, " "0, " "0, " "0, " "0, " "0, " "0, " "0, " "0, " "0, " "0, " "0, " "0, " "0, " "0, " "0, " "0, " "0, " "0, " "0, " "0, " "0, " "0, " "0, " "0, " "0, " "0, " "0, " "0, " "0, " "0, " "0, " "0, " "0, " "0, " "0, " "0, " "0, " "0, " "0, " "0, " "0, " "0, " "0, " "0, " "0, " "0, " "0, " "0, " "0, " "0, " "0, " "0, " "0, " "0, " "0, " "0, " "0, " "0, " "0, " "0, " "0, " "0, " "0, " "0, " "0, " "0, " "0, " "0, " "0, " "0, " "0, " "0, " "0, " "0, " "0, " "0, " "0, " "0, " "0, " "0, " "0, " "0, " "0, " "0, " "0, " "0, " "0, " "0, " "0, " "0, " "0, " "0, " "0, " "0, " "0, " "0, " "0, " "0, " "0, " "1, " "0, " "0, " "0, " "0, " "0, " "0, " "0, " "0, " "0, " "0, " "0, " "0, " "0, " "0, " "0, " "0, " "0, " "0, " "0, " "0, " "0, " "0, " "0, " "0, " "0, " "0, " "1, " "0, " "0, " "0, " "0, " "0, " "0, "5000
 "Nei50, 0.15, " "-0.482, " "-0.542, " "0, " "0, " "0, " "0, " "0, " "0, " "0, " "0, " "0, " "0, " "0, " "0, " "0, " "0, " "1, " "0, " "0, " "0, " "0, " "0, " "0, " "0, " "0, " "0, " "0, " "0, " "0, " "0, " "0, " "0, " "0, " "0, " "0, " "0, " "1, " "1, " "1, " "1, " "1, " "1, " "1, " "1, " "1, " "1, " "1, " "1, " "1, " "1, " "1, " "0, " "0, " "1, " "1, " "1, " "1, " "1, " "1, " "1, " "1, " "1, " "1, " "1, " "1, " "1, " "1, " "1, " "1, " "0, " "0, " "0, " "0, " "0, " "0, " "0, " "0, " "0, " "0, " "0, " "0, " "0, " "0, " "0, " "0, " "0, " "0, " "0, " "0, " "0, " "0, " "0, " "0, " "0, " "0, " "0, " "0, " "0, " "0, " "0, " "0, " "0, " "0, " "0, " "0, " "0, " "0, " "0, " "0, " "0, " "0, " "0, " "0, " "0, " "0, " "0, " "0, " "0, " "0, " "0, " "0, " "0, " "0, " "0, " "0, " "0, " "0, " "0, " "0, " "0, " "0, " "0, " "0, " "0, " "0, " "0, " "0, " "0, " "0, " "0, " "0, " "0, " "0, " "0, " "0, " "0, " "0, " "0, " "0, " "0, " "0, " "0, " "0, " "0, " "0, " "0, " "0, " "0, " "0, " "0, " "0, " "0, " "0, " "0, " "0, " "0, " "0, " "0, " "0, " "0, " "0, " "0, " "0, " "0, " "0, " "0, " "0, " "0, " "0, " "0, " "0, " "0, " "0, " "0, " "0, " "0, " "0, " "0, " "0, " "0, " "0, " "0, " "0, " "0, " "0, " "0, " "0, " "0, " "0, " "0, " "0, " "0, " "0, " "0, " "0, " "0, " "0, " "0, " "0, " "0, " "0, " "0, " "0, " "0, " "0, " "0, " "0, " "0, " "0, " "0, " "0, " "0, " "0, " "0, " "0, " "0, " "0, " "0, " "0, " "0, " "0, " "0, " "0, " "0, " "0, " "0, " "0, " "0, " "0, " "0, " "0, " "0, " "0, " "0, " "0, " "0, " "0, " "0, " "0, " "0, " "0, " "0, " "0, " "0, " "0, " "0, " "0, " "0, " "0, "5000
 "Nei51, 0.063, " "0.266, " "-0.25, " "0, " "0, " "0, " "0, " "0, " "0, " "0, " "0, " "0, " "0, " "0, " "0, " "0, " "0, " "0, " "0, " "0, " "0, " "0, " "0, " "0, " "0, " "0, " "0, " "0, " "0, " "0, " "0, " "0, " "0, " "0, " "0, " "0, " "0, " "0, " "1, " "1, " "1, " "1, " "1, " "1, " "1, " "1, " "1, " "1, " "1, " "0, " "1, " "1, " "1, " "1, " "0, " "1, " "1, " "1, " "1, " "1, " "1, " "1, " "1, " "1, " "1, " "1, " "1, " "1, " "1, " "1, " "1, " "0, " "0, " "0, " "0, " "0, " "0, " "0, " "0, " "0, " "0, " "0, " "0, " "0, " "0, " "0, " "0, " "0, " "0, " "0, " "0, " "0, " "0, " "0, " "0, " "0, " "0, " "0, " "0, " "0, " "0, " "0, " "0, " "0, " "0, " "0, " "0, " "0, " "0, " "0, " "0, " "0, " "0, " "0, " "0, " "0, " "0, " "0, " "0, " "0, " "0, " "0, " "0, " "0, " "0, " "0, " "0, " "0, " "0, " "0, " "0, " "0, " "0, " "0, " "0, " "0, " "0, " "0, " "0, " "0, " "0, " "0, " "0, " "0, " "0, " "0, " "0, " "0, " "0, " "0, " "0, " "0, " "0, " "0, " "0, " "0, " "0, " "0, " "0, " "0, " "0, " "0, " "0, " "0, " "0, " "0, " "0, " "0, " "0, " "0, " "0, " "0, " "0, " "0, " "0, " "0, " "0, " "0, " "0, " "0, " "0, " "0, " "0, " "0, " "0, " "0, " "0, " "0, " "0, " "0, " "0, " "0, " "0, " "0, " "0, " "0, " "0, " "0, " "0, " "0, " "0, " "0, " "0, " "0, " "0, " "0, " "0, " "0, " "0, " "0, " "0, " "0, " "0, " "0, " "0, " "0, " "0, " "0, " "0, " "1, " "0, " "0, " "0, " "0, " "0, " "0, " "0, " "0, " "0, " "0, " "0, " "0, " "0, " "0, " "0, " "0, " "0, " "0, " "0, " "0, " "0, " "0, " "0, " "0, " "0, " "0, " "0, " "0, " "0, " "0, " "0, " "0, " "0, " "0, " "0, " "0, " "0, " "0, " "0, " "0, "5000
 "Nei52, 0.165, " "0.486, " "0.4, " "0, " "0, " "0, " "0, " "0, " "0, " "0, " "0, " "0, " "0, " "0, " "0, " "0, " "0, " "0, " "0, " "0, " "0, " "0, " "0, " "0, " "0, " "0, " "0, " "0, " "0, " "0, " "0, " "0, " "0, " "0, " "0, " "0, " "0, " "0, " "0, " "1, " "1, " "1, " "1, " "1, " "1, " "0, " "1, " "1, " "1, " "1, " "1, " "1, " "1, " "1, " "1, " "0, " "1, " "1, " "1, " "1, " "1, " "1, " "1, " "1, " "1, " "1, " "1, " "1, " "1, " "1, " "1, " "1, " "0, " "0, " "0, " "0, " "0, " "0, " "0, " "0, " "0, " "0, " "0, " "0, " "0, " "0, " "0, " "0, " "0, " "0, " "0, " "0, " "0, " "0, " "0, " "0, " "0, " "0, " "0, " "0, " "0, " "0, " "0, " "0, " "0, " "0, " "0, " "0, " "0, " "0, " "0, " "0, " "0, " "0, " "0, " "0, " "0, " "0, " "0, " "0, " "0, " "0, " "0, " "0, " "0, " "0, " "0, " "0, " "0, " "0, " "0, " "0, " "0, " "0, " "0, " "0, " "0, " "0, " "0, " "0, " "0, " "0, " "0, " "0, " "0, " "0, " "0, " "0, " "0, " "0, " "0, " "0, " "0, " "0, " "0, " "0, " "0, " "0, " "0, " "0, " "0, " "0, " "0, " "0, " "0, " "0, " "0, " "0, " "0, " "0, " "0, " "0, " "0, " "0, " "0, " "0, " "0, " "0, " "0, " "0, " "0, " "0, " "0, " "0, " "0, " "0, " "0, " "0, " "0, " "0, " "0, " "0, " "0, " "0, " "0, " "0, " "0, " "0, " "0, " "0, " "0, " "0, " "0, " "0, " "0, " "0, " "0, " "0, " "0, " "0, " "0, " "0, " "0, " "0, " "0, " "0, " "0, " "0, " "0, " "0, " "0, " "0, " "0, " "0, " "0, " "0, " "0, " "0, " "0, " "0, " "0, " "0, " "0, " "0, " "0, " "0, " "0, " "0, " "0, " "0, " "0, " "0, " "0, " "0, " "0, " "0, " "0, " "0, " "0, " "0, " "0, " "0, " "0, " "0, " "0, " "0, " "0, " "0, " "0, " "0, "5000
 "Nei53, 0.009, " "0.266, " "-0.25, " "0, " "0, " "0, " "0, " "0, " "0, " "0, " "0, " "0, " "0, " "0, " "0, " "0, " "0, " "0, " "0, " "0, " "0, " "0, " "0, " "0, " "0, " "0, " "0, " "0, " "0, " "0, " "0, " "0, " "0, " "0, " "0, " "0, " "0, " "0, " "0, " "0, " "1, " "1, " "0, " "1, " "1, " "1, " "1, " "1, " "1, " "0, " "1, " "1, " "1, " "1, " "1, " "1, " "0, " "0, " "1, " "1, " "1, " "1, " "1, " "0, " "1, " "1, " "1, " "1, " "1, " "0, " "1, " "1, " "1, " "0, " "0, " "0, " "0, " "0, " "1, " "0, " "0, " "0, " "0, " "0, " "0, " "0, " "0, " "0, " "0, " "0, " "0, " "1, " "0, " "0, " "0, " "0, " "0, " "0, " "0, " "0, " "0, " "0, " "0, " "0, " "0, " "0, " "1, " "0, " "0, " "0, " "0, " "0, " "0, " "0, " "0, " "0, " "0, " "0, " "0, " "0, " "0, " "0, " "0, " "0, " "0, " "0, " "0, " "0, " "0, " "0, " "0, " "0, " "0, " "0, " "0, " "0, " "0, " "1, " "0, " "0, " "0, " "0, " "0, " "0, " "0, " "0, " "0, " "0, " "0, " "0, " "0, " "0, " "0, " "0, " "0, " "0, " "0, " "0, " "0, " "0, " "0, " "0, " "0, " "0, " "0, " "0, " "0, " "0, " "0, " "0, " "0, " "0, " "0, " "0, " "0, " "0, " "0, " "0, " "0, " "0, " "0, " "0, " "0, " "0, " "0, " "0, " "0, " "0, " "0, " "0, " "0, " "0, " "0, " "0, " "0, " "0, " "0, " "0, " "0, " "0, " "0, " "0, " "0, " "0, " "0, " "0, " "0, " "0, " "0, " "0, " "0, " "0, " "0, " "0, " "0, " "0, " "0, " "0, " "0, " "0, " "0, " "0, " "0, " "0, " "0, " "0, " "0, " "0, " "0, " "0, " "0, " "0, " "0, " "0, " "0, " "0, " "0, " "0, " "0, " "0, " "0, " "0, " "0, " "0, " "0, " "0, " "0, " "0, " "0, " "0, " "0, " "0, " "0, " "0, " "0, " "0, " "0, " "0, " "0, " "0, "5000
 "Nei54, 0.169, " "0.266, " "-0.25, " "0, " "0, " "0, " "0, " "0, " "0, " "0, " "0, " "0, " "0, " "0, " "0, " "0, " "0, " "0, " "0, " "0, " "0, " "0, " "0, " "0, " "0, " "0, " "0, " "0, " "0, " "1, " "0, " "0, " "0, " "0, " "0, " "0, " "0, " "0, " "0, " "0, " "0, " "1, " "1, " "1, " "1, " "1, " "1, " "1, " "1, " "1, " "1, " "1, " "1, " "1, " "1, " "1, " "0, " "0, " "1, " "1, " "1, " "1, " "1, " "1, " "1, " "1, " "0, " "0, " "1, " "1, " "1, " "1, " "0, " "0, " "0, " "0, " "0, " "0, " "0, " "0, " "0, " "0, " "0, " "0, " "0, " "0, " "0, " "0, " "0, " "0, " "0, " "1, " "0, " "0, " "0, " "0, " "0, " "0, " "0, " "0, " "0, " "0, " "0, " "0, " "1, " "0, " "0, " "0, " "0, " "0, " "0, " "0, " "0, " "0, " "0, " "0, " "0, " "0, " "0, " "0, " "0, " "0, " "0, " "0, " "0, " "0, " "0, " "0, " "0, " "0, " "0, " "0, " "0, " "0, " "0, " "0, " "0, " "0, " "0, " "0, " "0, " "0, " "0, " "0, " "0, " "0, " "0, " "0, " "0, " "0, " "0, " "0, " "0, " "0, " "0, " "0, " "0, " "0, " "0, " "0, " "0, " "0, " "0, " "0, " "0, " "0, " "0, " "0, " "0, " "0, " "0, " "0, " "0, " "0, " "0, " "0, " "0, " "0, " "0, " "0, " "0, " "0, " "0, " "0, " "0, " "0, " "0, " "0, " "0, " "0, " "0, " "0, " "0, " "0, " "0, " "0, " "0, " "0, " "0, " "0, " "0, " "0, " "0, " "0, " "0, " "0, " "0, " "0, " "0, " "0, " "0, " "0, " "0, " "0, " "0, " "0, " "0, " "0, " "0, " "0, " "0, " "0, " "0, " "0, " "0, " "0, " "0, " "0, " "0, " "0, " "0, " "0, " "0, " "0, " "0, " "0, " "0, " "0, " "0, " "0, " "0, " "0, " "0, " "0, " "0, " "0, " "0, " "1, " "0, " "0, " "0, " "0, " "0, " "0, " "0, " "0, " "0, " "0, " "0, " "0, "5000
 "Nei55, 0.083, " "0.266, " "-0.25, " "0, " "0, " "0, " "0, " "0, " "0, " "0, " "0, " "0, " "0, " "0, " "0, " "0, " "0, " "0, " "0, " "0, " "0, " "0, " "0, " "0, " "0, " "0, " "0, " "0, " "0, " "0, " "0, " "0, " "0, " "0, " "0, " "0, " "0, " "0, " "0, " "0, " "0, " "0, " "1, " "1, " "1, " "1, " "1, " "1, " "1, " "1, " "1, " "1, " "1, " "1, " "1, " "1, " "1, " "1, " "0, " "1, " "1, " "1, " "1, " "1, " "1, " "1, " "1, " "1, " "1, " "1, " "1, " "1, " "1, " "1, " "1, " "0, " "0, " "0, " "0, " "0, " "0, " "0, " "0, " "0, " "0, " "0, " "0, " "0, " "0, " "0, " "0, " "0, " "0, " "0, " "0, " "0, " "0, " "0, " "0, " "0, " "0, " "0, " "0, " "0, " "0, " "0, " "0, " "0, " "0, " "0, " "0, " "0, " "0, " "0, " "0, " "0, " "0, " "0, " "0, " "0, " "0, " "0, " "0, " "0, " "0, " "0, " "0, " "0, " "0, " "0, " "0, " "0, " "0, " "0, " "0, " "0, " "0, " "0, " "0, " "0, " "0, " "0, " "0, " "0, " "0, " "0, " "0, " "0, " "0, " "0, " "0, " "0, " "0, " "0, " "0, " "0, " "0, " "0, " "0, " "0, " "0, " "0, " "0, " "0, " "0, " "0, " "0, " "0, " "0, " "0, " "0, " "0, " "0, " "0, " "0, " "0, " "0, " "0, " "0, " "0, " "0, " "0, " "0, " "0, " "0, " "0, " "0, " "0, " "0, " "0, " "0, " "0, " "0, " "0, " "0, " "0, " "0, " "0, " "0, " "0, " "0, " "0, " "0, " "0, " "0, " "0, " "0, " "0, " "0, " "0, " "0, " "0, " "0, " "0, " "0, " "0, " "0, " "0, " "0, " "0, " "1, " "0, " "0, " "0, " "0, " "0, " "0, " "0, " "0, " "0, " "0, " "0, " "0, " "0, " "0, " "0, " "0, " "0, " "0, " "0, " "0, " "0, " "0, " "0, " "0, " "0, " "0, " "0, " "0, " "0, " "0, " "0, " "0, " "0, " "0, " "0, " "0, " "0, " "1, " "0, "5000
 "Nei56, 0.125, " "0.486, " "0.4, " "0, " "0, " "0, " "0, " "0, " "0, " "0, " "0, " "0, " "0, " "0, " "0, " "0, " "0, " "0, " "0, " "0, " "0, " "0, " "0, " "0, " "0, " "0, " "0, " "0, " "0, " "0, " "0, " "0, " "0, " "0, " "0, " "0, " "0, " "0, " "0, " "0, " "0, " "0, " "0, " "1, " "1, " "1, " "1, " "1, " "1, " "1, " "1, " "1, " "1, " "1, " "1, " "1, " "1, " "1, " "1, " "0, " "1, " "1, " "1, " "1, " "0, " "1, " "1, " "1, " "1, " "1, " "0, " "1, " "1, " "1, " "1, " "1, " "0, " "0, " "0, " "0, " "0, " "0, " "0, " "0, " "0, " "0, " "0, " "0, " "0, " "0, " "0, " "0, " "0, " "0, " "0, " "0, " "1, " "0, " "0, " "0, " "0, " "0, " "1, " "0, " "0, " "0, " "0, " "0, " "0, " "0, " "0, " "0, " "0, " "0, " "0, " "1, " "0, " "0, " "0, " "0, " "0, " "0, " "0, " "0, " "0, " "0, " "0, " "0, " "0, " "0, " "0, " "0, " "0, " "0, " "0, " "0, " "0, " "0, " "0, " "0, " "0, " "0, " "0, " "0, " "0, " "0, " "0, " "0, " "0, " "0, " "0, " "0, " "0, " "0, " "0, " "0, " "0, " "0, " "0, " "0, " "0, " "0, " "0, " "0, " "0, " "0, " "0, " "0, " "0, " "0, " "0, " "0, " "0, " "0, " "0, " "0, " "0, " "0, " "0, " "0, " "0, " "0, " "0, " "0, " "0, " "0, " "0, " "0, " "0, " "0, " "0, " "0, " "0, " "0, " "0, " "0, " "0, " "0, " "0, " "0, " "0, " "0, " "0, " "0, " "0, " "0, " "0, " "0, " "0, " "0, " "0, " "0, " "0, " "0, " "0, " "0, " "0, " "0, " "0, " "0, " "0, " "0, " "0, " "0, " "0, " "0, " "0, " "0, " "0, " "0, " "0, " "0, " "0, " "0, " "1, " "0, " "0, " "0, " "0, " "0, " "0, " "0, " "0, " "0, " "0, " "0, " "0, " "0, " "0, " "0, " "0, " "0, " "0, " "0, " "0, " "0, " "0, " "0, " "0, " "0, "5000
 "Nei57, 0.068, " "0.266, " "-0.25, " "0, " "0, " "0, " "0, " "0, " "0, " "0, " "0, " "0, " "0, " "0, " "0, " "0, " "0, " "0, " "0, " "0, " "0, " "0, " "0, " "0, " "0, " "0, " "0, " "0, " "0, " "0, " "0, " "0, " "0, " "0, " "0, " "0, " "0, " "0, " "0, " "0, " "1, " "0, " "0, " "0, " "1, " "1, " "1, " "0, " "1, " "1, " "1, " "1, " "1, " "1, " "1, " "1, " "1, " "1, " "1, " "1, " "0, " "1, " "1, " "1, " "0, " "1, " "1, " "1, " "1, " "1, " "1, " "1, " "1, " "1, " "1, " "1, " "1, " "0, " "0, " "0, " "0, " "0, " "0, " "0, " "0, " "0, " "0, " "0, " "0, " "0, " "0, " "0, " "0, " "0, " "0, " "0, " "0, " "0, " "0, " "0, " "0, " "0, " "0, " "0, " "0, " "0, " "0, " "0, " "0, " "0, " "0, " "0, " "0, " "0, " "0, " "0, " "0, " "0, " "0, " "0, " "0, " "0, " "0, " "0, " "0, " "0, " "0, " "0, " "0, " "0, " "0, " "0, " "0, " "0, " "0, " "0, " "0, " "0, " "0, " "0, " "0, " "0, " "0, " "0, " "0, " "0, " "0, " "0, " "0, " "0, " "0, " "0, " "0, " "0, " "0, " "0, " "0, " "0, " "0, " "0, " "0, " "0, " "0, " "0, " "0, " "0, " "0, " "0, " "0, " "0, " "0, " "0, " "0, " "0, " "0, " "0, " "0, " "0, " "0, " "0, " "0, " "0, " "0, " "0, " "0, " "0, " "0, " "0, " "0, " "0, " "0, " "0, " "0, " "0, " "0, " "0, " "0, " "0, " "0, " "0, " "0, " "0, " "0, " "0, " "0, " "0, " "0, " "0, " "0, " "0, " "0, " "0, " "0, " "0, " "0, " "0, " "0, " "0, " "0, " "0, " "0, " "0, " "0, " "0, " "0, " "0, " "0, " "0, " "0, " "0, " "0, " "0, " "0, " "0, " "0, " "0, " "0, " "0, " "0, " "0, " "0, " "0, " "0, " "0, " "0, " "0, " "0, " "0, " "0, " "0, " "0, " "0, " "0, " "0, " "0, " "0, " "0, " "0, " "0, " "0, "5000
 "Nei58, 0.023, " "-0.563, " "0.186, " "0, " "0, " "0, " "0, " "0, " "0, " "0, " "0, " "0, " "0, " "0, " "0, " "0, " "0, " "0, " "0, " "0, " "0, " "0, " "0, " "0, " "0, " "0, " "0, " "0, " "0, " "0, " "0, " "0, " "0, " "0, " "0, " "0, " "0, " "0, " "0, " "0, " "0, " "0, " "0, " "0, " "0, " "1, " "1, " "1, " "1, " "1, " "1, " "1, " "1, " "1, " "1, " "1, " "1, " "1, " "1, " "1, " "1, " "0, " "1, " "1, " "1, " "1, " "1, " "1, " "1, " "1, " "1, " "1, " "1, " "1, " "1, " "1, " "1, " "1, " "0, " "0, " "0, " "0, " "0, " "0, " "0, " "0, " "0, " "0, " "0, " "0, " "0, " "0, " "0, " "0, " "0, " "0, " "0, " "0, " "0, " "0, " "0, " "0, " "0, " "0, " "0, " "1, " "0, " "0, " "0, " "0, " "0, " "0, " "0, " "0, " "0, " "0, " "0, " "0, " "0, " "0, " "0, " "0, " "0, " "0, " "0, " "0, " "0, " "0, " "0, " "0, " "0, " "0, " "0, " "0, " "0, " "0, " "0, " "0, " "0, " "0, " "0, " "0, " "0, " "0, " "0, " "0, " "0, " "0, " "0, " "0, " "0, " "0, " "0, " "0, " "0, " "0, " "0, " "0, " "0, " "0, " "0, " "0, " "0, " "0, " "0, " "0, " "0, " "0, " "0, " "0, " "0, " "0, " "0, " "1, " "0, " "0, " "0, " "0, " "0, " "0, " "0, " "0, " "0, " "0, " "0, " "0, " "0, " "0, " "0, " "0, " "0, " "0, " "0, " "0, " "0, " "0, " "0, " "0, " "0, " "0, " "0, " "0, " "0, " "0, " "0, " "0, " "0, " "0, " "0, " "0, " "0, " "0, " "0, " "0, " "0, " "0, " "0, " "0, " "0, " "0, " "0, " "0, " "0, " "0, " "0, " "0, " "0, " "0, " "0, " "0, " "0, " "0, " "0, " "0, " "0, " "0, " "0, " "0, " "0, " "0, " "0, " "0, " "0, " "0, " "0, " "0, " "0, " "0, " "0, " "0, " "0, " "0, " "0, " "0, " "0, " "0, " "0, " "0, " "0, " "0, "5000
 "Nei59, 0.017, " "-0.008, " "-0.913, " "0, " "0, " "0, " "0, " "0, " "0, " "0, " "0, " "0, " "0, " "0, " "0, " "0, " "0, " "0, " "0, " "0, " "0, " "0, " "0, " "0, " "0, " "0, " "0, " "0, " "0, " "0, " "0, " "0, " "0, " "0, " "0, " "0, " "0, " "0, " "0, " "0, " "0, " "0, " "0, " "0, " "0, " "0, " "1, " "1, " "1, " "1, " "1, " "1, " "1, " "1, " "1, " "1, " "1, " "1, " "1, " "1, " "1, " "1, " "0, " "1, " "1, " "1, " "1, " "0, " "1, " "1, " "1, " "1, " "1, " "1, " "1, " "1, " "1, " "1, " "1, " "0, " "0, " "0, " "0, " "0, " "0, " "0, " "0, " "0, " "0, " "0, " "0, " "0, " "0, " "0, " "0, " "0, " "0, " "0, " "0, " "0, " "0, " "0, " "0, " "0, " "0, " "0, " "0, " "0, " "0, " "0, " "0, " "0, " "0, " "0, " "0, " "0, " "0, " "0, " "0, " "0, " "0, " "0, " "0, " "0, " "0, " "0, " "0, " "0, " "0, " "0, " "0, " "0, " "0, " "0, " "0, " "0, " "0, " "0, " "0, " "0, " "0, " "0, " "0, " "0, " "0, " "0, " "0, " "0, " "0, " "0, " "0, " "0, " "0, " "0, " "0, " "0, " "0, " "0, " "0, " "0, " "0, " "0, " "0, " "0, " "0, " "0, " "0, " "0, " "0, " "0, " "0, " "0, " "0, " "0, " "0, " "0, " "0, " "0, " "0, " "0, " "0, " "0, " "0, " "0, " "0, " "0, " "0, " "1, " "0, " "0, " "0, " "0, " "0, " "0, " "0, " "0, " "0, " "1, " "0, " "0, " "0, " "0, " "0, " "0, " "0, " "0, " "0, " "0, " "0, " "0, " "0, " "0, " "0, " "0, " "0, " "0, " "0, " "0, " "0, " "0, " "0, " "0, " "0, " "0, " "0, " "0, " "0, " "0, " "0, " "0, " "0, " "0, " "0, " "0, " "0, " "0, " "0, " "0, " "0, " "0, " "0, " "0, " "0, " "0, " "0, " "0, " "0, " "0, " "0, " "0, " "0, " "0, " "0, " "0, " "0, " "0, " "0, " "0, " "0, " "0, "5000
 "Nei60, 0.13, " "0.266, " "-0.25, " "0, " "0, " "0, " "0, " "0, " "0, " "0, " "0, " "0, " "0, " "0, " "0, " "0, " "0, " "0, " "0, " "0, " "0, " "0, " "0, " "0, " "0, " "0, " "0, " "0, " "0, " "0, " "0, " "0, " "0, " "0, " "0, " "0, " "0, " "0, " "0, " "0, " "0, " "0, " "0, " "0, " "0, " "0, " "0, " "1, " "1, " "1, " "1, " "1, " "1, " "1, " "1, " "1, " "0, " "1, " "1, " "1, " "1, " "1, " "1, " "0, " "1, " "1, " "1, " "1, " "1, " "1, " "1, " "1, " "1, " "1, " "1, " "1, " "0, " "1, " "1, " "1, " "0, " "0, " "0, " "0, " "0, " "0, " "0, " "0, " "0, " "0, " "0, " "0, " "0, " "0, " "0, " "0, " "0, " "0, " "0, " "0, " "0, " "0, " "0, " "0, " "0, " "0, " "0, " "0, " "0, " "0, " "0, " "0, " "0, " "1, " "0, " "0, " "0, " "0, " "0, " "1, " "0, " "0, " "0, " "0, " "0, " "0, " "0, " "0, " "0, " "0, " "0, " "0, " "0, " "0, " "0, " "0, " "0, " "0, " "0, " "0, " "0, " "0, " "0, " "0, " "0, " "0, " "0, " "0, " "0, " "0, " "0, " "0, " "0, " "0, " "0, " "0, " "0, " "0, " "0, " "0, " "0, " "0, " "0, " "0, " "0, " "0, " "0, " "0, " "0, " "0, " "0, " "0, " "1, " "0, " "0, " "0, " "0, " "0, " "0, " "0, " "0, " "0, " "0, " "0, " "0, " "0, " "0, " "0, " "0, " "0, " "0, " "0, " "0, " "0, " "0, " "0, " "0, " "0, " "0, " "0, " "0, " "0, " "0, " "0, " "0, " "0, " "0, " "0, " "0, " "0, " "0, " "0, " "0, " "0, " "0, " "0, " "0, " "0, " "0, " "0, " "0, " "0, " "0, " "0, " "0, " "0, " "0, " "0, " "0, " "0, " "0, " "0, " "0, " "0, " "0, " "0, " "0, " "0, " "0, " "0, " "0, " "0, " "0, " "0, " "0, " "0, " "0, " "0, " "0, " "0, " "0, " "0, " "0, " "0, " "0, " "0, " "0, " "0, " "0, " "0, "5000
 "Nei61, 0.042, " "0.486, " "0.399, " "0, " "0, " "0, " "0, " "0, " "0, " "0, " "0, " "0, " "0, " "0, " "0, " "0, " "0, " "0, " "0, " "0, " "0, " "0, " "0, " "0, " "0, " "0, " "0, " "0, " "0, " "0, " "0, " "0, " "0, " "0, " "0, " "0, " "0, " "0, " "0, " "0, " "0, " "0, " "0, " "0, " "0, " "0, " "0, " "0, " "1, " "1, " "1, " "1, " "0, " "1, " "1, " "1, " "1, " "1, " "1, " "0, " "0, " "1, " "1, " "1, " "0, " "1, " "1, " "1, " "1, " "1, " "0, " "1, " "1, " "1, " "1, " "1, " "1, " "1, " "1, " "0, " "1, " "0, " "0, " "0, " "0, " "0, " "0, " "0, " "0, " "0, " "1, " "0, " "0, " "0, " "0, " "0, " "0, " "0, " "0, " "0, " "0, " "0, " "0, " "0, " "0, " "0, " "0, " "0, " "0, " "0, " "0, " "0, " "0, " "0, " "0, " "0, " "0, " "0, " "0, " "0, " "0, " "0, " "0, " "0, " "0, " "0, " "0, " "0, " "0, " "0, " "0, " "0, " "0, " "0, " "0, " "0, " "0, " "0, " "0, " "0, " "0, " "0, " "0, " "0, " "0, " "0, " "0, " "0, " "0, " "0, " "0, " "0, " "0, " "0, " "0, " "0, " "0, " "0, " "0, " "0, " "0, " "0, " "0, " "0, " "0, " "0, " "0, " "0, " "0, " "0, " "0, " "0, " "0, " "0, " "0, " "0, " "0, " "0, " "0, " "0, " "0, " "0, " "0, " "0, " "0, " "0, " "0, " "0, " "0, " "0, " "0, " "0, " "0, " "0, " "0, " "0, " "0, " "0, " "0, " "0, " "0, " "0, " "0, " "0, " "0, " "0, " "0, " "0, " "0, " "0, " "0, " "0, " "0, " "0, " "0, " "0, " "0, " "0, " "0, " "0, " "0, " "0, " "0, " "0, " "0, " "0, " "0, " "0, " "0, " "0, " "0, " "0, " "0, " "0, " "0, " "0, " "0, " "0, " "0, " "0, " "0, " "0, " "0, " "0, " "0, " "0, " "0, " "1, " "0, " "0, " "0, " "0, " "0, " "0, " "0, " "0, " "0, " "0, " "0, " "0, "5000
 "Nei62, 0.088, " "-0.482, " "-0.542, " "0, " "0, " "0, " "0, " "0, " "0, " "0, " "0, " "0, " "0, " "0, " "0, " "0, " "0, " "0, " "0, " "0, " "0, " "0, " "0, " "0, " "0, " "0, " "0, " "0, " "0, " "0, " "0, " "0, " "0, " "0, " "0, " "0, " "0, " "0, " "0, " "0, " "0, " "0, " "0, " "0, " "0, " "0, " "0, " "0, " "0, " "1, " "1, " "1, " "1, " "1, " "1, " "1, " "1, " "1, " "1, " "1, " "1, " "1, " "1, " "1, " "1, " "0, " "1, " "1, " "1, " "1, " "1, " "1, " "1, " "1, " "1, " "1, " "1, " "1, " "1, " "1, " "1, " "1, " "0, " "0, " "0, " "0, " "0, " "0, " "0, " "0, " "0, " "0, " "0, " "0, " "0, " "0, " "0, " "0, " "0, " "0, " "0, " "0, " "0, " "0, " "0, " "0, " "0, " "0, " "0, " "0, " "0, " "0, " "1, " "0, " "0, " "0, " "0, " "0, " "0, " "0, " "0, " "0, " "0, " "0, " "0, " "0, " "0, " "0, " "0, " "0, " "0, " "0, " "0, " "0, " "0, " "0, " "0, " "0, " "0, " "0, " "0, " "0, " "0, " "0, " "0, " "0, " "1, " "0, " "0, " "0, " "0, " "0, " "0, " "0, " "0, " "0, " "0, " "0, " "0, " "0, " "0, " "0, " "0, " "0, " "0, " "0, " "0, " "0, " "0, " "0, " "0, " "0, " "0, " "0, " "0, " "0, " "0, " "0, " "0, " "0, " "0, " "0, " "0, " "0, " "0, " "0, " "0, " "0, " "0, " "0, " "0, " "0, " "0, " "0, " "0, " "0, " "0, " "0, " "0, " "0, " "0, " "0, " "0, " "0, " "0, " "0, " "0, " "0, " "0, " "0, " "0, " "0, " "0, " "0, " "0, " "0, " "0, " "0, " "0, " "0, " "0, " "0, " "0, " "0, " "0, " "0, " "0, " "0, " "0, " "0, " "0, " "0, " "0, " "0, " "0, " "0, " "0, " "0, " "0, " "0, " "0, " "0, " "0, " "0, " "0, " "0, " "0, " "0, " "0, " "0, " "0, " "0, " "0, " "0, " "0, " "0, " "0, " "0, " "0, " "0, "5000
 "Nei63, 0.091, " "0.266, " "-0.25, " "0, " "0, " "0, " "0, " "0, " "0, " "0, " "0, " "0, " "0, " "0, " "0, " "0, " "0, " "0, " "0, " "0, " "0, " "0, " "0, " "0, " "0, " "0, " "0, " "0, " "0, " "0, " "0, " "0, " "0, " "0, " "0, " "0, " "0, " "0, " "0, " "0, " "0, " "0, " "0, " "0, " "0, " "0, " "0, " "0, " "0, " "0, " "1, " "1, " "1, " "1, " "1, " "1, " "1, " "0, " "1, " "1, " "1, " "1, " "1, " "1, " "1, " "1, " "0, " "1, " "1, " "1, " "1, " "0, " "1, " "1, " "1, " "1, " "1, " "1, " "1, " "1, " "1, " "1, " "1, " "0, " "0, " "0, " "0, " "0, " "0, " "0, " "0, " "0, " "0, " "0, " "0, " "0, " "0, " "0, " "0, " "0, " "0, " "0, " "0, " "0, " "0, " "0, " "0, " "0, " "0, " "0, " "0, " "0, " "0, " "0, " "0, " "0, " "0, " "0, " "0, " "0, " "0, " "0, " "0, " "0, " "0, " "0, " "0, " "0, " "0, " "0, " "0, " "0, " "0, " "0, " "0, " "0, " "0, " "0, " "0, " "0, " "0, " "0, " "0, " "0, " "0, " "0, " "0, " "0, " "0, " "0, " "0, " "0, " "0, " "0, " "0, " "0, " "0, " "0, " "0, " "0, " "0, " "0, " "0, " "0, " "0, " "0, " "0, " "1, " "0, " "0, " "0, " "0, " "0, " "0, " "0, " "0, " "0, " "0, " "0, " "0, " "0, " "0, " "0, " "0, " "0, " "0, " "0, " "0, " "0, " "0, " "0, " "0, " "0, " "0, " "0, " "0, " "0, " "0, " "0, " "0, " "0, " "0, " "0, " "0, " "0, " "0, " "0, " "0, " "0, " "0, " "0, " "0, " "0, " "0, " "0, " "0, " "0, " "0, " "0, " "0, " "0, " "0, " "0, " "0, " "0, " "0, " "0, " "0, " "0, " "0, " "0, " "0, " "0, " "0, " "0, " "0, " "0, " "0, " "0, " "0, " "0, " "0, " "0, " "0, " "0, " "0, " "0, " "0, " "0, " "0, " "0, " "0, " "0, " "0, " "0, " "0, " "0, " "0, " "0, " "0, "5000
 "Nei64, 0.12, " "-0.204, " "-0.927, " "0, " "0, " "0, " "0, " "0, " "0, " "0, " "0, " "0, " "0, " "0, " "0, " "0, " "0, " "0, " "0, " "0, " "0, " "0, " "0, " "0, " "0, " "0, " "0, " "0, " "0, " "0, " "0, " "0, " "0, " "0, " "0, " "0, " "0, " "0, " "0, " "0, " "0, " "0, " "0, " "0, " "0, " "0, " "0, " "0, " "0, " "0, " "0, " "1, " "1, " "1, " "1, " "1, " "1, " "0, " "1, " "1, " "1, " "1, " "0, " "1, " "1, " "1, " "1, " "0, " "1, " "1, " "1, " "1, " "1, " "1, " "1, " "1, " "1, " "1, " "1, " "1, " "1, " "1, " "1, " "1, " "0, " "0, " "0, " "0, " "0, " "0, " "0, " "0, " "0, " "0, " "0, " "0, " "0, " "0, " "0, " "0, " "0, " "0, " "0, " "0, " "0, " "0, " "0, " "0, " "0, " "0, " "0, " "0, " "0, " "0, " "0, " "0, " "0, " "0, " "0, " "0, " "0, " "0, " "0, " "0, " "0, " "0, " "0, " "0, " "0, " "0, " "0, " "0, " "0, " "0, " "0, " "0, " "0, " "0, " "0, " "0, " "0, " "0, " "0, " "0, " "0, " "0, " "0, " "0, " "0, " "0, " "0, " "0, " "0, " "0, " "0, " "0, " "0, " "0, " "0, " "0, " "0, " "0, " "0, " "0, " "0, " "0, " "0, " "0, " "0, " "0, " "0, " "0, " "0, " "0, " "0, " "0, " "0, " "0, " "0, " "0, " "0, " "0, " "0, " "0, " "0, " "0, " "0, " "0, " "0, " "0, " "0, " "0, " "0, " "0, " "0, " "0, " "0, " "0, " "0, " "0, " "0, " "0, " "0, " "0, " "0, " "0, " "0, " "0, " "0, " "0, " "0, " "0, " "0, " "0, " "0, " "0, " "0, " "0, " "0, " "0, " "0, " "0, " "0, " "0, " "0, " "0, " "0, " "0, " "0, " "0, " "0, " "0, " "0, " "0, " "0, " "0, " "0, " "0, " "0, " "0, " "0, " "0, " "0, " "0, " "0, " "0, " "0, " "0, " "0, " "0, " "0, " "0, " "0, " "0, " "0, " "0, " "0, " "0, " "0, " "0, "5000
 "Nei65, 0.044, " "-0.562, " "0.676, " "0, " "0, " "0, " "0, " "0, " "0, " "0, " "0, " "0, " "0, " "0, " "0, " "0, " "0, " "0, " "0, " "0, " "0, " "0, " "0, " "0, " "0, " "0, " "0, " "0, " "0, " "0, " "0, " "0, " "0, " "0, " "0, " "0, " "0, " "0, " "0, " "0, " "0, " "0, " "0, " "0, " "0, " "0, " "0, " "0, " "0, " "0, " "0, " "0, " "1, " "1, " "1, " "1, " "1, " "1, " "1, " "1, " "1, " "1, " "1, " "1, " "1, " "1, " "1, " "1, " "0, " "1, " "1, " "1, " "1, " "1, " "1, " "1, " "1, " "1, " "1, " "1, " "1, " "1, " "1, " "1, " "1, " "0, " "0, " "0, " "0, " "0, " "0, " "0, " "0, " "0, " "0, " "0, " "0, " "0, " "0, " "0, " "0, " "0, " "0, " "0, " "0, " "0, " "0, " "0, " "0, " "0, " "0, " "0, " "0, " "0, " "0, " "0, " "0, " "0, " "0, " "0, " "0, " "0, " "0, " "0, " "0, " "0, " "0, " "0, " "0, " "0, " "0, " "0, " "0, " "0, " "0, " "0, " "0, " "0, " "0, " "0, " "0, " "0, " "0, " "0, " "0, " "0, " "0, " "0, " "0, " "0, " "0, " "0, " "0, " "0, " "0, " "0, " "0, " "0, " "0, " "0, " "0, " "0, " "0, " "0, " "0, " "0, " "0, " "0, " "0, " "0, " "0, " "0, " "0, " "0, " "0, " "0, " "0, " "0, " "0, " "0, " "0, " "0, " "0, " "0, " "0, " "0, " "0, " "0, " "0, " "0, " "0, " "0, " "0, " "0, " "0, " "0, " "0, " "0, " "0, " "0, " "0, " "0, " "1, " "0, " "0, " "0, " "0, " "0, " "0, " "0, " "0, " "0, " "0, " "0, " "0, " "0, " "0, " "0, " "0, " "0, " "0, " "0, " "0, " "0, " "0, " "0, " "0, " "0, " "0, " "0, " "0, " "0, " "0, " "0, " "0, " "0, " "0, " "0, " "0, " "0, " "0, " "0, " "0, " "0, " "0, " "0, " "0, " "0, " "0, " "0, " "0, " "0, " "0, " "1, " "0, " "0, " "0, " "0, " "0, " "0, "5000
 "Nei66, 0.14, " "0.266, " "-0.25, " "0, " "0, " "0, " "0, " "0, " "0, " "0, " "0, " "0, " "0, " "0, " "0, " "0, " "0, " "0, " "0, " "0, " "0, " "0, " "0, " "0, " "0, " "0, " "0, " "0, " "0, " "0, " "0, " "0, " "0, " "0, " "0, " "0, " "0, " "0, " "0, " "0, " "0, " "0, " "0, " "0, " "0, " "0, " "0, " "0, " "0, " "0, " "0, " "0, " "0, " "1, " "1, " "1, " "0, " "1, " "1, " "1, " "1, " "1, " "1, " "1, " "1, " "1, " "1, " "1, " "1, " "0, " "1, " "1, " "1, " "1, " "1, " "1, " "1, " "1, " "1, " "1, " "0, " "1, " "1, " "1, " "1, " "1, " "0, " "0, " "0, " "0, " "0, " "0, " "0, " "0, " "0, " "0, " "1, " "0, " "0, " "0, " "0, " "0, " "0, " "0, " "0, " "0, " "0, " "0, " "0, " "0, " "0, " "0, " "0, " "0, " "0, " "0, " "0, " "0, " "0, " "0, " "0, " "0, " "0, " "0, " "0, " "0, " "0, " "0, " "0, " "0, " "0, " "0, " "0, " "0, " "0, " "0, " "0, " "0, " "0, " "0, " "0, " "0, " "0, " "0, " "0, " "0, " "0, " "0, " "0, " "0, " "0, " "0, " "0, " "0, " "0, " "0, " "0, " "0, " "0, " "0, " "0, " "0, " "0, " "0, " "0, " "0, " "0, " "0, " "0, " "0, " "0, " "0, " "0, " "0, " "0, " "0, " "0, " "0, " "0, " "0, " "0, " "0, " "0, " "0, " "0, " "0, " "0, " "0, " "0, " "0, " "0, " "0, " "0, " "0, " "0, " "0, " "0, " "0, " "0, " "0, " "0, " "0, " "0, " "0, " "0, " "0, " "0, " "0, " "0, " "0, " "0, " "0, " "0, " "0, " "0, " "0, " "0, " "0, " "0, " "0, " "0, " "0, " "0, " "0, " "0, " "0, " "0, " "0, " "0, " "0, " "0, " "0, " "0, " "0, " "0, " "0, " "0, " "0, " "0, " "0, " "0, " "0, " "0, " "0, " "0, " "0, " "0, " "0, " "0, " "0, " "0, " "0, " "0, " "0, " "0, " "0, " "0, " "0, " "0, " "0, "5000
 "Nei67, 0.196, " "0.266, " "-0.25, " "0, " "0, " "1, " "0, " "0, " "0, " "0, " "0, " "0, " "0, " "0, " "0, " "0, " "0, " "0, " "0, " "0, " "0, " "0, " "0, " "0, " "0, " "0, " "0, " "0, " "0, " "0, " "0, " "0, " "0, " "0, " "0, " "0, " "0, " "0, " "0, " "0, " "0, " "0, " "0, " "0, " "0, " "0, " "0, " "0, " "0, " "0, " "0, " "0, " "0, " "0, " "1, " "1, " "1, " "1, " "1, " "0, " "1, " "1, " "1, " "1, " "0, " "1, " "1, " "1, " "1, " "1, " "0, " "1, " "1, " "1, " "1, " "1, " "1, " "1, " "1, " "1, " "1, " "1, " "1, " "1, " "1, " "1, " "1, " "0, " "0, " "0, " "0, " "0, " "0, " "0, " "0, " "0, " "0, " "0, " "0, " "0, " "0, " "0, " "0, " "0, " "0, " "0, " "0, " "0, " "0, " "0, " "0, " "0, " "0, " "0, " "0, " "0, " "0, " "0, " "0, " "0, " "0, " "0, " "0, " "0, " "0, " "0, " "0, " "0, " "0, " "0, " "0, " "0, " "0, " "0, " "0, " "1, " "0, " "0, " "0, " "0, " "0, " "0, " "0, " "0, " "0, " "0, " "0, " "0, " "0, " "0, " "0, " "0, " "0, " "0, " "0, " "0, " "0, " "0, " "0, " "0, " "0, " "0, " "0, " "0, " "0, " "0, " "0, " "0, " "0, " "0, " "0, " "0, " "0, " "0, " "0, " "0, " "0, " "0, " "0, " "0, " "0, " "0, " "0, " "0, " "0, " "0, " "0, " "0, " "0, " "0, " "0, " "0, " "0, " "0, " "0, " "0, " "0, " "0, " "0, " "0, " "0, " "0, " "0, " "0, " "0, " "0, " "0, " "0, " "0, " "0, " "0, " "0, " "0, " "0, " "0, " "0, " "0, " "0, " "0, " "0, " "0, " "0, " "0, " "0, " "0, " "0, " "0, " "0, " "0, " "0, " "0, " "0, " "0, " "0, " "0, " "0, " "0, " "0, " "0, " "0, " "0, " "0, " "0, " "0, " "0, " "0, " "0, " "0, " "0, " "0, " "0, " "0, " "0, " "0, " "0, " "0, " "0, " "0, " "0, " "0, "5000
 "Nei68, 0.018, " "-0.562, " "0.676, " "0, " "0, " "0, " "0, " "0, " "0, " "0, " "0, " "0, " "0, " "0, " "0, " "0, " "0, " "0, " "0, " "0, " "0, " "0, " "0, " "0, " "0, " "0, " "0, " "0, " "0, " "0, " "0, " "0, " "0, " "0, " "0, " "0, " "0, " "0, " "0, " "0, " "0, " "0, " "0, " "0, " "0, " "0, " "0, " "0, " "0, " "0, " "0, " "0, " "0, " "0, " "0, " "1, " "1, " "1, " "1, " "1, " "1, " "1, " "1, " "1, " "1, " "1, " "0, " "1, " "1, " "1, " "1, " "0, " "1, " "1, " "1, " "1, " "1, " "1, " "1, " "1, " "1, " "1, " "1, " "1, " "1, " "1, " "1, " "1, " "0, " "0, " "0, " "0, " "0, " "0, " "0, " "0, " "0, " "0, " "0, " "0, " "0, " "0, " "0, " "0, " "0, " "0, " "0, " "0, " "0, " "0, " "0, " "0, " "0, " "0, " "0, " "0, " "0, " "0, " "0, " "0, " "0, " "0, " "0, " "0, " "0, " "0, " "0, " "0, " "0, " "0, " "0, " "0, " "0, " "0, " "0, " "0, " "0, " "0, " "0, " "0, " "0, " "0, " "0, " "0, " "0, " "0, " "0, " "0, " "0, " "0, " "0, " "0, " "0, " "0, " "0, " "0, " "0, " "0, " "1, " "0, " "0, " "0, " "0, " "0, " "0, " "0, " "0, " "0, " "0, " "0, " "0, " "0, " "0, " "0, " "0, " "0, " "0, " "0, " "0, " "0, " "0, " "0, " "0, " "0, " "0, " "0, " "0, " "0, " "0, " "0, " "0, " "0, " "0, " "0, " "0, " "0, " "0, " "0, " "0, " "0, " "0, " "0, " "0, " "1, " "0, " "0, " "0, " "0, " "0, " "0, " "0, " "0, " "0, " "0, " "0, " "0, " "0, " "0, " "0, " "0, " "0, " "0, " "0, " "0, " "0, " "0, " "0, " "0, " "0, " "0, " "0, " "0, " "0, " "0, " "0, " "0, " "0, " "0, " "0, " "0, " "0, " "0, " "0, " "0, " "0, " "0, " "0, " "0, " "0, " "0, " "0, " "0, " "0, " "0, " "0, " "0, " "0, " "0, " "0, " "0, "5000
 "Nei69, 0.084, " "0.485, " "0.399, " "0, " "0, " "0, " "0, " "0, " "0, " "0, " "0, " "0, " "0, " "0, " "0, " "0, " "0, " "0, " "0, " "0, " "0, " "0, " "0, " "0, " "0, " "0, " "0, " "0, " "0, " "0, " "0, " "0, " "0, " "0, " "0, " "0, " "0, " "0, " "0, " "0, " "0, " "0, " "0, " "0, " "0, " "0, " "0, " "0, " "0, " "0, " "0, " "0, " "0, " "0, " "0, " "0, " "1, " "0, " "1, " "1, " "1, " "1, " "1, " "1, " "1, " "1, " "1, " "1, " "1, " "1, " "1, " "1, " "0, " "1, " "1, " "1, " "1, " "1, " "1, " "1, " "1, " "1, " "1, " "1, " "1, " "1, " "1, " "1, " "1, " "0, " "0, " "0, " "0, " "0, " "0, " "0, " "0, " "0, " "0, " "0, " "0, " "0, " "0, " "0, " "0, " "0, " "0, " "0, " "0, " "0, " "0, " "0, " "0, " "0, " "0, " "0, " "0, " "0, " "0, " "0, " "0, " "0, " "0, " "0, " "0, " "0, " "0, " "0, " "0, " "0, " "0, " "0, " "0, " "0, " "0, " "0, " "0, " "0, " "0, " "0, " "0, " "0, " "0, " "0, " "0, " "0, " "0, " "0, " "0, " "0, " "0, " "0, " "0, " "0, " "0, " "0, " "0, " "0, " "0, " "0, " "0, " "0, " "0, " "0, " "0, " "0, " "0, " "0, " "0, " "0, " "0, " "0, " "0, " "0, " "0, " "0, " "0, " "0, " "0, " "0, " "0, " "0, " "0, " "0, " "0, " "0, " "0, " "0, " "0, " "0, " "0, " "0, " "0, " "0, " "0, " "0, " "0, " "0, " "0, " "0, " "0, " "0, " "0, " "0, " "0, " "0, " "0, " "0, " "0, " "0, " "0, " "0, " "0, " "0, " "0, " "0, " "0, " "0, " "0, " "0, " "0, " "0, " "0, " "0, " "0, " "0, " "0, " "0, " "0, " "0, " "0, " "0, " "0, " "0, " "0, " "0, " "0, " "0, " "0, " "0, " "0, " "0, " "0, " "0, " "0, " "0, " "0, " "0, " "0, " "0, " "0, " "0, " "0, " "0, " "0, " "0, " "0, " "0, " "0, " "0, "5000
 "Nei70, 0.044, " "0.266, " "-0.25, " "0, " "0, " "0, " "0, " "0, " "0, " "1, " "0, " "0, " "0, " "0, " "0, " "0, " "0, " "0, " "0, " "0, " "0, " "0, " "0, " "0, " "0, " "0, " "0, " "0, " "0, " "1, " "0, " "0, " "0, " "1, " "0, " "0, " "0, " "0, " "0, " "0, " "0, " "0, " "0, " "0, " "0, " "0, " "0, " "0, " "1, " "0, " "0, " "0, " "0, " "0, " "0, " "0, " "0, " "0, " "1, " "1, " "1, " "1, " "1, " "1, " "1, " "1, " "1, " "1, " "1, " "1, " "1, " "1, " "1, " "0, " "1, " "1, " "1, " "1, " "0, " "1, " "1, " "1, " "1, " "1, " "1, " "1, " "1, " "1, " "1, " "1, " "0, " "0, " "0, " "0, " "0, " "0, " "0, " "0, " "0, " "0, " "0, " "0, " "0, " "0, " "0, " "0, " "0, " "0, " "0, " "0, " "0, " "0, " "0, " "0, " "0, " "0, " "0, " "0, " "0, " "0, " "0, " "0, " "0, " "0, " "0, " "0, " "0, " "0, " "0, " "0, " "0, " "0, " "0, " "0, " "0, " "0, " "0, " "0, " "0, " "0, " "0, " "0, " "0, " "0, " "0, " "0, " "0, " "0, " "0, " "0, " "0, " "0, " "0, " "0, " "0, " "0, " "0, " "0, " "0, " "0, " "0, " "0, " "0, " "0, " "0, " "0, " "0, " "0, " "0, " "0, " "0, " "0, " "0, " "0, " "0, " "0, " "0, " "0, " "0, " "0, " "0, " "0, " "0, " "0, " "0, " "0, " "0, " "0, " "0, " "0, " "0, " "0, " "0, " "0, " "0, " "0, " "0, " "0, " "0, " "0, " "0, " "0, " "0, " "0, " "0, " "0, " "0, " "0, " "0, " "0, " "0, " "0, " "0, " "0, " "0, " "0, " "0, " "0, " "0, " "0, " "0, " "0, " "0, " "0, " "0, " "0, " "0, " "0, " "0, " "0, " "0, " "0, " "0, " "0, " "0, " "0, " "0, " "0, " "0, " "0, " "0, " "0, " "0, " "0, " "0, " "0, " "0, " "0, " "0, " "0, " "0, " "0, " "0, " "0, " "0, " "0, " "0, " "0, " "0, " "0, "5000
 "Nei71, 0.078, " "0.266, " "-0.25, " "0, " "0, " "0, " "0, " "0, " "0, " "0, " "0, " "0, " "0, " "0, " "0, " "0, " "0, " "0, " "0, " "0, " "0, " "0, " "0, " "0, " "0, " "0, " "0, " "0, " "0, " "0, " "0, " "0, " "0, " "0, " "0, " "0, " "0, " "0, " "0, " "0, " "0, " "0, " "0, " "0, " "0, " "0, " "0, " "0, " "0, " "0, " "0, " "0, " "0, " "0, " "0, " "0, " "0, " "0, " "1, " "1, " "1, " "1, " "1, " "1, " "1, " "1, " "1, " "1, " "1, " "1, " "1, " "1, " "1, " "1, " "0, " "1, " "1, " "1, " "1, " "1, " "1, " "1, " "1, " "1, " "1, " "1, " "1, " "1, " "1, " "1, " "1, " "0, " "0, " "0, " "0, " "0, " "0, " "0, " "0, " "0, " "0, " "0, " "0, " "0, " "0, " "0, " "0, " "0, " "0, " "0, " "0, " "0, " "0, " "0, " "0, " "0, " "0, " "0, " "0, " "0, " "0, " "0, " "0, " "0, " "0, " "0, " "0, " "0, " "0, " "0, " "0, " "0, " "0, " "0, " "0, " "0, " "0, " "0, " "0, " "0, " "0, " "0, " "0, " "0, " "0, " "0, " "0, " "0, " "0, " "0, " "0, " "0, " "0, " "0, " "0, " "0, " "0, " "0, " "0, " "0, " "0, " "0, " "0, " "0, " "0, " "0, " "0, " "0, " "0, " "0, " "0, " "0, " "0, " "0, " "0, " "0, " "0, " "0, " "0, " "0, " "0, " "0, " "0, " "0, " "0, " "0, " "0, " "0, " "0, " "0, " "0, " "0, " "0, " "0, " "0, " "0, " "0, " "0, " "0, " "0, " "0, " "0, " "0, " "0, " "0, " "0, " "0, " "0, " "0, " "0, " "0, " "0, " "0, " "0, " "0, " "0, " "0, " "0, " "0, " "0, " "0, " "0, " "0, " "0, " "0, " "0, " "0, " "0, " "0, " "0, " "0, " "0, " "0, " "0, " "0, " "0, " "0, " "0, " "0, " "0, " "0, " "0, " "0, " "0, " "0, " "0, " "0, " "0, " "0, " "0, " "0, " "0, " "0, " "0, " "0, " "0, " "0, " "0, " "0, " "0, "5000
 "Nei72, 0.03, " "-0.482, " "-0.542, " "0, " "0, " "0, " "0, " "0, " "0, " "0, " "0, " "0, " "0, " "0, " "0, " "0, " "0, " "0, " "0, " "0, " "0, " "0, " "0, " "0, " "0, " "0, " "0, " "0, " "0, " "0, " "0, " "0, " "0, " "0, " "0, " "0, " "0, " "0, " "0, " "0, " "0, " "0, " "0, " "0, " "0, " "0, " "0, " "0, " "0, " "0, " "0, " "0, " "0, " "0, " "0, " "0, " "0, " "0, " "0, " "1, " "1, " "1, " "1, " "1, " "1, " "1, " "1, " "1, " "1, " "1, " "1, " "1, " "1, " "1, " "1, " "0, " "1, " "1, " "1, " "1, " "1, " "1, " "1, " "1, " "1, " "1, " "1, " "1, " "1, " "1, " "1, " "1, " "0, " "0, " "0, " "0, " "0, " "0, " "0, " "0, " "0, " "0, " "0, " "0, " "0, " "0, " "0, " "0, " "0, " "0, " "0, " "0, " "0, " "0, " "0, " "0, " "0, " "0, " "0, " "0, " "0, " "0, " "0, " "0, " "0, " "0, " "0, " "0, " "0, " "0, " "0, " "0, " "0, " "0, " "0, " "0, " "0, " "0, " "0, " "0, " "0, " "0, " "0, " "0, " "0, " "0, " "0, " "0, " "0, " "0, " "0, " "0, " "0, " "0, " "0, " "0, " "0, " "0, " "0, " "0, " "0, " "0, " "0, " "0, " "0, " "0, " "0, " "0, " "0, " "0, " "0, " "0, " "0, " "0, " "0, " "0, " "0, " "0, " "0, " "0, " "0, " "0, " "0, " "0, " "0, " "0, " "0, " "0, " "0, " "0, " "0, " "0, " "1, " "0, " "0, " "0, " "0, " "0, " "0, " "0, " "0, " "0, " "0, " "0, " "0, " "0, " "0, " "0, " "0, " "0, " "0, " "0, " "0, " "0, " "0, " "0, " "0, " "0, " "0, " "0, " "0, " "0, " "0, " "0, " "0, " "0, " "0, " "0, " "0, " "0, " "0, " "0, " "0, " "0, " "0, " "0, " "0, " "0, " "0, " "0, " "0, " "0, " "0, " "0, " "0, " "0, " "0, " "0, " "0, " "0, " "0, " "0, " "0, " "0, " "0, " "0, " "0, " "0, " "0, " "0, "5000
 "Nei73, 0.186, " "0.266, " "-0.25, " "0, " "0, " "0, " "0, " "0, " "0, " "0, " "0, " "0, " "0, " "0, " "0, " "0, " "0, " "0, " "0, " "0, " "0, " "0, " "0, " "0, " "0, " "0, " "0, " "0, " "0, " "0, " "0, " "0, " "0, " "0, " "0, " "0, " "0, " "0, " "0, " "0, " "0, " "0, " "0, " "0, " "0, " "0, " "0, " "0, " "0, " "1, " "0, " "0, " "0, " "0, " "0, " "0, " "0, " "0, " "0, " "0, " "1, " "1, " "1, " "0, " "1, " "1, " "1, " "1, " "1, " "1, " "1, " "1, " "1, " "1, " "1, " "1, " "0, " "1, " "1, " "1, " "1, " "1, " "1, " "1, " "1, " "1, " "1, " "1, " "1, " "1, " "1, " "1, " "1, " "0, " "0, " "0, " "0, " "0, " "0, " "0, " "0, " "0, " "0, " "0, " "0, " "0, " "0, " "0, " "0, " "0, " "0, " "0, " "0, " "0, " "0, " "0, " "0, " "0, " "0, " "0, " "0, " "0, " "0, " "0, " "0, " "0, " "0, " "0, " "0, " "0, " "0, " "0, " "0, " "0, " "0, " "0, " "0, " "0, " "0, " "0, " "0, " "0, " "0, " "0, " "0, " "0, " "0, " "0, " "0, " "0, " "0, " "0, " "0, " "0, " "0, " "0, " "0, " "0, " "0, " "0, " "0, " "0, " "0, " "0, " "0, " "0, " "0, " "0, " "0, " "0, " "0, " "0, " "0, " "0, " "0, " "0, " "0, " "0, " "0, " "0, " "0, " "0, " "0, " "0, " "0, " "0, " "0, " "0, " "0, " "0, " "0, " "0, " "0, " "0, " "0, " "0, " "0, " "0, " "0, " "0, " "0, " "0, " "0, " "0, " "0, " "0, " "0, " "0, " "0, " "0, " "0, " "0, " "0, " "0, " "0, " "0, " "0, " "0, " "0, " "0, " "0, " "0, " "0, " "0, " "0, " "0, " "0, " "0, " "0, " "0, " "0, " "0, " "0, " "0, " "0, " "0, " "0, " "0, " "0, " "0, " "0, " "0, " "0, " "0, " "0, " "0, " "0, " "0, " "0, " "0, " "0, " "0, " "0, " "0, " "0, " "0, " "0, " "0, " "0, " "0, "5000
 "Nei74, 0.117, " "-0.562, " "0.675, " "0, " "0, " "0, " "0, " "0, " "0, " "0, " "0, " "0, " "0, " "0, " "0, " "0, " "0, " "0, " "0, " "0, " "0, " "0, " "0, " "0, " "0, " "0, " "0, " "0, " "0, " "0, " "0, " "0, " "0, " "0, " "0, " "0, " "0, " "0, " "0, " "0, " "0, " "0, " "0, " "0, " "0, " "0, " "0, " "0, " "0, " "0, " "0, " "0, " "0, " "0, " "0, " "0, " "0, " "0, " "0, " "0, " "0, " "1, " "1, " "1, " "1, " "1, " "1, " "1, " "1, " "1, " "1, " "1, " "1, " "1, " "1, " "1, " "1, " "0, " "1, " "1, " "1, " "1, " "1, " "1, " "1, " "1, " "1, " "1, " "1, " "1, " "1, " "1, " "1, " "1, " "0, " "0, " "0, " "0, " "0, " "0, " "0, " "0, " "0, " "0, " "0, " "0, " "0, " "0, " "0, " "0, " "0, " "0, " "0, " "0, " "0, " "0, " "0, " "0, " "0, " "0, " "0, " "0, " "0, " "0, " "0, " "0, " "0, " "0, " "0, " "0, " "0, " "0, " "0, " "0, " "0, " "0, " "0, " "0, " "0, " "0, " "0, " "0, " "0, " "0, " "0, " "0, " "0, " "0, " "0, " "0, " "0, " "0, " "0, " "0, " "0, " "0, " "0, " "0, " "0, " "0, " "0, " "0, " "0, " "0, " "0, " "0, " "0, " "0, " "0, " "0, " "0, " "0, " "0, " "0, " "0, " "0, " "0, " "0, " "0, " "0, " "0, " "0, " "0, " "0, " "0, " "0, " "0, " "0, " "0, " "0, " "0, " "0, " "0, " "0, " "0, " "0, " "0, " "0, " "0, " "0, " "0, " "0, " "0, " "0, " "0, " "0, " "0, " "0, " "0, " "0, " "0, " "0, " "0, " "0, " "0, " "0, " "0, " "0, " "0, " "0, " "0, " "0, " "0, " "0, " "0, " "0, " "0, " "0, " "0, " "0, " "0, " "0, " "0, " "0, " "0, " "0, " "0, " "0, " "0, " "0, " "0, " "0, " "0, " "0, " "0, " "0, " "0, " "0, " "0, " "0, " "0, " "0, " "1, " "0, " "0, " "0, " "0, " "0, " "0, " "0, "5000
 "Nei75, 0.082, " "0.266, " "-0.25, " "0, " "0, " "0, " "0, " "0, " "0, " "0, " "0, " "0, " "0, " "0, " "0, " "0, " "0, " "0, " "0, " "0, " "0, " "0, " "0, " "0, " "0, " "0, " "0, " "0, " "0, " "0, " "0, " "0, " "0, " "0, " "0, " "0, " "0, " "0, " "0, " "0, " "0, " "0, " "0, " "0, " "0, " "0, " "0, " "0, " "0, " "0, " "0, " "0, " "0, " "0, " "0, " "0, " "1, " "0, " "0, " "0, " "0, " "0, " "1, " "1, " "1, " "1, " "1, " "1, " "1, " "1, " "1, " "1, " "1, " "0, " "1, " "1, " "1, " "1, " "0, " "0, " "0, " "1, " "1, " "1, " "1, " "1, " "1, " "1, " "1, " "1, " "1, " "1, " "1, " "1, " "0, " "0, " "0, " "0, " "0, " "0, " "0, " "0, " "0, " "0, " "0, " "0, " "0, " "0, " "0, " "0, " "0, " "0, " "0, " "1, " "0, " "0, " "0, " "0, " "0, " "0, " "0, " "0, " "0, " "0, " "0, " "0, " "0, " "0, " "0, " "0, " "0, " "0, " "0, " "0, " "0, " "0, " "0, " "0, " "0, " "0, " "0, " "0, " "0, " "0, " "0, " "0, " "0, " "0, " "0, " "0, " "0, " "0, " "0, " "0, " "0, " "0, " "0, " "0, " "0, " "0, " "0, " "0, " "0, " "0, " "0, " "0, " "0, " "0, " "0, " "0, " "0, " "0, " "0, " "0, " "0, " "0, " "0, " "0, " "0, " "0, " "0, " "0, " "0, " "0, " "0, " "0, " "0, " "0, " "0, " "0, " "0, " "0, " "0, " "0, " "0, " "0, " "0, " "0, " "0, " "0, " "0, " "0, " "0, " "0, " "0, " "0, " "0, " "0, " "0, " "0, " "0, " "0, " "0, " "0, " "0, " "0, " "0, " "0, " "0, " "0, " "0, " "0, " "0, " "0, " "0, " "0, " "0, " "0, " "0, " "0, " "1, " "0, " "0, " "0, " "0, " "0, " "0, " "0, " "0, " "0, " "0, " "0, " "0, " "0, " "0, " "0, " "0, " "0, " "0, " "0, " "0, " "0, " "0, " "0, " "0, " "0, " "0, " "0, " "0, " "0, "5000
 "Nei76, 0.093, " "-0.817, " "0.257, " "0, " "0, " "0, " "0, " "0, " "0, " "0, " "0, " "0, " "0, " "0, " "0, " "0, " "0, " "0, " "0, " "0, " "0, " "0, " "0, " "0, " "0, " "0, " "0, " "0, " "0, " "0, " "0, " "0, " "0, " "0, " "0, " "0, " "0, " "0, " "0, " "0, " "0, " "0, " "0, " "0, " "0, " "0, " "0, " "0, " "0, " "0, " "0, " "0, " "0, " "0, " "0, " "0, " "0, " "0, " "0, " "0, " "0, " "0, " "0, " "1, " "0, " "1, " "1, " "1, " "1, " "1, " "1, " "1, " "1, " "1, " "1, " "1, " "1, " "1, " "0, " "0, " "1, " "1, " "1, " "1, " "1, " "1, " "1, " "1, " "1, " "1, " "1, " "1, " "1, " "1, " "1, " "1, " "0, " "0, " "0, " "0, " "0, " "0, " "0, " "0, " "0, " "0, " "0, " "0, " "0, " "0, " "0, " "0, " "0, " "0, " "0, " "0, " "0, " "0, " "0, " "0, " "0, " "0, " "0, " "0, " "0, " "0, " "0, " "0, " "0, " "0, " "0, " "0, " "1, " "0, " "0, " "0, " "0, " "0, " "0, " "0, " "0, " "0, " "0, " "0, " "0, " "0, " "0, " "0, " "0, " "0, " "0, " "0, " "0, " "0, " "0, " "0, " "0, " "0, " "0, " "0, " "0, " "0, " "0, " "0, " "0, " "0, " "0, " "0, " "0, " "0, " "0, " "0, " "0, " "0, " "0, " "0, " "0, " "0, " "0, " "0, " "0, " "0, " "0, " "0, " "0, " "0, " "0, " "0, " "0, " "0, " "0, " "0, " "0, " "0, " "0, " "0, " "0, " "0, " "0, " "0, " "0, " "0, " "0, " "0, " "0, " "0, " "0, " "0, " "0, " "0, " "0, " "0, " "0, " "0, " "0, " "0, " "0, " "0, " "0, " "1, " "0, " "0, " "0, " "0, " "0, " "0, " "0, " "0, " "0, " "0, " "0, " "0, " "0, " "0, " "0, " "0, " "0, " "0, " "0, " "0, " "0, " "0, " "0, " "0, " "0, " "0, " "0, " "0, " "0, " "0, " "0, " "0, " "0, " "0, " "0, " "0, " "0, " "1, " "0, " "0, "5000
 "Nei77, 0.125, " "0.485, " "0.399, " "0, " "0, " "0, " "0, " "0, " "0, " "0, " "0, " "0, " "0, " "0, " "0, " "0, " "0, " "0, " "0, " "0, " "0, " "0, " "0, " "0, " "0, " "0, " "0, " "0, " "0, " "0, " "0, " "0, " "0, " "0, " "0, " "0, " "0, " "0, " "0, " "0, " "0, " "0, " "0, " "0, " "0, " "0, " "0, " "0, " "0, " "0, " "0, " "0, " "0, " "0, " "0, " "0, " "0, " "0, " "0, " "0, " "0, " "0, " "0, " "0, " "1, " "1, " "1, " "1, " "1, " "0, " "1, " "1, " "1, " "1, " "1, " "1, " "1, " "1, " "0, " "1, " "0, " "1, " "1, " "1, " "1, " "1, " "1, " "1, " "0, " "1, " "1, " "1, " "0, " "1, " "1, " "1, " "1, " "0, " "0, " "0, " "0, " "0, " "0, " "0, " "0, " "0, " "0, " "0, " "0, " "0, " "0, " "0, " "0, " "0, " "0, " "0, " "0, " "0, " "0, " "0, " "1, " "0, " "0, " "0, " "0, " "0, " "0, " "0, " "0, " "0, " "0, " "0, " "0, " "0, " "0, " "0, " "0, " "0, " "0, " "0, " "0, " "0, " "0, " "0, " "0, " "1, " "0, " "0, " "0, " "0, " "0, " "0, " "0, " "0, " "0, " "0, " "0, " "0, " "0, " "0, " "0, " "0, " "0, " "0, " "0, " "0, " "0, " "0, " "0, " "0, " "0, " "0, " "0, " "0, " "0, " "0, " "0, " "0, " "0, " "0, " "0, " "0, " "0, " "0, " "0, " "0, " "0, " "0, " "0, " "0, " "0, " "0, " "0, " "0, " "0, " "0, " "0, " "0, " "0, " "0, " "0, " "0, " "0, " "0, " "0, " "0, " "0, " "0, " "0, " "0, " "0, " "0, " "0, " "0, " "0, " "0, " "0, " "0, " "0, " "0, " "0, " "0, " "0, " "0, " "0, " "1, " "0, " "0, " "0, " "0, " "0, " "0, " "0, " "0, " "0, " "0, " "0, " "0, " "0, " "0, " "0, " "0, " "0, " "0, " "0, " "0, " "0, " "0, " "0, " "0, " "0, " "0, " "0, " "1, " "0, " "0, " "0, " "0, " "0, " "0, "5000
 "Nei78, 0.067, " "0.485, " "0.399, " "0, " "0, " "0, " "0, " "0, " "0, " "0, " "0, " "0, " "0, " "0, " "0, " "0, " "0, " "0, " "0, " "0, " "0, " "0, " "0, " "0, " "0, " "0, " "0, " "0, " "0, " "0, " "0, " "0, " "0, " "0, " "0, " "0, " "0, " "0, " "0, " "0, " "0, " "0, " "0, " "0, " "0, " "0, " "0, " "0, " "0, " "0, " "0, " "0, " "0, " "0, " "0, " "0, " "0, " "0, " "0, " "0, " "0, " "0, " "0, " "0, " "0, " "1, " "1, " "1, " "1, " "1, " "1, " "1, " "1, " "1, " "1, " "1, " "1, " "1, " "1, " "1, " "1, " "0, " "1, " "1, " "1, " "1, " "1, " "1, " "1, " "1, " "1, " "1, " "1, " "1, " "1, " "1, " "1, " "1, " "0, " "0, " "0, " "0, " "0, " "0, " "0, " "0, " "0, " "0, " "0, " "0, " "0, " "0, " "0, " "0, " "0, " "0, " "0, " "0, " "0, " "0, " "0, " "0, " "0, " "0, " "0, " "0, " "0, " "0, " "0, " "0, " "0, " "0, " "0, " "0, " "0, " "0, " "0, " "0, " "0, " "0, " "0, " "0, " "0, " "0, " "0, " "0, " "0, " "0, " "0, " "0, " "0, " "0, " "0, " "0, " "0, " "0, " "0, " "0, " "0, " "0, " "0, " "0, " "0, " "0, " "0, " "0, " "0, " "0, " "0, " "0, " "0, " "0, " "0, " "0, " "0, " "0, " "0, " "0, " "0, " "0, " "0, " "0, " "0, " "0, " "0, " "0, " "0, " "0, " "0, " "0, " "0, " "0, " "0, " "0, " "0, " "0, " "0, " "0, " "0, " "0, " "0, " "0, " "0, " "0, " "0, " "0, " "0, " "0, " "0, " "0, " "0, " "0, " "0, " "0, " "0, " "0, " "0, " "0, " "0, " "0, " "0, " "0, " "0, " "0, " "0, " "0, " "0, " "0, " "0, " "0, " "0, " "0, " "0, " "0, " "0, " "0, " "0, " "0, " "0, " "0, " "0, " "0, " "0, " "0, " "0, " "0, " "0, " "0, " "0, " "0, " "0, " "0, " "0, " "0, " "0, " "0, " "0, " "0, " "0, " "0, "5000
 "Nei79, 0, " "0.485, " "0.399, " "0, " "0, " "0, " "0, " "0, " "0, " "0, " "0, " "0, " "0, " "0, " "0, " "0, " "0, " "0, " "0, " "0, " "0, " "0, " "0, " "0, " "0, " "0, " "0, " "0, " "0, " "0, " "0, " "0, " "0, " "0, " "0, " "0, " "0, " "0, " "0, " "0, " "0, " "0, " "0, " "0, " "0, " "0, " "0, " "0, " "0, " "0, " "0, " "0, " "0, " "0, " "0, " "0, " "0, " "0, " "0, " "0, " "0, " "0, " "0, " "0, " "0, " "0, " "1, " "1, " "1, " "1, " "1, " "1, " "1, " "1, " "1, " "1, " "1, " "1, " "1, " "1, " "1, " "1, " "0, " "1, " "1, " "1, " "1, " "1, " "1, " "1, " "1, " "1, " "1, " "1, " "1, " "1, " "1, " "1, " "1, " "0, " "0, " "0, " "0, " "0, " "0, " "0, " "0, " "0, " "0, " "0, " "0, " "0, " "0, " "0, " "0, " "0, " "0, " "0, " "0, " "0, " "0, " "0, " "0, " "0, " "0, " "0, " "0, " "0, " "0, " "0, " "0, " "0, " "0, " "0, " "0, " "0, " "0, " "0, " "0, " "0, " "0, " "0, " "0, " "0, " "0, " "0, " "0, " "0, " "0, " "0, " "0, " "0, " "0, " "0, " "0, " "0, " "0, " "0, " "0, " "0, " "0, " "0, " "0, " "0, " "0, " "0, " "0, " "0, " "0, " "0, " "0, " "0, " "0, " "0, " "0, " "0, " "0, " "0, " "0, " "0, " "0, " "0, " "0, " "0, " "0, " "0, " "0, " "0, " "0, " "0, " "0, " "0, " "0, " "0, " "0, " "0, " "0, " "0, " "0, " "0, " "0, " "0, " "0, " "0, " "0, " "0, " "0, " "0, " "0, " "0, " "0, " "0, " "0, " "0, " "0, " "0, " "0, " "0, " "0, " "0, " "0, " "0, " "0, " "0, " "0, " "0, " "0, " "0, " "0, " "0, " "0, " "0, " "0, " "0, " "0, " "0, " "0, " "0, " "0, " "0, " "0, " "0, " "0, " "0, " "0, " "0, " "0, " "0, " "0, " "0, " "0, " "0, " "0, " "0, " "0, " "0, " "0, " "0, " "0, " "0, "5000
 "Nei80, 0.188, " "0.485, " "0.399, " "0, " "0, " "0, " "0, " "0, " "0, " "0, " "0, " "0, " "0, " "0, " "0, " "0, " "0, " "0, " "0, " "0, " "0, " "0, " "0, " "0, " "0, " "0, " "0, " "0, " "0, " "0, " "0, " "0, " "0, " "0, " "0, " "0, " "0, " "0, " "0, " "0, " "0, " "0, " "0, " "0, " "0, " "0, " "0, " "0, " "0, " "0, " "0, " "0, " "0, " "0, " "0, " "0, " "0, " "0, " "0, " "0, " "0, " "0, " "0, " "0, " "0, " "0, " "0, " "1, " "1, " "1, " "1, " "1, " "1, " "1, " "1, " "1, " "1, " "1, " "1, " "1, " "1, " "1, " "1, " "0, " "1, " "1, " "1, " "1, " "1, " "0, " "1, " "1, " "1, " "1, " "1, " "1, " "1, " "1, " "1, " "1, " "0, " "0, " "0, " "0, " "0, " "0, " "0, " "0, " "0, " "0, " "0, " "0, " "0, " "0, " "0, " "0, " "0, " "0, " "0, " "0, " "0, " "0, " "0, " "0, " "0, " "0, " "0, " "0, " "0, " "0, " "0, " "0, " "0, " "0, " "0, " "0, " "0, " "0, " "0, " "0, " "0, " "0, " "0, " "0, " "0, " "0, " "0, " "0, " "0, " "0, " "0, " "0, " "0, " "0, " "0, " "0, " "0, " "0, " "0, " "0, " "0, " "0, " "0, " "0, " "0, " "0, " "0, " "0, " "0, " "0, " "0, " "0, " "0, " "0, " "0, " "0, " "0, " "0, " "0, " "0, " "0, " "0, " "0, " "0, " "0, " "0, " "0, " "0, " "0, " "0, " "0, " "0, " "0, " "0, " "0, " "1, " "0, " "0, " "0, " "0, " "0, " "0, " "0, " "0, " "0, " "0, " "0, " "0, " "0, " "0, " "0, " "0, " "0, " "0, " "0, " "0, " "0, " "0, " "0, " "0, " "0, " "0, " "0, " "0, " "0, " "0, " "0, " "0, " "0, " "0, " "0, " "0, " "0, " "0, " "0, " "0, " "0, " "0, " "0, " "0, " "0, " "0, " "0, " "0, " "0, " "0, " "0, " "0, " "0, " "0, " "0, " "0, " "0, " "0, " "0, " "0, " "0, " "0, " "0, " "0, "5000
 "Nei81, 0.155, " "0.485, " "0.399, " "0, " "0, " "0, " "0, " "0, " "0, " "0, " "0, " "0, " "0, " "0, " "0, " "0, " "0, " "0, " "0, " "0, " "0, " "0, " "0, " "0, " "0, " "0, " "0, " "1, " "0, " "0, " "0, " "0, " "0, " "0, " "0, " "0, " "0, " "0, " "0, " "0, " "0, " "0, " "0, " "0, " "0, " "0, " "0, " "0, " "0, " "0, " "0, " "0, " "0, " "0, " "0, " "0, " "0, " "0, " "0, " "0, " "0, " "0, " "0, " "0, " "0, " "0, " "0, " "0, " "1, " "1, " "1, " "1, " "1, " "1, " "1, " "1, " "1, " "1, " "1, " "1, " "1, " "1, " "1, " "1, " "0, " "1, " "1, " "1, " "1, " "1, " "1, " "1, " "1, " "1, " "1, " "1, " "1, " "1, " "0, " "0, " "0, " "0, " "0, " "0, " "0, " "0, " "0, " "0, " "0, " "0, " "0, " "0, " "0, " "0, " "0, " "0, " "0, " "0, " "0, " "0, " "0, " "0, " "0, " "0, " "0, " "0, " "0, " "0, " "0, " "0, " "0, " "0, " "0, " "0, " "0, " "0, " "0, " "0, " "0, " "0, " "0, " "0, " "0, " "0, " "0, " "0, " "0, " "0, " "0, " "0, " "0, " "0, " "0, " "0, " "0, " "0, " "0, " "0, " "0, " "0, " "0, " "0, " "0, " "0, " "0, " "0, " "0, " "0, " "1, " "0, " "0, " "0, " "0, " "0, " "0, " "0, " "0, " "0, " "0, " "0, " "0, " "0, " "0, " "0, " "0, " "0, " "0, " "0, " "0, " "0, " "0, " "0, " "0, " "0, " "0, " "0, " "0, " "0, " "0, " "0, " "0, " "0, " "0, " "0, " "0, " "0, " "0, " "0, " "0, " "0, " "0, " "0, " "0, " "0, " "0, " "0, " "0, " "0, " "0, " "0, " "0, " "0, " "0, " "0, " "0, " "0, " "0, " "0, " "0, " "0, " "0, " "0, " "0, " "0, " "0, " "0, " "0, " "0, " "0, " "0, " "0, " "0, " "0, " "0, " "0, " "0, " "0, " "0, " "0, " "0, " "0, " "0, " "0, " "0, " "0, " "0, " "0, " "1, " "0, " "0, "5000
 "Nei82, 0.181, " "0.266, " "-0.25, " "0, " "0, " "0, " "0, " "0, " "0, " "0, " "0, " "0, " "0, " "0, " "0, " "0, " "0, " "0, " "0, " "0, " "0, " "0, " "0, " "0, " "0, " "0, " "0, " "0, " "0, " "0, " "0, " "0, " "0, " "0, " "0, " "0, " "0, " "0, " "0, " "0, " "0, " "0, " "0, " "0, " "0, " "0, " "0, " "0, " "0, " "0, " "0, " "0, " "0, " "0, " "0, " "0, " "0, " "0, " "0, " "0, " "0, " "0, " "0, " "0, " "0, " "0, " "0, " "0, " "0, " "1, " "1, " "1, " "1, " "1, " "1, " "1, " "1, " "1, " "1, " "1, " "1, " "1, " "1, " "1, " "1, " "0, " "1, " "1, " "1, " "1, " "1, " "1, " "1, " "1, " "1, " "1, " "1, " "1, " "1, " "1, " "1, " "1, " "0, " "0, " "0, " "0, " "0, " "0, " "0, " "0, " "0, " "0, " "0, " "0, " "0, " "0, " "0, " "0, " "0, " "0, " "0, " "0, " "0, " "0, " "0, " "0, " "0, " "0, " "0, " "0, " "0, " "0, " "0, " "0, " "0, " "0, " "0, " "0, " "0, " "0, " "0, " "0, " "0, " "0, " "0, " "0, " "0, " "0, " "0, " "0, " "0, " "0, " "0, " "0, " "0, " "0, " "0, " "0, " "0, " "0, " "0, " "1, " "0, " "0, " "0, " "0, " "0, " "0, " "0, " "0, " "0, " "0, " "0, " "0, " "0, " "0, " "1, " "0, " "0, " "0, " "0, " "0, " "0, " "0, " "0, " "0, " "0, " "0, " "0, " "0, " "0, " "0, " "0, " "0, " "0, " "0, " "0, " "0, " "0, " "0, " "0, " "0, " "0, " "0, " "0, " "0, " "0, " "0, " "0, " "0, " "0, " "0, " "0, " "0, " "0, " "0, " "0, " "0, " "0, " "0, " "0, " "0, " "0, " "0, " "0, " "0, " "0, " "0, " "0, " "0, " "0, " "0, " "0, " "0, " "0, " "0, " "0, " "0, " "0, " "0, " "0, " "0, " "0, " "0, " "0, " "0, " "0, " "0, " "0, " "0, " "0, " "0, " "0, " "0, " "0, " "0, " "0, " "0, " "0, " "0, "5000
 "Nei83, 0.086, " "0.266, " "-0.25, " "0, " "0, " "0, " "0, " "0, " "0, " "1, " "0, " "0, " "0, " "0, " "1, " "0, " "0, " "0, " "0, " "0, " "0, " "0, " "0, " "0, " "1, " "0, " "0, " "0, " "0, " "0, " "0, " "0, " "0, " "0, " "0, " "0, " "0, " "0, " "0, " "0, " "0, " "0, " "0, " "0, " "0, " "0, " "0, " "0, " "0, " "0, " "0, " "0, " "0, " "0, " "0, " "0, " "0, " "0, " "0, " "0, " "0, " "0, " "0, " "0, " "0, " "0, " "0, " "0, " "0, " "0, " "1, " "1, " "1, " "1, " "1, " "1, " "1, " "1, " "1, " "1, " "1, " "1, " "1, " "1, " "1, " "1, " "0, " "1, " "1, " "1, " "1, " "1, " "1, " "1, " "1, " "1, " "1, " "1, " "1, " "1, " "1, " "1, " "1, " "0, " "0, " "0, " "0, " "0, " "0, " "0, " "0, " "0, " "0, " "0, " "0, " "0, " "0, " "0, " "0, " "0, " "0, " "0, " "0, " "0, " "0, " "0, " "0, " "0, " "0, " "0, " "0, " "0, " "0, " "0, " "0, " "0, " "0, " "0, " "0, " "0, " "0, " "0, " "0, " "0, " "0, " "0, " "0, " "0, " "0, " "0, " "0, " "0, " "0, " "0, " "0, " "0, " "0, " "0, " "0, " "0, " "0, " "0, " "0, " "0, " "0, " "0, " "0, " "0, " "0, " "0, " "0, " "0, " "0, " "0, " "0, " "0, " "0, " "0, " "0, " "0, " "0, " "0, " "0, " "0, " "0, " "0, " "0, " "0, " "0, " "0, " "0, " "0, " "0, " "0, " "0, " "0, " "0, " "0, " "0, " "0, " "0, " "0, " "0, " "0, " "0, " "0, " "0, " "0, " "0, " "0, " "0, " "0, " "0, " "0, " "0, " "0, " "0, " "0, " "0, " "1, " "0, " "0, " "0, " "0, " "0, " "0, " "0, " "0, " "0, " "0, " "0, " "0, " "0, " "0, " "0, " "0, " "0, " "0, " "0, " "0, " "0, " "0, " "0, " "0, " "0, " "0, " "0, " "0, " "0, " "1, " "0, " "0, " "0, " "0, " "0, " "0, " "0, " "0, " "0, " "0, "5000
 "Nei84, 0.041, " "-0.817, " "0.257, " "0, " "0, " "0, " "0, " "0, " "0, " "0, " "0, " "0, " "0, " "0, " "0, " "0, " "0, " "0, " "0, " "0, " "0, " "0, " "0, " "0, " "0, " "1, " "0, " "0, " "0, " "0, " "0, " "0, " "0, " "0, " "1, " "0, " "0, " "0, " "0, " "0, " "0, " "0, " "0, " "0, " "0, " "0, " "0, " "0, " "0, " "0, " "0, " "0, " "0, " "0, " "0, " "0, " "0, " "0, " "0, " "0, " "0, " "0, " "0, " "0, " "0, " "0, " "0, " "0, " "0, " "0, " "0, " "1, " "1, " "1, " "1, " "1, " "1, " "1, " "1, " "1, " "1, " "1, " "1, " "1, " "1, " "1, " "1, " "0, " "1, " "0, " "1, " "1, " "1, " "1, " "0, " "1, " "1, " "1, " "1, " "1, " "1, " "1, " "1, " "1, " "0, " "0, " "0, " "0, " "0, " "0, " "0, " "0, " "0, " "0, " "0, " "0, " "0, " "0, " "0, " "0, " "0, " "0, " "0, " "0, " "0, " "0, " "0, " "0, " "0, " "0, " "0, " "0, " "0, " "0, " "0, " "0, " "0, " "0, " "0, " "0, " "0, " "0, " "0, " "0, " "0, " "0, " "0, " "0, " "0, " "0, " "0, " "0, " "0, " "0, " "0, " "0, " "0, " "0, " "0, " "0, " "0, " "0, " "0, " "0, " "0, " "0, " "0, " "0, " "0, " "0, " "0, " "0, " "0, " "0, " "0, " "0, " "0, " "0, " "0, " "0, " "0, " "0, " "0, " "0, " "0, " "0, " "0, " "0, " "0, " "0, " "0, " "0, " "0, " "0, " "0, " "0, " "0, " "0, " "0, " "0, " "0, " "0, " "0, " "0, " "0, " "0, " "0, " "0, " "1, " "0, " "0, " "0, " "0, " "0, " "0, " "0, " "0, " "0, " "0, " "0, " "0, " "0, " "0, " "0, " "0, " "0, " "0, " "0, " "0, " "0, " "0, " "0, " "0, " "0, " "0, " "0, " "0, " "0, " "0, " "0, " "0, " "0, " "0, " "0, " "0, " "0, " "0, " "0, " "0, " "0, " "0, " "0, " "0, " "0, " "0, " "0, " "0, " "0, " "0, " "0, "5000
 "Nei85, 0.064, " "-0.562, " "0.674, " "0, " "0, " "0, " "0, " "0, " "0, " "0, " "0, " "0, " "0, " "0, " "0, " "0, " "0, " "0, " "0, " "0, " "0, " "0, " "0, " "0, " "0, " "0, " "0, " "0, " "0, " "0, " "0, " "0, " "0, " "0, " "0, " "0, " "0, " "0, " "0, " "0, " "0, " "0, " "0, " "0, " "0, " "0, " "0, " "0, " "0, " "0, " "0, " "0, " "0, " "0, " "0, " "0, " "0, " "0, " "0, " "0, " "0, " "0, " "0, " "0, " "0, " "0, " "0, " "0, " "0, " "0, " "0, " "0, " "1, " "1, " "1, " "1, " "1, " "1, " "1, " "1, " "0, " "1, " "1, " "1, " "1, " "1, " "1, " "1, " "0, " "1, " "1, " "1, " "1, " "1, " "1, " "1, " "1, " "1, " "1, " "1, " "1, " "1, " "1, " "0, " "1, " "0, " "0, " "0, " "0, " "0, " "0, " "0, " "0, " "0, " "0, " "0, " "0, " "0, " "0, " "0, " "0, " "0, " "0, " "0, " "0, " "0, " "0, " "0, " "0, " "0, " "0, " "0, " "0, " "0, " "0, " "0, " "0, " "0, " "0, " "0, " "0, " "0, " "0, " "0, " "0, " "0, " "0, " "0, " "0, " "0, " "0, " "0, " "0, " "0, " "0, " "0, " "0, " "0, " "0, " "0, " "0, " "0, " "0, " "0, " "0, " "0, " "0, " "0, " "0, " "0, " "0, " "0, " "0, " "0, " "0, " "0, " "0, " "0, " "0, " "0, " "0, " "0, " "0, " "0, " "0, " "1, " "0, " "0, " "0, " "0, " "0, " "0, " "0, " "0, " "0, " "0, " "0, " "0, " "0, " "0, " "0, " "0, " "0, " "0, " "0, " "0, " "0, " "0, " "0, " "0, " "0, " "0, " "0, " "0, " "0, " "0, " "0, " "0, " "0, " "0, " "0, " "0, " "0, " "0, " "0, " "0, " "0, " "0, " "0, " "0, " "0, " "1, " "0, " "0, " "0, " "0, " "0, " "0, " "0, " "0, " "0, " "0, " "0, " "0, " "0, " "0, " "0, " "0, " "0, " "0, " "0, " "0, " "0, " "0, " "0, " "0, " "0, " "0, " "0, " "0, "5000
 "Nei86, 0.152, " "-0.562, " "0.675, " "0, " "0, " "0, " "0, " "0, " "0, " "0, " "0, " "0, " "0, " "0, " "0, " "0, " "0, " "0, " "0, " "0, " "0, " "0, " "0, " "0, " "0, " "0, " "0, " "0, " "0, " "0, " "0, " "0, " "0, " "0, " "0, " "0, " "0, " "0, " "0, " "0, " "0, " "0, " "0, " "0, " "0, " "0, " "0, " "0, " "0, " "0, " "0, " "0, " "0, " "0, " "0, " "0, " "0, " "0, " "0, " "0, " "0, " "0, " "0, " "0, " "0, " "0, " "0, " "0, " "0, " "0, " "0, " "0, " "0, " "1, " "1, " "1, " "1, " "1, " "1, " "1, " "1, " "1, " "1, " "0, " "1, " "1, " "1, " "0, " "1, " "0, " "1, " "1, " "1, " "1, " "1, " "1, " "1, " "1, " "1, " "1, " "1, " "1, " "1, " "0, " "1, " "1, " "0, " "0, " "0, " "0, " "0, " "0, " "0, " "0, " "0, " "0, " "1, " "0, " "0, " "0, " "0, " "0, " "0, " "0, " "0, " "0, " "0, " "0, " "0, " "0, " "0, " "0, " "0, " "0, " "0, " "0, " "0, " "0, " "0, " "0, " "0, " "0, " "0, " "0, " "0, " "0, " "0, " "0, " "0, " "0, " "0, " "0, " "0, " "0, " "0, " "0, " "0, " "0, " "0, " "0, " "0, " "0, " "0, " "0, " "0, " "0, " "0, " "0, " "0, " "0, " "0, " "0, " "0, " "0, " "0, " "0, " "0, " "0, " "0, " "0, " "0, " "0, " "0, " "0, " "0, " "0, " "0, " "0, " "0, " "0, " "0, " "0, " "0, " "0, " "0, " "0, " "0, " "0, " "0, " "0, " "0, " "0, " "0, " "0, " "0, " "0, " "0, " "0, " "0, " "0, " "0, " "0, " "0, " "0, " "0, " "0, " "0, " "0, " "0, " "0, " "0, " "0, " "0, " "0, " "0, " "0, " "0, " "0, " "0, " "0, " "0, " "0, " "0, " "0, " "0, " "0, " "0, " "0, " "0, " "0, " "0, " "0, " "0, " "0, " "0, " "0, " "0, " "0, " "0, " "0, " "0, " "0, " "0, " "0, " "0, " "0, " "0, " "0, " "0, " "0, "5000
 "Nei87, 0.069, " "0.266, " "-0.25, " "0, " "0, " "0, " "0, " "0, " "0, " "0, " "0, " "0, " "0, " "0, " "0, " "0, " "0, " "0, " "0, " "0, " "0, " "0, " "0, " "0, " "0, " "0, " "0, " "0, " "0, " "0, " "0, " "0, " "0, " "0, " "0, " "0, " "0, " "0, " "0, " "0, " "0, " "0, " "0, " "0, " "0, " "0, " "0, " "0, " "0, " "0, " "0, " "0, " "0, " "0, " "0, " "0, " "0, " "0, " "0, " "0, " "0, " "0, " "0, " "0, " "1, " "0, " "0, " "0, " "0, " "0, " "0, " "0, " "0, " "0, " "1, " "1, " "1, " "1, " "1, " "1, " "1, " "1, " "1, " "1, " "1, " "1, " "1, " "1, " "1, " "1, " "0, " "1, " "1, " "1, " "1, " "1, " "1, " "1, " "1, " "1, " "1, " "1, " "1, " "1, " "1, " "1, " "1, " "0, " "0, " "0, " "0, " "0, " "0, " "0, " "0, " "0, " "0, " "0, " "0, " "0, " "0, " "0, " "0, " "0, " "0, " "0, " "0, " "0, " "0, " "0, " "0, " "0, " "0, " "0, " "0, " "0, " "0, " "0, " "0, " "0, " "0, " "0, " "0, " "0, " "0, " "0, " "0, " "0, " "0, " "0, " "0, " "0, " "0, " "0, " "0, " "0, " "0, " "0, " "0, " "0, " "0, " "0, " "0, " "0, " "0, " "0, " "0, " "0, " "0, " "0, " "0, " "0, " "0, " "0, " "0, " "0, " "0, " "0, " "0, " "0, " "0, " "0, " "0, " "0, " "0, " "0, " "0, " "0, " "0, " "0, " "0, " "0, " "0, " "0, " "0, " "0, " "0, " "0, " "0, " "0, " "0, " "0, " "0, " "0, " "0, " "0, " "0, " "0, " "0, " "0, " "0, " "0, " "0, " "0, " "0, " "0, " "0, " "0, " "0, " "0, " "0, " "0, " "0, " "0, " "0, " "0, " "0, " "0, " "0, " "0, " "0, " "0, " "0, " "0, " "0, " "0, " "0, " "0, " "0, " "0, " "0, " "0, " "0, " "0, " "0, " "0, " "0, " "0, " "0, " "0, " "0, " "0, " "0, " "0, " "0, " "0, " "0, " "0, " "0, " "0, "5000
 "Nei88, 0.014, " "0.485, " "0.399, " "0, " "0, " "0, " "0, " "0, " "0, " "0, " "0, " "0, " "0, " "0, " "0, " "0, " "0, " "0, " "0, " "0, " "0, " "0, " "0, " "0, " "0, " "0, " "0, " "0, " "0, " "0, " "0, " "0, " "0, " "0, " "0, " "0, " "0, " "0, " "0, " "0, " "0, " "0, " "0, " "0, " "0, " "0, " "0, " "0, " "0, " "0, " "0, " "0, " "0, " "0, " "0, " "0, " "1, " "1, " "0, " "0, " "0, " "0, " "0, " "0, " "0, " "0, " "0, " "0, " "0, " "0, " "0, " "0, " "0, " "0, " "0, " "1, " "1, " "1, " "1, " "1, " "1, " "1, " "1, " "1, " "1, " "1, " "1, " "1, " "1, " "1, " "1, " "0, " "1, " "1, " "1, " "1, " "1, " "1, " "0, " "1, " "1, " "1, " "1, " "1, " "1, " "1, " "1, " "1, " "0, " "0, " "0, " "0, " "0, " "0, " "0, " "0, " "0, " "0, " "0, " "0, " "0, " "0, " "0, " "0, " "0, " "0, " "0, " "0, " "0, " "0, " "0, " "0, " "0, " "0, " "0, " "0, " "0, " "0, " "0, " "0, " "0, " "0, " "0, " "0, " "0, " "0, " "0, " "0, " "0, " "0, " "0, " "0, " "1, " "0, " "0, " "0, " "0, " "0, " "0, " "0, " "0, " "0, " "0, " "0, " "0, " "0, " "0, " "0, " "0, " "0, " "0, " "0, " "0, " "0, " "0, " "0, " "0, " "0, " "0, " "0, " "0, " "0, " "0, " "0, " "0, " "0, " "0, " "0, " "0, " "0, " "0, " "0, " "0, " "0, " "0, " "0, " "0, " "0, " "0, " "0, " "0, " "0, " "0, " "0, " "0, " "0, " "0, " "0, " "0, " "0, " "0, " "0, " "0, " "0, " "0, " "0, " "0, " "0, " "0, " "0, " "0, " "0, " "0, " "0, " "0, " "0, " "0, " "0, " "0, " "0, " "0, " "0, " "0, " "0, " "0, " "0, " "0, " "0, " "0, " "0, " "0, " "0, " "0, " "0, " "0, " "0, " "0, " "0, " "0, " "0, " "0, " "0, " "0, " "0, " "0, " "0, " "0, " "0, " "0, " "0, "5000
 "Nei89, 0.068, " "0.266, " "-0.25, " "0, " "0, " "0, " "0, " "0, " "0, " "0, " "0, " "0, " "0, " "0, " "0, " "0, " "0, " "0, " "0, " "0, " "0, " "0, " "0, " "0, " "0, " "0, " "0, " "0, " "0, " "0, " "0, " "0, " "0, " "0, " "0, " "0, " "0, " "0, " "0, " "0, " "0, " "0, " "0, " "0, " "0, " "0, " "0, " "0, " "0, " "0, " "0, " "0, " "0, " "0, " "0, " "0, " "0, " "0, " "0, " "0, " "0, " "0, " "0, " "0, " "0, " "0, " "0, " "0, " "0, " "0, " "0, " "0, " "0, " "0, " "0, " "0, " "1, " "1, " "1, " "1, " "0, " "1, " "1, " "1, " "1, " "1, " "1, " "1, " "1, " "1, " "1, " "1, " "0, " "1, " "1, " "1, " "1, " "1, " "1, " "1, " "1, " "1, " "0, " "1, " "1, " "1, " "1, " "1, " "1, " "0, " "0, " "0, " "0, " "0, " "0, " "0, " "0, " "0, " "0, " "0, " "0, " "0, " "0, " "0, " "0, " "0, " "0, " "0, " "0, " "0, " "0, " "0, " "0, " "0, " "0, " "0, " "0, " "0, " "0, " "0, " "0, " "0, " "0, " "0, " "0, " "0, " "0, " "0, " "0, " "0, " "0, " "0, " "0, " "0, " "0, " "0, " "0, " "0, " "0, " "0, " "0, " "0, " "0, " "0, " "0, " "0, " "0, " "0, " "0, " "0, " "0, " "0, " "0, " "0, " "0, " "0, " "0, " "0, " "0, " "0, " "0, " "0, " "0, " "0, " "0, " "0, " "0, " "0, " "0, " "0, " "0, " "0, " "0, " "0, " "0, " "0, " "0, " "0, " "0, " "0, " "0, " "0, " "0, " "0, " "0, " "0, " "0, " "0, " "0, " "0, " "0, " "0, " "0, " "0, " "0, " "0, " "0, " "0, " "1, " "0, " "0, " "0, " "0, " "0, " "0, " "0, " "0, " "0, " "0, " "0, " "0, " "0, " "0, " "0, " "0, " "0, " "0, " "0, " "0, " "0, " "0, " "0, " "0, " "0, " "0, " "0, " "0, " "0, " "0, " "0, " "0, " "0, " "0, " "0, " "0, " "0, " "0, " "0, " "0, " "0, "5000
 "Nei90, 0.028, " "0.266, " "-0.25, " "0, " "0, " "0, " "0, " "1, " "0, " "0, " "0, " "0, " "0, " "0, " "0, " "0, " "0, " "0, " "0, " "0, " "0, " "0, " "0, " "0, " "0, " "0, " "0, " "0, " "0, " "0, " "0, " "0, " "0, " "0, " "0, " "0, " "0, " "0, " "0, " "0, " "0, " "0, " "0, " "0, " "0, " "0, " "0, " "0, " "0, " "0, " "0, " "0, " "0, " "0, " "0, " "0, " "0, " "0, " "0, " "0, " "0, " "0, " "0, " "0, " "0, " "0, " "0, " "0, " "0, " "0, " "0, " "0, " "0, " "0, " "0, " "0, " "0, " "1, " "1, " "1, " "1, " "1, " "1, " "1, " "1, " "1, " "1, " "1, " "1, " "1, " "1, " "1, " "1, " "0, " "1, " "1, " "1, " "1, " "1, " "1, " "1, " "1, " "1, " "1, " "1, " "1, " "1, " "1, " "1, " "1, " "0, " "0, " "0, " "0, " "0, " "0, " "0, " "0, " "0, " "0, " "0, " "0, " "0, " "0, " "0, " "0, " "0, " "0, " "0, " "0, " "0, " "0, " "0, " "0, " "0, " "0, " "0, " "0, " "0, " "0, " "0, " "0, " "0, " "0, " "0, " "0, " "0, " "0, " "0, " "0, " "0, " "0, " "0, " "0, " "0, " "0, " "0, " "0, " "0, " "0, " "0, " "0, " "0, " "0, " "0, " "0, " "0, " "0, " "0, " "0, " "0, " "0, " "0, " "0, " "0, " "0, " "0, " "0, " "0, " "0, " "0, " "0, " "0, " "0, " "0, " "0, " "0, " "0, " "0, " "0, " "0, " "0, " "0, " "0, " "0, " "0, " "0, " "0, " "0, " "0, " "0, " "0, " "0, " "0, " "0, " "0, " "0, " "0, " "0, " "0, " "0, " "0, " "0, " "0, " "0, " "0, " "0, " "0, " "0, " "0, " "0, " "0, " "0, " "0, " "0, " "0, " "0, " "0, " "0, " "0, " "0, " "0, " "0, " "0, " "0, " "0, " "0, " "0, " "0, " "0, " "0, " "0, " "0, " "0, " "0, " "0, " "0, " "0, " "0, " "0, " "0, " "0, " "0, " "0, " "0, " "0, " "0, " "0, " "0, " "0, "5000
 "Nei91, 0.059, " "0.266, " "-0.25, " "0, " "0, " "0, " "0, " "0, " "0, " "0, " "0, " "0, " "0, " "0, " "0, " "0, " "0, " "0, " "0, " "0, " "0, " "0, " "0, " "0, " "0, " "0, " "0, " "0, " "0, " "0, " "0, " "0, " "0, " "0, " "0, " "0, " "0, " "0, " "0, " "0, " "0, " "0, " "0, " "0, " "0, " "0, " "0, " "0, " "0, " "0, " "0, " "0, " "0, " "0, " "0, " "0, " "0, " "0, " "0, " "0, " "0, " "0, " "0, " "0, " "0, " "0, " "0, " "0, " "0, " "0, " "0, " "0, " "0, " "0, " "0, " "0, " "0, " "0, " "0, " "1, " "1, " "1, " "1, " "1, " "1, " "1, " "1, " "0, " "1, " "1, " "1, " "1, " "1, " "1, " "0, " "1, " "1, " "1, " "1, " "1, " "1, " "1, " "1, " "1, " "1, " "1, " "1, " "1, " "1, " "1, " "1, " "0, " "0, " "0, " "0, " "0, " "0, " "0, " "0, " "0, " "0, " "0, " "0, " "0, " "0, " "0, " "0, " "0, " "0, " "0, " "0, " "0, " "0, " "0, " "0, " "0, " "0, " "0, " "0, " "0, " "0, " "0, " "0, " "0, " "0, " "0, " "0, " "0, " "0, " "0, " "0, " "0, " "0, " "0, " "0, " "0, " "0, " "0, " "0, " "0, " "0, " "0, " "0, " "0, " "0, " "0, " "0, " "0, " "0, " "0, " "0, " "0, " "0, " "0, " "0, " "0, " "0, " "0, " "0, " "0, " "0, " "0, " "0, " "0, " "0, " "0, " "0, " "0, " "0, " "0, " "0, " "0, " "0, " "0, " "0, " "0, " "0, " "0, " "0, " "0, " "0, " "0, " "0, " "0, " "0, " "0, " "0, " "0, " "0, " "0, " "0, " "0, " "0, " "0, " "0, " "0, " "0, " "0, " "0, " "0, " "0, " "0, " "0, " "0, " "0, " "0, " "0, " "0, " "0, " "0, " "0, " "0, " "0, " "0, " "0, " "0, " "0, " "0, " "0, " "0, " "0, " "0, " "0, " "0, " "0, " "0, " "0, " "0, " "0, " "0, " "0, " "0, " "0, " "0, " "0, " "0, " "0, " "0, " "0, " "0, "5000
 "Nei92, 0.033, " "0.266, " "-0.25, " "0, " "0, " "0, " "0, " "0, " "0, " "0, " "0, " "0, " "0, " "0, " "0, " "0, " "0, " "0, " "0, " "0, " "0, " "0, " "0, " "0, " "0, " "0, " "0, " "0, " "0, " "0, " "0, " "1, " "0, " "0, " "0, " "0, " "0, " "0, " "0, " "0, " "0, " "0, " "0, " "0, " "0, " "0, " "0, " "0, " "0, " "0, " "0, " "0, " "0, " "0, " "0, " "0, " "0, " "0, " "0, " "0, " "0, " "0, " "0, " "0, " "0, " "0, " "0, " "0, " "0, " "0, " "0, " "0, " "0, " "0, " "0, " "0, " "0, " "0, " "0, " "1, " "1, " "1, " "1, " "1, " "1, " "1, " "1, " "1, " "1, " "1, " "1, " "1, " "1, " "1, " "1, " "0, " "1, " "1, " "1, " "1, " "1, " "1, " "1, " "1, " "1, " "0, " "1, " "1, " "1, " "1, " "1, " "1, " "0, " "0, " "0, " "0, " "0, " "0, " "0, " "0, " "0, " "0, " "0, " "0, " "0, " "0, " "0, " "0, " "0, " "0, " "0, " "0, " "0, " "0, " "0, " "0, " "0, " "0, " "0, " "0, " "0, " "0, " "0, " "0, " "0, " "0, " "0, " "0, " "0, " "0, " "0, " "0, " "0, " "0, " "0, " "0, " "0, " "0, " "0, " "0, " "0, " "0, " "0, " "0, " "0, " "0, " "0, " "0, " "0, " "0, " "0, " "0, " "0, " "0, " "0, " "0, " "0, " "0, " "0, " "0, " "0, " "0, " "0, " "0, " "0, " "0, " "0, " "0, " "0, " "0, " "0, " "0, " "0, " "0, " "0, " "0, " "0, " "0, " "0, " "0, " "0, " "0, " "0, " "0, " "0, " "0, " "0, " "0, " "0, " "0, " "0, " "0, " "0, " "0, " "0, " "0, " "0, " "0, " "0, " "0, " "0, " "0, " "0, " "0, " "0, " "0, " "0, " "0, " "0, " "0, " "0, " "0, " "0, " "0, " "0, " "0, " "0, " "0, " "0, " "0, " "0, " "0, " "0, " "0, " "0, " "0, " "0, " "0, " "0, " "0, " "0, " "0, " "0, " "0, " "0, " "0, " "0, " "0, " "1, " "0, "5000
 "Nei93, 0.108, " "-0.562, " "0.675, " "0, " "0, " "0, " "0, " "0, " "0, " "0, " "0, " "0, " "0, " "0, " "0, " "0, " "0, " "0, " "0, " "0, " "0, " "0, " "0, " "0, " "0, " "0, " "0, " "0, " "0, " "0, " "0, " "0, " "0, " "0, " "0, " "0, " "0, " "0, " "0, " "0, " "0, " "0, " "0, " "0, " "0, " "0, " "0, " "0, " "0, " "0, " "0, " "0, " "0, " "0, " "0, " "0, " "0, " "0, " "0, " "1, " "0, " "0, " "0, " "0, " "0, " "0, " "0, " "0, " "0, " "1, " "0, " "0, " "0, " "0, " "0, " "0, " "0, " "0, " "0, " "0, " "1, " "1, " "1, " "1, " "1, " "1, " "1, " "1, " "1, " "1, " "1, " "1, " "1, " "1, " "1, " "1, " "0, " "1, " "1, " "0, " "1, " "1, " "1, " "1, " "1, " "0, " "1, " "1, " "1, " "1, " "1, " "1, " "1, " "0, " "0, " "0, " "0, " "0, " "0, " "0, " "0, " "0, " "0, " "0, " "0, " "0, " "0, " "0, " "0, " "0, " "0, " "0, " "0, " "0, " "0, " "0, " "0, " "0, " "0, " "0, " "0, " "0, " "0, " "0, " "0, " "0, " "0, " "0, " "0, " "0, " "0, " "0, " "0, " "0, " "0, " "0, " "0, " "0, " "0, " "0, " "0, " "0, " "0, " "0, " "0, " "1, " "0, " "0, " "0, " "0, " "0, " "0, " "0, " "0, " "0, " "0, " "0, " "0, " "0, " "0, " "0, " "0, " "0, " "0, " "0, " "0, " "0, " "0, " "0, " "0, " "0, " "0, " "0, " "0, " "0, " "0, " "0, " "0, " "0, " "0, " "0, " "0, " "0, " "0, " "0, " "0, " "0, " "0, " "0, " "0, " "0, " "0, " "0, " "0, " "0, " "0, " "0, " "0, " "0, " "0, " "0, " "0, " "0, " "0, " "0, " "0, " "0, " "0, " "0, " "1, " "0, " "0, " "0, " "0, " "0, " "0, " "0, " "0, " "0, " "0, " "0, " "0, " "1, " "0, " "0, " "0, " "0, " "0, " "0, " "0, " "0, " "0, " "0, " "0, " "0, " "0, " "0, " "0, " "0, " "0, "5000
 "Nei94, 0.182, " "-0.722, " "-0.983, " "0, " "0, " "0, " "0, " "0, " "0, " "0, " "0, " "0, " "0, " "0, " "0, " "0, " "0, " "0, " "0, " "0, " "0, " "0, " "0, " "0, " "0, " "0, " "0, " "0, " "0, " "0, " "0, " "0, " "0, " "0, " "0, " "0, " "0, " "0, " "0, " "0, " "0, " "0, " "0, " "0, " "0, " "0, " "0, " "0, " "0, " "0, " "0, " "0, " "0, " "0, " "0, " "0, " "0, " "0, " "0, " "0, " "0, " "0, " "0, " "0, " "0, " "0, " "0, " "0, " "0, " "0, " "0, " "0, " "0, " "0, " "0, " "0, " "0, " "0, " "0, " "0, " "0, " "1, " "1, " "1, " "1, " "1, " "1, " "1, " "1, " "1, " "1, " "1, " "1, " "1, " "1, " "1, " "1, " "0, " "1, " "1, " "1, " "1, " "1, " "1, " "1, " "1, " "1, " "1, " "1, " "1, " "1, " "1, " "1, " "1, " "0, " "0, " "0, " "0, " "0, " "0, " "0, " "0, " "0, " "0, " "0, " "0, " "0, " "0, " "0, " "0, " "0, " "0, " "0, " "0, " "0, " "0, " "0, " "0, " "0, " "0, " "0, " "0, " "0, " "0, " "0, " "0, " "0, " "0, " "0, " "0, " "0, " "0, " "0, " "0, " "0, " "0, " "0, " "0, " "0, " "0, " "0, " "0, " "0, " "0, " "0, " "0, " "0, " "0, " "0, " "0, " "0, " "0, " "0, " "0, " "0, " "0, " "0, " "0, " "0, " "0, " "0, " "0, " "0, " "0, " "0, " "0, " "0, " "0, " "0, " "0, " "0, " "0, " "0, " "0, " "0, " "0, " "0, " "0, " "0, " "0, " "0, " "0, " "0, " "0, " "0, " "0, " "0, " "0, " "0, " "0, " "0, " "0, " "0, " "0, " "0, " "0, " "0, " "0, " "0, " "0, " "0, " "0, " "0, " "0, " "0, " "0, " "0, " "0, " "0, " "0, " "0, " "0, " "0, " "0, " "0, " "0, " "0, " "0, " "0, " "0, " "0, " "0, " "0, " "0, " "0, " "0, " "0, " "0, " "0, " "0, " "0, " "0, " "0, " "0, " "0, " "0, " "0, " "0, " "0, " "0, "5000
 "Nei95, 0.077, " "0.484, " "0.398, " "0, " "0, " "0, " "0, " "0, " "0, " "0, " "0, " "0, " "0, " "0, " "0, " "0, " "0, " "0, " "0, " "0, " "0, " "0, " "0, " "0, " "0, " "0, " "0, " "0, " "0, " "0, " "0, " "0, " "0, " "0, " "0, " "0, " "0, " "0, " "0, " "0, " "0, " "0, " "0, " "0, " "0, " "0, " "0, " "0, " "0, " "0, " "0, " "0, " "0, " "0, " "0, " "0, " "0, " "0, " "0, " "0, " "0, " "0, " "0, " "0, " "0, " "0, " "0, " "0, " "0, " "0, " "0, " "0, " "0, " "0, " "0, " "0, " "0, " "0, " "0, " "0, " "0, " "0, " "1, " "1, " "0, " "1, " "1, " "1, " "1, " "1, " "1, " "0, " "1, " "1, " "1, " "1, " "1, " "1, " "0, " "1, " "1, " "1, " "1, " "0, " "1, " "1, " "1, " "1, " "1, " "1, " "1, " "1, " "1, " "1, " "1, " "0, " "0, " "0, " "0, " "0, " "0, " "0, " "0, " "0, " "0, " "0, " "0, " "0, " "0, " "0, " "0, " "0, " "0, " "0, " "0, " "0, " "0, " "0, " "0, " "0, " "0, " "0, " "0, " "0, " "0, " "0, " "0, " "0, " "1, " "0, " "0, " "1, " "0, " "0, " "0, " "0, " "0, " "0, " "0, " "0, " "0, " "0, " "0, " "0, " "0, " "0, " "0, " "0, " "0, " "0, " "0, " "0, " "0, " "0, " "0, " "0, " "0, " "0, " "0, " "0, " "0, " "0, " "0, " "0, " "0, " "0, " "0, " "0, " "0, " "0, " "0, " "0, " "0, " "0, " "0, " "0, " "0, " "0, " "0, " "0, " "0, " "0, " "0, " "0, " "0, " "0, " "0, " "0, " "0, " "0, " "0, " "0, " "0, " "0, " "0, " "0, " "0, " "0, " "0, " "0, " "0, " "0, " "0, " "0, " "0, " "0, " "0, " "0, " "0, " "0, " "0, " "0, " "0, " "0, " "0, " "0, " "0, " "0, " "0, " "0, " "0, " "0, " "0, " "0, " "0, " "0, " "0, " "0, " "0, " "0, " "0, " "0, " "0, " "0, " "0, " "0, " "0, " "0, " "0, " "0, "5000
 "Nei96, 0.122, " "-0.562, " "0.675, " "0, " "0, " "0, " "0, " "0, " "0, " "0, " "0, " "0, " "0, " "0, " "0, " "0, " "0, " "0, " "0, " "0, " "0, " "0, " "0, " "0, " "0, " "0, " "0, " "0, " "0, " "0, " "0, " "0, " "0, " "0, " "0, " "0, " "0, " "0, " "0, " "0, " "0, " "0, " "0, " "0, " "0, " "0, " "0, " "0, " "0, " "0, " "0, " "0, " "0, " "0, " "0, " "0, " "0, " "0, " "0, " "0, " "0, " "0, " "0, " "0, " "0, " "0, " "0, " "0, " "0, " "0, " "0, " "0, " "0, " "0, " "0, " "0, " "0, " "0, " "0, " "0, " "0, " "0, " "0, " "1, " "0, " "1, " "1, " "1, " "1, " "1, " "1, " "1, " "1, " "1, " "1, " "1, " "0, " "1, " "1, " "0, " "1, " "1, " "1, " "1, " "1, " "1, " "1, " "1, " "1, " "1, " "1, " "1, " "1, " "1, " "1, " "1, " "0, " "0, " "0, " "0, " "0, " "0, " "0, " "0, " "0, " "0, " "0, " "0, " "0, " "0, " "0, " "0, " "0, " "0, " "0, " "0, " "0, " "0, " "0, " "0, " "0, " "0, " "0, " "0, " "0, " "0, " "0, " "0, " "0, " "0, " "0, " "0, " "0, " "0, " "0, " "0, " "0, " "0, " "0, " "0, " "0, " "0, " "0, " "0, " "0, " "0, " "0, " "0, " "0, " "0, " "0, " "0, " "0, " "0, " "0, " "0, " "0, " "0, " "0, " "0, " "0, " "0, " "0, " "0, " "0, " "0, " "0, " "0, " "0, " "0, " "0, " "0, " "0, " "0, " "0, " "0, " "0, " "0, " "0, " "0, " "0, " "0, " "0, " "0, " "0, " "0, " "0, " "0, " "0, " "0, " "0, " "0, " "0, " "0, " "0, " "0, " "0, " "0, " "0, " "0, " "0, " "0, " "0, " "0, " "0, " "0, " "0, " "0, " "0, " "0, " "0, " "0, " "0, " "0, " "0, " "0, " "0, " "0, " "0, " "0, " "0, " "0, " "0, " "0, " "0, " "0, " "0, " "0, " "0, " "0, " "0, " "0, " "0, " "0, " "0, " "0, " "0, " "0, " "0, " "0, "5000
 "Nei97, 0.105, " "-0.007, " "-0.911, " "0, " "0, " "0, " "0, " "0, " "0, " "0, " "0, " "0, " "0, " "0, " "0, " "0, " "0, " "0, " "0, " "0, " "0, " "0, " "0, " "0, " "0, " "0, " "0, " "0, " "0, " "0, " "0, " "0, " "0, " "0, " "0, " "1, " "0, " "0, " "0, " "0, " "0, " "0, " "0, " "1, " "0, " "0, " "0, " "0, " "0, " "0, " "0, " "0, " "0, " "0, " "0, " "0, " "0, " "0, " "0, " "0, " "0, " "0, " "0, " "0, " "0, " "0, " "0, " "0, " "0, " "0, " "0, " "0, " "0, " "0, " "0, " "0, " "0, " "0, " "0, " "0, " "0, " "0, " "0, " "0, " "0, " "1, " "1, " "1, " "1, " "1, " "1, " "1, " "1, " "1, " "1, " "1, " "1, " "1, " "1, " "1, " "0, " "0, " "1, " "1, " "1, " "1, " "1, " "1, " "1, " "1, " "1, " "1, " "1, " "1, " "1, " "1, " "1, " "0, " "0, " "0, " "0, " "0, " "0, " "0, " "0, " "0, " "0, " "0, " "0, " "0, " "0, " "0, " "0, " "0, " "0, " "0, " "0, " "0, " "0, " "0, " "0, " "0, " "0, " "0, " "0, " "0, " "0, " "0, " "0, " "0, " "0, " "0, " "0, " "0, " "0, " "0, " "0, " "0, " "0, " "0, " "0, " "0, " "0, " "0, " "0, " "0, " "0, " "0, " "0, " "0, " "0, " "0, " "0, " "0, " "0, " "0, " "0, " "0, " "0, " "0, " "0, " "0, " "0, " "0, " "0, " "0, " "0, " "0, " "0, " "0, " "0, " "0, " "0, " "0, " "0, " "0, " "0, " "0, " "0, " "0, " "0, " "0, " "0, " "0, " "0, " "0, " "0, " "0, " "0, " "0, " "0, " "0, " "0, " "0, " "0, " "0, " "0, " "0, " "0, " "0, " "0, " "0, " "0, " "0, " "0, " "0, " "0, " "0, " "0, " "0, " "0, " "0, " "0, " "0, " "0, " "0, " "0, " "0, " "0, " "0, " "0, " "0, " "0, " "0, " "0, " "0, " "0, " "0, " "0, " "0, " "0, " "0, " "0, " "0, " "0, " "0, " "0, " "0, " "0, " "0, "5000
 "Nei98, 0.009, " "-0.951, " "-0.303, " "0, " "0, " "0, " "0, " "0, " "0, " "0, " "0, " "0, " "0, " "0, " "0, " "0, " "0, " "0, " "0, " "0, " "0, " "0, " "0, " "0, " "0, " "0, " "0, " "0, " "0, " "0, " "0, " "0, " "0, " "0, " "0, " "0, " "0, " "0, " "0, " "0, " "0, " "0, " "0, " "0, " "0, " "0, " "0, " "0, " "0, " "0, " "0, " "0, " "0, " "0, " "0, " "0, " "0, " "0, " "0, " "0, " "0, " "0, " "0, " "0, " "0, " "0, " "0, " "0, " "0, " "0, " "0, " "0, " "0, " "0, " "0, " "0, " "0, " "0, " "0, " "0, " "0, " "0, " "0, " "0, " "0, " "1, " "1, " "1, " "1, " "1, " "1, " "1, " "1, " "1, " "1, " "1, " "1, " "1, " "1, " "1, " "0, " "0, " "1, " "1, " "1, " "1, " "1, " "1, " "1, " "1, " "1, " "1, " "1, " "1, " "1, " "1, " "1, " "1, " "0, " "0, " "0, " "0, " "0, " "0, " "0, " "0, " "0, " "0, " "0, " "0, " "0, " "0, " "0, " "0, " "0, " "0, " "0, " "0, " "0, " "0, " "0, " "0, " "0, " "0, " "0, " "0, " "0, " "0, " "0, " "0, " "0, " "0, " "0, " "0, " "0, " "0, " "0, " "0, " "0, " "0, " "1, " "0, " "0, " "0, " "0, " "0, " "0, " "0, " "0, " "0, " "0, " "0, " "0, " "0, " "0, " "0, " "0, " "1, " "0, " "0, " "0, " "0, " "0, " "0, " "0, " "0, " "0, " "0, " "0, " "0, " "0, " "0, " "0, " "0, " "0, " "0, " "0, " "0, " "0, " "0, " "0, " "0, " "0, " "0, " "0, " "0, " "0, " "0, " "0, " "0, " "0, " "0, " "0, " "0, " "0, " "0, " "0, " "0, " "0, " "0, " "0, " "0, " "0, " "0, " "0, " "0, " "0, " "0, " "0, " "0, " "0, " "0, " "0, " "0, " "0, " "0, " "0, " "0, " "0, " "0, " "0, " "0, " "0, " "0, " "0, " "0, " "0, " "0, " "0, " "0, " "0, " "0, " "0, " "0, " "0, " "0, " "0, " "0, " "0, " "0, "5000
 "Nei99, 0.145, " "0.266, " "-0.25, " "0, " "0, " "0, " "0, " "0, " "0, " "0, " "0, " "0, " "0, " "0, " "0, " "0, " "0, " "0, " "0, " "0, " "0, " "0, " "0, " "0, " "0, " "0, " "0, " "0, " "0, " "0, " "0, " "0, " "0, " "0, " "0, " "0, " "0, " "0, " "0, " "0, " "0, " "0, " "0, " "0, " "0, " "0, " "0, " "0, " "0, " "0, " "0, " "0, " "0, " "0, " "0, " "0, " "0, " "0, " "0, " "1, " "0, " "0, " "0, " "0, " "0, " "0, " "0, " "0, " "0, " "0, " "0, " "0, " "0, " "0, " "0, " "0, " "0, " "0, " "0, " "0, " "0, " "0, " "0, " "0, " "0, " "0, " "1, " "1, " "1, " "1, " "1, " "1, " "0, " "1, " "1, " "1, " "1, " "1, " "1, " "1, " "1, " "1, " "0, " "1, " "1, " "1, " "1, " "0, " "1, " "1, " "1, " "1, " "1, " "1, " "1, " "1, " "1, " "1, " "1, " "0, " "0, " "0, " "0, " "0, " "0, " "0, " "0, " "0, " "0, " "0, " "0, " "0, " "0, " "0, " "0, " "0, " "0, " "0, " "0, " "0, " "0, " "0, " "0, " "0, " "0, " "0, " "0, " "0, " "0, " "0, " "0, " "0, " "0, " "0, " "0, " "0, " "0, " "0, " "0, " "0, " "0, " "0, " "0, " "0, " "0, " "0, " "0, " "0, " "0, " "0, " "0, " "0, " "0, " "0, " "0, " "0, " "0, " "0, " "0, " "0, " "0, " "0, " "0, " "0, " "0, " "0, " "0, " "0, " "0, " "0, " "0, " "0, " "0, " "0, " "0, " "0, " "0, " "0, " "0, " "0, " "0, " "1, " "0, " "0, " "0, " "0, " "0, " "0, " "0, " "0, " "0, " "0, " "0, " "0, " "0, " "0, " "0, " "0, " "0, " "0, " "0, " "0, " "0, " "0, " "0, " "0, " "0, " "0, " "0, " "0, " "0, " "0, " "1, " "0, " "0, " "0, " "0, " "0, " "0, " "0, " "0, " "0, " "0, " "0, " "0, " "0, " "0, " "0, " "0, " "0, " "0, " "0, " "0, " "0, " "0, " "0, " "0, " "0, " "0, " "0, "5000
 "Nei100, 0.144, " "-0.722, " "-0.983, " "0, " "0, " "0, " "0, " "0, " "0, " "0, " "0, " "0, " "0, " "0, " "0, " "0, " "0, " "0, " "0, " "0, " "0, " "0, " "0, " "0, " "0, " "0, " "0, " "0, " "0, " "0, " "0, " "0, " "0, " "0, " "0, " "0, " "0, " "0, " "0, " "0, " "0, " "0, " "0, " "0, " "0, " "0, " "0, " "0, " "0, " "0, " "0, " "0, " "0, " "0, " "0, " "0, " "0, " "0, " "0, " "0, " "0, " "0, " "0, " "0, " "0, " "0, " "0, " "0, " "0, " "0, " "0, " "0, " "0, " "0, " "0, " "0, " "0, " "0, " "0, " "0, " "0, " "0, " "0, " "0, " "0, " "0, " "0, " "1, " "0, " "0, " "1, " "1, " "1, " "1, " "1, " "1, " "1, " "1, " "0, " "1, " "1, " "1, " "1, " "0, " "1, " "1, " "1, " "1, " "1, " "1, " "1, " "1, " "1, " "1, " "1, " "1, " "1, " "1, " "1, " "1, " "0, " "0, " "0, " "0, " "0, " "0, " "0, " "0, " "0, " "0, " "0, " "0, " "0, " "0, " "0, " "0, " "0, " "0, " "0, " "0, " "0, " "0, " "0, " "0, " "0, " "0, " "0, " "0, " "0, " "0, " "0, " "0, " "0, " "0, " "0, " "0, " "0, " "0, " "0, " "0, " "0, " "0, " "0, " "0, " "0, " "0, " "0, " "0, " "0, " "0, " "0, " "0, " "0, " "0, " "0, " "0, " "0, " "0, " "0, " "0, " "0, " "0, " "0, " "0, " "0, " "0, " "0, " "0, " "0, " "0, " "0, " "0, " "1, " "0, " "0, " "0, " "0, " "0, " "0, " "0, " "0, " "0, " "0, " "0, " "0, " "0, " "0, " "0, " "0, " "0, " "0, " "0, " "0, " "0, " "0, " "0, " "0, " "0, " "0, " "0, " "0, " "0, " "0, " "0, " "0, " "0, " "0, " "0, " "0, " "0, " "0, " "0, " "0, " "0, " "0, " "0, " "0, " "0, " "0, " "0, " "0, " "0, " "0, " "0, " "0, " "0, " "0, " "0, " "0, " "0, " "0, " "0, " "0, " "0, " "0, " "0, " "0, " "0, " "0, " "0, "5000
 "Nei101, 0.161, " "-0.007, " "-0.912, " "0, " "0, " "0, " "0, " "0, " "0, " "0, " "0, " "0, " "0, " "0, " "0, " "0, " "0, " "0, " "0, " "0, " "0, " "0, " "0, " "1, " "0, " "0, " "0, " "0, " "0, " "0, " "0, " "0, " "0, " "0, " "0, " "0, " "0, " "0, " "0, " "0, " "0, " "0, " "0, " "0, " "0, " "0, " "0, " "0, " "0, " "0, " "0, " "0, " "0, " "0, " "0, " "0, " "0, " "1, " "0, " "0, " "0, " "0, " "0, " "0, " "0, " "0, " "0, " "0, " "0, " "0, " "0, " "0, " "0, " "0, " "0, " "0, " "0, " "0, " "0, " "0, " "0, " "0, " "0, " "0, " "0, " "0, " "0, " "0, " "1, " "1, " "1, " "1, " "1, " "1, " "1, " "1, " "1, " "1, " "1, " "1, " "1, " "1, " "1, " "1, " "0, " "1, " "1, " "1, " "1, " "1, " "1, " "1, " "1, " "1, " "1, " "1, " "1, " "1, " "1, " "1, " "1, " "0, " "0, " "0, " "0, " "0, " "0, " "0, " "0, " "0, " "0, " "0, " "0, " "0, " "0, " "0, " "0, " "0, " "0, " "0, " "0, " "0, " "0, " "0, " "0, " "0, " "0, " "0, " "0, " "0, " "0, " "0, " "0, " "0, " "0, " "0, " "0, " "0, " "0, " "0, " "0, " "0, " "0, " "0, " "0, " "0, " "0, " "0, " "0, " "0, " "0, " "0, " "0, " "0, " "0, " "0, " "0, " "0, " "0, " "0, " "0, " "0, " "0, " "0, " "0, " "0, " "0, " "0, " "0, " "0, " "0, " "0, " "0, " "0, " "0, " "0, " "0, " "0, " "0, " "0, " "0, " "0, " "0, " "0, " "0, " "0, " "0, " "1, " "0, " "0, " "0, " "0, " "0, " "0, " "0, " "0, " "0, " "0, " "0, " "0, " "0, " "0, " "0, " "0, " "1, " "0, " "0, " "0, " "0, " "0, " "0, " "0, " "0, " "0, " "0, " "0, " "0, " "0, " "0, " "0, " "0, " "0, " "0, " "0, " "0, " "0, " "0, " "0, " "0, " "0, " "0, " "0, " "0, " "0, " "0, " "0, " "0, " "0, " "0, " "0, "5000
 "Nei102, 0.132, " "0.484, " "0.398, " "0, " "0, " "0, " "0, " "0, " "0, " "0, " "0, " "0, " "0, " "0, " "0, " "0, " "0, " "0, " "0, " "0, " "0, " "0, " "0, " "0, " "0, " "0, " "0, " "0, " "0, " "0, " "0, " "0, " "0, " "0, " "0, " "0, " "0, " "0, " "0, " "0, " "0, " "0, " "0, " "0, " "0, " "0, " "0, " "0, " "0, " "0, " "0, " "0, " "0, " "0, " "0, " "0, " "0, " "0, " "0, " "0, " "0, " "1, " "0, " "0, " "0, " "0, " "0, " "0, " "0, " "0, " "0, " "0, " "0, " "0, " "0, " "0, " "0, " "0, " "0, " "0, " "0, " "0, " "0, " "0, " "0, " "0, " "0, " "0, " "0, " "1, " "1, " "1, " "1, " "1, " "1, " "0, " "0, " "1, " "1, " "1, " "1, " "1, " "1, " "1, " "1, " "0, " "1, " "1, " "1, " "1, " "1, " "0, " "1, " "1, " "1, " "1, " "1, " "1, " "1, " "1, " "1, " "1, " "0, " "0, " "0, " "0, " "0, " "0, " "0, " "0, " "0, " "0, " "0, " "0, " "0, " "0, " "0, " "0, " "0, " "0, " "0, " "0, " "0, " "0, " "0, " "0, " "0, " "0, " "0, " "0, " "0, " "0, " "0, " "0, " "0, " "0, " "0, " "0, " "0, " "0, " "0, " "0, " "0, " "0, " "0, " "0, " "0, " "0, " "0, " "0, " "0, " "0, " "0, " "0, " "0, " "0, " "0, " "0, " "0, " "0, " "0, " "0, " "0, " "0, " "0, " "0, " "0, " "0, " "0, " "0, " "0, " "0, " "0, " "0, " "0, " "0, " "0, " "0, " "0, " "0, " "0, " "0, " "0, " "0, " "0, " "0, " "0, " "0, " "0, " "0, " "0, " "0, " "0, " "0, " "0, " "0, " "0, " "0, " "0, " "0, " "0, " "0, " "0, " "0, " "0, " "0, " "0, " "0, " "0, " "0, " "0, " "0, " "0, " "0, " "0, " "0, " "0, " "0, " "0, " "0, " "0, " "0, " "0, " "0, " "0, " "0, " "0, " "0, " "0, " "0, " "0, " "0, " "0, " "0, " "0, " "0, " "0, " "0, " "0, " "0, "5000
 "Nei103, 0.002, " "0, " "0.825, " "0, " "0, " "0, " "0, " "0, " "1, " "0, " "0, " "0, " "0, " "0, " "0, " "0, " "0, " "0, " "0, " "0, " "0, " "0, " "0, " "0, " "0, " "0, " "0, " "1, " "0, " "0, " "0, " "0, " "0, " "0, " "0, " "0, " "0, " "0, " "0, " "0, " "0, " "0, " "0, " "0, " "0, " "0, " "0, " "0, " "0, " "0, " "0, " "0, " "0, " "0, " "0, " "0, " "1, " "0, " "0, " "0, " "0, " "0, " "0, " "0, " "0, " "0, " "0, " "0, " "0, " "0, " "0, " "0, " "0, " "0, " "0, " "0, " "0, " "0, " "0, " "0, " "0, " "0, " "0, " "0, " "0, " "0, " "0, " "0, " "0, " "0, " "1, " "1, " "1, " "1, " "1, " "1, " "1, " "1, " "1, " "1, " "1, " "1, " "1, " "1, " "1, " "1, " "0, " "0, " "1, " "1, " "1, " "1, " "1, " "0, " "1, " "1, " "1, " "1, " "1, " "1, " "1, " "1, " "1, " "0, " "0, " "0, " "0, " "0, " "0, " "0, " "0, " "0, " "0, " "0, " "0, " "0, " "0, " "0, " "0, " "0, " "0, " "0, " "0, " "0, " "0, " "0, " "0, " "0, " "0, " "0, " "0, " "1, " "0, " "0, " "0, " "0, " "0, " "0, " "0, " "0, " "0, " "0, " "0, " "0, " "0, " "0, " "0, " "0, " "0, " "0, " "0, " "0, " "0, " "0, " "0, " "0, " "0, " "0, " "0, " "0, " "0, " "0, " "0, " "0, " "0, " "0, " "0, " "0, " "0, " "0, " "0, " "0, " "0, " "0, " "0, " "0, " "0, " "0, " "0, " "0, " "0, " "0, " "0, " "0, " "0, " "0, " "0, " "0, " "0, " "0, " "0, " "0, " "0, " "0, " "0, " "0, " "0, " "0, " "0, " "0, " "0, " "0, " "0, " "0, " "0, " "0, " "0, " "0, " "0, " "0, " "0, " "0, " "0, " "0, " "0, " "0, " "0, " "0, " "0, " "0, " "0, " "0, " "0, " "0, " "0, " "0, " "0, " "0, " "0, " "0, " "0, " "0, " "0, " "0, " "0, " "0, " "0, " "0, " "0, " "0, "5000
 "Nei104, 0.042, " "-0.455, " "-0.165, " "0, " "0, " "0, " "0, " "0, " "0, " "0, " "0, " "0, " "0, " "0, " "0, " "0, " "0, " "0, " "0, " "0, " "0, " "0, " "0, " "0, " "0, " "0, " "0, " "0, " "0, " "0, " "0, " "0, " "0, " "0, " "0, " "0, " "0, " "0, " "0, " "0, " "0, " "0, " "0, " "0, " "0, " "0, " "0, " "0, " "0, " "0, " "0, " "0, " "0, " "0, " "0, " "0, " "0, " "0, " "0, " "0, " "0, " "0, " "0, " "0, " "0, " "0, " "0, " "0, " "0, " "0, " "0, " "0, " "0, " "0, " "0, " "0, " "0, " "0, " "0, " "0, " "0, " "0, " "0, " "0, " "0, " "0, " "0, " "0, " "0, " "0, " "0, " "1, " "1, " "1, " "1, " "1, " "1, " "1, " "1, " "1, " "1, " "1, " "0, " "1, " "1, " "1, " "0, " "0, " "1, " "1, " "1, " "1, " "1, " "1, " "1, " "1, " "1, " "1, " "1, " "1, " "1, " "1, " "1, " "1, " "0, " "0, " "0, " "0, " "0, " "0, " "0, " "0, " "0, " "0, " "0, " "0, " "0, " "0, " "0, " "0, " "0, " "0, " "0, " "0, " "0, " "0, " "0, " "0, " "0, " "1, " "0, " "0, " "0, " "0, " "0, " "0, " "0, " "0, " "0, " "0, " "0, " "0, " "0, " "0, " "0, " "0, " "0, " "0, " "0, " "0, " "0, " "0, " "0, " "0, " "0, " "0, " "0, " "0, " "0, " "0, " "0, " "0, " "0, " "0, " "0, " "0, " "0, " "0, " "0, " "0, " "0, " "0, " "0, " "0, " "0, " "0, " "0, " "0, " "0, " "0, " "0, " "0, " "0, " "0, " "0, " "0, " "0, " "0, " "0, " "0, " "0, " "0, " "0, " "0, " "0, " "0, " "0, " "0, " "0, " "0, " "0, " "0, " "0, " "0, " "0, " "0, " "0, " "0, " "0, " "0, " "0, " "0, " "0, " "0, " "0, " "0, " "0, " "0, " "0, " "0, " "0, " "0, " "0, " "0, " "0, " "0, " "0, " "0, " "0, " "0, " "0, " "0, " "0, " "0, " "0, " "0, " "0, " "0, " "0, " "0, "5000
 "Nei105, 0.031, " "-0.455, " "-0.165, " "0, " "0, " "0, " "0, " "0, " "0, " "0, " "0, " "0, " "0, " "0, " "0, " "0, " "0, " "0, " "0, " "0, " "0, " "0, " "0, " "0, " "0, " "0, " "0, " "0, " "0, " "0, " "0, " "0, " "0, " "0, " "0, " "0, " "0, " "0, " "0, " "0, " "0, " "0, " "0, " "0, " "0, " "0, " "0, " "0, " "0, " "0, " "0, " "0, " "0, " "0, " "0, " "0, " "0, " "0, " "0, " "0, " "0, " "0, " "0, " "0, " "0, " "0, " "0, " "0, " "0, " "0, " "0, " "0, " "0, " "0, " "0, " "0, " "0, " "0, " "0, " "0, " "0, " "0, " "0, " "0, " "0, " "0, " "0, " "0, " "0, " "0, " "0, " "0, " "1, " "1, " "1, " "1, " "1, " "1, " "1, " "1, " "1, " "1, " "1, " "1, " "1, " "1, " "1, " "1, " "0, " "1, " "1, " "1, " "1, " "1, " "1, " "1, " "1, " "1, " "1, " "1, " "1, " "1, " "1, " "1, " "1, " "0, " "0, " "0, " "0, " "0, " "0, " "0, " "0, " "0, " "0, " "0, " "0, " "0, " "0, " "0, " "0, " "0, " "0, " "0, " "0, " "0, " "0, " "0, " "0, " "0, " "0, " "0, " "0, " "0, " "0, " "0, " "0, " "0, " "0, " "0, " "0, " "0, " "0, " "0, " "0, " "0, " "0, " "0, " "0, " "0, " "0, " "0, " "0, " "0, " "0, " "0, " "0, " "0, " "0, " "0, " "0, " "0, " "0, " "0, " "0, " "0, " "0, " "0, " "0, " "0, " "0, " "0, " "0, " "0, " "0, " "0, " "0, " "0, " "0, " "0, " "0, " "0, " "0, " "0, " "0, " "0, " "0, " "0, " "0, " "0, " "0, " "0, " "0, " "0, " "0, " "0, " "0, " "0, " "0, " "0, " "0, " "0, " "0, " "0, " "0, " "0, " "0, " "0, " "0, " "0, " "0, " "0, " "0, " "0, " "0, " "0, " "0, " "0, " "0, " "0, " "0, " "0, " "0, " "0, " "0, " "0, " "0, " "0, " "0, " "0, " "0, " "0, " "0, " "0, " "0, " "0, " "0, " "0, " "0, " "0, "5000
 "Nei106, 0.002, " "-0.455, " "-0.165, " "0, " "0, " "0, " "0, " "0, " "0, " "0, " "0, " "0, " "0, " "0, " "0, " "0, " "0, " "0, " "0, " "0, " "0, " "0, " "0, " "0, " "0, " "0, " "0, " "0, " "0, " "0, " "0, " "0, " "0, " "0, " "0, " "0, " "0, " "0, " "0, " "0, " "0, " "0, " "0, " "0, " "0, " "0, " "0, " "0, " "0, " "0, " "0, " "0, " "0, " "0, " "0, " "0, " "0, " "0, " "0, " "0, " "0, " "0, " "0, " "0, " "0, " "0, " "0, " "0, " "0, " "0, " "0, " "0, " "0, " "0, " "0, " "0, " "0, " "0, " "0, " "0, " "0, " "0, " "0, " "0, " "0, " "0, " "0, " "0, " "0, " "0, " "0, " "0, " "0, " "1, " "1, " "1, " "1, " "1, " "1, " "1, " "1, " "1, " "1, " "1, " "1, " "1, " "1, " "1, " "1, " "0, " "1, " "1, " "1, " "1, " "1, " "1, " "1, " "1, " "1, " "1, " "1, " "1, " "1, " "1, " "1, " "1, " "0, " "0, " "0, " "0, " "0, " "0, " "0, " "0, " "0, " "0, " "0, " "0, " "0, " "0, " "0, " "0, " "0, " "0, " "0, " "0, " "0, " "0, " "0, " "0, " "0, " "0, " "0, " "0, " "0, " "0, " "0, " "0, " "0, " "0, " "0, " "0, " "0, " "0, " "0, " "0, " "0, " "0, " "0, " "0, " "0, " "0, " "0, " "0, " "0, " "0, " "0, " "0, " "0, " "0, " "0, " "0, " "0, " "0, " "0, " "0, " "0, " "0, " "0, " "0, " "0, " "0, " "0, " "0, " "0, " "0, " "0, " "0, " "0, " "0, " "0, " "0, " "0, " "0, " "0, " "0, " "0, " "0, " "0, " "0, " "0, " "0, " "0, " "0, " "0, " "0, " "0, " "0, " "0, " "0, " "0, " "0, " "0, " "0, " "0, " "0, " "0, " "0, " "0, " "0, " "0, " "0, " "0, " "0, " "0, " "0, " "0, " "0, " "0, " "0, " "0, " "0, " "0, " "0, " "0, " "0, " "0, " "0, " "0, " "0, " "0, " "0, " "0, " "0, " "0, " "0, " "0, " "0, " "0, " "0, "5000
 "Nei107, 0.105, " "-0.951, " "-0.303, " "0, " "0, " "0, " "0, " "0, " "0, " "0, " "0, " "0, " "0, " "0, " "0, " "0, " "0, " "0, " "0, " "0, " "0, " "0, " "0, " "0, " "0, " "0, " "0, " "0, " "0, " "0, " "0, " "0, " "0, " "0, " "0, " "0, " "0, " "0, " "0, " "0, " "0, " "0, " "0, " "0, " "0, " "0, " "0, " "0, " "0, " "0, " "0, " "0, " "0, " "0, " "0, " "0, " "0, " "0, " "0, " "0, " "0, " "0, " "0, " "0, " "0, " "0, " "0, " "0, " "0, " "0, " "0, " "0, " "0, " "0, " "0, " "0, " "0, " "0, " "0, " "0, " "0, " "0, " "0, " "0, " "0, " "0, " "0, " "0, " "0, " "0, " "0, " "0, " "0, " "0, " "1, " "1, " "1, " "1, " "1, " "1, " "1, " "1, " "1, " "1, " "1, " "1, " "1, " "1, " "1, " "1, " "0, " "1, " "1, " "1, " "1, " "1, " "1, " "1, " "1, " "0, " "1, " "1, " "1, " "1, " "1, " "1, " "1, " "0, " "0, " "0, " "0, " "0, " "0, " "0, " "0, " "0, " "0, " "0, " "0, " "0, " "0, " "0, " "0, " "0, " "0, " "0, " "0, " "0, " "0, " "0, " "0, " "0, " "0, " "0, " "0, " "0, " "0, " "0, " "0, " "0, " "0, " "0, " "0, " "0, " "0, " "0, " "0, " "0, " "0, " "0, " "0, " "0, " "0, " "0, " "0, " "0, " "0, " "0, " "0, " "1, " "0, " "0, " "0, " "0, " "0, " "0, " "0, " "0, " "0, " "0, " "0, " "0, " "0, " "0, " "0, " "0, " "0, " "0, " "0, " "0, " "0, " "0, " "0, " "0, " "0, " "0, " "0, " "0, " "0, " "0, " "0, " "0, " "0, " "0, " "0, " "0, " "0, " "0, " "0, " "0, " "0, " "0, " "0, " "0, " "0, " "1, " "0, " "0, " "0, " "0, " "0, " "0, " "0, " "0, " "0, " "0, " "0, " "0, " "0, " "0, " "0, " "0, " "0, " "0, " "0, " "0, " "0, " "0, " "0, " "0, " "0, " "0, " "0, " "0, " "0, " "0, " "0, " "0, " "0, " "0, "5000
 "Nei108, 0.106, " "-0.951, " "-0.303, " "0, " "0, " "0, " "0, " "0, " "0, " "0, " "0, " "0, " "0, " "0, " "0, " "0, " "0, " "1, " "0, " "0, " "0, " "0, " "0, " "0, " "0, " "0, " "0, " "0, " "0, " "0, " "0, " "0, " "0, " "0, " "0, " "0, " "0, " "0, " "0, " "0, " "0, " "0, " "0, " "0, " "0, " "0, " "0, " "0, " "0, " "0, " "0, " "0, " "0, " "0, " "0, " "0, " "0, " "0, " "0, " "0, " "0, " "0, " "0, " "0, " "0, " "0, " "0, " "0, " "0, " "0, " "0, " "0, " "0, " "0, " "0, " "0, " "0, " "0, " "0, " "0, " "0, " "0, " "0, " "0, " "0, " "0, " "0, " "0, " "0, " "0, " "0, " "0, " "0, " "0, " "0, " "1, " "1, " "1, " "1, " "1, " "1, " "1, " "1, " "1, " "1, " "0, " "1, " "1, " "1, " "1, " "1, " "0, " "1, " "1, " "1, " "1, " "1, " "1, " "1, " "1, " "1, " "1, " "1, " "1, " "1, " "1, " "1, " "1, " "0, " "0, " "0, " "0, " "0, " "0, " "0, " "0, " "0, " "0, " "0, " "0, " "0, " "0, " "0, " "0, " "0, " "0, " "0, " "0, " "0, " "0, " "0, " "0, " "0, " "0, " "0, " "0, " "0, " "0, " "0, " "0, " "0, " "0, " "0, " "0, " "0, " "0, " "0, " "0, " "0, " "0, " "0, " "0, " "0, " "0, " "0, " "0, " "0, " "0, " "0, " "0, " "0, " "0, " "0, " "0, " "0, " "0, " "0, " "0, " "0, " "0, " "0, " "0, " "0, " "0, " "0, " "0, " "0, " "0, " "0, " "0, " "0, " "0, " "0, " "0, " "0, " "0, " "0, " "0, " "0, " "0, " "0, " "0, " "0, " "0, " "0, " "0, " "0, " "0, " "0, " "0, " "0, " "0, " "0, " "0, " "0, " "0, " "0, " "0, " "0, " "0, " "0, " "0, " "0, " "0, " "0, " "0, " "0, " "0, " "0, " "0, " "0, " "0, " "0, " "0, " "0, " "0, " "0, " "0, " "0, " "0, " "0, " "0, " "0, " "0, " "0, " "0, " "0, " "0, " "0, " "0, "5000
 "Nei109, 0.054, " "-0.007, " "-0.911, " "0, " "0, " "0, " "0, " "0, " "0, " "0, " "0, " "0, " "0, " "0, " "0, " "0, " "0, " "0, " "0, " "0, " "0, " "0, " "0, " "0, " "0, " "0, " "0, " "0, " "0, " "0, " "0, " "0, " "0, " "0, " "0, " "0, " "0, " "0, " "0, " "0, " "0, " "0, " "0, " "0, " "0, " "0, " "0, " "0, " "0, " "0, " "0, " "0, " "0, " "0, " "0, " "0, " "0, " "0, " "0, " "0, " "0, " "0, " "0, " "0, " "0, " "1, " "0, " "0, " "0, " "0, " "0, " "0, " "0, " "0, " "0, " "0, " "0, " "0, " "0, " "0, " "0, " "0, " "0, " "0, " "0, " "0, " "0, " "0, " "0, " "0, " "0, " "0, " "0, " "0, " "0, " "0, " "1, " "1, " "1, " "1, " "1, " "1, " "1, " "1, " "1, " "1, " "1, " "1, " "1, " "1, " "1, " "1, " "0, " "1, " "1, " "1, " "1, " "1, " "1, " "1, " "1, " "1, " "1, " "1, " "0, " "1, " "1, " "1, " "1, " "0, " "0, " "0, " "0, " "0, " "0, " "0, " "0, " "0, " "0, " "0, " "0, " "0, " "0, " "0, " "0, " "0, " "0, " "0, " "0, " "0, " "0, " "0, " "0, " "0, " "0, " "0, " "0, " "0, " "0, " "0, " "0, " "0, " "0, " "0, " "0, " "0, " "0, " "0, " "0, " "0, " "0, " "0, " "0, " "0, " "0, " "0, " "0, " "0, " "0, " "0, " "0, " "0, " "0, " "0, " "0, " "0, " "0, " "0, " "0, " "0, " "0, " "0, " "0, " "0, " "0, " "0, " "0, " "0, " "0, " "0, " "0, " "0, " "0, " "0, " "0, " "0, " "0, " "0, " "0, " "0, " "0, " "0, " "0, " "0, " "0, " "0, " "0, " "0, " "0, " "0, " "0, " "0, " "0, " "0, " "0, " "0, " "0, " "0, " "0, " "0, " "0, " "0, " "0, " "0, " "0, " "0, " "0, " "0, " "0, " "0, " "0, " "0, " "0, " "0, " "0, " "0, " "0, " "0, " "0, " "0, " "0, " "0, " "0, " "0, " "0, " "0, " "0, " "0, " "0, " "0, "5000
 "Nei110, 0.07, " "0.484, " "0.398, " "0, " "0, " "0, " "0, " "0, " "0, " "0, " "0, " "0, " "0, " "1, " "0, " "0, " "0, " "0, " "0, " "0, " "0, " "0, " "0, " "0, " "0, " "0, " "0, " "0, " "0, " "0, " "0, " "0, " "0, " "0, " "0, " "0, " "0, " "0, " "0, " "0, " "0, " "0, " "0, " "0, " "0, " "0, " "0, " "0, " "0, " "0, " "0, " "0, " "0, " "0, " "0, " "0, " "0, " "0, " "0, " "0, " "0, " "0, " "0, " "1, " "0, " "0, " "0, " "0, " "0, " "0, " "0, " "0, " "0, " "0, " "0, " "0, " "0, " "0, " "1, " "0, " "0, " "0, " "0, " "0, " "0, " "0, " "0, " "0, " "0, " "0, " "0, " "0, " "0, " "0, " "0, " "0, " "0, " "1, " "1, " "1, " "1, " "1, " "1, " "1, " "1, " "1, " "0, " "1, " "1, " "1, " "1, " "1, " "1, " "0, " "1, " "1, " "1, " "1, " "1, " "1, " "1, " "1, " "1, " "1, " "1, " "1, " "1, " "1, " "1, " "1, " "0, " "0, " "0, " "0, " "0, " "0, " "0, " "0, " "0, " "0, " "0, " "0, " "0, " "0, " "0, " "0, " "0, " "0, " "0, " "0, " "0, " "0, " "0, " "0, " "0, " "0, " "0, " "0, " "0, " "0, " "0, " "0, " "0, " "0, " "0, " "0, " "0, " "0, " "0, " "0, " "0, " "0, " "0, " "0, " "0, " "0, " "0, " "0, " "0, " "0, " "0, " "0, " "0, " "0, " "0, " "0, " "0, " "0, " "0, " "0, " "0, " "0, " "0, " "0, " "0, " "0, " "0, " "0, " "0, " "0, " "0, " "0, " "0, " "0, " "0, " "0, " "0, " "0, " "0, " "0, " "0, " "0, " "0, " "0, " "0, " "0, " "0, " "0, " "0, " "0, " "0, " "0, " "0, " "0, " "0, " "0, " "0, " "0, " "0, " "0, " "0, " "0, " "0, " "0, " "0, " "0, " "0, " "0, " "0, " "0, " "0, " "0, " "0, " "0, " "0, " "0, " "0, " "0, " "0, " "0, " "0, " "0, " "0, " "0, " "0, " "0, " "0, " "0, " "0, " "0, "5000
 "Nei111, 0.175, " "-0.455, " "-0.165, " "0, " "0, " "0, " "0, " "0, " "0, " "0, " "0, " "0, " "0, " "0, " "0, " "0, " "0, " "0, " "0, " "0, " "0, " "0, " "0, " "0, " "0, " "0, " "0, " "0, " "0, " "0, " "0, " "0, " "0, " "0, " "0, " "0, " "0, " "0, " "0, " "0, " "0, " "0, " "0, " "0, " "0, " "0, " "0, " "0, " "0, " "0, " "0, " "0, " "0, " "0, " "0, " "0, " "0, " "0, " "0, " "0, " "0, " "0, " "0, " "0, " "0, " "0, " "0, " "0, " "0, " "0, " "0, " "0, " "0, " "0, " "0, " "0, " "0, " "0, " "0, " "0, " "0, " "0, " "0, " "0, " "0, " "0, " "0, " "0, " "0, " "0, " "0, " "0, " "0, " "0, " "0, " "0, " "0, " "0, " "1, " "1, " "1, " "1, " "1, " "1, " "1, " "1, " "1, " "1, " "1, " "1, " "1, " "1, " "1, " "1, " "0, " "1, " "1, " "1, " "1, " "1, " "1, " "1, " "1, " "1, " "1, " "1, " "1, " "1, " "1, " "1, " "1, " "0, " "0, " "0, " "0, " "0, " "0, " "0, " "0, " "0, " "1, " "0, " "0, " "0, " "0, " "0, " "0, " "0, " "0, " "0, " "0, " "0, " "0, " "0, " "0, " "0, " "0, " "0, " "0, " "0, " "0, " "0, " "0, " "0, " "0, " "0, " "0, " "0, " "0, " "0, " "0, " "0, " "0, " "0, " "0, " "0, " "0, " "0, " "0, " "0, " "0, " "0, " "0, " "0, " "0, " "0, " "0, " "0, " "0, " "0, " "0, " "0, " "0, " "0, " "0, " "0, " "0, " "0, " "0, " "0, " "0, " "0, " "0, " "0, " "0, " "0, " "0, " "0, " "0, " "0, " "0, " "0, " "0, " "0, " "0, " "0, " "0, " "0, " "0, " "0, " "0, " "0, " "0, " "0, " "0, " "0, " "0, " "0, " "0, " "0, " "0, " "0, " "0, " "0, " "0, " "0, " "0, " "0, " "0, " "0, " "0, " "0, " "0, " "0, " "0, " "0, " "0, " "0, " "0, " "0, " "0, " "0, " "0, " "0, " "0, " "0, " "0, " "0, " "0, " "0, "5000
 "Nei112, 0.092, " "-0.455, " "-0.165, " "0, " "0, " "0, " "0, " "0, " "0, " "0, " "0, " "0, " "0, " "0, " "0, " "1, " "0, " "0, " "0, " "0, " "0, " "0, " "0, " "0, " "0, " "0, " "0, " "0, " "0, " "0, " "0, " "0, " "0, " "0, " "0, " "0, " "0, " "0, " "0, " "0, " "0, " "0, " "0, " "0, " "0, " "0, " "0, " "0, " "0, " "0, " "0, " "0, " "0, " "0, " "0, " "0, " "0, " "0, " "0, " "1, " "0, " "0, " "0, " "0, " "0, " "0, " "0, " "0, " "0, " "0, " "0, " "0, " "0, " "0, " "0, " "0, " "0, " "0, " "0, " "0, " "0, " "0, " "0, " "0, " "0, " "0, " "0, " "0, " "0, " "0, " "0, " "0, " "0, " "0, " "0, " "0, " "0, " "0, " "0, " "1, " "1, " "1, " "1, " "1, " "1, " "1, " "1, " "1, " "1, " "1, " "1, " "1, " "1, " "1, " "1, " "0, " "1, " "1, " "1, " "1, " "1, " "0, " "1, " "1, " "1, " "1, " "1, " "1, " "1, " "1, " "1, " "1, " "0, " "0, " "0, " "0, " "0, " "0, " "0, " "0, " "0, " "0, " "0, " "0, " "0, " "0, " "0, " "0, " "0, " "0, " "0, " "0, " "0, " "0, " "0, " "0, " "0, " "0, " "0, " "0, " "0, " "0, " "0, " "0, " "0, " "0, " "0, " "0, " "0, " "0, " "0, " "0, " "0, " "0, " "0, " "0, " "0, " "0, " "0, " "0, " "0, " "0, " "0, " "0, " "0, " "0, " "0, " "0, " "0, " "0, " "0, " "0, " "0, " "0, " "0, " "0, " "0, " "0, " "0, " "0, " "0, " "0, " "0, " "0, " "0, " "0, " "0, " "0, " "0, " "0, " "0, " "0, " "0, " "0, " "0, " "0, " "0, " "0, " "0, " "0, " "0, " "0, " "0, " "0, " "0, " "0, " "0, " "0, " "0, " "0, " "0, " "0, " "0, " "0, " "0, " "0, " "0, " "0, " "0, " "0, " "0, " "0, " "0, " "0, " "0, " "0, " "0, " "0, " "0, " "0, " "0, " "0, " "0, " "0, " "0, " "0, " "0, " "0, " "0, " "0, "5000
 "Nei113, 0.094, " "0.484, " "0.398, " "0, " "0, " "0, " "0, " "0, " "0, " "0, " "0, " "0, " "0, " "0, " "0, " "0, " "0, " "0, " "0, " "0, " "0, " "0, " "0, " "0, " "0, " "0, " "0, " "0, " "0, " "0, " "0, " "0, " "0, " "0, " "0, " "0, " "1, " "0, " "0, " "0, " "0, " "0, " "0, " "0, " "0, " "0, " "0, " "0, " "0, " "0, " "0, " "0, " "0, " "0, " "0, " "0, " "0, " "0, " "0, " "0, " "0, " "0, " "0, " "0, " "0, " "0, " "0, " "0, " "0, " "0, " "0, " "0, " "0, " "0, " "0, " "0, " "0, " "0, " "0, " "0, " "0, " "0, " "0, " "0, " "0, " "0, " "0, " "0, " "0, " "1, " "0, " "0, " "0, " "0, " "0, " "0, " "0, " "0, " "0, " "0, " "1, " "1, " "1, " "1, " "1, " "1, " "1, " "1, " "1, " "1, " "1, " "1, " "1, " "1, " "1, " "1, " "0, " "1, " "1, " "1, " "0, " "1, " "1, " "1, " "1, " "1, " "1, " "1, " "1, " "1, " "1, " "1, " "1, " "0, " "1, " "0, " "0, " "0, " "0, " "0, " "0, " "0, " "0, " "0, " "0, " "0, " "0, " "0, " "0, " "0, " "0, " "0, " "0, " "0, " "0, " "0, " "0, " "0, " "0, " "0, " "0, " "0, " "0, " "0, " "0, " "0, " "0, " "0, " "0, " "0, " "0, " "0, " "0, " "0, " "0, " "0, " "0, " "0, " "0, " "0, " "0, " "0, " "0, " "0, " "0, " "0, " "0, " "0, " "0, " "0, " "0, " "0, " "0, " "0, " "0, " "0, " "0, " "0, " "0, " "0, " "0, " "0, " "0, " "0, " "0, " "0, " "0, " "0, " "0, " "0, " "0, " "0, " "0, " "0, " "0, " "0, " "0, " "0, " "0, " "0, " "0, " "0, " "0, " "0, " "0, " "0, " "0, " "0, " "0, " "0, " "0, " "0, " "0, " "0, " "0, " "0, " "0, " "0, " "0, " "0, " "0, " "0, " "0, " "0, " "0, " "0, " "0, " "0, " "0, " "0, " "0, " "0, " "0, " "0, " "0, " "0, " "0, " "0, " "0, " "0, "5000
 "Nei114, 0.014, " "-0.455, " "-0.165, " "0, " "0, " "0, " "0, " "0, " "0, " "0, " "1, " "0, " "0, " "0, " "0, " "0, " "0, " "0, " "0, " "0, " "0, " "0, " "0, " "0, " "0, " "0, " "0, " "0, " "0, " "0, " "0, " "0, " "0, " "0, " "0, " "0, " "0, " "0, " "0, " "0, " "0, " "0, " "0, " "0, " "0, " "0, " "0, " "0, " "0, " "0, " "0, " "0, " "0, " "0, " "0, " "0, " "0, " "0, " "0, " "0, " "0, " "0, " "0, " "0, " "0, " "0, " "0, " "0, " "0, " "0, " "0, " "0, " "0, " "0, " "0, " "0, " "0, " "0, " "0, " "0, " "0, " "0, " "0, " "0, " "0, " "0, " "0, " "0, " "0, " "0, " "0, " "0, " "0, " "0, " "0, " "0, " "0, " "0, " "0, " "0, " "0, " "1, " "1, " "1, " "1, " "1, " "1, " "1, " "1, " "1, " "1, " "1, " "1, " "1, " "1, " "1, " "1, " "0, " "1, " "1, " "1, " "1, " "1, " "1, " "1, " "1, " "1, " "1, " "1, " "1, " "1, " "1, " "1, " "0, " "0, " "0, " "0, " "0, " "0, " "0, " "0, " "0, " "0, " "0, " "0, " "0, " "0, " "0, " "0, " "0, " "0, " "0, " "0, " "0, " "0, " "0, " "0, " "0, " "0, " "0, " "0, " "0, " "0, " "0, " "0, " "0, " "0, " "0, " "0, " "0, " "0, " "0, " "0, " "0, " "0, " "0, " "0, " "0, " "0, " "0, " "0, " "0, " "0, " "0, " "0, " "0, " "0, " "0, " "0, " "0, " "0, " "0, " "0, " "0, " "0, " "0, " "0, " "0, " "0, " "0, " "0, " "0, " "0, " "0, " "0, " "0, " "0, " "0, " "0, " "0, " "0, " "0, " "0, " "0, " "0, " "0, " "0, " "0, " "0, " "0, " "0, " "0, " "0, " "0, " "0, " "0, " "0, " "0, " "0, " "0, " "0, " "0, " "0, " "0, " "0, " "0, " "0, " "0, " "0, " "0, " "0, " "0, " "0, " "0, " "0, " "0, " "0, " "0, " "0, " "0, " "0, " "0, " "0, " "0, " "0, " "0, " "0, " "0, " "1, " "0, "5000
 "Nei115, 0.022, " "-0.007, " "-0.911, " "0, " "0, " "0, " "0, " "0, " "0, " "0, " "0, " "0, " "0, " "0, " "0, " "0, " "0, " "0, " "0, " "0, " "0, " "0, " "0, " "0, " "0, " "0, " "0, " "0, " "0, " "0, " "0, " "0, " "0, " "0, " "0, " "0, " "0, " "0, " "0, " "0, " "0, " "0, " "0, " "0, " "0, " "0, " "0, " "0, " "0, " "0, " "0, " "0, " "0, " "0, " "0, " "0, " "0, " "0, " "0, " "0, " "0, " "0, " "0, " "0, " "0, " "0, " "0, " "0, " "0, " "0, " "0, " "0, " "0, " "0, " "0, " "0, " "0, " "0, " "0, " "0, " "0, " "0, " "0, " "0, " "0, " "0, " "0, " "0, " "0, " "0, " "0, " "0, " "0, " "0, " "0, " "0, " "0, " "0, " "0, " "0, " "0, " "0, " "1, " "1, " "1, " "1, " "1, " "1, " "1, " "1, " "1, " "1, " "1, " "1, " "1, " "1, " "1, " "1, " "0, " "1, " "1, " "1, " "1, " "1, " "1, " "1, " "1, " "1, " "1, " "1, " "1, " "1, " "1, " "1, " "1, " "0, " "0, " "0, " "0, " "0, " "0, " "0, " "0, " "0, " "0, " "0, " "0, " "0, " "0, " "0, " "0, " "0, " "0, " "0, " "0, " "0, " "0, " "0, " "0, " "0, " "0, " "0, " "0, " "0, " "0, " "0, " "0, " "0, " "0, " "0, " "0, " "0, " "0, " "0, " "0, " "0, " "0, " "0, " "0, " "0, " "0, " "0, " "0, " "0, " "0, " "0, " "0, " "0, " "0, " "0, " "0, " "0, " "0, " "0, " "0, " "0, " "0, " "0, " "0, " "0, " "0, " "0, " "0, " "0, " "0, " "0, " "0, " "0, " "0, " "0, " "0, " "0, " "0, " "0, " "0, " "0, " "0, " "0, " "0, " "0, " "0, " "0, " "0, " "0, " "0, " "0, " "0, " "0, " "0, " "0, " "0, " "0, " "0, " "0, " "0, " "0, " "0, " "0, " "0, " "0, " "0, " "0, " "0, " "0, " "0, " "0, " "0, " "0, " "0, " "0, " "0, " "0, " "0, " "0, " "0, " "0, " "0, " "0, " "0, " "0, "5000
 "Nei116, 0.092, " "0.484, " "0.398, " "0, " "0, " "0, " "0, " "0, " "0, " "0, " "0, " "0, " "0, " "0, " "0, " "0, " "0, " "0, " "0, " "0, " "0, " "0, " "0, " "0, " "0, " "0, " "0, " "0, " "0, " "0, " "0, " "0, " "0, " "0, " "0, " "0, " "0, " "0, " "0, " "0, " "0, " "0, " "0, " "0, " "0, " "0, " "0, " "0, " "0, " "0, " "0, " "0, " "0, " "0, " "0, " "0, " "0, " "0, " "0, " "0, " "0, " "0, " "0, " "1, " "0, " "0, " "0, " "0, " "0, " "0, " "0, " "0, " "0, " "0, " "0, " "0, " "0, " "0, " "0, " "0, " "0, " "0, " "0, " "0, " "0, " "0, " "0, " "0, " "0, " "0, " "0, " "0, " "0, " "0, " "0, " "0, " "0, " "0, " "0, " "0, " "0, " "0, " "0, " "1, " "1, " "1, " "1, " "1, " "1, " "1, " "0, " "1, " "1, " "1, " "1, " "1, " "1, " "1, " "1, " "0, " "1, " "1, " "1, " "1, " "1, " "1, " "1, " "1, " "1, " "1, " "0, " "1, " "1, " "1, " "1, " "0, " "0, " "0, " "0, " "0, " "0, " "0, " "0, " "0, " "0, " "0, " "0, " "0, " "1, " "0, " "0, " "0, " "0, " "0, " "0, " "0, " "0, " "0, " "0, " "0, " "0, " "0, " "0, " "0, " "0, " "0, " "0, " "0, " "0, " "0, " "0, " "0, " "0, " "0, " "0, " "0, " "0, " "0, " "0, " "0, " "0, " "0, " "0, " "0, " "0, " "0, " "0, " "0, " "0, " "0, " "0, " "0, " "0, " "0, " "0, " "0, " "0, " "0, " "0, " "0, " "0, " "0, " "0, " "0, " "0, " "0, " "0, " "0, " "0, " "0, " "0, " "0, " "0, " "0, " "0, " "0, " "0, " "0, " "0, " "0, " "0, " "0, " "0, " "0, " "0, " "0, " "0, " "0, " "0, " "0, " "0, " "0, " "0, " "0, " "0, " "0, " "0, " "0, " "0, " "0, " "0, " "0, " "0, " "0, " "0, " "0, " "0, " "0, " "0, " "0, " "0, " "0, " "0, " "0, " "0, " "0, " "0, " "0, " "0, " "0, "5000
 "Nei117, 0.182, " "0.484, " "0.398, " "0, " "0, " "0, " "0, " "0, " "0, " "0, " "0, " "0, " "0, " "0, " "0, " "0, " "0, " "0, " "0, " "0, " "0, " "0, " "0, " "0, " "0, " "0, " "0, " "0, " "0, " "0, " "0, " "0, " "0, " "0, " "0, " "0, " "0, " "0, " "0, " "0, " "0, " "0, " "0, " "0, " "0, " "0, " "0, " "0, " "0, " "0, " "0, " "0, " "0, " "0, " "0, " "0, " "0, " "0, " "0, " "0, " "0, " "0, " "0, " "0, " "0, " "0, " "0, " "0, " "0, " "0, " "0, " "0, " "0, " "0, " "0, " "0, " "0, " "0, " "0, " "0, " "1, " "0, " "0, " "0, " "0, " "0, " "0, " "0, " "0, " "0, " "0, " "0, " "0, " "0, " "0, " "0, " "0, " "0, " "0, " "0, " "0, " "0, " "0, " "0, " "1, " "1, " "1, " "1, " "1, " "1, " "1, " "1, " "1, " "1, " "1, " "1, " "0, " "1, " "1, " "1, " "0, " "1, " "1, " "1, " "1, " "1, " "1, " "1, " "1, " "1, " "1, " "1, " "0, " "1, " "1, " "0, " "1, " "0, " "0, " "0, " "0, " "0, " "0, " "1, " "0, " "0, " "0, " "0, " "0, " "0, " "0, " "0, " "0, " "0, " "0, " "0, " "0, " "0, " "0, " "0, " "0, " "0, " "0, " "0, " "0, " "0, " "0, " "0, " "0, " "0, " "0, " "0, " "0, " "0, " "0, " "0, " "0, " "0, " "0, " "0, " "0, " "0, " "0, " "0, " "0, " "0, " "0, " "0, " "0, " "0, " "0, " "0, " "0, " "0, " "0, " "0, " "0, " "0, " "0, " "0, " "0, " "0, " "0, " "0, " "0, " "0, " "0, " "0, " "0, " "0, " "0, " "0, " "0, " "0, " "0, " "0, " "0, " "0, " "0, " "0, " "0, " "0, " "0, " "0, " "0, " "0, " "0, " "0, " "0, " "0, " "0, " "0, " "0, " "0, " "0, " "0, " "0, " "0, " "0, " "0, " "0, " "0, " "0, " "0, " "0, " "0, " "0, " "0, " "0, " "0, " "0, " "0, " "0, " "0, " "0, " "0, " "0, " "0, " "0, " "0, "5000
 "Nei118, 0.001, " "0.484, " "0.398, " "0, " "0, " "0, " "0, " "0, " "0, " "0, " "0, " "0, " "0, " "0, " "0, " "0, " "0, " "0, " "0, " "0, " "0, " "0, " "0, " "0, " "0, " "0, " "0, " "0, " "0, " "0, " "0, " "0, " "0, " "0, " "0, " "0, " "0, " "0, " "0, " "0, " "0, " "0, " "0, " "0, " "0, " "0, " "0, " "0, " "0, " "0, " "0, " "0, " "0, " "0, " "0, " "0, " "0, " "0, " "0, " "0, " "0, " "0, " "0, " "0, " "0, " "0, " "0, " "0, " "0, " "0, " "0, " "0, " "0, " "0, " "0, " "0, " "0, " "0, " "0, " "0, " "0, " "0, " "0, " "0, " "0, " "0, " "0, " "0, " "0, " "0, " "0, " "0, " "0, " "0, " "0, " "0, " "0, " "0, " "0, " "0, " "0, " "0, " "0, " "0, " "0, " "1, " "1, " "1, " "1, " "1, " "1, " "1, " "1, " "1, " "1, " "0, " "1, " "1, " "1, " "1, " "1, " "0, " "1, " "1, " "1, " "1, " "1, " "1, " "1, " "1, " "1, " "1, " "1, " "1, " "1, " "1, " "1, " "1, " "0, " "0, " "0, " "0, " "0, " "0, " "0, " "0, " "0, " "0, " "0, " "0, " "0, " "0, " "0, " "0, " "0, " "0, " "0, " "0, " "0, " "0, " "0, " "0, " "0, " "0, " "0, " "0, " "0, " "0, " "0, " "0, " "0, " "0, " "0, " "0, " "0, " "0, " "0, " "0, " "0, " "0, " "0, " "0, " "0, " "0, " "0, " "0, " "0, " "0, " "0, " "0, " "0, " "0, " "0, " "0, " "0, " "0, " "0, " "0, " "0, " "0, " "0, " "0, " "0, " "0, " "0, " "0, " "0, " "0, " "0, " "0, " "0, " "0, " "0, " "0, " "0, " "0, " "0, " "0, " "0, " "0, " "0, " "0, " "0, " "0, " "0, " "0, " "0, " "0, " "0, " "0, " "0, " "0, " "0, " "0, " "0, " "0, " "0, " "0, " "0, " "0, " "0, " "0, " "0, " "0, " "0, " "0, " "0, " "0, " "0, " "0, " "0, " "0, " "0, " "0, " "0, " "0, " "0, " "0, " "0, " "0, "5000
 "Nei119, 0.056, " "-0.455, " "-0.165, " "0, " "0, " "0, " "0, " "0, " "0, " "0, " "0, " "0, " "0, " "0, " "0, " "0, " "0, " "0, " "0, " "0, " "0, " "0, " "0, " "0, " "0, " "0, " "0, " "0, " "0, " "0, " "0, " "0, " "0, " "0, " "0, " "0, " "0, " "0, " "0, " "0, " "0, " "0, " "0, " "0, " "0, " "0, " "0, " "0, " "0, " "0, " "0, " "0, " "0, " "0, " "0, " "0, " "0, " "0, " "0, " "0, " "0, " "0, " "0, " "0, " "0, " "0, " "0, " "0, " "0, " "0, " "0, " "0, " "0, " "0, " "0, " "0, " "0, " "0, " "0, " "0, " "0, " "0, " "0, " "0, " "0, " "0, " "0, " "0, " "0, " "0, " "0, " "0, " "0, " "0, " "0, " "0, " "0, " "0, " "0, " "0, " "0, " "0, " "0, " "0, " "0, " "0, " "1, " "1, " "1, " "1, " "1, " "1, " "1, " "1, " "1, " "1, " "1, " "1, " "1, " "1, " "1, " "1, " "0, " "1, " "1, " "1, " "1, " "1, " "1, " "1, " "1, " "1, " "1, " "1, " "1, " "1, " "1, " "1, " "1, " "0, " "0, " "0, " "0, " "0, " "0, " "0, " "0, " "1, " "0, " "0, " "0, " "0, " "0, " "0, " "0, " "0, " "0, " "0, " "0, " "0, " "0, " "0, " "0, " "0, " "0, " "0, " "0, " "0, " "0, " "0, " "0, " "0, " "0, " "0, " "0, " "0, " "0, " "0, " "0, " "0, " "0, " "0, " "0, " "0, " "0, " "0, " "0, " "0, " "0, " "0, " "0, " "0, " "0, " "0, " "0, " "0, " "0, " "0, " "0, " "0, " "0, " "0, " "0, " "0, " "0, " "0, " "0, " "0, " "0, " "0, " "0, " "0, " "0, " "0, " "0, " "0, " "0, " "0, " "0, " "0, " "0, " "0, " "0, " "0, " "0, " "0, " "0, " "0, " "0, " "0, " "0, " "0, " "0, " "0, " "0, " "0, " "0, " "0, " "0, " "0, " "0, " "0, " "0, " "0, " "0, " "0, " "0, " "0, " "0, " "0, " "0, " "0, " "0, " "0, " "0, " "0, " "0, " "0, " "0, " "0, "5000
 "Nei120, 0.021, " "0.464, " "-0.674, " "0, " "0, " "0, " "0, " "0, " "0, " "0, " "0, " "0, " "0, " "0, " "0, " "0, " "0, " "0, " "0, " "0, " "0, " "0, " "0, " "0, " "0, " "0, " "0, " "0, " "0, " "0, " "0, " "0, " "0, " "0, " "0, " "0, " "0, " "0, " "0, " "0, " "0, " "0, " "0, " "0, " "0, " "0, " "0, " "0, " "0, " "0, " "0, " "0, " "0, " "0, " "0, " "0, " "0, " "0, " "0, " "0, " "0, " "0, " "0, " "0, " "0, " "0, " "0, " "0, " "0, " "0, " "0, " "0, " "0, " "0, " "0, " "0, " "0, " "0, " "0, " "0, " "0, " "0, " "0, " "0, " "0, " "0, " "0, " "0, " "0, " "0, " "0, " "0, " "0, " "0, " "0, " "0, " "0, " "0, " "0, " "0, " "0, " "0, " "0, " "0, " "0, " "0, " "0, " "1, " "1, " "1, " "1, " "1, " "1, " "1, " "1, " "1, " "1, " "1, " "1, " "1, " "1, " "1, " "1, " "0, " "0, " "1, " "1, " "1, " "1, " "1, " "1, " "1, " "1, " "0, " "1, " "1, " "1, " "1, " "1, " "1, " "0, " "0, " "0, " "0, " "0, " "0, " "0, " "0, " "0, " "0, " "0, " "0, " "0, " "0, " "0, " "0, " "0, " "0, " "0, " "0, " "0, " "0, " "0, " "0, " "0, " "0, " "0, " "0, " "0, " "0, " "0, " "0, " "0, " "0, " "0, " "0, " "0, " "0, " "0, " "0, " "0, " "0, " "0, " "0, " "1, " "0, " "0, " "0, " "0, " "0, " "0, " "0, " "0, " "0, " "0, " "1, " "0, " "0, " "0, " "0, " "0, " "0, " "0, " "0, " "0, " "0, " "0, " "0, " "0, " "0, " "0, " "0, " "0, " "0, " "0, " "0, " "0, " "0, " "0, " "0, " "0, " "0, " "0, " "0, " "0, " "0, " "0, " "0, " "0, " "0, " "0, " "0, " "0, " "0, " "0, " "0, " "0, " "0, " "0, " "0, " "0, " "0, " "0, " "0, " "0, " "0, " "0, " "0, " "0, " "0, " "0, " "0, " "0, " "0, " "0, " "0, " "0, " "1, " "0, " "0, "5000
 "Nei121, 0.135, " "0.484, " "0.398, " "0, " "0, " "0, " "0, " "0, " "0, " "0, " "0, " "0, " "0, " "0, " "0, " "0, " "0, " "0, " "0, " "0, " "0, " "0, " "0, " "0, " "0, " "0, " "0, " "0, " "0, " "0, " "0, " "0, " "0, " "0, " "0, " "0, " "0, " "0, " "0, " "0, " "0, " "0, " "0, " "0, " "0, " "0, " "0, " "0, " "0, " "0, " "0, " "0, " "0, " "0, " "0, " "0, " "0, " "0, " "0, " "0, " "0, " "0, " "0, " "0, " "0, " "0, " "0, " "0, " "0, " "0, " "0, " "0, " "0, " "0, " "0, " "0, " "0, " "0, " "0, " "0, " "0, " "0, " "0, " "0, " "0, " "0, " "0, " "0, " "0, " "0, " "0, " "0, " "0, " "0, " "0, " "0, " "0, " "0, " "0, " "0, " "0, " "0, " "0, " "0, " "0, " "0, " "0, " "0, " "1, " "1, " "1, " "1, " "0, " "1, " "1, " "1, " "1, " "1, " "1, " "1, " "1, " "1, " "1, " "0, " "0, " "1, " "1, " "1, " "1, " "1, " "0, " "1, " "1, " "1, " "1, " "1, " "1, " "1, " "1, " "1, " "1, " "0, " "0, " "0, " "0, " "0, " "0, " "0, " "0, " "0, " "0, " "0, " "0, " "0, " "0, " "0, " "0, " "0, " "0, " "0, " "0, " "0, " "0, " "0, " "0, " "0, " "0, " "0, " "0, " "0, " "0, " "0, " "0, " "0, " "0, " "0, " "0, " "0, " "0, " "0, " "0, " "0, " "0, " "0, " "1, " "0, " "0, " "0, " "0, " "0, " "0, " "0, " "0, " "0, " "0, " "0, " "0, " "0, " "0, " "0, " "0, " "0, " "0, " "0, " "0, " "0, " "0, " "1, " "0, " "0, " "0, " "0, " "0, " "0, " "0, " "0, " "0, " "0, " "0, " "0, " "0, " "0, " "0, " "0, " "0, " "0, " "0, " "0, " "0, " "0, " "0, " "0, " "0, " "0, " "0, " "0, " "0, " "0, " "0, " "0, " "0, " "0, " "0, " "0, " "0, " "0, " "0, " "0, " "0, " "0, " "0, " "0, " "0, " "0, " "0, " "0, " "0, " "0, " "0, " "0, "5000
 "Nei122, 0.029, " "0.484, " "0.398, " "0, " "0, " "0, " "0, " "0, " "0, " "0, " "0, " "0, " "0, " "0, " "0, " "0, " "0, " "0, " "0, " "0, " "0, " "0, " "0, " "0, " "0, " "0, " "0, " "0, " "0, " "0, " "0, " "0, " "0, " "0, " "0, " "0, " "0, " "0, " "0, " "0, " "0, " "0, " "0, " "0, " "0, " "0, " "0, " "0, " "0, " "0, " "0, " "0, " "0, " "0, " "0, " "0, " "0, " "0, " "0, " "0, " "0, " "0, " "0, " "0, " "0, " "0, " "0, " "0, " "0, " "0, " "0, " "0, " "0, " "0, " "0, " "0, " "0, " "0, " "0, " "0, " "0, " "0, " "0, " "0, " "0, " "0, " "0, " "0, " "0, " "0, " "0, " "0, " "0, " "0, " "0, " "0, " "0, " "0, " "0, " "0, " "0, " "0, " "0, " "0, " "0, " "0, " "0, " "0, " "0, " "1, " "1, " "1, " "1, " "1, " "1, " "1, " "1, " "1, " "1, " "1, " "1, " "1, " "1, " "1, " "1, " "0, " "1, " "1, " "1, " "1, " "1, " "1, " "1, " "1, " "1, " "1, " "1, " "1, " "1, " "1, " "1, " "1, " "0, " "0, " "0, " "0, " "0, " "0, " "0, " "0, " "0, " "0, " "0, " "0, " "0, " "0, " "0, " "0, " "0, " "0, " "0, " "0, " "0, " "0, " "0, " "0, " "0, " "0, " "0, " "0, " "0, " "0, " "0, " "0, " "0, " "0, " "0, " "0, " "0, " "0, " "0, " "0, " "0, " "0, " "0, " "0, " "0, " "0, " "0, " "0, " "0, " "0, " "0, " "0, " "0, " "0, " "0, " "0, " "0, " "0, " "0, " "0, " "0, " "0, " "0, " "0, " "0, " "0, " "0, " "0, " "0, " "0, " "0, " "0, " "0, " "0, " "0, " "0, " "0, " "0, " "0, " "0, " "0, " "0, " "0, " "0, " "0, " "0, " "0, " "0, " "0, " "0, " "0, " "0, " "0, " "0, " "0, " "0, " "0, " "0, " "0, " "0, " "0, " "0, " "0, " "0, " "0, " "0, " "0, " "0, " "0, " "0, " "0, " "0, " "0, " "0, " "0, " "0, " "0, " "0, "5000
 "Nei123, 0.123, " "0.484, " "0.398, " "0, " "0, " "0, " "0, " "0, " "0, " "0, " "0, " "0, " "0, " "0, " "0, " "0, " "0, " "0, " "0, " "0, " "0, " "0, " "0, " "0, " "0, " "0, " "0, " "0, " "0, " "0, " "0, " "0, " "0, " "0, " "0, " "0, " "0, " "0, " "0, " "0, " "0, " "0, " "0, " "0, " "0, " "0, " "0, " "0, " "0, " "0, " "0, " "0, " "0, " "0, " "0, " "0, " "0, " "0, " "0, " "0, " "0, " "0, " "0, " "0, " "0, " "0, " "0, " "0, " "0, " "0, " "0, " "0, " "0, " "0, " "0, " "0, " "0, " "0, " "0, " "0, " "0, " "0, " "0, " "0, " "0, " "0, " "0, " "0, " "0, " "0, " "0, " "0, " "0, " "0, " "0, " "0, " "0, " "0, " "0, " "0, " "0, " "0, " "0, " "0, " "0, " "0, " "0, " "0, " "0, " "0, " "1, " "1, " "1, " "1, " "1, " "1, " "1, " "1, " "1, " "1, " "1, " "1, " "1, " "1, " "1, " "1, " "0, " "0, " "1, " "1, " "1, " "1, " "1, " "1, " "1, " "1, " "1, " "1, " "1, " "0, " "1, " "1, " "1, " "0, " "0, " "0, " "0, " "0, " "0, " "0, " "0, " "0, " "0, " "0, " "0, " "0, " "0, " "0, " "0, " "0, " "0, " "0, " "0, " "0, " "0, " "0, " "0, " "0, " "0, " "0, " "0, " "0, " "0, " "0, " "0, " "0, " "0, " "0, " "0, " "0, " "0, " "0, " "0, " "1, " "0, " "0, " "0, " "0, " "0, " "0, " "0, " "0, " "0, " "0, " "0, " "0, " "0, " "0, " "0, " "0, " "0, " "0, " "0, " "0, " "0, " "0, " "0, " "0, " "0, " "0, " "0, " "0, " "0, " "0, " "0, " "0, " "0, " "0, " "0, " "0, " "0, " "0, " "0, " "0, " "0, " "1, " "0, " "0, " "0, " "0, " "0, " "0, " "0, " "0, " "0, " "0, " "0, " "0, " "0, " "0, " "0, " "0, " "0, " "0, " "0, " "1, " "1, " "0, " "0, " "0, " "0, " "0, " "0, " "0, " "0, " "0, " "0, " "0, " "0, " "0, "5000
 "Nei124, 0.191, " "0.484, " "0.398, " "0, " "0, " "0, " "0, " "0, " "0, " "0, " "0, " "0, " "0, " "0, " "0, " "0, " "0, " "0, " "0, " "0, " "0, " "0, " "0, " "0, " "0, " "0, " "0, " "0, " "0, " "0, " "0, " "0, " "0, " "0, " "0, " "0, " "0, " "0, " "0, " "0, " "0, " "0, " "0, " "0, " "0, " "0, " "0, " "0, " "0, " "0, " "0, " "0, " "0, " "0, " "0, " "0, " "0, " "0, " "0, " "0, " "0, " "0, " "0, " "0, " "0, " "0, " "0, " "0, " "0, " "0, " "0, " "0, " "0, " "0, " "0, " "0, " "0, " "0, " "0, " "0, " "0, " "0, " "0, " "0, " "0, " "0, " "0, " "0, " "0, " "0, " "0, " "0, " "0, " "0, " "0, " "0, " "0, " "0, " "0, " "0, " "0, " "0, " "0, " "0, " "0, " "0, " "0, " "0, " "0, " "0, " "0, " "1, " "1, " "1, " "1, " "1, " "1, " "1, " "1, " "1, " "1, " "1, " "1, " "1, " "1, " "1, " "0, " "0, " "1, " "1, " "1, " "1, " "1, " "1, " "1, " "1, " "1, " "1, " "1, " "1, " "1, " "1, " "1, " "1, " "0, " "0, " "0, " "0, " "0, " "0, " "0, " "0, " "0, " "0, " "0, " "0, " "0, " "0, " "0, " "0, " "0, " "0, " "0, " "0, " "0, " "0, " "0, " "0, " "0, " "0, " "0, " "0, " "0, " "0, " "0, " "0, " "0, " "0, " "0, " "0, " "0, " "0, " "0, " "0, " "0, " "0, " "0, " "0, " "0, " "0, " "0, " "0, " "0, " "0, " "0, " "0, " "0, " "0, " "0, " "0, " "0, " "0, " "0, " "0, " "0, " "0, " "0, " "0, " "0, " "0, " "0, " "0, " "0, " "0, " "0, " "0, " "0, " "0, " "0, " "0, " "0, " "0, " "0, " "0, " "0, " "0, " "0, " "0, " "0, " "0, " "0, " "0, " "0, " "0, " "0, " "0, " "0, " "0, " "0, " "0, " "0, " "0, " "0, " "0, " "0, " "0, " "0, " "0, " "0, " "0, " "0, " "0, " "0, " "0, " "0, " "0, " "0, " "0, " "0, " "0, "5000
 "Nei125, 0.168, " "0.484, " "0.398, " "0, " "0, " "0, " "0, " "0, " "0, " "0, " "0, " "0, " "0, " "0, " "0, " "0, " "0, " "0, " "0, " "0, " "0, " "0, " "0, " "0, " "0, " "0, " "0, " "0, " "0, " "0, " "0, " "0, " "0, " "0, " "0, " "0, " "0, " "0, " "0, " "0, " "0, " "0, " "0, " "0, " "0, " "0, " "0, " "0, " "0, " "0, " "0, " "0, " "0, " "0, " "0, " "0, " "0, " "0, " "0, " "0, " "0, " "0, " "0, " "0, " "0, " "0, " "0, " "0, " "0, " "0, " "0, " "0, " "0, " "0, " "0, " "0, " "0, " "0, " "0, " "0, " "0, " "0, " "0, " "0, " "0, " "0, " "0, " "0, " "0, " "0, " "0, " "0, " "0, " "0, " "0, " "0, " "0, " "0, " "0, " "0, " "0, " "0, " "0, " "0, " "0, " "0, " "0, " "0, " "0, " "0, " "0, " "0, " "1, " "1, " "1, " "1, " "1, " "1, " "1, " "1, " "1, " "1, " "1, " "1, " "1, " "1, " "1, " "1, " "0, " "1, " "1, " "1, " "1, " "1, " "1, " "1, " "1, " "1, " "1, " "1, " "1, " "1, " "1, " "1, " "1, " "0, " "0, " "0, " "0, " "0, " "0, " "0, " "0, " "0, " "0, " "0, " "0, " "0, " "0, " "0, " "0, " "0, " "0, " "0, " "0, " "0, " "0, " "0, " "0, " "0, " "0, " "0, " "0, " "0, " "0, " "0, " "0, " "0, " "0, " "0, " "0, " "0, " "0, " "0, " "0, " "0, " "0, " "0, " "0, " "0, " "0, " "0, " "0, " "0, " "0, " "0, " "0, " "0, " "0, " "0, " "0, " "0, " "0, " "0, " "0, " "0, " "0, " "0, " "0, " "0, " "0, " "0, " "0, " "0, " "0, " "0, " "0, " "0, " "0, " "0, " "0, " "0, " "0, " "0, " "0, " "0, " "0, " "0, " "0, " "0, " "0, " "0, " "0, " "0, " "0, " "0, " "0, " "0, " "0, " "0, " "0, " "0, " "0, " "0, " "0, " "0, " "0, " "0, " "0, " "0, " "0, " "0, " "0, " "0, " "0, " "0, " "0, " "0, " "1, " "0, "5000
 "Nei126, 0.014, " "-0.861, " "-0.584, " "0, " "0, " "0, " "0, " "0, " "0, " "0, " "0, " "0, " "0, " "0, " "0, " "0, " "0, " "0, " "0, " "0, " "0, " "0, " "0, " "0, " "0, " "0, " "0, " "0, " "0, " "0, " "0, " "0, " "0, " "0, " "0, " "0, " "0, " "0, " "0, " "0, " "0, " "0, " "0, " "0, " "0, " "0, " "0, " "0, " "0, " "0, " "0, " "0, " "0, " "0, " "0, " "0, " "0, " "0, " "0, " "0, " "0, " "0, " "0, " "0, " "0, " "0, " "0, " "0, " "0, " "0, " "0, " "0, " "0, " "0, " "0, " "0, " "0, " "0, " "0, " "0, " "0, " "0, " "0, " "0, " "0, " "0, " "0, " "0, " "0, " "0, " "0, " "0, " "0, " "0, " "0, " "0, " "0, " "0, " "0, " "0, " "0, " "0, " "0, " "0, " "0, " "0, " "0, " "0, " "0, " "0, " "0, " "0, " "0, " "1, " "1, " "1, " "1, " "1, " "1, " "1, " "1, " "1, " "1, " "1, " "1, " "1, " "1, " "1, " "1, " "0, " "1, " "1, " "1, " "1, " "1, " "1, " "1, " "1, " "0, " "1, " "1, " "1, " "1, " "1, " "1, " "1, " "0, " "0, " "0, " "0, " "0, " "0, " "0, " "0, " "0, " "0, " "0, " "0, " "0, " "0, " "0, " "0, " "0, " "0, " "0, " "0, " "0, " "0, " "0, " "0, " "0, " "0, " "0, " "0, " "0, " "0, " "0, " "0, " "0, " "0, " "0, " "0, " "0, " "0, " "0, " "0, " "0, " "0, " "0, " "0, " "0, " "0, " "0, " "0, " "0, " "0, " "0, " "0, " "0, " "0, " "0, " "0, " "0, " "0, " "0, " "0, " "0, " "0, " "0, " "0, " "0, " "0, " "0, " "0, " "0, " "0, " "0, " "0, " "0, " "0, " "0, " "0, " "0, " "0, " "0, " "0, " "0, " "0, " "0, " "0, " "0, " "0, " "0, " "0, " "0, " "0, " "0, " "0, " "0, " "0, " "0, " "1, " "0, " "0, " "0, " "0, " "0, " "0, " "0, " "0, " "0, " "0, " "0, " "1, " "0, " "0, " "0, " "0, " "0, " "0, "5000
 "Nei127, 0.182, " "-0.827, " "0.897, " "0, " "0, " "0, " "0, " "0, " "0, " "0, " "0, " "0, " "0, " "0, " "0, " "0, " "0, " "0, " "0, " "0, " "0, " "0, " "0, " "0, " "0, " "0, " "0, " "0, " "0, " "0, " "0, " "0, " "0, " "0, " "0, " "0, " "0, " "0, " "0, " "0, " "0, " "0, " "0, " "0, " "0, " "0, " "0, " "0, " "0, " "0, " "0, " "0, " "0, " "0, " "0, " "0, " "0, " "0, " "0, " "0, " "0, " "0, " "0, " "0, " "0, " "0, " "0, " "0, " "0, " "0, " "0, " "0, " "0, " "0, " "0, " "0, " "0, " "0, " "0, " "0, " "0, " "0, " "0, " "0, " "0, " "0, " "0, " "0, " "0, " "0, " "0, " "0, " "0, " "0, " "0, " "0, " "0, " "0, " "0, " "0, " "0, " "0, " "0, " "0, " "0, " "0, " "0, " "0, " "0, " "0, " "0, " "0, " "0, " "0, " "1, " "1, " "1, " "1, " "1, " "0, " "1, " "1, " "1, " "1, " "0, " "1, " "1, " "1, " "1, " "1, " "0, " "1, " "1, " "1, " "1, " "1, " "1, " "1, " "1, " "1, " "1, " "1, " "1, " "1, " "1, " "1, " "1, " "0, " "0, " "0, " "0, " "0, " "0, " "0, " "0, " "0, " "0, " "0, " "0, " "0, " "0, " "0, " "0, " "0, " "0, " "0, " "0, " "0, " "0, " "0, " "0, " "0, " "0, " "0, " "0, " "0, " "0, " "0, " "0, " "0, " "0, " "0, " "0, " "0, " "0, " "0, " "0, " "0, " "0, " "0, " "0, " "0, " "0, " "0, " "0, " "0, " "0, " "0, " "0, " "0, " "0, " "0, " "0, " "0, " "0, " "0, " "0, " "0, " "0, " "0, " "0, " "0, " "0, " "0, " "0, " "0, " "0, " "0, " "0, " "0, " "0, " "0, " "0, " "0, " "0, " "0, " "0, " "0, " "0, " "0, " "0, " "0, " "0, " "0, " "0, " "0, " "0, " "0, " "0, " "0, " "0, " "0, " "0, " "0, " "0, " "0, " "0, " "0, " "0, " "0, " "0, " "0, " "0, " "0, " "0, " "0, " "0, " "0, " "0, " "0, "5000
 "Nei128, 0.038, " "-0.77, " "0.233, " "0, " "0, " "0, " "0, " "0, " "0, " "0, " "0, " "0, " "0, " "0, " "0, " "0, " "0, " "0, " "0, " "0, " "0, " "0, " "0, " "0, " "0, " "0, " "0, " "0, " "0, " "0, " "0, " "0, " "0, " "0, " "0, " "0, " "0, " "0, " "0, " "0, " "0, " "0, " "0, " "0, " "0, " "0, " "0, " "0, " "0, " "0, " "0, " "0, " "0, " "0, " "0, " "0, " "0, " "0, " "0, " "0, " "0, " "0, " "0, " "0, " "0, " "0, " "0, " "0, " "0, " "0, " "0, " "0, " "0, " "0, " "0, " "0, " "0, " "0, " "0, " "0, " "0, " "0, " "0, " "0, " "0, " "0, " "0, " "0, " "0, " "0, " "0, " "0, " "0, " "0, " "0, " "0, " "0, " "0, " "0, " "0, " "0, " "0, " "0, " "0, " "0, " "0, " "0, " "0, " "0, " "0, " "0, " "0, " "0, " "0, " "0, " "1, " "1, " "1, " "1, " "1, " "1, " "1, " "1, " "1, " "1, " "1, " "1, " "1, " "1, " "1, " "1, " "0, " "1, " "1, " "1, " "1, " "1, " "1, " "1, " "1, " "1, " "1, " "1, " "1, " "1, " "1, " "1, " "1, " "0, " "0, " "0, " "0, " "0, " "0, " "0, " "0, " "0, " "0, " "0, " "0, " "0, " "0, " "0, " "0, " "0, " "0, " "0, " "0, " "0, " "0, " "0, " "0, " "0, " "0, " "0, " "0, " "0, " "0, " "0, " "0, " "0, " "0, " "0, " "0, " "0, " "0, " "0, " "0, " "0, " "0, " "0, " "0, " "0, " "0, " "0, " "0, " "0, " "0, " "0, " "0, " "0, " "0, " "0, " "0, " "0, " "0, " "0, " "0, " "1, " "0, " "0, " "0, " "0, " "0, " "0, " "0, " "0, " "0, " "0, " "0, " "0, " "0, " "0, " "0, " "0, " "0, " "0, " "0, " "0, " "0, " "0, " "0, " "0, " "0, " "0, " "0, " "0, " "0, " "0, " "0, " "0, " "0, " "0, " "0, " "0, " "0, " "0, " "0, " "0, " "0, " "0, " "0, " "0, " "0, " "0, " "0, " "0, " "0, " "0, " "0, "5000
 "Nei129, 0.02, " "0.484, " "0.398, " "0, " "0, " "0, " "0, " "0, " "0, " "0, " "0, " "0, " "0, " "0, " "0, " "0, " "0, " "0, " "0, " "0, " "0, " "0, " "0, " "0, " "0, " "0, " "0, " "0, " "0, " "0, " "0, " "0, " "0, " "0, " "0, " "0, " "0, " "0, " "0, " "0, " "0, " "0, " "0, " "0, " "0, " "0, " "0, " "0, " "0, " "0, " "0, " "0, " "0, " "0, " "0, " "0, " "0, " "0, " "0, " "0, " "0, " "0, " "0, " "0, " "0, " "0, " "0, " "0, " "0, " "0, " "0, " "0, " "0, " "0, " "0, " "0, " "0, " "0, " "0, " "1, " "0, " "0, " "0, " "0, " "0, " "0, " "0, " "0, " "0, " "0, " "0, " "0, " "0, " "0, " "0, " "0, " "0, " "0, " "0, " "0, " "0, " "0, " "0, " "0, " "0, " "0, " "0, " "0, " "0, " "0, " "0, " "0, " "0, " "0, " "0, " "0, " "1, " "1, " "1, " "1, " "0, " "1, " "1, " "1, " "1, " "1, " "1, " "1, " "1, " "1, " "1, " "1, " "0, " "1, " "1, " "1, " "1, " "1, " "1, " "1, " "1, " "1, " "0, " "1, " "1, " "1, " "1, " "1, " "1, " "0, " "0, " "0, " "0, " "0, " "0, " "0, " "0, " "0, " "0, " "0, " "0, " "0, " "0, " "0, " "0, " "0, " "0, " "0, " "0, " "0, " "0, " "0, " "0, " "0, " "0, " "0, " "0, " "0, " "0, " "0, " "0, " "0, " "0, " "0, " "0, " "0, " "0, " "0, " "0, " "0, " "0, " "0, " "0, " "0, " "0, " "0, " "0, " "0, " "0, " "0, " "0, " "0, " "0, " "0, " "0, " "0, " "0, " "0, " "0, " "0, " "0, " "0, " "0, " "0, " "0, " "0, " "0, " "0, " "0, " "0, " "0, " "0, " "0, " "0, " "0, " "0, " "0, " "0, " "0, " "0, " "0, " "0, " "0, " "0, " "0, " "0, " "0, " "0, " "0, " "0, " "0, " "0, " "0, " "0, " "0, " "0, " "0, " "0, " "0, " "0, " "0, " "0, " "0, " "0, " "0, " "0, " "0, " "0, " "0, " "0, "5000
 "Nei130, 0.14, " "0.484, " "0.398, " "0, " "0, " "0, " "0, " "0, " "0, " "0, " "0, " "0, " "0, " "0, " "0, " "0, " "0, " "0, " "0, " "0, " "0, " "0, " "0, " "0, " "0, " "0, " "0, " "0, " "0, " "0, " "0, " "0, " "0, " "0, " "0, " "0, " "0, " "0, " "0, " "0, " "0, " "0, " "0, " "0, " "0, " "0, " "0, " "0, " "0, " "0, " "0, " "0, " "0, " "0, " "0, " "0, " "0, " "0, " "0, " "0, " "0, " "0, " "0, " "0, " "0, " "0, " "0, " "0, " "0, " "0, " "0, " "0, " "0, " "0, " "0, " "0, " "0, " "0, " "0, " "0, " "0, " "0, " "0, " "0, " "0, " "0, " "0, " "0, " "0, " "0, " "0, " "0, " "0, " "0, " "0, " "0, " "0, " "0, " "0, " "0, " "0, " "0, " "0, " "0, " "0, " "0, " "0, " "0, " "0, " "0, " "0, " "0, " "0, " "0, " "0, " "0, " "0, " "0, " "1, " "1, " "1, " "1, " "1, " "0, " "1, " "1, " "1, " "1, " "1, " "1, " "1, " "1, " "1, " "0, " "1, " "1, " "1, " "1, " "1, " "1, " "1, " "1, " "1, " "1, " "1, " "0, " "1, " "1, " "1, " "1, " "0, " "0, " "0, " "0, " "0, " "0, " "0, " "0, " "0, " "0, " "0, " "0, " "0, " "0, " "0, " "0, " "0, " "0, " "0, " "0, " "0, " "0, " "0, " "0, " "0, " "0, " "0, " "0, " "0, " "0, " "0, " "0, " "0, " "0, " "0, " "0, " "0, " "0, " "0, " "0, " "0, " "0, " "0, " "0, " "0, " "0, " "0, " "0, " "0, " "0, " "0, " "0, " "0, " "0, " "0, " "0, " "0, " "0, " "0, " "0, " "0, " "0, " "0, " "0, " "0, " "0, " "0, " "0, " "0, " "0, " "0, " "0, " "0, " "0, " "0, " "0, " "0, " "0, " "0, " "0, " "0, " "0, " "0, " "0, " "0, " "1, " "0, " "0, " "0, " "0, " "0, " "0, " "0, " "0, " "0, " "0, " "0, " "0, " "0, " "0, " "0, " "0, " "0, " "0, " "0, " "0, " "0, " "0, " "0, " "0, "5000
 "Nei131, 0.045, " "0.484, " "0.398, " "0, " "0, " "0, " "0, " "0, " "0, " "0, " "0, " "0, " "0, " "0, " "0, " "0, " "0, " "0, " "0, " "0, " "0, " "0, " "0, " "0, " "0, " "0, " "0, " "0, " "0, " "0, " "0, " "0, " "0, " "0, " "0, " "0, " "0, " "0, " "0, " "0, " "0, " "0, " "0, " "0, " "0, " "0, " "0, " "0, " "0, " "0, " "0, " "0, " "0, " "0, " "0, " "0, " "0, " "0, " "0, " "0, " "0, " "0, " "0, " "0, " "0, " "0, " "0, " "0, " "0, " "0, " "0, " "0, " "0, " "0, " "0, " "0, " "0, " "0, " "0, " "0, " "0, " "0, " "0, " "0, " "0, " "0, " "0, " "0, " "0, " "0, " "0, " "0, " "0, " "0, " "0, " "0, " "0, " "0, " "0, " "0, " "0, " "0, " "0, " "0, " "0, " "0, " "0, " "0, " "0, " "0, " "0, " "0, " "0, " "0, " "0, " "0, " "1, " "0, " "1, " "1, " "1, " "1, " "1, " "1, " "1, " "1, " "1, " "1, " "1, " "1, " "1, " "1, " "1, " "1, " "0, " "0, " "1, " "0, " "1, " "1, " "1, " "1, " "1, " "1, " "1, " "1, " "1, " "1, " "1, " "1, " "1, " "0, " "0, " "0, " "0, " "0, " "0, " "0, " "0, " "0, " "0, " "0, " "0, " "0, " "0, " "0, " "0, " "0, " "0, " "0, " "0, " "0, " "0, " "0, " "0, " "0, " "0, " "0, " "0, " "0, " "0, " "0, " "0, " "0, " "0, " "0, " "0, " "0, " "0, " "0, " "0, " "0, " "0, " "0, " "0, " "0, " "0, " "0, " "0, " "0, " "0, " "0, " "0, " "0, " "0, " "0, " "0, " "0, " "0, " "0, " "0, " "0, " "0, " "0, " "0, " "0, " "0, " "0, " "0, " "0, " "0, " "0, " "0, " "0, " "0, " "0, " "0, " "0, " "0, " "0, " "0, " "0, " "0, " "0, " "0, " "1, " "0, " "0, " "0, " "0, " "0, " "0, " "0, " "0, " "0, " "0, " "0, " "0, " "0, " "0, " "0, " "0, " "0, " "0, " "0, " "0, " "0, " "0, " "0, " "0, "5000
 "Nei132, 0.007, " "-0.457, " "-0.164, " "0, " "0, " "0, " "0, " "0, " "0, " "0, " "0, " "0, " "0, " "0, " "0, " "0, " "0, " "0, " "0, " "0, " "0, " "0, " "0, " "0, " "0, " "0, " "0, " "0, " "0, " "0, " "0, " "0, " "0, " "0, " "0, " "0, " "0, " "0, " "0, " "0, " "0, " "0, " "0, " "0, " "0, " "0, " "0, " "0, " "0, " "0, " "0, " "0, " "0, " "0, " "0, " "0, " "0, " "0, " "0, " "0, " "0, " "0, " "0, " "0, " "0, " "0, " "0, " "0, " "0, " "0, " "1, " "0, " "0, " "0, " "0, " "0, " "0, " "0, " "0, " "0, " "0, " "0, " "0, " "0, " "0, " "0, " "0, " "0, " "0, " "0, " "0, " "0, " "0, " "0, " "0, " "0, " "0, " "0, " "0, " "0, " "0, " "0, " "0, " "0, " "0, " "0, " "0, " "0, " "0, " "0, " "0, " "0, " "0, " "0, " "0, " "0, " "0, " "0, " "0, " "0, " "0, " "1, " "1, " "1, " "1, " "1, " "1, " "1, " "1, " "1, " "1, " "1, " "1, " "1, " "0, " "0, " "1, " "1, " "1, " "0, " "1, " "1, " "1, " "1, " "1, " "1, " "1, " "1, " "0, " "1, " "1, " "1, " "0, " "0, " "0, " "0, " "0, " "0, " "0, " "0, " "0, " "0, " "0, " "0, " "0, " "0, " "0, " "0, " "0, " "0, " "0, " "0, " "0, " "0, " "0, " "0, " "0, " "0, " "0, " "0, " "0, " "0, " "0, " "0, " "0, " "0, " "0, " "0, " "0, " "0, " "0, " "0, " "0, " "0, " "0, " "0, " "0, " "0, " "0, " "1, " "0, " "0, " "0, " "0, " "0, " "0, " "0, " "0, " "0, " "0, " "0, " "0, " "0, " "0, " "0, " "0, " "0, " "0, " "0, " "0, " "0, " "0, " "0, " "0, " "0, " "0, " "0, " "0, " "0, " "0, " "0, " "1, " "0, " "0, " "0, " "0, " "0, " "0, " "0, " "0, " "0, " "0, " "0, " "0, " "0, " "0, " "0, " "0, " "0, " "0, " "0, " "0, " "0, " "0, " "0, " "0, " "0, " "0, " "0, " "0, "5000
 "Nei133, 0.099, " "-0.457, " "-0.164, " "0, " "0, " "0, " "0, " "0, " "0, " "0, " "0, " "0, " "0, " "0, " "0, " "0, " "0, " "0, " "0, " "0, " "0, " "0, " "0, " "0, " "0, " "0, " "0, " "0, " "0, " "0, " "0, " "0, " "0, " "0, " "0, " "0, " "0, " "0, " "0, " "0, " "0, " "0, " "0, " "0, " "0, " "0, " "0, " "0, " "0, " "0, " "0, " "0, " "0, " "0, " "0, " "0, " "0, " "0, " "0, " "0, " "0, " "0, " "0, " "0, " "0, " "0, " "0, " "0, " "0, " "0, " "0, " "0, " "0, " "0, " "0, " "0, " "0, " "0, " "0, " "0, " "0, " "0, " "0, " "0, " "0, " "0, " "0, " "0, " "0, " "0, " "0, " "0, " "0, " "0, " "0, " "0, " "0, " "0, " "0, " "0, " "0, " "0, " "0, " "0, " "0, " "0, " "0, " "0, " "0, " "0, " "0, " "0, " "0, " "0, " "0, " "0, " "0, " "0, " "0, " "0, " "1, " "1, " "1, " "1, " "1, " "1, " "1, " "1, " "1, " "1, " "1, " "1, " "1, " "1, " "1, " "1, " "0, " "1, " "1, " "0, " "1, " "1, " "1, " "1, " "1, " "1, " "1, " "1, " "1, " "1, " "1, " "1, " "1, " "0, " "0, " "0, " "0, " "0, " "0, " "0, " "0, " "0, " "0, " "0, " "0, " "0, " "0, " "0, " "0, " "0, " "0, " "0, " "0, " "0, " "0, " "0, " "0, " "0, " "0, " "0, " "0, " "0, " "0, " "0, " "0, " "0, " "0, " "0, " "0, " "0, " "0, " "0, " "0, " "0, " "0, " "0, " "0, " "0, " "0, " "0, " "1, " "0, " "0, " "0, " "0, " "0, " "0, " "0, " "0, " "0, " "0, " "0, " "0, " "0, " "0, " "0, " "0, " "0, " "0, " "0, " "0, " "0, " "0, " "0, " "0, " "0, " "0, " "0, " "0, " "0, " "0, " "0, " "0, " "0, " "0, " "0, " "0, " "0, " "0, " "0, " "0, " "0, " "0, " "0, " "0, " "0, " "0, " "0, " "0, " "0, " "0, " "0, " "0, " "0, " "0, " "0, " "0, " "0, " "0, " "0, "5000
 "Nei134, 0.022, " "-0.526, " "-0.736, " "0, " "0, " "0, " "0, " "0, " "0, " "0, " "0, " "0, " "0, " "0, " "0, " "0, " "0, " "0, " "0, " "0, " "0, " "0, " "0, " "0, " "0, " "0, " "0, " "0, " "0, " "0, " "0, " "0, " "0, " "0, " "0, " "0, " "0, " "0, " "0, " "0, " "0, " "0, " "0, " "0, " "0, " "0, " "0, " "0, " "0, " "0, " "0, " "0, " "0, " "0, " "0, " "0, " "1, " "0, " "0, " "0, " "0, " "0, " "0, " "0, " "0, " "0, " "0, " "0, " "0, " "0, " "0, " "0, " "0, " "0, " "0, " "0, " "0, " "0, " "0, " "0, " "0, " "0, " "0, " "0, " "0, " "0, " "0, " "0, " "0, " "0, " "0, " "0, " "0, " "0, " "0, " "0, " "0, " "0, " "0, " "0, " "0, " "0, " "0, " "0, " "0, " "0, " "0, " "0, " "0, " "0, " "0, " "0, " "0, " "0, " "0, " "0, " "0, " "0, " "0, " "0, " "0, " "1, " "1, " "1, " "1, " "1, " "1, " "1, " "1, " "1, " "1, " "1, " "1, " "1, " "0, " "1, " "1, " "0, " "1, " "1, " "1, " "1, " "1, " "1, " "1, " "1, " "1, " "1, " "1, " "1, " "1, " "1, " "1, " "1, " "0, " "0, " "0, " "0, " "0, " "0, " "0, " "0, " "0, " "0, " "0, " "0, " "0, " "0, " "0, " "0, " "0, " "0, " "0, " "0, " "0, " "0, " "0, " "0, " "0, " "0, " "0, " "0, " "0, " "0, " "0, " "0, " "0, " "0, " "0, " "0, " "0, " "0, " "0, " "0, " "0, " "0, " "0, " "0, " "0, " "0, " "0, " "0, " "0, " "0, " "0, " "0, " "0, " "0, " "0, " "0, " "0, " "0, " "0, " "0, " "0, " "0, " "0, " "0, " "0, " "0, " "0, " "0, " "0, " "0, " "0, " "0, " "0, " "0, " "0, " "0, " "0, " "0, " "0, " "0, " "0, " "0, " "0, " "0, " "0, " "0, " "0, " "0, " "0, " "0, " "0, " "0, " "0, " "0, " "0, " "0, " "0, " "0, " "0, " "0, " "0, " "0, " "0, " "0, " "0, " "0, "5000
 "Nei135, 0.111, " "0.484, " "0.398, " "0, " "0, " "0, " "0, " "0, " "0, " "0, " "0, " "0, " "0, " "0, " "0, " "0, " "0, " "0, " "0, " "0, " "0, " "0, " "0, " "0, " "0, " "0, " "0, " "0, " "0, " "0, " "0, " "0, " "0, " "0, " "0, " "0, " "0, " "0, " "0, " "0, " "0, " "0, " "0, " "0, " "0, " "0, " "0, " "0, " "0, " "0, " "0, " "0, " "0, " "0, " "0, " "0, " "0, " "0, " "0, " "0, " "0, " "0, " "0, " "0, " "0, " "0, " "0, " "0, " "0, " "0, " "0, " "0, " "0, " "0, " "0, " "0, " "0, " "0, " "0, " "0, " "0, " "0, " "0, " "0, " "0, " "0, " "0, " "0, " "0, " "0, " "0, " "0, " "0, " "0, " "0, " "0, " "0, " "0, " "0, " "0, " "0, " "0, " "0, " "0, " "0, " "0, " "0, " "0, " "0, " "0, " "0, " "0, " "0, " "0, " "0, " "0, " "0, " "0, " "0, " "0, " "0, " "0, " "1, " "1, " "1, " "1, " "1, " "1, " "1, " "0, " "1, " "1, " "1, " "1, " "1, " "1, " "1, " "1, " "0, " "1, " "1, " "1, " "1, " "1, " "1, " "1, " "1, " "1, " "1, " "1, " "1, " "1, " "1, " "1, " "1, " "0, " "0, " "0, " "0, " "0, " "0, " "0, " "0, " "0, " "0, " "0, " "0, " "0, " "0, " "0, " "0, " "0, " "0, " "0, " "0, " "0, " "0, " "0, " "0, " "0, " "0, " "0, " "0, " "0, " "0, " "0, " "0, " "0, " "0, " "0, " "0, " "0, " "0, " "0, " "0, " "0, " "0, " "0, " "0, " "0, " "0, " "0, " "0, " "0, " "0, " "0, " "0, " "0, " "0, " "0, " "0, " "0, " "0, " "0, " "0, " "0, " "0, " "0, " "0, " "0, " "0, " "0, " "0, " "0, " "0, " "0, " "1, " "0, " "0, " "0, " "0, " "0, " "0, " "0, " "0, " "0, " "0, " "0, " "0, " "0, " "0, " "0, " "0, " "0, " "0, " "0, " "0, " "0, " "0, " "0, " "0, " "0, " "0, " "0, " "0, " "0, " "0, " "0, " "0, " "0, "5000
 "Nei136, 0.141, " "-0.457, " "-0.164, " "0, " "0, " "0, " "0, " "0, " "0, " "0, " "0, " "0, " "0, " "0, " "0, " "0, " "0, " "0, " "0, " "0, " "0, " "0, " "0, " "0, " "0, " "0, " "0, " "0, " "0, " "0, " "0, " "0, " "0, " "0, " "0, " "0, " "0, " "0, " "0, " "0, " "0, " "0, " "0, " "0, " "0, " "0, " "0, " "0, " "0, " "0, " "0, " "0, " "0, " "0, " "0, " "0, " "0, " "0, " "0, " "0, " "0, " "0, " "0, " "0, " "0, " "0, " "0, " "0, " "0, " "0, " "0, " "0, " "0, " "0, " "0, " "0, " "0, " "0, " "0, " "0, " "0, " "0, " "0, " "0, " "0, " "0, " "0, " "0, " "0, " "0, " "0, " "0, " "0, " "0, " "0, " "0, " "0, " "0, " "0, " "0, " "0, " "0, " "0, " "0, " "0, " "0, " "0, " "0, " "0, " "0, " "0, " "0, " "0, " "0, " "0, " "0, " "0, " "0, " "0, " "0, " "0, " "0, " "0, " "1, " "1, " "1, " "0, " "1, " "1, " "1, " "1, " "1, " "1, " "1, " "1, " "0, " "0, " "1, " "1, " "0, " "1, " "1, " "1, " "1, " "1, " "1, " "0, " "1, " "1, " "1, " "1, " "1, " "1, " "1, " "1, " "1, " "0, " "0, " "0, " "0, " "0, " "0, " "0, " "0, " "0, " "0, " "0, " "0, " "0, " "0, " "0, " "0, " "0, " "0, " "0, " "0, " "0, " "0, " "0, " "0, " "0, " "0, " "0, " "0, " "0, " "0, " "0, " "0, " "0, " "0, " "0, " "0, " "0, " "0, " "0, " "0, " "0, " "0, " "0, " "0, " "0, " "1, " "0, " "0, " "0, " "0, " "0, " "0, " "0, " "0, " "0, " "0, " "0, " "0, " "0, " "0, " "0, " "0, " "0, " "0, " "0, " "0, " "0, " "0, " "0, " "0, " "0, " "0, " "0, " "0, " "0, " "0, " "0, " "0, " "0, " "0, " "0, " "0, " "0, " "0, " "0, " "0, " "0, " "0, " "0, " "0, " "0, " "0, " "0, " "0, " "0, " "0, " "0, " "0, " "1, " "0, " "0, " "0, " "0, " "0, "5000
 "Nei137, 0.112, " "0.911, " "0.785, " "0, " "0, " "0, " "0, " "0, " "0, " "0, " "0, " "0, " "0, " "0, " "0, " "0, " "0, " "0, " "0, " "0, " "0, " "0, " "0, " "0, " "0, " "0, " "0, " "0, " "0, " "0, " "0, " "0, " "0, " "0, " "0, " "0, " "0, " "0, " "0, " "0, " "0, " "0, " "0, " "0, " "0, " "0, " "0, " "0, " "0, " "0, " "0, " "0, " "0, " "0, " "0, " "0, " "0, " "0, " "0, " "0, " "0, " "0, " "0, " "0, " "0, " "0, " "0, " "0, " "0, " "0, " "0, " "0, " "0, " "0, " "0, " "0, " "0, " "0, " "0, " "0, " "0, " "0, " "0, " "0, " "0, " "0, " "0, " "0, " "0, " "0, " "0, " "0, " "0, " "0, " "0, " "0, " "0, " "0, " "0, " "0, " "0, " "0, " "0, " "0, " "0, " "0, " "0, " "0, " "0, " "0, " "0, " "0, " "0, " "0, " "1, " "0, " "0, " "0, " "0, " "0, " "0, " "0, " "0, " "0, " "1, " "1, " "1, " "1, " "1, " "1, " "1, " "1, " "1, " "1, " "1, " "1, " "1, " "1, " "1, " "1, " "0, " "1, " "1, " "1, " "1, " "1, " "1, " "1, " "1, " "1, " "1, " "1, " "1, " "1, " "1, " "0, " "1, " "0, " "0, " "0, " "0, " "0, " "0, " "0, " "0, " "0, " "0, " "0, " "0, " "0, " "0, " "0, " "0, " "0, " "0, " "0, " "0, " "0, " "0, " "0, " "0, " "0, " "0, " "0, " "0, " "0, " "0, " "0, " "0, " "0, " "0, " "0, " "0, " "0, " "0, " "0, " "0, " "1, " "0, " "0, " "0, " "0, " "0, " "0, " "1, " "0, " "0, " "0, " "0, " "0, " "0, " "0, " "0, " "0, " "0, " "0, " "0, " "0, " "0, " "0, " "0, " "0, " "0, " "0, " "0, " "0, " "0, " "0, " "0, " "0, " "0, " "0, " "0, " "0, " "0, " "0, " "0, " "0, " "0, " "0, " "0, " "0, " "0, " "0, " "0, " "0, " "0, " "0, " "0, " "0, " "0, " "0, " "0, " "0, " "0, " "0, " "0, " "0, " "0, " "0, "5000
 "Nei138, 0.155, " "0.452, " "-0.51, " "0, " "0, " "0, " "0, " "0, " "0, " "0, " "0, " "0, " "0, " "0, " "0, " "0, " "0, " "0, " "0, " "0, " "0, " "0, " "0, " "0, " "0, " "0, " "0, " "0, " "0, " "0, " "0, " "0, " "0, " "0, " "0, " "0, " "0, " "0, " "0, " "0, " "0, " "0, " "0, " "0, " "0, " "0, " "0, " "0, " "0, " "0, " "0, " "0, " "0, " "0, " "0, " "0, " "0, " "0, " "0, " "0, " "0, " "0, " "0, " "0, " "0, " "0, " "0, " "0, " "0, " "0, " "0, " "0, " "0, " "0, " "0, " "0, " "0, " "0, " "0, " "0, " "0, " "0, " "0, " "0, " "0, " "0, " "0, " "0, " "0, " "0, " "0, " "0, " "0, " "0, " "0, " "0, " "0, " "0, " "0, " "0, " "0, " "0, " "0, " "0, " "0, " "0, " "0, " "0, " "0, " "0, " "0, " "0, " "0, " "0, " "0, " "0, " "0, " "0, " "0, " "0, " "0, " "0, " "0, " "0, " "0, " "1, " "1, " "1, " "1, " "1, " "1, " "1, " "1, " "1, " "1, " "1, " "1, " "1, " "1, " "1, " "1, " "0, " "1, " "1, " "1, " "1, " "1, " "1, " "1, " "1, " "1, " "1, " "1, " "1, " "1, " "1, " "1, " "1, " "0, " "0, " "0, " "0, " "0, " "0, " "0, " "0, " "0, " "0, " "0, " "0, " "0, " "0, " "0, " "0, " "0, " "0, " "0, " "0, " "0, " "0, " "0, " "0, " "0, " "0, " "0, " "0, " "0, " "0, " "0, " "0, " "0, " "0, " "0, " "0, " "0, " "0, " "0, " "0, " "0, " "0, " "0, " "0, " "0, " "0, " "0, " "0, " "0, " "0, " "0, " "0, " "0, " "0, " "0, " "0, " "0, " "0, " "0, " "0, " "0, " "0, " "0, " "0, " "0, " "0, " "0, " "0, " "0, " "0, " "0, " "0, " "0, " "0, " "0, " "0, " "0, " "0, " "0, " "0, " "0, " "0, " "0, " "0, " "0, " "0, " "0, " "0, " "0, " "0, " "0, " "0, " "0, " "0, " "0, " "0, " "0, " "0, " "0, " "0, " "0, " "0, "5000
 "Nei139, 0.049, " "0.484, " "0.398, " "0, " "0, " "0, " "0, " "0, " "0, " "0, " "0, " "0, " "0, " "0, " "0, " "0, " "0, " "0, " "0, " "0, " "0, " "0, " "0, " "0, " "0, " "0, " "0, " "0, " "0, " "0, " "0, " "0, " "0, " "0, " "0, " "0, " "0, " "0, " "0, " "0, " "0, " "0, " "0, " "0, " "0, " "0, " "0, " "0, " "0, " "0, " "0, " "0, " "0, " "0, " "0, " "0, " "0, " "0, " "0, " "0, " "0, " "0, " "0, " "0, " "0, " "0, " "0, " "0, " "0, " "0, " "0, " "0, " "0, " "0, " "0, " "0, " "0, " "0, " "0, " "0, " "0, " "0, " "0, " "0, " "0, " "0, " "0, " "0, " "0, " "0, " "0, " "0, " "0, " "0, " "0, " "0, " "0, " "0, " "0, " "0, " "0, " "0, " "0, " "0, " "0, " "0, " "0, " "0, " "0, " "0, " "0, " "0, " "0, " "0, " "0, " "0, " "0, " "0, " "0, " "0, " "0, " "0, " "0, " "0, " "0, " "0, " "1, " "1, " "1, " "1, " "1, " "1, " "0, " "1, " "1, " "1, " "1, " "1, " "1, " "1, " "1, " "1, " "0, " "1, " "1, " "1, " "1, " "1, " "0, " "1, " "1, " "1, " "1, " "1, " "1, " "1, " "1, " "1, " "1, " "0, " "0, " "0, " "0, " "0, " "0, " "0, " "0, " "0, " "0, " "0, " "0, " "0, " "0, " "0, " "0, " "0, " "0, " "0, " "0, " "0, " "0, " "0, " "0, " "0, " "0, " "1, " "0, " "0, " "0, " "0, " "0, " "0, " "0, " "0, " "0, " "0, " "0, " "0, " "0, " "0, " "0, " "0, " "0, " "0, " "0, " "0, " "0, " "0, " "0, " "0, " "0, " "0, " "0, " "0, " "0, " "0, " "0, " "0, " "0, " "0, " "0, " "0, " "0, " "0, " "0, " "0, " "0, " "0, " "0, " "0, " "0, " "0, " "0, " "0, " "0, " "0, " "0, " "0, " "0, " "0, " "0, " "0, " "0, " "0, " "0, " "0, " "0, " "0, " "0, " "0, " "0, " "0, " "0, " "0, " "0, " "0, " "0, " "0, " "0, " "0, "5000
 "Nei140, 0.163, " "0.484, " "0.398, " "0, " "0, " "0, " "0, " "0, " "0, " "0, " "0, " "0, " "0, " "0, " "0, " "0, " "0, " "0, " "0, " "0, " "0, " "0, " "0, " "0, " "0, " "0, " "0, " "0, " "0, " "0, " "0, " "0, " "0, " "0, " "0, " "0, " "0, " "0, " "0, " "0, " "0, " "0, " "0, " "0, " "0, " "0, " "0, " "0, " "0, " "0, " "0, " "0, " "0, " "0, " "0, " "0, " "0, " "0, " "0, " "0, " "0, " "0, " "0, " "0, " "0, " "0, " "0, " "0, " "0, " "0, " "0, " "0, " "0, " "0, " "0, " "0, " "0, " "0, " "0, " "0, " "0, " "0, " "0, " "0, " "0, " "0, " "0, " "0, " "0, " "0, " "0, " "0, " "0, " "0, " "0, " "0, " "0, " "0, " "0, " "0, " "0, " "0, " "0, " "0, " "0, " "0, " "0, " "0, " "0, " "0, " "0, " "0, " "0, " "0, " "0, " "0, " "0, " "0, " "0, " "0, " "1, " "0, " "0, " "0, " "0, " "0, " "0, " "1, " "1, " "1, " "1, " "1, " "1, " "1, " "1, " "1, " "1, " "1, " "1, " "1, " "1, " "1, " "1, " "0, " "1, " "1, " "1, " "1, " "1, " "1, " "1, " "1, " "1, " "1, " "1, " "1, " "1, " "1, " "1, " "0, " "0, " "0, " "0, " "0, " "0, " "0, " "1, " "0, " "0, " "0, " "0, " "0, " "0, " "0, " "0, " "0, " "0, " "0, " "0, " "0, " "0, " "0, " "0, " "0, " "0, " "0, " "0, " "0, " "0, " "0, " "0, " "0, " "0, " "0, " "0, " "0, " "0, " "0, " "0, " "0, " "0, " "0, " "0, " "0, " "0, " "0, " "0, " "0, " "0, " "0, " "0, " "0, " "0, " "0, " "0, " "0, " "0, " "0, " "0, " "0, " "0, " "0, " "0, " "0, " "0, " "0, " "0, " "0, " "0, " "0, " "0, " "0, " "0, " "0, " "0, " "0, " "0, " "0, " "0, " "0, " "0, " "0, " "0, " "0, " "0, " "0, " "0, " "0, " "0, " "0, " "0, " "0, " "0, " "0, " "0, " "0, " "0, " "0, " "0, " "0, "5000
 "Nei141, 0.002, " "-0.457, " "-0.164, " "0, " "0, " "0, " "0, " "0, " "0, " "0, " "0, " "0, " "0, " "0, " "0, " "0, " "0, " "0, " "0, " "0, " "0, " "0, " "0, " "0, " "0, " "0, " "0, " "0, " "0, " "0, " "0, " "0, " "0, " "0, " "0, " "0, " "0, " "0, " "0, " "0, " "0, " "0, " "0, " "0, " "0, " "0, " "0, " "0, " "0, " "0, " "0, " "0, " "0, " "0, " "0, " "0, " "0, " "0, " "0, " "0, " "0, " "0, " "0, " "0, " "0, " "0, " "0, " "0, " "0, " "0, " "0, " "0, " "0, " "0, " "0, " "0, " "0, " "0, " "0, " "0, " "0, " "0, " "0, " "0, " "0, " "0, " "0, " "0, " "0, " "0, " "0, " "0, " "0, " "0, " "0, " "0, " "0, " "0, " "0, " "0, " "0, " "0, " "0, " "0, " "0, " "0, " "0, " "0, " "0, " "0, " "0, " "0, " "0, " "0, " "0, " "0, " "0, " "0, " "0, " "0, " "0, " "0, " "0, " "0, " "0, " "0, " "0, " "0, " "1, " "1, " "1, " "1, " "1, " "1, " "1, " "1, " "1, " "1, " "1, " "1, " "1, " "1, " "1, " "1, " "0, " "1, " "1, " "1, " "1, " "1, " "1, " "1, " "1, " "0, " "1, " "1, " "1, " "1, " "1, " "1, " "1, " "0, " "0, " "0, " "0, " "0, " "0, " "0, " "0, " "0, " "0, " "0, " "0, " "0, " "0, " "0, " "0, " "0, " "0, " "0, " "0, " "0, " "0, " "0, " "0, " "0, " "0, " "0, " "0, " "0, " "0, " "0, " "0, " "0, " "0, " "0, " "0, " "0, " "0, " "0, " "0, " "0, " "0, " "0, " "0, " "0, " "0, " "1, " "0, " "0, " "0, " "0, " "0, " "0, " "0, " "0, " "0, " "0, " "0, " "0, " "0, " "0, " "0, " "0, " "0, " "0, " "0, " "0, " "0, " "0, " "0, " "0, " "0, " "0, " "0, " "0, " "0, " "0, " "0, " "0, " "0, " "0, " "0, " "0, " "0, " "0, " "0, " "0, " "0, " "0, " "0, " "0, " "0, " "0, " "0, " "0, " "0, " "0, " "0, " "0, "5000
 "Nei142, 0.069, " "0.452, " "-0.51, " "0, " "0, " "0, " "0, " "0, " "0, " "0, " "0, " "0, " "0, " "0, " "0, " "0, " "0, " "0, " "0, " "0, " "0, " "0, " "0, " "0, " "0, " "0, " "0, " "0, " "0, " "0, " "0, " "0, " "0, " "0, " "0, " "0, " "0, " "0, " "1, " "0, " "0, " "0, " "0, " "0, " "0, " "0, " "0, " "0, " "0, " "0, " "0, " "0, " "0, " "0, " "0, " "0, " "0, " "0, " "0, " "0, " "0, " "0, " "0, " "0, " "0, " "0, " "0, " "0, " "0, " "0, " "0, " "0, " "0, " "0, " "0, " "0, " "0, " "0, " "0, " "0, " "1, " "0, " "0, " "0, " "0, " "0, " "0, " "0, " "0, " "0, " "0, " "0, " "0, " "0, " "0, " "0, " "0, " "0, " "0, " "0, " "0, " "0, " "0, " "0, " "0, " "0, " "0, " "0, " "0, " "0, " "0, " "0, " "0, " "0, " "0, " "0, " "0, " "0, " "0, " "0, " "0, " "0, " "0, " "0, " "0, " "0, " "0, " "0, " "0, " "1, " "1, " "1, " "1, " "0, " "1, " "1, " "1, " "1, " "1, " "1, " "1, " "1, " "1, " "1, " "1, " "0, " "1, " "1, " "1, " "1, " "1, " "1, " "1, " "0, " "1, " "1, " "1, " "1, " "1, " "1, " "1, " "1, " "0, " "0, " "0, " "0, " "0, " "0, " "0, " "0, " "0, " "0, " "0, " "0, " "0, " "0, " "0, " "0, " "0, " "0, " "0, " "0, " "0, " "0, " "0, " "0, " "0, " "0, " "0, " "0, " "0, " "0, " "0, " "0, " "0, " "0, " "0, " "0, " "0, " "0, " "0, " "0, " "0, " "0, " "0, " "0, " "0, " "0, " "0, " "0, " "0, " "0, " "0, " "0, " "0, " "0, " "0, " "0, " "0, " "0, " "0, " "0, " "0, " "0, " "0, " "0, " "0, " "0, " "0, " "0, " "0, " "0, " "0, " "0, " "0, " "0, " "0, " "0, " "0, " "0, " "0, " "0, " "0, " "0, " "0, " "0, " "0, " "0, " "0, " "0, " "0, " "0, " "0, " "0, " "0, " "0, " "0, " "0, " "0, " "0, "5000
 "Nei143, 0.012, " "-0.457, " "-0.164, " "0, " "0, " "0, " "0, " "0, " "0, " "0, " "0, " "0, " "0, " "0, " "0, " "0, " "0, " "0, " "0, " "0, " "0, " "0, " "0, " "0, " "0, " "0, " "0, " "0, " "0, " "0, " "0, " "0, " "0, " "0, " "0, " "0, " "0, " "0, " "0, " "0, " "0, " "0, " "0, " "0, " "0, " "0, " "0, " "1, " "0, " "0, " "1, " "0, " "0, " "0, " "0, " "0, " "0, " "0, " "0, " "0, " "0, " "0, " "0, " "0, " "0, " "1, " "0, " "0, " "0, " "0, " "0, " "0, " "0, " "0, " "0, " "0, " "0, " "0, " "0, " "0, " "0, " "0, " "0, " "0, " "0, " "0, " "0, " "0, " "0, " "0, " "0, " "0, " "0, " "0, " "0, " "0, " "0, " "0, " "0, " "0, " "0, " "0, " "0, " "0, " "0, " "0, " "0, " "0, " "0, " "0, " "0, " "0, " "0, " "0, " "0, " "0, " "0, " "0, " "0, " "0, " "0, " "0, " "0, " "0, " "0, " "0, " "0, " "0, " "0, " "0, " "1, " "1, " "1, " "1, " "1, " "1, " "1, " "1, " "1, " "0, " "1, " "1, " "1, " "1, " "1, " "1, " "0, " "1, " "1, " "0, " "1, " "1, " "1, " "1, " "1, " "1, " "0, " "1, " "1, " "1, " "1, " "1, " "0, " "0, " "0, " "0, " "0, " "0, " "0, " "0, " "0, " "0, " "0, " "0, " "0, " "0, " "0, " "0, " "0, " "0, " "0, " "0, " "0, " "0, " "0, " "0, " "0, " "0, " "0, " "0, " "0, " "0, " "0, " "0, " "0, " "0, " "0, " "0, " "1, " "0, " "0, " "0, " "0, " "0, " "0, " "0, " "0, " "0, " "0, " "0, " "0, " "0, " "0, " "0, " "0, " "0, " "0, " "0, " "0, " "0, " "0, " "0, " "0, " "0, " "0, " "0, " "0, " "0, " "0, " "0, " "0, " "0, " "0, " "0, " "0, " "0, " "0, " "0, " "0, " "0, " "0, " "0, " "0, " "0, " "0, " "0, " "0, " "0, " "0, " "0, " "0, " "0, " "0, " "0, " "0, " "0, " "0, " "0, " "0, " "0, "5000
 "Nei144, 0.123, " "0.452, " "-0.51, " "0, " "0, " "0, " "0, " "0, " "0, " "0, " "0, " "0, " "0, " "1, " "0, " "0, " "0, " "0, " "0, " "0, " "0, " "0, " "0, " "0, " "0, " "0, " "0, " "0, " "0, " "0, " "0, " "0, " "0, " "0, " "0, " "0, " "0, " "0, " "0, " "0, " "0, " "0, " "0, " "0, " "0, " "0, " "0, " "0, " "0, " "0, " "0, " "0, " "0, " "0, " "0, " "0, " "0, " "0, " "0, " "0, " "0, " "0, " "0, " "0, " "0, " "0, " "0, " "0, " "0, " "0, " "0, " "0, " "0, " "0, " "0, " "0, " "0, " "0, " "0, " "0, " "0, " "0, " "0, " "0, " "0, " "0, " "0, " "0, " "0, " "0, " "0, " "0, " "0, " "0, " "0, " "0, " "0, " "0, " "0, " "0, " "0, " "0, " "0, " "0, " "0, " "0, " "0, " "0, " "0, " "0, " "0, " "0, " "0, " "0, " "0, " "0, " "0, " "0, " "0, " "0, " "0, " "0, " "1, " "0, " "0, " "0, " "0, " "0, " "0, " "0, " "0, " "1, " "1, " "1, " "1, " "1, " "1, " "1, " "1, " "1, " "1, " "1, " "1, " "1, " "1, " "1, " "1, " "0, " "1, " "0, " "1, " "1, " "1, " "1, " "1, " "1, " "1, " "1, " "1, " "1, " "0, " "1, " "1, " "1, " "0, " "0, " "0, " "0, " "0, " "0, " "0, " "0, " "0, " "0, " "0, " "0, " "0, " "0, " "0, " "0, " "0, " "0, " "0, " "0, " "0, " "0, " "0, " "0, " "0, " "0, " "0, " "0, " "0, " "0, " "0, " "0, " "0, " "0, " "0, " "0, " "0, " "0, " "0, " "0, " "0, " "0, " "0, " "0, " "0, " "0, " "0, " "0, " "0, " "0, " "0, " "0, " "0, " "0, " "0, " "0, " "0, " "0, " "0, " "0, " "0, " "0, " "0, " "0, " "0, " "0, " "0, " "0, " "0, " "0, " "0, " "0, " "0, " "0, " "0, " "0, " "0, " "0, " "0, " "0, " "0, " "0, " "0, " "0, " "0, " "0, " "0, " "0, " "0, " "0, " "0, " "0, " "0, " "0, " "0, " "0, "5000
 "Nei145, 0.109, " "0.484, " "0.398, " "0, " "0, " "0, " "0, " "0, " "0, " "0, " "0, " "0, " "0, " "0, " "0, " "0, " "0, " "0, " "0, " "0, " "0, " "0, " "0, " "0, " "0, " "0, " "0, " "0, " "0, " "1, " "0, " "0, " "0, " "0, " "0, " "0, " "0, " "0, " "0, " "0, " "0, " "0, " "0, " "0, " "0, " "0, " "0, " "0, " "0, " "0, " "0, " "0, " "0, " "0, " "0, " "0, " "0, " "0, " "0, " "0, " "0, " "0, " "0, " "0, " "0, " "0, " "0, " "0, " "0, " "0, " "0, " "0, " "0, " "0, " "0, " "0, " "0, " "0, " "0, " "0, " "0, " "0, " "0, " "0, " "0, " "0, " "0, " "0, " "0, " "0, " "0, " "0, " "0, " "0, " "0, " "0, " "0, " "0, " "1, " "0, " "0, " "0, " "0, " "0, " "0, " "0, " "0, " "0, " "0, " "0, " "0, " "0, " "0, " "0, " "0, " "0, " "0, " "0, " "0, " "1, " "0, " "0, " "0, " "0, " "0, " "0, " "0, " "0, " "0, " "0, " "0, " "0, " "1, " "1, " "1, " "0, " "1, " "1, " "1, " "1, " "1, " "1, " "0, " "1, " "1, " "1, " "1, " "1, " "0, " "1, " "1, " "1, " "1, " "1, " "1, " "1, " "0, " "1, " "1, " "1, " "1, " "1, " "1, " "1, " "1, " "0, " "0, " "0, " "0, " "0, " "0, " "0, " "0, " "0, " "0, " "0, " "0, " "0, " "0, " "0, " "0, " "0, " "0, " "0, " "0, " "0, " "0, " "0, " "0, " "0, " "0, " "0, " "0, " "0, " "0, " "0, " "0, " "0, " "0, " "0, " "0, " "0, " "0, " "0, " "0, " "0, " "0, " "0, " "0, " "0, " "0, " "0, " "0, " "0, " "0, " "0, " "0, " "0, " "0, " "0, " "0, " "0, " "0, " "0, " "0, " "0, " "0, " "0, " "0, " "0, " "0, " "0, " "0, " "0, " "0, " "0, " "0, " "0, " "0, " "0, " "0, " "0, " "0, " "0, " "0, " "0, " "0, " "0, " "0, " "0, " "0, " "0, " "0, " "0, " "0, " "0, " "0, " "0, " "0, " "0, "5000
 "Nei146, 0.154, " "-0.457, " "-0.164, " "0, " "0, " "0, " "0, " "0, " "0, " "0, " "0, " "0, " "0, " "0, " "0, " "0, " "0, " "0, " "0, " "0, " "0, " "0, " "0, " "0, " "0, " "0, " "0, " "0, " "0, " "0, " "0, " "0, " "0, " "0, " "0, " "0, " "0, " "0, " "0, " "0, " "0, " "0, " "0, " "0, " "0, " "0, " "0, " "0, " "0, " "0, " "0, " "0, " "0, " "0, " "0, " "0, " "0, " "0, " "0, " "0, " "0, " "0, " "0, " "0, " "0, " "0, " "0, " "0, " "0, " "0, " "0, " "0, " "0, " "0, " "0, " "0, " "0, " "0, " "0, " "0, " "0, " "0, " "0, " "0, " "0, " "0, " "0, " "0, " "0, " "0, " "0, " "0, " "0, " "0, " "0, " "0, " "0, " "0, " "0, " "0, " "0, " "0, " "0, " "0, " "0, " "0, " "0, " "1, " "0, " "0, " "0, " "0, " "0, " "0, " "0, " "0, " "0, " "0, " "0, " "0, " "0, " "0, " "0, " "0, " "0, " "0, " "0, " "0, " "0, " "0, " "0, " "0, " "0, " "1, " "1, " "1, " "1, " "1, " "1, " "1, " "1, " "1, " "1, " "1, " "1, " "1, " "0, " "0, " "1, " "0, " "1, " "1, " "1, " "1, " "0, " "1, " "1, " "1, " "1, " "1, " "1, " "1, " "1, " "1, " "0, " "1, " "0, " "0, " "0, " "0, " "0, " "0, " "0, " "0, " "0, " "0, " "0, " "0, " "0, " "0, " "0, " "0, " "0, " "0, " "0, " "0, " "0, " "0, " "0, " "0, " "0, " "0, " "0, " "0, " "0, " "0, " "0, " "0, " "0, " "1, " "0, " "0, " "0, " "0, " "0, " "0, " "0, " "0, " "0, " "0, " "0, " "0, " "0, " "0, " "0, " "0, " "0, " "0, " "0, " "0, " "0, " "0, " "0, " "0, " "0, " "0, " "0, " "0, " "0, " "0, " "0, " "0, " "0, " "0, " "0, " "0, " "0, " "0, " "0, " "0, " "0, " "0, " "0, " "0, " "0, " "0, " "0, " "0, " "1, " "0, " "0, " "0, " "0, " "0, " "0, " "0, " "0, " "0, " "0, " "0, "5000
 "Nei147, 0.086, " "-0.563, " "0.671, " "0, " "0, " "0, " "0, " "0, " "0, " "0, " "0, " "0, " "0, " "0, " "0, " "0, " "0, " "0, " "0, " "0, " "0, " "0, " "0, " "0, " "0, " "0, " "0, " "0, " "0, " "0, " "0, " "0, " "0, " "0, " "0, " "0, " "0, " "0, " "0, " "0, " "0, " "0, " "0, " "0, " "0, " "0, " "0, " "0, " "0, " "0, " "0, " "0, " "0, " "0, " "0, " "0, " "0, " "0, " "0, " "0, " "0, " "0, " "0, " "0, " "0, " "0, " "0, " "0, " "0, " "0, " "0, " "0, " "0, " "0, " "0, " "0, " "0, " "0, " "0, " "0, " "0, " "0, " "0, " "0, " "0, " "0, " "0, " "0, " "0, " "0, " "0, " "0, " "0, " "0, " "0, " "0, " "0, " "0, " "0, " "0, " "0, " "0, " "0, " "0, " "0, " "0, " "0, " "0, " "0, " "0, " "0, " "0, " "0, " "0, " "0, " "0, " "0, " "0, " "0, " "0, " "0, " "0, " "0, " "0, " "0, " "0, " "0, " "0, " "0, " "0, " "0, " "0, " "0, " "0, " "1, " "1, " "1, " "1, " "1, " "1, " "1, " "1, " "1, " "1, " "1, " "1, " "1, " "1, " "1, " "1, " "0, " "1, " "1, " "1, " "1, " "1, " "1, " "1, " "1, " "1, " "1, " "1, " "1, " "1, " "1, " "1, " "1, " "0, " "0, " "0, " "0, " "0, " "0, " "0, " "0, " "0, " "0, " "0, " "0, " "0, " "0, " "0, " "0, " "0, " "0, " "0, " "0, " "0, " "0, " "0, " "0, " "0, " "0, " "0, " "0, " "0, " "0, " "0, " "0, " "0, " "0, " "0, " "0, " "0, " "0, " "0, " "0, " "0, " "0, " "0, " "0, " "0, " "0, " "0, " "0, " "0, " "0, " "0, " "0, " "0, " "0, " "0, " "0, " "0, " "0, " "0, " "0, " "0, " "0, " "0, " "0, " "0, " "0, " "0, " "0, " "0, " "0, " "0, " "0, " "0, " "0, " "0, " "0, " "0, " "0, " "0, " "0, " "0, " "0, " "0, " "0, " "0, " "0, " "0, " "0, " "0, " "0, " "0, " "0, " "0, "5000
 "Nei148, 0.031, " "-0.457, " "-0.164, " "0, " "0, " "0, " "0, " "0, " "0, " "0, " "0, " "0, " "0, " "0, " "0, " "0, " "0, " "0, " "0, " "0, " "0, " "0, " "0, " "0, " "0, " "0, " "0, " "0, " "0, " "0, " "0, " "0, " "0, " "0, " "0, " "0, " "0, " "0, " "0, " "0, " "0, " "0, " "0, " "0, " "0, " "0, " "0, " "0, " "0, " "0, " "0, " "0, " "0, " "0, " "0, " "0, " "0, " "0, " "0, " "0, " "0, " "0, " "0, " "0, " "0, " "0, " "0, " "0, " "0, " "0, " "0, " "0, " "0, " "0, " "0, " "0, " "0, " "0, " "0, " "0, " "0, " "0, " "0, " "0, " "0, " "0, " "0, " "0, " "0, " "0, " "0, " "0, " "0, " "0, " "0, " "0, " "0, " "0, " "1, " "0, " "0, " "0, " "0, " "0, " "0, " "0, " "1, " "0, " "0, " "0, " "0, " "0, " "0, " "0, " "0, " "0, " "0, " "0, " "0, " "0, " "0, " "0, " "0, " "0, " "0, " "0, " "0, " "0, " "0, " "0, " "0, " "0, " "0, " "0, " "0, " "1, " "1, " "1, " "1, " "1, " "1, " "1, " "1, " "1, " "1, " "1, " "1, " "1, " "1, " "1, " "1, " "0, " "1, " "1, " "0, " "1, " "1, " "1, " "1, " "1, " "1, " "1, " "1, " "1, " "1, " "1, " "1, " "1, " "0, " "0, " "0, " "0, " "0, " "0, " "0, " "0, " "0, " "0, " "0, " "0, " "0, " "0, " "0, " "0, " "0, " "0, " "0, " "0, " "1, " "0, " "0, " "0, " "0, " "0, " "0, " "0, " "0, " "0, " "0, " "0, " "0, " "0, " "0, " "0, " "0, " "0, " "0, " "0, " "0, " "0, " "0, " "0, " "0, " "0, " "0, " "0, " "0, " "0, " "0, " "0, " "0, " "0, " "0, " "0, " "0, " "0, " "0, " "0, " "0, " "0, " "0, " "0, " "0, " "0, " "0, " "0, " "0, " "0, " "0, " "0, " "0, " "0, " "0, " "0, " "0, " "0, " "0, " "0, " "0, " "0, " "0, " "0, " "0, " "0, " "0, " "0, " "0, " "0, " "0, " "0, "5000
 "Nei149, 0.087, " "-0.457, " "-0.164, " "0, " "0, " "0, " "0, " "0, " "0, " "0, " "0, " "0, " "0, " "0, " "0, " "0, " "0, " "0, " "0, " "0, " "0, " "0, " "0, " "0, " "0, " "0, " "0, " "0, " "0, " "0, " "0, " "0, " "0, " "0, " "0, " "0, " "0, " "0, " "0, " "0, " "0, " "0, " "0, " "0, " "0, " "0, " "0, " "0, " "0, " "0, " "0, " "0, " "0, " "0, " "0, " "0, " "0, " "0, " "0, " "0, " "0, " "0, " "0, " "0, " "0, " "0, " "0, " "0, " "0, " "0, " "0, " "0, " "0, " "0, " "0, " "0, " "0, " "0, " "0, " "0, " "0, " "0, " "0, " "0, " "0, " "0, " "0, " "0, " "0, " "0, " "0, " "1, " "0, " "0, " "0, " "0, " "0, " "0, " "0, " "0, " "0, " "0, " "0, " "0, " "0, " "0, " "0, " "0, " "0, " "0, " "0, " "0, " "0, " "0, " "0, " "0, " "0, " "0, " "0, " "0, " "0, " "0, " "0, " "0, " "0, " "0, " "0, " "0, " "0, " "0, " "0, " "0, " "0, " "0, " "0, " "0, " "1, " "1, " "1, " "1, " "1, " "1, " "1, " "1, " "1, " "1, " "1, " "1, " "1, " "1, " "1, " "1, " "0, " "1, " "1, " "1, " "1, " "1, " "1, " "1, " "1, " "1, " "1, " "1, " "1, " "1, " "1, " "1, " "1, " "0, " "0, " "0, " "0, " "0, " "0, " "0, " "0, " "0, " "0, " "0, " "0, " "0, " "0, " "0, " "0, " "0, " "0, " "0, " "0, " "0, " "0, " "0, " "0, " "0, " "0, " "0, " "0, " "0, " "0, " "0, " "0, " "0, " "0, " "0, " "0, " "0, " "0, " "0, " "0, " "0, " "0, " "0, " "0, " "0, " "0, " "0, " "0, " "0, " "0, " "0, " "0, " "0, " "0, " "0, " "0, " "0, " "0, " "0, " "0, " "0, " "0, " "0, " "0, " "0, " "0, " "0, " "0, " "0, " "0, " "0, " "0, " "0, " "0, " "0, " "0, " "0, " "0, " "0, " "0, " "0, " "0, " "0, " "0, " "0, " "0, " "0, " "0, " "0, " "0, " "0, "5000
 "Nei150, 0.099, " "0.484, " "0.398, " "0, " "0, " "1, " "0, " "0, " "0, " "0, " "0, " "0, " "0, " "0, " "0, " "0, " "0, " "0, " "0, " "0, " "0, " "0, " "0, " "0, " "0, " "0, " "0, " "0, " "0, " "0, " "0, " "0, " "0, " "0, " "0, " "0, " "0, " "0, " "0, " "0, " "0, " "0, " "0, " "0, " "0, " "0, " "0, " "0, " "0, " "0, " "0, " "0, " "0, " "0, " "0, " "0, " "0, " "0, " "0, " "0, " "0, " "0, " "0, " "0, " "0, " "0, " "0, " "0, " "0, " "0, " "0, " "0, " "0, " "0, " "0, " "0, " "0, " "0, " "0, " "0, " "0, " "0, " "0, " "0, " "0, " "0, " "0, " "0, " "0, " "0, " "0, " "0, " "0, " "0, " "0, " "0, " "0, " "0, " "0, " "0, " "0, " "0, " "0, " "0, " "0, " "0, " "0, " "0, " "0, " "0, " "0, " "0, " "0, " "0, " "0, " "0, " "0, " "0, " "0, " "0, " "0, " "0, " "0, " "0, " "0, " "0, " "0, " "0, " "0, " "0, " "0, " "0, " "0, " "0, " "0, " "0, " "0, " "1, " "1, " "1, " "1, " "1, " "1, " "1, " "0, " "0, " "1, " "1, " "1, " "1, " "1, " "1, " "1, " "0, " "1, " "1, " "1, " "1, " "1, " "1, " "1, " "1, " "1, " "0, " "1, " "1, " "1, " "1, " "1, " "1, " "0, " "0, " "0, " "0, " "0, " "0, " "0, " "0, " "0, " "0, " "0, " "0, " "0, " "0, " "0, " "0, " "0, " "0, " "0, " "0, " "0, " "0, " "0, " "0, " "0, " "0, " "0, " "0, " "0, " "0, " "0, " "0, " "0, " "0, " "0, " "0, " "0, " "0, " "0, " "0, " "0, " "0, " "0, " "0, " "0, " "0, " "0, " "0, " "0, " "0, " "0, " "0, " "0, " "0, " "0, " "0, " "0, " "0, " "0, " "0, " "0, " "0, " "0, " "0, " "0, " "0, " "0, " "0, " "0, " "0, " "0, " "0, " "0, " "0, " "0, " "0, " "0, " "0, " "0, " "0, " "0, " "0, " "0, " "0, " "0, " "0, " "0, " "0, " "0, " "0, "5000
 "Nei151, 0.072, " "-0.457, " "-0.164, " "0, " "0, " "0, " "0, " "0, " "0, " "0, " "0, " "0, " "0, " "0, " "0, " "0, " "0, " "0, " "0, " "0, " "0, " "0, " "0, " "0, " "0, " "0, " "0, " "0, " "0, " "0, " "0, " "0, " "0, " "0, " "0, " "0, " "0, " "0, " "0, " "0, " "0, " "0, " "0, " "0, " "0, " "0, " "0, " "0, " "0, " "0, " "0, " "0, " "0, " "0, " "0, " "0, " "0, " "0, " "0, " "0, " "0, " "0, " "0, " "0, " "0, " "0, " "0, " "0, " "0, " "0, " "0, " "0, " "0, " "0, " "0, " "0, " "0, " "0, " "0, " "0, " "0, " "0, " "0, " "0, " "0, " "0, " "0, " "0, " "0, " "0, " "0, " "0, " "0, " "0, " "0, " "0, " "0, " "0, " "0, " "0, " "0, " "0, " "0, " "0, " "0, " "0, " "0, " "0, " "0, " "0, " "0, " "0, " "0, " "0, " "0, " "0, " "0, " "0, " "0, " "0, " "0, " "0, " "0, " "0, " "0, " "0, " "0, " "0, " "0, " "0, " "0, " "0, " "0, " "0, " "0, " "0, " "0, " "0, " "1, " "1, " "1, " "1, " "1, " "1, " "1, " "1, " "1, " "1, " "1, " "0, " "1, " "0, " "1, " "1, " "0, " "1, " "1, " "1, " "1, " "1, " "1, " "1, " "1, " "1, " "1, " "1, " "1, " "1, " "1, " "1, " "1, " "0, " "0, " "0, " "0, " "0, " "0, " "0, " "0, " "0, " "0, " "0, " "0, " "0, " "0, " "0, " "0, " "0, " "0, " "0, " "0, " "0, " "0, " "0, " "0, " "0, " "0, " "0, " "0, " "0, " "0, " "0, " "0, " "0, " "0, " "0, " "0, " "0, " "0, " "0, " "0, " "0, " "0, " "0, " "0, " "0, " "0, " "0, " "0, " "0, " "0, " "0, " "0, " "0, " "0, " "0, " "0, " "0, " "0, " "0, " "0, " "0, " "0, " "0, " "0, " "0, " "0, " "0, " "0, " "0, " "0, " "0, " "0, " "0, " "0, " "0, " "0, " "0, " "0, " "0, " "0, " "0, " "0, " "0, " "0, " "0, " "0, " "0, " "0, " "0, "5000
 "Nei152, 0.195, " "-0.457, " "-0.164, " "0, " "0, " "0, " "0, " "0, " "0, " "0, " "0, " "0, " "0, " "0, " "0, " "0, " "0, " "0, " "0, " "0, " "0, " "0, " "0, " "0, " "0, " "0, " "0, " "0, " "0, " "0, " "0, " "0, " "0, " "0, " "0, " "0, " "0, " "0, " "0, " "0, " "0, " "0, " "0, " "1, " "0, " "0, " "0, " "0, " "0, " "0, " "0, " "0, " "0, " "0, " "0, " "0, " "0, " "0, " "0, " "0, " "0, " "0, " "0, " "0, " "0, " "0, " "0, " "0, " "0, " "0, " "0, " "0, " "0, " "0, " "0, " "0, " "0, " "0, " "0, " "0, " "0, " "0, " "0, " "0, " "0, " "0, " "0, " "0, " "0, " "0, " "0, " "0, " "0, " "0, " "0, " "0, " "0, " "0, " "0, " "0, " "0, " "0, " "0, " "0, " "0, " "0, " "0, " "0, " "0, " "0, " "0, " "0, " "0, " "0, " "0, " "0, " "0, " "0, " "0, " "0, " "0, " "0, " "0, " "0, " "0, " "0, " "0, " "0, " "0, " "0, " "0, " "0, " "0, " "0, " "0, " "0, " "0, " "0, " "0, " "1, " "0, " "1, " "1, " "1, " "1, " "1, " "1, " "1, " "1, " "1, " "1, " "1, " "1, " "1, " "1, " "0, " "1, " "1, " "1, " "1, " "1, " "1, " "0, " "1, " "1, " "1, " "1, " "1, " "1, " "1, " "1, " "1, " "0, " "0, " "0, " "0, " "0, " "0, " "0, " "0, " "0, " "0, " "0, " "0, " "0, " "0, " "0, " "0, " "0, " "0, " "0, " "0, " "0, " "0, " "0, " "0, " "0, " "0, " "0, " "0, " "0, " "0, " "0, " "0, " "0, " "0, " "0, " "0, " "0, " "0, " "0, " "0, " "0, " "0, " "0, " "0, " "0, " "0, " "0, " "0, " "0, " "0, " "0, " "0, " "0, " "0, " "0, " "0, " "0, " "0, " "0, " "0, " "0, " "0, " "0, " "0, " "0, " "0, " "0, " "0, " "0, " "0, " "0, " "0, " "0, " "0, " "0, " "0, " "0, " "0, " "0, " "0, " "0, " "0, " "0, " "0, " "0, " "0, " "0, " "0, "5000
 "Nei153, 0.084, " "0.485, " "0.399, " "0, " "0, " "0, " "0, " "0, " "0, " "0, " "0, " "0, " "0, " "0, " "0, " "0, " "0, " "0, " "0, " "0, " "0, " "0, " "0, " "0, " "0, " "0, " "0, " "0, " "0, " "0, " "0, " "0, " "0, " "0, " "0, " "0, " "0, " "0, " "0, " "0, " "0, " "0, " "0, " "0, " "0, " "0, " "0, " "0, " "0, " "0, " "0, " "0, " "0, " "0, " "0, " "0, " "0, " "0, " "0, " "0, " "0, " "0, " "0, " "0, " "0, " "0, " "0, " "0, " "0, " "0, " "0, " "0, " "0, " "0, " "0, " "0, " "0, " "0, " "0, " "0, " "0, " "0, " "0, " "0, " "0, " "0, " "0, " "0, " "0, " "0, " "0, " "0, " "0, " "0, " "0, " "0, " "0, " "0, " "0, " "0, " "0, " "0, " "0, " "0, " "0, " "0, " "0, " "0, " "0, " "0, " "0, " "0, " "0, " "0, " "0, " "0, " "0, " "0, " "0, " "0, " "0, " "0, " "0, " "0, " "0, " "0, " "0, " "0, " "0, " "0, " "0, " "0, " "0, " "0, " "0, " "0, " "0, " "0, " "0, " "0, " "1, " "1, " "1, " "1, " "1, " "1, " "0, " "1, " "0, " "1, " "1, " "1, " "1, " "1, " "1, " "1, " "0, " "1, " "1, " "1, " "1, " "1, " "1, " "1, " "1, " "1, " "1, " "1, " "1, " "1, " "1, " "1, " "1, " "0, " "0, " "0, " "0, " "0, " "0, " "0, " "0, " "0, " "0, " "0, " "0, " "0, " "0, " "0, " "0, " "0, " "0, " "0, " "0, " "0, " "0, " "0, " "0, " "0, " "0, " "0, " "0, " "0, " "0, " "0, " "0, " "0, " "0, " "0, " "0, " "0, " "0, " "0, " "0, " "0, " "0, " "0, " "0, " "0, " "0, " "0, " "0, " "0, " "0, " "0, " "0, " "0, " "0, " "0, " "0, " "0, " "0, " "0, " "0, " "0, " "0, " "0, " "0, " "0, " "0, " "0, " "0, " "0, " "0, " "0, " "0, " "0, " "0, " "0, " "0, " "0, " "0, " "0, " "0, " "0, " "0, " "0, " "0, " "1, " "0, " "0, "5000
 "Nei154, 0.161, " "0.485, " "0.399, " "0, " "0, " "0, " "0, " "0, " "0, " "0, " "0, " "0, " "0, " "0, " "0, " "0, " "0, " "0, " "0, " "0, " "0, " "0, " "0, " "0, " "0, " "0, " "0, " "0, " "0, " "0, " "0, " "0, " "0, " "0, " "0, " "0, " "0, " "0, " "0, " "0, " "0, " "0, " "0, " "0, " "0, " "0, " "0, " "0, " "0, " "0, " "0, " "0, " "0, " "0, " "0, " "0, " "0, " "0, " "0, " "0, " "0, " "0, " "0, " "0, " "0, " "0, " "0, " "0, " "0, " "0, " "0, " "0, " "0, " "0, " "0, " "0, " "0, " "0, " "0, " "0, " "0, " "0, " "0, " "0, " "0, " "0, " "0, " "0, " "0, " "0, " "0, " "0, " "0, " "0, " "0, " "0, " "0, " "0, " "0, " "0, " "0, " "0, " "0, " "0, " "0, " "0, " "0, " "0, " "0, " "0, " "0, " "0, " "0, " "0, " "0, " "0, " "0, " "0, " "0, " "0, " "0, " "0, " "0, " "0, " "0, " "0, " "0, " "0, " "0, " "0, " "0, " "0, " "0, " "0, " "0, " "0, " "0, " "0, " "0, " "0, " "0, " "1, " "1, " "1, " "1, " "1, " "1, " "1, " "1, " "1, " "1, " "1, " "1, " "1, " "1, " "1, " "1, " "0, " "1, " "1, " "1, " "1, " "1, " "1, " "1, " "1, " "1, " "1, " "1, " "1, " "1, " "1, " "1, " "1, " "0, " "0, " "0, " "0, " "0, " "0, " "0, " "0, " "0, " "0, " "0, " "0, " "0, " "0, " "0, " "0, " "0, " "0, " "0, " "0, " "0, " "0, " "0, " "0, " "0, " "0, " "0, " "0, " "0, " "0, " "0, " "0, " "0, " "0, " "0, " "0, " "0, " "0, " "0, " "0, " "0, " "0, " "0, " "0, " "0, " "0, " "0, " "0, " "0, " "0, " "0, " "0, " "0, " "0, " "0, " "0, " "0, " "0, " "0, " "0, " "0, " "0, " "0, " "0, " "0, " "0, " "0, " "0, " "0, " "0, " "0, " "0, " "0, " "0, " "0, " "0, " "0, " "0, " "0, " "0, " "0, " "0, " "0, " "0, " "0, " "0, "5000
 "Nei155, 0.094, " "-0.457, " "-0.164, " "0, " "0, " "0, " "0, " "0, " "0, " "0, " "0, " "0, " "0, " "0, " "0, " "0, " "0, " "0, " "0, " "0, " "0, " "0, " "0, " "0, " "0, " "0, " "0, " "0, " "0, " "0, " "0, " "0, " "0, " "0, " "0, " "0, " "1, " "0, " "0, " "0, " "0, " "0, " "0, " "0, " "0, " "1, " "0, " "0, " "0, " "0, " "0, " "0, " "0, " "0, " "0, " "0, " "0, " "0, " "0, " "0, " "0, " "0, " "0, " "0, " "0, " "0, " "0, " "0, " "0, " "0, " "0, " "1, " "0, " "0, " "0, " "0, " "0, " "0, " "0, " "0, " "0, " "0, " "0, " "0, " "0, " "0, " "0, " "0, " "0, " "0, " "0, " "0, " "0, " "0, " "0, " "0, " "0, " "0, " "0, " "0, " "0, " "0, " "0, " "0, " "0, " "0, " "0, " "0, " "0, " "0, " "0, " "0, " "0, " "0, " "0, " "0, " "0, " "0, " "0, " "0, " "0, " "0, " "0, " "0, " "0, " "0, " "0, " "0, " "0, " "0, " "0, " "0, " "0, " "0, " "0, " "0, " "0, " "0, " "0, " "0, " "0, " "0, " "1, " "1, " "1, " "1, " "1, " "1, " "1, " "1, " "1, " "1, " "1, " "1, " "1, " "1, " "1, " "1, " "0, " "1, " "1, " "1, " "1, " "1, " "1, " "1, " "1, " "1, " "1, " "1, " "1, " "1, " "0, " "1, " "1, " "0, " "0, " "0, " "0, " "0, " "0, " "0, " "0, " "0, " "0, " "0, " "0, " "0, " "0, " "0, " "0, " "0, " "0, " "0, " "0, " "0, " "0, " "0, " "0, " "0, " "0, " "0, " "0, " "0, " "0, " "0, " "0, " "0, " "0, " "0, " "0, " "0, " "0, " "0, " "0, " "0, " "0, " "0, " "0, " "0, " "0, " "0, " "0, " "0, " "0, " "0, " "0, " "0, " "0, " "0, " "0, " "0, " "0, " "0, " "0, " "0, " "0, " "0, " "0, " "0, " "0, " "0, " "0, " "0, " "0, " "0, " "0, " "0, " "0, " "0, " "0, " "0, " "0, " "0, " "0, " "0, " "0, " "0, " "0, " "0, "5000
 "Nei156, 0.168, " "-0.457, " "-0.164, " "0, " "0, " "0, " "0, " "0, " "0, " "0, " "0, " "0, " "0, " "0, " "0, " "0, " "0, " "0, " "0, " "0, " "0, " "0, " "0, " "0, " "0, " "0, " "0, " "0, " "0, " "0, " "0, " "0, " "0, " "0, " "0, " "0, " "0, " "0, " "0, " "0, " "0, " "0, " "0, " "0, " "0, " "0, " "0, " "0, " "0, " "0, " "0, " "0, " "0, " "0, " "0, " "0, " "0, " "0, " "0, " "0, " "0, " "0, " "0, " "0, " "0, " "0, " "0, " "0, " "0, " "0, " "0, " "0, " "0, " "0, " "0, " "0, " "0, " "0, " "0, " "0, " "0, " "0, " "0, " "0, " "0, " "0, " "0, " "0, " "0, " "0, " "0, " "0, " "0, " "0, " "0, " "0, " "0, " "0, " "0, " "0, " "0, " "0, " "0, " "0, " "0, " "0, " "0, " "0, " "0, " "0, " "0, " "0, " "0, " "0, " "0, " "0, " "0, " "0, " "0, " "0, " "0, " "0, " "0, " "0, " "0, " "0, " "0, " "0, " "0, " "0, " "0, " "0, " "0, " "0, " "0, " "0, " "0, " "0, " "0, " "0, " "0, " "0, " "0, " "0, " "1, " "1, " "1, " "1, " "1, " "1, " "1, " "1, " "1, " "1, " "1, " "1, " "1, " "1, " "1, " "0, " "1, " "1, " "1, " "1, " "1, " "1, " "1, " "1, " "1, " "1, " "0, " "1, " "1, " "1, " "1, " "1, " "0, " "0, " "0, " "0, " "0, " "0, " "0, " "0, " "0, " "0, " "0, " "0, " "0, " "0, " "0, " "0, " "0, " "0, " "0, " "0, " "0, " "0, " "0, " "0, " "0, " "0, " "0, " "0, " "0, " "0, " "0, " "0, " "0, " "0, " "0, " "0, " "0, " "1, " "0, " "0, " "0, " "0, " "0, " "0, " "0, " "0, " "0, " "0, " "0, " "0, " "0, " "0, " "0, " "0, " "0, " "0, " "0, " "0, " "0, " "0, " "0, " "0, " "0, " "0, " "0, " "0, " "0, " "0, " "0, " "0, " "0, " "0, " "0, " "0, " "0, " "0, " "0, " "0, " "0, " "0, " "0, " "0, " "0, " "0, "5000
 "Nei157, 0.068, " "-0.563, " "0.671, " "0, " "0, " "0, " "0, " "0, " "0, " "0, " "0, " "0, " "0, " "0, " "0, " "0, " "0, " "0, " "0, " "0, " "0, " "0, " "0, " "0, " "0, " "0, " "0, " "0, " "0, " "0, " "0, " "0, " "0, " "0, " "0, " "0, " "0, " "0, " "0, " "0, " "0, " "0, " "1, " "0, " "0, " "0, " "0, " "0, " "0, " "0, " "0, " "0, " "0, " "0, " "0, " "0, " "0, " "0, " "0, " "0, " "0, " "0, " "0, " "0, " "0, " "0, " "0, " "0, " "0, " "0, " "0, " "0, " "0, " "0, " "0, " "0, " "0, " "0, " "0, " "0, " "0, " "0, " "0, " "0, " "0, " "0, " "0, " "0, " "0, " "0, " "0, " "0, " "0, " "0, " "0, " "0, " "0, " "0, " "0, " "0, " "0, " "1, " "0, " "0, " "0, " "0, " "0, " "0, " "0, " "0, " "0, " "0, " "0, " "0, " "0, " "0, " "0, " "0, " "0, " "0, " "0, " "0, " "0, " "0, " "0, " "0, " "0, " "0, " "0, " "0, " "0, " "0, " "0, " "0, " "0, " "0, " "0, " "0, " "0, " "0, " "0, " "0, " "0, " "0, " "1, " "1, " "1, " "0, " "1, " "1, " "1, " "1, " "1, " "1, " "1, " "1, " "1, " "1, " "1, " "1, " "0, " "1, " "1, " "1, " "0, " "1, " "1, " "1, " "1, " "1, " "1, " "1, " "1, " "1, " "0, " "1, " "1, " "0, " "0, " "0, " "0, " "0, " "0, " "0, " "0, " "0, " "0, " "0, " "0, " "0, " "0, " "0, " "0, " "0, " "0, " "0, " "0, " "0, " "0, " "0, " "0, " "0, " "0, " "0, " "0, " "0, " "0, " "0, " "0, " "0, " "0, " "0, " "0, " "0, " "0, " "0, " "0, " "0, " "0, " "0, " "0, " "0, " "0, " "0, " "0, " "0, " "0, " "0, " "0, " "0, " "0, " "0, " "0, " "0, " "0, " "0, " "0, " "0, " "0, " "0, " "0, " "0, " "0, " "0, " "0, " "0, " "0, " "0, " "0, " "0, " "0, " "0, " "0, " "0, " "0, " "0, " "0, " "0, " "0, " "0, "5000
 "Nei158, 0.116, " "-0.563, " "0.671, " "0, " "0, " "0, " "0, " "0, " "0, " "0, " "0, " "0, " "0, " "0, " "0, " "0, " "0, " "0, " "0, " "0, " "0, " "0, " "0, " "0, " "0, " "0, " "0, " "0, " "0, " "0, " "0, " "0, " "0, " "0, " "0, " "0, " "0, " "0, " "0, " "0, " "0, " "0, " "0, " "0, " "0, " "0, " "0, " "0, " "0, " "0, " "0, " "0, " "0, " "0, " "0, " "0, " "0, " "0, " "0, " "0, " "0, " "0, " "0, " "0, " "0, " "0, " "0, " "0, " "0, " "0, " "0, " "0, " "0, " "0, " "0, " "0, " "0, " "0, " "0, " "0, " "0, " "0, " "0, " "0, " "0, " "1, " "0, " "0, " "0, " "0, " "0, " "0, " "0, " "0, " "0, " "0, " "0, " "0, " "0, " "0, " "0, " "0, " "0, " "0, " "0, " "0, " "0, " "0, " "0, " "0, " "0, " "0, " "0, " "0, " "0, " "0, " "0, " "0, " "0, " "0, " "0, " "0, " "0, " "0, " "0, " "0, " "0, " "0, " "0, " "0, " "0, " "0, " "0, " "0, " "0, " "0, " "0, " "0, " "0, " "0, " "0, " "0, " "0, " "0, " "0, " "1, " "1, " "1, " "1, " "1, " "1, " "1, " "1, " "1, " "1, " "1, " "1, " "1, " "1, " "1, " "1, " "0, " "1, " "1, " "1, " "1, " "1, " "1, " "1, " "0, " "1, " "1, " "1, " "1, " "1, " "1, " "1, " "1, " "0, " "0, " "0, " "0, " "0, " "0, " "0, " "0, " "0, " "0, " "0, " "0, " "0, " "0, " "0, " "0, " "0, " "0, " "1, " "0, " "0, " "0, " "0, " "0, " "0, " "0, " "0, " "0, " "0, " "0, " "0, " "0, " "0, " "0, " "0, " "0, " "0, " "0, " "0, " "0, " "0, " "0, " "0, " "0, " "0, " "0, " "0, " "0, " "0, " "0, " "0, " "0, " "0, " "0, " "0, " "0, " "0, " "0, " "0, " "0, " "0, " "0, " "0, " "0, " "0, " "0, " "0, " "0, " "0, " "0, " "0, " "0, " "0, " "0, " "0, " "0, " "0, " "0, " "0, " "0, " "0, " "0, "5000
 "Nei159, 0.171, " "-0.563, " "0.671, " "0, " "0, " "0, " "0, " "0, " "0, " "0, " "0, " "0, " "0, " "0, " "0, " "0, " "0, " "0, " "0, " "0, " "0, " "0, " "0, " "0, " "0, " "0, " "0, " "0, " "0, " "0, " "0, " "0, " "0, " "0, " "0, " "0, " "0, " "0, " "0, " "0, " "0, " "0, " "0, " "0, " "0, " "0, " "0, " "0, " "0, " "0, " "0, " "0, " "0, " "0, " "0, " "0, " "0, " "0, " "0, " "0, " "0, " "0, " "0, " "0, " "0, " "0, " "0, " "0, " "0, " "0, " "0, " "0, " "0, " "0, " "0, " "0, " "0, " "0, " "0, " "0, " "0, " "0, " "0, " "0, " "0, " "0, " "0, " "0, " "0, " "0, " "0, " "0, " "0, " "0, " "0, " "0, " "0, " "0, " "0, " "0, " "0, " "0, " "0, " "0, " "0, " "0, " "0, " "0, " "0, " "0, " "0, " "0, " "0, " "0, " "0, " "0, " "0, " "0, " "0, " "0, " "0, " "0, " "0, " "0, " "0, " "0, " "0, " "0, " "0, " "0, " "0, " "0, " "0, " "0, " "0, " "0, " "0, " "0, " "0, " "0, " "0, " "0, " "0, " "0, " "0, " "0, " "0, " "1, " "1, " "1, " "1, " "1, " "1, " "1, " "1, " "0, " "1, " "1, " "1, " "1, " "1, " "1, " "0, " "1, " "1, " "1, " "1, " "1, " "1, " "1, " "1, " "1, " "1, " "1, " "1, " "1, " "1, " "1, " "1, " "0, " "0, " "0, " "0, " "0, " "0, " "0, " "0, " "0, " "0, " "0, " "0, " "0, " "0, " "0, " "0, " "0, " "0, " "0, " "0, " "0, " "0, " "0, " "0, " "0, " "0, " "0, " "0, " "0, " "0, " "0, " "0, " "0, " "0, " "0, " "0, " "0, " "0, " "0, " "0, " "0, " "0, " "0, " "0, " "0, " "0, " "0, " "0, " "0, " "0, " "0, " "0, " "0, " "0, " "0, " "0, " "0, " "0, " "0, " "0, " "0, " "0, " "0, " "0, " "0, " "0, " "0, " "0, " "0, " "0, " "0, " "0, " "0, " "0, " "0, " "0, " "0, " "0, " "0, " "0, " "0, "5000
 "Nei160, 0.162, " "0.485, " "0.399, " "0, " "0, " "0, " "0, " "0, " "0, " "0, " "0, " "0, " "0, " "0, " "0, " "0, " "0, " "0, " "0, " "0, " "0, " "0, " "0, " "0, " "0, " "0, " "0, " "0, " "0, " "0, " "0, " "0, " "0, " "0, " "0, " "0, " "0, " "0, " "0, " "0, " "0, " "0, " "0, " "0, " "0, " "1, " "0, " "0, " "0, " "0, " "0, " "0, " "0, " "0, " "0, " "0, " "0, " "0, " "0, " "0, " "0, " "0, " "0, " "0, " "0, " "0, " "0, " "0, " "0, " "0, " "0, " "0, " "0, " "0, " "0, " "0, " "0, " "0, " "0, " "0, " "0, " "0, " "0, " "0, " "0, " "0, " "0, " "0, " "0, " "0, " "0, " "0, " "0, " "0, " "0, " "0, " "0, " "0, " "0, " "0, " "0, " "0, " "0, " "0, " "0, " "0, " "0, " "0, " "0, " "0, " "0, " "0, " "0, " "0, " "0, " "0, " "0, " "0, " "0, " "0, " "0, " "0, " "0, " "0, " "0, " "0, " "0, " "0, " "0, " "0, " "0, " "0, " "0, " "0, " "0, " "0, " "0, " "0, " "0, " "0, " "0, " "0, " "0, " "0, " "0, " "0, " "0, " "1, " "1, " "1, " "1, " "1, " "1, " "0, " "1, " "1, " "1, " "1, " "1, " "1, " "1, " "1, " "1, " "0, " "1, " "1, " "1, " "1, " "1, " "1, " "1, " "1, " "0, " "1, " "1, " "1, " "1, " "1, " "1, " "1, " "0, " "0, " "0, " "0, " "0, " "0, " "0, " "0, " "0, " "0, " "0, " "0, " "0, " "0, " "0, " "0, " "0, " "0, " "0, " "0, " "0, " "0, " "0, " "0, " "0, " "0, " "0, " "0, " "0, " "0, " "0, " "0, " "0, " "0, " "0, " "0, " "0, " "0, " "0, " "0, " "0, " "0, " "0, " "0, " "0, " "0, " "0, " "0, " "0, " "0, " "0, " "0, " "0, " "0, " "0, " "0, " "0, " "0, " "0, " "0, " "0, " "0, " "0, " "0, " "0, " "0, " "0, " "0, " "0, " "0, " "0, " "0, " "0, " "0, " "0, " "0, " "0, " "0, " "0, " "0, "5000
 "Nei161, 0.099, " "-0.457, " "-0.164, " "0, " "0, " "0, " "0, " "0, " "0, " "0, " "0, " "0, " "0, " "0, " "0, " "0, " "0, " "0, " "0, " "0, " "0, " "0, " "0, " "0, " "0, " "0, " "0, " "0, " "0, " "0, " "0, " "0, " "0, " "0, " "0, " "0, " "0, " "0, " "0, " "0, " "0, " "0, " "0, " "0, " "0, " "0, " "0, " "0, " "0, " "0, " "0, " "0, " "0, " "0, " "0, " "0, " "0, " "0, " "0, " "0, " "0, " "0, " "0, " "0, " "0, " "0, " "0, " "0, " "0, " "0, " "0, " "0, " "0, " "0, " "0, " "0, " "0, " "0, " "0, " "0, " "0, " "0, " "0, " "0, " "0, " "0, " "0, " "0, " "0, " "0, " "0, " "0, " "0, " "0, " "0, " "0, " "0, " "0, " "0, " "0, " "0, " "0, " "0, " "0, " "0, " "0, " "0, " "0, " "0, " "0, " "0, " "0, " "0, " "0, " "0, " "0, " "0, " "0, " "0, " "0, " "0, " "0, " "0, " "0, " "0, " "0, " "0, " "0, " "0, " "0, " "0, " "0, " "0, " "0, " "0, " "0, " "0, " "0, " "0, " "0, " "0, " "0, " "0, " "0, " "0, " "0, " "0, " "0, " "1, " "0, " "1, " "1, " "1, " "1, " "1, " "1, " "1, " "1, " "1, " "1, " "0, " "1, " "1, " "1, " "0, " "1, " "1, " "1, " "1, " "1, " "1, " "1, " "1, " "1, " "1, " "1, " "1, " "1, " "1, " "1, " "1, " "0, " "0, " "0, " "0, " "0, " "0, " "0, " "0, " "0, " "0, " "0, " "0, " "0, " "0, " "0, " "0, " "0, " "0, " "0, " "0, " "0, " "0, " "0, " "0, " "0, " "0, " "0, " "0, " "0, " "0, " "0, " "0, " "0, " "0, " "0, " "0, " "0, " "0, " "0, " "0, " "0, " "0, " "0, " "0, " "0, " "0, " "0, " "0, " "0, " "0, " "0, " "0, " "0, " "0, " "0, " "0, " "0, " "0, " "0, " "0, " "0, " "0, " "0, " "0, " "0, " "0, " "0, " "0, " "0, " "0, " "0, " "0, " "0, " "0, " "0, " "0, " "0, " "0, " "0, "5000
 "Nei162, 0.179, " "-0.457, " "-0.164, " "0, " "0, " "0, " "1, " "0, " "0, " "0, " "0, " "0, " "0, " "0, " "0, " "0, " "0, " "1, " "0, " "0, " "0, " "0, " "0, " "0, " "0, " "0, " "0, " "0, " "0, " "0, " "0, " "0, " "0, " "0, " "0, " "0, " "0, " "0, " "0, " "0, " "0, " "0, " "0, " "0, " "0, " "0, " "0, " "0, " "0, " "0, " "0, " "0, " "0, " "0, " "0, " "0, " "0, " "0, " "0, " "0, " "0, " "0, " "0, " "0, " "0, " "0, " "0, " "0, " "0, " "0, " "0, " "0, " "0, " "0, " "0, " "0, " "0, " "0, " "0, " "0, " "0, " "0, " "0, " "0, " "0, " "0, " "0, " "0, " "0, " "0, " "0, " "0, " "0, " "0, " "0, " "0, " "1, " "0, " "0, " "0, " "0, " "0, " "0, " "0, " "0, " "0, " "0, " "0, " "0, " "0, " "0, " "0, " "0, " "0, " "0, " "0, " "0, " "0, " "0, " "0, " "0, " "0, " "0, " "0, " "0, " "0, " "0, " "0, " "0, " "0, " "0, " "0, " "0, " "0, " "0, " "0, " "0, " "0, " "0, " "0, " "0, " "0, " "0, " "0, " "0, " "0, " "0, " "0, " "0, " "1, " "1, " "1, " "1, " "1, " "1, " "1, " "1, " "1, " "1, " "1, " "1, " "1, " "1, " "1, " "1, " "0, " "1, " "1, " "1, " "1, " "1, " "1, " "1, " "1, " "1, " "1, " "1, " "1, " "1, " "1, " "1, " "1, " "0, " "0, " "0, " "0, " "0, " "0, " "0, " "0, " "0, " "0, " "0, " "0, " "0, " "0, " "0, " "0, " "0, " "0, " "0, " "0, " "0, " "0, " "0, " "0, " "0, " "0, " "0, " "0, " "0, " "0, " "0, " "0, " "0, " "0, " "0, " "0, " "0, " "0, " "0, " "0, " "0, " "0, " "0, " "0, " "0, " "0, " "0, " "0, " "0, " "0, " "0, " "0, " "0, " "0, " "0, " "0, " "0, " "0, " "0, " "0, " "0, " "0, " "0, " "0, " "0, " "0, " "0, " "0, " "0, " "0, " "0, " "0, " "0, " "0, " "0, " "0, " "0, " "0, "5000
 "Nei163, 0.176, " "0.485, " "0.399, " "0, " "0, " "0, " "0, " "0, " "0, " "0, " "0, " "0, " "0, " "0, " "0, " "0, " "0, " "0, " "0, " "0, " "0, " "0, " "0, " "0, " "0, " "0, " "0, " "0, " "0, " "0, " "0, " "0, " "0, " "0, " "0, " "0, " "0, " "0, " "0, " "0, " "0, " "0, " "0, " "0, " "0, " "0, " "0, " "0, " "0, " "0, " "0, " "0, " "0, " "0, " "0, " "0, " "0, " "0, " "0, " "0, " "0, " "0, " "0, " "0, " "0, " "0, " "0, " "0, " "0, " "0, " "0, " "0, " "0, " "0, " "0, " "0, " "0, " "0, " "0, " "0, " "0, " "0, " "0, " "0, " "0, " "0, " "0, " "0, " "0, " "0, " "0, " "0, " "0, " "0, " "0, " "0, " "0, " "0, " "0, " "0, " "0, " "0, " "0, " "0, " "0, " "0, " "0, " "0, " "0, " "0, " "0, " "0, " "0, " "0, " "0, " "0, " "0, " "0, " "0, " "0, " "0, " "0, " "0, " "0, " "0, " "0, " "0, " "0, " "0, " "0, " "0, " "0, " "0, " "0, " "0, " "0, " "0, " "0, " "0, " "0, " "0, " "0, " "0, " "1, " "0, " "0, " "0, " "0, " "0, " "0, " "1, " "1, " "1, " "1, " "1, " "1, " "1, " "1, " "1, " "1, " "1, " "1, " "1, " "1, " "1, " "1, " "0, " "1, " "1, " "1, " "1, " "1, " "1, " "1, " "1, " "1, " "1, " "1, " "1, " "1, " "1, " "1, " "1, " "0, " "0, " "0, " "0, " "0, " "0, " "0, " "0, " "0, " "0, " "0, " "0, " "0, " "0, " "0, " "0, " "0, " "0, " "0, " "0, " "0, " "0, " "0, " "0, " "0, " "0, " "0, " "0, " "0, " "0, " "0, " "0, " "0, " "0, " "0, " "0, " "0, " "0, " "0, " "0, " "0, " "0, " "0, " "0, " "0, " "0, " "0, " "0, " "0, " "0, " "0, " "0, " "0, " "0, " "0, " "0, " "0, " "0, " "0, " "0, " "0, " "0, " "0, " "0, " "0, " "0, " "1, " "0, " "0, " "0, " "0, " "0, " "0, " "0, " "0, " "0, " "0, "5000
 "Nei164, 0.147, " "-0.009, " "-0.914, " "0, " "0, " "0, " "0, " "0, " "0, " "0, " "0, " "0, " "0, " "0, " "0, " "0, " "0, " "0, " "0, " "0, " "0, " "0, " "0, " "0, " "0, " "0, " "0, " "0, " "0, " "0, " "0, " "0, " "0, " "0, " "0, " "0, " "0, " "0, " "0, " "0, " "0, " "0, " "0, " "0, " "0, " "0, " "0, " "0, " "0, " "0, " "0, " "0, " "0, " "0, " "0, " "0, " "0, " "0, " "0, " "0, " "0, " "0, " "0, " "0, " "0, " "0, " "1, " "0, " "0, " "0, " "0, " "0, " "0, " "0, " "0, " "0, " "0, " "0, " "0, " "0, " "0, " "0, " "0, " "0, " "0, " "0, " "0, " "0, " "0, " "0, " "0, " "0, " "0, " "0, " "0, " "0, " "0, " "0, " "0, " "0, " "0, " "0, " "0, " "0, " "0, " "0, " "0, " "0, " "0, " "0, " "0, " "0, " "0, " "0, " "0, " "0, " "0, " "0, " "0, " "0, " "0, " "0, " "0, " "0, " "0, " "0, " "0, " "0, " "0, " "0, " "0, " "0, " "0, " "0, " "0, " "0, " "0, " "0, " "0, " "0, " "0, " "0, " "0, " "0, " "0, " "0, " "0, " "0, " "0, " "0, " "0, " "1, " "1, " "1, " "1, " "1, " "1, " "1, " "1, " "1, " "1, " "1, " "1, " "1, " "1, " "1, " "1, " "0, " "1, " "1, " "1, " "1, " "1, " "1, " "1, " "1, " "1, " "1, " "1, " "1, " "1, " "1, " "1, " "1, " "0, " "0, " "0, " "0, " "0, " "0, " "0, " "0, " "0, " "0, " "0, " "0, " "0, " "0, " "0, " "0, " "0, " "0, " "0, " "0, " "0, " "0, " "0, " "0, " "0, " "0, " "0, " "0, " "0, " "0, " "0, " "0, " "0, " "0, " "0, " "0, " "0, " "0, " "0, " "0, " "0, " "0, " "0, " "0, " "0, " "0, " "0, " "0, " "0, " "0, " "0, " "0, " "0, " "0, " "0, " "0, " "0, " "0, " "0, " "0, " "0, " "0, " "0, " "0, " "0, " "0, " "0, " "0, " "0, " "0, " "0, " "0, " "0, " "0, " "0, " "0, "5000
 "Nei165, 0.112, " "-0.457, " "-0.164, " "0, " "0, " "0, " "0, " "0, " "0, " "0, " "0, " "0, " "0, " "0, " "0, " "0, " "0, " "0, " "0, " "0, " "0, " "0, " "0, " "0, " "0, " "0, " "0, " "0, " "0, " "0, " "0, " "0, " "0, " "0, " "0, " "0, " "0, " "0, " "0, " "0, " "0, " "0, " "0, " "0, " "0, " "0, " "0, " "0, " "0, " "0, " "0, " "0, " "0, " "0, " "0, " "0, " "0, " "0, " "0, " "0, " "0, " "0, " "0, " "0, " "0, " "0, " "0, " "0, " "0, " "0, " "0, " "0, " "0, " "0, " "0, " "0, " "0, " "0, " "0, " "0, " "0, " "0, " "0, " "0, " "1, " "0, " "0, " "0, " "0, " "0, " "0, " "0, " "0, " "0, " "0, " "0, " "0, " "0, " "0, " "0, " "0, " "0, " "0, " "0, " "0, " "0, " "0, " "0, " "0, " "0, " "0, " "0, " "0, " "0, " "0, " "0, " "0, " "0, " "0, " "0, " "0, " "0, " "0, " "0, " "0, " "0, " "0, " "0, " "0, " "0, " "0, " "0, " "0, " "0, " "0, " "0, " "0, " "0, " "0, " "0, " "0, " "0, " "0, " "0, " "0, " "0, " "0, " "0, " "0, " "0, " "0, " "0, " "1, " "1, " "1, " "1, " "1, " "1, " "1, " "1, " "1, " "1, " "1, " "1, " "1, " "1, " "1, " "1, " "0, " "1, " "1, " "1, " "1, " "1, " "1, " "1, " "1, " "1, " "1, " "1, " "1, " "1, " "1, " "0, " "1, " "0, " "0, " "0, " "0, " "0, " "0, " "0, " "0, " "0, " "0, " "0, " "0, " "0, " "0, " "0, " "0, " "0, " "0, " "0, " "0, " "0, " "0, " "0, " "0, " "0, " "0, " "0, " "0, " "0, " "0, " "0, " "0, " "0, " "0, " "0, " "0, " "0, " "0, " "0, " "1, " "0, " "0, " "0, " "0, " "0, " "0, " "0, " "0, " "0, " "0, " "0, " "0, " "0, " "0, " "0, " "0, " "0, " "0, " "0, " "0, " "0, " "0, " "0, " "0, " "0, " "0, " "0, " "0, " "0, " "0, " "0, " "0, " "0, " "0, " "0, "5000
 "Nei166, 0.008, " "-0.009, " "-0.914, " "0, " "0, " "0, " "0, " "0, " "0, " "0, " "0, " "0, " "0, " "0, " "0, " "0, " "0, " "0, " "0, " "0, " "0, " "0, " "0, " "0, " "0, " "0, " "0, " "0, " "0, " "0, " "0, " "0, " "0, " "0, " "0, " "0, " "0, " "0, " "0, " "0, " "0, " "0, " "0, " "0, " "0, " "0, " "0, " "0, " "0, " "0, " "0, " "0, " "0, " "0, " "0, " "0, " "0, " "0, " "0, " "0, " "0, " "0, " "0, " "0, " "0, " "0, " "0, " "0, " "0, " "0, " "0, " "0, " "0, " "0, " "0, " "0, " "0, " "0, " "0, " "0, " "0, " "0, " "0, " "0, " "0, " "0, " "0, " "0, " "0, " "0, " "0, " "0, " "0, " "0, " "0, " "0, " "0, " "0, " "0, " "0, " "0, " "0, " "0, " "0, " "0, " "0, " "0, " "0, " "0, " "0, " "0, " "0, " "0, " "0, " "0, " "0, " "0, " "0, " "0, " "0, " "0, " "0, " "0, " "0, " "0, " "0, " "0, " "0, " "0, " "0, " "0, " "0, " "0, " "0, " "0, " "0, " "0, " "0, " "0, " "0, " "0, " "0, " "0, " "0, " "0, " "0, " "0, " "0, " "0, " "0, " "0, " "0, " "0, " "1, " "1, " "1, " "1, " "1, " "1, " "1, " "1, " "0, " "1, " "1, " "1, " "1, " "1, " "1, " "1, " "0, " "1, " "1, " "1, " "1, " "1, " "1, " "1, " "1, " "1, " "0, " "1, " "1, " "1, " "1, " "1, " "1, " "1, " "0, " "0, " "0, " "0, " "0, " "0, " "0, " "0, " "0, " "0, " "0, " "0, " "0, " "0, " "0, " "0, " "0, " "0, " "0, " "0, " "0, " "0, " "0, " "0, " "0, " "0, " "0, " "0, " "0, " "0, " "0, " "0, " "0, " "0, " "0, " "0, " "0, " "0, " "0, " "0, " "0, " "0, " "0, " "0, " "0, " "0, " "0, " "0, " "0, " "0, " "0, " "0, " "0, " "0, " "0, " "0, " "0, " "0, " "0, " "0, " "0, " "0, " "0, " "0, " "0, " "0, " "0, " "0, " "0, " "1, " "0, " "0, " "0, "5000
 "Nei167, 0.004, " "-0.563, " "0.671, " "0, " "0, " "0, " "0, " "0, " "0, " "0, " "0, " "0, " "0, " "0, " "0, " "0, " "0, " "0, " "0, " "0, " "0, " "0, " "0, " "0, " "0, " "0, " "0, " "0, " "0, " "0, " "0, " "0, " "0, " "0, " "0, " "0, " "0, " "0, " "0, " "0, " "0, " "0, " "0, " "0, " "0, " "0, " "0, " "0, " "0, " "0, " "0, " "0, " "0, " "0, " "0, " "0, " "0, " "0, " "0, " "0, " "0, " "0, " "0, " "0, " "0, " "0, " "0, " "0, " "0, " "0, " "0, " "0, " "0, " "0, " "0, " "0, " "0, " "0, " "0, " "0, " "0, " "0, " "0, " "0, " "0, " "0, " "0, " "0, " "0, " "0, " "0, " "0, " "0, " "0, " "0, " "0, " "0, " "0, " "0, " "0, " "0, " "0, " "0, " "0, " "0, " "0, " "0, " "0, " "0, " "0, " "0, " "0, " "0, " "0, " "0, " "0, " "0, " "0, " "0, " "0, " "0, " "0, " "0, " "0, " "0, " "0, " "0, " "0, " "0, " "0, " "0, " "0, " "0, " "0, " "0, " "0, " "0, " "0, " "0, " "0, " "0, " "0, " "0, " "0, " "0, " "0, " "0, " "0, " "0, " "0, " "0, " "0, " "0, " "0, " "1, " "1, " "1, " "1, " "1, " "0, " "1, " "1, " "1, " "1, " "1, " "1, " "1, " "1, " "1, " "1, " "0, " "1, " "1, " "1, " "1, " "1, " "1, " "1, " "1, " "1, " "1, " "1, " "1, " "1, " "1, " "1, " "1, " "0, " "0, " "0, " "0, " "0, " "0, " "0, " "0, " "0, " "0, " "0, " "0, " "0, " "0, " "0, " "0, " "0, " "0, " "0, " "0, " "0, " "0, " "0, " "0, " "0, " "0, " "0, " "0, " "0, " "0, " "0, " "0, " "0, " "0, " "0, " "0, " "0, " "0, " "0, " "0, " "0, " "0, " "0, " "0, " "0, " "0, " "0, " "0, " "0, " "0, " "0, " "0, " "0, " "0, " "0, " "0, " "0, " "0, " "0, " "0, " "0, " "0, " "0, " "0, " "0, " "0, " "0, " "0, " "0, " "0, " "0, " "0, " "0, "5000
 "Nei168, 0.111, " "0.486, " "0.4, " "0, " "0, " "0, " "0, " "0, " "0, " "0, " "0, " "0, " "0, " "0, " "0, " "0, " "0, " "0, " "0, " "0, " "0, " "0, " "0, " "0, " "0, " "0, " "0, " "0, " "0, " "0, " "0, " "0, " "0, " "0, " "0, " "0, " "0, " "0, " "0, " "0, " "0, " "0, " "0, " "0, " "0, " "0, " "0, " "0, " "0, " "0, " "0, " "0, " "0, " "0, " "0, " "0, " "0, " "0, " "0, " "0, " "0, " "0, " "0, " "0, " "0, " "0, " "0, " "0, " "0, " "0, " "0, " "0, " "0, " "0, " "0, " "0, " "0, " "0, " "0, " "0, " "0, " "0, " "0, " "0, " "0, " "0, " "0, " "0, " "0, " "0, " "0, " "0, " "0, " "0, " "0, " "0, " "0, " "0, " "0, " "0, " "0, " "0, " "0, " "0, " "0, " "0, " "0, " "0, " "0, " "0, " "0, " "0, " "0, " "0, " "0, " "0, " "0, " "0, " "0, " "0, " "0, " "0, " "0, " "0, " "0, " "0, " "0, " "0, " "0, " "0, " "0, " "0, " "0, " "0, " "0, " "0, " "0, " "0, " "0, " "0, " "0, " "0, " "0, " "0, " "0, " "0, " "0, " "0, " "0, " "0, " "0, " "0, " "0, " "0, " "0, " "1, " "1, " "1, " "1, " "1, " "1, " "1, " "1, " "1, " "1, " "1, " "1, " "1, " "1, " "1, " "1, " "0, " "1, " "1, " "1, " "1, " "1, " "1, " "1, " "1, " "1, " "1, " "1, " "1, " "1, " "1, " "1, " "1, " "0, " "0, " "0, " "0, " "0, " "0, " "0, " "0, " "0, " "0, " "0, " "0, " "0, " "0, " "0, " "0, " "0, " "0, " "0, " "0, " "0, " "0, " "0, " "0, " "0, " "0, " "0, " "0, " "0, " "0, " "0, " "0, " "0, " "0, " "0, " "0, " "0, " "0, " "0, " "0, " "0, " "0, " "0, " "0, " "0, " "0, " "0, " "0, " "0, " "0, " "0, " "0, " "0, " "0, " "0, " "0, " "0, " "0, " "0, " "0, " "0, " "0, " "0, " "0, " "0, " "0, " "0, " "0, " "0, " "0, " "0, " "0, "5000
 "Nei169, 0.142, " "-0.904, " "-0.776, " "0, " "0, " "0, " "0, " "0, " "0, " "0, " "0, " "0, " "0, " "0, " "0, " "0, " "0, " "0, " "0, " "0, " "0, " "0, " "0, " "0, " "0, " "0, " "0, " "0, " "0, " "0, " "0, " "0, " "0, " "0, " "0, " "0, " "0, " "0, " "0, " "0, " "0, " "0, " "0, " "0, " "0, " "0, " "0, " "0, " "0, " "0, " "0, " "0, " "0, " "0, " "0, " "0, " "0, " "0, " "0, " "0, " "0, " "0, " "0, " "1, " "0, " "0, " "0, " "0, " "0, " "0, " "0, " "0, " "0, " "0, " "0, " "0, " "0, " "0, " "0, " "0, " "0, " "0, " "0, " "0, " "0, " "0, " "0, " "0, " "0, " "0, " "0, " "0, " "0, " "0, " "0, " "0, " "0, " "0, " "0, " "0, " "0, " "0, " "0, " "0, " "0, " "0, " "0, " "0, " "0, " "0, " "0, " "0, " "0, " "0, " "0, " "0, " "0, " "0, " "0, " "0, " "0, " "0, " "0, " "0, " "0, " "0, " "0, " "0, " "0, " "0, " "0, " "0, " "0, " "0, " "0, " "0, " "0, " "0, " "0, " "0, " "0, " "0, " "0, " "0, " "0, " "0, " "0, " "0, " "0, " "0, " "0, " "0, " "0, " "0, " "0, " "0, " "1, " "1, " "0, " "1, " "1, " "1, " "1, " "0, " "1, " "1, " "1, " "1, " "1, " "1, " "1, " "1, " "0, " "1, " "1, " "0, " "1, " "1, " "1, " "1, " "1, " "1, " "1, " "1, " "1, " "0, " "1, " "1, " "1, " "0, " "0, " "0, " "0, " "0, " "0, " "0, " "0, " "0, " "0, " "0, " "0, " "0, " "0, " "0, " "0, " "0, " "0, " "0, " "0, " "0, " "0, " "0, " "0, " "0, " "0, " "0, " "0, " "0, " "0, " "0, " "0, " "0, " "0, " "0, " "0, " "0, " "0, " "0, " "0, " "0, " "0, " "0, " "0, " "0, " "0, " "0, " "0, " "0, " "0, " "0, " "0, " "0, " "0, " "0, " "0, " "0, " "0, " "0, " "0, " "0, " "0, " "0, " "0, " "0, " "0, " "0, " "0, " "0, " "1, " "0, "5000
 "Nei170, 0.152, " "0.486, " "0.4, " "0, " "0, " "0, " "0, " "0, " "0, " "0, " "0, " "0, " "0, " "0, " "0, " "0, " "0, " "0, " "1, " "0, " "0, " "0, " "0, " "0, " "0, " "0, " "0, " "0, " "0, " "0, " "0, " "0, " "0, " "0, " "0, " "0, " "0, " "0, " "0, " "0, " "0, " "0, " "0, " "0, " "0, " "0, " "0, " "0, " "0, " "0, " "0, " "0, " "0, " "0, " "0, " "0, " "0, " "0, " "0, " "0, " "0, " "1, " "0, " "0, " "0, " "0, " "0, " "0, " "0, " "0, " "0, " "0, " "0, " "0, " "0, " "0, " "0, " "0, " "0, " "0, " "0, " "0, " "0, " "0, " "0, " "0, " "0, " "0, " "0, " "0, " "0, " "0, " "0, " "0, " "0, " "0, " "0, " "0, " "0, " "0, " "0, " "0, " "0, " "0, " "0, " "0, " "0, " "0, " "0, " "0, " "0, " "0, " "0, " "0, " "0, " "0, " "0, " "0, " "0, " "0, " "0, " "0, " "0, " "0, " "0, " "0, " "0, " "0, " "0, " "0, " "0, " "0, " "0, " "0, " "0, " "0, " "0, " "0, " "0, " "0, " "0, " "0, " "0, " "0, " "0, " "0, " "0, " "0, " "0, " "0, " "0, " "0, " "0, " "0, " "0, " "0, " "0, " "1, " "1, " "1, " "1, " "1, " "1, " "1, " "1, " "1, " "1, " "1, " "1, " "1, " "1, " "1, " "1, " "0, " "1, " "1, " "1, " "1, " "1, " "1, " "1, " "1, " "1, " "1, " "1, " "1, " "1, " "1, " "1, " "0, " "0, " "0, " "0, " "0, " "0, " "0, " "0, " "0, " "0, " "0, " "0, " "0, " "0, " "0, " "0, " "0, " "0, " "0, " "0, " "0, " "0, " "0, " "0, " "0, " "0, " "0, " "0, " "0, " "0, " "0, " "0, " "0, " "0, " "0, " "0, " "0, " "0, " "1, " "0, " "0, " "0, " "0, " "0, " "0, " "0, " "0, " "0, " "0, " "0, " "0, " "0, " "0, " "0, " "0, " "0, " "0, " "0, " "0, " "0, " "0, " "0, " "0, " "0, " "0, " "0, " "0, " "0, " "0, " "0, " "0, "5000
 "Nei171, 0.152, " "-0.563, " "0.671, " "0, " "0, " "0, " "0, " "0, " "0, " "0, " "0, " "0, " "0, " "0, " "0, " "0, " "0, " "0, " "0, " "0, " "0, " "0, " "0, " "0, " "0, " "0, " "0, " "0, " "0, " "0, " "0, " "0, " "0, " "0, " "0, " "0, " "0, " "0, " "0, " "0, " "0, " "0, " "0, " "0, " "0, " "0, " "0, " "0, " "0, " "0, " "0, " "0, " "0, " "0, " "0, " "0, " "0, " "0, " "0, " "0, " "0, " "0, " "0, " "0, " "0, " "0, " "0, " "0, " "0, " "0, " "0, " "0, " "0, " "0, " "0, " "0, " "0, " "0, " "0, " "0, " "0, " "0, " "0, " "0, " "0, " "0, " "0, " "0, " "0, " "0, " "0, " "0, " "0, " "0, " "0, " "0, " "0, " "0, " "0, " "0, " "0, " "0, " "0, " "0, " "0, " "0, " "0, " "0, " "0, " "0, " "0, " "0, " "0, " "0, " "0, " "0, " "0, " "0, " "0, " "0, " "0, " "0, " "0, " "0, " "0, " "0, " "0, " "0, " "0, " "0, " "0, " "0, " "0, " "0, " "0, " "0, " "0, " "0, " "0, " "0, " "0, " "0, " "0, " "0, " "0, " "0, " "0, " "0, " "0, " "0, " "0, " "0, " "0, " "0, " "0, " "0, " "0, " "0, " "1, " "1, " "0, " "1, " "1, " "1, " "1, " "1, " "1, " "1, " "1, " "1, " "1, " "1, " "1, " "1, " "0, " "1, " "1, " "1, " "1, " "1, " "1, " "1, " "1, " "1, " "1, " "1, " "1, " "1, " "1, " "1, " "1, " "0, " "0, " "0, " "0, " "0, " "0, " "0, " "0, " "0, " "0, " "0, " "0, " "0, " "0, " "0, " "0, " "0, " "0, " "0, " "0, " "0, " "0, " "0, " "0, " "0, " "0, " "0, " "0, " "0, " "0, " "0, " "0, " "0, " "0, " "0, " "0, " "0, " "0, " "0, " "0, " "0, " "0, " "0, " "0, " "0, " "0, " "0, " "0, " "0, " "0, " "0, " "0, " "0, " "0, " "0, " "0, " "0, " "0, " "0, " "0, " "0, " "0, " "0, " "0, " "0, " "0, " "0, " "0, " "0, "5000
 "Nei172, 0.127, " "0.486, " "0.4, " "0, " "0, " "0, " "0, " "0, " "0, " "0, " "0, " "0, " "0, " "0, " "0, " "0, " "0, " "0, " "0, " "0, " "0, " "0, " "0, " "0, " "0, " "0, " "0, " "0, " "0, " "0, " "0, " "0, " "0, " "0, " "0, " "0, " "0, " "0, " "0, " "0, " "0, " "0, " "0, " "0, " "0, " "0, " "0, " "0, " "0, " "0, " "0, " "0, " "0, " "0, " "0, " "0, " "0, " "0, " "0, " "0, " "0, " "0, " "0, " "0, " "0, " "0, " "0, " "0, " "0, " "0, " "0, " "0, " "0, " "0, " "0, " "0, " "0, " "0, " "0, " "0, " "0, " "0, " "0, " "0, " "0, " "0, " "0, " "0, " "0, " "0, " "0, " "0, " "0, " "0, " "0, " "0, " "0, " "0, " "0, " "0, " "0, " "0, " "0, " "0, " "0, " "0, " "0, " "0, " "0, " "0, " "0, " "0, " "0, " "0, " "0, " "0, " "0, " "0, " "0, " "0, " "0, " "0, " "0, " "0, " "0, " "0, " "0, " "0, " "0, " "0, " "0, " "0, " "0, " "0, " "0, " "0, " "0, " "0, " "0, " "0, " "0, " "0, " "0, " "0, " "0, " "0, " "0, " "0, " "0, " "0, " "0, " "0, " "0, " "0, " "0, " "0, " "0, " "0, " "0, " "1, " "1, " "1, " "1, " "1, " "1, " "1, " "1, " "1, " "1, " "1, " "1, " "1, " "0, " "1, " "1, " "0, " "1, " "1, " "1, " "1, " "1, " "1, " "1, " "1, " "1, " "1, " "1, " "1, " "1, " "1, " "1, " "1, " "0, " "0, " "0, " "0, " "0, " "0, " "0, " "0, " "0, " "0, " "0, " "0, " "0, " "1, " "0, " "0, " "0, " "0, " "0, " "0, " "0, " "0, " "0, " "0, " "0, " "0, " "0, " "0, " "0, " "1, " "0, " "0, " "0, " "0, " "0, " "0, " "0, " "0, " "0, " "0, " "0, " "0, " "0, " "0, " "0, " "0, " "0, " "0, " "0, " "0, " "0, " "0, " "0, " "0, " "0, " "0, " "0, " "0, " "0, " "0, " "0, " "0, " "0, " "0, " "0, " "0, " "0, " "0, "5000
 "Nei173, 0.117, " "0.627, " "-0.783, " "0, " "0, " "0, " "0, " "0, " "0, " "0, " "0, " "0, " "0, " "0, " "0, " "0, " "0, " "0, " "0, " "0, " "0, " "0, " "0, " "0, " "0, " "0, " "0, " "0, " "0, " "0, " "0, " "0, " "0, " "0, " "0, " "0, " "0, " "0, " "0, " "0, " "0, " "0, " "0, " "0, " "0, " "0, " "0, " "0, " "0, " "0, " "0, " "0, " "0, " "0, " "0, " "0, " "0, " "0, " "0, " "0, " "0, " "0, " "0, " "0, " "0, " "0, " "0, " "0, " "0, " "0, " "0, " "0, " "0, " "0, " "0, " "0, " "0, " "0, " "0, " "0, " "0, " "0, " "0, " "0, " "0, " "1, " "0, " "0, " "0, " "0, " "0, " "0, " "0, " "0, " "0, " "0, " "0, " "0, " "0, " "0, " "0, " "0, " "0, " "0, " "0, " "0, " "0, " "0, " "0, " "0, " "0, " "0, " "0, " "0, " "0, " "0, " "0, " "0, " "0, " "0, " "0, " "0, " "0, " "0, " "0, " "0, " "0, " "0, " "0, " "0, " "0, " "0, " "0, " "0, " "0, " "0, " "0, " "0, " "0, " "0, " "0, " "0, " "0, " "0, " "0, " "0, " "0, " "0, " "0, " "0, " "0, " "0, " "0, " "0, " "0, " "0, " "0, " "0, " "0, " "0, " "1, " "1, " "1, " "1, " "1, " "1, " "1, " "1, " "1, " "1, " "1, " "1, " "1, " "1, " "1, " "1, " "0, " "1, " "1, " "1, " "1, " "1, " "1, " "1, " "1, " "1, " "1, " "0, " "1, " "1, " "1, " "1, " "1, " "0, " "0, " "0, " "0, " "0, " "0, " "0, " "0, " "0, " "0, " "0, " "0, " "0, " "0, " "0, " "0, " "0, " "0, " "0, " "0, " "0, " "0, " "0, " "0, " "0, " "0, " "0, " "0, " "0, " "0, " "0, " "0, " "0, " "0, " "0, " "0, " "0, " "0, " "0, " "0, " "0, " "0, " "0, " "0, " "0, " "0, " "0, " "0, " "0, " "0, " "0, " "0, " "0, " "0, " "0, " "0, " "0, " "0, " "0, " "0, " "0, " "0, " "0, " "0, " "0, " "0, " "0, "5000
 "Nei174, 0.038, " "-0.009, " "-0.914, " "0, " "0, " "0, " "0, " "0, " "0, " "0, " "0, " "0, " "0, " "0, " "0, " "0, " "0, " "0, " "0, " "0, " "0, " "0, " "0, " "0, " "0, " "0, " "0, " "0, " "0, " "0, " "0, " "0, " "0, " "0, " "0, " "0, " "0, " "0, " "0, " "0, " "0, " "0, " "0, " "0, " "0, " "0, " "0, " "0, " "0, " "0, " "0, " "0, " "0, " "0, " "0, " "0, " "0, " "0, " "0, " "0, " "0, " "0, " "0, " "0, " "0, " "0, " "0, " "0, " "0, " "0, " "0, " "0, " "0, " "0, " "0, " "0, " "0, " "0, " "0, " "0, " "0, " "0, " "0, " "0, " "0, " "0, " "0, " "0, " "0, " "0, " "0, " "0, " "0, " "0, " "0, " "0, " "0, " "0, " "0, " "0, " "0, " "1, " "0, " "0, " "0, " "0, " "0, " "0, " "0, " "0, " "0, " "0, " "0, " "0, " "0, " "0, " "0, " "0, " "0, " "0, " "0, " "0, " "0, " "0, " "0, " "0, " "0, " "0, " "0, " "0, " "0, " "0, " "0, " "0, " "0, " "0, " "0, " "0, " "0, " "0, " "0, " "0, " "0, " "0, " "0, " "0, " "0, " "0, " "0, " "0, " "0, " "0, " "0, " "0, " "0, " "0, " "0, " "0, " "0, " "0, " "0, " "1, " "1, " "1, " "1, " "1, " "1, " "1, " "1, " "1, " "1, " "1, " "1, " "1, " "1, " "1, " "1, " "0, " "1, " "1, " "1, " "1, " "1, " "1, " "1, " "0, " "1, " "1, " "1, " "1, " "1, " "1, " "1, " "1, " "0, " "0, " "0, " "0, " "0, " "0, " "0, " "0, " "0, " "0, " "0, " "0, " "0, " "0, " "0, " "0, " "0, " "0, " "0, " "0, " "0, " "0, " "0, " "0, " "0, " "0, " "0, " "0, " "0, " "0, " "1, " "0, " "0, " "0, " "0, " "0, " "0, " "0, " "0, " "0, " "0, " "0, " "0, " "0, " "0, " "0, " "0, " "0, " "0, " "0, " "0, " "0, " "0, " "0, " "0, " "0, " "0, " "0, " "0, " "0, " "0, " "0, " "0, " "0, " "0, " "0, "5000
 "Nei175, 0.171, " "-0.009, " "-0.914, " "0, " "0, " "0, " "0, " "0, " "0, " "0, " "0, " "0, " "0, " "0, " "0, " "0, " "0, " "0, " "0, " "0, " "0, " "0, " "0, " "0, " "0, " "0, " "0, " "0, " "0, " "0, " "0, " "0, " "0, " "0, " "0, " "0, " "0, " "0, " "0, " "0, " "0, " "0, " "0, " "0, " "0, " "0, " "0, " "0, " "0, " "0, " "0, " "0, " "0, " "0, " "0, " "0, " "0, " "0, " "0, " "0, " "0, " "0, " "0, " "0, " "0, " "0, " "0, " "0, " "0, " "0, " "0, " "0, " "0, " "0, " "0, " "0, " "0, " "0, " "0, " "0, " "0, " "0, " "0, " "0, " "0, " "0, " "0, " "0, " "0, " "0, " "0, " "0, " "0, " "0, " "0, " "0, " "0, " "0, " "0, " "0, " "0, " "0, " "0, " "0, " "0, " "0, " "0, " "0, " "0, " "0, " "0, " "0, " "0, " "0, " "0, " "0, " "0, " "0, " "0, " "0, " "0, " "0, " "0, " "0, " "0, " "0, " "0, " "0, " "0, " "0, " "0, " "0, " "0, " "0, " "0, " "0, " "0, " "0, " "0, " "0, " "0, " "0, " "0, " "0, " "0, " "0, " "0, " "0, " "0, " "0, " "0, " "0, " "0, " "0, " "0, " "0, " "0, " "0, " "0, " "0, " "0, " "0, " "1, " "1, " "1, " "1, " "1, " "1, " "1, " "1, " "1, " "1, " "1, " "1, " "1, " "1, " "1, " "1, " "0, " "1, " "1, " "1, " "1, " "1, " "1, " "1, " "1, " "1, " "1, " "1, " "1, " "0, " "1, " "1, " "1, " "0, " "0, " "0, " "0, " "0, " "0, " "0, " "0, " "0, " "0, " "0, " "0, " "0, " "0, " "0, " "0, " "0, " "0, " "0, " "0, " "0, " "0, " "0, " "0, " "0, " "0, " "0, " "0, " "0, " "0, " "0, " "0, " "0, " "0, " "0, " "0, " "0, " "0, " "0, " "0, " "0, " "0, " "0, " "0, " "0, " "1, " "0, " "0, " "0, " "0, " "0, " "0, " "0, " "0, " "0, " "0, " "0, " "0, " "0, " "0, " "0, " "0, " "0, " "0, " "0, "5000
 "Nei176, 0.027, " "-0.009, " "-0.914, " "0, " "0, " "0, " "0, " "0, " "0, " "0, " "0, " "0, " "0, " "0, " "0, " "0, " "0, " "0, " "0, " "0, " "0, " "0, " "0, " "0, " "0, " "0, " "0, " "0, " "0, " "0, " "0, " "0, " "0, " "0, " "0, " "0, " "0, " "0, " "0, " "0, " "0, " "0, " "0, " "0, " "0, " "0, " "0, " "0, " "0, " "0, " "0, " "0, " "0, " "0, " "0, " "0, " "0, " "0, " "0, " "0, " "0, " "0, " "0, " "0, " "0, " "0, " "0, " "0, " "0, " "0, " "0, " "0, " "0, " "0, " "0, " "0, " "0, " "0, " "0, " "0, " "0, " "0, " "0, " "0, " "0, " "0, " "0, " "0, " "0, " "0, " "0, " "0, " "0, " "0, " "0, " "0, " "0, " "0, " "0, " "0, " "0, " "0, " "0, " "0, " "0, " "0, " "0, " "0, " "0, " "0, " "1, " "0, " "0, " "0, " "0, " "0, " "0, " "0, " "0, " "0, " "0, " "0, " "0, " "0, " "0, " "0, " "0, " "0, " "0, " "0, " "0, " "0, " "0, " "0, " "0, " "0, " "0, " "0, " "0, " "0, " "0, " "0, " "0, " "0, " "0, " "0, " "0, " "0, " "0, " "0, " "0, " "0, " "0, " "0, " "0, " "0, " "0, " "0, " "0, " "0, " "0, " "0, " "0, " "1, " "1, " "1, " "1, " "1, " "1, " "0, " "1, " "1, " "1, " "1, " "1, " "1, " "1, " "1, " "1, " "0, " "1, " "1, " "1, " "1, " "1, " "1, " "1, " "1, " "0, " "1, " "1, " "0, " "1, " "0, " "1, " "1, " "0, " "0, " "0, " "0, " "0, " "0, " "0, " "0, " "0, " "0, " "0, " "0, " "0, " "0, " "0, " "0, " "0, " "0, " "1, " "0, " "0, " "0, " "0, " "0, " "0, " "0, " "0, " "0, " "0, " "0, " "0, " "0, " "0, " "0, " "0, " "0, " "0, " "0, " "0, " "0, " "0, " "1, " "0, " "0, " "0, " "0, " "0, " "0, " "0, " "0, " "0, " "0, " "0, " "0, " "0, " "0, " "0, " "0, " "0, " "0, " "0, " "0, " "0, " "0, "5000
 "Nei177, 0.09, " "-0.562, " "0.671, " "0, " "0, " "0, " "0, " "0, " "0, " "0, " "0, " "0, " "0, " "0, " "0, " "0, " "0, " "0, " "0, " "0, " "0, " "0, " "0, " "0, " "0, " "0, " "0, " "0, " "0, " "0, " "0, " "0, " "0, " "0, " "0, " "0, " "0, " "0, " "0, " "0, " "0, " "1, " "0, " "0, " "0, " "0, " "0, " "0, " "0, " "0, " "0, " "0, " "0, " "0, " "0, " "0, " "0, " "0, " "0, " "0, " "0, " "0, " "0, " "0, " "0, " "0, " "0, " "0, " "0, " "0, " "0, " "0, " "0, " "0, " "0, " "0, " "0, " "0, " "0, " "0, " "0, " "0, " "0, " "0, " "0, " "0, " "0, " "0, " "0, " "0, " "0, " "0, " "0, " "0, " "0, " "0, " "0, " "0, " "0, " "0, " "0, " "0, " "0, " "0, " "0, " "0, " "0, " "0, " "0, " "0, " "0, " "0, " "0, " "0, " "0, " "0, " "0, " "0, " "0, " "0, " "0, " "0, " "0, " "0, " "0, " "0, " "0, " "0, " "0, " "0, " "0, " "0, " "0, " "0, " "0, " "0, " "0, " "0, " "0, " "0, " "0, " "0, " "0, " "0, " "0, " "0, " "0, " "0, " "0, " "0, " "0, " "0, " "0, " "0, " "0, " "0, " "0, " "0, " "0, " "0, " "0, " "0, " "0, " "0, " "1, " "1, " "1, " "1, " "1, " "1, " "1, " "1, " "1, " "1, " "1, " "1, " "1, " "1, " "1, " "1, " "0, " "1, " "1, " "1, " "1, " "1, " "1, " "1, " "1, " "1, " "1, " "1, " "1, " "1, " "1, " "0, " "1, " "0, " "0, " "0, " "0, " "0, " "0, " "0, " "0, " "0, " "0, " "0, " "0, " "0, " "0, " "0, " "0, " "0, " "0, " "0, " "0, " "0, " "0, " "0, " "0, " "0, " "0, " "0, " "0, " "0, " "0, " "0, " "0, " "0, " "0, " "0, " "0, " "0, " "0, " "0, " "0, " "0, " "0, " "0, " "0, " "0, " "0, " "0, " "0, " "0, " "0, " "0, " "0, " "0, " "0, " "0, " "0, " "0, " "0, " "0, " "0, " "0, " "0, " "0, "5000
 "Nei178, 0.012, " "-0.457, " "-0.164, " "0, " "0, " "0, " "0, " "0, " "0, " "0, " "0, " "0, " "0, " "0, " "0, " "0, " "0, " "0, " "0, " "0, " "0, " "0, " "0, " "0, " "0, " "0, " "0, " "0, " "0, " "0, " "0, " "0, " "0, " "0, " "0, " "0, " "0, " "0, " "0, " "0, " "0, " "0, " "0, " "0, " "0, " "0, " "0, " "0, " "0, " "0, " "0, " "0, " "0, " "0, " "0, " "0, " "0, " "0, " "0, " "0, " "0, " "0, " "0, " "0, " "0, " "0, " "0, " "0, " "0, " "0, " "0, " "0, " "0, " "0, " "0, " "0, " "0, " "0, " "0, " "0, " "0, " "0, " "0, " "0, " "0, " "0, " "0, " "0, " "0, " "0, " "0, " "0, " "0, " "0, " "0, " "0, " "0, " "0, " "0, " "0, " "0, " "0, " "0, " "0, " "0, " "0, " "0, " "0, " "0, " "0, " "0, " "0, " "0, " "0, " "0, " "0, " "0, " "0, " "0, " "0, " "0, " "0, " "0, " "0, " "0, " "0, " "0, " "0, " "0, " "0, " "0, " "0, " "0, " "0, " "0, " "0, " "0, " "0, " "0, " "0, " "0, " "0, " "0, " "0, " "0, " "0, " "0, " "0, " "0, " "0, " "0, " "0, " "0, " "0, " "0, " "0, " "0, " "0, " "0, " "0, " "0, " "0, " "0, " "0, " "0, " "1, " "1, " "1, " "1, " "1, " "1, " "1, " "1, " "1, " "1, " "1, " "1, " "1, " "1, " "1, " "1, " "0, " "1, " "1, " "1, " "1, " "1, " "1, " "1, " "1, " "1, " "1, " "1, " "1, " "1, " "1, " "1, " "1, " "0, " "0, " "0, " "0, " "0, " "0, " "0, " "0, " "0, " "0, " "0, " "0, " "0, " "0, " "0, " "0, " "0, " "0, " "0, " "0, " "0, " "0, " "0, " "0, " "0, " "0, " "0, " "0, " "0, " "0, " "0, " "0, " "0, " "0, " "0, " "0, " "0, " "0, " "0, " "0, " "0, " "0, " "0, " "0, " "0, " "0, " "0, " "0, " "0, " "0, " "0, " "0, " "0, " "0, " "0, " "0, " "0, " "0, " "0, " "0, " "0, " "0, "5000
 "Nei179, 0.123, " "0.486, " "0.4, " "0, " "0, " "0, " "0, " "0, " "0, " "0, " "0, " "0, " "0, " "0, " "0, " "0, " "0, " "0, " "0, " "0, " "0, " "0, " "0, " "0, " "0, " "0, " "0, " "0, " "0, " "0, " "0, " "0, " "0, " "0, " "0, " "0, " "0, " "0, " "0, " "0, " "0, " "0, " "0, " "0, " "0, " "0, " "0, " "0, " "0, " "0, " "0, " "0, " "0, " "0, " "0, " "0, " "0, " "0, " "0, " "0, " "0, " "0, " "0, " "0, " "0, " "0, " "0, " "0, " "0, " "0, " "0, " "0, " "0, " "0, " "0, " "0, " "0, " "0, " "0, " "0, " "0, " "0, " "0, " "0, " "0, " "0, " "0, " "0, " "0, " "0, " "0, " "0, " "0, " "0, " "0, " "0, " "0, " "0, " "0, " "0, " "0, " "0, " "0, " "0, " "0, " "0, " "0, " "0, " "0, " "0, " "0, " "0, " "0, " "0, " "0, " "0, " "0, " "0, " "0, " "0, " "0, " "0, " "0, " "0, " "0, " "0, " "0, " "0, " "0, " "0, " "0, " "0, " "0, " "0, " "0, " "0, " "0, " "0, " "0, " "0, " "0, " "0, " "0, " "0, " "0, " "0, " "0, " "0, " "0, " "0, " "0, " "0, " "0, " "0, " "0, " "0, " "0, " "0, " "0, " "0, " "0, " "0, " "0, " "0, " "0, " "0, " "1, " "1, " "1, " "1, " "1, " "1, " "1, " "1, " "1, " "1, " "1, " "1, " "1, " "1, " "1, " "1, " "0, " "1, " "1, " "1, " "1, " "1, " "1, " "1, " "1, " "1, " "1, " "1, " "1, " "1, " "1, " "1, " "1, " "0, " "0, " "0, " "0, " "0, " "0, " "0, " "0, " "0, " "0, " "0, " "0, " "0, " "0, " "0, " "0, " "0, " "0, " "0, " "0, " "0, " "0, " "0, " "0, " "0, " "0, " "0, " "0, " "0, " "0, " "0, " "0, " "0, " "0, " "0, " "0, " "0, " "0, " "0, " "0, " "0, " "0, " "0, " "0, " "0, " "0, " "0, " "0, " "0, " "0, " "0, " "0, " "0, " "0, " "0, " "0, " "0, " "0, " "0, " "0, " "0, "5000
 "Nei180, 0.195, " "0.486, " "0.4, " "0, " "0, " "0, " "0, " "0, " "0, " "0, " "0, " "0, " "0, " "0, " "0, " "0, " "0, " "0, " "0, " "0, " "0, " "0, " "0, " "0, " "0, " "0, " "0, " "0, " "0, " "0, " "0, " "0, " "0, " "0, " "0, " "0, " "0, " "0, " "0, " "0, " "0, " "0, " "0, " "0, " "0, " "0, " "0, " "0, " "0, " "0, " "0, " "0, " "0, " "0, " "0, " "0, " "0, " "0, " "0, " "0, " "0, " "0, " "0, " "0, " "0, " "0, " "0, " "0, " "0, " "0, " "0, " "0, " "0, " "0, " "0, " "0, " "0, " "0, " "0, " "0, " "0, " "0, " "0, " "0, " "0, " "0, " "0, " "0, " "0, " "0, " "0, " "0, " "0, " "0, " "0, " "0, " "0, " "0, " "0, " "0, " "0, " "0, " "0, " "0, " "0, " "0, " "0, " "0, " "0, " "0, " "0, " "0, " "0, " "0, " "0, " "0, " "0, " "0, " "0, " "0, " "0, " "0, " "0, " "0, " "0, " "0, " "1, " "0, " "0, " "0, " "0, " "0, " "0, " "0, " "0, " "0, " "0, " "0, " "0, " "0, " "0, " "0, " "0, " "0, " "0, " "0, " "0, " "0, " "0, " "0, " "0, " "0, " "0, " "0, " "0, " "0, " "0, " "0, " "0, " "0, " "0, " "0, " "0, " "0, " "0, " "0, " "0, " "1, " "0, " "1, " "1, " "1, " "1, " "1, " "1, " "1, " "1, " "1, " "1, " "1, " "1, " "1, " "1, " "0, " "1, " "1, " "1, " "1, " "0, " "1, " "1, " "1, " "1, " "1, " "1, " "1, " "1, " "1, " "1, " "1, " "0, " "0, " "0, " "0, " "0, " "0, " "0, " "0, " "0, " "0, " "0, " "0, " "0, " "0, " "0, " "0, " "0, " "0, " "0, " "0, " "0, " "0, " "0, " "0, " "0, " "0, " "0, " "0, " "0, " "0, " "0, " "0, " "0, " "0, " "0, " "0, " "0, " "0, " "0, " "0, " "0, " "0, " "0, " "0, " "0, " "0, " "0, " "0, " "0, " "0, " "0, " "0, " "0, " "0, " "0, " "0, " "0, " "0, " "0, " "0, "5000
 "Nei181, 0.067, " "0.486, " "0.4, " "0, " "0, " "0, " "0, " "0, " "0, " "0, " "0, " "0, " "0, " "0, " "0, " "0, " "0, " "0, " "0, " "0, " "0, " "0, " "0, " "0, " "0, " "0, " "0, " "0, " "0, " "0, " "0, " "0, " "0, " "0, " "0, " "0, " "0, " "0, " "0, " "0, " "0, " "0, " "0, " "0, " "0, " "0, " "0, " "0, " "0, " "0, " "0, " "0, " "0, " "0, " "0, " "0, " "0, " "0, " "0, " "0, " "0, " "0, " "0, " "0, " "0, " "0, " "0, " "0, " "0, " "0, " "0, " "0, " "0, " "0, " "0, " "0, " "0, " "0, " "0, " "0, " "0, " "0, " "0, " "0, " "0, " "0, " "0, " "0, " "0, " "0, " "0, " "0, " "0, " "0, " "0, " "0, " "0, " "0, " "0, " "0, " "0, " "0, " "0, " "0, " "0, " "0, " "0, " "0, " "0, " "0, " "0, " "0, " "0, " "0, " "0, " "0, " "0, " "0, " "0, " "0, " "0, " "0, " "0, " "1, " "1, " "0, " "0, " "0, " "0, " "0, " "0, " "0, " "0, " "0, " "0, " "0, " "0, " "0, " "0, " "0, " "0, " "0, " "0, " "0, " "0, " "0, " "0, " "0, " "0, " "0, " "0, " "0, " "0, " "0, " "0, " "0, " "0, " "0, " "0, " "0, " "0, " "0, " "0, " "0, " "0, " "0, " "0, " "0, " "1, " "1, " "1, " "1, " "1, " "1, " "1, " "1, " "1, " "1, " "1, " "1, " "1, " "1, " "1, " "1, " "0, " "1, " "1, " "1, " "1, " "1, " "1, " "1, " "1, " "1, " "1, " "1, " "1, " "1, " "1, " "1, " "1, " "0, " "0, " "0, " "0, " "0, " "0, " "0, " "0, " "0, " "0, " "0, " "0, " "0, " "0, " "0, " "0, " "0, " "0, " "0, " "0, " "0, " "0, " "0, " "0, " "0, " "0, " "0, " "0, " "0, " "0, " "0, " "0, " "0, " "0, " "0, " "0, " "0, " "0, " "0, " "0, " "0, " "0, " "0, " "0, " "0, " "0, " "0, " "0, " "0, " "0, " "0, " "0, " "0, " "0, " "0, " "0, " "0, " "0, " "0, "5000
 "Nei182, 0.076, " "0.627, " "-0.783, " "0, " "0, " "0, " "0, " "0, " "0, " "0, " "0, " "0, " "0, " "0, " "0, " "0, " "0, " "0, " "0, " "0, " "0, " "0, " "0, " "0, " "0, " "0, " "0, " "0, " "0, " "0, " "0, " "0, " "0, " "0, " "0, " "0, " "0, " "0, " "0, " "0, " "0, " "0, " "0, " "0, " "0, " "0, " "0, " "0, " "0, " "0, " "0, " "0, " "0, " "0, " "0, " "0, " "0, " "0, " "0, " "0, " "0, " "0, " "0, " "0, " "0, " "0, " "0, " "0, " "0, " "0, " "0, " "0, " "0, " "0, " "0, " "0, " "0, " "0, " "0, " "0, " "0, " "0, " "0, " "0, " "0, " "0, " "0, " "0, " "1, " "0, " "0, " "0, " "0, " "0, " "0, " "0, " "0, " "0, " "0, " "0, " "0, " "0, " "0, " "0, " "0, " "0, " "0, " "0, " "0, " "0, " "0, " "0, " "0, " "0, " "0, " "0, " "0, " "0, " "0, " "0, " "0, " "0, " "0, " "0, " "0, " "0, " "0, " "0, " "0, " "0, " "0, " "0, " "0, " "0, " "0, " "0, " "0, " "0, " "0, " "0, " "0, " "0, " "1, " "0, " "0, " "0, " "0, " "0, " "0, " "0, " "0, " "0, " "0, " "0, " "0, " "0, " "0, " "0, " "0, " "0, " "0, " "0, " "0, " "0, " "0, " "0, " "0, " "0, " "0, " "1, " "1, " "1, " "0, " "1, " "1, " "1, " "1, " "0, " "1, " "1, " "1, " "1, " "1, " "1, " "1, " "0, " "1, " "1, " "1, " "1, " "1, " "1, " "0, " "1, " "1, " "1, " "1, " "1, " "1, " "1, " "1, " "0, " "1, " "0, " "0, " "0, " "0, " "0, " "0, " "0, " "0, " "0, " "0, " "0, " "0, " "0, " "0, " "0, " "0, " "0, " "0, " "0, " "0, " "0, " "0, " "0, " "0, " "0, " "0, " "0, " "0, " "0, " "0, " "0, " "0, " "0, " "0, " "0, " "0, " "0, " "0, " "0, " "0, " "0, " "0, " "0, " "0, " "0, " "0, " "0, " "0, " "0, " "0, " "0, " "0, " "0, " "0, " "0, " "0, " "0, "5000
 "Nei183, 0.001, " "0.486, " "0.4, " "0, " "0, " "0, " "0, " "0, " "0, " "0, " "0, " "0, " "0, " "0, " "0, " "0, " "0, " "0, " "0, " "0, " "0, " "0, " "0, " "0, " "0, " "0, " "0, " "0, " "0, " "0, " "0, " "0, " "0, " "0, " "0, " "0, " "0, " "0, " "0, " "0, " "0, " "0, " "0, " "0, " "0, " "0, " "0, " "0, " "0, " "0, " "0, " "0, " "0, " "0, " "0, " "0, " "0, " "0, " "0, " "0, " "0, " "0, " "0, " "0, " "0, " "0, " "0, " "0, " "0, " "0, " "0, " "0, " "0, " "0, " "0, " "0, " "0, " "0, " "0, " "0, " "0, " "0, " "0, " "0, " "0, " "0, " "0, " "0, " "0, " "0, " "0, " "0, " "0, " "0, " "0, " "0, " "0, " "0, " "0, " "0, " "0, " "0, " "0, " "0, " "0, " "0, " "0, " "0, " "0, " "0, " "0, " "0, " "0, " "0, " "0, " "0, " "0, " "0, " "0, " "0, " "0, " "0, " "0, " "0, " "0, " "0, " "0, " "0, " "0, " "0, " "0, " "0, " "0, " "0, " "0, " "0, " "0, " "0, " "0, " "0, " "0, " "0, " "0, " "0, " "0, " "0, " "0, " "0, " "0, " "0, " "0, " "0, " "0, " "0, " "0, " "0, " "0, " "0, " "0, " "0, " "0, " "0, " "0, " "0, " "0, " "0, " "0, " "0, " "0, " "1, " "1, " "1, " "1, " "1, " "1, " "1, " "1, " "1, " "1, " "1, " "1, " "1, " "1, " "1, " "1, " "1, " "0, " "1, " "1, " "1, " "1, " "1, " "1, " "1, " "1, " "1, " "1, " "1, " "1, " "1, " "1, " "1, " "1, " "0, " "0, " "0, " "0, " "0, " "0, " "0, " "0, " "0, " "0, " "0, " "0, " "0, " "0, " "0, " "0, " "0, " "0, " "0, " "0, " "0, " "0, " "0, " "0, " "0, " "0, " "0, " "0, " "0, " "0, " "0, " "0, " "0, " "0, " "0, " "0, " "0, " "0, " "0, " "0, " "0, " "0, " "0, " "0, " "0, " "0, " "0, " "0, " "0, " "0, " "0, " "0, " "0, " "0, " "0, " "0, " "0, "5000
 "Nei184, 0.195, " "-0.008, " "-0.913, " "0, " "0, " "0, " "0, " "0, " "0, " "0, " "0, " "0, " "0, " "0, " "0, " "0, " "0, " "0, " "0, " "0, " "0, " "0, " "0, " "0, " "0, " "0, " "0, " "0, " "0, " "0, " "0, " "0, " "0, " "0, " "0, " "0, " "0, " "0, " "0, " "0, " "0, " "0, " "0, " "0, " "0, " "0, " "0, " "0, " "0, " "0, " "0, " "0, " "0, " "0, " "0, " "0, " "0, " "0, " "0, " "0, " "0, " "0, " "1, " "0, " "0, " "0, " "0, " "0, " "0, " "0, " "0, " "0, " "0, " "0, " "0, " "0, " "0, " "0, " "0, " "0, " "0, " "0, " "0, " "0, " "0, " "0, " "0, " "0, " "0, " "0, " "0, " "0, " "0, " "0, " "0, " "0, " "0, " "0, " "0, " "0, " "0, " "0, " "0, " "0, " "0, " "0, " "0, " "0, " "0, " "0, " "0, " "0, " "0, " "0, " "0, " "0, " "0, " "0, " "0, " "0, " "0, " "0, " "0, " "0, " "0, " "0, " "0, " "0, " "0, " "0, " "0, " "0, " "0, " "0, " "0, " "0, " "0, " "0, " "0, " "0, " "0, " "0, " "0, " "0, " "0, " "0, " "0, " "0, " "0, " "0, " "0, " "0, " "0, " "0, " "0, " "0, " "0, " "0, " "0, " "0, " "0, " "0, " "0, " "0, " "0, " "0, " "0, " "0, " "0, " "0, " "0, " "1, " "1, " "1, " "1, " "1, " "0, " "1, " "1, " "1, " "1, " "1, " "1, " "1, " "1, " "1, " "1, " "0, " "1, " "1, " "1, " "1, " "1, " "1, " "1, " "1, " "1, " "1, " "1, " "1, " "1, " "1, " "1, " "0, " "0, " "0, " "0, " "0, " "0, " "0, " "0, " "0, " "0, " "0, " "0, " "0, " "0, " "0, " "0, " "0, " "0, " "0, " "0, " "0, " "0, " "0, " "0, " "0, " "0, " "0, " "0, " "0, " "0, " "0, " "0, " "0, " "0, " "0, " "0, " "0, " "0, " "0, " "0, " "0, " "0, " "0, " "0, " "0, " "0, " "0, " "0, " "0, " "0, " "0, " "0, " "0, " "0, " "0, " "0, " "0, "5000
 "Nei185, 0.106, " "-0.457, " "-0.164, " "0, " "0, " "0, " "0, " "0, " "0, " "0, " "0, " "0, " "0, " "0, " "0, " "0, " "0, " "0, " "0, " "0, " "0, " "0, " "0, " "0, " "0, " "0, " "0, " "0, " "0, " "0, " "0, " "0, " "0, " "0, " "0, " "0, " "0, " "0, " "0, " "0, " "0, " "0, " "0, " "0, " "0, " "0, " "0, " "0, " "0, " "0, " "0, " "0, " "0, " "0, " "0, " "0, " "0, " "0, " "0, " "0, " "0, " "0, " "0, " "0, " "0, " "0, " "0, " "0, " "0, " "0, " "0, " "0, " "0, " "0, " "0, " "0, " "0, " "0, " "0, " "0, " "0, " "0, " "0, " "0, " "0, " "0, " "0, " "0, " "0, " "0, " "0, " "0, " "0, " "0, " "0, " "0, " "0, " "0, " "0, " "0, " "0, " "0, " "0, " "0, " "0, " "0, " "0, " "0, " "0, " "0, " "0, " "0, " "0, " "0, " "0, " "0, " "0, " "0, " "0, " "0, " "0, " "0, " "0, " "0, " "0, " "0, " "0, " "0, " "0, " "0, " "0, " "0, " "0, " "0, " "0, " "0, " "0, " "0, " "0, " "0, " "0, " "0, " "0, " "0, " "0, " "0, " "0, " "0, " "0, " "0, " "0, " "1, " "0, " "0, " "0, " "0, " "0, " "0, " "0, " "0, " "0, " "0, " "0, " "0, " "0, " "0, " "0, " "0, " "0, " "0, " "0, " "0, " "1, " "1, " "1, " "1, " "1, " "1, " "1, " "0, " "1, " "1, " "1, " "0, " "1, " "1, " "1, " "1, " "0, " "1, " "0, " "1, " "1, " "1, " "1, " "1, " "1, " "1, " "1, " "1, " "1, " "1, " "1, " "1, " "1, " "0, " "0, " "0, " "0, " "0, " "0, " "0, " "0, " "0, " "0, " "0, " "0, " "0, " "0, " "0, " "0, " "0, " "0, " "0, " "0, " "0, " "0, " "0, " "0, " "0, " "0, " "0, " "0, " "0, " "0, " "0, " "0, " "0, " "0, " "0, " "0, " "0, " "0, " "0, " "0, " "0, " "0, " "0, " "0, " "0, " "0, " "0, " "0, " "0, " "0, " "0, " "0, " "0, " "0, " "0, "5000
 "Nei186, 0.195, " "0.486, " "0.4, " "0, " "0, " "0, " "0, " "0, " "0, " "0, " "0, " "0, " "0, " "0, " "0, " "0, " "0, " "0, " "0, " "0, " "0, " "0, " "0, " "0, " "0, " "0, " "0, " "0, " "0, " "0, " "0, " "0, " "0, " "0, " "0, " "0, " "0, " "0, " "0, " "0, " "0, " "0, " "0, " "0, " "0, " "0, " "0, " "0, " "0, " "0, " "0, " "0, " "0, " "0, " "0, " "0, " "0, " "0, " "0, " "0, " "0, " "0, " "0, " "0, " "0, " "0, " "0, " "0, " "0, " "0, " "0, " "0, " "0, " "0, " "0, " "0, " "0, " "0, " "0, " "0, " "0, " "0, " "0, " "0, " "0, " "0, " "0, " "0, " "0, " "0, " "0, " "0, " "0, " "0, " "0, " "0, " "0, " "0, " "0, " "0, " "0, " "0, " "0, " "0, " "0, " "0, " "0, " "0, " "0, " "0, " "0, " "0, " "0, " "0, " "0, " "0, " "0, " "0, " "0, " "0, " "0, " "0, " "0, " "0, " "0, " "0, " "0, " "0, " "0, " "0, " "0, " "0, " "0, " "0, " "0, " "0, " "0, " "0, " "0, " "0, " "0, " "0, " "0, " "0, " "0, " "0, " "0, " "0, " "0, " "0, " "0, " "0, " "0, " "0, " "0, " "0, " "0, " "0, " "0, " "0, " "0, " "0, " "0, " "0, " "0, " "0, " "0, " "0, " "0, " "0, " "0, " "0, " "0, " "0, " "1, " "1, " "1, " "1, " "1, " "1, " "1, " "1, " "1, " "1, " "1, " "1, " "1, " "1, " "1, " "0, " "1, " "1, " "1, " "1, " "1, " "1, " "1, " "1, " "1, " "1, " "1, " "1, " "1, " "1, " "1, " "1, " "0, " "0, " "0, " "0, " "0, " "0, " "0, " "0, " "0, " "0, " "0, " "0, " "0, " "0, " "0, " "0, " "0, " "0, " "0, " "0, " "0, " "0, " "0, " "0, " "0, " "0, " "0, " "0, " "0, " "0, " "0, " "0, " "0, " "0, " "0, " "0, " "0, " "0, " "0, " "0, " "0, " "0, " "0, " "0, " "0, " "0, " "0, " "0, " "0, " "0, " "0, " "0, " "0, " "0, "5000
 "Nei187, 0.015, " "0.486, " "0.4, " "0, " "0, " "0, " "0, " "0, " "0, " "0, " "0, " "0, " "0, " "0, " "0, " "0, " "0, " "0, " "0, " "0, " "0, " "0, " "0, " "0, " "0, " "0, " "0, " "0, " "0, " "0, " "0, " "0, " "0, " "0, " "0, " "0, " "0, " "0, " "0, " "0, " "0, " "0, " "0, " "0, " "0, " "0, " "0, " "0, " "0, " "0, " "0, " "0, " "0, " "0, " "0, " "0, " "0, " "0, " "0, " "0, " "0, " "0, " "0, " "0, " "0, " "0, " "0, " "0, " "0, " "0, " "0, " "0, " "0, " "0, " "0, " "0, " "0, " "0, " "0, " "0, " "0, " "0, " "0, " "0, " "0, " "0, " "0, " "0, " "0, " "0, " "0, " "0, " "0, " "0, " "0, " "0, " "0, " "0, " "0, " "0, " "0, " "0, " "0, " "0, " "0, " "0, " "0, " "0, " "0, " "0, " "0, " "0, " "0, " "0, " "0, " "0, " "0, " "0, " "0, " "0, " "0, " "0, " "0, " "0, " "0, " "0, " "0, " "0, " "0, " "0, " "0, " "0, " "0, " "0, " "0, " "0, " "0, " "0, " "0, " "0, " "0, " "0, " "0, " "0, " "0, " "0, " "0, " "0, " "0, " "0, " "0, " "0, " "0, " "0, " "0, " "0, " "0, " "0, " "0, " "0, " "0, " "0, " "0, " "0, " "0, " "0, " "0, " "0, " "0, " "0, " "0, " "0, " "0, " "0, " "1, " "1, " "1, " "1, " "1, " "1, " "1, " "1, " "1, " "1, " "1, " "1, " "1, " "1, " "0, " "1, " "0, " "1, " "1, " "1, " "1, " "1, " "1, " "1, " "1, " "1, " "1, " "1, " "1, " "1, " "1, " "1, " "1, " "0, " "0, " "0, " "0, " "0, " "0, " "0, " "0, " "0, " "0, " "0, " "0, " "0, " "0, " "0, " "0, " "0, " "0, " "0, " "0, " "0, " "0, " "0, " "0, " "0, " "0, " "0, " "0, " "0, " "0, " "0, " "0, " "0, " "0, " "0, " "0, " "0, " "0, " "0, " "0, " "0, " "0, " "0, " "0, " "0, " "0, " "0, " "0, " "0, " "0, " "0, " "0, " "0, "5000
 "Nei188, 0.11, " "0.627, " "-0.783, " "0, " "0, " "0, " "0, " "0, " "0, " "0, " "0, " "0, " "0, " "0, " "0, " "0, " "0, " "0, " "0, " "0, " "0, " "0, " "0, " "0, " "0, " "0, " "0, " "0, " "0, " "0, " "0, " "0, " "0, " "0, " "0, " "0, " "0, " "0, " "0, " "0, " "0, " "0, " "0, " "0, " "0, " "0, " "0, " "0, " "0, " "0, " "0, " "0, " "0, " "0, " "0, " "0, " "0, " "0, " "0, " "0, " "0, " "0, " "0, " "0, " "0, " "0, " "0, " "0, " "0, " "0, " "0, " "0, " "0, " "0, " "0, " "0, " "0, " "0, " "0, " "0, " "0, " "0, " "0, " "0, " "0, " "0, " "0, " "0, " "0, " "0, " "0, " "0, " "0, " "0, " "0, " "0, " "0, " "0, " "0, " "0, " "0, " "0, " "0, " "0, " "0, " "0, " "0, " "0, " "0, " "0, " "0, " "0, " "0, " "0, " "0, " "0, " "0, " "0, " "0, " "0, " "0, " "0, " "0, " "0, " "0, " "0, " "0, " "0, " "0, " "0, " "0, " "0, " "0, " "0, " "0, " "0, " "0, " "0, " "0, " "0, " "0, " "0, " "0, " "0, " "0, " "0, " "0, " "0, " "0, " "0, " "0, " "0, " "0, " "0, " "0, " "0, " "0, " "0, " "0, " "0, " "0, " "0, " "0, " "0, " "0, " "0, " "0, " "0, " "0, " "0, " "0, " "0, " "0, " "0, " "0, " "1, " "1, " "1, " "0, " "0, " "1, " "1, " "1, " "1, " "1, " "1, " "1, " "1, " "1, " "1, " "1, " "0, " "1, " "1, " "1, " "1, " "1, " "1, " "1, " "1, " "1, " "1, " "1, " "1, " "1, " "1, " "1, " "1, " "0, " "0, " "0, " "0, " "0, " "0, " "0, " "0, " "0, " "0, " "0, " "0, " "0, " "0, " "0, " "0, " "0, " "0, " "0, " "0, " "0, " "0, " "0, " "0, " "0, " "0, " "0, " "0, " "0, " "0, " "0, " "0, " "0, " "0, " "0, " "0, " "0, " "0, " "0, " "0, " "0, " "0, " "0, " "0, " "0, " "0, " "0, " "0, " "0, " "0, " "0, " "0, "5000
 "Nei189, 0.169, " "-0.562, " "0.671, " "0, " "0, " "0, " "0, " "0, " "0, " "0, " "0, " "0, " "0, " "0, " "0, " "0, " "0, " "0, " "0, " "0, " "0, " "0, " "0, " "0, " "0, " "0, " "0, " "0, " "0, " "0, " "0, " "0, " "0, " "0, " "0, " "0, " "0, " "0, " "0, " "0, " "0, " "0, " "0, " "0, " "0, " "0, " "0, " "0, " "0, " "0, " "0, " "0, " "0, " "0, " "0, " "0, " "0, " "0, " "0, " "0, " "0, " "0, " "0, " "0, " "0, " "0, " "0, " "0, " "0, " "0, " "0, " "0, " "0, " "0, " "0, " "1, " "0, " "0, " "0, " "0, " "0, " "0, " "0, " "0, " "0, " "0, " "0, " "0, " "0, " "0, " "0, " "0, " "0, " "0, " "0, " "0, " "0, " "0, " "0, " "0, " "0, " "0, " "0, " "1, " "0, " "0, " "0, " "0, " "0, " "0, " "0, " "0, " "0, " "0, " "0, " "0, " "0, " "0, " "0, " "0, " "0, " "0, " "0, " "0, " "0, " "0, " "0, " "0, " "0, " "0, " "0, " "0, " "0, " "0, " "0, " "0, " "0, " "0, " "0, " "0, " "0, " "0, " "0, " "0, " "0, " "0, " "0, " "0, " "0, " "0, " "0, " "0, " "0, " "0, " "0, " "0, " "0, " "0, " "0, " "0, " "0, " "0, " "0, " "0, " "0, " "0, " "0, " "0, " "0, " "0, " "0, " "0, " "0, " "0, " "0, " "0, " "1, " "1, " "1, " "1, " "1, " "1, " "1, " "1, " "1, " "0, " "1, " "1, " "1, " "1, " "1, " "1, " "0, " "1, " "1, " "1, " "1, " "0, " "1, " "1, " "1, " "1, " "1, " "1, " "1, " "1, " "1, " "1, " "0, " "0, " "0, " "0, " "0, " "0, " "0, " "0, " "0, " "0, " "0, " "0, " "0, " "0, " "0, " "0, " "0, " "0, " "0, " "0, " "0, " "0, " "0, " "0, " "0, " "0, " "0, " "0, " "0, " "0, " "0, " "0, " "0, " "0, " "0, " "0, " "0, " "0, " "0, " "0, " "0, " "0, " "0, " "0, " "0, " "0, " "0, " "0, " "0, " "0, " "0, " "0, "5000
 "Nei190, 0.178, " "0.486, " "0.4, " "0, " "0, " "0, " "0, " "0, " "0, " "0, " "0, " "0, " "0, " "0, " "0, " "0, " "0, " "0, " "0, " "0, " "0, " "0, " "0, " "0, " "0, " "0, " "0, " "0, " "0, " "0, " "0, " "0, " "0, " "0, " "0, " "0, " "0, " "0, " "0, " "0, " "0, " "0, " "0, " "0, " "0, " "0, " "0, " "0, " "0, " "0, " "0, " "0, " "0, " "0, " "0, " "0, " "0, " "0, " "0, " "0, " "0, " "0, " "0, " "0, " "0, " "0, " "0, " "0, " "0, " "0, " "0, " "0, " "0, " "0, " "0, " "0, " "0, " "0, " "0, " "0, " "0, " "0, " "0, " "0, " "0, " "0, " "0, " "0, " "0, " "0, " "0, " "0, " "0, " "0, " "0, " "0, " "0, " "0, " "0, " "0, " "0, " "0, " "0, " "0, " "0, " "0, " "0, " "0, " "0, " "0, " "0, " "0, " "0, " "0, " "0, " "0, " "0, " "0, " "0, " "0, " "0, " "0, " "0, " "0, " "0, " "0, " "0, " "0, " "0, " "0, " "0, " "0, " "0, " "0, " "0, " "0, " "0, " "0, " "0, " "0, " "0, " "0, " "0, " "0, " "0, " "0, " "0, " "0, " "0, " "0, " "0, " "0, " "0, " "0, " "0, " "0, " "0, " "0, " "0, " "0, " "0, " "0, " "0, " "0, " "0, " "0, " "0, " "0, " "0, " "0, " "0, " "0, " "0, " "0, " "0, " "0, " "0, " "1, " "1, " "0, " "1, " "1, " "1, " "1, " "1, " "1, " "1, " "1, " "1, " "1, " "1, " "1, " "1, " "0, " "1, " "1, " "1, " "1, " "1, " "1, " "1, " "1, " "1, " "0, " "1, " "1, " "1, " "1, " "1, " "1, " "0, " "0, " "0, " "0, " "0, " "0, " "0, " "0, " "0, " "0, " "0, " "0, " "0, " "0, " "0, " "0, " "0, " "0, " "0, " "0, " "0, " "0, " "0, " "0, " "0, " "0, " "0, " "0, " "0, " "0, " "0, " "0, " "0, " "1, " "0, " "0, " "0, " "0, " "0, " "0, " "0, " "0, " "0, " "0, " "0, " "0, " "0, " "0, " "0, " "0, "5000
 "Nei191, 0.005, " "-0.562, " "0.671, " "0, " "0, " "0, " "0, " "0, " "0, " "0, " "0, " "0, " "0, " "0, " "0, " "0, " "0, " "0, " "0, " "0, " "0, " "0, " "0, " "0, " "0, " "0, " "0, " "0, " "0, " "0, " "0, " "0, " "0, " "0, " "0, " "0, " "0, " "0, " "0, " "0, " "0, " "0, " "0, " "0, " "0, " "0, " "0, " "0, " "0, " "0, " "0, " "0, " "0, " "0, " "0, " "0, " "0, " "0, " "0, " "0, " "0, " "0, " "0, " "0, " "0, " "0, " "0, " "0, " "0, " "0, " "0, " "0, " "0, " "0, " "0, " "0, " "0, " "0, " "0, " "0, " "0, " "0, " "0, " "0, " "0, " "0, " "0, " "0, " "0, " "0, " "0, " "0, " "0, " "0, " "0, " "0, " "0, " "0, " "0, " "0, " "0, " "0, " "0, " "0, " "0, " "0, " "0, " "0, " "0, " "0, " "0, " "0, " "0, " "0, " "0, " "0, " "0, " "0, " "0, " "0, " "0, " "0, " "0, " "0, " "0, " "0, " "0, " "0, " "0, " "0, " "0, " "0, " "0, " "0, " "0, " "0, " "0, " "0, " "0, " "0, " "0, " "0, " "0, " "0, " "0, " "0, " "0, " "0, " "0, " "0, " "0, " "0, " "0, " "0, " "0, " "0, " "0, " "0, " "0, " "0, " "0, " "0, " "0, " "0, " "0, " "0, " "0, " "0, " "0, " "0, " "0, " "0, " "0, " "0, " "0, " "0, " "0, " "0, " "1, " "1, " "1, " "1, " "1, " "1, " "1, " "1, " "1, " "1, " "1, " "1, " "1, " "1, " "1, " "1, " "0, " "1, " "1, " "1, " "1, " "1, " "1, " "1, " "1, " "1, " "1, " "1, " "1, " "1, " "1, " "1, " "1, " "0, " "0, " "0, " "0, " "0, " "0, " "0, " "0, " "0, " "0, " "0, " "0, " "0, " "0, " "0, " "0, " "0, " "0, " "0, " "0, " "0, " "0, " "0, " "0, " "0, " "0, " "0, " "0, " "0, " "0, " "0, " "0, " "0, " "0, " "0, " "0, " "0, " "0, " "0, " "0, " "0, " "0, " "0, " "0, " "0, " "0, " "0, " "0, " "0, "5000
 "Nei192, 0.108, " "0.486, " "0.4, " "0, " "0, " "0, " "0, " "0, " "0, " "0, " "0, " "0, " "0, " "0, " "0, " "0, " "0, " "0, " "0, " "0, " "0, " "0, " "0, " "0, " "0, " "0, " "0, " "0, " "0, " "0, " "0, " "0, " "0, " "0, " "0, " "0, " "0, " "0, " "0, " "0, " "0, " "0, " "0, " "0, " "0, " "0, " "0, " "0, " "0, " "0, " "0, " "0, " "0, " "0, " "0, " "0, " "0, " "0, " "0, " "0, " "0, " "0, " "0, " "0, " "0, " "0, " "0, " "0, " "0, " "0, " "0, " "0, " "0, " "0, " "0, " "0, " "0, " "0, " "0, " "0, " "0, " "0, " "0, " "1, " "0, " "0, " "0, " "0, " "0, " "0, " "0, " "0, " "0, " "0, " "0, " "0, " "0, " "0, " "0, " "0, " "0, " "0, " "0, " "0, " "0, " "0, " "0, " "0, " "0, " "0, " "0, " "0, " "0, " "0, " "0, " "0, " "0, " "0, " "0, " "0, " "0, " "0, " "0, " "1, " "0, " "0, " "0, " "0, " "0, " "0, " "0, " "0, " "0, " "0, " "0, " "0, " "0, " "0, " "0, " "0, " "0, " "0, " "0, " "0, " "0, " "0, " "0, " "0, " "0, " "0, " "0, " "0, " "0, " "0, " "0, " "0, " "0, " "0, " "0, " "0, " "0, " "0, " "0, " "0, " "0, " "0, " "0, " "0, " "0, " "0, " "0, " "0, " "0, " "0, " "0, " "0, " "0, " "0, " "0, " "1, " "0, " "1, " "1, " "1, " "1, " "1, " "1, " "1, " "1, " "1, " "1, " "1, " "1, " "1, " "1, " "0, " "0, " "1, " "1, " "1, " "1, " "1, " "1, " "1, " "1, " "1, " "1, " "1, " "1, " "1, " "1, " "1, " "0, " "0, " "0, " "0, " "0, " "0, " "0, " "0, " "0, " "0, " "0, " "0, " "0, " "0, " "0, " "0, " "0, " "0, " "0, " "0, " "0, " "0, " "0, " "0, " "0, " "0, " "0, " "0, " "0, " "0, " "0, " "0, " "0, " "0, " "0, " "0, " "0, " "0, " "0, " "0, " "0, " "0, " "0, " "0, " "0, " "0, " "0, " "0, "5000
 "Nei193, 0.141, " "0.627, " "-0.783, " "0, " "0, " "0, " "0, " "0, " "0, " "0, " "0, " "0, " "0, " "0, " "0, " "0, " "0, " "0, " "0, " "0, " "0, " "0, " "0, " "0, " "0, " "0, " "0, " "0, " "0, " "0, " "0, " "0, " "0, " "0, " "0, " "0, " "0, " "0, " "0, " "0, " "0, " "0, " "0, " "0, " "0, " "0, " "0, " "0, " "0, " "0, " "0, " "0, " "0, " "0, " "0, " "0, " "0, " "0, " "0, " "0, " "0, " "0, " "0, " "0, " "0, " "0, " "0, " "0, " "0, " "0, " "0, " "0, " "0, " "0, " "0, " "0, " "0, " "0, " "0, " "0, " "0, " "0, " "0, " "0, " "0, " "0, " "0, " "0, " "0, " "0, " "0, " "0, " "0, " "0, " "0, " "0, " "0, " "0, " "0, " "0, " "0, " "0, " "0, " "0, " "0, " "0, " "0, " "0, " "0, " "0, " "0, " "0, " "0, " "0, " "0, " "0, " "0, " "0, " "0, " "0, " "0, " "0, " "0, " "0, " "0, " "0, " "0, " "0, " "0, " "0, " "0, " "0, " "0, " "0, " "0, " "0, " "0, " "0, " "0, " "0, " "0, " "0, " "0, " "0, " "0, " "0, " "0, " "0, " "0, " "0, " "0, " "0, " "0, " "0, " "0, " "0, " "0, " "0, " "0, " "0, " "0, " "1, " "0, " "0, " "0, " "0, " "0, " "0, " "0, " "0, " "0, " "0, " "0, " "0, " "0, " "0, " "0, " "0, " "0, " "0, " "1, " "1, " "1, " "1, " "1, " "1, " "1, " "1, " "1, " "1, " "1, " "1, " "1, " "1, " "1, " "0, " "0, " "1, " "1, " "1, " "1, " "1, " "1, " "1, " "0, " "1, " "1, " "1, " "1, " "1, " "1, " "1, " "1, " "0, " "0, " "0, " "0, " "0, " "0, " "0, " "0, " "0, " "0, " "0, " "0, " "0, " "0, " "0, " "0, " "0, " "0, " "0, " "0, " "0, " "0, " "0, " "0, " "0, " "0, " "0, " "0, " "0, " "0, " "0, " "0, " "0, " "0, " "0, " "0, " "0, " "0, " "0, " "0, " "0, " "0, " "0, " "0, " "0, " "0, " "0, "5000
 "Nei194, 0.066, " "-0.008, " "-0.913, " "0, " "0, " "0, " "0, " "0, " "0, " "0, " "0, " "0, " "0, " "0, " "0, " "0, " "0, " "0, " "0, " "0, " "0, " "0, " "0, " "0, " "0, " "0, " "0, " "0, " "0, " "0, " "0, " "0, " "0, " "0, " "0, " "0, " "0, " "0, " "0, " "0, " "0, " "0, " "0, " "0, " "0, " "0, " "0, " "0, " "0, " "0, " "0, " "0, " "0, " "0, " "0, " "0, " "0, " "0, " "0, " "0, " "0, " "0, " "1, " "0, " "0, " "0, " "0, " "0, " "0, " "0, " "0, " "0, " "0, " "0, " "0, " "0, " "0, " "0, " "0, " "0, " "0, " "0, " "0, " "0, " "0, " "0, " "0, " "0, " "0, " "0, " "0, " "0, " "0, " "0, " "0, " "0, " "0, " "0, " "0, " "0, " "0, " "0, " "0, " "0, " "0, " "0, " "0, " "0, " "0, " "0, " "0, " "0, " "0, " "0, " "0, " "0, " "0, " "0, " "0, " "0, " "0, " "0, " "0, " "0, " "0, " "0, " "0, " "0, " "0, " "0, " "0, " "0, " "0, " "0, " "0, " "0, " "0, " "0, " "0, " "0, " "1, " "0, " "0, " "0, " "0, " "0, " "0, " "0, " "0, " "0, " "0, " "0, " "0, " "0, " "0, " "0, " "0, " "0, " "0, " "0, " "0, " "0, " "0, " "0, " "0, " "0, " "0, " "0, " "0, " "0, " "0, " "0, " "0, " "0, " "0, " "0, " "0, " "0, " "0, " "0, " "0, " "1, " "1, " "1, " "1, " "1, " "1, " "1, " "1, " "1, " "1, " "1, " "0, " "1, " "1, " "1, " "1, " "0, " "1, " "1, " "1, " "0, " "1, " "1, " "1, " "1, " "1, " "1, " "1, " "1, " "1, " "1, " "1, " "1, " "0, " "0, " "0, " "0, " "0, " "0, " "0, " "0, " "0, " "0, " "0, " "0, " "0, " "0, " "0, " "0, " "0, " "0, " "0, " "0, " "0, " "0, " "0, " "0, " "0, " "0, " "0, " "0, " "0, " "0, " "0, " "0, " "0, " "0, " "0, " "0, " "0, " "0, " "0, " "0, " "0, " "0, " "0, " "0, " "0, " "0, "5000
 "Nei195, 0.171, " "-0.008, " "-0.913, " "0, " "0, " "0, " "0, " "0, " "0, " "0, " "0, " "0, " "0, " "0, " "0, " "0, " "0, " "0, " "0, " "0, " "0, " "0, " "0, " "0, " "0, " "0, " "0, " "0, " "0, " "0, " "0, " "0, " "0, " "0, " "0, " "0, " "0, " "0, " "0, " "0, " "0, " "0, " "0, " "0, " "0, " "0, " "0, " "0, " "0, " "0, " "0, " "0, " "0, " "0, " "0, " "0, " "0, " "0, " "0, " "0, " "0, " "0, " "0, " "0, " "0, " "0, " "0, " "0, " "0, " "0, " "0, " "0, " "0, " "0, " "0, " "0, " "0, " "0, " "0, " "0, " "0, " "0, " "0, " "0, " "0, " "0, " "0, " "0, " "0, " "0, " "0, " "0, " "0, " "0, " "0, " "0, " "0, " "0, " "0, " "0, " "0, " "0, " "0, " "0, " "0, " "0, " "0, " "0, " "0, " "0, " "0, " "0, " "0, " "0, " "0, " "0, " "0, " "0, " "0, " "0, " "0, " "0, " "0, " "0, " "0, " "0, " "0, " "0, " "0, " "0, " "0, " "0, " "0, " "0, " "0, " "0, " "0, " "0, " "0, " "0, " "0, " "0, " "0, " "0, " "0, " "0, " "1, " "0, " "0, " "0, " "0, " "0, " "0, " "0, " "0, " "0, " "0, " "0, " "0, " "0, " "0, " "0, " "0, " "0, " "0, " "0, " "0, " "0, " "0, " "0, " "0, " "0, " "0, " "0, " "0, " "0, " "0, " "0, " "0, " "0, " "0, " "0, " "1, " "1, " "1, " "1, " "1, " "1, " "1, " "1, " "1, " "1, " "1, " "1, " "1, " "1, " "1, " "1, " "0, " "1, " "1, " "1, " "1, " "1, " "1, " "1, " "1, " "1, " "1, " "1, " "1, " "1, " "1, " "1, " "1, " "0, " "0, " "0, " "0, " "0, " "0, " "0, " "0, " "0, " "0, " "0, " "0, " "0, " "0, " "0, " "0, " "0, " "0, " "0, " "0, " "0, " "0, " "0, " "0, " "0, " "0, " "0, " "0, " "0, " "0, " "0, " "0, " "0, " "0, " "0, " "0, " "0, " "0, " "0, " "0, " "0, " "0, " "0, " "0, " "0, "5000
 "Nei196, 0.123, " "-0.562, " "0.671, " "0, " "0, " "0, " "0, " "0, " "0, " "0, " "0, " "0, " "0, " "0, " "0, " "0, " "0, " "0, " "0, " "0, " "0, " "0, " "0, " "0, " "0, " "0, " "0, " "0, " "0, " "0, " "0, " "0, " "0, " "0, " "0, " "0, " "0, " "0, " "0, " "0, " "1, " "0, " "0, " "0, " "0, " "0, " "0, " "0, " "0, " "0, " "0, " "0, " "0, " "0, " "0, " "0, " "0, " "0, " "0, " "0, " "0, " "0, " "0, " "0, " "0, " "0, " "0, " "0, " "0, " "0, " "0, " "0, " "0, " "0, " "0, " "0, " "0, " "0, " "0, " "0, " "0, " "0, " "0, " "0, " "0, " "0, " "0, " "0, " "0, " "0, " "0, " "0, " "0, " "0, " "0, " "0, " "0, " "0, " "0, " "0, " "0, " "0, " "0, " "0, " "0, " "0, " "0, " "0, " "0, " "0, " "0, " "0, " "0, " "0, " "0, " "0, " "0, " "0, " "0, " "0, " "0, " "0, " "0, " "0, " "0, " "0, " "0, " "0, " "0, " "0, " "0, " "0, " "0, " "0, " "0, " "1, " "0, " "0, " "0, " "0, " "0, " "0, " "0, " "0, " "0, " "0, " "0, " "0, " "0, " "1, " "0, " "0, " "0, " "0, " "0, " "0, " "0, " "0, " "0, " "0, " "0, " "0, " "0, " "0, " "0, " "0, " "0, " "0, " "0, " "0, " "0, " "0, " "0, " "0, " "0, " "0, " "0, " "0, " "0, " "0, " "0, " "0, " "0, " "1, " "1, " "1, " "1, " "1, " "1, " "1, " "1, " "1, " "1, " "1, " "1, " "1, " "1, " "1, " "1, " "0, " "1, " "1, " "1, " "1, " "0, " "1, " "1, " "1, " "1, " "1, " "0, " "1, " "1, " "1, " "1, " "1, " "0, " "0, " "0, " "0, " "0, " "0, " "0, " "0, " "0, " "0, " "0, " "0, " "0, " "0, " "0, " "0, " "0, " "0, " "0, " "0, " "0, " "0, " "0, " "0, " "0, " "0, " "0, " "0, " "0, " "0, " "0, " "0, " "0, " "0, " "0, " "0, " "0, " "0, " "0, " "0, " "0, " "0, " "0, " "0, "5000
 "Nei197, 0.084, " "0.263, " "-0.251, " "0, " "0, " "0, " "0, " "0, " "0, " "0, " "0, " "0, " "0, " "0, " "0, " "0, " "0, " "0, " "0, " "0, " "0, " "0, " "0, " "0, " "0, " "0, " "0, " "0, " "0, " "0, " "0, " "0, " "0, " "0, " "0, " "0, " "0, " "0, " "0, " "0, " "0, " "0, " "0, " "0, " "0, " "0, " "0, " "0, " "0, " "0, " "0, " "0, " "0, " "0, " "0, " "0, " "0, " "0, " "0, " "0, " "0, " "0, " "0, " "0, " "0, " "0, " "0, " "0, " "0, " "0, " "0, " "0, " "0, " "0, " "0, " "0, " "0, " "0, " "0, " "0, " "0, " "0, " "0, " "0, " "0, " "0, " "0, " "0, " "0, " "0, " "0, " "0, " "0, " "0, " "0, " "0, " "0, " "0, " "0, " "0, " "0, " "0, " "0, " "0, " "0, " "0, " "0, " "0, " "0, " "0, " "0, " "0, " "0, " "0, " "0, " "0, " "0, " "0, " "0, " "0, " "0, " "0, " "0, " "0, " "0, " "0, " "0, " "0, " "0, " "0, " "0, " "0, " "0, " "0, " "0, " "0, " "1, " "0, " "0, " "0, " "0, " "0, " "0, " "0, " "0, " "0, " "0, " "0, " "0, " "0, " "0, " "0, " "0, " "0, " "0, " "0, " "0, " "0, " "0, " "0, " "0, " "0, " "0, " "0, " "0, " "0, " "0, " "0, " "0, " "0, " "0, " "0, " "0, " "0, " "0, " "0, " "0, " "0, " "0, " "0, " "0, " "0, " "0, " "0, " "1, " "1, " "1, " "1, " "1, " "1, " "1, " "1, " "1, " "1, " "1, " "1, " "1, " "1, " "1, " "1, " "0, " "1, " "1, " "1, " "1, " "1, " "1, " "1, " "1, " "1, " "1, " "1, " "1, " "1, " "1, " "1, " "1, " "0, " "0, " "0, " "0, " "0, " "0, " "0, " "0, " "0, " "0, " "0, " "0, " "0, " "0, " "0, " "0, " "0, " "0, " "0, " "0, " "0, " "0, " "0, " "0, " "0, " "0, " "0, " "0, " "0, " "0, " "0, " "0, " "0, " "0, " "0, " "0, " "0, " "0, " "0, " "0, " "0, " "0, " "0, "5000
 "Nei198, 0.008, " "0.486, " "0.4, " "0, " "0, " "0, " "0, " "0, " "0, " "0, " "0, " "0, " "1, " "0, " "0, " "0, " "0, " "0, " "0, " "0, " "0, " "0, " "0, " "0, " "0, " "0, " "0, " "0, " "0, " "0, " "0, " "0, " "0, " "0, " "0, " "0, " "0, " "0, " "0, " "0, " "0, " "0, " "0, " "0, " "0, " "0, " "0, " "0, " "0, " "0, " "0, " "0, " "0, " "0, " "0, " "0, " "0, " "0, " "0, " "0, " "0, " "0, " "0, " "0, " "0, " "0, " "0, " "0, " "0, " "0, " "0, " "0, " "0, " "0, " "0, " "0, " "0, " "0, " "0, " "0, " "0, " "0, " "0, " "0, " "0, " "0, " "0, " "0, " "0, " "0, " "0, " "0, " "0, " "0, " "0, " "0, " "0, " "0, " "0, " "0, " "0, " "0, " "1, " "0, " "0, " "0, " "0, " "0, " "0, " "0, " "0, " "0, " "0, " "0, " "0, " "0, " "0, " "0, " "0, " "0, " "0, " "0, " "0, " "0, " "0, " "0, " "0, " "0, " "0, " "0, " "0, " "0, " "0, " "0, " "0, " "0, " "0, " "0, " "0, " "1, " "0, " "0, " "0, " "0, " "0, " "0, " "0, " "0, " "0, " "0, " "0, " "0, " "0, " "0, " "0, " "0, " "0, " "0, " "0, " "0, " "0, " "0, " "0, " "0, " "0, " "0, " "0, " "0, " "0, " "0, " "0, " "0, " "0, " "0, " "0, " "0, " "0, " "0, " "0, " "0, " "0, " "0, " "0, " "0, " "0, " "0, " "1, " "1, " "1, " "1, " "1, " "1, " "1, " "1, " "1, " "1, " "1, " "0, " "1, " "1, " "1, " "0, " "1, " "1, " "1, " "1, " "1, " "1, " "1, " "1, " "1, " "1, " "1, " "1, " "1, " "0, " "1, " "1, " "0, " "0, " "0, " "0, " "0, " "0, " "0, " "0, " "0, " "0, " "0, " "0, " "0, " "0, " "0, " "0, " "0, " "0, " "0, " "0, " "0, " "0, " "0, " "0, " "0, " "0, " "0, " "0, " "0, " "0, " "0, " "0, " "0, " "0, " "0, " "0, " "0, " "0, " "0, " "0, " "0, " "0, "5000
 "Nei199, 0.111, " "0.486, " "0.4, " "0, " "0, " "0, " "0, " "0, " "0, " "0, " "0, " "0, " "0, " "0, " "0, " "0, " "0, " "0, " "0, " "0, " "0, " "0, " "0, " "0, " "0, " "0, " "0, " "0, " "0, " "0, " "0, " "0, " "0, " "0, " "0, " "0, " "0, " "0, " "0, " "0, " "0, " "0, " "0, " "0, " "0, " "0, " "0, " "0, " "0, " "0, " "0, " "0, " "0, " "0, " "0, " "0, " "0, " "0, " "0, " "0, " "0, " "0, " "0, " "0, " "0, " "0, " "0, " "0, " "1, " "0, " "0, " "0, " "0, " "0, " "0, " "0, " "0, " "0, " "0, " "0, " "0, " "0, " "0, " "0, " "0, " "0, " "0, " "0, " "0, " "0, " "0, " "0, " "0, " "0, " "0, " "0, " "0, " "0, " "0, " "0, " "0, " "0, " "0, " "0, " "0, " "0, " "0, " "0, " "0, " "0, " "0, " "0, " "0, " "0, " "0, " "0, " "0, " "0, " "0, " "0, " "0, " "0, " "0, " "0, " "0, " "0, " "0, " "0, " "0, " "0, " "0, " "0, " "0, " "0, " "0, " "0, " "0, " "0, " "0, " "0, " "0, " "0, " "0, " "0, " "0, " "0, " "0, " "0, " "0, " "0, " "0, " "0, " "0, " "0, " "0, " "0, " "0, " "0, " "0, " "0, " "0, " "0, " "0, " "0, " "0, " "0, " "0, " "0, " "0, " "0, " "0, " "0, " "0, " "0, " "0, " "0, " "0, " "0, " "0, " "0, " "0, " "0, " "0, " "0, " "0, " "1, " "1, " "1, " "1, " "1, " "1, " "1, " "1, " "1, " "1, " "1, " "1, " "1, " "1, " "1, " "1, " "1, " "0, " "1, " "1, " "1, " "1, " "1, " "0, " "1, " "1, " "1, " "1, " "1, " "1, " "1, " "1, " "1, " "1, " "0, " "0, " "0, " "0, " "0, " "0, " "0, " "0, " "0, " "0, " "0, " "0, " "0, " "0, " "0, " "0, " "0, " "0, " "0, " "0, " "0, " "0, " "0, " "0, " "0, " "0, " "0, " "0, " "0, " "0, " "0, " "0, " "0, " "0, " "0, " "0, " "0, " "0, " "0, " "0, " "0, "5000
 "Nei200, 0.037, " "-0.008, " "-0.913, " "0, " "0, " "0, " "0, " "0, " "0, " "0, " "0, " "0, " "0, " "0, " "0, " "0, " "0, " "0, " "0, " "0, " "0, " "0, " "0, " "0, " "0, " "0, " "0, " "0, " "0, " "0, " "0, " "0, " "0, " "0, " "0, " "0, " "0, " "0, " "0, " "0, " "0, " "0, " "0, " "0, " "0, " "0, " "0, " "0, " "0, " "0, " "0, " "0, " "0, " "0, " "0, " "0, " "0, " "0, " "0, " "0, " "0, " "0, " "0, " "0, " "0, " "0, " "0, " "0, " "0, " "0, " "0, " "1, " "0, " "0, " "0, " "0, " "0, " "0, " "0, " "0, " "0, " "0, " "0, " "0, " "0, " "0, " "0, " "0, " "0, " "0, " "0, " "0, " "0, " "0, " "0, " "0, " "0, " "0, " "0, " "0, " "0, " "0, " "0, " "0, " "0, " "0, " "0, " "0, " "0, " "0, " "0, " "0, " "0, " "0, " "0, " "0, " "0, " "0, " "0, " "0, " "0, " "0, " "0, " "0, " "0, " "0, " "0, " "0, " "0, " "0, " "0, " "0, " "0, " "0, " "0, " "0, " "0, " "0, " "0, " "0, " "0, " "0, " "0, " "0, " "0, " "0, " "0, " "0, " "0, " "0, " "0, " "0, " "0, " "0, " "0, " "0, " "0, " "0, " "0, " "0, " "0, " "0, " "0, " "0, " "0, " "0, " "0, " "0, " "0, " "0, " "0, " "0, " "0, " "0, " "0, " "0, " "0, " "0, " "0, " "0, " "0, " "0, " "0, " "0, " "0, " "0, " "0, " "0, " "1, " "1, " "1, " "1, " "1, " "0, " "1, " "1, " "1, " "1, " "1, " "1, " "1, " "1, " "1, " "0, " "1, " "1, " "1, " "1, " "1, " "1, " "1, " "1, " "1, " "1, " "1, " "1, " "1, " "0, " "1, " "1, " "0, " "0, " "0, " "0, " "0, " "0, " "0, " "0, " "0, " "0, " "0, " "0, " "0, " "0, " "0, " "0, " "0, " "0, " "0, " "0, " "0, " "0, " "0, " "0, " "0, " "0, " "0, " "0, " "0, " "0, " "0, " "0, " "0, " "0, " "0, " "0, " "0, " "0, " "0, " "0, "5000
 "Nei201, 0.05, " "0.486, " "0.4, " "0, " "0, " "0, " "0, " "0, " "0, " "0, " "0, " "0, " "0, " "0, " "0, " "0, " "0, " "0, " "0, " "0, " "0, " "0, " "0, " "0, " "1, " "0, " "0, " "0, " "0, " "0, " "0, " "0, " "0, " "0, " "0, " "0, " "0, " "0, " "0, " "0, " "0, " "0, " "0, " "0, " "0, " "0, " "0, " "0, " "0, " "0, " "0, " "0, " "0, " "0, " "0, " "0, " "0, " "0, " "0, " "0, " "0, " "0, " "0, " "0, " "0, " "0, " "0, " "0, " "0, " "0, " "0, " "0, " "0, " "0, " "0, " "0, " "0, " "0, " "0, " "0, " "0, " "0, " "0, " "0, " "0, " "0, " "0, " "0, " "0, " "0, " "0, " "0, " "0, " "0, " "0, " "0, " "0, " "0, " "0, " "0, " "0, " "0, " "0, " "0, " "0, " "0, " "0, " "0, " "0, " "0, " "0, " "0, " "0, " "0, " "0, " "0, " "0, " "0, " "0, " "0, " "0, " "0, " "0, " "0, " "0, " "0, " "0, " "0, " "0, " "0, " "0, " "0, " "0, " "0, " "0, " "0, " "0, " "0, " "0, " "0, " "1, " "0, " "0, " "0, " "0, " "0, " "0, " "0, " "0, " "0, " "0, " "0, " "0, " "0, " "0, " "0, " "0, " "0, " "0, " "0, " "0, " "0, " "0, " "0, " "0, " "0, " "0, " "0, " "0, " "0, " "0, " "0, " "0, " "0, " "0, " "0, " "0, " "0, " "0, " "0, " "0, " "0, " "0, " "0, " "0, " "0, " "0, " "0, " "1, " "1, " "1, " "1, " "1, " "1, " "1, " "1, " "0, " "1, " "1, " "0, " "1, " "1, " "1, " "1, " "0, " "1, " "1, " "1, " "1, " "1, " "1, " "0, " "1, " "1, " "1, " "1, " "1, " "0, " "1, " "1, " "1, " "0, " "0, " "0, " "0, " "0, " "0, " "0, " "0, " "0, " "0, " "0, " "0, " "0, " "0, " "0, " "0, " "0, " "0, " "0, " "0, " "0, " "0, " "0, " "0, " "0, " "0, " "0, " "0, " "0, " "0, " "0, " "0, " "0, " "0, " "0, " "0, " "0, " "0, " "0, "5000
 "Nei202, 0.013, " "-0.562, " "0.671, " "0, " "0, " "0, " "0, " "0, " "0, " "0, " "0, " "0, " "0, " "0, " "0, " "0, " "0, " "0, " "0, " "0, " "0, " "0, " "0, " "0, " "0, " "0, " "0, " "0, " "0, " "0, " "0, " "0, " "0, " "0, " "0, " "0, " "0, " "0, " "0, " "0, " "0, " "0, " "0, " "0, " "0, " "0, " "0, " "0, " "0, " "0, " "0, " "0, " "0, " "0, " "0, " "0, " "0, " "0, " "0, " "0, " "0, " "0, " "0, " "0, " "0, " "0, " "0, " "0, " "0, " "0, " "0, " "0, " "0, " "0, " "0, " "0, " "0, " "0, " "0, " "0, " "0, " "0, " "0, " "0, " "0, " "0, " "0, " "0, " "0, " "0, " "0, " "0, " "0, " "0, " "0, " "0, " "0, " "0, " "0, " "0, " "0, " "0, " "0, " "0, " "0, " "0, " "0, " "0, " "0, " "0, " "0, " "0, " "0, " "0, " "0, " "0, " "0, " "0, " "0, " "0, " "0, " "0, " "0, " "0, " "0, " "0, " "0, " "0, " "0, " "0, " "0, " "0, " "0, " "0, " "0, " "0, " "0, " "0, " "0, " "0, " "0, " "0, " "0, " "0, " "0, " "0, " "0, " "0, " "0, " "0, " "0, " "0, " "0, " "0, " "0, " "0, " "0, " "0, " "0, " "0, " "0, " "0, " "0, " "0, " "0, " "0, " "0, " "0, " "0, " "0, " "0, " "0, " "0, " "0, " "0, " "1, " "0, " "0, " "0, " "0, " "0, " "0, " "0, " "0, " "0, " "0, " "0, " "0, " "0, " "1, " "1, " "1, " "1, " "1, " "1, " "1, " "1, " "1, " "1, " "1, " "1, " "1, " "1, " "1, " "1, " "0, " "1, " "1, " "0, " "1, " "1, " "1, " "1, " "1, " "1, " "1, " "1, " "1, " "1, " "1, " "1, " "1, " "0, " "0, " "0, " "0, " "0, " "0, " "0, " "0, " "0, " "0, " "0, " "0, " "0, " "0, " "0, " "0, " "0, " "0, " "0, " "0, " "0, " "0, " "0, " "0, " "0, " "0, " "0, " "0, " "0, " "0, " "0, " "0, " "0, " "0, " "0, " "0, " "0, " "0, "5000
 "Nei203, 0.096, " "-0.008, " "-0.913, " "0, " "0, " "0, " "0, " "0, " "0, " "0, " "0, " "0, " "0, " "0, " "0, " "0, " "0, " "0, " "0, " "0, " "0, " "0, " "0, " "0, " "1, " "0, " "0, " "0, " "0, " "0, " "0, " "0, " "0, " "0, " "0, " "0, " "1, " "0, " "0, " "0, " "0, " "0, " "0, " "0, " "0, " "0, " "0, " "0, " "0, " "0, " "0, " "0, " "0, " "0, " "0, " "0, " "0, " "0, " "0, " "0, " "0, " "0, " "0, " "0, " "0, " "0, " "0, " "0, " "0, " "0, " "0, " "0, " "0, " "0, " "0, " "0, " "0, " "0, " "0, " "0, " "0, " "0, " "0, " "0, " "0, " "0, " "0, " "0, " "0, " "0, " "0, " "0, " "0, " "0, " "0, " "0, " "0, " "0, " "0, " "0, " "0, " "0, " "0, " "0, " "0, " "0, " "0, " "0, " "0, " "0, " "0, " "0, " "0, " "0, " "0, " "0, " "0, " "0, " "0, " "0, " "0, " "0, " "0, " "0, " "0, " "0, " "0, " "0, " "0, " "0, " "0, " "0, " "0, " "0, " "0, " "0, " "0, " "0, " "0, " "0, " "0, " "0, " "0, " "0, " "0, " "0, " "0, " "0, " "0, " "0, " "0, " "0, " "0, " "0, " "0, " "0, " "0, " "0, " "0, " "0, " "0, " "0, " "0, " "0, " "0, " "0, " "0, " "0, " "0, " "0, " "0, " "0, " "0, " "0, " "0, " "0, " "0, " "0, " "0, " "0, " "0, " "0, " "0, " "0, " "0, " "0, " "0, " "0, " "0, " "0, " "1, " "1, " "1, " "1, " "1, " "1, " "1, " "1, " "1, " "1, " "1, " "1, " "1, " "1, " "1, " "1, " "0, " "1, " "1, " "1, " "1, " "1, " "1, " "1, " "1, " "1, " "1, " "1, " "1, " "1, " "1, " "1, " "1, " "0, " "0, " "0, " "0, " "0, " "0, " "0, " "0, " "0, " "0, " "0, " "0, " "0, " "0, " "0, " "0, " "0, " "0, " "0, " "0, " "0, " "0, " "0, " "0, " "0, " "0, " "0, " "0, " "0, " "0, " "0, " "0, " "0, " "0, " "0, " "0, " "0, "5000
 "Nei204, 0.062, " "-0.008, " "-0.913, " "0, " "0, " "0, " "0, " "0, " "0, " "0, " "0, " "0, " "0, " "0, " "0, " "0, " "0, " "0, " "0, " "0, " "0, " "0, " "0, " "0, " "0, " "0, " "0, " "0, " "0, " "0, " "0, " "0, " "0, " "0, " "0, " "0, " "0, " "0, " "0, " "0, " "0, " "0, " "0, " "0, " "0, " "0, " "0, " "0, " "0, " "0, " "0, " "0, " "0, " "0, " "0, " "0, " "0, " "0, " "0, " "0, " "0, " "0, " "0, " "0, " "0, " "0, " "0, " "0, " "0, " "0, " "0, " "0, " "0, " "0, " "0, " "0, " "0, " "0, " "0, " "0, " "0, " "0, " "0, " "0, " "0, " "0, " "0, " "0, " "0, " "0, " "0, " "0, " "0, " "0, " "0, " "0, " "0, " "0, " "0, " "0, " "0, " "0, " "0, " "0, " "1, " "0, " "0, " "0, " "0, " "0, " "0, " "0, " "0, " "0, " "0, " "0, " "0, " "0, " "0, " "0, " "0, " "0, " "0, " "0, " "1, " "0, " "0, " "0, " "0, " "0, " "0, " "0, " "0, " "0, " "0, " "0, " "0, " "0, " "0, " "0, " "0, " "0, " "0, " "0, " "1, " "0, " "0, " "0, " "0, " "0, " "0, " "0, " "0, " "0, " "0, " "0, " "0, " "0, " "0, " "0, " "0, " "0, " "0, " "0, " "0, " "0, " "0, " "0, " "0, " "0, " "0, " "0, " "0, " "0, " "0, " "0, " "0, " "0, " "0, " "0, " "0, " "0, " "0, " "0, " "0, " "0, " "0, " "0, " "0, " "0, " "0, " "1, " "1, " "1, " "1, " "1, " "1, " "1, " "1, " "1, " "1, " "1, " "1, " "1, " "1, " "1, " "1, " "0, " "1, " "1, " "1, " "1, " "0, " "1, " "1, " "1, " "1, " "1, " "1, " "1, " "1, " "0, " "1, " "1, " "0, " "0, " "0, " "0, " "0, " "0, " "0, " "0, " "0, " "0, " "0, " "0, " "0, " "0, " "0, " "0, " "0, " "0, " "0, " "0, " "0, " "0, " "0, " "0, " "0, " "0, " "0, " "0, " "0, " "0, " "0, " "0, " "0, " "0, " "0, " "0, "5000
 "Nei205, 0.12, " "0.264, " "-0.251, " "0, " "0, " "0, " "0, " "0, " "0, " "0, " "0, " "0, " "0, " "0, " "0, " "0, " "1, " "0, " "0, " "0, " "0, " "0, " "0, " "0, " "0, " "0, " "0, " "0, " "0, " "1, " "0, " "0, " "0, " "0, " "0, " "0, " "0, " "0, " "0, " "0, " "0, " "0, " "0, " "0, " "0, " "0, " "0, " "0, " "0, " "0, " "0, " "0, " "0, " "0, " "0, " "0, " "0, " "0, " "0, " "0, " "0, " "0, " "0, " "0, " "0, " "0, " "0, " "0, " "0, " "0, " "0, " "0, " "0, " "0, " "0, " "0, " "0, " "0, " "0, " "0, " "0, " "0, " "0, " "0, " "0, " "0, " "0, " "1, " "0, " "0, " "0, " "0, " "0, " "0, " "0, " "0, " "0, " "0, " "0, " "0, " "0, " "0, " "0, " "0, " "0, " "0, " "0, " "0, " "0, " "0, " "0, " "0, " "0, " "0, " "0, " "0, " "0, " "0, " "0, " "0, " "0, " "0, " "0, " "0, " "0, " "0, " "0, " "0, " "0, " "0, " "0, " "1, " "0, " "0, " "0, " "0, " "0, " "0, " "0, " "0, " "0, " "0, " "0, " "0, " "0, " "0, " "0, " "0, " "0, " "0, " "0, " "0, " "0, " "0, " "0, " "0, " "0, " "0, " "0, " "0, " "0, " "0, " "0, " "0, " "0, " "0, " "0, " "0, " "0, " "0, " "0, " "0, " "0, " "0, " "0, " "0, " "0, " "0, " "0, " "0, " "0, " "0, " "0, " "0, " "0, " "0, " "0, " "0, " "0, " "0, " "0, " "0, " "0, " "1, " "1, " "1, " "1, " "1, " "1, " "1, " "1, " "1, " "0, " "1, " "1, " "0, " "1, " "1, " "0, " "1, " "1, " "1, " "1, " "1, " "1, " "1, " "0, " "1, " "1, " "1, " "1, " "1, " "1, " "0, " "1, " "0, " "0, " "0, " "0, " "0, " "0, " "0, " "0, " "0, " "0, " "0, " "0, " "0, " "0, " "0, " "0, " "0, " "0, " "0, " "0, " "0, " "0, " "0, " "0, " "0, " "0, " "0, " "0, " "0, " "0, " "0, " "0, " "0, " "0, " "0, "5000
 "Nei206, 0.141, " "0.486, " "0.4, " "0, " "0, " "0, " "0, " "0, " "0, " "0, " "0, " "0, " "0, " "0, " "0, " "0, " "0, " "0, " "0, " "0, " "0, " "0, " "0, " "0, " "0, " "0, " "0, " "0, " "0, " "0, " "0, " "0, " "0, " "0, " "0, " "0, " "0, " "0, " "0, " "0, " "0, " "0, " "0, " "0, " "0, " "0, " "0, " "0, " "0, " "0, " "0, " "0, " "0, " "0, " "0, " "0, " "0, " "0, " "0, " "0, " "0, " "0, " "0, " "0, " "0, " "0, " "0, " "0, " "0, " "0, " "0, " "0, " "0, " "0, " "0, " "0, " "0, " "0, " "0, " "0, " "0, " "0, " "0, " "0, " "0, " "0, " "0, " "0, " "0, " "0, " "0, " "0, " "0, " "0, " "0, " "0, " "0, " "0, " "0, " "0, " "0, " "0, " "0, " "0, " "0, " "0, " "0, " "0, " "0, " "0, " "0, " "0, " "0, " "0, " "0, " "0, " "0, " "0, " "0, " "0, " "0, " "0, " "0, " "0, " "0, " "0, " "0, " "0, " "0, " "0, " "0, " "0, " "0, " "0, " "0, " "0, " "0, " "0, " "0, " "0, " "0, " "0, " "0, " "0, " "0, " "0, " "0, " "0, " "0, " "0, " "0, " "0, " "0, " "0, " "0, " "0, " "0, " "0, " "0, " "0, " "0, " "0, " "0, " "0, " "0, " "0, " "0, " "0, " "0, " "0, " "0, " "0, " "0, " "0, " "0, " "0, " "0, " "0, " "0, " "0, " "0, " "0, " "0, " "0, " "0, " "0, " "0, " "0, " "0, " "0, " "0, " "0, " "0, " "1, " "1, " "1, " "1, " "1, " "1, " "1, " "1, " "1, " "1, " "1, " "1, " "1, " "1, " "1, " "1, " "0, " "0, " "1, " "1, " "1, " "1, " "1, " "1, " "1, " "1, " "1, " "1, " "1, " "1, " "1, " "1, " "1, " "0, " "0, " "0, " "0, " "0, " "0, " "0, " "0, " "0, " "0, " "0, " "0, " "0, " "0, " "0, " "0, " "0, " "0, " "0, " "0, " "0, " "0, " "0, " "0, " "0, " "0, " "0, " "0, " "1, " "0, " "0, " "0, " "0, " "0, "5000
 "Nei207, 0.117, " "-0.562, " "0.671, " "0, " "0, " "0, " "0, " "0, " "0, " "0, " "0, " "0, " "0, " "0, " "0, " "0, " "0, " "0, " "0, " "0, " "0, " "0, " "0, " "0, " "0, " "0, " "0, " "0, " "0, " "0, " "0, " "0, " "0, " "0, " "0, " "0, " "0, " "0, " "0, " "0, " "0, " "0, " "0, " "0, " "0, " "0, " "0, " "0, " "0, " "0, " "0, " "0, " "0, " "0, " "0, " "0, " "0, " "0, " "0, " "0, " "0, " "0, " "0, " "0, " "0, " "0, " "0, " "0, " "0, " "0, " "0, " "0, " "0, " "0, " "0, " "0, " "0, " "0, " "0, " "0, " "0, " "0, " "0, " "0, " "0, " "0, " "0, " "0, " "0, " "0, " "0, " "0, " "0, " "0, " "0, " "0, " "0, " "0, " "0, " "0, " "0, " "0, " "0, " "0, " "0, " "0, " "0, " "0, " "0, " "0, " "0, " "0, " "0, " "0, " "0, " "0, " "0, " "0, " "0, " "0, " "0, " "0, " "0, " "0, " "0, " "0, " "0, " "0, " "0, " "0, " "0, " "0, " "0, " "0, " "0, " "0, " "0, " "0, " "0, " "0, " "0, " "0, " "0, " "0, " "0, " "0, " "0, " "0, " "0, " "0, " "0, " "0, " "0, " "0, " "0, " "0, " "0, " "0, " "0, " "0, " "0, " "0, " "0, " "0, " "0, " "0, " "0, " "0, " "0, " "0, " "0, " "0, " "0, " "0, " "0, " "0, " "0, " "0, " "0, " "0, " "0, " "0, " "0, " "0, " "0, " "0, " "0, " "0, " "0, " "0, " "0, " "0, " "0, " "0, " "1, " "1, " "1, " "1, " "1, " "0, " "1, " "1, " "1, " "1, " "1, " "1, " "1, " "1, " "1, " "0, " "0, " "1, " "1, " "1, " "1, " "1, " "1, " "1, " "1, " "1, " "1, " "1, " "1, " "1, " "1, " "1, " "1, " "0, " "0, " "0, " "0, " "0, " "0, " "0, " "0, " "0, " "0, " "0, " "0, " "0, " "0, " "0, " "0, " "0, " "0, " "0, " "0, " "0, " "0, " "0, " "0, " "0, " "0, " "0, " "0, " "0, " "0, " "0, " "0, " "0, "5000
 "Nei208, 0.11, " "0.263, " "-0.251, " "0, " "0, " "0, " "0, " "0, " "0, " "0, " "0, " "0, " "0, " "0, " "0, " "0, " "0, " "0, " "0, " "0, " "0, " "0, " "0, " "0, " "0, " "0, " "0, " "0, " "0, " "0, " "0, " "1, " "0, " "0, " "0, " "0, " "0, " "0, " "0, " "0, " "0, " "0, " "0, " "0, " "0, " "0, " "0, " "0, " "0, " "0, " "0, " "0, " "0, " "0, " "0, " "0, " "0, " "0, " "0, " "0, " "0, " "0, " "0, " "0, " "0, " "0, " "0, " "0, " "0, " "0, " "0, " "0, " "0, " "0, " "0, " "0, " "0, " "0, " "0, " "0, " "0, " "0, " "0, " "0, " "0, " "0, " "0, " "0, " "0, " "0, " "0, " "0, " "0, " "0, " "0, " "0, " "0, " "0, " "0, " "0, " "0, " "0, " "0, " "0, " "0, " "0, " "0, " "0, " "0, " "0, " "0, " "0, " "0, " "0, " "0, " "0, " "0, " "0, " "0, " "0, " "0, " "0, " "0, " "0, " "0, " "0, " "0, " "0, " "0, " "0, " "0, " "0, " "0, " "0, " "0, " "0, " "0, " "0, " "0, " "0, " "0, " "0, " "0, " "0, " "0, " "0, " "0, " "0, " "0, " "0, " "0, " "0, " "0, " "0, " "0, " "0, " "0, " "0, " "0, " "0, " "0, " "0, " "0, " "0, " "0, " "0, " "0, " "0, " "0, " "0, " "0, " "0, " "0, " "0, " "0, " "0, " "0, " "0, " "0, " "0, " "0, " "0, " "0, " "0, " "0, " "0, " "0, " "0, " "0, " "0, " "0, " "0, " "0, " "0, " "0, " "1, " "1, " "1, " "1, " "1, " "1, " "1, " "1, " "1, " "0, " "1, " "1, " "1, " "1, " "1, " "1, " "0, " "1, " "1, " "1, " "1, " "1, " "1, " "1, " "1, " "1, " "1, " "1, " "1, " "1, " "1, " "1, " "1, " "0, " "0, " "0, " "0, " "0, " "0, " "0, " "0, " "0, " "0, " "0, " "0, " "0, " "0, " "0, " "0, " "0, " "0, " "0, " "0, " "0, " "0, " "0, " "0, " "0, " "0, " "0, " "0, " "0, " "0, " "0, " "0, "5000
 "Nei209, 0.023, " "-0.562, " "0.671, " "0, " "0, " "0, " "0, " "0, " "0, " "0, " "0, " "0, " "0, " "0, " "0, " "0, " "0, " "0, " "0, " "0, " "0, " "0, " "0, " "0, " "0, " "0, " "0, " "0, " "0, " "0, " "0, " "0, " "0, " "0, " "0, " "0, " "0, " "0, " "0, " "0, " "0, " "0, " "0, " "0, " "0, " "0, " "0, " "0, " "0, " "0, " "0, " "0, " "0, " "0, " "0, " "0, " "0, " "0, " "0, " "0, " "0, " "0, " "0, " "0, " "0, " "0, " "0, " "0, " "0, " "0, " "0, " "0, " "0, " "0, " "0, " "0, " "0, " "0, " "0, " "0, " "0, " "0, " "0, " "0, " "0, " "0, " "0, " "0, " "0, " "0, " "0, " "0, " "0, " "0, " "0, " "0, " "0, " "0, " "0, " "0, " "0, " "0, " "0, " "0, " "0, " "0, " "0, " "0, " "0, " "0, " "0, " "0, " "0, " "0, " "0, " "0, " "0, " "0, " "0, " "0, " "0, " "0, " "0, " "0, " "0, " "0, " "0, " "0, " "0, " "0, " "0, " "0, " "0, " "0, " "0, " "0, " "0, " "0, " "0, " "0, " "0, " "0, " "0, " "0, " "0, " "0, " "0, " "0, " "0, " "0, " "0, " "0, " "0, " "0, " "0, " "0, " "0, " "0, " "0, " "0, " "0, " "0, " "0, " "0, " "0, " "0, " "0, " "0, " "0, " "0, " "0, " "0, " "0, " "0, " "0, " "0, " "0, " "0, " "0, " "0, " "0, " "0, " "0, " "0, " "0, " "0, " "0, " "0, " "0, " "0, " "0, " "0, " "0, " "0, " "0, " "0, " "1, " "1, " "1, " "1, " "1, " "1, " "1, " "1, " "1, " "1, " "1, " "0, " "1, " "1, " "1, " "1, " "0, " "1, " "1, " "1, " "1, " "1, " "1, " "1, " "1, " "1, " "1, " "1, " "1, " "1, " "1, " "1, " "1, " "0, " "0, " "0, " "0, " "0, " "0, " "0, " "0, " "0, " "0, " "0, " "0, " "0, " "0, " "0, " "0, " "0, " "0, " "0, " "0, " "0, " "0, " "0, " "0, " "0, " "0, " "0, " "0, " "0, " "0, " "0, "5000
 "Nei210, 0.183, " "0.486, " "0.4, " "0, " "0, " "0, " "0, " "0, " "0, " "0, " "0, " "0, " "0, " "0, " "0, " "0, " "0, " "0, " "0, " "0, " "0, " "0, " "0, " "0, " "0, " "0, " "0, " "0, " "0, " "0, " "0, " "0, " "0, " "0, " "0, " "0, " "0, " "0, " "0, " "0, " "0, " "0, " "0, " "0, " "0, " "0, " "0, " "0, " "0, " "0, " "0, " "0, " "0, " "0, " "0, " "0, " "0, " "0, " "0, " "0, " "0, " "0, " "0, " "0, " "0, " "0, " "0, " "0, " "0, " "0, " "0, " "0, " "0, " "0, " "0, " "0, " "0, " "0, " "0, " "0, " "0, " "0, " "0, " "0, " "0, " "0, " "0, " "0, " "0, " "0, " "0, " "0, " "0, " "0, " "0, " "0, " "0, " "0, " "0, " "0, " "0, " "0, " "0, " "0, " "0, " "0, " "0, " "0, " "0, " "0, " "0, " "0, " "0, " "0, " "0, " "0, " "0, " "0, " "0, " "0, " "0, " "0, " "0, " "0, " "0, " "0, " "0, " "0, " "0, " "0, " "0, " "0, " "0, " "0, " "0, " "0, " "0, " "0, " "0, " "0, " "0, " "0, " "0, " "0, " "0, " "0, " "0, " "0, " "0, " "0, " "0, " "0, " "0, " "0, " "0, " "0, " "0, " "0, " "0, " "1, " "0, " "0, " "0, " "0, " "0, " "0, " "0, " "0, " "0, " "0, " "0, " "0, " "0, " "0, " "0, " "0, " "0, " "0, " "0, " "0, " "0, " "0, " "0, " "0, " "0, " "0, " "0, " "0, " "0, " "0, " "0, " "0, " "0, " "0, " "0, " "0, " "0, " "1, " "1, " "1, " "1, " "1, " "1, " "1, " "1, " "1, " "1, " "1, " "1, " "1, " "1, " "1, " "1, " "0, " "1, " "1, " "1, " "1, " "1, " "1, " "1, " "1, " "1, " "1, " "1, " "1, " "1, " "1, " "1, " "1, " "0, " "0, " "0, " "0, " "0, " "0, " "0, " "0, " "0, " "0, " "0, " "0, " "0, " "0, " "0, " "0, " "0, " "0, " "0, " "0, " "0, " "0, " "0, " "0, " "0, " "0, " "0, " "0, " "0, " "0, "5000
 "Nei211, 0.178, " "0.263, " "-0.251, " "0, " "0, " "0, " "0, " "0, " "0, " "0, " "0, " "0, " "0, " "0, " "0, " "0, " "0, " "0, " "0, " "0, " "0, " "0, " "0, " "0, " "0, " "0, " "0, " "0, " "0, " "0, " "0, " "0, " "0, " "0, " "0, " "0, " "0, " "0, " "0, " "0, " "0, " "0, " "0, " "0, " "0, " "0, " "0, " "0, " "0, " "0, " "0, " "0, " "0, " "0, " "0, " "0, " "0, " "0, " "0, " "0, " "0, " "0, " "0, " "0, " "0, " "0, " "0, " "0, " "0, " "0, " "0, " "0, " "0, " "0, " "0, " "0, " "0, " "0, " "0, " "0, " "0, " "0, " "0, " "0, " "0, " "0, " "0, " "0, " "0, " "0, " "0, " "0, " "0, " "0, " "0, " "0, " "0, " "0, " "0, " "0, " "0, " "0, " "0, " "0, " "0, " "0, " "0, " "0, " "0, " "0, " "0, " "0, " "0, " "0, " "0, " "0, " "0, " "0, " "0, " "0, " "0, " "0, " "0, " "0, " "0, " "0, " "0, " "0, " "0, " "0, " "0, " "0, " "0, " "0, " "0, " "0, " "0, " "0, " "0, " "0, " "0, " "0, " "0, " "0, " "0, " "0, " "0, " "0, " "0, " "0, " "0, " "0, " "0, " "0, " "0, " "0, " "0, " "0, " "0, " "0, " "0, " "0, " "0, " "0, " "0, " "0, " "0, " "0, " "0, " "0, " "0, " "0, " "0, " "0, " "0, " "0, " "0, " "0, " "0, " "1, " "0, " "0, " "0, " "0, " "0, " "0, " "0, " "0, " "0, " "0, " "0, " "0, " "0, " "0, " "0, " "0, " "0, " "0, " "1, " "1, " "1, " "1, " "1, " "1, " "1, " "1, " "1, " "1, " "1, " "1, " "1, " "1, " "1, " "1, " "0, " "1, " "1, " "1, " "1, " "1, " "1, " "1, " "1, " "1, " "1, " "1, " "1, " "1, " "1, " "1, " "1, " "0, " "0, " "0, " "0, " "0, " "0, " "0, " "0, " "0, " "0, " "0, " "0, " "0, " "0, " "0, " "0, " "0, " "0, " "0, " "0, " "0, " "0, " "0, " "0, " "0, " "0, " "0, " "0, " "0, "5000
 "Nei212, 0.029, " "0.631, " "-0.927, " "0, " "0, " "0, " "0, " "0, " "0, " "0, " "0, " "0, " "0, " "0, " "0, " "0, " "0, " "0, " "0, " "0, " "0, " "0, " "0, " "0, " "0, " "0, " "0, " "0, " "0, " "0, " "0, " "0, " "0, " "0, " "0, " "0, " "0, " "0, " "0, " "0, " "0, " "0, " "0, " "0, " "0, " "0, " "0, " "0, " "0, " "0, " "0, " "0, " "0, " "0, " "0, " "0, " "0, " "0, " "0, " "0, " "0, " "0, " "0, " "0, " "0, " "0, " "0, " "0, " "0, " "0, " "0, " "0, " "0, " "0, " "0, " "0, " "0, " "0, " "0, " "0, " "0, " "0, " "0, " "0, " "0, " "0, " "0, " "0, " "0, " "0, " "0, " "0, " "0, " "0, " "0, " "0, " "0, " "0, " "0, " "0, " "0, " "0, " "0, " "0, " "0, " "0, " "0, " "0, " "0, " "0, " "0, " "0, " "0, " "0, " "0, " "0, " "0, " "0, " "0, " "0, " "0, " "0, " "0, " "0, " "0, " "0, " "0, " "0, " "0, " "0, " "0, " "0, " "0, " "0, " "0, " "0, " "0, " "0, " "0, " "0, " "0, " "0, " "0, " "0, " "0, " "0, " "0, " "0, " "0, " "0, " "0, " "0, " "0, " "0, " "0, " "0, " "0, " "0, " "0, " "0, " "0, " "0, " "0, " "0, " "0, " "0, " "0, " "0, " "0, " "0, " "0, " "0, " "0, " "0, " "0, " "0, " "0, " "0, " "0, " "0, " "0, " "0, " "0, " "0, " "0, " "0, " "0, " "0, " "0, " "0, " "0, " "0, " "0, " "0, " "0, " "0, " "0, " "0, " "0, " "1, " "1, " "0, " "1, " "1, " "1, " "1, " "1, " "1, " "1, " "1, " "1, " "1, " "1, " "1, " "1, " "0, " "1, " "1, " "1, " "1, " "1, " "1, " "1, " "1, " "1, " "1, " "1, " "1, " "1, " "1, " "1, " "1, " "0, " "0, " "0, " "0, " "0, " "0, " "0, " "0, " "0, " "0, " "0, " "0, " "0, " "0, " "0, " "1, " "0, " "0, " "0, " "0, " "0, " "0, " "0, " "0, " "0, " "0, " "0, " "0, "5000
 "Nei213, 0.195, " "0.263, " "-0.251, " "0, " "0, " "0, " "0, " "0, " "0, " "0, " "0, " "0, " "0, " "0, " "0, " "0, " "0, " "0, " "0, " "0, " "0, " "0, " "0, " "0, " "0, " "0, " "0, " "0, " "0, " "0, " "0, " "0, " "0, " "0, " "0, " "0, " "0, " "0, " "0, " "0, " "0, " "0, " "0, " "0, " "0, " "0, " "0, " "0, " "0, " "0, " "0, " "0, " "0, " "0, " "0, " "0, " "0, " "0, " "0, " "0, " "0, " "0, " "0, " "0, " "0, " "0, " "0, " "0, " "0, " "0, " "0, " "0, " "0, " "0, " "0, " "0, " "0, " "0, " "0, " "0, " "0, " "0, " "0, " "0, " "0, " "0, " "0, " "0, " "0, " "0, " "0, " "0, " "0, " "0, " "0, " "0, " "0, " "0, " "0, " "0, " "0, " "0, " "0, " "0, " "0, " "0, " "0, " "0, " "0, " "0, " "0, " "0, " "0, " "0, " "0, " "0, " "0, " "0, " "0, " "0, " "0, " "0, " "0, " "0, " "0, " "0, " "0, " "0, " "0, " "0, " "0, " "0, " "0, " "0, " "0, " "0, " "0, " "0, " "0, " "0, " "0, " "0, " "0, " "0, " "0, " "0, " "0, " "0, " "0, " "0, " "0, " "0, " "0, " "0, " "0, " "0, " "0, " "0, " "0, " "0, " "0, " "0, " "0, " "0, " "0, " "0, " "0, " "0, " "0, " "0, " "0, " "0, " "0, " "0, " "0, " "0, " "0, " "0, " "0, " "0, " "0, " "0, " "0, " "0, " "0, " "0, " "0, " "0, " "0, " "0, " "0, " "0, " "0, " "0, " "0, " "0, " "0, " "0, " "0, " "0, " "1, " "1, " "1, " "1, " "1, " "1, " "1, " "1, " "0, " "1, " "1, " "1, " "1, " "1, " "1, " "1, " "0, " "1, " "1, " "1, " "1, " "1, " "1, " "1, " "1, " "1, " "1, " "1, " "1, " "1, " "1, " "1, " "1, " "0, " "0, " "0, " "0, " "0, " "0, " "0, " "0, " "0, " "0, " "0, " "0, " "0, " "0, " "0, " "0, " "0, " "0, " "0, " "0, " "0, " "0, " "0, " "0, " "0, " "0, " "0, "5000
 "Nei214, 0.146, " "-0.562, " "0.671, " "0, " "0, " "0, " "0, " "0, " "0, " "0, " "0, " "0, " "0, " "0, " "0, " "0, " "0, " "0, " "0, " "0, " "0, " "0, " "0, " "0, " "0, " "0, " "0, " "0, " "0, " "0, " "0, " "0, " "0, " "0, " "0, " "0, " "0, " "0, " "0, " "0, " "0, " "0, " "0, " "0, " "0, " "0, " "0, " "0, " "0, " "1, " "0, " "0, " "0, " "0, " "0, " "0, " "0, " "0, " "0, " "0, " "0, " "0, " "0, " "0, " "0, " "0, " "0, " "0, " "0, " "0, " "0, " "0, " "0, " "0, " "0, " "0, " "0, " "0, " "0, " "0, " "0, " "0, " "0, " "0, " "0, " "0, " "0, " "0, " "0, " "0, " "0, " "0, " "0, " "0, " "0, " "0, " "0, " "0, " "0, " "0, " "0, " "0, " "0, " "0, " "0, " "0, " "0, " "0, " "0, " "0, " "0, " "0, " "0, " "0, " "0, " "0, " "0, " "0, " "0, " "0, " "0, " "0, " "0, " "0, " "0, " "0, " "0, " "0, " "0, " "0, " "0, " "0, " "0, " "0, " "0, " "0, " "0, " "0, " "0, " "0, " "0, " "0, " "0, " "0, " "0, " "0, " "0, " "0, " "0, " "0, " "0, " "0, " "0, " "0, " "0, " "0, " "0, " "0, " "0, " "0, " "0, " "0, " "0, " "0, " "0, " "0, " "0, " "0, " "0, " "0, " "0, " "0, " "0, " "0, " "0, " "0, " "0, " "0, " "0, " "0, " "0, " "0, " "0, " "0, " "0, " "0, " "0, " "0, " "0, " "0, " "0, " "0, " "0, " "0, " "0, " "0, " "0, " "0, " "0, " "0, " "0, " "1, " "1, " "0, " "0, " "1, " "1, " "1, " "1, " "1, " "1, " "1, " "1, " "1, " "1, " "1, " "1, " "0, " "1, " "1, " "1, " "1, " "1, " "1, " "1, " "1, " "0, " "1, " "1, " "1, " "1, " "1, " "1, " "1, " "0, " "0, " "0, " "0, " "0, " "0, " "0, " "0, " "0, " "0, " "0, " "0, " "0, " "0, " "0, " "0, " "0, " "0, " "0, " "0, " "0, " "0, " "0, " "0, " "0, " "0, "5000
 "Nei215, 0.067, " "-0.562, " "0.671, " "0, " "0, " "0, " "0, " "0, " "0, " "0, " "0, " "0, " "0, " "0, " "0, " "0, " "0, " "0, " "0, " "0, " "0, " "0, " "0, " "0, " "0, " "0, " "0, " "0, " "0, " "0, " "0, " "0, " "0, " "0, " "0, " "0, " "0, " "0, " "0, " "0, " "0, " "0, " "0, " "0, " "0, " "0, " "0, " "0, " "0, " "0, " "0, " "0, " "0, " "0, " "0, " "0, " "0, " "0, " "0, " "0, " "0, " "0, " "0, " "0, " "0, " "0, " "0, " "0, " "0, " "0, " "0, " "0, " "0, " "0, " "0, " "0, " "0, " "0, " "0, " "0, " "0, " "0, " "0, " "0, " "0, " "0, " "0, " "0, " "0, " "0, " "0, " "0, " "1, " "0, " "0, " "0, " "0, " "0, " "0, " "0, " "0, " "0, " "0, " "0, " "0, " "0, " "0, " "0, " "0, " "0, " "0, " "0, " "0, " "0, " "0, " "0, " "0, " "0, " "0, " "0, " "0, " "0, " "0, " "0, " "0, " "0, " "0, " "0, " "0, " "0, " "0, " "0, " "0, " "0, " "0, " "0, " "0, " "0, " "0, " "0, " "0, " "0, " "0, " "0, " "0, " "0, " "0, " "0, " "0, " "0, " "0, " "0, " "0, " "0, " "0, " "0, " "0, " "0, " "0, " "0, " "0, " "0, " "0, " "0, " "0, " "0, " "0, " "0, " "0, " "0, " "0, " "0, " "0, " "0, " "0, " "0, " "0, " "0, " "0, " "0, " "0, " "0, " "0, " "0, " "0, " "0, " "0, " "0, " "0, " "0, " "0, " "0, " "0, " "0, " "0, " "0, " "0, " "0, " "0, " "0, " "0, " "0, " "1, " "1, " "1, " "1, " "1, " "1, " "1, " "1, " "1, " "1, " "1, " "1, " "1, " "1, " "1, " "1, " "0, " "1, " "1, " "1, " "1, " "1, " "1, " "1, " "1, " "1, " "1, " "1, " "1, " "1, " "1, " "1, " "1, " "0, " "0, " "0, " "0, " "0, " "0, " "0, " "0, " "0, " "0, " "0, " "0, " "0, " "0, " "0, " "0, " "0, " "0, " "0, " "0, " "0, " "0, " "0, " "0, " "0, "5000
 "Nei216, 0.027, " "-0.008, " "-0.913, " "0, " "0, " "0, " "0, " "0, " "0, " "0, " "0, " "0, " "0, " "0, " "0, " "0, " "0, " "1, " "0, " "0, " "0, " "0, " "0, " "0, " "0, " "0, " "0, " "0, " "0, " "0, " "0, " "0, " "0, " "0, " "0, " "0, " "0, " "0, " "0, " "0, " "0, " "0, " "0, " "0, " "0, " "0, " "0, " "0, " "0, " "0, " "0, " "0, " "0, " "0, " "1, " "0, " "0, " "0, " "0, " "0, " "0, " "0, " "0, " "0, " "0, " "0, " "0, " "0, " "0, " "0, " "0, " "0, " "0, " "0, " "0, " "0, " "0, " "0, " "0, " "1, " "0, " "0, " "0, " "0, " "0, " "0, " "1, " "0, " "0, " "0, " "0, " "0, " "0, " "0, " "0, " "0, " "0, " "0, " "0, " "0, " "0, " "0, " "0, " "0, " "0, " "0, " "0, " "0, " "0, " "0, " "0, " "0, " "0, " "0, " "0, " "0, " "0, " "0, " "0, " "0, " "0, " "0, " "0, " "0, " "0, " "0, " "0, " "0, " "0, " "0, " "0, " "0, " "0, " "0, " "0, " "0, " "0, " "0, " "0, " "0, " "0, " "0, " "0, " "0, " "0, " "0, " "0, " "0, " "0, " "0, " "0, " "0, " "0, " "0, " "0, " "0, " "0, " "0, " "0, " "0, " "0, " "0, " "0, " "0, " "0, " "0, " "0, " "0, " "0, " "0, " "0, " "0, " "0, " "0, " "0, " "0, " "0, " "0, " "0, " "0, " "0, " "0, " "0, " "0, " "0, " "0, " "0, " "0, " "0, " "0, " "0, " "0, " "0, " "0, " "0, " "0, " "0, " "0, " "0, " "0, " "0, " "0, " "0, " "1, " "1, " "1, " "1, " "1, " "1, " "1, " "1, " "1, " "1, " "1, " "1, " "1, " "1, " "1, " "1, " "0, " "1, " "1, " "1, " "1, " "1, " "0, " "1, " "0, " "1, " "1, " "1, " "0, " "0, " "1, " "1, " "1, " "0, " "0, " "1, " "0, " "0, " "0, " "0, " "0, " "0, " "0, " "0, " "0, " "0, " "0, " "0, " "0, " "0, " "0, " "0, " "0, " "0, " "0, " "0, " "0, "5000
 "Nei217, 0.044, " "-0.562, " "0.671, " "0, " "0, " "0, " "0, " "0, " "0, " "0, " "0, " "0, " "0, " "0, " "0, " "0, " "0, " "0, " "0, " "0, " "0, " "0, " "0, " "0, " "0, " "0, " "0, " "0, " "0, " "0, " "0, " "0, " "0, " "0, " "0, " "0, " "0, " "0, " "0, " "0, " "0, " "0, " "0, " "0, " "0, " "0, " "0, " "0, " "0, " "0, " "0, " "0, " "0, " "0, " "0, " "0, " "0, " "0, " "1, " "0, " "0, " "0, " "0, " "0, " "0, " "0, " "0, " "0, " "0, " "0, " "0, " "0, " "0, " "0, " "0, " "0, " "0, " "0, " "0, " "0, " "0, " "0, " "0, " "0, " "0, " "0, " "0, " "0, " "0, " "0, " "0, " "0, " "0, " "0, " "0, " "0, " "0, " "0, " "0, " "0, " "0, " "0, " "0, " "0, " "0, " "0, " "0, " "0, " "0, " "0, " "0, " "0, " "0, " "0, " "0, " "0, " "0, " "0, " "0, " "0, " "0, " "0, " "0, " "0, " "0, " "0, " "0, " "0, " "0, " "0, " "0, " "0, " "0, " "0, " "0, " "0, " "0, " "0, " "0, " "0, " "0, " "0, " "0, " "0, " "0, " "0, " "0, " "0, " "0, " "0, " "0, " "0, " "0, " "0, " "0, " "0, " "0, " "0, " "0, " "0, " "0, " "0, " "0, " "0, " "0, " "0, " "0, " "0, " "0, " "0, " "0, " "0, " "0, " "0, " "0, " "0, " "0, " "0, " "0, " "0, " "0, " "0, " "0, " "0, " "0, " "0, " "0, " "0, " "0, " "0, " "0, " "0, " "0, " "0, " "0, " "0, " "0, " "0, " "0, " "0, " "0, " "0, " "0, " "0, " "1, " "1, " "1, " "1, " "1, " "1, " "1, " "1, " "1, " "1, " "1, " "1, " "1, " "1, " "1, " "1, " "0, " "1, " "1, " "1, " "1, " "0, " "1, " "1, " "1, " "1, " "1, " "1, " "1, " "1, " "1, " "1, " "1, " "0, " "0, " "0, " "0, " "0, " "0, " "0, " "0, " "0, " "0, " "0, " "0, " "0, " "0, " "0, " "0, " "0, " "0, " "0, " "0, " "0, " "0, " "0, "5000
 "Nei218, 0.126, " "0.631, " "-0.927, " "0, " "0, " "0, " "0, " "0, " "0, " "0, " "0, " "1, " "0, " "0, " "0, " "0, " "0, " "0, " "0, " "0, " "0, " "0, " "0, " "0, " "0, " "0, " "0, " "0, " "0, " "0, " "0, " "0, " "0, " "0, " "0, " "0, " "0, " "0, " "0, " "0, " "0, " "0, " "0, " "0, " "0, " "0, " "0, " "0, " "0, " "0, " "0, " "0, " "0, " "0, " "0, " "0, " "0, " "0, " "0, " "0, " "0, " "0, " "0, " "0, " "0, " "0, " "0, " "0, " "0, " "0, " "0, " "0, " "0, " "0, " "0, " "0, " "0, " "0, " "0, " "0, " "0, " "0, " "0, " "0, " "0, " "0, " "0, " "0, " "0, " "0, " "0, " "0, " "0, " "0, " "0, " "0, " "0, " "0, " "0, " "0, " "0, " "0, " "0, " "0, " "0, " "0, " "0, " "0, " "0, " "0, " "0, " "0, " "0, " "0, " "0, " "0, " "0, " "0, " "0, " "0, " "0, " "0, " "0, " "0, " "0, " "0, " "0, " "0, " "0, " "0, " "0, " "0, " "0, " "0, " "0, " "0, " "0, " "0, " "0, " "0, " "0, " "0, " "0, " "0, " "0, " "0, " "0, " "0, " "0, " "0, " "0, " "0, " "0, " "0, " "0, " "0, " "0, " "0, " "0, " "0, " "0, " "0, " "0, " "0, " "0, " "0, " "0, " "0, " "0, " "0, " "0, " "0, " "0, " "0, " "0, " "1, " "0, " "0, " "0, " "0, " "0, " "0, " "0, " "0, " "0, " "0, " "0, " "0, " "0, " "0, " "0, " "0, " "0, " "0, " "0, " "0, " "0, " "0, " "0, " "0, " "0, " "0, " "0, " "0, " "0, " "1, " "1, " "0, " "1, " "1, " "1, " "1, " "1, " "1, " "1, " "1, " "1, " "1, " "1, " "1, " "1, " "0, " "1, " "1, " "1, " "1, " "1, " "1, " "1, " "1, " "1, " "1, " "1, " "0, " "1, " "1, " "0, " "1, " "0, " "0, " "0, " "0, " "0, " "0, " "0, " "0, " "0, " "0, " "0, " "0, " "0, " "0, " "0, " "0, " "0, " "0, " "0, " "0, " "0, " "0, "5000
 "Nei219, 0.135, " "0.263, " "-0.251, " "0, " "0, " "0, " "0, " "0, " "0, " "0, " "0, " "0, " "0, " "0, " "0, " "0, " "0, " "0, " "0, " "0, " "0, " "0, " "0, " "0, " "0, " "0, " "0, " "0, " "0, " "0, " "0, " "0, " "0, " "0, " "0, " "0, " "0, " "0, " "0, " "0, " "0, " "0, " "0, " "0, " "0, " "0, " "0, " "0, " "0, " "0, " "0, " "0, " "0, " "0, " "0, " "0, " "0, " "0, " "0, " "0, " "0, " "0, " "0, " "0, " "0, " "0, " "0, " "0, " "0, " "0, " "0, " "0, " "0, " "0, " "0, " "0, " "0, " "0, " "0, " "0, " "0, " "0, " "0, " "0, " "0, " "0, " "0, " "0, " "0, " "0, " "0, " "0, " "0, " "0, " "0, " "0, " "0, " "0, " "0, " "0, " "0, " "0, " "0, " "0, " "0, " "0, " "0, " "0, " "0, " "0, " "0, " "0, " "0, " "0, " "0, " "0, " "0, " "0, " "0, " "0, " "0, " "0, " "0, " "0, " "0, " "0, " "0, " "0, " "0, " "0, " "0, " "0, " "0, " "0, " "0, " "0, " "0, " "0, " "0, " "0, " "0, " "0, " "0, " "0, " "0, " "0, " "0, " "0, " "0, " "0, " "0, " "0, " "0, " "0, " "0, " "0, " "0, " "0, " "0, " "0, " "0, " "0, " "0, " "0, " "0, " "0, " "0, " "0, " "0, " "0, " "0, " "0, " "0, " "0, " "0, " "0, " "0, " "0, " "0, " "0, " "0, " "0, " "0, " "0, " "0, " "0, " "0, " "0, " "0, " "0, " "0, " "0, " "0, " "0, " "0, " "0, " "0, " "0, " "0, " "0, " "0, " "0, " "0, " "0, " "0, " "0, " "1, " "1, " "1, " "1, " "1, " "1, " "1, " "1, " "1, " "1, " "1, " "1, " "1, " "1, " "1, " "1, " "0, " "1, " "1, " "1, " "1, " "1, " "1, " "1, " "1, " "1, " "1, " "1, " "1, " "1, " "1, " "1, " "1, " "0, " "0, " "0, " "0, " "0, " "0, " "0, " "0, " "0, " "0, " "0, " "0, " "0, " "0, " "0, " "0, " "0, " "0, " "0, " "0, " "0, "5000
 "Nei220, 0.026, " "0.263, " "-0.251, " "0, " "0, " "0, " "0, " "0, " "0, " "0, " "0, " "0, " "0, " "0, " "0, " "0, " "0, " "0, " "0, " "0, " "0, " "0, " "0, " "0, " "0, " "0, " "0, " "0, " "0, " "0, " "0, " "0, " "0, " "0, " "0, " "0, " "0, " "0, " "0, " "0, " "0, " "0, " "0, " "0, " "0, " "0, " "0, " "0, " "0, " "0, " "0, " "0, " "0, " "0, " "0, " "0, " "0, " "0, " "0, " "0, " "0, " "0, " "0, " "0, " "0, " "0, " "0, " "0, " "0, " "0, " "0, " "0, " "0, " "0, " "0, " "0, " "0, " "0, " "0, " "0, " "0, " "0, " "0, " "0, " "0, " "0, " "0, " "0, " "0, " "0, " "0, " "0, " "0, " "0, " "0, " "0, " "0, " "0, " "0, " "0, " "0, " "0, " "0, " "0, " "0, " "0, " "0, " "0, " "0, " "0, " "0, " "0, " "0, " "0, " "0, " "0, " "0, " "0, " "0, " "0, " "0, " "0, " "0, " "0, " "0, " "0, " "0, " "0, " "0, " "0, " "0, " "0, " "0, " "0, " "0, " "0, " "0, " "0, " "0, " "0, " "0, " "0, " "0, " "0, " "0, " "0, " "0, " "0, " "0, " "0, " "0, " "0, " "0, " "0, " "0, " "0, " "0, " "0, " "0, " "0, " "0, " "0, " "0, " "0, " "0, " "0, " "0, " "0, " "0, " "0, " "0, " "0, " "0, " "0, " "0, " "0, " "0, " "0, " "0, " "0, " "0, " "0, " "0, " "0, " "0, " "0, " "0, " "0, " "0, " "0, " "0, " "0, " "0, " "0, " "0, " "0, " "0, " "0, " "0, " "0, " "0, " "0, " "0, " "0, " "0, " "0, " "0, " "1, " "0, " "1, " "1, " "1, " "1, " "1, " "1, " "1, " "1, " "1, " "1, " "1, " "1, " "1, " "1, " "0, " "1, " "1, " "1, " "1, " "1, " "1, " "1, " "1, " "1, " "1, " "1, " "1, " "1, " "1, " "1, " "1, " "0, " "0, " "0, " "0, " "0, " "0, " "0, " "0, " "0, " "0, " "0, " "0, " "0, " "0, " "0, " "0, " "0, " "0, " "0, " "0, "5000
 "Nei221, 0.155, " "0.263, " "-0.251, " "0, " "0, " "0, " "0, " "0, " "0, " "0, " "0, " "0, " "0, " "0, " "0, " "0, " "0, " "0, " "0, " "0, " "0, " "0, " "0, " "0, " "0, " "0, " "0, " "0, " "0, " "0, " "0, " "0, " "0, " "0, " "0, " "0, " "0, " "0, " "0, " "0, " "0, " "0, " "0, " "0, " "0, " "0, " "0, " "0, " "0, " "0, " "0, " "0, " "0, " "0, " "0, " "0, " "0, " "0, " "0, " "0, " "0, " "0, " "0, " "0, " "0, " "0, " "0, " "0, " "0, " "0, " "0, " "0, " "0, " "0, " "0, " "0, " "0, " "0, " "0, " "0, " "0, " "0, " "0, " "0, " "0, " "0, " "0, " "0, " "0, " "0, " "0, " "0, " "0, " "0, " "0, " "0, " "0, " "0, " "0, " "0, " "0, " "0, " "0, " "0, " "1, " "0, " "0, " "0, " "0, " "0, " "0, " "0, " "0, " "0, " "0, " "0, " "0, " "0, " "0, " "0, " "0, " "0, " "0, " "0, " "0, " "0, " "0, " "0, " "0, " "0, " "0, " "0, " "0, " "0, " "0, " "0, " "0, " "0, " "0, " "0, " "0, " "0, " "0, " "0, " "0, " "0, " "0, " "0, " "0, " "0, " "0, " "0, " "0, " "0, " "0, " "0, " "0, " "0, " "0, " "0, " "0, " "0, " "0, " "0, " "0, " "0, " "0, " "0, " "1, " "0, " "0, " "0, " "0, " "0, " "0, " "0, " "0, " "1, " "0, " "0, " "0, " "0, " "0, " "0, " "0, " "0, " "0, " "0, " "0, " "0, " "0, " "0, " "0, " "0, " "0, " "0, " "0, " "0, " "0, " "0, " "0, " "0, " "0, " "0, " "0, " "0, " "0, " "0, " "1, " "1, " "1, " "1, " "1, " "1, " "1, " "1, " "1, " "1, " "1, " "1, " "1, " "1, " "1, " "1, " "0, " "1, " "1, " "0, " "1, " "1, " "1, " "1, " "1, " "0, " "1, " "1, " "1, " "1, " "1, " "1, " "1, " "0, " "1, " "0, " "0, " "0, " "1, " "0, " "0, " "0, " "0, " "0, " "0, " "0, " "0, " "0, " "0, " "0, " "0, " "0, "5000
 "Nei222, 0.161, " "0.263, " "-0.251, " "0, " "0, " "0, " "0, " "0, " "0, " "1, " "0, " "0, " "0, " "0, " "0, " "0, " "1, " "0, " "0, " "0, " "0, " "0, " "0, " "0, " "0, " "0, " "0, " "0, " "0, " "0, " "1, " "0, " "0, " "0, " "0, " "0, " "0, " "0, " "0, " "0, " "0, " "0, " "0, " "0, " "0, " "0, " "0, " "0, " "0, " "0, " "0, " "0, " "0, " "0, " "0, " "0, " "0, " "0, " "0, " "0, " "0, " "0, " "0, " "0, " "0, " "0, " "0, " "0, " "0, " "0, " "0, " "0, " "0, " "0, " "0, " "0, " "0, " "0, " "0, " "0, " "1, " "0, " "0, " "0, " "0, " "0, " "0, " "0, " "0, " "0, " "0, " "0, " "0, " "0, " "0, " "0, " "0, " "0, " "0, " "0, " "0, " "0, " "0, " "0, " "0, " "0, " "0, " "0, " "0, " "0, " "1, " "0, " "0, " "0, " "0, " "0, " "0, " "0, " "0, " "0, " "0, " "0, " "0, " "0, " "0, " "0, " "1, " "0, " "0, " "0, " "0, " "0, " "0, " "0, " "0, " "0, " "0, " "0, " "0, " "0, " "0, " "0, " "0, " "0, " "0, " "0, " "0, " "0, " "0, " "0, " "0, " "0, " "0, " "0, " "0, " "0, " "0, " "0, " "0, " "0, " "0, " "0, " "0, " "0, " "0, " "0, " "0, " "0, " "0, " "0, " "0, " "0, " "0, " "0, " "0, " "0, " "0, " "0, " "0, " "0, " "0, " "0, " "0, " "0, " "0, " "0, " "0, " "0, " "0, " "0, " "0, " "0, " "0, " "0, " "0, " "0, " "0, " "0, " "0, " "0, " "0, " "0, " "0, " "0, " "0, " "0, " "0, " "0, " "0, " "1, " "1, " "1, " "1, " "1, " "1, " "1, " "1, " "1, " "1, " "0, " "0, " "1, " "1, " "1, " "1, " "0, " "1, " "1, " "1, " "1, " "0, " "1, " "1, " "1, " "1, " "1, " "1, " "1, " "1, " "1, " "1, " "0, " "0, " "0, " "0, " "0, " "0, " "0, " "0, " "0, " "0, " "0, " "0, " "0, " "0, " "0, " "0, " "0, " "0, " "0, "5000
 "Nei223, 0.04, " "0.263, " "-0.251, " "0, " "0, " "0, " "0, " "0, " "0, " "0, " "0, " "0, " "0, " "0, " "0, " "0, " "0, " "0, " "0, " "0, " "0, " "0, " "0, " "0, " "0, " "0, " "0, " "0, " "0, " "0, " "0, " "0, " "0, " "0, " "0, " "0, " "0, " "0, " "0, " "0, " "0, " "0, " "0, " "0, " "0, " "0, " "0, " "0, " "0, " "0, " "0, " "0, " "1, " "0, " "0, " "0, " "0, " "0, " "0, " "0, " "0, " "0, " "0, " "0, " "0, " "0, " "0, " "0, " "0, " "0, " "0, " "0, " "0, " "0, " "0, " "0, " "0, " "0, " "0, " "0, " "0, " "0, " "0, " "0, " "0, " "0, " "0, " "0, " "0, " "0, " "0, " "0, " "0, " "0, " "0, " "0, " "0, " "0, " "0, " "0, " "0, " "0, " "0, " "0, " "0, " "0, " "0, " "0, " "0, " "0, " "0, " "0, " "0, " "0, " "0, " "0, " "0, " "0, " "0, " "0, " "0, " "0, " "0, " "0, " "0, " "0, " "0, " "0, " "0, " "0, " "0, " "0, " "0, " "0, " "0, " "0, " "0, " "0, " "1, " "0, " "0, " "0, " "0, " "0, " "0, " "0, " "0, " "0, " "0, " "0, " "0, " "0, " "0, " "0, " "0, " "0, " "0, " "0, " "0, " "0, " "0, " "0, " "0, " "0, " "0, " "0, " "0, " "0, " "0, " "0, " "0, " "0, " "0, " "0, " "0, " "0, " "0, " "0, " "0, " "0, " "0, " "0, " "0, " "0, " "0, " "0, " "0, " "0, " "0, " "0, " "0, " "0, " "0, " "0, " "0, " "0, " "0, " "0, " "0, " "0, " "0, " "0, " "0, " "0, " "0, " "0, " "0, " "0, " "0, " "0, " "1, " "1, " "1, " "1, " "1, " "1, " "1, " "0, " "1, " "1, " "1, " "1, " "1, " "1, " "1, " "1, " "0, " "1, " "0, " "1, " "1, " "1, " "1, " "1, " "1, " "1, " "1, " "1, " "0, " "1, " "1, " "1, " "1, " "0, " "0, " "0, " "0, " "0, " "0, " "0, " "0, " "1, " "0, " "0, " "0, " "0, " "0, " "0, " "0, " "0, "5000
 "Nei224, 0.008, " "0.263, " "-0.251, " "0, " "0, " "0, " "0, " "0, " "0, " "0, " "0, " "0, " "0, " "0, " "0, " "0, " "0, " "0, " "0, " "0, " "0, " "0, " "0, " "0, " "0, " "0, " "0, " "0, " "0, " "0, " "0, " "0, " "0, " "0, " "0, " "0, " "0, " "0, " "0, " "0, " "0, " "0, " "0, " "0, " "0, " "0, " "0, " "0, " "0, " "0, " "0, " "0, " "0, " "0, " "0, " "0, " "0, " "0, " "0, " "0, " "0, " "0, " "0, " "0, " "0, " "0, " "0, " "0, " "0, " "0, " "0, " "0, " "0, " "0, " "0, " "0, " "0, " "0, " "0, " "0, " "0, " "0, " "0, " "0, " "0, " "0, " "0, " "0, " "0, " "0, " "0, " "0, " "0, " "0, " "0, " "0, " "0, " "0, " "0, " "0, " "0, " "0, " "0, " "0, " "0, " "0, " "0, " "0, " "0, " "0, " "0, " "0, " "0, " "0, " "0, " "0, " "0, " "0, " "0, " "0, " "0, " "0, " "0, " "0, " "0, " "0, " "0, " "0, " "0, " "0, " "0, " "0, " "0, " "0, " "0, " "0, " "0, " "0, " "0, " "0, " "0, " "0, " "0, " "0, " "0, " "0, " "0, " "0, " "0, " "0, " "0, " "0, " "0, " "0, " "0, " "0, " "0, " "0, " "0, " "0, " "0, " "0, " "0, " "0, " "0, " "0, " "0, " "0, " "0, " "0, " "0, " "0, " "0, " "1, " "0, " "0, " "0, " "0, " "0, " "0, " "0, " "0, " "0, " "0, " "0, " "0, " "0, " "0, " "0, " "0, " "0, " "0, " "0, " "0, " "0, " "0, " "0, " "0, " "0, " "0, " "0, " "0, " "0, " "0, " "0, " "0, " "0, " "0, " "0, " "0, " "0, " "1, " "1, " "1, " "1, " "1, " "1, " "1, " "1, " "0, " "1, " "1, " "1, " "1, " "0, " "1, " "1, " "0, " "1, " "1, " "1, " "1, " "1, " "1, " "1, " "1, " "1, " "1, " "1, " "1, " "0, " "1, " "1, " "1, " "0, " "0, " "0, " "0, " "0, " "0, " "0, " "0, " "0, " "0, " "0, " "0, " "0, " "0, " "0, " "0, "5000
 "Nei225, 0.16, " "0.485, " "0.399, " "0, " "0, " "0, " "0, " "0, " "0, " "0, " "0, " "0, " "0, " "0, " "0, " "0, " "0, " "0, " "0, " "0, " "0, " "0, " "0, " "0, " "0, " "0, " "0, " "0, " "1, " "0, " "0, " "0, " "0, " "0, " "0, " "0, " "0, " "0, " "0, " "0, " "0, " "0, " "0, " "0, " "1, " "0, " "0, " "0, " "0, " "0, " "0, " "0, " "0, " "0, " "0, " "0, " "0, " "0, " "0, " "0, " "0, " "0, " "0, " "0, " "0, " "0, " "0, " "0, " "0, " "0, " "0, " "0, " "0, " "0, " "0, " "0, " "0, " "0, " "0, " "0, " "0, " "0, " "0, " "0, " "0, " "0, " "0, " "0, " "0, " "0, " "0, " "0, " "0, " "0, " "0, " "0, " "0, " "0, " "0, " "0, " "0, " "0, " "0, " "0, " "0, " "0, " "0, " "0, " "0, " "0, " "0, " "0, " "0, " "0, " "0, " "0, " "0, " "0, " "0, " "0, " "0, " "0, " "0, " "0, " "0, " "0, " "0, " "0, " "0, " "0, " "0, " "0, " "0, " "0, " "0, " "0, " "0, " "0, " "0, " "0, " "0, " "0, " "0, " "0, " "0, " "0, " "0, " "0, " "0, " "0, " "0, " "0, " "0, " "0, " "0, " "0, " "0, " "0, " "0, " "0, " "0, " "0, " "0, " "0, " "0, " "0, " "0, " "0, " "0, " "0, " "0, " "0, " "0, " "0, " "0, " "0, " "0, " "0, " "0, " "0, " "0, " "0, " "0, " "0, " "0, " "0, " "0, " "0, " "0, " "0, " "0, " "0, " "0, " "0, " "0, " "0, " "0, " "0, " "0, " "0, " "0, " "0, " "0, " "0, " "0, " "0, " "0, " "0, " "0, " "0, " "0, " "0, " "1, " "1, " "1, " "1, " "1, " "1, " "1, " "1, " "1, " "1, " "1, " "1, " "1, " "1, " "0, " "1, " "0, " "1, " "1, " "1, " "1, " "1, " "1, " "1, " "1, " "1, " "1, " "1, " "1, " "0, " "1, " "1, " "1, " "0, " "0, " "0, " "0, " "0, " "0, " "0, " "0, " "0, " "0, " "0, " "0, " "0, " "0, " "0, "5000
 "Nei226, 0.016, " "0.263, " "-0.251, " "0, " "0, " "0, " "0, " "0, " "0, " "0, " "0, " "0, " "0, " "0, " "0, " "0, " "0, " "0, " "0, " "0, " "0, " "0, " "0, " "0, " "1, " "0, " "0, " "0, " "0, " "0, " "0, " "0, " "0, " "0, " "0, " "0, " "0, " "0, " "0, " "0, " "0, " "0, " "0, " "0, " "0, " "0, " "0, " "0, " "0, " "0, " "0, " "0, " "0, " "0, " "0, " "0, " "0, " "0, " "0, " "0, " "0, " "0, " "0, " "0, " "0, " "0, " "0, " "0, " "0, " "0, " "0, " "0, " "0, " "0, " "0, " "0, " "0, " "0, " "0, " "0, " "0, " "0, " "0, " "0, " "0, " "0, " "0, " "0, " "0, " "0, " "0, " "0, " "0, " "0, " "0, " "0, " "1, " "0, " "0, " "0, " "0, " "0, " "0, " "0, " "0, " "0, " "0, " "0, " "0, " "0, " "0, " "0, " "0, " "0, " "0, " "0, " "0, " "0, " "0, " "0, " "0, " "0, " "0, " "0, " "0, " "0, " "0, " "0, " "0, " "0, " "0, " "0, " "0, " "0, " "0, " "0, " "0, " "0, " "0, " "0, " "0, " "0, " "0, " "0, " "0, " "0, " "0, " "0, " "0, " "0, " "0, " "0, " "0, " "0, " "0, " "0, " "0, " "0, " "0, " "0, " "0, " "0, " "0, " "0, " "0, " "0, " "0, " "0, " "0, " "0, " "0, " "0, " "0, " "0, " "0, " "0, " "0, " "0, " "0, " "0, " "0, " "0, " "0, " "0, " "0, " "0, " "0, " "0, " "0, " "0, " "0, " "0, " "0, " "0, " "0, " "0, " "0, " "0, " "0, " "0, " "0, " "0, " "0, " "0, " "0, " "0, " "0, " "0, " "0, " "0, " "0, " "0, " "0, " "1, " "1, " "1, " "1, " "1, " "1, " "1, " "1, " "1, " "1, " "1, " "1, " "1, " "1, " "1, " "1, " "0, " "1, " "1, " "1, " "1, " "1, " "1, " "1, " "1, " "1, " "1, " "0, " "0, " "1, " "1, " "1, " "1, " "0, " "0, " "0, " "0, " "0, " "0, " "0, " "0, " "0, " "0, " "0, " "0, " "0, " "0, "5000
 "Nei227, 0.012, " "0.263, " "-0.251, " "0, " "0, " "0, " "0, " "0, " "0, " "0, " "0, " "0, " "0, " "0, " "0, " "0, " "0, " "0, " "0, " "0, " "0, " "0, " "0, " "0, " "0, " "0, " "0, " "0, " "0, " "0, " "0, " "0, " "0, " "0, " "0, " "0, " "0, " "0, " "0, " "0, " "0, " "0, " "0, " "0, " "0, " "0, " "0, " "0, " "0, " "0, " "0, " "0, " "0, " "0, " "0, " "0, " "0, " "0, " "0, " "0, " "0, " "0, " "0, " "0, " "0, " "0, " "0, " "0, " "0, " "0, " "0, " "0, " "0, " "0, " "0, " "0, " "0, " "0, " "1, " "0, " "0, " "0, " "0, " "0, " "0, " "0, " "0, " "0, " "0, " "0, " "0, " "0, " "0, " "0, " "0, " "0, " "0, " "0, " "0, " "0, " "0, " "0, " "0, " "0, " "0, " "0, " "0, " "0, " "0, " "0, " "0, " "0, " "0, " "0, " "0, " "0, " "0, " "0, " "0, " "0, " "0, " "0, " "0, " "0, " "0, " "0, " "0, " "0, " "0, " "0, " "0, " "0, " "0, " "0, " "0, " "0, " "0, " "0, " "0, " "0, " "0, " "0, " "0, " "0, " "0, " "0, " "0, " "0, " "0, " "0, " "0, " "0, " "0, " "0, " "0, " "0, " "0, " "0, " "0, " "0, " "0, " "0, " "0, " "0, " "0, " "0, " "0, " "0, " "0, " "0, " "0, " "0, " "0, " "0, " "0, " "0, " "0, " "0, " "0, " "0, " "0, " "0, " "0, " "0, " "0, " "0, " "0, " "0, " "0, " "0, " "0, " "0, " "0, " "0, " "0, " "0, " "0, " "0, " "0, " "0, " "0, " "0, " "0, " "0, " "0, " "0, " "0, " "0, " "0, " "0, " "0, " "0, " "0, " "0, " "1, " "1, " "1, " "1, " "1, " "1, " "1, " "1, " "1, " "1, " "1, " "0, " "1, " "1, " "1, " "1, " "0, " "1, " "1, " "1, " "1, " "1, " "1, " "1, " "1, " "1, " "1, " "1, " "1, " "1, " "1, " "1, " "1, " "0, " "0, " "0, " "0, " "0, " "0, " "0, " "0, " "0, " "0, " "0, " "0, " "0, "5000
 "Nei228, 0.127, " "-0.562, " "0.671, " "0, " "0, " "0, " "0, " "0, " "0, " "0, " "0, " "0, " "0, " "0, " "0, " "0, " "0, " "0, " "0, " "0, " "0, " "0, " "0, " "0, " "0, " "0, " "0, " "0, " "0, " "0, " "0, " "0, " "0, " "0, " "0, " "0, " "0, " "0, " "0, " "0, " "0, " "0, " "0, " "0, " "0, " "0, " "0, " "0, " "0, " "0, " "0, " "0, " "0, " "0, " "0, " "0, " "0, " "0, " "0, " "0, " "0, " "0, " "0, " "0, " "0, " "0, " "0, " "0, " "0, " "0, " "0, " "0, " "0, " "0, " "0, " "0, " "0, " "0, " "0, " "0, " "0, " "0, " "0, " "0, " "0, " "0, " "0, " "0, " "1, " "0, " "0, " "0, " "0, " "0, " "0, " "0, " "0, " "0, " "0, " "0, " "0, " "0, " "0, " "0, " "0, " "0, " "0, " "0, " "0, " "0, " "0, " "0, " "0, " "0, " "0, " "0, " "0, " "0, " "0, " "0, " "0, " "0, " "0, " "0, " "0, " "0, " "0, " "0, " "0, " "0, " "0, " "0, " "0, " "0, " "0, " "1, " "0, " "0, " "0, " "0, " "0, " "0, " "0, " "0, " "0, " "0, " "0, " "0, " "0, " "0, " "0, " "0, " "0, " "0, " "0, " "0, " "0, " "0, " "0, " "0, " "0, " "0, " "0, " "0, " "0, " "0, " "0, " "0, " "0, " "0, " "0, " "0, " "0, " "0, " "0, " "0, " "0, " "0, " "0, " "0, " "0, " "0, " "0, " "0, " "0, " "0, " "0, " "0, " "0, " "0, " "0, " "0, " "0, " "0, " "0, " "0, " "0, " "0, " "0, " "0, " "0, " "0, " "0, " "0, " "0, " "0, " "0, " "0, " "0, " "0, " "0, " "0, " "0, " "0, " "0, " "1, " "1, " "1, " "1, " "0, " "1, " "1, " "1, " "1, " "1, " "1, " "1, " "1, " "1, " "1, " "1, " "0, " "1, " "1, " "1, " "1, " "1, " "1, " "1, " "1, " "1, " "1, " "1, " "1, " "1, " "1, " "1, " "1, " "0, " "0, " "0, " "0, " "0, " "0, " "0, " "0, " "0, " "0, " "0, " "0, "5000
 "Nei229, 0.035, " "-0.562, " "0.671, " "0, " "0, " "0, " "0, " "0, " "0, " "0, " "0, " "0, " "0, " "0, " "0, " "0, " "0, " "0, " "0, " "0, " "0, " "0, " "0, " "0, " "0, " "0, " "0, " "0, " "0, " "0, " "0, " "0, " "0, " "0, " "0, " "0, " "0, " "0, " "0, " "0, " "0, " "0, " "0, " "0, " "0, " "0, " "0, " "0, " "0, " "0, " "0, " "0, " "0, " "0, " "0, " "0, " "0, " "0, " "0, " "0, " "0, " "0, " "0, " "0, " "0, " "0, " "0, " "0, " "0, " "0, " "0, " "0, " "0, " "0, " "0, " "0, " "0, " "0, " "0, " "0, " "0, " "0, " "0, " "0, " "0, " "0, " "0, " "0, " "0, " "0, " "0, " "0, " "0, " "0, " "0, " "0, " "0, " "0, " "0, " "0, " "0, " "0, " "1, " "0, " "0, " "0, " "0, " "0, " "0, " "0, " "0, " "0, " "0, " "0, " "0, " "0, " "0, " "0, " "0, " "0, " "0, " "0, " "0, " "0, " "0, " "0, " "0, " "0, " "0, " "0, " "0, " "0, " "0, " "0, " "0, " "0, " "0, " "0, " "0, " "0, " "0, " "0, " "0, " "0, " "0, " "0, " "0, " "0, " "0, " "0, " "0, " "0, " "0, " "0, " "0, " "0, " "0, " "0, " "0, " "0, " "0, " "0, " "0, " "0, " "0, " "0, " "0, " "0, " "0, " "0, " "0, " "0, " "0, " "0, " "0, " "0, " "0, " "0, " "0, " "0, " "0, " "0, " "0, " "0, " "0, " "0, " "0, " "0, " "0, " "0, " "0, " "0, " "0, " "0, " "0, " "0, " "0, " "0, " "0, " "0, " "0, " "0, " "0, " "0, " "0, " "0, " "0, " "0, " "0, " "0, " "0, " "0, " "0, " "0, " "0, " "0, " "1, " "1, " "1, " "0, " "1, " "1, " "1, " "1, " "1, " "1, " "1, " "1, " "1, " "1, " "1, " "1, " "0, " "1, " "1, " "1, " "1, " "1, " "1, " "1, " "1, " "1, " "1, " "1, " "1, " "1, " "1, " "0, " "1, " "0, " "0, " "0, " "0, " "0, " "0, " "0, " "0, " "0, " "0, " "0, "5000
 "Nei230, 0.111, " "0.485, " "0.399, " "0, " "0, " "0, " "0, " "0, " "0, " "0, " "0, " "0, " "0, " "0, " "0, " "0, " "0, " "0, " "0, " "0, " "0, " "0, " "0, " "0, " "0, " "0, " "0, " "0, " "0, " "0, " "0, " "0, " "0, " "0, " "0, " "0, " "0, " "0, " "0, " "0, " "0, " "0, " "0, " "0, " "0, " "0, " "0, " "0, " "0, " "0, " "0, " "0, " "0, " "0, " "0, " "0, " "0, " "0, " "0, " "0, " "0, " "0, " "0, " "0, " "0, " "0, " "0, " "0, " "0, " "0, " "0, " "0, " "0, " "0, " "0, " "0, " "0, " "0, " "0, " "0, " "0, " "0, " "0, " "0, " "0, " "0, " "0, " "0, " "0, " "0, " "0, " "0, " "0, " "0, " "0, " "0, " "0, " "0, " "0, " "0, " "0, " "0, " "0, " "0, " "0, " "0, " "0, " "0, " "0, " "0, " "0, " "0, " "0, " "0, " "0, " "0, " "0, " "0, " "0, " "0, " "0, " "0, " "0, " "0, " "0, " "0, " "0, " "0, " "0, " "0, " "0, " "0, " "0, " "0, " "0, " "0, " "0, " "0, " "0, " "0, " "0, " "0, " "0, " "0, " "0, " "0, " "0, " "0, " "0, " "0, " "0, " "0, " "0, " "0, " "0, " "0, " "0, " "0, " "0, " "0, " "0, " "0, " "0, " "0, " "0, " "0, " "0, " "0, " "0, " "0, " "0, " "0, " "0, " "0, " "0, " "0, " "0, " "0, " "0, " "0, " "0, " "0, " "0, " "0, " "0, " "0, " "0, " "0, " "0, " "0, " "0, " "0, " "0, " "0, " "0, " "0, " "0, " "0, " "0, " "0, " "0, " "0, " "0, " "0, " "0, " "0, " "0, " "0, " "0, " "0, " "0, " "0, " "0, " "0, " "0, " "0, " "0, " "1, " "1, " "1, " "1, " "0, " "1, " "1, " "0, " "1, " "1, " "1, " "1, " "1, " "1, " "1, " "1, " "0, " "1, " "1, " "1, " "1, " "1, " "1, " "1, " "1, " "1, " "1, " "1, " "1, " "1, " "1, " "1, " "1, " "0, " "0, " "0, " "0, " "0, " "0, " "0, " "0, " "0, " "0, "5000
 "Nei231, 0.161, " "-0.562, " "0.671, " "0, " "0, " "0, " "0, " "0, " "0, " "0, " "0, " "0, " "0, " "0, " "0, " "0, " "0, " "0, " "0, " "0, " "0, " "0, " "0, " "0, " "0, " "0, " "0, " "0, " "0, " "0, " "0, " "0, " "0, " "0, " "0, " "0, " "0, " "0, " "0, " "0, " "0, " "0, " "0, " "0, " "0, " "0, " "0, " "0, " "0, " "0, " "0, " "0, " "0, " "0, " "0, " "0, " "0, " "0, " "0, " "1, " "0, " "0, " "0, " "0, " "0, " "0, " "0, " "0, " "0, " "0, " "0, " "0, " "0, " "0, " "0, " "0, " "0, " "0, " "0, " "0, " "0, " "0, " "0, " "0, " "0, " "0, " "0, " "0, " "0, " "0, " "0, " "0, " "0, " "0, " "0, " "0, " "0, " "0, " "0, " "0, " "0, " "0, " "0, " "0, " "0, " "0, " "0, " "0, " "0, " "0, " "0, " "0, " "0, " "0, " "0, " "0, " "0, " "0, " "0, " "0, " "0, " "0, " "0, " "0, " "0, " "0, " "0, " "0, " "0, " "0, " "0, " "0, " "0, " "0, " "0, " "0, " "0, " "0, " "0, " "0, " "0, " "0, " "0, " "0, " "0, " "0, " "0, " "0, " "0, " "0, " "0, " "0, " "0, " "0, " "0, " "0, " "0, " "0, " "0, " "0, " "0, " "0, " "0, " "0, " "0, " "0, " "0, " "0, " "0, " "0, " "0, " "0, " "0, " "0, " "0, " "0, " "0, " "0, " "0, " "0, " "0, " "0, " "0, " "0, " "0, " "0, " "0, " "0, " "0, " "0, " "0, " "0, " "0, " "0, " "0, " "0, " "0, " "0, " "0, " "0, " "0, " "0, " "0, " "0, " "0, " "0, " "0, " "0, " "0, " "0, " "0, " "0, " "0, " "0, " "0, " "0, " "0, " "0, " "1, " "1, " "1, " "1, " "1, " "1, " "1, " "1, " "1, " "1, " "1, " "1, " "1, " "1, " "1, " "1, " "0, " "1, " "1, " "1, " "1, " "1, " "1, " "1, " "1, " "1, " "1, " "1, " "1, " "1, " "1, " "1, " "1, " "0, " "0, " "0, " "0, " "0, " "0, " "0, " "0, " "0, "5000
 "Nei232, 0.106, " "0.485, " "0.399, " "0, " "0, " "0, " "0, " "0, " "0, " "0, " "0, " "0, " "0, " "0, " "0, " "0, " "0, " "0, " "0, " "0, " "0, " "0, " "0, " "0, " "0, " "0, " "0, " "0, " "0, " "0, " "0, " "0, " "0, " "0, " "0, " "0, " "0, " "0, " "0, " "0, " "0, " "0, " "0, " "0, " "0, " "0, " "0, " "0, " "0, " "0, " "0, " "0, " "0, " "0, " "0, " "0, " "0, " "0, " "0, " "0, " "0, " "0, " "0, " "0, " "0, " "0, " "0, " "0, " "0, " "0, " "0, " "0, " "0, " "0, " "0, " "0, " "0, " "0, " "0, " "0, " "0, " "0, " "0, " "0, " "0, " "0, " "0, " "0, " "0, " "0, " "0, " "0, " "0, " "0, " "0, " "0, " "0, " "0, " "0, " "0, " "0, " "0, " "0, " "0, " "0, " "0, " "0, " "0, " "0, " "0, " "0, " "0, " "0, " "0, " "0, " "0, " "0, " "0, " "0, " "0, " "0, " "0, " "0, " "0, " "0, " "0, " "0, " "0, " "0, " "0, " "0, " "0, " "0, " "1, " "1, " "0, " "0, " "0, " "0, " "0, " "0, " "0, " "0, " "0, " "0, " "0, " "0, " "0, " "0, " "0, " "0, " "0, " "0, " "0, " "0, " "0, " "0, " "0, " "0, " "0, " "0, " "0, " "0, " "0, " "0, " "0, " "0, " "0, " "0, " "0, " "0, " "0, " "0, " "0, " "0, " "0, " "0, " "0, " "0, " "0, " "0, " "0, " "0, " "0, " "0, " "0, " "0, " "0, " "0, " "0, " "0, " "0, " "0, " "0, " "0, " "0, " "0, " "0, " "0, " "0, " "0, " "0, " "0, " "0, " "0, " "0, " "0, " "0, " "0, " "0, " "0, " "0, " "0, " "0, " "0, " "0, " "0, " "0, " "0, " "1, " "1, " "1, " "1, " "1, " "1, " "1, " "1, " "1, " "1, " "1, " "1, " "1, " "1, " "1, " "1, " "0, " "1, " "1, " "1, " "1, " "1, " "1, " "1, " "1, " "1, " "1, " "1, " "1, " "1, " "1, " "1, " "1, " "0, " "0, " "0, " "0, " "0, " "0, " "0, " "0, "5000
 "Nei233, 0.038, " "0.263, " "-0.251, " "0, " "0, " "0, " "0, " "0, " "0, " "0, " "0, " "0, " "0, " "0, " "0, " "0, " "0, " "0, " "0, " "0, " "0, " "0, " "0, " "0, " "0, " "0, " "0, " "0, " "0, " "0, " "0, " "0, " "0, " "0, " "0, " "0, " "0, " "0, " "0, " "0, " "0, " "0, " "0, " "0, " "0, " "0, " "0, " "0, " "0, " "0, " "0, " "0, " "0, " "0, " "0, " "0, " "0, " "0, " "0, " "0, " "0, " "0, " "0, " "0, " "0, " "0, " "0, " "0, " "0, " "0, " "0, " "0, " "0, " "0, " "0, " "0, " "0, " "0, " "0, " "0, " "0, " "0, " "0, " "0, " "0, " "0, " "0, " "0, " "0, " "0, " "0, " "0, " "0, " "0, " "0, " "0, " "0, " "0, " "0, " "0, " "0, " "0, " "0, " "0, " "0, " "0, " "0, " "0, " "0, " "0, " "0, " "0, " "0, " "0, " "0, " "0, " "0, " "0, " "0, " "0, " "0, " "0, " "0, " "0, " "0, " "0, " "0, " "0, " "0, " "0, " "0, " "0, " "0, " "0, " "0, " "0, " "0, " "0, " "0, " "0, " "0, " "0, " "0, " "0, " "0, " "0, " "0, " "0, " "0, " "0, " "0, " "0, " "0, " "0, " "0, " "0, " "0, " "0, " "0, " "0, " "0, " "0, " "0, " "0, " "0, " "0, " "0, " "0, " "0, " "0, " "0, " "0, " "0, " "0, " "0, " "0, " "0, " "0, " "0, " "0, " "0, " "0, " "0, " "0, " "0, " "0, " "0, " "0, " "0, " "0, " "0, " "0, " "0, " "0, " "0, " "0, " "0, " "0, " "0, " "0, " "0, " "0, " "0, " "0, " "0, " "0, " "0, " "0, " "0, " "0, " "0, " "0, " "0, " "0, " "0, " "0, " "0, " "0, " "0, " "0, " "1, " "0, " "1, " "1, " "1, " "1, " "1, " "1, " "1, " "1, " "1, " "1, " "1, " "1, " "1, " "1, " "0, " "1, " "1, " "1, " "1, " "1, " "1, " "1, " "1, " "1, " "1, " "1, " "1, " "1, " "1, " "1, " "1, " "0, " "0, " "0, " "0, " "0, " "0, " "0, "5000
 "Nei234, 0.175, " "0.263, " "-0.251, " "0, " "0, " "0, " "0, " "0, " "0, " "0, " "0, " "0, " "0, " "0, " "0, " "0, " "0, " "0, " "0, " "0, " "0, " "0, " "0, " "0, " "0, " "0, " "0, " "0, " "0, " "0, " "0, " "0, " "0, " "0, " "0, " "0, " "0, " "0, " "0, " "0, " "0, " "0, " "0, " "0, " "0, " "0, " "0, " "0, " "0, " "0, " "0, " "0, " "0, " "0, " "0, " "0, " "0, " "0, " "0, " "0, " "0, " "0, " "0, " "0, " "0, " "0, " "0, " "0, " "0, " "0, " "0, " "0, " "0, " "0, " "0, " "0, " "0, " "0, " "0, " "0, " "0, " "0, " "0, " "0, " "0, " "0, " "0, " "0, " "0, " "0, " "0, " "0, " "0, " "0, " "0, " "0, " "0, " "0, " "0, " "0, " "0, " "0, " "0, " "0, " "0, " "0, " "0, " "0, " "0, " "0, " "0, " "0, " "0, " "0, " "0, " "0, " "0, " "0, " "0, " "0, " "0, " "0, " "0, " "0, " "0, " "0, " "0, " "0, " "0, " "0, " "0, " "0, " "0, " "0, " "0, " "0, " "0, " "0, " "0, " "0, " "0, " "0, " "0, " "0, " "0, " "0, " "0, " "0, " "0, " "0, " "0, " "0, " "0, " "0, " "0, " "0, " "0, " "0, " "0, " "0, " "0, " "0, " "0, " "0, " "0, " "0, " "0, " "0, " "0, " "0, " "0, " "0, " "0, " "0, " "0, " "0, " "0, " "0, " "0, " "1, " "0, " "0, " "0, " "0, " "0, " "0, " "0, " "0, " "0, " "0, " "0, " "0, " "0, " "0, " "0, " "0, " "0, " "0, " "0, " "0, " "0, " "0, " "0, " "0, " "0, " "0, " "0, " "0, " "0, " "0, " "0, " "0, " "0, " "0, " "0, " "0, " "0, " "0, " "0, " "0, " "0, " "1, " "1, " "1, " "1, " "1, " "1, " "1, " "1, " "1, " "1, " "1, " "1, " "1, " "1, " "1, " "1, " "0, " "1, " "1, " "1, " "1, " "1, " "1, " "1, " "1, " "1, " "1, " "1, " "1, " "1, " "1, " "1, " "1, " "0, " "0, " "0, " "0, " "0, " "0, "5000
 "Nei235, 0.12, " "-0.962, " "-0.775, " "0, " "0, " "0, " "0, " "0, " "0, " "0, " "0, " "0, " "0, " "0, " "0, " "0, " "0, " "0, " "0, " "0, " "0, " "0, " "0, " "0, " "1, " "0, " "0, " "0, " "0, " "0, " "0, " "0, " "0, " "0, " "0, " "0, " "0, " "0, " "0, " "0, " "0, " "0, " "0, " "0, " "0, " "0, " "0, " "0, " "0, " "0, " "0, " "0, " "0, " "0, " "0, " "0, " "0, " "0, " "0, " "0, " "0, " "0, " "0, " "0, " "0, " "0, " "0, " "0, " "0, " "0, " "0, " "0, " "0, " "0, " "0, " "0, " "0, " "0, " "0, " "0, " "0, " "0, " "0, " "0, " "0, " "0, " "0, " "0, " "0, " "0, " "0, " "0, " "0, " "0, " "0, " "0, " "0, " "0, " "0, " "0, " "0, " "0, " "0, " "0, " "0, " "0, " "0, " "0, " "0, " "0, " "0, " "0, " "0, " "0, " "0, " "0, " "0, " "0, " "0, " "0, " "0, " "0, " "0, " "0, " "0, " "0, " "0, " "0, " "0, " "0, " "0, " "0, " "0, " "0, " "0, " "0, " "0, " "0, " "0, " "0, " "0, " "0, " "0, " "0, " "0, " "0, " "0, " "0, " "0, " "0, " "0, " "0, " "0, " "0, " "0, " "0, " "0, " "0, " "0, " "0, " "0, " "0, " "0, " "0, " "0, " "0, " "0, " "0, " "0, " "0, " "0, " "0, " "0, " "0, " "0, " "0, " "0, " "0, " "0, " "0, " "0, " "0, " "0, " "0, " "0, " "0, " "0, " "0, " "0, " "0, " "0, " "0, " "0, " "0, " "0, " "0, " "0, " "0, " "0, " "0, " "0, " "0, " "0, " "0, " "0, " "0, " "0, " "0, " "0, " "0, " "0, " "0, " "0, " "0, " "0, " "0, " "0, " "0, " "0, " "1, " "0, " "0, " "1, " "1, " "1, " "1, " "0, " "1, " "1, " "1, " "1, " "1, " "1, " "1, " "1, " "1, " "1, " "1, " "0, " "1, " "1, " "1, " "1, " "0, " "1, " "1, " "1, " "1, " "1, " "1, " "1, " "1, " "1, " "0, " "1, " "0, " "0, " "0, " "0, " "0, "5000
 "Nei236, 0.186, " "0.263, " "-0.251, " "0, " "0, " "0, " "0, " "0, " "0, " "0, " "0, " "0, " "0, " "0, " "0, " "0, " "0, " "0, " "0, " "0, " "0, " "0, " "0, " "0, " "0, " "0, " "0, " "0, " "0, " "0, " "0, " "0, " "0, " "0, " "0, " "0, " "0, " "0, " "0, " "0, " "0, " "0, " "0, " "0, " "0, " "0, " "0, " "0, " "0, " "0, " "0, " "0, " "0, " "0, " "0, " "0, " "0, " "0, " "0, " "0, " "0, " "0, " "0, " "0, " "0, " "0, " "0, " "0, " "0, " "0, " "0, " "0, " "0, " "0, " "0, " "0, " "0, " "0, " "0, " "0, " "0, " "0, " "0, " "0, " "0, " "0, " "0, " "0, " "0, " "0, " "0, " "0, " "0, " "0, " "0, " "0, " "0, " "0, " "0, " "0, " "0, " "0, " "0, " "0, " "0, " "0, " "0, " "0, " "0, " "0, " "0, " "0, " "0, " "0, " "0, " "0, " "0, " "0, " "0, " "0, " "0, " "0, " "0, " "0, " "0, " "0, " "0, " "0, " "0, " "0, " "0, " "0, " "0, " "0, " "0, " "0, " "0, " "0, " "0, " "0, " "0, " "0, " "0, " "0, " "0, " "0, " "0, " "0, " "0, " "0, " "0, " "0, " "0, " "0, " "0, " "0, " "0, " "0, " "0, " "0, " "0, " "0, " "0, " "0, " "0, " "0, " "0, " "0, " "0, " "0, " "0, " "0, " "0, " "0, " "0, " "0, " "0, " "0, " "0, " "0, " "0, " "0, " "0, " "0, " "0, " "0, " "0, " "0, " "0, " "0, " "0, " "0, " "0, " "0, " "0, " "0, " "0, " "0, " "0, " "0, " "0, " "0, " "0, " "0, " "0, " "0, " "0, " "0, " "0, " "0, " "0, " "0, " "0, " "0, " "0, " "0, " "0, " "0, " "0, " "0, " "0, " "0, " "0, " "1, " "1, " "1, " "1, " "1, " "1, " "1, " "1, " "1, " "1, " "1, " "1, " "1, " "1, " "1, " "1, " "0, " "1, " "1, " "1, " "1, " "1, " "1, " "1, " "1, " "1, " "1, " "1, " "1, " "1, " "1, " "1, " "1, " "0, " "0, " "0, " "0, "5000
 "Nei237, 0.108, " "0.263, " "-0.251, " "0, " "0, " "0, " "0, " "0, " "0, " "0, " "0, " "0, " "0, " "0, " "0, " "0, " "0, " "0, " "0, " "0, " "0, " "0, " "0, " "0, " "0, " "0, " "0, " "0, " "0, " "0, " "0, " "0, " "0, " "0, " "0, " "0, " "0, " "0, " "0, " "0, " "0, " "0, " "0, " "0, " "0, " "0, " "0, " "0, " "0, " "0, " "0, " "0, " "0, " "0, " "0, " "0, " "0, " "0, " "0, " "0, " "0, " "0, " "0, " "0, " "0, " "0, " "0, " "0, " "0, " "0, " "0, " "0, " "0, " "0, " "0, " "0, " "0, " "0, " "0, " "0, " "0, " "0, " "0, " "0, " "0, " "0, " "0, " "0, " "0, " "0, " "0, " "0, " "0, " "0, " "0, " "0, " "0, " "0, " "0, " "0, " "0, " "0, " "0, " "0, " "0, " "0, " "0, " "0, " "0, " "0, " "0, " "0, " "0, " "0, " "0, " "0, " "0, " "0, " "0, " "0, " "0, " "0, " "0, " "0, " "0, " "0, " "0, " "0, " "0, " "0, " "0, " "0, " "0, " "0, " "0, " "0, " "0, " "0, " "0, " "0, " "0, " "0, " "0, " "0, " "0, " "0, " "0, " "0, " "0, " "0, " "0, " "0, " "0, " "0, " "0, " "0, " "0, " "0, " "0, " "0, " "0, " "0, " "0, " "0, " "0, " "0, " "0, " "0, " "0, " "0, " "0, " "0, " "0, " "0, " "0, " "0, " "0, " "0, " "1, " "0, " "0, " "0, " "0, " "0, " "0, " "0, " "0, " "0, " "0, " "0, " "0, " "0, " "0, " "0, " "0, " "0, " "0, " "0, " "0, " "0, " "0, " "0, " "0, " "0, " "0, " "0, " "0, " "0, " "0, " "0, " "0, " "0, " "0, " "0, " "0, " "0, " "0, " "0, " "0, " "0, " "0, " "0, " "0, " "0, " "1, " "1, " "1, " "0, " "1, " "0, " "1, " "1, " "1, " "1, " "1, " "1, " "1, " "1, " "1, " "1, " "0, " "1, " "1, " "1, " "1, " "1, " "1, " "1, " "1, " "1, " "1, " "1, " "1, " "1, " "1, " "1, " "1, " "0, " "0, " "0, "5000
 "Nei238, 0.053, " "0.263, " "-0.251, " "0, " "0, " "0, " "0, " "0, " "0, " "0, " "0, " "0, " "0, " "0, " "0, " "0, " "0, " "0, " "0, " "0, " "0, " "0, " "0, " "0, " "0, " "1, " "0, " "0, " "0, " "0, " "0, " "0, " "0, " "0, " "0, " "0, " "0, " "0, " "0, " "0, " "0, " "0, " "0, " "0, " "0, " "0, " "0, " "0, " "0, " "0, " "0, " "0, " "0, " "0, " "0, " "0, " "0, " "0, " "0, " "0, " "0, " "0, " "0, " "0, " "0, " "0, " "0, " "0, " "0, " "0, " "0, " "0, " "0, " "0, " "0, " "0, " "0, " "0, " "0, " "0, " "0, " "0, " "0, " "0, " "0, " "0, " "0, " "0, " "0, " "0, " "0, " "0, " "0, " "0, " "0, " "0, " "0, " "0, " "0, " "0, " "0, " "0, " "0, " "0, " "0, " "0, " "0, " "0, " "0, " "0, " "0, " "0, " "0, " "0, " "0, " "0, " "0, " "0, " "0, " "0, " "0, " "0, " "0, " "0, " "0, " "0, " "0, " "0, " "0, " "1, " "0, " "0, " "0, " "0, " "0, " "0, " "0, " "0, " "0, " "0, " "0, " "0, " "0, " "0, " "0, " "0, " "0, " "0, " "0, " "0, " "0, " "0, " "0, " "0, " "0, " "0, " "0, " "0, " "0, " "0, " "0, " "0, " "0, " "0, " "0, " "0, " "0, " "0, " "0, " "0, " "0, " "0, " "0, " "0, " "0, " "0, " "0, " "0, " "0, " "0, " "0, " "0, " "0, " "0, " "0, " "0, " "0, " "0, " "0, " "0, " "0, " "0, " "0, " "0, " "0, " "0, " "0, " "0, " "0, " "0, " "0, " "0, " "0, " "0, " "0, " "0, " "0, " "0, " "0, " "0, " "0, " "0, " "0, " "0, " "0, " "0, " "0, " "0, " "0, " "0, " "0, " "0, " "0, " "0, " "0, " "0, " "1, " "1, " "0, " "0, " "1, " "1, " "1, " "1, " "1, " "1, " "1, " "1, " "1, " "1, " "1, " "0, " "1, " "1, " "1, " "1, " "1, " "1, " "1, " "1, " "0, " "1, " "1, " "1, " "1, " "1, " "1, " "1, " "0, " "0, "5000
 "Nei239, 0.036, " "0.263, " "-0.251, " "0, " "0, " "0, " "0, " "0, " "0, " "0, " "0, " "0, " "0, " "0, " "0, " "0, " "0, " "0, " "0, " "0, " "0, " "0, " "0, " "0, " "0, " "0, " "0, " "0, " "0, " "0, " "0, " "0, " "0, " "0, " "0, " "0, " "0, " "0, " "0, " "0, " "0, " "0, " "0, " "0, " "0, " "0, " "0, " "0, " "0, " "0, " "0, " "0, " "0, " "0, " "0, " "0, " "0, " "0, " "0, " "0, " "0, " "0, " "0, " "0, " "0, " "0, " "0, " "0, " "0, " "0, " "0, " "0, " "0, " "0, " "0, " "0, " "0, " "0, " "0, " "0, " "0, " "0, " "0, " "0, " "0, " "0, " "0, " "0, " "0, " "0, " "0, " "0, " "0, " "0, " "0, " "0, " "1, " "0, " "0, " "0, " "0, " "0, " "0, " "0, " "0, " "0, " "0, " "0, " "0, " "0, " "0, " "0, " "0, " "0, " "0, " "0, " "0, " "0, " "0, " "0, " "0, " "0, " "0, " "0, " "0, " "0, " "0, " "0, " "0, " "0, " "0, " "0, " "0, " "0, " "0, " "0, " "0, " "0, " "0, " "0, " "0, " "0, " "0, " "0, " "0, " "0, " "0, " "0, " "0, " "0, " "0, " "0, " "0, " "0, " "0, " "0, " "0, " "0, " "0, " "0, " "0, " "0, " "0, " "0, " "0, " "0, " "0, " "0, " "0, " "0, " "0, " "0, " "0, " "0, " "0, " "0, " "0, " "0, " "0, " "0, " "0, " "0, " "0, " "0, " "0, " "0, " "0, " "0, " "0, " "0, " "0, " "0, " "0, " "0, " "0, " "0, " "0, " "0, " "0, " "0, " "0, " "0, " "0, " "0, " "0, " "0, " "0, " "0, " "0, " "0, " "0, " "0, " "0, " "0, " "0, " "0, " "0, " "0, " "0, " "0, " "0, " "0, " "0, " "0, " "1, " "0, " "1, " "1, " "1, " "1, " "1, " "1, " "1, " "1, " "1, " "1, " "1, " "1, " "1, " "1, " "1, " "1, " "0, " "1, " "1, " "1, " "1, " "0, " "1, " "1, " "1, " "1, " "0, " "1, " "1, " "1, " "1, " "1, " "1, " "0, "5000
 "Nei240, 0.003, " "-0.562, " "0.671, " "0, " "0, " "0, " "0, " "0, " "0, " "0, " "0, " "0, " "0, " "0, " "0, " "0, " "0, " "0, " "0, " "0, " "0, " "0, " "0, " "0, " "0, " "0, " "0, " "0, " "0, " "0, " "0, " "0, " "0, " "0, " "0, " "0, " "0, " "0, " "0, " "0, " "0, " "0, " "0, " "0, " "0, " "0, " "0, " "0, " "0, " "0, " "0, " "0, " "0, " "0, " "0, " "0, " "0, " "0, " "0, " "0, " "0, " "0, " "0, " "0, " "0, " "0, " "0, " "0, " "0, " "0, " "0, " "0, " "0, " "0, " "0, " "0, " "0, " "0, " "0, " "0, " "0, " "0, " "0, " "0, " "0, " "0, " "0, " "0, " "0, " "0, " "0, " "0, " "0, " "0, " "0, " "0, " "0, " "0, " "0, " "0, " "0, " "0, " "0, " "0, " "0, " "0, " "0, " "0, " "0, " "0, " "0, " "0, " "0, " "0, " "0, " "0, " "0, " "0, " "0, " "0, " "0, " "0, " "0, " "0, " "0, " "0, " "0, " "0, " "0, " "0, " "0, " "0, " "0, " "0, " "0, " "0, " "0, " "0, " "0, " "0, " "0, " "0, " "0, " "0, " "0, " "0, " "0, " "0, " "0, " "0, " "0, " "0, " "0, " "0, " "0, " "0, " "0, " "0, " "0, " "0, " "0, " "0, " "0, " "0, " "0, " "0, " "0, " "0, " "0, " "0, " "0, " "0, " "0, " "0, " "0, " "0, " "0, " "0, " "0, " "0, " "0, " "0, " "0, " "0, " "0, " "0, " "0, " "0, " "0, " "0, " "0, " "0, " "0, " "1, " "0, " "0, " "0, " "0, " "0, " "0, " "0, " "0, " "0, " "0, " "0, " "0, " "0, " "0, " "0, " "0, " "0, " "0, " "0, " "0, " "0, " "0, " "0, " "0, " "0, " "0, " "0, " "0, " "0, " "0, " "0, " "0, " "0, " "1, " "1, " "1, " "1, " "1, " "1, " "1, " "1, " "1, " "1, " "1, " "0, " "1, " "1, " "1, " "1, " "0, " "1, " "1, " "1, " "1, " "1, " "1, " "1, " "1, " "1, " "1, " "1, " "1, " "1, " "1, " "1, " "1, "5000
 "Nei241, 0.183, " "0.263, " "-0.251, " "1, " "0, " "0, " "0, " "0, " "0, " "0, " "0, " "0, " "0, " "0, " "0, " "0, " "0, " "0, " "0, " "1, " "0, " "0, " "0, " "0, " "0, " "0, " "0, " "0, " "0, " "0, " "0, " "0, " "0, " "0, " "0, " "0, " "0, " "0, " "0, " "0, " "0, " "0, " "0, " "0, " "0, " "0, " "0, " "0, " "0, " "0, " "0, " "0, " "0, " "0, " "0, " "0, " "0, " "0, " "0, " "0, " "0, " "0, " "0, " "0, " "0, " "0, " "0, " "0, " "0, " "0, " "0, " "0, " "0, " "0, " "0, " "0, " "0, " "0, " "0, " "0, " "0, " "0, " "0, " "0, " "0, " "0, " "0, " "0, " "0, " "0, " "0, " "0, " "0, " "0, " "0, " "0, " "0, " "0, " "0, " "0, " "0, " "0, " "0, " "0, " "0, " "0, " "0, " "0, " "0, " "0, " "0, " "0, " "0, " "0, " "0, " "0, " "0, " "0, " "0, " "0, " "0, " "0, " "0, " "0, " "0, " "0, " "0, " "0, " "0, " "0, " "0, " "0, " "0, " "0, " "0, " "0, " "0, " "0, " "0, " "0, " "0, " "0, " "0, " "0, " "0, " "0, " "0, " "0, " "0, " "0, " "0, " "0, " "0, " "0, " "0, " "0, " "0, " "0, " "0, " "0, " "0, " "0, " "0, " "0, " "0, " "0, " "0, " "0, " "0, " "0, " "0, " "0, " "0, " "0, " "0, " "0, " "0, " "0, " "0, " "0, " "0, " "0, " "0, " "0, " "0, " "0, " "0, " "0, " "0, " "0, " "0, " "0, " "0, " "0, " "0, " "0, " "0, " "0, " "0, " "0, " "0, " "0, " "0, " "0, " "0, " "0, " "0, " "0, " "0, " "0, " "0, " "0, " "0, " "0, " "0, " "0, " "0, " "0, " "0, " "0, " "0, " "0, " "0, " "0, " "0, " "0, " "0, " "0, " "1, " "1, " "1, " "1, " "1, " "1, " "1, " "1, " "1, " "1, " "1, " "1, " "1, " "1, " "1, " "1, " "0, " "1, " "1, " "1, " "0, " "1, " "1, " "1, " "1, " "1, " "1, " "1, " "1, " "1, " "1, " "1, "5000
 "Nei242, 0.079, " "0.485, " "0.399, " "1, " "1, " "0, " "0, " "0, " "0, " "0, " "0, " "0, " "0, " "0, " "0, " "0, " "0, " "0, " "0, " "0, " "0, " "0, " "0, " "0, " "0, " "0, " "0, " "0, " "0, " "0, " "0, " "0, " "0, " "0, " "0, " "0, " "0, " "0, " "0, " "0, " "0, " "0, " "0, " "0, " "0, " "0, " "0, " "0, " "0, " "0, " "0, " "0, " "0, " "0, " "0, " "0, " "0, " "0, " "0, " "0, " "0, " "0, " "0, " "0, " "0, " "0, " "0, " "0, " "0, " "0, " "0, " "0, " "0, " "0, " "0, " "0, " "0, " "0, " "0, " "0, " "0, " "0, " "0, " "0, " "0, " "0, " "0, " "0, " "0, " "0, " "0, " "0, " "0, " "0, " "0, " "0, " "0, " "0, " "0, " "0, " "0, " "0, " "0, " "0, " "0, " "0, " "0, " "0, " "0, " "0, " "0, " "0, " "0, " "0, " "0, " "0, " "0, " "0, " "0, " "0, " "0, " "0, " "0, " "0, " "0, " "0, " "1, " "0, " "0, " "0, " "0, " "0, " "0, " "0, " "0, " "0, " "0, " "0, " "0, " "0, " "0, " "0, " "0, " "0, " "0, " "0, " "0, " "0, " "0, " "0, " "0, " "0, " "0, " "0, " "0, " "0, " "0, " "0, " "0, " "0, " "0, " "0, " "0, " "0, " "0, " "0, " "0, " "0, " "0, " "0, " "0, " "0, " "0, " "0, " "0, " "0, " "0, " "0, " "0, " "0, " "0, " "0, " "0, " "0, " "0, " "0, " "0, " "0, " "0, " "0, " "0, " "0, " "0, " "0, " "0, " "0, " "0, " "0, " "0, " "0, " "0, " "0, " "0, " "0, " "0, " "0, " "0, " "0, " "0, " "0, " "0, " "0, " "0, " "0, " "0, " "0, " "0, " "0, " "0, " "0, " "0, " "0, " "0, " "0, " "0, " "0, " "0, " "0, " "0, " "1, " "1, " "1, " "1, " "1, " "1, " "1, " "1, " "1, " "1, " "1, " "1, " "1, " "1, " "1, " "1, " "0, " "1, " "1, " "1, " "1, " "1, " "1, " "1, " "1, " "1, " "1, " "1, " "1, " "1, " "1, "5000
 "Nei243, 0.164, " "0.264, " "-0.251, " "1, " "1, " "1, " "0, " "0, " "0, " "0, " "0, " "0, " "0, " "0, " "0, " "0, " "0, " "0, " "0, " "0, " "0, " "0, " "0, " "0, " "0, " "0, " "0, " "0, " "0, " "0, " "0, " "0, " "0, " "0, " "0, " "0, " "0, " "0, " "0, " "0, " "0, " "0, " "0, " "0, " "0, " "0, " "0, " "0, " "0, " "0, " "0, " "0, " "0, " "0, " "0, " "0, " "0, " "0, " "0, " "0, " "0, " "0, " "0, " "0, " "0, " "0, " "0, " "0, " "0, " "0, " "0, " "0, " "0, " "0, " "0, " "0, " "0, " "0, " "0, " "0, " "0, " "0, " "0, " "0, " "0, " "0, " "0, " "0, " "0, " "0, " "0, " "0, " "0, " "0, " "0, " "0, " "0, " "0, " "0, " "0, " "0, " "0, " "0, " "0, " "0, " "0, " "0, " "0, " "0, " "0, " "0, " "0, " "0, " "0, " "0, " "0, " "0, " "0, " "0, " "0, " "0, " "0, " "0, " "0, " "0, " "0, " "1, " "0, " "0, " "0, " "0, " "0, " "0, " "0, " "0, " "0, " "0, " "0, " "0, " "0, " "0, " "0, " "0, " "0, " "0, " "0, " "0, " "0, " "0, " "0, " "0, " "0, " "0, " "0, " "0, " "0, " "0, " "0, " "0, " "0, " "0, " "0, " "0, " "0, " "0, " "0, " "0, " "0, " "0, " "0, " "0, " "0, " "0, " "0, " "0, " "0, " "0, " "0, " "0, " "0, " "0, " "0, " "0, " "0, " "0, " "0, " "0, " "0, " "0, " "0, " "0, " "0, " "0, " "0, " "0, " "0, " "0, " "0, " "0, " "0, " "0, " "0, " "0, " "0, " "0, " "0, " "0, " "0, " "0, " "0, " "0, " "0, " "0, " "0, " "0, " "0, " "0, " "0, " "0, " "0, " "0, " "0, " "0, " "0, " "1, " "0, " "0, " "0, " "0, " "0, " "1, " "1, " "1, " "1, " "1, " "1, " "1, " "1, " "1, " "1, " "1, " "1, " "1, " "1, " "1, " "1, " "0, " "1, " "1, " "1, " "1, " "0, " "1, " "1, " "1, " "1, " "1, " "1, " "1, " "1, "5000
 "Nei244, 0.114, " "-0.562, " "0.671, " "1, " "1, " "1, " "0, " "0, " "0, " "0, " "0, " "0, " "0, " "0, " "0, " "0, " "0, " "0, " "0, " "0, " "0, " "0, " "0, " "0, " "0, " "0, " "0, " "0, " "0, " "0, " "0, " "0, " "0, " "0, " "0, " "0, " "0, " "0, " "0, " "0, " "0, " "0, " "0, " "0, " "0, " "0, " "0, " "0, " "0, " "0, " "0, " "0, " "0, " "0, " "0, " "0, " "0, " "1, " "0, " "0, " "0, " "0, " "0, " "0, " "1, " "0, " "0, " "0, " "0, " "0, " "0, " "0, " "0, " "0, " "0, " "0, " "0, " "0, " "0, " "0, " "0, " "0, " "0, " "0, " "0, " "0, " "0, " "0, " "0, " "0, " "0, " "0, " "0, " "0, " "0, " "0, " "0, " "0, " "0, " "0, " "0, " "0, " "0, " "0, " "0, " "0, " "0, " "0, " "0, " "0, " "0, " "0, " "0, " "0, " "0, " "0, " "0, " "0, " "0, " "0, " "0, " "0, " "0, " "0, " "0, " "0, " "0, " "0, " "0, " "0, " "0, " "0, " "0, " "0, " "0, " "0, " "0, " "0, " "0, " "0, " "0, " "0, " "0, " "0, " "0, " "0, " "0, " "0, " "0, " "0, " "0, " "0, " "0, " "0, " "0, " "0, " "0, " "0, " "0, " "0, " "0, " "0, " "0, " "0, " "0, " "0, " "0, " "0, " "0, " "0, " "0, " "0, " "0, " "0, " "0, " "0, " "0, " "0, " "0, " "0, " "0, " "0, " "0, " "0, " "0, " "0, " "0, " "0, " "0, " "0, " "0, " "0, " "0, " "0, " "0, " "0, " "0, " "0, " "0, " "0, " "0, " "0, " "0, " "0, " "0, " "0, " "0, " "0, " "0, " "0, " "0, " "0, " "0, " "0, " "0, " "1, " "0, " "0, " "0, " "0, " "0, " "0, " "0, " "0, " "0, " "0, " "0, " "0, " "0, " "0, " "0, " "1, " "0, " "1, " "1, " "1, " "1, " "1, " "1, " "1, " "1, " "1, " "0, " "1, " "1, " "1, " "1, " "0, " "1, " "1, " "1, " "1, " "1, " "1, " "1, " "1, " "1, " "1, " "1, " "1, "5000
 "Nei245, 0.011, " "-0.562, " "0.671, " "1, " "1, " "1, " "1, " "1, " "0, " "0, " "0, " "0, " "0, " "0, " "0, " "0, " "0, " "0, " "0, " "0, " "0, " "0, " "0, " "0, " "0, " "0, " "0, " "0, " "0, " "0, " "0, " "0, " "0, " "0, " "0, " "0, " "0, " "0, " "0, " "0, " "0, " "0, " "0, " "0, " "0, " "0, " "0, " "0, " "0, " "0, " "0, " "0, " "0, " "0, " "0, " "0, " "0, " "0, " "0, " "0, " "0, " "0, " "0, " "0, " "0, " "0, " "0, " "0, " "0, " "0, " "0, " "0, " "0, " "0, " "0, " "0, " "0, " "0, " "0, " "0, " "0, " "0, " "0, " "0, " "0, " "0, " "0, " "0, " "0, " "0, " "0, " "0, " "0, " "0, " "0, " "0, " "0, " "0, " "0, " "0, " "0, " "0, " "0, " "0, " "0, " "0, " "0, " "0, " "0, " "0, " "0, " "0, " "0, " "0, " "0, " "0, " "0, " "0, " "0, " "0, " "0, " "0, " "0, " "0, " "0, " "0, " "0, " "0, " "0, " "0, " "0, " "0, " "0, " "0, " "0, " "0, " "0, " "0, " "0, " "0, " "0, " "0, " "0, " "0, " "0, " "0, " "0, " "0, " "0, " "1, " "0, " "0, " "0, " "0, " "0, " "0, " "0, " "0, " "0, " "0, " "0, " "0, " "0, " "0, " "0, " "0, " "0, " "0, " "0, " "0, " "0, " "0, " "0, " "0, " "0, " "0, " "0, " "0, " "0, " "0, " "0, " "0, " "0, " "0, " "0, " "0, " "0, " "0, " "0, " "0, " "0, " "0, " "0, " "0, " "0, " "0, " "0, " "0, " "0, " "0, " "0, " "0, " "0, " "0, " "0, " "0, " "0, " "0, " "0, " "0, " "0, " "0, " "0, " "0, " "0, " "0, " "0, " "0, " "0, " "0, " "0, " "0, " "0, " "0, " "0, " "0, " "0, " "0, " "0, " "0, " "0, " "0, " "1, " "1, " "1, " "1, " "1, " "1, " "1, " "1, " "1, " "1, " "1, " "1, " "0, " "1, " "1, " "1, " "0, " "1, " "1, " "1, " "1, " "1, " "1, " "1, " "1, " "1, " "1, " "1, "5000
 "Nei246, 0.173, " "0.264, " "-0.251, " "1, " "0, " "1, " "1, " "1, " "1, " "0, " "0, " "0, " "0, " "0, " "0, " "0, " "0, " "0, " "0, " "0, " "0, " "0, " "0, " "0, " "0, " "0, " "0, " "0, " "0, " "0, " "0, " "0, " "0, " "0, " "0, " "1, " "0, " "0, " "0, " "0, " "0, " "0, " "0, " "0, " "0, " "0, " "0, " "0, " "0, " "0, " "0, " "0, " "0, " "0, " "0, " "0, " "0, " "0, " "0, " "0, " "0, " "0, " "0, " "0, " "0, " "0, " "0, " "0, " "0, " "0, " "0, " "0, " "0, " "0, " "0, " "0, " "0, " "0, " "0, " "0, " "0, " "0, " "0, " "0, " "0, " "0, " "1, " "0, " "0, " "0, " "0, " "0, " "0, " "0, " "0, " "0, " "0, " "0, " "0, " "0, " "0, " "0, " "0, " "0, " "0, " "0, " "0, " "0, " "0, " "0, " "0, " "0, " "0, " "0, " "0, " "0, " "0, " "0, " "0, " "0, " "0, " "0, " "0, " "0, " "0, " "0, " "0, " "0, " "0, " "0, " "0, " "0, " "0, " "0, " "0, " "0, " "0, " "0, " "0, " "0, " "0, " "0, " "0, " "0, " "0, " "0, " "0, " "0, " "0, " "0, " "0, " "0, " "0, " "0, " "0, " "0, " "0, " "0, " "0, " "0, " "0, " "0, " "0, " "0, " "0, " "0, " "1, " "0, " "0, " "0, " "0, " "0, " "0, " "0, " "0, " "0, " "0, " "0, " "0, " "0, " "0, " "0, " "0, " "0, " "0, " "0, " "0, " "0, " "0, " "0, " "0, " "0, " "0, " "0, " "0, " "0, " "0, " "0, " "0, " "0, " "0, " "0, " "0, " "0, " "0, " "0, " "0, " "0, " "0, " "0, " "0, " "0, " "0, " "0, " "0, " "0, " "0, " "0, " "0, " "0, " "0, " "0, " "0, " "0, " "0, " "0, " "0, " "0, " "0, " "0, " "0, " "0, " "0, " "1, " "1, " "1, " "1, " "1, " "1, " "1, " "1, " "1, " "1, " "1, " "1, " "1, " "1, " "1, " "1, " "0, " "1, " "1, " "0, " "1, " "1, " "1, " "1, " "0, " "1, " "1, "5000
 "Nei247, 0.18, " "-0.562, " "0.671, " "1, " "1, " "1, " "1, " "1, " "1, " "1, " "0, " "0, " "0, " "0, " "0, " "0, " "0, " "0, " "0, " "0, " "0, " "0, " "0, " "0, " "0, " "0, " "0, " "0, " "0, " "0, " "0, " "0, " "0, " "0, " "0, " "0, " "0, " "0, " "0, " "0, " "0, " "0, " "0, " "0, " "0, " "0, " "0, " "0, " "0, " "0, " "0, " "0, " "0, " "0, " "0, " "0, " "0, " "0, " "0, " "0, " "0, " "0, " "0, " "0, " "0, " "0, " "0, " "0, " "0, " "0, " "0, " "0, " "0, " "0, " "0, " "0, " "0, " "0, " "0, " "0, " "0, " "0, " "0, " "0, " "0, " "0, " "0, " "0, " "0, " "0, " "0, " "0, " "0, " "0, " "0, " "0, " "0, " "0, " "0, " "0, " "0, " "0, " "0, " "0, " "0, " "0, " "0, " "0, " "0, " "0, " "0, " "0, " "0, " "0, " "0, " "0, " "0, " "0, " "0, " "0, " "0, " "0, " "0, " "0, " "0, " "0, " "0, " "0, " "0, " "0, " "0, " "0, " "0, " "0, " "0, " "0, " "0, " "0, " "0, " "0, " "0, " "0, " "0, " "0, " "0, " "0, " "0, " "0, " "0, " "0, " "0, " "0, " "0, " "0, " "0, " "0, " "0, " "0, " "0, " "0, " "0, " "0, " "0, " "0, " "0, " "0, " "0, " "0, " "0, " "0, " "0, " "0, " "0, " "0, " "0, " "0, " "0, " "0, " "0, " "0, " "0, " "0, " "0, " "0, " "0, " "0, " "0, " "0, " "0, " "0, " "0, " "0, " "0, " "0, " "0, " "0, " "0, " "0, " "0, " "0, " "0, " "0, " "0, " "0, " "0, " "0, " "0, " "0, " "0, " "0, " "0, " "0, " "0, " "0, " "0, " "0, " "0, " "0, " "0, " "0, " "0, " "0, " "0, " "0, " "0, " "0, " "0, " "0, " "0, " "0, " "0, " "0, " "0, " "0, " "1, " "1, " "1, " "1, " "1, " "1, " "1, " "0, " "1, " "1, " "1, " "1, " "1, " "1, " "1, " "1, " "0, " "1, " "1, " "1, " "1, " "1, " "1, " "1, " "1, " "1, "5000
 "Nei248, 0.036, " "0.485, " "0.399, " "1, " "1, " "1, " "1, " "1, " "1, " "1, " "1, " "0, " "0, " "0, " "0, " "0, " "0, " "0, " "0, " "0, " "0, " "0, " "0, " "0, " "0, " "0, " "0, " "0, " "0, " "0, " "0, " "0, " "0, " "0, " "0, " "0, " "0, " "0, " "0, " "0, " "0, " "0, " "0, " "0, " "0, " "0, " "0, " "0, " "0, " "0, " "0, " "0, " "0, " "0, " "0, " "0, " "0, " "0, " "0, " "0, " "0, " "0, " "0, " "0, " "0, " "0, " "0, " "0, " "0, " "0, " "0, " "0, " "0, " "0, " "0, " "0, " "0, " "0, " "0, " "0, " "0, " "0, " "0, " "0, " "0, " "0, " "0, " "0, " "0, " "0, " "0, " "0, " "0, " "0, " "0, " "0, " "0, " "0, " "0, " "0, " "0, " "0, " "0, " "0, " "0, " "0, " "0, " "0, " "0, " "0, " "0, " "0, " "0, " "0, " "0, " "0, " "0, " "0, " "0, " "0, " "0, " "0, " "0, " "0, " "0, " "0, " "0, " "0, " "0, " "0, " "0, " "0, " "0, " "0, " "0, " "0, " "0, " "0, " "0, " "0, " "0, " "0, " "0, " "0, " "0, " "0, " "0, " "0, " "0, " "0, " "0, " "0, " "0, " "0, " "0, " "0, " "0, " "0, " "0, " "0, " "0, " "0, " "0, " "0, " "0, " "0, " "0, " "0, " "0, " "0, " "0, " "0, " "0, " "0, " "0, " "0, " "0, " "0, " "0, " "0, " "0, " "0, " "0, " "0, " "0, " "0, " "0, " "0, " "0, " "0, " "0, " "0, " "0, " "0, " "0, " "0, " "0, " "0, " "0, " "0, " "0, " "0, " "0, " "0, " "0, " "0, " "0, " "0, " "0, " "0, " "0, " "0, " "0, " "0, " "0, " "0, " "0, " "0, " "0, " "0, " "0, " "0, " "0, " "0, " "0, " "0, " "1, " "0, " "0, " "0, " "0, " "0, " "0, " "0, " "0, " "1, " "1, " "1, " "1, " "1, " "1, " "1, " "1, " "1, " "1, " "1, " "0, " "1, " "1, " "1, " "1, " "0, " "1, " "1, " "1, " "1, " "1, " "1, " "1, " "1, "5000
 "Nei249, 0.087, " "0.264, " "-0.251, " "1, " "1, " "1, " "1, " "1, " "1, " "1, " "1, " "1, " "0, " "0, " "0, " "0, " "0, " "0, " "0, " "0, " "0, " "0, " "0, " "0, " "0, " "0, " "0, " "0, " "0, " "0, " "0, " "0, " "0, " "0, " "0, " "0, " "0, " "0, " "0, " "0, " "0, " "0, " "0, " "0, " "0, " "0, " "0, " "0, " "0, " "0, " "0, " "0, " "0, " "0, " "0, " "0, " "0, " "0, " "0, " "0, " "0, " "0, " "0, " "0, " "0, " "0, " "0, " "0, " "0, " "0, " "0, " "0, " "0, " "0, " "0, " "0, " "0, " "1, " "0, " "0, " "0, " "0, " "0, " "0, " "0, " "0, " "0, " "0, " "0, " "0, " "0, " "0, " "0, " "0, " "0, " "0, " "0, " "0, " "0, " "0, " "0, " "0, " "0, " "0, " "0, " "0, " "0, " "0, " "0, " "0, " "0, " "0, " "0, " "0, " "0, " "0, " "0, " "0, " "0, " "0, " "0, " "0, " "0, " "0, " "0, " "0, " "0, " "0, " "0, " "0, " "0, " "0, " "0, " "0, " "0, " "0, " "0, " "0, " "0, " "0, " "0, " "0, " "0, " "0, " "0, " "0, " "0, " "0, " "0, " "0, " "0, " "0, " "0, " "0, " "0, " "0, " "0, " "0, " "0, " "0, " "0, " "0, " "0, " "0, " "0, " "0, " "0, " "0, " "0, " "0, " "0, " "0, " "0, " "0, " "0, " "0, " "0, " "0, " "0, " "0, " "0, " "0, " "0, " "0, " "0, " "0, " "0, " "0, " "0, " "0, " "0, " "0, " "0, " "0, " "0, " "0, " "0, " "0, " "0, " "0, " "0, " "0, " "0, " "0, " "0, " "0, " "0, " "0, " "0, " "0, " "0, " "0, " "0, " "0, " "0, " "0, " "0, " "0, " "0, " "0, " "0, " "0, " "0, " "0, " "0, " "0, " "0, " "0, " "0, " "0, " "0, " "0, " "0, " "0, " "0, " "0, " "1, " "1, " "1, " "1, " "1, " "1, " "0, " "1, " "1, " "1, " "1, " "1, " "1, " "0, " "1, " "1, " "0, " "1, " "1, " "1, " "0, " "1, " "1, " "1, "5000
 "Nei250, 0.12, " "0.264, " "-0.251, " "1, " "1, " "1, " "1, " "1, " "1, " "0, " "1, " "1, " "1, " "0, " "0, " "0, " "0, " "0, " "0, " "0, " "0, " "0, " "0, " "0, " "0, " "0, " "0, " "0, " "0, " "0, " "0, " "0, " "0, " "0, " "0, " "0, " "0, " "0, " "0, " "0, " "0, " "0, " "0, " "0, " "0, " "0, " "0, " "0, " "0, " "0, " "0, " "0, " "1, " "0, " "0, " "0, " "0, " "0, " "0, " "0, " "0, " "0, " "0, " "0, " "0, " "0, " "0, " "0, " "1, " "0, " "0, " "0, " "0, " "0, " "0, " "0, " "0, " "0, " "0, " "0, " "1, " "0, " "0, " "0, " "0, " "0, " "0, " "0, " "0, " "0, " "0, " "0, " "0, " "0, " "0, " "0, " "0, " "0, " "0, " "0, " "0, " "0, " "0, " "0, " "0, " "0, " "0, " "0, " "0, " "0, " "0, " "0, " "0, " "0, " "0, " "0, " "0, " "0, " "0, " "0, " "0, " "0, " "0, " "0, " "0, " "0, " "0, " "0, " "0, " "1, " "0, " "0, " "0, " "0, " "0, " "0, " "0, " "0, " "0, " "0, " "0, " "0, " "0, " "0, " "0, " "0, " "0, " "0, " "0, " "0, " "0, " "0, " "0, " "0, " "0, " "0, " "0, " "0, " "0, " "0, " "0, " "0, " "0, " "0, " "0, " "0, " "0, " "0, " "0, " "0, " "0, " "0, " "0, " "0, " "0, " "0, " "0, " "0, " "0, " "0, " "0, " "0, " "0, " "0, " "0, " "0, " "0, " "0, " "0, " "0, " "0, " "0, " "0, " "0, " "0, " "0, " "0, " "0, " "0, " "0, " "0, " "0, " "0, " "0, " "0, " "0, " "0, " "0, " "0, " "0, " "0, " "0, " "0, " "0, " "0, " "0, " "0, " "0, " "0, " "0, " "0, " "0, " "0, " "0, " "0, " "0, " "0, " "0, " "0, " "0, " "0, " "0, " "0, " "0, " "0, " "0, " "0, " "1, " "0, " "1, " "1, " "1, " "1, " "1, " "1, " "1, " "1, " "1, " "1, " "1, " "1, " "1, " "1, " "0, " "1, " "1, " "1, " "1, " "1, " "1, "5000
 "Nei251, 0.109, " "-0.562, " "0.671, " "1, " "1, " "1, " "1, " "0, " "0, " "1, " "1, " "1, " "1, " "1, " "1, " "0, " "0, " "0, " "0, " "0, " "0, " "0, " "0, " "0, " "0, " "0, " "0, " "0, " "0, " "0, " "0, " "0, " "0, " "0, " "0, " "0, " "0, " "0, " "0, " "0, " "0, " "0, " "0, " "0, " "0, " "0, " "0, " "0, " "0, " "0, " "0, " "1, " "0, " "0, " "0, " "0, " "0, " "0, " "0, " "0, " "0, " "0, " "0, " "0, " "0, " "0, " "0, " "0, " "0, " "0, " "0, " "0, " "0, " "0, " "0, " "0, " "0, " "0, " "0, " "0, " "0, " "0, " "0, " "0, " "0, " "0, " "0, " "0, " "0, " "0, " "0, " "0, " "0, " "0, " "0, " "0, " "0, " "0, " "0, " "0, " "0, " "0, " "0, " "0, " "0, " "0, " "0, " "0, " "0, " "0, " "0, " "0, " "0, " "0, " "0, " "0, " "0, " "0, " "0, " "0, " "0, " "0, " "0, " "0, " "0, " "0, " "0, " "0, " "0, " "0, " "0, " "0, " "0, " "0, " "0, " "0, " "0, " "0, " "0, " "1, " "0, " "0, " "0, " "0, " "0, " "0, " "0, " "0, " "0, " "0, " "0, " "0, " "0, " "0, " "0, " "0, " "0, " "0, " "0, " "0, " "0, " "0, " "0, " "0, " "0, " "0, " "0, " "0, " "0, " "0, " "0, " "0, " "0, " "0, " "0, " "0, " "0, " "0, " "0, " "0, " "0, " "0, " "0, " "0, " "0, " "0, " "0, " "0, " "0, " "0, " "0, " "0, " "0, " "0, " "0, " "0, " "0, " "0, " "0, " "0, " "0, " "0, " "0, " "0, " "0, " "0, " "0, " "0, " "0, " "1, " "0, " "0, " "0, " "0, " "0, " "0, " "0, " "0, " "0, " "0, " "0, " "0, " "0, " "0, " "0, " "0, " "0, " "0, " "0, " "0, " "0, " "0, " "0, " "0, " "0, " "0, " "0, " "0, " "1, " "1, " "1, " "1, " "1, " "1, " "1, " "1, " "1, " "1, " "1, " "1, " "1, " "1, " "1, " "1, " "0, " "1, " "1, " "1, " "1, " "1, "5000
 "Nei252, 0.105, " "0.485, " "0.399, " "1, " "1, " "1, " "1, " "1, " "1, " "1, " "1, " "1, " "1, " "1, " "0, " "0, " "0, " "0, " "0, " "0, " "0, " "0, " "0, " "0, " "0, " "0, " "0, " "0, " "0, " "0, " "0, " "0, " "0, " "0, " "0, " "0, " "0, " "0, " "0, " "0, " "0, " "0, " "0, " "0, " "0, " "1, " "0, " "0, " "0, " "0, " "0, " "0, " "0, " "0, " "0, " "0, " "0, " "0, " "0, " "0, " "0, " "0, " "0, " "0, " "0, " "0, " "0, " "0, " "0, " "0, " "0, " "0, " "0, " "0, " "0, " "0, " "0, " "0, " "0, " "0, " "0, " "0, " "0, " "0, " "0, " "0, " "0, " "0, " "0, " "0, " "0, " "0, " "0, " "0, " "0, " "0, " "0, " "0, " "0, " "0, " "0, " "0, " "0, " "0, " "0, " "0, " "0, " "0, " "0, " "0, " "0, " "0, " "0, " "0, " "0, " "0, " "0, " "0, " "0, " "0, " "0, " "0, " "0, " "0, " "0, " "0, " "0, " "0, " "0, " "0, " "0, " "0, " "0, " "0, " "0, " "0, " "0, " "0, " "0, " "0, " "0, " "0, " "0, " "0, " "0, " "0, " "0, " "0, " "0, " "0, " "0, " "0, " "0, " "0, " "0, " "0, " "0, " "0, " "0, " "0, " "0, " "0, " "0, " "0, " "0, " "0, " "0, " "0, " "0, " "0, " "0, " "0, " "0, " "0, " "0, " "0, " "0, " "0, " "0, " "0, " "0, " "0, " "0, " "0, " "0, " "0, " "0, " "0, " "0, " "0, " "0, " "0, " "0, " "0, " "0, " "0, " "0, " "0, " "0, " "0, " "0, " "0, " "0, " "0, " "0, " "0, " "0, " "0, " "0, " "0, " "0, " "0, " "0, " "0, " "0, " "0, " "0, " "0, " "0, " "0, " "0, " "0, " "0, " "0, " "0, " "0, " "0, " "0, " "0, " "0, " "0, " "0, " "0, " "0, " "0, " "0, " "0, " "0, " "0, " "1, " "1, " "1, " "1, " "1, " "1, " "1, " "1, " "1, " "1, " "1, " "1, " "1, " "1, " "1, " "1, " "0, " "1, " "1, " "1, " "1, "5000
 "Nei253, 0.102, " "0.485, " "0.399, " "1, " "1, " "1, " "0, " "1, " "1, " "1, " "1, " "1, " "1, " "1, " "1, " "1, " "0, " "0, " "0, " "0, " "0, " "0, " "0, " "0, " "0, " "0, " "0, " "0, " "0, " "0, " "0, " "0, " "0, " "0, " "0, " "0, " "0, " "0, " "0, " "0, " "0, " "0, " "0, " "0, " "0, " "0, " "0, " "0, " "0, " "0, " "0, " "0, " "0, " "0, " "0, " "0, " "0, " "0, " "0, " "0, " "0, " "0, " "0, " "0, " "0, " "0, " "0, " "0, " "0, " "0, " "0, " "0, " "0, " "0, " "0, " "0, " "0, " "0, " "0, " "0, " "0, " "0, " "0, " "0, " "0, " "0, " "0, " "0, " "0, " "0, " "0, " "0, " "0, " "0, " "0, " "0, " "0, " "0, " "0, " "0, " "0, " "0, " "0, " "0, " "0, " "0, " "0, " "0, " "0, " "0, " "0, " "0, " "0, " "0, " "0, " "0, " "0, " "0, " "0, " "0, " "0, " "0, " "0, " "0, " "0, " "0, " "0, " "0, " "0, " "0, " "0, " "0, " "0, " "0, " "0, " "0, " "0, " "0, " "0, " "0, " "0, " "0, " "0, " "0, " "0, " "0, " "0, " "0, " "0, " "0, " "0, " "0, " "0, " "0, " "0, " "0, " "0, " "0, " "0, " "0, " "0, " "0, " "0, " "0, " "0, " "0, " "0, " "0, " "0, " "1, " "0, " "0, " "0, " "0, " "0, " "0, " "0, " "0, " "0, " "0, " "0, " "0, " "0, " "0, " "0, " "0, " "0, " "0, " "0, " "0, " "0, " "0, " "0, " "0, " "0, " "0, " "0, " "0, " "0, " "0, " "0, " "0, " "0, " "0, " "0, " "0, " "0, " "0, " "0, " "0, " "0, " "0, " "0, " "0, " "0, " "0, " "0, " "0, " "0, " "0, " "0, " "0, " "0, " "0, " "0, " "0, " "0, " "0, " "0, " "0, " "0, " "0, " "0, " "0, " "0, " "0, " "0, " "0, " "0, " "0, " "1, " "1, " "1, " "1, " "1, " "1, " "1, " "1, " "1, " "1, " "1, " "1, " "0, " "1, " "1, " "1, " "0, " "1, " "1, " "1, "5000
 "Nei254, 0.014, " "-0.562, " "0.671, " "1, " "1, " "1, " "1, " "1, " "1, " "0, " "1, " "1, " "1, " "1, " "1, " "1, " "1, " "0, " "0, " "0, " "0, " "0, " "0, " "0, " "0, " "0, " "0, " "0, " "0, " "0, " "0, " "0, " "0, " "0, " "0, " "0, " "0, " "0, " "0, " "0, " "0, " "0, " "0, " "0, " "0, " "0, " "0, " "0, " "0, " "0, " "0, " "0, " "0, " "0, " "0, " "0, " "0, " "0, " "0, " "0, " "0, " "0, " "0, " "0, " "0, " "0, " "0, " "0, " "0, " "0, " "0, " "0, " "0, " "0, " "0, " "0, " "0, " "0, " "0, " "1, " "0, " "0, " "0, " "0, " "1, " "0, " "0, " "0, " "0, " "0, " "0, " "0, " "0, " "0, " "0, " "0, " "0, " "0, " "0, " "0, " "0, " "0, " "0, " "0, " "0, " "0, " "0, " "0, " "0, " "0, " "0, " "0, " "0, " "0, " "0, " "0, " "0, " "0, " "0, " "0, " "0, " "0, " "0, " "1, " "0, " "0, " "0, " "0, " "0, " "0, " "0, " "0, " "0, " "0, " "0, " "0, " "0, " "0, " "0, " "0, " "0, " "0, " "0, " "0, " "0, " "0, " "0, " "0, " "0, " "0, " "0, " "0, " "0, " "0, " "0, " "0, " "1, " "0, " "0, " "0, " "0, " "0, " "0, " "0, " "0, " "0, " "0, " "0, " "0, " "0, " "0, " "0, " "0, " "0, " "0, " "0, " "0, " "0, " "0, " "0, " "0, " "0, " "0, " "0, " "0, " "0, " "0, " "0, " "0, " "0, " "0, " "0, " "0, " "0, " "0, " "0, " "0, " "0, " "0, " "0, " "0, " "0, " "0, " "0, " "0, " "0, " "0, " "0, " "0, " "0, " "0, " "0, " "0, " "0, " "0, " "0, " "0, " "0, " "0, " "0, " "0, " "0, " "0, " "0, " "0, " "0, " "0, " "0, " "0, " "0, " "0, " "0, " "0, " "0, " "0, " "0, " "0, " "0, " "0, " "0, " "0, " "1, " "1, " "1, " "1, " "1, " "1, " "1, " "1, " "0, " "1, " "1, " "1, " "1, " "1, " "1, " "1, " "0, " "0, " "1, "5000
 "Nei255, 0.053, " "-0.562, " "0.671, " "1, " "0, " "1, " "1, " "1, " "1, " "1, " "1, " "0, " "1, " "1, " "1, " "1, " "1, " "1, " "0, " "0, " "0, " "0, " "0, " "0, " "0, " "0, " "0, " "0, " "0, " "0, " "0, " "0, " "0, " "0, " "0, " "0, " "0, " "0, " "0, " "1, " "0, " "0, " "0, " "0, " "0, " "0, " "0, " "0, " "0, " "0, " "0, " "0, " "0, " "0, " "0, " "0, " "0, " "0, " "1, " "0, " "0, " "0, " "0, " "0, " "0, " "0, " "0, " "0, " "0, " "0, " "0, " "0, " "0, " "0, " "0, " "0, " "0, " "0, " "0, " "0, " "0, " "0, " "0, " "0, " "0, " "0, " "0, " "0, " "0, " "0, " "0, " "0, " "0, " "0, " "0, " "1, " "0, " "0, " "0, " "0, " "0, " "0, " "0, " "0, " "0, " "0, " "0, " "0, " "0, " "0, " "0, " "0, " "0, " "0, " "0, " "0, " "0, " "1, " "0, " "0, " "0, " "0, " "0, " "0, " "0, " "0, " "0, " "0, " "1, " "0, " "0, " "0, " "0, " "0, " "0, " "0, " "0, " "0, " "0, " "0, " "0, " "0, " "0, " "0, " "0, " "0, " "0, " "0, " "0, " "0, " "0, " "0, " "0, " "0, " "0, " "0, " "0, " "0, " "0, " "0, " "0, " "0, " "0, " "0, " "0, " "0, " "0, " "0, " "0, " "0, " "0, " "0, " "1, " "0, " "0, " "0, " "0, " "0, " "0, " "0, " "0, " "0, " "0, " "0, " "0, " "0, " "0, " "0, " "0, " "0, " "0, " "0, " "0, " "0, " "0, " "0, " "0, " "0, " "0, " "0, " "0, " "0, " "0, " "0, " "0, " "0, " "0, " "0, " "0, " "0, " "0, " "0, " "0, " "0, " "0, " "0, " "0, " "0, " "0, " "0, " "0, " "0, " "0, " "0, " "0, " "0, " "0, " "0, " "0, " "0, " "0, " "0, " "0, " "0, " "0, " "0, " "0, " "0, " "0, " "0, " "0, " "0, " "1, " "1, " "1, " "1, " "1, " "1, " "1, " "1, " "1, " "1, " "1, " "1, " "1, " "1, " "1, " "0, " "0, " "0, "5000
 "Nei256, 0.063, " "0.265, " "-0.25, " "1, " "1, " "1, " "1, " "1, " "1, " "1, " "1, " "1, " "1, " "1, " "1, " "1, " "1, " "1, " "1, " "0, " "0, " "0, " "0, " "0, " "0, " "0, " "0, " "0, " "0, " "0, " "0, " "0, " "0, " "0, " "0, " "0, " "0, " "0, " "0, " "0, " "0, " "0, " "0, " "0, " "0, " "0, " "0, " "0, " "0, " "0, " "0, " "0, " "0, " "0, " "0, " "0, " "0, " "0, " "0, " "0, " "0, " "0, " "0, " "0, " "0, " "0, " "0, " "0, " "0, " "0, " "0, " "0, " "0, " "0, " "0, " "0, " "0, " "0, " "0, " "0, " "0, " "0, " "0, " "0, " "0, " "0, " "0, " "0, " "0, " "0, " "0, " "0, " "0, " "0, " "0, " "0, " "0, " "0, " "0, " "0, " "0, " "0, " "0, " "0, " "0, " "0, " "0, " "0, " "0, " "0, " "0, " "0, " "0, " "0, " "0, " "0, " "0, " "0, " "0, " "0, " "0, " "0, " "0, " "0, " "0, " "0, " "0, " "0, " "0, " "0, " "0, " "0, " "0, " "0, " "0, " "0, " "0, " "0, " "0, " "0, " "0, " "0, " "0, " "0, " "0, " "0, " "0, " "0, " "0, " "0, " "0, " "0, " "0, " "0, " "0, " "0, " "0, " "0, " "0, " "0, " "0, " "0, " "0, " "0, " "0, " "0, " "0, " "0, " "0, " "0, " "0, " "0, " "0, " "0, " "0, " "0, " "0, " "0, " "0, " "0, " "0, " "0, " "0, " "0, " "0, " "0, " "0, " "0, " "0, " "0, " "0, " "0, " "0, " "0, " "0, " "0, " "0, " "0, " "0, " "0, " "0, " "0, " "0, " "0, " "0, " "0, " "0, " "0, " "0, " "0, " "0, " "0, " "0, " "0, " "0, " "0, " "0, " "0, " "0, " "0, " "0, " "0, " "0, " "0, " "0, " "0, " "0, " "0, " "0, " "0, " "0, " "0, " "0, " "0, " "0, " "0, " "0, " "0, " "0, " "0, " "0, " "0, " "0, " "1, " "1, " "1, " "1, " "1, " "1, " "1, " "1, " "1, " "1, " "1, " "1, " "1, " "1, " "1, " "0, " "0, "5000
